x_ref,y_ref,z_ref,x,y,z,eta,e1,e2,e3,u,v,w,p,q,r,sec,nanosec,angle2,angle3,control_mode,std_test,x2,y2,z2,real_x2,real_y2,real_z2,time
0.0,0.0,5.0,0.8399905348573131,-1.0861209755672347,4.946408946139455,-0.42506782812125393,0.00043804620351669925,-0.0005595461639438934,-0.9051612212859619,-0.18885518179463556,0.033182860681800916,-0.004840887748771332,0.00037763377918054175,0.0016971693298728496,-0.024100847986119334,26265,541000000,6.49,0,2,4,-0.3291700901689447,0.6755817761097408,4.962392506059843,-0.3291700901689447,0.6755817761097408,4.962392506059843,9.179115295410156e-05
-0.007994025752217304,0.06280566511082372,5.0,0.8696935867239574,-1.1378753998666478,4.945000581660785,-0.42838055547958764,0.0006186235501566286,-0.0006130719059954793,-0.903597997526965,-0.15654150377538176,0.027122541773154603,-0.004025229593183195,-0.0013335168546291243,-0.00032475499267548,-0.01888418319140328,26265,914000000,5.94,0,2,4,-0.389594492778075,0.7531689568938795,4.96062184819198,-0.389594492778075,0.7531689568938795,4.96062184819198,0.35250377655029297
-0.01697820740838507,0.1255483960083878,5.0,0.8875669701316905,-1.1714357646087101,4.944099698226097,-0.43068873808924446,0.0005006069922504986,-0.0003366081712015508,-0.9025003307316138,-0.06669541917348806,0.01646425871446896,-0.0016789559941237746,-0.0010353318316447258,-0.0017770617887435947,-0.01214805752169923,26266,231000000,5.47,0,2,4,-0.43613913915256863,0.8116561854030591,4.959190423640532,-0.43613913915256863,0.8116561854030591,4.959190423640532,0.7234652042388916
-0.026955524430023026,0.18821223430714068,5.0,0.8903155753141547,-1.1810444472057242,4.943901719860079,-0.4322224904271791,0.0003087654720758653,-8.551305635984495e-05,-0.9017669411329777,0.004983393985193433,0.008349308492439002,0.0002453215528370654,-0.0007878786959736317,-0.0017017936897900654,-0.00930748765313183,26266,558000000,5.12,0,2,4,-0.47075165881589465,0.852199859818915,4.958177568074913,-0.47075165881589465,0.852199859818915,4.958177568074913,1.0810272693634033
-0.026955524430023026,0.18821223430714068,5.0,0.8818721098224315,-1.1730034846996917,4.9442198635045544,-0.43346909742526235,0.00013565267968013343,0.00012967709010115847,-0.9011684117630461,0.06395962558755182,0.0018302028779697617,0.0015382407428049132,-0.0007563697351997689,-0.0014823141896158631,-0.008291025369544514,26266,877000000,4.88,0,2,4,-0.49028103029758263,0.8719136468094567,4.957717772734581,-0.49028103029758263,0.8719136468094567,4.957717772734581,1.4528191089630127
-0.03792871608951609,0.2507810623072051,5.0,0.8642948293403498,-1.1505041600635493,4.944842656428908,-0.43466882461766465,-1.6508469349177808e-05,0.000317733247537388,-0.9005903128940216,0.11048318174726549,-0.0030378209579826187,0.0022809433852319645,-0.0005485060228238581,-0.0013551913866649556,-0.00869897894517635,26267,211000000,4.67,0,2,4,-0.49965611132116217,0.8779423011680098,4.957675567618044,-0.49965611132116217,0.8779423011680098,4.957675567618044,1.8121047019958496
-0.04990027644803874,0.3132386055305398,5.0,0.8382273026136832,-1.1148629001911954,4.945743333754465,-0.43609106250539076,-0.00017617324262996612,0.000481830100362891,-0.8999023958217148,0.14571095978824097,-0.006725780317459279,0.002741581205516465,-0.00037803710881689767,-0.0011986689742116141,-0.010218304760201136,26267,531000000,4.48,0,2,4,-0.5010156579968871,0.8738342943469916,4.9579582149158155,-0.5010156579968871,0.8738342943469916,4.9579582149158155,2.1921679973602295
-0.06287244931678915,0.37556843537659224,5.0,0.807025862729118,-1.070626845463635,4.946745404459127,-0.43777329774021334,-0.0003181906951774345,0.0006106278640501025,-0.8990851270452378,0.169848059479563,-0.009772756726191973,0.0027457299023670263,-0.0002540145885632228,-0.0010262217983836308,-0.011910556986549636,26267,868000000,4.28,0,2,4,-0.4956704443194312,0.8616307181978944,4.9584931733298765,-0.4956704443194312,0.8616307181978944,4.9584931733298765,2.56768536567688
-0.06287244931678915,0.37556843537659224,5.0,0.7747029273536354,-1.0234534396807482,4.9476629946091,-0.4395726461196662,-0.0004322317989083814,0.0007167531931499926,-0.8982066511799424,0.18534048766489755,-0.012181747286195671,0.0024914205803875057,-0.00034517668154876446,-0.0008680158089191536,-0.013095102531224256,26268,199000000,4.07,0,2,4,-0.48523005063796826,0.844002616835209,4.959165000006311,-0.48523005063796826,0.844002616835209,4.959165000006311,2.936861753463745
-0.07684722320348403,0.4377539718994975,5.0,0.738468915054027,-0.9692690047297269,4.9485583888003335,-0.4416412932412989,-0.0005257387135881578,0.000819218947312942,-0.8971911839643065,0.19549618656382323,-0.013918355147191804,0.0021821527802424767,-0.00023958679946645134,-0.0006638218735588453,-0.014053742506803246,26268,524000000,3.84,0,2,4,-0.47219940546557343,0.8243424793872516,4.959859962188541,-0.47219940546557343,0.8243424793872516,4.959859962188541,3.3228561878204346
-0.09182632624610987,0.49977848670888325,5.0,0.6991398129793037,-0.9092916425550311,4.949419289218782,-0.44395552896807544,-0.0006075195509188975,0.0008865704069373412,-0.8960481757202483,0.20116694851189826,-0.015123079201819014,0.0018371048707839243,9.720599436491284e-07,-0.0005387402836731781,-0.014504788850899786,26268,858000000,3.59,0,2,4,-0.45632467907293894,0.802203626448535,4.960632075863811,-0.45632467907293894,0.802203626448535,4.960632075863811,3.747222661972046
-0.10781122113602892,0.5616251059963305,5.0,0.6526389199822892,-0.8365544082553014,4.950305283058405,-0.4467254661677915,-0.0006672947140587308,0.0009634916335747378,-0.8946703215591796,0.17882097411730968,-0.015310824294544261,0.0014184045469787876,-0.0003222311278250345,-0.00023316989370414376,-0.013078820302325767,26269,229000000,3.32,0,2,4,-0.43844282470533785,0.7789874163059498,4.961435991472223,-0.43844282470533785,0.7789874163059498,4.961435991472223,4.24300217628479
-0.10781122113602892,0.5616251059963305,5.0,0.624745054285083,-0.7908683611372908,4.950838475619437,-0.4485558677661472,-0.0006264549761035928,0.0009510376527107138,-0.8937540694028221,0.11732396506960525,-0.013646641513223035,0.0008897399357089707,0.00041819890554961603,0.0015261459907378594,-0.009709181722428184,26269,675000000,3.02,0,2,4,-0.4163380478291344,0.7527899516400601,4.962444032120192,-0.4163380478291344,0.7527899516400601,4.962444032120192,4.614210605621338
-0.12480310003259198,0.6232768136895412,5.0,0.614432273420979,-0.7704134344619251,4.951028421840965,-0.4496968361669031,-0.0003455082460803952,0.000750266545941873,-0.8931808737683757,0.028299935836614554,-0.0111850154246721,-7.709430253607338e-06,0.0002733238915197944,0.002480860848663724,-0.0065483737216709414,26270,3000000,2.83,0,2,4,-0.39966421809898156,0.7345297176998615,4.963223705302362,-0.39966421809898156,0.7345297176998615,4.963223705302362,4.990686655044556
-0.14280287947149173,0.6847164547362532,5.0,0.6190769861604846,-0.7711092288823088,4.950862199985554,-0.4505064312807322,-1.4379529816328253e-05,0.0005542312426694055,-0.8927730103423027,-0.04311924462487997,-0.009945440314253057,-0.0010245577623180404,7.519273959033512e-06,0.0022290669448921108,-0.004826251779377344,26270,333000000,2.72,0,2,4,-0.39610431769741544,0.7361343678723352,4.963575856729844,-0.39610431769741544,0.7361343678723352,4.963575856729844,5.35358190536499
-0.16181119526917875,0.7459267385199392,5.0,0.6352367807528951,-0.7877309677409625,4.95036877437801,-0.4511023471309723,0.00027637337353427264,0.0004181508287195026,-0.8924720842584211,-0.09642818411012646,-0.009887259002488918,-0.002035338869913879,-0.00018460527542174532,0.0018794194488691573,-0.003360104483363102,26270,654000000,2.64,0,2,4,-0.412077882045635,0.7674119581053538,4.963212171801488,-0.412077882045635,0.7674119581053538,4.963212171801488,5.709096193313599
-0.18182839742572066,0.8068902424093126,5.0,0.6657523924590788,-0.8226928842188604,4.949382137035657,-0.4515265902440574,0.0005821480661776862,0.00029833875144754356,-0.892257423841457,-0.14285504965511478,-0.010497770080318714,-0.0033174483720021337,-0.00014696209973408259,0.0015986445077942335,-0.001559131339945452,26270,968000000,2.57,0,2,4,-0.44410243421454976,0.8231756199640926,4.962121723943298,-0.44410243421454976,0.8231756199640926,4.962121723943298,6.136351108551025
-0.18182839742572066,0.8068902424093126,5.0,0.7015158737627605,-0.8645891087049294,4.948120546057812,-0.45176118439474133,0.0008284783885344331,0.0002138928008725041,-0.8921384982992775,-0.14515786177898,-0.012513088672755501,-0.0034454206331367187,-0.0002734655140557152,0.0012716221363007207,-0.0021028543187640025,26271,348000000,2.51,0,2,4,-0.49687967058552357,0.9121148323814237,4.959998610894842,-0.49687967058552357,0.9121148323814237,4.959998610894842,6.54679536819458
-0.20285454502857725,0.867589415443657,5.0,0.7314515108110599,-0.8966625618902704,4.947160106386906,-0.4522130726887854,0.0009393739191236962,0.00021677100256194115,-0.8919094166317225,-0.07907909726563422,-0.016481867773960324,-0.002191065093781,-0.00034960174275511235,-0.0010317121791558748,-0.003915479419447365,26271,716000000,2.46,0,2,4,-0.5517906556796975,1.0043167803802961,4.957563239232019,-0.5517906556796975,1.0043167803802961,4.957563239232019,6.938861846923828
-0.22488940115985745,0.9280065821559788,5.0,0.7430190230556393,-0.9010637498865711,4.946647123093503,-0.4529856191015249,0.0007033156352488545,0.0004235968632172293,-0.8915174450340402,0.01687540990258555,-0.020787584863438516,-0.0008833377312462394,-0.000560545771577381,-0.001931135716404242,-0.005742013945564395,26272,63000000,2.37,0,2,4,-0.5958723581795534,1.0805868919447268,4.9557395410565945,-0.5958723581795534,1.0805868919447268,4.9557395410565945,7.339425325393677
-0.24793242780967706,0.9881239465359675,5.0,0.7372242172005806,-0.87927335156628,4.9465037098705595,-0.45409414007267423,0.00043300100678550903,0.0006223882897876469,-0.8909533866003335,0.095470626636986,-0.02412793987209468,-9.18771495520839e-05,-3.8183761930099536e-05,-0.0018105044773619738,-0.008696591612533666,26272,418000000,2.24,0,2,4,-0.6246825720728013,1.1342272700211236,4.954658639483526,-0.6246825720728013,1.1342272700211236,4.954658639483526,7.752533197402954
-0.2719827807983455,1.0479235961347382,5.0,0.7189832243292822,-0.8394271522998314,4.946555030483865,-0.4556175571389924,0.00018273969060759874,0.0007670367101319489,-0.8901752748125435,0.1526570143857885,-0.02605246808979943,0.00021581098881688952,-0.00016871537127371994,-0.0017209114730576403,-0.011686873040162027,26272,783000000,2.07,0,2,4,-0.6408558934082385,1.1694636292687637,4.954291174838023,-0.6408558934082385,1.1694636292687637,4.954291174838023,8.14026689529419
-0.2719827807983455,1.0479235961347382,5.0,0.691644556737567,-0.7858079708367085,4.946693559501438,-0.4575822529217487,-5.429595122409303e-05,0.0009143671988779093,-0.8891668250646961,0.19312658807018845,-0.02707871884942754,0.00018453729188179214,-9.547127817199907e-05,-0.001644328165184561,-0.014550147807312896,26273,125000000,1.85,0,2,4,-0.6473329801886001,1.1902721525950477,4.954506744481967,-0.6473329801886001,1.1902721525950477,4.954506744481967,8.528079509735107
-0.2970393047101876,1.1073875063133007,5.0,0.6561984654006745,-0.7189330269177715,4.946822069841005,-0.4600741104191158,-0.0002905323062256648,0.001052346323201686,-0.8878798460829338,0.22012552017293005,-0.027070252965480147,-5.031664369937913e-05,-4.9034763449640195e-05,-0.0014354120480675192,-0.0163837861691718,26273,474000000,1.58,0,2,4,-0.6474635993983964,1.2023396558778496,4.955106393413181,-0.6474635993983964,1.2023396558778496,4.955106393413181,8.911246299743652
-0.3231005278418917,1.1664975446366894,5.0,0.6189898935548684,-0.6501250563076516,4.946914810072999,-0.46261281959445355,-0.00048417806095850624,0.0011490351870144977,-0.8865595436498407,0.23502286796929575,-0.02615300690963393,-0.00030272617752786715,0.00014442047273632852,-0.001162356647910201,-0.017301820298598614,26273,819000000,1.25,0,2,4,-0.6424464334166724,1.2081485951848983,4.956024282687268,-0.6424464334166724,1.2081485951848983,4.956024282687268,9.293866157531738
-0.35016465716835876,1.2252354754156587,5.0,0.5820192290376871,-0.5823733565669194,4.946940604672056,-0.465090720773781,-0.0006323670806569729,0.001218427933328634,-0.8852619595325281,0.24343401848284868,-0.025184931878463934,-0.000642199386842648,-6.280011923820439e-05,-0.0009455229417199007,-0.01746638536133105,26274,163000000,0.92,0,2,4,-0.6344597950976634,1.209455485766362,4.957100763893202,-0.6344597950976634,1.209455485766362,4.957100763893202,9.673594951629639
-0.35016465716835876,1.2252354754156587,5.0,0.5368405013451898,-0.4997658242836103,4.946852548414177,-0.4679941155927913,-0.0007613156447936116,0.0013025941835560799,-0.8837302933686288,0.24881514164252425,-0.024046772043596933,-0.0010593017814004295,-4.837924620915146e-05,-0.0006975214546400821,-0.016928332843235694,26274,492000000,0.61,0,2,4,-0.6252278977465556,1.2086567487383073,4.958262240716182,-0.6252278977465556,1.2086567487383073,4.958262240716182,10.09653115272522
-0.37822957332913054,1.2835829643978252,5.0,0.4760509916869456,-0.3869260336229222,4.946592206444522,-0.47155743046496346,-0.0008638413833309079,0.001319005472848911,-0.8818339434246723,0.2095720049260676,-0.02280152562962845,-0.001092385310769771,0.00021761856459079354,-3.714347407424157e-05,-0.01236871548826457,26274,868000000,0.3,0,2,4,-0.6133223682905815,1.2067745967395354,4.959767732106677,-0.6133223682905815,1.2067745967395354,4.959767732106677,10.688514709472656
-0.40729282563855174,1.3415215836101098,5.0,0.4432565050583073,-0.3203218914142397,4.946366990225363,-0.47338932254107247,-0.0007304435471963092,0.0012345684420958967,-0.8808521394633099,0.12448566899061811,-0.02289326548438557,-0.0010437498782978022,-6.857608028099094e-05,0.0019915162738470826,-0.006062143529561581,26275,398000000,0.39,0,2,4,-0.596188435402586,1.2043333281675217,4.961934320152712,-0.596188435402586,1.2043333281675217,4.961934320152712,11.170036792755127
-0.43735162712291586,1.399032816354308,5.0,0.43437578496695095,-0.29083134375078296,4.946020223957064,-0.47405705344833937,-0.0003362812204455773,0.001040246413414944,-0.8804934496509434,0.0350021124608653,-0.023742986343536037,-0.001282627494015794,-8.733400207461273e-05,0.002644261940076831,-0.0018663504420146637,26275,825000000,0.62,0,2,4,-0.5836352169306043,1.2038697591017995,4.963588414163143,-0.5836352169306043,1.2038697591017995,4.963588414163143,11.599787473678589
-0.46840284958794687,1.456098062357568,5.0,0.4425205669816576,-0.2864669304240969,4.945454651575995,-0.47410513311158187,9.2662959285906e-05,0.0008453019821519636,-0.8804678299832333,-0.03359708182510796,-0.024609205470355628,-0.001802250763526916,-0.0002545427832956193,0.002225019466095546,0.0015734117482679721,26276,205000000,0.75,0,2,4,-0.5776387701031269,1.2116012670280545,4.964845666884483,-0.5776387701031269,1.2116012670280545,4.964845666884483,12.026369333267212
-0.5004430187200422,1.5126986430795495,5.0,0.4603791376856871,-0.29815386387808696,4.94474660788479,-0.47367615703315125,0.00040671702436892795,0.0007330238104273344,-0.8806986973509502,-0.07832297429937306,-0.025174360986703986,-0.002515046267752872,-0.0003801122574031979,0.0017173504261336348,0.004641833129426232,26276,589000000,0.79,0,2,4,-0.5978128118228998,1.258728464840008,4.964763138954868,-0.5978128118228998,1.258728464840008,4.964763138954868,12.405333280563354
-0.5334683092248316,1.568815807177966,5.0,0.4856799181575152,-0.320764381689585,4.943752859159454,-0.47276967691298144,0.0006653247544962555,0.0006724588861868146,-0.8811855296891866,-0.11227050317595462,-0.02527892424276292,-0.003462844905670069,-0.00047044173641097586,0.0013633089110953733,0.007637839189555962,26276,925000000,0.73,0,2,4,-0.6355583123527175,1.3307319624209752,4.963649471572767,-0.6355583123527175,1.3307319624209752,4.963649471572767,12.777838468551636
-0.5674745400066574,1.6244307361341979,5.0,0.5166335049040733,-0.3510473222230205,4.942479485125615,-0.4716082055009884,0.0008831031757803489,0.0006221530184768672,-0.8818075377079397,-0.10363752806022493,-0.0244039444175976,-0.003313557180853594,-0.00014862261394910092,0.0010524622439334053,0.004766171878145542,26277,262000000,0.62,0,2,4,-0.6862571190689003,1.422604627464644,4.961721205346471,-0.6862571190689003,1.422604627464644,4.961721205346471,13.198827743530273
-0.5674745400066574,1.6244307361341979,5.0,0.538514555198636,-0.3683615285176221,4.941568919711939,-0.47124826610262455,0.0009539602197434393,0.0006055267895938636,-0.8819998837825751,-0.028514389915505346,-0.023147583426118598,-0.001979911363523161,-5.747025362268232e-05,-0.0010226554422843037,-0.0012594694339895796,26277,636000000,0.51,0,2,4,-0.7452430036519192,1.5287022715656702,4.95945471906511,-0.7452430036519192,1.5287022715656702,4.95945471906511,13.584486961364746
-0.6024571693927263,1.6795245500406104,5.0,0.5401376271287173,-0.3554164405020708,4.9410826423838925,-0.47183642892850464,0.0006727273297526383,0.0007437863869424232,-0.8816855326905089,0.07449936909233337,-0.021852926346397832,-0.0007837626414134373,0.0001598374083755516,-0.0018948250499306596,-0.00500935625495913,26277,980000000,0.47,0,2,4,-0.7891738714251316,1.6098555199633098,4.957846584642539,-0.7891738714251316,1.6098555199633098,4.957846584642539,14.01979112625122
-0.6384112904057448,1.7340783135511595,5.0,0.5248919790932792,-0.3194123856774901,4.9409557403714635,-0.47272386030077485,0.00038590633796680546,0.0008689717626738261,-0.8812101042695251,0.1467222605321909,-0.020776985997434598,-6.825103429690548e-05,0.0001385690239885662,-0.0019030725297852769,-0.007062884060360375,26278,358000000,0.43,0,2,4,-0.8231028908369468,1.6768559614805751,4.956780515687603,-0.8231028908369468,1.6768559614805751,4.956780515687603,14.408920764923096
-0.6753316260889739,1.7880730419968338,5.0,0.4975853784394554,-0.26574321594822803,4.941052178254494,-0.4738908309947323,9.673325899899358e-05,0.0009867314129445935,-0.8805830439560582,0.19961531364838242,-0.01944473090612172,0.00022333217430189277,0.00028573489885275194,-0.0018490399156689818,-0.008338009956787573,26278,704000000,0.44,0,2,4,-0.8427609748650519,1.7199565052799823,4.956419844674768,-0.8427609748650519,1.7199565052799823,4.956419844674768,14.800153255462646
-0.7132125248877181,1.8414897076674175,5.0,0.4619712167401549,-0.2000589459890805,4.941207366395174,-0.4751923416418206,-0.000183548643062657,0.0010908460876312646,-0.879881250402389,0.2343340645902508,-0.01789585767748782,0.00015539433569278677,0.00021657958910736852,-0.001724156857108028,-0.009132022205449175,26279,55000000,0.53,0,2,4,-0.8550313456004675,1.7513466041120165,4.9564668098777345,-0.8550313456004675,1.7513466041120165,4.9564668098777345,15.188557386398315
-0.7132125248877181,1.8414897076674175,5.0,0.4184280828273268,-0.12221894381190379,4.941395060875273,-0.4766773254287696,-0.0004494197043577118,0.0011981213114724363,-0.8790774083943501,0.257214216030503,-0.01604369190742715,-7.764472291630848e-05,0.00015945147140428162,-0.0014799973655499343,-0.00949705327002448,26279,395000000,0.66,0,2,4,-0.8617500999860052,1.7739207750212167,4.956862776629927,-0.8617500999860052,1.7739207750212167,4.956862776629927,15.58677864074707
-0.7520479560913946,1.8943092462609985,5.0,0.3738232975506338,-0.044013309040175655,4.941500891428514,-0.47806642801530314,-0.0006617501862124656,0.0012761105011068108,-0.8783225057081077,0.2692293300497529,-0.014239035385337268,-0.0005126197492384889,0.00027947704381858784,-0.0011941849720642495,-0.008717186665307963,26279,744000000,0.84,0,2,4,-0.8646465076127482,1.7909606889065968,4.957561378703036,-0.8646465076127482,1.7909606889065968,4.957561378703036,15.981030225753784
-0.7918315053403964,1.9465125635026175,5.0,0.310890953992789,0.06494518743165262,4.941449281994669,-0.47966247572072485,-0.0008794168784044215,0.0013636272541821869,-0.8774515807337351,0.2757835337873595,-0.012231411657956793,-0.0012007076731332719,1.2442305674653653e-05,-0.0008807693916423887,-0.007008533384578186,26280,95000000,1.01,0,2,4,-0.864884181108493,1.802816168762646,4.958410096470105,-0.864884181108493,1.802816168762646,4.958410096470105,16.49139165878296
-0.8325563702020884,1.99808054193334,5.0,0.25006713229743194,0.16948823581945163,4.94116292132824,-0.4809027490991358,-0.0010271528709393934,0.001400681928063099,-0.8767722218204734,0.2695555844715321,-0.01087337051850307,-0.001745564488177111,0.0003056189797234765,-0.00044408762107650546,-0.005761373449786333,26280,544000000,1.23,0,2,4,-0.8632118935788615,1.8150537479348465,4.959714162510013,-0.8632118935788615,1.8150537479348465,4.959714162510013,16.994821548461914
-0.8742153558203847,2.048994047871031,5.0,0.18978881435790723,0.27439482728628006,4.940673739684049,-0.48182552358064445,-0.0009731579220230694,0.001307985122843961,-0.8762656600397022,0.19072579919122132,-0.011413512351831367,-0.0014782333694772188,0.00015610201984372907,0.0014343918678605405,-0.002012259506045666,26280,995000000,1.41,0,2,4,-0.8605435113479206,1.824228151798622,4.961067051630651,-0.8605435113479206,1.824228151798622,4.961067051630651,17.562578439712524
-0.916800870643431,2.099233938543985,5.0,0.1625995340703704,0.3263063452021019,4.940329637660171,-0.4820224598076475,-0.0006341039445907597,0.0011307518864491681,-0.8761579010391582,0.09860300031852302,-0.012776963419043965,-0.001191286645143501,-0.00023338770773762008,0.002755855189207068,-0.00014217648214298606,26281,492000000,1.58,0,2,4,-0.8578296227830265,1.8341488244446638,4.9626462040431365,-0.8578296227830265,1.8341488244446638,4.9626462040431365,18.021031141281128
-0.9603049222340583,2.148781069398533,5.0,0.15533167085317923,0.3467133487664169,4.939939643014283,-0.48193126599498215,-0.00017899377217376732,0.0009360893580655021,-0.8762085063239324,0.024674486317134543,-0.013578226017453784,-0.0012805354245958838,-0.00034761685014927934,0.0025413093680981547,0.0016046833025029628,26281,896000000,1.65,0,2,4,-0.8593035683193715,1.8470775161899202,4.963899674929512,-0.8593035683193715,1.8470775161899202,4.963899674929512,18.41372299194336
-1.00471911316775,2.1976163015816503,5.0,0.15929243778834043,0.3486227924542751,4.939495255333022,-0.48160345851650943,0.00015635886821570863,0.0008070095785793777,-0.8763888594866898,-0.024054081322604177,-0.013516536150112238,-0.0016138385608535691,-0.0002677699200148709,0.0019283792653368437,0.003209401461390371,26282,244000000,1.69,0,2,4,-0.8759282785576126,1.8801987275226635,4.964581378594641,-0.8759282785576126,1.8801987275226635,4.964581378594641,18.772624492645264
-1.0500346370229905,2.245720509599518,5.0,0.16956093064124106,0.33988844879524927,4.938935356014039,-0.48109360437442705,0.0003946669931974469,0.0007165898637767733,-0.8766688511444635,-0.05959499882021008,-0.012943430314754447,-0.0021893386467564495,-0.00021165943735468318,0.0015394912111332815,0.004681767040892737,26282,560000000,1.66,0,2,4,-0.9093008651071318,1.9377245719431195,4.964391006440487,-0.9093008651071318,1.9377245719431195,4.964391006440487,19.126538038253784
-1.0500346370229905,2.245720509599518,5.0,0.1896340984822952,0.31719655175347816,4.937943833237733,-0.4801904429118624,0.0006451675353800337,0.000635072550914206,-0.8771637925597566,-0.09565945539564208,-0.011708428776217812,-0.00310942714297662,-0.00032183694145260233,0.0012232724770910863,0.00604665583523456,26282,874000000,1.58,0,2,4,-0.9537490000385072,2.01118134251488,4.963423485353576,-0.9537490000385072,2.01118134251488,4.963423485353576,19.54123616218567
-1.096242274468954,2.293074589152906,5.0,0.21001963889407924,0.2921609734588185,4.9368492367107,-0.47937941017993246,0.0007440145097972822,0.0006069715740342028,-0.8776072351134403,-0.05905805861679718,-0.009143970302238657,-0.0030026626037416354,0.00012662922301842627,-0.0008499779767134896,0.003140144167446124,26283,243000000,1.43,0,2,4,-1.0185262369551586,2.116507782569525,4.961652150236809,-1.0185262369551586,2.116507782569525,4.961652150236809,19.937558889389038
-1.143332389455625,2.3396594651501514,5.0,0.21285651642329656,0.2925667558364177,4.936004918514782,-0.4791404617588988,0.0004817826077722195,0.0006953119012226316,-0.8777378323465088,0.04812723162282224,-0.00550475266515147,-0.0017170723043786681,0.00044847050446605863,-0.001694036564003909,0.0005352211474018986,26283,587000000,1.3,0,2,4,-1.0739125633763442,2.2062852461379037,4.960143490040759,-1.0739125633763442,2.2062852461379037,4.960143490040759,20.333036422729492
-1.1912949255115115,2.385456099898427,5.0,0.19696379742889336,0.3197955887899751,4.935628653618608,-0.4791049639905877,0.00021109388788972196,0.000768349664675411,-0.8777572549160391,0.13189972464590513,-0.0025939481827185378,-0.0006155661956311223,0.00033016289364695695,-0.0015898867445685028,0.0001980123187195204,26283,943000000,1.22,0,2,4,-1.119603933162104,2.281011552905101,4.9589744803140565,-1.119603933162104,2.281011552905101,4.9589744803140565,20.719103813171387
-1.2401194021542623,2.4304455014738875,5.0,0.1667404042004845,0.36759500947527746,4.935597147036381,-0.47903745313474694,-5.6990399126167536e-05,0.0008333974410929636,-0.8777940650830207,0.19470377334951022,-0.00010933494196375363,6.144464311323042e-05,0.0005719682349081268,-0.0017332516335955006,0.0010696484196159872,26284,282000000,1.18,0,2,4,-1.1515025106350734,2.3336770595100855,4.958301217029509,-1.1515025106350734,2.3336770595100855,4.958301217029509,21.113847494125366
-1.2401194021542623,2.4304455014738875,5.0,0.1263105241232103,0.42981074003108294,4.935752875519706,-0.4788035353083899,-0.00034684792327968633,0.0008979896200117577,-0.8779215499618105,0.23698264519324744,0.001907278768528662,0.00022353482332065493,0.00040515487569336983,-0.001592016974427679,0.002086235053866403,26284,627000000,1.14,0,2,4,-1.1751020920146746,2.372766426482909,4.958027238437199,-1.1751020920146746,2.372766426482909,4.958027238437199,21.503997802734375
-1.2897949114195773,2.4746087322711814,5.0,0.07621938300256952,0.5056562174047611,4.935976979893708,-0.4783905281708463,-0.0006068540937710381,0.0009703110636197595,-0.8781464529228411,0.26389193767402386,0.0034906557330656534,0.0001535040758964112,0.0002756433303829908,-0.0014331081388263556,0.0033868508580781054,26284,973000000,1.09,0,2,4,-1.1925922014332264,2.401642780902616,4.958135223367945,-1.1925922014332264,2.401642780902616,4.958135223367945,21.895102977752686
-1.3403101145139145,2.5179269177327237,5.0,0.024890733377945878,0.5825258342325788,4.936203143055372,-0.47781513213908644,-0.0008279185733586316,0.0010317087480345706,-0.8784594183152699,0.2777264817194197,0.004670798893819557,-0.00015035027699184623,0.0003599401395604218,-0.0011983121794401086,0.004233990603097482,26285,320000000,1.03,0,2,4,-1.2061990277504826,2.4238376817871656,4.958633473249471,-1.2061990277504826,2.4238376817871656,4.958633473249471,22.294116973876953
-1.3916532385966196,2.560381255257994,5.0,-0.03198455462601875,0.6667399340486408,4.936304237282816,-0.4770849769494192,-0.001029121924619617,0.0010632031114652,-0.8788559240719609,0.2853145206156228,0.0058331583572390835,-0.0007750452021256855,0.0004138361447303396,-0.0009647998354012088,0.00518904130331066,26285,665000000,0.95,0,2,4,-1.2159005629482995,2.439301798106766,4.959384333476861,-1.2159005629482995,2.439301798106766,4.959384333476861,22.70614266395569
-1.3916532385966196,2.560381255257994,5.0,-0.10286731294205657,0.7704097499099477,4.936196199121507,-0.4759985095605208,-0.0012091802101556475,0.001097390295772218,-0.8794445704613343,0.28132020443076267,0.006897265633734116,-0.0013148538423657045,0.00010997980766092041,-0.0006008697937431862,0.005950014610789367,26286,30000000,0.87,0,2,4,-1.2242940240104851,2.4518585418344996,4.960352628718064,-1.2242940240104851,2.4518585418344996,4.960352628718064,23.190399169921875
-1.4438120736971953,2.601953023293036,5.0,-0.18167785913234105,0.8836230527298875,4.935939816572221,-0.474681417955811,-0.0011952908216738933,0.0010906285368778618,-0.880156198215241,0.212533021233962,0.007182894521636049,-0.0010526693955167099,-6.601190136734658e-05,0.0007607135216858296,0.004848722983297193,26286,464000000,0.79,0,2,4,-1.2336330959797808,2.4640810787669123,4.961652569066112,-1.2336330959797808,2.4640810787669123,4.961652569066112,23.78105115890503
-1.496773969773539,2.6426235906001962,5.0,-0.22240005495639467,0.9401398801702012,4.935790506165811,-0.4739190369013108,-0.0009280085966117801,0.0009760009225092032,-0.8805673924719093,0.1260141978489909,0.007555305578956182,-0.0007733660909745756,-0.00019233536363572057,0.0026692690425988985,0.003543113689374877,26286,997000000,0.76,0,2,4,-1.2451650106481331,2.4767067864967784,4.9633383165455385,-1.2451650106481331,2.4767067864967784,4.9633383165455385,24.240336656570435
-1.550525833917094,2.682374425708024,5.0,-0.2414076949612453,0.9637127487970741,4.935580874644925,-0.4734418651450889,-0.00047171296148773665,0.0007618401201550141,-0.8808246121756889,0.046928216289735925,0.008572356181027007,-0.0008449873854758976,-0.00012385661705138773,0.002770895252979244,0.002348101338611741,26287,406000000,0.8,0,2,4,-1.2544061927993273,2.4857159485305753,4.9644984807750845,-1.2544061927993273,2.4857159485305753,4.9644984807750845,24.643553018569946
-1.6050541277109547,2.7211871065411257,5.0,-0.24719887853162456,0.9663564204903854,4.935208529940054,-0.4731363273964711,-7.591615751391276e-05,0.0005691760628148029,-0.8809890385090644,-0.012118597844868526,0.010286785163771114,-0.0013269667836760253,-7.787164051364925e-05,0.0020917279698551283,0.0015612031688760908,26287,763000000,0.87,0,2,4,-1.268448201925946,2.501104057447716,4.965352069235678,-1.268448201925946,2.501104057447716,4.965352069235678,25.04922080039978
-1.6603448647470773,2.7590433302296336,5.0,-0.24432340955980733,0.9555487537149304,4.934676386309943,-0.47297983107753805,0.00017923848748010914,0.0004432891609080231,-0.8810731245260791,-0.05130126451877256,0.012093279635551225,-0.002004666782321006,-4.357768901286363e-05,0.0015059006045703427,0.00018066996290144743,26288,119000000,0.91,0,2,4,-1.3023624854070965,2.545061613715097,4.965539492237312,-1.3023624854070965,2.545061613715097,4.965539492237312,25.42983627319336
-1.7163836083088557,2.795924923097814,5.0,-0.2344460778776373,0.9320672384857824,4.9337811569878625,-0.47310972079697766,0.00038504631362258884,0.0003381848097343896,-0.8810033651795983,-0.08564739985969282,0.01426225917078136,-0.003002167131662196,-9.67675415353142e-06,0.0011626782338680641,-0.002075763109132822,26288,452000000,0.89,0,2,4,-1.3505549991496992,2.6102382312841628,4.964788805401434,-1.3505549991496992,2.6102382312841628,4.964788805401434,25.827868938446045
-1.7731554692254243,2.8318138508311876,5.0,-0.22271843607778055,0.9055270857304984,4.932748259031802,-0.4733926272812754,0.00047594747166211784,0.0002784072706510863,-0.8808513588563778,-0.06898626868998907,0.01622801094403554,-0.0029235001377747767,0.00015898939977887494,-0.0005359999022402917,-0.00020402943903263804,26288,801000000,0.84,0,2,4,-1.4198767174890543,2.704964020201888,4.96306327485468,-1.4198767174890543,2.704964020201888,4.96306327485468,26.20771312713623
-1.8306451039041485,2.866692228821392,5.0,-0.22227897672488361,0.8941594722605868,4.9320074578419755,-0.4731506521823776,0.00027993577937742705,0.0003607124804367679,-0.880981414027479,0.017629423638548487,0.01856529602515004,-0.0015292523481824339,8.451900868067241e-05,-0.0016322515307365393,0.0034586812034831382,26289,137000000,0.81,0,2,4,-1.4855424479429713,2.7937498304887245,4.961382281067773,-1.4855424479429713,2.7937498304887245,4.961382281067773,26.571954250335693
-1.8306451039041485,2.866692228821392,5.0,-0.24045427329717906,0.9094019766725229,4.931681533224604,-0.47242427373029783,2.080772984204088e-05,0.0004621327467632437,-0.8813711429305836,0.11081606982892618,0.020840845949325726,-0.00045872381702058006,0.0003713469368449296,-0.0015633782709301158,0.006284615983531694,26289,463000000,0.73,0,2,4,-1.5394987620226066,2.8649504815599727,4.9600549600644825,-1.5394987620226066,2.8649504815599727,4.9600549600644825,26.951045036315918
-1.888836712547877,2.900542332687862,5.0,-0.27724975848424244,0.9504557203216095,4.9317057207530715,-0.47123278094374765,-0.00024899285120663173,0.000529488964639109,-0.8820086869232174,0.18525650441478803,0.02244019139461715,0.0003063077129431825,0.0004013531423652239,-0.0015984482615749585,0.008848354809742887,26289,800000000,0.64,0,2,4,-1.5850442551337183,2.9223960607444672,4.959014892540497,-1.5850442551337183,2.9223960607444672,4.959014892540497,27.370983362197876
-1.9477140375636162,2.9333466089752442,5.0,-0.32379251082361693,1.005862126531427,4.931969669930433,-0.4697501608789054,-0.0005135332301835722,0.0005936022173213751,-0.8827990543007347,0.23255810874792818,0.023183169420210367,0.0006846934583584606,0.00043408365399955073,-0.0015837025330256438,0.011307073782518273,26290,172000000,0.58,0,2,4,-1.6227356604592404,2.966531239180232,4.958380971371565,-1.6227356604592404,2.966531239180232,4.958380971371565,27.756541967391968
-2.0072603621694096,2.9650876860252895,5.0,-0.38121692268982105,1.0756610726574982,4.9323914872782435,-0.46777379960102594,-0.000779647813376485,0.0006607965135599596,-0.8838476270851633,0.26330477660293006,0.02366654920203328,0.0007050078171126927,0.0002841368427652924,-0.0013773326827504206,0.013524506994144758,26290,510000000,0.61,0,2,4,-1.6511439543756905,2.9962972056820654,4.958173103547187,-1.6511439543756905,2.9962972056820654,4.958173103547187,28.166279792785645
-2.0072603621694096,2.9650876860252895,5.0,-0.4438822679968249,1.152075110637922,4.9328138778108785,-0.46550149799036866,-0.0010135986382368467,0.0007061433301771491,-0.8850462300626563,0.2811646821483069,0.024089013234415663,0.00035999774733109043,0.000522391502499886,-0.0012714935564872576,0.015163568514253711,26290,876000000,0.75,0,2,4,-1.6756418273446443,3.0183487820341495,4.958317308837078,-1.6756418273446443,3.0183487820341495,4.958317308837078,28.556634187698364
-2.0674585092062747,2.995748385021807,5.0,-0.5097102320508221,1.2319440533812733,4.933126500863161,-0.46302867998472874,-0.0012386038598820933,0.0007312161685524047,-0.8863421307232284,0.289689680280517,0.024000572566162025,-0.00010772270775946933,0.0003672778632335394,-0.0010349548801968922,0.015455871835001744,26291,218000000,1.01,0,2,4,-1.6960853533661917,3.033294992707131,4.9587500412567485,-1.6960853533661917,3.033294992707131,4.9587500412567485,28.967583656311035
-2.1282908401621645,3.0253117312070743,5.0,-0.5881709355474584,1.3264823074977736,4.933350607517604,-0.460198590529549,-0.0014173547349551833,0.0007678131501905967,-0.8878145407928044,0.2922986333951205,0.023799394410100722,-0.0006233236957900833,9.54691586230183e-05,-0.0006393723026576481,0.014825412017671624,26291,579000000,1.32,0,2,4,-1.7141763642347085,3.0434411638496175,4.959384907909245,-1.7141763642347085,3.0434411638496175,4.959384907909245,29.466379165649414
-2.1897392544150174,3.053760965267927,5.0,-0.6755673209747448,1.4292359816019113,4.933435985044819,-0.4572783698600561,-0.0014793300083579164,0.0007949022997074391,-0.8893220295096652,0.25203754332586426,0.0258749037053222,-0.0006578063343606514,-6.38975421907162e-05,0.0001686123383137783,0.011898164302692749,26292,16000000,1.7,0,2,4,-1.7338646186780646,3.05147179295582,4.960324771953726,-1.7338646186780646,3.05147179295582,4.960324771953726,29.984031677246094
-2.251785188702036,3.081079554889556,5.0,-0.7352405876756006,1.4932593049486693,4.933512757783751,-0.45546195837678793,-0.0013060758336111333,0.0007108001196173182,-0.8902540049899735,0.1693547161580693,0.03034909162117077,-0.0003681546291995287,-3.5564815481503587e-06,0.0023036835955281276,0.007596554314659443,26292,477000000,2.12,0,2,4,-1.755328793827673,3.05747849513029,4.961575184062823,-1.755328793827673,3.05747849513029,4.961575184062823,30.43549942970276
-2.314409616822441,3.107251206474837,5.0,-0.769685628158859,1.521882668208498,4.933533441811595,-0.4545414767099959,-0.0009209581402879389,0.0004966505556116358,-0.8907249581799229,0.08908627206527633,0.03518742692143707,-0.00023228582487546168,0.00019733859204507098,0.002860940571736137,0.004354264228823013,26292,880000000,2.41,0,2,4,-1.7734644878726018,3.061330886119647,4.962661397172044,-1.7734644878726018,3.061330886119647,4.962661397172044,30.835756301879883
-2.377593049581021,3.132259877026839,5.0,-0.7908103514910847,1.529237302172522,4.933464981927247,-0.454123262855351,-0.0005328412912082442,0.00025128044106344276,-0.8909386707691546,0.02405355129093109,0.03991242895619089,-0.0004904295399514556,0.00035058208425198245,0.0024305973965965677,0.0004144390516103158,26293,236000000,2.56,0,2,4,-1.7933459021601128,3.0686480270436087,4.963663906988485,-1.7933459021601128,3.0686480270436087,4.963663906988485,31.209026098251343
-2.4413155349798927,3.1560897861919237,5.0,-0.8020141538648554,1.52025173903029,4.93319575312195,-0.45439410160339283,-0.0002461867392237968,3.147362626825502e-05,-0.890800729023919,-0.024459492612533863,0.044378220740796136,-0.0011148490623301228,0.00047105408498282486,0.0018027045939561503,-0.004668482006309205,26293,569000000,2.68,0,2,4,-1.822084168635809,3.090124603002535,4.9643165353341505,-1.822084168635809,3.090124603002535,4.9643165353341505,31.587558031082153
-2.4413155349798927,3.1560897861919237,5.0,-0.8060658516925395,1.4955659697765418,4.93261735082766,-0.45569054354715477,-2.3204009806881195e-05,-0.00017225236856221074,-0.8901382467417036,-0.06561851844843734,0.04886017845764924,-0.0019937619646790174,0.0003863681286020437,0.0013525802160074818,-0.01132711468017078,26293,903000000,2.65,0,2,4,-1.8715166700235244,3.1392469316865586,4.964299067383477,-1.8715166700235244,3.1392469316865586,4.964299067383477,32.0259907245636
-2.505556658665967,3.1787254284606545,5.0,-0.8036487053706405,1.4609830251065947,4.931750026091019,-0.4578808754609741,0.0001411949926806403,-0.00031338713258144933,-0.8890134901898682,-0.09722549570924292,0.05175126006149964,-0.0029103718791509215,0.00015427942088308555,0.0010369634537710226,-0.016414357196481433,26294,290000000,2.48,0,2,4,-1.9456350621089749,3.2202576394431444,4.963335889830116,-1.9456350621089749,3.2202576394431444,4.963335889830116,32.42562174797058
-2.5702955446416795,3.2001515855234994,5.0,-0.7992814441715133,1.4242384055009671,4.9307297426508505,-0.4600102838942638,0.00020159951403767184,-0.00034359354141549447,-0.8879134980461966,-0.05908568060839157,0.051070571663364484,-0.0026816399792214327,-0.0002958765520588713,-0.0010799273468364845,-0.004254495070199482,26294,645000000,2.19,0,2,4,-2.0247607068527382,3.308513064230344,4.9619213086736815,-2.0247607068527382,3.308513064230344,4.9619213086736815,32.81830453872681
-2.635510856246645,3.220353338778097,5.0,-0.8135715450354652,1.4134868975561252,4.93006060522889,-0.45949418716014895,-5.260867454472927e-05,-0.0001750087686866466,-0.8881807578248315,0.051431958685115534,0.048574563082919145,-0.0010999933308707506,9.985677484891653e-06,-0.0017971235592995072,0.008437408177996986,26294,995000000,1.92,0,2,4,-2.0932861339294555,3.381916158988754,4.960766828175186,-2.0932861339294555,3.381916158988754,4.960766828175186,33.2149932384491
-2.701180797417952,3.2393160819846116,5.0,-0.8483895896987068,1.43276915784612,4.9299414871138545,-0.4576780293483227,-0.00031574395051615857,-4.838007903792992e-05,-0.8891179446040673,0.1419889473225198,0.04731713439959108,0.00020003277766899815,0.00010417728617539979,-0.0015086350799720094,0.01407401805408881,26295,343000000,1.96,0,2,4,-2.1535797676030133,3.441053674140867,4.9599103461333,-2.1535797676030133,3.441053674140867,4.9599103461333,33.62024140357971
-2.701180797417952,3.2393160819846116,5.0,-0.9060013162082939,1.4807741489940394,4.9302870066285065,-0.45480368678769634,-0.0005991081177075537,2.572550104140719e-05,-0.890591515169542,0.21348436549951183,0.046503793453825534,0.0010641408353727424,0.0004984613440228713,-0.0015132466160139302,0.018116152750735637,26295,701000000,2.18,0,2,4,-2.201949100036044,3.4820200418158462,4.959434463305626,-2.201949100036044,3.4820200418158462,4.959434463305626,34.074161767959595
-2.767283114236859,3.2570255340654644,5.0,-0.9694298418329393,1.539725789797941,4.930873793725294,-0.4517080667807878,-0.000848228282945015,9.89193644779102e-05,-0.8921653956127769,0.253129112071793,0.04494485428668845,0.0013760253652188793,-1.2036806928961141e-05,-0.0014056336794965318,0.020572050743794534,26296,103000000,2.56,0,2,4,-2.2454895065302036,3.5112840794231213,4.95923119790164,-2.2454895065302036,3.5112840794231213,4.95923119790164,34.49010968208313
-2.8337950967697747,3.273467752045494,5.0,-1.0390446976944947,1.6072331864100295,4.931549468669391,-0.44826338215689443,-0.001071555230120742,0.00018218079052413378,-0.8939008663139387,0.27495049104515085,0.04284809192967269,0.0012462681080896256,0.0003049702200996762,-0.0013297428608893824,0.02235752035630867,26296,466000000,2.98,0,2,4,-2.2783342319974063,3.526936925633982,4.959325240603222,-2.2783342319974063,3.526936925633982,4.959325240603222,34.907063722610474
-2.900693581211407,3.288629144128325,5.0,-1.120327055046965,1.6872531083293838,4.932231453344523,-0.4441815493243349,-0.0013153982996203478,0.00024250989268183624,-0.8959358024747637,0.28699406201315425,0.04120242008570703,0.0007122839785758463,0.00020300696661479378,-0.0011632979976639035,0.023013206737232395,26296,836000000,3.43,0,2,4,-2.308232810200157,3.5354740793121455,4.959715948159079,-2.308232810200157,3.5354740793121455,4.959715948159079,35.35891532897949
-2.9679549523380278,3.3024964829044703,5.0,-1.2081406005819286,1.7735090814809036,4.932746597260775,-0.4398808465218347,-0.0015223363842643929,0.000297418122343324,-0.8980548061770104,0.2921030971658519,0.04029958641215441,0.0001033947557083627,0.0001439972933781064,-0.0008527528166268894,0.022360474576998968,26297,235000000,4.03,0,2,4,-2.3349451992701438,3.5382971379032893,4.960344856276065,-2.3349451992701438,3.5382971379032893,4.960344856276065,35.82550835609436
-3.035555146278904,3.3150569186864494,5.0,-1.3083800213123278,1.86959695492364,4.933122643837744,-0.4353029458691183,-0.00165856806570661,0.0003209932221423931,-0.9002824509191492,0.2726182264518551,0.04226736940865436,-0.0003648282818223075,0.00011912390789348137,-0.0002434932866890449,0.01959618784894701,26297,646000000,4.64,0,2,4,-2.362554732303444,3.5371282653792866,4.961177286125126,-2.362554732303444,3.5371282653792866,4.961177286125126,36.382222175598145
-3.1034696536139035,3.3262979929658782,5.0,-1.4005252032884843,1.9478012785726935,4.933322021494521,-0.43172657544077186,-0.0015320928268895322,0.00021713338734925434,-0.9020031982220712,0.18318315643822236,0.05263284052049322,-0.0002878349489360254,0.00015489117544120745,0.0016624742556814454,0.010795952402986586,26298,121000000,5.31,0,2,4,-2.393484662861254,3.532655611838525,4.962198661077236,-2.393484662861254,3.532655611838525,4.962198661077236,36.95432257652283
-3.171673522805388,3.3362076519872628,5.0,-1.455575998744592,1.976912735032723,4.933396201207873,-0.43019589288839677,-0.0011625413227405088,-3.765443616971984e-05,-0.9027348120138999,0.08880452968335978,0.06439584686700188,-0.00030779510010623393,0.00047645705194554466,0.0028508561399576138,0.0047609180910512805,26298,625000000,5.87,0,2,4,-2.426684207162545,3.5265795714198975,4.963394479552354,-2.426684207162545,3.5265795714198975,4.963394479552354,37.4229691028595
-3.240141363972521,3.344774260432901,5.0,-1.486688095325813,1.9757306640499013,4.933289444692719,-0.42989625323188263,-0.0007694824001150444,-0.00034159099466097903,-0.9028779002000311,0.020251706421412226,0.0733975149950387,-0.000708563418177747,0.0007383060165011557,0.002383547393947083,-0.0025174053462251322,26299,38000000,6.17,0,2,4,-2.4588136255012842,3.526040312178891,4.9644618874487305,-2.4588136255012842,3.526040312178891,4.9644618874487305,37.83548045158386
-3.3088473530161293,3.3519866152130127,5.0,-1.507478898476063,1.9547111047004202,4.932926152762285,-0.4311282479677222,-0.00047970907328842035,-0.0006183075305816238,-0.9022903198966975,-0.03332150695279228,0.08082498955875686,-0.0014787369042847638,0.0006110731249009405,0.0017303245385846822,-0.01350438305962598,26299,401000000,6.27,0,2,4,-2.501136024285332,3.5455722930852454,4.965142133862395,-2.501136024285332,3.5455722930852454,4.965142133862395,38.26285433769226
-3.3777652361022836,3.357833959354922,5.0,-1.5179117958387303,1.9250810903632798,4.932368557977603,-0.43365378707416624,-0.00031633250332354957,-0.0008197266162125688,-0.9010791424388068,-0.06823827435431556,0.0857044681425093,-0.002310027400883207,0.000878730190834176,0.0012547056371658982,-0.022791882292949595,26299,779000000,6.12,0,2,4,-2.5708637399043845,3.6002168961715024,4.964746208817067,-2.5708637399043845,3.6002168961715024,4.964746208817067,38.63144540786743
-3.3777652361022836,3.357833959354922,5.0,-1.524060656816782,1.8848783032454142,4.93152357722642,-0.4375790437195349,-0.0001986991757395987,-0.0009992796189566364,-0.8991793716808554,-0.08668786082593798,0.08842379623285712,-0.002720887149960634,0.0003301587753412605,0.0011085992582593462,-0.025980182363127824,26300,105000000,5.75,0,2,4,-2.64533729612009,3.666859720885053,4.963635425323603,-2.64533729612009,3.666859720885053,4.963635425323603,39.02281141281128
-3.4468683345128004,3.3623059959848027,5.0,-1.5309522032647367,1.8479539519975752,4.930807194632692,-0.44068996836128416,-0.00010573860939442524,-0.0010241937606931607,-0.8976587835208973,-0.04440517799551844,0.08493168435680105,-0.001893246885721176,-0.0009178163111300819,-0.0007909379007742245,-0.00847572528073215,26300,444000000,5.19,0,2,4,-2.7308751023589415,3.744875888959694,4.962181898338815,-2.7308751023589415,3.744875888959694,4.962181898338815,39.40139126777649
-3.5161295498708305,3.365392902395171,5.0,-1.5523338379635214,1.8332995802826677,4.930498443161215,-0.44039888854368514,-0.00026732368184922506,-0.0008054080462574267,-0.8978018148931393,0.04924511784573399,0.07750978754050317,-0.0004359748463844505,-0.0005016102193167171,-0.0017972326304516173,0.009597904318070505,26300,776000000,4.74,0,2,4,-2.8075069643140758,3.8117191544907656,4.960877700436483,-2.8075069643140758,3.8117191544907656,4.960877700436483,39.75745415687561
-3.5855213697497295,3.3670853441910054,5.0,-1.5918636073290047,1.8428387084898148,4.93059925457098,-0.43822383512315155,-0.0005034196649069883,-0.0006246200146823156,-0.8988655220601327,0.13208698314648346,0.07223694937129914,0.0005927518644484898,-0.00011780768858216106,-0.0016922555801102135,0.01807148346415488,26301,85000000,4.74,0,2,4,-2.8713136246797806,3.8603107180016116,4.959887029507345,-2.8713136246797806,3.8603107180016116,4.959887029507345,40.153770446777344
-3.5855213697497295,3.3670853441910054,5.0,-1.6454888801915706,1.8722893449128146,4.930982889221454,-0.435085160539622,-0.0007452187332380084,-0.0005087729602494831,-0.9003888542609386,0.19304749574229185,0.06871603382721281,0.0011858318523202656,0.00019568120706026093,-0.0016373668472624558,0.022853614791529253,26301,428000000,5.01,0,2,4,-2.926874010248117,3.8944168415095,4.959177683763354,-2.926874010248117,3.8944168415095,4.959177683763354,40.554428577423096
-3.6550158736733924,3.36737448950702,5.0,-1.7130245508380955,1.9180637385594028,4.931625231978898,-0.4311240563904961,-0.0009984504970468714,-0.00040425167306834775,-0.902292019070652,0.23447315258039864,0.06512677236271179,0.001575172327730558,-7.115179201377941e-05,-0.0014671829376311507,0.025693887982924934,26301,776000000,5.43,0,2,4,-2.9728439288308857,3.9143749953727722,4.958774496213595,-2.9728439288308857,3.9143749953727722,4.958774496213595,40.95638871192932
-3.724584739516201,3.36625202328831,5.0,-1.7871022036814934,1.9729128515738583,4.932404579597646,-0.4268194153448436,-0.0012155945266421936,-0.00031918740384186025,-0.9043360034489579,0.2584541295874373,0.061434592031729254,0.0016032473380052676,0.000263316366044819,-0.001207669583891402,0.027261756258667447,26302,131000000,5.98,0,2,4,-3.0140428859626236,3.923845763125504,4.958666992470275,-3.0140428859626236,3.923845763125504,4.958666992470275,41.35580229759216
-3.7941992503107094,3.3637101616261953,5.0,-1.8649268045681668,2.0327448644981674,4.933170945236894,-0.4223366856112989,-0.0014086111788101509,-0.00027802294540948274,-0.9064378977650105,0.27139541328697403,0.05871715440816847,0.0012439876998447314,0.00018689162573082285,-0.0010308254559276975,0.027392049014451914,26302,478000000,6.58,0,2,4,-3.049865833320075,3.9244350753118633,4.958827003310227,-3.049865833320075,3.9244350753118633,4.958827003310227,41.768884897232056
-3.8638303014711917,3.359741666140802,5.0,-1.9403913610822807,2.0913174468618774,4.933774898390762,-0.41815755592943626,-0.0015692936744034778,-0.00025354259077932503,-0.9083731234755014,0.277233451848266,0.05720944634949281,0.0007298903085697449,0.0003181404537144772,-0.0008779342238085519,0.0264718300968525,26302,843000000,7.22,0,2,4,-3.082182213078108,3.9186955897060725,4.959201059635035,-3.082182213078108,3.9186955897060725,4.959201059635035,42.16122627258301
-3.8638303014711917,3.359741666140802,5.0,-2.0304722975166163,2.160745662399576,4.934298470298134,-0.41346669032403904,-0.001731259138935763,-0.0002475710745127155,-0.910517565697028,0.2790832775862911,0.056522563178872984,0.00016270470356112736,0.00023734138352438094,-0.000666581945552025,0.024966503406176344,26303,187000000,7.81,0,2,4,-3.110821121276936,3.9092261901265144,4.95972754160523,-3.110821121276936,3.9092261901265144,4.95972754160523,42.62733602523804
-3.933448408441069,3.3543398584014965,5.0,-2.1442095087767634,2.2430538371650006,4.934776686604461,-0.40833851247952496,-0.001793158943530116,-0.00023621564511120535,-0.9128287835126481,0.23173454994885184,0.06420810209929685,1.4041755537555142e-05,-7.439077620574608e-05,0.0002163485774531182,0.01699524582363665,26303,594000000,8.48,0,2,4,-3.143203539719259,3.8947338439825896,4.960549761002724,-3.143203539719259,3.8947338439825896,4.960549761002724,43.19997954368591
-4.003023714772229,3.347498634375969,5.0,-2.2240535459885673,2.2850845461843328,4.935085093273589,-0.4057867434425025,-0.00161941166607999,-0.0004005327584007327,-0.9139662662952577,0.13982129678892252,0.08028805127821229,-0.00012771614707281985,0.0006684614845653414,0.0022138508029456716,0.0064040742472570855,26304,102000000,9.28,0,2,4,-3.183973134798646,3.872756471480181,4.9617956806609405,-3.183973134798646,3.872756471480181,4.9617956806609405,43.705607414245605
-4.07252600064417,3.339212478898365,5.0,-2.273139403030726,2.2892713934129403,4.935143410161799,-0.40537193854616793,-0.0012599594234509665,-0.0007176460418802063,-0.9141506926791291,0.053536680710874154,0.09601582927094927,-0.00037305561150054786,0.0008779552388205047,0.0026497142698644893,-0.0027119870765091036,26304,545000000,9.75,0,2,4,-3.218860983646229,3.852862961404075,4.963007523633858,-3.218860983646229,3.852862961404075,4.963007523633858,44.13738393783569
-4.14192469183082,3.3294764801465,5.0,-2.3064412723037084,2.2678577704424896,4.935018876117727,-0.40674473360373464,-0.0009088784753456613,-0.0010683581482873656,-0.913540778639033,-0.01438722435694752,0.10856779813171544,-0.0010363798024915181,0.001049141440034873,0.002201407210122852,-0.014910225763742346,26304,920000000,9.91,0,2,4,-3.253902026375573,3.8411792411340566,4.963924871028794,-3.253902026375573,3.8411792411340566,4.963924871028794,44.58718752861023
-4.211188869122791,3.3182863441177943,5.0,-2.327184593683492,2.229947880970013,4.9345750421201275,-0.4101876260697343,-0.0006702984779155989,-0.0013607418507055576,-0.9119998961079117,-0.0625721792255966,0.11702356776099213,-0.002084670842546343,0.0008821667449865345,0.0016879842974049097,-0.029614888444484677,26305,305000000,9.78,0,2,4,-3.3125869414108875,3.8622381771277734,4.964108473359524,-3.3125869414108875,3.8622381771277734,4.964108473359524,44.99779009819031
-4.280287278212759,3.305638409093179,5.0,-2.3411804702104027,2.1727230891986067,4.933639893227902,-0.4169370177681371,-0.0005046907596257689,-0.001649886671819728,-0.9089337414662408,-0.1042867592793461,0.1232779479556287,-0.003427006578423975,0.0010733793942563352,0.0011639349281722389,-0.04506243858486414,26305,666000000,9.31,0,2,4,-3.3903440211903075,3.9118643216974203,4.963323267814062,-3.3903440211903075,3.9118643216974203,4.963323267814062,45.444539308547974
-4.349188340051508,3.29152966007783,5.0,-2.350096391913524,2.118617135177605,4.932553653541848,-0.42311480289758285,-0.00044642369120147024,-0.0017170100058346255,-0.906074343611752,-0.0717491898204459,0.11792003679361455,-0.003257665612605714,-0.0010666617640708864,-0.0007358066454798973,-0.019240949040977284,26306,61000000,8.34,0,2,4,-3.493966821450528,3.9886022305065723,4.961556889132665,-3.493966821450528,3.9886022305065723,4.961556889132665,45.82905578613281
-4.417860161682086,3.2759577432071714,5.0,-2.3743356180618007,2.0885599203881817,4.931866693573326,-0.42381124537282655,-0.000562190533333666,-0.0014516878235740168,-0.9057491953293696,0.02428378823032497,0.1057677084293546,-0.0015221324640883763,-0.0011908095871149271,-0.0015179303431978042,0.005413033159129554,26306,404000000,7.47,0,2,4,-3.5808862718389802,4.05061942798458,4.960092365455557,-3.5808862718389802,4.05061942798458,4.960092365455557,46.220943450927734
-4.4862705475593625,3.2589209801061942,5.0,-2.4154374468453605,2.08414697764471,4.931741810554085,-0.4221275193662112,-0.0007103669495877814,-0.001189911457963725,-0.9065354029949674,0.1056818615051031,0.09726268536532787,2.4045688943518646e-05,-0.0008356409239240747,-0.0014143587804937852,0.01615547607798362,26306,747000000,7.31,0,2,4,-3.6563575653381704,4.095626613563153,4.958961671788572,-3.6563575653381704,4.095626613563153,4.958961671788572,46.622881174087524
-4.4862705475593625,3.2589209801061942,5.0,-2.474035734621042,2.1009401427861483,4.932075511307461,-0.4188630469575554,-0.000886175445298799,-0.0010133833413971888,-0.9080484214185476,0.16984607221162434,0.09144846451565816,0.001001989358885181,-1.801913427357249e-05,-0.0013902238492846664,0.02384791059739655,26307,95000000,7.48,0,2,4,-3.7188453138969337,4.121737425313475,4.958236261912434,-3.7188453138969337,4.121737425313475,4.958236261912434,47.0245578289032
-4.554387011362157,3.2404183821897035,5.0,-2.543764683827575,2.1328002857203536,4.932693050309322,-0.4145760713822289,-0.0010966945250758249,-0.0009097674733012597,-0.9100135441967554,0.21180344020406489,0.08638460796853516,0.0015400355036299688,-7.148009117941001e-05,-0.0013390433991844475,0.028046472652931698,26307,449000000,7.89,0,2,4,-3.773896456180745,4.132899018936472,4.957826336370016,-3.773896456180745,4.132899018936472,4.957826336370016,47.42797565460205
-4.622176788304897,3.2204496648906975,5.0,-2.620116116916844,2.1739488508064517,4.933507682076739,-0.4097955294191911,-0.0012867106523820693,-0.000812152958897849,-0.9121761391591612,0.23642542937251704,0.08161315674870903,0.0017726444355647749,-8.387072085724867e-05,-0.0011350444310664898,0.030241842250688933,26307,805000000,8.45,0,2,4,-3.820658296035163,4.13117760588122,4.957791115473234,-3.820658296035163,4.13117760588122,4.957791115473234,47.82471704483032
-4.689606847955658,3.199015261803648,5.0,-2.6957008707380328,2.2175063604211545,4.934332974593603,-0.40502275753771116,-0.0014460510908857517,-0.0007583954583334108,-0.9143051458069782,0.24916968122876856,0.0785064957957394,0.0017692202557265976,0.00026367462737653113,-0.000967459789080749,0.03101508082181681,26308,158000000,9.09,0,2,4,-3.861566929083456,4.119968314615323,4.958093781905999,-3.861566929083456,4.119968314615323,4.958093781905999,48.22913098335266
-4.756643907567153,3.176116338729032,5.0,-2.7732373600977342,2.2630883733005374,4.935184602402941,-0.40021008481907167,-0.0015885528654387086,-0.000730929260308814,-0.9164217534799801,0.2554120904258136,0.07671422321886019,0.0016926933876842526,2.1128017824167955e-05,-0.0007999983495210472,0.030421450719586574,26308,509000000,9.75,0,2,4,-3.8960603334457136,4.103167264827409,4.958619992462474,-3.8960603334457136,4.103167264827409,4.958619992462474,48.6262948513031
-4.756643907567153,3.176116338729032,5.0,-2.8704020626212445,2.3199029161303897,4.936164423575728,-0.39449436223145384,-0.0017201348793356224,-0.0007074011347343974,-0.9188964788741056,0.2574777094570584,0.07587187475384874,0.0011590514143683243,0.00019755110258756758,-0.0005047765625931788,0.028679124989139382,26308,853000000,10.43,0,2,4,-3.9276912650713465,4.0820692539170285,4.95924741523679,-3.9276912650713465,4.0820692539170285,4.95924741523679,49.10179042816162
-4.823254445927119,3.1517548076050006,5.0,-2.9793468541262644,2.3790704289188844,4.936992958794293,-0.3889756491287435,-0.0017783347455165243,-0.0006939036100918443,-0.9212460585577478,0.22190082721837318,0.083140069068936,0.0007277413740252875,-8.695771995803625e-05,-2.6084806314941034e-05,0.01936267872224562,26309,269000000,11.26,0,2,4,-3.964506119543609,4.051958160605457,4.96009297304483,-3.964506119543609,4.051958160605457,4.96009297304483,49.63578963279724
-4.889404717734269,3.125933340311662,5.0,-3.0546526616643725,2.407229512200167,4.937520549274424,-0.386505527851026,-0.0017056319693159758,-0.0008523518938822114,-0.922285119286023,0.14496250875037,0.10018959563483856,0.00044660638475301043,0.0013865404866919562,0.0020786537788808346,0.0045712492465099785,26309,745000000,12.13,0,2,4,-4.005049692404508,4.0140814508672245,4.961134192557376,-4.005049692404508,4.0140814508672245,4.961134192557376,50.06933665275574
-4.955060768505769,3.0986553823329843,5.0,-3.1075781068572987,2.403983168385015,4.937793526599505,-0.38679734134796157,-0.001391172906321725,-0.001253558871300071,-0.9221628435120608,0.05312633426698978,0.12115949712165892,-0.00011613990180810094,0.001441037863969541,0.0027351995413482655,-0.008138509019772755,26310,124000000,12.61,0,2,4,-4.036347199813355,3.982721894641834,4.962000023715053,-4.036347199813355,3.982721894641834,4.962000023715053,50.48484706878662
-5.020188450021896,3.0699251662608846,5.0,-3.1446608653419887,2.3749672200980125,4.93778360845506,-0.38911104658372747,-0.0010797235094840878,-0.0016615001107403518,-0.9211887249858419,-0.018768889380311203,0.13744222424770053,-0.0009853652751925378,0.0014902275665917841,0.002176235670958704,-0.021666619795723818,26310,483000000,12.73,0,2,4,-4.072581255560132,3.961804324020376,4.9626501832972325,-4.072581255560132,3.961804324020376,4.9626501832972325,50.890610694885254
-5.084753436313343,3.039747725125622,5.0,-3.169963030827054,2.3267094490372635,4.937441161476397,-0.3939963943627505,-0.0008848423978362087,-0.0020194975955569365,-0.9191093405643012,-0.07333851148006575,0.1486337130087711,-0.0021642547669479734,0.0014064145375414228,0.0015798186950632953,-0.04064281383762136,26310,843000000,12.5,0,2,4,-4.1326258954832005,3.973012510638732,4.962577825637762,-4.1326258954832005,3.973012510638732,4.962577825637762,51.31446623802185
-5.148721240196228,3.008128905536137,5.0,-3.1884185274002537,2.252252013883441,4.93649386204025,-0.40373847009457453,-0.0007560927612228431,-0.002385115644540868,-0.9148710222281558,-0.12286108199584578,0.1563108463730412,-0.003901177438380762,0.001315333088314219,0.001296253276450443,-0.061250712315086275,26311,215000000,11.83,0,2,4,-4.21421430716442,4.01175320498381,4.96172889277463,-4.21421430716442,4.01175320498381,4.96172889277463,51.77795171737671
-5.212057230359671,2.9750753806135473,5.0,-3.200353264772691,2.1817554090538445,4.93528028231485,-0.4126918139574408,-0.0006896141811932599,-0.002459737668655676,-0.9108671367523363,-0.09132524747100498,0.14808460209107283,-0.003745091616063772,-0.0012596514579854556,-0.0007200715572253102,-0.028922330966452137,26311,624000000,10.44,0,2,4,-4.326797207401073,4.077466059555989,4.96011647971548,-4.326797207401073,4.077466059555989,4.96011647971548,52.193915128707886
-5.212057230359671,2.9750753806135473,5.0,-3.2301355357021335,2.1355080353753326,4.934513781898078,-0.4147632506669757,-0.0007943687471379325,-0.0021052988251498046,-0.909926580879641,0.00817068471905874,0.13112550985810018,-0.001657147542095553,-0.0016700446622053278,-0.0014655469271929178,-0.0013333804645299097,26311,985000000,9.17,0,2,4,-4.425499149260432,4.1347345306622065,4.95868210701642,-4.425499149260432,4.1347345306622065,4.95868210701642,52.61699867248535
-5.274726649010381,2.9405946627005166,5.0,-3.275805490102421,2.1195986502310977,4.934438883623505,-0.41406179187045444,-0.0009078223766210516,-0.001772168801272015,-0.9102465972412644,0.08628379530335147,0.11928089060231908,1.1494009872679153e-05,-0.0011840596243928303,-0.0012090736390746315,0.00989263517112704,26312,357000000,8.8,0,2,4,-4.513187411066086,4.172324638833755,4.957580334981263,-4.513187411066086,4.172324638833755,4.957580334981263,53.04338884353638
-5.3366946300784015,2.9046951158287793,5.0,-3.3347888952187366,2.124271841715569,4.934845076204575,-0.41170442689244496,-0.001016055107037321,-0.0015416190028769861,-0.9113155633039702,0.14405618754079583,0.11090596374203279,0.0011931540062030059,-0.000632803784128555,-0.0011820019039987528,0.020139758089499082,26312,730000000,8.83,0,2,4,-4.579726176252082,4.185372108981827,4.957058955844779,-4.579726176252082,4.185372108981827,4.957058955844779,53.47146153450012
-5.397926217987752,2.8673859679266163,5.0,-3.4114770524461826,2.1458676091017876,4.93571842191503,-0.4072371487656371,-0.0011820540106973548,-0.0013760685422361545,-0.9133206522623459,0.18613746622684924,0.10449535978028346,0.0019610958168023614,-0.0002060499511458147,-0.0011462078305157775,0.028544610177050345,26313,97000000,9.05,0,2,4,-4.636422613527484,4.180433155607026,4.956981192735518,-4.636422613527484,4.180433155607026,4.956981192735518,53.92154550552368
-5.458386386995352,2.82867732274762,5.0,-3.4911625823608015,2.175812724577609,4.936765211722072,-0.4019400989214558,-0.0013500382655432935,-0.0012961758462847056,-0.91566405095093,0.2091751571922913,0.10025849533828904,0.002320324797067141,0.00013765909017138256,-0.0009529540079711296,0.032022020968724973,26313,489000000,9.7,0,2,4,-4.682872241965484,4.161150888400222,4.957293066625564,-4.682872241965484,4.161150888400222,4.957293066625564,54.34665489196777
-5.518040061101152,2.7885801715016205,5.0,-3.574577024877036,2.2103780337879826,4.937944909298918,-0.3962481891865964,-0.0014976281799094842,-0.0012584070614060844,-0.9181413540887078,0.22087274039825205,0.0974124973780293,0.002395988701106139,7.858660069359757e-05,-0.0008010154772364331,0.03302170916867908,26313,867000000,10.42,0,2,4,-4.722063891741097,4.131391914451799,4.957916619844047,-4.722063891741097,4.131391914451799,4.957916619844047,54.77642059326172
-5.576852134532016,2.7471064041681794,5.0,-3.6598144820075658,2.2465846723767515,4.939119935266747,-0.3905055101109689,-0.0016165819949203021,-0.0012275926436095697,-0.9205983522969867,0.22546633738145178,0.09576092512470719,0.002274583461575274,5.9530992757572676e-05,-0.0005886969120183494,0.03232258532079868,26314,244000000,11.22,0,2,4,-4.7563682550254995,4.094138288388256,4.958768878410595,-4.7563682550254995,4.094138288388256,4.958768878410595,55.20529246330261
-5.576852134532016,2.7471064041681794,5.0,-3.7548342587037724,2.2863343790256008,4.940382442359211,-0.3844033325782827,-0.001707545163243537,-0.0012299900630413066,-0.9231628509188778,0.22541700012423638,0.09533666119817233,0.0020594987331989017,0.00021607441027526875,-0.000314353502517406,0.030416624576901086,26314,619000000,12.04,0,2,4,-4.787540949978958,4.051715607174256,4.959690120638718,-4.787540949978958,4.051715607174256,4.959690120638718,55.675405502319336
-5.634787492801395,2.704268820472575,5.0,-3.8604395450177953,2.3249602577666835,4.94168016772784,-0.37883675643581255,-0.001725535565210684,-0.0012129448912928976,-0.9254611084561557,0.18742278284812502,0.10382987620949843,0.001654971282487177,-0.0001933257379960196,2.493169777295634e-05,0.017033937911037356,26315,43000000,12.95,0,2,4,-4.819839670052208,4.000947892214123,4.960751913140379,-4.819839670052208,4.000947892214123,4.960751913140379,56.228026390075684
-5.691811034346381,2.660081140503768,5.0,-3.9258815534851363,2.336711530151405,4.942415064400869,-0.377054546908141,-0.001677477365460828,-0.0013330202543199443,-0.9261885757137076,0.11995127236959455,0.12014580913681024,0.0009140090099338966,0.00174147386360346,0.0019200146653020056,-0.0009025705935528094,26315,532000000,13.86,0,2,4,-4.855389947499178,3.9403872329341216,4.962006176656573,-4.855389947499178,3.9403872329341216,4.962006176656573,56.61900281906128
-5.747887692743202,2.6145580149533583,5.0,-3.9766434676930063,2.319293974087427,4.942725200798725,-0.3789302652765117,-0.0013840017708351617,-0.0017878172181026457,-0.9254224669339757,0.02042795559656579,0.14470469445283157,-0.0005256526663037211,0.001792361206298665,0.002657417849150079,-0.02062279836536618,26315,871000000,14.24,0,2,4,-4.884221681287461,3.902633970123318,4.962825818697642,-4.884221681287461,3.902633970123318,4.962825818697642,57.019628047943115
-5.802982459501712,2.567715034954065,5.0,-4.009099677661852,2.2776948697966977,4.942538489630519,-0.3832604227732454,-0.0011295669961546239,-0.002212255873750908,-0.9236369840678875,-0.05200446371902824,0.16186689691156064,-0.001994348818044152,0.0018273008663527435,0.0021058342326796264,-0.03641572438937146,26316,227000000,14.1,0,2,4,-4.93226944454495,3.8864846762525898,4.963089995716871,-4.93226944454495,3.8864846762525898,4.963089995716871,57.39983415603638
-5.857060407438873,2.519568741495847,5.0,-4.031274677502353,2.2136813164477323,4.941835885128862,-0.39092956477399765,-0.0009744648756326078,-0.0026435410292298053,-0.920416284892138,-0.11197940741313968,0.1736310170765541,-0.003731456529576237,0.0020503134010141366,0.001731805468807579,-0.059872667407034896,26316,566000000,13.53,0,2,4,-4.999414096899009,3.8997177312027347,4.962552839899392,-4.999414096899009,3.8997177312027347,4.962552839899392,57.806570291519165
-5.910086714630622,2.4701366343972957,5.0,-4.044326468649367,2.1348978438072206,4.9406231275073695,-0.40206937436839574,-0.0008629849630608396,-0.003039174165626571,-0.9156037553834907,-0.14767288586327415,0.17667182687093103,-0.004919902447919294,0.0014188025147632288,0.001678850208008953,-0.07152096295612864,26316,926000000,12.45,0,2,4,-5.087359146255757,3.934298723593546,4.9613422512210645,-5.087359146255757,3.934298723593546,4.9613422512210645,58.22337889671326
-5.910086714630622,2.4701366343972957,5.0,-4.055464695805566,2.0589713820940765,4.939401321439922,-0.41219958571813387,-0.000744599234652817,-0.003112417768444984,-0.9110879540205835,-0.11453658309166401,0.16569075339886638,-0.004130464750794477,-0.0019088650674348173,-0.0006280763898303121,-0.043682498653652146,26317,285000000,10.88,0,2,4,-5.184974776238354,3.980620926272402,4.959701918557258,-5.184974776238354,3.980620926272402,4.959701918557258,58.61791253089905
-5.962026688940954,2.4194371808094957,5.0,-4.079866756496599,2.006004853870286,4.938730844402272,-0.4165478559197623,-0.0008322942190629797,-0.0027111561713218674,-0.9091093667140365,-0.030331212609348023,0.1482677470007764,-0.0018857821275806972,-0.002030504674621625,-0.0015980134662640921,-0.018046052900899667,26317,626000000,9.47,0,2,4,-5.272283410916531,4.017109422077145,4.958245236852379,-5.272283410916531,4.017109422077145,4.958245236852379,58.996336936950684
-6.012845793126372,2.367489823229123,5.0,-4.115218839014482,1.9775445429822445,4.938683301891466,-0.41832511623864876,-0.00094194712884154,-0.002360051802177192,-0.9082938070993429,0.03462818353432245,0.136739566259216,-5.6650988590993526e-05,-0.0013385837291934877,-0.0014320598211270408,-0.005759740088251419,26317,958000000,8.82,0,2,4,-5.344292244463166,4.032364164884718,4.9572157108453245,-5.344292244463166,4.032364164884718,4.9572157108453245,59.356529712677
-6.062509670513252,2.314314986997085,5.0,-4.160347773716994,1.9649348447386417,4.939106866440642,-0.4183014112630268,-0.001060192874827311,-0.0021121701182322235,-0.9083052042479003,0.08503848341130192,0.1298024371284675,0.0012249287145036736,-0.0008031377490169689,-0.00131323163259367,0.008113346393656684,26318,278000000,8.51,0,2,4,-5.398859233359941,4.028245788576115,4.9566633289645905,-5.398859233359941,4.028245788576115,4.9566633289645905,59.73071074485779
-6.110984171244919,2.259934087258609,5.0,-4.2310435343682915,1.965453792322323,4.9401204521726125,-0.4153350753632364,-0.001227859095505285,-0.0019034600348601712,-0.9096656772545351,0.13111314651115696,0.1244666051939887,0.0022644966831913502,-0.00036851049571851036,-0.0010420297940072487,0.02183829292334849,26318,610000000,8.45,0,2,4,-5.443309788846444,4.009847891011523,4.956494800974039,-5.443309788846444,4.009847891011523,4.956494800974039,60.20195508003235
-6.110984171244919,2.259934087258609,5.0,-4.294778270179235,1.9748574010486337,4.941224983772558,-0.41153249469010844,-0.0013420752654212894,-0.0018006994887701283,-0.9113923206443364,0.15423249474402742,0.12182935685952807,0.0028200656594688173,-0.00017021151421658942,-0.0008884509668405371,0.027396984478400555,26319,19000000,8.79,0,2,4,-5.48979323305375,3.969501220664946,4.95674604507393,-5.48979323305375,3.969501220664946,4.95674604507393,60.58619689941406
-6.158235379094583,2.204369535360273,5.0,-4.358012254432812,1.9877884841155453,4.942403145486836,-0.4073013286710459,-0.0014323409563345376,-0.0017219370477839612,-0.9132910877671965,0.1667684199615071,0.11944951251227372,0.003076057897088934,-0.00033554775313859864,-0.0006255470054838952,0.030225664158933796,26319,360000000,9.3,0,2,4,-5.5197937060027575,3.927139376970801,4.957189474834596,-5.5197937060027575,3.927139376970801,4.957189474834596,60.96544551849365
-6.204229638839507,2.147644744659009,5.0,-4.426687160140675,2.0037910274265647,4.9437124726884685,-0.4025056606733541,-0.0014853073593945364,-0.0016597752241428656,-0.9154147869322189,0.17314552791408686,0.11674305635542717,0.0031229161248405362,-8.360814405250494e-05,-0.0004371225344357299,0.031192054302664474,26319,690000000,9.89,0,2,4,-5.543612644502911,3.881571423996927,4.957718035125928,-5.543612644502911,3.881571423996927,4.957718035125928,61.34532380104065
-6.24893358419099,2.0897841357178186,5.0,-4.495925475571855,2.020539975755424,4.945015610541517,-0.3976597437591537,-0.0015311328571676805,-0.0016310758174714298,-0.9175302302470777,0.17514173607350897,0.11529992951280385,0.003062458033584392,-5.433503211804691e-05,-0.0003238322108245484,0.03059636837861035,26320,23000000,10.56,0,2,4,-5.565787317612963,3.8288105721760273,4.958379817874072,-5.565787317612963,3.8288105721760273,4.958379817874072,61.72944188117981
-6.2923141662739965,2.030813140862436,5.0,-4.573362346285979,2.0386958051965123,4.946446390338652,-0.39245218964592055,-0.0015678524045605704,-0.00162891155788204,-0.9197696273133269,0.17397184863032694,0.11508128106563487,0.0029073910888286337,0.00014492590736381317,-0.00015226572998017218,0.028733276485581882,26320,361000000,11.26,0,2,4,-5.585977397282563,3.7729905161053323,4.959094082777379,-5.585977397282563,3.7729905161053323,4.959094082777379,62.16559648513794
-6.2923141662739965,2.030813140862436,5.0,-4.648296221816557,2.0516479155615714,4.947747299016599,-0.3888218820229854,-0.0015721712325324916,-0.0016855379084758958,-0.9213100625194963,0.12995646404868813,0.12588506735854726,0.002184125985856349,0.0004845638500228233,0.0003946276592614595,0.003169859883200843,26320,744000000,12.03,0,2,4,-5.607025999103206,3.708586074206277,4.959866578677568,-5.607025999103206,3.708586074206277,4.959866578677568,62.60778188705444
-6.3343386826493955,1.9707582080728947,5.0,-4.705590405727819,2.0403462811217783,4.948552678958894,-0.39029094479550613,-0.0015263513129620562,-0.001943898716452548,-0.9206882588151544,0.03803829787366354,0.14741547994384585,0.0004916888195207037,0.0023019475520413835,0.0018690918636821152,-0.023069909184414428,26321,135000000,12.64,0,2,4,-5.627681399983196,3.643695271504854,4.960574618870863,-5.627681399983196,3.643695271504854,4.960574618870863,62.998993158340454
-6.374974806870911,1.9096468041835581,5.0,-4.7398909556006465,2.003264126108058,4.948628933534349,-0.39507014104381405,-0.0013547644534332214,-0.002393012371769433,-0.9186468427859995,-0.05108161660950246,0.16608060705728164,-0.0015393471779967672,0.0021211741341176094,0.002278890246998344,-0.04218015310470946,26321,478000000,12.58,0,2,4,-5.662224168522353,3.602761638938053,4.960739656516473,-5.662224168522353,3.602761638938053,4.960739656516473,63.38135480880737
-6.414190618568051,1.847507417364816,5.0,-4.761027133196504,1.9446767820741915,4.948134874757222,-0.40252143815520586,-0.0011964453847853112,-0.0028399629676052664,-0.9154053719277861,-0.12193699935305113,0.17858862651451904,-0.0035706058005878865,0.0025154763307000394,0.002162573741770757,-0.06286726566031575,26321,813000000,12.01,0,2,4,-5.711693625420516,3.591824896690481,4.960310139199966,-5.711693625420516,3.591824896690481,4.960310139199966,63.74190402030945
-6.4519546340452365,1.7843695588594015,5.0,-4.772776966275442,1.8590879205030486,4.946855904501667,-0.41479082118437965,-0.0010707260832659529,-0.003376541248350192,-0.9099099005813931,-0.18443689385019457,0.18513118036863846,-0.006039726618191473,0.0024145230554495356,0.0021355503577069612,-0.08710594120202586,26322,136000000,11.03,0,2,4,-5.776198533136878,3.600777016455214,4.95943976139849,-5.776198533136878,3.600777016455214,4.95943976139849,64.14728569984436
-6.4519546340452365,1.7843695588594015,5.0,-4.7780043668765995,1.7569886282549636,4.944915016349631,-0.42937095836025385,-0.000914676957524354,-0.0036532436935083,-0.9031203670017502,-0.17834013975754884,0.17601360356433723,-0.006130110711628262,-0.0009439977361580532,0.0006718564691254869,-0.06458176139858551,26322,494000000,9.37,0,2,4,-5.861555925365279,3.6273655954234654,4.958006370504322,-5.861555925365279,3.6273655954234654,4.958006370504322,64.56709456443787
-6.488235837386567,1.720263763945857,5.0,-4.792895249972764,1.6788219456188977,4.943644789880437,-0.4376391030498622,-0.0008466518734982743,-0.0033767641413933857,-0.8991439796418871,-0.10545050382615687,0.15953586801163203,-0.003702928277269088,-0.002320011162737501,-0.001182095309104625,-0.040129579792846926,26322,860000000,7.4,0,2,4,-5.95735365834646,3.6624336946335654,4.956283684219488,-5.95735365834646,3.6624336946335654,4.956283684219488,64.9840087890625
-6.523003712054525,1.6552215921015208,5.0,-4.821468598725427,1.626083515746959,4.94314370240181,-0.4430746080295417,-0.0009374781311678592,-0.0029053815058683614,-0.8964795433318747,-0.03392714434656432,0.14696438653213834,-0.0013232628621837397,-0.002028220046668139,-0.0015736573914182372,-0.02783278705464909,26323,230000000,6.23,0,2,4,-6.037573562045664,3.6808917426887047,4.954971032383457,-6.037573562045664,3.6808917426887047,4.954971032383457,65.38009786605835
-6.55622827296996,1.5892756263370473,5.0,-4.856529628798024,1.5964295912309674,4.943276331678211,-0.4463599255063062,-0.001039029325897318,-0.002565123670638436,-0.8948492372800119,0.014874339689661792,0.14072055227240976,0.0003232340077338692,-0.0011439533977863903,-0.0013338172720978037,-0.015343651284638327,26323,580000000,5.44,0,2,4,-6.098522917736661,3.6726914497594483,4.9542215228573605,-6.098522917736661,3.6726914497594483,4.9542215228573605,65.75784015655518
-6.587880099059713,1.5224594716742677,5.0,-4.898760902964625,1.5786535480842674,4.943815018039462,-0.44756652689729953,-0.0011511556518927755,-0.002353866968613577,-0.8942467993524204,0.05151573242898623,0.13769384185078642,0.0014418741633566603,-0.00048645403012415045,-0.0011515874007272942,0.0002709870397410441,26323,901000000,4.95,0,2,4,-6.139668313775101,3.6471007288816852,4.953952256399245,-6.139668313775101,3.6471007288816852,4.953952256399245,66.14241671562195
-6.587880099059713,1.5224594716742677,5.0,-4.949575128479386,1.568891326792933,4.944705247561317,-0.44651922066568905,-0.0012723252892600841,-0.0022129050270783515,-0.8947704006144844,0.07880912338808074,0.1362104182091046,0.0023480186187116794,-0.0003193770112375205,-0.000912679053044485,0.013391490119829541,26324,234000000,4.75,0,2,4,-6.1711071967985225,3.6082728641954107,4.953939111767118,-6.1711071967985225,3.6082728641954107,4.953939111767118,66.52298140525818
-6.617930366256996,1.4548077527390042,5.0,-5.004512864916391,1.565072207833483,4.945891427151176,-0.44387543999669615,-0.0013636414136485998,-0.0021185714519018025,-0.8960849546247482,0.09624555019324571,0.1348100521418971,0.0030828369580921974,-0.00015534716908405244,-0.0006718711290432111,0.020706327813968528,26324,569000000,4.86,0,2,4,-6.19616780034112,3.5560147735588483,4.954140037571517,-6.19616780034112,3.5560147735588483,4.954140037571517,66.9013020992279
-6.6463508809387175,1.3863561104401976,5.0,-5.061780183811654,1.5649228555745565,4.947277177745639,-0.4404200654013323,-0.0014285903393245901,-0.0020571661308393446,-0.8977883342910168,0.10650839196548931,0.1331646987734911,0.0035668220529596487,-0.00016682471084550343,-0.0004542212622027364,0.024432672762486618,26324,905000000,5.21,0,2,4,-6.214865966087717,3.495448700314629,4.954465223178775,-6.214865966087717,3.495448700314629,4.954465223178775,67.28985595703125
-6.673114113782642,1.3171411977066247,5.0,-5.120199540480006,1.5665169463251243,4.948806500361566,-0.43655196998601653,-0.0014555856355499865,-0.0020032638860293796,-0.899675633606684,0.11113805729398434,0.13203487737151534,0.0038780497640092957,-0.00031961411934844364,-0.00022126354082274702,0.02580195232440019,26325,251000000,5.68,0,2,4,-6.229344156778752,3.4292033939983284,4.954839342966906,-6.229344156778752,3.4292033939983284,4.954839342966906,67.66605234146118
-6.673114113782642,1.3171411977066247,5.0,-5.171980001643426,1.5682143352448388,4.950208872839179,-0.4330598103024671,-0.0014520214343601632,-0.0019695593134119826,-0.9013618658289556,0.11172663881421921,0.13147390772198092,0.003951170273184668,-6.89341476345362e-05,-5.230547337475855e-05,0.025574341816536617,26325,580000000,6.22,0,2,4,-6.241051940100555,3.359515956412925,4.9551867018403914,-6.241051940100555,3.359515956412925,4.9551867018403914,68.00084161758423
-6.698193234026185,1.2472006742522705,5.0,-5.230398419311688,1.5695316651497446,4.951786253008194,-0.429238256130256,-0.0014380169354204799,-0.0019556656921933006,-0.9031880352137368,0.10993293773141592,0.13076870132434704,0.003826299531945302,-0.00019760484377684406,-4.419446355541368e-05,0.023751517073833384,26325,881000000,6.72,0,2,4,-6.249878570821626,3.2963908105421584,4.955432066393458,-6.249878570821626,3.2963908105421584,4.955432066393458,68.3938958644867
-6.721562144107404,1.1765732003413591,5.0,-5.2929663547578985,1.566849117677098,4.953403249578152,-0.42672569600095117,-0.001439040887448942,-0.001971689349037631,-0.9043778093114287,0.07240491640857527,0.13567006821179686,0.002970075336577827,0.00042507599857799505,8.003613558571487e-05,-0.004423323434821214,26326,218000000,7.29,0,2,4,-6.258922111054105,3.223596866523451,4.955598679880566,-6.258922111054105,3.223596866523451,4.955598679880566,68.84228110313416
-6.74319551466748,1.1052984295239994,5.0,-5.335919342006833,1.5482500356790945,4.954349238339742,-0.4291894601261964,-0.0014719577212065325,-0.0021768425110306354,-0.903210663142178,-0.005323535344106145,0.14745431658995403,0.0010264047512406776,0.0028859429448857554,0.0016078302678579348,-0.03601511525630485,26326,612000000,7.68,0,2,4,-6.273923990270906,3.1490005163257857,4.955610910641488,-6.273923990270906,3.1490005163257857,4.955610910641488,69.21597623825073
-6.763068819892748,1.0334170003132817,5.0,-5.3637111518003575,1.498350895216515,4.954417309905783,-0.4370747807334982,-0.0013543350216812223,-0.0027594843908920635,-0.899419916985003,-0.11435956920954789,0.16184447100943497,-0.002237092733901349,0.0027987810881313635,0.0025463395331826177,-0.06343283603200689,26326,935000000,7.41,0,2,4,-6.299833667936228,3.105247894869731,4.955432928351926,-6.299833667936228,3.105247894869731,4.955432928351926,69.59654784202576
-6.763068819892748,1.0334170003132817,5.0,-5.376579976385771,1.3993940344028397,4.953192919081116,-0.4508984290471131,-0.001176007913898256,-0.0034690805490992785,-0.8925677504640058,-0.21478823659860158,0.16995404830941627,-0.005890857184856579,0.0024917738301155623,0.0024961466351669515,-0.08293776845675893,26327,270000000,6.42,0,2,4,-6.345033975432997,3.0843217164078247,4.954916311949365,-6.345033975432997,3.0843217164078247,4.954916311949365,70.05226993560791
-6.781158373172982,0.9609705267747856,5.0,-5.374484851096286,1.2620018147871295,4.950692496412277,-0.4685642895790685,-0.000925991982426324,-0.004007545602619872,-0.8834198258180275,-0.26100788475548664,0.16393891378922573,-0.007572509433796189,0.0007385091919331899,0.0022322527001961134,-0.08684399726917036,26327,680000000,4.65,0,2,4,-6.419913632442678,3.085536421409895,4.953892435850096,-6.419913632442678,3.085536421409895,4.953892435850096,70.56263661384583
-6.797441363051352,0.8880015879993646,5.0,-5.3718071978948405,1.1593673057219531,4.948818571810247,-0.4807878528355063,-0.0007443789617322841,-0.004044866334197976,-0.876827306555928,-0.22894173648131894,0.15239111799760058,-0.006565875727299023,-0.002020091255872103,-0.0004885855815928153,-0.06742619734723121,26328,142000000,2.36,0,2,4,-6.51788848731049,3.108728343506999,4.9521796573294,-6.51788848731049,3.108728343506999,4.9521796573294,70.96298551559448
-6.81189588944001,0.8145537164302753,5.0,-5.380706760056624,1.074336942947589,4.9474914672799715,-0.48972082820795404,-0.0008284060587855778,-0.003589306937952816,-0.8718715163591607,-0.1495118778432033,0.14087055853361577,-0.0038988207770663196,-0.0021773366825073026,-0.001819931401314534,-0.04980962221452501,26328,495000000,0.77,0,2,4,-6.5907644320731835,3.1262953701471132,4.9509507110413695,-6.5907644320731835,3.1262953701471132,4.9509507110413695,71.36563968658447
-6.824501000073965,0.7406713850157627,5.0,-5.401792576821739,1.0132908808682164,4.946955175849215,-0.49676203587122714,-0.0009699208230475979,-0.003132982875218066,-0.867880592817338,-0.08648766857221757,0.13491793628980914,-0.001462865883054967,-0.0015500705899285094,-0.0016978148778434843,-0.039101019501686096,26328,853000000,0.5,0,2,4,-6.651474341792408,3.1216849988555166,4.9499497427611985,-6.651474341792408,3.1216849988555166,4.9499497427611985,71.76495027542114
-6.835236727174377,0.6663999931584091,5.0,-5.430363981037389,0.9720204195918841,4.94709463783074,-0.5017175806687917,-0.001099442777399645,-0.0028016717867361935,-0.865026248797476,-0.043107250751146416,0.13285301527337479,0.00030994803067191926,-0.001108844367081474,-0.0013912984286434948,-0.025718188408063725,26329,203000000,1.45,0,2,4,-6.693302058030506,3.090851749597505,4.949328164292647,-6.693302058030506,3.090851749597505,4.949328164292647,72.15459513664246
-6.835236727174377,0.6663999931584091,5.0,-5.467390733430082,0.9405293847959817,4.947748264952111,-0.5046532515181207,-0.0012138563313822581,-0.002555147272258598,-0.8633174928769903,-0.010883866578576864,0.13272853244848792,0.0016540659209075127,-0.0006062701913833735,-0.0009909128493745811,-0.010871966151171364,26329,549000000,2.13,0,2,4,-6.71917899409282,3.0424791141394008,4.949064048760882,-6.71917899409282,3.0424791141394008,4.949064048760882,72.56287717819214
-6.8440841242909745,0.5917858514327947,5.0,-5.506876427442478,0.918597936983828,4.948745815246108,-0.505460835191238,-0.001281310952706137,-0.0023880386686547838,-0.8628452929704928,0.01027096646520231,0.13274561204133095,0.0027198329082049094,-0.0007377941187769466,-0.0007179422880199127,0.0007641465003871417,26329,906000000,2.55,0,2,4,-6.73556802482585,2.975531381764304,4.949020773292802,-6.73556802482585,2.975531381764304,4.949020773292802,72.94578456878662
-6.851025303291818,0.5168761650432264,5.0,-5.549193800737477,0.9019943356932895,4.950065673670133,-0.5047282634875778,-0.001319918496224429,-0.002258045839076507,-0.8632743127656273,0.02454523586494752,0.13209795825567577,0.003487328450651551,-0.0002919938395962163,-0.0004847038042044005,0.009121714901993982,26330,243000000,2.67,0,2,4,-6.743732798603141,2.9019368181226324,4.949066922337392,-6.743732798603141,2.9019368181226324,4.949066922337392,73.3342125415802
-6.856043471467056,0.44171901599366026,5.0,-5.59306173907939,0.8886069831024493,4.951558927729527,-0.503055191042205,-0.0013479246451098314,-0.0021872517875873845,-0.8642504693630542,0.032395050515153484,0.1313809245271689,0.0038988843452357107,-0.00026004452706729353,-0.00029795036766699923,0.013084036163490964,26330,583000000,2.59,0,2,4,-6.747277595648347,2.8217579333172167,4.949118265311984,-6.747277595648347,2.8217579333172167,4.949118265311984,73.71274781227112
-6.859122968711804,0.366363343942322,5.0,-5.632297224136194,0.8780298092222009,4.952973427215854,-0.5012576805591258,-0.0013504768101262265,-0.0021343749925631416,-0.8652943766928465,0.03505579892399173,0.1307527234835812,0.004127425884753208,-0.00039224998147346923,-0.00013982599682549335,0.014503885086014634,26330,919000000,2.39,0,2,4,-6.747920188775962,2.7379305091571515,4.949120453433387,-6.747920188775962,2.7379305091571515,4.949120453433387,74.0541467666626
-6.859122968711804,0.366363343942322,5.0,-5.674028890234012,0.8668986674248177,4.954516718929226,-0.49922258883710674,-0.0013320765728806238,-0.002093711408172091,-0.8664702238042115,0.03420969628493124,0.1300559182625291,0.004152984072582413,-0.00011783889632965838,1.4925192814985166e-05,0.014341293353936635,26331,225000000,2.16,0,2,4,-6.74698731082794,2.662261985890419,4.949078273143671,-6.74698731082794,2.662261985890419,4.949078273143671,74.40912389755249
-6.860249304751699,0.2908589257138678,5.0,-5.722811168663093,0.8528244028114836,4.956321703725055,-0.49692352939019957,-0.00130996778879762,-0.002086748762881071,-0.8677908362055803,0.03130552823088541,0.1288563409329428,0.004059560110414973,-7.031381983324536e-05,5.5578504998266e-05,0.01373510567646008,26331,538000000,1.91,0,2,4,-6.745077353468303,2.5804754670326058,4.948934096556601,-6.745077353468303,2.5804754670326058,4.948934096556601,74.84473657608032
-6.85940919637302,0.2152563534425758,5.0,-5.777287926084611,0.834254791065359,4.9583493532359,-0.49493592225835203,-0.0012767861617260985,-0.0020752218570558346,-0.8689260590692487,0.01783660330909579,0.12756417386286534,0.003845001544251451,-0.00012879680468813604,0.00011137092243984625,0.004438378573468071,26331,923000000,1.64,0,2,4,-6.744563840109554,2.4859148893920566,4.94867022818522,-6.744563840109554,2.4859148893920566,4.94867022818522,75.34228777885437
-6.856590604617711,0.1396070113204253,5.0,-5.814245694259064,0.8116081039272217,4.959694368429861,-0.49579633194927675,-0.0012370170361816562,-0.002222701507470128,-0.8684351021305526,-0.05005647626931923,0.12785964051571555,0.0018604779047866325,0.0019225622054364067,0.0021872261640965007,-0.031576422770740464,26332,368000000,1.46,0,2,4,-6.7556957302987195,2.3942022329048864,4.948365597664877,-6.7556957302987195,2.3942022329048864,4.948365597664877,75.72902631759644
-6.8517827719018864,0.06396305092467663,5.0,-5.833039990828004,0.7521875253927641,4.959861880413002,-0.5036335252862729,-0.001002065138849774,-0.0027604194110468806,-0.8639124076883336,-0.1752996305747006,0.12696489113616524,-0.0022494295167695914,0.0018865791048483516,0.0029130565735613345,-0.06204587480169721,26332,703000000,1.64,0,2,4,-6.7823406507864865,2.3518091591427517,4.948010171127437,-6.7823406507864865,2.3518091591427517,4.948010171127437,76.12782716751099
-6.8517827719018864,0.06396305092467663,5.0,-5.831349806146051,0.6348416395193028,4.958389625607715,-0.5165667033182247,-0.0007242156479436192,-0.0033842559371852644,-0.8562399566397191,-0.2859415922967557,0.12089783634874736,-0.006656263740693903,0.001580575167281495,0.00262247231148649,-0.07242206847877242,26333,59000000,2.66,0,2,4,-6.825350298498486,2.330531235325784,4.947469594178023,-6.825350298498486,2.330531235325784,4.947469594178023,76.62814998626709
-6.844976259014825,-0.01162263489980088,5.0,-5.813814372198322,0.48207389418099283,4.955480063358401,-0.5303384973955989,-0.0003891157021422382,-0.003765786676350676,-0.8477775330945359,-0.3170392584268285,0.11021921928169105,-0.008281501855091994,-0.0002404256818522299,0.0019751638092202484,-0.06401999344234355,26333,505000000,4.29,0,2,4,-6.892500174189351,2.3275463024328538,4.946481451139061,-6.892500174189351,2.3275463024328538,4.946481451139061,77.13174223899841
-6.836162981953649,-0.08709643962752353,5.0,-5.802607084182195,0.378498557291184,4.953491874509017,-0.538429609972935,-0.0002183301190862468,-0.0037843780240448387,-0.8426619642058869,-0.2814539704653543,0.10468275841301285,-0.007319454379120535,-0.0011370092238394136,-0.0006024126093961968,-0.05206703790463507,26333,959000000,6.0,0,2,4,-6.973667993175484,2.342159093038432,4.945071641628929,-6.973667993175484,2.342159093038432,4.945071641628929,77.51436233520508
-6.825336248547242,-0.1624040721318142,5.0,-5.800349596617279,0.28840531685941495,4.95191704380785,-0.5449632981040442,-0.0003720268761045853,-0.0034663364301428645,-0.8384526521082265,-0.21013786523752734,0.10253276836782074,-0.004933562667124828,-0.0012882817600257113,-0.002118619772772945,-0.04063626838615164,26334,296000000,7.02,0,2,4,-7.030327354798042,2.3535982790421075,4.944176254888025,-7.030327354798042,2.3535982790421075,4.944176254888025,77.88493275642395
-6.81249079482118,-0.23749058727900846,5.0,-5.807831038377744,0.21866592155038744,4.951036092688079,-0.5501781416273275,-0.0005847317665759878,-0.0031029684700205314,-0.8350413415819216,-0.15267553672454812,0.10231429378031276,-0.002650056970654971,-0.0010431120358589396,-0.00198825487132126,-0.031784265956957825,26334,624000000,7.86,0,2,4,-7.075557077757256,2.34423035187029,4.943419638433094,-7.075557077757256,2.34423035187029,4.943419638433094,78.26463341712952
-6.797622821053677,-0.3123004180587462,5.0,-5.821736713167013,0.16727492543307007,4.950751484409514,-0.5538658138368482,-0.0007513534574024395,-0.002816715250500568,-0.8326008418480162,-0.11262187519747824,0.10317617859151844,-0.0009775659208105566,-0.0008725981217594381,-0.0015783921867296158,-0.02189652714150725,26334,961000000,8.54,0,2,4,-7.102562011248557,2.3082656680501783,4.942887496525131,-7.102562011248557,2.3082656680501783,4.942887496525131,78.64193892478943
-6.797622821053677,-0.3123004180587462,5.0,-5.840505166816706,0.12591838329071103,4.950894048587959,-0.5561822839862675,-0.0008687951550998738,-0.0025869734746600133,-0.8310558463442986,-0.08387458371988209,0.10420519690640628,0.0003370394728262566,-0.0007429280572068819,-0.0011714515721905627,-0.012363597033981932,26335,294000000,9.04,0,2,4,-7.114768889634795,2.254587109525123,4.942591052920094,-7.114768889634795,2.254587109525123,4.942591052920094,78.99416637420654
-6.780730027470835,-0.38677740927057114,5.0,-5.864057819033819,0.08971863291992241,4.951421980275863,-0.5573233784479419,-0.00094603936402711,-0.0023967071715133657,-0.8302915226832246,-0.06212455870221106,0.10461870563943916,0.001432370418563347,-0.0006309676564342226,-0.0008174620518275333,-0.003554085719770228,26335,604000000,9.37,0,2,4,-7.11743811646435,2.1863592025009257,4.942412969626915,-7.11743811646435,2.1863592025009257,4.942412969626915,79.36848378181458
-6.761811649527623,-0.46086485278605455,5.0,-5.890064554086096,0.05940709654543202,4.952257976405925,-0.5574208698543832,-0.0009865266456636945,-0.002251905911043807,-0.8302264326891355,-0.046861157443106864,0.10437981078712547,0.002288193955694768,-0.0005246182240625785,-0.0005492006778240466,0.0019174548015143955,26335,941000000,9.56,0,2,4,-7.112970042893247,2.1029101588079504,4.9422622493352355,-7.112970042893247,2.1029101588079504,4.9422622493352355,79.76105332374573
-6.740868492719295,-0.53450552440425,5.0,-5.919070480632075,0.03141370240560742,4.953407385292761,-0.5568753100880727,-0.0010040497282899808,-0.0021380386656214855,-0.8305927459887429,-0.03751219631611802,0.10352687245925045,0.002993622985403391,-0.00042215765745368117,-0.0003550731577206534,0.005415710802481044,26336,287000000,9.61,0,2,4,-7.1034467325639765,2.012190409001148,4.94207750417366,-7.1034467325639765,2.012190409001148,4.94207750417366,80.16251254081726
-6.740868492719295,-0.53450552440425,5.0,-5.945260571207844,0.008493726461325376,4.954604253067789,-0.556039572346999,-0.0009999997717616855,-0.00205615478787489,-0.8311526732268332,-0.03366456460906246,0.10231875062623366,0.0034191696288233173,-0.0005118134879467107,-0.00018369999850165186,0.006991650798227056,26336,650000000,9.59,0,2,4,-7.089827096979103,1.9116736974112951,4.9417839979498925,-7.089827096979103,1.9116736974112951,4.9417839979498925,80.52170920372009
-6.717902966866081,-0.6076417223171494,5.0,-5.9728445330426885,-0.015034753441474173,4.955966150395158,-0.5549765012345492,-0.0009679810079073087,-0.0019721158783240493,-0.8318631238666546,-0.032160448760283344,0.10040233329756099,0.003589810205953397,-0.0005520901254385535,-0.00013997489816119923,0.008149708992277738,26336,961000000,9.53,0,2,4,-7.075816077102105,1.8206462381062607,4.941431632257471,-7.075816077102105,1.8206462381062607,4.941431632257471,80.9264464378357
-6.692919119812252,-0.6802153072003038,5.0,-5.998257772524565,-0.03664021492315128,4.957258876310519,-0.5538525234516384,-0.0009444930825673672,-0.0019067133462222462,-0.8326120673178382,-0.03188269758802443,0.09818592437869592,0.0035614865993902857,-0.00023165101197264448,-6.737493549735518e-05,0.008495410111208912,26337,316000000,9.5,0,2,4,-7.058668210363436,1.7173795175994142,4.940898176701796,-7.058668210363436,1.7173795175994142,4.940898176701796,81.27779793739319
-6.66592267047879,-0.7521677439422926,5.0,-6.022803424621012,-0.0583172155079254,4.958511772628941,-0.5527458171823116,-0.0009286086177713721,-0.001879974892393677,-0.8333472655309413,-0.034005448823613546,0.09580260457975975,0.00343035291177069,-0.00015706964688888547,-5.840476191565358e-06,0.007760774497000966,26337,631000000,9.36,0,2,4,-7.044651655959717,1.6323950560577734,4.940354864313446,-7.044651655959717,1.6323950560577734,4.940354864313446,81.63476085662842
-6.66592267047879,-0.7521677439422926,5.0,-6.0489146393267825,-0.08768769096652312,4.959915603371214,-0.5520696983237509,-0.0007704576173550534,-0.0018723710351743433,-0.8337955077922218,-0.06978751922435082,0.0894186119877876,0.002998961811051532,-0.0008451439100554126,0.00213715663903713,-0.0032922644777499954,26337,947000000,9.3,0,2,4,-7.035898846474301,1.5518468365840765,4.939822252407923,-7.035898846474301,1.5518468365840765,4.939822252407923,82.0616409778595
-6.636921041207126,-0.8234401450252024,5.0,-6.061581007408339,-0.1315826812743953,4.960852144383747,-0.5535322434608803,-0.0003688427385150024,-0.0020337695090435056,-0.8328251816472547,-0.15264490255795046,0.07823403914647276,0.0007541021798548347,-0.00010664078118338693,0.0027213404564463417,-0.02168392929888796,26338,325000000,9.34,0,2,4,-7.039556342017945,1.4791966756967119,4.939262881427661,-7.039556342017945,1.4791966756967119,4.939262881427661,82.43642210960388
-6.605923389329609,-0.8939733155664553,5.0,-6.055302581982496,-0.21635251475367262,4.960551242474657,-0.5581094015504438,1.4302791219216121e-05,-0.0023357424452601933,-0.8297640869570488,-0.26459420785034365,0.062067946632040426,-0.0036175443323386023,0.0003972463019863426,0.002563791599641263,-0.03269476546847727,26338,661000000,9.62,0,2,4,-7.057660346105413,1.4389343068729483,4.938799165553923,-7.057660346105413,1.4389343068729483,4.938799165553923,82.87497210502625
-6.572940637900542,-0.9637078000306676,5.0,-6.024349788540739,-0.3640520400033786,4.958468592404967,-0.56427020214778,0.00045748621481365125,-0.002665110705337189,-0.8255857477327203,-0.3348208147388963,0.04762118319045573,-0.0066484593874843335,-0.00020667427378384673,0.002119208079420787,-0.026608000189298764,26339,49000000,10.25,0,2,4,-7.090205395811187,1.415085811604213,4.938263010134754,-7.090205395811187,1.415085811604213,4.938263010134754,83.41294121742249
-6.5379855055198695,-1.0325839306182591,5.0,-5.996066464386305,-0.48316404473233315,4.956529245618529,-0.5677122410503396,0.0006550245823115572,-0.002801284395149416,-0.8232220448397473,-0.31630631672845155,0.04636387181799882,-0.006568814790724212,0.00015419915371239767,-0.00012883771205451922,-0.016877541384019423,26339,529000000,10.99,0,2,4,-7.143633916454972,1.4074388464161876,4.937347201314631,-7.143633916454972,1.4074388464161876,4.937347201314631,83.83059740066528
-6.501072535179841,-1.100541877335473,5.0,-5.977365580487417,-0.5799209218561939,4.9550245087991485,-0.5695715344895507,0.0004992348410170625,-0.002722597349140531,-0.8219371054572644,-0.2546066149889268,0.05171013242924973,-0.004931624491312825,7.831078647768663e-05,-0.0018305372805116349,-0.01066627528416575,26339,894000000,11.36,0,2,4,-7.189679818166203,1.4139888946921757,4.936361595196164,-7.189679818166203,1.4139888946921757,4.936361595196164,84.2180826663971
-6.462218122063195,-1.1675216997484856,5.0,-5.967467000458856,-0.665806560819602,4.953929677684797,-0.5709208120278868,0.00017911439328022953,-0.0024967393734765366,-0.8210013158357015,-0.1914677739242394,0.056987952477104066,-0.0029171322484918003,-0.0001555095735739087,-0.001954011509042175,-0.00626315295448876,26340,235000000,11.54,0,2,4,-7.230922222330803,1.4189601093311637,4.93562046494001,-7.230922222330803,1.4189601093311637,4.93562046494001,84.64042735099792
-6.462218122063195,-1.1675216997484856,5.0,-5.966278847978059,-0.7265248130430939,4.953444449678195,-0.5715623533559286,-4.0381381263019126e-05,-0.002285349615928675,-0.8205554531978381,-0.14939178712681705,0.059973994436983445,-0.001455890918678683,-0.0004985143277735915,-0.001637127274989325,-0.002458812718941772,26340,608000000,11.66,0,2,4,-7.25777700867316,1.3968174094435828,4.93510741788819,-7.25777700867316,1.3968174094435828,4.93510741788819,85.02691316604614
-6.421440540219725,-1.2334634004219198,5.0,-5.970069687398064,-0.7759803134591221,4.953343025287004,-0.5716403902744275,-0.0002090011484132641,-0.0020891111609277727,-0.8205015881398264,-0.11790835163036958,0.06142915572863813,-0.0002412430925331513,-0.00024027415861382906,-0.0013327937836038473,0.0019130851683257788,26340,946000000,11.72,0,2,4,-7.262889313451783,1.3485616331338548,4.9348903053255535,-7.262889313451783,1.3485616331338548,4.9348903053255535,85.41030931472778
-6.378759968046356,-1.298306980039814,5.0,-5.97686121309246,-0.8145717545466878,4.953573861796642,-0.5711611639561812,-0.0003362711180450879,-0.0019427459918837865,-0.8208355727232869,-0.0957212231367779,0.061761556541080065,0.0008155997727944898,-0.00039555069406560506,-0.0010694097909436096,0.005529514692170778,26341,283000000,11.73,0,2,4,-7.254445908528191,1.2794630923975792,4.934836884630326,-7.254445908528191,1.2794630923975792,4.934836884630326,85.7850353717804
-6.334198512494224,-1.3619924942046309,5.0,-5.985572751889799,-0.8476160947334327,4.954101945607131,-0.5702565361080605,-0.00041741260359354237,-0.00180360611214837,-0.8214645797584621,-0.08062137692168869,0.06096173205533552,0.001684067593665507,-0.0005041774215897021,-0.0007554761452865932,0.008316418461618014,26341,613000000,11.69,0,2,4,-7.237938722292581,1.2018027760946761,4.934872310351756,-7.237938722292581,1.2018027760946761,4.934872310351756,86.14416265487671
-6.334198512494224,-1.3619924942046309,5.0,-5.995739952658694,-0.878663752631304,4.9548883056515365,-0.568941509206775,-0.0004554923740951131,-0.001683973508324786,-0.8223761401338424,-0.07070395740892378,0.05894093659309881,0.0023045042953183975,-0.00039261028916826035,-0.00048292729388776934,0.010482302423042711,26341,936000000,11.6,0,2,4,-7.215767420948111,1.1165621127223715,4.934937073094879,-7.215767420948111,1.1165621127223715,4.934937073094879,86.5122435092926
-6.287780231924655,-1.4244601119072358,5.0,-6.004779290545553,-0.903777655731219,4.955724126475006,-0.5675677831916575,-0.00046941147907437217,-0.0015996476521121712,-0.823324985812504,-0.06487431024233652,0.05677798877669824,0.002678570905915761,-0.00048561529979451734,-0.00038802003530236107,0.011818281564046629,26342,265000000,11.47,0,2,4,-7.187926217143662,1.021056022451877,4.934951261842679,-7.187926217143662,1.021056022451877,4.934951261842679,86.84421825408936
-6.239531157534259,-1.4856501756582063,5.0,-6.014827549797903,-0.9302923597285151,4.956755671239082,-0.5658353981967849,-0.0004746613980642589,-0.0015081407419596767,-0.8245167083543822,-0.060564502832209266,0.054094515906452555,0.0029076485752033364,-0.0003616376517356912,-0.0003031108263940041,0.01279357911698753,26342,561000000,11.34,0,2,4,-7.160767674231797,0.9344430064734961,4.934810878652247,-7.160767674231797,0.9344430064734961,4.934810878652247,87.21849870681763
-6.189479313267984,-1.5455032632678436,5.0,-6.023112979417504,-0.9527137849469434,4.957716463390563,-0.5642283294613117,-0.000464070529476458,-0.001435693285757221,-0.8256174148215565,-0.05946336025695563,0.051418620363620327,0.0030680335621360083,-0.0006229830660231528,-0.0001136605256135681,0.01310250672759139,26342,897000000,11.17,0,2,4,-7.127869271858861,0.8350259683212508,4.9344394187944935,-7.127869271858861,0.8350259683212508,4.9344394187944935,87.58180332183838
-6.189479313267984,-1.5455032632678436,5.0,-6.030521450693948,-0.9748738000880152,4.958711860130967,-0.5626041432009778,-0.000422910089204068,-0.0013733892610925168,-0.826725173804504,-0.060463866545072686,0.04844580051179311,0.0031409313369735884,-0.00029165264834318805,5.30842815038568e-05,0.012920173594466178,26343,215000000,11.01,0,2,4,-7.098630394824464,0.7486162845648736,4.93400311821297,-7.098630394824464,0.7486162845648736,4.93400311821297,87.90777850151062
-6.137654734137321,-1.603960251259457,5.0,-6.038249685946884,-1.0031906547864693,4.959971245433729,-0.5605947070719027,-0.0003750613771038572,-0.00133237294290119,-0.8280891609689575,-0.06270082514062762,0.04468464445204071,0.0031840786589689024,-0.00036024338214701856,2.8722493006227978e-05,0.012848203277826542,26343,507000000,10.88,0,2,4,-7.072692077290815,0.668488143234476,4.933601583472239,-7.072692077290815,0.668488143234476,4.933601583472239,88.33019232749939
-6.08408948285958,-1.660962379897295,5.0,-6.042544709235052,-1.0348523926438873,4.961230531346352,-0.5587446376456945,-0.00016191244105347993,-0.0012630215963499436,-0.829338777860405,-0.09997064020926752,0.036089124614694996,0.002886798346954155,-0.0015214588756862213,0.002215495828750136,0.0090700448708958,26343,883000000,10.73,0,2,4,-7.051364972481002,0.5865950241798,4.933256568359746,-7.051364972481002,0.5865950241798,4.933256568359746,88.77208805084229
-6.028817664732745,-1.716451319807343,5.0,-6.03056485940253,-1.0953753954283285,4.962217371131948,-0.5575469634164183,0.00043830345823946625,-0.0013577456735084047,-0.8301441730217081,-0.1996128446311048,0.018200246506155773,0.0004912328063522797,-0.0009542382429117424,0.0027445756131783128,0.004615774059857358,26344,276000000,10.61,0,2,4,-7.0461518185294,0.5320321150005951,4.933083742242501,-7.0461518185294,0.5320321150005951,4.933083742242501,89.2362015247345
-6.028817664732745,-1.716451319807343,5.0,-5.991453832796208,-1.2007627730232975,4.961901492535446,-0.5566298674922076,0.0010132214457523063,-0.0014915473861551616,-0.8307586528494927,-0.3028535735602615,0.00030380946818328564,-0.003386894640143294,-0.0009334406968264375,0.002311020534762065,0.0067780615609081,26344,685000000,10.54,0,2,4,-7.056969500005396,0.5008480403296113,4.932905579712603,-7.056969500005396,0.5008480403296113,4.932905579712603,89.72333097457886
-5.971875440659106,-1.7703692401658633,5.0,-5.933021003310447,-1.3378094467318298,4.96036471573646,-0.5548443046122025,0.001399386900028453,-0.0016354618896870189,-0.83195141962744,-0.3151606821994539,-0.0028309919056089794,-0.004713973319063301,-9.512650356313657e-06,0.0009380111862355989,0.012319502093305346,26345,126000000,10.43,0,2,4,-7.080720606947337,0.491628906865066,4.9325816547368735,-7.080720606947337,0.491628906865066,4.9325816547368735,90.23899269104004
-5.9133010382297755,-1.8226588784270257,5.0,-5.895622775107877,-1.4263384353495148,4.959334213676667,-0.5530893445241524,0.0014205410426211297,-0.0017001526357329154,-0.833119000214258,-0.27704911956735045,0.002005906974409856,-0.004071387921803485,0.0008630143327081896,-0.000942074223075906,0.014288823422248242,26345,589000000,10.13,0,2,4,-7.114179457776488,0.5004366886916684,4.93195071253447,-7.114179457776488,0.5004366886916684,4.93195071253447,90.60499310493469
-5.853134760780966,-1.8732636115574528,5.0,-5.864733420332494,-1.5041988585399246,4.958514090274632,-0.5509768603082071,0.0011144106370442127,-0.0016414983314467827,-0.8345181621612977,-0.21840724893337704,0.008781386688027885,-0.00272694367507248,0.0006224021774414723,-0.00210865757708234,0.015350489229604136,26345,915000000,9.84,0,2,4,-7.136666896245039,0.508715494337126,4.931562377146548,-7.136666896245039,0.508715494337126,4.931562377146548,90.97838735580444
-5.791418994331977,-1.9221275287416824,5.0,-5.843384079353976,-1.562711447459046,4.958060234724277,-0.5489065487542749,0.0008062099908130787,-0.0015113175469260282,-0.8358819693469849,-0.1735848046342685,0.012379022336526201,-0.0015307073820170123,0.000101244956596247,-0.001925786045831046,0.01555075232317904,26346,247000000,9.5,0,2,4,-7.146744554611249,0.4987022971024494,4.9314238434845805,-7.146744554611249,0.4987022971024494,4.9314238434845805,91.33811140060425
-5.728198212313908,-1.9691955055186912,5.0,-5.826533307731509,-1.6125815431174233,4.957875359577291,-0.5467115605895646,0.0005670470814842414,-0.001352421836882717,-0.8373197232422661,-0.1379722926688933,0.013526153690895413,-0.0004672845817966743,-0.0001085709456560835,-0.0015201157111732755,0.015050251386128366,26346,565000000,9.18,0,2,4,-7.138519989394971,0.46361806799438987,4.931492792183806,-7.138519989394971,0.46361806799438987,4.931492792183806,91.71389675140381
-5.6635189779972706,-2.014413279305643,5.0,-5.813612063777038,-1.6530136006297744,4.957983350445734,-0.5445876752251,0.00039102070067999136,-0.0012146623280575293,-0.8387029484216455,-0.11269135660037877,0.012736694949239813,0.00044696702671066124,-8.872750925092987e-05,-0.0011362572308826202,0.014982593347667716,26346,898000000,8.86,0,2,4,-7.114692896939419,0.4044830941764898,4.9317073686610025,-7.114692896939419,0.4044830941764898,4.9317073686610025,92.09885168075562
-5.6635189779972706,-2.014413279305643,5.0,-5.803513152542109,-1.684817271776204,4.958297622924748,-0.542566412393363,0.00028147887900287715,-0.0011018966366764483,-0.8400121396361112,-0.09617732221011874,0.01069867200656047,0.0009743574263558826,-0.0004166460058740995,-0.0008243463071266888,0.015003553289716365,26347,243000000,8.57,0,2,4,-7.079794315940204,0.32978421495836335,4.9320350456504265,-7.079794315940204,0.32978421495836335,4.9320350456504265,92.4690055847168
-5.59742994452607,-2.057727526260811,5.0,-5.794921497108485,-1.7106243217319579,4.958673530267206,-0.540680709309103,0.00022786606366096383,-0.0009911378473139202,-0.8412272798143375,-0.08486095760141259,0.008387579866356677,0.0012432379857723256,-0.0004912873464490985,-0.0006458423570165905,0.01484797594457632,26347,569000000,8.31,0,2,4,-7.0403170489053615,0.2509084438187792,4.9323407458096815,-7.0403170489053615,0.2509084438187792,4.9323407458096815,92.81776404380798
-5.529981852465275,-2.0990859394333827,5.0,-5.785835830585202,-1.7362136640097645,4.95920613371173,-0.5385590214769956,0.00019514711716282621,-0.0008703216064340341,-0.842587315857321,-0.07546538462556736,0.005775175109180386,0.001672734255380556,-0.0005303460170580365,-0.0004322828601743822,0.014945914426789386,26347,872000000,8.08,0,2,4,-6.9992421661442865,0.17251515749087773,4.932515291548062,-6.9992421661442865,0.17251515749087773,4.932515291548062,93.20615816116333
-5.461227524768241,-2.1384373081434203,5.0,-5.776194871768748,-1.7604217692411404,4.959929544446334,-0.5362639648437384,0.0001903057103657796,-0.0007696227104332005,-0.8440499579258882,-0.07002976699696091,0.002295982758067149,0.002130410523307656,-0.00037831145505151653,-0.0002603086443286884,0.015345895553764421,26348,214000000,7.83,0,2,4,-6.949343717278602,0.08091251503103594,4.9325251019465846,-6.949343717278602,0.08091251503103594,4.9325251019465846,93.59609794616699
-5.461227524768241,-2.1384373081434203,5.0,-5.768763467973862,-1.7767182864153999,4.960538732171608,-0.5345666324161935,0.00019411333762161913,-0.0007132068171373441,-0.8451260078611107,-0.06822300517280573,-0.0005364029366427468,0.002353215536062352,-0.0004690591651979048,-0.0001527606372064838,0.01553506990603637,26348,559000000,7.56,0,2,4,-6.894352713016467,-0.0166995512807658,4.932335439694399,-6.894352713016467,-0.0166995512807658,4.932335439694399,93.90077471733093
-5.391221859070367,-2.1757315985306627,5.0,-5.7580449158311575,-1.7971675397963727,4.9613829597490255,-0.5323302185051141,0.00022019904264089418,-0.0006468917445132069,-0.8465365151662093,-0.06735237217548107,-0.004163300538576388,0.002463864031034929,-0.0003413657196915665,-4.833038680374102e-05,0.015466188960999716,26348,824000000,7.37,0,2,4,-6.8549417298376225,-0.08526753107664978,4.932120535586592,-6.8549417298376225,-0.08526753107664978,4.932120535586592,94.28808069229126
-5.320021817215077,-2.210920035206205,5.0,-5.744231130538447,-1.8202453391312723,4.962404806325861,-0.529704843014813,0.00024200260111042162,-0.0006109989481903184,-0.8481817891240524,-0.06721317501676376,-0.007767319664244744,0.0024552142216246664,-6.831357737269173e-05,5.003791372359956e-05,0.01565068760100985,26349,175000000,7.14,0,2,4,-6.8096877315864,-0.16358377662200915,4.931832988580237,-6.8096877315864,-0.16358377662200915,4.931832988580237,94.74361205101013
-5.320021817215077,-2.210920035206205,5.0,-5.727025393275223,-1.8456752316406033,4.963372208887149,-0.5269596535140494,0.00041476171460232266,-0.0005933600995695399,-0.8498899925666058,-0.0999482818842425,-0.014822142079491025,0.0021199180472924128,-0.0010202091857536288,0.00204303969439934,0.017232387654075865,26349,576000000,6.89,0,2,4,-6.769719720405408,-0.2329557418854498,4.931530428948594,-6.769719720405408,-0.2329557418854498,4.931530428948594,95.18891620635986
-5.247686411918379,-2.2439551839362215,5.0,-5.6954907162536825,-1.890724738869134,4.964092708686248,-0.5237648864796988,0.0009461568897427362,-0.0006450665933550573,-0.8518620970363328,-0.18227250969792533,-0.025809434015222243,0.0005086318667854959,-0.0013539918882088386,0.0025604937036405317,0.021271934747346677,26349,975000000,6.63,0,2,4,-6.747951379351431,-0.27148352935570663,4.931249240485469,-6.747951379351431,-0.27148352935570663,4.931249240485469,95.63337898254395
-5.174276690478312,-2.274791035281989,5.0,-5.633938752895682,-1.979093572101478,4.964030540995553,-0.5191139055104792,0.0015380837201238748,-0.0007241612058489593,-0.8547033771985899,-0.2708392703760751,-0.03565955868294474,-0.0018901403641586542,-0.0007479155328837805,0.0022002412833899143,0.02606342877697898,26350,369000000,6.28,0,2,4,-6.740228304185858,-0.28492531677096306,4.93087464040646,-6.740228304185858,-0.28492531677096306,4.93087464040646,96.13182520866394
-5.09985571543612,-2.3033830891153344,5.0,-5.5674481935917965,-2.073464025600674,4.963503384929495,-0.5145450647691384,0.0018485291833118403,-0.0008333454406077431,-0.85746094068299,-0.28039102882680333,-0.036752857442004044,-0.002405887007485054,0.00013111172592061848,0.0007354442459472921,0.026387087564216927,26350,820000000,5.69,0,2,4,-6.742943793234638,-0.2777095075434467,4.930230047462541,-6.742943793234638,-0.2777095075434467,4.930230047462541,96.58402848243713
-5.0244885420965195,-2.3296884399234474,5.0,-5.513993759648675,-2.1471173641219545,4.9631265271590985,-0.5107155862529464,0.0018283730143269766,-0.0008621074712267343,-0.8597473488072747,-0.24267160652555142,-0.03412383535416198,-0.002012414576290494,0.0004384225519515894,-0.0012151606938459736,0.026467047791811638,26351,220000000,5.08,0,2,4,-6.751949521808372,-0.256683987191683,4.929346365561603,-6.751949521808372,-0.256683987191683,4.929346365561603,96.97367548942566
-4.948242192815196,-2.3536658628116753,5.0,-5.468698162937713,-2.206371671231383,4.9628017177705095,-0.5068540651533543,0.0015464197907931478,-0.0007720346458414659,-0.8620301440122934,-0.19362339000343998,-0.03174955404810432,-0.0015331018796336622,0.00048209123804099363,-0.0019089424540652544,0.026190230528300162,26351,567000000,4.56,0,2,4,-6.755831288746834,-0.2412809030522093,4.928682930464092,-6.755831288746834,-0.2412809030522093,4.928682930464092,97.34657168388367
-4.871185627962738,-2.375275900107432,5.0,-5.430654418606097,-2.252275155254794,4.962558971083765,-0.5030978484693682,0.0012677403418405642,-0.0006389571299806505,-0.8642282912712962,-0.15442780073491452,-0.03156912622243206,-0.0009852432970106034,-0.00015772990877849224,-0.0016716146546968957,0.024516372286598198,26351,898000000,4.03,0,2,4,-6.742962681396934,-0.2489982707914758,4.928459910788206,-6.742962681396934,-0.2489982707914758,4.928459910788206,97.74579691886902
-4.793389713475383,-2.394480948462829,5.0,-5.397706630673284,-2.287754882397576,4.962439015755342,-0.49964242822810084,0.0010658771466262663,-0.0004900089055929657,-0.8662309551796838,-0.12549008491931612,-0.03314964706925206,-0.00048751785444094256,-0.00010763912641209572,-0.0012658196510528796,0.02200118760811165,26352,256000000,3.51,0,2,4,-6.711305880182839,-0.28300047831718217,4.928579939317643,-6.711305880182839,-0.28300047831718217,4.928579939317643,98.12385487556458
-4.793389713475383,-2.394480948462829,5.0,-5.369692678725439,-2.3139467812056957,4.962431569291321,-0.4967549143578014,0.0009265419082213619,-0.0003775593429770201,-0.8678902891670168,-0.10593618225163977,-0.03591818552352761,-5.6377563587344686e-05,-0.00023927292573944214,-0.0009927839528245386,0.019396873540244997,26352,577000000,3.04,0,2,4,-6.665309172951573,-0.3367716815855931,4.928936282250917,-6.665309172951573,-0.3367716815855931,4.928936282250917,98.49165797233582
-4.7149271849044485,-2.411245346347941,5.0,-5.34176384754086,-2.3360516739402493,4.962559720484706,-0.4940637129600858,0.0008156103692727134,-0.00027257658653854263,-0.8694252745451008,-0.090622790821427,-0.038995450774719644,0.0003967633428054307,-0.00015799943753336265,-0.0007532946426636045,0.016803357175376732,26352,906000000,2.67,0,2,4,-6.613144080151928,-0.39922242944644654,4.9293431795550875,-6.613144080151928,-0.39922242944644654,4.9293431795550875,98.8596727848053
-4.6358726078780785,-2.425535461820819,5.0,-5.318321604703374,-2.351744117608073,4.962774017169146,-0.49197330579515475,0.0007404729366076942,-0.00020530629261843018,-0.8706099447709883,-0.08052309915216552,-0.04139328507642631,0.0007116166512396365,-0.00010774027145998843,-0.0005672182567195705,0.015372360940091312,26353,237000000,2.34,0,2,4,-6.55135752019717,-0.47317298573464733,4.92973258425928,-6.55135752019717,-0.47317298573464733,4.92973258425928,99.21408033370972
-4.556302334890787,-2.437319780454559,5.0,-5.28931154817967,-2.367937158324011,4.963136123789518,-0.4895033234148424,0.0006850747065260663,-0.00012085533371731383,-0.8720011539169309,-0.07261538913752644,-0.04519293075725676,0.0008263217640434112,-0.0004003304439947897,-0.00038423665955633624,0.014574634042219259,26353,556000000,2.09,0,2,4,-6.49317140465133,-0.5420558429016211,4.929960142702685,-6.49317140465133,-0.5420558429016211,4.929960142702685,99.63804912567139
-4.556302334890787,-2.437319780454559,5.0,-5.264724050802081,-2.379307593479431,4.963424830046695,-0.48748959163941097,0.0006737638675313526,-3.885711962395928e-05,-0.8731285372587562,-0.06895727752608496,-0.04869687223186136,0.0007974890299782772,-0.0004672125442084507,-0.0002128908093368409,0.014240143173083197,26353,928000000,1.81,0,2,4,-6.416965121400715,-0.6307295666654021,4.930046988889335,-6.416965121400715,-0.6307295666654021,4.930046988889335,99.97927474975586
-4.476294458338724,-2.446568993295677,5.0,-5.239579644125591,-2.3892643891987864,4.963723821780417,-0.4855239030841302,0.0006772943444789744,2.241927334867093e-05,-0.8742231295863198,-0.06672202613739613,-0.05177435978401042,0.0007992995621697658,-0.00016937592732801932,-0.00016511115603634607,0.013757645410805708,26354,243000000,1.62,0,2,4,-6.353081495763642,-0.7032282814910207,4.929983427003906,-6.353081495763642,-0.7032282814910207,4.929983427003906,100.3336067199707
-4.3959287597209284,-2.4532560847220677,5.0,-5.210806878984312,-2.3991430520050794,4.964041245175847,-0.4833792962567429,0.0006741580102667378,7.061584598754223e-05,-0.8754107587154245,-0.06508684930737413,-0.05472101267151576,0.0007899871651606131,-0.0002849112348712879,-7.654345424157327e-05,0.013676812068297295,26354,560000000,1.45,0,2,4,-6.295643761665532,-0.7640880615293631,4.929859430440721,-6.295643761665532,-0.7640880615293631,4.929859430440721,100.75241446495056
-4.315286654929753,-2.457356420062667,5.0,-5.17786013980787,-2.4109529898814435,4.964397960411826,-0.48080477683746614,0.0007968280213844913,7.450583342944741e-05,-0.8768273068764791,-0.09521957828411139,-0.058911242351973425,0.0007618369960054776,-0.0003885360001731897,0.001985424250960932,0.019803506074822508,26354,932000000,1.3,0,2,4,-6.242819716751206,-0.8123799690940375,4.92964257511194,-6.242819716751206,-0.8123799690940375,4.92964257511194,101.17920756340027
-4.315286654929753,-2.457356420062667,5.0,-5.131537430460733,-2.4398233098231024,4.9646741742806535,-0.4767386284778653,0.0012746009714535065,-2.364855086748165e-05,-0.8790441712167559,-0.17387051114616078,-0.06389171676501483,-0.00034427548429382673,-0.0011465962302281696,0.0027635267315417877,0.0308059203234734,26355,308000000,1.13,0,2,4,-6.2033235822648605,-0.8360597732262636,4.929311982809891,-6.2033235822648605,-0.8360597732262636,4.929311982809891,101.60079050064087
-4.234451135556854,-2.4588478328347407,5.0,-5.049357187948525,-2.5091032367827757,4.964363840433881,-0.4696629672840275,0.0018866024118824873,-0.0001144050297445826,-0.8828437714594757,-0.26368532714373183,-0.0664385109133572,-0.002288734527304115,-0.0006305661315764155,0.0022603886918659555,0.03736157013918273,26355,684000000,0.94,0,2,4,-6.177276824860546,-0.8364314200030554,4.928888603318218,-6.177276824860546,-0.8364314200030554,4.928888603318218,102.10409379005432
-4.153506706144404,-2.457710711448501,5.0,-4.947582740341464,-2.6012124591650743,4.963677972092014,-0.4620275998527653,0.0022093298286132886,-0.00023402511685959916,-0.8868627633790055,-0.26882677469914673,-0.0655819343668709,-0.0023642883881696657,0.00022318902779261407,0.0004680148236957393,0.03250051922805142,26356,143000000,1.15,0,2,4,-6.158058291545823,-0.8137546604202414,4.928073309368292,-6.158058291545823,-0.8137546604202414,4.928073309368292,102.63331580162048
-4.072539317315207,-2.4539280852224348,5.0,-4.879514475384819,-2.658918626712473,4.963355320081428,-0.4572728390522568,0.0021649806539695304,-0.0002370905768715745,-0.8893237921656628,-0.23180556398827906,-0.06550082286606398,-0.0019612316289105984,0.00017280383417528355,-0.001352783385755174,0.030910245186532848,26356,617000000,1.88,0,2,4,-6.147486229362014,-0.7699657654668852,4.926764941487152,-6.147486229362014,-0.7699657654668852,4.926764941487152,103.03128004074097
-3.991636294719297,-2.447485709546427,5.0,-4.820265008228267,-2.702637048386368,4.963039436500948,-0.4526897635935131,0.001886417236327164,-0.00011125035937155272,-0.8916660849168915,-0.18307713604832082,-0.0666050812337465,-0.001590015500321662,0.00012123356540882924,-0.0019166680658599944,0.029500895470846444,26356,968000000,2.44,0,2,4,-6.1407552954233005,-0.7344254698360052,4.925730180327053,-6.1407552954233005,-0.7344254698360052,4.925730180327053,103.41303038597107
-3.9108862637393114,-2.438372150023384,5.0,-4.769056875915645,-2.7332369035552646,4.962793535652343,-0.44840505721428553,0.0016154240247184,3.921996836390724e-05,-0.8938290068752903,-0.14357119633321463,-0.06907018664369391,-0.0011219718760050955,-0.00024349631218001377,-0.0017021123994709342,0.025923555222107098,26357,309000000,3.03,0,2,4,-6.116497668859804,-0.7238385873014199,4.925085618894643,-6.116497668859804,-0.7238385873014199,4.925085618894643,103.79245209693909
-3.8303790699016456,-2.4265788654137266,5.0,-4.723755705139298,-2.753432576018526,4.96263144273036,-0.4447849637208092,0.001401263912387449,0.00020230378446025633,-0.8956362719209763,-0.11403388059713752,-0.07270811132588796,-0.0006981104703516126,-0.0003262785838842319,-0.0013963938386041264,0.0211054195460747,26357,648000000,3.59,0,2,4,-6.073730423602595,-0.7401862251613917,4.924954162080957,-6.073730423602595,-0.7401862251613917,4.924954162080957,104.17214775085449
-3.8303790699016456,-2.4265788654137266,5.0,-4.6847430406551895,-2.7651116820321593,4.962590718400603,-0.44204564834597715,0.001248369747741258,0.0003403756708045634,-0.8969916223107997,-0.09369938254978764,-0.07688357361301544,-0.0002326812746248557,-0.00038546186544863303,-0.0010305805062671425,0.016658552522130776,26357,983000000,4.07,0,2,4,-6.016211527817865,-0.7772033926336014,4.9252363789184574,-6.016211527817865,-0.7772033926336014,4.9252363789184574,104.53479528427124
-3.7502056949456506,-2.412100289200765,5.0,-4.6413399383267855,-2.7720024437995763,4.9627106959827945,-0.4396102246453223,0.0011184608326773578,0.00045436111258300506,-0.8981878383660259,-0.07597021045937224,-0.08119808548324277,0.00019888751605702114,-7.079881143567945e-05,-0.0007698102820086206,0.01172718557427288,26358,304000000,4.44,0,2,4,-5.952490226253946,-0.824710560817345,4.92576679779442,-5.952490226253946,-0.824710560817345,4.92576679779442,104.96857905387878
-3.6704581685088824,-2.39493390958863,5.0,-4.608844625508791,-2.7734172225269305,4.962881114509907,-0.4381922784669757,0.0010334754983117144,0.0005146133882807161,-0.8988805227578219,-0.06563020133867228,-0.08394972748893417,0.00044864594024750904,-0.00020779500715661925,-0.0005580082870437764,0.009112381576414919,26358,687000000,4.79,0,2,4,-5.869168241088703,-0.8903483705731741,4.926556294125732,-5.869168241088703,-0.8903483705731741,4.926556294125732,105.3107635974884
-3.5912294753923018,-2.375080347738145,5.0,-4.575156852227102,-2.771968228776228,4.963151310420759,-0.4370420810321216,0.0009816599441722226,0.0005809738937152579,-0.8994403361091836,-0.05795523840762088,-0.08737729613162336,0.0006954907253549411,-0.0003079348857681907,-0.0004301099863823765,0.007049848591123009,26358,992000000,5.01,0,2,4,-5.79966981739097,-0.9458463659439864,4.927152174317166,-5.79966981739097,-0.9458463659439864,4.927152174317166,105.65218091011047
-3.5126134583758732,-2.352543434039778,5.0,-4.539713637727874,-2.7678632532645366,4.963494786465731,-0.43606866908937736,0.0009428123501567685,0.0006624461858654714,-0.8999126558219648,-0.052825196928915116,-0.09136121596555417,0.000880791108055114,-0.0003773779752691553,-0.0004087457426749097,0.005654711503666476,26359,297000000,5.2,0,2,4,-5.723755139289085,-1.0065102330240705,4.927684774430851,-5.723755139289085,-1.0065102330240705,4.927684774430851,106.0524971485138
-3.5126134583758732,-2.352543434039778,5.0,-4.506144237983133,-2.7622014122458025,4.963894151345131,-0.43530249460731035,0.0009099906220382565,0.0007350735940355338,-0.9002834941131219,-0.04996484909165032,-0.09519519945699959,0.0011059939295464181,-0.0002654961804182676,-0.00033624271793541993,0.005139441873325268,26359,654000000,5.36,0,2,4,-5.6427810390737365,-1.0700719087224138,4.928134303470479,-5.6427810390737365,-1.0700719087224138,4.928134303470479,106.3993284702301
-3.434704716561925,-2.3273302822166575,5.0,-4.472081213108761,-2.7551705772801416,4.96436076990836,-0.4345935650206524,0.0008831443653105574,0.0007878828578338887,-0.9006259115411194,-0.04803263951225035,-0.09833948734930734,0.0012870984710309764,-0.00018320674115557267,-0.00024931080986334564,0.004367318115328089,26359,967000000,5.5,0,2,4,-5.568450097349078,-1.1252228400717936,4.92846579380558,-5.568450097349078,-1.1252228400717936,4.92846579380558,106.7476270198822
-3.357598499230817,-2.2994513610445213,5.0,-4.429185863993613,-2.7486033376474492,4.964965279484854,-0.43325348960725074,0.0009726623814630534,0.0007468478056183035,-0.9012712743061252,-0.08237952717466265,-0.09893724557223206,0.0012372446410889282,0.00013682306416740175,0.002134873648174107,0.016551069165871013,26360,281000000,5.62,0,2,4,-5.503140767510268,-1.1645349091915875,4.928722476544056,-5.503140767510268,-1.1645349091915875,4.928722476544056,107.17353129386902
-3.357598499230817,-2.2994513610445213,5.0,-4.37844723920972,-2.758352151382207,4.965400471271555,-0.42956239567538534,0.0013875623796010634,0.0006039235577954363,-0.9030359118931,-0.15937225676742786,-0.09695109367351812,4.743796174830368e-05,-0.0008616772845471132,0.002847857263077458,0.03520916470733937,26360,662000000,5.83,0,2,4,-5.441176828298829,-1.1850591317132921,4.928815636880768,-5.441176828298829,-1.1850591317132921,4.928815636880768,107.57493686676025
-3.2813905952014384,-2.2689205634695666,5.0,-4.294591902942565,-2.800475085521016,4.965162111177192,-0.4216925010707605,0.0019464976703685985,0.0005275175292142148,-0.9067366582491093,-0.2650073055274477,-0.09091029718364384,-0.0029615470459942363,-0.0007181980890891282,0.002612908656374202,0.049428484271629713,26361,16000000,6.29,0,2,4,-5.400189742181655,-1.1793922996469703,4.928611787774302,-5.400189742181655,-1.1793922996469703,4.928611787774302,108.00567984580994
-3.2061772176970886,-2.2357552728992647,5.0,-4.157790828078766,-2.8893438595387058,4.963651352735357,-0.4102465897435669,0.0024745039033391147,0.0003356744075367734,-0.911971216517768,-0.31175845933531543,-0.08500390393803983,-0.004641447634222274,0.00028480403102548735,0.0017231021161023818,0.04421762641868554,26361,400000000,7.2,0,2,4,-5.364799329644854,-1.1506060767057298,4.928007412424881,-5.364799329644854,-1.1506060767057298,4.928007412424881,108.58335256576538
-3.1320548847261422,-2.1999764264355766,5.0,-4.061863352568124,-2.950129965086074,4.962578332812527,-0.4034405928857419,0.00258780856209822,0.0002829423060034019,-0.9150021372666286,-0.27651062011495403,-0.08692979415358941,-0.004152011156151449,-9.630797066506602e-05,-0.001068791630132182,0.03613656008383259,26361,919000000,8.48,0,2,4,-5.3334611241610235,-1.0864238765211844,4.926625601452819,-5.3334611241610235,-1.0864238765211844,4.926625601452819,108.98777270317078
-3.0591202949960317,-2.1616085748145166,5.0,-3.9833166505680664,-2.9901146666834744,4.961791691072429,-0.3982629876268943,0.0023098042638147512,0.00044268125021515935,-0.9172682603928217,-0.2116364083067178,-0.09294913109975392,-0.003030635127415465,-0.00021265932872438498,-0.0022721599862052244,0.03167568029311951,26362,282000000,9.25,0,2,4,-5.315740560067681,-1.033298674370208,4.925271880508402,-5.315740560067681,-1.033298674370208,4.925271880508402,109.3938057422638
-2.987470199388719,-2.1206799388106825,5.0,-3.9134316423546904,-3.013552242504158,4.961226993978422,-0.393349781158752,0.0019653028862128144,0.0006751885780283318,-0.9193865516567616,-0.15356111320023597,-0.10001834786459099,-0.0019258855381860008,-0.0006215032556156075,-0.002099793596244126,0.0262719289821689,26362,633000000,9.83,0,2,4,-5.283115098160512,-1.0076667413053138,4.9245426124403595,-5.283115098160512,-1.0076667413053138,4.9245426124403595,109.79596829414368
-2.917201268036015,-2.0772224618603534,5.0,-3.8541067803066342,-3.0213092251105027,4.960947651947445,-0.38956237531710675,0.0016890642490017115,0.000896348327614411,-0.9209980995414333,-0.109402680258046,-0.1074949146575456,-0.0010086988984915634,-0.0003865345291842459,-0.0016326311992997944,0.01815593204810284,26362,995000000,10.41,0,2,4,-5.230574449474636,-1.007466379981661,4.924499234929533,-5.230574449474636,-1.007466379981661,4.924499234929533,110.19305205345154
-2.917201268036015,-2.0772224618603534,5.0,-3.802403934822699,-3.016967531214901,4.960910819544307,-0.38720545238394477,0.0014768116684539063,0.0010740945865834585,-0.921991650174913,-0.07653478479603545,-0.11475457026219656,-0.00031992019550433127,-0.0005454494100831653,-0.001355599681573949,0.009285585565521615,26363,351000000,10.88,0,2,4,-5.163134972688628,-1.0279237672280064,4.925088776640656,-5.163134972688628,-1.0279237672280064,4.925088776640656,110.61084413528442
-2.8484099530437836,-2.0312718586519574,5.0,-3.756136813398509,-3.003498227890706,4.961078264421379,-0.38630448198820966,0.0012957223079300174,0.0012207810240493955,-0.9223695994519837,-0.05211781147286813,-0.12025223563738488,0.00029210254175222617,-0.0001472330950491596,-0.0011446677149251627,0.00045928122176519537,26363,717000000,11.26,0,2,4,-5.080922818032016,-1.0637127126498145,4.9261929138214775,-5.080922818032016,-1.0637127126498145,4.9261929138214775,111.01485514640808
-2.781192346925178,-1.982867659428194,5.0,-3.7185997921732423,-2.9859982050349596,4.961406015681995,-0.38668472932212217,0.0011494712993938322,0.0012979061059809685,-0.9222103416599431,-0.0357852383116596,-0.12360382848694315,0.0008112559800267236,-4.6255314245513546e-05,-0.0009242195289971278,-0.005816292787130806,26364,73000000,11.35,0,2,4,-5.001453901642341,-1.102633695349304,4.927362997706123,-5.001453901642341,-1.102633695349304,4.927362997706123,111.38007807731628
-2.715644036814797,-1.9320532497399265,5.0,-3.6834513394631494,-2.9646105879100473,4.961872999545276,-0.3878989359787597,0.0010376266497178423,0.0013561723553304253,-0.9217003306899831,-0.0235321309194275,-0.12680341298510736,0.0011568005102165248,-0.00015808540041462038,-0.000658466728964413,-0.010792713146656752,26364,394000000,11.36,0,2,4,-4.923752147294379,-1.1420931257518463,4.928514672320396,-4.923752147294379,-1.1420931257518463,4.928514672320396,111.72941088676453
-2.651859954547784,-1.8788759053881385,5.0,-3.649870061597403,-2.940190503928491,4.9624094552429625,-0.3897616399763037,0.0009692054656143006,0.0014147012028961172,-0.9209141780123997,-0.014297174361621964,-0.1300856072862473,0.0012601205176796062,-0.0002600197433366702,-0.0005153294978299527,-0.014442636529565789,26364,714000000,11.29,0,2,4,-4.844884969981583,-1.182629816841844,4.929580831716913,-4.844884969981583,-1.182629816841844,4.929580831716913,112.06799292564392
-2.651859954547784,-1.8788759053881385,5.0,-3.611077637011525,-2.9080464229999365,4.963067541142879,-0.39255760150376784,0.0009098248920569397,0.0014979187179772237,-0.9197257514932312,-0.006289534002827088,-0.1343369504173208,0.0013385684588354332,-0.0003183808360063267,-0.000476136838756247,-0.01741480500641046,26365,21000000,11.14,0,2,4,-4.765667019769546,-1.2230579521974163,4.930538292291692,-4.765667019769546,-1.2230579521974163,4.930538292291692,112.48795104026794
-2.589934222700604,-1.8233868222867717,5.0,-3.5708070081634586,-2.8714077623975585,4.9638026094169225,-0.39592075664024573,0.0008450255306187494,0.0015433250622589381,-0.9182829948011778,-0.00018056584545246562,-0.1371309088927854,0.0012717473292263638,0.00011363146441567551,-0.0003569067047237695,-0.01913988762680674,26365,401000000,10.89,0,2,4,-4.673920756715587,-1.2660556252817854,4.931557840474537,-4.673920756715587,-1.2660556252817854,4.931557840474537,112.94820833206177
-2.5299599967034996,-1.7656411409762818,5.0,-3.5322301694383156,-2.84080450374403,4.964354035155835,-0.39769802502511686,0.000887178194593698,0.0014746420589837237,-0.9175147515090808,-0.05100133063968386,-0.13243964374630898,0.0006189613981132209,0.0003626129512213083,0.00208929595828522,0.012788643562089419,26365,811000000,10.6,0,2,4,-4.587815424122552,-1.2929653373222274,4.932403259007757,-4.587815424122552,-1.2929653373222274,4.932403259007757,113.34898042678833
-2.472029303148281,-1.7056979655151356,5.0,-3.472910805207643,-2.8370185281842253,4.964519486772073,-0.3928250911098051,0.0013315938191250248,0.0012800568295515378,-0.9196113505753324,-0.15864814725223236,-0.12157870847510006,-0.0009955485486757838,-0.0003035491658920364,0.0028843554218838108,0.043332330096745864,26366,169000000,10.5,0,2,4,-4.527927524723577,-1.2882567117411967,4.932753887148943,-4.527927524723577,-1.2882567117411967,4.932753887148943,113.75552940368652
-2.416232874429461,-1.6436203764744557,5.0,-3.380481932448633,-2.865358625427033,4.963995456157949,-0.38351245030128467,0.0018479402329485293,0.0011605543559364301,-0.9235331280979512,-0.25621216068761743,-0.11070482111939764,-0.003204095614056538,-0.0004708367413286396,0.002555029664108588,0.054608099526376463,26366,528000000,11.15,0,2,4,-4.484606524827226,-1.256712640422233,4.932635042152664,-4.484606524827226,-1.256712640422233,4.932635042152664,114.21347308158875
-2.416232874429461,-1.6436203764744557,5.0,-3.251535414494306,-2.9231001910399215,4.962721880737533,-0.3720730068900668,0.0023486562864890735,0.0010284976568798302,-0.92819992649752,-0.30133293645859116,-0.10361768878671924,-0.004395546736369311,2.4901139017430296e-05,0.0021258523247524863,0.04956902666890528,26366,936000000,12.31,0,2,4,-4.449982949494312,-1.193899020369582,4.931874345264899,-4.449982949494312,-1.193899020369582,4.931874345264899,114.71799373626709
-2.3626599798714096,-1.579475437759419,5.0,-3.159400854792557,-2.96431722652214,4.961801946968421,-0.36528515104817166,0.00254839758021585,0.0009780020546303263,-0.9308916734000088,-0.27363407720653443,-0.10610564237748374,-0.004142488442642706,-0.000279017575621765,-0.0005076013565030735,0.035807832682621665,26367,388000000,13.42,0,2,4,-4.42735277484275,-1.1063543137171064,4.930295833527476,-4.42735277484275,-1.1063543137171064,4.930295833527476,115.07734680175781
-2.311398253509508,-1.5133341969800527,5.0,-3.075464792057695,-2.9898666535572485,4.961031012257277,-0.3608316258549646,0.002289773528430572,0.0011482019672863141,-0.932627458502211,-0.1946645355749276,-0.11728172618367591,-0.0029675021367159713,-0.00048140692001652496,-0.0023651177798456047,0.02373479746893281,26367,713000000,14.07,0,2,4,-4.4095366828854,-1.045832376957511,4.929233281356542,-4.4095366828854,-1.045832376957511,4.929233281356542,115.44198179244995
-2.26253351870906,-1.445271679093754,5.0,-3.01091013121355,-2.995286276086399,4.960574928364595,-0.357700862198771,0.0019537435904923503,0.0013494760984372703,-0.9338332051188254,-0.13140935903350537,-0.1278588647641196,-0.001902639401908851,-0.00030164240456542757,-0.002248462351417402,0.01732537439238513,26368,37000000,14.47,0,2,4,-4.37795705759825,-1.00211124688155,4.928750529297138,-4.37795705759825,-1.00211124688155,4.928750529297138,115.81797480583191
-2.216149609821941,-1.3753668730420945,5.0,-2.954625187424675,-2.9848513157495518,4.960347941743646,-0.35563283736018736,0.0016483771559827342,0.0015319235465625612,-0.9346230368732313,-0.07824656732069657,-0.1381439610688931,-0.0010423813917616817,-0.00047887102425647754,-0.0019071338556386763,0.006252956200114568,26368,374000000,14.77,0,2,4,-4.3350003485426,-0.9813181192239102,4.928923323625927,-4.3350003485426,-0.9813181192239102,4.928923323625927,116.19717454910278
-2.1723281910977024,-1.303702711105489,5.0,-2.9080967022107544,-2.9612296365342834,4.960344816935112,-0.3556037943823374,0.001393982785483294,0.0016936252510143046,-0.9346342224990412,-0.03680230758389026,-0.14713119146976278,-0.00038925751540719143,-0.00024306504542437324,-0.0015698453580625937,-0.007215009145511431,26368,710000000,14.98,0,2,4,-4.277932014747778,-0.9755106806781826,4.9296748743534735,-4.277932014747778,-0.9755106806781826,4.9296748743534735,116.57126665115356
-2.1723281910977024,-1.303702711105489,5.0,-2.868943284814064,-2.9273613527452285,4.960527903693765,-0.3577021309865318,0.0011887644941728256,0.0018233970098876324,-0.9338332011392696,-0.004455770140941512,-0.15432335173652137,0.00011251478609358427,-0.00040633394462474826,-0.0013716996591028874,-0.02029214119829703,26369,43000000,14.97,0,2,4,-4.212407003086045,-0.9814825902545026,4.9308349370559545,-4.212407003086045,-0.9814825902545026,4.9308349370559545,116.9488878250122
-2.1311485730830233,-1.230366040701051,5.0,-2.8335600979774207,-2.883108744155287,4.960888939180205,-0.3620452418580174,0.0010052493481049834,0.0019480252253652104,-0.9321579466589549,0.021780778121716707,-0.15892400055548078,0.0005208836499405822,-0.00018402178483256648,-0.001132301974848815,-0.03177501093887258,26369,382000000,14.72,0,2,4,-4.1418332594972025,-0.9947755555313591,4.932271257640258,-4.1418332594972025,-0.9947755555313591,4.932271257640258,117.36306238174438
-2.0926875267610416,-1.1554475883514095,5.0,-2.8045243139324327,-2.8358127733481906,4.961345085028102,-0.36765786152238816,0.0008618521085291089,0.002024603631857299,-0.9299585232965291,0.04051838620850665,-0.16100581690465923,0.0006692179732721182,-6.203711500063491e-05,-0.001000109853066533,-0.039628937156521715,26369,753000000,14.22,0,2,4,-4.064010304794987,-1.0129391213093217,4.933964444131546,-4.064010304794987,-1.0129391213093217,4.933964444131546,117.7459704875946
-2.057019095700143,-1.0790419155556983,5.0,-2.7800008409269616,-2.787750791242814,4.961779265525341,-0.3739628245394245,0.0007407660638833467,0.0020883035227269734,-0.9274410472458781,0.05426601457319415,-0.16226647411399192,0.0006582847820014632,-0.00017086982637692927,-0.0009035672633217473,-0.045369558210950345,26370,89000000,13.59,0,2,4,-3.9890881252345918,-1.0313741152277938,4.93562950366263,-3.9890881252345918,-1.0313741152277938,4.93562950366263,118.10046172142029
-2.057019095700143,-1.0790419155556983,5.0,-2.7573368474230255,-2.737065675434116,4.962239056493172,-0.3809935605665736,0.0006437005419932028,0.0021601876885015215,-0.9245749434445902,0.06519179321018174,-0.16318285872803812,0.0006802817703802734,-0.0002594574738168376,-0.0007938820942854363,-0.04943291496601887,26370,415000000,12.89,0,2,4,-3.9183248680442184,-1.0487751597463382,4.937160177577355,-3.9183248680442184,-1.0487751597463382,4.937160177577355,118.45629715919495
-2.024214406500245,-1.0012473662980699,5.0,-2.730270424449281,-2.6716764837826785,4.962823482768161,-0.3900518459543458,0.0005420560456563875,0.0022169756120050616,-0.920790067638648,0.06790914119859295,-0.16182448648022393,0.0008005094749464501,0.00013912837317775484,-0.000548508370457057,-0.04580671193252783,26370,733000000,12.11,0,2,4,-3.847950625456547,-1.065470184596742,4.938637942961329,-3.847950625456547,-1.065470184596742,4.938637942961329,118.89214277267456
-1.994341477843458,-0.9221660059343091,5.0,-2.7034807705867467,-2.621357575490649,4.963332158487096,-0.39519523517805066,0.0005557379631016038,0.002155737016772059,-0.9185944535244027,0.008773814378664736,-0.1539316893169404,0.0002391379448627536,0.0004284942207277709,0.0018210503753834928,0.00012984513517722007,26371,124000000,11.12,0,2,4,-3.762339970580219,-1.081954937730468,4.940388078773039,-3.762339970580219,-1.081954937730468,4.940388078773039,119.26955652236938
-1.9674650284751696,-0.8419035512031989,5.0,-2.659068079835693,-2.599287732261689,4.9633844769707,-0.3920490676893675,0.00091864931153619,0.001971239880007674,-0.9199417366445961,-0.09300537087872744,-0.1431883393401653,-0.0011132983495380079,7.3772421615991846e-06,0.0028370236350383493,0.03492172036203556,26371,457000000,10.6,0,2,4,-3.7011937786476166,-1.077199856204792,4.941436896495005,-3.7011937786476166,-1.077199856204792,4.941436896495005,119.6495852470398
-1.9674650284751696,-0.8419035512031989,5.0,-2.5971157399582103,-2.5992104051990004,4.963054904768174,-0.38596059154498413,0.0013106094502543311,0.0018173814386689057,-0.9225125479915277,-0.1693577149929547,-0.13532808700576143,-0.00225479603310873,-8.861673777005308e-05,0.0026627084480423946,0.0453447581094224,26371,789000000,11.03,0,2,4,-3.66161161083623,-1.0448674605660877,4.9417138937276635,-3.66161161083623,-1.0448674605660877,4.9417138937276635,119.99997973442078
-1.943646284461102,-0.7605692911164427,5.0,-2.5072133106381305,-2.6183614716062102,4.962291093321602,-0.3774663387086351,0.0017543117801222495,0.0016942659585533109,-0.9260200942716835,-0.23065646220336672,-0.12666699101417572,-0.0035653841838052154,-0.0004388595556292785,0.0024322284843947273,0.051282441927469335,26372,106000000,11.74,0,2,4,-3.6365871288888725,-0.9903124042270884,4.941364733806927,-3.6365871288888725,-0.9903124042270884,4.941364733806927,120.41961574554443
-1.9229427860856978,-0.6782759984892262,5.0,-2.4132338854001527,-2.6469659029369224,4.961282182733126,-0.369459740277546,0.0020985321631487456,0.00157819836820737,-0.9292430283659484,-0.23593838249129861,-0.12288538919791514,-0.0037574508577694907,0.00042862727127612743,0.001644505402964569,0.036799996087211184,26372,481000000,12.65,0,2,4,-3.621338079368779,-0.9034686302265166,4.9401462510672465,-3.621338079368779,-0.9034686302265166,4.9401462510672465,120.83667731285095
-1.9054081947771935,-0.5951398318827819,5.0,-2.3309899125883153,-2.6655787177731356,4.960552006380269,-0.3650440131850377,0.002204050278932497,0.001537884485930794,-0.9309863830966798,-0.17829865195396158,-0.1302663124055859,-0.002940844783389464,-0.0006004066221976245,-0.0010169110851165897,0.01631913928576978,26372,851000000,13.46,0,2,4,-3.615173513903047,-0.8091398946581008,4.938499664839856,-3.615173513903047,-0.8091398946581008,4.938499664839856,121.21089673042297
-1.8910921004649763,-0.5112802277408883,5.0,-2.2656896908182103,-2.6623602511225233,4.96003521144506,-0.36369895664399393,0.001932120360369243,0.001730752098891068,-0.9315129308518242,-0.09504309763580474,-0.14389030297682004,-0.0020464639700972904,-0.00034402916355702473,-0.002263930286972027,0.0025303670327048167,26373,182000000,13.85,0,2,4,-3.6049502736635444,-0.7284298186262936,4.937258704788889,-3.6049502736635444,-0.7284298186262936,4.937258704788889,121.6058714389801
-1.8910921004649763,-0.5112802277408883,5.0,-2.2164373748513224,-2.6383469431386266,4.959778367128498,-0.364098254368924,0.0016067842486337598,0.001924919510455066,-0.9313571678441943,-0.026409287911825074,-0.15561409627966813,-0.0011777342462755368,-0.0004847709021760238,-0.0021397229602371226,-0.00994250822259346,26373,534000000,13.9,0,2,4,-3.5812324810938243,-0.6712566746632256,4.93680772161941,-3.5812324810938243,-0.6712566746632256,4.93680772161941,121.97889351844788
-1.8800398297952032,-0.42681978251394254,5.0,-2.180082718880188,-2.5977348939892226,4.959747374990424,-0.3668935123640316,0.001317275106088881,0.002099672943994347,-0.930259644800852,0.028466623711819055,-0.1636805079298896,-0.0006842600977754435,-0.00021084248515990112,-0.0019335490605953964,-0.028337890034890734,26373,866000000,13.75,0,2,4,-3.546436988114294,-0.633269654571769,4.937126660982955,-3.546436988114294,-0.633269654571769,4.937126660982955,122.35543394088745
-1.8722922556511628,-0.341884124577298,5.0,-2.1553351665162794,-2.5480633664944112,4.9598045043243335,-0.37232463613770367,0.0010739796858602543,0.0022479242532832218,-0.9280992181491763,0.06960208164031335,-0.16753396159882672,-0.0005880913834290306,-0.0005378363994168467,-0.0018450181073603744,-0.04605482863553334,26374,197000000,13.32,0,2,4,-3.503222379318289,-0.6089556889699269,4.93807620184151,-3.503222379318289,-0.6089556889699269,4.93807620184151,122.7299873828888
-1.8678856084453814,-0.256601775764857,5.0,-2.1368230712547174,-2.486125084973394,4.959881822431514,-0.38071581442083885,0.0008432883628072135,0.002426480702552563,-0.9246885257782831,0.10367926032039694,-0.16891560714708534,-0.0007033043313532191,-0.000445154364570044,-0.0017852771975412907,-0.06038214633008465,26374,529000000,12.62,0,2,4,-3.4569589715685227,-0.5945576098745387,4.939408738288121,-3.4569589715685227,-0.5945576098745387,4.939408738288121,123.1189193725586
-1.8678856084453814,-0.256601775764857,5.0,-2.1240088499756933,-2.4174164790227732,4.9599231116711255,-0.3909180088793147,0.0006344908023099487,0.0025912207756742587,-0.9204216388863016,0.12909664806521948,-0.16822794334369257,-0.0009768394318682128,-0.0004138508387541151,-0.0015677136616432108,-0.06957705627428368,26374,869000000,11.57,0,2,4,-3.403896626760169,-0.5851905998269715,4.941147612441037,-3.403896626760169,-0.5851905998269715,4.941147612441037,123.48901057243347
-1.866851289671012,-0.17110400235464246,5.0,-2.1150980487543642,-2.3440140792838715,4.959882321234561,-0.4022010973252121,0.00046282299853862385,0.0027198982071810346,-0.9155471944465832,0.14743914864735266,-0.16517294746861905,-0.0013698103196863299,-9.056265639628691e-05,-0.001296958339480625,-0.07433592327288352,26375,198000000,10.31,0,2,4,-3.348653523522049,-0.5794768061775148,4.943086834969023,-3.348653523522049,-0.5794768061775148,4.943086834969023,123.88298082351685
-1.869215688220526,-0.08552465536015895,5.0,-2.1082583950203135,-2.258882555638402,4.959697976174124,-0.4153332388490145,0.00031251759406044884,0.0028127568478619504,-0.9096649336095437,0.16184311325510595,-0.15991171672060106,-0.0017996510156359717,-4.0156335501251306e-05,-0.0009632596402298077,-0.07713069135206752,26375,545000000,8.93,0,2,4,-3.2926305011521846,-0.575131766388811,4.945185516882063,-3.2926305011521846,-0.575131766388811,4.945185516882063,124.30588102340698
-1.875,-5.204748896376251e-16,5.0,-2.101433288848402,-2.164717517112486,4.959379763530847,-0.4291546750654879,0.0001760550302601679,0.002824838000087336,-0.9032265796378752,0.15044023318366795,-0.1531426816386176,-0.0018827128629176361,0.0005054261066561594,-0.0006488740211807453,-0.06291952158790082,26375,919000000,7.33,0,2,4,-3.2303114777048667,-0.5699836030192641,4.947600948682224,-3.2303114777048667,-0.5699836030192641,4.947600948682224,124.8010504245758
-1.875,-5.204748896376251e-16,5.0,-2.0881916726343017,-2.0945661985470134,4.959098291041164,-0.4373603771692227,0.00015458363937873726,0.0027108624800722845,-0.8992822292311284,0.08770687489226413,-0.1470332736490705,-0.0018331393983407093,0.0008857473801526794,0.0016279340911751206,-0.024060091163846664,26376,356000000,5.74,0,2,4,-3.1596978538801914,-0.5627097169164952,4.950316527000397,-3.1596978538801914,-0.5627097169164952,4.950316527000397,125.19934940338135
-1.8842200513874472,0.08533146576184128,5.0,-2.0576733290617617,-2.0538997368670793,4.958727497192426,-0.43849879065705344,0.0004724633796334874,0.002431054871243018,-0.8987283668288597,-0.004125353891690544,-0.14227714167882988,-0.0019561194683817714,0.000576819758180136,0.0028074180363546475,0.0038562295912925038,26376,709000000,4.65,0,2,4,-3.1077852420879823,-0.5538202146819577,4.952304653510614,-3.1077852420879823,-0.5538202146819577,4.952304653510614,125.59516382217407
-1.896886127103417,0.170329203690781,5.0,-2.0048568011453156,-2.034791291662999,4.958160306869851,-0.4365444650602864,0.0009139731262646033,0.0021739869718040545,-0.8996795921098795,-0.0810614752236026,-0.13891235099147733,-0.002340201315132423,-0.0002061577504264278,0.0025159306460409425,0.01911457111418713,26377,52000000,4.5,0,2,4,-3.071879792019887,-0.5210641266690184,4.953668576090144,-3.071879792019887,-0.5210641266690184,4.953668576090144,126.00552082061768
-1.9130028030815405,0.2548508388341953,5.0,-1.9492438722596286,-2.0339483890831116,4.95755187391426,-0.4330540121614259,0.0012590453994535567,0.0020685874430146764,-0.901364719911737,-0.12684036775816637,-0.1365489753544439,-0.0028635035185911204,-0.0005810564914554561,0.0021460152083818684,0.031172023227554746,26377,421000000,4.73,0,2,4,-3.055487531062019,-0.4477825320830616,4.953819208688522,-3.055487531062019,-0.4477825320830616,4.953819208688522,126.36973285675049
-1.9325687849456785,0.33875237418948145,5.0,-1.878236397570784,-2.0444110378007645,4.956665079520244,-0.42699983102093186,0.0016171318856935107,0.002021707280347768,-0.9042479980028887,-0.16330029480173436,-0.13275845025040728,-0.0036437822812402793,-0.0006661334168711619,0.0019458533415672719,0.0435777325037634,26377,757000000,5.24,0,2,4,-3.0577837750285366,-0.35499732389808636,4.952684587665991,-3.0577837750285366,-0.35499732389808636,4.952684587665991,126.75910305976868
-1.9555767527187298,0.4218884164988501,5.0,-1.80856210348561,-2.058258138118609,4.9556476194071095,-0.4213043257196375,0.0018412690032534038,0.0020378447745359736,-0.9069151680543522,-0.1281840435224445,-0.13164230273382674,-0.003892501616768113,-0.0005072223927982122,-0.0004982002707265565,0.010426593871670775,26378,107000000,5.91,0,2,4,-3.070983054733843,-0.24464982414796882,4.950468394645845,-3.070983054733843,-0.24464982414796882,4.950468394645845,127.14250993728638
-1.9555767527187298,0.4218884164988501,5.0,-1.7597128459013827,-2.0497616881952867,4.954729166980663,-0.4223960176726518,0.001646907268832431,0.0021727651803879013,-0.9064072876153433,-0.03170562571229961,-0.13597304982167968,-0.003478817114759089,-1.2912326408098806e-05,-0.0019583530047384556,-0.018835492483049165,26378,449000000,6.6,0,2,4,-3.0832873799393967,-0.13709574923293613,4.948135739976775,-3.0832873799393967,-0.13709574923293613,4.948135739976775,127.51132440567017
-1.982013212405946,0.5041124131538817,5.0,-1.7268396664229937,-2.015858096967916,4.95386812928124,-0.4263201463773715,0.0013517873977665655,0.0023116328363036297,-0.9045683842680098,0.055231619808100894,-0.13953247869094423,-0.0031232132839738107,-7.223218219110095e-05,-0.0019426883227424696,-0.03184939341736026,26378,776000000,6.5,0,2,4,-3.0852260762438735,-0.0495827506416954,4.946575131156577,-3.0852260762438735,-0.0495827506416954,4.946575131156577,127.89965176582336
-2.011858355112553,0.5852769001628508,5.0,-1.7095111233942022,-1.961592718398065,4.953079399241609,-0.4321342719104402,0.001081292416275607,0.002453412647005524,-0.9018052908546987,0.1235303145251871,-0.14036023733966602,-0.0030536398300416807,-0.00010552790143947277,-0.0020727225091832224,-0.0464667085907422,26379,114000000,5.9,0,2,4,-3.0772801026478818,0.013952475805261148,4.945877524285263,-3.0772801026478818,0.013952475805261148,4.945877524285263,128.2739794254303
-2.0450859243716706,0.6652337611022429,5.0,-1.7042962330767433,-1.89163964362809,4.952305181903101,-0.44028163390704433,0.0007897296621681508,0.0026144060540466856,-0.8978555697060571,0.17568891945599358,-0.13778904811892104,-0.00320817717883929,-0.00012185869806558003,-0.002121268403243448,-0.06009941062075086,26379,450000000,5.12,0,2,4,-3.060959245356664,0.06640510434874132,4.945823841692369,-3.060959245356664,0.06640510434874132,4.945823841692369,128.64985847473145
-2.0450859243716706,0.6652337611022429,5.0,-1.707817187398776,-1.810813249726297,4.95150337443239,-0.45012774391283206,0.0005122189435392763,0.002769403477953409,-0.8929597315646848,0.21228448630664704,-0.13214914058762578,-0.0034418413141073774,1.419221868914633e-05,-0.002040857248175598,-0.06901727465447038,26379,783000000,4.04,0,2,4,-3.0388541157639195,0.10795472221983872,4.94637521264377,-3.0388541157639195,0.10795472221983872,4.94637521264377,129.03358149528503
-2.081663092373604,0.7438344969402783,5.0,-1.7166283643439177,-1.728271698426177,4.950725515223225,-0.46026859660014774,0.0002735811801096045,0.0029057624949833795,-0.8877749155508906,0.2352326431879467,-0.12482948509054377,-0.003693529929682228,-9.822749689192278e-05,-0.0017638536974118324,-0.07241001876536757,26380,120000000,2.75,0,2,4,-3.012774846590365,0.14183863242868336,4.9474098715268955,-3.012774846590365,0.14183863242868336,4.9474098715268955,129.39959454536438
-2.12155034580164,0.8209305065850954,5.0,-1.7298081641934893,-1.6367933675878328,4.949840786336558,-0.4711988337097865,6.670022352394658e-05,0.0030178893650379575,-0.8820218517731844,0.2506650946565806,-0.11580536103404408,-0.003992480747611185,0.0002989181552948139,-0.001455145024920057,-0.07229102484416217,26380,445000000,1.42,0,2,4,-2.985899026980699,0.1688662203646336,4.948686256079742,-2.985899026980699,0.1688662203646336,4.948686256079742,129.78401279449463
-2.1647013819922893,0.8963733779731449,5.0,-1.7517967757369042,-1.509615635011674,4.948542422718066,-0.4855144974801111,-0.0001708526512438583,0.0030865890500337834,-0.8742231502963318,0.26441773500928734,-0.1037899353130165,-0.004412019535218357,0.00034833992685889825,-0.0010375459169154055,-0.06885914554004557,26380,791000000,0.15,0,2,4,-2.956225621481623,0.19457061992787156,4.950232109553322,-2.956225621481623,0.19457061992787156,4.950232109553322,130.28918170928955
-2.1647013819922893,0.8963733779731449,5.0,-1.7754168379541353,-1.3821315200290318,4.947121716015905,-0.49843770331970727,-0.0003565991978362133,0.0030539795271411502,-0.8669200666471132,0.256598006995768,-0.09476952317869268,-0.00447902920923558,0.0007607111399465794,-0.0005439664960249502,-0.05825863991049118,26381,238000000,1.93,0,2,4,-2.9161862129231766,0.2272723813307171,4.952514402653113,-2.9161862129231766,0.2272723813307171,4.952514402653113,130.8000247478485
-2.2110630161493177,0.9700151894744863,5.0,-1.7896013975093463,-1.2817357316376266,4.945953816635043,-0.5068713295101581,-0.00038871249427708176,0.0028683437212179237,-0.8620168657442255,0.1950540186457927,-0.09366854633201263,-0.003729254363479632,0.001091878743864072,0.0015185258007477387,-0.032102105251397006,26381,702000000,3.68,0,2,4,-2.8776786025803305,0.25910905589811994,4.954889793699795,-2.8776786025803305,0.25910905589811994,4.954889793699795,131.24627137184143
-2.2605751003508394,1.0417088213510084,5.0,-1.787143695870525,-1.2229690498192465,4.945213281544696,-0.5101832052447326,-0.00015419923144523152,0.002600467607923097,-0.8600618064284846,0.1191196545191423,-0.09724068672293294,-0.002841528193660023,0.00032368182019126834,0.0027657697046379326,-0.015935358169372194,26382,101000000,4.87,0,2,4,-2.8463573692838313,0.2874287368728772,4.956917391788862,-2.8463573692838313,0.2874287368728772,4.956917391788862,131.61787843704224
-2.313170455097037,1.1113082769611964,5.0,-1.770421834276656,-1.1829848167654236,4.94459181859826,-0.5116210699036405,0.0002721883179702695,0.0023299216241556508,-0.8592079947308444,0.046732591592078834,-0.10111496379146637,-0.0021238916027121967,-0.00019575660701320885,0.002928044568761834,-0.0037003236911914428,26382,434000000,5.39,0,2,4,-2.823407592520167,0.3113762237641181,4.9584706636133005,-2.823407592520167,0.3113762237641181,4.9584706636133005,131.99127221107483
-2.368774814152509,1.178669013360757,5.0,-1.7427902196653497,-1.160870123600734,4.944104703783465,-0.5114226416667798,0.0006854894661810633,0.0021370442574943117,-0.8593263901083252,-0.005158257714269335,-0.10331078669164032,-0.0018616437799173964,-0.0003834760519794145,0.0024280879870275385,0.0074173970006086165,26382,759000000,5.66,0,2,4,-2.8069203417582336,0.3477421141000473,4.959746216521302,-2.8069203417582336,0.3477421141000473,4.959746216521302,132.38025403022766
-2.427306783441804,1.2436482809025367,5.0,-1.7054448447004265,-1.1513767146417544,4.943559033385388,-0.5094550679769478,0.0010424136613862783,0.002000101020027934,-0.8604943036896129,-0.044664411071114504,-0.10349125555338357,-0.0021515775136374325,-0.00035509007147993543,0.0018513341501602554,0.019074936790275387,26383,103000000,5.65,0,2,4,-2.809148237491703,0.41313116965387325,4.959948852922349,-2.809148237491703,0.41313116965387325,4.959948852922349,132.79096269607544
-2.4886778147590656,1.3061054713914066,5.0,-1.649872013834763,-1.1543722834440548,4.94264149907401,-0.5045329342045779,0.0014048224028925691,0.0018995732801285969,-0.8633892148957436,-0.08136103382060807,-0.1008383998805408,-0.0028200649966347415,-0.00045615027204348735,0.0015250795286192442,0.030192605299816933,26383,466000000,5.34,0,2,4,-2.8310692393133277,0.5133264784637042,4.958721924708235,-2.8310692393133277,0.5133264784637042,4.958721924708235,133.31437945365906
-2.4886778147590656,1.3061054713914066,5.0,-1.6036525841290945,-1.1605743969037845,4.941716812961211,-0.5007536061046352,0.0014808549731600393,0.0018159050451657228,-0.8655867001812234,-0.030918205662579367,-0.09103790753806239,-0.0027822687817113745,0.001003039074021217,-0.0012582915587699972,0.00218423302840165,26383,931000000,4.55,0,2,4,-2.8770131661229907,0.6697941742258371,4.955623686105312,-2.8770131661229907,0.6697941742258371,4.955623686105312,133.736900806427
-2.5527921950528976,1.365902474300486,5.0,-1.5817881197539172,-1.1378589422245098,4.9409464400427545,-0.5022666338968261,0.001096636170505403,0.0018410457876613493,-0.8647101458948362,0.07625947226424123,-0.07757375457047351,-0.002283917923757666,0.0008772645230692433,-0.002129984886778402,-0.017690991080598906,26384,305000000,3.93,0,2,4,-2.9140615208911367,0.7955125275386096,4.953147769173687,-2.9140615208911367,0.7955125275386096,4.953147769173687,134.17031574249268
-2.6195470520451885,1.422904040504092,5.0,-1.581729820783336,-1.0829117160764379,4.940282361064848,-0.5058060802221253,0.0006851553173964951,0.001877950097874486,-0.8626448939604,0.16904177302361476,-0.06540372662108902,-0.0019283466545599777,0.0010220146236861183,-0.001963489194167778,-0.0243231499553076,26384,676000000,4.0,0,2,4,-2.9387659988077384,0.8974374158857112,4.951351463302591,-2.9387659988077384,0.8974374158857112,4.951351463302591,134.6028938293457
-2.688832376937758,1.4769781529302695,5.0,-1.6009288870599858,-0.9989224233598113,4.939735507510064,-0.5101406404839308,0.0002736483899114289,0.001903508795898078,-0.8600888493042258,0.2374100986478569,-0.05382887562455475,-0.0017894114585249947,0.0008914994964470679,-0.001951864896909683,-0.02480253933754284,26385,52000000,4.45,0,2,4,-2.9514077004281583,0.972379837494936,4.950374016705779,-2.9514077004281583,0.972379837494936,4.950374016705779,135.03534030914307
-2.760531064952948,1.527996403481804,5.0,-1.6316576904875486,-0.9032533088447074,4.939274255916331,-0.5140290452285564,-0.0001065119277627812,0.0019334941852079497,-0.8577705934087877,0.2773308178679439,-0.04323631939110624,-0.0020183770669584384,0.0009413257998858171,-0.0017764592371349863,-0.022082838768255897,26385,438000000,5.01,0,2,4,-2.9568427828724495,1.0371076058894408,4.950034575176449,-2.9568427828724495,1.0371076058894408,4.950034575176449,135.468900680542
-2.8345189744435983,1.5758343755192035,5.0,-1.6682923242010268,-0.8045423528455262,4.938765156435139,-0.5171545222156916,-0.00043967033247028565,0.0019428044138701593,-0.8558897314215587,0.29925085682418573,-0.03372320024758639,-0.002548424768135147,0.0009702373404252285,-0.0016009478827072599,-0.017439108160033356,26385,821000000,5.54,0,2,4,-2.956765305997873,1.0856865354250709,4.950333042592864,-2.956765305997873,1.0856865354250709,4.950333042592864,135.88796997070312
-2.9106650052939886,1.6203720311424952,5.0,-1.7099049061201246,-0.7019594538705345,4.938080475339272,-0.5194514594071001,-0.0007422806832622917,0.001933035021735097,-0.8544974509703499,0.31097717718826406,-0.02507338713644202,-0.0033186581223918236,0.0009759472732184804,-0.0012339627119217766,-0.011469086348370183,26386,191000000,5.98,0,2,4,-2.9541830129005504,1.123682429799721,4.951004369770453,-2.9541830129005504,1.123682429799721,4.951004369770453,136.30494475364685
-2.988831197316232,1.6614941024508862,5.0,-1.7628593804631465,-0.5805511378334889,4.936970934432736,-0.5208975765358526,-0.0010316433482180807,0.0018825970207135218,-0.8536164866610387,0.31703116610767945,-0.016157819876959592,-0.0042033459230639,0.0009122513176862412,-0.0009640607345318131,-0.004133460106459097,26386,555000000,6.33,0,2,4,-2.950783397495042,1.1563611676326462,4.951980067523404,-2.950783397495042,1.1563611676326462,4.951980067523404,136.77669715881348
-2.988831197316232,1.6614941024508862,5.0,-1.8235827535556606,-0.4495353580642844,4.935498543064982,-0.5211094381194709,-0.0012539484465550646,0.001803553311106835,-0.8534870405059215,0.30340617478035653,-0.010398016705572754,-0.0044644710677179105,0.0006896548256918322,-0.00022120740936770744,0.002158248980776989,26386,973000000,6.57,0,2,4,-2.947312997926818,1.1901993362828234,4.953512968183967,-2.947312997926818,1.1901993362828234,4.953512968183967,137.28357124328613
-3.0688728493258006,1.6990904859004263,5.0,-1.8822389176486156,-0.3224685688927617,4.933977595707109,-0.5201532602252561,-0.0011362268002747234,0.0016316123093706295,-0.8540706251282544,0.2160491028889445,-0.01539945157500069,-0.003194837269379204,9.90558078228787e-05,0.0017700675243759179,0.006129039047664264,26387,420000000,6.66,0,2,4,-2.9456955927546873,1.2242703626838936,4.955394018106398,-2.9456955927546873,1.2242703626838936,4.955394018106398,137.87258958816528
-3.150638659555576,1.7330566388201085,5.0,-1.9090948062587074,-0.2527091126273957,4.933121075314575,-0.5188169160773518,-0.000672503376119044,0.0014208321602712762,-0.8548839316346794,0.11925441191112107,-0.021886492326870108,-0.0019438702841559382,-0.0005633337480048795,0.0030820075153314974,0.008458435240754625,26387,942000000,6.64,0,2,4,-2.9472644925207026,1.2605035664930548,4.9575870808057045,-2.9472644925207026,1.2605035664930548,4.9575870808057045,138.35887098312378
-3.2339708880394786,1.7632939770863434,5.0,-1.9153079557836492,-0.22241468918529553,4.932627652788588,-0.5173748672457509,-0.00017581416869584044,0.0012179507233556425,-0.8557579870663522,0.051004081406191545,-0.024397513340707503,-0.0013931445238172318,-0.00040482467511537834,0.0027363987783246557,0.010633954479999375,26388,379000000,6.59,0,2,4,-2.9518657835514346,1.29037947607918,4.959403416027523,-2.9518657835514346,1.29037947607918,4.959403416027523,138.77512860298157
-3.3187055415643685,1.7897102728947218,5.0,-1.9119573830729815,-0.2110044760403411,4.932204266474845,-0.5156877632974303,0.00019961965069594965,0.0010588909905889217,-0.8567759156787488,0.0028575006634558335,-0.023668490732265398,-0.0013622006310233953,-0.00029919485768914456,0.0020480049670368317,0.012741111095238011,26388,747000000,6.51,0,2,4,-2.9633786060528826,1.3226622373204209,4.960689638459538,-2.9633786060528826,1.3226622373204209,4.960689638459538,139.1700677871704
-3.404672581752349,1.8122200515066011,5.0,-1.9011531406064122,-0.21329883945011335,4.931650881302854,-0.5134433572000896,0.0004941852781947088,0.000921305333013119,-0.8581228501353959,-0.03740915443778816,-0.02030193458660894,-0.001667930391168387,-5.059185461675497e-05,0.0014665614003206429,0.014956305130908731,26389,96000000,6.36,0,2,4,-2.9919535051505664,1.3770008390722834,4.961237482608797,-2.9919535051505664,1.3770008390722834,4.961237482608797,139.58341908454895
-3.4916961567944793,1.8307449857865232,5.0,-1.8872490583736745,-0.22599670951839834,4.93103618336671,-0.5111821775597731,0.0006754117960201668,0.0008080499294581581,-0.8594717402099186,-0.0658083947413262,-0.015887345976166395,-0.0020626575325987063,0.00013322601262188982,0.001130202917920542,0.01578007468197029,26389,460000000,6.1,0,2,4,-3.045012133034908,1.4663485172801043,4.960760006635803,-3.045012133034908,1.4663485172801043,4.960760006635803,139.97053742408752
-3.5795948573113288,1.8452142872850619,5.0,-1.8740644491181717,-0.24209795066736592,4.930404321550177,-0.509202930510442,0.0007191759190543437,0.0006876956344643459,-0.8606459117548224,-0.04184283587567336,-0.007137296604736151,-0.001948417817417505,0.0015229719224407745,-0.0006483366234988353,0.01334584403593908,26389,808000000,5.79,0,2,4,-3.1035387964711263,1.5604594989217524,4.959749992012379,-3.1035387964711263,1.5604594989217524,4.959749992012379,140.31450033187866
-3.668181996765292,1.8555650925605742,5.0,-1.8761374253037062,-0.23913167933192367,4.929943716600193,-0.5076151464909402,0.0003836577658915349,0.000615810232378806,-0.8615836213841681,0.06006144340112592,0.00882756915942776,-0.001001074662255247,0.0015042245308904967,-0.0019023854065380874,0.010707741239457391,26390,111000000,5.5,0,2,4,-3.1528413115525926,1.6379309218119955,4.958926802574961,-3.1528413115525926,1.6379309218119955,4.958926802574961,140.68010425567627
-3.757265916794269,1.8617428433729168,5.0,-1.9028791636507059,-0.2046012965485726,4.929733137905551,-0.505772138951015,-5.538586131665415e-05,0.0005482063795112417,-0.8626669344904132,0.16002155547198713,0.024812605167259312,-0.00026671577139340564,0.001522724448932422,-0.001709609637146059,0.012790203072654549,26390,434000000,5.24,0,2,4,-3.19844879617409,1.70787842356704,4.958282755270473,-3.19844879617409,1.70787842356704,4.958282755270473,141.09684801101685
-3.757265916794269,1.8617428433729168,5.0,-1.941734084460773,-0.15537756298928426,4.929763283171417,-0.5037227557839163,-0.00039056489072745185,0.0004807252313923143,-0.863865152479121,0.2210263923266972,0.035300831785544065,0.00010867299627097076,0.0014137112998469092,-0.0016295603359139932,0.0186036895684083,26390,801000000,4.93,0,2,4,-3.242285563056327,1.77216470130026,4.957836134217429,-3.242285563056327,1.77216470130026,4.957836134217429,141.47276425361633
-3.8466503177757674,1.863701659322577,5.0,-1.9946562193096706,-0.0897794071186363,4.929965477564225,-0.5004285650959369,-0.0007293219218503168,0.0004327416905851786,-0.8657774148475953,0.2625954556514106,0.04254537134386307,0.0003283742605328756,0.0011122794603579678,-0.001608023512744694,0.027118882826471236,26391,132000000,4.6,0,2,4,-3.272786886509355,1.8132051867542256,4.957717718571727,-3.272786886509355,1.8132051867542256,4.957717718571727,141.86133551597595
-3.9361346148648746,1.8614047014503705,5.0,-2.058713259368286,-0.011845291853494934,4.930273384273938,-0.4956238880101992,-0.0010671292843581156,0.0003894929887519376,-0.8685365111288964,0.2871825417288859,0.04635314631815994,0.00012894485744827268,0.0012187635434202093,-0.0014522863807542308,0.03454225698078517,26391,469000000,4.1,0,2,4,-3.301023739967308,1.8465738024204401,4.957851156958732,-3.301023739967308,1.8465738024204401,4.957851156958732,142.27429842948914
-4.025514319678319,1.8548245252560556,5.0,-2.1240763515397463,0.06575082648398665,4.930491886259645,-0.49018108212330946,-0.0013542783889096076,0.00033255219848467917,-0.8716195053275837,0.2998513620121409,0.04870404838779051,-0.0003668240858995561,0.0010070497637570952,-0.0011953649050155946,0.039184482375276275,26391,829000000,3.43,0,2,4,-3.3282539992809737,1.87312354461875,4.958188495348424,-3.3282539992809737,1.87312354461875,4.958188495348424,142.6500539779663
-4.025514319678319,1.8548245252560556,5.0,-2.2049879484891637,0.1585590343295728,4.930586659675859,-0.48304770099398203,-0.0016114025970017955,0.0002942798969692809,-0.8755925053045173,0.30604585287418706,0.051024778077247056,-0.0010228698938221227,0.000501684223763732,-0.0009373940201840014,0.04203579228487797,26392,163000000,2.71,0,2,4,-3.352979007086873,1.8919032178205053,4.958656529968399,-3.352979007086873,1.8919032178205053,4.958656529968399,143.11126255989075
-4.11458144772037,1.8439434215393662,5.0,-2.306886396072573,0.26889745959180045,4.930484083039127,-0.47423732509333283,-0.0017478665278567505,0.0003129679238685534,-0.8803952558379672,0.27223163410688594,0.05179038739086324,-0.001198782367555511,-8.270476570260143e-05,-5.09642283930134e-05,0.036400787575985305,26392,574000000,1.79,0,2,4,-3.3815128400906915,1.9081729593620633,4.959356039840005,-3.3815128400906915,1.9081729593620633,4.959356039840005,143.67564225196838
-4.203124951564095,1.8287537434143732,5.0,-2.390773592920298,0.34877082195664516,4.9303879415540885,-0.467466585529544,-0.0015832308393736734,0.0002432381065333581,-0.884009290465141,0.1855540997291783,0.0540693635405187,-0.0008056002810157533,-0.00010511824370951217,0.00174265574059973,0.02596103495307034,26393,71000000,0.84,0,2,4,-3.417352110362534,1.9220806270636528,4.9604699574719495,-3.417352110362534,1.9220806270636528,4.9604699574719495,144.19944167137146
-4.290931179713607,1.809258217798236,5.0,-2.443552758525131,0.3838009046899449,4.930283633633884,-0.46332923230916634,-0.0011774203793029135,3.417058981135821e-05,-0.8861854405266539,0.09348538790576698,0.05910065914127299,-0.0006861411058429503,1.373477451771521e-05,0.002808166686918412,0.0178398779098643,26393,544000000,0.85,0,2,4,-3.4530519770335566,1.9306191363735596,4.961673621754754,-3.4530519770335566,1.9306191363735596,4.961673621754754,144.67272567749023
-4.3777843609793425,1.7854702396286055,5.0,-2.472258123240879,0.38822484754550357,4.930075638898322,-0.4610930867906061,-0.0007765624614460957,-0.00018585441940700744,-0.8873514116305833,0.029132234999706397,0.06485083799514267,-0.0009583731167373535,8.713380879044053e-05,0.002480710713825829,0.010279005437041633,26393,964000000,1.27,0,2,4,-3.485526825320507,1.9357635852381139,4.962749972887443,-3.485526825320507,1.9357635852381139,4.962749972887443,145.05031204223633
-4.463467114098955,1.757414147020783,5.0,-2.489840930635879,0.3778291740576422,4.9297409968218115,-0.46021844352945485,-0.0005023731598572188,-0.0003679391512194398,-0.8878054947325541,-0.015345091946039557,0.07101788431181495,-0.0014850470656374072,0.0004978765730356827,0.0018830385442925035,0.0012578857649714337,26394,297000000,1.53,0,2,4,-3.522571203445788,1.9521959883489521,4.963456259214297,-3.522571203445788,1.9521959883489521,4.963456259214297,145.3932843208313
-4.54776098223119,1.7251254755365253,5.0,-2.5034050690921514,0.3529353505273698,4.92913537867745,-0.4608447415010155,-0.00031112461949263056,-0.0005842382707089948,-0.8874805271655126,-0.056045820212577604,0.07851927283793883,-0.0021969081888352586,0.0008054410386648669,0.0013977754406369058,-0.010479395041329553,26394,608000000,1.62,0,2,4,-3.5705825037775267,1.985836187953451,4.963646905000193,-3.5705825037775267,1.985836187953451,4.963646905000193,145.77728605270386
-4.630446991838981,1.6886511897017635,5.0,-2.5130190664339764,0.308869644313437,4.928133021238934,-0.463685385860205,-0.00017666565100143467,-0.0008360919815786343,-0.8859995105411282,-0.09492083012418519,0.08684348666747987,-0.0032047753001212993,0.0008137434008403943,0.0010246414831271977,-0.021479241877386812,26394,942000000,1.52,0,2,4,-3.641367097528782,2.043672994216369,4.96327110922776,-3.641367097528782,2.043672994216369,4.96327110922776,146.23056650161743
-4.630446991838981,1.6886511897017635,5.0,-2.522844559922152,0.25976607077750397,4.926890710088177,-0.4662370097843811,-0.00021758175035360792,-0.0009622276770469133,-0.8846593002299801,-0.03968735486320458,0.0918161540577954,-0.0026411718611442153,0.0003951378346300771,-0.0014695755453431047,0.004775765273734578,26395,354000000,1.21,0,2,4,-3.735226881608095,2.1225765252743853,4.962439159201374,-3.735226881608095,2.1225765252743853,4.962439159201374,146.68093371391296
-4.711306235361156,1.6480498898808675,5.0,-2.5510767561132024,0.24498870016831326,4.926341132502992,-0.46413723803722146,-0.0004955037375670075,-0.0008611040562080227,-0.8857627432010391,0.05796705209641038,0.09367552457484817,-0.0009813999813471223,0.00011423303050150935,-0.0016335684790647065,0.020349237274785992,26395,746000000,1.0,0,2,4,-3.8232038495679457,2.190907860239557,4.961796739058571,-3.8232038495679457,2.190907860239557,4.961796739058571,147.0754144191742
-4.790120476949589,1.6033919925910052,5.0,-2.6000815238039148,0.2560059526613592,4.926362510016076,-0.46018413179047973,-0.0007402515526799629,-0.0007825201126944415,-0.8878228452445647,0.14199550510805675,0.09455768259854971,0.0004841825911875549,0.0004547736637050548,-0.0014001570434629684,0.02960505589726381,26396,93000000,1.14,0,2,4,-3.886073474102764,2.230784242615871,4.961434952491113,-3.886073474102764,2.230784242615871,4.961434952491113,147.48409581184387
-4.866672780420349,1.5547598823221744,5.0,-2.6645106420232727,0.2873749910708722,4.926860849763469,-0.4547951913496827,-0.0009885422356053642,-0.0007524874526628676,-0.890595188888918,0.20123065442795282,0.0952359855740241,0.0015046694348640755,0.0005391665013121383,-0.0014083435758038831,0.038498793946928345,26396,447000000,1.56,0,2,4,-3.9421803504837087,2.256312676073205,4.9612913083591925,-3.9421803504837087,2.256312676073205,4.9612913083591925,147.90074014663696
-4.940748158433628,1.502248032917247,5.0,-2.739466821053949,0.3314713776989466,4.9277241839605725,-0.4480570593520292,-0.001240552355765917,-0.0007395608352440665,-0.8940037950950965,0.2377682539093962,0.09498345030135139,0.0021115071355598015,0.0006227219614629576,-0.0013205968684815161,0.04571190038404893,26396,815000000,2.23,0,2,4,-3.9904801415734306,2.268159758249589,4.961356154398625,-3.9904801415734306,2.268159758249589,4.961356154398625,148.30830192565918
-5.012134241778318,1.4459630965622292,5.0,-2.8209013829658183,0.3823226455447269,4.928766748592662,-0.44028448592607383,-0.001467836373384941,-0.0007338829729053073,-0.8978568250701088,0.2576315815414096,0.09406841942892939,0.0022046154237941626,0.0003814542537838861,-0.0011225277944504342,0.050613559142220765,26397,166000000,3.12,0,2,4,-4.033517329795108,2.2693514297476978,4.961593690740051,-4.033517329795108,2.2693514297476978,4.961593690740051,148.71796655654907
-5.012134241778318,1.4459630965622292,5.0,-2.906058183220672,0.43582256618071047,4.929819252226367,-0.4318726232109621,-0.00165426934517482,-0.0007457155918134129,-0.9019327827627023,0.2667097428706231,0.09324496009899813,0.0019127111684612043,0.0005802358430173626,-0.0008285343255920452,0.05298072755977046,26397,523000000,4.15,0,2,4,-4.073118413589536,2.262198075303585,4.961960246831025,-4.073118413589536,2.262198075303585,4.961960246831025,149.13460421562195
-5.080621967492752,1.3860239584408682,5.0,-3.0029377872438547,0.49529577756546594,4.930876141820777,-0.42232547420818617,-0.0018091626880374688,-0.0007760072186989073,-0.9064421209200262,0.26932584823752254,0.09149945211517974,0.0015887288677214517,0.0002483442614220621,-0.0006403616680472624,0.05155676699359901,26397,889000000,5.27,0,2,4,-4.110632857285313,2.2485476068309063,4.962398786674292,-4.110632857285313,2.2485476068309063,4.962398786674292,149.57380366325378
-5.146006284404249,1.3225617551199518,5.0,-3.113028903753351,0.5586246840169858,4.932002266836723,-0.4123551943515429,-0.0018753434848933564,-0.0007497020354255929,-0.9110209189283047,0.24139343565660334,0.09409802093894147,0.0013108216054206917,-0.00020869350549901355,-6.216360191046988e-05,0.04208555801596958,26398,279000000,6.55,0,2,4,-4.150785264148627,2.227613914277631,4.962990846711986,-4.150785264148627,2.227613914277631,4.962990846711986,150.09198474884033
-5.20808687451648,1.2557198547530424,5.0,-3.2063738550290366,0.597401973871057,4.932846176180524,-0.40569044361052103,-0.0017365871844431762,-0.0008244784677428677,-0.914008516625149,0.1553273361608229,0.10842524664412853,0.0006874631619795731,0.00023755967646366116,0.001729973564579268,0.019496326058288105,26398,740000000,7.9,0,2,4,-4.1953518538989805,2.1983663671923064,4.9636719505565265,-4.1953518538989805,2.1983663671923064,4.9636719505565265,150.5944242477417
-5.266668888515909,1.1856537972215457,5.0,-3.261478788518312,0.599343835719051,4.933161104235718,-0.40365836426051616,-0.0014612397249771946,-0.0010394724901142838,-0.9149080332131382,0.0717864439872337,0.12412421825586677,-0.000131482011423168,0.0008387982177282538,0.002489394250915211,0.005527447001441033,26399,182000000,8.85,0,2,4,-4.237404204402301,2.166178399309008,4.96428304427507,-4.237404204402301,2.166178399309008,4.96428304427507,151.0047585964203
-5.321563693507126,1.112531192373411,5.0,-3.3039852923348056,0.5751366210636567,4.933074606373123,-0.40398094372635146,-0.0011303006938350778,-0.0013972035870883338,-0.9147656352030524,-0.006502848987527801,0.1401412357093315,-0.0013410194129005353,0.0014667203345197777,0.0023429024395227316,-0.012280955888854805,26399,533000000,9.2,0,2,4,-4.271381540874324,2.1408379785282343,4.964807403100527,-4.271381540874324,2.1408379785282343,4.964807403100527,151.41005110740662
-5.372589630922011,1.0365315745723227,5.0,-3.3295710049292855,0.5382197525063342,4.932659932709122,-0.4066431523372405,-0.0009400060588461024,-0.0017201513675006114,-0.9135849736751989,-0.058128030756232275,0.1507880838433272,-0.0024703282079525522,0.001634036345876666,0.0018121558809980343,-0.029351261036936194,26399,890000000,9.21,0,2,4,-4.3257359632382375,2.137663607656973,4.965021833306357,-4.3257359632382375,2.137663607656973,4.965021833306357,151.75289821624756
-5.419572782380206,0.9578462118343007,5.0,-3.3501976095542134,0.4817365084622537,4.9317988003838105,-0.4128465190941959,-0.0008210942505576887,-0.002078357490296212,-0.9107978688524583,-0.10686080175559305,0.15984196356054042,-0.0038974931312884507,0.0017578185406819102,0.0015341932453338814,-0.05223644075158518,26400,196000000,8.87,0,2,4,-4.3888154913204795,2.1574059222078716,4.964720214246891,-4.3888154913204795,2.1574059222078716,4.964720214246891,152.12797331809998
-5.419572782380206,0.9578462118343007,5.0,-3.3655173211245075,0.4098286627459055,4.930514554336533,-0.42209396499695967,-0.0007005092896221217,-0.002387681957414625,-0.9065486710457142,-0.12638796346807107,0.16239000343245608,-0.004239578055679488,0.0005877693922684557,0.0014471447570940654,-0.05174608631932642,26400,533000000,8.02,0,2,4,-4.476135125318866,2.1983022187077714,4.96384258365196,-4.476135125318866,2.1983022187077714,4.96384258365196,152.52919483184814
-5.46234774110858,0.8766778679051002,5.0,-3.3831801429900565,0.34579003786454016,4.929605798507593,-0.42842179185683327,-0.0005781194748842865,-0.002404238175721311,-0.9035754831107622,-0.07721158839226584,0.15523440223732865,-0.002548945336264576,-0.0013910523421145626,-0.0007454687477093103,-0.0200178285012953,26400,883000000,6.76,0,2,4,-4.5775617200140895,2.2506483879127113,4.962614250591411,-4.5775617200140895,2.2506483879127113,4.962614250591411,152.92495036125183
-5.500758386356226,0.7932405157210881,5.0,-3.4180426546055154,0.30337573610105734,4.929409009065683,-0.4293361278992076,-0.0007085824126294656,-0.0020866374344565095,-0.9031420891175965,0.011802681856934323,0.14493316335838966,-9.89571492574917e-05,-0.001114938766022533,-0.001587581846251851,0.0033988141467489186,26401,236000000,5.8,0,2,4,-4.674741011610502,2.295476034009506,4.961496384797644,-4.674741011610502,2.295476034009506,4.961496384797644,153.32577657699585
-5.53465865806953,0.7077590007991627,5.0,-3.468634615700631,0.28485506951511813,4.929964680977957,-0.4278581875623177,-0.0008699620735232955,-0.0018299786959505222,-0.9038436068700444,0.08078506240057885,0.13879204555469624,0.001873470916880593,-0.0006491123883733962,-0.001310356208250596,0.015864391752984375,26401,593000000,5.69,0,2,4,-4.750276730673368,2.3155353587196466,4.960731321596198,-4.750276730673368,2.3155353587196466,4.960731321596198,153.7198805809021
-5.563913328919968,0.6204686532182451,5.0,-3.527549339770914,0.283124467526195,4.931056058647756,-0.42460441729067666,-0.0010128216715647067,-0.0016705462900125706,-0.9053768675444493,0.12718619203428314,0.1353834542183056,0.0033124894247911324,-0.0002945003842569349,-0.0012608522638402064,0.027390542345528957,26401,938000000,5.84,0,2,4,-4.814666754442289,2.315323428044953,4.960272065305774,-4.814666754442289,2.315323428044953,4.960272065305774,154.1187605857849
-5.563913328919968,0.6204686532182451,5.0,-3.598032299689556,0.29200178410033206,4.932678922251519,-0.4194078572845282,-0.0011907561591566476,-0.0015831487846542098,-0.9077957506992946,0.15811251041463015,0.13277439721946266,0.00430818392688267,0.0003371249761130457,-0.0010713663755268499,0.036122566962148994,26402,290000000,6.24,0,2,4,-4.863937476660929,2.29878863601558,4.960120926421175,-4.863937476660929,2.29878863601558,4.960120926421175,154.5222132205963
-5.588398770606261,0.5316148469865358,5.0,-3.6690656131899755,0.30591845079673113,4.934475692674496,-0.41344366871737914,-0.0013335030978816067,-0.001540692049800162,-0.9105274190462412,0.174346336613623,0.12983978980654184,0.004863608223169962,-0.0001639057330748983,-0.0008694813516285649,0.04087332017661538,26402,638000000,6.92,0,2,4,-4.906639897518398,2.2678136411043446,4.960193817306363,-4.906639897518398,2.2678136411043446,4.960193817306363,154.91190266609192
-5.608003711183438,0.44145250573565586,5.0,-3.7420665939525577,0.3226335121498241,4.93643831061787,-0.4069436486541697,-0.0014290669862144759,-0.0014857918209959045,-0.9134509384801381,0.18221407397091474,0.12645042234332732,0.005063902770508772,2.55441573671078e-05,-0.000557503835807438,0.04237259090587031,26402,980000000,7.72,0,2,4,-4.94000107857271,2.2291740999509835,4.960384893663225,-4.94000107857271,2.2291740999509835,4.960384893663225,155.30876541137695
-5.62262998000515,0.3502455538454226,5.0,-3.819890500456054,0.3410910423689582,4.938510884529681,-0.39999364445178504,-0.0014904073098263857,-0.0014700753283750083,-0.9165155219431684,0.18370261860201667,0.12402846637458789,0.004943975573010022,3.097779135430301e-05,-0.00033642473908912507,0.04149194101046305,26403,332000000,8.61,0,2,4,-4.968223908710464,2.183476130373321,4.96063111827156,-4.968223908710464,2.183476130373321,4.96063111827156,155.70628309249878
-5.62262998000515,0.3502455538454226,5.0,-3.901523933418893,0.3594095979749166,4.940654815376342,-0.3929537126068097,-0.0015318998311236434,-0.001482966212213707,-0.9195557807129733,0.18016152295739946,0.12291749512127945,0.00474873714180084,0.00021711448852101967,-0.00015931465355834007,0.03854875285469461,26403,686000000,9.57,0,2,4,-4.993915921460002,2.1290598205167837,4.960943695026801,-4.993915921460002,2.1290598205167837,4.960943695026801,156.1276557445526
-5.6321932367033956,0.25826631228190566,5.0,-3.9776601427618283,0.3745993100153408,4.942602010301734,-0.3868427524992909,-0.0015389356062592246,-0.0014953219834975499,-0.9221431995781012,0.17465636011982896,0.12176483797265177,0.0045256658979153635,-0.0001320012714245422,3.12649312661506e-05,0.03443682617216837,26404,57000000,10.55,0,2,4,-5.017785881224996,2.066491020549333,4.961293003730863,-5.017785881224996,2.066491020549333,4.961293003730863,156.5443377494812
-5.6366236804729155,0.16579483862679936,5.0,-4.049499595297197,0.38359228040569515,4.944365457219582,-0.382926646864822,-0.0014962648007033218,-0.0016126073246292298,-0.9237761329511205,0.11485241439869467,0.13276582284034477,0.0031696891688550105,0.0014120116020421847,0.0012838298403039516,-0.0025032760163412604,26404,428000000,11.43,0,2,4,-5.038177752695974,2.003894866107705,4.961565297947175,-5.038177752695974,2.003894866107705,4.961565297947175,156.95194244384766
-5.635866735777037,0.07311821098866865,5.0,-4.098847723413969,0.3636750964277234,4.945265508150389,-0.3858827597606082,-0.001365074953425651,-0.001984713792664619,-0.922544683579646,0.007925914816426152,0.1552739411606975,0.0007003187300356644,0.002209973763456219,0.0020709837144750054,-0.031671208489569835,26404,786000000,12.04,0,2,4,-5.059939933875413,1.9434716563253305,4.961821542760781,-5.059939933875413,1.9434716563253305,4.961821542760781,157.35096740722656
-5.629883710449162,-0.01947024428380043,5.0,-4.1302529011348685,0.31031055355010395,4.945321225686275,-0.3927428233055568,-0.0011875847439914177,-0.0025046861715478995,-0.9196441653876992,-0.09224216758827224,0.17448928195993837,-0.002076951055563468,0.002545381880736386,0.002170851371374738,-0.05268105960567482,26405,136000000,11.77,0,2,4,-5.090549121792766,1.9001644388144943,4.961946203176514,-5.090549121792766,1.9001644388144943,4.961946203176514,157.75401544570923
-5.61865242203085,-0.11167178091919192,5.0,-4.145256101271806,0.22553151720300119,4.944381362665344,-0.4038918109021043,-0.00104823217773577,-0.0031054511615529303,-0.9148008867882689,-0.17438160316822926,0.18552417145744293,-0.005029438351750638,0.002770293826870329,0.002240090952909668,-0.07842629056540318,26405,491000000,10.95,0,2,4,-5.1447006501167865,1.8835689800193238,4.961672497010171,-5.1447006501167865,1.8835689800193238,4.961672497010171,158.17981624603271
-5.61865242203085,-0.11167178091919192,5.0,-4.147153315130587,0.10932811129952213,4.942430685134269,-0.42037922179475373,-0.0008548900426925813,-0.003654130005146391,-0.907340744362424,-0.2204198752606977,0.18285725323189833,-0.006628239963919198,0.0011728858112292073,0.0022100133492131135,-0.08963525397120975,26405,868000000,9.51,0,2,4,-5.220626297496642,1.8901139839034726,4.961030466016847,-5.220626297496642,1.8901139839034726,4.961030466016847,158.64713764190674
-5.60216778806488,-0.2031831166393795,5.0,-4.1469504956591665,0.00855938099269698,4.940749926877967,-0.4340044352036742,-0.0006572314489910656,-0.0036739483554147525,-0.9009030027554819,-0.18782981979270202,0.16776653284533236,-0.005280958296743703,-0.0025984509420595714,-0.000521057779678813,-0.06585698793060146,26406,289000000,7.33,0,2,4,-5.319213683539594,1.9159169295484058,4.959918019063043,-5.319213683539594,1.9159169295484058,4.959918019063043,159.0417561531067
-5.5804423759517086,-0.2936973719598432,5.0,-4.1572252746664295,-0.060972407585606486,4.939947829145413,-0.4418814190562922,-0.0007098828383685725,-0.003230193870006456,-0.89706737395065,-0.11832602749837548,0.15195148316877574,-0.0025503464904047127,-0.002196944592469663,-0.0017237285192095442,-0.047736044143675826,26406,640000000,5.52,0,2,4,-5.4036156760673135,1.938521046592036,4.958836368021604,-5.4036156760673135,1.938521046592036,4.958836368021604,159.42648220062256
-5.553506907881683,-0.38290506286009296,5.0,-4.178976644720476,-0.11425110595393152,4.939871303069024,-0.44841983247792266,-0.0008426898164744077,-0.0027948644773807124,-0.893818288270551,-0.059366365766922446,0.1406324650810578,-7.620485183749986e-05,-0.001779125648226909,-0.0015955848539306317,-0.0375043924577767,26406,975000000,4.44,0,2,4,-5.463489730367449,1.9394995789251595,4.958123989532042,-5.463489730367449,1.9394995789251595,4.958123989532042,159.81018209457397
-5.5214107162752395,-0.47049514599288356,5.0,-4.209094990143671,-0.15178495948234286,4.9404650450866345,-0.4533460357408555,-0.0009522644576857566,-0.0024497696961604826,-0.8913307263293963,-0.017331884498395646,0.13395014787887102,0.0019172110660491243,-0.0012827840464524343,-0.0012497816555878671,-0.025553113482601475,26407,315000000,3.53,0,2,4,-5.509374359700089,1.9178047983473099,4.957569406422222,-5.509374359700089,1.9178047983473099,4.957569406422222,160.18522453308105
-5.484222145100808,-0.5561561147666688,5.0,-4.245073709703027,-0.17847229062366723,4.941637097098268,-0.4563447732926581,-0.0010373103667551957,-0.0021960741324878116,-0.8897997241706023,0.010825342896531542,0.12998143995149467,0.0034885389735048256,-0.0009108180961447943,-0.000941368466556014,-0.013161068454792257,26407,646000000,2.84,0,2,4,-5.540034082244011,1.8765636565610992,4.95717734533124,-5.540034082244011,1.8765636565610992,4.95717734533124,160.58481001853943
-5.484222145100808,-0.5561561147666688,5.0,-4.287078713730875,-0.1992006596293912,4.943340236681243,-0.45767970848682915,-0.0010954793923605576,-0.0019977427524660095,-0.8891142184152758,0.028664083592795132,0.1271064249543888,0.004682158944787575,-0.0007660946778287325,-0.0006172773851176316,-0.0033975131145780324,26407,994000000,2.41,0,2,4,-5.558391754332796,1.8199652885621682,4.9568715486182695,-5.558391754332796,1.8199652885621682,4.9568715486182695,160.97267651557922
-5.442028892397166,-0.6395771442850378,5.0,-4.326173531744334,-0.2138157084032441,4.945157130569264,-0.4577431732927921,-0.0011115985706514793,-0.0018517280804945997,-0.8890818425519544,0.037818713759906926,0.12479333630679963,0.005444573649027178,-0.0008148622612225154,-0.00044748720711140777,0.0029336872103158385,26408,339000000,2.22,0,2,4,-5.567661944833483,1.7480652448450336,4.956570447527655,-5.567661944833483,1.7480652448450336,4.956570447527655,161.34828305244446
-5.394938289305385,-0.7204492827602554,5.0,-4.368389010623236,-0.22690282891224473,4.947275340092902,-0.45700059083597266,-0.0011056773887920931,-0.0017172487007593217,-0.8894640456533267,0.04238726364172098,0.12206423337797286,0.005830098275440571,-0.0006257002780785115,-0.00018003763386786886,0.0059528491419769125,26408,668000000,2.21,0,2,4,-5.569517646723931,1.677025567542115,4.956272193959899,-5.569517646723931,1.677025567542115,4.956272193959899,161.71954345703125
-5.343077510917503,-0.7984666866361086,5.0,-4.407710879864173,-0.23838137384998656,4.949322816259392,-0.456132723743078,-0.0010800995053027525,-0.0016449164218507424,-0.8899095830283795,0.04147670621188518,0.11941757464835442,0.00600252307566884,-0.0002895295097005146,1.6796952806430454e-05,0.005720503031625412,26409,5000000,2.31,0,2,4,-5.566730168529847,1.5964869872625496,4.955879855411835,-5.566730168529847,1.5964869872625496,4.955879855411835,162.07724595069885
-5.343077510917503,-0.7984666866361086,5.0,-4.450311920369111,-0.25178265426431407,4.951694174901697,-0.45535818219664914,-0.0010411753275082084,-0.001601534240045789,-0.8903062826626454,0.03570730159752457,0.11613979844635684,0.0061669284169363695,-0.0003556990321840203,0.0001282462022800246,0.003383925445632485,26409,322000000,2.44,0,2,4,-5.560886635656074,1.5176400842014919,4.955403537737138,-5.560886635656074,1.5176400842014919,4.955403537737138,162.47811841964722
-5.286593714276308,-0.8733278962592992,5.0,-4.492658940609289,-0.26737843125060146,4.954191017933199,-0.4549504512427993,-0.0009950503810885374,-0.001564617696012164,-0.8905148223135748,0.028674445563346203,0.11261103747357123,0.005994684155386414,-0.00021940286103472317,0.00010327443931146263,0.0016280615454888903,26409,682000000,2.56,0,2,4,-5.551679377595256,1.4270909475934572,4.954705779273716,-5.551679377595256,1.4270909475934572,4.954705779273716,162.8948953151703
-5.2256540989155775,-0.9447371485293901,5.0,-4.5336033868440415,-0.2865112265289393,4.9566692935231895,-0.45530496968082723,-0.0009448899212113948,-0.0015766962987399879,-0.8903336485811143,0.00774694416444711,0.10971642812358491,0.005541310163780779,0.00010393367304573076,0.0005522698927507008,-0.00886712205101503,26410,58000000,2.63,0,2,4,-5.5421533884377014,1.3335112441470602,4.953840111385258,-5.5421533884377014,1.3335112441470602,4.953840111385258,163.3491666316986
-5.160445885414503,-1.0124057225364496,5.0,-4.560466007861815,-0.3129521758284667,4.958444267730862,-0.4580961498900834,-0.0008603050599993961,-0.0017971557004956094,-0.8889004148736089,-0.06798002229588225,0.11091283590587445,0.0029149113374150356,0.002229020969934936,0.002413416586932726,-0.03936022403649986,26410,464000000,2.57,0,2,4,-5.5424224958605,1.251645416693815,4.953061072788548,-5.5424224958605,1.251645416693815,4.953061072788548,163.73563170433044
-5.091176207556139,-1.076053313764426,5.0,-4.56609904682987,-0.3714675202108834,4.95875643579056,-0.4661386725120864,-0.0006119660989724966,-0.0023306516626774654,-0.8847083878595199,-0.18774749476697214,0.11208728955633744,-0.002004642282303952,0.0019303746057630633,0.0030280310738817207,-0.06206848338479176,26410,809000000,2.2,0,2,4,-5.558379715478449,1.2073325552518446,4.952533690475404,-5.558379715478449,1.2073325552518446,4.952533690475404,164.11958146095276
-5.091176207556139,-1.076053313764426,5.0,-4.543966744774559,-0.4961417184947712,4.956951408340243,-0.47977535542543326,-0.0002561335237101694,-0.0029978620538064545,-0.8773862066075141,-0.30578904963854453,0.10532920066868359,-0.007544989338884467,0.00158518120088047,0.002809911256917985,-0.07049711130093783,26411,151000000,1.15,0,2,4,-5.587134706631263,1.1837201116867389,4.952043462864094,-5.587134706631263,1.1837201116867389,4.952043462864094,164.62305760383606
-5.018071913829636,-1.1354094319985468,5.0,-4.500490818864328,-0.6566769089572898,4.9534204068450185,-0.4938873832034404,0.00014830965582851422,-0.0033862268533220424,-0.8695192718878643,-0.33269063084640726,0.09074800660802679,-0.0090012173405331,-0.0002658134235389298,0.0019375008150745998,-0.06056465826986823,26411,600000000,0.59,0,2,4,-5.639277423793668,1.1744572736562968,4.951323597100709,-5.639277423793668,1.1744572736562968,4.951323597100709,165.165709733963
-4.941379274201433,-1.1902148176291472,5.0,-4.467777696845965,-0.7772316858243743,4.950872218145196,-0.503025281661572,0.00033529777270989805,-0.0033165524722936013,-0.8642652683432316,-0.28425717529762,0.07931176933905884,-0.007222271245742973,-0.0016322828969350667,-0.0011273907716713438,-0.04738687930512242,26412,86000000,2.37,0,2,4,-5.703808250148669,1.1841124704218666,4.950329227697097,-5.703808250148669,1.1841124704218666,4.950329227697097,165.5845537185669
-4.861363588304209,-1.2402228705937084,5.0,-4.447929287615372,-0.8680478302432776,4.949248310513541,-0.5094939950399793,0.00017174957142177872,-0.0028892707719415005,-0.8604693438087685,-0.21335358059393972,0.07070115935155254,-0.004388386115939222,-0.0017782246686692815,-0.0022548327478943975,-0.03577873249014374,26412,464000000,3.53,0,2,4,-5.753120416806743,1.1925036559088822,4.949370891443494,-5.753120416806743,1.1925036559088822,4.949370891443494,165.9945683479309
-4.778308691455196,-1.2852010857470126,5.0,-4.4382268385569965,-0.9341829235441477,4.948475127233721,-0.5140770727581577,-2.189738630683992e-05,-0.0024606219536771994,-0.8577404666474057,-0.16003310206579413,0.0645561467790245,-0.001958022338100323,-0.00155397857497519,-0.002086872814288654,-0.02557532352511771,26412,828000000,4.36,0,2,4,-5.776322658051809,1.1699145436261889,4.948466682469664,-5.776322658051809,1.1699145436261889,4.948466682469664,166.38229966163635
-4.692516355220243,-1.3249324879979623,5.0,-4.434698291026543,-0.9883626623046279,4.948367531546207,-0.5172482424585977,-0.00016269879186839688,-0.0020363267187299824,-0.8558329758639177,-0.11885236147297755,0.05904742524085801,0.00012528032391777703,-0.0018710499034568784,-0.00160124037620335,-0.01461228330299491,26413,174000000,4.96,0,2,4,-5.778875079518974,1.1233255238890898,4.947630313529366,-5.778875079518974,1.1233255238890898,4.947630313529366,166.78063559532166
-4.604305579587888,-1.3592170601044367,5.0,-4.435479351463678,-1.0307044095755438,4.94884719766189,-0.5188545477276116,-0.0002224135281768824,-0.001661437699153492,-0.8548608942157605,-0.09046805882018433,0.053641709754754276,0.0017191110157869082,-0.0014036995139576902,-0.0011200919743714621,-0.0060742918776668375,26413,522000000,5.39,0,2,4,-5.765396956379836,1.0532442676620561,4.9467353828022205,-5.765396956379836,1.0532442676620561,4.9467353828022205,167.19521260261536
-4.604305579587888,-1.3592170601044367,5.0,-4.43843376524961,-1.0647004941570697,4.9497874497835115,-0.5193614159639693,-0.0002516035027092605,-0.0013892036644127285,-0.8545535246061283,-0.07165390247251016,0.047779198261360886,0.0029399462933767167,-0.0010466136018294492,-0.0007494192743706662,-0.0003909622705577931,26413,882000000,5.63,0,2,4,-5.739814321841433,0.9688711072047359,4.945848875124645,-5.739814321841433,0.9688711072047359,4.945848875124645,167.60350608825684
-4.514011774210335,-1.3878731555776789,5.0,-4.442042747117724,-1.0928055524902511,4.95107877828823,-0.5191612416909748,-0.0002566179051004829,-0.001180730883069085,-0.854675461884637,-0.05860432274405264,0.042292341756349834,0.003784802869344582,-0.0009355056761251035,-0.0005547324406052212,0.0027984821599602583,26414,239000000,5.72,0,2,4,-5.705712132851336,0.8759936936098377,4.9449526247923155,-5.705712132851336,0.8759936936098377,4.9449526247923155,168.0175347328186
-4.421985826607609,-1.4107388887183527,5.0,-4.445650079978867,-1.1152937271869268,4.952498660848368,-0.5186177926659432,-0.0002459139769688428,-0.0010142930216313019,-0.8550055531201459,-0.05016402353825491,0.037317115651430255,0.004240011386874495,-0.0008597586429459625,-0.0003356370683604837,0.004951935989083722,26414,610000000,5.73,0,2,4,-5.665660893385924,0.7786392085581458,4.943899328594461,-5.665660893385924,0.7786392085581458,4.943899328594461,168.3974015712738
-4.328593055717535,-1.4276734933920339,5.0,-4.448124259761161,-1.131707143865051,4.953744641010453,-0.5179441696670322,-0.0002121270876626128,-0.0008954245444041404,-0.8554139292324578,-0.046287560209006574,0.03248870849110839,0.004456721719179946,-0.0010129786346624314,-0.0001094306504967335,0.006212031485119951,26414,942000000,5.7,0,2,4,-5.6244960805418005,0.6852469711290647,4.942736374205201,-5.6244960805418005,0.6852469711290647,4.942736374205201,168.72398686408997
-4.234212049709711,-1.4385586417559681,5.0,-4.449689687394971,-1.1488664497605738,4.955223593882395,-0.5170167161073084,-0.00013706032622643843,-0.0007664002447390174,-0.8559749465438499,-0.04475602561900884,0.02582902875734099,0.004588761830504299,-0.000923269311670083,-1.3324120828883679e-05,0.007526685612901929,26415,233000000,5.64,0,2,4,-5.588841342374182,0.6083637323890695,4.941710446285375,-5.588841342374182,0.6083637323890695,4.941710446285375,169.08631443977356
-4.234212049709711,-1.4385586417559681,5.0,-4.4487932268277,-1.16873262472608,4.957069520199352,-0.5156182245918085,-4.940025848648358e-05,-0.0006230120311250427,-0.8568182163588812,-0.04569808316346898,0.016537424584002355,0.0044842558717071625,-0.0007826517958164914,4.992771991396694e-05,0.008621215965831652,26415,556000000,5.57,0,2,4,-5.548510579777124,0.52427956057252,4.940571815236841,-5.548510579777124,0.52427956057252,4.940571815236841,169.51974201202393
-4.13923338756614,-1.4432997137763375,5.0,-4.444975144639884,-1.1856296595287992,4.9586664073321005,-0.5142507837866144,2.1869397993381297e-05,-0.0005282192483749173,-0.8576396981722614,-0.046909955622602244,0.009311989566297996,0.0043200074846261784,-0.000544209007102836,6.580318370197347e-05,0.009125548240263015,26415,942000000,5.48,0,2,4,-5.504270769197118,0.43309320202913926,4.939367013374031,-5.504270769197118,0.43309320202913926,4.939367013374031,169.93246960639954
-4.044058244565728,-1.4418270080303621,5.0,-4.436673238722525,-1.2051216380835985,4.960132099046616,-0.512819044853347,0.00021518049246051124,-0.00045828533541857617,-0.8584965759440208,-0.09388908589774612,-0.0006743221013101682,0.0032762375237572736,-0.0013731321587329148,0.0023802164832886774,0.009361497541249264,26416,310000000,5.41,0,2,4,-5.477280627401466,0.374900003186358,4.938659658635761,-5.477280627401466,0.374900003186358,4.938659658635761,170.32642817497253
-3.9490968824942665,-1.4340968839754855,5.0,-4.407378484316498,-1.252725247438196,4.960913259885987,-0.5111223221712602,0.0008219208671938498,-0.0005307104490522247,-0.8595074255471944,-0.20382811210732768,-0.016138914945714518,-0.0001472519555076423,-0.0012883569979749154,0.0030918999300411087,0.012616767889994662,26416,664000000,5.33,0,2,4,-5.464453357649625,0.34268995783285666,4.938215309294481,-5.464453357649625,0.34268995783285666,4.938215309294481,170.76142621040344
-3.8547670261357823,-1.4200928255936496,5.0,-4.3389641176545375,-1.3537984370156118,4.960046794578763,-0.5079238717051451,0.0015256861685763027,-0.0006064439771262895,-0.8614003976429734,-0.31072538326987764,-0.03224157309293987,-0.004590473858335438,-0.0012015207744298095,0.0024960082555480767,0.02040102262981236,26417,45000000,5.17,0,2,4,-5.462712432538799,0.3320295762869372,4.937878703677104,-5.462712432538799,0.3320295762869372,4.937878703677104,171.28891468048096
-3.8547670261357823,-1.4200928255936496,5.0,-4.258475970430167,-1.4664809314452287,4.958246255608416,-0.5038549881713346,0.001948314749818688,-0.0006605187253448069,-0.86378580601878,-0.31476802237724044,-0.03805694970625335,-0.00533675548049751,-0.00034994118891518156,0.000895002182232929,0.023892483113741037,26417,510000000,4.78,0,2,4,-5.470970364097079,0.34324924042200594,4.937346038065545,-5.470970364097079,0.34324924042200594,4.937346038065545,171.7535331249237
-3.761492128384366,-1.399826416087859,5.0,-4.197952276566659,-1.5462486304239715,4.95706176209522,-0.5002395171512405,0.0019670584668183546,-0.0006466170756299774,-0.8658845985739897,-0.26172958070511887,-0.037529006340792294,-0.003915158300965249,0.00026899168403815565,-0.001258828024219838,0.025815570188569836,26417,920000000,4.23,0,2,4,-5.484620270795108,0.37150807066702807,4.936566637724342,-5.484620270795108,0.37150807066702807,4.936566637724342,172.13844442367554
-3.669699527147076,-1.3733382131263714,5.0,-4.148104428018633,-1.60708223556703,4.956348423594132,-0.49634425759792566,0.0016853703426346841,-0.0005071888401701828,-0.8681240004952359,-0.19808611232604162,-0.03643741857704798,-0.002135553611071275,3.410203017750746e-05,-0.0021102847767906496,0.027122336177853867,26418,259000000,3.73,0,2,4,-5.491678684946336,0.3945703179334227,4.935843568785137,-5.491678684946336,0.3945703179334227,4.935843568785137,172.5365903377533
-3.5798184980862184,-1.340698514002861,5.0,-4.105527618368852,-1.6525625650345899,4.956078770282098,-0.4921438680143784,0.0013795038756087394,-0.00030005878762327765,-0.870512734030713,-0.14385860542957932,-0.03842630658679893,-0.0005767872888135057,-0.0002979343918241284,-0.0019345990040164907,0.02574975569586968,26418,600000000,3.17,0,2,4,-5.477717628140772,0.39091382668222174,4.935389644303368,-5.477717628140772,0.39091382668222174,4.935389644303368,172.94619750976562
-3.4922782081715784,-1.3020080000147989,5.0,-4.072085013612977,-1.6811873350905882,4.956207667833559,-0.48851784314160496,0.0011487744909062002,-0.000102879591090274,-0.8725531426023477,-0.10504886118818464,-0.042802047714982416,0.0006330755868544707,-0.00036253065331948164,-0.0015718155623289931,0.02248874970973702,26418,958000000,2.58,0,2,4,-5.443076622065053,0.3612286363930001,4.935213325375187,-5.443076622065053,0.3612286363930001,4.935213325375187,173.3449981212616
-3.4075055759769564,-1.2573982493631848,5.0,-4.0412969670413235,-1.699571803893765,4.956711759178095,-0.48523941617417277,0.0009768504826925136,0.00010219308141551933,-0.8743807776424734,-0.0741002502980399,-0.04934908036952151,0.0016195926141075383,-0.000728186336118597,-0.0012240869409652078,0.019025868095923215,26419,306000000,2.07,0,2,4,-5.395830648216287,0.31526483554977697,4.9353597122650585,-5.395830648216287,0.31526483554977697,4.9353597122650585,173.74946403503418
-3.3259230456575875,-1.2070321079509267,5.0,-4.013304456993247,-1.7082300737437308,4.957477480524677,-0.48246347807595963,0.0008757424219330919,0.0003132949543199099,-0.8759155936757435,-0.05115874687975357,-0.05697572340474971,0.002277333428764147,-0.0008204158632452163,-0.0008858895512275922,0.015796549632796086,26419,669000000,1.62,0,2,4,-5.335084588884087,0.25492514296291313,4.935678751847123,-5.335084588884087,0.25492514296291313,4.935678751847123,174.1545205116272
-3.3259230456575875,-1.2070321079509267,5.0,-3.988127575364781,-1.7093384709424309,4.958392941685091,-0.4803054417047166,0.0008224027987839524,0.0004893919202891922,-0.877100773467919,-0.03501446963288644,-0.06450134631780932,0.002838250637232449,-0.0007286590971489204,-0.0006900279458932346,0.012845730634580832,26420,26000000,1.25,0,2,4,-5.2670226818415085,0.18835373052533183,4.936038672039099,-5.2670226818415085,0.18835373052533183,4.936038672039099,174.56393027305603
-3.247946282581665,-1.151103907610978,5.0,-3.960581165651956,-1.704170256201861,4.959627690267752,-0.4784087337716767,0.0007684271451256666,0.0006472952314172361,-0.8781367057466547,-0.02147858371870056,-0.07147214413532162,0.0032321939011829394,-0.00047183181663967844,-0.0006424514765512868,0.009632162255002186,26420,371000000,1.0,0,2,4,-5.198440400898114,0.12327103247989087,4.936389858324329,-5.198440400898114,0.12327103247989087,4.936389858324329,174.97552514076233
-3.173981799655357,-1.08983952153489,5.0,-3.936407922267695,-1.695236154161809,4.960790372624938,-0.4771323715570297,0.0007200432851154563,0.000763427540742285,-0.8788308134837,-0.012331849635245496,-0.0765491752068338,0.003246580588803876,-0.0004901542524748947,-0.00045366672338786884,0.00726129078429949,26420,740000000,0.84,0,2,4,-5.119354474226744,0.05042076281056149,4.936688841651629,-5.119354474226744,0.05042076281056149,4.936688841651629,175.35878133773804
-3.104424524471549,-1.0234962470043503,5.0,-3.9136786535419463,-1.6837751707121325,4.961870362862556,-0.4762407681265213,0.0006992321331939295,0.0008501617343276041,-0.8793142322706429,-0.005586341075004153,-0.08173096687166656,0.0031683579694631635,-0.0003451002072552001,-0.0003019318569386087,0.00516300710842188,26421,83000000,0.78,0,2,4,-5.047659769807268,-0.012775963621691798,4.93688748158648,-5.047659769807268,-0.012775963621691798,4.93688748158648,175.70946764945984
-3.0396553185209894,-0.9523625059581973,5.0,-3.886153688897746,-1.6667841516578128,4.963121472111057,-0.47556651387685306,0.0006857146829697912,0.0009348665672258634,-0.8796790020791061,0.0008170207843024501,-0.08850114077702013,0.00299190267873441,-0.00038750519877339684,-0.0002761938105777517,0.0028446749411159544,26421,405000000,0.78,0,2,4,-4.98337418539827,-0.06416444839347543,4.9370889183661575,-4.98337418539827,-0.06416444839347543,4.9370889183661575,176.15334153175354
-3.0396553185209894,-0.9523625059581973,5.0,-3.854628402610685,-1.650980827518786,4.964241454382813,-0.4741711221556977,0.0008370059421823877,0.0010258052880653843,-0.8804317089122642,-0.05098252593700534,-0.09654579049670069,0.0021654815788793055,-0.001400836777065706,0.002319119971616601,0.023727777625026647,26421,796000000,0.81,0,2,4,-4.917417723604375,-0.10547719616276093,4.937272422783885,-4.917417723604375,-0.10547719616276093,4.937272422783885,176.55956315994263
-2.980038460824571,-0.8767573544618206,5.0,-3.8039725528366395,-1.6618189681273263,4.964840697670555,-0.4687053809358274,0.0014028556944436766,0.001015407706830107,-0.8833528552197532,-0.15584215888307087,-0.10306994276888606,-2.3894484803321544e-05,-0.0014914577150193509,0.0029002081873841234,0.04438872274477035,26422,163000000,0.81,0,2,4,-4.869091337428699,-0.11607609239826731,4.937255292215812,-4.869091337428699,-0.11607609239826731,4.937255292215812,176.9594693183899
-2.9259191094683263,-0.7970297927898848,5.0,-3.721754084201103,-1.7068370591068214,4.964517542546792,-0.45960075922418486,0.0020044672147974353,0.0010474859968154378,-0.888122754468561,-0.25385820850098334,-0.10617260460036507,-0.00299191336077941,-0.0014769031395189813,0.0025069753064599354,0.057499015019857325,26422,519000000,0.97,0,2,4,-4.838662798055727,-0.09888807555603832,4.936959286975388,-4.838662798055727,-0.09888807555603832,4.936959286975388,177.41380739212036
-2.87762075564036,-0.7135578685927886,5.0,-3.610947070504371,-1.7797739945931497,4.963345711613474,-0.4481266922931558,0.0025088588380715766,0.0010073212426948022,-0.8939659717157246,-0.28854521837764446,-0.10539775772753275,-0.0042555844165550055,-0.00019823634715976368,0.0019291622493256,0.05618503819277976,26422,930000000,1.83,0,2,4,-4.817995206947657,-0.05506245536126192,4.936181685094819,-4.817995206947657,-0.05506245536126192,4.936181685094819,177.9089744091034
-2.835442685871385,-0.6267475664967088,5.0,-3.5250235320097243,-1.8337302069272818,4.96243950451467,-0.44004186115153326,0.0026571123132451474,0.0009312521744057449,-0.8979728464479517,-0.25031044092538807,-0.10487769343729339,-0.003778312333729034,0.0005947199781530799,-0.0007776528889280598,0.045909044274594635,26423,372000000,3.15,0,2,4,-4.8067586162737275,0.016658736672761503,4.934630882142983,-4.8067586162737275,0.016658736672761503,4.934630882142983,178.28694367408752
-2.7996574692572436,-0.5370314784908558,5.0,-3.4565422345367334,-1.8661349868096535,4.961808303450976,-0.4341887837388286,0.002358930457730409,0.0009924244433431035,-0.9008182672527332,-0.176079665605751,-0.10705108839252611,-0.0025595821097724744,0.0004983741348496551,-0.002307525664946297,0.03696400854096282,26423,706000000,4.13,0,2,4,-4.799104958804719,0.07736564149194736,4.9333982108452,-4.799104958804719,0.07736564149194736,4.9333982108452,178.6511492729187
-2.7996574692572436,-0.5370314784908558,5.0,-3.400872287015608,-1.8796374360811299,4.961458133060805,-0.42931844685526255,0.001990899610628989,0.0011180507435667598,-0.9031502961695025,-0.11173937683314375,-0.11148963015563887,-0.0014011751845877452,7.794672001182334e-05,-0.0023242987253979663,0.02888418111979263,26424,30000000,4.84,0,2,4,-4.780641777319056,0.11827368427993289,4.93277122561595,-4.780641777319056,0.11827368427993289,4.93277122561595,179.00455570220947
-2.7705084874816763,-0.44486725058763915,5.0,-3.353023771769848,-1.8766078403278055,4.961362083882024,-0.42574779350140485,0.0016499925657276358,0.0012644178026062702,-0.9048394858210147,-0.05697351543648721,-0.11696194081036668,-0.0004634580145843707,0.00014344652754516574,-0.0019370888139746967,0.015566138245048933,26424,344000000,5.45,0,2,4,-4.748112743133024,0.13831668991568472,4.9327984291230385,-4.748112743133024,0.13831668991568472,4.9327984291230385,179.38011717796326
-2.7482075264478603,-0.350735802504131,5.0,-3.314379465194787,-1.8596035134080033,4.961496181759516,-0.42436491647170016,0.0013687916999498499,0.0013788533370147355,-0.9054891732321949,-0.013948655189546095,-0.12187831249646422,0.00016509402844915006,3.708532041457602e-05,-0.0017132811080955435,0.0009176877483696444,26424,679000000,5.89,0,2,4,-4.701058211951953,0.14194416869582788,4.933466214162033,-4.701058211951953,0.14194416869582788,4.933466214162033,179.76830410957336
-2.732932449255116,-0.255139318509243,5.0,-3.2845335305676207,-1.8333436513976444,4.961746264272001,-0.4250763198839376,0.0011434899454022406,0.0014931124645630716,-0.9051555586305822,0.019037964907237213,-0.126328416448338,0.00038451488174560294,-0.0002288264042249466,-0.001451587695555645,-0.012100807180104312,26425,22000000,6.08,0,2,4,-4.644318126295398,0.13270040823427753,4.934629315529897,-4.644318126295398,0.13270040823427753,4.934629315529897,180.1452283859253
-2.732932449255116,-0.255139318509243,5.0,-3.25828659359801,-1.7965246345854888,4.9620279326425045,-0.42783407824694963,0.0009659806032899039,0.0016286696390408414,-0.9038553068977708,0.048116747242928984,-0.13046682265523574,0.00035444012386840135,-0.00042840391643039766,-0.0012664951782426215,-0.024403824863838963,26425,355000000,6.02,0,2,4,-4.585058720350014,0.11685467393421363,4.936003519917449,-4.585058720350014,0.11685467393421363,4.936003519917449,180.52339100837708
-2.724824971108223,-0.15859900911057498,5.0,-3.236377345755493,-1.7522690898746893,4.962312022558915,-0.432249514822855,0.0008037285646704494,0.0017415088988700133,-0.9017520047676942,0.07067464725647764,-0.13294130448149977,0.00032758841204932784,9.12135938335723e-05,-0.0011753945386772102,-0.0325984314258676,26425,683000000,5.71,0,2,4,-4.51868950964582,0.09602210363604899,4.9376236649984975,-4.51868950964582,0.09602210363604899,4.9376236649984975,180.91117215156555
-2.7239885575064235,-0.06165264491862666,5.0,-3.217671078252283,-1.7028855272607601,4.962587133280357,-0.437634173051821,0.0006533018912568848,0.0018223341310430745,-0.8991510345165614,0.08740759137793841,-0.1337905865451476,0.00014126189010577067,-0.00023456939004518063,-0.0009566516666836833,-0.03803882937063463,26426,22000000,5.18,0,2,4,-4.450731210483661,0.07328409515665943,4.93928011615633,-4.450731210483661,0.07328409515665943,4.93928011615633,181.28756737709045
-2.730486467711441,0.03514813417843812,5.0,-3.202194523342572,-1.6527906580689198,4.962760927001558,-0.4433792353245517,0.0005579679902579116,0.0019053416267427446,-0.8963319206789541,0.10040209181730257,-0.13415655998605286,-0.0001793586315561655,-0.00015331462748235936,-0.0007407973498629872,-0.042138890785281546,26426,359000000,4.54,0,2,4,-4.382563507063571,0.05080570328532927,4.940924536218086,-4.382563507063571,0.05080570328532927,4.940924536218086,181.64872121810913
-2.730486467711441,0.03514813417843812,5.0,-3.186729274381375,-1.5929945943290211,4.962863693664255,-0.45043953566661815,0.00048597952763434473,0.0019999175379019924,-0.8928045636432318,0.11313023352765841,-0.13392990125395932,-0.0004653952247191403,-0.00042322006095218967,-0.0006864939791739744,-0.045412198232952505,26426,679000000,3.86,0,2,4,-4.319039475160571,0.031185776635497167,4.942461754025815,-4.319039475160571,0.031185776635497167,4.942461754025815,182.06271147727966
-2.7443399660226797,0.1312407294709807,5.0,-3.169827648449601,-1.5345511162262133,4.962848088189497,-0.45598786267176256,0.00048792027431662354,0.002046904465242782,-0.8899835061460148,0.06188906566353414,-0.13284048819837815,-0.0011241587890258953,-0.0001287860882825953,0.0011023774504792527,-0.003484762851257983,26427,51000000,3.01,0,2,4,-4.248886991388115,0.011494914062992405,4.944179092956656,-4.248886991388115,0.011494914062992405,4.944179092956656,182.45751953125
-2.765526723775945,0.22605470640676142,5.0,-3.1348520267179,-1.505967435159698,4.96249866429329,-0.45368374861800254,0.0007809912552606894,0.0019504232212479442,-0.8911602785929331,-0.04084710339889523,-0.13240847694076172,-0.0019051194322162435,-0.0003469010493972746,0.002390960435150191,0.026572636124910787,26427,401000000,2.36,0,2,4,-4.18647506320865,0.0038300186861354676,4.94559967400494,-4.18647506320865,0.0038300186861354676,4.94559967400494,182.84359288215637
-2.793979435212246,0.31901512081565536,5.0,-3.0816451497566915,-1.5024629956035391,4.961952886030316,-0.4487753221669575,0.0011695493271138388,0.0018308200913563092,-0.8936419811457539,-0.12052269546603878,-0.13179565887697872,-0.002463950297211011,-0.0004971407690845808,0.002336287479920429,0.03745966350834351,26427,752000000,2.65,0,2,4,-4.145779966551417,0.024931785692652975,4.946136673082865,-4.145779966551417,0.024931785692652975,4.946136673082865,183.2286102771759
-2.829584670417623,0.40954603682440355,5.0,-3.0024599178657074,-1.5202424563582293,4.9610918092399015,-0.4411828665513903,0.001595601869744109,0.0017585584433814803,-0.8974140849063895,-0.18236016864102472,-0.12938899615236912,-0.0033461447379117457,-0.0007313098080885538,0.002103513998008566,0.047803096458665095,26428,91000000,3.26,0,2,4,-4.124179375115977,0.07575880524925685,4.945762581838526,-4.124179375115977,0.07575880524925685,4.945762581838526,183.6556499004364
-2.829584670417623,0.40954603682440355,5.0,-2.922154918109863,-1.5482060989043702,4.9601116589300505,-0.43318232287853575,0.0019355760534795939,0.0016818473725395452,-0.9013026684085167,-0.20541988566805514,-0.12503023650543627,-0.0036679411876164485,-8.217984381886367e-06,0.0019831481949950103,0.04870109878538642,26428,483000000,4.17,0,2,4,-4.117898602665329,0.16550009048708253,4.944208282067099,-4.117898602665329,0.16550009048708253,4.944208282067099,184.08158898353577
-2.8721819883953725,0.497074222526359,5.0,-2.843560523879413,-1.5746104790580109,4.959230951764355,-0.4265615420165913,0.0020921916573377873,0.0015659101701243356,-0.9044547647792207,-0.15659179085279362,-0.12239668766053424,-0.0031332480486801484,0.0006506587112653506,-0.0007226708476082422,0.020151815442659426,26428,854000000,5.12,0,2,4,-4.123881158558669,0.263979060518779,4.942045632456202,-4.123881158558669,0.263979060518779,4.942045632456202,184.48944544792175
-2.9215633329804627,0.5810330070037255,5.0,-2.782728937839053,-1.5746756808561369,4.958511475111951,-0.42554254574235467,0.0017428174111484623,0.0015977808421118022,-0.9049353299805283,-0.051925915467404736,-0.12429353737151509,-0.0022768688275446912,0.0006065666639187839,-0.002228479775112646,-0.0037481715480680577,26429,210000000,5.9,0,2,4,-4.130986017023218,0.36246994563713486,4.939887980838669,-4.130986017023218,0.36246994563713486,4.939887980838669,184.90737581253052
-2.977472733724384,0.6608662797593143,5.0,-2.745997986037556,-1.5482993137221603,4.958006061546186,-0.42716412960377625,0.0013571132145293525,0.001696889945745212,-0.9041714910281584,0.030484755310349325,-0.12613790259738702,-0.001690606148562435,0.00020667171725108346,-0.0021257624439385836,-0.017242349713342264,26429,577000000,5.98,0,2,4,-4.1246086344273225,0.44022999926592254,4.938684325965794,-4.1246086344273225,0.44022999926592254,4.938684325965794,185.32715702056885
-3.039606333049361,0.7360326110174092,5.0,-2.7249671729052527,-1.4980222464029733,4.957619233781914,-0.43147549934054064,0.0010157538381594812,0.0018413443714205568,-0.9021222041186422,0.10104361746792549,-0.12604948983409764,-0.0014675511816821401,-4.328787408525159e-05,-0.0019997723939013667,-0.03589759944588877,26429,942000000,5.73,0,2,4,-4.106701500758647,0.4912955055372468,4.938587686919392,-4.106701500758647,0.4912955055372468,4.938587686919392,185.7522542476654
-3.1076127598771013,0.8060094687197145,5.0,-2.7186538195900076,-1.4337206797701088,4.957269945795383,-0.43838937414119444,0.0007074644263677246,0.00197083280503871,-0.8987827167631961,0.1527323517470297,-0.12276761313709632,-0.0015983720304770656,0.00024739143640317707,-0.0019965845240221824,-0.049400122588849626,26430,319000000,5.14,0,2,4,-4.0789992901815655,0.5280310903211073,4.939423224691662,-4.0789992901815655,0.5280310903211073,4.939423224691662,186.1676435470581
-3.1076127598771013,0.8060094687197145,5.0,-2.722236888551943,-1.3580147888106044,4.956867445356179,-0.4470168633064934,0.0004032594228764293,0.002074985300818174,-0.8945230325360342,0.18983286691889578,-0.1164963763962679,-0.0019866827891261104,0.0002496585622679959,-0.0017799651232053293,-0.05725689152313862,26430,687000000,4.23,0,2,4,-4.047482165204174,0.5517784504083821,4.940917643054191,-4.047482165204174,0.5517784504083821,4.940917643054191,186.59341883659363
-3.1810938685625367,0.8702975053934883,5.0,-2.734458600656524,-1.2654422039954683,4.956257692931721,-0.4575609061766527,0.0001220850899528855,0.002175769852343493,-0.8891756115973833,0.21602072697546867,-0.1073706777692082,-0.0025276332744782882,0.00020580241368861607,-0.0014645464943896513,-0.05992639016767498,26431,56000000,3.15,0,2,4,-4.011351105686414,0.5695724917707803,4.943059384170575,-4.011351105686414,0.5695724917707803,4.943059384170575,187.02682828903198
-3.2596058602927536,0.928424885430785,5.0,-2.7511586271119888,-1.1731905200247712,4.955535505836902,-0.46762613601331054,-9.191795538668378e-05,0.002245113842314376,-0.8839234966512572,0.2310720500319899,-0.09797776821923457,-0.003012565736788512,0.00031337157224697876,-0.001133810246756184,-0.05901073418499436,26431,445000000,1.73,0,2,4,-3.9742974429549998,0.5830304909498516,4.945571700676739,-3.9742974429549998,0.5830304909498516,4.945571700676739,187.46391987800598
-3.3426608021318156,0.97995162071707,5.0,-2.773778789432639,-1.0686789024242813,4.954554103556115,-0.47822263465161496,-0.00028996032076103874,0.0022679114965463475,-0.8782356655290904,0.24214503106235927,-0.08702386896749546,-0.0035034945200439977,0.0005022961772738199,-0.0008978823188954266,-0.054470434406539425,26431,827000000,0.49,0,2,4,-3.9374088830011456,0.5937979112153707,4.948248787498648,-3.9374088830011456,0.5937979112153707,4.948248787498648,187.94000887870789
-3.4297285565919866,1.0244738800151723,5.0,-2.801142813873364,-0.9455174915399136,4.953276906189058,-0.48836644386834055,-0.0004989422232099973,0.002075456720075214,-0.8726360409927221,0.1954954422826523,-0.07746116260320338,-0.002874612089494324,0.001298744439282018,0.00018425392198651025,-0.031009700614959,26432,251000000,1.07,0,2,4,-3.8986064862282226,0.6047741796735211,4.951309762009484,-3.8986064862282226,0.6047741796735211,4.951309762009484,188.51118230819702
-3.5202391319817106,1.0616282350796522,5.0,-2.808519035668459,-0.8777882076465582,4.9526220832957195,-0.49228234166738216,-0.0004105838255719467,0.0018423536717840135,-0.8704335317738793,0.11726980545887133,-0.07485929393941772,-0.0018773044356310404,0.00043783090006854763,0.00243897964082862,-0.012452297960408032,26432,764000000,2.45,0,2,4,-3.8562684923935535,0.6196336769312228,4.955038457136122,-3.8562684923935535,0.6196336769312228,4.955038457136122,188.9326937198639
-3.613585460813739,1.091095804182873,5.0,-2.7973093342650177,-0.8388757398988999,4.952199530048083,-0.4931828121518185,4.667159708455983e-05,0.0015132276370639513,-0.8699243770362481,0.028291172030774088,-0.0728271149472108,-0.0011127096776430273,0.00021171894672988856,0.0027767982601289987,0.0009548020670990809,26433,140000000,3.06,0,2,4,-3.832245453815885,0.6355448645836556,4.957540832007898,-3.832245453815885,0.6355448645836556,4.957540832007898,189.3916370868683
-3.7091266102495677,1.112606251616039,5.0,-2.770238760253837,-0.8259350861723018,4.951866448889978,-0.49225996228143376,0.00047551556761751216,0.0012335583537552498,-0.8704472308838797,-0.0356352937867493,-0.06884765995189727,-0.0009885563081766155,9.261702018648066e-05,0.0021522393808481866,0.00957152942646644,26433,555000000,3.25,0,2,4,-3.82860161370572,0.6818048828781508,4.959244659561203,-3.82860161370572,0.6818048828781508,4.959244659561203,189.8555977344513
-3.806191424908657,1.125941599827035,5.0,-2.741085362081608,-0.830338347853218,4.951551105048974,-0.49042766021344103,0.0007413455769037814,0.0010582446629505654,-0.8714809467926068,-0.07288173828426307,-0.06406686384669848,-0.0013358300399187691,0.0001939325770194955,0.0016778159420027805,0.016492629038111772,26433,967000000,3.13,0,2,4,-3.85501233670162,0.7736354792381998,4.958992617042147,-3.85501233670162,0.7736354792381998,4.958992617042147,190.24661684036255
-3.9040825983866703,1.1309398092152152,5.0,-2.705580177220716,-0.8464860448855314,4.951020725485088,-0.48736671753231353,0.0009509848522533999,0.0008983224412606839,-0.8731964104864267,-0.1051986125966849,-0.05682023635735043,-0.0020221262373678875,0.00026830492743101786,0.0013215842955105472,0.022271377565630246,26434,316000000,2.81,0,2,4,-3.8961949755265297,0.8779745514485404,4.95732545801506,-3.8961949755265297,0.8779745514485404,4.95732545801506,190.63219666481018
-3.9040825983866703,1.1309398092152152,5.0,-2.6751935278780143,-0.8654282199459138,4.950412955240137,-0.4847075666704762,0.001011647577982243,0.0007659795101685682,-0.8746753481475019,-0.07912424381813525,-0.04704163850976547,-0.002296988981907879,0.001310703999024554,-0.0006052395008282474,0.009907000639941543,26434,659000000,2.38,0,2,4,-3.943082759410698,0.9854619820909889,4.955098805688977,-3.943082759410698,0.9854619820909889,4.955098805688977,190.98685431480408
-4.002081165514412,1.1274980792667018,5.0,-2.659252118238916,-0.8641638571690973,4.94966670967825,-0.48474005830033884,0.0006555101861133091,0.0007189855785408381,-0.8746577211944783,0.032713288860668224,-0.032814966679259254,-0.0020804751464510852,0.0010510921470086032,-0.0019469980088615557,-0.006038993751644739,26434,975000000,1.99,0,2,4,-3.980568799069388,1.070297736925041,4.953345321051898,-3.980568799069388,1.070297736925041,4.953345321051898,191.3849003314972
-4.099451402761684,1.1155758237290432,5.0,-2.6654993030567837,-0.8366526832701116,4.948995990952431,-0.4859266725228796,0.00029479883633087405,0.0007149773279384419,-0.8739992396060242,0.11845716660339475,-0.021792015350083422,-0.0019624780189772878,0.0011338088825141313,-0.0017536324776301626,-0.008735309711482842,26435,327000000,1.94,0,2,4,-4.015092254406731,1.1498568166316252,4.951948712880758,-4.015092254406731,1.1498568166316252,4.951948712880758,191.77455854415894
-4.195446119266206,1.0951972719395262,5.0,-2.688250808395249,-0.789300051925974,4.948374271834787,-0.48712236921355,-4.090762064904173e-05,0.0006877662944080158,-0.8733334544810869,0.18285541608078923,-0.011012401461434625,-0.0018971369725653228,0.0011529970606716233,-0.001709275613848149,-0.005701476175090647,26435,672000000,2.07,0,2,4,-4.038844692323303,1.2050553086580909,4.951346610894073,-4.038844692323303,1.2050553086580909,4.951346610894073,192.15810441970825
-4.195446119266206,1.0951972719395262,5.0,-2.7212207504220784,-0.7322096998204801,4.9478363710324365,-0.48760423523634666,-0.00036979681054159373,0.0006361485400500237,-0.8730644697529107,0.22425597981457063,-0.0008702425253059572,-0.001940073431133195,0.0016829171840981871,-0.0015961185567903158,-0.0002730536991180088,26436,6000000,2.22,0,2,4,-4.056125861680372,1.2448787464377777,4.95135866524193,-4.056125861680372,1.2448787464377777,4.95135866524193,192.51281094551086
-4.289312315771843,1.0664536482861005,5.0,-2.7623788248168664,-0.6678243876594306,4.947301625734379,-0.4872616358960663,-0.0006843339456216727,0.0005617594427370852,-0.8732555836049768,0.24959338263065925,0.007927403146292604,-0.0021531388163690554,0.001032153215874132,-0.0014423585980694043,0.005462963736135862,26436,318000000,2.28,0,2,4,-4.068212980541201,1.2713688192811028,4.951821633408519,-4.068212980541201,1.2713688192811028,4.951821633408519,192.8866322040558
-4.380297183323266,1.0295048821430575,5.0,-2.8119374449012136,-0.5952739123410113,4.946691928413611,-0.486071512416289,-0.0009702495757752584,0.0005020561342289272,-0.8739183550954518,0.2643529344713208,0.015420866156157542,-0.002429209909904101,0.0013867232951270125,-0.001128289375174063,0.011192004512849962,26436,651000000,2.23,0,2,4,-4.077960724044335,1.2894812320255709,4.952638034882432,-4.077960724044335,1.2894812320255709,4.952638034882432,193.26604056358337
-4.467654407923079,0.984580801534397,5.0,-2.862534389662043,-0.5255830987325218,4.946079567171651,-0.48417632445083975,-0.0012029246678809701,0.000402227315753165,-0.8749695297704401,0.27114054527070997,0.022374716675748963,-0.0026939161431759158,0.0011574971381378418,-0.0008647243305404118,0.016234760914812796,26436,983000000,2.08,0,2,4,-4.087106577949603,1.3014731140722742,4.953818095001672,-4.087106577949603,1.3014731140722742,4.953818095001672,193.64532017707825
-4.467654407923079,0.984580801534397,5.0,-2.9263869911769205,-0.443334423454825,4.9452758025235015,-0.48103927263132806,-0.001430707693511612,0.00026761046461991984,-0.8766978382809311,0.2730698428311601,0.03053254255483475,-0.0029372404153184587,0.0012597771387845569,-0.0005410419191775873,0.021759115770692006,26437,311000000,1.84,0,2,4,-4.095294295871176,1.3073466984958395,4.955124055764166,-4.095294295871176,1.3073466984958395,4.955124055764166,194.0760612487793
-4.550650741557703,0.9319817652840376,5.0,-3.009641366638271,-0.34477853432045635,4.944318582116496,-0.4761579420262449,-0.0015920068837516651,0.00012523162902737344,-0.8793583251874357,0.2526336666814641,0.03744594046897272,-0.0024147538307853532,0.0004802656803803984,-9.188185856601194e-05,0.023562626120110508,26437,693000000,1.44,0,2,4,-4.104909706862405,1.3090476322226359,4.956815647787849,-4.104909706862405,1.3090476322226359,4.956815647787849,194.62227725982666
-4.62857279409085,0.8720786905599872,5.0,-3.086675319954058,-0.2646287295398496,4.943671153178152,-0.471426983268843,-0.0014821418810031994,-9.95269997617525e-07,-0.8819038511654723,0.16508911886742705,0.04342036519197344,-0.001577069959267904,4.9130623835935694e-05,0.0015088823715814215,0.017989837760978844,26438,174000000,0.83,0,2,4,-4.118573913923182,1.3045056956283767,4.959096476286197,-4.118573913923182,1.3045056956283767,4.959096476286197,195.17440581321716
-4.700733994569124,0.8053124355523127,5.0,-3.1235828700608357,-0.2376661507318426,4.943327623453119,-0.46898784358243584,-0.0012201666785917674,-0.0001554835037874616,-0.8832037644790997,0.08467318695499883,0.04884938092473617,-0.0012906071837452428,7.784658322407267e-05,0.002464067665641778,0.013650932123709936,26438,667000000,0.45,0,2,4,-4.135898112828557,1.2931780122485756,4.9613835335101095,-4.135898112828557,1.2931780122485756,4.9613835335101095,195.56892657279968
-4.766481664549914,0.7321925005821849,5.0,-3.1464416840535048,-0.23567489824879148,4.942930518356146,-0.46736657422026195,-0.0008427301185797834,-0.00039960902371451623,-0.884063128639687,0.005833962190348982,0.056193338923161786,-0.0014374658761280978,0.00046934843567214557,0.0026459605351192295,0.006306533350652899,26439,17000000,0.5,0,2,4,-4.153903990644121,1.2870930011985504,4.962967809972507,-4.153903990644121,1.2870930011985504,4.962967809972507,195.94210958480835
-4.825204140223434,0.6532950152558216,5.0,-3.1572769210527505,-0.25165521775802996,4.942461356275298,-0.46702320842299905,-0.000555590009211539,-0.0006359443289728512,-0.8842446548828213,-0.04976514251330029,0.06354001422787578,-0.0019423584139304582,0.0006080274886244297,0.0021974835590299335,-0.002610310980344366,26439,345000000,0.62,0,2,4,-4.183954542369104,1.2987674934368685,4.9638715029604255,-4.183954542369104,1.2987674934368685,4.9638715029604255,196.29187488555908
-4.876337874442031,0.5692599843818492,5.0,-3.1616023709624086,-0.2914831503161371,4.941551064023295,-0.4685492213117838,-0.0003037257008043163,-0.0009237185725014247,-0.8834368577905375,-0.10758514318682419,0.07307802786399463,-0.0032320869720832354,0.0008827643000586249,0.0016656521097502264,-0.016632013466733042,26439,656000000,0.64,0,2,4,-4.233753968445053,1.335295995339259,4.9638381242761085,-4.233753968445053,1.335295995339259,4.9638381242761085,196.70984506607056
-4.876337874442031,0.5692599843818492,5.0,-3.157715409157588,-0.3529311239224316,4.940031392921045,-0.4724650990437729,-0.00014424422403844228,-0.0012468841770368532,-0.8813484865017984,-0.155037527973388,0.08162233983683566,-0.004817312762753619,0.001199778262161999,0.0014074532941776852,-0.027865910487889778,26440,23000000,0.62,0,2,4,-4.307964152675593,1.397503931930013,4.962894683381396,-4.307964152675593,1.397503931930013,4.962894683381396,197.1559624671936
-4.91937444438218,0.48078777128475003,5.0,-3.1524259632685547,-0.41618059349294334,4.938364018650323,-0.47627605901184294,-0.00010731266265802083,-0.0014146573692847353,-0.8792946621245163,-0.1191512041645485,0.08596454637221666,-0.004281983746331816,8.758108478446047e-05,-0.0009484859049280203,-0.009732998751132982,26440,422000000,0.84,0,2,4,-4.400936919689044,1.4763753428541904,4.961221421248326,-4.400936919689044,1.4763753428541904,4.961221421248326,197.57908487319946
-4.953867385546926,0.3886348038838938,5.0,-3.166669237009454,-0.4554604673522057,4.937335790395162,-0.4764045571480071,-0.00036388798264276714,-0.0012855500432446,-0.8792251775712712,-0.018195659748206354,0.08991991816008774,-0.0017304874519725605,5.964834706162492e-05,-0.0015784660945428186,0.004108119037482538,26440,795000000,1.22,0,2,4,-4.477736890039973,1.5353224496218645,4.959962954228275,-4.477736890039973,1.5353224496218645,4.959962954228275,198.00404906272888
-4.979438768275345,0.2936084964698319,5.0,-3.203249988846089,-0.46697081410207825,4.937226384121792,-0.4750787745531992,-0.0006098714361406211,-0.0011659133321803219,-0.8799422859892365,0.06366393998560445,0.09478186430725073,0.0004874349935712629,7.217187771857425e-05,-0.0011829420031972404,0.01164207014880958,26441,170000000,1.18,0,2,4,-4.541931395655271,1.5720084312863076,4.959078298861403,-4.541931395655271,1.5720084312863076,4.959078298861403,198.4441590309143
-4.995785428973118,0.19656138848925678,5.0,-3.250632044627038,-0.4584520385476284,4.93777628501202,-0.4725861942547983,-0.0007896035457396639,-0.0010987653169579532,-0.8812834153896151,0.11607136387796395,0.09859252580333894,0.001919595236153804,0.0002532444227654196,-0.0011531864970493189,0.022209868257050402,26441,567000000,0.98,0,2,4,-4.592760309129852,1.5844368081705795,4.958693734671018,-4.592760309129852,1.5844368081705795,4.958693734671018,198.8653757572174
-5.002684765033148,0.09838451082574427,5.0,-3.31102909435084,-0.43665729760673083,4.938874737063707,-0.46801386061002037,-0.0009885528823276378,-0.0010565806834457086,-0.8837199401831795,0.15108011911823602,0.10101943423007072,0.0030781398814624184,0.0003767546274957567,-0.0009792319701773522,0.03258299439039547,26441,936000000,0.67,0,2,4,-4.627341808191285,1.5769275305349721,4.9587907324459115,-4.627341808191285,1.5769275305349721,4.9587907324459115,199.2824423313141
-5.0,6.123233995736766e-16,5.0,-3.37402446689856,-0.4096669536610895,4.9402875529271535,-0.4623416929142182,-0.0011460064641440931,-0.0010623096378137424,-0.886700466426308,0.16742523153580152,0.10200519175326475,0.0037442588844178296,0.0005201118767672597,-0.0006487434745849896,0.038408035470638424,26442,304000000,0.47,0,2,4,-4.655155116137967,1.5535704825657302,4.9592008146268585,-4.655155116137967,1.5535704825657302,4.9592008146268585,199.69593477249146
-5.0,6.123233995736766e-16,5.0,-3.4433309039504447,-0.37906024217548356,4.941975928006345,-0.4556154885915511,-0.0012583304645701506,-0.001096951278135943,-0.8901751175234103,0.17261208291578883,0.10213318508030948,0.004105790077662796,0.00032304008072969737,-0.00038382681566417887,0.04081683437107131,26442,673000000,1.02,0,2,4,-4.675127614846219,1.5195016516526503,4.959748662920928,-4.675127614846219,1.5195016516526503,4.959748662920928,200.1129994392395
-4.987684824072758,-0.09764700864012206,5.0,-3.509590977070771,-0.3506240232477457,4.943686329976261,-0.4490501409945329,-0.0013080433194655884,-0.0011006029355291093,-0.8935049236398436,0.17165459885937145,0.10121144462956047,0.004201003258719478,-0.00010812830808504259,-0.0002373631659224884,0.04043628759973217,26443,44000000,1.87,0,2,4,-4.690985287892302,1.4734218004603887,4.960352173545203,-4.690985287892302,1.4734218004603887,4.960352173545203,200.53500866889954
-4.9657873146656355,-0.19359716638148772,5.0,-3.582533090331804,-0.32070265659798414,4.945561619441336,-0.4419861613288303,-0.0013268465574034073,-0.0010795938297976774,-0.8970202378704624,0.16642725180765072,0.09954138283986023,0.004085371785442665,-4.9145639025027776e-05,-0.000160272598748179,0.03779436774493661,26443,415000000,2.73,0,2,4,-4.702356337797779,1.4225985653232818,4.960918929515177,-4.702356337797779,1.4225985653232818,4.960918929515177,200.9812355041504
-4.934453042581679,-0.2868863210573869,5.0,-3.6667862254574772,-0.2901674791746501,4.947776929903213,-0.4346239870942332,-0.0013161732603586569,-0.001063567989567127,-0.9006104187457482,0.14586967753068886,0.09926647573378752,0.004140692534382767,-0.00011803263717524715,0.00010734750333085685,0.029013371386099607,26443,811000000,3.67,0,2,4,-4.712111948786063,1.3610118235756368,4.961430602329406,-4.712111948786063,1.3610118235756368,4.961430602329406,201.50417399406433
-4.893927271527632,-0.3765554849144581,5.0,-3.7224110697311272,-0.27900034966199516,4.949311970434926,-0.4316581547750961,-0.001230312878724516,-0.00118041188963367,-0.902035659147769,0.06722861976693416,0.10604829791331985,0.002635381328015452,0.0010551775176281808,0.0019695614810189,-0.005583333449976635,26444,281000000,4.65,0,2,4,-4.720788720182081,1.281913635774311,4.961907645481892,-4.720788720182081,1.281913635774311,4.961907645481892,201.91350269317627
-4.844556162327864,-0.4616612813243391,5.0,-3.753419966196901,-0.30109455326206735,4.949850340115209,-0.43472908667710974,-0.0009815552097773024,-0.001526397424442004,-0.9005594527054605,-0.04874807201806465,0.11674219929114715,-0.00017074082173921287,0.0013960605770080292,0.002298079175488965,-0.031249094899976626,26444,642000000,5.06,0,2,4,-4.734535072559654,1.2324013344417695,4.962091678125397,-4.734535072559654,1.2324013344417695,4.962091678125397,202.30490517616272
-4.786786898395479,-0.5412867784393244,5.0,-3.764921749963244,-0.35292745651659896,4.949478289935993,-0.44066495992899635,-0.0007667168215213901,-0.0019012328267816983,-0.8976693102417114,-0.1435105988441609,0.12333826726471038,-0.0029564934419020706,0.0015688221196796803,0.0022147813524497906,-0.04750761254399549,26444,990000000,4.68,0,2,4,-4.766031491617501,1.2117074511772858,4.962023378050478,-4.766031491617501,1.2117074511772858,4.962023378050478,202.70101809501648
-4.786786898395479,-0.5412867784393244,5.0,-3.7548706682808506,-0.46997304360448755,4.947276202073055,-0.4536250068308397,-0.00047432158101397715,-0.002494734410537331,-0.891189039708736,-0.24598959894278663,0.1232355897292677,-0.0072837592284804905,0.0015234918464557268,0.002301425388395728,-0.06749866079189815,26445,335000000,3.93,0,2,4,-4.813318167775706,1.213214424868957,4.9617198759150885,-4.813318167775706,1.213214424868957,4.9617198759150885,203.24628353118896
-4.721166655891902,-0.6145526050955212,5.0,-3.7325561291968734,-0.5846777363211558,4.944424995063389,-0.4655806213728453,-0.00018520737861339232,-0.002796895360088064,-0.8850010328110622,-0.266621275909543,0.11465914224144487,-0.008064429988834162,-0.00029644032224496186,0.0019498579149512807,-0.06224949538591318,26445,823000000,2.28,0,2,4,-4.901921064902937,1.2428023190122703,4.960865061484279,-4.901921064902937,1.2428023190122703,4.960865061484279,203.70425271987915
-4.648340350641419,-0.6806282316581954,5.0,-3.714207774810891,-0.6863051781248933,4.942160585985018,-0.4749166934295319,3.208254182601386e-05,-0.002702491863990879,-0.880026607444568,-0.2125060533380146,0.10254109518587436,-0.005612008043060665,-0.0018949961145153793,-0.000975923938995038,-0.044935845653526485,26446,226000000,0.87,0,2,4,-4.980371542757609,1.278876747416333,4.959885693821718,-4.980371542757609,1.278876747416333,4.959885693821718,204.12838912010193
-4.569047104336048,-0.7387432862955571,5.0,-3.7100101830399765,-0.7606857759385605,4.941033540988865,-0.4812416922453698,-0.00011155219548471089,-0.002250930641550329,-0.8765850526401688,-0.1329252144647666,0.09218016641891338,-0.0020555616684371234,-0.0016742078742026933,-0.002055997765637585,-0.032056325289886445,26446,605000000,0.75,0,2,4,-5.0442418364820085,1.3011137906887642,4.95915610152323,-5.0442418364820085,1.3011137906887642,4.95915610152323,204.55150818824768
-4.484115384919367,-0.7881987655942971,5.0,-3.717395146860205,-0.8087250493588941,4.941023107181441,-0.4856023533461625,-0.00029752739350316485,-0.0018475300294878403,-0.8741778151697221,-0.07596793504806186,0.08508358778845067,0.000788692513636445,-0.0013286776948007173,-0.0017366458337164659,-0.02198398196924245,26446,983000000,1.41,0,2,4,-5.08420015289366,1.2935248986770493,4.958532059629693,-5.08420015289366,1.2935248986770493,4.958532059629693,204.95789241790771
-4.394456790301289,-0.8283779877478669,5.0,-3.7313479900504616,-0.8393381077562531,4.941780926238589,-0.48819706852004185,-0.00041736336257928704,-0.0015232337840488698,-0.8727319908512006,-0.037661680644593694,0.07953825290802605,0.002866849748307698,-0.0014171684370012372,-0.0013706367099075578,-0.011602856375247939,26447,339000000,1.94,0,2,4,-5.1024701569548245,1.261688757744914,4.958012596010525,-5.1024701569548245,1.261688757744914,4.958012596010525,205.3599727153778
-4.301058460725572,-0.8587571270304252,5.0,-3.7506876821068618,-0.860615426928178,4.943225944967078,-0.48933124768146075,-0.0004912217618413674,-0.001224825442670851,-0.8720970063853678,-0.010072289888774493,0.07368043168154959,0.004579003002531445,-0.001103422448522906,-0.000949658425497546,-0.002619447650431539,26447,690000000,2.27,0,2,4,-5.105393699874764,1.2138812009395192,4.957546604544973,-5.105393699874764,1.2138812009395192,4.957546604544973,205.74987840652466
-4.204974123151435,-0.8789151602050683,5.0,-3.771055294035447,-0.8733613214358014,4.945056568838347,-0.489317874482642,-0.0005114869383141376,-0.0009966279434301185,-0.8721047889019091,0.006317271371178204,0.06748876445414363,0.005670360455217676,-0.0011899403375537076,-0.000602034469920909,0.002699030596886587,26448,40000000,2.42,0,2,4,-5.096399091469048,1.1492221882208948,4.9570731627874265,-5.096399091469048,1.1492221882208948,4.9570731627874265,206.13622450828552
-4.204974123151435,-0.8789151602050683,5.0,-3.7917068450448674,-0.8813324133130943,4.947151960347982,-0.48870505880546855,-0.0004955556191558554,-0.0008059280083376366,-0.872448548856961,0.015480552328949859,0.06037291857024183,0.006344241737927303,-0.0008790763899924059,-0.0003655627637044745,0.00524388788107899,26448,380000000,2.43,0,2,4,-5.0792508591863665,1.0792905837001565,4.956561316678704,-5.0792508591863665,1.0792905837001565,4.956561316678704,206.5301866531372
-4.107313790845381,-0.8885430492071804,5.0,-3.810263390665543,-0.8859147479546732,4.949291416218062,-0.4878967183220145,-0.00046694340429260064,-0.0006618149573539943,-0.8729009887813326,0.020245555046658786,0.05384210842385025,0.006708769325706064,-0.000993516482594714,-0.0002274184623729525,0.006303063992163516,26448,730000000,2.36,0,2,4,-5.055753195959233,1.0041492617641232,4.955935485845432,-5.055753195959233,1.0041492617641232,4.955935485845432,206.8955111503601
-4.009232162892936,-0.887451980204179,5.0,-3.8277664455152016,-0.8885135716152389,4.9514794473609856,-0.4869876098254552,-0.0004252727252038697,-0.0005297908144776371,-0.873408613617528,0.022513914741024918,0.04760741395999907,0.006801287210109691,-0.0007197873230779805,-0.00014215271448847489,0.006397337756425259,26449,50000000,2.27,0,2,4,-5.029109070581976,0.9308204226944436,4.955215096016159,-5.029109070581976,0.9308204226944436,4.955215096016159,207.24021697044373
-3.9119157913707925,-0.8755804772778834,5.0,-3.842601413686716,-0.8897684863196244,4.953548838749237,-0.4861783982396266,-0.00038380955614682926,-0.0004278811052784015,-0.8738593906877326,0.021885310693143645,0.040695770807290595,0.006869699267849115,-0.0008676413756347756,7.458146278338518e-06,0.005834998501086375,26449,359000000,2.15,0,2,4,-4.998865992123859,0.8563812775001222,4.9543798617751325,-4.998865992123859,0.8563812775001222,4.9543798617751325,207.57737374305725
-3.9119157913707925,-0.8755804772778834,5.0,-3.8567586234920315,-0.8903430600640531,4.955895958285771,-0.4853598435004284,-0.0003018950867729751,-0.0003052424107675411,-0.8743143816749596,0.01887537525515743,0.03172824583318524,0.00676392431158362,-0.0009371490477860789,8.759616463294151e-05,0.005204801072977716,26449,660000000,2.06,0,2,4,-4.968198290381743,0.7865933278887095,4.953543877721131,-4.968198290381743,0.7865933278887095,4.953543877721131,207.9729483127594
-3.8165691082559876,-0.8530002098206052,5.0,-3.8688046120278594,-0.8903792994043551,4.958413583816178,-0.4845558886601419,-0.00021871827609930018,-0.00018536896572468793,-0.8747602577652017,0.014449640028361146,0.02279552287286593,0.006463182795650289,-0.0006192594469212054,5.8513492007250534e-05,0.004275783658158616,26450,11000000,1.99,0,2,4,-4.934486813014026,0.7125886723592235,4.9526698161167335,-4.934486813014026,0.7125886723592235,4.9526698161167335,208.40305256843567
-3.724399429526773,-0.81992031658865,5.0,-3.873902394144708,-0.8949958082072981,4.960507272023265,-0.48419110504628105,-5.9400386427641697e-05,-0.00015704401083913976,-0.874962253816034,-0.05441061895813741,0.013933382229443472,0.004008038974075348,-0.0005296732524584513,0.002363310704822652,-0.002456117067595187,26450,392000000,1.97,0,2,4,-4.903370636531575,0.6438300167936727,4.951945596086254,-4.903370636531575,0.6438300167936727,4.951945596086254,208.79510879516602
-3.636601080010044,-0.776690076510659,5.0,-3.8554341636354117,-0.9301299658133265,4.961123605530893,-0.48485854475731777,0.0004079743099453403,-0.0003209769252286817,-0.8745924319970941,-0.1709583196335404,0.00342994988960724,-0.00030027493519943656,-0.0005186001203583146,0.0030145000437187264,-0.004131134573981399,26450,741000000,2.01,0,2,4,-4.888396259458745,0.6047644742564331,4.95145269184738,-4.888396259458745,0.6047644742564331,4.95145269184738,209.19648790359497
-3.636601080010044,-0.776690076510659,5.0,-3.800437269410724,-1.0152512322352583,4.960093236023509,-0.4851417277134408,0.001015530914227468,-0.00048234491845970456,-0.87443481179077,-0.2783017632383369,-0.010688158890509716,-0.004905305134094264,-0.0008604467495842982,0.0025319490532638156,0.0025760076141523314,26451,95000000,2.15,0,2,4,-4.8876190994883775,0.5924834042342758,4.951087494948184,-4.8876190994883775,0.5924834042342758,4.951087494948184,209.6894838809967
-3.5543388089763526,-0.7237997670733144,5.0,-3.7110906104252357,-1.1422461599127243,4.957254976280113,-0.4837745131995788,0.0015881809161946302,-0.0006189097294332024,-0.8751910162990904,-0.3227424846963851,-0.02131014491558732,-0.007401100091673782,-0.00044689741400816274,0.0019962886881330633,0.0099679524282692,26451,534000000,2.22,0,2,4,-4.900176017815509,0.6046494264945697,4.950470398850701,-4.900176017815509,0.6046494264945697,4.950470398850701,210.2376687526703
-3.4787306928416317,-0.6618795656421455,5.0,-3.650461748120647,-1.2243927273767983,4.9552410112406795,-0.48218213645540003,0.0017999660774019766,-0.0006601743027477311,-0.8760688965916528,-0.29228599048043324,-0.02488391630893751,-0.006809807528499362,-0.00034250925864398596,-0.0003638483775603163,0.01333742020506179,26452,21000000,2.03,0,2,4,-4.926389613407095,0.6481161302981697,4.949303707724854,-4.926389613407095,0.6481161302981697,4.949303707724854,210.6115415096283
-3.4108307471117234,-0.5916963676169309,5.0,-3.597114213272653,-1.2914786700788012,4.953676509958428,-0.47995042674067134,0.001619192357059025,-0.0004732077910195271,-0.877293988445119,-0.21092790887084006,-0.02828867584929342,-0.004202373386635658,-0.0005877698185940972,-0.002147971781596425,0.01709142597974278,26452,345000000,1.79,0,2,4,-4.942414562785522,0.6813168984921041,4.948440722815451,-4.942414562785522,0.6813168984921041,4.948440722815451,210.98616909980774
-3.3516114943543616,-0.5141484180143086,5.0,-3.558569033541886,-1.3333352229983302,4.952903967512895,-0.47740704829932207,0.0013511779613780497,-0.00020692673234527065,-0.878681194594247,-0.14337604477316396,-0.03293588106523825,-0.001876290313916669,-0.0007732252868208889,-0.002267585864501598,0.018657859982340597,26452,679000000,1.46,0,2,4,-4.945060599653006,0.6999201313022658,4.94784738126091,-4.945060599653006,0.6999201313022658,4.94784738126091,211.3623080253601
-3.3019467579008337,-0.4302576799951901,5.0,-3.5258106685433264,-1.3595902364198817,4.95272299458551,-0.4745482686068273,0.0010870543508545018,0.00010263305336965297,-0.880228804653402,-0.0821198599504235,-0.03999561139712645,0.00015337162181619095,-0.0008560781793676142,-0.0019498469555401243,0.016350582882296294,26453,1000000,1.08,0,2,4,-4.930830876171101,0.6971513461765626,4.94758704093599,-4.930830876171101,0.6971513461765626,4.94758704093599,211.76638102531433
-3.2625949715173483,-0.34115989501771693,5.0,-3.5025680401663215,-1.3678180514096383,4.95309418644133,-0.47235948085769874,0.0008922203135398375,0.00037294995727770944,-0.8814054604409294,-0.03642063823892321,-0.04748978731049963,0.0016268714601181268,-0.0009143368117747741,-0.0016145752965712745,0.012010590671707178,26453,363000000,0.66,0,2,4,-4.898766158996589,0.6755696275417439,4.947598742176122,-4.898766158996589,0.6755696275417439,4.947598742176122,212.15940117835999
-3.2625949715173483,-0.34115989501771693,5.0,-3.484836027797976,-1.3629113023925234,4.953885050611941,-0.47090796688179903,0.0007416876419241169,0.0006113721411371304,-0.8821818196102191,0.00042371811617872046,-0.05531940841118581,0.002696314660667297,-0.0007757513742490119,-0.0012861029631494603,0.006415631969503011,26453,714000000,0.34,0,2,4,-4.856599578985497,0.6425275023977443,4.947780784179789,-4.856599578985497,0.6425275023977443,4.947780784179789,212.5518672466278
-3.2341833127527586,-0.2480923246165849,5.0,-3.470532085830431,-1.3459708059040318,4.9550352308431735,-0.47036329147497447,0.000615808018115283,0.0008196555378609716,-0.8824722788723236,0.03113399649642799,-0.06244083903838632,0.0033822347234635695,-0.0006544408847730665,-0.0011312282367725857,-0.00022613219385902994,26454,54000000,0.15,0,2,4,-4.80668592247968,0.6023474793349857,4.948078479411069,-4.80668592247968,0.6023474793349857,4.948078479411069,212.95455765724182
-3.2171929813418867,-0.15237920310723663,5.0,-3.4597775473163663,-1.3198527639748316,4.956368372600688,-0.4708332224823771,0.0005107723397898881,0.0010118137676340742,-0.882221509571931,0.05466010205134655,-0.06796144575286621,0.0036308786837227895,-0.0007458524009962275,-0.0008912303485431039,-0.006116036092862487,26454,408000000,0.15,0,2,4,-4.748819801778981,0.5557354360862583,4.948415298198092,-4.748819801778981,0.5557354360862583,4.948415298198092,213.35910415649414
-3.211945953178299,-0.05541497349941108,5.0,-3.451568361170502,-1.2864225149631139,4.957732572683864,-0.4721817099143649,0.00043506778890626765,0.0011615562538645203,-0.8815003654709591,0.07329662315666895,-0.07303634621669049,0.003541102598042519,-0.00032054465179953695,-0.0007040966863769427,-0.011342265315761324,26454,767000000,0.21,0,2,4,-4.688041659621134,0.5081896332467704,4.948814450614108,-4.688041659621134,0.5081896332467704,4.948814450614108,213.7762906551361
-3.21859354421624,0.04135457483112127,5.0,-3.4447730253249036,-1.2447561939666838,4.959120570034628,-0.4744474817699921,0.00036134351955056384,0.0012718726902228722,-0.8802828175153902,0.08900286911742358,-0.07768071886519098,0.0032724656493084564,-0.00035478990980664094,-0.0005965183731859725,-0.016069325283751823,26455,133000000,0.34,0,2,4,-4.625873140782742,0.4620919970336823,4.949270064924474,-4.625873140782742,0.4620919970336823,4.949270064924474,214.1931049823761
-3.21859354421624,0.04135457483112127,5.0,-3.43810239676297,-1.1845895751580955,4.960706321770868,-0.4782972809376538,0.00029430426341221165,0.0014100826079693238,-0.8781968094337886,0.10492245770554783,-0.08221890715832644,0.0027431251919631705,-0.00035250676546638715,-0.0005044668569098576,-0.020145746748312376,26455,499000000,0.6,0,2,4,-4.56016265229551,0.41677271499985175,4.9497974093441295,-4.56016265229551,0.41677271499985175,4.9497974093441295,214.75110840797424
-3.2371071164773877,0.13645309916067708,5.0,-3.4310947543473582,-1.1395831352537706,4.961668668396529,-0.48050723909204207,0.0003599055632322786,0.0014740725019208672,-0.876989447347223,0.04979427512643275,-0.08640051378978345,0.0015319543078216558,-0.0007987849585333606,0.0017717952687235083,0.005061675256001763,26455,996000000,1.02,0,2,4,-4.478901047721042,0.36980357487314663,4.950505306194206,-4.478901047721042,0.36980357487314663,4.950505306194206,215.14126539230347
-3.267271249411667,0.22839620850894257,5.0,-3.404036919103396,-1.1255637431244372,4.961952453916682,-0.47794709283076453,0.0007759195819990703,0.0013887308533768556,-0.8783871844636848,-0.05777112176376573,-0.0916194773596487,-0.00025674123477257605,-0.0005958967619790201,0.002587628182482149,0.02450232768751448,26456,345000000,1.33,0,2,4,-4.4352987957054095,0.35825026056742804,4.950869990971095,-4.4352987957054095,0.35825026056742804,4.950869990971095,215.53113412857056
-3.308679683530565,0.3157154098814325,5.0,-3.3556634611530716,-1.1379663274922587,4.9617149336609145,-0.4734138305825495,0.0011894873799239403,0.001278646935109884,-0.8808384047002862,-0.13905265905044736,-0.0949462183518135,-0.0016929880790025151,-0.0005049388448696845,0.0020950867337887757,0.032484313123859465,26456,694000000,1.0,0,2,4,-4.410315545179772,0.3758501954245679,4.950716782540699,-4.410315545179772,0.3758501954245679,4.950716782540699,215.9275679588318
-3.36073431890886,0.39698317216108925,5.0,-3.2894312137907735,-1.1714656049853023,4.961017191740026,-0.4673409844645056,0.0015548286837224368,0.0012213807005275604,-0.8840749374214243,-0.1952274469840813,-0.0953525775950583,-0.0030964198154486387,-0.000753270467157563,0.001865477361207013,0.040860656372387893,26457,44000000,0.47,0,2,4,-4.402291309489676,0.42338802912738527,4.949888741130711,-4.402291309489676,0.42338802912738527,4.949888741130711,216.35485410690308
-3.4226475183504643,0.4708387324053992,5.0,-3.214656580951057,-1.2165443318007036,4.959934723502317,-0.46029463363496537,0.0018671098819419067,0.0011357117043751313,-0.8877635238657118,-0.21104350740499508,-0.09200020934292107,-0.0037334116316760646,0.00013106476970392578,0.0016049928262873436,0.04008394280390348,26457,420000000,0.5,0,2,4,-4.409837607392789,0.49887880125301587,4.948243283742028,-4.409837607392789,0.49887880125301587,4.948243283742028,216.79566359519958
-3.4934479233798426,0.5360142196544851,5.0,-3.1540758896407906,-1.2517786730464424,4.9590416621203515,-0.4552540748115299,0.001964043995737953,0.001013684997757918,-0.890358827856166,-0.16657087371798046,-0.08806313229752231,-0.0032874226050072404,0.0010510971719668305,-0.0006682844116312481,0.022964606796449516,26457,808000000,1.34,0,2,4,-4.42915082561122,0.5928898885847831,4.9457956612803295,-4.42915082561122,0.5928898885847831,4.9457956612803295,217.16310048103333
-3.4934479233798426,0.5360142196544851,5.0,-3.107144697453411,-1.2664271961255347,4.958304405936917,-0.4533954262550464,0.0016322007812431885,0.0010130799001115609,-0.891307408833075,-0.06919195913298047,-0.08491997375629952,-0.002215844842052911,0.0007167971830313036,-0.0022428502234106418,0.004337843438406708,26458,130000000,1.97,0,2,4,-4.444451468609234,0.6696056174491885,4.943939431829957,-4.444451468609234,0.6696056174491885,4.943939431829957,217.54112887382507
-3.5719899405559112,0.5913606251811727,5.0,-3.0789926282794178,-1.2567571076335722,4.957817395210664,-0.4534753851178207,0.001239782465510247,0.0010751205916781973,-0.8912672899570563,0.012271395113327319,-0.08261209954923417,-0.0013853664611027624,0.000770388925275256,-0.0021147871848370414,-0.005355111898097675,26458,468000000,2.19,0,2,4,-4.450650311784832,0.7331629215477427,4.942751030799084,-4.450650311784832,0.7331629215477427,4.942751030799084,217.92874312400818
-3.6569669959055218,0.635873106918289,5.0,-3.0655204169413803,-1.2254044340950547,4.957482041702001,-0.45511621221332443,0.0008737769835671977,0.0011214223705550226,-0.8904309138311887,0.08105880163040767,-0.07990177845067425,-0.0010112845344042633,0.0006353317473895004,-0.0019016397686755226,-0.017243365618924145,26458,813000000,2.18,0,2,4,-4.445659258999622,0.7766002041361916,4.942473305355038,-4.445659258999622,0.7766002041361916,4.942473305355038,218.32505917549133
-3.746928586755153,0.6687150811805102,5.0,-3.065517949139465,-1.1799096607704582,4.9572082145912875,-0.4584292469871679,0.0005513373998902646,0.001162884793234468,-0.8887299754328123,0.13262843084626202,-0.07561150469664317,-0.001026776057642452,0.0007030238975858083,-0.0018697950281421072,-0.02649531488714274,26459,166000000,1.96,0,2,4,-4.431588623249732,0.8057853130498315,4.943048027619713,-4.431588623249732,0.8057853130498315,4.943048027619713,218.71721291542053
-3.840301083373493,0.6892405284284435,5.0,-3.076163011070184,-1.1194082167160808,4.956893781613233,-0.46309089347977206,0.00021543256865742713,0.0011987412808355095,-0.886309957624451,0.17245934527987217,-0.0689281271518881,-0.001246371213059089,0.0007120086706891016,-0.0017254783188036527,-0.03100398025708273,26459,515000000,1.52,0,2,4,-4.412396628084463,0.8214256527053121,4.944203323877699,-4.412396628084463,0.8214256527053121,4.944203323877699,219.1143398284912
-3.840301083373493,0.6892405284284435,5.0,-3.0976379409525876,-1.042616514267013,4.956454163909581,-0.4686772657535383,-0.00011234307326215859,0.0012208635053899204,-0.8833686192281918,0.20179651338215088,-0.059410716731942315,-0.0016605476458820445,0.0006612782215142943,-0.001349775584458257,-0.031459265665034764,26459,867000000,0.92,0,2,4,-4.388226845539032,0.8290159157130856,4.9458731905563775,-4.388226845539032,0.8290159157130856,4.9458731905563775,219.56537628173828
-3.93541214837569,0.6970139234065245,5.0,-3.123379235744476,-0.9684577261272843,4.955943543476758,-0.4735767408355294,-0.0003351622817787864,0.0012311156662874784,-0.8807516350027735,0.217648135643918,-0.05100890369020443,-0.002023605513899224,0.0004632096647583239,-0.0009626054975342413,-0.029664809881069232,26460,259000000,0.32,0,2,4,-4.359645179382254,0.8303113069159641,4.948113510302228,-4.359645179382254,0.8303113069159641,4.948113510302228,219.99309086799622
-4.030518550843147,0.6918271952261162,5.0,-3.156537184512082,-0.8836140185130783,4.9552748376177345,-0.4784713278567654,-0.0005240138516861977,0.001217941568355461,-0.8781021754026139,0.22670871536365875,-0.04180237473774399,-0.0023203338833148813,0.0006111273535225337,-0.0007561160771274444,-0.02496403340046527,26460,630000000,0.58,0,2,4,-4.334431081074885,0.8275588322110771,4.950293974576356,-4.334431081074885,0.8275588322110771,4.950293974576356,220.4446942806244
-4.123837055971175,0.673713131509541,5.0,-3.1992838024574524,-0.7841675682811339,4.954407484900884,-0.48278227397897033,-0.0007266385789914286,0.0011064913377926426,-0.8757394153542418,0.20955957105067458,-0.031057157323095008,-0.0022574230537104117,0.0009153619032531424,-0.00025857436014575796,-0.01487908439230523,26461,26000000,1.21,0,2,4,-4.307760006275518,0.8219085608000068,4.952812182761069,-4.307760006275518,0.8219085608000068,4.952812182761069,220.99663400650024
-4.213577971504894,0.6429546640999306,5.0,-3.2300906051051843,-0.7133499664940135,4.953728978897979,-0.4845485926422859,-0.0007252979684563611,0.0008979654424196523,-0.8747635846154669,0.13041173746245704,-0.024782815475965333,-0.0017727243060360026,0.0008255953730440524,0.00178700629476225,-0.001114122483159008,26461,515000000,1.8,0,2,4,-4.279388155926584,0.8132084902925245,4.955818162556051,-4.279388155926584,0.8132084902925245,4.955818162556051,221.45620918273926
-4.297980831351451,0.6000895134453678,5.0,-3.2387641468324078,-0.6840874173506674,4.9532412688098,-0.48412696320993187,-0.00043539311254415147,0.0006150387695928241,-0.874997437512407,0.03685719904432845,-0.020181489059541806,-0.001360207359224528,0.00037307413265352807,0.0025360501695104176,0.005689652743967599,26461,925000000,2.11,0,2,4,-4.260366491422034,0.8060213527705589,4.958334256383789,-4.260366491422034,0.8060213527705589,4.958334256383789,221.86845564842224
-4.375351597002221,0.545909725712853,5.0,-3.232868085678506,-0.6818092997504692,4.952776275320542,-0.4829965721361843,-9.058229064134054e-05,0.00033061043643496473,-0.8756221752538497,-0.03775624660926961,-0.013796487133007348,-0.0013613346678168748,0.0005892074341318221,0.002281468141518417,0.008245364824688295,26462,287000000,2.13,0,2,4,-4.262663443711217,0.8215584812742408,4.959977288099667,-4.262663443711217,0.8215584812742408,4.959977288099667,222.27114629745483
-4.4441006615415,0.4814557117933096,5.0,-3.2200238444056493,-0.6961400008622286,4.952321716047678,-0.48186904835253086,0.0001421413015393922,0.00011474932456814651,-0.8762432235790866,-0.08613816576728538,-0.0071540378630302135,-0.001801445963556781,0.0004471844590625551,0.0018903707200479403,0.008564398831367726,26462,641000000,2.03,0,2,4,-4.289458836048117,0.8694396985227864,4.96036271869338,-4.289458836048117,0.8694396985227864,4.96036271869338,222.6184229850769
-4.4441006615415,0.4814557117933096,5.0,-3.2004953022480382,-0.7250804014132741,4.951610637621596,-0.4807498448234052,0.00034891388988054735,-8.080244822219264e-05,-0.8768577184653924,-0.12959371947086856,0.0014340837058006161,-0.002808077864862052,0.0005248831143944699,0.0016427475543423498,0.006419208148145117,26462,949000000,1.9,0,2,4,-4.32755743104875,0.9294366410219901,4.959722534568247,-4.32755743104875,0.9294366410219901,4.959722534568247,222.97892141342163
-4.502780852147916,0.40800449104564396,5.0,-3.1754267310861795,-0.7687192434580596,4.950500764916129,-0.47998636822130825,0.0005140457403377749,-0.0002941238321986928,-0.8772757465984494,-0.12325319730026665,0.011770421177039466,-0.0029824762024310532,0.0007414194442389999,0.0008862329195835628,0.003358669914632628,26463,273000000,1.74,0,2,4,-4.379937704623275,1.0067839507046275,4.958206451833542,-4.379937704623275,1.0067839507046275,4.958206451833542,223.3743097782135
-4.55012454847181,0.3270519548461499,5.0,-3.163702320907861,-0.7967123227344023,4.94976175476936,-0.4796151272816013,0.00048151566632725375,-0.00043939763370521743,-0.8774787204001223,-0.057127817394118055,0.021072663231649053,-0.0018577116811997053,0.0012463456528166716,-0.0009021917264817603,0.002080051058328536,26463,623000000,1.61,0,2,4,-4.442673559059562,1.094115199695515,4.956174081452724,-4.442673559059562,1.094115199695515,4.956174081452724,223.7376983165741
-4.585078969668523,0.2402890951575203,5.0,-3.1684590913230015,-0.8058176639267207,4.949353312498956,-0.47929087469591614,0.00016085325085087333,-0.0004963476448822456,-0.8776559606123977,0.0220634110047811,0.031226862637150594,-0.0006945688442089589,0.001230591340117826,-0.0017302290189036285,0.0028309350682320655,26463,941000000,1.54,0,2,4,-4.490992241668706,1.1557985488774736,4.954798382765819,-4.490992241668706,1.1557985488774736,4.954798382765819,224.11682105064392
-4.585078969668523,0.2402890951575203,5.0,-3.188868675677758,-0.7967511084354619,4.9492835695283315,-0.47865646776398024,-0.00017823896805158973,-0.0005388805526665022,-0.8780020863906475,0.08301704982936833,0.04063736622945431,0.00019870466199797877,0.0011896898399754718,-0.0015284366554624285,0.0067791377659887075,26464,277000000,1.47,0,2,4,-4.5298078235636385,1.1983056670447245,4.953999754809989,-4.5298078235636385,1.1983056670447245,4.953999754809989,224.50684690475464
-4.6068386358912825,0.14957229017972345,5.0,-3.2214018056435325,-0.7743967653935268,4.949498952557126,-0.4772574206248341,-0.00046476346701367457,-0.0005736012345749232,-0.8787632271750301,0.12704088729907836,0.04775481343416095,0.0008916572790591791,0.000802204897354386,-0.0013553501730712014,0.012949448955623666,26464,620000000,1.35,0,2,4,-4.557594500072534,1.220785657813883,4.953840854210507,-4.557594500072534,1.220785657813883,4.953840854210507,224.8982379436493
-4.614873984444279,0.056887900766473605,5.0,-3.2623185319102386,-0.7429612354882449,4.949945506475012,-0.47492369844116467,-0.000703611837855264,-0.0005840516870667321,-0.8800265021423923,0.15528089434863201,0.052528870912061223,0.0013554867375482047,0.0006939538536698819,-0.0010850986427612952,0.01849741893238388,26464,967000000,1.13,0,2,4,-4.5768587305493345,1.226836407608749,4.954189718281811,-4.5768587305493345,1.226836407608749,4.954189718281811,225.28868317604065
-4.608955120236752,-0.03568839499673635,5.0,-3.314241396960053,-0.702261600493883,4.950605164180378,-0.47143891266043797,-0.0009043147339693608,-0.000613714410146004,-0.881898042405713,0.17083645809904774,0.05681743211046679,0.001564368747879422,0.0006011466950894828,-0.0006532134477765794,0.023281206813408062,26465,315000000,0.79,0,2,4,-4.58961368244244,1.219234124347749,4.954895234067336,-4.58961368244244,1.219234124347749,4.954895234067336,225.6985743045807
-4.608955120236752,-0.03568839499673635,5.0,-3.3637469437855803,-0.6643272151327605,4.9512555245464025,-0.4677594713658456,-0.0010174833274565816,-0.0006518239139323167,-0.8838549749822128,0.17499116420361788,0.059809953412032935,0.0016359388302046034,0.00041045727243727015,-0.00039742397461850487,0.02553975191403879,26465,679000000,0.31,0,2,4,-4.597870377489339,1.1973497706663567,4.955954811319768,-4.597870377489339,1.1973497706663567,4.955954811319768,226.0838119983673
-4.589169708118952,-0.12603691933330227,5.0,-3.4144460506014793,-0.6270760022532499,4.951942470717364,-0.46383695881620257,-0.0010894634623088697,-0.0006826306766440285,-0.8859196480047498,0.17372552172884087,0.061501998156801754,0.0017021301444194153,0.0002844026596449112,-0.0002561323782401814,0.02647518031153595,26466,21000000,0.21,0,2,4,-4.601067367719675,1.1678385581025343,4.957018444919696,-4.601067367719675,1.1678385581025343,4.957018444919696,226.45728278160095
-4.555934074211958,-0.21204316808162715,5.0,-3.46515405606132,-0.5912714608832799,4.952657177104168,-0.45985378258051707,-0.0011366175418912315,-0.0007074287622264243,-0.8879936409071296,0.16882455600583232,0.06207984615120706,0.0017604635895003113,0.00020626206520546475,-0.00017098833495765575,0.025911365992214996,26466,358000000,0.71,0,2,4,-4.601362571695277,1.1311188180929437,4.95806905352588,-4.601362571695277,1.1311188180929437,4.95806905352588,226.858482837677
-4.509996677017998,-0.29164985758713996,5.0,-3.5280188542847206,-0.5507316520597428,4.9536080625730605,-0.45535581030819494,-0.0011515681251100254,-0.0007078839390760496,-0.890308518890923,0.13812668635819325,0.06372960055737405,0.001828059227407023,-0.00011967359299092095,2.4336679338432532e-05,0.017695955830276944,26466,716000000,1.19,0,2,4,-4.599367460242671,1.086828739173039,4.9591249501977295,-4.599367460242671,1.086828739173039,4.9591249501977295,227.34101366996765
-4.452433238747426,-0.36291068388312064,5.0,-3.5701235431148723,-0.5326862614482547,4.954288418023786,-0.45352778413464623,-0.0010840295782596258,-0.0007754658656222601,-0.8912411416392773,0.056853114279689664,0.06771590958921615,0.0007496331374907027,0.0005923185426581767,0.0017091805375457625,-0.0020316962718425202,26467,155000000,1.81,0,2,4,-4.594639764301092,1.0296675196375173,4.960238028766172,-4.594639764301092,1.0296675196375173,4.960238028766172,227.7273097038269
-4.3846329938375295,-0.42404446706870175,5.0,-3.5883373590743957,-0.5459173770274773,4.954238924686792,-0.455041207308651,-0.0008352727714875639,-0.0010219905932768313,-0.8904694029025981,-0.05156243693420341,0.07249674633135261,-0.0014176907722612969,0.0007804661095178744,0.00230443495183863,-0.017760622358764522,26467,501000000,2.05,0,2,4,-4.595557064148992,0.9867412110184997,4.960980279643094,-4.595557064148992,0.9867412110184997,4.960980279643094,228.10088443756104
-4.3846329938375295,-0.42404446706870175,5.0,-3.588580595855127,-0.5888576641008103,4.95341243087069,-0.45854931164009616,-0.0005538564888574449,-0.0013062922645647793,-0.8886678320035576,-0.14676221981068333,0.07511989984809962,-0.003769072143408804,0.000696648891107543,0.002335956219212676,-0.02927098157670116,26467,827000000,1.86,0,2,4,-4.609323461358439,0.9668717110753928,4.961347571451606,-4.609323461358439,0.9668717110753928,4.961347571451606,228.48890709877014
-4.308275714869883,-0.4734882085347663,5.0,-3.5718553194357328,-0.6598016385027772,4.951725497440962,-0.46396971971719125,-0.00025341134418239357,-0.0015953507184876682,-0.8858495864560341,-0.2221012819501697,0.07438800017497775,-0.0063302486095502975,0.0006000427219987614,0.0022714283659297507,-0.0385794963221997,26468,172000000,1.42,0,2,4,-4.6413678500250946,0.970909323615117,4.961280834610749,-4.6413678500250946,0.970909323615117,4.961280834610749,228.88958764076233
-4.225299414513357,-0.5099474716281459,5.0,-3.540295042360393,-0.7573580653753602,4.949030509825641,-0.4709519885416336,0.00011625328490603049,-0.0018047728333126655,-0.8821569892988859,-0.25233277784375807,0.06837727035032523,-0.007424105938020171,-0.0005763963883964607,0.0021160994037927594,-0.03707591240527108,26468,530000000,0.77,0,2,4,-4.689149629625032,0.9956895727654785,4.960754591464159,-4.689149629625032,0.9956895727654785,4.960754591464159,229.33739042282104
-4.137858892742297,-0.5324424153764127,5.0,-3.513013334756929,-0.8386621686577173,4.946913643167667,-0.47597698211773276,0.00038154511689395324,-0.0017893304995179249,-0.87945583471473,-0.21587287515302309,0.060992490274269895,-0.005932087652692157,-0.0013821715356243658,-0.0003224752390451613,-0.026058280491270125,26468,933000000,0.44,0,2,4,-4.752728594468516,1.0399444642935207,4.959685012662687,-4.752728594468516,1.0399444642935207,4.959685012662687,229.71775722503662
-4.048275596775072,-0.5403477738975248,5.0,-3.496018677140753,-0.9025910579798802,4.945520825314894,-0.47915597739320487,0.0002808941088071942,-0.0014707771347329862,-0.8777284928959992,-0.13748016938189508,0.053016303065502465,-0.0029096344721703483,-0.001273893531106296,-0.0018069944530907378,-0.015622389946656767,26469,271000000,0.94,0,2,4,-4.803046905733816,1.0745214132052416,4.958847246284876,-4.803046905733816,1.0745214132052416,4.958847246284876,230.12634587287903
-4.048275596775072,-0.5403477738975248,5.0,-3.490804841407301,-0.9419873696265122,4.945093764174667,-0.4810675595491519,0.00011491345566523104,-0.0011385727641370158,-0.8766827782022305,-0.07860027538000514,0.0460897983222898,-0.0002456425169468292,-0.0013481702353601577,-0.0016514132198608422,-0.009399533064424759,26469,633000000,1.31,0,2,4,-4.8390301195587675,1.0894350155980355,4.9582450358059145,-4.8390301195587675,1.0894350155980355,4.9582450358059145,230.5115146636963
-3.9589795805588652,-0.5334250886383893,5.0,-3.49317348799907,-0.9654485095699695,4.945457716858548,-0.4820550198167673,-6.694867338633004e-06,-0.000842751373597177,-0.8761405410062686,-0.033509861895185365,0.04017371086265974,0.001878889655920158,-0.0010437540481689211,-0.0013328691579772567,-0.0033272245218540775,26469,973000000,1.55,0,2,4,-4.8543048903808605,1.0800262020811815,4.957848605998863,-4.8543048903808605,1.0800262020811815,4.957848605998863,230.879652261734
-3.8724446829733865,-0.5118455734870044,5.0,-3.501233556234739,-0.9766017285531429,4.9463831088321335,-0.4821791267191191,-9.685247791068545e-05,-0.0005881600555874811,-0.8760724481706601,0.0005315186065607636,0.03470034260080861,0.003343801854040274,-0.001140729546023067,-0.0010899797985075566,0.0017946307366401015,26470,299000000,1.68,0,2,4,-4.854270505635272,1.052228466244585,4.957558881346121,-4.854270505635272,1.052228466244585,4.957558881346121,231.2654070854187
-3.7911183791804586,-0.47620212986063115,5.0,-3.5113328358160767,-0.9785642242298384,4.947555664850408,-0.48175999758445953,-0.00014679634276374375,-0.0003790762934914923,-0.8763031093630895,0.022604295739016133,0.02895429391829412,0.004308500100890501,-0.001053806363415788,-0.0008664270524150197,0.004399824274514685,26470,638000000,1.68,0,2,4,-4.841601809985638,1.0102984936908554,4.9573095103434595,-4.841601809985638,1.0102984936908554,4.9573095103434595,231.61090326309204
-3.7911183791804586,-0.47620212986063115,5.0,-3.524478902599383,-0.9738424025005294,4.9491659625683315,-0.4809961689982843,-0.00017083206276472483,-0.0001650698963544335,-0.8767226636612684,0.040544377114235794,0.021245168258466625,0.005076313286416294,-0.001105418027691485,-0.0006014221185068891,0.005508834055945044,26470,947000000,1.62,0,2,4,-4.822638239372396,0.9651528327676786,4.957111151533008,-4.822638239372396,0.9651528327676786,4.957111151533008,231.98116421699524
-3.717348085883062,-0.427509234340068,5.0,-3.538100470437734,-0.9634814435467889,4.9510005518336095,-0.48017371555605437,-0.00016308729910874853,2.5426335562805133e-05,-0.8771734011272385,0.052707534365706576,0.01392322720306565,0.0055978774802423,-0.000956428738163595,-0.0004452906495089337,0.0052814066293649375,26471,281000000,1.53,0,2,4,-4.794752679801935,0.9083849807306468,4.956880225229822,-4.794752679801935,0.9083849807306468,4.956880225229822,232.37129592895508
-3.653306005244452,-0.36718969756849185,5.0,-3.55085123091769,-0.9500035928138127,4.952850198258313,-0.4794777349870867,-0.00015491399077686234,0.0001688687246732879,-0.8775540149396288,0.06029727913021212,0.007521985951127968,0.005899166088115353,-0.0006857765583845321,-0.0003262033686723953,0.004333460537964129,26471,630000000,1.43,0,2,4,-4.761743026616163,0.8483768765719945,4.956599087830501,-4.761743026616163,0.8483768765719945,4.956599087830501,232.7203664779663
-3.600914859085754,-0.2970476397843563,5.0,-3.5635021677269836,-0.9326260140602421,4.9548981116944795,-0.47891778340415025,-0.00013702228913891143,0.000296856668711986,-0.8778596982663378,0.06543608084048377,-0.0003448444411998485,0.005983417679404857,-0.0008071296917933068,-0.00021939334544640587,0.003190086431459349,26471,939000000,1.35,0,2,4,-4.727112814692962,0.7910599082183797,4.956291047445509,-4.727112814692962,0.7910599082183797,4.956291047445509,233.11045861244202
-3.600914859085754,-0.2970476397843563,5.0,-3.576435165471805,-0.9087319276373741,4.957253364765863,-0.4784850055302083,-8.989109212687716e-05,0.000457347575086885,-0.8780955997131197,0.06971486879807852,-0.010034423498206792,0.005619413197045235,-0.0008391140397634445,-0.00014543112172304973,0.001454591358651669,26472,283000000,1.27,0,2,4,-4.687467569711644,0.7309716333423115,4.955962085788956,-4.687467569711644,0.7309716333423115,4.955962085788956,233.56538343429565
-3.56177707900695,-0.2192274424343797,5.0,-3.583345212761258,-0.8879197249562122,4.959236049825545,-0.47823963363340644,8.722812352708178e-05,0.0005443133940719839,-0.8782292120718649,0.014220929889237973,-0.018775418289359035,0.00437043517740655,-0.0009074812510334596,0.002212224103459448,0.002357678863518231,26472,687000000,1.23,0,2,4,-4.641019395648403,0.6665533314067298,4.955605019828162,-4.641019395648403,0.6665533314067298,4.955605019828162,234.00811529159546
-3.537110163093061,-0.13615891042552986,5.0,-3.5645909816719414,-0.8987457003533305,4.960529540867426,-0.4774401198770061,0.000631275723445472,0.0004299484527321794,-0.8786639565653748,-0.10740070107176658,-0.02823340380525407,0.0012868261578767438,-0.0006516336270578904,0.0024642102061989135,0.007560095855296822,26473,77000000,1.22,0,2,4,-4.604754245090623,0.62210907628219,4.955334281922317,-4.604754245090623,0.62210907628219,4.955334281922317,234.4689598083496
-3.527690969900185,-0.05048940568249943,5.0,-3.5244951640016615,-0.9392645552761022,4.960505703529789,-0.47586788852426687,0.0010331699871618156,0.0003463326886289771,-0.8795160972289833,-0.19462119386455753,-0.035417271586267944,-0.0017196085585675764,-0.0006902885502313438,0.0019774690372287296,0.013081009819870815,26473,488000000,1.17,0,2,4,-4.591151750127096,0.6161696510107184,4.954948036446162,-4.591151750127096,0.6161696510107184,4.954948036446162,234.88129949569702
-3.5338116804435082,0.03499572415445523,5.0,-3.457440576836124,-1.0113354835065926,4.959347869763582,-0.47273680855768485,0.001440625578106061,0.00029558896249989094,-0.8812024438571444,-0.25934521853457604,-0.04213271962305097,-0.004660658034797924,-0.0007020110956545977,0.0018102337548953074,0.021776659741590265,26473,850000000,0.98,0,2,4,-4.595665074900735,0.6403517720963475,4.9543791841402545,-4.595665074900735,0.6403517720963475,4.9543791841402545,235.35243105888367
-3.5552500057415717,0.1174625157534436,5.0,-3.383746696210002,-1.089608500456014,4.9575136988821935,-0.4688211474259252,0.0017309551377906734,0.0002458926557225903,-0.8832913874013217,-0.24207604935823263,-0.04522058416164644,-0.005072116398714963,-0.00015540475573061485,0.0006769383844584809,0.019620172497525346,26474,269000000,0.57,0,2,4,-4.615594266483234,0.6961755512479519,4.953186542994693,-4.615594266483234,0.6961755512479519,4.953186542994693,235.81137466430664
-3.5912559407229514,0.19412507309907312,5.0,-3.327990338737276,-1.1419743421717545,4.956207999435082,-0.4659910489691387,0.0017023887067369216,0.00025969573289241115,-0.8847877580027083,-0.16440620144707077,-0.04686974938445969,-0.003346830623433582,0.0002666820932972769,-0.0015428942674589052,0.015913032984826714,26474,671000000,0.06,0,2,4,-4.643954350380415,0.7684681696522845,4.951451833725311,-4.643954350380415,0.7684681696522845,4.951451833725311,236.217435836792
-3.640556958431398,0.26234652631188454,5.0,-3.289617954661087,-1.167338176031023,4.955518444769194,-0.46376361906408037,0.0013553831034933685,0.0004092641173060704,-0.8859578438459199,-0.07656898207992567,-0.04870874908153473,-0.0014475950368153746,6.780282575391539e-05,-0.0022991767082203296,0.011281502338533755,26475,31000000,0.32,0,2,4,-4.667360986490297,0.8336865353113166,4.949914400576571,-4.667360986490297,0.8336865353113166,4.949914400576571,236.61905479431152
-3.640556958431398,0.26234652631188454,5.0,-3.266265991065421,-1.1678094741836238,4.955317520819877,-0.4623996766456182,0.0009841334238149633,0.0005865149930683608,-0.8866708670750352,0.000203561474369922,-0.050617705335638606,-3.8842633989411376e-05,0.00010773724952173325,-0.0020014993197037256,0.003728930914803641,26475,383000000,0.62,0,2,4,-4.673630746764395,0.8750132710045068,4.949080254540501,-4.673630746764395,0.8750132710045068,4.949080254540501,237.05028915405273
-3.7013829998418393,0.3197407343716797,5.0,-3.257467888286892,-1.1481900036459163,4.955516284157643,-0.4623538640463275,0.0006927818497204283,0.0007282786729501593,-0.8866949272804673,0.0573869413575661,-0.05160335890215413,0.0008720019542815063,-2.5257863889294185e-05,-0.0016919304925977485,-0.004383543409858248,26475,770000000,0.8,0,2,4,-4.66359655790387,0.8946148131268672,4.9489768163861365,-4.66359655790387,0.8946148131268672,4.9489768163861365,237.44412446022034
-3.771511948538038,0.3642707925968209,5.0,-3.258571239216173,-1.115891961473648,4.95592857212773,-0.46352126495608403,0.00044388554228779413,0.000828835037316828,-0.8860852966456547,0.09948528792666575,-0.05134941672373555,0.0012687293458296693,0.0003770822189608225,-0.00156818264258618,-0.01156121752501349,26476,118000000,0.81,0,2,4,-4.642521153131998,0.896445331427662,4.9494624766549675,-4.642521153131998,0.896445331427662,4.9494624766549675,237.83570194244385
-3.848335497212682,0.3943401179112721,5.0,-3.2676637198996157,-1.0706648190165873,4.9564382893664005,-0.4657696034894402,0.00018531761611720283,0.0008957268899566358,-0.8849055541672283,0.13307667007639035,-0.04941573367286135,0.0012146949840382247,0.0003055616929259486,-0.0013700327940568968,-0.016426992260676343,26476,467000000,0.67,0,2,4,-4.6156442242528755,0.8876139768856304,4.950291453306539,-4.6156442242528755,0.8876139768856304,4.950291453306539,238.23365378379822
-3.928944433310108,0.40887174815873295,5.0,-3.282082728603382,-1.020655672561231,4.956867124442892,-0.4684041301019408,-2.369585219942264e-05,0.0009419453495236613,-0.883513827328644,0.15569784774557588,-0.046015904899746954,0.0009050725133296009,0.0004017355252017296,-0.0011106944157290854,-0.018243035810883157,26476,818000000,0.4,0,2,4,-4.582956670531076,0.8709830468612083,4.951463517950946,-4.582956670531076,0.8709830468612083,4.951463517950946,238.62505888938904
-3.928944433310108,0.40887174815873295,5.0,-3.3009522322013196,-0.9659778653754565,4.957199266286195,-0.47115499315768916,-0.00020337527012767684,0.0009475697634019688,-0.8820499040148583,0.17146711428543993,-0.04115777129047209,0.0005740796656584965,0.0006256499887058453,-0.0008202872379570181,-0.017905016284203157,26477,165000000,0.16,0,2,4,-4.550593689721678,0.8514580726797509,4.952745679504912,-4.550593689721678,0.8514580726797509,4.952745679504912,239.01795482635498
-4.010231421210636,0.40737153560357,5.0,-3.32342059014629,-0.9085911110258237,4.957443608964126,-0.473752590627593,-0.0003528160209865122,0.0009163462978989277,-0.8806574355014336,0.18129733614109378,-0.035833590151137476,0.00024457368602581346,0.0006103798796175397,-0.0006288442023105745,-0.016432949632871896,26477,517000000,0.36,0,2,4,-4.516543601347852,0.8288300163152322,4.954225636740078,-4.516543601347852,0.8288300163152322,4.954225636740078,239.39614009857178
-4.089008373582524,0.3899711648727302,5.0,-3.3514328791950128,-0.8430891097071302,4.9575829221686005,-0.4763198383644147,-0.0004857545028719957,0.0008829004026518986,-0.8792715144424614,0.18698832993122746,-0.0297377215244716,-0.00015071157113306276,0.00040246881383154687,-0.0004520008900499306,-0.01390357128912001,26477,852000000,0.71,0,2,4,-4.487173370159795,0.807988708597738,4.955567904369077,-4.487173370159795,0.807988708597738,4.955567904369077,239.81563806533813
-4.162134528420906,0.357447401296653,5.0,-3.379306450364526,-0.7814572618588477,4.957593276157783,-0.478056053526262,-0.0005511159284234064,0.0008206054025849361,-0.8783287724792478,0.1408996206481741,-0.024266731046128663,-0.0004379631524174026,0.0005228340626217687,0.0004267944746061403,-0.0032802093528516707,26478,230000000,1.04,0,2,4,-4.454550119972928,0.783288667038369,4.95713361324238,-4.454550119972928,0.783288667038369,4.95713361324238,240.24682784080505
-4.226650431644696,0.31121468769207083,5.0,-3.3910975491720845,-0.7491804865876308,4.957462465017296,-0.47795890866637003,-0.0004435449866102332,0.0006827375870787964,-0.8783818183248584,0.05221120583196046,-0.02037032208194815,-0.000768091367492011,0.0003171139724145178,0.001977110196094145,0.0040842337966751074,26478,612000000,1.3,0,2,4,-4.4254427652259976,0.7591331089571116,4.958670293006863,-4.4254427652259976,0.7591331089571116,4.958670293006863,240.62997770309448
-4.226650431644696,0.31121468769207083,5.0,-3.3874762006184103,-0.7440488441377165,4.957148861601202,-0.4771384641221875,-0.0001430579502585946,0.00045024528209583773,-0.8788280052824492,-0.03146940785166189,-0.01575218711280211,-0.0012213258668670964,0.000560964463147684,0.0024359312192245852,0.0068684518737427425,26478,950000000,1.31,0,2,4,-4.412997684130855,0.7541634515862035,4.959501504866141,-4.412997684130855,0.7541634515862035,4.959501504866141,240.99626421928406
-4.279912224566699,0.25328915598209495,5.0,-3.3724071495987813,-0.7595120576129163,4.956666628014027,-0.4761085689886442,0.00013446710565716846,0.00020165328216131066,-0.8793864746458957,-0.09661034326597111,-0.010633583170715975,-0.0019493984747107548,0.0005878437718820351,0.0021485804609255865,0.007598003048769897,26479,275000000,1.21,0,2,4,-4.42266442735736,0.7786565176371546,4.959318924338822,-4.42266442735736,0.7786565176371546,4.959318924338822,241.35840964317322
-4.319720011453268,0.1862232914442295,5.0,-3.3413913853013733,-0.8014580751087474,4.955587209026597,-0.4748235955868262,0.0004261278429206289,-8.525074091762905e-05,-0.880080885044875,-0.15909937741576222,-0.003790149393062362,-0.0036388872793456247,0.0005786118663309026,0.0018466112464921025,0.006373214500854374,26479,596000000,1.06,0,2,4,-4.45209309849186,0.8297487654192056,4.9582682971719665,-4.45209309849186,0.8297487654192056,4.9582682971719665,241.7966079711914
-4.344433696010581,0.11301185359284438,5.0,-3.3064777572589317,-0.8542591290089082,4.954160650687946,-0.47401056677417064,0.0006524916691269628,-0.00032383548495983007,-0.8805188538422274,-0.178314905084717,0.0034786932459888635,-0.004085459967577041,0.0006092778050970082,0.0017394813653481833,0.0028707343290079734,26479,987000000,0.88,0,2,4,-4.502296799344371,0.9077799955721747,4.956251378822563,-4.502296799344371,0.9077799955721747,4.956251378822563,242.21274852752686
-4.344433696010581,0.11301185359284438,5.0,-3.276147387832363,-0.9050819112844317,4.95297267250198,-0.4738005596017054,0.0007519594656821738,-0.0005130039649228169,-0.880631705711874,-0.12882351928981386,0.01170203614463183,-0.0028299823221915807,0.00079405585324821,-0.0007640573244316329,-9.447194386780211e-05,26480,357000000,0.77,0,2,4,-4.560254011611829,0.9920046519031567,4.953854100812935,-4.560254011611829,0.9920046519031567,4.953854100812935,242.60398411750793
-4.353069585607864,0.03697117415894612,5.0,-3.264426806272225,-0.9331289202377068,4.952330995379715,-0.47390848780307826,0.0004380433511590133,-0.0004968234669682206,-0.8805738506636821,-0.04127674642053491,0.01914713486282981,-0.0010824111919831196,0.000731380606566745,-0.0019410483446336002,-0.000903102977645176,26480,704000000,0.74,0,2,4,-4.604994021260454,1.0524636016158306,4.952260545702239,-4.604994021260454,1.0524636016158306,4.952260545702239,242.99808382987976
-4.345371320201593,-0.03840444221973282,5.0,-3.2695474961649724,-0.9389219213826866,4.952218068667617,-0.4739990910248545,0.0001153247034135315,-0.00044188671980584997,-0.880525214371486,0.024478878375148717,0.02460164288622724,0.0002769890567314214,0.0005125626501012448,-0.0016274120525849867,0.00011042552330309263,26481,61000000,0.73,0,2,4,-4.637411364497351,1.0907326330210352,4.951435124019286,-4.637411364497351,1.0907326330210352,4.951435124019286,243.39140248298645
-4.321849329598748,-0.10960387327479358,5.0,-3.286776901582264,-0.9295379826185561,4.952491836380653,-0.47379705030506286,-0.00014530640815459668,-0.00041015482636569357,-0.8806339567500721,0.07332264678768458,0.029411093818521673,0.0011637629893307706,0.0006759205007256242,-0.0013828423675477097,0.0035881763551515178,26481,400000000,0.73,0,2,4,-4.655776407047247,1.1055437700689785,4.9513576142747615,-4.655776407047247,1.1055437700689785,4.9513576142747615,243.7914321422577
-4.283784081748948,-0.1732710158852498,5.0,-3.314727420254171,-0.9078907571095937,4.953027880645012,-0.4729048932701724,-0.0003844982326694057,-0.00039399476818635507,-0.8811133064767315,0.10828211136768898,0.033387950623155,0.0016955419107514004,0.00043907028555167926,-0.0010219320188298298,0.00805497120381915,26481,749000000,0.69,0,2,4,-4.664628489089095,1.1033316422866335,4.951777962204773,-4.664628489089095,1.1033316422866335,4.951777962204773,244.20397663116455
-4.283784081748948,-0.1732710158852498,5.0,-3.349063788285554,-0.8789168584187084,4.953745625870814,-0.4713931195199147,-0.0005531348733796427,-0.00039051604762391895,-0.881922937908019,0.1280330379004711,0.03585250403728489,0.0020263082187129953,0.00045128475107958366,-0.0007184411401794932,0.01080654228644562,26482,113000000,0.57,0,2,4,-4.665625879220333,1.0857779225664037,4.952598793585186,-4.665625879220333,1.0857779225664037,4.952598793585186,244.6192126274109
-4.233189858539408,-0.22637908444547392,5.0,-3.3889591352882444,-0.8444090599985841,4.954605477147737,-0.46943623290807507,-0.000684297860086848,-0.00040054855980728226,-0.8829660211641019,0.1379813384367794,0.03689818968637149,0.0021994116184962486,0.00029577913380762766,-0.00047619213887628575,0.012614667321031447,26482,476000000,0.37,0,2,4,-4.659567771212703,1.0556114483700414,4.953659479099304,-4.659567771212703,1.0556114483700414,4.953659479099304,245.03604173660278
-4.1727376602558985,-0.2663981057164597,5.0,-3.4282662276457705,-0.8101111457655776,4.955487216660313,-0.46737391753044233,-0.0007647055279901397,-0.00040884599959603693,-0.8840593132152679,0.1405954119905049,0.036661386453285094,0.002333897399701329,0.00020334290269374833,-0.0003054022840842663,0.01302543550991686,26482,843000000,0.11,0,2,4,-4.647453236584595,1.0135876953365939,4.954853617375802,-4.647453236584595,1.0135876953365939,4.954853617375802,245.457133769989
-4.105638041562169,-0.2914457139415669,5.0,-3.4674194806882976,-0.775985316956676,4.956418729810377,-0.465349570429348,-0.0007997615724609973,-0.0003977608116426222,-0.8851265330273321,0.13751316614796077,0.0354287680161118,0.0024466649646728107,-0.00018458507611285313,-7.042312759608649e-05,0.01193665993923787,26483,210000000,0.17,0,2,4,-4.6323239218758,0.9675144520905024,4.955927495016225,-4.6323239218758,0.9675144520905024,4.955927495016225,245.85546565055847
-4.035487133954632,-0.30041124034177896,5.0,-3.513160637995341,-0.7362078913319395,4.957622621004021,-0.46321543492053674,-0.0007703048622962517,-0.0003568496313606436,-0.8862453047210673,0.12880457631939995,0.03231567727803995,0.002696658067193262,-0.0002612397764778507,9.542067616052918e-05,0.00983301561063854,26483,565000000,0.42,0,2,4,-4.614480810668432,0.9174006912822219,4.956931368869101,-4.614480810668432,0.9174006912822219,4.956931368869101,246.34944939613342
-3.96608169213925,-0.2930435946951636,5.0,-3.5468959676327088,-0.7084416723109925,4.958632685110949,-0.46214789367996123,-0.0007095683490330655,-0.00034826323155449424,-0.8868025144262135,0.06758671620907947,0.030093277804846625,0.001718068625093138,-8.908066746471377e-05,0.0005863471926659258,-0.0012456717513487092,26484,7000000,0.69,0,2,4,-4.5896440280488395,0.8526699795581826,4.957924239147485,-4.5896440280488395,0.8526699795581826,4.957924239147485,246.77027821540833
-3.901211562810278,-0.26999461971974986,5.0,-3.5584546640625416,-0.7103075407416373,4.958878753919908,-0.46308556776675236,-0.0005390759629092805,-0.00041579773053890837,-0.8863133156144604,-0.04308131455678358,0.0281099148055211,-0.0005644646661186069,-0.0001425822262035581,0.001926408481267572,-0.00995749751382391,26484,378000000,0.82,0,2,4,-4.568123376566504,0.7983946395726512,4.958457982099736,-4.568123376566504,0.7983946395726512,4.958457982099736,247.18737602233887
-3.901211562810278,-0.26999461971974986,5.0,-3.5461779415888155,-0.7447808214288267,4.958219877317619,-0.46497904087303554,-0.0001770536652545018,-0.0005707174684197496,-0.8853214865134375,-0.1457308791617597,0.024321589581461644,-0.00312931166283337,-0.0002323389750813476,0.002343919140912476,-0.012885285559605109,26484,745000000,0.69,0,2,4,-4.566056106793621,0.7759754902365893,4.958485357102391,-4.566056106793621,0.7759754902365893,4.958485357102391,247.59679198265076
-3.844440334754514,-0.23281149144471475,5.0,-3.50805673108006,-0.8164176710893155,4.956360102704154,-0.46743048951391003,0.00027447969686441307,-0.000745881776080745,-0.8840294711117149,-0.22976305799148014,0.018748324970960566,-0.005928012866444312,-0.0003092398941362262,0.0023144950546338805,-0.013142399257048965,26485,110000000,0.44,0,2,4,-4.582324088090644,0.783301046861606,4.958098442917479,-4.582324088090644,0.783301046861606,4.958098442917479,248.06733536720276
-3.798886890464102,-0.18387432439794807,5.0,-3.44442150831879,-0.9234404696542016,4.953165391094523,-0.46996974555772064,0.0007714857453909946,-0.0009160831732404955,-0.8826817115256073,-0.2770843288132212,0.01113961503825749,-0.007957867826689042,-0.0003758173505730156,0.0020199155869704555,-0.010136589116882533,26485,521000000,0.16,0,2,4,-4.617458642873929,0.8199267727196858,4.957129617201783,-4.617458642873929,0.8199267727196858,4.957129617201783,248.59835577011108
-3.767021934800574,-0.12627834785081793,5.0,-3.3922304063547486,-1.00656621389415,4.950541780927517,-0.47125878069039373,0.0010065235030319996,-0.0009147607553717865,-0.8819939408779413,-0.23837031010158186,0.004912193885489155,-0.006980800059168452,-0.000979195806394273,-0.0006544996949742199,-0.004105470316062565,26486,5000000,0.25,0,2,4,-4.671740979966486,0.8889226240961177,4.955280741419325,-4.671740979966486,0.8889226240961177,4.955280741419325,248.99548482894897
-3.750494125694988,-0.06366371562587049,5.0,-3.35794849535704,-1.0590910212101594,4.948907565101446,-0.4714766210756939,0.0008789306058249767,-0.0006550752374244031,-0.8818778793781313,-0.15588908311734037,-0.0006442925603666593,-0.004239796437578308,-0.0012753126384268398,-0.0019250745936005842,0.0009896302344714059,26486,359000000,0.39,0,2,4,-4.711291348771928,0.9431148614924083,4.953657241777768,-4.711291348771928,0.9431148614924083,4.953657241777768,249.36687684059143
-3.75,-1.1943401194869635e-15,5.0,-3.335172666421029,-1.0910142358679127,4.9480193142108675,-0.4710949307650382,0.0006791034259553692,-0.0003236139100891507,-0.882082195886561,-0.07904330021662515,-0.006350485239203797,-0.0015574675587939851,-0.001113383189021988,-0.0018895818811870413,0.0037104731973158778,26486,691000000,0.38,0,2,4,-4.7292517833290395,0.9695343636278319,4.9527387199956365,-4.7292517833290395,0.9695343636278319,4.9527387199956365,249.74835228919983
-3.7652103438835645,0.060663558919057906,5.0,-3.323873834636562,-1.102288068750976,4.947895902648222,-0.4704869408980198,0.0004975589154769693,-4.364481571551929e-05,-0.8824068160291366,-0.016706028003938396,-0.011851361758662464,0.000468657471876871,-0.0008028849777019786,-0.0015895556884970574,0.003860081960738171,26487,29000000,0.31,0,2,4,-4.732184221525064,0.9773740963533076,4.952306665489963,-4.732184221525064,0.9773740963533076,4.952306665489963,250.12757229804993
