x_ref,y_ref,z_ref,x,y,z,eta,e1,e2,e3,u,v,w,p,q,r,sec,nanosec,angle2,angle3,control_mode,std_test,x2,y2,z2,real_x2,real_y2,real_z2,time
0.0,0.0,5.0,0.08601594576529399,0.010319380057326502,4.920112538474274,-0.38361527371243515,0.000177206115061704,-0.00014326264498277678,0.9234929722788043,0.0056712457526599,-0.002940224188952876,0.00031221990741508125,-6.34303870539199e-07,-1.5561351096593512e-06,-0.0003457723011024427,14831,919000000,0.88,0,2,2,-1.361628864269673,-1.4033206655629,4.917453611308457,-1.3398064362333213,-1.3793237266746268,4.917799571687337,8.320808410644531e-05
-0.002291386001864737,0.07066929128722992,5.08972966070103,0.08443974998599055,0.009820577743807487,4.920194601983631,-0.38356716600515156,0.000177390251270742,-0.0001432701907663201,0.9235129545215526,0.005582695779786201,-0.0029125763953113098,0.0003140998639407071,-4.826896604637199e-07,-1.316444997456756e-06,-0.0006774300629786012,14832,201000000,0.88,0,2,2,-1.361628864269673,-1.4033206655629,4.917453611308457,-1.3234199420884982,-1.3620099711400557,4.9180175267225605,0.3416421413421631
-0.009160726391858276,0.14123938972314432,5.179278617806867,0.08278866205798004,0.009316375607839048,4.9203316731368725,-0.3834347993522464,0.00017903201263017293,-0.00015030497813610247,0.9235679184562737,0.005126460207472956,-0.003114921982845468,0.0012273412937151068,-0.00017512760024374074,4.5554503103062416e-05,-0.001217059946156951,14832,458000000,0.88,0,2,2,-1.361628864269673,-1.4033206655629,4.917453611308457,-1.3108690670897367,-1.3485649339745407,4.918141530721251,0.6860880851745605
-0.009160726391858276,0.14123938972314432,5.179278617806867,0.08106202408943929,0.009099483645604667,4.921181004857748,-0.3832604228701855,0.00017916741976931183,-0.00018424552828376245,0.9236402883233212,0.0039305774846960006,-0.004067991965966218,0.004965011247027142,-0.00030210184149837005,0.00013603401214368205,-0.0011782852766373253,14832,740000000,0.87,0,2,2,-1.3030154894364316,-1.3396401649379668,4.918199714103285,-1.3030154894364316,-1.3396401649379668,4.918199714103285,1.0680019855499268
-0.020593580356818464,0.21161144053362013,5.268466531635311,0.080091844210884,0.009788532674098877,4.923069724354413,-0.38312571613686996,0.0001349770517231634,-0.00023391241828975745,0.9236961690408738,-0.013024660647142644,-0.004809263778350186,0.009351714375878246,-5.334801862488803e-05,0.0019469902667879069,-0.001168801679796161,14833,40000000,0.85,0,2,2,-1.3030154894364316,-1.3396401649379668,4.918199714103285,-1.3025419740914077,-1.3377430608594196,4.9186067982525765,1.4022459983825684
-0.03656591995530789,0.28168726406152494,5.357113789597273,0.08653592512953326,0.018076797625516037,4.926076924491422,-0.3829757361566577,-0.000259494600541089,-0.00041162832462842645,0.9237582739764449,-0.06424379859377574,-0.005283794663352649,0.013923755148487538,-0.00036841790915786987,0.00394040803257667,-0.0013547292837756686,14833,311000000,0.83,0,2,2,-1.3074883353695543,-1.341030637806702,4.919938532536624,-1.3074883353695543,-1.341030637806702,4.919938532536624,1.752197504043579
-0.03656591995530789,0.28168726406152494,5.357113789597273,0.10948545118891033,0.04411265350928158,4.932751454100049,-0.38274336378065227,-0.0008486472460112808,-0.0007311152313786337,0.9238540267543576,-0.12369800155046935,-0.006928181223914645,0.023196420253556654,-0.00041496567178000987,0.0032293633466906613,-0.0012577858910844952,14833,572000000,0.8,0,2,2,-1.3074883353695543,-1.341030637806702,4.919938532536624,-1.3163841662311053,-1.3478151498997508,4.922375373070792,2.1997668743133545
-0.05704419012769257,0.3513696907347439,5.445041867912629,0.15217273212617832,0.09178177407105545,4.945657636602267,-0.3826617388540504,-0.0012711767533805493,-0.0010196443460433497,0.9238870807908636,-0.1531578118846137,-0.009045314219646581,0.033777796123138124,-0.0005213099200318538,0.001443504970666254,0.001033381704473868,14833,933000000,0.76,0,2,2,-1.3074883353695543,-1.341030637806702,4.919938532536624,-1.3337561015302473,-1.3615101228680808,4.927707729754892,2.7645740509033203
-0.0819853924892815,0.4205628929340893,5.53207369113335,0.18964202598856422,0.1345788279831161,4.960197125139675,-0.38302845030217897,-0.0013376249378802395,-0.0011618869162528427,0.9237348467159991,-0.13451012580246835,-0.010987266571673331,0.04195876873574458,-0.0006206805039710162,-0.0004840059972366362,0.00370188433862495,14834,371000000,0.74,0,2,2,-1.3074883353695543,-1.341030637806702,4.919938532536624,-1.3603783709124908,-1.3820122723101318,4.938747695641856,3.1861588954925537
-0.1113371926862321,0.4891727127417653,5.618033988749895,0.21098626918998345,0.1606437036819055,4.972971467638819,-0.3836147140127345,-0.0012126410751252278,-0.0012263663034686827,0.9234916224418285,-0.10598328510293284,-0.012663851570631865,0.04850977922850971,-0.0012849568292949698,-0.00035888714933207666,0.005744526333728572,14834,738000000,0.79,0,2,2,-1.3814889020093901,-1.3963307242494236,4.952924420831303,-1.3814889020093901,-1.3963307242494236,4.952924420831303,3.5599422454833984
-0.14503805103201373,0.5571069845630509,5.702749648162685,0.22550609068620406,0.18020001524366594,4.986540797010159,-0.3844101210209643,-0.0011515415059342208,-0.0013701899586541371,0.9231606877398348,-0.08150679325792641,-0.014390717985950239,0.055129792075708686,-0.0014435473985940916,0.00025220479358267767,0.007118160920072114,14835,35000000,0.86,0,2,2,-1.3814889020093901,-1.3963307242494236,4.952924420831303,-1.3893673413212324,-1.398705477515172,4.965758123592543,3.9178121089935303
-0.1830173760811178,0.6242758516287834,5.786050063307847,0.23789336457123156,0.2003296958490168,5.00705899667379,-0.38553870804378804,-0.001144756168308653,-0.0015407838212163451,0.9226896662033546,-0.056418726325607724,-0.01746878462092586,0.06507397346437278,-0.0002615393270843924,0.00020613371702893346,0.006871169671285315,14835,287000000,0.96,0,2,2,-1.3814889020093901,-1.3963307242494236,4.952924420831303,-1.3898468457895659,-1.3937512127908505,4.979376061917845,4.334492444992065
-0.1830173760811178,0.6242758516287834,5.786050063307847,0.24357609560902674,0.21355834364578746,5.026536258878793,-0.38638666155093543,-0.0011414482056581932,-0.0015870207076326243,0.922334823280998,-0.04116709371082458,-0.020288902511936005,0.07362823419321143,-0.0005817279031816724,-6.03783846031547e-05,0.006101439612393733,14835,618000000,1.1,0,2,2,-1.3815496937281426,-1.3775736067542599,4.999931471207423,-1.3815496937281426,-1.3775736067542599,4.999931471207423,4.680479288101196
-0.22519570073643536,0.6905920754040427,5.867767478235116,0.2459811038313948,0.22399906955281723,5.0468194605932615,-0.38706205499071356,-0.001095295377043596,-0.0016303007947592392,0.9220515755822563,-0.03049755352114491,-0.02289448561044974,0.08142376206341098,-0.00030838967575164133,-0.0004902501359538292,0.004808837638847763,14835,907000000,1.2,0,2,2,-1.3815496937281426,-1.3775736067542599,4.999931471207423,-1.3689914568897985,-1.3576460649091333,5.019443565542882,5.067007780075073
-0.27148488042758245,0.7559713369490784,5.947737324945997,0.2461480456990949,0.23443796607504497,5.072432062048641,-0.3875795368836597,-0.0009777600300188167,-0.0015960780714910899,0.921834366417938,-0.021403481646181673,-0.025467121397646862,0.0889436434382037,0.0002772660508298941,-0.001073543774054997,0.002855791035472066,14836,173000000,1.29,0,2,2,-1.3815496937281426,-1.3775736067542599,4.999931471207423,-1.3559896214775757,-1.336922763573135,5.039803804163859,5.465451717376709
-0.32178831283960463,0.8203325293019702,6.0257985548118125,0.24431005611733722,0.24322372341896847,5.0983977906227524,-0.387881227446277,-0.0008392636001694008,-0.001517665919353143,0.9217077333523549,-0.015362938093556867,-0.02816159433418101,0.09624999082864054,-0.0004787645480064384,-0.0011518569749568996,0.0019536325225999462,14836,473000000,1.36,0,2,2,-1.3815496937281426,-1.3775736067542599,4.999931471207423,-1.3442365707425894,-1.3149278884093158,5.066244490374472,5.854223728179932
-0.32178831283960463,0.8203325293019702,6.0257985548118125,0.24032030880901975,0.25268644793359757,5.130685822996244,-0.388132554235768,-0.0006379161133089531,-0.0015477076414583506,0.9216020388467613,-0.010485079166792092,-0.031462689068191864,0.1051057951907867,-0.0011746769473575114,-0.001021332832351618,0.0015660500821468304,14836,751000000,1.41,0,2,2,-1.3815496937281426,-1.3775736067542599,4.999931471207423,-1.339985070123841,-1.2996416767901504,5.0940418545503485,6.237617015838623
-0.3760011786149793,0.8835980399786463,6.101793962904205,0.23468220684359645,0.2619330140051629,5.1656719386264704,-0.3883363135155697,-0.00044871007410327945,-0.001620875268416746,0.9215161848973519,-0.007050336770947199,-0.03437290317801761,0.1125741677526366,-0.0006381653918197117,-0.0008450104644452949,0.0009506593698915822,14837,62000000,1.44,0,2,2,-1.3815496937281426,-1.3775736067542599,4.999931471207423,-1.3324990660252571,-1.2786363112336818,5.127773333524837,6.629659175872803
-0.4340107023969413,0.9456940227146827,6.175570504584947,0.22830065477598416,0.2704868044608188,5.200313730681251,-0.38843257870062864,-0.0002808368729031559,-0.0017346667813108473,0.9214754711145534,-0.004729890534510997,-0.03657492285998773,0.11801584453882474,-0.0027551043103812844,-0.0006178457283567695,0.000653160378760731,14837,396000000,1.47,0,2,2,-1.3201538091206968,-1.2517183573209603,5.163241629780941,-1.3201538091206968,-1.2517183573209603,5.163241629780941,7.007933139801025
-0.4956964335288987,1.006550657604654,6.246979603717467,0.22204200363580243,0.27793953973100477,5.231654433897045,-0.3885155424289809,-8.815841972018891e-05,-0.0020236782732442763,0.9214399439168318,-0.0032482200981610947,-0.03866456630741383,0.12265471144810744,-0.003372494620634825,-0.00035094472821128875,0.0007122573265405663,14837,691000000,1.49,0,2,2,-1.3201538091206968,-1.2517183573209603,5.163241629780941,-1.3050875688850694,-1.2218757887074825,5.198151793730328,7.368136882781982
-0.5609305456733971,1.066102398828617,6.315877451879425,0.21460237530859536,0.28612681074264207,5.266781222223785,-0.3885911562798991,3.637182470039532e-05,-0.0022220018792954493,0.9214076050509838,-0.002165538935063482,-0.0414400583123865,0.12785084629719554,0.0028232229851710144,-0.0005142008092207107,-2.271082979454775e-05,14837,950000000,1.51,0,2,2,-1.3201538091206968,-1.2517183573209603,5.163241629780941,-1.2902167732321261,-1.1932079175880863,5.229710619562559,7.721200942993164
-0.5609305456733971,1.066102398828617,6.315877451879425,0.20696532911939605,0.29418761055797427,5.300742666681233,-0.38851503883322375,-7.4130642523556655e-06,-0.001871304805566163,0.9214404824858684,-0.0016448670419067554,-0.044844532503142985,0.13290324975418674,0.0019160989722877275,-0.0007590767836518353,-0.000905279580365459,14838,219000000,1.54,0,2,2,-1.2731550519652926,-1.1602007359994646,5.265046148332655,-1.2731550519652926,-1.1602007359994646,5.265046148332655,8.050143718719482
-0.6295781545646726,1.1242882091915054,6.3821252979737295,0.19925026578124322,0.30211608370129217,5.333243593315664,-0.38841032700837846,-1.9208368377630534e-05,-0.0016383605354468246,0.9214850694824297,-0.0011786864755689956,-0.04788592186167001,0.13719735087738588,0.00176243790974695,-0.0006269133677960781,-0.0009712434803077485,14838,482000000,1.55,0,2,2,-1.2731550519652926,-1.1602007359994646,5.265046148332655,-1.256907278070854,-1.1280602289711406,5.299142526029084,8.395385265350342
-0.7014976530615584,1.1810517807396756,6.445589727654783,0.1903098703122597,0.3111283064021337,5.369409793810702,-0.38828684632202376,-4.616193117267474e-05,-0.001366512931923948,0.9215375496879006,-0.0008064674765215591,-0.050558960027384706,0.14061340143495865,0.003317793016321957,-0.0006395041452833539,-0.0012953609257237986,14838,729000000,1.55,0,2,2,-1.2427019582260617,-1.0981398377167113,5.331831673942038,-1.2427019582260617,-1.0981398377167113,5.331831673942038,8.756440877914429
-0.7014976530615584,1.1810517807396756,6.445589727654783,0.17690422195754357,0.3244466886900907,5.4209422812431525,-0.3880278928249805,-0.00011604634443605484,-0.0009293610313725097,0.9216471543986477,-0.00029316992474161805,-0.05490562178378402,0.14534706188870333,0.0011115539450656797,-0.0004247420037017946,-0.0013350164635994588,14838,995000000,1.55,0,2,2,-1.229682562978485,-1.066982763811816,5.368528069571843,-1.229682562978485,-1.066982763811816,5.368528069571843,9.224003314971924
-0.7765410626225826,1.2363417407594561,6.506142932007222,0.16573297658950958,0.33718089866346374,5.465165010480622,-0.38779436954369373,-0.0001346890780715146,-0.0007923700235813228,0.9217455619414757,-0.021722419391166127,-0.05773274019623109,0.1494307398047657,0.00040331565855922236,-1.629770798317054e-05,-0.003435135636209452,14839,342000000,1.54,0,2,2,-1.229682562978485,-1.066982763811816,5.368528069571843,-1.221852097139632,-1.032382876249318,5.420959986592846,9.644671201705933
-0.854554400282348,1.2901118425052371,6.56366296493606,0.1634956734372033,0.36173125334816886,5.513831278808142,-0.3871210973306083,-7.644881736583936e-05,-0.0006449551941523797,0.9220286515016338,-0.07381898233080067,-0.060229175159602244,0.15452069146976313,0.0012639114629564574,-0.0014374462807609234,-0.004815832062377012,14839,654000000,1.51,0,2,2,-1.229682562978485,-1.066982763811816,5.368528069571843,-1.2267829103630676,-1.0133604699072436,5.466023727117079,10.04921007156372
-0.9353780601682047,1.34232114004921,6.618033988749895,0.17104367322500114,0.40301095505141,5.573615862757262,-0.38663000262435093,0.00023554634276623534,-0.00042129331437762267,0.9222347901161383,-0.09500627501411399,-0.0640013771570112,0.15898654620402802,-0.00039310693864536006,-0.0016959435242824838,0.0011618614848885045,14839,960000000,1.43,0,2,2,-1.229682562978485,-1.066982763811816,5.368528069571843,-1.2422849024944025,-1.0015154483107878,5.515411274844721,10.518942832946777
-1.0188472085586238,1.392934146691272,6.669146507442605,0.1758586338041033,0.4320339302878039,5.615175574116158,-0.3870270766486477,0.00041768149214781966,-0.00043427305958483625,0.9220681530613029,-0.08619236029113746,-0.06623309714552451,0.1602258618601652,-0.0018633656623023853,-0.0004198837274316247,0.007658005552002578,14840,340000000,1.37,0,2,2,-1.229682562978485,-1.066982763811816,5.368528069571843,-1.2711100420236974,-0.9953303644924759,5.575778896160666,10.873283386230469
-1.1047921914498087,1.4419209764156529,6.716897587203732,0.1770124605591097,0.458129658030512,5.656845960757186,-0.38850798959482524,0.0004372830180222548,-0.0007182223530300738,0.9214449712062033,-0.06432884757699538,-0.0682455840944362,0.1600527389682007,-0.0036199605574438465,0.0019684608560055494,0.01659386107348837,14840,608000000,1.44,0,2,2,-1.229682562978485,-1.066982763811816,5.368528069571843,-1.2957972573409027,-0.9942778733083105,5.618226887827125,11.245227575302124
-1.1047921914498087,1.4419209764156529,6.716897587203732,0.17342181969100784,0.48223223744827964,5.701592909937623,-0.39109224991852914,0.00023173544080924246,-0.0013432718802402113,0.9203504734463952,-0.0429144486259766,-0.070713247260665,0.15930561409345162,-0.004136903498874744,0.0037623653042828664,0.02196642253693426,14840,873000000,1.65,0,2,2,-1.229682562978485,-1.066982763811816,5.368528069571843,-1.3227772153896502,-0.9940937459914096,5.661567895463118,11.624598979949951
-1.1930389535650132,1.4892574679304111,6.761191063713476,0.16614165717248192,0.5014757094409602,5.742988563400701,-0.39375978169791714,-4.396771697244865e-05,-0.0019768763973887055,0.9192112512060314,-0.026949597882475196,-0.07292610493974475,0.15844190689375565,-0.0032953725622064667,0.003626934176281793,0.021116011885169428,14841,139000000,2.02,0,2,2,-1.229682562978485,-1.066982763811816,5.368528069571843,-1.3509752686354564,-0.9919539891949375,5.708706053717312,12.002996921539307
-1.2834094677117545,1.5349252908769102,6.801937735804838,0.15592528875778364,0.5183414556167325,5.784077204816225,-0.39606371556050063,-0.00024642191401603075,-0.002541357208976554,0.9182194802966157,-0.014727284378099097,-0.07461454650539634,0.157047728418199,-0.005219060130912112,0.002715255527618865,0.017665782797848806,14841,414000000,2.4,0,2,2,-1.229682562978485,-1.066982763811816,5.368528069571843,-1.3716695365732299,-0.9838280836329456,5.752253178767163,12.381652355194092
-1.3757221733659124,1.5789120338486013,6.839055545102902,0.14231958110147241,0.5344672216192999,5.827977882212387,-0.39813510722190737,-0.00024387238198878372,-0.0033219212697163823,0.9173207409421958,-0.004393029326205644,-0.07671952220482808,0.1557851547186765,-0.005840649646415841,0.0018009976088251278,0.014591471517633181,14841,676000000,2.74,0,2,2,-1.229682562978485,-1.066982763811816,5.368528069571843,-1.3853909750175675,-0.9682579316011186,5.795203654534066,12.758103847503662
-1.3757221733659124,1.5789120338486013,6.839055545102902,0.12767384094095566,0.548048824875396,5.868476911940681,-0.3997331271384457,-0.0001398937347808157,-0.004036972138306715,0.9166226651975264,0.0031527551863856237,-0.07902925059741614,0.15474004563998403,-0.005528367682927637,0.0012454647958293208,0.012373265235510189,14841,950000000,3.06,0,2,2,-1.229682562978485,-1.066982763811816,5.368528069571843,-1.3937683204792082,-0.9443262963190256,5.840773633049971,13.124505281448364
-1.4697924233383954,1.6212112739117432,6.872469741279474,0.11133859580790555,0.5607103427299703,5.908706991841901,-0.4010948859909828,1.0526157359033207e-06,-0.004678390083779646,0.9160245657715715,0.009034727601746194,-0.08150310073921505,0.15336617863797858,-0.004606486754710204,0.0007541180195858033,0.010157277938560583,14842,207000000,3.32,0,2,2,-1.229682562978485,-1.066982763811816,5.368528069571843,-1.397335771365243,-0.9169031163567463,5.882534615297187,13.501790046691895
-1.5654329373598825,1.6618226273749341,6.902113032590307,0.09514083399736986,0.5717869466958176,5.945447356039237,-0.40207927931905624,0.00015859129148770032,-0.005183536897978267,0.9155901697464306,0.01308558284091937,-0.08303255864295304,0.1514974193186311,-0.00577840310143074,0.00042170523784079705,0.008386052286368795,14842,474000000,3.57,0,2,2,-1.229682562978485,-1.066982763811816,5.368528069571843,-1.3983258949015125,-0.8858064987787606,5.923839473924362,13.879941940307617
-1.6624542614021296,1.7007517816093567,6.9279257213917065,0.07657622003940338,0.5832516479007185,5.984770414604551,-0.40307823435633405,0.00042253506046642086,-0.005903597860842035,0.9151463850032958,0.016997467751026812,-0.08498896150712984,0.14945893002137128,-0.006602931216548313,0.0004293956465062365,0.008377470294362865,14842,701000000,3.78,0,2,2,-1.229682562978485,-1.066982763811816,5.368528069571843,-1.3977620014395644,-0.8548101997909096,5.9614408875522935,14.236736536026001
-1.6624542614021296,1.7007517816093567,6.9279257213917065,0.056976352606386574,0.594321273397982,6.023605780309982,-0.40407244114992846,0.0006899491474522609,-0.006643030959821527,0.9147026054477915,0.020405191419686157,-0.0873033055083938,0.14744634109642313,-0.006008088257658528,0.0005190367176055588,0.008479797088511987,14842,971000000,4.0,0,2,2,-1.229682562978485,-1.066982763811816,5.368528069571843,-1.396227977520765,-0.8194800704530188,6.0015447483663795,14.584327697753906
-1.760665231540428,1.7380105077773131,6.949855824363647,0.034727618653425496,0.6059255635426444,6.064862923705949,-0.405170660312561,0.0009255777983895566,-0.007352823526900573,0.9142110343426207,0.02359601381852288,-0.08972723556685323,0.1450031632022169,-0.0047642376557632815,0.0005588903206898976,0.008259131664090091,14843,233000000,4.23,0,2,2,-1.229682562978485,-1.066982763811816,5.368528069571843,-1.394461550235,-0.7828724325229706,6.041023570753676,14.940332889556885
-1.8598734411511666,1.77361665438275,6.967859177197259,0.00987381566627046,0.6180476617506256,6.108248395809661,-0.40626839512183544,0.0011555395897479043,-0.00804340009895975,0.9137176585621144,0.026324881216912843,-0.09171324120323618,0.14179732873158607,-0.005861372301296797,0.000547052297861228,0.008559179968870012,14843,508000000,4.51,0,2,2,-1.3943325890641838,-0.743826796941669,6.083060761439181,-1.3943325890641838,-0.743826796941669,6.083060761439181,15.315552711486816
-1.8598734411511666,1.77361665438275,6.967859177197259,-0.012003654400263769,0.6288239146244428,6.1451102898751815,-0.4072865142902803,0.0013961201442477663,-0.00875203134825605,0.9132574380058972,0.012173915428952417,-0.09291477870754679,0.13942975179335637,-0.006889756969030714,0.000711237527184494,0.00641105316390167,14843,798000000,4.81,0,2,2,-1.3943325890641838,-0.743826796941669,6.083060761439181,-1.4003420932214299,-0.706389386846613,6.12786747662571,15.67475414276123
-1.9598857102310134,1.8075941216139089,6.981899523535869,-0.027970808828862093,0.6488434045137005,6.184454099554845,-0.40778635231282173,0.0017476168499729302,-0.009564569574647873,0.9130256051785188,-0.04076422495738121,-0.09250978622889142,0.13824043171521636,-0.0061429530433088075,-0.0007123959619548259,0.002507003273422015,14844,74000000,5.09,0,2,2,-1.3943325890641838,-0.743826796941669,6.083060761439181,-1.4150112967611854,-0.6820629744589378,6.166598121371892,16.038387298583984
-2.060508555620081,1.8399728165048486,6.991948587990478,-0.03423125082326326,0.6741339133991203,6.218023472453834,-0.4079769487457626,0.002062905472410602,-0.009781815820085782,0.9129374950084869,-0.07985432295484536,-0.0931395683683381,0.13765063504008507,0.015457559766218765,-0.0030794766416875063,-0.0015930515360196296,14844,350000000,5.31,0,2,2,-1.4398728441835613,-0.6635179028253309,6.208081503157242,-1.4398728441835613,-0.6635179028253309,6.208081503157242,16.41040539741516
-2.161548660910534,1.8707885889991491,6.997986133082629,-0.03442533942286553,0.7245916958028358,6.26827153324843,-0.40682977996441566,0.0016444885861646216,-0.006674861440181047,0.9134781179733586,-0.12426418269494062,-0.09889321270777704,0.13662058430707788,0.014793581794947386,-0.005027228553444729,-0.00440436897406471,14844,585000000,5.46,0,2,2,-1.4674224334395365,-0.6525297006134437,6.243563259090326,-1.4674224334395365,-0.6525297006134437,6.243563259090326,16.876609325408936
-2.161548660910534,1.8707885889991491,6.997986133082629,-0.028057528043305455,0.7916265085355995,6.322563980553057,-0.4073102011747369,0.0011754132015853716,-0.003593363487313795,0.9132820518118423,-0.1326374345353545,-0.10504844911519062,0.13176482011370702,0.015563288798148278,-0.0025442503101658076,0.01301337470067665,14844,946000000,5.43,0,2,2,-1.4674224334395365,-0.6525297006134437,6.243563259090326,-1.5172303452799056,-0.6420257472940301,6.296671466419055,17.3929545879364
-2.262813344824469,1.90008314905552,7.0,-0.027109498598901164,0.8407388222646781,6.361592264641991,-0.4098367238025735,0.0005641803721620171,-0.0016203155489237942,0.9121572869307149,-0.10921457333363938,-0.10968319867781659,0.12691838164033958,0.012254312969162129,-0.0008100661261778441,0.02701294179132674,14845,340000000,5.55,0,2,2,-1.4674224334395365,-0.6525297006134437,6.243563259090326,-1.5795599348144402,-0.634751520531874,6.354162824339373,17.799672842025757
-2.364111026850532,1.9279039649910998,6.997986133082629,-0.03378648282619288,0.8803702347220799,6.39643057864831,-0.4140143713458758,-1.0367577861475499e-05,-0.00036379404638556354,0.9102702718783494,-0.073435336746075,-0.11345737015531365,0.12142604709876345,0.006005537443343201,0.0009982087590287847,0.03732573823072016,14845,650000000,5.89,0,2,2,-1.4674224334395365,-0.6525297006134437,6.243563259090326,-1.6249005995664656,-0.6270478184491,6.395704847711186,18.16039228439331
-2.4652516889375873,1.9543041433138177,6.991948587990478,-0.04787136390354633,0.913431346837148,6.429556309149877,-0.41904591459125673,-0.0004938615631367724,0.00010482660653951602,0.9079649038242151,-0.04211102037263492,-0.11691178696334208,0.11529386138973274,0.0021313251409083023,0.0020722713315990404,0.03914878143405076,14845,923000000,6.43,0,2,2,-1.4674224334395365,-0.6525297006134437,6.243563259090326,-1.6598366487687284,-0.6125652071484565,6.4324755471304265,18.52863836288452
-2.566047332055854,1.9793422903500921,6.981899523535869,-0.06651437279467758,0.9391792065964156,6.458752058823468,-0.42343235305543725,-0.0008249407234739443,0.00014508199437578438,0.9059273374890245,-0.018734404027216427,-0.12017648438810383,0.10961849508358272,-0.00023955552421739412,0.002058329391729785,0.03352162166265771,14846,199000000,7.08,0,2,2,-1.4674224334395365,-0.6525297006134437,6.243563259090326,-1.6872264986954895,-0.5906945070828172,6.467008355065554,18.892830848693848
-2.666312426451162,2.0030823560282602,6.967859177197259,-0.08951694281535726,0.9611072840510971,6.48647373826998,-0.426874201945593,-0.0010056220884811532,-4.773469401985755e-05,0.9043104567342607,-8.276920519392192e-06,-0.12342625009679078,0.10399683434933278,-0.0022894732410350116,0.0015257648556143977,0.024486131042067427,14846,467000000,7.67,0,2,2,-1.4674224334395365,-0.6525297006134437,6.243563259090326,-1.7074959081128507,-0.5650653012726121,6.4971552155327785,19.263533115386963
-2.666312426451162,2.0030823560282602,6.967859177197259,-0.11819926671972406,0.9814414355238286,6.514683700617438,-0.42932999263300486,-0.0009956707961140054,-0.00044102204232815715,0.903147037621764,0.015739596790600698,-0.12694267425425582,0.0977892559420733,-0.003449052792348084,0.00079195355056072,0.014551131062034983,14846,729000000,8.14,0,2,2,-1.4674224334395365,-0.6525297006134437,6.243563259090326,-1.7242372847500738,-0.5355311477933377,6.5255154887722515,19.633335828781128
-2.765864354436398,2.025593460231259,6.949855824363647,-0.14777932897901877,0.9980133583269702,6.539329005163715,-0.43060642983481046,-0.0008771252909047106,-0.0008679136580760644,0.9025389631268139,0.02727604542589056,-0.12978814711010794,0.09204532931554603,-0.0037901551877439488,0.00033351853403473797,0.00699987858752138,14847,10000000,8.5,0,2,2,-1.4674224334395365,-0.6525297006134437,6.243563259090326,-1.7396339400393002,-0.5005450782273984,6.554089334793435,19.99537420272827
-2.8645238445856744,2.046949702184108,6.9279257213917065,-0.18198538011695373,1.0139101398560237,6.56425941554882,-0.43099937154012563,-0.0006486705962869073,-0.0013810740030911707,0.9023509370489244,0.036909776188761505,-0.13174617062897973,0.0859661075795542,-0.005331053989721113,3.210477359516517e-05,0.00013388754496190813,14847,272000000,8.71,0,2,2,-1.4674224334395365,-0.6525297006134437,6.243563259090326,-1.7522247145514882,-0.46600737193874764,6.578869373409935,20.373356342315674
-2.9621153962212468,2.067229953392476,6.902113032590307,-0.21545611127563258,1.0272613869579412,6.585895156829293,-0.430792161774142,-0.0003647416786630571,-0.001990380415425063,0.9024489008820784,0.04423349660143284,-0.133459949654824,0.0800348740182574,-0.0057125394050672185,4.335386982745604e-05,-0.003577573966140335,14847,542000000,8.82,0,2,2,-1.7648617264335897,-0.427361560428574,6.603686712500635,-1.7648617264335897,-0.427361560428574,6.603686712500635,20.74686574935913
-2.9621153962212468,2.067229953392476,6.902113032590307,-0.25310760762850676,1.0404473285354923,6.6074338486683,-0.4301349533588627,-4.090134190533161e-05,-0.002685101175208538,0.9027606052867658,0.051052762157130796,-0.13536971478978418,0.0730777138575536,-0.005811634355268325,4.040328924759251e-05,-0.006627610400755657,14847,809000000,8.86,0,2,2,-1.7648617264335897,-0.427361560428574,6.603686712500635,-1.776323943178,-0.3906106637052538,6.624997394191414,21.121854066848755
-3.0584676931106722,2.086517634697958,6.872469741279474,-0.2893748839708387,1.0518109014222665,6.62571084541904,-0.42923277331538534,0.00025628457378044467,-0.003326012789966331,0.9031877425370214,0.056288906209719644,-0.13677090424799784,0.06656112972058012,-0.005418358887254726,-6.085913106801399e-06,-0.008829262242215918,14848,82000000,8.87,0,2,2,-1.7888363781793148,-0.35054561163263126,6.646056344279479,-1.7888363781793148,-0.35054561163263126,6.646056344279479,21.504239320755005
-3.153414005322026,2.1049004780634597,6.839055545102902,-0.33527159840251913,1.0649321346112033,6.646018221728183,-0.4275566739208949,0.0003665463248257899,-0.0034509256670051903,0.903981884410044,0.060924771605583974,-0.13877532212073837,0.05904706495106691,0.007594205408167909,-0.001270097391170566,-0.018155497855332214,14848,356000000,8.83,0,2,2,-1.7888363781793148,-0.35054561163263126,6.646056344279479,-1.8006799687679487,-0.31312793064328165,6.663939343638955,21.9167423248291
-3.2467925782181,2.1224702737481547,6.801937735804838,-0.3851535410611016,1.0794408582353594,6.6649950777879345,-0.42374145584645895,0.0001297535954609243,-0.00223319314022644,0.9057804229555451,0.055065078869447184,-0.1419661552481139,0.0514453743524053,0.006871298410260351,-0.0021939724774711067,-0.031666862923884764,14848,658000000,8.73,0,2,2,-1.7888363781793148,-0.35054561163263126,6.646056344279479,-1.8158500841807805,-0.2670573543912257,6.68371457800838,22.37426495552063
-3.2467925782181,2.1224702737481547,6.801937735804838,-0.4242324182340415,1.095087357382763,6.6786466433413905,-0.4193111102785705,6.192338713002451e-05,-0.0014214329942803497,0.9078414886370247,0.03417179567010713,-0.14352893611488954,0.045402290943350326,0.0033628156188569847,-0.0014252884852794523,-0.03852043373626657,14849,7000000,8.36,0,2,2,-1.8340479624810577,-0.21923982632255337,6.702005577135451,-1.8340479624810577,-0.21923982632255337,6.702005577135451,22.757652759552002
-3.3384470076063275,2.139322603575742,6.761191063713476,-0.45530296444140844,1.1162742731712012,6.6897737886022925,-0.4145054021257828,6.974063634760199e-06,-0.0010504271597874567,0.9100462450681766,-0.0014776282771149184,-0.1436712943028231,0.03968677150213331,0.00225244730245322,-0.00013307932249517762,-0.041147983210976236,14849,292000000,7.86,0,2,2,-1.8340479624810577,-0.21923982632255337,6.702005577135451,-1.855092218546501,-0.18458647067904915,6.715180939174746,23.129987001419067
-3.4282266000996273,2.155556561042014,6.716897587203732,-0.4810984163120327,1.1474525758007643,6.700007807512588,-0.40942786377044865,-0.00016389721808234692,-0.000846010240074777,0.9123420859374745,-0.0410070080718685,-0.14252641880096154,0.03307982857316026,0.001656626227486413,0.0007386234472051001,-0.037029021405032836,14849,556000000,7.28,0,2,2,-1.8340479624810577,-0.21923982632255337,6.702005577135451,-1.8840975864873848,-0.16054508617660335,6.72631686846793,23.481886386871338
-3.5159867177842017,2.1712744590479565,6.669146507442605,-0.5000704181677474,1.1861783673369497,6.708375286124506,-0.40519152668720115,-0.00032016671522192057,-0.0007562581692208731,0.9142314544292113,-0.07169523124344403,-0.14362202178984168,0.02633462653171001,-0.00015037205827184152,0.0007837699627089023,-0.02671440288395388,14849,837000000,6.74,0,2,2,-1.928340085142572,-0.14188250792419133,6.737875716054125,-1.928340085142572,-0.14188250792419133,6.737875716054125,23.82190489768982
-3.5159867177842017,2.1712744590479565,6.669146507442605,-0.5149317702503845,1.2342793145731417,6.715159921316426,-0.4026748172447831,-0.0004028086866619412,-0.0008732522995818334,0.9153425952792014,-0.09631009713151513,-0.14524601515080773,0.018148337190860394,-0.0009430594957393623,0.0007868808097555302,-0.00826358918857295,14850,105000000,6.12,0,2,2,-1.928340085142572,-0.14188250792419133,6.737875716054125,-1.9745204887909988,-0.1319947973001095,6.74670443892027,24.215365648269653
-3.601589106333697,2.1865815260826293,6.618033988749895,-0.5251180863455682,1.2833511566761564,6.719157600202849,-0.40264209238971865,-0.0004206310519523494,-0.001085292086424067,0.9153567559408924,-0.10695051818017591,-0.14536940426186487,0.010199721255570286,-0.0022328755676426226,0.0005261457374672318,0.010294274579791818,14850,412000000,5.78,0,2,2,-2.0292212175760995,-0.12147167681217425,6.755022891100189,-2.0292212175760995,-0.12147167681217425,6.755022891100189,24.58268904685974
-3.6849022057545957,2.201585591715769,6.56366296493606,-0.5360030272456101,1.3318192172464174,6.721146961010474,-0.40523257620075404,-0.00031148856698065054,-0.0013618944983723464,0.9142125613903738,-0.08912509373026997,-0.14574996930747,0.003364873982368566,-0.0017681729673313384,-0.0012746711263389443,0.03076056636928115,14850,693000000,5.73,0,2,2,-2.0748931450795856,-0.10689023263631074,6.760380051668504,-2.0748931450795856,-0.10689023263631074,6.760380051668504,24.934255123138428
-3.7658014429954756,2.2163967622933605,6.506142932007222,-0.5538671541913636,1.3733142950529194,6.72126704119495,-0.4101568176693019,0.00011326613309610987,-0.0014508955787556773,0.9120138524124474,-0.048616914121538124,-0.14724282544039413,-0.0033340649442309732,-0.0019381549009267474,-0.003158975982842094,0.04325657500885427,14850,975000000,5.99,0,2,2,-2.0748931450795856,-0.10689023263631074,6.760380051668504,-2.1147371847159873,-0.08724020426094456,6.763220991199176,25.297513723373413
-3.7658014429954756,2.2163967622933605,6.506142932007222,-0.5774426453182377,1.404835870541543,6.7196344579678735,-0.41545629518403765,0.0006191449935038546,-0.0015071111123467224,0.9096116820201494,-0.016518839425012716,-0.148997882082034,-0.010059023069256852,-0.0021438563635456376,-0.0033398786627003574,0.043752559213317,14851,251000000,6.54,0,2,2,-2.0748931450795856,-0.10689023263631074,6.760380051668504,-2.1499075321805763,-0.06346055300151122,6.7634582852091105,25.653714895248413
-3.8441695057023733,2.23112708776023,6.445589727654783,-0.6090927771348752,1.4325013673275488,6.715847153966174,-0.4205431562334816,0.0011768248564108,-0.0016256294825677724,0.9072703159242146,0.011310183501021571,-0.1509935909797813,-0.017599308452149798,-0.0033895845263032243,-0.0028860831662314013,0.033057574182748795,14851,516000000,7.24,0,2,2,-2.181587847372643,-0.03661966418208839,6.761182766729708,-2.181587847372643,-0.03661966418208839,6.761182766729708,26.00327706336975
-3.9198965964540973,2.245890220561861,6.3821252979737295,-0.6430507025437513,1.4534273727187428,6.710612400755556,-0.42358868025822427,0.0016662235241019611,-0.0018785084830934972,0.9058511604353898,0.03202733592565429,-0.15235981510767288,-0.02392971161408407,-0.0037719585407103295,-0.0022232505443753325,0.01902857457025675,14851,797000000,7.85,0,2,2,-2.181587847372643,-0.03661966418208839,6.761182766729708,-2.2105995253682202,-0.0075602724755101745,6.756631466338127,26.356055974960327
-3.992880666864581,2.2608010676031918,6.315877451879425,-0.6805237744246493,1.4706863766710776,6.703683509011534,-0.4249994726335452,0.002105107910318872,-0.0022078308168693287,0.905188456767417,0.049014381904802964,-0.15377303196371553,-0.031039023551047734,-0.003973048387706513,-0.0016989975051728834,0.004109216024517082,14852,44000000,8.14,0,2,2,-2.234022187518252,0.018613992099685037,6.750879014521675,-2.234022187518252,0.018613992099685037,6.750879014521675,26.715497493743896
-3.992880666864581,2.2608010676031918,6.315877451879425,-0.7240546203039298,1.4860593563052846,6.6941140482426285,-0.4245233350536397,0.00251674282859415,-0.0025993108435572432,0.9054097677756787,0.06396053817752284,-0.1551239414364557,-0.03936721815781975,-0.0035931897627961007,-0.00125881115309312,-0.010453276172484038,14852,308000000,8.31,0,2,2,-2.258430944791554,0.047858592479859186,6.742623632158136,-2.258430944791554,0.047858592479859186,6.742623632158136,27.07669711112976
-4.063027630994201,2.2759754362648694,6.246979603717467,-0.7635147590578655,1.4972089282845884,6.684078765525625,-0.42292585339764494,0.0028177745347979354,-0.0029370945577516057,0.906155150153716,0.07441398824868625,-0.1559983518607497,-0.04638913179860998,-0.00428064604420797,-0.001046228248924308,-0.018485211148799863,14852,587000000,8.26,0,2,2,-2.258430944791554,0.047858592479859186,6.742623632158136,-2.28399686394872,0.08003594775618603,6.731436130613989,27.43354105949402
-4.1302515575682675,2.2915296754973697,6.175570504584947,-0.8148671675351415,1.5090725158090508,6.669409625138233,-0.41975692149880417,0.00320995100950991,-0.0034724393155016586,0.9076242423126233,0.08491463378357664,-0.1557954147619905,-0.05439214371792778,-0.004531077638603165,-0.0008376297557788348,-0.027789769774244633,14852,830000000,8.06,0,2,2,-2.258430944791554,0.047858592479859186,6.742623632158136,-2.3054333137514718,0.1079192032301559,6.720220273879561,27.8135404586792
-4.1302515575682675,2.2915296754973697,6.175570504584947,-0.8751352021979144,1.520393085374802,6.649884911339981,-0.4149268988517226,0.0036002785833832715,-0.004068403938797711,0.9098385322093173,0.09455888906319078,-0.1554623428512728,-0.06392204508580815,-0.003688283186420449,-0.0007061207782044221,-0.03403524824534543,14853,125000000,7.68,0,2,2,-2.331949997930701,0.14293040551903954,6.704008509609665,-2.331949997930701,0.14293040551903954,6.704008509609665,28.25836491584778
-4.19447484055845,2.307580313030434,6.101793962904205,-0.9392975926729047,1.5322754073871296,6.625808531596217,-0.40870785401257154,0.0037418416514410093,-0.004537421398177964,0.9126463173083805,0.07724906752425659,-0.1534023189304034,-0.07351371845721193,-0.0012986743172405113,0.002544342942201183,-0.04530865444394294,14853,472000000,7.09,0,2,2,-2.331949997930701,0.14293040551903954,6.704008509609665,-2.3618805631885413,0.1825419261718581,6.682715006742716,28.73787832260132
-4.255628347741508,2.3242436897493723,6.0257985548118125,-0.9822282719753462,1.548624539020862,6.6047558597258655,-0.4024795225611005,0.0033029510600532173,-0.004947941251501755,0.9154096581917055,0.04081158545659314,-0.15097827090024724,-0.08078308010343617,-0.0014158765111460525,0.005221879655437078,-0.05217208818066865,14853,823000000,6.32,0,2,2,-2.3935789333626625,0.22417471484061943,6.657157980655217,-2.3935789333626625,0.22417471484061943,6.657157980655217,29.11979341506958
-4.313651546909344,2.3416355923008934,5.947737324945997,-1.0149189225881345,1.571208795188946,6.583229897531307,-0.3961057272808993,0.0026271329254774875,-0.005462627497796451,0.9181849000548211,0.005803289557784095,-0.14962759894895525,-0.08820406609726603,-0.0016078390217444394,0.006251257082112716,-0.051353254821151495,14854,102000000,5.54,0,2,2,-2.3935789333626625,0.22417471484061943,6.657157980655217,-2.4184390418587998,0.25626865557703477,6.6349662279563955,29.490084886550903
-4.368492609464751,2.3598708849992414,5.867767478235116,-1.043337819434528,1.6023308172276582,6.557886347081358,-0.3901185124536894,0.00193880713281969,-0.006079830613435198,0.9207425388932209,-0.023782936820763483,-0.14892730740837307,-0.09661209839644305,-0.00352949398347846,0.005466202674142551,-0.04010828197351657,14854,368000000,4.73,0,2,2,-2.4419731003178735,0.2856686867695986,6.612447988434794,-2.4419731003178735,0.2856686867695986,6.612447988434794,29.863673448562622
-4.368492609464751,2.3598708849992414,5.867767478235116,-1.0663249056282855,1.6390695666590238,6.5300724427161025,-0.3858105332086614,0.0014693721004823551,-0.006797110156579201,0.9225518265682411,-0.04689335034320107,-0.149242489060579,-0.10581454149500406,-0.0033291414410996367,0.004018616527901031,-0.02468866550771054,14854,646000000,3.97,0,2,2,-2.4419731003178735,0.2856686867695986,6.612447988434794,-2.475485582715172,0.3102850087612542,6.586331302227147,30.208729028701782
-4.420108491198272,2.379063142108453,5.786050063307847,-1.0862386998694824,1.6832297364634827,6.497581492714652,-0.38360059584119566,0.001213172368633423,-0.007487089417063792,0.9234679499447418,-0.06653355976990334,-0.14928456505400442,-0.1148772778322584,-0.004421348785399459,0.0024107807121254154,-0.007174298343670671,14854,923000000,3.43,0,2,2,-2.4419731003178735,0.2856686867695986,6.612447988434794,-2.5200001178799294,0.32541225732585005,6.558303982889302,30.576101541519165
-4.468464990103014,2.399324281578565,5.702749648162685,-1.1024075019795578,1.7312669531855602,6.462616111300831,-0.38354119936160286,0.0011936249945008223,-0.008188656910860428,0.9234866915931337,-0.08213408406612761,-0.14979809796502072,-0.1235509561969244,-0.004358380738267442,0.0014021981655787386,0.006788309610783472,14855,217000000,3.13,0,2,2,-2.5777586909017627,0.3331270507283765,6.525905856186816,-2.5777586909017627,0.3331270507283765,6.525905856186816,31.002180099487305
-4.513536781146049,2.4207642013125206,5.618033988749895,-1.1157114142267286,1.7783694509915724,6.427673785341778,-0.38520871940179646,0.0013527907086881958,-0.008752472657247176,0.9227869779513093,-0.07589520231703663,-0.14997974524181648,-0.13038071294954243,-0.0039138472402555635,-0.002421586191303504,0.023657163183088414,14855,529000000,3.08,0,2,2,-2.5777586909017627,0.3331270507283765,6.525905856186816,-2.641416911430608,0.3358955021982097,6.4911473083793885,31.38455557823181
-4.555307427976892,2.443490419036353,5.53207369113335,-1.1321177469426174,1.8135903898117753,6.396752465763928,-0.38875246806121566,0.002149458191747233,-0.008932475945804366,0.9212964285610102,-0.03890710150853872,-0.14868339635129266,-0.13299422479791775,-0.005504342607309809,-0.007116377355487202,0.037391489240690134,14855,803000000,3.23,0,2,2,-2.5777586909017627,0.3331270507283765,6.525905856186816,-2.7011325419559755,0.33820837481099747,6.456769384918318,31.77657389640808
-4.555307427976892,2.443490419036353,5.53207369113335,-1.1588031678078141,1.8465815857682315,6.359803444008822,-0.3939214816739601,0.0035296506632196663,-0.009113417886346214,0.9190921354556442,-0.0009175743778113172,-0.14738494648340256,-0.13666790333896578,-0.003987958825746318,-0.008736885502003133,0.04106241940462496,14856,51000000,3.59,0,2,2,-2.7483425237301367,0.3431753698067659,6.426486360965878,-2.7483425237301367,0.3431753698067659,6.426486360965878,32.156991958618164
-4.593769371615339,2.4676077168380504,5.445041867912629,-1.19229690919586,1.8722246470238688,6.3218005995455675,-0.39897624731503395,0.004898296825801616,-0.009101825831550676,0.9169030033395851,0.02920377625286207,-0.14692779969233719,-0.14045283363224886,-0.0040209477447206154,-0.007991346046765102,0.03400526111363433,14856,325000000,4.14,0,2,2,-2.7483425237301367,0.3431753698067659,6.426486360965878,-2.797546702270208,0.3532972253082783,6.3905041870119,32.53490209579468
-4.62892389622261,2.4932177914302063,5.357113789597274,-1.2311622348419433,1.8919057252456015,6.2829108696011255,-0.40241983633163425,0.006073986708725681,-0.009211789291851367,0.9153887288744194,0.05341796191000401,-0.1464529182725368,-0.14404624474984842,-0.005034938021708513,-0.0058879512380372034,0.01759705028234748,14856,600000000,4.71,0,2,2,-2.7483425237301367,0.3431753698067659,6.426486360965878,-2.84140501566113,0.36742944522465587,6.353622671771375,32.898107290267944
-4.660781072120873,2.520418911178268,5.268466531635311,-1.267857297912628,1.9049161065570088,6.248726714462902,-0.40356766135863587,0.006850850151234551,-0.009440286900336305,0.9148754502887078,0.0704103341787899,-0.1460448949318641,-0.14793320314952513,-0.002875782092814916,-0.004267427493687137,0.0038382509956136346,14856,880000000,5.09,0,2,2,-2.7483425237301367,0.3431753698067659,6.426486360965878,-2.881132621831127,0.38479566470978965,6.31552661175648,33.25964903831482
-4.660781072120873,2.520418911178268,5.268466531635311,-1.3138140703841397,1.916666959428629,6.207632783255027,-0.4030903469352936,0.007409629076011615,-0.009502834352697213,0.9150808520255496,0.08610045108060142,-0.14612243275823072,-0.15326648440779214,-0.0002236091575014143,-0.002885880144276598,-0.010416380609967746,14857,131000000,5.22,0,2,2,-2.912665101105568,0.40177320755930757,6.2816989552309215,-2.912665101105568,0.40177320755930757,6.2816989552309215,33.63098192214966
-4.689359676286962,2.549305580919973,5.179278617806867,-1.362435042564253,1.9257358570451206,6.165061030139689,-0.40108697606661914,0.00773320551633857,-0.009439323953542744,0.9159586968447198,0.09825246516162334,-0.14604660122506724,-0.15836541233415324,-0.0010728111078606162,-0.0020396345917106373,-0.020406853036547545,14857,409000000,5.15,0,2,2,-2.912665101105568,0.40177320755930757,6.2816989552309215,-2.9472041013980697,0.42354143452217297,6.2407563300952225,33.994977712631226
-4.7146870906059775,2.57996821558224,5.08972966070103,-1.409323059984807,1.9323163224005648,6.124495046868813,-0.3982126048805037,0.007989427228068443,-0.009567643649771355,0.917208455347988,0.10722759564422864,-0.14506888842726756,-0.1621046643895892,-0.0035763311188929947,-0.0011803180996139417,-0.02816574397002114,14857,680000000,4.89,0,2,2,-2.9798150005457082,0.4470107353611901,6.198098842560821,-2.9798150005457082,0.4470107353611901,6.198098842560821,34.36675024032593
-4.736799178229539,2.612492823579744,5.0,-1.457387067263007,1.9374826982307818,6.082906251330971,-0.39441831160195373,0.008190768002120326,-0.009907720053260488,0.9188410873899497,0.11451080633580717,-0.1435189792519313,-0.16648687666553538,-0.001098836821711302,-0.00045382221003364975,-0.03444401409069542,14857,942000000,4.53,0,2,2,-2.9798150005457082,0.4470107353611901,6.198098842560821,-3.008629189575911,0.469966683608798,6.157194576804813,34.72687745094299
-4.736799178229539,2.612492823579744,5.0,-1.5063669091858634,1.9416348230034737,6.040141044412466,-0.3900718077974408,0.008238701808298027,-0.010073503366864512,0.9206924747623757,0.12040135024049418,-0.14220366266242598,-0.1712964550850026,-0.0019805091369562433,-4.652560932072447e-05,-0.03833138180198148,14858,206000000,4.05,0,2,2,-3.0363084387740105,0.4937436854000633,6.115192468820316,-3.0363084387740105,0.4937436854000633,6.115192468820316,35.09613847732544
-4.75574013844148,2.6469607009543825,4.910270339298971,-1.5714165495963222,1.9459568371155735,5.982366283109406,-0.3837207802268914,0.008286133832677109,-0.010465998275794756,0.9233526767645521,0.126403937423975,-0.13984443834720672,-0.17686036422003198,-0.002309106253051141,0.00018783251789500355,-0.04199111099296715,14858,476000000,3.52,0,2,2,-3.063099777047076,0.5181724437593465,6.0720229909568335,-3.063099777047076,0.5181724437593465,6.0720229909568335,35.54605174064636
-4.771562340490563,2.683448137187101,4.820721382193133,-1.6407376638624065,1.9498394986767866,5.9195520927979,-0.3765322635274114,0.008271527603004758,-0.010830932889923126,0.92630325879097,0.12758866202506974,-0.13724517784078047,-0.18149179232539348,-0.0010246902093058452,0.0007690122458825499,-0.044942745444132015,14858,814000000,2.74,0,2,2,-3.063099777047076,0.5181724437593465,6.0720229909568335,-3.097124851494773,0.550886121982965,6.013637942907253,35.993205308914185
-4.784326136905276,2.722026133583131,4.731533468364689,-1.7114967985814733,1.9563005638125432,5.8510989759859315,-0.36810848815024066,0.00782151046016468,-0.01105314622294422,0.9296842436464329,0.10705555938336939,-0.13570798310366097,-0.18859983194647248,0.000992793309251283,0.004664204698201502,-0.0530013712705113,14859,172000000,1.86,0,2,2,-3.132047754370552,0.5861492934919023,5.949954632931632,-3.132047754370552,0.5861492934919023,5.949954632931632,36.50584840774536
-4.794099656859685,2.762760135098598,4.642886210402727,-1.7634612353982753,1.969533120076135,5.790916234302969,-0.359950014785624,0.006687848759101733,-0.01122399965802481,0.9328801002092826,0.06953974578485835,-0.1357612141388043,-0.19546555769138577,0.003349484654791013,0.008526074725523358,-0.05571100482484326,14859,543000000,0.9,0,2,2,-3.132047754370552,0.5861492934919023,5.949954632931632,-3.167889016949904,0.6239479667033496,5.880624609264679,36.93415856361389
-4.8009585802116845,2.8057097764408754,4.554958132087371,-1.7978318598382075,1.9880281979654122,5.7403407143858995,-0.35327599902549817,0.0053438966430435775,-0.011491836434909551,0.9354332947765747,0.03380268466118943,-0.13669944663611794,-0.20125219283953572,-0.0015751526120766357,0.010395338631496998,-0.05294551338010933,14859,858000000,0.68,0,2,2,-3.132047754370552,0.5861492934919023,5.949954632931632,-3.1973306824419563,0.6562608969537812,5.82039474206428,37.3113169670105
-4.8009585802116845,2.8057097764408754,4.554958132087371,-1.8256389827612396,2.012994493235697,5.687945090855278,-0.34726838365265794,0.004064776293850846,-0.012189403378354117,0.9376777515512624,0.0035056268332004335,-0.1386374900418346,-0.20901040034704726,-0.0005127233350776805,0.009850812239164952,-0.043227408241364174,14860,125000000,1.39,0,2,2,-3.132047754370552,0.5861492934919023,5.949954632931632,-3.2211366348870123,0.682486131717135,5.770564658868239,37.68045091629028
-4.804985892885419,2.850928643237058,4.46792630886665,-1.852651533503728,2.051444541718192,5.620503773578208,-0.3421889706362081,0.0027800130232625217,-0.012886538511415094,0.9395386724492593,-0.027165501737295657,-0.14270109239969747,-0.21947570117744006,-0.002680611191863136,0.007016868403297849,-0.02385943316767225,14860,396000000,2.16,0,2,2,-3.132047754370552,0.5861492934919023,5.949954632931632,-3.251425653667992,0.7034558096050966,5.719552605156847,38.09211468696594
-4.806271624318301,2.898464049024539,4.381966011250105,-1.878627263946413,2.108297230663285,5.532147062344273,-0.33999435468950073,0.001856702982875185,-0.013314281990719143,0.9403313891008716,-0.04592331730222868,-0.14671508764285346,-0.2293039600432268,0.0018666925143406843,0.002026349557127105,0.002855971115423017,14860,709000000,2.86,0,2,2,-3.132047754370552,0.5861492934919023,5.949954632931632,-3.2983644603483384,0.7215606140978789,5.6547342925549575,38.616997480392456
-4.804912567739545,2.9483568287751334,4.297250351837315,-1.8987822769002254,2.1554183611629147,5.45942403294242,-0.3416402297114137,0.0017340657364104776,-0.012831064196116973,0.9397416188774174,-0.03409994762421338,-0.14704129251297288,-0.23123249588661854,0.005938813910688623,-0.004610048836184433,0.02280069820699282,14861,102000000,3.28,0,2,2,-3.132047754370552,0.5861492934919023,5.949954632931632,-3.361634253799587,0.74016278154778,5.572014459203273,39.0458288192749
-4.801011984091487,3.000641149619494,4.213949936692153,-1.9216763775006493,2.191639432520996,5.3961743062181,-0.34554763059480487,0.0024607229451360547,-0.011629978074386187,0.9383259153635759,-0.006251094342681287,-0.1450377668604758,-0.22762706983151704,0.008467284715152346,-0.010018553166446509,0.036413006455404684,14861,424000000,3.26,0,2,2,-3.408072636389829,0.757977347169298,5.505505091745153,-3.408072636389829,0.757977347169298,5.505505091745153,39.41653347015381
-4.794679290446997,3.055344339391937,4.132232521764884,-1.9482484022836926,2.2199426804122635,5.3384662767902356,-0.3504427555266451,0.003520309370856279,-0.010087457366048947,0.9365232115247937,0.018026659475809746,-0.14362419045732983,-0.22313930541824795,0.009607594620320015,-0.011854183594550705,0.04175701360509265,14861,699000000,2.94,0,2,2,-3.408072636389829,0.757977347169298,5.505505091745153,-3.444409387914653,0.7766513015391883,5.447238589496836,39.781179428100586
-4.794679290446997,3.055344339391937,4.132232521764884,-1.979176254612385,2.2438611638990618,5.281739082309048,-0.3553299827100811,0.004711693646619888,-0.008899197158242281,0.9346866895490555,0.037277326901317825,-0.14198010360507246,-0.2198022356069711,-0.007779206316627096,-0.009730676356412005,0.03317983100714628,14861,962000000,2.49,0,2,2,-3.408072636389829,0.757977347169298,5.505505091745153,-3.475067808136835,0.7962280859709677,5.392974936378824,40.14860677719116
-4.786029733815932,3.112486733567247,4.052262675054003,-2.015937976827181,2.2650394774012357,5.221331823382561,-0.35836873745017483,0.006118402295250786,-0.009490559384142899,0.9335118330553166,0.05457209937670584,-0.13700381036027942,-0.21785482491875735,-0.00777946988819167,-0.005916651480220025,0.014950115564715816,14862,236000000,2.04,0,2,2,-3.408072636389829,0.757977347169298,5.505505091745153,-3.5032480251090248,0.8176683185291349,5.338419910794429,40.521167278289795
-4.775184051270693,3.1720815411108556,3.9742014451881884,-2.052382457596812,2.2811294648555864,5.165912064616286,-0.3594650887514068,0.006960755556447092,-0.009900626505159521,0.9330800477160743,0.06708021304196331,-0.13359112497441158,-0.2156610564138648,0.0002909860484123783,-0.003908069675162551,0.004626476584235206,14862,500000000,1.79,0,2,2,-3.531213729474214,0.8423855200136949,5.279618703555789,-3.531213729474214,0.8423855200136949,5.279618703555789,40.889496088027954
-4.762268117355413,3.2341347297119416,3.8982060370957945,-2.0905929404380883,2.294914501019434,5.110996980704152,-0.35963926551139264,0.007298064800913509,-0.009600145687024133,0.9330134908753331,0.07604015463809818,-0.13255162109509094,-0.2142233453595614,0.00345369710430532,-0.0025319809537904803,-0.0013863223671251035,14862,764000000,1.72,0,2,2,-3.531213729474214,0.8423855200136949,5.279618703555789,-3.5550967570020506,0.8666850307741479,5.22488308852063,41.26225018501282
-4.762268117355413,3.2341347297119416,3.8982060370957945,-2.1331977747303896,2.308123157632352,5.052151788290243,-0.3590660025653051,0.0074617695585045985,-0.009341032432869047,0.9332355934649706,0.08275736102926742,-0.13144107799253532,-0.21364491259575424,-0.004440978864295175,-0.0008643514263440011,-0.008771003558649682,14863,25000000,1.73,0,2,2,-3.577266729598923,0.8921723442210757,5.169921494840933,-3.577266729598923,0.8921723442210757,5.169921494840933,41.65670895576477
-4.747412579775129,3.2986449308157644,3.824429495415054,-2.188559962843098,2.32360093566926,4.976530402235701,-0.3565962850026513,0.007643709612160734,-0.010053423700601284,0.9341732130057941,0.08053218972680902,-0.1285260104109882,-0.21389882969620772,-0.0036521672200251487,0.0018621017829900666,-0.021242129514575936,14863,310000000,1.81,0,2,2,-3.577266729598923,0.8921723442210757,5.169921494840933,-3.5995447626853707,0.9208207506824543,5.110352883914466,42.112945318222046
-4.7307524843902575,3.3656033648170482,3.7530203962825333,-2.23459800037816,2.339684263855831,4.909127344586271,-0.3528226342178262,0.00728527093286042,-0.010718822324867011,0.935600459843301,0.05873622665316125,-0.12783013033713714,-0.2158765895167932,-0.002522803220017522,0.006056799293219228,-0.030898284603608772,14863,669000000,2.12,0,2,2,-3.577266729598923,0.8921723442210757,5.169921494840933,-3.626031207954546,0.959049809134565,5.033702576979114,42.55725955963135
-4.712426890567834,3.4349937867204927,3.684122548120575,-2.2763885834638504,2.367449239824815,4.831567602472368,-0.3471212285694872,0.005846020432622418,-0.011525191365917557,0.9377312230514081,0.01092138227906089,-0.1307205741935641,-0.2230207617652804,7.312678496074199e-06,0.011200433254998643,-0.03460598818492144,14863,987000000,2.62,0,2,2,-3.577266729598923,0.8921723442210757,5.169921494840933,-3.6476639630242587,0.9942591732831044,4.965499099640745,43.0295295715332
-4.692578477964153,3.5067924525178915,3.6178747020262714,-2.3039988151802056,2.4058879038851435,4.755510882886291,-0.3421201707101177,0.003888397759638277,-0.012135493961668842,0.9395697946094524,-0.028026113218339276,-0.1353160735971105,-0.2308208741789924,0.001767264291174797,0.010685574852686841,-0.024220390332629904,14864,341000000,3.43,0,2,2,-3.577266729598923,0.8921723442210757,5.169921494840933,-3.67017214650786,1.0351723636282641,4.888453121126479,43.4787802696228
-4.671353145833668,3.580968106473816,3.554410272345218,-2.324125152927095,2.4486088202471943,4.682077725816256,-0.33970018393678575,0.002462139492004277,-0.012171745248872278,0.9404517911727492,-0.032359236717412275,-0.1372249106338388,-0.23247887160946895,0.005892114086236688,0.002351355237806274,-0.0011037618833142915,14864,692000000,4.25,0,2,2,-3.6899016517326526,1.074836348001542,4.815740982409848,-3.6899016517326526,1.074836348001542,4.815740982409848,43.872689723968506
-4.671353145833668,3.580968106473816,3.554410272345218,-2.341351869620441,2.478676115762452,4.627575378274714,-0.3405593031240286,0.0023635348645298024,-0.011494644162604104,0.9401498007840001,-0.02537910230486438,-0.13703255688157873,-0.22950215760702247,0.005677881244992022,-0.0016004622807486157,0.013954073438071646,14864,997000000,4.79,0,2,2,-3.707276744232408,1.1129873394174028,4.7473555511265335,-3.707276744232408,1.1129873394174028,4.7473555511265335,44.22533893585205
-4.648899605976141,3.6574819894536956,3.493857067992778,-2.3587723583021463,2.520364740344095,4.559671613053824,-0.34330683153049363,0.0020468655261006285,-0.010861587743719115,0.9391582697701684,-0.06027345247731223,-0.13982399432156403,-0.22939297825149257,0.0037374300518422388,0.0023952306491992204,0.023294664970308077,14865,255000000,4.84,0,2,2,-3.7195785210854493,1.1422007362268947,4.696024750209529,-3.7195785210854493,1.1422007362268947,4.696024750209529,44.59295415878296
-4.625368970448108,3.7362878683694305,3.4363370350639406,-2.3720840661064098,2.5890728108701992,4.4650185060619325,-0.347688174874433,0.0014840507695773504,-0.011812485011699245,0.9375346371434217,-0.09970032997850917,-0.13898095462792412,-0.22895602720944938,-0.009089093146030791,0.006380100330716232,0.01631135710340459,14865,546000000,4.73,0,2,2,-3.7195785210854493,1.1422007362268947,4.696024750209529,-3.737769299518687,1.1764563766167697,4.631721840558853,45.16870880126953
-4.6009143351756405,3.8173320867587197,3.381966011250105,-2.3762697106963335,2.657210921284741,4.3798214689913175,-0.3509530001397309,0.0010422167424088006,-0.013321439912212251,0.9362977329438797,-0.10219183483524122,-0.13467352131991409,-0.2261266867301981,-0.004060462151755928,0.0013033506661486172,0.026143694049096666,14865,962000000,4.47,0,2,2,-3.7195785210854493,1.1422007362268947,4.696024750209529,-3.781942793115039,1.209143126407783,4.541021204046316,45.719061851501465
-4.5756903606132395,3.9005536364550437,3.330853492557395,-2.3824035949310747,2.707071823512414,4.3140481630418535,-0.35529220048290944,0.0013624450113052643,-0.013461593721047327,0.934657360487838,-0.07990362335686432,-0.13052756987419048,-0.22003729677661776,0.002977872713927354,-0.004857880048803054,0.038947818757151254,14866,346000000,4.2,0,2,2,-3.7195785210854493,1.1422007362268947,4.696024750209529,-3.8368701167900388,1.2270223724243352,4.457308587025841,46.108234167099
-4.54985285059824,3.9858842502461127,3.283102412796268,-2.3927285091810973,2.744777874411793,4.2588055256347515,-0.36064733121497367,0.0021366021589990817,-0.01267118780060206,0.932613734843345,-0.05417412833587918,-0.1276987499156224,-0.21271918805912007,0.006420098770831828,-0.008681376948516117,0.047683251978014596,14866,651000000,3.7,0,2,2,-3.885420140374208,1.2370516244618115,4.3906134180365965,-3.885420140374208,1.2370516244618115,4.3906134180365965,46.46592044830322
-4.523558330551639,4.073248515359478,3.2388089362865244,-2.4075742816874355,2.7777437765661466,4.205367835574401,-0.36659596794684557,0.003029775039462155,-0.011419009550075982,0.9303052310769948,-0.03378155879459298,-0.1264908105150906,-0.20543436732396864,0.007712436217843788,-0.009354385929327691,0.04846747833653353,14866,902000000,3.1,0,2,2,-3.885420140374208,1.2370516244618115,4.3906134180365965,-3.923369028866435,1.2485762920976389,4.333927370369088,46.82099962234497
-4.523558330551639,4.073248515359478,3.2388089362865244,-2.426076753669951,2.8070727373673017,4.153587485364916,-0.3721187264461521,0.003921154157447927,-0.010384201736965536,0.9281187673635596,-0.018316960280464444,-0.12577182470868004,-0.19931945844720939,-0.004750442894874141,-0.0075410948284115875,0.04015574922959786,14867,169000000,2.49,0,2,2,-3.954847771624283,1.264980901032349,4.278500331739568,-3.954847771624283,1.264980901032349,4.278500331739568,47.17445707321167
-4.496963626174488,4.162564007555353,3.198062264195162,-2.445454096737155,2.831385067645536,4.10699375188525,-0.3758373747451655,0.0048578929006740535,-0.010624351224437638,0.9266119963513784,-0.0069501309830959975,-0.12345159744596299,-0.19487982449146524,-0.004675118907471187,-0.004966764208802488,0.028020483296131715,14867,431000000,2.01,0,2,2,-3.954847771624283,1.264980901032349,4.278500331739568,-3.980401669948211,1.28583397123169,4.224324520955462,47.534801721572876
-4.470225443784154,4.253741445548371,3.160944454897099,-2.4700931784544915,2.8569662959113367,4.054057909483882,-0.3786790178088223,0.0055987313056245856,-0.010921921205991192,0.9254466852910993,0.0034301668341748396,-0.12143125909664639,-0.18952069027617485,-0.0034166951536462875,-0.0028960411555090104,0.016865990073711146,14867,674000000,1.76,0,2,2,-3.9995885800634507,1.308365043765665,4.175460215555174,-3.9995885800634507,1.308365043765665,4.175460215555174,47.89186120033264
-4.44349995342669,4.346684865422453,3.1275302587205256,-2.494403006771389,2.878818095939424,4.006176236890959,-0.3802771140862806,0.006010656504750274,-0.01109287815371249,0.9247865356745082,0.009935113563214396,-0.12051540702861248,-0.18517909770158397,-0.0006187612370922579,-0.0016957613297563512,0.010412108440505108,14867,938000000,1.61,0,2,2,-3.9995885800634507,1.308365043765665,4.175460215555174,-4.017439784634352,1.3380860051803307,4.119666657442171,48.253546714782715
-4.44349995342669,4.346684865422453,3.1275302587205256,-2.5196175896618374,2.8995363820066897,3.959377148041241,-0.38126129263840636,0.006209486077446119,-0.011118484485272265,0.9243796018525593,0.013933071470471056,-0.12010834435170661,-0.18132211608596466,-0.002257016649309662,-0.0006794007504140609,0.005801970337415696,14868,205000000,1.53,0,2,2,-3.9995885800634507,1.308365043765665,4.175460215555174,-4.030318349489984,1.3685851843953822,4.0689094188502155,48.62023329734802
-4.416942375890457,4.441291814646157,3.0978869674096927,-2.545344997506898,2.919575053997524,3.9135137415425434,-0.38168635306399257,0.006336859728367856,-0.011343616510886102,0.924200570470472,0.01632888716039573,-0.11963223017480759,-0.177817780642872,-0.001644124631638988,0.0001275750754814453,0.0016160146174115653,14868,466000000,1.45,0,2,2,-3.9995885800634507,1.308365043765665,4.175460215555174,-4.040238092126389,1.401514515685274,4.0190544611962515,48.971256732940674
-4.3907065747319,4.537453565240048,3.0720742786082935,-2.571352984686084,2.9391397665405625,3.868645898681391,-0.3817114892003198,0.006333386246478993,-0.011427405090675493,0.924189180657305,0.017725816633381835,-0.11940483134324376,-0.17385536976166072,0.00256678204095806,0.0003008793868275461,-0.0003750957603187999,14868,727000000,1.39,0,2,2,-3.9995885800634507,1.308365043765665,4.175460215555174,-4.047744111324763,1.4363971054014366,3.970192712181,49.330363273620605
-4.3907065747319,4.537453565240048,3.0720742786082935,-2.5954671065265913,2.957176934802792,3.8281512589217472,-0.3816741314401506,0.006169294696512603,-0.011117134254323358,0.9242095035858078,0.01734955817056391,-0.12021621074024236,-0.17011412085700067,0.004376408242023899,0.0002555359230882459,-0.00021355340606987738,14868,977000000,1.32,0,2,2,-4.0532537464860106,1.472952105997794,3.9223189789933812,-4.0532537464860106,1.472952105997794,3.9223189789933812,49.69627285003662
-4.3649446544071155,4.635055345592884,3.050144175636353,-2.6215314823296025,2.9770730239501,3.7852673116205113,-0.38168278419015017,0.005929512307865817,-0.010627814644172007,0.9242132560683898,0.015838669112314532,-0.12132714813260795,-0.16603290913401272,0.00421506538259564,0.00030779345934206503,0.00019703850142605006,14869,238000000,1.16,0,2,2,-4.0532537464860106,1.472952105997794,3.9223189789933812,-4.056898033819976,1.5110879679094638,3.875387506017607,50.04908490180969
-4.339806565582618,4.7339765903700695,3.0321408228027407,-2.647408110058183,2.9973402890259995,3.7434533180676586,-0.3816954597883448,0.005748928583383161,-0.01032952669430836,0.9242125441019389,0.014240367894641259,-0.12157004895266506,-0.16175737418141217,-0.003256371201132424,0.0007432664915540954,-0.0010751053537205735,14869,494000000,1.18,0,2,2,-4.0532537464860106,1.472952105997794,3.9223189789933812,-4.058812287373711,1.5475808040441519,3.832870803439018,50.38860774040222
-4.315439718675568,4.834091207905732,3.018100476464131,-2.6728029330748124,3.017841780705425,3.7027143600437866,-0.38136207308699294,0.005755617296130873,-0.010742314430784739,0.9243454142045611,0.011998841089157813,-0.1206847969254147,-0.15772157919060992,-0.0013788446608486993,0.00130771510384875,-0.0034977856557816267,14869,749000000,1.12,0,2,2,-4.0532537464860106,1.472952105997794,3.9223189789933812,-4.0595978006675235,1.5881803795936367,3.7878099499570346,50.71100616455078
-4.315439718675568,4.834091207905732,3.018100476464131,-2.6975802537489626,3.038830770202986,3.66302820291273,-0.38095014666489924,0.005627746785980937,-0.010896150906179843,0.9245142444102927,0.00863091572177283,-0.12082338620287296,-0.15370593480654018,0.0007487198331546097,0.0012776435596606461,-0.0029940500326119945,14870,6000000,1.08,0,2,2,-4.0532537464860106,1.472952105997794,3.9223189789933812,-4.059289450131863,1.6297470744089877,3.743804883242581,51.05779242515564
-4.291988606647645,4.93526786441942,3.0080514120095216,-2.7216999515418587,3.0606246574518288,3.6243983391785877,-0.3806760192519128,0.005435016768819963,-0.010849354601453746,0.9246288555220261,0.004682515154543566,-0.1214517942944577,-0.14951786549129414,0.0011788686379077262,0.0011042982350772945,-0.0015672332779104181,14870,270000000,1.04,0,2,2,-4.0532537464860106,1.472952105997794,3.9223189789933812,-4.060230908449324,1.670593663907317,3.700480117978211,51.4154417514801
-4.269594438048033,5.037370284349661,3.0020138669173706,-2.745170564072278,3.0831766211599514,3.586907663040481,-0.38060017713258126,0.005222427116147982,-0.010670397760398558,0.9246633841746406,0.000890772856439546,-0.12202116368814689,-0.14493576089523846,0.004602150374921621,0.0008206382119624323,0.001012631912544748,14870,525000000,0.98,0,2,2,-4.0532537464860106,1.472952105997794,3.9223189789933812,-4.065321749715884,1.7085613605687315,3.657300924322218,51.76668405532837
-4.269594438048033,5.037370284349661,3.0020138669173706,-2.769732081441713,3.108499101826935,3.5478646117648966,-0.3810083808959268,0.004888634213980925,-0.010093467809726857,0.9245035623782962,-0.0041374948123333605,-0.12348053950918181,-0.13976964629380523,0.005442017572931945,0.0005275232410895114,0.00508464536324027,14870,782000000,0.85,0,2,2,-4.077374815864019,1.7416187408420043,3.6135602781175193,-4.077374815864019,1.7416187408420043,3.6135602781175193,52.139458656311035
-4.248394781269408,5.140257566049799,3.0,-2.7929652050161438,3.1356809027929353,3.5101894680517427,-0.3817481336317394,0.004495095889811488,-0.009520608311826285,0.9242064242359482,-0.026548967902353348,-0.12558925638335616,-0.13568275773336175,0.004302529896449414,0.004018147183160181,0.003133591849291406,14871,69000000,0.6,0,2,2,-4.098110388911152,1.7718799406959007,3.565568131088486,-4.098110388911152,1.7718799406959007,3.565568131088486,52.47334861755371
-4.2285232209468075,5.243784512046629,3.0020138669173706,-2.807575578323186,3.17240608161946,3.4731697153214753,-0.3817470115930077,0.0035019046399996823,-0.009788111970468187,0.9242083902820586,-0.08164702377496394,-0.1276990967515088,-0.1340383764275405,-0.006414830431822338,0.009611540099285776,-0.0037937890283501474,14871,338000000,0.26,0,2,2,-4.098110388911152,1.7718799406959007,3.565568131088486,-4.125882248893274,1.797471385070963,3.5166449276713005,52.821099281311035
-4.2285232209468075,5.243784512046629,3.0020138669173706,-2.812147409541695,3.226920988577713,3.431571069908758,-0.38099593758992967,0.0023125051306225,-0.011352532219828102,0.9245041199865951,-0.1341092926239398,-0.12855829519671153,-0.13238824787866488,-0.006372342613758519,0.010688315524021164,-0.003197754404027364,14871,618000000,0.19,0,2,2,-4.098110388911152,1.7718799406959007,3.565568131088486,-4.157324477967327,1.8208834621890901,3.4675315209358137,53.24270558357239
-4.210109027392585,5.347801973019649,3.0080514120095216,-2.804455399466705,3.309023861300304,3.3807036251292972,-0.38188697424718454,0.0009545605333330081,-0.012966949583936762,0.9241175714880686,-0.17158256227334961,-0.12879373483863757,-0.12978014241930164,-0.003440360615059035,0.0072991363595065195,0.01739287436066661,14871,943000000,0.34,0,2,2,-4.191437818503889,1.8494783958346512,3.412926467479621,-4.191437818503889,1.8494783958346512,3.412926467479621,53.75935626029968
-4.193276839921718,5.4521572046181594,3.0181004764641304,-2.792074264959731,3.3956625182288303,3.3319066839908418,-0.38729752773286713,0.0003016711895453168,-0.013443860092351158,0.9218567115513774,-0.16536408655275117,-0.12566608253862452,-0.12214312544752712,0.001647977353513852,-4.136647957508899e-06,0.04513529420364648,14872,340000000,0.39,0,2,2,-4.191437818503889,1.8494783958346512,3.412926467479621,-4.220604672801286,1.8953935751863338,3.350736837182788,54.27679681777954
-4.178146364880431,5.5566942361953435,3.0321408228027407,-2.786980425815113,3.4520406731923328,3.3000676148083827,-0.3937956220033567,0.0005673011760996645,-0.013260374172854944,0.9191021971125737,-0.1463415338890092,-0.12223859559707732,-0.11464029380116073,-0.002336071929676109,-0.0030344152264660806,0.05568525011767633,14872,748000000,0.73,0,2,2,-4.2377605849496245,1.9502335764997067,3.295679325107979,-4.2377605849496245,1.9502335764997067,3.295679325107979,54.659125089645386
-4.164832089147639,5.66125425050276,3.050144175636353,-2.7860918250506574,3.5033447160653908,3.270291651442193,-0.4013635910550891,0.0012643906078804428,-0.013239313719941716,0.9158222478537953,-0.1250624252484475,-0.11879351129313631,-0.1066811054797365,-0.00029591601560241543,-0.004294574091545655,0.05978990229777992,14873,31000000,1.48,0,2,2,-4.2377605849496245,1.9502335764997067,3.295679325107979,-4.254109585540828,1.984508158064451,3.2600921903755515,55.02307176589966
-4.153443009833245,5.765675973355503,3.0720742786082935,-2.7887282467740326,3.5469797100229967,3.2446039966349174,-0.4083275212339879,0.0019101276986456155,-0.013089277316998202,0.9127396439480433,-0.10967403669690146,-0.11688623572576269,-0.09904439357690555,-0.002962994972222077,-0.0038611391573795117,0.05537131910386961,14873,299000000,2.45,0,2,2,-4.27647088433321,2.0136259331115554,3.2262546993755654,-4.27647088433321,2.0136259331115554,3.2262546993755654,55.3965106010437
-4.144082380849918,5.869796072247862,3.0978869674096927,-2.7944512695544232,3.5906891829203844,3.219069089773971,-0.4148391980984074,0.002558714672682722,-0.013178162776497148,0.9097957071376683,-0.09761268907533414,-0.1157388915778645,-0.09103856163007633,-0.001160026056368224,-0.0028051429353581625,0.04673556577472482,14873,574000000,3.37,0,2,2,-4.301281190502536,2.0373303372104563,3.196207894057193,-4.301281190502536,2.0373303372104563,3.196207894057193,55.767669916152954
-4.144082380849918,5.869796072247862,3.0978869674096927,-2.8024504069690632,3.63209686609787,3.195741319978645,-0.42028961294115996,0.003012340455902181,-0.013176811434320755,0.90728933571335,-0.08957113656392472,-0.11579132985467519,-0.08306314539868286,-0.002125459946000774,-0.001844103599069058,0.038647007022518665,14873,846000000,4.28,0,2,2,-4.301281190502536,2.0373303372104563,3.196207894057193,-4.331450740606657,2.060433719131166,3.165191630207235,56.142152547836304
-4.136847476985778,5.973449562871589,3.127530258720525,-2.8106367481340047,3.6663647535387733,3.17750312657606,-0.4241566708905514,0.0033149881159881597,-0.013272143779728776,0.9054854938607936,-0.08472687493557561,-0.11596945513847035,-0.07644160551515293,-0.000947473341739169,-0.0012331447464930534,0.032669195206835866,14874,121000000,5.07,0,2,2,-4.301281190502536,2.0373303372104563,3.196207894057193,-4.363148087015408,2.082934250514231,3.1357330748006933,56.50550079345703
-4.131829376054615,6.076470222463971,3.1609444548970984,-2.821343689581226,3.705267850786004,3.1581725081760124,-0.42789621805786715,0.003529361593412616,-0.013244481405801305,0.9037239367698569,-0.08071301902327878,-0.11626561439528274,-0.06897999088519999,0.0005201744215810322,-0.0009218519494424982,0.027145215790369548,14874,372000000,5.63,0,2,2,-4.301281190502536,2.0373303372104563,3.196207894057193,-4.3839624285719365,2.107561884487133,3.1129621710096167,56.86914134025574
-4.129112759647949,6.178691008890939,3.1980622641951615,-2.832089041086373,3.7408107650263593,3.1420988712963007,-0.430914386069514,0.0036247703507754567,-0.013091799212597323,0.9022905616882042,-0.07899064226601157,-0.11706202883196407,-0.061921461483094506,0.0014369745827025326,-0.0007229286552501435,0.024720699366298504,14874,640000000,6.15,0,2,2,-4.301281190502536,2.0373303372104563,3.196207894057193,-4.399597225737626,2.143386039932109,3.0896510290123445,57.235140800476074
-4.129112759647949,6.178691008890939,3.1980622641951615,-2.843383223485397,3.776222303574943,3.1278848934507897,-0.433741045944279,0.003648990060427732,-0.012852085161634897,0.9009385183472287,-0.07874290615221846,-0.11823055796774573,-0.05461901024076057,0.00233208643294347,-0.000538568588126509,0.023539242647530045,14874,907000000,6.55,0,2,2,-4.301281190502536,2.0373303372104563,3.196207894057193,-4.407071519984269,2.182514407916258,3.0710867990410233,57.60357880592346
-4.12877573295956,6.279944484351441,3.2388089362865236,-2.855966338480587,3.814527465563452,3.114729458308047,-0.43663650262093767,0.0035922004764332074,-0.012491970806862618,0.8995441130595282,-0.07936944452702913,-0.1194527411154142,-0.04667396182524357,0.0032470838050357997,-0.0004430726988857714,0.022300400451058522,14875,169000000,6.9,0,2,2,-4.301281190502536,2.0373303372104563,3.196207894057193,-4.409158217364743,2.226243486597019,3.0553238050906417,57.975210428237915
-4.130889664098318,6.3800632425732875,3.283102412796268,-2.8679247168916455,3.850244727124114,3.1043930322684425,-0.4391940450194285,0.003494646743595396,-0.012070894965092371,0.8983043313701384,-0.08008946543031202,-0.12026493260823354,-0.03976554830120878,0.004085307227796875,-0.0004605014254366324,0.02201996867370326,14875,451000000,7.23,0,2,2,-4.40685998727404,2.2772011009709385,3.04110424133722,-4.40685998727404,2.2772011009709385,3.04110424133722,58.341596841812134
-4.130889664098318,6.3800632425732875,3.283102412796268,-2.8800451966811838,3.8862583953398824,3.09588816823657,-0.4418307775952669,0.0033514051353529676,-0.011571612671109344,0.8970175192455107,-0.08178838316778357,-0.12134188768635457,-0.03239712436535938,0.0041430691908317385,-0.0003383732462225453,0.02324473716726061,14875,703000000,7.51,0,2,2,-4.40685998727404,2.2772011009709385,3.04110424133722,-4.401573095660742,2.327391682667691,3.030321628440577,58.71523332595825
-4.13551904324917,6.47888033835782,3.3308534925573943,-2.8932154684117917,3.9255890703145857,3.0888749319868847,-0.44482452233746983,0.003164805613301627,-0.01102470513191384,0.8955442949454964,-0.08401951398310555,-0.12250747971631407,-0.024489075227107096,0.004814220892512822,-0.0002269787657382949,0.02403013641014695,14875,973000000,7.78,0,2,2,-4.40685998727404,2.2772011009709385,3.04110424133722,-4.394067361842216,2.379825421750349,3.0218201233077013,59.05904150009155
-4.142721361985436,6.576229718320881,3.381966011250105,-2.9055105116615154,3.9625223884222294,3.0842048870441996,-0.44757449330685245,0.0030206482541843874,-0.010605043443703818,0.8941786631757636,-0.08579338440527655,-0.12295562151273734,-0.017751035722906598,-0.0005673696307439968,8.1489720571426e-05,0.021785728495160583,14876,241000000,8.09,0,2,2,-4.38432428834766,2.438289791175763,3.0151340665862123,-4.38432428834766,2.438289791175763,3.0151340665862123,59.40604853630066
-4.152547012978048,6.671946651670999,3.43633703506394,-2.9177386035218826,3.9997568748592554,3.0812892461468224,-0.44985458306820325,0.0030356391634838095,-0.010673922964686125,0.8930328696951451,-0.08768929044926452,-0.12307984719521095,-0.010892349458153285,-0.0001212171383713212,0.0005198893461511034,0.01863334509835113,14876,506000000,8.38,0,2,2,-4.376159929308067,2.492395173448842,3.010796703163644,-4.376159929308067,2.492395173448842,3.010796703163644,59.767737865448
-4.152547012978048,6.671946651670999,3.43633703506394,-2.929865494781784,4.037396482291664,3.080222247600006,-0.4519888884742928,0.0029971972671223816,-0.010702686608197239,0.8919543228235858,-0.08994918809397487,-0.12353205599335067,-0.003612561103406219,-0.00039671101319527224,0.0006124261631157424,0.017740629118634388,14876,771000000,8.62,0,2,2,-4.376159929308067,2.492395173448842,3.010796703163644,-4.371282391852778,2.5443296610896384,3.0078728173461617,60.13521766662598
-4.165039210289305,6.765868159862174,3.493857067992778,-2.9428027987215652,4.078448438640448,3.0812569053658247,-0.4540986601209622,0.0029439487490890335,-0.010722656316113893,0.8908820150186196,-0.09223620672131352,-0.12394413251266637,0.004329688798129928,0.0011170778975611029,0.0004906658602976677,0.016452716045023408,14877,31000000,8.87,0,2,2,-4.376159929308067,2.492395173448842,3.010796703163644,-4.372278656263556,2.59190281660069,3.0062006803630665,60.50677704811096
-4.1802339303802745,6.857833443958347,3.5544102723452164,-2.955637763052028,4.119881427996121,3.0843716540105905,-0.4561452203459394,0.0028411934301754687,-0.010578630676065992,0.8898379392611139,-0.09410757284108792,-0.1241889627769361,0.011560036605886986,0.0016121264479806996,0.0003596754652335221,0.016839543968671933,14877,314000000,9.13,0,2,2,-4.376159929308067,2.492395173448842,3.010796703163644,-4.378186919712713,2.639170320807985,3.006217034793187,60.862191915512085
-4.198159873902308,6.947684308549583,3.6178747020262705,-2.968384646808958,4.161783734316404,3.0895494586862515,-0.45833249361018435,0.0027113659909089763,-0.01037978411809718,0.8887160591984345,-0.09651702418863649,-0.12474149258574978,0.019187409664217593,0.002003941517614294,0.00036386401802701585,0.01854017136793118,14877,583000000,9.39,0,2,2,-4.376159929308067,2.492395173448842,3.010796703163644,-4.389778362309683,2.681747186594664,3.008219584089593,61.213770389556885
-4.198159873902308,6.947684308549583,3.6178747020262705,-2.980143371814662,4.201214532595256,3.096321795559805,-0.46057408087179275,0.002578180338255107,-0.010152438647575132,0.8875594611093692,-0.09892579524600006,-0.12537824644028714,0.026683627488421967,0.0023277667423826642,0.00027517288003764406,0.020337343994469848,14877,859000000,9.68,0,2,2,-4.376159929308067,2.492395173448842,3.010796703163644,-4.407097176821548,2.7198518686765905,3.01226472790636,61.56911897659302
-4.218838448284354,7.035265581066037,3.684122548120574,-2.9927942820671394,4.244249174826922,3.1058226566041744,-0.4632023288688879,0.002423393463895568,-0.009846331596201612,0.8861945494351989,-0.1012131532330652,-0.1260451731449317,0.034614961446882433,0.003109150657110149,3.207040322195098e-05,0.021643340005539358,14878,132000000,10.0,0,2,2,-4.4276653427682575,2.752171814833776,3.0179684845843697,-4.4276653427682575,2.752171814833776,3.0179684845843697,61.92694354057312
-4.242283771069134,7.12042552534505,3.7530203962825324,-3.004565758161199,4.2845800018560976,3.1164356346293265,-0.4657346780228647,0.0022842385362025087,-0.00949385249837286,0.8848705321717901,-0.10295079458213378,-0.1263672480643777,0.04104562105426068,0.002800701031446806,-8.814028120696094e-05,0.022848556363896932,14878,402000000,10.4,0,2,2,-4.4276653427682575,2.752171814833776,3.0179684845843697,-4.45364607744567,2.7849717943699743,3.0263809051662633,62.28793382644653
-4.242283771069134,7.12042552534505,3.7530203962825324,-3.0163605636636204,4.32529889511838,3.128750642904804,-0.46844004377458937,0.002158576097193182,-0.009181360030266417,0.8834449437093904,-0.10503845253287987,-0.1268390089636865,0.047916030046914124,0.00238243142121064,-2.4522308450514174e-05,0.022513329167850316,14878,665000000,10.8,0,2,2,-4.4276653427682575,2.752171814833776,3.0179684845843697,-4.480559512358695,2.8143731978313005,3.0362484880781246,62.63146352767944
-4.268502693892854,7.203016248319119,3.8244294954150533,-3.028198369628707,4.366453564292322,3.1429070520082014,-0.47081424625190593,0.0020359758392906146,-0.00888061018819844,0.8821853178846929,-0.10690791864911002,-0.12738154743056113,0.05488839693028852,0.0032719635555622517,-0.00015336220116068944,0.01932091163325822,14878,921000000,11.25,0,2,2,-4.4276653427682575,2.752171814833776,3.0179684845843697,-4.509572102697465,2.843315720896381,3.048004640301826,62.97775745391846
-4.297494846945124,7.2828940987080575,3.8982060370957945,-3.040092647921161,4.407912605541961,3.1586753396109466,-0.4729529327548594,0.001901365661724051,-0.008517830628669737,0.8810444680994138,-0.10823598867356207,-0.12764182636482282,0.060876696705583655,0.002402135896772961,-0.0002328044629962278,0.01907174755615415,14879,186000000,11.65,0,2,2,-4.4276653427682575,2.752171814833776,3.0179684845843697,-4.535672210711468,2.875746103292849,3.0619672862440974,63.32470083236694
-4.297494846945124,7.2828940987080575,3.8982060370957945,-3.0520435195754283,4.44962051210474,3.176017534637211,-0.4752594371814983,0.0018056680889554262,-0.008244985025625698,0.8798052211453423,-0.10961143644745477,-0.12792093070534297,0.06719352870742201,0.0020307211116232793,-5.0301235532401734e-05,0.021325638226699084,14879,446000000,12.0,0,2,2,-4.4276653427682575,2.752171814833776,3.0179684845843697,-4.552889409308584,2.916150332505429,3.0784730462919363,63.66969084739685
-4.329252703688477,7.359920056617248,3.9742014451881875,-3.0631676091703173,4.488376595255012,3.193517614010098,-0.47761439207178225,0.0017048724394623802,-0.008022188918195259,0.8785312916344118,-0.11088927429544534,-0.12828434774548061,0.0730854022842698,0.002591217548797431,-1.6338838371154907e-05,0.022796680423198268,14879,706000000,12.35,0,2,2,-4.4276653427682575,2.752171814833776,3.0179684845843697,-4.562351351650284,2.9634137423955957,3.097339373791358,63.99960780143738
-4.363761665560097,7.433960112965551,4.052262675054003,-3.0762764055534633,4.53379059773097,3.2155202090836577,-0.4804412862158891,0.0015858413255560853,-0.007705285997420609,0.8769916100933977,-0.11195824476995167,-0.12833578427870443,0.07903617454908389,0.002041835409727355,-0.0001494282528824442,0.023813572988728993,14879,957000000,12.76,0,2,2,-4.4276653427682575,2.752171814833776,3.0179684845843697,-4.5657630678802645,3.0159895496474385,3.1182460896292934,64.34612035751343
-4.401000166322823,7.504885637691123,4.132232521764883,-3.088571898227199,4.5761112737518665,3.2374845257340947,-0.483264105819046,0.0015064551981717163,-0.007485264500947292,0.8754413203836134,-0.11305677547344314,-0.12843668469771924,0.08503077035298645,0.0012290250765545352,-4.39090905163253e-06,0.02571949462435441,14880,230000000,13.08,0,2,2,-4.4276653427682575,2.752171814833776,3.0179684845843697,-4.564867687191634,3.0725189792595273,3.1411903631911966,64.69855380058289
-4.401000166322823,7.504885637691123,4.132232521764883,-3.102004548038764,4.621914027897242,3.262979304660997,-0.4865306788208924,0.0014462910178690965,-0.0073433529280855355,0.8736314337156984,-0.11434106393675389,-0.1287990982461546,0.0922136310986893,0.0009551433493015793,0.00018097961742569169,0.027595476603892166,14880,484000000,13.46,0,2,2,-4.4276653427682575,2.752171814833776,3.0179684845843697,-4.561682084968092,3.1313236316774287,3.1659908378813046,65.02917313575745
-4.44093979567767,7.5725737357109155,4.213949936692153,-3.114687363465204,4.664618780035619,3.288453562556229,-0.48972674013169326,0.0013765342399745962,-0.0072118785788891585,0.8718450630478068,-0.11532241276759451,-0.12892316743527601,0.09849287342076217,0.0019574903717511916,7.519803233435596e-05,0.028351054606901016,14880,767000000,13.91,0,2,2,-4.4276653427682575,2.752171814833776,3.0179684845843697,-4.559766502957946,3.1935430083072833,3.1942655794864327,65.37276148796082
-4.483545441696767,7.63690758964005,4.297250351837314,-3.127552769823027,4.707405242695275,3.3153322570418715,-0.49294288151488147,0.0012969614933300401,-0.007008257734429872,0.8700324808754083,-0.11606589461943177,-0.128825916601603,0.10360411233714242,0.0009807852848098264,1.1527205745487379e-06,0.029001013172091916,14881,23000000,14.35,0,2,2,-4.4276653427682575,2.752171814833776,3.0179684845843697,-4.563336706578795,3.24693819282788,3.221981215508365,65.72347378730774
-4.483545441696767,7.63690758964005,4.297250351837314,-3.1406492954271976,4.750220523186303,3.3435899020933686,-0.4963138009024416,0.0012585828778748824,-0.006910425444131272,0.8681147810186692,-0.11664766720313083,-0.1288735738516486,0.10921744761374474,0.0005162568982086668,0.00016571673882026516,0.030567231442546472,14881,277000000,14.82,0,2,2,-4.4276653427682575,2.752171814833776,3.0179684845843697,-4.573578671320286,3.2948629502419284,3.2511787679484674,66.09697961807251
-4.528775451583464,7.697776788310476,4.381966011250105,-3.1529783482856026,4.789765424693628,3.3710210349835066,-0.49954469592646106,0.0012233272906444232,-0.006837776633621612,0.8662602640389248,-0.11718926995451914,-0.12890243953856612,0.11442683124366004,0.0015126882999538793,3.306572242678385e-05,0.031204541301121935,14881,541000000,15.32,0,2,2,-4.4276653427682575,2.752171814833776,3.0179684845843697,-4.590100515116958,3.337707379115024,3.282014152574889,66.44454836845398
-4.576581810215823,7.755077640164158,4.467926308866649,-3.1665683731262955,4.832585278821897,3.4019428639106177,-0.5030559457132718,0.0011796798653847845,-0.00667303426479973,0.8642272817098761,-0.11761892090263297,-0.12864179312669333,0.11895754346373504,0.0004654739484521997,-9.819907091923596e-05,0.03176780628564302,14881,787000000,15.8,0,2,2,-4.4276653427682575,2.752171814833776,3.0179684845843697,-4.609281591780728,3.3736034582715404,3.3116441446570146,66.79403471946716
-4.576581810215823,7.755077640164158,4.467926308866649,-3.180399036600104,4.875322714921977,3.434089738874231,-0.5067115310281279,0.0011807683269664452,-0.0066315383988412805,0.8620893531460373,-0.11791028436305746,-0.1284146052496093,0.124001491724316,-0.00011887631714557756,0.00018027625117156276,0.03320127507322468,14882,45000000,16.32,0,2,2,-4.4276653427682575,2.752171814833776,3.0179684845843697,-4.633299489937123,3.4095305590147253,3.3450545899240627,67.11884713172913
-4.626910335880682,7.8087134706344985,4.55495813208737,-3.1945306974340393,4.917977922441393,3.467636142145266,-0.5104683101182391,0.0011727962481719524,-0.006621441142041527,0.8598702724429957,-0.11820878485596445,-0.1282903752455487,0.12918356200588413,0.0008540276780877321,0.00013423194502593105,0.033532392626511864,14882,303000000,16.87,0,2,2,-4.4276653427682575,2.752171814833776,3.0179684845843697,-4.659023224472778,3.4441667979218993,3.3799556074961092,67.45815229415894
-4.6797008925584365,7.858594902670625,4.642886210402726,-3.207798357773993,4.957259672636417,3.4996101850093915,-0.5139077291059502,0.0011507650596914295,-0.006536549344024388,0.8578197918138843,-0.11844485064136627,-0.12790522864445503,0.13289837053134032,0.0002342555177392569,-2.2054889914358e-06,0.03366100318089593,14882,566000000,17.43,0,2,2,-4.682953808785691,3.481002651282665,3.416434607172284,-4.682953808785691,3.481002651282665,3.416434607172284,67.81054019927979
-4.6797008925584365,7.858594902670625,4.642886210402726,-3.222432778654067,4.9996639983963505,3.5353202723579096,-0.5177364422878434,0.0011615870058817564,-0.00652081949787321,0.8555145270279345,-0.11845571634640206,-0.12761048631746652,0.13752634602786618,-0.000326610350498413,0.00018496731257755528,0.03500156781228725,14882,816000000,17.96,0,2,2,-4.682953808785691,3.481002651282665,3.416434607172284,-4.700984441749124,3.5193587396519437,3.451517449540225,68.17157649993896
-4.734887618073344,7.904640119602524,4.731533468364688,-3.238562147640886,5.045126171093786,3.5752378586783724,-0.5219781878793708,0.0011669794769537433,-0.0065353771191850344,0.8529329975929989,-0.11839878969985114,-0.12736556883695546,0.14277839113910626,0.0006713616642173292,0.00014663182241747563,0.035378412940190174,14883,75000000,18.55,0,2,2,-4.682953808785691,3.481002651282665,3.416434607172284,-4.715634267617464,3.5660694442433467,3.491055527377339,68.53113603591919
-4.792399167380991,7.946775109590542,4.820721382193133,-3.253871394522799,5.087143121682537,3.613407728695351,-0.5257490914249754,0.0010597971334112134,-0.006291760352514915,0.8506157672224959,-0.11846967868873651,-0.12742526058419257,0.14664955132496144,0.007925420050014509,-0.0006070369067856518,0.028147057128080633,14883,349000000,19.22,0,2,2,-4.682953808785691,3.481002651282665,3.416434607172284,-4.72948100609116,3.618854229321357,3.53515437220648,68.87852811813354
-4.8521589702234715,7.984933890950487,4.91027033929897,-3.270975869949583,5.132467534880214,3.6557292998593742,-0.5281198576424013,0.0006733145661949806,-0.0053230478597992206,0.8491528883379877,-0.11858287551422138,-0.12907731346893986,0.15175955574264074,0.006256197275433806,-0.0013839593975717435,0.014990352065069601,14883,614000000,19.83,0,2,2,-4.746279712425843,3.665249310633883,3.5780039970327917,-4.746279712425843,3.665249310633883,3.5780039970327917,69.21958994865417
-4.8521589702234715,7.984933890950487,4.91027033929897,-3.2848873211560194,5.168190037998574,3.6899741614712793,-0.5293476417163825,0.0004786408852427153,-0.0047203568980108395,0.848391751104973,-0.11847538117528204,-0.1303343825485608,0.15601248613450236,0.003893881921612774,-0.0012111914656998124,0.012289467031223467,14883,884000000,20.29,0,2,2,-4.770251855794974,3.7110355981818106,3.626525836465942,-4.770251855794974,3.7110355981818106,3.626525836465942,69.56840181350708
-4.914085502344078,8.019058717695309,4.999999999999999,-3.2991745979691194,5.203960554438223,3.7251680996156438,-0.530514418510011,0.0003860151561556153,-0.004361535411593826,0.847664603339161,-0.11814543470205603,-0.13139342915666913,0.1604262805480272,0.0036522677874017972,-0.0008628327691440063,0.012647967650991632,14884,103000000,20.57,0,2,2,-4.770251855794974,3.7110355981818106,3.626525836465942,-4.793051137929094,3.744370913961347,3.6666084795446174,69.93204069137573
-4.978092569416851,8.049100264685944,5.089729660701029,-3.316452542597974,5.246154042010765,3.767759282703554,-0.5318878928789051,0.00018668862942256307,-0.0038025697373578423,0.8468062204658079,-0.11744112649994039,-0.13222360714915787,0.16444210869326298,0.008415648608206538,-0.0011738601415345329,0.010966430363623658,14884,333000000,20.85,0,2,2,-4.770251855794974,3.7110355981818106,3.626525836465942,-4.816758449774088,3.7774536439087254,3.7081108595939374,70.26947259902954
-4.978092569416851,8.049100264685944,5.089729660701029,-3.33431366642995,5.288346299741919,3.811482134617103,-0.5328548209803016,-0.00019360043799224072,-0.00284474798966855,0.8462018728919217,-0.11669623970585259,-0.13397042324800723,0.16950710400925553,0.00629582268629747,-0.0014074262708163587,0.007768453360768035,14884,590000000,21.17,0,2,2,-4.770251855794974,3.7110355981818106,3.626525836465942,-4.838265945042029,3.8222047264552548,3.7575301634492773,70.60264587402344
-5.044089602812401,8.07501779183718,5.179278617806866,-3.3528271724182224,5.330498180879724,3.8565026586133015,-0.5336873931682394,-0.0004585724004270601,-0.0021184606653889726,0.8456790574497229,-0.11562546214777414,-0.13549492026557558,0.17448221420711554,0.005922349646425573,-0.0011684779224196973,0.0073208604590035975,14884,856000000,21.41,0,2,2,-4.770251855794974,3.7110355981818106,3.626525836465942,-4.852801946905933,3.8729144555183157,3.806937215662129,70.94616341590881
-5.1119819662900525,8.096779286879451,5.26846653163531,-3.3718657538695,5.372549014662688,3.902506664914682,-0.5344820046039784,-0.0006586251099524601,-0.0015333008991629997,0.8451782072177616,-0.11445195089317331,-0.1364132786985643,0.17803310432658773,0.0013041924830758944,-0.0008169194586571393,0.008066295231401455,14885,103000000,21.61,0,2,2,-4.861892083811044,3.928292147709077,3.8565581234256983,-4.861892083811044,3.928292147709077,3.8565581234256983,71.30160117149353
-5.1119819662900525,8.096779286879451,5.26846653163531,-3.389841843593955,5.411087918064146,3.945799430477542,-0.535416478038758,-0.0006570694500792096,-0.001421889750034079,0.844586728248703,-0.11273985048627255,-0.13692483666814584,0.18159257945980095,-0.0008669489488966065,-0.00021622817456545818,0.010224119705526391,14885,359000000,21.8,0,2,2,-4.861892083811044,3.928292147709077,3.8565581234256983,-4.867674483302216,3.9864778179306164,3.9066541382819913,71.6250638961792
-5.181671272677615,8.11436158623374,5.357113789597273,-3.409738139651762,5.452366073987446,3.993706852338633,-0.5366360908674359,-0.0006075380007057687,-0.0015002635124319406,0.8438122339036618,-0.11061607868678214,-0.1372238896313173,0.18533275390972476,6.010262687539125e-05,7.872861118585206e-05,0.011607885517150862,14885,616000000,22.0,0,2,2,-4.861892083811044,3.928292147709077,3.8565581234256983,-4.873185142420516,4.040011207253945,3.95363685558594,71.96227502822876
-5.2530557095740935,8.12775047361449,5.445041867912629,-3.430004134099043,5.493125228595873,4.042334967238131,-0.5378959671696526,-0.0006911162632765454,-0.0013661692368596603,0.8430098365040297,-0.10881290138521733,-0.13748421221016466,0.18778536348786876,0.0057348806876689196,-0.00030885277340075845,0.009887820851872675,14885,870000000,22.25,0,2,2,-4.861892083811044,3.928292147709077,3.8565581234256983,-4.883489009877095,4.094217049625357,4.005587849191465,72.32334399223328
-5.2530557095740935,8.12775047361449,5.445041867912629,-3.452405707694447,5.536664840177754,4.095549132023572,-0.5387864212415816,-0.0009983365262307906,-0.0007158410279378204,0.8424415013408895,-0.106932962926603,-0.1387060677108198,0.19153199829865716,0.0034312804928049445,-0.0006938944068224373,0.006513012522191275,14886,127000000,22.52,0,2,2,-4.900354129825993,4.142457473505558,4.058599575034968,-4.900354129825993,4.142457473505558,4.058599575034968,72.72391319274902
-5.326030373087438,8.136940756034273,5.53207369113335,-3.4771868223829587,5.582826120189527,4.1536795486015805,-0.5395621166098671,-0.0011862464204742582,-0.0002557528073679383,0.8419449208406754,-0.10453843825567517,-0.13979264731877838,0.1950151477823382,0.0033640610809015925,-0.0006131889165317261,0.005428716212918516,14886,411000000,22.73,0,2,2,-4.900354129825993,4.142457473505558,4.058599575034968,-4.925347187893922,4.1875829558270565,4.116395487230711,73.12894463539124
-5.400487608599136,8.141936316943644,5.618033988749894,-3.50257197371721,5.628512788289963,4.21252628089656,-0.540134235484207,-0.0014416192047223865,0.000327732691062261,0.8415775793016608,-0.10258393586980999,-0.14067702706878701,0.19740415756638763,0.006943832568140351,-0.0009183263387058105,0.002946827135019703,14886,713000000,22.91,0,2,2,-4.900354129825993,4.142457473505558,4.058599575034968,-4.95911560551919,4.2289261554681,4.179190151794049,73.47448015213013
-5.47631735752994,8.142750146300394,5.702749648162685,-3.526910272706086,5.670811958760447,4.268143109472049,-0.5403510797025,-0.0017540205674072156,0.0010740933172308518,0.8414371517824355,-0.10040507201611677,-0.14188417041839368,0.20025134509868275,0.0035240533406977192,-0.0008552747772228031,0.0016901141748348891,14887,3000000,23.06,0,2,2,-4.900354129825993,4.142457473505558,4.058599575034968,-4.998723273639765,4.2649993213287205,4.243474591300008,73.80724859237671
-5.47631735752994,8.142750146300394,5.702749648162685,-3.5537166299563463,5.7155725022769,4.328561389583029,-0.5406203341368963,-0.0018648298199570805,0.00140155989367612,0.8412634619174408,-0.09724580100241847,-0.14300523339235605,0.20332352640550058,9.714377782188421e-05,-0.00022125133085637572,0.0029737957675024518,14887,279000000,23.17,0,2,2,-5.0397500886271915,4.295611832887957,4.3053329405234715,-5.0397500886271915,4.295611832887957,4.3053329405234715,74.17767143249512
-5.553407509066662,8.139404347423483,5.786050063307846,-3.5831300677418145,5.762426675458452,4.393934089800563,-0.5410884409400376,-0.0019035279768671249,0.0014603149988451302,0.8409622721278434,-0.0937654853334792,-0.14369898449005075,0.2056209108406891,0.0009503934109034162,6.400949175144888e-05,0.0034953274280269397,14887,589000000,23.3,0,2,2,-5.0397500886271915,4.295611832887957,4.3053329405234715,-5.0827969913690785,4.329714330273048,4.372838379763298,74.56583952903748
-5.631644255798397,8.131930120548828,5.867767478235116,-3.6074623566007493,5.7998208407819085,4.4473659710984155,-0.5414331703765219,-0.0020400185463332237,0.0016606231758826702,0.8407396759229494,-0.09136802137796748,-0.14405805660991616,0.2065284290110004,0.006416311362045235,-0.00027285881003535906,0.0017705754657981743,14887,913000000,23.47,0,2,2,-5.120454968463665,4.373758231763654,4.444929801411276,-5.120454968463665,4.373758231763654,4.444929801411276,74.93433570861816
-5.71091245220216,8.12036772306612,5.947737324945997,-3.632323780513083,5.836766922973471,4.501078244257968,-0.5414140419582782,-0.0023765465031661197,0.002337292017315615,0.8407495014944366,-0.08886283326194892,-0.14508941973962064,0.20802197463386668,0.0033808685429903562,-0.0006510938817427814,-0.001068487449629174,14888,173000000,23.61,0,2,2,-5.120454968463665,4.373758231763654,4.444929801411276,-5.1428696214828795,4.416763447286246,4.502909589573056,75.2972891330719
-5.71091245220216,8.12036772306612,5.947737324945997,-3.6577401586451623,5.873173389829123,4.555150418131693,-0.5412633194860269,-0.0025755663005039412,0.0027572919766260177,0.840844684099361,-0.08583728500447932,-0.14602669434160673,0.20976219037418237,0.0057713435126061086,-0.0005143034627508314,-0.0022764329514757264,14888,425000000,23.68,0,2,2,-5.120454968463665,4.373758231763654,4.444929801411276,-5.158916568872119,4.46514504997178,4.560208286226228,75.6294162273407
-5.791095974912476,8.104766406478063,6.025798554811812,-3.6838146874775806,5.909043240661738,4.609684354803003,-0.5408853298390612,-0.0028957725840568836,0.0034136688727162434,0.8410844317491906,-0.08284756016056766,-0.14727925609719833,0.21152507967223425,0.00591358611927717,-0.0007536027908372489,-0.004435442997419159,14888,691000000,23.73,0,2,2,-5.170283763384062,4.517245641912752,4.616901816997147,-5.170283763384062,4.517245641912752,4.616901816997147,75.9605221748352
-5.872078083707181,8.085184330185637,6.101793962904205,-3.710454960137982,5.944403055070817,4.664396586180867,-0.54033205219507,-0.0031188929913888224,0.003938881964761191,0.8414368847905588,-0.07975468586133518,-0.1479511678759205,0.21201076756444462,0.00024721905873548167,-0.00040081174574879697,-0.004684491113948752,14888,941000000,23.74,0,2,2,-5.170283763384062,4.517245641912752,4.616901816997147,-5.178755427527104,4.5714611585053975,4.6731769727234695,76.32198762893677
-5.872078083707181,8.085184330185637,6.101793962904205,-3.7375703896954846,5.979031206826991,4.719229754555325,-0.5398842479855679,-0.00317941738592156,0.004053309733824545,0.8417235061243955,-0.07613423691567697,-0.1485568462449182,0.21279882136619385,0.004440744760358939,-0.00013370388529665433,-0.00450108077529876,14889,203000000,23.72,0,2,2,-5.170283763384062,4.517245641912752,4.616901816997147,-5.18670882329601,4.625748350849621,4.729213787093255,76.66657853126526
-5.953741782142302,8.061688452265003,6.175570504584946,-3.7652933723875712,6.013008054249455,4.774337226597547,-0.5392831509380469,-0.0034471207432800128,0.00456532233443521,0.8421050755724582,-0.07285263184765996,-0.14960764060032447,0.21386940959852302,0.004704959201262682,-0.0005615584541374119,-0.006395288573912694,14889,459000000,23.71,0,2,2,-5.170283763384062,4.517245641912752,4.616901816997147,-5.1980768446290435,4.6766886029760135,4.785254182870125,77.00167751312256
-6.035970176772812,8.034354397463265,6.246979603717467,-3.793541010254275,6.046408188418279,4.829491593099502,-0.5385151607516772,-0.003614290205413411,0.0049750838191643994,0.8425933818206137,-0.06959683896343158,-0.15014668106474785,0.2138999004476308,-0.0008595694680479937,-0.0002762484456297898,-0.006846881751698675,14889,730000000,23.68,0,2,2,-5.170283763384062,4.517245641912752,4.616901816997147,-5.216682158682756,4.721031920645417,4.842058544342727,77.33616828918457
-6.118646833902687,8.003266302701505,6.315877451879425,-3.8222206216565917,6.079017600856807,4.884643947408845,-0.5378385228574274,-0.003516467288820315,0.004783588968883078,0.8430269717303971,-0.06544538824002259,-0.15034516001046375,0.2139361451980491,-0.003876213486364577,0.0006229220616660314,-0.005439635106085916,14889,986000000,23.63,0,2,2,-5.170283763384062,4.517245641912752,4.616901816997147,-5.243403401198121,4.7581097093727776,4.900135713708937,77.67730736732483
-6.118646833902687,8.003266302701505,6.315877451879425,-3.8490967258822386,6.108212725804652,4.9355972731010915,-0.5373544465438017,-0.003357431810726784,0.004330331729987505,0.8433387069608206,-0.06110557115694861,-0.15046155179359413,0.21404974288220946,-0.005425980134532438,0.001206712340717786,-0.004093786628800444,14890,248000000,23.62,0,2,2,-5.170283763384062,4.517245641912752,4.616901816997147,-5.277104651559469,4.789149563051961,4.959860830208834,78.02137613296509
-6.201656132817683,7.968516640433846,6.382125297973729,-3.87865137333203,6.138706806031727,4.990894497519342,-0.5369937662795625,-0.003159513098210257,0.0036773600124793693,0.8435722787510334,-0.056162164776245714,-0.1503190602463928,0.2140145650772344,-0.004228737680023187,0.0014473508940682223,-0.0031832117656449554,14890,493000000,23.64,0,2,2,-5.170283763384062,4.517245641912752,4.616901816997147,-5.31302077835409,4.81362412290755,5.016358600791495,78.3775475025177
-6.284883614466956,7.930206020270921,6.445589727654783,-3.908556960395647,6.1680610959795485,5.046058996486424,-0.5366250987824008,-0.002991234856018218,0.0030837145620944426,0.8438098402930094,-0.051589535086423076,-0.14986955423244666,0.21301744808566134,-0.006864824945296277,0.0014973334828027873,-0.0026982205326930853,14890,739000000,23.68,0,2,2,-5.170283763384062,4.517245641912752,4.616901816997147,-5.355442337010657,4.83621863249326,5.0777271316708115,78.70564246177673
-6.284883614466956,7.930206020270921,6.445589727654783,-3.936459603350754,6.1940754749883515,5.096848569411742,-0.536448260348756,-0.0027371188444122734,0.0023131879511322207,0.8439256017628137,-0.046990303003878874,-0.14941045469193245,0.2123786135420259,-0.0073198206337110605,0.001787713449630246,-0.0008553823874990485,14891,1000000,23.73,0,2,2,-5.170283763384062,4.517245641912752,4.616901816997147,-5.40067974641096,4.8555879384341605,5.139094449326796,79.03819847106934
-6.368216324575463,7.888442969334668,6.506142932007221,-3.9670218714261445,6.220965816574419,5.151768429606102,-0.536443449095274,-0.0024785887411549632,0.001457886947130657,0.8439313698910994,-0.04191232859697389,-0.14871285206297805,0.21144711758300322,-0.005654875394611736,0.0017634746768635523,-9.711651713928404e-05,14891,252000000,23.8,0,2,2,-5.170283763384062,4.517245641912752,4.616901816997147,-5.441535572149702,4.873758413140105,5.195285582516023,79.3916985988617
-6.451543150187733,7.8433436918687205,6.563662964936059,-3.9954514284481166,6.244697440243766,5.202168847328469,-0.5363879488473311,-0.0022897934334527143,0.0007967289071954179,0.8439680624291617,-0.03780940658597084,-0.14791369904247248,0.2097786198156797,-0.007232117650346481,0.0017111311649387062,-0.00018750509553910888,14891,506000000,23.91,0,2,2,-5.170283763384062,4.517245641912752,4.616901816997147,-5.482026213994815,4.896342963008315,5.255192064296893,79.75289154052734
-6.451543150187733,7.8433436918687205,6.563662964936059,-4.028922409212631,6.2709990949532495,5.260572798128187,-0.5365190784365046,-0.0019923928061841407,-0.00018564592204924242,0.8438858183309761,-0.032290159190395615,-0.1472159518952754,0.20810968452564316,-0.007416688640660141,0.0020718377754747053,0.002193300383623864,14891,755000000,24.02,0,2,2,-5.170283763384062,4.517245641912752,4.616901816997147,-5.513153370895016,4.922320020161546,5.308973719330305,80.1120240688324
-6.534755148665063,7.795031808684679,6.618033988749895,-4.062826069175212,6.295727139391279,5.318612202509402,-0.5368485980797231,-0.0017442183359114513,-0.0011067362418731494,0.8436760726588868,-0.027015344802423135,-0.1465103303759921,0.206325228227707,-0.005532141267394763,0.001914238555400516,0.002674478969311167,14892,18000000,24.18,0,2,2,-5.542071820980294,4.958662553348113,5.369795822121618,-5.542071820980294,4.958662553348113,5.369795822121618,80.58204078674316
-6.61774586818253,7.743638077079121,6.669146507442605,-4.10067217280171,6.3235709247724,5.384278148921795,-0.5368640908410943,-0.0012206508559080992,-0.002382451052848898,0.8436644960550571,-0.04558139408940416,-0.13776814702403897,0.20353026508998945,-0.01443732726329472,0.0004937818147254802,-0.006865860905236332,14892,302000000,24.38,0,2,2,-5.542071820980294,4.958662553348113,5.369795822121618,-5.564679160234633,5.000018072996017,5.42869935269323,81.00540971755981
-6.700411658799133,7.689300091909045,6.716897587203731,-4.129791468496349,6.3639647816194,5.453421214307286,-0.5345995074159904,-0.00044068204919454424,-0.0029348540486847674,0.845100324873695,-0.09838441436498335,-0.12192745720693346,0.2025581386161645,0.0070078454882605,-0.006107407716626767,-0.03016830323758768,14892,619000000,24.58,0,2,2,-5.542071820980294,4.958662553348113,5.369795822121618,-5.585437702407104,5.050957815924646,5.494080788178521,81.46278214454651
-6.7826519732040484,7.632161968564601,6.761191063713475,-4.149498530581694,6.42483667746166,5.530950487505464,-0.5289857170602311,5.154243095591989e-05,-0.0009839475465288805,0.8486301552130212,-0.1361509644406673,-0.11486494989906312,0.20408942929901905,0.008043800335144624,-0.007255059517774498,-0.03168587245454546,14892,960000000,24.42,0,2,2,-5.542071820980294,4.958662553348113,5.369795822121618,-5.606823938958242,5.1048170125725045,5.56232164118471,81.96018815040588
-6.7826519732040484,7.632161968564601,6.761191063713475,-4.160873932734626,6.474276341944302,5.5881980334079815,-0.5257829878908841,0.00016262684383886483,0.0005045942165834101,0.850618579965028,-0.13308875028862238,-0.11772827859231264,0.2039351316382072,0.01217169119627215,-0.004340720852269442,-0.01412841011187993,14893,343000000,23.68,0,2,2,-5.542071820980294,4.958662553348113,5.369795822121618,-5.645079980688464,5.152002247277077,5.640095167186097,82.35866355895996
-6.864369656274056,7.572374008627096,6.801937735804837,-4.177176312826406,6.518740156775639,5.644812427576989,-0.5255992230686475,-0.0004674090884772221,0.0020052357001102044,0.8507298144935116,-0.09939571159266132,-0.12694869327167846,0.20090211631188454,0.011622169949987438,0.0006385797348684719,0.00964902610576246,14893,632000000,23.22,0,2,2,-5.542071820980294,4.958662553348113,5.369795822121618,-5.683831269342322,5.177299615969052,5.699110921531726,82.73253297805786
-6.945471222611875,7.510092349047391,6.839055545102902,-4.198042712195766,6.553561537737981,5.696269133209183,-0.5274837594671469,-0.0013902204501277766,0.0028596992134510063,0.8495591638643618,-0.0700454052831566,-0.13334272350310514,0.1965639209826064,0.004211269470033585,0.004123242524656234,0.022608451945416164,14893,900000000,23.19,0,2,2,-5.542071820980294,4.958662553348113,5.369795822121618,-5.72658025274534,5.19863617437855,5.758750287011219,83.10778641700745
-7.025867121271975,7.445478595724748,6.872469741279475,-4.22569550452731,6.584431292214007,5.750342741719561,-0.5304985009959279,-0.002209177099339018,0.0027730100113816446,0.8476784593187995,-0.0428932447979088,-0.1380553028792087,0.19174190413100814,-0.0008649959397644125,0.0055750898354745,0.024391041733906604,14894,170000000,23.45,0,2,2,-5.762015803416111,5.221290722276543,5.812510703113767,-5.762015803416111,5.221290722276543,5.812510703113767,83.48171162605286
-7.10547198691976,7.378699442408728,6.902113032590307,-4.257570009560362,6.609384174054188,5.803116670960612,-0.5330098920150639,-0.002738641258909035,0.0021635527029675436,0.8461018105983737,-0.020947236263864397,-0.14149760942532658,0.18728115164089404,-0.0038930439586692955,0.0050033818752126535,0.016822268116811756,14894,444000000,23.91,0,2,2,-5.7940149925047315,5.2500504101456285,5.868071240441139,-5.7940149925047315,5.2500504101456285,5.868071240441139,83.86658811569214
-7.10547198691976,7.378699442408728,6.902113032590307,-4.290065708125385,6.628214113478022,5.851086911805292,-0.5343436988604087,-0.003184729120598907,0.0018043921913090196,0.8452593762611718,-0.004949883463264635,-0.14441520169948352,0.18381709164475596,0.01188054393423954,0.0026128523586521624,0.003653553176263813,14894,726000000,24.32,0,2,2,-5.7940149925047315,5.2500504101456285,5.868071240441139,-5.8206681992244915,5.282427223268845,5.921333933912792,84.24329614639282
-7.184204876711098,7.309926275887015,6.9279257213917065,-4.33896109034625,6.649844557975276,5.9161437152376575,-0.5329690000684839,-0.004298391411759123,0.003485516419720857,0.8461166704258696,0.010411610515477537,-0.1489227876253723,0.17995036934408482,0.010017523254646221,-0.0012336634767962096,-0.018742996326182038,14894,996000000,24.59,0,2,2,-5.7940149925047315,5.2500504101456285,5.868071240441139,-5.841971387479299,5.314525845583394,5.968929320175139,84.69594597816467
-7.261989492222686,7.239334768459573,6.949855824363647,-4.390872243209022,6.668501710267564,5.979466776688651,-0.529307511006601,-0.004702324932931017,0.004676471929993033,0.848404135741045,0.01839532391017455,-0.15072632443909167,0.17570298941361867,0.003302588356746128,-0.0016203360814870393,-0.028912682137161028,14895,344000000,24.52,0,2,2,-5.7940149925047315,5.2500504101456285,5.868071240441139,-5.868550344177094,5.360116826850426,6.032196925065397,85.16316270828247
-7.338754385808782,7.16710445873456,6.967859177197259,-4.439553499516313,6.686500527426622,6.037951272211432,-0.5245940851731222,-0.004315993463179387,0.004636838185246754,0.8513289127789826,0.0020968909602471753,-0.14520640240081503,0.17304125745001026,-0.009111077906709397,-0.0019896135654562386,-0.03881377124343999,14895,714000000,24.11,0,2,2,-5.7940149925047315,5.2500504101456285,5.868071240441139,-5.893319758024747,5.405682051341389,6.092438392799433,85.64261102676392
-7.414433150806786,7.093418321813691,6.981899523535869,-4.4772295682318255,6.712053504497301,6.092707928575948,-0.518874719046819,-0.0031093225358738152,0.0035407966139241786,0.8548373066302097,-0.03861403414736791,-0.13339149863732302,0.17262323009544617,-0.011902926416951232,-0.002908646820287686,-0.0437578735727584,14896,46000000,23.52,0,2,2,-5.916206579681445,5.447707597184405,6.146796039019539,-5.916206579681445,5.447707597184405,6.146796039019539,86.07090163230896
-7.488964595062717,7.018462329964086,6.991948587990478,-4.50183668840485,6.743043699184371,6.140733076210435,-0.5136897690470953,-0.0019286550322096696,0.0025141178054614815,0.857970151390926,-0.07171617990094056,-0.12293682236691814,0.17062580897894622,-0.00939499341257033,-0.0032845000532688573,-0.04012255958514288,14896,366000000,22.72,0,2,2,-5.938075614648431,5.485648779966918,6.1958475164220665,-5.938075614648431,5.485648779966918,6.1958475164220665,86.45242309570312
-7.562292897297591,6.942425004900163,6.997986133082629,-4.519842893620681,6.779467119514655,6.187319548288075,-0.5093196287745853,-0.0011385957982492313,0.0020956786576892435,0.8605741266593429,-0.09333460289099652,-0.11377373194074325,0.16349522656129437,0.0037834415252291365,-0.003282148713878996,-0.0328086538502248,14896,641000000,21.92,0,2,2,-5.938075614648431,5.485648779966918,6.1958475164220665,-5.957538842157483,5.517542913808013,6.237060271934497,86.83637762069702
-7.562292897297591,6.942425004900163,6.997986133082629,-4.5342610806445185,6.822389560898717,6.235035258070897,-0.505507627427622,-0.0010075868166409976,0.0028206992646090823,0.86281693715235,-0.10805316749444112,-0.10831284227584506,0.15640523492291591,0.004443229045136832,-0.002555641799517616,-0.02497491022950271,14896,925000000,21.21,0,2,2,-5.977374136782598,5.548128407532296,6.276709904733601,-5.977374136782598,5.548128407532296,6.276709904733601,87.25632882118225
-7.6343677458871,6.865496962822616,7.0,-4.544944705305194,6.864755227468247,6.277747092213044,-0.5028975243379716,-0.0010239725392892415,0.003427831756336882,0.8643386381878506,-0.11651257712202272,-0.10507385557878904,0.15030108149697852,0.0036434656294659362,-0.0014897679307068756,-0.018215656564279925,14897,229000000,20.55,0,2,2,-6.000671077014059,5.578021590432602,6.317707213126617,-6.000671077014059,5.578021590432602,6.317707213126617,87.63019394874573
-7.705144459679417,6.78787045338199,6.997986133082629,-4.554865095194604,6.91466816491092,6.324236161822211,-0.5008237714207087,-0.0011000537309406864,0.003884306691864523,0.8655398616027168,-0.12186782690440945,-0.10162837310261948,0.14241183111360475,0.001801674568469025,-0.00042547919463231665,-0.01153464500021073,14897,509000000,20.05,0,2,2,-6.000671077014059,5.578021590432602,6.317707213126617,-6.03330520605053,5.595697905140857,6.355914768812838,88.04975509643555
-7.774584090529587,6.709738893751633,6.991948587990478,-4.564325147685032,6.967566258923654,6.370883932865096,-0.49973579630844744,-0.0013158173456578994,0.004214619284753321,0.8661666349478945,-0.11240096458462016,-0.1016728475888791,0.13437936608451378,0.003667615578706318,0.0011018367786164163,4.2355267737548274e-05,14897,831000000,19.6,0,2,2,-6.000671077014059,5.578021590432602,6.317707213126617,-6.08362221323086,5.603902493281811,6.399899842651508,88.49746441841125
-7.842653507283326,6.631296399009046,6.981899523535869,-4.5789197458381174,7.014045337541216,6.414853767132019,-0.5007116828505227,-0.0018710001548489388,0.004513824282981729,0.8656003323738735,-0.07375242456370895,-0.10862452218097043,0.12650961198575622,0.0028385704581523896,0.0026667928523238515,0.015590336079185363,14898,166000000,19.3,0,2,2,-6.000671077014059,5.578021590432602,6.317707213126617,-6.1484678664291135,5.602035829051452,6.446770514467335,88.97986268997192
-7.909325460998192,6.552737310035547,6.967859177197259,-4.599472315329192,7.042427892991247,6.449007176878086,-0.5030787258409906,-0.002413430453092538,0.0045187378019796234,0.8642254057642198,-0.029857789200035345,-0.11677918346386162,0.11989361752434961,-0.0003223633768811851,0.0033936671115952777,0.021927934358245693,14898,515000000,19.31,0,2,2,-6.000671077014059,5.578021590432602,6.317707213126617,-6.217509806794781,5.595525171939351,6.492671636015765,89.36673545837402
-7.909325460998192,6.552737310035547,6.967859177197259,-4.628296078056658,7.060859280446138,6.48121162368667,-0.5057191149331925,-0.0027548188788674545,0.004124988682299342,0.8626839353045261,0.013447372386382283,-0.12422941293524517,0.11269961067516857,-0.003640459135567653,0.0032023052881413605,0.01853791472967714,14898,785000000,19.56,0,2,2,-6.000671077014059,5.578021590432602,6.317707213126617,-6.269731067250475,5.592832911141458,6.528205114692267,89.74686408042908
-7.974578631245801,6.47425572015198,6.949855824363647,-4.664077525093379,7.070353865101492,6.511351898910714,-0.5073269501505958,-0.002857076495083545,0.0034690745564020984,0.8617419383356703,0.04858649258484453,-0.12942283472112134,0.10537194523700844,-0.004238437850290211,0.002381223248448805,0.005683087920260732,14899,60000000,19.86,0,2,2,-6.315233972873866,5.594454102191236,6.56080848023364,-6.315233972873866,5.594454102191236,6.56080848023364,90.12973046302795
-8.038397653394853,6.396045001712609,6.9279257213917065,-4.701953504885298,7.072782427405668,6.537568826045774,-0.50721949247248,-0.0027624262399232203,0.0028022548039490737,0.8618079268753811,0.07425963511421045,-0.13224424441957333,0.09879289653613889,-0.007593337477374007,0.0016347328596566513,-0.007890312372182962,14899,339000000,20.07,0,2,2,-6.315233972873866,5.594454102191236,6.56080848023364,-6.355314591223845,5.599462355055593,6.59044452816228,90.50862741470337
-8.10077312683108,6.318297333880579,6.902113032590307,-4.746445657082177,7.069868873313258,6.5638532200031765,-0.505363993047927,-0.002580531546577899,0.0021805811853886506,0.862899658392148,0.0964487019423361,-0.13393605050129198,0.09143593446009286,0.0024397169227086124,0.0001729980198206249,-0.024957809910119977,14899,599000000,20.07,0,2,2,-6.388885943158862,5.606347211978888,6.615534716634812,-6.388885943158862,5.606347211978888,6.615534716634812,90.88925695419312
-8.161701604126613,6.241203232806258,6.872469741279475,-4.79053429687473,7.0633534890915834,6.586468776913961,-0.5017372542460679,-0.0026395422596783517,0.0024404010413106693,0.8650126039318926,0.11278744527018447,-0.13502286429721957,0.08489404575258627,0.0008230228218053526,-0.0009142633643932641,-0.03825856329058297,14899,883000000,19.86,0,2,2,-6.388885943158862,5.606347211978888,6.615534716634812,-6.422229293838503,5.615244391597707,6.640065330442527,91.26050662994385
-8.161701604126613,6.241203232806258,6.872469741279475,-4.836725549282962,7.053963427698662,6.607300589969448,-0.4969321083606162,-0.0025412550035729077,0.002584271374789211,0.8677818523366003,0.12659228199935757,-0.13494304254338502,0.07784369923736849,0.0005452682330542302,-0.00121438685027897,-0.04646764245990198,14900,148000000,19.43,0,2,2,-6.388885943158862,5.606347211978888,6.615534716634812,-6.4514265881915165,5.624130870307283,6.660564087366035,91.63148880004883
-8.221185561227667,6.164951085424454,6.839055545102902,-4.899572720408289,7.038237434733831,6.631686507871141,-0.48950073280312445,-0.0023191891623861294,0.0027151612495653946,0.8719955744418786,0.1410883505213005,-0.13355160127869362,0.06833151358855535,-0.0006506412034923414,-0.0014207088952389313,-0.05312303801474627,14900,410000000,18.84,0,2,2,-6.388885943158862,5.606347211978888,6.615534716634812,-6.479627772309402,5.633095610148398,6.6789441840932025,92.07930374145508
-8.279233348785443,6.08972668807787,6.801937735804838,-4.971057159566065,7.0183581665610975,6.655348774987675,-0.48035591321211657,-0.001860629272823336,0.002490232713731816,0.8770681464070474,0.14001108405979965,-0.12778172685332942,0.05846717993120236,-0.003868673638862674,-0.0013142109992259066,-0.05681986003764905,14900,740000000,17.94,0,2,2,-6.388885943158862,5.606347211978888,6.615534716634812,-6.515675705742888,5.644277329233306,6.6997990963122795,92.56518745422363
-8.335859124810902,6.015712791162399,6.7611910637134764,-5.037104122928649,7.002903966757393,6.675512399744257,-0.4707143817281657,-0.001251386787014331,0.001862264805583875,0.882282798673517,0.11115088945143395,-0.11689278817791127,0.04949659430093235,-0.0051550760872487444,-0.0005619462001504871,-0.058766816437128,14901,123000000,16.81,0,2,2,-6.388885943158862,5.606347211978888,6.615534716634812,-6.555289607096661,5.655753544575483,6.719172457252562,93.08766055107117
-8.391082768889193,5.94308865097476,6.716897587203732,-5.078300181910244,6.998485169230434,6.68839235698537,-0.4634726300244021,-0.000855583545858269,0.0012906378597776814,0.8861098822657236,0.08098233685698522,-0.10847911903594924,0.04359964994876871,-0.005262140575723606,-5.4837552809772205e-05,-0.05739476873714011,14901,516000000,15.6,0,2,2,-6.388885943158862,5.606347211978888,6.615534716634812,-6.594815294548729,5.665531528342136,6.734387812925523,93.47702240943909
-8.444929778243836,5.8720295899248365,6.669146507442606,-5.112742525108424,7.000541118673985,6.699671305007543,-0.4566019223826785,-0.0005559820609509171,0.0006392832997892193,0.8896707068782543,0.051624833336767706,-0.10167768288175283,0.03761267575250389,-0.00566993121537962,0.0006147175554360729,-0.05113229781272821,14901,794000000,14.66,0,2,2,-6.388885943158862,5.606347211978888,6.615534716634812,-6.6241904864714,5.671371778701687,6.7428577011418245,93.84787034988403
-8.444929778243836,5.8720295899248365,6.669146507442606,-5.141865251263942,7.0078387397649164,6.709273106023079,-0.4508121813481082,-0.0003091291607658042,-6.377099324206696e-05,0.8926187750213316,0.03073449634233375,-0.09766993445724877,0.031259364796674224,-0.005227371229921118,0.0008149138182034221,-0.04110160261916462,14902,76000000,13.73,0,2,2,-6.388885943158862,5.606347211978888,6.615534716634812,-6.653735753172822,5.6761942192725705,6.749169588653851,94.2153639793396
-8.497431145994403,5.8027065662537485,6.618033988749895,-5.169018271702696,7.019735131358091,6.717566266304917,-0.4460145031546574,-8.760852047786971e-05,-0.0007760565377283798,0.8950253923977247,0.015252797522217981,-0.09526601266946894,0.024338830270620358,-0.004949844969814876,0.0007607893394379062,-0.0302906319120666,14902,350000000,12.91,0,2,2,-6.683537184240113,5.679890017499297,6.753308099651616,-6.683537184240113,5.679890017499297,6.753308099651616,94.61599206924438
-8.548623222003824,5.735285754374287,6.56366296493606,-5.191927469407027,7.033291469431313,6.723522550455836,-0.44276658173830147,0.0001275342415699511,-0.0013655929178161014,0.8966358642095351,0.013022247185299748,-0.09343874750082529,0.017116729906775503,-0.0040777039430395234,-0.0004217485269464305,-0.01998213519982528,14902,641000000,12.18,0,2,2,-6.683537184240113,5.679890017499297,6.753308099651616,-6.715829998646642,5.6825478253409125,6.75529826125989,94.99808597564697
-8.59854755676286,5.6699281369230485,6.506142932007222,-5.2176705900916085,7.045107664148526,6.727109018693679,-0.4406370101256439,0.0004199935796216827,-0.0015530515130158483,0.897683929311383,0.027820835243182747,-0.09102076748321844,0.00638946597208747,0.002848101462404884,-0.0019484342374198604,-0.015442939366039354,14902,935000000,11.64,0,2,2,-6.683537184240113,5.679890017499297,6.753308099651616,-6.746222633216728,5.683975402852477,6.7550576651850935,95.38622379302979
-8.647250728809183,5.6067891095832305,6.4455897276547836,-5.24506423008503,7.05391277557456,6.727392856302521,-0.438397665639534,0.0005282148172269572,-0.0010619270664214003,0.898780329147128,0.034881531913330314,-0.08897194993310435,-0.004765741684529664,0.002678389887478261,-0.00175744461330396,-0.017400480464857537,14903,218000000,11.24,0,2,2,-6.683537184240113,5.679890017499297,6.753308099651616,-6.779224283707044,5.684291561553835,6.752488199129528,95.7996072769165
-8.647250728809183,5.6067891095832305,6.4455897276547836,-5.26855228879901,7.060962624963898,6.724922252744545,-0.4363118341869259,0.0005554257660561493,-0.0007391546542499031,0.8997950480531975,0.031879603631512966,-0.08648895916885822,-0.014413162643224883,0.0015781032061568112,-0.00046898437062736775,-0.018723670473264065,14903,522000000,10.85,0,2,2,-6.683537184240113,5.679890017499297,6.753308099651616,-6.8128055598467725,5.683263280067068,6.747398916257906,96.1889660358429
-8.694784156227092,5.546018099703973,6.3821252979737295,-5.29171790143273,7.06999075958505,6.7193954532402325,-0.43383251897999087,0.0004529441162634693,-0.000642126237060059,0.9009931897583904,0.02104486601403504,-0.08343276584546791,-0.024702622781511065,-2.7335212138268616e-05,0.0008243665604368289,-0.0203159281227272,14903,785000000,10.51,0,2,2,-6.683537184240113,5.679890017499297,6.753308099651616,-6.842315025377905,5.681307443625671,6.741004150182656,96.55970168113708
-8.741203892820776,5.487758199706242,6.315877451879426,-5.312540505888989,7.080846300217734,6.711196013671891,-0.431259355958418,0.0003428339185037173,-0.0007339120916770361,0.9022276385349078,0.012529489696895981,-0.08127831941276871,-0.03397242131038879,-0.0005117802686527284,0.0010380498792983417,-0.019630120186775457,14904,61000000,10.1,0,2,2,-6.683537184240113,5.679890017499297,6.753308099651616,-6.87448435083525,5.6781993546386955,6.732157269887126,96.93304491043091
-8.786570409599188,5.43214581622669,6.246979603717468,-5.330404714814007,7.092107037507677,6.7012164983698606,-0.42907760563621067,0.0002650380100969924,-0.0008694024002302615,0.9032671710163145,0.00743689968451684,-0.0800539756004592,-0.04288751442787551,-0.0010353059565204603,0.0007841569242827973,-0.01698608793958556,14904,342000000,9.68,0,2,2,-6.683537184240113,5.679890017499297,6.753308099651616,-6.907156188215865,5.674001566804714,6.721129707141549,97.31388282775879
-8.786570409599188,5.43214581622669,6.246979603717468,-5.347394073021029,7.10408653292309,6.688856335207477,-0.42728584289332455,0.000255199168428958,-0.0010197782775033751,0.9041159789477178,0.004541872174798558,-0.07932372340340936,-0.0522698235604467,-0.0007741384024484432,0.00029402783923160314,-0.013445171771309106,14904,604000000,9.31,0,2,2,-6.683537184240113,5.679890017499297,6.753308099651616,-6.93780308751876,5.6692638721713005,6.709175303097108,97.67568278312683
-8.830948362253947,5.379310335909869,6.175570504584947,-5.363891142058058,7.116428884676305,6.67402367895983,-0.4258935405075259,0.000299000024480633,-0.0011427231114251276,0.9047725111523008,0.0030968472739611726,-0.07880776540177545,-0.061564819276110884,-0.001746877512687206,-5.175389254929996e-05,-0.010523892524361145,14904,867000000,8.98,0,2,2,-6.683537184240113,5.679890017499297,6.753308099651616,-6.968719681684791,5.663763598219477,6.695628524385392,98.05207538604736
-8.874406345352918,5.329373808715595,6.101793962904206,-5.381325602238121,7.129976500360437,6.655549428338722,-0.42470870848799835,0.000408574966997861,-0.001331203388773584,0.905328986555987,0.0022601435961006333,-0.07857917373526999,-0.07066270393494536,-0.0009701542467155377,-0.0003091592645887431,-0.007966411340021295,14905,129000000,8.69,0,2,2,-6.9999665992468705,5.657460614344531,6.680337219930086,-6.9999665992468705,5.657460614344531,6.680337219930086,98.430917263031
-8.917016634011365,5.282450649562469,6.0257985548118125,-5.399370512938588,7.1428262217241105,6.634526656461452,-0.4239457582381516,0.0006216376177434169,-0.0014457309104145787,0.9056862135975603,0.02238522055170699,-0.07897978455066003,-0.07896032998823885,-0.00241691714109038,-0.00359130924607598,-0.0019123107335872191,14905,399000000,8.42,0,2,2,-7.033894445159623,5.649908956879139,6.6621397683877195,-7.033894445159623,5.649908956879139,6.6621397683877195,98.8147668838501
-8.917016634011365,5.282450649562469,6.0257985548118125,-5.423399929490461,7.146374524201302,6.613316747856861,-0.4240372860665252,0.0014565993695006079,-0.001466949733332459,0.9056423722430904,0.07235901663641708,-0.07969547760761339,-0.08474136009261655,-0.004903249146082089,-0.006995597595960135,0.000650740025776031,14905,682000000,8.2,0,2,2,-7.033894445159623,5.649908956879139,6.6621397683877195,-7.068113509076984,5.641616674386581,6.642230573681712,99.19191026687622
-8.95885491383951,5.238647359080432,5.947737324945998,-5.45814575499483,7.13972683147739,6.588822381674551,-0.4238402808921172,0.002680928376092286,-0.001624130306145864,0.9057315226473471,0.11902790837730623,-0.07950087851198585,-0.09086829261367571,-0.004935217839374673,-0.007557028084193007,-0.0041216359477402875,14905,954000000,8.12,0,2,2,-7.100182640262717,5.633235178009221,6.622050819476311,-7.100182640262717,5.633235178009221,6.622050819476311,99.5733654499054
-9.0,5.198062264195162,5.867767478235117,-5.500211816630794,7.124149574189169,6.562973744343651,-0.4229503924017749,0.003845713989863581,-0.0017138930336819702,0.9061430563778335,0.15534675462385916,-0.07856834506932545,-0.09605593045273308,-0.0026651995085558156,-0.006691646831313847,-0.010996284254360944,14906,229000000,8.04,0,2,2,-7.100182640262717,5.633235178009221,6.622050819476311,-7.135038641787523,5.623470217565533,6.598378798422404,99.94385933876038
-9.040533546240905,5.160785279215,5.786050063307848,-5.544343897399553,7.10344141820827,6.537667413461286,-0.4211916677302606,0.004684243926194588,-0.0016744154564953854,0.9069580107294496,0.18180922720051465,-0.07736361191127847,-0.10182314002830033,-0.0022942884470467106,-0.005137196785653941,-0.019390310080780182,14906,499000000,7.9,0,2,2,-7.100182640262717,5.633235178009221,6.622050819476311,-7.1701127103909945,5.613064214975388,6.57299381980138,100.3213963508606
-9.040533546240905,5.160785279215,5.786050063307848,-5.611608989836186,7.067198387319996,6.500126758094457,-0.4171297930378066,0.005456858766768615,-0.0016210375087536118,0.9088290987254046,0.20976779188265904,-0.07499606946749263,-0.11094997190506603,-0.00037123592449006537,-0.0032330187650586595,-0.029432945666485466,14906,775000000,7.69,0,2,2,-7.100182640262717,5.633235178009221,6.622050819476311,-7.20288159689182,5.6028583536373135,6.547894717697429,100.74887919425964
-9.080539744799685,5.126897688037298,5.702749648162686,-5.687343554941622,7.0231188696422455,6.457125627272371,-0.4114560914010847,0.005761213977929244,-0.0014153349845105819,0.9114102753915627,0.2167910039589142,-0.07117415172233146,-0.11997459269474979,0.001346976557670132,0.00013244553542790527,-0.03653735875559505,14907,118000000,7.21,0,2,2,-7.100182640262717,5.633235178009221,6.622050819476311,-7.2486896602237785,5.58780816171349,6.510469963458796,101.2771646976471
-9.120105018100498,5.096471948035492,5.618033988749896,-5.7565145825813895,6.983464473159806,6.41328624863352,-0.4051638439786685,0.005134332423402589,-0.001032009859362745,0.9142290922513052,0.1933108936593346,-0.06693678051749404,-0.12893594156543137,0.0062237219481176,0.005718519651054521,-0.04008420473837759,14907,502000000,6.55,0,2,2,-7.100182640262717,5.633235178009221,6.622050819476311,-7.297458506461332,5.570895256099792,6.4676580112568205,101.76293087005615
-9.159317703191736,5.069571516131274,5.532073691133351,-5.807339146201239,6.957422267428238,6.373827810403198,-0.3996289802386365,0.0038040436028995315,-0.0006604756868815672,0.9166688448821425,0.16261779683896727,-0.06438323838504455,-0.13767614006857926,0.006961290955587174,0.008157433239830425,-0.039953515806701034,14907,876000000,5.81,0,2,2,-7.100182640262717,5.633235178009221,6.622050819476311,-7.343895305915968,5.554117848787505,6.424335918434078,102.13161635398865
-9.198267729892216,5.046250697497813,5.44504186791263,-5.851929848768653,6.93810846489968,6.331287970493838,-0.39429928260907143,0.0022707956309465584,-0.0002886293137583018,0.918979235845018,0.13566510773066084,-0.06360655625449058,-0.1479337375993935,0.006694728017464513,0.007797310627211118,-0.036256135354051366,14908,168000000,5.13,0,2,2,-7.100182640262717,5.633235178009221,6.622050819476311,-7.382813092560122,5.539603974717753,6.386182366494426,102.54128885269165
-9.237046293633338,5.026554517280455,5.357113789597274,-5.891827011016949,6.924352478964757,6.285345593683938,-0.38966784407537053,0.0009853580355882196,0.00014504797066474816,0.9209549279548268,0.11527043296048323,-0.06451965309500611,-0.1593422918250112,0.006384136804626905,0.0050979870138689876,-0.029695442026422825,14908,477000000,4.48,0,2,2,-7.424389554857892,5.523770439047107,6.343790631984586,-7.424389554857892,5.523770439047107,6.343790631984586,102.94050455093384
-9.275745524000433,5.010518615660784,5.268466531635312,-5.931215336459709,6.9139787885255375,6.232492578834761,-0.3859388168168241,0.00026277694408240084,0.000790140112122893,0.9225240031028519,0.11262114560982724,-0.06585254154686022,-0.1685093545373746,0.005061338151790551,-0.0020701564380942727,-0.01939664925885154,14908,772000000,3.85,0,2,2,-7.424389554857892,5.523770439047107,6.343790631984586,-7.4608640239050015,5.509606668838152,6.305115861801776,103.35571312904358
-9.275745524000433,5.010518615660784,5.268466531635312,-5.9681667083679235,6.9027725872726196,6.184946865696936,-0.383814902857361,0.0007522950827460487,0.0012668306679027366,0.9234088745170048,0.12624771339211602,-0.06508822804311405,-0.17152282862609133,-0.006674040196230635,-0.004829134286410408,-0.016193890223803464,14909,89000000,3.35,0,2,2,-7.502692252071364,5.4931080672951955,6.258914906917725,-7.502692252071364,5.4931080672951955,6.258914906917725,103.74000883102417
-9.314458149989589,4.998169166528449,5.179278617806868,-6.015338562381104,6.8858523372917775,6.126109096306372,-0.3812434116236857,0.0019771550780575244,0.0004934709683050198,0.9244724487175017,0.14657789546588806,-0.06104822504101608,-0.1739174236775232,-0.007537145756941754,-0.006995690773692331,-0.014441032817558153,14909,363000000,3.04,0,2,2,-7.502692252071364,5.4931080672951955,6.258914906917725,-7.539290372972703,5.478503137773202,6.217035139582663,104.19543170928955
-9.353277163006274,4.989522819963038,5.089729660701031,-6.068655367772921,6.861661700900751,6.067254914857758,-0.37901791193806306,0.0034607202577109286,0.00011950109943558167,0.9253828567489759,0.16586573217843947,-0.05799762821799559,-0.17508437827954576,-0.0028412485335138626,-0.005262879221845651,-0.015960417294991203,14909,706000000,2.68,0,2,2,-7.502692252071364,5.4931080672951955,6.258914906917725,-7.583704117535726,5.460607191234953,6.164495811223677,104.64601135253906
-9.392295478639225,4.9845866686656395,5.000000000000001,-6.1283517360605115,6.833722253620743,6.000360583403861,-0.37581071957496637,0.0038923604245009727,0.00015826789641822103,0.9266882580102894,0.151140209252806,-0.05604712535601232,-0.1807688891238174,0.0018736773085947789,0.002153806099158828,-0.021176748487050645,14910,55000000,2.38,0,2,2,-7.628202793558681,5.442577642052825,6.110000313076643,-7.628202793558681,5.442577642052825,6.110000313076643,105.12324452400208
-9.431605598247117,4.983358238416682,4.910270339298971,-6.1763136250365065,6.813987290120595,5.938215015249783,-0.37235771519987293,0.003214408391978305,0.0003151923984901666,0.9280836708851048,0.13662896589852924,-0.0554515980728532,-0.1858751581703838,0.003470456249488052,0.002536725514801219,-0.021427236788440496,14910,426000000,2.02,0,2,2,-7.677817009448678,5.4224092159459465,6.047406692233558,-7.677817009448678,5.4224092159459465,6.047406692233558,105.57491540908813
-9.47129927139662,4.985825502573428,4.820721382193134,-6.223188784169342,6.795485864911031,5.874815889741186,-0.36907408024793537,0.002881271759054605,0.0004164466722881271,0.9293954207625299,0.13645388231937483,-0.05469054629894735,-0.18879819715657498,-0.0014122690686235728,0.000876237038482941,-0.020133645557507407,14910,764000000,1.72,0,2,2,-7.677817009448678,5.4224092159459465,6.047406692233558,-7.722268299535758,5.404338049767168,5.989668486714704,106.0075523853302
-9.511467160188488,4.991966920557292,4.73153346836469,-6.269491197543354,6.777443716713248,5.810274924584812,-0.3659466655000185,0.0027908049893339746,0.0001382734791667761,0.9306316297533488,0.1284212401721495,-0.05355318862796001,-0.19324509355777358,-0.0012129822380302357,0.0023749341835355153,-0.019552874073269777,14911,97000000,1.52,0,2,2,-7.677817009448678,5.4224092159459465,6.047406692233558,-7.766628190432076,5.386346752839095,5.930781571324823,106.4590470790863
-9.552198506503384,5.001751500218027,4.642886210402727,-6.304775548391372,6.765278926009844,5.755616349922728,-0.3634275980924256,0.002390582335846241,-7.063919904955131e-05,0.9316193756416671,0.1124257167601681,-0.05348130803502484,-0.1990509555009007,0.0017486381011622143,0.004242460636305623,-0.0189558681086055,14911,437000000,1.44,0,2,2,-7.677817009448678,5.4224092159459465,6.047406692233558,-7.811030824237482,5.36851124057361,5.870633785710085,106.84413766860962
-9.552198506503384,5.001751500218027,4.642886210402727,-6.334228903986754,6.757468782021947,5.703043263702065,-0.36118906539134854,0.0016996970826692658,-4.425531916069916e-05,0.9324910552455814,0.09502198337805695,-0.05487095738373156,-0.20637606952077986,0.004242449904268142,0.005021410015615402,-0.017590880088391714,14911,720000000,1.52,0,2,2,-7.677817009448678,5.4224092159459465,6.047406692233558,-7.847578499898435,5.354011651782695,5.819878182154068,107.21188449859619
-9.593580803191154,5.015138883899101,4.554958132087372,-6.362990720572123,6.752699899595782,5.644060484096334,-0.3590416434939109,0.000903819311219362,0.00016964745235370515,0.9333210876046817,0.08010324978821705,-0.05743767933641697,-0.21500896849778778,0.002560984989941062,0.00419212447013706,-0.015142387837840943,14911,989000000,1.71,0,2,2,-7.881242296699207,5.34076664509156,5.77188160527849,-7.881242296699207,5.34076664509156,5.77188160527849,107.60610699653625
-9.635699470216313,5.032079457966313,4.467926308866651,-6.389920879564603,6.7505069935812,5.582920296166472,-0.3573222417120701,0.0004027933230775414,0.0004651762969403991,0.9339809617687143,0.08414915540150379,-0.05924699525036407,-0.2191183844009527,0.006575309134859708,-0.002592320947769622,-0.008338092629855964,14912,268000000,2.0,0,2,2,-7.881242296699207,5.34076664509156,5.77188160527849,-7.917202427862509,5.3267479955606705,5.7194500030575535,107.9858615398407
-9.678637536758645,5.052514485500042,4.381966011250106,-6.42527567626781,6.742751891901312,5.517869451037827,-0.3567756958877045,0.0013479667436478117,0.0012808009759619058,0.9341882280131569,0.12328277140729185,-0.0591517491131973,-0.21514237681344373,-0.005209225446378696,-0.010638711955834879,-0.002067093078039761,14912,551000000,2.3,0,2,2,-7.881242296699207,5.34076664509156,5.77188160527849,-7.952944570608643,5.313049891897599,5.666070671858739,108.39048075675964
-9.678637536758645,5.052514485500042,4.381966011250106,-6.477924806403132,6.723596796691442,5.441316178073989,-0.3564143969369602,0.0034451137228613173,0.001406258053142325,0.9343205720125118,0.1586557817260405,-0.05724108483907926,-0.21234157661975156,-0.0017242218859792047,-0.010594559080345789,-0.0027710544600267895,14912,840000000,2.4,0,2,2,-7.881242296699207,5.34076664509156,5.77188160527849,-7.990913142359533,5.298751699555802,5.608103369789157,108.8668258190155
-9.722475330250953,5.076376261790822,4.297250351837315,-6.536619694225476,6.698822289691284,5.365374987491299,-0.35553841500810457,0.0048152192334055734,0.00167919535473849,0.9346477568689818,0.159044314955553,-0.05760039043113768,-0.21456311927535446,-0.0008846132971029874,-0.001333964007699251,-0.010798962739499984,14913,213000000,2.39,0,2,2,-7.881242296699207,5.34076664509156,5.77188160527849,-8.036195995110555,5.282131286459623,5.5375903875741965,109.36380410194397
-9.76729017331638,5.103588292218058,4.213949936692154,-6.581841821324603,6.682166086950895,5.300614439042113,-0.3536027422783967,0.004444273624068103,0.0016853939123556727,0.9353836157066855,0.1348758788061118,-0.059721242318734026,-0.2208328928412106,0.00534786845491908,0.005906289925405872,-0.01647511999181006,14913,569000000,2.45,0,2,2,-8.081304853275606,5.2661854892289925,5.465771848532956,-8.081304853275606,5.2661854892289925,5.465771848532956,109.818514585495
-9.813156089545181,5.134065492033123,4.132232521764885,-6.622299872609704,6.671161432541423,5.23366379626595,-0.3512082348814675,0.0031913622735640834,0.002131429959096592,0.9362895107628899,0.12135794880267126,-0.06295702648861778,-0.22475611362649559,0.007803394328220747,0.003977147980549489,-0.014919822842784924,14913,859000000,2.75,0,2,2,-8.081304853275606,5.2661854892289925,5.465771848532956,-8.118601641167091,5.253471384328898,5.405044002294667,110.23360323905945
-9.860143519025664,5.167714407510702,4.052262675054004,-6.663225447734877,6.660736718481665,5.1667884364378915,-0.3493224926142018,0.0028083162965595377,0.002477803287022889,0.9369950746958331,0.12429179441800238,-0.06389663046746293,-0.22324904626381162,-0.0060880040564370574,0.0012028569813082868,-0.014160926730255596,14914,167000000,3.19,0,2,2,-8.155640241344564,5.241347107615287,5.343745766387687,-8.155640241344564,5.241347107615287,5.343745766387687,110.6324474811554
-9.908319044516041,5.204433457876391,3.9742014451881884,-6.7127147580453235,6.64787051894366,5.086829432139712,-0.3470003919828033,0.0030455192775302037,0.0017669470397939301,0.937858374529049,0.13531825642782078,-0.062333512873054976,-0.221355853126561,-0.0019204040881959372,-0.003181170700372604,-0.010282346102030715,14914,463000000,3.52,0,2,2,-8.155640241344564,5.241347107615287,5.343745766387687,-8.192566706203884,5.229813406835797,5.281798443324736,111.08457469940186
-9.957745129113496,5.24411319736433,3.898206037095796,-6.757992550248333,6.633549289363977,5.021143542483915,-0.34569549302913677,0.0037631757178075136,0.0016348531368158227,0.9383377813256162,0.14722677905653475,-0.06188492532986809,-0.21963079762833146,-0.0039457162529288325,-0.003120074325124733,-0.010607496278680628,14914,819000000,3.88,0,2,2,-8.23662164741607,5.216734286085065,5.20702772569194,-8.23662164741607,5.216734286085065,5.20702772569194,111.5020341873169
-10.008479866243734,5.286636596706112,3.824429495415054,-6.813498688489164,6.615726310367426,4.942515433950909,-0.3436961292153565,0.0042277164227998345,0.0014114715840287386,0.9390703407754909,0.15033064577349226,-0.06242986517648148,-0.21913411712231606,0.00016097452544272528,-0.001948321937561559,-0.011735171392501798,14915,123000000,4.06,0,2,2,-8.23662164741607,5.216734286085065,5.20702772569194,-8.273217197859093,5.206506272817912,5.144223621432289,111.96466946601868
-10.060576742758828,5.331879343301653,3.7530203962825333,-6.863872742496307,6.599698827187387,4.872926136381281,-0.34175343628899074,0.004453893515887004,0.001226871028625107,0.9397782964107517,0.14409051497725126,-0.06373698320197069,-0.2198870679226493,-0.0042673954339988995,0.0022905110654392047,-0.016916553613555152,14915,479000000,4.34,0,2,2,-8.31714152109532,5.195132327787915,5.068090223970978,-8.31714152109532,5.195132327787915,5.068090223970978,112.39980912208557
-10.060576742758828,5.331879343301653,3.7530203962825333,-6.913414933901019,6.587190250784628,4.798047971896754,-0.3386627619467027,0.0039457607685183995,0.0005646194557128552,0.9408993813620341,0.12553177571149743,-0.06589951112863442,-0.22232173922279794,-0.0004900540716334945,0.0044181611428939505,-0.019922255523852073,14915,800000000,4.61,0,2,2,-8.356100068764581,5.185800983993717,5.000181158029685,-8.356100068764581,5.185800983993717,5.000181158029685,112.8575599193573
-10.114084415893515,5.379710159274142,3.684122548120575,-6.959544085325121,6.5790256834806,4.722691947706558,-0.3355285116409078,0.0033033308936604253,0.0002562255901520144,0.9420242248634009,0.11140987644402015,-0.06826121628949611,-0.22233717292058217,-8.806527702631683e-05,0.003916760215361137,-0.018796567565004807,14916,150000000,5.07,0,2,2,-8.356100068764581,5.185800983993717,5.000181158029685,-8.397452396876824,5.176762650180716,4.927826330353641,113.32753920555115
-10.169046504790035,5.429991136564798,3.6178747020262714,-6.997298932158015,6.575269470490788,4.656297004147033,-0.33293695598639744,0.0028047499453154427,-0.0001670865097112555,0.9429449023131489,0.0952059836368794,-0.07017293876184941,-0.22256197639816283,-0.0048237799092021305,0.005017793091610656,-0.01822332742449362,14916,492000000,5.55,0,2,2,-8.438490742467053,5.168720689053749,4.855450473003381,-8.438490742467053,5.168720689053749,4.855450473003381,113.75151944160461
-10.225501397259645,5.482578088179083,3.5544102723452173,-7.033108738652134,6.576076796760137,4.584959397930822,-0.3303155578235465,0.002186391121815111,-0.0009212503167901684,0.94386757717989,0.07942466533647846,-0.07243392520284478,-0.22336333851835893,-0.0002289672565325418,0.0033384856578777544,-0.014573535918316338,14916,792000000,5.96,0,2,2,-8.438490742467053,5.168720689053749,4.855450473003381,-8.474499006381738,5.162438915564222,4.791792180977283,114.17779493331909
-10.283482072404862,5.53732091465431,3.4938570679927787,-7.0672698480725895,6.57929448074359,4.513847356735616,-0.32840735673660815,0.0019750431244378035,-0.0013232616755425915,0.9445331948769553,0.07208029477267781,-0.0745821621434487,-0.22279936070102418,-0.005008117977922666,0.001985908807000669,-0.011911880847037537,14917,107000000,6.39,0,2,2,-8.512782518683098,5.156611483933015,4.723984302197965,-8.512782518683098,5.156611483933015,4.723984302197965,114.59185791015625
-10.343015939680622,5.5940639847794555,3.436337035063941,-7.09796551177549,6.584271525980192,4.447152183750903,-0.32692755074961094,0.001946363661948299,-0.001813913914034207,0.9450456591856651,0.07666253888485805,-0.07561102603981326,-0.22114481437888958,0.0010507933893677546,-0.0026429650688442052,-0.00513490304001607,14917,431000000,6.73,0,2,2,-8.512782518683098,5.156611483933015,4.723984302197965,-8.550813855150793,5.151648220985798,4.6566310524634345,114.97575950622559
-10.40412469492493,5.652646529561425,3.3819660112501055,-7.131364697358045,6.585263925678303,4.386260413752537,-0.3268104378906108,0.002714346630799743,-0.0015047185862383148,0.9450848140934712,0.10378214593844008,-0.07526649324247899,-0.2153313692849485,-0.0019307203046992072,-0.007820937207725365,0.0015659571090509417,14917,723000000,7.01,0,2,2,-8.512782518683098,5.156611483933015,4.723984302197965,-8.586377634888372,5.147830389453572,4.593906366086309,115.34805560112
-10.40412469492493,5.652646529561425,3.3819660112501055,-7.173202330327276,6.5814490645905055,4.322804056505284,-0.32711251256715,0.0039375164110509175,-0.0012572085228083362,0.9449763592351127,0.12524746065887168,-0.07566597963192088,-0.2104968364928849,0.00019316278496717132,-0.0077509834227385,0.0015452513821401226,14918,0,7.07,0,2,2,-8.619640458554207,5.14502922143941,4.5355764966442225,-8.619640458554207,5.14502922143941,4.5355764966442225,115.7385401725769
-10.466824193840418,5.71290304839822,3.330853492557395,-7.228878039125762,6.5731568198327786,4.248421395296876,-0.3271875373274553,0.005066599347140049,-0.0007480527250863446,0.9449455462648475,0.1444430026631557,-0.07678301346774652,-0.2046618826564452,0.0012383489661260683,-0.006295119646892999,-0.000556667845330594,14918,304000000,7.06,0,2,2,-8.619640458554207,5.14502922143941,4.5355764966442225,-8.655374475151415,5.142815049735182,4.4734039010414755,116.22357726097107
-10.531124343357522,5.774663726388456,3.2831024127962682,-7.292659945466154,6.5608084294485645,4.172521554547453,-0.32636631756158996,0.005874684156253307,-0.0007576225569545787,0.9452248096910135,0.14407508335952124,-0.07855235934549862,-0.2008348183375531,-0.004644688442567713,0.0007684266563501296,-0.01322623975283932,14918,673000000,7.1,0,2,2,-8.619640458554207,5.14502922143941,4.5355764966442225,-8.698125316195412,5.14123572270492,4.399609603619675,116.71186232566833
-10.597029011258085,5.837754861678575,3.2388089362865244,-7.345763021289614,6.55456158775241,4.10461462881949,-0.32343709085083877,0.005461250034136719,-0.0015535478112862718,0.9462326402630639,0.1168936363955864,-0.08316383524622142,-0.2035410254054626,-0.002401970800747222,0.007327303683268838,-0.023400801910611335,14919,47000000,7.25,0,2,2,-8.619640458554207,5.14502922143941,4.5355764966442225,-8.743292680717868,5.140952898451262,4.322541273022993,117.12162232398987
-10.664535954385098,5.901999301723967,3.198062264195162,-7.3812646127070005,6.555860844517749,4.051514673858928,-0.3203229649948969,0.004460361920824612,-0.0021394494867149377,0.9472954797866961,0.09186546840686292,-0.08866757994004655,-0.20786189154203222,0.00078147027693376,0.00931794274947606,-0.02585161419119686,14919,380000000,7.7,0,2,2,-8.619640458554207,5.14502922143941,4.5355764966442225,-8.783839447017316,5.141843264262217,4.254403868257487,117.47781872749329
-10.733636765710141,5.967216887318114,3.1609444548970993,-7.412960608359734,6.562348600544798,3.997098496227771,-0.31723433601627504,0.0032822745840249915,-0.0024330235052837596,0.9483383800745864,0.07136420198799842,-0.09552296769913146,-0.21291516762671478,0.002422138913971139,0.008493294899380999,-0.022523861116496846,14919,652000000,8.19,0,2,2,-8.619640458554207,5.14502922143941,4.5355764966442225,-8.814924440253364,5.143224010004566,4.203054903532402,117.82788228988647
-10.733636765710141,5.967216887318114,3.1609444548970993,-7.441857802382561,6.573474899562348,3.9412058094625544,-0.3149574374228284,0.0022895324344176403,-0.002485148629516848,0.9490997812082596,0.05479458987122149,-0.10333421206150809,-0.21863690412875864,0.0024552630975449574,0.006002314603392733,-0.013895193660573568,14919,906000000,8.72,0,2,2,-8.619640458554207,5.14502922143941,4.5355764966442225,-8.846198462169568,5.145216044162944,4.152313456112005,118.176589012146
-10.804316840475156,6.033224903224885,3.127530258720526,-7.472717017592052,6.5913987652863195,3.8748013366611938,-0.31370954150165464,0.0015453069250630413,-0.0024696141714433545,0.9495145267994443,0.03925570823284115,-0.11214174925931146,-0.22517525731715815,0.0011329338690302393,0.003387786364328349,-0.0039397219552483875,14920,174000000,9.19,0,2,2,-8.619640458554207,5.14502922143941,4.5355764966442225,-8.877644204875086,5.147785483007416,4.1022457616836,118.55378365516663
-10.876555361569489,6.0998385342332115,3.097886967409693,-7.505337958411518,6.617096630362615,3.7973077032067093,-0.3138314376496152,0.0010690833842375443,-0.0023172995749092267,0.949475284526234,0.025308242858930564,-0.1211434394715708,-0.23183146520915016,0.0034439774481143104,0.0012123184205847792,0.006783296430512564,14920,477000000,9.53,0,2,2,-8.619640458554207,5.14502922143941,4.5355764966442225,-8.916356997648286,5.15171771609462,4.041770600819452,119.02487778663635
-10.950325304246979,6.166871325440744,3.0720742786082935,-7.529348442878821,6.639907500556949,3.736659438282016,-0.31512377868961444,0.0008787189094726558,-0.0019242158570067073,0.9490482228795294,0.02391409825837098,-0.12621242047084785,-0.23317343749923997,0.006266035188673413,-0.002013757648455794,0.01650068606977584,14920,814000000,10.02,0,2,2,-8.955038632596159,5.156631502563072,3.9824857014583457,-8.955038632596159,5.156631502563072,3.9824857014583457,119.39511680603027
-11.025593460231256,6.234135645563602,3.050144175636353,-7.558976977326353,6.66209226853289,3.6730981981135384,-0.31833410673811025,0.0013658935852205033,-0.0007561962389771289,0.9479772987731359,0.05156161229947111,-0.12551346558032678,-0.22037785180116284,0.009040467193699442,-0.009706257060315693,0.031015320200822316,14921,77000000,10.14,0,2,2,-8.988857431269665,5.16165095687534,3.9317445651863956,-8.988857431269665,5.16165095687534,3.9317445651863956,119.774343252182
-11.025593460231256,6.234135645563602,3.050144175636353,-7.592998354594803,6.676797336524751,3.618233302456225,-0.3226021587401208,0.002663852027520722,0.00029903930640003346,0.9465308561500159,0.0842039846321216,-0.12194733003018712,-0.20343564242560896,-0.014160125283524394,-0.012472078378777951,0.03267675201641396,14921,350000000,10.24,0,2,2,-8.988857431269665,5.16165095687534,3.9317445651863956,-9.020214923971361,5.1669138298264,3.885615462601102,120.14906358718872
-11.102320481200636,6.301443152063106,3.0321408228027407,-7.635820895472432,6.685493483208874,3.5639706824470263,-0.3261043346281498,0.004777290294036208,-0.0009395550871517898,0.9453212457521603,0.11411926990556223,-0.11426162358131661,-0.18709005965032985,-0.012326997602940537,-0.009997810138884233,0.020556497111101635,14921,615000000,10.03,0,2,2,-8.988857431269665,5.16165095687534,3.9317445651863956,-9.051653470708954,5.172803997560298,3.8404445957829294,120.52857780456543
-11.180460941587125,6.368605256877436,3.018100476464131,-7.6799556545460606,6.687957814875,3.51771298947695,-0.3280363817679227,0.00625201338516777,-0.0017477111642670105,0.9446427843745632,0.13574276814922354,-0.10923261654961655,-0.17342927900843094,-0.0057741649470699485,-0.007359262008321821,0.011195139541086974,14921,881000000,9.86,0,2,2,-8.988857431269665,5.16165095687534,3.9317445651863956,-9.085679949611386,5.179879893182615,3.7928295108110874,120.90860104560852
-11.25996342056738,6.435433591546413,3.008051412009522,-7.746547351417466,6.6853022640571735,3.459290596339588,-0.32896934048288695,0.007436988374257469,-0.001964697225354665,0.9443092735915432,0.15755795621925062,-0.10693894059835349,-0.15729115378198102,-0.0010093190098814375,-0.004414943623487488,-2.6666642938266705e-05,14922,151000000,9.79,0,2,2,-8.988857431269665,5.16165095687534,3.9317445651863956,-9.1173471439178,5.187063420369935,3.7496527456522175,121.35590839385986
-11.25996342056738,6.435433591546413,3.008051412009522,-7.82131141563414,6.6788003725458225,3.4031805702879563,-0.32782111104814454,0.007872402739015169,-0.001838071869626398,0.9447052269983884,0.16093100146871492,-0.10958902005025414,-0.1466995748836176,0.0006150535966753523,0.0006244838630209415,-0.016021736882976256,14922,503000000,9.83,0,2,2,-8.988857431269665,5.16165095687534,3.9317445651863956,-9.161502755166334,5.198037161912363,3.691616400935783,121.85212326049805
-11.340770603066856,6.501740470521191,3.0020138669173706,-7.886724752255994,6.676659121922093,3.354895913399436,-0.324144359249501,0.007350945874822358,-0.002001470809540134,0.945976951133628,0.13846450681131087,-0.11675050254402639,-0.14603335153247113,-0.00044754801820090506,0.007407765451716841,-0.03342500640428625,14922,887000000,10.08,0,2,2,-8.988857431269665,5.16165095687534,3.9317445651863956,-9.20873527810786,5.2108746995690485,3.632638709318224,122.3093945980072
-11.42281939954245,6.567339351457388,3.0,-7.935210780861504,6.682556140281132,3.314088342505052,-0.3190927873004421,0.006099636619407843,-0.0023719257078107484,0.9477008818685262,0.10832671293437779,-0.1255636872687222,-0.1504807838725855,0.0037805091778864153,0.0100584081337729,-0.039712882789899595,14923,221000000,10.65,0,2,2,-8.988857431269665,5.16165095687534,3.9317445651863956,-9.251532036523898,5.223390092660493,3.581959629245348,122.70857572555542
-11.50604108425346,6.632045291300239,3.0020138669173706,-7.987578913109443,6.699929176678673,3.2624848628165153,-0.31299990681299905,0.00434460436876616,-0.0024105042935823316,0.949740160368605,0.07705613268186352,-0.13840625944127533,-0.15645594601374288,0.003075756967518828,0.008582076770835556,-0.03299352865724359,14923,511000000,11.42,0,2,2,-8.988857431269665,5.16165095687534,3.9317445651863956,-9.286986339017922,5.2344390113536825,3.541784861546373,123.13962769508362
-11.59036145167595,6.695675396983499,3.0080514120095216,-8.037450036623687,6.728622596721137,3.2055927122350503,-0.3084562264709606,0.003014163606361189,-0.002498683406274878,0.9512304808774182,0.05263359659149316,-0.1513746887348109,-0.16206461289185756,0.0009070374574093876,0.0052698591844091425,-0.016788668108347338,14923,849000000,12.44,0,2,2,-8.988857431269665,5.16165095687534,3.9317445651863956,-9.330375862686369,5.248752291737432,3.4949903709734325,123.61089730262756
-11.675700990661799,6.758049269580246,3.0181004764641304,-8.090200580672713,6.773173561022053,3.1368130253329745,-0.30921896219534106,0.002880262521494595,-0.0025041822799451116,0.9509832104604959,0.023536831651224367,-0.16528188651128325,-0.16746732123432428,-0.0005021472475164046,-0.006930558765816386,0.038328266600728966,14924,215000000,13.39,0,2,2,-8.988857431269665,5.16165095687534,3.9317445651863956,-9.376685925753918,5.264785878395677,3.4478748970606072,124.13732552528381
-11.761975075891066,6.818989440763117,3.0321408228027407,-8.138460501431142,6.82584243957422,3.0679945628027734,-0.3217470359262263,0.005075181297302356,-0.0015603685787898885,0.9468107797534762,0.02315615589238324,-0.16583620191008558,-0.15544635278550803,0.002614124082356284,-0.017000248590193223,0.09088957813219167,14924,628000000,13.9,0,2,2,-8.988857431269665,5.16165095687534,3.9317445651863956,-9.43178688392195,5.284222207307242,3.3961505703793464,124.68653559684753
-11.849094176114601,6.878321800454076,3.0501441756363525,-8.17681278476916,6.858186307902677,3.024468661429772,-0.33580460172601484,0.007402589925323082,-0.00019199789317634035,0.9419025609153207,0.04204248167433401,-0.15997365711361516,-0.1363424716609578,0.0036651284290201147,-0.017634978757996578,0.10567881327006035,14925,49000000,13.1,0,2,2,-8.988857431269665,5.16165095687534,3.9317445651863956,-9.487771640811445,5.304796547758083,3.3481056170706935,125.09731984138489
-11.936964078633872,6.93587601456928,3.072074278608293,-8.217141519122226,6.881880003439216,2.9897919204444237,-0.3498635502783687,0.009373042113416092,0.00122238650199224,0.9367529813346713,0.06458476677607736,-0.15474181131652082,-0.11539758792668849,0.0038260074688878376,-0.013267348822409986,0.10052001671283506,14925,352000000,11.93,0,2,2,-8.988857431269665,5.16165095687534,3.9317445651863956,-9.52781811035523,5.32028987089718,3.3160877755446636,125.47797560691833
-12.025486129416084,6.9914859317930045,3.0978869674096927,-8.268887602685146,6.901436523489525,2.9573320936793284,-0.36305908234670153,0.010427088338469745,0.0025036995687247893,0.9317044113037258,0.08983954486037256,-0.152145078963994,-0.09281983372675844,0.004705748870037496,-0.0041025075461220695,0.07286721156560816,14925,628000000,10.72,0,2,2,-8.988857431269665,5.16165095687534,3.9317445651863956,-9.565312932113368,5.335358637809279,3.2879685712090714,125.89678955078125
-12.025486129416084,6.9914859317930045,3.0978869674096927,-8.322520072993507,6.913673802938266,2.9331820677141835,-0.3717171288979438,0.010307257394318453,0.0033886286951903878,0.9282826367677266,0.1102440443874297,-0.15214404975519094,-0.07410054278019221,0.0056666221553314244,0.0009355936754218419,0.05099683148728218,14925,941000000,9.67,0,2,2,-8.988857431269665,5.16165095687534,3.9317445651863956,-9.608470457356251,5.353345027484262,3.258132906285961,126.32490658760071
-12.114557488195874,7.044989978345844,3.127530258720525,-8.388193601445325,6.922437953282705,2.9121836573564273,-0.37861181929431914,0.009622976950080228,0.004353723355726856,0.9254952910189254,0.12606786161653377,-0.1538859608665553,-0.05575870832061284,0.007306218140001874,0.0008009069745185116,0.039757337799528614,14926,253000000,9.09,0,2,2,-8.988857431269665,5.16165095687534,3.9317445651863956,-9.649245132395118,5.370807605846963,3.2324262694809445,126.75866413116455
-12.204071397869395,7.0962315397463875,3.1609444548970984,-8.448772824033584,6.927726481882176,2.8983377095800535,-0.38434843838445376,0.009284546335364168,0.005493976187441095,0.9231250680901424,0.130794517192147,-0.15638157958449614,-0.042156783015163776,0.008172841717168922,-0.004868788164458238,0.05030646643717773,14926,579000000,8.67,0,2,2,-8.988857431269665,5.16165095687534,3.9317445651863956,-9.695916524764272,5.391296089503291,3.20595248504054,127.1628794670105
-12.293917467443427,7.145059328602193,3.198062264195161,-8.522193828336007,6.934144450632959,2.8866061760456736,-0.39469796819560843,0.010070981217701495,0.007445620065898293,0.9187255585763385,0.12412164353245907,-0.1616515057773067,-0.028155799861476483,0.007221158739412203,-0.012435949429345783,0.07779925435897894,14926,897000000,8.18,0,2,2,-9.740365636502599,5.411200775033327,3.183702757459338,-9.740365636502599,5.411200775033327,3.183702757459338,127.62653470039368
-12.383981967760793,7.191327737505053,3.2388089362865236,-8.578340509290843,6.941273753237386,2.8805523325711864,-0.4046519576806024,0.010896406992804081,0.009026713547206787,0.9143612961529153,0.102385764481564,-0.16807598722128647,-0.02062167604856046,0.008322496705659432,0.0010638606340762635,0.052205207612132654,14927,241000000,7.41,0,2,2,-9.740365636502599,5.411200775033327,3.183702757459338,-9.787979852932905,5.432937930431444,3.162787240843792,128.0260853767395
-12.474148139184196,7.234897176147173,3.2831024127962674,-8.62929641270383,6.956494453271544,2.8754744594264516,-0.40762756198558386,0.009279572308118331,0.008931710983255901,0.9130574378353089,0.062243306065816836,-0.1740805033059631,-0.017165853026232684,-0.011575853841350181,0.016874976427061483,-0.007165535089370678,14927,535000000,6.67,0,2,2,-9.827537645165759,5.451353499683859,3.1477799104093354,-9.827537645165759,5.451353499683859,3.1477799104093354,128.398992061615
-12.564296510383741,7.275634391818853,3.3308534925573943,-8.67420212901734,6.979839033667894,2.8710180927017,-0.40372544105129504,0.007525681808684555,0.00647939717886717,0.9148262948633746,0.03066406864773426,-0.17562372160532938,-0.013822112026026515,-0.010181677862419747,0.01851487049862044,-0.04198427814117167,14927,809000000,6.59,0,2,2,-9.86754736266061,5.470200226821636,3.1348944263172442,-9.86754736266061,5.470200226821636,3.1348944263172442,128.7480182647705
-12.564296510383741,7.275634391818853,3.3308534925573943,-8.711024887115277,7.0073708521302915,2.8678776459885387,-0.3984642039310595,0.006029141415269131,0.004458225764672621,0.9171532324875777,0.00726740647904138,-0.17637000410179177,-0.0093213969320015,-0.00955804789555259,0.015217158215818927,-0.04135036506340839,14928,86000000,6.93,0,2,2,-9.907935801535181,5.489399272145218,3.1240328733226734,-9.907935801535181,5.489399272145218,3.1240328733226734,129.0917694568634
-12.654305227338881,7.313412772494321,3.3819660112501047,-8.746408557975494,7.042048160585383,2.8659501032936556,-0.3939928556140357,0.004798865684754926,0.0026322394063408383,0.9190972048314285,-0.012615458076519533,-0.17745729346046274,-0.003841318090282604,-0.006909224157425342,0.011583585001062602,-0.02622493884700816,14928,352000000,7.35,0,2,2,-9.907935801535181,5.489399272145218,3.1240328733226734,-9.948823081431126,5.504514355289003,3.1163018373647318,129.44575715065002
-12.744050391633541,7.348112631760663,3.4363370350639397,-8.77835203578489,7.080768248360746,2.865576800771159,-0.3916980331763957,0.003855717259828708,0.0012713810303904137,0.9200848699117004,-0.027967145171054957,-0.1789004049516095,0.0015534470444432513,-0.006103835676185554,0.008706741755304392,-0.009166854579234496,14928,619000000,7.71,0,2,2,-9.907935801535181,5.489399272145218,3.1240328733226734,-9.998347618239237,5.516182359723519,3.110943643556748,129.84155917167664
-12.744050391633541,7.348112631760663,3.4363370350639397,-8.808042102947278,7.122614759506745,2.8668290291402614,-0.3914191243813181,0.0031825373889669334,0.000170871742818183,0.9202069937395485,-0.038772853424284874,-0.18134071089294415,0.007370042451121181,-0.005039767574999132,0.00645570657979988,0.0058938655001838924,14928,907000000,7.88,0,2,2,-10.051687616163752,5.5249335444068866,3.1084446948171345,-10.051687616163752,5.5249335444068866,3.1084446948171345,130.22815871238708
-12.83340640709367,7.379621474894889,3.493857067992778,-8.841824412444566,7.171540996666485,2.8707229872511095,-0.3937136586701548,0.00275264564082369,-0.0007721965107938893,0.919228688429101,-0.020405081270849914,-0.18021865511850854,0.017947400388040807,-0.004076881805303856,0.002146865494978556,0.02852764282579301,14929,183000000,7.89,0,2,2,-10.051687616163752,5.5249335444068866,3.1084446948171345,-10.108378235934808,5.531081008497782,3.1087556491711,130.66335892677307
-12.922246333789698,7.4078342454461295,3.5544102723452164,-8.878380896520364,7.205094278305512,2.8777880004850074,-0.39822937257976165,0.002842151568795936,-0.00124306002362028,0.9172806243407559,0.02356164994263115,-0.17483801978644842,0.030721443388022858,-0.0034941824424095103,0.0002815345112594514,0.03959477871831041,14929,505000000,7.67,0,2,2,-10.051687616163752,5.5249335444068866,3.1084446948171345,-10.171521145239234,5.54029437253914,3.1111282376188365,131.05037331581116
-13.010442248402331,7.432653551733569,3.61787470202627,-8.922174350864463,7.228853900922622,2.888507358237925,-0.4034738485626506,0.002954620047972582,-0.0015804425659393466,0.9149850413792082,0.06163081773073535,-0.1711122972229052,0.04328506526520067,-0.0018398866586721851,0.0004028826708690758,0.03926616373064462,14929,784000000,7.25,0,2,2,-10.051687616163752,5.5249335444068866,3.1084446948171345,-10.223870377036024,5.551681005026262,3.11471488708663,131.43786001205444
-13.097865609928817,7.453989872725822,3.684122548120574,-8.972017497874411,7.244594685376979,2.902698878705639,-0.40799851970437434,0.0029476810244567775,-0.001706368033238749,0.9129762359468905,0.091494047452564,-0.16943946392920753,0.055095758498164414,0.0004987009901924466,0.00034587959589771344,0.028064019170415122,14930,65000000,6.78,0,2,2,-10.051687616163752,5.5249335444068866,3.1084446948171345,-10.273796776369464,5.565980623971113,3.1198507594176537,131.8311264514923
-13.097865609928817,7.453989872725822,3.684122548120574,-9.04284010548625,7.256342621744676,2.925630727333537,-0.41092159115234167,0.0028397143146083404,-0.001509229973322851,0.9116650175214176,0.11882545112385734,-0.16893233617989775,0.06916445491140452,0.0018969205598295957,-0.00017013882995797758,0.006767591276002349,14930,351000000,6.37,0,2,2,-10.051687616163752,5.5249335444068866,3.1084446948171345,-10.321908159841826,5.582615019476938,3.1267654365429705,132.299236536026
-13.184387629688551,7.471761742823902,3.7530203962825324,-9.126653671675644,7.263788513373975,2.956378170444774,-0.4099663980250811,0.0024837220562250956,-0.0007091530270995086,0.912096968922204,0.1208142536562357,-0.17200328688230246,0.08023953022516536,0.006939477862033527,5.120295618610271e-05,-0.02249763983854791,14930,715000000,6.0,0,2,2,-10.051687616163752,5.5249335444068866,3.1084446948171345,-10.382074572031643,5.606615115892085,3.1385645530810407,132.83944249153137
-13.269879644571253,7.485895915127626,3.8244294954150533,-9.188064334147093,7.2735369508986,2.9815167119929984,-0.40580205429970706,0.0020409653248753086,0.0001951424992504932,0.9139586911376713,0.09807952573788219,-0.17821868848652836,0.08513505712837202,0.007416405514959479,0.0008258713990016986,-0.041755988422664814,14931,114000000,5.79,0,2,2,-10.051687616163752,5.5249335444068866,3.1084446948171345,-10.447655900972624,5.635711177377905,3.155644461444601,133.2662971019745
-13.354213492458666,7.496327502823981,3.898206037095794,-9.240713453630107,7.291941827930029,3.0059702812837883,-0.39948831362766446,0.0015384350248104633,0.0009936513607865878,0.9167364578490224,0.06221295648577738,-0.1878368452195766,0.08897385769045837,0.006001981682857149,0.0007667571708225296,-0.05274215291137807,14931,408000000,5.87,0,2,2,-10.051687616163752,5.5249335444068866,3.1084446948171345,-10.496385620479119,5.658680417017182,3.171015734528258,133.65535306930542
-13.437261888741183,7.503000098395525,3.9742014451881866,-9.28894011691864,7.319562358171232,3.031537883023161,-0.3927747615309422,0.0012095084304250712,0.0016462548284930417,0.9196324339858333,0.03397449485142117,-0.19754600619169577,0.09404220735291965,0.003936712118957075,7.794576859510016e-05,-0.047636446106480435,14931,693000000,6.24,0,2,2,-10.541871956938824,5.680711134363487,3.1875325242918278,-10.541871956938824,5.680711134363487,3.1875325242918278,134.03401160240173
-13.518898802844385,7.505865870407254,4.052262675054002,-9.334426578130955,7.353713049220993,3.0586712425253255,-0.3878322061822501,0.0011181673664443278,0.0019471675957461946,0.9217272579716318,0.0307623801849689,-0.2009411249738618,0.10095302215901795,-0.002340773312425881,-0.0005735173147058958,-0.018207777793577407,14931,967000000,6.78,0,2,2,-10.541871956938824,5.680711134363487,3.1875325242918278,-10.587569959303956,5.7031040921539295,3.2062874138557236,134.40451049804688
-13.598999833677176,7.504885637691124,4.132232521764883,-9.379606453204362,7.380876981371833,3.08589074282373,-0.3877221339335737,0.0012611608912741154,0.0017456743190229845,0.9217737840448568,0.06268842290591466,-0.19334544247427835,0.10887754171723962,-0.0006710808918342082,0.00010576390181427087,0.008828179306874517,14932,243000000,7.26,0,2,2,-10.541871956938824,5.680711134363487,3.1875325242918278,-10.633385689676873,5.725717488651427,3.22698398038234,134.76055264472961
-13.598999833677176,7.504885637691124,4.132232521764883,-9.429158573178759,7.400767935247334,3.115277432946218,-0.3892300675795269,0.0011868786025827243,0.0016175934273522188,0.9211383876501529,0.0928312853426907,-0.18637474289048966,0.11719586053306368,-0.0017219076084984408,0.0016713024365344609,0.015393481044156943,14932,504000000,7.29,0,2,2,-10.541871956938824,5.680711134363487,3.1875325242918278,-10.676115541550601,5.746826602073617,3.247992517958756,135.13243412971497
-13.677442582912931,7.500028920808715,4.213949936692152,-9.482615613941721,7.414168979306091,3.1468594842896294,-0.3911974666256016,0.000958212590847572,0.0013770223082624226,0.9203052361819443,0.11758024615044038,-0.18079551672137137,0.12508010539074138,0.0009639777147185669,0.0025601438437661272,0.01381953325108043,14932,774000000,7.15,0,2,2,-10.541871956938824,5.680711134363487,3.1875325242918278,-10.719038197061105,5.767964732989782,3.2707735076472417,135.52996015548706
-13.75410702501791,7.491273970733897,4.297250351837314,-9.552190379388861,7.4240695815318665,3.1881457825453974,-0.3921355916237112,0.0005366443151380381,0.0013891727001551619,0.9199062234782467,0.13540124497856804,-0.17600886732958926,0.13281311045405936,0.0010241808240607497,0.001916331825668749,-0.0032276091133098816,14933,35000000,6.95,0,2,2,-10.541871956938824,5.680711134363487,3.1875325242918278,-10.762055608896636,5.789097395239091,3.2950464416253618,135.9690158367157
-13.828875872947062,7.478607774758877,4.381966011250104,-9.635596530630373,7.43389691862674,3.24032360729232,-0.3892815559780532,0.00015114567832449997,0.0017017316266810306,0.9211172300200232,0.12059670911327598,-0.1780658570781021,0.1423730284219111,0.004002408695669146,0.00016253403316568438,-0.03521346443449147,14933,352000000,6.82,0,2,2,-10.541871956938824,5.680711134363487,3.1875325242918278,-10.815200279178915,5.814982444664338,3.327080640617389,136.47637295722961
-13.828875872947062,7.478607774758877,4.381966011250104,-9.69657351093269,7.449537544237256,3.2840975421548193,-0.3832836211356415,3.088051100730727e-05,0.002246854402101798,0.923627964312926,0.08927485048799175,-0.18454599974195135,0.1505395556971652,0.0031566011557515594,-0.0012656655144382967,-0.05098343317513354,14933,725000000,7.08,0,2,2,-10.541871956938824,5.680711134363487,3.1875325242918278,-10.878732378152767,5.845449077653519,3.36860696873758,136.87851810455322
-13.90163493843648,7.462026039688312,4.467926308866649,-9.748230329648168,7.472984570067719,3.3272197375450046,-0.3762636629581761,7.988409164998893e-05,0.0028413296507705937,0.9265082710918684,0.0586505841371731,-0.19228909632578778,0.1585453134651917,0.005330495923772105,-0.002074151370834443,-0.05335089117579628,14934,23000000,7.72,0,2,2,-10.541871956938824,5.680711134363487,3.1875325242918278,-10.929104270983434,5.869259165008136,3.403756889163557,137.27032256126404
-13.972273485833556,7.441533152447317,4.55495813208737,-9.802137163030162,7.508913391725674,3.3790427149348705,-0.3691536082404096,0.00016315477305983792,0.003572832530516646,0.9293615129600079,0.03332858532231611,-0.20070146845412867,0.1675535165535295,0.0017632282151680556,-0.001471269570174627,-0.03676819433167111,14934,310000000,8.53,0,2,2,-10.97623635085141,5.8912426593774745,3.438354490332973,-10.97623635085141,5.8912426593774745,3.438354490332973,137.68126106262207
-14.040684578421265,7.417142118289708,4.642886210402725,-9.852295466795166,7.551645967527874,3.4335614567657218,-0.36535492721210244,0.00023491511527657912,0.0038153664226489446,0.930860443329605,0.015809378875075837,-0.2029728193375595,0.1739031354656462,-9.709336268315383e-05,6.985612266419139e-05,-0.01114769647756475,14934,618000000,9.43,0,2,2,-10.97623635085141,5.8912426593774745,3.438354490332973,-11.030234407335062,5.916027605678003,3.480049323906009,138.10665154457092
-14.106765416210758,7.388874476852862,4.731533468364688,-9.892864370310146,7.591142641806463,3.4821586625202596,-0.3650617953741047,0.00015345008720469427,0.003854572877617971,0.9309752973517809,0.014297473408505772,-0.19751309132868536,0.1760218665272649,0.002475833116477588,0.001098120742426545,0.007403555400742334,14934,951000000,10.01,0,2,2,-10.97623635085141,5.8912426593774745,3.438354490332973,-11.084405371430398,5.940470353070247,3.523557205546911,138.46969318389893
-14.170417664197668,7.356760196364748,4.820721382193132,-9.932244392181712,7.623542378425161,3.527898725651999,-0.3668708448717099,-0.00014960444839882936,0.003910374137431421,0.9302636560544177,0.042286631130274074,-0.18823805854955375,0.17849904715551226,-0.0022941049792279955,0.002701497305679368,0.023184134624898434,14935,225000000,10.14,0,2,2,-11.132171469810872,5.961512960611068,3.5631858599715382,-11.132171469810872,5.961512960611068,3.5631858599715382,138.80986380577087
-14.170417664197668,7.356760196364748,4.820721382193132,-9.980739180797496,7.6483070160618265,3.5779851294947056,-0.3708124960169331,-0.00048564037854001364,0.0033042198551246687,0.928701749261981,0.08673702649076953,-0.17638810775620012,0.181545271435907,-0.005053022232459625,0.004725789176518447,0.034338126715738326,14935,490000000,9.99,0,2,2,-11.132171469810872,5.961512960611068,3.5631858599715382,-11.176861731880464,5.9806451467823285,3.601446036339784,139.16695404052734
-14.231547770101251,7.32083754636694,4.910270339298969,-10.039769629654849,7.663217015909806,3.6326798800245594,-0.3756250407795201,-0.0010391469505325556,0.0024286345053310832,0.9267679594415414,0.12509041131129814,-0.16668301322427545,0.18444139090488385,-0.0022421712628784007,0.005664199488819577,0.031187668355414644,14935,765000000,9.56,0,2,2,-11.132171469810872,5.961512960611068,3.5631858599715382,-11.225385720862562,6.000764620319893,3.644187098271711,139.55600094795227
-14.290067270632257,7.281152949374527,4.999999999999999,-10.117387505132372,7.6694831447764855,3.6991885682179007,-0.37951953129940025,-0.001834160357769984,0.0019130558923157865,0.9251799292219964,0.15270708037358408,-0.15929308513060852,0.18733485362173366,0.0007307718306037714,0.0037041039831819944,0.010677243881218601,14936,70000000,9.0,0,2,2,-11.277573187873537,6.021804609586869,3.691338800308631,-11.277573187873537,6.021804609586869,3.691338800308631,140.00923705101013
-14.345893085364855,7.237760811949752,5.089729660701029,-10.201837274020491,7.670637159264107,3.770692529742313,-0.3790881878844601,-0.00232158212117186,0.002021840636281756,0.9253554280509584,0.14768036830527137,-0.15699243467640903,0.1915323167614274,0.00248232086050848,-0.00017034332273624386,-0.02007833572861273,14936,423000000,8.54,0,2,2,-11.277573187873537,6.021804609586869,3.691338800308631,-11.34042444226445,6.046223813987964,3.7499510300299703,140.50869417190552
-14.398947797320005,7.190723335720643,5.179278617806866,-10.260517483953667,7.675296664913299,3.824455073536094,-0.3754387091339217,-0.002306451063923359,0.0025237878968486175,0.9268409175592085,0.12356208789251386,-0.15859481160473354,0.19552699539863821,0.005746793203798006,-0.0027655870781018166,-0.039702324647805654,14936,802000000,8.57,0,2,2,-11.277573187873537,6.021804609586869,3.691338800308631,-11.407046453439449,6.070863872172195,3.8143907383845024,140.90468096733093
-14.449159919402483,7.140110308928806,5.26846653163531,-10.320307429170715,7.69009199314468,3.887678402537501,-0.368231318234652,-0.0019357398079402933,0.0034487495123800994,0.9297257957641958,0.08522182281491618,-0.16344749005387288,0.2025854710999857,0.0022505356810142985,-0.005031555201640003,-0.05124189156049397,14937,92000000,8.99,0,2,2,-11.456158928667861,6.088333698563807,3.863135883456064,-11.456158928667861,6.088333698563807,3.863135883456064,141.30875945091248
-14.449159919402483,7.140110308928806,5.26846653163531,-10.366767913140313,7.710781013009531,3.94494512043927,-0.3618004145060808,-0.001318284944164694,0.003948057308682886,0.9322462845361849,0.05990664932488986,-0.1661372362923175,0.20830636984097484,-2.8767270165985792e-05,-0.004655551310861483,-0.043017877396778204,14937,397000000,9.85,0,2,2,-11.456158928667861,6.088333698563807,3.863135883456064,-11.512120090733454,6.10752287415932,3.9201209512708646,141.6844048500061
-14.496464145870778,7.085998879141749,5.357113789597272,-10.411422844480597,7.738376552605269,4.007610929126216,-0.35689430248737686,-0.0007723246234432113,0.004198855529137824,0.9341350169964565,0.04031702897640259,-0.16664447150878967,0.2119607357516764,0.0007739854368082888,-0.00259776290931768,-0.025124704734480474,14937,685000000,10.65,0,2,2,-11.560944230240464,6.123563969740153,3.97111052324853,-11.560944230240464,6.123563969740153,3.97111052324853,142.08945155143738
-14.540801588058912,7.028473307814418,5.445041867912628,-10.449759349705324,7.767538949402129,4.067006002818395,-0.35455580277580057,-0.0005949945229317087,0.004466383178902031,0.9350239997565967,0.027902750355313005,-0.16697148124200217,0.21475099502133524,0.0027496610300659086,-0.0009911307870424935,-0.011082102173531894,14937,982000000,11.25,0,2,2,-11.560944230240464,6.123563969740153,3.97111052324853,-11.613227278246598,6.139894483854033,4.026471798401014,142.48727202415466
-14.582119993610817,6.967624707432082,5.532073691133349,-10.490808164661017,7.803246548167561,4.1357162488482455,-0.35374351421365613,-0.0006820797325823762,0.004910870782135145,0.935329323964117,0.018825913193248323,-0.16633541805897473,0.21815951397391165,0.003248173857173242,0.00011615963941835616,-0.0001783633980068089,14938,272000000,11.54,0,2,2,-11.560944230240464,6.123563969740153,3.97111052324853,-11.66205709732433,6.154447963679768,4.07888289343974,142.92315220832825
-14.582119993610817,6.967624707432082,5.532073691133349,-10.525631338261098,7.835225355933676,4.196892120654171,-0.3542861048531764,-0.0008012307770336072,0.005010577343181541,0.9351233116824187,0.025427335067217494,-0.16326705022707447,0.22139913833192065,-0.005601810107691563,0.0017102964193327352,0.013275194123707479,14938,589000000,11.65,0,2,2,-11.718187821298406,6.169822019033015,4.1397464731127345,-11.718187821298406,6.169822019033015,4.1397464731127345,143.30529141426086
-14.620373948532228,6.903550762011855,5.618033988749894,-10.564345912227704,7.8609769255820465,4.258624943551187,-0.35718534070923774,-0.0009711541114035052,0.004111125188374344,0.934023976079738,0.0627939965395187,-0.15324650540976847,0.22139223490284432,-0.00571188097637787,0.004549816367216408,0.029561638984887395,14938,871000000,11.59,0,2,2,-11.767289721194903,6.1824025351198255,4.193927882633056,-11.767289721194903,6.1824025351198255,4.193927882633056,143.68150925636292
-14.655525061410888,6.836355431783316,5.702749648162684,-10.606945824668488,7.874676357754965,4.315536235857405,-0.36124670590112673,-0.001421559743078146,0.0031820303017662975,0.9324637640823584,0.10703594523994438,-0.14214233601131782,0.21881738134361411,-0.004410340034155524,0.006533549139930983,0.03458764767856337,14939,141000000,11.24,0,2,2,-11.816126718676642,6.194237597498877,4.249038122434345,-11.816126718676642,6.194237597498877,4.249038122434345,144.05680418014526
-14.68754212920409,6.76614864290927,5.786050063307846,-10.66763622330403,7.8786619424080655,4.384837341244921,-0.36606693378826505,-0.002247210923081224,0.002141812706363026,0.9305833453636788,0.15045834425717464,-0.13145732904663754,0.21681607574628675,-0.0037233516877677175,0.006840059722890146,0.027062987282988615,14939,412000000,10.75,0,2,2,-11.816126718676642,6.194237597498877,4.249038122434345,-11.86114466267339,6.204501416078938,4.301023031285941,144.48195695877075
-14.716401284042247,6.69304596314603,5.867767478235115,-10.748080300876842,7.869524324725793,4.466533167352038,-0.36968018136974506,-0.00308381455931082,0.001079643533581426,0.9291533177899309,0.18568372445476833,-0.12177052659429985,0.2160673996874097,-0.0033283206221312867,0.004745734895550413,0.012506922394095454,14939,737000000,10.06,0,2,2,-11.816126718676642,6.194237597498877,4.249038122434345,-11.919421777854803,6.21697739412808,4.369619917140964,144.95820689201355
-14.716401284042247,6.69304596314603,5.867767478235115,-10.832433683357545,7.852361348640302,4.548403673241002,-0.37003256711899146,-0.0034543872463287245,0.000517804181627838,0.9290122164745256,0.17934193882455723,-0.11973739057603025,0.21982721588155812,-0.00018039620215404284,-0.0007998388127816725,-0.016933298684307374,14940,115000000,9.7,0,2,2,-11.816126718676642,6.194237597498877,4.249038122434345,-11.980473003979085,6.228893020293151,4.443038870980909,145.4737627506256
-14.742086120548693,6.617168264378271,5.947737324945996,-10.9048241823087,7.844891603452672,4.628371377442152,-0.36523510393078473,-0.002955087368072549,0.0009234065002944355,0.9309101641059415,0.13719653717666425,-0.12443538679975033,0.22717101609568924,0.002416574693597795,-0.005766000322182663,-0.040965635344036855,14940,482000000,9.64,0,2,2,-12.04457816803549,6.239750243536124,4.521735272973252,-12.04457816803549,6.239750243536124,4.521735272973252,145.92694544792175
-14.76458780322894,6.538641372996565,6.025798554811812,-10.960247791404528,7.849413001332184,4.701577868364225,-0.358745190649911,-0.00198447844008195,0.001357138749643596,0.93343243365832,0.10035233868049316,-0.1268016405213762,0.23034005301171212,-0.003550351107151073,-0.0062722049733565655,-0.03951492581109051,14940,838000000,10.24,0,2,2,-12.104876943266706,6.248443395292662,4.5969166485570785,-12.104876943266706,6.248443395292662,4.5969166485570785,146.38081169128418
-14.783905153536903,6.457595709116016,6.101793962904204,-11.002221802545188,7.859740764599179,4.7657641237412784,-0.3541080049322987,-0.001112373202987141,0.0014492881731446086,0.9352027496925548,0.07555858572017778,-0.12629968422479282,0.22949570995303986,0.003715845264196105,-0.005388739600675763,-0.03088243138336111,14941,173000000,11.08,0,2,2,-12.104876943266706,6.248443395292662,4.5969166485570785,-12.158090339867664,6.254823347444693,4.664196545738581,146.74233841896057
-14.800044716281226,6.37416591566196,6.175570504584945,-11.039517935131544,7.874303685321574,4.829840885969056,-0.3506715873275998,-0.0006579536131388178,0.0021266032668856554,0.9364958528988421,0.05811233954280489,-0.12580184205496653,0.2297596999044918,0.0028399809252732666,-0.0037036174262539134,-0.020070524988113903,14941,450000000,11.67,0,2,2,-12.104876943266706,6.248443395292662,4.5969166485570785,-12.204286074053663,6.259346434370392,4.723335652316713,147.0932834148407
-14.81302080509144,6.288490478373291,6.246979603717467,-11.07137734883735,7.890284231264459,4.889684094999575,-0.3489052158804486,-0.0003790925019787302,0.0024494087566537615,0.9371547401667639,0.04817381011745582,-0.1253678152358051,0.231995424103231,-0.0020629313667086535,-0.0018734406125986425,-0.008549358790332917,14941,722000000,12.1,0,2,2,-12.104876943266706,6.248443395292662,4.5969166485570785,-12.250063404456924,6.263005082306276,4.78247072707008,147.44601821899414
-14.822855526721316,6.200711337795645,6.315877451879425,-11.10388077704093,7.908839877106694,4.955066292591341,-0.34855424100230986,-0.00011353841166730056,0.0021188782379036007,0.9372862095130523,0.04250813216344897,-0.12441633955287615,0.23632637332176212,-0.0051519504722818965,-9.80853509524593e-07,0.0030692170412294217,14941,983000000,12.33,0,2,2,-12.292173378339513,6.265559590871277,4.837457603668029,-12.292173378339513,6.265559590871277,4.837457603668029,147.82083940505981
-14.822855526721316,6.200711337795645,6.315877451879425,-11.135832056710129,7.926960009265601,5.021737083428751,-0.3497288033784864,8.104828822541024e-05,0.0012397033763134526,0.9368501591258687,0.05867789806497977,-0.11786448793924549,0.2380830227908767,-0.011304097461106721,0.0026150409667025087,0.019709677326318342,14942,264000000,12.4,0,2,2,-12.337141730513101,6.26729312636753,4.896837388041989,-12.337141730513101,6.26729312636753,4.896837388041989,148.17480444908142
-14.829578784024937,6.110973494355408,6.382125297973729,-11.168184270812414,7.934107046191229,5.078260359659399,-0.35287036669611305,1.3822729441440766e-05,-0.00019421161599193328,0.9356722002916036,0.10288110791975198,-0.10480091288130708,0.2330224658117451,-0.010327695690648397,0.00646464800411195,0.03295496753707994,14942,541000000,12.29,0,2,2,-12.337141730513101,6.26729312636753,4.896837388041989,-12.381628023471421,6.26796531973242,4.956248135211554,148.53708386421204
-14.833228257500085,6.0194246076210405,6.445589727654783,-11.226917817385168,7.927975985432482,5.160471427957301,-0.3586380714399566,-0.0008756520359306529,-0.0019092478724606113,0.9334743283668288,0.158177361144247,-0.089054706668618,0.22433318417590212,-0.0029884427476645214,0.008397944202442886,0.03133047357550822,14942,791000000,11.93,0,2,2,-12.337141730513101,6.26729312636753,4.896837388041989,-12.419339496370132,6.2677848678598105,5.0069968442066015,149.02266597747803
-14.833849365352684,5.926214590870866,6.506142932007221,-11.3056690852177,7.9028528031852625,5.2530451514419205,-0.3634865217058814,-0.0020770344011325098,-0.0029307125623529748,0.9315925318454055,0.1853682719123248,-0.07931392230319567,0.21945133676653303,-0.0016125775687214627,0.004395623727759812,0.014636498690379085,14943,156000000,11.15,0,2,2,-12.337141730513101,6.26729312636753,4.896837388041989,-12.478078874070233,6.265946610199488,5.0870552963932445,149.53217315673828
-14.831495202095766,5.831495202095768,6.563662964936059,-11.372836423039548,7.878675557616065,5.331906730196089,-0.36463330672482974,-0.002310935981873938,-0.0033048059002666478,0.9311424646421003,0.16516029329119694,-0.0794464270022876,0.22249929052695397,-0.0010089933653034677,-0.0016043838172663527,-0.0050963762078026775,14943,558000000,10.63,0,2,2,-12.538560717149398,6.262092634850982,5.170615263967649,-12.538560717149398,6.262092634850982,5.170615263967649,150.01573657989502
-14.82622645575601,5.735419632571633,6.618033988749894,-11.428171783210445,7.864429512053561,5.408189415878035,-0.36304417053891697,-0.0016213780547783625,-0.003351160637739986,0.9317644933636897,0.13124079089401444,-0.08021226426063369,0.2251312312270783,-0.003281715612502012,-0.005167420977159054,-0.011773348614951828,14943,925000000,10.49,0,2,2,-12.538560717149398,6.262092634850982,5.170615263967649,-12.592261326083403,6.256801775741826,5.245323835796427,150.50854992866516
-14.818111303820551,5.638142094139395,6.669146507442605,-11.470563312446911,7.857378968048978,5.475467472932876,-0.3613660500852212,-0.0007597316610969424,-0.003218620106823905,0.932418168601522,0.10714237602891105,-0.07881313523070863,0.22415336862837704,0.0035205774793212186,-0.005900508949707728,-0.012757209697156213,14944,276000000,10.65,0,2,2,-12.538560717149398,6.262092634850982,5.170615263967649,-12.645315512308844,6.2494680148769515,5.319739859523375,150.90120577812195
-14.807225288116157,5.5398174063306085,6.716897587203732,-11.50744537281251,7.855244790203183,5.542860766194378,-0.3596228034981542,-8.55833295822278e-05,-0.002593116329593046,0.9330941579644163,0.08553634723822051,-0.07805351874802298,0.22534141525033163,-0.00025973131698719953,-0.004945326691085938,-0.00924287132875179,14944,570000000,10.97,0,2,2,-12.686053244623794,6.24250113207454,5.377141301473375,-12.686053244623794,6.24250113207454,5.377141301473375,151.30754780769348
-14.807225288116157,5.5398174063306085,6.716897587203732,-11.54633764308174,7.856804037866815,5.624329718570725,-0.3589327267822348,0.0006521373071803787,-0.0026482221396926103,0.9333594480590535,0.07146060116202015,-0.07440548250014561,0.2250927143370891,-0.003684666125991498,-0.0021867324448976433,0.0020868378442173707,14944,861000000,11.21,0,2,2,-12.728995142136414,6.233903051260594,5.438074187387764,-12.728995142136414,6.233903051260594,5.438074187387764,151.75257897377014
-14.793651168871804,5.440600584473202,6.761191063713476,-11.574050536508263,7.85849383690626,5.687037032709925,-0.35961041680020117,0.001022785046209989,-0.0030283758140147556,0.9330970640718272,0.07083588296920576,-0.06949641471484722,0.22141385165547517,-0.0033738294632712496,-0.0005352735058750113,0.009014075476443395,14945,221000000,11.34,0,2,2,-12.728995142136414,6.233903051260594,5.438074187387764,-12.779433944070217,6.222010372873605,5.510373691666529,152.1221239566803
-14.77747875827409,5.34064642990583,6.801937735804838,-11.601943596700332,7.857725363589395,5.748368282930153,-0.36112584062353137,0.001097260510292005,-0.0033223265101462642,0.9325105283051125,0.07927125940693913,-0.06388079804740579,0.21638279504049668,0.0013194215625844663,0.0008041155751925544,0.012216291179356631,14945,505000000,11.29,0,2,2,-12.728995142136414,6.233903051260594,5.438074187387764,-12.817878310126867,6.211722249726441,5.5657298413146385,152.50678825378418
-14.758804733882657,5.240109123419744,6.839055545102901,-11.63028782537354,7.85463793712613,5.808566059980654,-0.3626700540954641,0.0009387581723710311,-0.0033011840261728247,0.9319112901878119,0.08295007356165937,-0.059808413330800184,0.21353186630114562,-0.0012728896422231628,0.0012965743962922716,0.011529203948157374,14945,796000000,11.12,0,2,2,-12.855687862163474,6.200374088431594,5.620316442181797,-12.855687862163474,6.200374088431594,5.620316442181797,152.8681013584137
-14.737732432329594,5.139141823034612,6.872469741279474,-11.658381719358198,7.8501590930939775,5.868193955321046,-0.3642911470965764,0.0008806262083471631,-0.003750330081120393,0.9312771443930234,0.0966120555750943,-0.05346093980000301,0.20982618919759854,-0.007571605692646699,0.0027808675895357737,0.01723258592392085,14946,70000000,10.94,0,2,2,-12.892777029766766,6.1878900677322015,5.674182714367987,-12.892777029766766,6.1878900677322015,5.674182714367987,153.22692942619324
-14.737732432329594,5.139141823034612,6.872469741279474,-11.689162937523601,7.837780091558943,5.921572309704841,-0.36695122833815746,0.0006809218607075488,-0.004764454131080082,0.9302277314418064,0.13860352292035355,-0.042149020013692556,0.20075341760556223,-0.003235153417335823,0.005357675991035649,0.024113523431879003,14946,347000000,10.77,0,2,2,-12.892777029766766,6.1878900677322015,5.674182714367987,-12.92907313595029,6.174362868776372,5.727229742923108,153.61123991012573
-14.71437162378238,5.037896267199173,6.902113032590307,-11.731447380569309,7.812128694749164,5.980180122665198,-0.3703362652596646,3.404679668109591e-05,-0.005473341418542636,0.9288816350903137,0.17936036711326114,-0.03139135204437626,0.19052030796033106,-0.0018305494791093224,0.0060620180647674715,0.023649073227716144,14946,614000000,10.46,0,2,2,-12.962203553539977,6.160954188126987,5.775643722268558,-12.962203553539977,6.160954188126987,5.775643722268558,154.02074885368347
-14.68883826770475,4.936522384489025,6.9279257213917065,-11.785788713174876,7.771839393627096,6.042808076973865,-0.37385867508537407,-0.0006799969438671663,-0.006184192880975114,0.9274648157347942,0.20793603191832064,-0.022780052869419625,0.1802067954089776,-0.002744813559729664,0.0043663978885888355,0.020089895951969083,14946,899000000,10.04,0,2,2,-12.962203553539977,6.160954188126987,5.775643722268558,-12.999853736470365,6.144246237268596,5.830574765101831,154.4992322921753
-14.661254250502761,4.8351679108523635,6.949855824363647,-11.845083580764566,7.723407598078886,6.105917441620039,-0.3766261601874587,-0.0010065430407858508,-0.006481319351802499,0.9263421154373892,0.2004327799941817,-0.019212388572177365,0.17466962756932958,0.0018658722865438904,-0.001033768364777643,0.009697863697510911,14947,249000000,9.58,0,2,2,-13.041650779963588,6.123527687484234,5.891610102682124,-13.041650779963588,6.123527687484234,5.891610102682124,154.95760798454285
-14.631747105695233,4.733978015430124,6.967859177197259,-11.899542376451178,7.679283962280978,6.171489586712529,-0.3777136619493608,-0.00047662630134718545,-0.006133580898030228,0.9259020151125819,0.16514884801526838,-0.018328614049249785,0.1718966147196004,-0.00061432330653588,-0.00471339426439954,0.004837879578190041,14947,607000000,9.22,0,2,2,-13.041650779963588,6.123527687484234,5.891610102682124,-13.084902639269323,6.099858277783483,5.9545473659314245,155.46102499961853
-14.631747105695233,4.733978015430124,6.967859177197259,-11.9333285955623,7.6524075993780505,6.219125338617321,-0.37831782772228817,0.00020142416274911926,-0.005885326029536225,0.9256570334596511,0.13969807082317637,-0.017442978216134067,0.16998641334167539,0.001022158096475323,-0.005267684719001409,0.004636772473531892,14947,985000000,9.1,0,2,2,-13.041650779963588,6.123527687484234,5.891610102682124,-13.12925552324617,6.072917296009612,6.019084563352769,155.8578598499298
-14.600449717297618,4.633094935949802,6.981899523535869,-11.961598090883388,7.630671889946803,6.2665914823385185,-0.37893080224967923,0.000826815461184083,-0.005482173884126605,0.9254084013299814,0.11420316029928065,-0.017064356435493692,0.16970667238163464,0.0011282172181381611,-0.004685364501710865,0.005193236347622587,14948,276000000,8.97,0,2,2,-13.041650779963588,6.123527687484234,5.891610102682124,-13.163437292833414,6.050383732402528,6.068528339102279,156.23914647102356
-14.567500007156669,4.532657624662312,6.991948587990478,-11.98690457480867,7.612034685222321,6.31754301342319,-0.37978051232059484,0.0014021805357922216,-0.005319374641635421,0.9250602686337108,0.09461762573680996,-0.016101109289454137,0.1701752927692688,-0.00447217357759655,-0.0029161891689000186,0.00824732196633704,14948,557000000,8.92,0,2,2,-13.041650779963588,6.123527687484234,5.891610102682124,-13.194655695809368,6.028402769012097,6.113377091705311,156.63531804084778
-14.533040607019544,4.4328014057587515,6.997986133082629,-12.008348837491353,7.596276202049276,6.368759890033138,-0.3812259765776807,0.001977336657834884,-0.005894639547060137,0.9244609770816428,0.08213215920877562,-0.013553215936196638,0.17120158279309947,-0.006570431241925689,-0.0009893171409203205,0.012678447728831088,14948,841000000,8.92,0,2,2,-13.041650779963588,6.123527687484234,5.891610102682124,-13.225099163543979,6.00540349602327,6.1569574965023905,157.02554965019226
-14.497218516165216,4.333657645168838,7.0,-12.025781597009127,7.5827190926400805,6.416891540651942,-0.38306636826826784,0.0023850603166747286,-0.00671719919781773,0.923693319356583,0.07526033195042431,-0.010242487930387862,0.1724885564054459,-0.007736707539152121,0.00038876845565027907,0.016063612201833166,14949,142000000,8.8,0,2,2,-13.041650779963588,6.123527687484234,5.891610102682124,-13.256821663310644,5.979532622903,6.202202884708607,157.42128825187683
-14.460184745468144,4.235353433605286,6.997986133082629,-12.042432880074722,7.568247420698606,6.468904610037978,-0.3855122197034857,0.002711094431930681,-0.007816759934128902,0.9226656364525583,0.07189383024152145,-0.005747467216221134,0.17411962467931913,-0.008436541338596726,0.001530470774468995,0.019179138325853273,14949,426000000,8.66,0,2,2,-13.041650779963588,6.123527687484234,5.891610102682124,-13.285652302719392,5.9544510428191595,6.242997486612607,157.8369541168213
-14.460184745468144,4.235353433605286,6.997986133082629,-12.059394573689623,7.550854206792265,6.528385157743488,-0.38871066353868416,0.002985011471876948,-0.009206082385537969,0.9213090457631137,0.07114032128985748,-9.327548379727946e-05,0.1758877593044212,-0.008563259234506404,0.0022052640588299255,0.021758048387710005,14949,736000000,8.42,0,2,2,-13.041650779963588,6.123527687484234,5.891610102682124,-13.317635945909457,5.9247368442071835,6.287835329786014,158.2761266231537
-14.422093948803884,4.138011283678539,6.991948587990478,-12.074059856299174,7.532890352848437,6.58486049181517,-0.39232648211387994,0.0029486941706731947,-0.0105025926651234,0.9197613452315474,0.07365525474629955,0.004540286716262065,0.17751320439830362,-0.006082689924369333,0.007913189074315596,0.031517498428002,14950,64000000,8.27,0,2,2,-13.041650779963588,6.123527687484234,5.891610102682124,-13.348465966399873,5.893774028043969,6.330669554948641,158.6810233592987
-14.383104042743637,4.041748841864257,6.981899523535869,-12.089604009369475,7.5112508386499846,6.6453392773316455,-0.39846306670331316,0.0016767801206919557,-0.012359334274621004,0.9170995691516304,0.08113323605394339,0.008582448902754228,0.1793957265613037,-0.008673068623465952,0.016556513401155826,0.049249964649789035,14950,381000000,8.07,0,2,2,-13.041650779963588,6.123527687484234,5.891610102682124,-13.378292722733033,5.861529950076536,6.371487174615674,159.1317639350891
-14.343375815519579,3.9466786160617637,6.967859177197259,-12.10400889444939,7.48895802039963,6.699099932192777,-0.40601400714773056,-0.00019424784664310787,-0.0145798257822282,0.9137505222694959,0.090186876858156,0.012206535047938127,0.18129241235780338,-0.009044248781719944,0.02008061856031418,0.0599415143369697,14950,726000000,7.65,0,2,2,-13.041650779963588,6.123527687484234,5.891610102682124,-13.408920096361918,5.826181829564422,6.41254946798245,159.5755763053894
-14.303072526274946,3.852907719435575,6.949855824363647,-12.12025714486507,7.461225428082195,6.756858963622765,-0.41530348986665677,-0.0024934147341138394,-0.017259674497089015,0.9095157490795824,0.10127015336249959,0.016547337647121234,0.1837902947723734,-0.009648199920775369,0.02223990341008175,0.06618512124987319,14951,18000000,7.17,0,2,2,-13.041650779963588,6.123527687484234,5.891610102682124,-13.434888876412238,5.793960304921571,6.446710223826732,160.0193474292755
-14.262359495642343,3.760537631184168,6.927925721391707,-12.13509876126874,7.4333414389257735,6.8078335013945965,-0.42388710063144175,-0.004562367147097368,-0.019740642616383818,0.9054883863161234,0.11091759603433918,0.020339384813654042,0.1864427390964699,-0.010651675256667659,0.02230434383818647,0.06740673561580479,14951,353000000,6.74,0,2,2,-13.461418294038783,5.7584416416736595,6.48086451703388,-13.461418294038783,5.7584416416736595,6.48086451703388,160.40045380592346
-14.221403688720377,3.669663974830505,6.902113032590307,-12.149494706701862,7.404068062864029,6.855310909642694,-0.43161989041756654,-0.006208904830270673,-0.02210643178696713,0.9017632867723018,0.12954007352326197,0.025377649863798778,0.1816044968120158,-0.01171254980363301,0.010215853762929328,0.057127287072944455,14951,625000000,6.58,0,2,2,-13.461418294038783,5.7584416416736595,6.48086451703388,-13.483664916301384,5.726550738035972,6.50879750060449,160.76921772956848
-14.221403688720377,3.669663974830505,6.902113032590307,-12.169143510116363,7.363019343837309,6.900491896803512,-0.43725618173643155,-0.00545452427172664,-0.022791838414157824,0.8990315966638485,0.1743529557526049,0.03400859851838038,0.15367187229283227,0.011360209191479953,-0.009689094804343767,0.03175003657815978,14951,895000000,6.69,0,2,2,-13.461418294038783,5.7584416416736595,6.48086451703388,-13.503545691657047,5.696265221806851,6.533050096514845,161.13930916786194
-14.180373291542491,3.58037631457762,6.872469741279475,-12.192005189592207,7.316093112397499,6.935156939417818,-0.4398108327276995,-0.00454315889800337,-0.020812198134923826,0.8978377601389838,0.2079756195534256,0.03908135672497154,0.12812516180048034,0.011565385466383304,-0.01366579544992419,0.01581266533321468,14952,165000000,7.27,0,2,2,-13.524375991600133,5.662779703667205,6.557358550688156,-13.524375991600133,5.662779703667205,6.557358550688156,161.5064480304718
-14.139437282152723,3.49275797021996,6.839055545102902,-12.222961986022128,7.254124830271605,6.9674391399616376,-0.44150446177686253,-0.0033561699985968562,-0.018726479530285868,0.8970573366950773,0.23705127095479725,0.04300475005393241,0.10211448004143245,0.005437369100036449,-0.01202876746901893,0.012508576037362218,14952,431000000,7.92,0,2,2,-13.54322780218892,5.631037517264099,6.578295839038642,-13.54322780218892,5.631037517264099,6.578295839038642,161.8829734325409
-14.098764997420908,3.4068858510473015,6.801937735804839,-12.262134032106257,7.176422707445768,6.995304261215399,-0.44364115444663454,-0.0020947894981099575,-0.017051358642954213,0.8960398367855333,0.2600722339843394,0.046693086335417334,0.07603546752947604,0.006457202198362211,-0.009909322216117289,0.016480427802889608,14952,717000000,8.56,0,2,2,-13.564289040155623,5.593626017182918,6.600449727512629,-13.564289040155623,5.593626017182918,6.600449727512629,162.33134746551514
-14.098764997420908,3.4068858510473015,6.801937735804839,-12.305811916191848,7.088981402379551,7.016228995978405,-0.44674523537468963,-0.0009887066852513138,-0.01536786175798854,0.8945286725164772,0.26341975198722933,0.049732998915875,0.05421200509821662,0.005318006060406333,-0.009461939771426842,0.023945965403981972,14953,66000000,9.17,0,2,2,-13.564289040155623,5.593626017182918,6.600449727512629,-13.587140479241134,5.550118193898986,6.62275865005946,162.84651494026184
-14.058525696744557,3.3228303091230633,6.761191063713478,-12.34334930475807,7.008910780901913,7.030483749510785,-0.45085148220063787,8.720492160779053e-05,-0.013865736466705319,0.8924912743243069,0.23729692906776606,0.052127932771532104,0.04202876960729517,0.005606352897302713,-0.009246314584743232,0.031202344689518213,14953,432000000,9.73,0,2,2,-13.610165126070658,5.502853741056866,6.643160037098233,-13.610165126070658,5.502853741056866,6.643160037098233,163.28983235359192
-14.01888812379634,3.2406550122629065,6.716897587203733,-12.37460573594283,6.930872435571544,7.043666691336915,-0.45654299725586245,0.0012279983790162829,-0.012463629520162072,0.8896131977527079,0.1935216213185623,0.055059013226991596,0.03450696452108319,0.0024908222258090973,-0.006762706925655948,0.035445969115244225,14953,770000000,10.25,0,2,2,-13.610165126070658,5.502853741056866,6.643160037098233,-13.631024059847551,5.457194260539245,6.659392134255229,163.7829566001892
-13.980020067484556,3.160416836982813,6.669146507442608,-12.391693056538571,6.877180560861776,7.052325327860627,-0.4612867208409568,0.0018736726292832026,-0.011700072592671643,0.887172000701105,0.16450475563197012,0.05803625693227599,0.02924550245144909,0.0036552964957081713,-0.004633186290448066,0.034959398180944845,14954,150000000,10.87,0,2,2,-13.610165126070658,5.502853741056866,6.643160037098233,-13.653473280716206,5.404921081908157,6.673949549469574,164.18001079559326
-13.942087923299237,3.082165781628348,6.618033988749896,-12.403073324139173,6.826661160300301,7.060175916323892,-0.46592067532614556,0.002221401181000558,-0.011014757322226353,0.8847551439814034,0.13774729396316193,0.0627131859945578,0.02460020467635281,0.0020134311853325926,-0.002311106163688237,0.02784337084449362,14954,441000000,11.34,0,2,2,-13.670539875144188,5.362933031830141,6.682882724007886,-13.670539875144188,5.362933031830141,6.682882724007886,164.62662148475647
-13.905256256218784,3.0059448998392075,6.5636629649360625,-12.408552404741316,6.781081550891208,7.06651905402651,-0.4694014989910042,0.002390544827501709,-0.010702055247737409,0.88291674808778,0.11801703373601624,0.06811526556042194,0.018756619798204636,0.0003425535709311589,-0.0010395644039817853,0.022887529848958366,14954,764000000,11.81,0,2,2,-13.670539875144188,5.362933031830141,6.682882724007886,-13.687978857976699,5.31739039012122,6.689737746380155,165.04805326461792
-13.869687366350743,2.9317902544446652,6.506142932007222,-12.409377971261053,6.744330176530699,7.07023037882658,-0.47212463644414626,0.0024575165239192317,-0.010498358840993427,0.8814658658942289,0.10439407237944136,0.07239441905547529,0.011959401289537425,0.0030466633461401216,-0.0008631807872916397,0.02070731297862949,14955,79000000,12.21,0,2,2,-13.670539875144188,5.362933031830141,6.682882724007886,-13.704571055461553,5.271026475442778,6.693727951868517,165.43864607810974
-13.835540858476268,2.8597308918276463,6.445589727654781,-12.407235102160364,6.709671564146153,7.071945537885647,-0.4745146003770553,0.0024196282772837095,-0.0101036732587984,0.8801863184659726,0.0946425321342607,0.07669908223412185,0.004532726970105797,0.002039674768639088,-0.000845537584837075,0.01778585501597263,14955,363000000,12.53,0,2,2,-13.670539875144188,5.362933031830141,6.682882724007886,-13.718429223822312,5.229991316052505,6.695054186599238,165.82562160491943
-13.835540858476268,2.8597308918276463,6.445589727654781,-12.402284019755086,6.67383729528752,7.07141738500382,-0.4766503612054961,0.0024165313657584773,-0.009808907475592222,0.8790349133413095,0.08810209408415325,0.0817329143411056,-0.003955674932162099,0.0014267804317569244,-0.0006059216900666797,0.014204064609657507,14955,648000000,12.83,0,2,2,-13.670539875144188,5.362933031830141,6.682882724007886,-13.731747448251536,5.18850152262066,6.694288489579279,166.21356582641602
-13.802973216660124,2.789788836736497,6.38212529797373,-12.39458649137739,6.636142076202669,7.067991227684239,-0.4784140752787007,0.0023906775983527306,-0.009531661589753621,0.8780793840326653,0.08405963690244343,0.08677030487515354,-0.012746272109248067,0.0020461887743294938,-0.0006518517750464525,0.01092292995963362,14955,947000000,13.13,0,2,2,-13.670539875144188,5.362933031830141,6.682882724007886,-13.74540962219634,5.143494543647816,6.6909881888251,166.6148819923401
-13.772137385077528,2.7219791074656707,6.315877451879423,-12.385677298833594,6.600908915909738,7.06243321828703,-0.47964599460160146,0.0023658548890578895,-0.009261076748039027,0.8774100267553087,0.08198889501868187,0.09091938024864113,-0.020178841323976265,0.0011203024200767686,-0.0003801758822419288,0.006450977843996952,14956,258000000,13.42,0,2,2,-13.670539875144188,5.362933031830141,6.682882724007886,-13.759290691925662,5.094861342356441,6.684609259263085,167.02917003631592
-13.743182356195256,2.65630975126882,6.2469796037174685,-12.373945810428,6.560589420426918,7.0533339894510565,-0.4799225485858064,0.0022674887087798363,-0.009084887047162425,0.8772608908877678,0.08085048040739624,0.09619668543428621,-0.029170293370141116,0.0013083703493066423,0.0008487424395298149,-0.006999093284321134,14956,577000000,13.64,0,2,2,-13.670539875144188,5.362933031830141,6.682882724007886,-13.77256707040648,5.045860188308138,6.675589845894481,167.51711678504944
-13.716252767427495,2.5927818998102916,6.175570504584947,-12.36218977225342,6.524393817362562,7.042703143899848,-0.477870139095223,0.0018866098725024393,-0.009040047793981891,0.8783819490404977,0.08053542784830968,0.10154977882106371,-0.03717382576899693,0.0017548713003634475,0.005437488562165527,-0.03337404668855015,14956,916000000,13.85,0,2,2,-13.78520738518541,4.996390073867802,6.66375262833767,-13.78520738518541,4.996390073867802,6.66375262833767,167.91458916664124
-13.691488507366863,2.5313898444048584,6.101793962904209,-12.351560962454956,6.491700689833687,7.0313708566210495,-0.4727444781840848,0.0010709930334201704,-0.009452747127939072,0.881148203704754,0.09481017684199289,0.10401492014401752,-0.04748489927357498,-0.005237903178567649,0.002846750066964887,-0.04169795793131925,14957,198000000,13.8,0,2,2,-13.78520738518541,4.996390073867802,6.66375262833767,-13.796460560771425,4.9495325010057005,6.649925964255422,168.2843360900879
-13.691488507366863,2.5313898444048584,6.101793962904209,-12.346779190230702,6.448291410774674,7.014452142633624,-0.4689768968841933,0.0015851817095498448,-0.009725605072625917,0.8831554619622707,0.14185128753811643,0.09932965913782225,-0.06745899222539667,-0.0005299844758610561,-0.00621366498307907,-0.02121371653629467,14957,461000000,13.43,0,2,2,-13.78520738518541,4.996390073867802,6.66375262833767,-13.805770793193492,4.908699684588366,6.636009382826387,168.67054796218872
-13.669024332667991,2.472121130739345,6.025798554811813,-12.34977532173499,6.3996626910144,6.993807574518316,-0.46718636549412235,0.00244614688070199,-0.009238249885400987,0.8841072169148294,0.17846476983658952,0.09504590984809427,-0.08475976957720457,0.001331904911694437,-0.008514992168784374,-0.011140451078972546,14957,747000000,13.28,0,2,2,-13.81535230662499,4.864450508249612,6.619008918229793,-13.81535230662499,4.864450508249612,6.619008918229793,169.04075837135315
-13.648989496635002,2.4149566727154745,5.947737324946002,-12.361278938207379,6.33125096667843,6.963008159544152,-0.46616317593863166,0.0034795863078336433,-0.00833301402521133,0.8846526701226815,0.21266360475796486,0.09090391927691979,-0.10239352956369177,0.002972643801513186,-0.007645755749763339,-0.0032949561727946275,14958,10000000,13.32,0,2,2,-13.81535230662499,4.864450508249612,6.619008918229793,-13.823876618928105,4.823088037762517,6.601302917536865,169.45755863189697
-13.631507390535248,2.3598708849992422,5.867767478235117,-12.382623221651759,6.241486216432538,6.919984482963979,-0.46651420970381297,0.004243688550925981,-0.007156436855616221,0.8844745720841504,0.23469236689725098,0.08807787212764559,-0.11948256116002147,0.004368755844552652,-0.004696592395703192,0.010553953416092554,14958,330000000,13.46,0,2,2,-13.81535230662499,4.864450508249612,6.619008918229793,-13.833873538276457,4.772009162388755,6.577328248141429,169.94841933250427
-13.631507390535248,2.3598708849992422,5.867767478235117,-12.404588414638468,6.15429269030252,6.874498321251688,-0.46951623199659087,0.0041804276876415344,-0.005868303433397039,0.882894441556229,0.22416109505471687,0.08864692492797846,-0.1291416337146817,0.009074904028238961,0.00013255977648896078,0.031686783404438756,14958,699000000,13.69,0,2,2,-13.845020437490549,4.711049229638369,6.545567729150158,-13.845020437490549,4.711049229638369,6.545567729150158,170.43966150283813
-13.616695198629978,2.30683183381018,5.786050063307852,-12.420649046590103,6.073237509570955,6.826767232248089,-0.4753946367679327,0.003343811109552004,-0.004750319142593838,0.879753484066754,0.20433962817042564,0.08885036558342943,-0.13410375300973965,0.006315508335319464,0.0016718453821340518,0.03845044848276302,14959,61000000,14.09,0,2,2,-13.854901206507463,4.652832643867941,6.511887830373613,-13.854901206507463,4.652832643867941,6.511887830373613,170.90639328956604
-13.604663567877996,2.255801405432595,5.702749648162687,-12.432389202187919,6.000576035704459,6.780305730147946,-0.4811426522536647,0.002606842075288825,-0.003921232844468476,0.8766296689535912,0.1898242079194758,0.08836586883506037,-0.13732709065938692,0.006874140399304451,0.001986459733416268,0.03860019387502689,14959,421000000,14.71,0,2,2,-13.864206704902706,4.594420142145788,6.475205733659257,-13.864206704902706,4.594420142145788,6.475205733659257,171.39398741722107
-13.595516293231295,2.206735491881907,5.618033988749892,-12.4403598076745,5.925123503336082,6.727341799109099,-0.4874103590196199,0.0016850528021770854,-0.0030462592664987657,0.8731660912002366,0.16921352713495377,0.08938480155651671,-0.1403124690249139,0.006125405889179092,0.0022411764575736015,0.035517648939276114,14959,769000000,15.35,0,2,2,-13.864206704902706,4.594420142145788,6.475205733659257,-13.87254532939777,4.539069406986097,6.437804122469434,171.86821866035461
-13.589350019401854,2.159584193111267,5.532073691133351,-12.44254475041689,5.862981846391042,6.678923743647297,-0.4924701190622089,0.0008065378171907737,-0.002320191236710234,0.8703258861140626,0.14834306513280265,0.09198026503140669,-0.1432470761375358,0.006903910525579704,0.0032770076586530195,0.03272836074756924,14960,139000000,16.1,0,2,2,-13.881334738539863,4.477171996619004,6.393061188966762,-13.881334738539863,4.477171996619004,6.393061188966762,172.30577635765076
-13.586253959936645,2.114292035098086,5.445041867912627,-12.439506357463253,5.809825325439434,6.63242078086427,-0.49671321751430697,-0.00013543571451231817,-0.0017017633317906772,0.8679130516389959,0.1311371793186322,0.09438047535818948,-0.14666284910566274,0.005897228857065784,0.002361466886213748,0.025635811289248522,14960,479000000,16.73,0,2,2,-13.881334738539863,4.477171996619004,6.393061188966762,-13.888751401424031,4.4217150194354895,6.3504831081461806,172.7701554298401
-13.586309634393402,2.0707982031062557,5.357113789597275,-12.433393067762708,5.76002192303448,6.584619899387377,-0.4997978351095043,-0.0008063520180662251,-0.0011109949046285011,0.8661410044020532,0.118097681551772,0.09649393601515462,-0.15121797322049282,0.004991296054868144,0.0019018801822312525,0.019837925719912164,14960,807000000,17.27,0,2,2,-13.881334738539863,4.477171996619004,6.393061188966762,-13.895398086449722,4.369533948051921,6.308309322225123,173.2041473388672
-13.589590624362929,2.029036789378015,5.268466531635312,-12.425736667570577,5.722272121799008,6.544669179374772,-0.5018707737948298,-0.0013571688658423954,-0.0006850758869525225,0.8649412784543684,0.1060925039050558,0.09932888798935884,-0.15564262871013973,0.005996209301883937,0.0019667427750391653,0.015921830345178023,14961,120000000,17.7,0,2,2,-13.881334738539863,4.477171996619004,6.393061188966762,-13.901810333717634,4.317485623676902,6.264351890885169,173.59244060516357
-13.59616234903493,1.9889370544701188,5.1792786178068715,-12.414151925153744,5.681261743406855,6.496851562584481,-0.5035188407824017,-0.0020278842589040403,-3.906868104123595e-05,0.8639818650505443,0.09542330648061721,0.10249710538889834,-0.1629739412178274,0.0068195141466276255,0.001182783694275713,0.009365652203996433,14961,396000000,17.99,0,2,2,-13.881334738539863,4.477171996619004,6.393061188966762,-13.907315923727367,4.271952693406481,6.224289430764033,173.98678874969482
-13.606081860953598,1.950423701411545,5.089729660701031,-12.398262372980753,5.637053810189868,6.4396702650682,-0.5044137955143816,-0.0027086107244506503,0.0009023320582626462,0.8634573365949098,0.08717678323261088,0.1055498949682346,-0.17362386211909847,0.007296870353457052,0.00017215906353840182,0.002466753289809276,14961,691000000,18.27,0,2,2,-13.881334738539863,4.477171996619004,6.393061188966762,-13.912718437728419,4.226557933105014,6.183065553612884,174.43768644332886
-13.606081860953598,1.950423701411545,5.089729660701031,-12.383566247392192,5.601789916662765,6.389778739706117,-0.504466338231701,-0.0032065855407646866,0.0017777289569140546,0.8634235757031565,0.08251487890962808,0.10745843820867389,-0.1832261617609315,0.008419587538810447,-0.0005326689120010997,-0.0019109946947537537,14962,35000000,18.46,0,2,2,-13.919132930567757,4.171550072320826,6.131322563191488,-13.919132930567757,4.171550072320826,6.131322563191488,174.82329750061035
-13.619397662556434,1.9134171618254512,5.000000000000004,-12.368461067661485,5.566647127621577,6.337155142134578,-0.503753070579345,-0.0032608754495130577,0.002347413178831347,0.8638383530641317,0.09468446114834093,0.10415536370154113,-0.1925528739363213,-0.0082335997831251,-0.005313810424922849,-0.015577913291053846,14962,304000000,18.52,0,2,2,-13.919132930567757,4.171550072320826,6.131322563191488,-13.92417645346248,4.126322828310694,6.087043226074484,175.2054591178894
-13.63614954403571,1.877833893125572,4.910270339298972,-12.359510106562123,5.514691989940052,6.270372082009789,-0.5001323880351105,-0.0010287335198828306,0.0016032141606491309,0.8659468608696479,0.14295526102560607,0.09210041349191819,-0.20067270403177623,-0.01397371806888259,-0.010872008624573937,-0.028027618282067124,14962,591000000,18.5,0,2,2,-13.919132930567757,4.171550072320826,6.131322563191488,-13.929072650168353,4.081222419245775,6.041387254095933,175.6135892868042
-13.656368443005908,1.8435866858678756,4.820721382193137,-12.36223903947687,5.447407250284581,6.196843815056667,-0.4957576769586194,0.001717270816128971,0.0008587509380580413,0.8684587723457939,0.18360606067265367,0.08330721272429499,-0.2085059926552018,-0.00845690901769558,-0.010984886102960445,-0.0273746512903017,14962,921000000,18.22,0,2,2,-13.934963694051428,4.026757161278172,5.9843771218408515,-13.934963694051428,4.026757161278172,5.9843771218408515,176.0873568058014
-13.680076326403402,1.8105849803110527,4.73153346836469,-12.373860545653812,5.375148972157977,6.125106406613781,-0.49190015883974414,0.003685708204160798,0.000869153829229201,0.8706433792662122,0.21163061316826806,0.07653876623304388,-0.21531812991739624,-0.0021942448711342877,-0.008444446393696126,-0.02348249217902776,14963,282000000,17.91,0,2,2,-13.934963694051428,4.026757161278172,5.9843771218408515,-13.941065362916957,3.9693476426925036,5.921936085812335,176.53808498382568
-13.707286094986122,1.7787351912154206,4.642886210402724,-12.392889935468078,5.292991038528481,6.047072538327923,-0.4890454030728116,0.004700271269649537,0.001366959122793334,0.8722445944837374,0.22210688809072013,0.07287611966881993,-0.22097783898064072,0.0023773324301146204,-0.0025720257553984993,-0.006972709752517403,14963,634000000,17.66,0,2,2,-13.94666010660821,3.9155026962831294,5.861650095800017,-13.94666010660821,3.9155026962831294,5.861650095800017,176.95500683784485
-13.738001510741421,1.7479410398882975,4.554958132087372,-12.412661806757491,5.211223202315734,5.967532046730618,-0.48891621525533097,0.004506630080751771,0.0018859835791101246,0.8723170683940886,0.21926805959545775,0.07078389919506252,-0.22473231551240275,0.004049469225719804,0.0009055687200998364,0.002373086567786231,14963,987000000,17.52,0,2,2,-13.94666010660821,3.9155026962831294,5.861650095800017,-13.952557877102793,3.858955149425871,5.7964355342947345,177.491149187088
-13.738001510741421,1.7479410398882975,4.554958132087372,-12.433679160781502,5.122922609736398,5.877834757812737,-0.49033090457114237,0.0034050713058157984,0.0027856995528244984,0.8715252431168297,0.19975685693231887,0.0714925492579366,-0.2271603372994412,0.00939669716899516,0.005778580680271261,0.019068930123467,14964,351000000,17.64,0,2,2,-13.94666010660821,3.9155026962831294,5.861650095800017,-13.958435994590365,3.8028091382045943,5.729472629222953,177.9984996318817
-13.77221714744992,1.71810389246541,4.467926308866647,-12.444902105572856,5.055595165202285,5.801018766641142,-0.49382977290745556,0.0015221585895536412,0.0036263538525980084,0.8695497041464247,0.16919981524093633,0.07538570849533952,-0.22772289313612548,0.010914309677900746,0.00853570936669712,0.026729984165285714,14964,744000000,17.93,0,2,2,-13.96510790514767,3.741071355761534,5.653599300636599,-13.96510790514767,3.741071355761534,5.653599300636599,178.47891902923584
-13.809918364591843,1.6891231034023886,4.3819660112501095,-12.448969059539447,4.980464432816166,5.70155819225742,-0.4984391843093674,-0.0011988436681672336,0.004989869241730904,0.8669094782754552,0.1370317208819592,0.07657441305144766,-0.22619561095516588,0.011523612010932993,0.005052372171121533,0.017396632938471157,14965,89000000,18.42,0,2,2,-13.96510790514767,3.741071355761534,5.653599300636599,-13.971036536014735,3.689096846458695,5.58800285579965,178.99418234825134
-13.851081304720704,1.6608963631376414,4.297250351837316,-12.447272481635649,4.926498530330475,5.620829784343257,-0.5007215051417877,-0.0026374653901127935,0.0057951348523194515,0.8655850244065582,0.11604642188505018,0.07786124433638156,-0.22514584449280464,0.004094142605026718,0.005024731535741012,0.012521374810603447,14965,526000000,19.07,0,2,2,-13.96510790514767,3.741071355761534,5.653599300636599,-13.979090030825743,3.622396552812731,5.501193887641537,179.44785833358765
-13.895672914366806,1.6333200488784598,4.213949936692157,-12.439805637655498,4.876251374588864,5.53551021833993,-0.5022977111261306,-0.003917042311003852,0.006157309414657622,0.8646639542144428,0.09541968208730395,0.0809641022794462,-0.22721107003709298,0.0063483039866696345,0.003728721139850677,0.004327220995037351,14965,896000000,19.41,0,2,2,-13.96510790514767,3.741071355761534,5.653599300636599,-13.986015746411283,3.5684940478291054,5.4290951736671715,179.85935807228088
-13.943650988470747,1.6062895774554231,4.132232521764885,-12.42869544496881,4.833683751570985,5.4532947319167375,-0.5023746403567941,-0.005000448624918585,0.007014894629403265,0.8646071405518634,0.08137130321992438,0.08206313675260946,-0.23267299896522226,0.00844412006699713,0.001549235219044931,-0.0037717691384386853,14966,264000000,19.66,0,2,2,-13.96510790514767,3.741071355761534,5.653599300636599,-13.993916223941563,3.5121165602054196,5.352030422683541,180.32256484031677
-13.994964238284453,1.5796997591868318,4.052262675054007,-12.414274730450158,4.792694741853094,5.36389870208156,-0.5000043672751705,-0.005873506400859682,0.008467521399868302,0.8659615671088748,0.06889639980422735,0.08184940072986337,-0.24126781041779005,0.009694073469290743,-0.0016068772993094171,-0.03505560816847719,14966,625000000,19.72,0,2,2,-13.96510790514767,3.741071355761534,5.653599300636599,-14.002018752013932,3.4592775156432976,5.278485880768146,180.83317947387695
-14.049552382614877,1.5534451516941854,3.974201445188189,-12.400435760129861,4.761204126005201,5.2859235284666735,-0.4932940070715347,-0.006249989133306602,0.010084033754964312,0.8697817384185361,0.057512598118829784,0.08125996776400449,-0.24992459884857227,0.011913692651432939,-0.0045434938783728285,-0.06901793603901751,14967,16000000,19.46,0,2,2,-14.010911540313419,3.4043005970042666,5.200795607625774,-14.010911540313419,3.4043005970042666,5.200795607625774,181.25409197807312
-14.107346262223295,1.527420412612428,3.898206037095793,-12.387915712901753,4.73548321009858,5.215502977909292,-0.48370055643725596,-0.005933443601783011,0.011452582770652314,0.8751385057790536,0.06444537166937206,0.07477829100821834,-0.254386499504032,-0.002736571354944317,-0.008412915667577181,-0.07107310957508162,14967,324000000,18.62,0,2,2,-14.018675915923943,3.358622902988007,5.1351513205293005,-14.018675915923943,3.358622902988007,5.1351513205293005,181.6400728225708
-14.168267977131398,1.501520650144207,3.824429495415055,-12.383697249952291,4.7041057305301734,5.145345042466954,-0.47658991803961004,-0.0038731302455944435,0.011053007444685311,0.879047711965355,0.10545828947155036,0.06136665024401614,-0.2504646194203956,-0.026981338851328474,-0.011530529354786268,-0.046862328235874884,14967,606000000,17.39,0,2,2,-14.02574195918649,3.319079635711195,5.077509982174479,-14.02574195918649,3.319079635711195,5.077509982174479,182.02115201950073
-14.232231046524186,1.4756417704159197,3.7530203962825315,-12.388551869393194,4.6648828779052325,5.076413426338729,-0.47176888617743673,-0.0007843217870621873,0.008798663130722919,0.8816779947358031,0.14228704193412642,0.054801816362716325,-0.24593119011898007,-0.02206581484642811,-0.011187521340616513,-0.033742603045539,14967,885000000,16.49,0,2,2,-14.03303120635683,3.280024433624728,5.019967956111553,-14.03303120635683,3.280024433624728,5.019967956111553,182.3979606628418
-14.29914059087924,1.449680820605077,3.684122548120576,-12.400780759781998,4.619049905618162,5.008685226609192,-0.4680132875230574,0.0018171540337971015,0.0071562273192687705,0.8836905844602125,0.17177551080007486,0.04939013962747618,-0.2423552329618202,-0.014873227974021574,-0.009464505819778424,-0.027695750213752035,14968,168000000,15.91,0,2,2,-14.040711249745392,3.2413705165166546,4.962538738746269,-14.040711249745392,3.2413705165166546,4.962538738746269,182.7762906551361
-14.29914059087924,1.449680820605077,3.684122548120576,-12.419042364265255,4.5680924806136245,4.94191365718524,-0.46480772283992683,0.0036881499128228958,0.006080769041510054,0.885383082392275,0.19514992358476216,0.044541667738419964,-0.23982627283149846,-0.010455295796418795,-0.006547932662215317,-0.02436242539261002,14968,452000000,15.49,0,2,2,-14.048785308509652,3.203058796533036,4.905082455470908,-14.048785308509652,3.203058796533036,4.905082455470908,183.14601039886475
-14.368893535892646,1.423536326822833,3.6178747020262687,-12.44406432589648,4.50923936396236,4.871214206594384,-0.4617264812472465,0.005008277881501152,0.005245724421204632,0.8869927034891516,0.21432727057055923,0.03997902228073642,-0.2371768089784271,-0.006926243531779619,-0.0038164848319865996,-0.021661139362549875,14968,727000000,15.16,0,2,2,-14.057361896626086,3.165057929779448,4.8475003131407695,-14.057361896626086,3.165057929779448,4.8475003131407695,183.55404829978943
-14.44137883771317,1.3971086257532077,3.554410272345218,-12.47945407984318,4.434963232940713,4.7877480621761475,-0.458604219298702,0.0057956618463297065,0.00471461334545142,0.8886092238808877,0.22517089895245138,0.036231045120926425,-0.23347664816281394,-0.0015187805047389702,-0.0006586978713585268,-0.015965199600032065,14969,33000000,14.85,0,2,2,-14.067053259583101,3.1247701805585284,4.785995996510803,-14.067053259583101,3.1247701805585284,4.785995996510803,184.01544857025146
-14.516477728939526,1.370300189070615,3.493857067992777,-12.516410973852345,4.361005109280295,4.705475670531121,-0.4566534231324617,0.0055544921205122316,0.004780186738985202,0.8896144943588926,0.21636889732368036,0.034915966846011136,-0.2305365523983487,0.004302329170968733,0.003621787391239195,-0.006225689548955415,14969,386000000,14.56,0,2,2,-14.067053259583101,3.1247701805585284,4.785995996510803,-14.07939458195338,3.076942899442322,4.7123743805601075,184.52517914772034
-14.594063984779455,1.3430159396806216,3.436337035063941,-12.550967312810405,4.289252225881639,4.619406342382181,-0.4564386689076696,0.003994480935729467,0.005337117894022795,0.8897299032967443,0.18536798466835752,0.03663050624213334,-0.22882049044609193,0.00909309410417336,0.009215070713253226,0.00478007796118618,14969,751000000,14.4,0,2,2,-14.092807953007817,3.029497516833805,4.638805695523495,-14.092807953007817,3.029497516833805,4.638805695523495,184.98453879356384
-14.674004208715575,1.3151635588544948,3.3819660112501038,-12.576157226229938,4.22838108049699,4.533482102255643,-0.4575356001163471,0.00151771978763634,0.006061731667422221,0.8891693463913453,0.15008875458090185,0.037780729108763976,-0.2267912431648753,0.00968147305684397,0.009144712203124072,0.005748779949499294,14970,119000000,14.44,0,2,2,-14.092807953007817,3.029497516833805,4.638805695523495,-14.108092334169863,2.9799801110003723,4.561646238988283,185.4860565662384
-14.674004208715575,1.3151635588544948,3.3819660112501038,-12.59152877092802,4.184647916412167,4.461701623336277,-0.45820077777455626,-0.0002490671858484828,0.006476233435298873,0.888825091687234,0.12598248430905495,0.038425294909708335,-0.22517654420760888,0.004227743511364679,0.008289904417324578,0.0028032362934027333,14970,514000000,14.61,0,2,2,-14.124441322162445,2.931049574111923,4.485058833502731,-14.124441322162445,2.931049574111923,4.485058833502731,185.95858454704285
-14.756158136970098,1.2866537833567335,3.330853492557395,-12.601981089833556,4.146704966868094,4.390112753051829,-0.45831043557032625,-0.0015835783469697051,0.00642199322040201,0.8887675708136709,0.10401825955831465,0.040020729298824796,-0.2232538812462964,0.002722226872720057,0.0060109863170509925,-0.0019344167867529904,14970,823000000,14.71,0,2,2,-14.124441322162445,2.931049574111923,4.485058833502731,-14.139305914469732,2.890143859174344,4.420879692856495,186.39410662651062
-14.840378961010297,1.2574006916957472,3.283102412796267,-12.607325102542758,4.119786443662665,4.33270340915153,-0.45788604630420243,-0.0023081545917236794,0.0063778417883398565,0.8889850190843538,0.08866610276004776,0.0406843930455571,-0.2203661621491134,0.0014439335700444644,0.004331235140853096,-0.0055467979564127745,14971,142000000,14.73,0,2,2,-14.124441322162445,2.931049574111923,4.485058833502731,-14.155070323791957,2.8495866226361475,4.357285029849055,186.7729630470276
-14.926513667287587,1.2273219786613712,3.2388089362865244,-12.610698831100152,4.09396535651173,4.2714224504231275,-0.4569523026953636,-0.002870119843650578,0.00638044445343451,0.8894636841389673,0.07600274768412503,0.04065892783233569,-0.2191932922419225,0.003857468891510507,0.0026522457801547716,-0.009457138185098302,14971,416000000,14.68,0,2,2,-14.124441322162445,2.931049574111923,4.485058833502731,-14.16847011980359,2.816920371562831,4.306114444435044,187.1585578918457
-15.014403393356975,1.1963392173488867,3.1980622641951637,-12.612473297011773,4.0707410729689055,4.21014927467698,-0.45555361503113717,-0.0033372068673036,0.006770286475737612,0.8901763477555575,0.06683870786207113,0.039306229411216906,-0.22009937136320507,0.005390577234720695,0.0008280981319330749,-0.01292768019993673,14971,691000000,14.56,0,2,2,-14.124441322162445,2.931049574111923,4.485058833502731,-14.18359958476304,2.7819349798815773,4.251459178088985,187.54233264923096
-15.103883799479043,1.1643781079072553,3.1609444548970993,-12.613476924044683,4.0480587686483345,4.1439461140088145,-0.4536313278157144,-0.0037018622413295945,0.007496953333735379,0.8911502176012804,0.06024182824234751,0.03681826000708211,-0.2226850107946999,0.006737593321304303,-0.000732238453338141,-0.015576609803247266,14971,974000000,14.38,0,2,2,-14.124441322162445,2.931049574111923,4.485058833502731,-14.199351343195728,2.747230655695731,4.197566355319192,187.9394884109497
-15.194785454764899,1.131368712289839,3.1275302587205274,-12.6142015446045,4.028426307692931,4.081350161361245,-0.45159196433096216,-0.003949146806488444,0.00839557947550583,0.8921763369628642,0.05638993281697876,0.033758598475367205,-0.2258772352452178,0.007949291830300353,-0.0017556457351020072,-0.016939310262387153,14972,271000000,14.12,0,2,2,-14.124441322162445,2.931049574111923,4.485058833502731,-14.217057807829137,2.710270966714643,4.140661122210078,188.33447980880737
-15.194785454764899,1.131368712289839,3.1275302587205274,-12.615229034943344,4.009920888210465,4.017755543076914,-0.44942111982429195,-0.004142862819016157,0.009494354665219647,0.8932599571082505,0.05426351014195925,0.029897164647754614,-0.22979249055499085,0.009358117677038535,-0.0025906459768521017,-0.017611743533052504,14972,556000000,13.84,0,2,2,-14.124441322162445,2.931049574111923,4.485058833502731,-14.234335114895236,2.6759670520891947,4.08827333655922,188.7156958580017
-15.286934236885259,1.0972456743280026,3.097886967409693,-12.616919652849022,3.992314158859551,3.9530069954657443,-0.44719948020833916,-0.004287554086785366,0.010726767505936137,0.8943596470325668,0.05319327137624347,0.025774419012375517,-0.23396555604645597,0.00798960054453346,-0.0029001035045439494,-0.01783532861736603,14972,833000000,13.54,0,2,2,-14.124441322162445,2.931049574111923,4.485058833502731,-14.252436728501769,2.641805064201868,4.0365791896048515,189.08986616134644
-15.380151744327637,1.0619484244926003,3.0720742786082944,-12.61931046132823,3.975383709238755,3.8871521736796573,-0.4449747777822074,-0.004428430655806938,0.011978751967633757,0.8954520342491269,0.052747875259303946,0.021812033347548162,-0.23793254273025885,0.012657746083277743,-0.0032949759770417586,-0.01710321448626928,14973,111000000,13.23,0,2,2,-14.124441322162445,2.931049574111923,4.485058833502731,-14.271363691399381,2.6077326994764856,3.9856159642060334,189.46262979507446
-15.474255720151977,1.0254213687541995,3.050144175636353,-12.622688103828903,3.959081802306627,3.820136735229201,-0.44293228894127223,-0.004690791257275088,0.013732711954519894,0.8964376144010245,0.053219039381376766,0.016473650602038117,-0.2421957827767877,0.013430231865640962,-0.0040196288864535745,-0.015362594967882615,14973,383000000,12.92,0,2,2,-14.124441322162445,2.931049574111923,4.485058833502731,-14.290966593947145,2.5738702282322996,3.9356415486839733,189.84560680389404
-15.474255720151977,1.0254213687541995,3.050144175636353,-12.628217118909804,3.9410780354682347,3.7420787827837336,-0.4408653573363496,-0.0049498269778964045,0.015845400551208418,0.8974197229808097,0.05519795535008258,0.00977197565759125,-0.24707557565877028,0.012945523030793993,-0.004411645295476774,-0.0131537594825204,14973,662000000,12.64,0,2,2,-14.124441322162445,2.931049574111923,4.485058833502731,-14.311322984638206,2.5401949799442067,3.8866995504794826,190.2622082233429
-15.569060486163298,0.9876140610008809,3.0321408228027416,-12.636144287169834,3.9224405977799357,3.657467738473431,-0.4386736256063908,-0.004982693135419473,0.017906753325186937,0.8984542120507941,0.05588269327721559,0.003699386611131305,-0.25178420301795096,0.009682039399194764,-0.0065051845922425855,-0.019778654677793384,14973,989000000,12.36,0,2,2,-14.124441322162445,2.931049574111923,4.485058833502731,-14.33571552886081,2.501817442641618,3.832004620958415,190.71446013450623
-15.664377386391834,0.9484813585216545,3.018100476464131,-12.642468542286618,3.909944717405718,3.59686973798017,-0.4361848829224139,-0.004653565975381117,0.019308675042975107,0.8996378534175613,0.055711123912493186,-0.0003478559240303471,-0.25371382495006173,0.01288165476580616,-0.009422112543688854,-0.027894230697711464,14974,320000000,12.08,0,2,2,-14.362993477893196,2.461140902583655,3.775427336273476,-14.362993477893196,2.461140902583655,3.775427336273476,191.07528829574585
-15.76001523874531,0.9079835601142272,3.0080514120095225,-12.652157999357058,3.895256530139464,3.5265312707428325,-0.4321246732572521,-0.0036299565740581657,0.021407173440025844,0.9015524516648448,0.07345367416146532,-0.01017614236456202,-0.24540670647191032,0.0054727180668123765,-0.013807576669933042,-0.027738242715713568,14974,572000000,11.78,0,2,2,-14.362993477893196,2.461140902583655,3.775427336273476,-14.38300049527189,2.4325298406893863,3.7365628725097086,191.44648361206055
-15.85578079367589,0.8660865264278437,3.0020138669173706,-12.671575304434645,3.87450542573946,3.4614938634917602,-0.42953733841368813,-0.0015052040203499557,0.021562531917972638,0.9027903779320136,0.12070313195496982,-0.020675891555872655,-0.22184258673414217,-0.03654966531030368,-0.011572755647648592,-0.01883100576378638,14974,852000000,11.28,0,2,2,-14.407280920650704,2.3991837773970195,3.6924273843121775,-14.407280920650704,2.3991837773970195,3.6924273843121775,191.8120892047882
-15.85578079367589,0.8660865264278437,3.0020138669173706,-12.698240763328107,3.8473814619561413,3.4071231471761894,-0.4272453426028214,0.0014782785026356982,0.018211167473267745,0.9039510967392688,0.16070727095129247,-0.02128215678361459,-0.20121726854691935,-0.028055398433934897,-0.007982734587130835,-0.01992196102946764,14975,126000000,10.93,0,2,2,-14.407280920650704,2.3991837773970195,3.6924273843121775,-14.43246745322088,2.3659256735258833,3.6496326751892356,192.17632389068604
-15.951479198684485,0.8227617822048631,3.0,-12.734500888136832,3.810827939266819,3.3545456026868954,-0.4247228900170172,0.00384865754928308,0.015592209300280446,0.9051809418783612,0.1952790799574259,-0.022616621175255557,-0.18142438135575298,-0.019379738841962535,-0.005857572250533849,-0.020123275680816732,14975,397000000,10.6,0,2,2,-14.458512938020926,2.332729567446138,3.6082250638883573,-14.458512938020926,2.332729567446138,3.6082250638883573,192.54718399047852
-16.04691446746932,0.7779866001387802,3.0020138669173706,-12.776902645673825,3.7685911696577894,3.3073883493086624,-0.4221118821777783,0.005443951258752347,0.01378695704227551,0.9064225516471554,0.2213159507825327,-0.024052983678153658,-0.16429648162581564,-0.01256402074432117,-0.003562195547601732,-0.02126107719959691,14975,671000000,10.35,0,2,2,-14.458512938020926,2.332729567446138,3.6082250638883573,-14.483595736777884,2.3019204216351907,3.571043797863178,192.9121448993683
-16.141889952512262,0.7317440661210041,3.008051412009522,-12.824244316215557,3.722215183333993,3.2648913037689624,-0.4192983583959061,0.006479746060532589,0.012512359800803155,0.9077391367511397,0.24166265387427416,-0.02572255709779008,-0.14948704521244865,-0.01053221121765091,-0.0017456894738643314,-0.02305625475855777,14975,951000000,10.06,0,2,2,-14.458512938020926,2.332729567446138,3.6082250638883573,-14.511332861498015,2.2687740357155914,3.532348370314611,193.28585004806519
-16.141889952512262,0.7317440661210041,3.008051412009522,-12.886972493582071,3.66184511644075,3.218660209151196,-0.41557432220540136,0.007223255229886982,0.011336753053852053,0.9094598866017132,0.26036665005384746,-0.02736124785521333,-0.13370455898114875,-0.004803380397788715,-0.00033727636434832675,-0.024857877906470094,14976,228000000,9.75,0,2,2,-14.458512938020926,2.332729567446138,3.6082250638883573,-14.539486763288556,2.2357578697589977,3.4950768670157646,193.74020552635193
-16.236208819886585,0.684023125704271,3.0181004764641304,-12.965631944639812,3.5878783662960454,3.1705757316864744,-0.41111716132647674,0.007311599374050409,0.010721690349424233,0.9114901346331203,0.2651246333212092,-0.027976525225955173,-0.11967584096459627,-0.0007963714779180009,0.0033680753858789103,-0.022771548901800998,14976,569000000,9.35,0,2,2,-14.458512938020926,2.332729567446138,3.6082250638883573,-14.574290866463487,2.195898322011504,3.4518095471882675,194.24001240730286
-16.32967452506349,0.6348186116661373,3.032140822802741,-13.045987965058638,3.5140557774867953,3.12422438809069,-0.40723997113357085,0.005928035790411911,0.010857040101689617,0.9132374220228967,0.23877804885326462,-0.026637675797977912,-0.11366688818360918,0.0071865211793920025,0.00948814758885419,-0.01634029031265527,14976,970000000,8.87,0,2,2,-14.458512938020926,2.332729567446138,3.6082250638883573,-14.616346983518692,2.149203788389436,3.403856589269251,194.79930424690247
-16.42209128849096,0.5841312526123713,3.0501441756363525,-13.100131818967634,3.465685114711083,3.089137201308358,-0.40510852998004176,0.003980670838316625,0.011318359294092853,0.9141898752119147,0.20800618871868065,-0.025745227316157714,-0.11371875628714209,0.009553446579957381,0.010511427535675466,-0.012592636903718812,14977,384000000,8.52,0,2,2,-14.458512938020926,2.332729567446138,3.6082250638883573,-14.661588910127744,2.1004903547014315,3.35703588680818,195.22700214385986
-16.513264569718935,0.5319676626161872,3.072074278608294,-13.149986150325502,3.422741085985723,3.0508015559468253,-0.40279478256628154,0.002040829671478211,0.0122016894589084,0.9152067072120823,0.17266095317150393,-0.02539074168354861,-0.11738887306387165,0.010238512004434597,0.00363658830337954,-0.023794820663169958,14977,702000000,8.42,0,2,2,-14.458512938020926,2.332729567446138,3.6082250638883573,-14.69700638273004,2.0634384386083684,3.3239412384574543,195.66439247131348
-16.603001538847433,0.47834031194557486,3.0978869674096927,-13.193467997694675,3.3876196824474634,3.007901983697652,-0.3972588657159663,0.0018462168364474082,0.013970418141924467,0.9175983939122803,0.12930353854820748,-0.024804419945984955,-0.1243743702436052,0.009578188382874941,-0.012122641965106595,-0.04648427857318893,14978,37000000,8.33,0,2,2,-14.735657615348414,2.0240295024701,3.2912191401476214,-14.735657615348414,2.0240295024701,3.2912191401476214,196.13540482521057
-16.69111154408141,0.42326747898706985,3.127530258720526,-13.216587436601626,3.370778032068281,2.977866552400205,-0.39182931801608817,0.003009120818293417,0.015548859554647822,0.9199016054456575,0.11053224272074828,-0.02543575033964175,-0.1250991097464809,0.00779617785156006,-0.010679142269509612,-0.04172841436229646,14978,399000000,7.91,0,2,2,-14.777440152329227,1.9824382750948089,3.259309583438442,-14.777440152329227,1.9824382750948089,3.259309583438442,196.4958474636078
-16.777406574185214,0.36677318353002347,3.1609444548970984,-13.245682062871078,3.350665649414304,2.945595218081645,-0.3885634851510181,0.0036354935166015784,0.01609922438979834,0.9212741265053699,0.13689115980339078,-0.029166592823961873,-0.1080764627486505,-0.013527749524655519,-0.0026097653062606696,-0.01592557309777476,14978,653000000,7.45,0,2,2,-14.777440152329227,1.9824382750948089,3.259309583438442,-14.805763435973692,1.9547829768608358,3.2396900921410707,196.8577790260315
-16.861701714642972,0.308887101630705,3.1980622641951597,-13.297369778038322,3.3127597456133326,2.910746980941793,-0.38663012059114676,0.004911791057539698,0.014047369530271091,0.9221147952232206,0.1894419823684183,-0.02994162573617355,-0.0814587795193856,-0.011242234359087888,-0.0017476762536716706,-0.00779660858825082,14978,935000000,7.27,0,2,2,-14.777440152329227,1.9824382750948089,3.259309583438442,-14.839369686473427,1.9225036846566714,3.21859408877335,197.3367896080017
-16.861701714642972,0.308887101630705,3.1980622641951597,-13.363565188279015,3.2618969494591505,2.884130964677279,-0.38529752761402647,0.005463980045545876,0.012700323843605008,0.9226888218196034,0.20795141718383964,-0.029690984803544346,-0.06171795650602553,-0.0037710339256591396,0.0035109870395899634,-0.007483989156753523,14979,299000000,7.22,0,2,2,-14.777440152329227,1.9824382750948089,3.259309583438442,-14.88584596594132,1.8786726605720205,3.1930610088486757,197.85026788711548
-16.943815596347115,0.24964446233012608,3.2388089362865236,-13.416170063083213,3.2216766100536662,2.8671076440180454,-0.38412491325669207,0.004888339344015185,0.01198482298806717,0.923190402447914,0.19419887954066345,-0.028793799242711082,-0.05323883748915341,-0.0012643335139728151,0.007648298742424231,-0.008806899950286606,14979,707000000,7.19,0,2,2,-14.777440152329227,1.9824382750948089,3.259309583438442,-14.935701711688111,1.8325576505898082,3.1699873255850566,198.26063632965088
-17.023570835656578,0.18908592655329434,3.283102412796265,-13.466205717658429,3.184663321424195,2.8506841563084464,-0.38268177095779454,0.003557186159201529,0.01151190082997797,0.9238016479431692,0.16793374958802584,-0.028186641517916295,-0.04865049807111192,0.0028575107080541784,0.007903779260232113,-0.008814538432488916,14980,20000000,7.23,0,2,2,-14.777440152329227,1.9824382750948089,3.259309583438442,-14.976356716714026,1.7955758958795078,3.154513525272347,198.70414996147156
-17.100794464688903,0.12725744857032972,3.330853492557394,-13.508137151443654,3.15526261129478,2.8362436480266595,-0.3813225551553262,0.002490801072857717,0.011569383759313939,0.9243662987145617,0.14558469633291302,-0.02862034575788937,-0.045552488235888186,0.0035484324371282128,0.0023777194201102247,-0.011202903442608658,14980,370000000,7.35,0,2,2,-14.777440152329227,1.9824382750948089,3.259309583438442,-15.020245265979895,1.7562030816705774,3.1410229531231626,199.13927102088928
-17.17531835073539,0.06421012045168248,3.3819660112501024,-13.544841186702035,3.131546713711859,2.8223519494342537,-0.3794312051043697,0.0024586295008698867,0.012136604642846108,0.925137080957069,0.11999073071849724,-0.029296979031902193,-0.04376994184153183,0.0037154550682316767,-0.0058819072364713065,-0.013869337362848455,14980,687000000,7.46,0,2,2,-14.777440152329227,1.9824382750948089,3.259309583438442,-15.06206538349488,1.71915169372809,3.1310108380115333,199.58763456344604
-17.246979603717467,1.0099637174326102e-15,3.4363370350639393,-13.57393373492713,3.1150919028725377,2.8097626839119467,-0.3774890423675347,0.003477754719528961,0.01312985204835547,0.9259144318454813,0.09442012031871781,-0.030249254062073044,-0.04193050103793733,0.004239930012772675,-0.0124189938105701,-0.01357144647045061,14981,8000000,7.46,0,2,2,-14.777440152329227,1.9824382750948089,3.259309583438442,-15.104461988757315,1.6819689469292165,3.1237585860851373,199.97561407089233
-17.315620970633162,-0.06531207730972893,3.493857067992775,-13.595025730491214,3.105401951195933,2.7993742853025023,-0.37597869797191463,0.0049683341315051935,0.014289422338269884,0.9265048012485095,0.07412510099620977,-0.03138101041530016,-0.03940243691014178,0.004708760616267682,-0.014368888241733657,-0.010425880645925645,14981,303000000,7.37,0,2,2,-14.777440152329227,1.9824382750948089,3.259309583438442,-15.144545047719825,1.6471171013263817,3.119325200114008,200.35159254074097
-17.315620970633162,-0.06531207730972893,3.493857067992775,-13.615689162969964,3.0984236486451233,2.7884547387080065,-0.37501074972778975,0.00663585165410205,0.015655785737187476,0.9268644989610817,0.05727537208396808,-0.03288220325113308,-0.034513432683761565,0.004394246343508712,-0.012768070882884786,-0.003269101239311567,14981,575000000,7.24,0,2,2,-14.777440152329227,1.9824382750948089,3.259309583438442,-15.179438791793238,1.6169364397446686,3.117316970036516,200.72862792015076
-17.381091215977307,-0.131660701802711,3.554410272345216,-13.631436433957651,3.095085662415858,2.780302217546918,-0.3749584323333779,0.00784544796668002,0.01668914904564701,0.9268581850922124,0.04682475090042719,-0.03432633756676783,-0.029466198612411298,0.0035428058936304296,-0.01054059830494225,0.0020435160422493936,14981,858000000,7.12,0,2,2,-14.777440152329227,1.9824382750948089,3.259309583438442,-15.21994202351519,1.5820623519438681,3.1172421246681576,201.10792875289917
-17.443245487155217,-0.19897610786469808,3.617874702026267,-13.645695585338835,3.0936831281260466,2.7733744549034527,-0.3754710960988464,0.008805951957617419,0.017564519359542605,0.9266258138343217,0.03882147681120123,-0.035554394814093754,-0.024431271487773434,0.004416041792865144,-0.008685019565746188,0.006287812311711605,14982,132000000,7.07,0,2,2,-14.777440152329227,1.9824382750948089,3.259309583438442,-15.25526314825691,1.5517500790090053,3.1192289019424337,201.48047423362732
-17.50194566394982,-0.2671844063214001,3.6841225481205737,-13.65996862869268,3.093749934875301,2.767514574790747,-0.37657746949952636,0.009610347211694976,0.01851845777479184,0.9261501592147179,0.03338769588852421,-0.03690918442941358,-0.017716951422959773,0.003801191610364185,-0.00743741838959977,0.010341913093725452,14982,395000000,7.05,0,2,2,-14.777440152329227,1.9824382750948089,3.259309583438442,-15.290666194425622,1.5214421783730119,3.1229217026202956,201.8536832332611
-17.50194566394982,-0.2671844063214001,3.6841225481205737,-13.672717997392287,3.0948016622987624,2.7638520374590643,-0.3780023369775564,0.010236278040282954,0.019289436340946042,0.9255470649821305,0.03072553490183495,-0.03815853407825937,-0.010508271029684744,0.003508375107230677,-0.006473895655290107,0.01306806470893207,14982,658000000,7.06,0,2,2,-15.32889275967187,1.4887646512135253,3.1288736908369614,-15.32889275967187,1.4887646512135253,3.1288736908369614,202.23855543136597
-17.557060691143427,-0.3362078302261458,3.753020396282529,-13.68700133326963,3.095902780929409,2.7623384376327103,-0.3798388767684823,0.010650965289966181,0.01990196282015154,0.9247772145276691,0.050764598776515645,-0.03886674346747192,0.0024442188529482114,0.000905514400528773,0.002715158984756272,0.014836732589174062,14982,935000000,7.08,0,2,2,-15.32889275967187,1.4887646512135253,3.1288736908369614,-15.364551321730424,1.4582862750585817,3.1363473831899564,202.62057542800903
-17.60846689344039,-0.4059649933050725,3.8244294954150524,-13.709564192928648,3.0877587538301916,2.766408405274065,-0.38159332689577824,0.009532819734791694,0.01922421922059999,0.924081212671199,0.11442457508396846,-0.03764318074189148,0.024675908077161746,-0.012065750524925534,0.014382305380422622,0.01313027023570612,14983,204000000,7.13,0,2,2,-15.403114479044346,1.4252689147783724,3.14658878559722,-15.403114479044346,1.4252689147783724,3.14658878559722,202.99916911125183
-17.656048271882852,-0.4763711602713219,3.8982060370957967,-13.745766406567295,3.066281515345994,2.777684805753293,-0.3829664511188286,0.007978634720343936,0.01691709452214878,0.9235728723919827,0.17480307240405857,-0.034691551524261066,0.0480063997619139,-0.010450521767779719,0.016917443463171367,0.009330784905614564,14983,477000000,7.36,0,2,2,-15.403114479044346,1.4252689147783724,3.14658878559722,-15.441710606102705,1.3921971690458343,3.158844871414679,203.3797755241394
-17.699696781001236,-0.5473385281843403,3.9742014451881866,-13.791958956216641,3.0337149443659257,2.7954526227979355,-0.38401830697109923,0.00635250667741612,0.014908990055191501,0.9231832470238495,0.22172889044753946,-0.03220436531385199,0.06927794706489465,-0.007362231190199964,0.014766336425964255,0.006931150710443035,14983,752000000,7.64,0,2,2,-15.403114479044346,1.4252689147783724,3.14658878559722,-15.477552728243692,1.361417080116733,3.1720164596512084,203.75791454315186
-17.699696781001236,-0.5473385281843403,3.9742014451881866,-13.841531255353052,2.995935290849458,2.8170008403280984,-0.38468324565908585,0.005058590156926188,0.013485384947522619,0.9229362684214077,0.2534783947675832,-0.030353202074336883,0.08668520077771039,-0.005501692339748843,0.011762246140278876,0.00441131774095993,14984,26000000,7.89,0,2,2,-15.403114479044346,1.4252689147783724,3.14658878559722,-15.516196069203524,1.3280838388462513,3.1882690334600454,204.14138507843018
-17.739312585991428,-0.6187765179971543,4.0522626750540045,-13.895637976924952,2.952931727196357,2.8427245858654686,-0.3850649725595757,0.0040448488608998846,0.012406706941577797,0.9227972040097713,0.2756075282797481,-0.0287489335201395,0.10149816129316742,-0.0037821445630470407,0.00924973010114627,0.002068338494609634,14984,291000000,8.03,0,2,2,-15.552088839940941,1.2969132885101706,3.205368939769038,-15.552088839940941,1.2969132885101706,3.205368939769038,204.5137643814087
-17.774804299263565,-0.6905920754040414,4.132232521764882,-13.957229825088882,2.9026105473362778,2.87409564394706,-0.3851726584538438,0.003157364716091916,0.011511737056880529,0.9227673239433554,0.2910988892139804,-0.02698773922468285,0.11414131225452948,-0.003827707678283332,0.0074100515121244825,0.00015463313758345976,14984,552000000,8.1,0,2,2,-15.587923194967525,1.2656301297685733,3.2241350069472166,-15.587923194967525,1.2656301297685733,3.2241350069472166,204.88877034187317
-17.80608919576169,-0.7626899800729106,4.2139499366921545,-14.016352663508066,2.853323964957184,2.9061689556316437,-0.385147778216313,0.002512910518234771,0.010789017946445824,0.9227884217454811,0.3005389458308059,-0.025338434843437656,0.12493025823281259,-0.002277677185702487,0.005955286587777664,-0.0002441117231910539,14984,820000000,8.12,0,2,2,-15.626405539941144,1.2317975050510357,3.24618201913849,-15.626405539941144,1.2317975050510357,3.24618201913849,205.2616250514984
-17.80608919576169,-0.7626899800729106,4.2139499366921545,-14.076604850393885,2.802363639951067,2.9408639055870403,-0.38512777597433523,0.0019766882993901298,0.010277129110677427,0.9228039171425702,0.306556662837251,-0.023807624279865235,0.13500004948134597,-0.002081820389321365,0.004801695104106329,0.00020178605240062097,14985,78000000,8.09,0,2,2,-15.626405539941144,1.2317975050510357,3.24618201913849,-15.66201798876259,1.2002215166302244,3.2684962207166746,205.63657355308533
-17.833093406509576,-0.8349731623213645,4.297250351837313,-14.142146195439997,2.7462284371751498,2.9809428206595543,-0.38519957428559387,0.0014902743302581036,0.009809674390589909,0.9227799506604857,0.3102066609666313,-0.022248165664085308,0.1445260900249537,-0.0012585963077071938,0.004438933046913007,0.0007400392803447176,14985,349000000,8.03,0,2,2,-15.697495783926078,1.168416706145702,3.2926660085446957,-15.697495783926078,1.168416706145702,3.2926660085446957,206.01206135749817
-17.85575208989549,-0.9073430262727874,4.381966011250107,-14.221993699369344,2.6770146169091684,3.0325711068651993,-0.38533979398756785,0.0009023849725971504,0.00928196098747145,0.9227276272395917,0.31205584702933076,-0.020369357975251183,0.15370156903749155,-0.002133541875082301,0.004208154905427364,0.0014009309666107583,14985,629000000,7.94,0,2,2,-15.697495783926078,1.168416706145702,3.2926660085446957,-15.735535582476329,1.133896057866504,3.3208594656646073,206.46694254875183
-17.874009580267376,-0.9796997785089396,4.467926308866648,-14.310134698991567,2.5995962377078916,3.093496018071507,-0.38561502089570876,0.00033671505564998074,0.008703550213742407,0.9226186593041841,0.2999074829609444,-0.018171127508832003,0.1616341411387508,-0.001231539351920219,0.0034254260526722646,0.0013938608503849537,14985,972000000,7.81,0,2,2,-15.697495783926078,1.168416706145702,3.2926660085446957,-15.781426865636236,1.0917224198201358,3.357574495961492,206.96611714363098
-17.874009580267376,-0.9796997785089396,4.467926308866648,-14.398633431764955,2.5215725451407405,3.1632358245196706,-0.38581465927184383,-1.742313640106831e-05,0.008171964998860772,0.9225401169463812,0.2563746647726323,-0.015678075444846985,0.1664298577899544,-0.002045573069153761,0.0015009790104159038,0.0005255587836927589,14986,339000000,7.65,0,2,2,-15.697495783926078,1.168416706145702,3.2926660085446957,-15.83224094752259,1.0442736694305115,3.401732669111023,207.53405356407166
-17.887819513469868,-1.051942761218574,4.554958132087373,-14.455385162807652,2.4719276380478736,3.217208530310667,-0.38584947294730426,6.970209759043795e-05,0.007905677213367303,0.9225278747201642,0.21427490151620704,-0.014186384273693026,0.1678487401987627,-0.0014221184983398416,-0.0017278644691032241,-0.0005147156343809911,14986,767000000,7.42,0,2,2,-15.697495783926078,1.168416706145702,3.2926660085446957,-15.887735060351964,0.9912926004354701,3.454735145856723,207.95490622520447
-17.897144929015358,-1.1239707888274537,4.642886210402725,-14.499152223393626,2.434408353860528,3.2679274727916585,-0.38575726552970013,0.0007162965751954741,0.007742127345634791,0.9225675468356931,0.17218108887323286,-0.012938100365748776,0.16874021338904704,-0.005883549874852179,-0.0060140606365166605,0.00016430332863137664,14987,90000000,7.2,0,2,2,-15.697495783926078,1.168416706145702,3.2926660085446957,-15.929451410251351,0.9506132534760918,3.4976314072474146,208.3626561164856
-17.90195834864297,-1.1956824870840976,4.731533468364684,-14.536011367584603,2.403526218917023,3.3228457272034397,-0.3860173644498581,0.0021553366790050647,0.007248947892910399,0.9224605149389491,0.13303806095395637,-0.011004606629268773,0.1732920824053614,-0.007628206049048458,-0.0063287298416980775,0.004175422918706317,14987,381000000,6.93,0,2,2,-15.697495783926078,1.168416706145702,3.2926660085446957,-15.968047326813885,0.9122348868487992,3.539753097884179,208.80776357650757
-17.902241831081568,-1.2669766335672648,4.820721382193131,-14.563054183330323,2.3810926257075504,3.3762227805073244,-0.3868406606593621,0.003265433086891904,0.006477705511490018,0.9221180399160886,0.10691533495379246,-0.008731232357138519,0.18096878634819577,-0.009072534157894552,-0.0018326188865103177,0.007991089205461321,14987,709000000,6.56,0,2,2,-15.697495783926078,1.168416706145702,3.2926660085446957,-16.00854163092659,0.8710965377235665,3.5865379675118865,209.2101972103119
-17.897987002895686,-1.3377524985761562,4.9102703392989655,-14.582370850526157,2.3647657312478443,3.4246929928508316,-0.3879535106427051,0.0036505483584423942,0.0054089156048372404,0.9216558417916433,0.09314484367930283,-0.006393090912530724,0.18998270718654978,-0.010714371637732256,0.0034334186238993425,0.01042115372911212,14988,9000000,6.21,0,2,2,-15.697495783926078,1.168416706145702,3.2926660085446957,-16.045784891199393,0.8323361081386121,3.6320083374529175,209.58113765716553
-17.88919506535624,-1.4079101853620766,4.999999999999998,-14.60191788672128,2.347229972619481,3.483893561166483,-0.38951118551571634,0.003314932085289984,0.0035747497099380505,0.9210088320683587,0.08728910752203874,-0.0031471461780209556,0.20294058097659687,-0.011453445495135384,0.010090940668305848,0.011823711065517273,14988,273000000,5.95,0,2,2,-16.077450248714,0.7985452822389474,3.6728371988343667,-16.077450248714,0.7985452822389474,3.6728371988343667,209.9602403640747
-17.875876777341105,-1.4773509686611925,5.089729660701025,-14.618199269613548,2.3311854146924507,3.5383182584753663,-0.39091023325137325,0.002533898564346843,0.0017003188392070222,0.9204237490489191,0.1030267474552363,0.0002472595333355346,0.21257059797034455,-0.012355772287264699,0.010631016175466357,0.010428481073176954,14988,559000000,5.7,0,2,2,-16.077450248714,0.7985452822389474,3.6728371988343667,-16.113314915852722,0.7594174732329186,3.721183801771722,210.32244849205017
-17.875876777341105,-1.4773509686611925,5.089729660701025,-14.64538266954182,2.30179229821088,3.6030663111149246,-0.39210243271580897,0.001500145477565058,0.0003029370200130089,0.9199202900529222,0.16242163348658814,0.004246805656764028,0.21759605453103087,0.005610713651549304,0.009445762589166407,0.007400267122648074,14988,818000000,5.5,0,2,2,-16.077450248714,0.7985452822389474,3.6728371988343667,-16.143928777441516,0.7252948674205175,3.7642510173490473,210.71540689468384
-17.85805241433367,-1.5459776304919082,5.179278617806865,-14.691611355884044,2.250560408712395,3.68233412226447,-0.3932169158793955,-0.00043058185411120784,0.0005292533469466147,0.9194454804698635,0.21466468143909073,0.006885941367218484,0.22148083305145772,0.005341296082406188,0.009144888645096216,0.006226455798241659,14989,123000000,5.29,0,2,2,-16.077450248714,0.7985452822389474,3.6728371988343667,-16.178664979251263,0.6855860144914846,3.815505596518836,211.22331070899963
-17.83575170365043,-1.6136947921872915,5.268466531635306,-14.734046477785448,2.2031383679664933,3.7445136332651803,-0.39401132343608397,-0.0017170480649858343,0.0004953701608338696,0.9191038479728457,0.2275183349165965,0.008485485012043267,0.22351125491099677,-0.0006164136607367254,0.006394578667823225,0.0064724316871433984,14989,485000000,5.09,0,2,2,-16.219362668284045,0.6375614551491786,3.8790471226368126,-16.219362668284045,0.6375614551491786,3.8790471226368126,211.62958908081055
-17.809013736091135,-1.6804092416428786,5.357113789597272,-14.78354695438009,2.146447985492304,3.8207218769289955,-0.3951171011487149,-0.0021237799673066576,-7.743959851127754e-05,0.9186283034729525,0.2254524969497806,0.011068540089119474,0.22587666669961978,-0.004524892528934288,0.002049543513749086,0.00800768902990967,14989,774000000,4.96,0,2,2,-16.219362668284045,0.6375614551491786,3.8790471226368126,-16.250304906263917,0.6000015164923308,3.929736013941815,212.07248306274414
-17.77788685426699,-1.746030254773022,5.445041867912624,-14.838611589761951,2.081738920233115,3.9019669242779735,-0.39663263174646823,-0.0022437069928557827,-0.0004616046750433807,0.9179745683481239,0.2346344192297512,0.013593833007244361,0.22740106790870854,0.002116559539899754,-0.00026528624772481635,0.010984907203237526,14990,115000000,4.72,0,2,2,-16.219362668284045,0.6375614551491786,3.8790471226368126,-16.286939618786153,0.5540812229952861,3.9929183017624883,212.55532956123352
-17.742428517923543,-1.8104699101848654,5.532073691133348,-14.893335739324343,2.0152591223440974,3.9883622767776776,-0.39876728473825473,-0.0019851101179486274,-0.0002688631814556499,0.9170499657449908,0.2085196433682103,0.01622546820273279,0.22957983281640768,-0.0014003236969983845,-0.003091878761551925,0.01334850066996296,14990,467000000,4.46,0,2,2,-16.219362668284045,0.6375614551491786,3.8790471226368126,-16.324635652320417,0.5052312827135862,4.061220754409664,213.06533479690552
-17.702705146635417,-1.8736433960974619,5.618033988749897,-14.935355991750265,1.9606618817040866,4.071399467581752,-0.40107329684424425,-0.0010988011116019986,-0.0004551051612597,0.916045193248618,0.17081843256161547,0.019576468761341892,0.23358595380158054,-0.005044629187977989,-0.0049249020321440184,0.014750727223145077,14990,852000000,4.14,0,2,2,-16.36295748734254,0.45338661811271536,4.135053231262936,-16.36295748734254,0.45338661811271536,4.135053231262936,213.51779675483704
-17.65879194030898,-1.9354693085554475,5.702749648162684,-14.964507933380304,1.9187581127712499,4.146700925728621,-0.4032430206096769,2.05898583110841e-05,-0.0010479184049618476,0.9150923274580867,0.1547804200962829,0.02302308859530612,0.2364032239273325,-0.008578618235333124,-0.0035819132790493313,0.014089062551647658,14991,202000000,3.78,0,2,2,-16.397861122300142,0.40411287192812373,4.206169431879598,-16.397861122300142,0.40411287192812373,4.206169431879598,213.96011471748352
-17.61077267798752,-1.99586994001061,5.786050063307849,-14.990907697224529,1.878503920909503,4.217614059118946,-0.4050765225049927,0.0006136117095684113,-0.0016043501321608231,0.9142811714437661,0.16345768601063113,0.025870327827418032,0.23658612900197412,0.0010948595786430815,-0.00055587516385458,0.012298382716835476,14991,519000000,3.44,0,2,2,-16.397861122300142,0.40411287192812373,4.206169431879598,-16.42756267335473,0.3602217265093152,4.270311619038579,214.4064702987671
-17.61077267798752,-1.99586994001061,5.786050063307849,-15.025773769743214,1.8238449918971755,4.307594962737789,-0.4071182204641866,0.0004330377455941442,-0.0014871296515973072,0.9133741596354608,0.1667364090716053,0.029273907837313862,0.23775017611666976,0.0008021120265766513,0.0011232435326746781,0.01191593019029824,14991,828000000,3.21,0,2,2,-16.397861122300142,0.40411287192812373,4.206169431879598,-16.45420270178625,0.3188421523380882,4.331486046797636,214.8689739704132
-17.558739495509858,-2.054771557371984,5.867767478235115,-15.051204915992667,1.781368926676511,4.379118006210618,-0.4087871336510989,0.000281839075889092,-0.001455925868497298,0.9126285554418727,0.1528642684717516,0.0318563122274177,0.23944329730879615,0.000501986653489439,0.0002668704127017918,0.012641042758332333,14992,197000000,3.02,0,2,2,-16.486540601762716,0.2661765506363716,4.40995001667991,-16.486540601762716,0.2661765506363716,4.40995001667991,215.3029601573944
-17.502792642628673,-2.1121046686545992,5.947737324945999,-15.072286425796213,1.7423970324973639,4.451082326308256,-0.41050583443470334,0.0004317633701947962,-0.0016642352995041281,0.9118563504172835,0.14453891081965597,0.034227504926948905,0.23980282974844438,-0.006529707798108575,0.00015875721857128156,0.011312313017697306,14992,509000000,2.91,0,2,2,-16.486540601762716,0.2661765506363716,4.40995001667991,-16.510844106441432,0.2244606418385477,4.472653335588202,215.73211193084717
-17.443040220248328,-2.1678042773892896,6.025798554811811,-15.0972963864485,1.695264442195421,4.532196083981075,-0.4121461225317963,0.0005570476080372937,-0.0023404262449446,0.9111145843333645,0.1536295910327545,0.03691165652688144,0.23839271458030464,-4.524996946031479e-05,0.0008469765248264594,0.011303597966616508,14992,816000000,2.81,0,2,2,-16.486540601762716,0.2661765506363716,4.40995001667991,-16.533950165733007,0.18267794169982424,4.535927516083713,216.17586994171143
-17.379597898493536,-2.221810123990574,6.101793962904207,-15.121737831302914,1.645567925344963,4.618007854303281,-0.41414339251111687,0.0006320961397244928,-0.0026276467287180455,0.9102076391497282,0.139080290944905,0.040819462110126735,0.23991329691605454,-0.003581381974981923,-0.0001960675234613518,0.012972215881745797,14993,143000000,2.76,0,2,2,-16.486540601762716,0.2661765506363716,4.40995001667991,-16.55865029805053,0.13533537715585708,4.607958156109448,216.63730573654175
-17.31258861637016,-2.2740669133166804,6.175570504584945,-15.136405049730401,1.6098740114760437,4.6854697223644886,-0.4158434374502155,0.0009779335137146113,-0.0031287402323893695,0.9094303107771311,0.12142768018742359,0.044551410996272814,0.24311085280761344,-0.007030065216895309,-0.0012034437304464518,0.01408644229741185,14993,511000000,2.76,0,2,2,-16.582854139945294,0.08522199585587052,4.684696997096923,-16.582854139945294,0.08522199585587052,4.684696997096923,217.01013779640198
-17.242142263826878,-2.32452452769512,6.2469796037174685,-15.145566861043742,1.5815200773761564,4.74417315374288,-0.41740730852052554,0.0014978658320989075,-0.003833862637990116,0.9087101830005387,0.11613294466336961,0.04779245647355227,0.24570212580806813,-0.009124030020757345,-0.0005201982673952443,0.012582428189489292,14993,777000000,2.79,0,2,2,-16.582854139945294,0.08522199585587052,4.684696997096923,-16.60051303512685,0.04626767260934147,4.744455614453824,217.42134499549866
-17.168395347072096,-2.3731382247284643,6.315877451879424,-15.159014822541021,1.5437961816438985,4.812492692030983,-0.4185969639972834,0.0016368186227310078,-0.0047331900428215085,0.9081583008865092,0.1470248770935454,0.049825078833835246,0.2435560280550097,0.0013612108432425885,0.0031734667800265015,0.007670328614040045,14994,31000000,2.84,0,2,2,-16.614915435273787,0.012779749776331334,4.79578598297042,-16.614915435273787,0.012779749776331334,4.79578598297042,217.7771966457367
-17.168395347072096,-2.3731382247284643,6.315877451879424,-15.176608575318175,1.5001989204467134,4.880203347326635,-0.4194751239718225,0.001079457469537432,-0.004827360664785936,0.9077533540171622,0.17238400519046884,0.05172818841111262,0.2415955159549295,6.570637758329667e-05,0.005119640673001413,0.005433247724795365,14994,302000000,2.9,0,2,2,-16.63083004437093,-0.0263328936072411,4.855710856239965,-16.63083004437093,-0.0263328936072411,4.855710856239965,218.15669870376587
-17.091490638043396,-2.4198688192387743,6.382125297973731,-15.20452388520379,1.4384547574398412,4.961460410962321,-0.42018889424749445,0.00013197084926362592,-0.005259525992821079,0.9074214087848562,0.20614512211641228,0.0533500769542294,0.23823376327385387,0.00011569408471245879,0.006292866009971476,0.0051387856274232036,14994,578000000,2.98,0,2,2,-16.63083004437093,-0.0263328936072411,4.855710856239965,-16.645711228981085,-0.0654191812144395,4.915513513745021,218.63877367973328
-17.01157680896766,-2.4646828487541175,6.445589727654782,-15.24124743713137,1.3618307048114955,5.050610624329686,-0.4216196527254239,-0.00074941922379403,-0.005639258982059362,0.9067549313704628,0.21108242532830115,0.05566070958763325,0.2352140756392715,0.00016433010188166008,0.002183141850764514,0.014909488345438149,14994,936000000,3.06,0,2,2,-16.662100273427416,-0.11281930843795557,4.9882300541839,-16.662100273427416,-0.11281930843795557,4.9882300541839,219.09558200836182
-16.928808052987947,-2.5075527219881533,6.506142932007219,-15.273195959342937,1.2884057568670853,5.138962091629909,-0.4249353549547314,-0.000569185385385888,-0.005917277699002915,0.9052041791563525,0.19005977018977674,0.05903703682042818,0.23316419014314685,-0.003540613806762849,-0.002148624753317563,0.02335681620024843,14995,300000000,3.24,0,2,2,-16.662100273427416,-0.11281930843795557,4.9882300541839,-16.678038868674765,-0.1656407518792813,5.069660695622626,219.59424138069153
-16.84334369186872,-2.5484568498122657,6.563662964936059,-15.294260177295639,1.2310564297091982,5.212775530163819,-0.4286547534323706,0.00012151534614019332,-0.006095552714738432,0.9034478024938442,0.16229265444517613,0.06276980000191008,0.23220285519667133,-0.0019015365751329227,-0.004827363363801851,0.029304131930985022,14995,677000000,3.63,0,2,2,-16.662100273427416,-0.11281930843795557,4.9882300541839,-16.69167129209332,-0.21823313524904223,5.150738169932906,220.0356891155243
-16.75534777182382,-2.5873797582702727,6.618033988749891,-15.307120498891138,1.1760091273785793,5.296102633423376,-0.4336757187775528,0.0013743969878908901,-0.006192196833336367,0.9010466906182328,0.12058532036060957,0.06875997531811,0.23413084992319036,-0.005719979662899277,-0.006016425686539151,0.030650609187432565,14996,16000000,4.08,0,2,2,-16.701174739824303,-0.2623064819668122,5.218745845735917,-16.701174739824303,-0.2623064819668122,5.218745845735917,220.48912572860718
-16.664988648541065,-2.6243121832372855,6.669146507442605,-15.30931871055241,1.1371447959719565,5.366313060605607,-0.43765194307608046,0.002619318690265507,-0.00671114808324891,0.8991156079074228,0.09399390490603723,0.07404488555193299,0.2350755349968058,-0.009269710335502168,-0.004710327448265161,0.027035548191634007,14996,363000000,4.73,0,2,2,-16.709962534987454,-0.3115260525005288,5.294517443182384,-16.709962534987454,-0.3115260525005288,5.294517443182384,220.89647722244263
-16.664988648541065,-2.6243121832372855,6.669146507442605,-15.30598352172888,1.1023099597829762,5.4361104608999815,-0.4409393223501255,0.0035874139184119257,-0.007301974041902762,0.897500042140323,0.0780735136233059,0.07843382278951788,0.2325675012917654,-0.0008895782286799658,-0.0030952239058024134,0.020769521506736055,14996,670000000,5.27,0,2,2,-16.715573882328112,-0.35222338240911893,5.357029562095128,-16.715573882328112,-0.35222338240911893,5.357029562095128,221.29583549499512
-16.572438562504846,-2.659251146377299,6.7168975872037295,-15.300041659152836,1.0715158283629223,5.500402962860257,-0.4431415342598381,0.003944660246259932,-0.0071984746123043755,0.8964140796711271,0.07443464752294766,0.08108689806257138,0.22897330225664908,0.0006286858933890471,-0.0013843066312801966,0.013279564791446319,14996,967000000,5.75,0,2,2,-16.715573882328112,-0.35222338240911893,5.357029562095128,-16.719647446168903,-0.39263952875349545,5.418870927440471,221.69578909873962
-16.47787320574139,-2.692200012108084,6.761191063713476,-15.292875230816588,1.032828440009542,5.576870268098717,-0.4445642996185365,0.003943093718766282,-0.007113192564336654,0.8957100189280834,0.07916041708788205,0.08338141930060425,0.224172451732219,9.947637096274775e-05,0.0007114985180578515,0.006913207653269637,14997,255000000,6.1,0,2,2,-16.72210073442425,-0.43007794454438586,5.475867308126198,-16.72210073442425,-0.43007794454438586,5.475867308126198,222.14773988723755
-16.38147128113288,-2.7231685253367455,6.801937735804836,-15.287233341596105,1.0023582445095722,5.634439297024991,-0.44520839996758044,0.003826018888097468,-0.007177138589553574,0.8953900439805218,0.08893756721126841,0.08476305666916968,0.22071758825970328,-0.00030724677628768404,0.002237835155938228,0.0014333759054352413,14997,591000000,6.35,0,2,2,-16.72319617128078,-0.47518063434959296,5.544236657262422,-16.72319617128078,-0.47518063434959296,5.544236657262422,222.51842975616455
-16.283414055463837,-2.7521728297852173,6.839055545102901,-15.28627982202127,0.9630060118515709,5.694845744580397,-0.44474121830837154,0.0032758030620814492,-0.007406014131628704,0.8956225035172832,0.12833615917985813,0.08357342033967785,0.21379342743505028,0.0018348706589677022,0.005461864293465624,-0.006198729170137085,14997,857000000,6.42,0,2,2,-16.722826800540478,-0.5120802837675789,5.599666273487857,-16.722826800540478,-0.5120802837675789,5.599666273487857,222.88747882843018
-16.183884907378264,-2.7792354667809693,6.872469741279472,-15.29349244983987,0.9048493059926724,5.765555174155775,-0.44380494156214356,0.0022016635178224546,-0.007572787086671496,0.8960887118017481,0.16555436978085944,0.08342003915697743,0.2057381356772363,0.002008665296671097,0.006136791080280091,-0.0050434945933375275,14998,131000000,6.49,0,2,2,-16.722826800540478,-0.5120802837675789,5.599666273487857,-16.721944506197868,-0.5464649611008591,5.650458529100579,223.3509120941162
-16.183884907378264,-2.7792354667809693,6.872469741279472,-15.307526208038288,0.8315657599542277,5.841658900602667,-0.4438847057264137,0.0013234797631562888,-0.007893667358197558,0.8960481607810653,0.16957083268728393,0.08709673540408835,0.20026013846577245,-0.0012683370641752845,0.001990625378311961,0.011862861902045552,14998,473000000,6.43,0,2,2,-16.719856037495454,-0.5916641078786581,5.715984988597539,-16.719856037495454,-0.5916641078786581,5.715984988597539,223.86112666130066
-16.08306887143714,-2.804385354445228,6.902113032590306,-15.31512418547765,0.7661668766879322,5.912445160933358,-0.44697319494613313,0.0015016190584537245,-0.00808625928791852,0.8945095419002405,0.14070941698768308,0.09215211949889617,0.19699236744781154,-0.001469986943902768,-0.002475908513588365,0.02716998897085432,14998,849000000,6.53,0,2,2,-16.71610991746649,-0.6423098255411741,5.787836951359227,-16.71610991746649,-0.6423098255411741,5.787836951359227,224.33374404907227
-15.981152179474375,-2.8276577472677515,6.927925721391707,-15.313732782556784,0.7124444191947884,5.9780618857126315,-0.4516861928107365,0.0022507350847835376,-0.008089958536044127,0.8921373604925449,0.10567830786390482,0.09702171283820811,0.19304410027711738,-0.0026600780756780296,-0.004412807129483554,0.034097468960681,14999,198000000,7.03,0,2,2,-16.71610991746649,-0.6423098255411741,5.787836951359227,-16.711092810863448,-0.6901006071663803,5.854306122664559,224.78579807281494
-15.878321800454078,-2.849094176114604,6.949855824363647,-15.306313431707544,0.6773860158263088,6.027365236370894,-0.4556953411861835,0.002983840802199388,-0.008086088827695282,0.8900940781078961,0.07908085477111305,0.10153884695292661,0.19057479282237888,-0.0023677397166466108,-0.004660178910853574,0.03336774570925627,14999,541000000,7.73,0,2,2,-16.71610991746649,-0.6423098255411741,5.787836951359227,-16.704781081667498,-0.7349599595113404,5.915597979936986,225.1478147506714
-15.774764980033865,-2.8687423687722617,6.967859177197259,-15.292433703196034,0.6448198046290216,6.080033235695028,-0.45947717501899055,0.0037495998439170362,-0.008183491576648015,0.8881439616431523,0.05435901448361572,0.10784861179436397,0.18989005934766193,-0.005126002588440315,-0.003437524560467864,0.026011838235717732,14999,800000000,8.32,0,2,2,-16.698978009797877,-0.7689729012212839,5.961370050873298,-16.698978009797877,-0.7689729012212839,5.961370050873298,225.54043698310852
-15.670668781037511,-2.8866561511884625,6.981899523535869,-15.271745966603243,0.6142121414708512,6.136320414341136,-0.4623286701082804,0.004520796058884347,-0.008755828649645983,0.8866538776002507,0.034622959878382785,0.1147554131824869,0.1886897902499654,-0.0077501112173195,-0.0014233868114388315,0.016277307986456435,15000,93000000,8.9,0,2,2,-16.69158929427252,-0.8053202433520434,6.009606367942291,-16.69158929427252,-0.8053202433520434,6.009606367942291,225.93459248542786
-15.566219626035252,-2.9028953296266673,6.991948587990478,-15.246695082433167,0.5865349246780174,6.191511240929391,-0.4638728023582537,0.00500469269167985,-0.009359216754512142,0.8858382365562598,0.028158525210660902,0.11881978341727892,0.1835620209919683,-0.00018433804456208236,-0.0008297363478959596,0.006046310681995237,15000,384000000,9.37,0,2,2,-16.69158929427252,-0.8053202433520434,6.009606367942291,-16.6822794348465,-0.8439810821294043,6.060041290038197,226.36107563972473
-15.566219626035252,-2.9028953296266673,6.991948587990478,-15.223854031393703,0.5590411261314678,6.241216019744899,-0.4640609965869842,0.0050414411349323715,-0.009264535479319783,0.8857404493983159,0.04675622970583385,0.11850422635628499,0.17611489444648903,0.0021928171008767094,0.0005039306898879659,-0.005737388983106939,15000,694000000,9.69,0,2,2,-16.671686018330092,-0.8822572415741627,6.109028676783405,-16.671686018330092,-0.8822572415741627,6.109028676783405,226.72963762283325
-15.461602843222426,-2.9175255540069984,6.997986133082629,-15.20789283008171,0.5271457526838169,6.285150300978476,-0.46267515056827924,0.004658895829929122,-0.009102728014403089,0.8864689165892742,0.08312160486062929,0.1152655148773756,0.16693791390520424,0.0029603518214571523,0.0030342879426825675,-0.016508953740412835,15000,962000000,9.83,0,2,2,-16.660592084876292,-0.9175749381371436,6.153376424562922,-16.660592084876292,-0.9175749381371436,6.153376424562922,227.11024475097656
-15.357002216775566,-2.9306181627619963,7.0,-15.197495569585788,0.48504429000895016,6.3297525494546605,-0.46035942939429797,0.003972046861405055,-0.009005734430142583,0.8876780471313125,0.11733230249310889,0.11220840275650468,0.15686783287927786,0.0024391712713622837,0.004230014474160271,-0.018369972713117022,15001,235000000,9.75,0,2,2,-16.649127562039837,-0.9499846673725574,6.193352238293612,-16.649127562039837,-0.9499846673725574,6.193352238293612,227.4982888698578
-15.25259954285125,-2.9422500095898476,6.997986133082629,-15.19214026416636,0.42553215256793736,6.380266743853749,-0.4581046828198929,0.0031555056589758173,-0.008978189940672112,0.8888473066100333,0.14619213630285605,0.11066190343136947,0.14556669714751364,0.0021991838366375305,0.0034389884376651025,-0.009461023273615865,15001,502000000,9.56,0,2,2,-16.635746978087898,-0.9844454658098705,6.235028696603259,-16.635746978087898,-0.9844454658098705,6.235028696603259,227.9442298412323
-15.148574192374907,-2.9525032725414264,6.991948587990478,-15.190766664437279,0.34916758103975015,6.435181303191014,-0.4579532810146405,0.002618804597569836,-0.008959225973853806,0.8889272560453723,0.14802964767422605,0.1133410588563661,0.1353224222063888,0.00026200121112651686,0.0005820582032356469,0.01257048452316667,15001,855000000,9.38,0,2,2,-16.635746978087898,-0.9844454658098705,6.235028696603259,-16.618125934493584,-1.0258209739617388,6.283644699577516,228.46051454544067
-15.148574192374907,-2.9525032725414264,6.991948587990478,-15.185315134827562,0.29137086129322354,6.476752526054524,-0.46086096661327036,0.0027081964348434737,-0.008909727421098317,0.8874234907199796,0.11844724500978601,0.11989068844344379,0.13091594670640563,-0.0003923020756246842,-0.0014527471989822516,0.0318805941788014,15002,238000000,9.49,0,2,2,-16.635746978087898,-0.9844454658098705,6.235028696603259,-16.595314259692525,-1.073847329490738,6.337910712229718,228.9014868736267
-15.045102681746993,-2.961465245929668,6.981899523535869,-15.172091270286469,0.24847841868691795,6.512451461542006,-0.4655540044605,0.003044523471779043,-0.008771058119698067,0.8849707725948259,0.08036224784193632,0.12758366146202665,0.1295183068735311,0.000758204481599023,-0.0027922836579818977,0.04137067007832229,15002,569000000,9.98,0,2,2,-16.57568512737504,-1.1117281152972454,6.378990215695642,-16.57568512737504,-1.1117281152972454,6.378990215695642,229.28951144218445
-14.942358252569695,-2.969228115601023,6.96785917719726,-15.151093537336639,0.21282788303903308,6.547829997435735,-0.47071857377799675,0.003520064613792059,-0.00865600402473216,0.8822339298847256,0.04788981028412539,0.1344351276710074,0.1276029404336863,-0.00548328230252082,-0.0023546347165392945,0.03806407912634313,15002,855000000,10.69,0,2,2,-16.57568512737504,-1.1117281152972454,6.378990215695642,-16.557539297383183,-1.1444394620277742,6.413156312284561,229.64337825775146
-14.840510461471446,-2.975888718158154,6.949855824363648,-15.125877283469105,0.18516429527551795,6.579732896608334,-0.47446855680355093,0.003993512911535063,-0.008986555244591497,0.8802175198689337,0.02349207381055136,0.13993875416404647,0.12336759186530084,0.0005159235513474414,-0.0013869548638467677,0.02698965290619526,15003,120000000,11.47,0,2,2,-16.53826236107098,-1.1767334745008868,6.445579527749243,-16.53826236107098,-1.1767334745008868,6.445579527749243,230.0055227279663
-14.739724781076784,-2.9815482847712667,6.927925721391708,-15.091242868959524,0.1584041505022487,6.615095064041201,-0.47716660940571887,0.004175731677319215,-0.008858431539734375,0.8787582820798133,0.0008905321342511773,0.14597238089787185,0.11784548400871293,-0.0010067825087389792,-0.0007775819426569797,0.012723738109343685,15003,394000000,12.06,0,2,2,-16.53826236107098,-1.1767334745008868,6.445579527749243,-16.519324155179266,-1.2062817884272439,6.4740636470817075,230.38645577430725
-14.640162213137074,-2.986312170261556,6.902113032590307,-15.051807725816307,0.1359778596475592,6.648581553766474,-0.47799049265167026,0.004272740867857759,-0.008869885972702423,0.8783098301527319,-0.01731106157691417,0.15147063645550737,0.11144874902394124,0.0007382733599570201,-0.000287363218376413,-3.8009901004443236e-06,15003,681000000,12.53,0,2,2,-16.496430157156734,-1.2398180754751407,6.505020488552982,-16.496430157156734,-1.2398180754751407,6.505020488552982,230.79876112937927
-14.640162213137074,-2.986312170261556,6.902113032590307,-15.000952289951993,0.11162040662025996,6.685948946456551,-0.47667471246861703,0.004264106776729503,-0.008794248614236614,0.8790254245911597,-0.00819344666022796,0.15188547823658238,0.10050422150055124,0.00013168182348977098,6.29007377739299e-05,-0.021343466505641118,15003,991000000,12.76,0,2,2,-16.496430157156734,-1.2398180754751407,6.505020488552982,-16.472300045398836,-1.2727248966044755,6.533870852799142,231.26384568214417
-14.541978914802943,-2.9902895681847994,6.872469741279476,-14.966649013387972,0.08668775103635143,6.711682384097961,-0.4733345494758545,0.004140549658748821,-0.008766550032943889,0.8808293862726955,0.023827591592074697,0.1466203419313233,0.08939310925409989,0.0009798903761293332,0.00036769910423117835,-0.03223966923542321,15004,354000000,12.74,0,2,2,-16.496430157156734,-1.2398180754751407,6.505020488552982,-16.44179458772802,-1.3113071122234758,6.56560713847552,231.63678193092346
-14.445325838981478,-2.993593212685567,6.839055545102902,-14.941414293417074,0.05662699694675155,6.732762152867807,-0.4693075392332743,0.003987665065589953,-0.008665480859875162,0.8829832623485002,0.057878192024052866,0.14077817061034675,0.07871643633777274,0.0010985303333654883,0.0003906162021394266,-0.03577607167244423,15004,621000000,12.43,0,2,2,-16.417640999398945,-1.3412715897298104,6.588107675939725,-16.417640999398945,-1.3412715897298104,6.588107675939725,232.00063514709473
-14.350348389681816,-2.9963390679327606,6.801937735804841,-14.919397896050327,0.014521155436411354,6.753673840976175,-0.4647876166653834,0.0037948570819489004,-0.008576777821717209,0.8853725257406834,0.08817614479013418,0.13677355297750937,0.06655794230243904,0.0005827040979511366,0.0006628760729654459,-0.03014168887602864,15004,896000000,12.04,0,2,2,-16.417640999398945,-1.3412715897298104,6.588107675939725,-16.39489658767438,-1.3690964169813373,6.607239916454208,232.37195134162903
-14.257186093209897,-2.998646005985418,6.7611910637134764,-14.90188670187165,-0.03685992976724583,6.772078590111161,-0.4613156357213498,0.0035104558505069145,-0.008325658899583194,0.8871900835461451,0.11012521013730348,0.13464697490178612,0.054057880377060254,0.004626064537660568,0.0003703388614439973,-0.016510142995684873,15005,180000000,11.59,0,2,2,-16.417640999398945,-1.3412715897298104,6.588107675939725,-16.36762969005378,-1.4005062910637238,6.627108096597843,232.82034039497375
-14.257186093209897,-2.998646005985418,6.7611910637134764,-14.885650528387078,-0.09858485178132094,6.788344305937741,-0.46028500679975565,0.003112850437260466,-0.007659266085793506,0.8877327065736236,0.10715317740385955,0.13723179027530794,0.04271698501319031,0.003913477303285617,0.00015633549708127248,0.008276189964817604,15005,503000000,11.3,0,2,2,-16.417640999398945,-1.3412715897298104,6.588107675939725,-16.337434069460304,-1.4331518350747958,6.6457654847944845,233.31074833869934
-14.165972286029167,-3.000635473973351,6.716897587203735,-14.867614256688704,-0.14638320462672968,6.799453006274993,-0.4624249154892962,0.002798230108059335,-0.007075170212201009,0.8866258001036559,0.07936381057634612,0.14404525870137636,0.037230074058534075,0.006352989703373169,0.0008506336371283396,0.02589780979178613,15005,875000000,11.32,0,2,2,-16.417640999398945,-1.3412715897298104,6.588107675939725,-16.302217708042743,-1.4688198137327826,6.663573813583402,233.70094776153564
-14.076833820056732,-3.0024311515106303,6.669146507442607,-14.844750450632127,-0.18135050255888358,6.808247889796945,-0.4661013080158153,0.002351329295482334,-0.006508397327046783,0.8847042910943314,0.04387542676024455,0.152500482954652,0.03491951965357308,0.00417375968027045,0.0016439302953585866,0.034436076748534106,15006,166000000,11.73,0,2,2,-16.417640999398945,-1.3412715897298104,6.588107675939725,-16.27177653107602,-1.4976326313126798,6.675647455798617,234.06391525268555
-13.989890786116403,-3.0041585992905784,6.6180339887498985,-14.812395925375617,-0.2123571152534908,6.817020844569412,-0.470234039789149,0.0019247389586279809,-0.006192820064257689,0.8825179274004408,0.01190346213844082,0.16203095997226433,0.031874427553907084,0.0025145700419670902,0.0020371197933855,0.028761061730619986,15006,427000000,12.32,0,2,2,-16.244662663481023,-1.5219829064297103,6.684062616918211,-16.244662663481023,-1.5219829064297103,6.684062616918211,234.43630862236023
-13.905256256218784,-3.005944899839202,6.563662964936061,-14.77623335577617,-0.23622519328031488,6.824270118292409,-0.472868703005158,0.0016083244885776627,-0.0061147596739707395,0.8811102159915571,-0.012231628545146369,0.16929338949671907,0.027414521088559768,-0.0006481878529029927,0.0019950060504925204,0.01462209093006095,15006,707000000,13.0,0,2,2,-16.244662663481023,-1.5219829064297103,6.684062616918211,-16.21492851430974,-1.5476062995475213,6.691128494677208,234.798419713974
-13.905256256218784,-3.005944899839202,6.563662964936061,-14.729186585667914,-0.2584007670267231,6.830564867195629,-0.47348924124856673,0.001302086154736759,-0.006090948992486344,0.8807775788096974,-0.0363180564900524,0.17300070377103488,0.018499493366353193,0.005350673200155143,0.001086540908090683,-0.002778575208139955,15006,973000000,13.5,0,2,2,-16.187846338683066,-1.5720905243703038,6.695660324351358,-16.187846338683066,-1.5720905243703038,6.695660324351358,235.19688868522644
-13.823036045287,-3.0079182914293168,6.50614293200722,-14.670943685606185,-0.2777997570231099,6.834343516354156,-0.472114269208215,0.0008116118710081222,-0.005361216005666709,0.8815206835117961,-0.053641867820315256,0.1739701811320969,0.007518998190012352,0.004989532408217201,3.641533261600216e-05,-0.017491420658188872,15007,272000000,13.73,0,2,2,-16.187846338683066,-1.5720905243703038,6.695660324351358,-16.165399525756833,-1.6106370310740643,6.697646637160964,235.65243291854858
-13.743328492892093,-3.010207796180322,6.445589727654784,-14.609059001187823,-0.2965707365760379,6.834346020734042,-0.4680701138034651,0.0005861783267595228,-0.004732531911754106,0.8836784642055528,-0.03993239470952501,0.1673983184612406,-0.005289324385508573,0.002025047569986782,-0.0022003635422152,-0.036283060762798414,15007,611000000,13.65,0,2,2,-16.187846338683066,-1.5720905243703038,6.695660324351358,-16.151194579402027,-1.6673732506223844,6.695864784697445,236.12523746490479
-13.666224265507282,-3.0129428433883514,6.382125297973728,-14.567378095290312,-0.3165638199757808,6.830918282206755,-0.46299582030885655,0.000778986410392854,-0.004326459089179146,0.8863495615774012,-0.010428920914483036,0.15925508789137444,-0.016427868488094383,0.0010518311228224775,-0.003475700191302167,-0.04554959523375146,15007,971000000,13.19,0,2,2,-16.187846338683066,-1.5720905243703038,6.695660324351358,-16.143608790113028,-1.7356890293216805,6.689581873957999,236.5191376209259
-13.591806179733467,-3.016252889148348,6.315877451879427,-14.532924269989559,-0.3430092478437009,6.82426834134868,-0.4569892896822775,0.0011398689361110483,-0.0039040671070841894,0.8894628986498084,0.02052473373732958,0.15187316334988515,-0.028173152989690198,0.0022143717842482147,-0.0039535326777695445,-0.0484985503135249,15008,256000000,12.6,0,2,2,-16.136104410496795,-1.786801253864024,6.682279495355732,-16.136104410496795,-1.786801253864024,6.682279495355732,236.89700508117676
-13.520149046890582,-3.0202670333435666,6.246979603717466,-14.504735782184989,-0.37507434134338025,6.814351853113442,-0.45118761217357484,0.0014124602940698366,-0.003345518412258001,0.8924217338700232,0.04447516398423289,0.14682968104049302,-0.039909308081855416,0.003656535477603029,-0.0033517306292196736,-0.042287821997888386,15008,529000000,11.91,0,2,2,-16.136104410496795,-1.786801253864024,6.682279495355732,-16.123403440916004,-1.831907576130506,6.67332976927012,237.27358889579773
-13.520149046890582,-3.0202670333435666,6.246979603717466,-14.481298347482133,-0.4114520353288192,6.801253487100561,-0.4465633745815642,0.0015046309598137598,-0.002660089268368783,0.8947467868023244,0.06227904505244751,0.14361594269751937,-0.051385761412853656,0.005422197637017234,-0.002354955881855858,-0.02926358429249376,15008,806000000,11.28,0,2,2,-16.105530407223007,-1.8709226386231812,6.662766779480143,-16.105530407223007,-1.8709226386231812,6.662766779480143,237.64977169036865
-13.451319539310912,-3.0251136350888155,6.175570504584948,-14.46267160758183,-0.4480442424907544,6.7863051487429145,-0.4439420026298623,0.0013977262992218972,-0.0019016004643901904,0.8960524139679852,0.07446141819194055,0.14120617377417838,-0.061404925209288384,0.0069168283971521305,-0.0015002826330601238,-0.01627061592444079,15009,81000000,10.8,0,2,2,-16.105530407223007,-1.8709226386231812,6.662766779480143,-16.083298736211244,-1.9046941019610986,6.650450346666642,238.0157597064972
-13.385376078610724,-3.030919927721646,6.101793962904203,-14.446368268053613,-0.48650452984615583,6.7690684695203975,-0.44264730131805075,0.0011538459620575247,-0.0010696309614568634,0.8966944246313504,0.08343622147642023,0.1387366163637773,-0.06999604298863843,0.0066133341988461325,-0.0008534128141945985,-0.006314579786703689,15009,342000000,10.57,0,2,2,-16.105530407223007,-1.8709226386231812,6.662766779480143,-16.059416809805285,-1.9322145419694445,6.637260159609459,238.387934923172
-13.322368746156728,-3.0378116344403696,6.025798554811814,-14.43069348682145,-0.5292907881929989,6.748088780304073,-0.44237139845393714,0.0008310860917881347,-0.00022178451757608414,0.8968315371001644,0.09005270702077381,0.1365954117649579,-0.0792649629054597,0.007133249300750322,-0.0003898318198025663,0.0010502249551791465,15009,607000000,10.49,0,2,2,-16.033081216015187,-1.956728355923979,6.622543522625897,-16.033081216015187,-1.956728355923979,6.622543522625897,238.74980759620667
-13.322368746156728,-3.0378116344403696,6.025798554811814,-14.417295627319579,-0.5698423790651908,6.726346679536933,-0.44272412473842904,0.00047065819472327753,0.0005925652477244466,0.8966575582249239,0.09407929201790613,0.13510693576670968,-0.08791528805430848,0.007262362214532914,-0.00014870777249598177,0.004511542101681698,15009,879000000,10.54,0,2,2,-16.033081216015187,-1.956728355923979,6.622543522625897,-16.00249713920601,-1.9804049594089417,6.604970301039038,239.1114902496338
-13.262339215882946,-3.045912585689532,5.9477373249459955,-14.404600673945493,-0.6108340106451434,6.702428848145013,-0.4433686439138364,7.95219641239269e-05,0.0014071165161321753,0.8963382504910591,0.0965607872863882,0.1336632598256644,-0.09609938043927656,0.007342105118368636,-3.006133741934036e-05,0.006528377343784086,15010,142000000,10.66,0,2,2,-16.033081216015187,-1.956728355923979,6.622543522625897,-15.97233614816243,-2.0003204061970186,6.586885177250259,239.4738986492157
-13.205320709553007,-3.0553443393919357,5.867767478235118,-14.392461168699263,-0.651995537468658,6.6766740969949305,-0.4442370996818673,-0.0003147728416605433,0.0022076170118220293,0.8959064831841713,0.09816132574324898,0.131951155819816,-0.10296135146813093,0.006949560065550031,-4.82377500166109e-06,0.008677712412463734,15010,409000000,10.82,0,2,2,-16.033081216015187,-1.956728355923979,6.622543522625897,-15.940740985998598,-2.018603412479765,6.566971752752833,239.83344268798828
-13.205320709553007,-3.0553443393919357,5.867767478235118,-14.38069753180363,-0.693144512092584,6.649175207550163,-0.44538791625652097,-0.0006990228373194253,0.0029736736295962645,0.8953324928119674,0.09886366362724382,0.13045445363109226,-0.11002036481534763,0.007146426514736959,5.1727045402572e-05,0.010436386310175294,15010,674000000,11.01,0,2,2,-16.033081216015187,-1.956728355923979,6.622543522625897,-15.908039831652362,-2.0355038049067455,6.54542139115051,240.18955087661743
-13.151337974501477,-3.0662258051218463,5.786050063307852,-14.366433633183165,-0.7435581710319463,6.612853023731676,-0.446887526212176,-0.0012019367129405417,0.003941997459269721,0.8945806587000028,0.09863008713358261,0.128735707062729,-0.11826886098179187,0.00676731183375523,1.6861943752388697e-05,0.010488100087968633,15010,928000000,11.23,0,2,2,-15.874506515206923,-2.05125709533071,6.522323834024114,-15.874506515206923,-2.05125709533071,6.522323834024114,240.6178159713745
-13.100407283827145,-3.0786728733062683,5.702749648162687,-14.348594440991079,-0.7978431434809125,6.569473302679398,-0.4491152774532615,-0.00219089638105576,0.005454093657379761,0.8934544870296995,0.06830367989558742,0.13126939949183808,-0.125029090466282,0.014639149321737932,0.004060275978190475,0.02260574201500276,15011,247000000,11.53,0,2,2,-15.874506515206923,-2.05125709533071,6.522323834024114,-15.832256265233912,-2.0693517340773653,6.491613511888343,241.08300709724426
-13.052536458950115,-3.0927980505305666,5.6180339887499,-14.325541031718668,-0.8306437302999906,6.5343125413655585,-0.4524406829588915,-0.0037373151424017403,0.006708201108428509,0.8917614372224821,0.02372589153216656,0.1372496035483544,-0.13001524911623563,0.01131989138229983,0.007235183147713542,0.030806783979642205,15011,607000000,11.93,0,2,2,-15.78373736029543,-2.0884082856674024,6.453794257383705,-15.78373736029543,-2.0884082856674024,6.453794257383705,241.44935035705566
-13.007724914384157,-3.108710102010856,5.532073691133352,-14.293383490759629,-0.8545275999271222,6.497722482350945,-0.4564285373017502,-0.005460502806381286,0.0075123266743935,0.889711603944572,-0.016939744091841298,0.14369176627974814,-0.13600166999109548,0.011009246009052731,0.008071327010839013,0.02799056383082643,15011,883000000,12.39,0,2,2,-15.78373736029543,-2.0884082856674024,6.453794257383705,-15.746962971888959,-2.104159791391881,6.422150934794461,241.8120081424713
-13.007724914384157,-3.108710102010856,5.532073691133352,-14.253772265129173,-0.8707451821589798,6.459596249673699,-0.4590554389689659,-0.007038837790286517,0.00820308624050664,0.8883418644259105,-0.049795879649319294,0.14849574332030285,-0.14272499917315468,0.0076989018452877644,0.006786971061956137,0.011974367589573376,15012,159000000,12.9,0,2,2,-15.714513814031864,-2.125068867780263,6.3879237698315805,-15.714513814031864,-2.125068867780263,6.3879237698315805,242.1726689338684
-12.965963724516012,-3.126513702278765,5.445041867912634,-14.201076049594292,-0.8817752038304073,6.413744612932601,-0.45930187877080375,-0.008410680749149428,0.00876073847987978,0.8881972157512276,-0.08031370595214171,0.1529250767469608,-0.15050731888462182,0.0064635790749889566,0.005033592105974094,-0.0099711277471215,15012,452000000,13.18,0,2,2,-15.688856707576209,-2.1542926722864957,6.350343795322822,-15.688856707576209,-2.1542926722864957,6.350343795322822,242.61282992362976
-12.927235712123782,-3.1463090951045274,5.357113789597275,-14.131703054520191,-0.8875026401522259,6.356961915099941,-0.4556451533813395,-0.009404873937155472,0.009241863013109412,0.8900638350783436,-0.09801103108251304,0.1531217186741484,-0.1571249136919169,0.002610671640468354,0.001799793312784459,-0.033634877399890684,15012,766000000,13.1,0,2,2,-15.66844896846464,-2.197787666210454,6.303466567215446,-15.66844896846464,-2.197787666210454,6.303466567215446,243.10713911056519
-12.891515558308496,-3.168191763661482,5.268466531635316,-14.076615179222362,-0.8911755771802774,6.310518710526578,-0.4503674457488135,-0.009375946840969821,0.009267572566643897,0.8927459703237236,-0.08675799143749993,0.14851381105082143,-0.1617377388465743,-0.0056373509778495645,-0.0032946072451522923,-0.04725120852526743,15013,144000000,12.48,0,2,2,-15.653647643329652,-2.259499285865485,6.243128437106576,-15.653647643329652,-2.259499285865485,6.243128437106576,243.47912645339966
-12.858769933455328,-3.1922521119096685,5.179278617806869,-14.040416381866807,-0.8975900088124827,6.2754985756280055,-0.4453338747766803,-0.008523326234153267,0.009072556700428839,0.8952780470899594,-0.062420420982724344,0.1425433928321211,-0.16485039632927415,-0.004971029193256982,-0.007130209496608586,-0.054205644119065255,15013,442000000,11.68,0,2,2,-15.653647643329652,-2.259499285865485,6.243128437106576,-15.647055644532406,-2.3138111728922297,6.192355047306125,243.8297872543335
-12.858769933455328,-3.1922521119096685,5.179278617806869,-14.000570134737648,-0.9113232625689225,6.2297263549055,-0.43823926759794746,-0.007086815751227334,0.009104251466731026,0.8987843089323229,-0.03349126661575633,0.13591692754430137,-0.16915787560241355,-0.004119409322811407,-0.009270038754038978,-0.0561473050765926,15013,675000000,10.99,0,2,2,-15.641728193527443,-2.3528478631884395,6.154190578180023,-15.641728193527443,-2.3528478631884395,6.154190578180023,244.19309067726135
-12.828957648784899,-3.2185751581476683,5.089729660701035,-13.96896403424896,-0.9289029823909163,6.185986997023939,-0.4319503614848014,-0.005772144906537043,0.00927352580427143,0.9018312310379832,-0.011989538828096166,0.13149458735566116,-0.1730598636836216,-0.0016493484736201935,-0.008467525094602024,-0.050222567733726464,15013,950000000,10.07,0,2,2,-15.641728193527443,-2.3528478631884395,6.154190578180023,-15.631786680889714,-2.3985019219084895,6.105221446173618,244.56031441688538
-12.802029828000155,-3.2472402416509176,5.000000000000002,-13.939680812706529,-0.952010239591215,6.137856422793245,-0.42623519803737964,-0.004700676175893118,0.009615532095268029,0.9045490595540134,0.006829761262006961,0.1278309392568621,-0.1764490512002946,-0.0001278595021858564,-0.006285961217145086,-0.039523455416201614,15014,212000000,9.31,0,2,2,-15.641728193527443,-2.3528478631884395,6.154190578180023,-15.617358141908895,-2.434299711617343,6.060006973161217,244.92467093467712
-12.77793009848097,-3.2783207432808092,4.910270339298968,-13.914388968996871,-0.9785821788712551,6.0886501464879155,-0.4218979550825884,-0.004027937810341824,0.01003061297852458,0.90657888681427,0.021942218150524308,0.12508099949061657,-0.18062110153782696,0.0027841775363413035,-0.004331616582931019,-0.029278919646458235,15014,487000000,8.65,0,2,2,-15.596806682526552,-2.466405213433237,6.011563410837888,-15.596806682526552,-2.466405213433237,6.011563410837888,245.29215693473816
-12.77793009848097,-3.2783207432808092,4.910270339298968,-13.893777683094607,-1.0056948807040424,6.041821299239323,-0.418879749170908,-0.003726750279999256,0.010615145485214994,0.907972018155403,0.03315196138657364,0.12286116848662934,-0.18517308660787046,0.004750384459839552,-0.003081497879975359,-0.022087239995016716,15014,757000000,8.17,0,2,2,-15.571988723048268,-2.4930048858809495,5.963088076692726,-15.571988723048268,-2.4930048858809495,5.963088076692726,245.6568205356598
-12.756594801426797,-3.3118838209127652,4.820721382193135,-13.874070309984269,-1.0368966309683614,5.990077834277642,-0.41646967041094696,-0.0036383361965311427,0.011349029801272928,0.9090714909511175,0.042621863627984743,0.120599336353132,-0.18974371620649105,0.004829615863854997,-0.001989440397665021,-0.01581408105266746,15015,34000000,7.86,0,2,2,-15.545881661418631,-2.513779341602863,5.917777149898261,-15.545881661418631,-2.513779341602863,5.917777149898261,246.02614665031433
-12.737953220297717,-3.347990160492629,4.731533468364687,-13.85763300306754,-1.0672501907110918,5.941161535471675,-0.4149159996819651,-0.0036230084194684596,0.011847900114562278,0.9097753647361437,0.04957264349865937,0.11899491504355542,-0.19266378764424444,0.00014039524245390567,-0.000945339951385904,-0.009920357933879131,15015,300000000,7.62,0,2,2,-15.545881661418631,-2.513779341602863,5.917777149898261,-15.51520887715502,-2.532750189741651,5.868793301052088,246.39980483055115
-12.721927826856154,-3.3866937434896096,4.642886210402729,-13.842526006400963,-1.09879206961323,5.8914790827710615,-0.41410612790513546,-0.0035622246232562957,0.011887603638847381,0.9101440052359158,0.05549405242373462,0.11849383646565874,-0.19583322578351572,0.00040869178974389797,-8.553564896374155e-05,-0.004088290506842895,15015,565000000,7.48,0,2,2,-15.545881661418631,-2.513779341602863,5.917777149898261,-15.484898042252992,-2.5478884610422896,5.822942283787317,246.76722264289856
-12.721927826856154,-3.3866937434896096,4.642886210402729,-13.828451158568948,-1.1313362751482963,5.840896019555067,-0.4138767805020841,-0.0036154858935722976,0.011982917913915292,0.9102468612971161,0.060359691708503624,0.11791888144229952,-0.19958508407137313,0.0025214850893462426,0.00015212798416541773,-0.0005097471046155988,15015,830000000,7.42,0,2,2,-15.453212705069497,-2.5611912387083855,5.776446963028969,-15.453212705069497,-2.5611912387083855,5.776446963028969,247.12982320785522
-12.708434544065298,-3.4280416314708004,4.5549581320873695,-13.814254331428314,-1.167226799438094,5.785297086417778,-0.41393276968105236,-0.003775554791019222,0.012304656810521637,0.9102164593056796,0.06447348917788694,0.11687483923196669,-0.2034097222844539,0.002855719844774285,1.5760130089859103e-05,0.0015454524259439495,15016,92000000,7.44,0,2,2,-15.453212705069497,-2.5611912387083855,5.776446963028969,-15.42047607490261,-2.5731311010767777,5.729144449260097,247.49900078773499
-12.697383025056535,-3.4720737684766467,4.467926308866652,-13.802766973331194,-1.198441363710196,5.737028588014148,-0.4141986965567784,-0.0038872261571196217,0.012551293947943009,0.9100916405855519,0.06720964846430862,0.1158743848034643,-0.20539054717349253,0.00047295875731379056,4.2113508413876843e-05,0.003522247084219998,15016,360000000,7.5,0,2,2,-15.384360464650804,-2.5848727120179817,5.677124154999439,-15.384360464650804,-2.5848727120179817,5.677124154999439,247.860942363739
-12.688676947336305,-3.518822801829515,4.381966011250103,-13.790873714993452,-1.2326725499976368,5.684161738161818,-0.414760068407536,-0.003952273538032339,0.012621816809309006,0.9098346854945073,0.06984773442202145,0.1152373303622168,-0.20790768060764792,0.0026322558369429316,0.0001815089092360722,0.005323745335772401,15016,613000000,7.59,0,2,2,-15.384360464650804,-2.5848727120179817,5.677124154999439,-15.352961338395922,-2.594218566105135,5.631913111131206,248.22435331344604
-12.688676947336305,-3.518822801829515,4.381966011250103,-13.779457857038185,-1.2672500740568133,5.6305856935962355,-0.41541120903541495,-0.004090966871352434,0.012863585819864095,0.9095335725291547,0.07205865256363772,0.11453305219015653,-0.21089010663742366,0.00023187711093441976,0.00019109221653934583,0.006179916454129852,15016,869000000,7.72,0,2,2,-15.384360464650804,-2.5848727120179817,5.677124154999439,-15.318702285649552,-2.6038161257956274,5.582325880407241,248.58248472213745
-12.682214321363698,-3.5683139219579116,4.297250351837317,-13.769236706460175,-1.2994984401455312,5.58042474636899,-0.4161776270460499,-0.004141132388499622,0.012869395453274876,0.9091828267348251,0.0739379975104672,0.11434447561247103,-0.2135086055574273,0.0005086527551156905,0.0002987978007240599,0.007675333836232312,15017,120000000,7.87,0,2,2,-15.384360464650804,-2.5848727120179817,5.677124154999439,-15.284343916922424,-2.6131066599803834,5.531947485792547,248.9241123199463
-12.67788781259312,-3.6205647217681536,4.213949936692151,-13.758436925162766,-1.334680160918363,5.525571766173737,-0.41712587332420314,-0.004264826680149365,0.013028094338437985,0.9087453360622091,0.07540749288656676,0.11353364144141183,-0.21525715051294717,0.00512917563355586,2.2456477788423967e-07,0.007602282494190149,15017,364000000,8.04,0,2,2,-15.384360464650804,-2.5848727120179817,5.677124154999439,-15.252675486057003,-2.6215962396556147,5.4846503779664575,249.24866104125977
-12.67788781259312,-3.6205647217681536,4.213949936692151,-13.747241190384196,-1.3726007674908642,5.465926424399979,-0.4179787583435114,-0.004552667758243349,0.013731919794414453,0.9083416015842604,0.0766748889953535,0.11152055453278291,-0.21781455098931063,0.006713598349961103,-0.0005974023281396512,0.006046623548172647,15017,617000000,8.24,0,2,2,-15.218536217321015,-2.63077100664437,5.432825850107019,-15.218536217321015,-2.63077100664437,5.432825850107019,249.61304426193237
-12.6755850760423,-3.675585076042296,4.132232521764886,-13.737816345874897,-1.40484415029323,5.414207856391999,-0.4186618944420792,-0.004877261236893436,0.01452534315455263,0.9080129100796084,0.0671990547727904,0.11098223465112152,-0.22020132196989967,0.012305813561397372,0.0016922987242651288,0.010058065799967153,15017,902000000,8.41,0,2,2,-15.218536217321015,-2.63077100664437,5.432825850107019,-15.186515643604425,-2.6462154545625878,5.375656283766426,249.96357607841492
-12.675189102414187,-3.7333770412873593,4.052262675054001,-13.719688535348833,-1.4354613031330714,5.353284690457263,-0.4207945118371048,-0.0063062242103021394,0.015515676962226277,0.9070013638977539,0.017673789002770182,0.11549412659422931,-0.2229556145093498,0.006113007020758232,0.00919421991056879,0.021525683587242384,15018,153000000,8.52,0,2,2,-15.218536217321015,-2.63077100664437,5.432825850107019,-15.165307586309865,-2.6669022029528553,5.324998654069713,250.32453060150146
-12.675189102414187,-3.7333770412873593,4.052262675054001,-13.69422172481965,-1.4560146163362435,5.295895478770581,-0.4235058727624172,-0.0079559826581691,0.015616853975087282,0.9057237945133199,-0.019843429023380356,0.12070530614438799,-0.22716650929305474,0.007148183476601844,0.01143561685239547,0.02278304164065048,15018,418000000,8.71,0,2,2,-15.218536217321015,-2.63077100664437,5.432825850107019,-15.14781867666884,-2.699604370619905,5.2637510093954765,250.69740557670593
-12.676578574772654,-3.7939347764051536,3.9742014451881893,-13.650776082966987,-1.4739661255082588,5.219004034039293,-0.42623275296150087,-0.010185280449346175,0.01586604007258359,0.9044170327550467,-0.05816213972231125,0.12648381847239856,-0.23449061339429336,0.006820452017564094,0.009491988021181896,0.008260953836725093,15018,689000000,8.93,0,2,2,-15.218536217321015,-2.63077100664437,5.432825850107019,-15.137568560536923,-2.7366671132692595,5.205355034042683,251.13554573059082
-12.679628234745822,-3.8572444844957245,3.8982060370957994,-13.592360839940055,-1.4852473627259937,5.130619340334856,-0.4257413523974442,-0.01206086894507147,0.016544942557668137,0.904613232920483,-0.08145355899420424,0.1286714271576606,-0.24137223099193456,0.00812104899523547,0.004284549549993244,-0.016181061619136017,15019,28000000,9.09,0,2,2,-15.130293429764484,-2.7918627295125087,5.12733982629882,-15.130293429764484,-2.7918627295125087,5.12733982629882,251.64460682868958
-12.684209257207828,-3.9232843760496774,3.824429495415055,-13.541400915561146,-1.4927615583802956,5.054818845883601,-0.42225377087331295,-0.012675897117614715,0.017388005410018306,0.9062222309584953,-0.07181463640813829,0.12417039993890233,-0.24260195072189047,0.0037942558265058324,-0.0033995022022281773,-0.034812698868336156,15019,410000000,8.86,0,2,2,-15.130293429764484,-2.7918627295125087,5.12733982629882,-15.12223487041205,-2.853421444292984,5.039570820713245,252.06631326675415
-12.690189632369744,-3.9920246537263036,3.753020396282537,-13.505490458568657,-1.5029237359421506,4.993675724133575,-0.41748636555717145,-0.011855167577444398,0.017896118155258253,0.9084295891980552,-0.044514789644687455,0.11777299428930324,-0.23922226827995244,-0.008846159380482277,-0.008407322820858099,-0.04417502714204602,15019,729000000,8.33,0,2,2,-15.130293429764484,-2.7918627295125087,5.12733982629882,-15.109592418997234,-2.8983019985802625,4.966838748859294,252.44226050376892
-12.697434554193253,-4.063427518855471,3.684122548120576,-13.475430753201149,-1.5181752079649942,4.933380730914947,-0.4121135442453616,-0.010212798311111703,0.01751600322470734,0.9109068640817319,-0.017821719120784767,0.11448558769745447,-0.235214828508835,-0.004235363985571894,-0.009986248824134236,-0.04576072169584222,15019,992000000,7.7,0,2,2,-15.130293429764484,-2.7918627295125087,5.12733982629882,-15.094829122060943,-2.9293069175006856,4.909015694754765,252.8149311542511
-12.697434554193253,-4.063427518855471,3.684122548120576,-13.448905035517498,-1.539634104381959,4.869340820596532,-0.40650652630556694,-0.0086498403658792,0.017814292353538572,0.9134332352835475,0.005996568495772877,0.1108001353991881,-0.23197293819183903,0.0008035002053929929,-0.009929748648573877,-0.040919969251262955,15020,253000000,7.03,0,2,2,-15.076600477239388,-2.956239192975049,4.8521980494483445,-15.076600477239388,-2.956239192975049,4.8521980494483445,253.19345712661743
-12.705806814026612,-4.137447199741401,3.6178747020262745,-13.428915230026487,-1.5633647641128565,4.810495330073867,-0.40208184454170304,-0.007492059551232065,0.018438568786766286,0.9153873925910921,0.024250146437804057,0.1078819670652198,-0.22960701249751297,0.0011083716003668087,-0.008461050765617983,-0.03310026258986909,15020,530000000,6.36,0,2,2,-15.076600477239388,-2.956239192975049,4.8521980494483445,-15.053894727190704,-2.9817098594831055,4.791852486006855,253.57378840446472
-12.715167198351548,-4.214030001786824,3.5544102723452182,-13.411527568508303,-1.5922282462909616,4.747945536952703,-0.3985104616723382,-0.006455564143093085,0.018804756135929232,0.916948263958203,0.04066878957025461,0.10609878471503098,-0.22641933151589083,-0.005546728607441764,-0.005776767284260131,-0.02205208638770273,15020,796000000,5.84,0,2,2,-15.076600477239388,-2.956239192975049,4.8521980494483445,-15.03054994715383,-3.0029098997388677,4.736356036937525,253.95584225654602
-12.725374889521806,-4.293114379395578,3.4938570679927814,-13.39744458837736,-1.624284008647621,4.686191568177497,-0.396383081081365,-0.005573992700751558,0.018480657118700533,0.9178822631199913,0.05496562346929925,0.10642182211680207,-0.22394783048212696,-0.0022720693095834577,-0.00365383384632878,-0.012176499694760423,15021,76000000,5.43,0,2,2,-15.076600477239388,-2.956239192975049,4.8521980494483445,-15.003549712820742,-3.0236617111964454,4.677292336254239,254.3338541984558
-12.725374889521806,-4.293114379395578,3.4938570679927814,-13.386845303003593,-1.6564964920141354,4.629352340502975,-0.39531593633320006,-0.005108806253661946,0.018506431195936847,0.9183445554823405,0.0662900544108648,0.10605153438609541,-0.222472646162803,0.0016604444454060285,-0.002823765657922195,-0.0061228836329974,15021,341000000,5.18,0,2,2,-15.076600477239388,-2.956239192975049,4.8521980494483445,-14.975223194246045,-3.0428858705253212,4.618899096488595,254.7023904323578
-12.736287868369429,-4.3746310295518915,3.4363370350639415,-13.377707209928323,-1.6932603818894731,4.568537642566554,-0.39486658401598695,-0.004860519674654953,0.01884879370731141,0.918532241759546,0.07618395472422093,0.10512932717414272,-0.2208447705485342,0.0014058534475225315,-0.002138072818524961,-0.0008914366901535686,15021,602000000,5.06,0,2,2,-15.076600477239388,-2.956239192975049,4.8521980494483445,-14.948186778557137,-3.059890658447291,4.565135311517939,255.0763862133026
-12.74776331755322,-4.4585030069142375,3.381966011250108,-13.370953467353774,-1.7288402646691217,4.512655887006845,-0.3949893178630201,-0.004757239018872235,0.01922907860964866,0.9184721280402837,0.08356272062287949,0.10388539554306335,-0.21863182481382984,0.006281063997448655,-0.0018919039575848728,0.002634371548992931,15021,878000000,5.01,0,2,2,-14.918628748972795,-3.0777282502949608,4.5075927210767786,-14.918628748972795,-3.0777282502949608,4.5075927210767786,255.46898555755615
-12.759658024525407,-4.544645860202418,3.3308534925573956,-13.364376662377019,-1.7768881132480325,4.440369222328624,-0.3956573336950714,-0.0048990754767598635,0.020380992916462233,0.9181589668900035,0.09170274944657246,0.10123474661472553,-0.21656627674269197,0.007640168678335613,-0.00209490558518155,0.005956510995019926,15022,157000000,5.01,0,2,2,-14.88882746204837,-3.0951907337177658,4.450599462957913,-14.88882746204837,-3.0951907337177658,4.450599462957913,255.90278577804565
-12.759658024525407,-4.544645860202418,3.3308534925573956,-13.358944997378822,-1.825542089945609,4.368734432516232,-0.3971582875924014,-0.004952541778848678,0.020813954970666033,0.9175007063785179,0.08289719412780291,0.10232866347818614,-0.21531827172306678,-0.004573892874759622,0.0025071798290809966,0.018075235311698634,15022,487000000,5.09,0,2,2,-14.88882746204837,-3.0951907337177658,4.450599462957913,-14.85457830505182,-3.1149872031695995,4.386130428398455,256.36514139175415
-12.771828782997277,-4.632967789596851,3.283102412796267,-13.346572026163416,-1.8690558027634208,4.297337330002161,-0.40087844742241885,-0.005669309814421093,0.019951352070987662,0.9158964313004819,0.0470580676325057,0.10805188687057513,-0.21490531524889805,-0.001143312522344786,0.008895327118807472,0.029522965451178607,15022,834000000,5.23,0,2,2,-14.88882746204837,-3.0951907337177658,4.450599462957913,-14.818395193369367,-3.1363888168801317,4.318285115631119,256.79463267326355
-12.784132791792203,-4.7233698248109635,3.238808936286525,-13.327380508910343,-1.8975764541351008,4.238478436066341,-0.4048681867282136,-0.007120998090862184,0.019394480129591697,0.9141416175309496,0.01092929579689586,0.11293236371656815,-0.21560426455958054,0.0045906890136393486,0.011101276686531492,0.031035720894578844,15023,171000000,5.61,0,2,2,-14.88882746204837,-3.0951907337177658,4.450599462957913,-14.7837900154414,-3.159663019940566,4.2509351356913365,257.1685485839844
-12.796428049985627,-4.815746023439489,3.198062264195161,-13.291740614871182,-1.9250810567058627,4.162102998848435,-0.4092150150234704,-0.009378287652152472,0.0195599954968073,0.91218009503399,-0.02685911505359017,0.11810510579385372,-0.21932397442649462,0.007579528255519108,0.00909927066459204,0.018856529277400114,15023,445000000,6.02,0,2,2,-14.88882746204837,-3.0951907337177658,4.450599462957913,-14.759401072033702,-3.183390867107031,4.195681672013726,257.63827109336853
-12.808573747245086,-4.909983689128907,3.1609444548970993,-13.248167512780928,-1.9459857306887012,4.0846873141263735,-0.41078346578285196,-0.010958256254480998,0.020105534971598685,0.9114453512541469,-0.03204096181413003,0.11870654725049512,-0.21992435704498411,0.00493938723593601,0.0015579210412397515,-0.004759638522955356,15023,806000000,6.47,0,2,2,-14.88882746204837,-3.0951907337177658,4.450599462957913,-14.733968260608641,-3.2206470583086175,4.124737549365942,258.1125330924988
-12.820430648300832,-5.005963609060587,3.127530258720525,-13.2171053107978,-1.9646440875615856,4.025188835073907,-0.4092371966761224,-0.01101777111940391,0.020787835989410596,0.9121246578462325,-0.01062030858543891,0.11506741869991004,-0.21571813517121355,0.005350281526261824,-0.0050509956508904,-0.02100760302710114,15024,168000000,6.59,0,2,2,-14.88882746204837,-3.0951907337177658,4.450599462957913,-14.716804626863903,-3.2671363724570224,4.053868618608571,258.47307991981506
-12.831861470496921,-5.103560310182758,3.0978869674096936,-13.192700115543818,-1.988584934806616,3.967374114698335,-0.40567583825814285,-0.01021558959545904,0.021989227881225558,0.9136953703724002,0.020590726634064704,0.10917000503391909,-0.20856448965661953,0.007732291305728722,-0.010208959338342538,-0.03244337895011995,15024,441000000,6.31,0,2,2,-14.88882746204837,-3.0951907337177658,4.450599462957913,-14.71259304900877,-3.313760252031423,3.9982152659061816,258.8525402545929
-12.831861470496921,-5.103560310182758,3.0978869674096936,-13.176225906791737,-2.015492766725648,3.9154629985986857,-0.40167537093977923,-0.009199874104446192,0.023488677093136734,0.915434618498376,0.045094922790160544,0.10432939858699823,-0.20216444304312908,0.009636845607019495,-0.011223409546801122,-0.032576496960246004,15024,725000000,5.75,0,2,2,-14.88882746204837,-3.0951907337177658,4.450599462957913,-14.712754121855227,-3.3655013686393302,3.942532798438497,259.22673869132996
-12.842731253395911,-5.2026423335747065,3.0720742786082926,-13.164160694203437,-2.048668143017929,3.8613904817039315,-0.3979635901557,-0.008187513992452329,0.025209344643630248,0.9170182301719241,0.06685441971536307,0.10013222657259793,-0.195750604783933,0.007510424848078401,-0.009875428258965258,-0.024009642584132962,15024,992000000,5.14,0,2,2,-14.88882746204837,-3.0951907337177658,4.450599462957913,-14.713374573489094,-3.4141010131386946,3.891477273268915,259.60504364967346
-12.852907719435574,-5.303072526274943,3.050144175636353,-13.157229649512843,-2.0825215738187817,3.8128482192597324,-0.3957148011226689,-0.007472474155376696,0.026628599804631323,0.9179569031141322,0.08288211911707027,0.09678656599785555,-0.1901237601357571,0.011975114739470882,-0.00816454557934776,-0.01354950054519577,15025,259000000,4.57,0,2,2,-14.88882746204837,-3.0951907337177658,4.450599462957913,-14.710496944882355,-3.4623814137842257,3.838253671061096,259.98324632644653
-12.86226162466454,-5.404708349855923,3.0321408228027407,-13.153546726183492,-2.121494082908306,3.7621597938006066,-0.3946582772082304,-0.007099473577684224,0.028517477935988453,0.9183578796733447,0.09702562963725252,0.09311761530269302,-0.18504850032271075,0.013043392300460255,-0.007046009750411031,-0.003036374846487888,15025,533000000,4.2,0,2,2,-14.88882746204837,-3.0951907337177658,4.450599462957913,-14.704069252055334,-3.5028966821720675,3.7908014313015848,260.36434507369995
-12.86226162466454,-5.404708349855923,3.0321408228027407,-13.153047509765692,-2.1624925957012553,3.712929656929702,-0.39486338104614793,-0.006935806427082775,0.03044019078666165,0.9182092352415554,0.10854858840292891,0.08974294444856824,-0.1805496151106511,0.013097686769469874,-0.006113256586104399,0.0061269610796443885,15025,804000000,3.95,0,2,2,-14.693674401869504,-3.542798011070581,3.7417230832740267,-14.693674401869504,-3.542798011070581,3.7417230832740267,260.74678111076355
-12.870667098614804,-5.507402204979655,3.018100476464131,-13.155866792931558,-2.21442905008394,3.654935135869891,-0.39650705715228357,-0.006869533090566281,0.03250967215594573,0.9174301523058124,0.11964238476734483,0.08609472615514999,-0.17527552832215937,0.009151253470918164,-0.004847158561460674,0.014331823967950186,15026,87000000,3.84,0,2,2,-14.693674401869504,-3.542798011070581,3.7417230832740267,-14.68047899874553,-3.579909397130879,3.6945392074045347,261.1700847148895
-12.87800197240249,-5.61100177112331,3.0080514120095225,-13.160776907776812,-2.2709310790270707,3.5956828918718156,-0.39965367385604267,-0.006208339648520333,0.03181246035102392,0.9160929891984716,0.11800079366680334,0.08980893872022958,-0.16928101774444163,-0.021780306087748613,0.0023888779651315417,0.02672640111995861,15026,422000000,3.83,0,2,2,-14.693674401869504,-3.542798011070581,3.7417230832740267,-14.661733249175205,-3.6224915598930565,3.639602470051938,261.6616098880768
-12.884148094184555,-5.71535036061986,3.0020138669173706,-13.159953504461399,-2.3257820110279988,3.5383903643548553,-0.4049685953784314,-0.006033539485933317,0.02856068867554088,0.9138644977352337,0.09203840554402351,0.100356923174973,-0.1649274797950965,-0.012649473501369357,0.008749822427489562,0.03884856851072982,15026,790000000,3.96,0,2,2,-14.639614886523965,-3.6654643471501624,3.5841835204881947,-14.639614886523965,-3.6654643471501624,3.5841835204881947,262.1414883136749
-12.888991631137213,-5.8202872861178125,3.0,-13.146169432905717,-2.375415880300724,3.479023847571071,-0.41204780466658397,-0.007274449071823881,0.02628787640060648,0.9107538836669852,0.0529776873125314,0.10882981982782887,-0.16000105456240424,-0.0047458279823331395,0.009617747582524316,0.04076534169143997,15027,140000000,4.38,0,2,2,-14.639614886523965,-3.6654643471501624,3.5841835204881947,-14.616183445362365,-3.7075050901896405,3.531436251256597,262.6512062549591
-12.892423357163015,-5.92564824052489,3.0020138669173706,-13.127078238412116,-2.4080783304220748,3.4337516766205765,-0.4174257551756722,-0.008364241876859434,0.02495956116651815,0.9083296751071277,0.026844849561388728,0.11408315853256279,-0.15500162024247888,-0.0075624341661750805,0.009163770209852373,0.03700885717989877,15027,535000000,5.08,0,2,2,-14.639614886523965,-3.6654643471501624,3.5841835204881947,-14.59081236685782,-3.751858991782224,3.478718868226651,263.03147435188293
-12.894338925575825,-6.03126568846405,3.0080514120095216,-13.101436267269248,-2.4358760988707475,3.38977751980741,-0.42191849295942885,-0.00931179846842735,0.023569519569063557,0.9062795117707401,0.0043365163851625714,0.1206478370127186,-0.15119893043851765,-0.003293801000836538,0.007735785675322404,0.025793761233217083,15027,834000000,5.67,0,2,2,-14.639614886523965,-3.6654643471501624,3.5841835204881947,-14.570517999944892,-3.786990758491784,3.4392790935070523,263.4185299873352
-12.894639126058248,-6.136969268236469,3.01810047646413,-13.052008934324755,-2.471897492264237,3.3241005337851233,-0.4248196316045737,-0.010527529769737521,0.022744086740062324,0.904931024022639,-0.019804181381957185,0.12952208181384642,-0.14765367817462038,0.0005634736453430378,0.004417812124302145,0.003541903674886271,15028,127000000,6.18,0,2,2,-14.639614886523965,-3.6654643471501624,3.5841835204881947,-14.55006364852698,-3.8225075285893113,3.4017509300377995,263.9596645832062
-12.894639126058248,-6.136969268236469,3.01810047646413,-13.006261856706136,-2.499248220695653,3.271370302489477,-0.42421667615633685,-0.010995573616631893,0.0226119609477122,0.9052115820369346,-0.011199600262990802,0.1313658919582984,-0.14169712140973498,2.9973613102640684e-05,-0.0008071430215750297,-0.01487059416831471,15028,591000000,6.54,0,2,2,-14.639614886523965,-3.6654643471501624,3.5841835204881947,-14.518791675781515,-3.8778314704305474,3.347873927399643,264.4271399974823
-12.893230125232524,-6.242586203254562,3.0321408228027398,-12.978883283232186,-2.522154260641105,3.2371692209248106,-0.42192689770977354,-0.010610795282584492,0.02267916084781288,0.9062840391818209,0.014356872060605593,0.12891142250234283,-0.1341718240445438,-0.0032526865197723964,-0.004526794737103046,-0.025154006470984314,15028,964000000,6.52,0,2,2,-14.49330636224254,-3.9245639298786217,3.3067118256004187,-14.49330636224254,-3.9245639298786217,3.3067118256004187,264.782021522522
-12.890023690234493,-6.3479417218801215,3.050144175636352,-12.95708725142316,-2.553693983913038,3.2030830146923113,-0.4181095306727114,-0.009553780421273023,0.022860013302142733,0.9080586795092775,0.054019564742562656,0.12338219918062816,-0.12261781328827573,0.0028447514296203735,-0.008266278928203974,-0.032964620186248794,15029,234000000,6.26,0,2,2,-14.49330636224254,-3.9245639298786217,3.3067118256004187,-14.47619503258741,-3.957316201366892,3.280337307352948,265.1338188648224
-12.884937394730386,-6.452859484576475,3.0720742786082917,-12.944183835204782,-2.589150317461134,3.1742564053497473,-0.41424568819044405,-0.008428740161952507,0.02340250375162702,0.9098251419767772,0.08494319734107914,0.11967477257151378,-0.11222644684303455,-0.008930913372751093,-0.008332188008353114,-0.02878090599551797,15029,508000000,5.78,0,2,2,-14.49330636224254,-3.9245639298786217,3.3067118256004187,-14.458084462461784,-3.9933699115195274,3.253624845163555,265.4879729747772
-12.877894806867692,-6.557162017261522,3.0978869674096923,-12.93586499002278,-2.640016687616086,3.142520985090734,-0.41138444344838976,-0.006757612277998851,0.022676420217138546,0.9111547367659867,0.11628123131342208,0.11935552447155393,-0.09946070923549191,-0.007175756400101818,-0.0063615550516260555,-0.010194942115049344,15029,756000000,5.36,0,2,2,-14.49330636224254,-3.9245639298786217,3.3067118256004187,-14.442790646531725,-4.024744922648124,3.2321184603395525,265.9316086769104
-12.877894806867692,-6.557162017261522,3.0978869674096923,-12.933186732699289,-2.7079979572420085,3.1097500319773816,-0.4112939582577721,-0.0054353004000142445,0.02214200310014245,0.9112175750658722,0.13418120787645987,0.1205981296973502,-0.08720433189094488,-0.0035379510109123657,-0.0034968054706041585,0.011387230006221216,15030,95000000,4.87,0,2,2,-14.49330636224254,-3.9245639298786217,3.3067118256004187,-14.42125734914534,-4.069987425392529,3.2039211920264,266.4436106681824
-12.868825658704356,-6.660671149728165,3.1275302587205234,-12.930761376417589,-2.77004569814065,3.083694251730101,-0.4144432518758278,-0.005044972293031715,0.02174285067267261,0.9098014001274,0.11954054336807199,0.1250517179069784,-0.08087268746241107,-0.0027416540433478076,0.0017224648900082684,0.03390126548765693,15030,468000000,4.78,0,2,2,-14.49330636224254,-3.9245639298786217,3.3067118256004187,-14.397416762733785,-4.121961271680733,3.175731935815937,266.9001262187958
-12.857665996714566,-6.763208457982669,3.160944454897098,-12.922180451837047,-2.8164195553396687,3.063232282022802,-0.4196327951951143,-0.005488531433538998,0.02131247670127346,0.9074271163880304,0.09099871009922932,0.13086565033057931,-0.07859558421475711,0.0009087914975225431,0.004121968186154845,0.04635002987924963,15030,808000000,5.12,0,2,2,-14.49330636224254,-3.9245639298786217,3.3067118256004187,-14.376404022760346,-4.169555796148443,3.1534582508268003,267.2709548473358
-12.844358313024607,-6.864595709337353,3.1980622641951624,-12.906641536364798,-2.8577223300641625,3.0432758874058177,-0.42580379117399153,-0.006269068162754107,0.021221021787587002,0.9045449123401872,0.06501745049750837,0.13717923852942124,-0.07683593643973942,0.00320134308822162,0.0040555499708716525,0.04751522792503238,15031,79000000,5.76,0,2,2,-14.49330636224254,-3.9245639298786217,3.3067118256004187,-14.359292874730187,-4.209504747235454,3.1372254463358953,267.63829231262207
-12.828851657088071,-6.964655309084123,3.238808936286523,-12.885225942622423,-2.895078791641291,3.023903567612707,-0.4313735374529506,-0.007071719706538544,0.021399384083905404,0.9018918606609938,0.04592132922837656,0.14350919352994734,-0.07478666184323514,0.004761957052323851,0.0031583249210598296,0.03804260522883851,15031,364000000,6.56,0,2,2,-14.49330636224254,-3.9245639298786217,3.3067118256004187,-14.342343079167621,-4.250166578749998,3.122974085834582,267.9973900318146
-12.81110172756657,-7.0632107475678865,3.2831024127962687,-12.861188625313503,-2.927333392209948,3.0065334401744037,-0.43511548905992614,-0.007750513795294603,0.0217760499943448,0.9000779101626114,0.03301789855428861,0.1492249289568851,-0.07261896535502375,0.006136267029432929,0.002244656025141012,0.024797469268378336,15031,643000000,7.32,0,2,2,-14.49330636224254,-3.9245639298786217,3.3067118256004187,-14.32552939628286,-4.291387533394272,3.110598730274614,268.3590507507324
-12.791070944239198,-7.160087046474805,3.3308534925573934,-12.827416256470705,-2.965039132422602,2.9861905252741043,-0.4374160748473815,-0.008484058551000696,0.022516794522975538,0.898937257087514,0.02208195729873804,0.15593655837368317,-0.06919435249758021,0.006939387958482257,0.0012278282724764722,0.007507685040764045,15031,916000000,7.8,0,2,2,-14.308833233514227,-4.333248699768444,3.1001691196515027,-14.308833233514227,-4.333248699768444,3.1001691196515027,268.75235509872437
-12.791070944239198,-7.160087046474805,3.3308534925573934,-12.795707062539137,-2.9975966923782877,2.9696944877588707,-0.4374880820836362,-0.008889476510532908,0.023219515961590914,0.8988804199228391,0.03164913071362019,0.15600149418045262,-0.06185435093837967,0.004121509027754655,-0.0022131031983008143,-0.011348811585776275,15032,221000000,8.33,0,2,2,-14.291100441324764,-4.37880389324724,3.0911745598163525,-14.291100441324764,-4.37880389324724,3.0911745598163525,269.10815954208374
-12.768728499821618,-7.255111203149934,3.381966011250106,-12.77103674493614,-3.0357264711803063,2.9567348848982857,-0.4348010044766709,-0.008454572568596639,0.02388114533787262,0.9001701492529685,0.0713248598800239,0.14627804930810714,-0.04700825141567659,0.0019057668055211252,-0.005347510568753933,-0.02878642553696409,15032,504000000,8.5,0,2,2,-14.291100441324764,-4.37880389324724,3.0911745598163525,-14.2746296666462,-4.4218340516157175,3.0847225148198354,269.46743750572205
-12.744050391633543,-7.348112631760661,3.4363370350639393,-12.754740615618534,-3.0841752059141285,2.947337206243267,-0.430655427161156,-0.007478854402913831,0.023874498067590722,0.9021695949961308,0.11001231110805496,0.1385158697419549,-0.03149380403734385,-0.01111186893467675,-0.003993474001617869,-0.026362242351751775,15032,778000000,8.28,0,2,2,-14.291100441324764,-4.37880389324724,3.0911745598163525,-14.258175579776376,-4.465443780020247,3.0803220712860564,269.8826313018799
-12.744050391633543,-7.348112631760661,3.4363370350639393,-12.746477747346313,-3.1394241020726055,2.9424371588887994,-0.42808696184455414,-0.006340333607345655,0.0226621746174167,0.9034311147564358,0.13304213063310089,0.13624157403322576,-0.017305129350884282,-0.010272358667862136,-0.00203463039269991,-0.006559514031323488,15033,88000000,7.84,0,2,2,-14.291100441324764,-4.37880389324724,3.0911745598163525,-14.240554191709935,-4.512901565655638,3.0780127588069117,270.3662121295929
-12.71701943311114,-7.4389236001286365,3.493857067992779,-12.738662102241156,-3.203796447021715,2.94120309247804,-0.4292760845735073,-0.005557436317576811,0.02125635644031459,0.9029060446279542,0.1208686466027024,0.14004395064246608,-0.0060311521568419,-0.008982994040707126,0.0013417582181318721,0.025986175933212508,15033,396000000,7.47,0,2,2,-14.291100441324764,-4.37880389324724,3.0911745598163525,-14.221731655456953,-4.564238304371189,3.0781219337538905,270.7940945625305
-12.687625245218829,-7.527379661061074,3.5544102723452156,-12.727340285991847,-3.2488848760649147,2.9422157950049868,-0.4333838938700194,-0.005456415463891311,0.020154572000488605,0.9009674918063482,0.09570200760572138,0.1455900852861243,-4.994894662144735e-05,-0.007278054408743628,0.0024452643174299737,0.04236665663484018,15033,720000000,7.69,0,2,2,-14.291100441324764,-4.37880389324724,3.0911745598163525,-14.202852308952446,-4.616212514646823,3.080920827782814,271.1667332649231
-12.655864227872215,-7.613320077025024,3.617874702026272,-12.707542649393044,-3.2959330803126985,2.9452789788609084,-0.4397211453843045,-0.005458017789290297,0.019083415466023906,0.8979150002076354,0.07135958358401971,0.15270853260579872,0.007323947179461947,-0.006095966682551079,0.0018357718090555863,0.04688067128881812,15033,996000000,8.11,0,2,2,-14.291100441324764,-4.37880389324724,3.0911745598163525,-14.186208489489465,-4.662272662837911,3.0857046870410576,271.5362765789032
-12.62173951154128,-7.696588237022761,3.6841225481205733,-12.683538488516529,-3.3362793260351644,2.950180846572376,-0.44524701133627664,-0.005432499087360027,0.01826375446940121,0.8952050168103732,0.05500080467212677,0.15967529900217242,0.014880450300990356,-0.004773257387569174,0.001495306491960946,0.038332661642925814,15034,286000000,8.97,0,2,2,-14.291100441324764,-4.37880389324724,3.0911745598163525,-14.16944946659652,-4.708710311449195,3.0925216321406452,271.902480840683
-12.585260889259121,-7.777032064545336,3.753020396282529,-12.655268520442338,-3.3744369063550996,2.9572937186918424,-0.44925195666561657,-0.005423010711972563,0.01759585976097081,0.893215346994332,0.0436102198452102,0.16683032024451144,0.023304395510325565,-0.004008433324997895,0.0015542305277449486,0.02396258005319396,15034,566000000,9.66,0,2,2,-14.15246947500322,-4.755545012322099,3.1014598716768202,-14.15246947500322,-4.755545012322099,3.1014598716768202,272.26940989494324
-12.585260889259121,-7.777032064545336,3.753020396282529,-12.624189363086943,-3.411810913530165,2.966957403899467,-0.4511635439355187,-0.005379379582473344,0.01699266682449622,0.8922632841112778,0.050537763292318606,0.1689816063373925,0.03388992846094278,-0.004570948476612102,0.0004028010238243951,0.00041311140464017626,15034,855000000,10.2,0,2,2,-14.135207331212813,-4.802854606244169,3.112643535987301,-14.135207331212813,-4.802854606244169,3.112643535987301,272.62774753570557
-12.546444729317436,-7.854504415502291,3.8244294954150524,-12.601008914378308,-3.451790511594754,2.979104727194932,-0.4496654612784986,-0.005042742297757398,0.016492641070246436,0.8930305350176114,0.08934926127636464,0.16051158854991995,0.0466043023058177,-0.005082512234366732,-0.0004369929882841461,-0.022068150428822264,15035,134000000,10.51,0,2,2,-14.135207331212813,-4.802854606244169,3.112643535987301,-14.117659772296319,-4.8505788471580455,3.1260181682017034,272.96340131759644
-12.505313868984805,-7.928863465050148,3.8982060370957905,-12.583731262275261,-3.505831535949156,2.9968667941134304,-0.44614816871003615,-0.004617180989817357,0.01575342057720383,0.8948085398209529,0.12817317548728308,0.1521393809905857,0.05984227872972912,-0.007001765516179148,0.0006604449424685299,-0.02344621989323059,15035,381000000,10.38,0,2,2,-14.135207331212813,-4.802854606244169,3.112643535987301,-14.101132728822842,-4.895147315874493,3.140187235228788,273.36814975738525
-12.505313868984805,-7.928863465050148,3.8982060370957905,-12.574012737471751,-3.5708609074431346,3.019942222710131,-0.44381707288523176,-0.004203396857602987,0.01465789064964704,0.8959876581249013,0.15265689001112112,0.14780914098521414,0.0728216806580517,-0.00839537606225349,0.0006664551392532303,-0.003450944177529891,15035,693000000,9.99,0,2,2,-14.081725698750558,-4.946910644522602,3.1587127698330435,-14.081725698750558,-4.946910644522602,3.1587127698330435,273.79005551338196
-12.461897489637368,-7.99997308226976,3.9742014451881857,-12.566564420649192,-3.6471421982830647,3.0502094329133036,-0.4452134276549966,-0.0035734510843002075,0.013226897211954167,0.8953196543543436,0.15877268014375517,0.1460509150187041,0.0841328531385687,-0.009366159883938963,-0.00021386615003393672,0.02031912972597638,15036,5000000,9.7,0,2,2,-14.060605972361083,-5.002417174005922,3.18092267682932,-14.060605972361083,-5.002417174005922,3.18092267682932,274.27767300605774
-12.416230973744334,-8.067703191672502,4.052262675053997,-12.559047310961173,-3.7230717764728354,3.0836683896192434,-0.4500311540221913,-0.0028135471919011083,0.011706149460703374,0.8929316941549656,0.14794752231752203,0.1463225764593969,0.09222322421479595,-0.010245209341519512,-0.0006704941881707782,0.0437150079960702,15036,363000000,9.81,0,2,2,-14.036310691384244,-5.0650760834277175,3.208714074641476,-14.036310691384244,-5.0650760834277175,3.208714074641476,274.7295308113098
-12.3683557442016,-8.131930120548828,4.132232521764882,-12.545031968684054,-3.793059971805363,3.119554766107389,-0.458227541543566,-0.001975306057489137,0.01014214786697427,0.888774861915864,0.1198281447062313,0.1501943411315481,0.09911035989154801,-0.010234124783892184,-0.0007121403598375764,0.05667111690854654,15036,724000000,10.28,0,2,2,-14.036310691384244,-5.0650760834277175,3.208714074641476,-14.01137030308229,-5.127954255633194,3.2396239846389268,275.22536969184875
-12.318319086556812,-8.192536931208004,4.213949936692147,-12.527679180603917,-3.8417078718236555,3.1490029498920586,-0.4654285482112795,-0.0013570875928758963,0.009009507825653074,0.8850385605113176,0.09531861477215985,0.15488585813589578,0.10448250865641331,-0.009081311418412952,-0.0005701125758150738,0.05742016510339454,15037,92000000,11.16,0,2,2,-14.036310691384244,-5.0650760834277175,3.208714074641476,-13.985873261153012,-5.190862165118234,3.2732115819743814,275.60954999923706
-12.266173954716844,-8.249413737196672,4.297250351837313,-12.504235711085308,-3.8852444703477937,3.1800236099035284,-0.47222018056243165,-0.0007964757619603135,0.007945683555264023,0.8814444581530844,0.07198302832614764,0.16166787919372913,0.11130396939241934,-0.009429139026906341,-3.565212534084594e-05,0.04905483656330034,15037,369000000,11.96,0,2,2,-14.036310691384244,-5.0650760834277175,3.208714074641476,-13.96560699216019,-5.239867646467773,3.3013801366314772,275.9928867816925
-12.211978760775317,-8.302458002624428,4.3819660112501,-12.473144863295055,-3.927693847553996,3.2155570997946716,-0.47774715302193116,-0.00024000037736931048,0.006727597219001853,0.8784715929470442,0.05436502783628601,0.16995582661029113,0.12053315073965346,-0.00928858962652157,0.0007417285189603717,0.0335519747750368,15037,655000000,12.72,0,2,2,-14.036310691384244,-5.0650760834277175,3.208714074641476,-13.944939490667657,-5.288950687133959,3.331490623108873,276.3670153617859
-12.155797149641744,-8.35157482376831,4.467926308866648,-12.442164526710716,-3.9623801203322624,3.2486433687568415,-0.48087669472242456,0.00018901965399969805,0.0056361875663783565,0.8767700965099818,0.0440241539643834,0.17726021450347793,0.129584166367684,-0.009780367872735951,0.0013975052979731117,0.02044479624601081,15037,946000000,13.35,0,2,2,-14.036310691384244,-5.0650760834277175,3.208714074641476,-13.922351167502553,-5.341554254501517,3.365550491549001,276.7437787055969
-12.155797149641744,-8.35157482376831,4.467926308866648,-12.405436988657106,-3.9986658972290727,3.28698168311523,-0.4824677463162491,0.0006119807045721476,0.004319363386603334,0.875902872665726,0.03670243949289474,0.1851768912942402,0.14078066083283675,-0.010705859949666774,0.0023404434159601806,0.0053220262088871095,15038,210000000,13.72,0,2,2,-13.902433623187617,-5.387116905709177,3.3964435515583276,-13.902433623187617,-5.387116905709177,3.3964435515583276,277.12404680252075
-12.097697759196603,-8.396677192173357,4.554958132087373,-12.36655769037099,-4.035244085579412,3.3283945959285752,-0.48215318353700154,0.0009073050981032896,0.003035346515027353,0.8760812011874967,0.04863156407599233,0.18601203768612137,0.1510506156582486,-0.0050755529173329705,0.002754886168077064,-0.015740560775157064,15038,488000000,13.93,0,2,2,-13.902433623187617,-5.387116905709177,3.3964435515583276,-13.880609027277751,-5.436131788054245,3.4312567519962056,277.501900434494
-12.03775396673645,-8.437686238514564,4.642886210402724,-12.337058026599221,-4.075659619807161,3.3687116247729256,-0.47919091843080064,0.0007047670410325853,0.0025300500949247545,0.8777067652942984,0.09042998035958393,0.17424837987747438,0.1567961471844215,0.003117932965324144,0.0037877842487432645,-0.030536313533957582,15038,757000000,13.93,0,2,2,-13.902433623187617,-5.387116905709177,3.3964435515583276,-13.858305888717004,-5.485014418133181,3.4677974213830964,277.88364481925964
-11.976043622511344,-8.47453145653513,4.731533468364691,-12.311982796190282,-4.1351212894427345,3.420298258581177,-0.47488371046548034,-0.00011097742446114218,0.0025604681195331635,0.880044824552453,0.13330515303282026,0.16230295949028173,0.16345824186290211,0.001405033594892302,0.005025327982366434,-0.029062790963507723,15039,36000000,13.51,0,2,2,-13.902433623187617,-5.387116905709177,3.3964435515583276,-13.835586501562704,-5.533679087758638,3.5057707590113916,278.2927038669586
-11.976043622511344,-8.47453145653513,4.731533468364691,-12.298112059236423,-4.194087542247447,3.467198767718184,-0.47163283025988034,-0.0007627629326981759,0.002248400618623049,0.8817918327521644,0.16065358438850036,0.1553922506680034,0.16958632014375175,-0.0023981749791346374,0.004784200609719846,-0.02064112832158571,15039,337000000,13.08,0,2,2,-13.810758096923141,-5.585588226237238,3.5480338078177507,-13.810758096923141,-5.585588226237238,3.5480338078177507,278.68561482429504
-11.912648771192371,-8.50715090642781,4.820721382193131,-12.287229696210195,-4.275927049170695,3.529854677188719,-0.46987982608192874,-0.0010188580519579153,0.0012526029521708725,0.8827289175932382,0.17762668315949656,0.1506927899210318,0.17623875960891847,-0.006684057188977022,0.002508496959308104,0.002166504748402076,15039,628000000,12.68,0,2,2,-13.810758096923141,-5.585588226237238,3.5480338078177507,-13.787081712815775,-5.633752168383886,3.5891792696077447,279.15760946273804
-11.847655362139955,-8.535491397079774,4.910270339298972,-12.276648918351565,-4.362741872479634,3.597848755626822,-0.47281057047485475,-0.0005273771937206049,-4.722075496671195e-05,0.881163937125628,0.15928859082283792,0.15328271505317453,0.18149989151479035,-0.008206084294215543,-0.0014901752706464322,0.0398458018025849,15039,979000000,12.46,0,2,2,-13.810758096923141,-5.585588226237238,3.5480338078177507,-13.7558138408895,-5.695187417795825,3.644510356215164,279.6733615398407
-11.781152949374528,-8.559508646656381,4.999999999999998,-12.256731271974248,-4.435871636908622,3.6641161429078397,-0.48089001172975837,0.0007259033281710361,-0.001264373016210328,0.876779716373381,0.11767403797184126,0.16229544030817988,0.18765292087120844,-0.01108748701881268,-0.004001373145001708,0.06127861051936634,15040,365000000,12.79,0,2,2,-13.721899829713356,-5.759309927027277,3.7051923341304573,-13.721899829713356,-5.759309927027277,3.7051923341304573,280.12852334976196
-11.713234382178594,-8.57916742105615,5.089729660701032,-12.225472211419703,-4.493921058392809,3.728728769855699,-0.4901627006855469,0.002362233325288402,-0.002645871663386413,0.8716237411139676,0.07798301644870116,0.1715143223419559,0.19316556674187652,-0.013260628475109115,-0.00386089454877947,0.057190610823454335,15040,722000000,13.78,0,2,2,-13.688679741597449,-5.81922957577257,3.7649371824892244,-13.688679741597449,-5.81922957577257,3.7649371824892244,280.56106972694397
-11.64399548728488,-8.594441649827006,5.179278617806865,-12.192275256021162,-4.534520326184004,3.782900052617229,-0.496531989605641,0.0035800565750058982,-0.0036935080907135533,0.8680031823047465,0.05229209410924547,0.17703141747833412,0.19646252737601114,-0.006482153594333795,-0.0032827063478180207,0.04498443231568672,15041,66000000,14.95,0,2,2,-13.688679741597449,-5.81922957577257,3.7649371824892244,-13.656429007307299,-5.874991555733419,3.822944500104951,280.9244840145111
-11.573534743627139,-8.605314519193234,5.268466531635313,-12.148307847435627,-4.574762992413419,3.8458701462928997,-0.501523496573504,0.004425725728238478,-0.004192131053507131,0.865122547026544,0.031025455234917516,0.18260518269522708,0.20143353479874931,-0.004086563649252639,-0.0019698421738212346,0.025226708930858877,15041,352000000,15.76,0,2,2,-13.629175178691414,-5.920258839096568,3.871924900455361,-13.629175178691414,-5.920258839096568,3.871924900455361,281.3210027217865
-11.573534743627139,-8.605314519193234,5.268466531635313,-12.105981035484506,-4.606475483233622,3.9024633554392576,-0.50363569010437,0.004882976949854798,-0.004567333397767636,0.8638902636647988,0.021348872024308987,0.1860053908641151,0.20663712159215372,-0.0037934293004582287,-0.0001573758815709425,0.006706760723318439,15041,671000000,16.4,0,2,2,-13.629175178691414,-5.920258839096568,3.871924900455361,-13.597244630294513,-5.971339396533369,3.929418941509327,281.69445037841797
-11.501952950650319,-8.611778541902554,5.357113789597271,-12.06329271177595,-4.6379665269613914,3.9601691733092,-0.5031207048833686,0.0049022904560174965,-0.004891570929390016,0.864188403300918,0.03503647849037198,0.18185655152583818,0.2095644675304244,0.0031586550903739408,0.002153835748686106,-0.01816939675336471,15041,956000000,16.67,0,2,2,-13.56891599191271,-6.015685973053999,3.9809551147576654,-13.56891599191271,-6.015685973053999,3.9809551147576654,282.05044889450073
-11.429352891192822,-8.613835603663967,5.4450418679126305,-12.028063029881444,-4.676653072988669,4.018353559158702,-0.4995187469171536,0.004180416797705959,-0.004728300470997547,0.8662800867897,0.07846974733455503,0.16940393007226268,0.21033120925566068,0.004009816757388762,0.005177816819923464,-0.036858918974758126,15042,236000000,16.52,0,2,2,-13.56891599191271,-6.015685973053999,3.9809551147576654,-13.53841146749799,-6.062926618602559,4.036991532300325,282.4094841480255
-11.355838989967928,-8.61149698600856,5.532073691133348,-12.003278294225067,-4.720220939494209,4.0727202731267065,-0.49508349459284945,0.0031681190268719106,-0.004665620024737465,0.8688270992512539,0.11216400355467489,0.16037080917351057,0.21148218071119151,0.0060198872233740985,0.006780566764064133,-0.03872998240694869,15042,514000000,16.15,0,2,2,-13.56891599191271,-6.015685973053999,3.9809551147576654,-13.51169086939614,-6.103495833492418,4.086290161952103,282.75597286224365
-11.355838989967928,-8.61149698600856,5.532073691133348,-11.979809987753022,-4.785518244560076,4.144410166773705,-0.49018143689365723,0.001855830974916844,-0.004656453078201641,0.8716060074718348,0.1422032428989885,0.1524907177113437,0.21383849866237079,0.0005851409412116482,0.0056844465689209756,-0.0249050666752737,15042,766000000,15.59,0,2,2,-13.56891599191271,-6.015685973053999,3.9809551147576654,-13.484580107526822,-6.143601271474578,4.136373005746816,283.20603013038635
-11.28151696868165,-8.604783365467831,5.61803398874989,-11.962779708886334,-4.856701019739777,4.216946964696679,-0.48758155440018736,0.0011904925032030882,-0.005170814213862566,0.873061322712593,0.15752690424964466,0.14842037040887318,0.21609035587106717,-0.0027248211608821293,0.003431436857681547,-0.007827848457964137,15043,102000000,14.98,0,2,2,-13.448515284704975,-6.195148749273172,4.20287184942985,-13.448515284704975,-6.195148749273172,4.20287184942985,283.703896522522
-11.206493498832378,-8.593724789026602,5.702749648162683,-11.943405961577353,-4.9409777038758635,4.302945679861612,-0.4884970235447947,0.001730115523145947,-0.006859552282203404,0.872536882447178,0.13389727341792415,0.15413812760365336,0.2189619284889594,-0.0153652759763645,-0.000624922489578239,0.02482026357029099,15043,454000000,14.67,0,2,2,-13.448515284704975,-6.195148749273172,4.20287184942985,-13.411732743048974,-6.245595512895928,4.270213865377128,284.1846022605896
-11.13087585324229,-8.578360625870383,5.786050063307842,-11.91981018626953,-4.995844579433818,4.368226356290139,-0.4928421927196734,0.0029659009616185778,-0.00825488953386281,0.8700744987100437,0.09449831709013666,0.16351662703671746,0.2223304632977007,-0.0071684126396576175,-0.004471290958463214,0.04360129860287998,15043,843000000,14.83,0,2,2,-13.448515284704975,-6.195148749273172,4.20287184942985,-13.367218721310392,-6.303247335752229,4.350653005631535,284.5780699253082
-11.054771557371982,-8.558739495509858,5.867767478235114,-11.891392847946822,-5.035685823271526,4.425684766930519,-0.49832447389625645,0.0041530422558987215,-0.008686392824867656,0.8669371473963565,0.05988219046363217,0.17230365324445754,0.2266028242128224,-0.008824114502203884,-0.006395031869033119,0.048348994823754765,15044,140000000,15.44,0,2,2,-13.448515284704975,-6.195148749273172,4.20287184942985,-13.333178667544487,-6.345417268483785,4.411497818949032,284.937242269516
-10.978288041468776,-8.534919172427735,5.947737324945993,-11.835159943887543,-5.085645140139741,4.516880386838854,-0.5052140638614067,0.006206624916879141,-0.009715822191905995,0.8629170471620773,0.021592274502127286,0.18579838219306832,0.2376102858884015,-0.010461275178386131,-0.004609594952853513,0.027870411759067792,15044,414000000,16.2,0,2,2,-13.448515284704975,-6.195148749273172,4.20287184942985,-13.303286354603514,-6.381282787116914,4.4647472185287205,285.4571793079376
-10.978288041468776,-8.534919172427735,5.947737324945993,-11.785406525638784,-5.117150107430058,4.588066760050362,-0.5078847678651439,0.00750238501551111,-0.01068020997835099,0.8613261344603831,0.005937550277115658,0.19309706485322137,0.24597471841776491,-0.009440356279810658,-0.00228772439641034,0.008478112158627482,15044,810000000,17.2,0,2,2,-13.256758340057042,-6.435473591357519,4.547851667858919,-13.256758340057042,-6.435473591357519,4.547851667858919,285.8457098007202
-10.901532294594322,-8.506966467455548,6.025798554811811,-11.7189841714776,-5.155248184420202,4.680694228272921,-0.5069341838499556,0.008372399410170452,-0.012104984423887518,0.8618590984172491,0.0029006695247612998,0.1939578831715217,0.24906929713214376,-0.00788634106356767,0.002021378713834565,-0.019736645299417432,15045,116000000,17.63,0,2,2,-13.256758340057042,-6.435473591357519,4.547851667858919,-13.228883385222424,-6.4838386218751864,4.611687531639966,286.30317425727844
-10.824610521570174,-8.474957086149745,6.101793962904201,-11.658278178199442,-5.192562222373925,4.767417213360003,-0.5025641959987153,0.007842217944249602,-0.012266284018817514,0.864417298990626,0.023713889969753415,0.18362671501011435,0.24339263252599067,0.010762619240267668,0.003020907115569571,-0.037664923002012074,15045,480000000,17.59,0,2,2,-13.256758340057042,-6.435473591357519,4.547851667858919,-13.202440374523745,-6.55499929460875,4.694564162709829,286.7778744697571
-10.747627803869088,-8.438975464497581,6.175570504584945,-11.621645135292358,-5.225057005399398,4.828684447430232,-0.49798384479696134,0.006738026524728312,-0.01146515570552909,0.8670843324178079,0.05228807862711869,0.172534915359727,0.2380821060795074,0.006600401593459537,0.004449331390787847,-0.04309919931984041,15045,842000000,17.09,0,2,2,-13.256758340057042,-6.435473591357519,4.547851667858919,-13.177732794976365,-6.622466434741879,4.773924091254084,287.1552574634552
-10.670687765466973,-8.399114582343575,6.246979603717463,-11.591882856635024,-5.263132259230145,4.888743647656015,-0.4930451160741303,0.005752264980825679,-0.011256387321555721,0.869911902842756,0.08063972939865857,0.16264336092549384,0.2331242381321504,9.653544701393457e-05,0.0057317037317261565,-0.04228694560879376,15046,106000000,16.53,0,2,2,-13.256758340057042,-6.435473591357519,4.547851667858919,-13.156740092560346,-6.667142544345428,4.831122898287869,287.54546642303467
-10.593892244653583,-8.355475754986642,6.315877451879423,-11.564401893621492,-5.312778152693018,4.9566894560716745,-0.4880262388491089,0.004995212820201742,-0.011857675941013304,0.872734113900076,0.10364446943984802,0.15514725277827687,0.22886228507705142,-0.004149635742578539,0.005594172216660809,-0.03318694834888447,15046,372000000,15.93,0,2,2,-13.256758340057042,-6.435473591357519,4.547851667858919,-13.13237183659382,-6.707307002451868,4.887647123066321,287.9223985671997
-10.517340972781431,-8.308168403456124,6.38212529797373,-11.54320315411963,-5.362865686142762,5.019111935077561,-0.4845372223624831,0.004626506740179402,-0.012776924289781184,0.8746650934994065,0.11705757776706419,0.15101913627426716,0.2262897452188767,-0.006868770287837833,0.004467994949663989,-0.02305196157976752,15046,660000000,15.36,0,2,2,-13.256758340057042,-6.435473591357519,4.547851667858919,-13.100587530364615,-6.748562964224417,4.951857991923367,288.29689383506775
-10.517340972781431,-8.308168403456124,6.38212529797373,-11.525807723677786,-5.411360987070315,5.076476825807488,-0.4824141261594814,0.004596548142011467,-0.013837660658849185,0.8758219007163799,0.12402603399773449,0.14888125462639837,0.224793564793423,-0.009982435494748643,0.0033637813430686947,-0.014178286619426217,15046,936000000,15.1,0,2,2,-13.256758340057042,-6.435473591357519,4.547851667858919,-13.070344401721627,-6.780551623800677,5.006869831063508,288.6640338897705
-10.441131260909902,-8.257309804031784,6.445589727654782,-11.50587775363328,-5.472311968132998,5.1464563055530395,-0.481062908136239,0.0048796363272495084,-0.015309257657026634,0.8765388149961237,0.12755216199663158,0.147165678367897,0.22283724625329385,-0.008241098657890689,0.0020438605588424252,-0.005569849827224971,15047,206000000,14.84,0,2,2,-13.035507402420588,-6.811764821629212,5.065718360247511,-13.035507402420588,-6.811764821629212,5.065718360247511,289.09635066986084
-10.365357695277192,-8.203024817628188,6.506142932007223,-11.486567900721594,-5.533632680049959,5.21550250810812,-0.4807071770684269,0.005408081723977337,-0.016846694355473264,0.8767026585201302,0.12574869065786665,0.14705891953957664,0.22071096159660453,-0.014511156496155309,0.0017329519323538989,0.0017038937016877753,15047,524000000,14.83,0,2,2,-13.035507402420588,-6.811764821629212,5.065718360247511,-12.993380369827099,-6.844037858512377,5.132741536692465,289.55285358428955
-10.290111842505238,-8.145445599717654,6.563662964936058,-11.463742412834295,-5.596635913273802,5.2882201559809605,-0.4819058269477314,0.005693064503053091,-0.017418550516101906,0.8760313676280689,0.10482602099052893,0.15009432964726654,0.2200276647626882,0.010183219910686603,-0.0033785588584578363,0.019660498219309375,15047,841000000,14.98,0,2,2,-13.035507402420588,-6.811764821629212,5.065718360247511,-12.949503554108531,-6.873580759439971,5.199340895490286,290.0133945941925
-10.215481965412536,-8.08471129151785,6.618033988749896,-11.433139187375595,-5.650515984750582,5.361178333424955,-0.48597564799635085,0.006029340090129909,-0.01583764158640999,0.8738080371120334,0.060197583244187024,0.1577865541774641,0.2224031417633045,0.0037131410635993234,-0.00746104901736544,0.03523840423440561,15048,186000000,15.37,0,2,2,-13.035507402420588,-6.811764821629212,5.065718360247511,-12.901418752646638,-6.902491019318486,5.269606884552931,290.4839150905609
-10.141552750277675,-8.020967693220346,6.669146507442604,-11.395651376691804,-5.6868830143545175,5.4269157674208754,-0.49070069665045335,0.0070163595933417176,-0.01495354995846074,0.8711716181949779,0.019571176212951413,0.1663051648053468,0.22681420440632533,-0.00016412062251447423,-0.007117018549251952,0.03008966814377345,15048,528000000,16.13,0,2,2,-13.035507402420588,-6.811764821629212,5.065718360247511,-12.85277197653747,-6.929972196219074,5.339607195430428,290.90083050727844
-10.141552750277675,-8.020967693220346,6.669146507442604,-11.351712015245674,-5.7162118540082085,5.493662426466699,-0.4933966703804294,0.007887348263508644,-0.014591511787831045,0.8696462517475836,0.007925367375239046,0.16717276021409183,0.22752593668934962,-0.001136547143687494,-0.0039031667256494984,0.004276380150258774,15048,837000000,16.82,0,2,2,-13.035507402420588,-6.811764821629212,5.065718360247511,-12.810428681052974,-6.959130795078327,5.405761513612681,291.29277420043945
-10.068405046361017,-7.954366920084192,6.716897587203733,-11.308191275643168,-5.749308379762402,5.563728436487617,-0.49184520878918747,0.008089908291780917,-0.014557933769639283,0.8705233543905125,0.029591105089835562,0.15791826459519737,0.22107197701388123,7.297238511227988e-05,0.0011103932934020122,-0.0240301204030402,15049,124000000,17.39,0,2,2,-12.780330451432965,-6.9921650710660295,5.464575183270613,-12.780330451432965,-6.9921650710660295,5.464575183270613,291.72141885757446
-9.996115618455198,-7.885067042264726,6.761191063713476,-11.27700402803895,-5.779258752700599,5.619087274872,-0.4886111064946558,0.007895712289172343,-0.015008055147001693,0.8723368630398575,0.031305987095355405,0.1560035397853277,0.21676578852049294,-0.01256103523701313,0.004043705212097848,-0.02704793259908911,15049,443000000,17.24,0,2,2,-12.755389652527857,-7.039453399239945,5.532154873329896,-12.755389652527857,-7.039453399239945,5.532154873329896,292.0890302658081
-9.92475691319517,-7.813231709291097,6.801937735804839,-11.235446422792823,-5.808492139451571,5.682332796140472,-0.48580336591366835,0.007918264645935948,-0.016276867455376137,0.8738806865572596,-0.011282401781289165,0.16583255516639211,0.21632505251580794,0.004945451792082167,0.0007527893330916413,-0.013981854499434121,15049,712000000,16.83,0,2,2,-12.755389652527857,-7.039453399239945,5.532154873329896,-12.741162623863756,-7.083794068059769,5.587292832994609,292.4626512527466
-9.854396839817479,-7.739029760147331,6.839055545102901,-11.185228588622234,-5.828364482135399,5.745220387235442,-0.4846474438442157,0.007830349235729235,-0.015452594416020062,0.8745380255494488,-0.051691679581907526,0.17262264933250207,0.21548167061664708,0.006159768281577271,-0.004542417082120664,-0.005470187716127839,15050,2000000,16.46,0,2,2,-12.7294673708246,-7.139623513685216,5.651218149336611,-12.7294673708246,-7.139623513685216,5.651218149336611,292.872234582901
-9.854396839817479,-7.739029760147331,6.839055545102901,-11.1326191408089,-5.839966913572726,5.803769751517978,-0.4837821714293094,0.008065680178858739,-0.014339617729337718,0.87503378836121,-0.06330199294383096,0.1714001415405558,0.2130118592425932,0.008240746774390573,-0.004910262623525341,-0.017539222608320415,15050,303000000,16.28,0,2,2,-12.7294673708246,-7.139623513685216,5.651218149336611,-12.71820876915551,-7.195319368770975,5.714955094530652,293.2355582714081
-9.785098566014495,-7.662634819950148,6.872469741279472,-11.08792105816391,-5.852882131124033,5.856791506225428,-0.48059878011056134,0.007851309733096404,-0.013228407255919367,0.876805667598691,-0.03697902201365082,0.15968303788601293,0.2056444005726036,0.008583230010117404,-0.001046498096002324,-0.03705641174747143,15050,584000000,16.15,0,2,2,-12.703893418029068,-7.242336111814208,5.77350344569178,-12.703893418029068,-7.242336111814208,5.77350344569178,293.59011244773865
-9.716920329484363,-7.584224884252885,6.902113032590306,-11.046931364213451,-5.871746687441189,5.911788189718336,-0.47521119687494773,0.007079726374200903,-0.012324367379146795,0.8797569583742149,-0.010650274871620407,0.14846097031875705,0.1968499854690389,0.00792926775829983,0.0027520233061295585,-0.04782466967299115,15050,844000000,15.73,0,2,2,-12.683719276970274,-7.277308684767047,5.82608601290589,-12.683719276970274,-7.277308684767047,5.82608601290589,293.9564700126648
-9.649915265730048,-7.503981892038007,6.927925721391706,-11.014499315705097,-5.893053248136395,5.960889218694909,-0.4696649300890111,0.0060929511416863875,-0.011639242747142325,0.8827469951345869,0.007022909507731055,0.1402549625161663,0.18927889834166164,0.010078813011205057,0.0034690956681515672,-0.046032254613237455,15051,119000000,15.05,0,2,2,-12.683719276970274,-7.277308684767047,5.82608601290589,-12.65511545875016,-7.3059024642593995,5.880633082156541,294.31879234313965
-9.649915265730048,-7.503981892038007,6.927925721391706,-10.98607818459433,-5.916623250352663,6.008251579872073,-0.46486731668004766,0.005126271119411127,-0.010775649535205168,0.8852999404745248,0.017835653756403218,0.13385169801456215,0.18238149216054605,0.008174974209396169,0.0022734733875040547,-0.03684685725602321,15051,378000000,14.38,0,2,2,-12.683719276970274,-7.277308684767047,5.82608601290589,-12.623549088411188,-7.325500886079927,5.929569144030929,294.68455934524536
-9.58413125261237,-7.422091288490966,6.949855824363647,-10.958540856386078,-5.943219313032043,6.057467939302671,-0.46090735362292334,0.004399866494005138,-0.009985591882456775,0.887381169794528,0.024391777757509375,0.12848433963966807,0.17547557225644192,0.006326521270239027,0.0010131730959983543,-0.027579245579545386,15051,651000000,13.82,0,2,2,-12.683719276970274,-7.277308684767047,5.82608601290589,-12.588342176943188,-7.339827532038434,5.976984551621616,295.0388174057007
-9.51961077211188,-7.338741578675988,6.9678591771972584,-10.933212506210376,-5.970362642327809,6.10485565595741,-0.4578781556662167,0.003996002450989405,-0.009484154569091425,0.8889553854610618,0.02795740880752289,0.1244891548027967,0.16876578547297155,0.0003886851004608616,0.0005883352400815056,-0.02193311920564156,15051,922000000,13.38,0,2,2,-12.683719276970274,-7.277308684767047,5.82608601290589,-12.547532117375393,-7.350852511002975,6.0263898669137514,295.3885405063629
-9.456390789702807,-7.2541238732583775,6.981899523535869,-10.909182645532056,-5.997561480207114,6.150485655848622,-0.45533488170189784,0.0039090099469841575,-0.009567047647191518,0.8902602634881944,0.028685521935344467,0.12179724841611299,0.16265344672364188,-0.0024398247887802427,0.0006604183965919219,-0.01912750940391561,15052,208000000,13.07,0,2,2,-12.683719276970274,-7.277308684767047,5.82608601290589,-12.50449511076025,-7.3582567601024325,6.074252045183407,295.74344515800476
-9.456390789702807,-7.2541238732583775,6.981899523535869,-10.887395612648104,-6.022509336054724,6.191387493907596,-0.45321605799785064,0.003956866579704449,-0.009901987940341875,0.8913369164432652,0.02734970422187862,0.12008089926038838,0.1574125530264317,-0.0038379645957320463,0.0006773193604203698,-0.017586182548257057,15052,485000000,12.83,0,2,2,-12.459883932290246,-7.362850635739128,6.120620233857199,-12.459883932290246,-7.362850635739128,6.120620233857199,296.0831391811371
-9.394502651690065,-7.16843142743993,6.9919485879904775,-10.867378395531437,-6.045039903352645,6.227937580451932,-0.45138487674340777,0.004048963420870859,-0.010306720873801634,0.8922606516301076,0.025064700730996547,0.11883765968662988,0.15265551955901377,-0.0029986936397108366,0.000608595064477413,-0.016713669174350798,15052,748000000,12.66,0,2,2,-12.459883932290246,-7.362850635739128,6.120620233857199,-12.417489537466547,-7.365124113516126,6.162295810349896,296.4362955093384
-9.333972000806504,-7.081859174291824,6.997986133082629,-10.842360938176515,-6.07238912288033,6.271917021918707,-0.4492396735969271,0.003957251199465524,-0.010294693563707175,0.8933432011908415,0.021251306286642922,0.11671885643367616,0.14610375589128463,0.008188973879441619,-0.0004862325653220978,-0.014489366276393412,15052,997000000,12.52,0,2,2,-12.459883932290246,-7.362850635739128,6.120620233857199,-12.377635111746873,-7.365670023060478,6.199625464758704,296.769903421402
-9.333972000806504,-7.081859174291824,6.997986133082629,-10.820663956769506,-6.0947567833174,6.308490080874923,-0.44768920670265744,0.003632311717427096,-0.009377079626981312,0.8941326808092867,0.01629125094160737,0.11410614335217659,0.1404401976437628,0.0061049322539474815,-0.0012931937249049952,-0.01292140104851569,15053,281000000,12.37,0,2,2,-12.459883932290246,-7.362850635739128,6.120620233857199,-12.32709083492933,-7.3646063398789945,6.244870824659344,297.10952949523926
-9.274818710313482,-6.9946032536850655,7.0,-10.800478784398097,-6.114070858678079,6.341032703844613,-0.4462971714909136,0.003458087919647075,-0.008718522635687016,0.8948356629628709,0.011343547872691637,0.11187360100130583,0.13537735382903854,0.004869254007644486,-0.001218355043874908,-0.013180586211092304,15053,541000000,12.26,0,2,2,-12.459883932290246,-7.362850635739128,6.120620233857199,-12.285964130269582,-7.366175880180443,6.2837277330963115,297.47260761260986
-9.217056836792455,-6.9068605380300525,6.997986133082629,-10.775049307024217,-6.136610563010366,6.380018417500289,-0.44444494066800705,0.00336585521646363,-0.0082414764386116,0.895761934779205,0.005908969353113464,0.10946515225575688,0.12878039722155077,-0.00031916070497572946,-0.0005062466186700476,-0.01498457004345255,15053,788000000,12.11,0,2,2,-12.252057902542653,-7.372006895074035,6.319922052548709,-12.252057902542653,-7.372006895074035,6.319922052548709,297.8599636554718
-9.217056836792455,-6.9068605380300525,6.997986133082629,-10.752178647422307,-6.154378382411178,6.412292706832179,-0.4426745060818628,0.0034230129054288717,-0.008357882597168425,0.8966368888498397,-0.014930092532778175,0.11114448700017827,0.12432239876697075,-0.003782251928896585,0.00040402975969300314,-0.01245472867594799,15054,78000000,11.83,0,2,2,-12.217687899235422,-7.388520952845767,6.366628473404051,-12.217687899235422,-7.388520952845767,6.366628473404051,298.2312593460083
-9.16069459176005,-6.8188281560460045,6.991948587990478,-10.718117942705305,-6.164402242344743,6.446205076194914,-0.4414955917203439,0.0036111941427480333,-0.008833876648891952,0.8972126639719921,-0.07334344397589543,0.12013021472514551,0.12203099365040677,-0.003382148793207307,-0.0002810763533034333,-0.008378969687328208,15054,357000000,11.42,0,2,2,-12.191909084320201,-7.411503265987434,6.411746245043458,-12.191909084320201,-7.411503265987434,6.411746245043458,298.5948226451874
-9.105734332182745,-6.73070301578608,6.98189952353587,-10.651107597089004,-6.160727843303327,6.4931338583384255,-0.43972957946930646,0.0037593348739766506,-0.008466730915532778,0.8980824454406487,-0.14171616879358276,0.12742735593976035,0.11682710262608276,0.005984054178043152,-0.00293674547720002,-0.012018957113468787,15054,628000000,11.19,0,2,2,-12.191909084320201,-7.411503265987434,6.411746245043458,-12.171508847505235,-7.437342246780847,6.454722903880352,299.1049220561981
-9.052172569911487,-6.642681328146602,6.967859177197259,-10.57460722238268,-6.142747636418828,6.535476273005149,-0.43673128675068706,0.003697889635429892,-0.007039323433618296,0.8995568668577493,-0.16599062005417348,0.12484458544471973,0.10981997522857209,0.008240922943514306,-0.0024143326072589844,-0.027536810375750065,15055,23000000,10.72,0,2,2,-12.191909084320201,-7.411503265987434,6.411746245043458,-12.141144137493438,-7.478426793369818,6.520959321019897,299.67234778404236
-9.000000000000002,-6.554958132087373,6.949855824363648,-10.519043087877849,-6.128259506586222,6.564808543316338,-0.4326797146825965,0.0034586446810310335,-0.006059365678746683,0.9015207076749421,-0.1566514074806021,0.1177076920474301,0.10331071698364161,0.004860326043854002,-0.0011650787655526074,-0.03900322917615995,15055,416000000,10.11,0,2,2,-12.103881490195771,-7.508236464831758,6.5809807372485425,-12.103881490195771,-7.508236464831758,6.5809807372485425,300.0579447746277
-8.949201547814672,-6.467726822785956,6.9279257213917065,-10.47242039895502,-6.117860616734451,6.59022466684691,-0.42741088891154533,0.0032440577729319184,-0.005558151220603696,0.9040345762657627,-0.1326833835217857,0.10839055980719056,0.09571487357985757,0.0019670874962685048,0.00027134293816288846,-0.048837074427865446,15055,696000000,9.54,0,2,2,-12.083162304915769,-7.528189407027071,6.616044385865605,-12.083162304915769,-7.528189407027071,6.616044385865605,300.3953504562378
-8.899756434788042,-6.381178683941173,6.902113032590307,-10.428155042889614,-6.110574849375446,6.615362753210659,-0.4209963163841599,0.002876803608075778,-0.005177641963633007,0.907043007588761,-0.11162539748327407,0.09937768243352171,0.08688511264289425,0.00886795769474702,0.0009039892063356092,-0.049308999223285355,15055,948000000,8.81,0,2,2,-12.083162304915769,-7.528189407027071,6.616044385865605,-12.062157807493767,-7.545649510045102,6.647923765493165,300.74052119255066
-8.899756434788042,-6.381178683941173,6.902113032590307,-10.38883946142269,-6.106026388000791,6.6380983786248136,-0.4150953165163689,0.002256716432435685,-0.004160168896764264,0.9097656173058364,-0.09720640118294535,0.09164054136887415,0.07800108240824151,0.008445053117611678,0.000523919675288198,-0.04261455796950031,15056,230000000,7.96,0,2,2,-12.032928923975051,-7.555490295142353,6.678435491051219,-12.032928923975051,-7.555490295142353,6.678435491051219,301.08735036849976
-8.851638262612344,-6.295502425429958,6.872469741279474,-10.35557627160432,-6.1032866837763615,6.657093719803783,-0.41045620416287376,0.0017694363377104675,-0.0032735412259199343,0.911872720003781,-0.08803093833526314,0.08599074570950103,0.07011439974279472,0.007260915208462393,0.0003971428981230929,-0.03585175254556816,15056,502000000,7.21,0,2,2,-11.997155417935074,-7.55661544257827,6.705275967703774,-11.997155417935074,-7.55661544257827,6.705275967703774,301.43876934051514
-8.804815115615014,-6.210883727508031,6.839055545102902,-10.324697269584895,-6.101472752985318,6.674173176410518,-0.40655336237484324,0.001349798307670316,-0.0025019134571264727,0.9136226146584217,-0.08145400352913307,0.08125765971524587,0.06267400870664842,0.006591273495359928,0.00034689464030179806,-0.029997515957802534,15056,759000000,6.65,0,2,2,-11.959167665557304,-7.551057464818782,6.727156052193044,-11.959167665557304,-7.551057464818782,6.727156052193044,301.79351925849915
-8.804815115615014,-6.210883727508031,6.839055545102902,-10.293362333493972,-6.099970309749772,6.690447678433668,-0.40304657203625077,0.0009638452706543467,-0.0017506688230511961,0.9151772871585009,-0.07767356487911115,0.07684700892320427,0.054563727495158185,0.005618172735921689,0.00021172837136873568,-0.02509096902940655,15057,27000000,6.19,0,2,2,-11.959167665557304,-7.551057464818782,6.727156052193044,-11.91767935898097,-7.540268696645041,6.746240149594732,302.15737295150757
-8.759249681003741,-6.127504792727141,6.801937735804838,-10.26336215776513,-6.098377429620954,6.704481215833055,-0.4000389161609281,0.0006404829438531806,-0.0010987885505809602,0.9164972711372956,-0.0760031358936433,0.07293293856286498,0.046675206343228214,0.004990191700926516,0.00024896995682865963,-0.022244235151447356,15057,301000000,5.79,0,2,2,-11.870206250417612,-7.524006331100871,6.763791681406385,-11.870206250417612,-7.524006331100871,6.763791681406385,302.53081250190735
-8.71489938661576,-6.045543906721693,6.761191063713477,-10.236413766520279,-6.096688559743921,6.715688310865153,-0.3974754213381966,0.00037182917144463904,-0.0005884413169105183,0.9176125570805505,-0.07518909288344469,0.06983368834149332,0.03996631914968573,0.0036352791994431755,0.00033623953470396373,-0.020732833763759118,15057,580000000,5.47,0,2,2,-11.870206250417612,-7.524006331100871,6.763791681406385,-11.820752986722617,-7.504147073110716,6.778498374961629,302.8615221977234
-8.671716555753717,-5.965175008993652,6.716897587203731,-10.212041687671547,-6.094813016760888,6.72445698591815,-0.3952648537757451,0.00016483012608993583,-0.0002163597326683856,0.9185671567115461,-0.07567860360469625,0.0672533088615256,0.033494635886189825,0.004257142973074224,0.00029799809340147476,-0.019265194350737147,15057,841000000,5.2,0,2,2,-11.870206250417612,-7.524006331100871,6.763791681406385,-11.773608449962783,-7.483227182543496,6.789764233651982,303.2040448188782
-8.671716555753717,-5.965175008993652,6.716897587203731,-10.185941898827592,-6.092171160991957,6.7321920603282415,-0.39307759448097307,-6.079880250845263e-05,0.0002336216233963938,0.9195052726556245,-0.07753642286115683,0.06431114619789183,0.026177824943850743,0.00298840989216842,0.00021908660414737824,-0.01759488932293607,15058,87000000,4.98,0,2,2,-11.870206250417612,-7.524006331100871,6.763791681406385,-11.732157709627398,-7.465080087973584,6.798470456468108,303.5693578720093
-8.629648578639825,-5.886567274798598,6.669146507442607,-10.159968895185012,-6.0887065622723195,6.737989101594556,-0.39103066468641573,-0.0002335361948736787,0.0005553330342386313,0.9203774531902476,-0.07985190805436242,0.06151269812907462,0.018760543912634733,0.002867872194656229,0.00030483329283015337,-0.016753773343225475,15058,342000000,4.75,0,2,2,-11.691503926846181,-7.4488777613698645,6.806394487186171,-11.691503926846181,-7.4488777613698645,6.806394487186171,303.9459455013275
-8.588638099970249,-5.809884709205925,6.6180339887498985,-10.132127997673937,-6.084136989835119,6.742223587097654,-0.3888941909462862,-0.0004114994398886416,0.0008485581240573966,0.9212819431995585,-0.08207407273827474,0.05875577789160573,0.011418046790965789,0.0015343633776865317,0.00044847739957276644,-0.01672893722570734,15058,613000000,4.54,0,2,2,-11.657420339141364,-7.438484669165439,6.81302073895369,-11.657420339141364,-7.438484669165439,6.81302073895369,304.34126901626587
-8.588638099970249,-5.809884709205925,6.6180339887498985,-10.106280802832714,-6.079081419571459,6.744279793886048,-0.38687170973802715,-0.0005584069960762608,0.001036735212842658,0.9221327960581929,-0.08477392477391735,0.056279339633885296,0.004311569667169568,0.003228481659789395,0.00040637831375534006,-0.01636251308809733,15058,891000000,4.31,0,2,2,-11.657420339141364,-7.438484669165439,6.81302073895369,-11.627025025059433,-7.432950979427883,6.818748035993024,304.70626497268677
-8.548623222003823,-5.735285754374288,6.563662964936061,-10.080343087118505,-6.073108292745808,6.744457891999854,-0.38501527343608827,-0.0007501524334382099,0.001405801496305082,0.9229088255155076,-0.08774138524014323,0.05368137247189032,-0.0028332500218226165,0.0033337207014483283,0.0002804265307077003,-0.014963656303734751,15059,140000000,4.08,0,2,2,-11.657420339141364,-7.438484669165439,6.81302073895369,-11.603158222757614,-7.43177303640967,6.822651144008301,305.0764298439026
-8.509537722572645,-5.662922911048106,6.506142932007226,-10.048352040536672,-6.064642946888001,6.742323275364421,-0.3828410263898826,-0.0009818309485739398,0.0018243996353923715,0.9238119159692085,-0.09084583281344608,0.05077142905803107,-0.01085702726959434,0.002639361650835781,0.0004300824429037675,-0.014574710348824738,15059,407000000,3.88,0,2,2,-11.657420339141364,-7.438484669165439,6.81302073895369,-11.582247601329607,-7.433307509792538,6.825059792247676,305.50711822509766
-8.471311287357555,-5.592942375243218,6.445589727654784,-10.020232613099502,-6.056224009263445,6.738348617362781,-0.3809614184416105,-0.0011649132982806702,0.0021025013863149263,0.9245878109319221,-0.09387545195805326,0.04833819207815521,-0.01796910106261172,0.001976459270736086,0.0004994782273115561,-0.0144892675052688,15059,726000000,3.64,0,2,2,-11.55940192798693,-7.437943433702713,6.8261251296987115,-11.55940192798693,-7.437943433702713,6.8261251296987115,305.87774562835693
-8.433869755728779,-5.5254836910496365,6.382125297973733,-9.991911507718987,-6.046800594820179,6.7323197885466985,-0.3790874266890548,-0.001321477634850629,0.0023098907768941473,0.9253570343536216,-0.09722270153966672,0.045768147601832995,-0.025679799946148607,0.0016363575241484796,0.0004750590022695178,-0.014449997070187237,15059,999000000,3.44,0,2,2,-11.55940192798693,-7.437943433702713,6.8261251296987115,-11.541188817773891,-7.443675579478572,6.825281997018056,306.24758744239807
-8.433869755728779,-5.5254836910496365,6.382125297973733,-9.967479637773751,-6.037866040300336,6.725364252908031,-0.3774948115192976,-0.0014437707498430796,0.002472213502039404,0.9260072737092468,-0.10015968801267072,0.04344057725439966,-0.032685218289124775,0.002075399652312626,0.000445628793954711,-0.01371161106362706,15060,277000000,3.26,0,2,2,-11.55940192798693,-7.437943433702713,6.8261251296987115,-11.52393551878098,-7.450278926568949,6.822554445480343,306.6100878715515
-8.397135379411143,-5.460679420436296,6.315877451879427,-9.940808273438849,-6.027256203996973,6.715922415444991,-0.3759624425443774,-0.0015911262999029683,0.0026960318424646278,0.9266296139911933,-0.10336684829027128,0.04100561870101066,-0.040059856471072915,0.0021198604144956334,0.0004718966863492824,-0.012143094772909535,15060,526000000,3.13,0,2,2,-11.55940192798693,-7.437943433702713,6.8261251296987115,-11.509496780391622,-7.456230327282434,6.818560210313324,306.95190167427063
-8.361027093194929,-5.39865483089787,6.246979603717472,-9.916057329498438,-6.0167233445041015,6.705675586826032,-0.3746369211647981,-0.001735247792342721,0.0028983333090516765,0.9271654468752001,-0.10572737821324149,0.0389455229557613,-0.04588748032400392,0.0022440586690208875,0.0005043135445248481,-0.011829118466266664,15060,787000000,3.02,0,2,2,-11.55940192798693,-7.437943433702713,6.8261251296987115,-11.48946621323749,-7.457482805929809,6.811807078942168,307.2954430580139
-8.361027093194929,-5.39865483089787,6.246979603717472,-9.889107023104588,-6.00450115061407,6.692922127022718,-0.37320650055934657,-0.0018863933249419975,0.003133931429249974,0.9277410888465956,-0.10861316533465579,0.03653994589961988,-0.05280681208608131,0.00204571354061045,0.00036703627017686813,-0.011791928227466997,15061,32000000,2.96,0,2,2,-11.46428739772092,-7.450685675054117,6.803085167057543,-11.46428739772092,-7.450685675054117,6.803085167057543,307.6301848888397
-8.325460796876843,-5.339527601736071,6.1755705045849485,-9.861983342119146,-5.9914207500269985,6.678334670646738,-0.3717987336147745,-0.002014408614189226,0.0033512288368484494,0.9283051293112992,-0.11130001048909777,0.034298081114637884,-0.05967603568005373,0.0020018150735268136,0.0003619150874101251,-0.011580042519199196,15061,290000000,2.9,0,2,2,-11.46428739772092,-7.450685675054117,6.803085167057543,-11.431767534667241,-7.436804378389764,6.791236315714572,307.9850676059723
-8.290349647581815,-5.283407549718662,6.1017939629042095,-9.834753813099587,-5.977625220999534,6.662144514692807,-0.37041845309992627,-0.0021470411864970207,0.003551440727616124,0.9288557191975292,-0.11340419118567598,0.0322573663549946,-0.06556623760890708,0.0016115577750497323,0.0004264955947519411,-0.010803426994243637,15061,551000000,2.86,0,2,2,-11.46428739772092,-7.450685675054117,6.803085167057543,-11.39569059009904,-7.418126769697174,6.776908356034386,308.33718705177307
-8.290349647581815,-5.283407549718662,6.1017939629042095,-9.805300271186919,-5.96200533516267,6.64292316847871,-0.36913135297547894,-0.0022747534112662173,0.003729852241321714,0.9293669662462014,-0.1158819461646496,0.03014847538721282,-0.07253239305588097,0.0016165851889127225,0.00039259123809642915,-0.009277435037802206,15061,806000000,2.83,0,2,2,-11.46428739772092,-7.450685675054117,6.803085167057543,-11.355794826200311,-7.394461759035437,6.760171166504913,308.6679644584656
-8.255604361584592,-5.230396374807732,6.025798554811814,-9.77991243053629,-5.947974106507177,6.624849664655055,-0.36812822931246225,-0.0023831695088805237,0.003883439993840488,0.9297638658176478,-0.11788940501092515,0.028454611297324184,-0.07845066442220808,0.001646876501126826,0.00040410397730283876,-0.008807213271211367,15062,80000000,2.79,0,2,2,-11.311586267593945,-7.366646546711924,6.739621391456653,-11.311586267593945,-7.366646546711924,6.739621391456653,309.0167729854584
-8.221133524721331,-5.180587426595802,5.947737324945996,-9.750204671111431,-5.930973900781629,6.60219095332521,-0.3669945920464701,-0.002519225886044638,0.004100352997902873,0.93021062669423,-0.1197056628044455,0.02651829587007497,-0.08429969284727049,0.0026938577775581507,0.00027499036434619484,-0.008630100273876451,15062,335000000,2.77,0,2,2,-11.311586267593945,-7.366646546711924,6.739621391456653,-11.276256664286146,-7.34465974772171,6.720404445306993,309.3773763179779
-8.186843910454819,-5.134065492033124,5.867767478235118,-9.722554676892003,-5.914581292506435,6.579587486813119,-0.36596376256862334,-0.002639984038476631,0.004340103457785011,0.9306152365359535,-0.12151896198886306,0.024752862613111694,-0.09037693390111891,0.0004114211293426706,0.0002492416086852245,-0.008118681216728874,15062,603000000,2.74,0,2,2,-11.311586267593945,-7.366646546711924,6.739621391456653,-11.239954637757902,-7.323290283975692,6.696484623115895,309.7404923439026
-8.186843910454819,-5.134065492033124,5.867767478235118,-9.694762366272368,-5.897637851527075,6.555347856141741,-0.365041395726231,-0.00269531260231026,0.004386187843421423,0.9309770545252032,-0.12348489176545055,0.02333965470100992,-0.09690078618335306,0.001123497918342764,0.00024061205721181977,-0.007244816788443131,15062,861000000,2.72,0,2,2,-11.311586267593945,-7.366646546711924,6.739621391456653,-11.211031908440775,-7.307714490905244,6.672679491296083,310.0992977619171
-8.152640804633386,-5.090906604973298,5.7860500633078455,-9.668945460761698,-5.88148945190447,6.5314280195256265,-0.3642572347286746,-0.0027605335781471442,0.004499105556261905,0.9312834178977829,-0.12523420662382861,0.0219859323720481,-0.10283288290672274,0.0010982878166032606,0.000248197966357111,-0.006868868103993009,15063,119000000,2.69,0,2,2,-11.311586267593945,-7.366646546711924,6.739621391456653,-11.18571983040444,-7.295383535405534,6.647077460900195,310.4397826194763
-8.118428335962733,-5.051177878006392,5.702749648162688,-9.638751313356922,-5.862144612486211,6.5019659725607015,-0.36337237232176994,-0.0028730830571638485,0.004674201421484003,0.9316278314155642,-0.1266087891324571,0.02034760083085372,-0.1085023309416416,0.0029371893560892204,0.00022839950872821646,-0.006719723114656517,15063,373000000,2.67,0,2,2,-11.164742843377768,-7.286153941513649,6.6216534377269065,-11.164742843377768,-7.286153941513649,6.6216534377269065,310.781042098999
-8.118428335962733,-5.051177878006392,5.702749648162688,-9.612839744749202,-5.845110699564421,6.475391846512003,-0.3626257089421233,-0.0030035268897861127,0.004982220996380552,0.9319167084640064,-0.12800887457797458,0.01876441413335447,-0.11378421019938897,0.0030383122293642373,-4.079846789295516e-05,-0.006560557903867448,15063,637000000,2.62,0,2,2,-11.14242512702776,-7.277304446091512,6.589566384654267,-11.14242512702776,-7.277304446091512,6.589566384654267,311.1166727542877
-8.084109811191693,-5.014937356989644,5.618033988749893,-9.584699790433897,-5.826131698361787,6.44512380666533,-0.36185091100437944,-0.0031139058631570495,0.00533496763721961,0.9322155115186002,-0.12951842902406605,0.017073998287472327,-0.11945487463168754,0.0029112204401826602,-0.00011746298014259082,-0.006192189266585046,15063,882000000,2.57,0,2,2,-11.14242512702776,-7.277304446091512,6.589566384654267,-11.12473242882194,-7.271011239149826,6.5598643388339966,311.4719965457916
-8.049588053997939,-4.982233898625838,5.532073691133352,-9.556567009709463,-5.806752791643473,6.413582329299055,-0.36112772314369657,-0.0031916530543009978,0.005539064380273253,0.932494450221352,-0.13030789903178308,0.015940523395084553,-0.1240665261835914,-0.0017389123740940704,0.00022822103460384824,-0.0055716774568281835,15064,141000000,2.51,0,2,2,-11.14242512702776,-7.277304446091512,6.589566384654267,-11.10580834448071,-7.264187423599741,6.525586544154045,311.83164262771606
-8.049588053997939,-4.982233898625838,5.532073691133352,-9.53052005532996,-5.7886906738848465,6.383343778493054,-0.3605467796291383,-0.0031663706779621855,0.005351907972743941,0.9327204033775814,-0.13103673901247875,0.015637881565474104,-0.12877230597085798,-0.0005358082489692606,0.00042330533744916465,-0.004903376839138218,15064,400000000,2.45,0,2,2,-11.14242512702776,-7.277304446091512,6.589566384654267,-11.085275226259604,-7.255227756046911,6.4898136347398765,312.17887139320374
-8.01476574654723,-4.953107071378241,5.445041867912628,-9.500016130874005,-5.767384165895352,6.346574367055652,-0.3599378292367782,-0.0031978439193778435,0.005298724107707273,0.9329557633679174,-0.13184296878480795,0.014890196340548945,-0.13423408828986444,3.35792048389294e-05,0.00038685391530179913,-0.004520278889685869,15064,648000000,2.41,0,2,2,-11.14242512702776,-7.277304446091512,6.589566384654267,-11.06567157496667,-7.245950708540529,6.455447433873643,312.50544142723083
-7.979545772690739,-4.927587079949426,5.357113789597276,-9.473879018637357,-5.74895057369474,6.314029783750269,-0.3594392005212543,-0.003258894407880375,0.0053355560813720115,0.9331475620592822,-0.13216214681346056,0.014103672542038651,-0.13789623740095552,0.0025150871806545183,0.00024237487394884738,-0.004336044912633952,15064,918000000,2.38,0,2,2,-11.14242512702776,-7.277304446091512,6.589566384654267,-11.03670906405419,-7.228589367056399,6.414319370508579,312.8405649662018
-7.943831561758462,-4.9056947134888,5.268466531635309,-9.445597561888402,-5.7287517867741355,6.27769370366413,-0.3589304715671338,-0.0033836904312436844,0.005662102464680669,0.9333409922506029,-0.1327912022486762,0.012961753673384407,-0.14254169146265164,0.0036616799434341374,-0.00017653731845257425,-0.004088083233000361,15065,176000000,2.37,0,2,2,-11.14242512702776,-7.277304446091512,6.589566384654267,-11.008484627814264,-7.210042761815978,6.378166814089039,313.1990222930908
-7.943831561758462,-4.9056947134888,5.268466531635309,-9.417331236106797,-5.708263942014075,6.240039287552917,-0.3584397450534774,-0.0035105763893901,0.006116115918569726,0.9335262278830109,-0.13362719132312934,0.011670453761367059,-0.14797276528552153,0.004311080692787073,-0.00047849826501078496,-0.0039928082060214365,15065,428000000,2.35,0,2,2,-10.97731489913975,-7.18915795784182,6.337889641030906,-10.97731489913975,-7.18915795784182,6.337889641030906,313.56303000450134
-7.907527431903714,-4.887441317631105,5.179278617806869,-9.389064947405984,-5.687404641312918,6.200924554007714,-0.35795833554168627,-0.003625046345383048,0.006617726852753978,0.933707071166606,-0.13452270222874937,0.010248390021909082,-0.15322467685471672,0.0037197107758402126,-0.0004207498221830974,-0.003920925701095257,15065,685000000,2.34,0,2,2,-10.948754455062485,-7.170689246120764,6.296124851305908,-10.948754455062485,-7.170689246120764,6.296124851305908,313.90292716026306
-7.870538931953234,-4.872828790405048,5.089729660701028,-9.363013193991447,-5.667926303443007,6.163817487655352,-0.35752183938149346,-0.003686586356508679,0.006857558474598836,0.9338723238955511,-0.13472882581236673,0.009700896889522354,-0.15687326513138616,-0.004087717479706043,0.0001418670777297848,-0.003860736114802421,15065,937000000,2.34,0,2,2,-10.948754455062485,-7.170689246120764,6.296124851305908,-10.923359448134828,-7.1552459378284645,6.252639878641437,314.23439931869507
-7.870538931953234,-4.872828790405048,5.089729660701028,-9.334687388464488,-5.646966614693987,6.122527949854493,-0.35705534998444666,-0.003551794951687114,0.00631981116981931,0.9340550956912999,-0.13450072625646353,0.010833591246910971,-0.1615235990930724,-0.00403833296331868,0.000707705396507663,-0.003861044933728408,15066,196000000,2.29,0,2,2,-10.900765801682862,-7.14250897637284,6.2070571930419,-10.900765801682862,-7.14250897637284,6.2070571930419,314.5614814758301
-7.832773180720472,-4.861849601988382,5.000000000000002,-9.308416994500737,-5.627825879669962,6.083314505199604,-0.3566215670750731,-0.003479145610949285,0.005894848861996706,0.9342238512260491,-0.13422410774841345,0.011618047534581745,-0.16572313474323747,-0.002840638717316324,0.0007800194055107568,-0.0038930987102503423,15066,444000000,2.34,0,2,2,-10.900765801682862,-7.14250897637284,6.2070571930419,-10.878347108726835,-7.129101895307395,6.163684086488961,314.8869843482971
-7.7941392027451935,-4.854486838222724,4.910270339298976,-9.279922381440915,-5.6073194214048,6.039934462900224,-0.3561486292580303,-0.0034606341998190474,0.005552116940034584,0.9344064168690438,-0.133560097585508,0.012261911560078984,-0.16897560917847249,-0.002624170701892581,0.0008118391747302667,-0.0038326435515045887,15066,695000000,2.36,0,2,2,-10.900765801682862,-7.14250897637284,6.2070571930419,-10.851927368401565,-7.111632007336428,6.119619092071514,315.2238790988922
-7.7941392027451935,-4.854486838222724,4.910270339298976,-9.251426126774284,-5.587056412510704,5.995614878849413,-0.35569433951719065,-0.0034506644415417116,0.005272026363072715,0.9345811016109667,-0.13297283700903997,0.012811825502218651,-0.1729541708366946,-0.0004971576458956406,0.0004825271588515534,-0.0037701795690736617,15066,953000000,2.38,0,2,2,-10.819627196092013,-7.089047102150919,6.071084323533124,-10.819627196092013,-7.089047102150919,6.071084323533124,315.5925464630127
-7.75454825943156,-4.850714267738887,4.820721382193136,-9.220742272082374,-5.565425656422232,5.946669054455591,-0.3551868389962723,-0.003464927073499948,0.005222819949802658,0.9347743181303088,-0.1324463989850952,0.013040964964515673,-0.17718365098100822,-0.00023303566365484585,0.0002621425068127792,-0.0039376325275952695,15067,216000000,2.39,0,2,2,-10.779398084756298,-7.059397544737194,6.018175774579888,-10.779398084756298,-7.059397544737194,6.018175774579888,315.9186749458313
-7.713914174568618,-4.850496432481319,4.731533468364694,-9.190134818939116,-5.544012708446307,5.896801270118229,-0.35466835448830014,-0.0034833217716638528,0.005131652681302464,0.9349715989990043,-0.13165341185868842,0.013420893894692244,-0.1801463699988608,-0.0017167580494970025,0.00046270667155567935,-0.003976000834882143,15067,490000000,2.45,0,2,2,-10.73805328246026,-7.0278643531307265,5.96880499556891,-10.73805328246026,-7.0278643531307265,5.96880499556891,316.2655634880066
-7.713914174568618,-4.850496432481319,4.731533468364694,-9.1638998384992,-5.525895547832015,5.853341422928483,-0.35422099645407945,-0.003468837244975014,0.0049344934501937545,0.9351422905706044,-0.1310549312436271,0.014142364744653992,-0.1831273787833329,-0.0016643344338262978,0.0004594344375163928,-0.004003178901257343,15067,761000000,2.5,0,2,2,-10.73805328246026,-7.0278643531307265,5.96880499556891,-10.693830797754499,-6.994285644541799,5.914894684346005,316.6280953884125
-7.67215365323178,-4.853788761358711,4.642886210402729,-9.13545689412983,-5.506561522661892,5.805396849747413,-0.3537324506382913,-0.0034500092462567125,0.004745125316285848,0.9353282496468083,-0.1302138460090943,0.014956446492879633,-0.18629793561765912,-0.001076477519745822,0.00045352817039656657,-0.004036262362205889,15068,7000000,2.55,0,2,2,-10.73805328246026,-7.0278643531307265,5.96880499556891,-10.65794983673135,-6.967629685857875,5.867845331076953,316.98491311073303
-7.629186593081786,-4.860537706687095,4.554958132087377,-9.107068523064894,-5.487553184107514,5.756889136540567,-0.35323971782056246,-0.0034851458781356114,0.004665853476215958,0.935514716786217,-0.1291816608258647,0.015524932647162626,-0.188136227595103,0.0012999794421375555,0.00037925141782579885,-0.0040643739339429885,15068,266000000,2.6,0,2,2,-10.73805328246026,-7.0278643531307265,5.96880499556891,-10.62363376974943,-6.9434213620076095,5.815504527442841,317.33770394325256
-7.629186593081786,-4.860537706687095,4.554958132087377,-9.074399762292055,-5.465950539238166,5.700179807393502,-0.3526662938688065,-0.003607277015901457,0.004932005217050411,0.9357292065795049,-0.12837112298473577,0.015728933430500795,-0.1912503329071486,0.003572588161659951,-0.00014538854742340845,-0.0040881202494347235,15068,534000000,2.66,0,2,2,-10.593664045624786,-6.9237134273591225,5.761369690616968,-10.593664045624786,-6.9237134273591225,5.761369690616968,317.6848485469818
-7.5849363870979465,-4.87068090303198,4.467926308866652,-9.04615113625703,-5.447382889609681,5.650220732778086,-0.3521674783198151,-0.003715733623145809,0.00532957065861486,0.9359144491961319,-0.12779802853435562,0.015522888999175704,-0.1938479904053949,0.002649140901667124,-0.00022575887186349064,-0.0040870783323043725,15068,825000000,2.73,0,2,2,-10.593664045624786,-6.9237134273591225,5.761369690616968,-10.563338402500039,-6.905468101485599,5.696248214634011,318.0121953487396
-7.539330216806069,-4.884147347997373,4.38196601125011,-9.013763047608034,-5.4261855888835715,5.592006453996364,-0.3515864335061462,-0.003763860363868907,0.005493475529942486,0.9361317401179126,-0.12646189293608254,0.0158438595196223,-0.19556901459043757,-0.0020268513708288083,0.0001986607685466879,-0.004357360967333079,15069,92000000,2.82,0,2,2,-10.539412590308281,-6.89212473504066,5.638568061079048,-10.539412590308281,-6.89212473504066,5.638568061079048,318.38364028930664
-7.492299335087338,-4.900857604452152,4.297250351837317,-8.981444630215716,-5.405571901172929,5.533197605400071,-0.3509437116055828,-0.0037516129363321443,0.0053449529395260655,0.9363737865633291,-0.1250580300316686,0.017214479440646573,-0.19784952895566713,0.0010088689236908976,0.00019241530679892094,-0.004710930625151377,15069,385000000,2.94,0,2,2,-10.539412590308281,-6.89212473504066,5.638568061079048,-10.51287439568859,-6.878024552176836,5.571654941623119,318.75630259513855
-7.492299335087338,-4.900857604452152,4.297250351837317,-8.955601432293276,-5.389479337795777,5.485608017038235,-0.3504066548593463,-0.003785631322699566,0.005410735780398603,0.936574379942184,-0.12415724515474594,0.018178495722776928,-0.20003191544605867,-0.0010944858331640717,0.0001046582447372657,-0.004888161447524908,15069,677000000,3.08,0,2,2,-10.539412590308281,-6.89212473504066,5.638568061079048,-10.48666037534921,-6.864726276842462,5.504470813089423,319.11821937561035
-7.443779337683475,-4.920724023628251,4.213949936692158,-8.927514765266336,-5.372518807397394,5.433420791661154,-0.3497928454713242,-0.0037538298581463072,0.005269213248048404,0.9368047338747905,-0.1231007089817441,0.01982723194049029,-0.20232391090024623,-0.0012062840937687724,0.00032403702903138765,-0.005143881935509853,15069,934000000,3.2,0,2,2,-10.467141144722188,-6.85574389210114,5.45050320769132,-10.467141144722188,-6.85574389210114,5.45050320769132,319.4601845741272
-7.393710422544579,-4.943650988470749,4.132232521764886,-8.901584678972416,-5.357334409526945,5.38492208517034,-0.34920943182252717,-0.0037831419257191388,0.00521820594168188,0.9370225348891603,-0.12180960421421519,0.020813964441396497,-0.20323409315081792,0.00367812260719802,0.00025059936490379187,-0.005159027068657451,15070,184000000,3.33,0,2,2,-10.467141144722188,-6.85574389210114,5.45050320769132,-10.448120001588395,-6.848327791912985,5.391349493543592,319.79822397232056
-7.393710422544579,-4.943650988470749,4.132232521764886,-8.875750748089821,-5.342445221660447,5.3361608844300745,-0.3486366353972418,-0.003914301877174038,0.0055979949575904455,0.9372330751484177,-0.12082448614909107,0.021124110981484163,-0.20451724230975338,-0.0007773397044275043,-8.325210245629933e-05,-0.005183958410270861,15070,436000000,3.46,0,2,2,-10.467141144722188,-6.85574389210114,5.45050320769132,-10.432523633132046,-6.843700213125701,5.335676364509852,320.11854696273804
-7.342037636200248,-4.96953517656723,4.052262675054002,-8.847714276217907,-5.326832801799768,5.282942907617929,-0.347959559238055,-0.0038523148425204014,0.005383121153220672,0.9374861741977117,-0.11949491744477,0.023271418609338845,-0.20595446111374116,-0.0022177783193910727,0.0003583852674182708,-0.005719443697671522,15070,672000000,3.6,0,2,2,-10.467141144722188,-6.85574389210114,5.45050320769132,-10.414929860266444,-6.837413316889588,5.279812037652115,320.44917345046997
-7.288711106370621,-4.998265841933026,3.9742014451881897,-8.817473553854944,-5.310745826244811,5.225428216228487,-0.34720240229569066,-0.003867291786484943,0.005276969177295718,0.9377673962612699,-0.11794463734420013,0.024865735547599264,-0.20652056555821324,0.0033106515957115334,0.00019639233670432077,-0.005990088493490475,15070,929000000,3.74,0,2,2,-10.389076492309337,-6.824324304700898,5.2204135088544,-10.389076492309337,-6.824324304700898,5.2204135088544,320.79709911346436
-7.288711106370621,-4.998265841933026,3.9742014451881897,-8.785126010957725,-5.2940422183245985,5.163503041849363,-0.34632343898013274,-0.004054607508162197,0.005834891257044914,0.9380882633393018,-0.11688497334481399,0.02533769059202473,-0.20792313973527626,0.00544923786947038,-0.0003483553228988967,-0.006366418892866932,15071,203000000,3.89,0,2,2,-10.354231597534099,-6.803947532616682,5.157635256191085,-10.354231597534099,-6.803947532616682,5.157635256191085,321.17708802223206
-7.2336862600727105,-5.0297251148800814,3.898206037095794,-8.754992043253587,-5.278807859492479,5.105314187370765,-0.34548131148672356,-0.004223814177095495,0.00649058597144737,0.9383936781015513,-0.11594422801978407,0.025545708932677092,-0.20890742860551575,0.004224690837872913,-0.0004043878902848519,-0.006319369458651636,15071,514000000,4.04,0,2,2,-10.310556837702793,-6.776460518893862,5.09157260612968,-10.310556837702793,-6.776460518893862,5.09157260612968,321.5013310909271
-7.176924026518295,-5.063788319150504,3.8244294954150555,-8.729277484422546,-5.266042709559675,5.0553974405474005,-0.3447781591691651,-0.004300653024286714,0.006824691222737545,0.9386495346683984,-0.11477902855595337,0.026127876657841546,-0.2087526718104118,-0.0030120873589112307,-4.9010426650397676e-05,-0.006240295306270127,15071,786000000,4.18,0,2,2,-10.310556837702793,-6.776460518893862,5.09157260612968,-10.265488261089109,-6.746980659537448,5.031074105369891,321.8459198474884
-7.1183910241422845,-5.100324305451515,3.753020396282532,-8.694910946777517,-5.249937620334495,4.988837113940015,-0.3438107081307794,-0.004164944384813038,0.006302959892034377,0.9390085851095734,-0.11280658652304106,0.02948962565091584,-0.20904102239105044,-0.0029137310548321693,0.0005588231772435392,-0.006805850989621831,15072,30000000,4.3,0,2,2,-10.310556837702793,-6.776460518893862,5.09157260612968,-10.226821662198544,-6.722129268690472,4.979255568017528,322.2253658771515
-7.1183910241422845,-5.100324305451515,3.753020396282532,-8.660343799457188,-5.234996530938987,4.92210738866549,-0.3427292585312876,-0.0041625189936194025,0.006104246072273098,0.939405166561325,-0.11121634270518059,0.03217738757695312,-0.20988503415334564,0.0011865831197610532,0.00022544535056567838,-0.007754670696158428,15072,339000000,4.46,0,2,2,-10.310556837702793,-6.776460518893862,5.09157260612968,-10.17838435148309,-6.692785315681333,4.90919221767701,322.6057131290436
-7.058059731145688,-5.139195800486321,3.6841225481205764,-8.629955206287166,-5.222670638569019,4.863482654549689,-0.34167730697885546,-0.004221466574376712,0.006246405483164509,0.9397870926620444,-0.11002090124566086,0.033752178101349964,-0.2102496524131925,0.0008888245531579742,0.00011925396492529217,-0.007850167548895115,15072,661000000,4.65,0,2,2,-10.310556837702793,-6.776460518893862,5.09157260612968,-10.137136146789267,-6.671448118736888,4.836549820119315,322.93672704696655
-6.995908638983675,-5.1802597705360105,3.6178747020262696,-8.601758115452451,-5.211764179017015,4.8091637059380465,-0.34073906144532395,-0.004318861258733571,0.006502279214812782,0.9401255021579832,-0.10874829465810176,0.0346282785258108,-0.20945304094471387,0.006340118488878943,-0.00012046259527664915,-0.0077348973718471825,15072,940000000,4.86,0,2,2,-10.310556837702793,-6.776460518893862,5.09157260612968,-10.10609739655438,-6.6586005793690255,4.770575454518483,323.2748420238495
-6.995908638983675,-5.1802597705360105,3.6178747020262696,-8.573652259461825,-5.201234222277358,4.75507470766603,-0.33976685889559166,-0.004552795250473129,0.007314620750540833,0.9404702281172467,-0.10780378095640489,0.03475158570427005,-0.2086843206759216,0.008281970713142073,-0.0006092700289173081,-0.008116685330605833,15073,203000000,5.06,0,2,2,-10.07967044050525,-6.649499060835578,4.709093629745468,-10.07967044050525,-6.649499060835578,4.709093629745468,323.6497850418091
-6.931922388278014,-5.223367798610493,3.5544102723452182,-8.543477766973009,-5.190191620033261,4.697025830497666,-0.33867928017396803,-0.0047962068133849635,0.008325897556964498,0.9408528158064453,-0.1069515928158123,0.03466721611968577,-0.2077271374248441,0.006461565999416052,-0.0007217641780243866,-0.008105799497570843,15073,467000000,5.27,0,2,2,-10.055221697282755,-6.642794033918155,4.647942368731252,-10.055221697282755,-6.642794033918155,4.647942368731252,324.01405239105225
-6.866091886682804,-5.268366474152286,3.4938570679927774,-8.511268328956453,-5.178794416067679,4.635330624417163,-0.3375577287136301,-0.004844129282438908,0.008705020506844746,0.9412521111876272,-0.10559060544240714,0.03624128150602354,-0.20595638540276764,-0.005753499863203615,0.0002253303691190922,-0.007941491639940068,15073,751000000,5.51,0,2,2,-10.055221697282755,-6.642794033918155,4.647942368731252,-10.031979537485034,-6.639321546686351,4.581884394334502,324.3930003643036
-6.798414408284236,-5.315097794245403,3.436337035063942,-8.480961171065927,-5.1691640910277545,4.5781347023105,-0.33649828116524055,-0.004685246539997275,0.008017947216877631,0.9416382892385617,-0.10408074969365651,0.04007886191431299,-0.2049126062635303,-0.00438235183537472,0.0008480440897074004,-0.008235191944550024,15074,50000000,5.79,0,2,2,-10.055221697282755,-6.642794033918155,4.647942368731252,-10.010302823442823,-6.639712429815454,4.5102732258871,324.7695870399475
-6.798414408284236,-5.315097794245403,3.436337035063942,-8.452525495347995,-5.161159417439508,4.5252527316462805,-0.3354621980770931,-0.004644240455675901,0.007623889732075541,0.9420113698874488,-0.10289266275831319,0.043192107718240204,-0.20417898218305872,0.00046154748645221844,0.0006329352402190125,-0.008938952851167414,15074,326000000,6.06,0,2,2,-9.992336181989355,-6.643354638565825,4.442241416106091,-9.992336181989355,-6.643354638565825,4.442241416106091,325.16206979751587
-6.728893674167487,-5.363399575253027,3.3819660112501087,-8.417216295127314,-5.152348130836225,4.460494614264138,-0.334029310143597,-0.004733244603647876,0.007714372108372489,0.9425192331318699,-0.10147738003263589,0.04588707191752333,-0.20260600515301186,0.0007091972520356649,0.0003269326327881572,-0.00969527227425715,15074,581000000,6.33,0,2,2,-9.992336181989355,-6.643354638565825,4.442241416106091,-9.976663866708904,-6.648733709214531,4.377940820306212,325.5475585460663
-6.657539913838084,-5.413105873781844,3.3308534925573996,-8.384004588338236,-5.145010386621248,4.400427312829783,-0.33266230663980334,-0.004738245908480157,0.007628655133954968,0.9430032568276969,-0.09998496811073812,0.04847646163301793,-0.2004433946881191,-0.003327067270220141,0.0004789388015069562,-0.009457020587433362,15074,906000000,6.64,0,2,2,-9.949611471295214,-6.648456951086497,4.301788551091629,-9.949611471295214,-6.648456951086497,4.301788551091629,325.91892170906067
-6.58436990723958,-5.4640474158483405,3.283102412796267,-8.352764354106325,-5.139141426235214,4.34492719089541,-0.33142611777168113,-0.004699055782058674,0.007330883315320861,0.9434409920516311,-0.09877331940453353,0.05153897754643035,-0.1986431238231995,0.0006176098281684972,0.0003989385135128032,-0.009601772853784496,15075,213000000,6.88,0,2,2,-9.914764537355502,-6.639658809985091,4.234652051281832,-9.914764537355502,-6.639658809985091,4.234652051281832,326.269490480423
-6.58436990723958,-5.4640474158483405,3.283102412796267,-8.323527274349976,-5.134435260732539,4.293832616679456,-0.33021076578499364,-0.004729502168559279,0.007350675190975096,0.9438667541253704,-0.09789895327083617,0.05405117137359374,-0.1970606256368836,-0.0018513615486881463,0.0002786048639791261,-0.010009641118813306,15075,488000000,7.07,0,2,2,-9.875513966141627,-6.625579377098239,4.175263215256459,-9.875513966141627,-6.625579377098239,4.175263215256459,326.5980854034424
-6.509407007165512,-5.516052033102621,3.2388089362865253,-8.291711085815335,-5.13030255295646,4.239325592341804,-0.32889641781097856,-0.004686636172971661,0.007105764482301565,0.944327639065812,-0.09677419450750115,0.05744091173665049,-0.19483148391759386,-0.0018511801954446128,0.00045977765239513246,-0.009745698389451718,15075,740000000,7.22,0,2,2,-9.834513937334476,-6.608674486881863,4.122483043696082,-9.834513937334476,-6.608674486881863,4.122483043696082,326.9668893814087
-6.432681141919438,-5.56894510494894,3.1980622641951646,-8.259634437281763,-5.127079767691913,4.185575801968979,-0.32763157484865085,-0.004662042786172268,0.006868214221284027,0.9447690956803483,-0.09562954007521351,0.06031106983250214,-0.19196842432128083,-0.0017923416521625768,0.000507911846625575,-0.009483559279033216,15076,24000000,7.37,0,2,2,-9.834513937334476,-6.608674486881863,4.122483043696082,-9.787497455879505,-6.588447999045214,4.067325155073143,327.32521653175354
-6.432681141919438,-5.56894510494894,3.1980622641951646,-8.23194157072675,-5.125034956424682,4.140140617047539,-0.32655621807899854,-0.004653235940198968,0.006690377168574048,0.9451426467378183,-0.09472760334783686,0.06284977307491867,-0.1896321639983777,-0.0007988062350250402,0.00045914041493233526,-0.009563933144818293,15076,302000000,7.5,0,2,2,-9.834513937334476,-6.608674486881863,4.122483043696082,-9.740081261798517,-6.568782453744784,4.012751693060026,327.6613042354584
-6.354228798134396,-5.622550005388564,3.1609444548971024,-8.201683438882608,-5.123540127216386,4.091536264166009,-0.3253640454599821,-0.004668378876312744,0.0066015273996312945,0.9455542628514629,-0.09395433472288424,0.06550324499894362,-0.18704546652833268,-0.000769143571233144,0.0003880962140101474,-0.009715000851429068,15076,550000000,7.65,0,2,2,-9.834513937334476,-6.608674486881863,4.122483043696082,-9.703048498271988,-6.55641646193219,3.9646690383776773,327.99676728248596
-6.274092983719844,-5.676688553400637,3.127530258720525,-8.171231006160689,-5.122728816912651,4.043736047847591,-0.324165873635802,-0.004710844187107397,0.006625424924393918,0.9459653260355545,-0.09313824871841932,0.06744824042280476,-0.1838137464840612,0.00439136215391045,0.00012364465149516946,-0.0102159834568738,15076,812000000,7.84,0,2,2,-9.667124909689967,-6.548161965978412,3.9106660978175998,-9.667124909689967,-6.548161965978412,3.9106660978175998,328.3533158302307
-6.192323170961965,-5.731181465669575,3.0978869674096936,-8.140681604117855,-5.122365399189186,3.996735028473826,-0.3228140043651374,-0.004884018934066136,0.007218223890089756,0.9464222959063618,-0.09281581038263326,0.06833436118086855,-0.1809756996543197,0.006474503470599302,-0.0003175252004439244,-0.011632768564595608,15077,70000000,8.09,0,2,2,-9.667124909689967,-6.548161965978412,3.9106660978175998,-9.635173220279649,-6.545015764305868,3.854299938070447,328.6999990940094
-6.192323170961965,-5.731181465669575,3.0978869674096936,-8.107579944788226,-5.1223912851631015,3.9469497189808034,-0.3212127831290918,-0.0050088919177454835,0.007782402894678039,0.9469618224413294,-0.09282297570070672,0.0702721917691109,-0.17800395943391603,-0.001513188897206419,-5.1870052075742024e-05,-0.01184754273708677,15077,325000000,8.39,0,2,2,-9.667124909689967,-6.548161965978412,3.9106660978175998,-9.60596470525102,-6.545562800490798,3.7966848513207108,329.07092237472534
-6.108975219860335,-5.785848810464001,3.0720742786082953,-8.071561144337391,-5.123329578921609,3.894586655170292,-0.3195934789606998,-0.004957503400300644,0.007560476029518891,0.9475116202812712,-0.0924990411399306,0.07386503145232207,-0.17446981393952365,-0.0017997325926444319,0.0004867919926709874,-0.010983489119098522,15077,615000000,8.71,0,2,2,-9.667124909689967,-6.548161965978412,3.9106660978175998,-9.57526304731977,-6.547294239956528,3.7367620749784742,329.45876145362854
-6.024111281841859,-5.84051046147144,3.0501441756363548,-8.03760203022098,-5.125004232924236,3.846756663799072,-0.3181423613554143,-0.005006041881954862,0.007537522301945216,0.9479997696273056,-0.09205238059251938,0.07603876652617761,-0.17080299572528232,0.003928852629542234,0.00023418428440891148,-0.011577832810871769,15077,900000000,8.99,0,2,2,-9.667124909689967,-6.548161965978412,3.9106660978175998,-9.5401577392152,-6.547783395628933,3.6758251165406124,329.8139765262604
-6.024111281841859,-5.84051046147144,3.0501441756363548,-8.005853045410246,-5.127025938209545,3.80326804685834,-0.3166245469917203,-0.005160722184751559,0.00804604354434562,0.9485027803713082,-0.09207206639026787,0.07728505005579374,-0.1675262626307104,0.006162652243801858,-0.00018750720300886314,-0.012996218811167637,15078,196000000,9.2,0,2,2,-9.667124909689967,-6.548161965978412,3.9106660978175998,-9.50258167185536,-6.5444417857403705,3.6224907286308836,330.14325857162476
-5.937799684049354,-5.894986550396063,3.0321408228027407,-7.971415145471432,-5.129603261258404,3.757433849130378,-0.3148063836349351,-0.005349334508971869,0.008802582144610058,0.9491000157994902,-0.09220498781730942,0.0783594131542095,-0.16377092950391853,0.004554242877929937,-0.00029031732822204503,-0.013946856051916257,15078,448000000,9.41,0,2,2,-9.464919231998726,-6.539541774257721,3.57546173900642,-9.464919231998726,-6.539541774257721,3.57546173900642,330.508593082428
-5.85011479445928,-5.9490979171324465,3.018100476464131,-7.934355393338991,-5.132778644562132,3.709616583264156,-0.31279040980028733,-0.005529671638864064,0.009557970377808386,0.9497579836309835,-0.09228746229106162,0.07906841829340809,-0.15927853340164272,0.007882080353738274,-0.00042094711147910857,-0.014728676705999533,15078,736000000,9.75,0,2,2,-9.464919231998726,-6.539541774257721,3.57546173900642,-9.422103968604032,-6.535703675265477,3.5225923779349615,330.868136882782
-5.761136868138604,-6.002666556337735,3.0080514120095225,-7.894560569660857,-5.136537258949976,3.6601673686239673,-0.3105293183832589,-0.005591334107521211,0.009989052505443874,0.9504948701794083,-0.09261785791308678,0.0812999059575347,-0.1542976896440891,-0.006668837386314408,0.00036527408155961893,-0.013635574941872619,15079,34000000,9.93,0,2,2,-9.464919231998726,-6.539541774257721,3.57546173900642,-9.386196390309049,-6.537270689726524,3.4730796471590133,331.25144243240356
-5.761136868138604,-6.002666556337735,3.0080514120095225,-7.856596112482418,-5.141145368820468,3.615293921931243,-0.30870050180847436,-0.005443432985963492,0.009243579303458104,0.9510987990015465,-0.09261055331569681,0.08575929527080582,-0.1494716681617271,-0.0028649272508118884,0.0009234381252554158,-0.012961135689693037,15079,337000000,10.28,0,2,2,-9.464919231998726,-6.539541774257721,3.57546173900642,-9.350221377105644,-6.545388179827321,3.4157230406622965,331.6439673900604
-5.670951875006609,-6.055516059236666,3.0020138669173706,-7.823147267789382,-5.14596358538394,3.5775818469141174,-0.3070636557010356,-0.005436459350136837,0.008904658239043267,0.9516317897794797,-0.0926811545682475,0.0886859271339132,-0.14518329693308843,-0.0023701258896835498,0.0008247127084359818,-0.013252878852654248,15079,638000000,10.6,0,2,2,-9.464919231998726,-6.539541774257721,3.57546173900642,-9.320151092516292,-6.558163018200352,3.361079430767928,332.02530908584595
-5.579651309521315,-6.10747204950958,3.0,-7.781591974059715,-5.152700256063551,3.532808814367922,-0.3050031456642928,-0.00549406714842986,0.008836545229194063,0.9522944984769508,-0.0926178211314946,0.0908618292992316,-0.13934215211053166,0.003173627828800818,0.0002624944670515106,-0.014774556439078879,15079,907000000,10.9,0,2,2,-9.464919231998726,-6.539541774257721,3.57546173900642,-9.296105506107647,-6.572572658986481,3.312929521616022,332.40901923179626
-5.487331982763328,-6.158362612132099,3.0020138669173706,-7.747589288668308,-5.158580590677694,3.497822848900581,-0.3030591509194339,-0.005612256408366896,0.009252581662218371,0.9529103018409352,-0.09307624361371422,0.0919662699471681,-0.13468593708527887,0.004807370623893803,-7.039307305944931e-05,-0.01653142608120106,15080,222000000,11.32,0,2,2,-9.267306008544434,-6.59287379186586,3.2532853503947874,-9.267306008544434,-6.59287379186586,3.2532853503947874,332.7838144302368
-5.487331982763328,-6.158362612132099,3.0020138669173706,-7.705321037622342,-5.16622757586299,3.456490255521524,-0.30039240696358294,-0.005802676841022525,0.010034671065888626,0.9537452679603203,-0.09425094640858747,0.09330291193747713,-0.12878478041677907,0.005719442651752615,-0.0002249491885208954,-0.018396258201391902,15080,481000000,11.65,0,2,2,-9.238064473993694,-6.604033790764361,3.2087444736429047,-9.238064473993694,-6.604033790764361,3.2087444736429047,333.16223406791687
-5.394095797442429,-6.208018714056558,3.0080514120095216,-7.667924987039654,-5.173188869631402,3.4219193665137215,-0.29787436740196804,-0.005949094420079848,0.010717389807663194,0.9545263784077257,-0.09527359484397985,0.09413084220272189,-0.12367030483898159,0.0042294936520193005,-0.00019394654486859508,-0.018882543918152805,15080,798000000,12.03,0,2,2,-9.238064473993694,-6.604033790764361,3.2087444736429047,-9.193241294566093,-6.609477437634381,3.160231559750793,333.50428462028503
-5.300049506402166,-6.256274615650105,3.018100476464131,-7.6329491764237,-5.179920438464045,3.3911423572638864,-0.2955846615579975,-0.005937788224239638,0.010803354264357344,0.9552370062237365,-0.0957091572628688,0.09589873637853323,-0.1186836932078894,-0.010891070724028395,0.000481248443406912,-0.01656497424846748,15081,82000000,12.34,0,2,2,-9.238064473993694,-6.604033790764361,3.2087444736429047,-9.147277212153872,-6.6081127671919155,3.1231512527524354,333.83442401885986
-5.205304455247262,-6.30296827183162,3.0321408228027407,-7.589246710337211,-5.189364921721527,3.355191578244399,-0.2934149289789071,-0.005617865933536377,0.009302195652350454,0.9559234217188638,-0.09581526391054655,0.10121611564288538,-0.11162593708027413,-0.007561326447103056,0.0012160888559265004,-0.013488568765751552,15081,352000000,12.59,0,2,2,-9.238064473993694,-6.604033790764361,3.2087444736429047,-9.100301650563367,-6.602955458600271,3.092616033727756,334.21994280815125
-5.205304455247262,-6.30296827183162,3.0321408228027407,-7.553111662132848,-5.19799322555691,3.3276041183436407,-0.2917216441816593,-0.005504819182616255,0.00849543454604991,0.9564496886264273,-0.09635544924377126,0.10476704395732214,-0.10598521154542481,-0.0038912839045224246,0.000994203378468228,-0.014337332959257765,15081,661000000,12.77,0,2,2,-9.238064473993694,-6.604033790764361,3.2087444736429047,-9.03978647288748,-6.59454765967046,3.0588498882920563,334.5623767375946
-5.109976309765509,-6.347941721880122,3.050144175636352,-7.51072295768559,-5.208761505802969,3.2976035044004304,-0.2895389232973229,-0.005448112138599271,0.007967603371325287,0.957117572331879,-0.09724005532282731,0.10784473545857005,-0.09936574071384789,-0.0035387725574764772,0.0006511491449145979,-0.015627272114215884,15081,932000000,12.9,0,2,2,-9.238064473993694,-6.604033790764361,3.2087444736429047,-8.99094373628232,-6.588735545758649,3.0333859120152087,334.8966464996338
-5.01418476886208,-6.391041466920087,3.0720742786082917,-7.470739180157485,-5.219393177249241,3.2713695081637533,-0.28740517519061753,-0.005405708016587535,0.007662878579846479,0.9577631877903641,-0.09783703248874322,0.10963297385272544,-0.0932639375878493,0.0009383266899476439,0.0002819249033336746,-0.016842114746395964,15082,226000000,13.05,0,2,2,-9.238064473993694,-6.604033790764361,3.2087444736429047,-8.936774727593606,-6.58492416214518,3.0057503439941855,335.2798345088959
-5.01418476886208,-6.391041466920087,3.0720742786082917,-7.421711681554527,-5.232785184430346,3.2418556718354328,-0.2844456107096688,-0.005468885993970258,0.007903264378758436,0.9586440028739281,-0.09933105556426725,0.11099852381787763,-0.0855660883237365,0.002143580900337838,7.653177362954011e-05,-0.019540688299457543,15082,505000000,13.2,0,2,2,-8.890137424703218,-6.5860998594627995,2.9807888459629908,-8.890137424703218,-6.5860998594627995,2.9807888459629908,335.69880294799805
-4.918053263767082,-6.432118834125037,3.097886967409692,-7.372099972547622,-5.246468791538023,3.2149829226508486,-0.2811563723401754,-0.00551115105060355,0.00813975756380706,0.9596116224042999,-0.10113303875009634,0.11189584018472594,-0.07813756079387359,0.00038259478856161877,-2.3775795665592625e-06,-0.0202762534172507,15082,856000000,13.54,0,2,2,-8.890137424703218,-6.5860998594627995,2.9807888459629908,-8.838372561709358,-6.596998046821173,2.948799663837713,336.1158435344696
-4.821708644319341,-6.471030326718811,3.1275302587205234,-7.324921262802141,-5.259638818375598,3.19194809222886,-0.2781761823835844,-0.005354889726976456,0.0076608622399300524,0.9604845901420007,-0.10223648758848258,0.11387187030413867,-0.07114223801961841,-0.009654852146923076,0.00045222840299175004,-0.01669647408562014,15083,188000000,13.73,0,2,2,-8.798897572511072,-6.613897137134182,2.9212783532115476,-8.798897572511072,-6.613897137134182,2.9212783532115476,336.5389521121979
-4.725280853168204,-6.507637958894582,3.160944454897095,-7.277163093993639,-5.273756907540044,3.171211037522312,-0.2758804668278993,-0.005063897233168609,0.006383326422803011,0.9611574158853542,-0.10280984153436909,0.11739608159130932,-0.06359457019300027,-0.006707975535391597,0.0006274752706758591,-0.014637725053034956,15083,515000000,14.0,0,2,2,-8.798897572511072,-6.613897137134182,2.9212783532115476,-8.763591296024108,-6.636242874609911,2.894738869888554,336.94001865386963
-4.628902588772864,-6.541809574814725,3.1980622641951624,-7.231780974801815,-5.287813302319947,3.1539419676188993,-0.27376604100702734,-0.0048666361602580305,0.005432018207424893,0.9617686644001335,-0.10380876570996093,0.12035726083143505,-0.05620725501983689,-0.007070975107126287,0.0006686618064577488,-0.014235696016839938,15083,823000000,14.21,0,2,2,-8.73090480113001,-6.662843075277492,2.8691931926400964,-8.73090480113001,-6.662843075277492,2.8691931926400964,337.3456144332886
-4.628902588772864,-6.541809574814725,3.1980622641951624,-7.185756459993536,-5.302593220496572,3.1389173036608735,-0.27174040860803944,-0.004701775624881996,0.004538220487022596,0.9623484027057561,-0.10504902571164973,0.12314386844276033,-0.04840130917528761,-0.004964437221133267,0.000623090386397962,-0.014617354372603586,15084,119000000,14.43,0,2,2,-8.73090480113001,-6.662843075277492,2.8691931926400964,-8.701489796651147,-6.690870154512647,2.846228896850056,337.7191364765167
-4.532708958112899,-6.573419150899704,3.2388089362865227,-7.145354272424221,-5.315883394857337,3.127756497566323,-0.26985095076041526,-0.004591823093671272,0.0039381132233801165,0.9628831033924192,-0.10611205558501194,0.12494232527138563,-0.04181522178517658,-0.005050828121966333,0.0004156425518431206,-0.015347937005572021,15084,425000000,14.67,0,2,2,-8.73090480113001,-6.662843075277492,2.8691931926400964,-8.672449292206105,-6.721344947169356,2.824327168796883,338.0796802043915
-4.436837120055821,-6.602347080661456,3.2831024127962647,-7.107807835805391,-5.328454661952119,3.1189061419937127,-0.2680771215934618,-0.00446372373688066,0.0033730928815558434,0.963381209227675,-0.10671381768897384,0.12605543652762113,-0.035914237227386445,-0.005494634478964144,0.0002661650142954386,-0.01526487849332625,15084,684000000,14.91,0,2,2,-8.647171528970295,-6.749354639217478,2.8062675049397297,-8.647171528970295,-6.749354639217478,2.8062675049397297,338.4103682041168
-4.341425920357565,-6.628480441385833,3.3308534925573894,-7.0668731754466085,-5.342409712062167,3.1109583301108605,-0.2661862834727839,-0.004313322535608711,0.002739996370055317,0.9639080610512303,-0.10762892910764192,0.12752586014804473,-0.028938110276454255,-0.004098745057490305,0.0002787156262229473,-0.015400211486849003,15084,936000000,15.15,0,2,2,-8.647171528970295,-6.749354639217478,2.8062675049397297,-8.623662971408926,-6.7762949510625985,2.790289146606188,338.7579426765442
-4.341425920357565,-6.628480441385833,3.3308534925573894,-7.022327902248148,-5.357794516491644,3.1044783752555882,-0.264061441091318,-0.004194896398546259,0.0021666824332504855,0.9644943046281897,-0.10930693897947627,0.12932299090801663,-0.020812030496636352,-0.005428325175671489,0.0004174738478468498,-0.014898448262101738,15085,188000000,15.43,0,2,2,-8.647171528970295,-6.749354639217478,2.8062675049397297,-8.597118354551764,-6.805545261143194,2.7741087570400897,339.11520171165466
-4.24661551929798,-6.651713242019724,3.381966011250106,-6.977180996218741,-5.37359327491773,3.1002533750002437,-0.2622104701185906,-0.004048322146061236,0.0014399602989044382,0.9650011435031189,-0.11078995120920357,0.13118022332816323,-0.012819195102830905,-0.005842392465638113,0.00026375740276307624,-0.012822714597859886,15085,465000000,15.74,0,2,2,-8.647171528970295,-6.749354639217478,2.8062675049397297,-8.565313794222213,-6.83463028612465,2.7590572017700956,339.4790298938751
-4.152547012978052,-6.671946651671,3.436337035063939,-6.934901312401779,-5.388572891734508,3.0981830238965156,-0.2606425237409101,-0.0038786452252506827,0.0007731820516245728,0.9654272800779459,-0.11174899660599011,0.1323240357585595,-0.00591978071612991,-0.0047902534333843505,5.582995221686815e-05,-0.013174218656786252,15085,741000000,15.99,0,2,2,-8.647171528970295,-6.749354639217478,2.8062675049397297,-8.526964061863428,-6.856872349170702,2.748469795657196,339.84747314453125
-4.152547012978052,-6.671946651671,3.436337035063939,-6.88898769379861,-5.404979219167394,3.097978297402475,0.2586905902320061,0.0037195338465041833,-0.00017603802713661663,-0.965953059213539,-0.11326985161518341,0.1334995531873372,0.001960562872057109,-0.0042904656311293365,5.020843616421189e-05,-0.015938435353746172,15086,2000000,16.16,0,2,2,-8.647171528970295,-6.749354639217478,2.8062675049397297,-8.484268270185815,-6.8695834034279555,2.7436899717640153,340.21682024002075
-4.059362049326308,-6.689089208183685,3.4938570679927743,-6.795863004133995,-5.438436397335669,3.1039494968239154,0.2540992253178902,0.0033569303097470546,0.0009712481169336625,-0.9671718417059287,-0.11610188307861138,0.1348321796898085,0.016557149990199523,-0.004072037381774862,-0.0004968056487086869,-0.01694879319984466,15086,281000000,16.31,0,2,2,-8.431671579027642,-6.876061777152816,2.7438246328223395,-8.431671579027642,-6.876061777152816,2.7438246328223395,340.90752625465393
-3.9672024398808325,-6.703057006306124,3.5544102723452102,-6.729026932529074,-5.462393527689121,3.1124391021602684,-0.26168304372386586,-0.006111682489909789,-0.003583028823173284,0.9651278639998991,-0.09534378487992999,0.11083964064295873,0.019652004254565363,-0.010769054824777413,0.04708811211457942,0.1476499455748126,15086,849000000,16.58,0,2,2,-8.431671579027642,-6.876061777152816,2.7438246328223395,-8.312146414286847,-6.874029111935511,2.7580833893157974,341.4289536476135
-3.8762097684280574,-6.713773865026728,3.6178747020262714,-6.674908992826301,-5.480103721340254,3.121946064799648,-0.3063161207344713,-0.016790752908634545,-0.008633764331641234,0.9517425927783265,-0.058930399654514035,0.07609613250955406,0.017339843991204935,-0.0008816207127892994,0.0430752981628757,0.2142723649740219,15087,272000000,15.49,0,2,2,-8.431671579027642,-6.876061777152816,2.7438246328223395,-8.215391290758182,-6.865707547146393,2.7783948345261367,342.0058844089508
-3.786524997592367,-6.721171473709559,3.6841225481205733,-6.6462845692481425,-5.488447433640032,3.128699551076142,-0.3365447478687894,-0.020900470928784692,-0.010586321419137498,0.941375978446284,-0.05423755762309087,0.07603404411353216,0.02186697554146275,-0.0002342592573256752,-0.005160682849236764,0.10203223646385595,15087,749000000,10.7,0,2,2,-8.431671579027642,-6.876061777152816,2.7438246328223395,-8.107941073038385,-6.861309953739466,2.807777099377623,342.384938955307
-3.6982880744793807,-6.725189516720688,3.7530203962825284,-6.613982244980412,-5.497415583642691,3.138182802452251,-0.34359712898926187,-0.017517323148433375,-0.010096820146266734,0.938899467761583,-0.06626198049572354,0.09596329442829538,0.03322681943165434,-0.005367397898226045,-0.02875939244404435,0.01050640257744817,15088,83000000,8.03,0,2,2,-8.431671579027642,-6.876061777152816,2.7438246328223395,-8.041191043065059,-6.8695666135734,2.8299839169123384,342.74202513694763
-3.6116375364826183,-6.725775776295651,3.8244294954150577,-6.577655796046886,-5.5080376101394455,3.1503216713235527,-0.34298706612554836,-0.013185160627157608,-0.009391568351611347,0.9392006295002797,-0.07495373423255705,0.11288781532757912,0.04415342767385572,-0.005644846487484756,-0.027199474243388977,-0.01419988002453465,15088,404000000,7.96,0,2,2,-8.431671579027642,-6.876061777152816,2.7438246328223395,-7.986325893793517,-6.886840944174719,2.851029008434038,343.0962793827057
-3.5267101183659015,-6.722886213458185,3.898206037095796,-6.528050054315907,-5.52376569176478,3.1689333309231094,-0.33969339543655946,-0.008908542138744494,-0.00883560979077792,0.940452533078288,-0.08248700451471483,0.12857703114502378,0.05711950038562742,-0.005361917556001572,-0.019713874098670203,-0.02330467486899579,15088,713000000,8.51,0,2,2,-7.9407019535540995,-6.910619309025556,2.8710502073525395,-7.9407019535540995,-6.910619309025556,2.8710502073525395,343.49630403518677
-3.4436403617338742,-6.716485026860802,3.9742014451881857,-6.473431980253695,-5.541794902554374,3.1918529054300526,-0.33544789468631986,-0.005892737437678837,-0.00871924791016893,0.9419999789341224,-0.09199469563339642,0.13905682050390736,0.06999207789958557,-0.005373941439756891,-0.012773569051205413,-0.02636148619785672,15089,64000000,9.24,0,2,2,-7.9407019535540995,-6.910619309025556,2.8710502073525395,-7.892030786922788,-6.947362462965107,2.8960854979042803,343.93002939224243
-3.3625602280003974,-6.7065446894783225,4.052262675053997,-6.427523545431344,-5.556155345731655,3.2127445790352023,-0.33198521569157957,-0.004316138539374857,-0.008646279359421815,0.943235087008304,-0.09904509565005702,0.1443012785622798,0.07957639483458284,0.0008733554125228693,-0.00980732456810074,-0.02359382706345059,15089,419000000,9.9,0,2,2,-7.8481776729798005,-6.991066073641001,2.9230757261707905,-7.8481776729798005,-6.991066073641001,2.9230757261707905,344.3220908641815
-3.3625602280003974,-6.7065446894783225,4.052262675053997,-6.380036514556957,-5.570999060386612,3.2360993919573016,-0.32918784072530183,-0.0031989558045634457,-0.008177779362667774,0.944223626120989,-0.10175826315349099,0.14761712082684164,0.08838238814534549,-0.0005258779310679529,-0.007655746230739169,-0.020341565868875477,15089,713000000,10.36,0,2,2,-7.8481776729798005,-6.991066073641001,2.9230757261707905,-7.815216968280925,-7.028065672721951,2.946010069022384,344.69371247291565
-3.2835987159577487,-6.693045963146028,4.132232521764888,-6.328119298861507,-5.587412804062714,3.2637319241530527,-0.3262558934346108,-0.002239694074786627,-0.008023589527131376,0.9452447819378508,-0.1039052716338807,0.14981249646513514,0.09699340800135872,-0.002417062637505296,-0.005631141038975329,-0.021177570124564227,15089,990000000,10.74,0,2,2,-7.8481776729798005,-6.991066073641001,2.9230757261707905,-7.781762478254622,-7.066316459897001,2.9710575422169083,345.06451511383057
-3.2068814850407197,-6.675977890994722,4.213949936692154,-6.282587646907051,-5.601963581585184,3.289459027195014,-0.3236121280459806,-0.0015572398824322464,-0.008074795108606862,0.9461540906583105,-0.10534322116710489,0.1507505731417127,0.10315983936801684,-0.0014395459515981202,-0.004418188655108679,-0.021349009512050543,15090,280000000,11.13,0,2,2,-7.8481776729798005,-6.991066073641001,2.9230757261707905,-7.742596964252317,-7.104692267991864,3.0007793132013014,345.4214940071106
-3.132530485366818,-6.655337767895037,4.297250351837312,-6.236690613493829,-5.616652885340295,3.3167684808957207,-0.32101779010515274,-0.001026230766725735,-0.008128295568341506,0.947037726860747,-0.10702927090264747,0.15113840541149273,0.10952791053512864,-0.003054912554034672,-0.003331127868477779,-0.02099833363899961,15090,542000000,11.42,0,2,2,-7.8481776729798005,-6.991066073641001,2.9230757261707905,-7.700606390099015,-7.126575455786896,3.029761539253569,345.7762277126312
-3.132530485366818,-6.655337767895037,4.297250351837312,-6.190398743059546,-5.63140521908283,3.345719245260224,-0.3184167802934023,-0.0005648929914164767,-0.00841082902063009,0.9479133361645868,-0.10900898213899565,0.15142822605380685,0.11621081551504445,-0.004256651936884737,-0.002379326519985625,-0.021260648463794496,15090,806000000,11.65,0,2,2,-7.8481776729798005,-6.991066073641001,2.9230757261707905,-7.651655964474201,-7.138525868168951,3.061670362797133,346.1190655231476
-3.060663595618906,-6.6311310890833415,4.3819660112501,-6.143695263859118,-5.646155877684591,3.3764114607922266,-0.3157732729033963,-0.0001611329149732695,-0.00884827072426432,0.9487934033609481,-0.11103625278402263,0.15137150536136051,0.12285376904892442,-0.004680811480284319,-0.0018716221916292852,-0.0214673649679753,15091,67000000,11.85,0,2,2,-7.8481776729798005,-6.991066073641001,2.9230757261707905,-7.597122526378408,-7.142795312528344,3.0962678192953086,346.4417278766632
-2.9913942698176106,-6.603371477200641,4.467926308866647,-6.09670897767372,-5.660880912987367,3.408547106030774,-0.31312326310929256,0.00023012777530456024,-0.009387623825644524,0.9496660684998195,-0.11263758337884047,0.15097918234158814,0.12824947733268638,-0.006952283138161874,-0.0014505847161672136,-0.021630944684147835,15091,325000000,12.03,0,2,2,-7.8481776729798005,-6.991066073641001,2.9230757261707905,-7.538582988667464,-7.141527506661112,3.132898862838331,346.79136180877686
-2.9913942698176106,-6.603371477200641,4.467926308866647,-6.042196765787321,-5.677858750728774,3.447373967590296,-0.30999449753495706,0.0006808379403869837,-0.010338573013194654,0.9506818930987373,-0.11461518406717112,0.15043645114264725,0.13517153748581984,-0.0076802126386610325,-0.0007553649993496947,-0.02222835482825758,15091,579000000,12.2,0,2,2,-7.479541197255989,-7.139208317719186,3.1709810818434185,-7.479541197255989,-7.139208317719186,3.1709810818434185,347.216406583786
-2.9248311940096183,-6.572080588034301,4.554958132087365,-5.998325170193359,-5.691409662381002,3.4798851446612677,-0.3074390421000687,0.0009914735473593892,-0.011131239623951766,0.9515021533749837,-0.11620442450794881,0.1499182404920566,0.14043213678234975,-0.007231990957734524,-0.0006538085983720521,-0.022416123647417407,15091,888000000,12.39,0,2,2,-7.479541197255989,-7.139208317719186,3.1709810818434185,-7.415213452360305,-7.14089409115424,3.216157207524979,347.5629680156708
-2.8610779538735933,-6.537287995309999,4.642886210402717,-5.943287848948195,-5.7082515219249546,3.5219113427822566,-0.3043637092497397,0.0012341805352147506,-0.011584180675980925,0.9524846539699274,-0.11828789865995779,0.148255193998172,0.14533703937420103,0.0038824681723781396,-0.001360482008294639,-0.0185786764632212,15092,122000000,12.55,0,2,2,-7.368716864938499,-7.148312187292915,3.2531189581751905,-7.368716864938499,-7.148312187292915,3.2531189581751905,347.93879294395447
-2.8002327142182644,-6.499031054937685,4.73153346836469,-5.8917872211704605,-5.723365703003936,3.562487927350189,-0.302189472225289,0.0012862770329447248,-0.011083742131690558,0.9531825738167655,-0.1208093821485519,0.1459587570822743,0.15015470810147558,0.002388577968304162,-0.0016195395005524915,-0.014828058738203254,15092,420000000,12.74,0,2,2,-7.368716864938499,-7.148312187292915,3.2531189581751905,-7.31629592741178,-7.163820462262133,3.3000411942680996,348.300733089447
-2.8002327142182644,-6.499031054937685,4.73153346836469,-5.84751163811477,-5.735734787132836,3.598452851954073,-0.3005682274527868,0.0013584314118815794,-0.01076349350287552,0.9536986119931194,-0.12304731905858772,0.14390090889354895,0.1547402743432496,0.0034238035141243017,-0.0014609364143325365,-0.0134235566292773,15092,698000000,12.86,0,2,2,-7.368716864938499,-7.148312187292915,3.2531189581751905,-7.272085655083838,-7.183300068057175,3.3447050251712613,348.6328983306885
-2.742387911317235,-6.457354749170536,4.82072138219313,-5.79203210503149,-5.750334092554023,3.6449574239699785,-0.2987609329340764,0.001419534719114296,-0.010311976690353051,0.954271215645887,-0.12556841727630558,0.14100102372900217,0.15974790152538107,0.001554895902700082,-0.0014569168797606835,-0.012284172407817096,15092,948000000,12.95,0,2,2,-7.236795371732513,-7.203055239542726,3.3840966290652363,-7.236795371732513,-7.203055239542726,3.3840966290652363,349.02137899398804
-2.687629958992159,-6.412311511189544,4.910270339298964,-5.7439629472599325,-5.762309951300657,3.6862677538923654,-0.2972362680242614,0.0015558662995046766,-0.010188294756676295,0.9547483327563439,-0.12706180519109625,0.1387811513530249,0.16302379417183985,-0.0024713441689527826,-0.0011677543739097018,-0.012508301097113872,15093,244000000,13.05,0,2,2,-7.236795371732513,-7.203055239542726,3.3840966290652363,-7.194616243712125,-7.2305210502797435,3.435366276632096,349.36741948127747
-2.6360389693210795,-6.363961030678936,4.99999999999999,-5.6958995397753736,-5.773814519324863,3.7285266828444654,-0.2956537373399336,0.0017132735465602332,-0.010351848766813367,0.9552375471670872,-0.12856964672971846,0.13665721415920357,0.16699882834673002,0.00195496691048902,-0.000827980318263144,-0.01239642224390991,15093,508000000,13.14,0,2,2,-7.236795371732513,-7.203055239542726,3.3840966290652363,-7.158593388697561,-7.255101567461119,3.481640030823008,349.73045563697815
-2.6360389693210795,-6.363961030678936,4.99999999999999,-5.64784736527143,-5.784708667613282,3.7718846850131627,-0.2941889596208866,0.0017364607293563336,-0.010114900452462945,0.9556921729982684,-0.13038429651809164,0.1340997470137192,0.1714177053416799,0.0004757622463102962,-0.0007072502114624513,-0.011513846220623236,15093,764000000,13.24,0,2,2,-7.236795371732513,-7.203055239542726,3.3840966290652363,-7.120887559562038,-7.277043662320684,3.529159693792075,350.0896830558777
-2.587688488810457,-6.312370041007844,5.089729660701031,-5.599798094426941,-5.794955917576151,3.816459927567828,-0.29276680018834483,0.0017934511866654762,-0.010084589229893418,0.9561290108036589,-0.1320229766590043,0.13160055446630742,0.17572278781138992,-0.0009538436472666945,-0.0006534835733873479,-0.01123285237554228,15094,29000000,13.33,0,2,2,-7.236795371732513,-7.203055239542726,3.3840966290652363,-7.078430288753472,-7.292930475969095,3.5777594119083367,350.43393301963806
-2.542645250829466,-6.257612088682768,5.179278617806864,-5.551837553125711,-5.804631124815962,3.8619107645660242,-0.29139829702707354,0.001932229376223121,-0.010266677944294202,0.9565447685829175,-0.13312061037405795,0.12925501938378448,0.1786895321052197,-0.004744870466311113,-0.0005811464518501452,-0.011008162528014509,15094,289000000,13.41,0,2,2,-7.236795371732513,-7.203055239542726,3.3840966290652363,-7.032141331480261,-7.303780799225004,3.6274451024599688,350.7666029930115
-2.542645250829466,-6.257612088682768,5.179278617806864,-5.500268685011907,-5.814602866164415,3.911786087193469,-0.2899056797209346,0.0021586629895407657,-0.010907751606203997,0.9569906258655502,-0.13415185065563145,0.12715884456916116,0.18260697227017786,-0.0060007259889971465,-6.005785202489733e-05,-0.011017741962859873,15094,556000000,13.49,0,2,2,-7.236795371732513,-7.203055239542726,3.3840966290652363,-6.980690515314101,-7.307936904869657,3.678237092083526,351.11889147758484
-2.5009689450623167,-6.19976728578174,5.268466531635305,-5.452445189408597,-5.823484880292317,3.9591219216352496,-0.2885583787778321,0.0023463095193751605,-0.011615295867750817,0.9573889709886221,-0.13501356295765127,0.12515939303740659,0.18628303682912314,-0.005846451949764742,2.9123474121206527e-05,-0.01068600031430833,15094,817000000,13.56,0,2,2,-6.9220472748222965,-7.307863128278522,3.7340858267238772,-6.9220472748222965,-7.307863128278522,3.7340858267238772,351.4868154525757
-2.4627120046900064,-6.138922046126419,5.357113789597264,-5.408398457959967,-5.831420018159539,4.003442190340486,-0.28733894823428296,0.0025393109448231515,-0.012286931066799262,0.957746789111037,-0.1354783081737574,0.12348889002721763,0.1885571345870064,-0.008701709975866834,2.6264437202883073e-05,-0.010413737254566513,15095,86000000,13.62,0,2,2,-6.9220472748222965,-7.307863128278522,3.7340858267238772,-6.86890796352368,-7.308627996417034,3.7869576430172986,351.8710253238678
-2.4627120046900064,-6.138922046126419,5.357113789597264,-5.364465337127719,-5.839128098551741,4.048311632107169,-0.28618603101717244,0.0027179747609657537,-0.013005384336935846,0.9580819527796591,-0.1361460657481271,0.1212897927727115,0.19116582786919686,0.006203110206115525,-0.000129682321414748,-0.009005643551063258,15095,324000000,13.67,0,2,2,-6.9220472748222965,-7.307863128278522,3.7340858267238772,-6.823593578568592,-7.31322345276807,3.836777219896976,352.21890115737915
-2.4279194119657,-6.075168805990385,5.44504186791263,-5.313418986153596,-5.847247936578627,4.101485136257119,-0.28521775889555673,0.0025170922194365803,-0.011986884779426702,0.9583844786152578,-0.13782612177737247,0.11733415158674443,0.19381174056736455,0.0072538070071459515,-0.0012457330512916087,-0.005950708009549999,15095,576000000,13.72,0,2,2,-6.781846303640572,-7.321698374682712,3.887784303379628,-6.781846303640572,-7.321698374682712,3.887784303379628,352.5523524284363
-2.396628522799361,-6.008605730182392,5.5320736911333475,-5.26629634325398,-5.8538030252410636,4.1514107497494175,-0.2845635513074165,0.002470608618550962,-0.011236888148167791,0.958588135595841,-0.1389191509575827,0.11396263231439574,0.19540491170564186,0.0018824063431566174,-0.0011846166898976662,-0.004912601525575155,15095,840000000,13.75,0,2,2,-6.781846303640572,-7.321698374682712,3.887784303379628,-6.736588667139561,-7.335592034174742,3.9492618435272266,352.90837955474854
-2.368868910916664,-5.939336404381105,5.61803398874989,-5.219415057863424,-5.859529990399708,4.201893717428694,-0.283976287868742,0.0024865644905882334,-0.010884280785012992,0.9587662996565516,-0.14002673103832292,0.11068277735514809,0.19771133664532958,0.00599447189415514,-0.0009008890970108041,-0.004086348781129345,15096,101000000,13.78,0,2,2,-6.696721669164118,-7.351246477293238,4.008586914470998,-6.696721669164118,-7.351246477293238,4.008586914470998,353.26301860809326
-2.368868910916664,-5.939336404381105,5.61803398874989,-5.176354551942046,-5.864003488907033,4.249112870800317,-0.2835894205921037,0.002408766156764241,-0.010239559939516182,0.9588881007636303,-0.1411674436355675,0.10740889442649723,0.2002007260179773,0.003463478060439229,-0.0008573197817440814,-0.0028548576210596366,15096,358000000,13.82,0,2,2,-6.696721669164118,-7.351246477293238,4.008586914470998,-6.658064340854204,-7.368418420443533,4.069794778877337,353.5953288078308
-2.344662232104967,-5.867469514633185,5.70274964816269,-5.126429221974397,-5.868178476452061,4.305046356253065,-0.28326064678747703,0.002395508671050643,-0.009852730241721753,0.9589893592874379,-0.1422004361184544,0.10348379872787772,0.20293429166049023,0.001315559666181798,-0.0007053462752537598,-0.0021049831275377073,15096,617000000,13.9,0,2,2,-6.618567443926902,-7.383368212905616,4.1310810738320125,-6.618567443926902,-7.383368212905616,4.1310810738320125,353.925644159317
-2.3240221090052797,-5.793118514959282,5.786050063307848,-5.083938465428222,-5.871000598913387,4.353421054255461,-0.28304762325966737,0.002424537551086811,-0.009652694049173223,0.9590542164457178,-0.1427021559699388,0.10049727933688765,0.20417365099738713,0.0028763294039890752,-0.0007133213443921704,-0.0015377502336377802,15096,878000000,13.87,0,2,2,-6.618567443926902,-7.383368212905616,4.1310810738320125,-6.578997091413253,-7.396755626035427,4.1922035582594726,354.26135420799255
-2.3240221090052797,-5.793118514959282,5.786050063307848,-5.038245933288331,-5.873245238746597,4.4062717926063995,-0.28291107521348435,0.002380354513095229,-0.009186952863829149,0.9590991905590472,-0.1434601624064597,0.09679393659535068,0.20607580134836206,0.005767870925410534,-0.0007329185280013917,-0.00048459230015396315,15097,119000000,13.89,0,2,2,-6.618567443926902,-7.383368212905616,4.1310810738320125,-6.543485643269331,-7.409085261913195,4.248749280039137,354.6070966720581
-2.306954036853975,-5.716401284042254,5.867767478235114,-4.992941193387142,-5.874455919574552,4.459670404554963,-0.28292739839756226,0.0022846699310333815,-0.008500565388309251,0.9591009372883401,-0.14426093936372703,0.09291351140431173,0.20770327882842068,0.004541386761047761,-0.0008579441043821134,0.0005892495948955911,15097,379000000,13.9,0,2,2,-6.618567443926902,-7.383368212905616,4.1310810738320125,-6.504691882449646,-7.420893644913792,4.3102929680293425,354.95948457717896
-2.29345531052168,-5.637439771999615,5.947737324945992,-4.951482775409204,-5.874770796216112,4.509223328655307,-0.2830280015063669,0.0022677432837498184,-0.008077356625988023,0.9590749522397337,-0.14451568325099545,0.08991764872472771,0.2083893170129431,-0.00047731968493280874,-0.0006865132490929682,0.0009955179280041193,15097,639000000,13.9,0,2,2,-6.618567443926902,-7.383368212905616,4.1310810738320125,-6.459271670369631,-7.42369844354107,4.371470244283555,355.3008759021759
-2.29345531052168,-5.637439771999615,5.947737324945992,-4.906975458150824,-5.87442345908652,4.563173016932414,-0.2831561328391293,0.0023615049563798845,-0.008208727576323894,0.9590357889680176,-0.14453848518042167,0.08684199644357657,0.20962635013770664,-0.003245390348638466,-0.00013378870562519296,0.0012234429846103012,15097,896000000,13.88,0,2,2,-6.618567443926902,-7.383368212905616,4.1310810738320125,-6.411916026414252,-7.418714411834622,4.427648660251019,355.6345067024231
-2.2835149731391997,-5.556359638266128,6.025798554811816,-4.862847600392197,-5.873404627940702,4.617476907856273,-0.2833418549302711,0.00247143841947181,-0.00859681971875293,0.9589772572525039,-0.14463652778664826,0.08386129159783026,0.21074728551303132,-0.0032179064419324277,7.259883574306514e-05,0.00152940699535975,15098,150000000,13.84,0,2,2,-6.618567443926902,-7.383368212905616,4.1310810738320125,-6.356625732470989,-7.40717737721013,4.488374197556927,355.9864778518677
-2.2771137865418183,-5.4732898816341,6.101793962904206,-4.81577539932364,-5.8716891966246285,4.676050468609286,-0.28354190463700263,0.0026062161690653704,-0.009077378839492988,0.9589133418330902,-0.14425475940144547,0.08107709026354241,0.21081803219625228,-0.00610430802225892,0.0002476940352380552,0.0018525649124967458,15098,416000000,13.84,0,2,2,-6.297056655725025,-7.393148496150374,4.554214751029206,-6.297056655725025,-7.393148496150374,4.554214751029206,356.35579109191895
-2.2771137865418183,-5.4732898816341,6.101793962904206,-4.7724924291496835,-5.869636202069844,4.730523364782196,-0.2838365297796046,0.0027715210765527003,-0.009833761105237105,0.9588182518997639,-0.14381097112564356,0.0786359983276684,0.2114344155716524,-0.0074426653554837685,0.0006570345647105569,0.0030058369475227664,15098,689000000,13.75,0,2,2,-6.297056655725025,-7.393148496150374,4.554214751029206,-6.2461474546572555,-7.3840129936452055,4.616402637439783,356.69343733787537
-2.2742242237043486,-5.388362463517386,6.175570504584939,-4.729599761305082,-5.867160053821198,4.785183189938965,-0.2842874836143502,0.002929092266393469,-0.010697922699002032,0.9586749196305501,-0.14339213538649173,0.0762755146432056,0.2119680943206968,-0.006286348707362777,0.000706026224861489,0.004014000023744302,15098,949000000,13.7,0,2,2,-6.297056655725025,-7.393148496150374,4.554214751029206,-6.20039422739686,-7.380068459653431,4.679613938869859,357.03731751441956
-2.2748104832793112,-5.301711925520624,6.246979603717468,-4.690349366454211,-5.864533335002908,4.835566308692435,-0.28477618672247346,0.002999981949359844,-0.011142697477123133,0.9585245765639208,-0.14307164019157254,0.07393770268760529,0.21136993210727412,0.007984888316059369,0.00013037914641245152,0.004775699017045554,15099,208000000,13.63,0,2,2,-6.297056655725025,-7.393148496150374,4.554214751029206,-6.157719715639355,-7.378248971394018,4.742543650200647,357.3771915435791
-2.2788285262904413,-5.213475002407638,6.315877451879423,-4.645107912765485,-5.860480961098307,4.894272975129515,-0.2855579665007538,0.0027242801068095555,-0.00993152206249172,0.9583061050287512,-0.14352687778201287,0.06938452116829703,0.2111558718408541,0.007145486370063736,-0.0007826945477518166,0.0067747362663794775,15099,451000000,13.55,0,2,2,-6.297056655725025,-7.393148496150374,4.554214751029206,-6.120531430673216,-7.377583157754582,4.800010557125235,357.7362504005432
-2.2788285262904413,-5.213475002407638,6.315877451879423,-4.603718234722069,-5.855517395026246,4.948858961568854,-0.28649653595675567,0.0026039948293058567,-0.009148589405473292,0.9580340585843481,-0.1437885344544117,0.06505353142303073,0.21144884954906007,0.004005482333013788,-0.0006291143165526591,0.00823920090624597,15099,719000000,13.44,0,2,2,-6.297056655725025,-7.393148496150374,4.554214751029206,-6.079776581656845,-7.377867265294416,4.866552408790116,358.1006660461426
-2.286226134973271,-5.123790231571948,6.382125297973725,-4.562933846422499,-5.849470881337656,5.00359284822121,-0.2875885548870672,0.002548795979002807,-0.008708643257293328,0.9577110661726964,-0.1438151653181263,0.06113407271056002,0.2116314268301061,0.0020184314735161024,-0.00044537470671457413,0.008866908410709584,15099,985000000,13.31,0,2,2,-6.297056655725025,-7.393148496150374,4.554214751029206,-6.041845241084111,-7.376270969685801,4.927650129705484,358.44357085227966
-2.2969429936938752,-5.032797560119191,6.4455897276547764,-4.522708191377772,-5.84257373960149,5.058216195171543,-0.2886834381994275,0.0025725464876406403,-0.008572278946720042,0.95738277117754,-0.14351218816893754,0.057969726183744706,0.21079226303359294,-0.002682828448996588,-0.00017046898648231945,0.009096995563595556,15100,246000000,13.17,0,2,2,-6.297056655725025,-7.393148496150374,4.554214751029206,-6.005233517695916,-7.374496788327533,4.988564699802859,358.790682554245
-2.2969429936938752,-5.032797560119191,6.4455897276547764,-4.479985275582903,-5.8343696949558135,5.116832813028,-0.2899745845244545,0.00268902658215887,-0.008982435705795237,0.9569884144098619,-0.14301585399851344,0.05471295763859076,0.21006645522328987,-0.004769359475176316,0.0004313031325864358,0.010151384776690975,15100,514000000,13.04,0,2,2,-6.297056655725025,-7.393148496150374,4.554214751029206,-5.971003071799042,-7.373878532385411,5.049821874415741,359.13218355178833
-2.3109107918163154,-4.940637950673698,6.506142932007222,-4.443861716731673,-5.826762518020252,5.166923818022449,-0.2911795956821334,0.0027816872907475455,-0.009488924284735056,0.956617303622574,-0.14246724315792964,0.052135314880054996,0.20930830049136612,-0.004110275040147826,0.0005993165359541308,0.010672531334421365,15100,787000000,12.88,0,2,2,-6.297056655725025,-7.393148496150374,4.554214751029206,-5.936974645582589,-7.374885165126188,5.116554494636201,359.46868348121643
-2.328053348328999,-4.8474529870219545,6.563662964936058,-4.405235776326342,-5.818042422899138,5.220837817474609,-0.29251928003928473,0.0028939388481114864,-0.010044866587162785,0.9562024872266793,-0.14156831033153988,0.04972174526550988,0.20758118677927667,-0.007286830896191532,0.0006408097476651164,0.011314747280266602,15101,32000000,12.74,0,2,2,-6.297056655725025,-7.393148496150374,4.554214751029206,-5.9098155672295904,-7.37686300993982,5.174728472166094,359.8087704181671
-2.328053348328999,-4.8474529870219545,6.563662964936058,-4.370099670157816,-5.809605938105416,5.270226186391382,-0.2939053869982861,0.0030562410979555164,-0.010862647174977766,0.9557679037193552,-0.14054074138298617,0.04734005751348397,0.20621103976756264,-0.007484870366170071,0.00103680880556567,0.012903578863188159,15101,281000000,12.59,0,2,2,-6.297056655725025,-7.393148496150374,4.554214751029206,-5.879510409427106,-7.37678568412682,5.238271303554231,360.1518507003784
-2.348286757980274,-4.753384480702025,6.618033988749891,-4.332613005555732,-5.800034999473164,5.323415017511607,-0.2956129144860789,0.0031861595517176508,-0.01174218269258305,0.9552303252734238,-0.13950087210002782,0.04487809012951786,0.20483549212182792,-0.0064422566083521815,0.0012047874633935862,0.014125156940281158,15101,534000000,12.41,0,2,2,-6.297056655725025,-7.393148496150374,4.554214751029206,-5.845227497739945,-7.3682444480125024,5.295627082667436,360.50235319137573
-2.3715195586141586,-4.6585740796424515,6.6691465074425995,-4.292855227370985,-5.789319052131929,5.380126912905352,-0.29752291949403337,0.003326860622637668,-0.01265073146894136,0.9546250590506438,-0.13832125536298043,0.04269921323086186,0.20246407920483608,-0.008263938343588961,0.0012386983257783868,0.014964539514039643,15101,783000000,12.19,0,2,2,-6.297056655725025,-7.393148496150374,4.554214751029206,-5.80179127450514,-7.350471665573026,5.355926582923078,360.88439893722534
-2.397652919338544,-4.563162879944184,6.716897587203733,-4.256507707629826,-5.779004823942784,5.432248121305668,-0.2994719672373775,0.003484013329979727,-0.013643356031174168,0.9540011851807617,-0.1372257948498362,0.040456430347252235,0.20059909744762164,-0.008194986094167689,0.0014612311133532785,0.0166534140589647,15102,63000000,11.91,0,2,2,-5.749638646432134,-7.323251338376311,5.4188663247460775,-5.749638646432134,-7.323251338376311,5.4188663247460775,361.2306652069092
-2.397652919338544,-4.563162879944184,6.716897587203733,-4.220776273691047,-5.768247766736549,5.483914674911092,-0.30165590262798986,0.003615936501996159,-0.01462157633973795,0.9532978815240529,-0.13617712105901206,0.03780598458666372,0.19889647315707387,-0.0077645215242228005,0.0016517186963938002,0.01865808171714889,15102,329000000,11.61,0,2,2,-5.698037563002883,-7.292409309779808,5.475800545129589,-5.698037563002883,-7.292409309779808,5.475800545129589,361.5760877132416
-2.4265808491002945,-4.467291041887107,6.761191063713475,-4.185671033102426,-5.756970520822287,5.535158155417028,-0.30408031852727324,0.0037180041115425057,-0.015537861089303131,0.9525124204977843,-0.13523782057298744,0.03522706120287168,0.19698656674477338,-0.006584495213246555,0.0016009399814720382,0.019890062867489178,15102,586000000,11.27,0,2,2,-5.698037563002883,-7.292409309779808,5.475800545129589,-5.647683370681192,-7.260915609190457,5.531897229902155,361.9374568462372
-2.458190425185273,-4.37109741122714,6.801937735804835,-4.153808554009212,-5.746130490235828,5.581913849635364,-0.3063434148319724,0.0036608672597166674,-0.015761875166311477,0.9517835224100248,-0.13474245332401696,0.03226454394923717,0.19453607658652,0.025415991694899276,0.00030007791309571985,0.019491185958031565,15102,850000000,10.89,0,2,2,-5.698037563002883,-7.292409309779808,5.475800545129589,-5.601647223654345,-7.232423477483649,5.587701912519934,362.2877686023712
-2.458190425185273,-4.37109741122714,6.801937735804835,-4.1201255837426745,-5.732784438656286,5.632022711839311,-0.3087001498026616,0.0027763221923510087,-0.012259964793401974,0.9510763391075203,-0.13630146476431443,0.02537847014477776,0.19215940249122304,0.02581883509265026,-0.0025047962935786927,0.018812596499628853,15103,91000000,10.54,0,2,2,-5.698037563002883,-7.292409309779808,5.475800545129589,-5.565130677418964,-7.211435598482188,5.639437899912846,362.65080881118774
-2.492362041105416,-4.274719146831802,6.839055545102903,-4.082492978327111,-5.714781790401495,5.689180516413283,-0.31139081253597883,0.002153239823555999,-0.008928881989061423,0.950237549506896,-0.13762154500325624,0.017957950222463968,0.18927945096843396,0.01899174149002647,-0.0027590479476202745,0.018612732674228027,15103,348000000,10.21,0,2,2,-5.531238590580723,-7.193688538497499,5.696133885188579,-5.531238590580723,-7.193688538497499,5.696133885188579,363.0289115905762
-2.5289696732811873,-4.178291355680664,6.872469741279475,-4.053264170927643,-5.698717001995981,5.734251175098421,-0.3134968252623753,0.0018473152633887847,-0.006956284025459737,0.949561971694995,-0.13818507556482565,0.013134314146007164,0.18666127627667348,0.010850127455341863,-0.002235602732980624,0.018405181253910996,15103,646000000,9.9,0,2,2,-5.531238590580723,-7.193688538497499,5.696133885188579,-5.4977777870521445,-7.177831838810176,5.76262303488576,363.3768801689148
-2.56788116587496,-4.081946736232923,6.902113032590306,-4.0224279573989365,-5.679980646510976,5.782383321779607,-0.3157770117581566,0.0016618079988460657,-0.005612054092058259,0.9488153782944981,-0.13841328314215995,0.008101901964004543,0.18383866604830865,0.014536818707711063,-0.0016153268802554521,0.018699155043577775,15103,892000000,9.68,0,2,2,-5.531238590580723,-7.193688538497499,5.696133885188579,-5.474715589520868,-7.167397991963864,5.815391878803465,363.7222294807434
-2.56788116587496,-4.081946736232923,6.902113032590306,-3.992543228697165,-5.6597686613857165,5.829796572859011,-0.3181334629052503,0.0013252456034298767,-0.003916553360546586,0.9480369212819606,-0.13877999135026337,0.0024589201825458962,0.18108130684996518,0.01081873597286176,-0.0014198175563251425,0.019618580881797243,15104,142000000,9.44,0,2,2,-5.531238590580723,-7.193688538497499,5.696133885188579,-5.452817831185759,-7.157353800182258,5.8714841617959195,364.0739014148712
-2.6089585330799085,-3.985815231137935,6.927925721391705,-3.9636469117497457,-5.638093723458834,5.876511799969156,-0.32060956929282997,0.0010858364020231916,-0.0026938864890396234,0.9472069826668077,-0.13893389978642426,-0.002658482617120616,0.17828613230376875,0.007746111168671632,-0.001047967498379876,0.020177639635221567,15104,409000000,9.21,0,2,2,-5.531238590580723,-7.193688538497499,5.696133885188579,-5.433644422697496,-7.147972916529224,5.926460133543326,364.444212436676
-2.652058278119881,-3.8900236902344916,6.949855824363648,-3.9334988067066177,-5.6134904997962005,5.925900680500971,-0.32327123738444036,0.0009510829704572937,-0.001897986842773972,0.9463039681661809,-0.13864758412138592,-0.006887603062137547,0.1746185476369035,0.0012639436249628488,-0.0005077948003417987,0.020238484830770176,15104,670000000,8.98,0,2,2,-5.531238590580723,-7.193688538497499,5.696133885188579,-5.416386216929647,-7.138454467497841,5.980539871641712,364.8212983608246
-2.652058278119881,-3.8900236902344916,6.949855824363648,-3.9043142353699327,-5.587870840603858,5.974224009342997,-0.3259918749219016,0.0009550225912562661,-0.0018299230840966968,0.9453703172822064,-0.13804313479453512,-0.010783010419481208,0.1707665663642716,-0.0016941560488703544,9.682819452905278e-05,0.02093125531246187,15104,951000000,8.73,0,2,2,-5.395333796664419,-7.1232824952626785,6.0368626662309675,-5.395333796664419,-7.1232824952626785,6.0368626662309675,365.16697335243225
-2.6970317281683824,-3.7946955447527406,6.967859177197259,-3.878056798051635,-5.563297367428046,6.018135503444982,-0.32859769959311286,0.000998179494957919,-0.002027155978826824,0.9444672816452921,-0.1373659830822475,-0.013965046077275205,0.1670615825428507,-0.0016966440739452082,0.00029971898243275064,0.021169546380406246,15105,227000000,8.46,0,2,2,-5.395333796664419,-7.1232824952626785,6.0368626662309675,-5.368242953302349,-7.099475903931894,6.090632892183866,365.5120894908905
-2.7437253843499,-3.6999504935978362,6.981899523535869,-3.8525446659594027,-5.538133367009736,6.061005606436017,-0.33117593273001183,0.0009317086046313672,-0.001927916086375835,0.9435665936429958,-0.1367485843013312,-0.017111752169030194,0.16285406802589328,0.009754299207997974,-6.958447684723978e-05,0.021178650058573112,15105,484000000,8.21,0,2,2,-5.339649450838948,-7.0721030734788375,6.138581900153086,-5.339649450838948,-7.0721030734788375,6.138581900153086,365.8740303516388
-2.7919812859434368,-3.605904202557586,6.9919485879904775,-3.8279309235441623,-5.511990613874719,6.102783829252316,-0.33382156910053995,0.0005982669420625485,-0.0007926930394215378,0.9426357587730612,-0.1366842602586687,-0.02158934327886961,0.15868715663323957,0.007511490230172058,-0.0006290708597589401,0.02199343598476844,15105,746000000,7.96,0,2,2,-5.310583130960542,-7.042860267314774,6.185246553500576,-5.310583130960542,-7.042860267314774,6.185246553500576,366.25208497047424
-2.7919812859434368,-3.605904202557586,6.9919485879904775,-3.80247939552737,-5.4825999222595305,6.146545448827429,-0.33678743252202337,0.0003438091987788724,0.00019706875452466107,0.9415806222806223,-0.13669461936000124,-0.02655172240884255,0.1541724398525143,0.008268004512501648,-0.0007485674245799601,0.023076879733707756,15106,5000000,7.73,0,2,2,-5.310583130960542,-7.042860267314774,6.185246553500576,-5.285089836185977,-7.015983148891456,6.23163032157831,366.6259648799896
-2.8416373878679044,-3.5126680172366744,6.997986133082629,-3.7781559591034015,-5.451869392725339,6.189021099149633,-0.33988504500315375,9.718681032782315e-05,0.0011993633148915652,0.9404662185669227,-0.13668728294900806,-0.03129120013990212,0.14957066503259753,0.006270307858358137,-0.0007786431638123759,0.023521089315181598,15106,287000000,7.5,0,2,2,-5.310583130960542,-7.042860267314774,6.185246553500576,-5.262218119671471,-6.990264457582363,6.281696156657543,366.99270963668823
-2.8925279504904227,-3.420348690478687,7.0,-3.7548579984081423,-5.420067164363252,6.230125138265428,-0.3429656832552725,-6.123110594847777e-05,0.0018973789873387708,0.9393460152217465,-0.13640212531722967,-0.03505815704839261,0.1446140793770722,0.0030224945021473104,-0.0005056560951288702,0.023473985311284196,15106,565000000,7.3,0,2,2,-5.310583130960542,-7.042860267314774,6.185246553500576,-5.243618749459865,-6.9672862848506485,6.332201056402387,367.3661687374115
-2.9444839407633383,-3.3290481249933923,6.997986133082629,-3.7340742004927936,-5.389732166638051,6.267006817680945,-0.34585198458059657,-0.0001272114493821488,0.0021777862615929644,0.938286547823163,-0.13607371028980636,-0.03830449704114337,0.139827898733646,0.00017666581157982364,-0.0001239777958517152,0.02393995146121597,15106,840000000,7.15,0,2,2,-5.310583130960542,-7.042860267314774,6.185246553500576,-5.228296067058748,-6.945925508414201,6.383231140460627,367.719938993454
-2.9444839407633383,-3.3290481249933923,6.997986133082629,-3.7141044820122255,-5.358702144831936,6.3026081821994175,-0.34881217378597584,-0.00013229124115192166,0.0021481076831767554,0.9371901811004589,-0.13561043583564586,-0.04150898610043176,0.13481983488255567,-0.0015678014506192994,0.0002637634963775781,0.02465923535055481,15107,108000000,7.05,0,2,2,-5.310583130960542,-7.042860267314774,6.185246553500576,-5.216223122895031,-6.926639859262234,6.431052737078224,368.0753970146179
-2.997333443662269,-3.2388631318613967,6.9919485879904775,-3.693545126058954,-5.324555096052538,6.339447610112009,-0.3520870741802844,-0.0001200818193871976,0.0019176416409234778,0.9359652773613241,-0.13493765505670446,-0.0446859023079937,0.1291581815773012,-0.0019164251625625184,0.0005137525192822068,0.024911849504860584,15107,371000000,6.96,0,2,2,-5.310583130960542,-7.042860267314774,6.185246553500576,-5.200534061573196,-6.9019308041353105,6.476791434926683,368.4216616153717
-3.050902082867557,-3.149885205540721,6.981899523535869,-3.6752339793934685,-5.292383402605316,6.372252085975244,-0.35509804333234163,-8.882170089912422e-05,0.0016177925072927146,0.9348276603094556,-0.13417224389903382,-0.046794017102749615,0.12388604024087568,-0.004412290718391887,0.0006211909408193605,0.024920941723394208,15107,648000000,6.84,0,2,2,-5.310583130960542,-7.042860267314774,6.185246553500576,-5.176195761471902,-6.865590570084426,6.521725303350575,368.759220123291
-3.050902082867557,-3.149885205540721,6.981899523535869,-3.6576266524562175,-5.259837991263951,6.40364248480143,-0.3581711413636443,2.4793570010484727e-05,0.0010433602472799323,0.9336553669737766,-0.13345928298175108,-0.04898081778084622,0.11818489455811332,-0.005513171663551475,0.0008352552242740785,0.025773920788196847,15107,907000000,6.73,0,2,2,-5.310583130960542,-7.042860267314774,6.185246553500576,-5.148010248684222,-6.824256336680021,6.559470329902863,369.11062502861023
-3.1050134496039394,-3.062200315950648,6.967859177197259,-3.640740977695674,-5.2269025092492765,6.433528020663188,-0.36134632941245376,0.0001435668729819936,0.00039313524490468656,0.9324315819690894,-0.13271652442544013,-0.0510212750574202,0.11220310777774833,-0.004592023105942644,0.0009692869411992433,0.026179993983532768,15108,160000000,6.59,0,2,2,-5.310583130960542,-7.042860267314774,6.185246553500576,-5.116558539445105,-6.778022250259537,6.5938757749739105,369.47463059425354
-3.159489538528554,-2.9758887181581546,6.949855824363648,-3.623280580899675,-5.191167525579525,6.463999146255486,-0.3647506624887589,0.0002490207645907725,-0.0002592115416821467,0.9311051632399248,-0.13176922919391768,-0.05262202049204223,0.10570778641522591,-0.005693399316442083,0.0010183861945733952,0.026527528098085895,15108,422000000,6.45,0,2,2,-5.310583130960542,-7.042860267314774,6.185246553500576,-5.084317962674662,-6.729460808556124,6.62550195194974,369.8133268356323
-3.159489538528554,-2.9758887181581546,6.949855824363648,-3.610098347074362,-5.162892445894753,6.4866808597803125,-0.3675124548151332,0.00035568220098503576,-0.0008411803016667093,0.9300181511463239,-0.13111716807546342,-0.05404694241418467,0.10061689805034937,-0.00566628395972657,0.001094671483770071,0.027444070474302862,15108,701000000,6.3,0,2,2,-5.310583130960542,-7.042860267314774,6.185246553500576,-5.050383611468105,-6.676356100985092,6.656840316506929,370.15794372558594
-3.214151189536002,-2.8910247801396665,6.927925721391705,-3.5962632070107343,-5.131807812277586,6.510121833761423,-0.37064542110156684,0.0004701683652187583,-0.0014957220735652321,0.9287731227666038,-0.1305060320357491,-0.05562221684380925,0.09465756551404515,-0.005186287353353691,0.0011605175245676946,0.028235614263394382,15108,924000000,6.18,0,2,2,-5.310583130960542,-7.042860267314774,6.185246553500576,-5.027259544865131,-6.6371026809916565,6.680232313047945,370.51735854148865
-3.2688185343304266,-2.807676829038037,6.9021130325903055,-3.580779122873477,-5.095317643627632,6.535677162179859,-0.3742840310946352,0.0005916603028602873,-0.002200207350703514,0.9273113140112386,-0.12973340538571648,-0.056962009397851274,0.08759485534518954,-0.005692211288987892,0.0011476638974272646,0.028235763056727592,15109,175000000,6.06,0,2,2,-5.310583130960542,-7.042860267314774,6.185246553500576,-5.006358884334807,-6.597623994500216,6.7047986687261965,370.8796591758728
-3.323311446599366,-2.725907016280158,6.872469741279474,-3.567030633643732,-5.061196907853276,6.557681319184905,-0.3777362768198135,0.0007179389182985242,-0.002897172506007733,0.9259084167073356,-0.12918156174810227,-0.05853324431254046,0.08098929641955724,-0.005459117346617859,0.0011922990324819693,0.02908044189098291,15109,438000000,5.95,0,2,2,-5.310583130960542,-7.042860267314774,6.185246553500576,-4.987007940630192,-6.555263277094208,6.731886754997241,371.2289524078369
-3.323311446599366,-2.725907016280158,6.872469741279474,-3.5529682228922566,-5.024082382108793,6.579426758250329,-0.3815610661144185,0.0008475814869146855,-0.0036096707356555856,0.9243361967966155,-0.12873079264296683,-0.06058531914145794,0.07343886098950213,-0.0050232950798090314,0.0011137597880406247,0.030169341152941342,15109,704000000,5.86,0,2,2,-5.310583130960542,-7.042860267314774,6.185246553500576,-4.973956668335834,-6.519570216392286,6.755557306311706,371.57237243652344
-3.377449994611429,-2.645771201865616,6.8390555451029025,-3.5406150669878897,-4.989238203147712,6.597746424087256,-0.38523446729622224,0.0009628942176208705,-0.004215970758993115,0.9228085953394023,-0.12834339148621746,-0.06225090776038743,0.06648550828214303,-0.0045785516249452485,0.001117023498409253,0.030519175015797373,15109,978000000,5.81,0,2,2,-5.310583130960542,-7.042860267314774,6.185246553500576,-4.964881809774103,-6.484947307654701,6.779810045519558,371.90388464927673
-3.431054895051064,-2.567318858080564,6.8019377358048345,-3.529751453593155,-4.956852670431864,6.613127512277611,-0.3885849994670689,0.0010505149844099618,-0.0047412936873471295,0.9214000839709187,-0.12789998177616163,-0.06337920363587249,0.060313327656616934,-0.004609466532201623,0.0011640694879133662,0.030405144025280606,15110,242000000,5.81,0,2,2,-5.310583130960542,-7.042860267314774,6.185246553500576,-4.960374162272584,-6.455546796669928,6.8013475603626095,372.247257232666
-3.431054895051064,-2.567318858080564,6.8019377358048345,-3.5194097257991808,-4.924246383040237,6.626992466417162,-0.39199021742340706,0.001147166327176217,-0.005276479610969564,0.9199535380749848,-0.1275518878980736,-0.06475445205656509,0.05366592439121376,-0.0047063728743523825,0.0011360841881469241,0.03107673765043728,15110,483000000,5.86,0,2,2,-5.310583130960542,-7.042860267314774,6.185246553500576,-4.958707175483856,-6.429907769870558,6.820183810950149,372.60607171058655
-3.4839479668973814,-2.4905929928344888,6.761191063713474,-3.508827993318714,-4.88862361875956,6.640194733247794,-0.3957202886565018,0.0012624885772059206,-0.005857597099874049,0.9183515382599535,-0.12719963800454054,-0.0662513375147427,0.04629687341084374,-0.004438532369022141,0.0010993308251272538,0.03130773147859145,15110,733000000,5.95,0,2,2,-5.310583130960542,-7.042860267314774,6.185246553500576,-4.958416226071883,-6.404721604293523,6.837489771511796,372.9694902896881
-3.5359525841516604,-2.4156300927604164,6.716897587203732,-3.500339928124874,-4.858309967650666,6.649969987180086,-0.3988856699313713,0.0013548614382515815,-0.006318256755417676,0.9169778984825406,-0.12682663803864974,-0.06710086922100642,0.04058646544327274,-0.004245594027452171,0.0010840823961189017,0.031461800244869664,15110,990000000,6.08,0,2,2,-5.310583130960542,-7.042860267314774,6.185246553500576,-4.958459652970099,-6.3765395292188565,6.854213458868487,373.32963609695435
-3.5359525841516604,-2.4156300927604164,6.716897587203732,-3.4908411364317233,-4.8222482049914746,6.6598279918252965,-0.4026710193716924,0.0014666402637724756,-0.006862877723264504,0.9153178683025116,-0.1266995079708006,-0.06849438464994685,0.032974737115691086,-0.00406733961426653,0.0010741895380306232,0.03197795231244527,15111,214000000,6.22,0,2,2,-5.310583130960542,-7.042860267314774,6.185246553500576,-4.959582516087808,-6.35269384829198,6.866904392829401,373.6903009414673
-3.586894126218148,-2.3424600861619225,6.669146507442607,-3.481299769416579,-4.783046914813186,6.668218133021869,-0.40677845279108327,0.00157890809302361,-0.007398090594711708,0.913495520322721,-0.12652532416570814,-0.06996754839629533,0.024718090399955907,-0.0037017785871285014,0.0010477526416252658,0.03215529904991854,15111,476000000,6.48,0,2,2,-5.310583130960542,-7.042860267314774,6.185246553500576,-4.963169957478882,-6.323026665312516,6.881378258143046,374.0441164970398
-3.636600424746965,-2.271106325832519,6.6180339887498985,-3.4730301486444075,-4.746411676793889,6.674103534107497,-0.4106001655758367,0.0016725841592813632,-0.007866304632117186,0.9117800325422576,-0.12626661729327598,-0.07091946935934332,0.01775297450941997,-0.0037849550835744594,0.0010219563478131022,0.03233063434890937,15111,742000000,6.72,0,2,2,-5.310583130960542,-7.042860267314774,6.185246553500576,-4.968831585613369,-6.296169188538127,6.893144840229812,374.4194805622101
-3.6849022057545895,-2.201585591715775,6.563662964936066,-3.465317279929784,-4.70953955280138,6.678175861888094,-0.4144464796085578,0.0017801572513506223,-0.008329928568872788,0.9100338229265277,-0.12618598148707816,-0.07209546968600127,0.010542211890098182,-0.003521400617501058,0.0009246483671176975,0.03264778570155613,15112,14000000,7.03,0,2,2,-5.310583130960542,-7.042860267314774,6.185246553500576,-4.976386006570391,-6.269513955502251,6.903230773002644,374.7650167942047
-3.6849022057545895,-2.201585591715775,6.563662964936066,-3.4576878597479315,-4.66946475251858,6.68041878006571,-0.41863026977651907,0.001900865950896152,-0.00879395081489238,0.9081121904063071,-0.1263121890016117,-0.07377681568265627,0.0021927064879138586,-0.0033107789931818843,0.0008252634415839566,0.033189709938596934,15112,273000000,7.39,0,2,2,-5.310583130960542,-7.042860267314774,6.185246553500576,-4.985461494885206,-6.24281635716367,6.911758298273337,375.1132776737213
-3.731633525847707,-2.133908113317202,6.506142932007231,-3.4512499121207934,-4.631839388761789,6.6804097663792374,-0.4225706964627567,0.002014920992234139,-0.0092006730265329,0.906281023855313,-0.12647859004627687,-0.07518540102477562,-0.0054984659251414245,-0.0031807491723157,0.0008417185483722278,0.03330124709464144,15112,537000000,7.81,0,2,2,-5.310583130960542,-7.042860267314774,6.185246553500576,-4.990754550744103,-6.208389565113643,6.917849527577822,375.47410702705383
-3.7766322013895053,-2.0680776117219892,6.445589727654784,-3.44580496006329,-4.596884689514537,6.67876120555993,-0.4261647243592348,0.00210963966717804,-0.009562504191155796,0.9045925799197592,-0.12638653122306495,-0.07600421776104854,-0.011949332737235167,-0.0030598498369727167,0.0008688678633461677,0.0330091206706129,15112,810000000,8.21,0,2,2,-5.310583130960542,-7.042860267314774,6.185246553500576,-4.987539809065525,-6.167439772949295,6.919424063285598,375.8075313568115
-3.7766322013895053,-2.0680776117219892,6.445589727654784,-3.4404398401809275,-4.5587814454707924,6.675170849975973,-0.43005370173296753,0.0022146539276177006,-0.009937396870753725,0.9027458983995362,-0.12649845238732094,-0.07711804625261309,-0.01957235833358756,-0.0026805807237906265,0.0007330461926358112,0.03323943237774074,15113,56000000,8.63,0,2,2,-5.310583130960542,-7.042860267314774,6.185246553500576,-4.977866100490706,-6.119189018062927,6.917135464972969,376.15923261642456
-3.819740229463986,-2.0040913610163287,6.382125297973734,-3.4356197448636516,-4.520351928205247,6.669580445570633,-0.43396641621352283,0.0023258429135765285,-0.010265949314258019,0.9008675542709981,-0.12681911674359286,-0.07812601931729675,-0.027230246634195217,-0.0026931420052278554,0.0007037992816094629,0.03330961590108927,15113,309000000,9.01,0,2,2,-5.310583130960542,-7.042860267314774,6.185246553500576,-4.964428272840454,-6.069593556235491,6.911933491712135,376.5220694541931
-3.860804199513675,-1.9419402688543215,6.315877451879432,-3.4309400999718633,-4.478736558972879,6.661544430269328,-0.43814117778265055,0.002425197465697997,-0.010619394136470173,0.8988401722312251,-0.12693406753741956,-0.07864572226988831,-0.034514452562024234,-0.0023203444470709655,0.0008248730068771692,0.03313324777991511,15113,577000000,9.48,0,2,2,-5.310583130960542,-7.042860267314774,6.185246553500576,-4.945309957441971,-6.007868727051218,6.902763082372789,376.8557503223419
-3.8996756945484794,-1.88160897585772,6.246979603717477,-3.4270771552016424,-4.4398778819937545,6.652244919833538,-0.44202067570455617,0.0025028456711992655,-0.010907989013245085,0.8969350443532245,-0.12721958664704075,-0.07942116116219708,-0.04160208864423786,-0.0020503206997091183,0.0006955046274015331,0.033382861874997616,15113,842000000,9.91,0,2,2,-5.310583130960542,-7.042860267314774,6.185246553500576,-4.927935967400067,-5.950369850459389,6.891904742274665,377.1935648918152
-3.8996756945484794,-1.88160897585772,6.246979603717477,-3.42393894177659,-4.403740146190578,6.64198609630452,-0.44562707154766257,0.0025860165620195897,-0.011140460788221757,0.8951456394104934,-0.12771328233256565,-0.08032705145699455,-0.048571481467153704,-0.001877254794635519,0.0005002511898055673,0.03370952581462916,15114,100000000,10.37,0,2,2,-5.310583130960542,-7.042860267314774,6.185246553500576,-4.914715220983989,-5.896279617069984,6.879548411157783,377.5475902557373
-3.9362116808494942,-1.8230759734817077,6.1755705045849485,-3.421030387737654,-4.364258251226391,6.628951902072377,-0.4495587897694706,0.0026944342427916617,-0.01137215803186143,0.8931742879118378,-0.12821881087081874,-0.0812762081804844,-0.05620853309016334,-0.0020903873519273475,0.0004895059248610778,0.03351914529048372,15114,350000000,10.8,0,2,2,-4.9063545626567935,-5.849592402732145,6.866969883797157,-4.9063545626567935,-5.849592402732145,6.866969883797157,377.914443731308
-3.9702748851199168,-1.766313739927293,6.10179396290421,-3.4183988272347814,-4.321469179567341,6.61289818294331,-0.4536823124692009,0.0027934475171112185,-0.011634904779790654,0.891083152682359,-0.12862081244367002,-0.08183814304466315,-0.06350390662661648,-0.0015294148852262879,0.0005661118677835475,0.0329201891872799,15114,611000000,11.28,0,2,2,-4.9063545626567935,-5.849592402732145,6.866969883797157,-4.898960606211027,-5.800221705341026,6.851625738992679,378.2715229988098
-3.9702748851199168,-1.766313739927293,6.10179396290421,-3.4164311610462916,-4.2814324725616535,6.596164077348864,-0.4574282888035046,0.002634225111741638,-0.011294359625556596,0.8891708828459277,-0.1296942144559652,-0.08390167758760662,-0.07014140740163774,0.019172984320903197,-0.0010810571552610782,0.02893888613471063,15114,882000000,11.8,0,2,2,-4.9063545626567935,-5.849592402732145,6.866969883797157,-4.893487602833457,-5.748966911144438,6.83312643078412,378.60620880126953
-4.001734158066968,-1.711288893629383,6.0257985548118205,-3.4153931653414897,-4.240307012989501,6.577799147516992,-0.460276824586752,0.0018859761508515272,-0.009081992427988192,0.8877269880181816,-0.13191868577682953,-0.0893684191368194,-0.07553826370284678,0.016641150614304934,-0.0030942608646000735,0.021755673151346855,15115,148000000,12.27,0,2,2,-4.9063545626567935,-5.849592402732145,6.866969883797157,-4.892075603739304,-5.704360652503316,6.814313019653784,378.94858598709106
-4.030464823432771,-1.657962363799749,5.947737324945996,-3.4153055933169285,-4.198097275873573,6.558124497224981,-0.46261812488120285,0.0013887798687331593,-0.007202661257244053,0.8865273055539176,-0.1335815423097774,-0.09371375396872109,-0.07997524467582695,0.013070052682451205,-0.0030454709985860973,0.020076712462469004,15115,399000000,12.6,0,2,2,-4.9063545626567935,-5.849592402732145,6.866969883797157,-4.893595189412768,-5.662254563331494,6.7941476679810355,379.3191030025482
-4.030464823432771,-1.657962363799749,5.947737324945996,-3.41605969362935,-4.151648404209975,6.535430287272881,-0.4651831599772748,0.0010172278317800636,-0.0056140146240542445,0.8851960662818695,-0.13533398100055133,-0.09743975721546963,-0.08551196003725638,0.010013231803895906,-0.0025642756327215466,0.021510111582756508,15115,669000000,12.83,0,2,2,-4.9063545626567935,-5.849592402732145,6.866969883797157,-4.897306796540918,-5.622101279319354,6.772795301600341,379.6843364238739
-4.05634901152925,-1.6062895774554242,5.867767478235119,-3.417448973816141,-4.107739848603886,6.512832785604778,-0.46773478248697875,0.0007689211873219057,-0.004478836893726978,0.8838571841831381,-0.13663241795214282,-0.1001236678227023,-0.09063164080735615,0.00749511928006541,-0.0019653635945360293,0.022531569265993312,15115,944000000,13.08,0,2,2,-4.9063545626567935,-5.849592402732145,6.866969883797157,-4.904469598930552,-5.581569140072468,6.748452950528294,380.01262378692627
-4.079275976371747,-1.5562206623165327,5.786050063307853,-3.4193837413064765,-4.063346407931266,6.489007246273831,-0.47034893720505955,0.0005635757284883332,-0.0036046085600626417,0.882472983410596,-0.1374455115979774,-0.10195107609724907,-0.09488982938828358,0.006638537615799578,-0.0015655918105039746,0.02350595168536529,15116,198000000,13.31,0,2,2,-4.9063545626567935,-5.849592402732145,6.866969883797157,-4.911677052674137,-5.5441005712763145,6.724229741864354,380.3484454154968
-4.099142395547844,-1.5077006649126659,5.702749648162695,-3.4216266660158325,-4.022016526255506,6.465929689390677,-0.4729226053808231,0.0003979468923124504,-0.0028950358172945183,0.8810991259362941,-0.13821712479797849,-0.10346216776323325,-0.0992715214690552,0.0055607230933674145,-0.0014753189248040144,0.024957054483820684,15116,460000000,13.54,0,2,2,-4.920125145511342,-5.507387119624081,6.698440829053468,-4.920125145511342,-5.507387119624081,6.698440829053468,380.6877782344818
-4.099142395547844,-1.5077006649126659,5.702749648162695,-3.424487060948193,-3.9768958185356285,6.439576358145148,-0.47584521284215,0.0002637129812035259,-0.002234193172101071,0.879526163483237,-0.13918541721702185,-0.10475431721518107,-0.10492395188469401,0.004951835444444441,-0.0014422969002225727,0.026221877851639874,15116,698000000,13.77,0,2,2,-4.920125145511342,-5.507387119624081,6.698440829053468,-4.929755628658718,-5.474826290122624,6.6732690771838845,381.0490915775299
-4.115852652002626,-1.460669783193934,5.618033988749894,-3.4277600641042936,-3.9314289175369552,6.411649392432681,-0.4789046737020698,0.00016295519473690932,-0.0016726037064001267,0.877865302508739,-0.14009048375489935,-0.1057158048683641,-0.11054863044791523,0.0034152544003518415,-0.0011275529686827213,0.026963958589476533,15116,966000000,14.03,0,2,2,-4.942582408633232,-5.441224118588265,6.644303824511953,-4.942582408633232,-5.441224118588265,6.644303824511953,381.4394872188568
-4.129319096968019,-1.415063612902056,5.532073691133353,-3.4316441976360923,-3.882270009923701,6.380123850036265,-0.4821349642276156,0.00012033761196625619,-0.0013396945160192382,0.8760959234049079,-0.14055589397979948,-0.10592006979455611,-0.11553497506685795,8.308306576054747e-05,-0.0005690651676104608,0.023739463540550787,15117,220000000,14.3,0,2,2,-4.942582408633232,-5.441224118588265,6.644303824511953,-4.95755695281865,-5.408784166003559,6.6133099579409915,381.81907653808594
-4.129319096968019,-1.415063612902056,5.532073691133353,-3.4358351263763187,-3.833079842399476,6.347104740165283,-0.48471049454587717,0.0001908387169573003,-0.001360910548178944,0.8746735665264815,-0.14069138145184473,-0.10588506015561758,-0.1211691168938338,-0.00128609708553995,-0.0002150390443489414,0.018776235629047733,15117,509000000,14.61,0,2,2,-4.974670976118731,-5.373722482364056,6.577366612908915,-4.974670976118731,-5.373722482364056,6.577366612908915,382.2018232345581
-4.139462293312903,-1.3708134069182165,5.445041867912635,-3.440560031983906,-3.780378930362279,6.309893097022431,-0.48696477896839885,0.00030977948587029565,-0.001543288242578191,0.8734201888795157,-0.14068785247034,-0.10551910100616288,-0.12716799471225237,-0.0017703754679132544,8.961793938055962e-05,0.01593590095581021,15117,792000000,14.84,0,2,2,-4.974670976118731,-5.373722482364056,6.577366612908915,-4.984659558837518,-5.331256299011814,6.538683997618774,382.59175395965576
-4.146211238641287,-1.327846346768223,5.357113789597283,-3.4454546527795618,-3.7278546121547675,6.271162270017089,-0.48895494894730457,0.00040583127681547944,-0.0017712770277956659,0.8723071453213049,-0.14031412774670954,-0.10486311579446292,-0.13198411703604174,-0.0015098874087016156,0.00022989578098986385,0.014694802121084649,15118,96000000,15.04,0,2,2,-4.974670976118731,-5.373722482364056,6.577366612908915,-4.986512731219315,-5.27713656307335,6.4949120626799175,382.94915866851807
-4.149503567518681,-1.286085825431384,5.26846653163531,-3.4498052985007583,-3.6824710124696787,6.236394956517564,-0.4906022429012799,0.00046233951076470547,-0.0019224092838421986,0.8713813917252051,-0.14022337253629563,-0.10442271407804504,-0.13644232042677318,-0.00031581252812884486,7.982560177310916e-05,0.014821797776676249,15118,388000000,15.21,0,2,2,-4.974670976118731,-5.373722482364056,6.577366612908915,-4.980874721516268,-5.215955921369977,6.449018602116594,383.280344247818
-4.149503567518681,-1.286085825431384,5.26846653163531,-3.4549513084691115,-3.630132859284316,6.1947716405841735,-0.4926276338538552,0.00046996894792826374,-0.0018957246457746893,0.8702380132589057,-0.14048749213658668,-0.10418341680552286,-0.1421170118290042,0.0011670943536046252,-0.0002969624375737112,0.016279656119877473,15118,648000000,15.34,0,2,2,-4.971316992914304,-5.158570310776794,6.4076032471087405,-4.971316992914304,-5.158570310776794,6.4076032471087405,383.6441116333008
-4.149285732261113,-1.2454517405684427,5.17927861780687,-3.460252992076758,-3.577803831340961,6.151431715886642,-0.49480356933832437,0.0004601965420683115,-0.001777297547175329,0.869002909777997,-0.1405554398789881,-0.10379219614208546,-0.14729939399252617,0.000162177654772222,-0.0001983640004254994,0.016585865159868263,15118,939000000,15.51,0,2,2,-4.971316992914304,-5.158570310776794,6.4076032471087405,-4.957810320176147,-5.090214365048249,6.358054735219948,384.0077292919159
-4.145513161777275,-1.2058607972548092,5.089729660701036,-3.4660344746109253,-3.5221770067340334,6.103734825934809,-0.4970093795661775,0.0005400590645569629,-0.0019065040475944339,0.8677429055899947,-0.14018013223703107,-0.10268886706898647,-0.15188437793821294,-0.002774173958641768,0.0002793406054024672,0.014177952471072786,15119,243000000,15.69,0,2,2,-4.971316992914304,-5.158570310776794,6.4076032471087405,-4.945275793880388,-5.023030569733078,6.306749430541628,384.4231581687927
-4.138150398011617,-1.167226819279526,4.999999999999996,-3.470718909390195,-3.4772511747132135,6.063863879856155,-0.4984957082885166,0.0006376254703763032,-0.0021746032235627866,0.8668892047733143,-0.13980061840225436,-0.10159148513224359,-0.15588822120233886,-0.000706398117245044,0.00033909178398516815,0.01276248176509398,15119,560000000,15.87,0,2,2,-4.971316992914304,-5.158570310776794,6.4076032471087405,-4.938513735785198,-4.957693994604217,6.250171373242874,384.7538528442383
-4.138150398011617,-1.167226819279526,4.999999999999996,-3.475755420052732,-3.429054301538526,6.019724539279884,-0.5000472184122648,0.0006303900223000976,-0.0022057048870396385,0.8659951020834515,-0.1397078622244044,-0.10086884554064049,-0.16056945465056005,0.001131043097757356,-5.2479080281386814e-05,0.013076454160909634,15119,824000000,15.98,0,2,2,-4.938485114362952,-4.909609978306114,6.202675195851606,-4.938485114362952,-4.909609978306114,6.202675195851606,385.11473274230957
-4.127171209594953,-1.129461068046768,4.910270339298969,-3.480839442413385,-3.3809610368677525,5.974256274422873,-0.5016648586700576,0.000593526201455797,-0.0020915829898146623,0.865059328938077,-0.1395385080124714,-0.1003125731303202,-0.16481922010180816,0.000399247142013337,-9.127806208653055e-05,0.013405642221187009,15120,110000000,16.11,0,2,2,-4.943636104068592,-4.862235735157431,6.149628605889496,-4.943636104068592,-4.862235735157431,6.149628605889496,385.52654695510864
-4.112558682368897,-1.0924725680962926,4.820721382193136,-3.4867072745898278,-3.326311179861228,5.921141865971101,-0.5034409189353445,0.0006473639008222506,-0.002214434047594442,0.8640265727067452,-0.13873698207354862,-0.09887950168595949,-0.16841649696507371,-0.0032476065598530113,0.0005328768168055831,0.01101454472518526,15120,395000000,16.26,0,2,2,-4.943636104068592,-4.862235735157431,6.149628605889496,-4.953593159277688,-4.818742332315062,6.094255270652765,385.89211440086365
-4.094305286511201,-1.0561684382415397,4.731533468364695,-3.4917121958517474,-3.2789352854598,5.873646836646936,-0.5045974977087487,0.0007709017094552828,-0.0026237474145975595,0.8633503848184282,-0.13797851515977247,-0.09708511601523019,-0.17216830125788202,-0.002883441675294307,0.0007556437026323692,0.008270005855592899,15120,702000000,16.44,0,2,2,-4.970482318631215,-4.773634155982677,6.02770291993443,-4.970482318631215,-4.773634155982677,6.02770291993443,386.25935101509094
-4.094305286511201,-1.0561684382415397,4.731533468364695,-3.495850040707713,-3.2386238108581793,5.8320643074332095,-0.505378275035842,0.0008349335070293822,-0.0028907930198943475,0.8628926615307095,-0.13758114833580065,-0.09572619356883698,-0.1757696158630731,-9.210903739731435e-06,0.000500207693221455,0.0072957254815264605,15120,979000000,16.57,0,2,2,-4.989692785180739,-4.737933655449675,5.966362014533792,-4.989692785180739,-4.737933655449675,5.966362014533792,386.59354424476624
-4.072412920050574,-1.0204542273092634,4.642886210402723,-3.5008181934274636,-3.188483409692855,5.778846654004093,-0.5063364436325117,0.0007936981909205667,-0.0029042220354075325,0.8623307610117656,-0.13727855440001974,-0.09429889024958303,-0.17988106468988665,-0.0002164503186463662,0.0003623814563979977,0.007348383314820239,15121,236000000,16.67,0,2,2,-4.989692785180739,-4.737933655449675,5.966362014533792,-5.0090200894936165,-4.709738362857694,5.911668175637933,386.9416778087616
-4.046892928621759,-0.9852342534527732,4.55495813208737,-3.5055792539616197,-3.1387378424867842,5.724713727259528,-0.507226612753823,0.0008330206289422703,-0.003112007617606885,0.8618066980474814,-0.13645224291762043,-0.0923490020087421,-0.1827173698694335,-0.0036255162058296264,0.0006828563243743702,0.005581527466347325,15121,521000000,16.82,0,2,2,-4.989692785180739,-4.737933655449675,5.966362014533792,-5.0362625293789,-4.676914033866309,5.8407079396452515,387.3173773288727
-4.046892928621759,-0.9852342534527732,4.55495813208737,-3.5094179384832054,-3.0960630281829276,5.677038088837001,-0.507748718899666,0.0009303156099525168,-0.003459822029821622,0.8614977670314273,-0.13576281918765445,-0.09041307683572203,-0.18573366113938758,-0.0005505071328570921,0.0005915433689551719,0.004277945663488936,15121,819000000,17.0,0,2,2,-4.989692785180739,-4.737933655449675,5.966362014533792,-5.066197110507689,-4.6458638825050285,5.766761075555603,387.68172121047974
-4.017766101374163,-0.9504119460020631,4.4679263088666525,-3.5130192992746077,-3.0536924339372518,5.628552781812539,-0.5082214787453345,0.0009158870721758189,-0.003542872962091344,0.8612186352744295,-0.1352431664114359,-0.08897289102658204,-0.18853895298793613,-0.0008496618477238371,0.0004262625850515178,0.004101128479305771,15122,95000000,17.16,0,2,2,-4.989692785180739,-4.737933655449675,5.966362014533792,-5.0937844781171195,-4.619734443478328,5.700200046841576,388.00537490844727
-3.985062643010358,-0.915890188808308,4.381966011250111,-3.5164357180035193,-3.0116726995688485,5.579599835230685,-0.5086721544373182,0.0008741875084448836,-0.003581115881025436,0.8609524090827226,-0.13444674391730196,-0.08768666075023113,-0.18990946398963704,0.0030906886649972876,0.0002252658262591467,0.004479160634218715,15122,354000000,17.35,0,2,2,-4.989692785180739,-4.737933655449675,5.966362014533792,-5.12254696117644,-4.593890298170821,5.631281242365403,388.364305973053
-3.948822121993608,-0.881571664037269,4.29725035183731,-3.519760353464035,-2.9698734790397623,5.530203327721717,-0.5092663168347391,0.0006641446161921841,-0.0031973884943783887,0.8606027853524085,-0.13427048720981422,-0.08719085584509235,-0.191836968133648,0.004701525540440343,-0.00039918601828503597,0.00607731485615659,15122,611000000,17.56,0,2,2,-4.989692785180739,-4.737933655449675,5.966362014533792,-5.149823329929897,-4.56674815748465,5.561062821996892,388.7256534099579
-3.948822121993608,-0.881571664037269,4.29725035183731,-3.523238696329273,-2.9249145184543024,5.4763369572208855,-0.510085210129812,0.0004092575774313611,-0.002587962274718591,0.8601198831362552,-0.13474279672079578,-0.08673144261796475,-0.19443202232263257,0.005605171509159845,-0.0008426440160747006,0.007376561279670568,15122,870000000,17.79,0,2,2,-4.989692785180739,-4.737933655449675,5.966362014533792,-5.17312606883628,-4.536935283269077,5.490693433492211,389.09108567237854
-3.9090933950267024,-0.8473591953666171,4.213949936692152,-3.5262971939759686,-2.8831322565879867,5.425617400445958,-0.5109438781572044,0.00018178002043900095,-0.0019794850337132514,0.8596117739821278,-0.13529964001883915,-0.08612108742094923,-0.19651637973064381,0.00421623508373159,-0.0007273647781858017,0.0076863110734848306,15123,137000000,18.0,0,2,2,-5.188735688204679,-4.499139074450216,5.417272611318848,-5.188735688204679,-4.499139074450216,5.417272611318848,389.4696066379547
-3.8659345079668777,-0.8131560895451824,4.1322325217648865,-3.5292009036594423,-2.841417769517531,5.374518529709967,-0.5118001622139472,-4.528771210682563e-05,-0.0014500516186431913,0.8591033053463966,-0.13549329730370477,-0.08547381217745066,-0.19756633383542146,0.006428818596759811,-0.0006160542454836104,0.008213791352318367,15123,402000000,18.16,0,2,2,-5.188735688204679,-4.499139074450216,5.417272611318848,-5.193749616901331,-4.458573297132451,5.352123192016997,389.83946990966797
-3.8659345079668777,-0.8131560895451824,4.1322325217648865,-3.531955908641492,-2.7997506307664204,5.323053329400823,-0.5127313673946744,-0.00017042323339503773,-0.0011031701003067055,0.8585483672229762,-0.13562395542766448,-0.08386093277004639,-0.19923010228726556,-0.010266524259350263,0.00040823590268246335,0.005256282975096838,15123,668000000,18.26,0,2,2,-5.188735688204679,-4.499139074450216,5.417272611318848,-5.190678724109709,-4.41370256621615,5.289546488690209,390.20080971717834
-3.8194125734041924,-0.7788664752786676,4.052262675053996,-3.533874164996889,-2.761796177759104,5.275036918249958,-0.5128126119230336,0.0002961931064719603,-0.00223544133361449,0.8584976063591345,-0.13459638211355146,-0.07929407380010955,-0.20149701031347705,-0.010324014874640852,0.0021553051283262903,-0.0022429831233239383,15123,930000000,18.32,0,2,2,-5.188735688204679,-4.499139074450216,5.417272611318848,-5.181041615743405,-4.365432564286779,5.228934796589953,390.5562150478363
-3.769603625192266,-0.7443956384154116,3.974201445188184,-3.535291901506129,-2.718368287271385,5.218624830205799,-0.5122896205252742,0.0005876256693479196,-0.00337009531196668,0.8588059395787452,-0.13305811805822432,-0.07518370624186907,-0.20281488600294856,-0.0032900874657570967,0.0020659359734054306,-0.005130126510266564,15124,173000000,18.25,0,2,2,-5.167534884942819,-4.31841777963079,5.174268779531589,-5.167534884942819,-4.31841777963079,5.174268779531589,390.9100852012634
-3.7165924502813406,-0.7096503524181865,3.898206037095794,-3.5359983800222907,-2.6816231869851026,5.170014495089843,-0.5117660973435377,0.0005597365035067713,-0.003710143980011972,0.8591166295308564,-0.1325705295834802,-0.0730903211876475,-0.2040338794865672,-2.4750834448639125e-05,0.0012379494251035794,-0.004872692761637154,15124,440000000,18.07,0,2,2,-5.167534884942819,-4.31841777963079,5.174268779531589,-5.147453342202618,-4.261281237541598,5.111938143075349,391.2586839199066
-3.7165924502813406,-0.7096503524181865,3.898206037095794,-3.536286377020119,-2.63903554410957,5.112851963055392,-0.5111998048318432,0.0005275339126385198,-0.003921176470005927,0.8594527942958515,-0.13251925859165087,-0.0705421694493115,-0.2061394121978878,-0.0062929037540016,0.0011235643000873097,-0.005504185264726402,15124,696000000,17.9,0,2,2,-5.167534884942819,-4.31841777963079,5.174268779531589,-5.127401372312914,-4.210814293185001,5.0595657102298315,391.597295999527
-3.6604723982639324,-0.6745392031231582,3.824429495415056,-3.53582252762635,-2.5999353660519415,5.059209847441851,-0.5104628098102195,0.0007585208325661848,-0.0046720032958206545,0.8598868046621053,-0.1319133913318889,-0.06699504486592944,-0.20808825710330542,-0.006093380807214999,0.0016112453977257246,-0.007331365941354306,15124,968000000,17.7,0,2,2,-5.167534884942819,-4.31841777963079,5.174268779531589,-5.101450612844745,-4.150569264042594,4.999376061326223,391.9418168067932
-3.601345169102129,-0.6389729068050737,3.753020396282527,-3.5347053480840387,-2.5613769846723935,5.005297854357286,-0.5095991662072717,0.0008643458740738301,-0.005272014241141975,0.8603953443463676,-0.1311174503607554,-0.06413666962122219,-0.20881848160580288,5.2559481145131315e-05,0.0012946571587235667,-0.007746564733679406,15125,229000000,17.49,0,2,2,-5.167534884942819,-4.31841777963079,5.174268779531589,-5.075867367688113,-4.0938972821318576,4.943939842270535,392.30810737609863
-3.601345169102129,-0.6389729068050737,3.753020396282527,-3.5330598996795293,-2.5231506301871955,4.951214398561266,-0.5087613194939722,0.0007052355364012895,-0.005223934636323448,0.8608914757020805,-0.13117076684993415,-0.06236433556968133,-0.20953616424247512,0.0028786386110368767,0.00043847776112215797,-0.00711801271791046,15125,483000000,17.27,0,2,2,-5.050558222057475,-4.037685223628752,4.88832080625254,-5.050558222057475,-4.037685223628752,4.88832080625254,392.6488108634949
-3.5393205795637037,-0.6028646205888604,3.6841225481205715,-3.5309177572509367,-2.4850505712229545,4.896935552558945,-0.5080050234525715,0.0005033626239241847,-0.004943828503663759,0.8613397711314317,-0.13148357435378458,-0.060918258433409686,-0.20998095372217468,0.0021205870780249825,0.00014602002096353317,-0.006562468115589581,15125,741000000,17.1,0,2,2,-5.029298847923946,-3.9848396296877873,4.831337905679833,-5.029298847923946,-3.9848396296877873,4.831337905679833,392.97716069221497
-3.474516308950366,-0.5661302442712226,3.61787470202627,-3.5283433790009715,-2.4471804144113984,4.842673670414155,-0.5072570643503712,0.00044510605835402324,-0.004914739371494094,0.8617806669241023,-0.1311731884598472,-0.058890139461793146,-0.20974999216865936,-0.004819934156330419,0.0006695939816836471,-0.007510209525207756,15125,999000000,16.94,0,2,2,-5.029298847923946,-3.9848396296877873,4.831337905679833,-5.00979034190905,-3.933874084932894,4.7742666419824324,393.32954454421997
-3.474516308950366,-0.5661302442712226,3.61787470202627,-3.5251083706545154,-2.4097358916272036,4.788393188551871,-0.506296649076684,0.0006091829049030529,-0.005476698494321851,0.8623417755179854,-0.1309097694766386,-0.055566768072313054,-0.21005084639045585,-0.0038993721773294965,0.0012369616570140352,-0.009366278027300723,15126,264000000,16.78,0,2,2,-5.029298847923946,-3.9848396296877873,4.831337905679833,-4.99246554641267,-3.8854990480362823,4.717322868321396,393.69087505340576
-3.407057624756786,-0.5286887126424467,3.554410272345219,-3.521085759590967,-2.372681840594207,4.734057639515546,-0.5051869534951204,0.0006805852097498456,-0.005928190697759083,0.8629893020061964,-0.13081400656700343,-0.05245143625679225,-0.20999276955284155,-0.0027795746973424684,0.001219665819007787,-0.01022847463900689,15126,522000000,16.6,0,2,2,-5.029298847923946,-3.9848396296877873,4.831337905679833,-4.978945661664898,-3.8413540550345626,4.6601230582906545,394.0301034450531
-3.3370770889519026,-0.49046227742735693,3.4938570679927823,-3.5164085190848753,-2.3360570464917285,4.679927224998901,-0.504027508117637,0.0006364640970880435,-0.0061461786965298325,0.8636654968572085,-0.13044473406160292,-0.05009910311094641,-0.20893093541316868,0.0025946643290808424,0.0007170620904162206,-0.010086400834552478,15126,780000000,16.42,0,2,2,-5.029298847923946,-3.9848396296877873,4.831337905679833,-4.968398406168696,-3.8007498706010363,4.6029559281114585,394.35977816581726
-3.264714245625722,-0.45137677799617903,3.4363370350639464,-3.5112085634999914,-2.2996492413136895,4.626052863279251,-0.5029399044300117,0.00039011138578461894,-0.005819268811997257,0.8643017045311959,-0.1309193313378096,-0.048773304966779125,-0.20802395562178236,0.005255365385892219,-3.7134456043474984e-05,-0.009313745886174729,15127,50000000,16.24,0,2,2,-5.029298847923946,-3.9848396296877873,4.831337905679833,-4.961454192085774,-3.764189304910416,4.545374977084326,394.71458530426025
-3.264714245625722,-0.45137677799617903,3.4363370350639464,-3.5050544412585145,-2.2604262305870853,4.568237773981669,-0.5018569226427376,3.417039798346913e-05,-0.005134921756496925,0.8649354083435938,-0.1322152666335882,-0.047844033099141176,-0.2073351529897908,0.006936737463547615,-0.000494205659151703,-0.00856648866829346,15127,310000000,16.08,0,2,2,-4.957713590927688,-3.731304898691618,4.487433864603868,-4.957713590927688,-3.731304898691618,4.487433864603868,395.0836138725281
-3.1901152907940897,-0.41136190002975215,3.381966011250113,-3.498823297645383,-2.223836772825757,4.51468572652317,-0.5009255995650195,-0.00031704866760800567,-0.004400865132028696,0.8654791017503876,-0.1335041549894736,-0.04718064225052189,-0.20647969434853125,0.005554021072384785,-0.0004470255987598648,-0.00803166612968198,15127,580000000,15.92,0,2,2,-4.95622869040611,-3.6990913492584885,4.424994117246053,-4.95622869040611,-3.6990913492584885,4.424994117246053,395.4593188762665
-3.113432725201406,-0.3703514213601768,3.330853492557396,-3.4916267554865286,-2.184413065516965,4.457411794354296,-0.4999453234083526,-0.0004972528927082549,-0.004037660787321634,0.8660474141968466,-0.1340441711717129,-0.045482109384801614,-0.20473813030720037,-0.0048551590225542895,0.00047380347041325876,-0.009166878680844093,15127,856000000,15.85,0,2,2,-4.95622869040611,-3.6990913492584885,4.424994117246053,-4.95759438882751,-3.6703289881380328,4.361960207502965,395.83348751068115
-3.113432725201406,-0.3703514213601768,3.330853492557396,-3.48414850093491,-2.148135395576335,4.404598453498937,-0.4987598845129677,-0.00033124334707127813,-0.004611925816615433,0.866727868490865,-0.1342662688556896,-0.04184579096014217,-0.20358037540020396,-0.004121227175346576,0.0013591177321359282,-0.01157093875008286,15128,130000000,15.65,0,2,2,-4.95622869040611,-3.6990913492584885,4.424994117246053,-4.960982580376949,-3.646022106176677,4.3024577546358165,396.2031743526459
-3.034824991006352,-0.32828344424628625,3.283102412796271,-3.4757454859860397,-2.1122335796344816,4.3520879019095835,-0.49737407668060585,-0.0002708090844701933,-0.005094332431580692,0.867521182614944,-0.13456593684979296,-0.038464146604549464,-0.20227608132809446,-0.0029308009061423945,0.0013867438383385888,-0.012744271680276142,15128,393000000,15.51,0,2,2,-4.95622869040611,-3.6990913492584885,4.424994117246053,-4.965835676068056,-3.6233351488975103,4.241771643877467,396.5742337703705
-2.954456093278317,-0.28510061338424086,3.238808936286529,-3.4665928669470096,-2.07669755549908,4.300088614226607,-0.4959181579342114,-0.00032790087475873236,-0.00533634864811583,0.8683528064647805,-0.1346444448751243,-0.036102547948681465,-0.19999652796543238,0.002956581283797277,0.0009074718093415868,-0.012707231417152798,15128,646000000,15.39,0,2,2,-4.95622869040611,-3.6990913492584885,4.424994117246053,-4.971702039019856,-3.6017974469060965,4.179712011411567,396.93668389320374
-2.8724952072728698,-0.24075031899626043,3.1980622641951673,-3.45684597616546,-2.041315971274852,4.248695080582112,-0.4945284789644473,-0.0006163054068073996,-0.004976713152413978,0.8691469587975063,-0.13548585946040229,-0.034798878768100026,-0.19766754450926047,0.005448411729958025,0.00015740236705141797,-0.011931433436984662,15128,912000000,15.28,0,2,2,-4.95622869040611,-3.6990913492584885,4.424994117246053,-4.978030935501313,-3.580848681558661,4.116547144258777,397.30311369895935
-2.8724952072728698,-0.24075031899626043,3.1980622641951673,-3.4465352436401533,-2.005879084217916,4.1978873142633555,-0.4932160999845697,-0.0009683116298142081,-0.004343712904608094,0.8698954381112715,-0.1369881980541841,-0.03387605634440461,-0.19540728579838712,0.006958849598959205,-0.0002708683268792811,-0.011343523510731757,15129,167000000,15.19,0,2,2,-4.95622869040611,-3.6990913492584885,4.424994117246053,-4.978167651621608,-3.5546536783493012,4.055498061231857,397.6626687049866
-2.789116272491974,-0.19518488438498813,3.1609444548970997,-3.4356274959550035,-1.9702416790354267,4.147649388314322,-0.4919553990429143,-0.001342139180144753,-0.003601543241290233,0.870611918653328,-0.13870386065968437,-0.03310945236182393,-0.19298670606772433,0.0058290261222282425,-0.00033042232416846673,-0.01086687007045839,15129,430000000,15.07,0,2,2,-4.95622869040611,-3.6990913492584885,4.424994117246053,-4.969946536112204,-3.521515047763086,3.9978230041640557,397.9935507774353
-2.7044975745700466,-0.1483617373876593,3.127530258720528,-3.4242209252405527,-1.934486915917392,4.0981375439124506,-0.49075923016535405,-0.001689315274186789,-0.002908211865155709,0.8712887388949548,-0.13993270457987264,-0.03251175915529279,-0.189884256406682,0.008429532226728043,-0.0004616604968532556,-0.010148749970539939,15129,689000000,14.94,0,2,2,-4.95622869040611,-3.6990913492584885,4.424994117246053,-4.954439711286487,-3.482499867071348,3.9433156658832034,398.3291857242584
-2.6188213160588383,-0.10024356521196076,3.097886967409696,-3.4123456116520976,-1.898522137239306,4.049423154542551,-0.48965598693718804,-0.0021403580293170832,-0.0019363153659807699,0.8719109381163183,-0.1418247525303214,-0.03223139329701919,-0.18673503181217602,0.009131397746386938,-0.0008058716844061564,-0.009390163631906034,15129,943000000,14.79,0,2,2,-4.95622869040611,-3.6990913492584885,4.424994117246053,-4.933085837240234,-3.4388794113037737,3.891718806688533,398.69544076919556
-2.6188213160588383,-0.10024356521196076,3.097886967409696,-3.398953786081548,-1.8594125586537873,3.9978410133959748,-0.488536484049512,-0.0026253856820206956,-0.0008240744201774706,0.872539129210783,-0.14440403707589658,-0.03176016977670539,-0.18335124378949308,0.009103418688027887,-0.0008719563652448414,-0.0089181690782425,15130,208000000,14.63,0,2,2,-4.95622869040611,-3.6990913492584885,4.424994117246053,-4.908550494418654,-3.3929689992551078,3.8420728882804784,399.0499634742737
-2.532273177214056,-0.050798452185331265,3.072074278608297,-3.3868851747865376,-1.825537028879201,3.9543804526198905,-0.48761587863479267,-0.0030221111667181628,8.783551298138207e-05,0.8730530419351608,-0.14656694282904598,-0.03118967280738118,-0.18027258056030984,0.007542908315372188,-0.0007232933910472639,-0.008607981635577744,15130,478000000,14.47,0,2,2,-4.882544253290757,-3.3444409683545113,3.789029195435162,-4.882544253290757,-3.3444409683545113,3.789029195435162,399.38758969306946
-2.4450418679126313,-1.6055016990011418e-15,3.0501441756363534,-3.3722535575237416,-1.7857582652940978,3.9046619558591766,-0.48659368820268695,-0.003444560431850962,0.0010378379690789414,0.8736209936219983,-0.1483625583957393,-0.030672189324505876,-0.1761552926038122,0.008870225792634301,-0.0007533771679391066,-0.0077380158472806215,15130,730000000,14.36,0,2,2,-4.882544253290757,-3.3444409683545113,3.789029195435162,-4.863539005239638,-3.3061583354946817,3.7424003804148307,399.72451519966125
-2.4450418679126313,-1.6055016990011418e-15,3.0501441756363534,-3.3569735591673577,-1.7457248355486221,3.856106458232749,-0.4856467889535426,-0.0035798290598293503,0.0014383167830795422,0.874146619536933,-0.1500566294400864,-0.02823210175681897,-0.17211324709849257,-0.013131784180586692,0.0009521786637378682,-0.010071521865029354,15131,9000000,14.27,0,2,2,-4.882544253290757,-3.3444409683545113,3.789029195435162,-4.845539455161253,-3.2655325175227934,3.6860253364897573,400.0875301361084
-2.3573186718534025,0.05217256991149122,3.0321408228027416,-3.340309933174971,-1.7062387781011896,3.8085768587207895,-0.4840706981841889,-0.003027931012491845,-0.0001982312778739336,0.8750236291081606,-0.15025427677348818,-0.02209352577378603,-0.1687233469929527,-0.012018023335258476,0.0028860641805295018,-0.014732069666933967,15131,295000000,14.2,0,2,2,-4.882544253290757,-3.3444409683545113,3.789029195435162,-4.829373733347173,-3.2270547776917136,3.6291530918018458,400.4618046283722
