x_ref,y_ref,z_ref,x,y,z,eta,e1,e2,e3,u,v,w,p,q,r,sec,nanosec,angle2,angle3,control_mode,std_test,x2,y2,z2,real_x2,real_y2,real_z2,time
0.0,0.0,5.0,-0.34015693638895905,0.575313089903506,4.9477935214087125,-0.685105385290623,-0.0012050769740642514,-0.0003866430053726564,0.7284428662170148,-0.1160974383696161,0.024499049398389754,-0.004756085932504544,0.0006631218468555744,-0.002232705287497083,0.01718703606456984,12792,0,11.65,0,2,2,-0.023684310025926657,-1.8750789095588458,4.955633761168953,-0.023684310025926657,-1.8750789095588458,4.955633761168953,0.00013589859008789062
0.0,0.0,5.0,-0.3267854421986531,0.6085212259169309,4.946681140515825,-0.6875812391707592,-0.0009825681099401241,-3.596650053502528e-05,0.7261067915993646,-0.05751161443553808,0.03153969078345563,-0.0014413739430249694,0.00041361992373367684,-0.0017685838884062832,0.01715677099127788,12792,338000000,11.19,0,2,2,-0.011515163789267407,-1.862465539568172,4.953203502358874,-0.011515163789267407,-1.862465539568172,4.953203502358874,0.9892191886901855
0.0,0.0,5.0,-0.31408240489143147,0.6209484255814575,4.946640208755898,-0.689878360044045,-0.0008334358349464572,0.00020320897118119473,0.7239247974988574,-0.017775837552076547,0.03480221276507745,0.0009185133034079158,0.0004265175704176727,-0.0013378290304899565,0.018389248361927457,12792,686000000,10.73,0,2,2,-0.002600919290623989,-1.8197014614241178,4.95115275274683,-0.002600919290623989,-1.8197014614241178,4.95115275274683,1.8861167430877686
0.0,0.0,5.0,-0.3012408682781432,0.6209460604009847,4.947352679219746,-0.6923766538028695,-0.0007130638851317233,0.0003833407904562275,0.72153580220144,0.012407873124522585,0.03601952592397495,0.002748133283453097,0.00010985523175577327,-0.0011357805760781048,0.020281005708966404,12793,70000000,10.33,0,2,2,0.0026029902054390485,-1.7628037438643303,4.949825428182736,0.0026029902054390485,-1.7628037438643303,4.949825428182736,2.789987087249756
-0.009160726391858276,0.14123938972314432,5.179278617806867,-0.2885947159897521,0.6116296617211007,4.948608036229901,-0.6950976085638779,-0.0005849308301730695,0.0005083660042078747,0.7189149560196307,0.03495824725269766,0.03587083507038072,0.003989683145668489,-0.00010903573368636899,-0.0008989785783342086,0.02163878652936546,12793,508000000,9.92,0,2,2,0.005971334218610518,-1.6951766398952464,4.948907278802384,0.005971334218610518,-1.6951766398952464,4.948907278802384,3.6909098625183105
-0.020593580356818464,0.21161144053362013,5.268466531635311,-0.2763128863674974,0.5956954175948889,4.950726531518143,-0.6979366531938636,-0.00047610980930375883,0.0005848514086447722,0.7161591020135314,0.04860536931010795,0.03471780498869765,0.010737986509489792,-0.00016861883693763957,-0.0005808304365473305,0.022182787688507233,12793,904000000,9.5,0,2,2,0.008086571422958622,-1.6217540701794106,4.948359823394587,0.008086571422958622,-1.6217540701794106,4.948359823394587,4.560986518859863
-0.05704419012769257,0.3513696907347439,5.445041867912629,-0.26392986802369994,0.5757830613902992,4.957790280517635,-0.70094256513985,-0.0003831953536633771,0.000589793323559674,0.7132173761766629,0.05300047337061762,0.03258548756749897,0.02722594972469563,-0.0004905540095023753,-0.00022267507375772766,0.021872892102692276,12794,250000000,9.08,0,2,2,0.009352759908762207,-1.545615841287663,4.948160707290486,0.009352759908762207,-1.545615841287663,4.948160707290486,5.427156448364258
-0.1113371926862321,0.4891727127417653,5.618033988749895,-0.2529216578894299,0.556673746517948,4.971090778321843,-0.7037003589858324,-0.0002974182239579075,0.0005246366629578297,0.7104966157991062,0.05055765569328687,0.029798826879904435,0.048668947892477596,-0.000746844199284169,-6.999888455538894e-05,0.02085366959363455,12794,652000000,8.64,0,2,2,0.009907079930734353,-1.463479325652332,4.951834060314477,0.009907079930734353,-1.463479325652332,4.951834060314477,6.201735734939575
-0.14503805103201373,0.5571069845630509,5.702749648162685,-0.2414571970067128,0.5372809531388747,4.998512273445674,-0.7066692725196049,-0.0001784177398171774,0.00039399785660845614,0.7075438871260291,0.04030102793086293,0.02513154363043264,0.08307137840307059,-0.0009186492775370425,0.00010161946732978322,0.018732643366092816,12795,135000000,8.26,0,2,2,0.00964557571712922,-1.384249910644532,4.962900532373469,0.00964557571712922,-1.384249910644532,4.962900532373469,7.168377637863159
-0.22519570073643536,0.6905920754040427,5.867767478235116,-0.23366420796128184,0.5318298174194596,5.036155180093027,-0.7088403879463544,-0.00020743592029461955,-5.527200848067598e-05,0.7053688810341762,-0.0456642733935864,0.012199409485044851,0.11395643360987326,-0.002024516811616195,0.004772130660057883,0.011177197211509338,12795,533000000,7.87,0,2,2,0.010207637187562785,-1.3032235924553865,4.986687831298994,0.010207637187562785,-1.3032235924553865,4.986687831298994,8.053460836410522
-0.32178831283960463,0.8203325293019702,6.0257985548118125,-0.23279909658549305,0.5752947763682782,5.085143826191888,-0.7100647109270498,-0.0005202484716974294,-0.0007932289202614822,0.7041357869228725,-0.17498912614808465,-0.005333393000856841,0.1440168389508077,-0.0012123921123929904,0.0030103483823040733,0.00880157213032362,12795,915000000,7.61,0,2,2,0.013579402801989368,-1.2564820782490753,5.019209917190699,0.013579402801989368,-1.2564820782490753,5.019209917190699,8.912235260009766
-0.4340107023969413,0.9456940227146827,6.175570504584947,-0.23943730846866954,0.6718859321586417,5.1530176088883755,-0.7116627101340615,-0.00046716584456990773,-0.0010853234938124998,0.7025203134668992,-0.275294351904232,-0.020710571130482053,0.17745842449184002,-0.0010640863251865085,-0.0005004975662359357,0.014416242902370868,12796,288000000,7.46,0,2,2,0.02039134465906074,-1.2449048530316897,5.064997159530099,0.02039134465906074,-1.2449048530316897,5.064997159530099,9.926427841186523
-0.5609305456733971,1.066102398828617,6.315877451879425,-0.2561290680181943,0.8310653503220383,5.255219852272172,-0.7151467705625345,0.0002949017932339329,-0.0007643637398598614,0.698973837375179,-0.3194845917987056,-0.03125191719441481,0.21268437352617994,-0.0011087030657108699,-0.004240111229592003,0.02407703268545447,12796,685000000,7.2,0,2,2,0.02921276044606445,-1.2592192867916119,5.132321348832343,0.02921276044606445,-1.2592192867916119,5.132321348832343,11.139997720718384
-0.7014976530615584,1.1810517807396756,6.445589727654783,-0.2714877532750062,0.9488935586630447,5.340109511532815,-0.7184930926122648,0.0011986829498530538,2.1459036635718153e-05,0.6955330607290777,-0.2798427303890569,-0.031108094753825272,0.23316398756894854,-0.00024246687928553,-0.00902796473383205,0.025821639064815827,12797,47000000,6.59,0,2,2,0.03907890597719345,-1.3004311713410466,5.236916769169263,0.03907890597719345,-1.3004311713410466,5.236916769169263,12.086968183517456
-0.854554400282348,1.2901118425052371,6.56366296493606,-0.2860546015766859,1.0402280683207925,5.431717861997624,-0.7219073486702932,0.002321306396568651,0.0009014431059744627,0.691985244692954,-0.203993096307513,-0.02945484649264827,0.24894767669737233,-0.0020176534007987357,-0.005047625973020331,0.026490737946005538,12797,404000000,6.0,0,2,2,0.04325390683870361,-1.33601497677316,5.326363542990858,0.04325390683870361,-1.33601497677316,5.326363542990858,13.000839710235596
-1.0188472085586238,1.392934146691272,6.669146507442605,-0.3019580678902616,1.1107291771338015,5.538795473440801,-0.725733536253355,0.002889034411627774,0.000941832184757393,0.6879691859302306,-0.1381099986184258,-0.03286733276857543,0.26183578365261057,-0.0016613035882073746,0.0003820077182581372,0.02600646166683873,12797,771000000,5.36,0,2,2,0.03854642402846244,-1.3372507372865499,5.429321043434976,0.03854642402846244,-1.3372507372865499,5.429321043434976,13.939758539199829
-1.1930389535650132,1.4892574679304111,6.761191063713476,-0.3169683181606919,1.1525628137384516,5.634577169895676,-0.7288664535726757,0.0028397611168218652,0.0005303949428537072,0.6846497990172746,-0.10007588501955915,-0.03949935963570712,0.27074005228555004,-0.0013293953543325188,0.002799913090711925,0.024157600819307845,12798,120000000,4.67,0,2,2,0.02456886587149407,-1.2995065850925054,5.5383543428447,0.02456886587149407,-1.2995065850925054,5.5383543428447,14.84898853302002
-1.3757221733659124,1.5789120338486013,6.839055545102902,-0.34114131380760965,1.1914701828314187,5.766651564059461,-0.7325665535687981,0.00248469141609091,-0.0002246502431985304,0.6806908405679982,-0.07068457496473725,-0.0525907315231243,0.27881493871469903,-0.0006274332235989277,0.003484399940134608,0.02091864535032073,12798,509000000,4.08,0,2,2,0.005133990276228135,-1.2408039328428513,5.6397197104055286,0.005133990276228135,-1.2408039328428513,5.6397197104055286,15.874486207962036
-1.5654329373598825,1.6618226273749341,6.902113032590307,-0.37287931030097393,1.2204698954778759,5.907327122833102,-0.7359859414404789,0.0019988573561854914,-0.0009101551567263764,0.6769932571221312,-0.056683113006374054,-0.06757132527445502,0.2827638872323135,1.3727097281091005e-05,0.003055533647966513,0.019481712661217898,12798,874000000,3.41,0,2,2,-0.029544356130834087,-1.1388105435571758,5.775303119552766,-0.029544356130834087,-1.1388105435571758,5.775303119552766,16.96686339378357
-1.760665231540428,1.7380105077773131,6.949855824363647,-0.4035388513470175,1.2395923928974664,6.020617393936345,-0.7385954536203603,0.0016362821240014694,-0.0013267340407437187,0.6741456209521277,-0.05302804913842786,-0.0794950461717048,0.28182974118129117,-0.0002783941283723834,0.002577556165306305,0.019140597214573063,12799,285000000,2.81,0,2,2,-0.07494969081157725,-1.0155762359889742,5.913538599284912,-0.07494969081157725,-1.0155762359889742,5.913538599284912,17.887513637542725
-1.9598857102310134,1.8075941216139089,6.981899523535869,-0.4335261334525449,1.254864848453298,6.115858176425659,-0.7407983478202896,0.0014269318837943175,-0.0016560744395856491,0.6717239233119351,-0.05396950939157106,-0.09024403151914576,0.2764588855871143,-0.0008300156764562416,0.002074638814519858,0.019593101751524955,12799,676000000,2.36,0,2,2,-0.11744625645779894,-0.9100988116357525,6.020835204055269,-0.11744625645779894,-0.9100988116357525,6.020835204055269,18.75703740119934
-2.060508555620081,1.8399728165048486,6.991948587990478,-0.4674405064580034,1.2703044601511286,6.208543747887616,-0.7430953747144146,0.001285107496524457,-0.001934140549743631,0.6691814938244328,-0.05752526219542721,-0.10168117668355695,0.2670936690679525,-0.00036069303916974604,0.0016815588310237217,0.021198581998760346,12800,43000000,1.99,0,2,2,-0.15754167587756607,-0.8181206679401234,6.108663928966404,-0.15754167587756607,-0.8181206679401234,6.108663928966404,19.539702892303467
-2.262813344824469,1.90008314905552,7.0,-0.5175316565504685,1.2915201862496233,6.322800997928372,-0.7463897183193684,0.0010675286244794244,-0.002122410712506067,0.6655048791275215,-0.06400598473675057,-0.11567693690450935,0.250567225322869,0.0005053307063462853,0.0010009970537794288,0.0236105450312607,12800,477000000,1.65,0,2,2,-0.2012694131118461,-0.7254099618223163,6.192438184300875,-0.2012694131118461,-0.7254099618223163,6.192438184300875,20.524327039718628
-2.4652516889375873,1.9543041433138177,6.991948587990478,-0.5711637307683567,1.3133396655128247,6.424728836948351,-0.7498591031558773,0.0009119754841046232,-0.002195372950814377,0.6615932844675693,-0.07094783693422982,-0.12785493746351287,0.23311683638010544,0.0002202753819346981,0.0007193197518517991,0.0267319985141512,12800,976000000,1.24,0,2,2,-0.2615940517104143,-0.6208848162125409,6.297884881667954,-0.2615940517104143,-0.6208848162125409,6.297884881667954,21.481696367263794
-2.666312426451162,2.0030823560282602,6.967859177197259,-0.6313922516821533,1.3416012300984763,6.519059258474567,-0.7545019032256364,0.0006062853606949212,-0.0028184266649934897,0.6562915258618593,-0.11660222169253272,-0.14110335389574144,0.21414028986724495,-0.001544294013910985,0.0073298983352287905,0.045649158710148185,12801,379000000,0.85,0,2,2,-0.3211769749441647,-0.5492879381541341,6.397829791434774,-0.3211769749441647,-0.5492879381541341,6.397829791434774,22.443528652191162
-2.8645238445856744,2.046949702184108,6.9279257213917065,-0.705623285858893,1.40036891736456,6.609197331658795,-0.7627102973177227,-1.54938639156171e-05,-0.00430522808437273,0.6467259598443476,-0.20755159157035127,-0.15400807090043228,0.1915807202503624,-0.002621883118081314,0.006864187116661924,0.07224176006275229,12801,762000000,0.56,0,2,2,-0.381593113435273,-0.5128145459935123,6.497129434665006,-0.381593113435273,-0.5128145459935123,6.497129434665006,23.4545795917511
-3.0584676931106722,2.086517634697958,6.872469741279474,-0.7977523021322296,1.5005121020135683,6.6923647741366326,-0.774557247494739,-8.713273999981681e-05,-0.005136101942108818,0.6324829509307736,-0.2848828306644574,-0.1615600291899154,0.16298120762620266,-0.0015017477039691585,-0.0004515380368275146,0.08670993847772479,12802,175000000,1.71,0,2,2,-0.4484049175889332,-0.5023743236870283,6.596413721215015,-0.4484049175889332,-0.5023743236870283,6.596413721215015,24.547202825546265
-3.2467925782181,2.1224702737481547,6.801937735804838,-0.9231230480376288,1.6398921554741037,6.774442395498463,-0.7895009840061019,0.000778133516179051,-0.004135546117070253,0.613734867854142,-0.2794036587818728,-0.16538095976232342,0.12322563019832293,0.00011369887289447433,-0.007020455132078496,0.08142624355969019,12802,532000000,3.8,0,2,2,-0.523868997584152,-0.5107328540743031,6.690669831391407,-0.523868997584152,-0.5107328540743031,6.690669831391407,25.76221799850464
-3.4282266000996273,2.155556561042014,6.716897587203732,-1.0378848875273328,1.7422277099075554,6.828007714919047,-0.8019617469102969,0.0017110639416710483,-0.003020408346369038,0.5973653035506781,-0.23419190562776965,-0.16987020434022007,0.08593734850429986,-0.0006678953695882228,-0.0044444945160648786,0.08482911725877784,12803,2000000,6.51,0,2,2,-0.6248727697856656,-0.5369803399693847,6.787290916578615,-0.6248727697856656,-0.5369803399693847,6.787290916578615,26.8059983253479
-3.6849022057545957,2.201585591715769,6.56366296493606,-1.1477964002069971,1.814598113010669,6.8610231684783,-0.8139410798089051,0.002312239172572688,-0.0026315083288080596,0.5809368703339786,-0.19683154052996182,-0.17534090164587407,0.04786774262217002,-0.001525412653791136,-0.0011143756864839816,0.08431118549196981,12803,508000000,8.91,0,2,2,-0.7254728726768984,-0.5514148830407513,6.853352481153165,-0.7254728726768984,-0.5514148830407513,6.853352481153165,27.83097243309021
-3.8441695057023733,2.23112708776023,6.445589727654783,-1.249539123470202,1.8645570791260813,6.8744930824788355,-0.8243339772334678,0.002715188015816626,-0.002789656574758082,0.5660903987427149,-0.17866470160114958,-0.1827092281301266,0.008806888053455933,-0.002436339855194092,0.00032150144022580207,0.07955614273669198,12803,897000000,11.35,0,2,2,-0.8343543494608303,-0.5193829459477632,6.894866776546154,-0.8343543494608303,-0.5193829459477632,6.894866776546154,28.838266611099243
-3.992880666864581,2.2608010676031918,6.315877451879425,-1.3642189199021302,1.9082969385714832,6.868739734824868,-0.8345994852148657,0.0033556336371171253,-0.00336789965167479,0.550836723770221,-0.17267027561708254,-0.19077074553636827,-0.03675532457604379,-0.004554171619020053,0.001045689703005337,0.0729063234757632,12804,256000000,13.58,0,2,2,-0.9454793791488478,-0.4447642494403048,6.9117711486232425,-0.9454793791488478,-0.4447642494403048,6.9117711486232425,29.856513023376465
-4.1302515575682675,2.2915296754973697,6.175570504584947,-1.4783989956814527,1.944525384285388,6.8430139827414775,-0.8434904618238046,0.004232760185264426,-0.0041939672713592335,0.5371111013486927,-0.17523165171970995,-0.1964545575223666,-0.07973913114370715,-0.005662055264110677,0.001291807666348177,0.06923323890077882,12804,585000000,15.88,0,2,2,-1.0771596085030537,-0.33123280341351147,6.906480765908977,-1.0771596085030537,-0.33123280341351147,6.906480765908977,30.884984970092773
-4.255628347741508,2.3242436897493723,6.0257985548118125,-1.6179979092615744,1.9842133193005391,6.78874177939335,-0.853270983217164,0.005319958457003103,-0.005141604664420377,0.5214152770518953,-0.1846153338647681,-0.19979189465763897,-0.12606831991789094,-0.0052214005791029194,0.001226471260906692,0.06799093389417976,12805,25000000,17.96,0,2,2,-1.210955880627494,-0.20522646347040674,6.878615233346983,-1.210955880627494,-0.20522646347040674,6.878615233346983,32.03296446800232
-4.368492609464751,2.3598708849992414,5.867767478235116,-1.735816986389102,2.0160900960031123,6.727620577927741,-0.8609389970187391,0.006053696319988061,-0.005753854215894454,0.5086396458544056,-0.1943377940431585,-0.200247785269467,-0.15841345626752545,-0.003506057737467927,0.0006534976193961484,0.06717874348396435,12805,442000000,20.35,0,2,2,-1.3747824300376104,-0.04802819261425806,6.820391902594602,-1.3747824300376104,-0.04802819261425806,6.820391902594602,32.939324378967285
-4.468464990103014,2.399324281578565,5.702749648162685,-1.845813261614239,2.045468672814275,6.6606210895048035,-0.8676388833576663,0.006489550280065685,-0.005988721533641003,0.4971164743170526,-0.20411113697115074,-0.1991532465571118,-0.18400486539015137,-0.0011462832162578707,-0.000356679345259181,0.06556157095474191,12805,880000000,22.31,0,2,2,-1.5128424358490034,0.07724689475849493,6.756832608757664,-1.5128424358490034,0.07724689475849493,6.756832608757664,33.80592226982117
-4.555307427976892,2.443490419036353,5.53207369113335,-1.958539438718372,2.0769137019872796,6.583957372718168,-0.8740307127598403,0.0066084845946023235,-0.0058486395428874235,0.4857905253289588,-0.2250806527566581,-0.1935628587943095,-0.20761340046726953,0.001152401591753005,-0.00039118251322634023,0.06455975453718565,12806,314000000,24.12,0,2,2,-1.6395907488421795,0.17243746089501763,6.688991001779111,-1.6395907488421795,0.17243746089501763,6.688991001779111,34.79094743728638
-4.62892389622261,2.4932177914302063,5.357113789597274,-2.082310648640879,2.122206987286768,6.493177922784192,-0.8808297867281201,0.006233576731690547,-0.005451086154681835,0.47336066058911014,-0.28528334133018063,-0.17424744674842244,-0.23335706722596875,0.004241367605573032,-0.00047239049933978094,0.07322375604417175,12806,774000000,25.87,0,2,2,-1.7646881366947256,0.23723911584814802,6.611310480871619,-1.7646881366947256,0.23723911584814802,6.611310480871619,35.80843496322632
-4.689359676286962,2.549305580919973,5.179278617806867,-2.2231997392421996,2.2006175153126897,6.3861355531737924,-0.887746038618932,0.005198392368066821,-0.005092036663671293,0.4602760245719919,-0.36883574305440253,-0.14459355295226964,-0.26032171496949685,0.005883951416763011,0.0021611495640172507,0.05125346979184542,12807,336000000,27.85,0,2,2,-1.8987396494793212,0.26922463413993336,6.513669090405982,-1.8987396494793212,0.26922463413993336,6.513669090405982,36.81172823905945
-4.736799178229539,2.612492823579744,5.0,-2.3963346931392655,2.3243950151466453,6.251200834491305,-0.8918179367197997,0.0033931887019076055,-0.005360158914805209,0.45235000023397876,-0.42056375157165976,-0.125566959861166,-0.28488140089685626,0.005481643484017695,0.0055380612138833385,0.019114086353511084,12807,824000000,29.34,0,2,2,-2.0250180297864517,0.27094936046214996,6.408034101227283,-2.0250180297864517,0.27094936046214996,6.408034101227283,37.94582962989807
-4.771562340490563,2.683448137187101,4.820721382193133,-2.537839036680648,2.429846760817817,6.136026523840198,-0.8933520352839059,0.00184049305893229,-0.006337921096053715,0.449309007694685,-0.4013925547558011,-0.13034844903081982,-0.29906898559956446,0.003671217223200074,0.010987913628923707,0.018423767141939607,12808,295000000,30.08,0,2,2,-2.1735328714107607,0.25150748890759994,6.2674875275658355,-2.1735328714107607,0.25150748890759994,6.2674875275658355,38.89747762680054
-4.794099656859685,2.762760135098598,4.642886210402727,-2.660130525045291,2.5100989500775066,6.028461582689949,-0.8949707269277811,0.0006345642150945392,-0.007667467719283591,0.44605852217998193,-0.35470681782760205,-0.1411199926598721,-0.30886844722312623,0.0023531172246293863,0.007834814641682897,0.022837883261672687,12808,750000000,30.18,0,2,2,-2.2899776331274615,0.22820932814804684,6.144320566227072,-2.2899776331274615,0.22820932814804684,6.144320566227072,39.78304386138916
-4.8009585802116845,2.8057097764408754,4.554958132087371,-2.7757095406031267,2.5742415465523685,5.917808533393805,-0.896777996450965,2.0097309238737218e-05,-0.008379682859755851,0.4424014077652338,-0.3112231333165976,-0.14839055028265127,-0.31786259791634836,0.0008537858889212657,0.0028700578013740596,0.020018420400447212,12809,232000000,30.36,0,2,2,-2.393166628012969,0.22547551166705396,6.02777228668085,-2.393166628012969,0.22547551166705396,6.02777228668085,40.6603684425354
-4.806271624318301,2.898464049024539,4.381966011250105,-2.8789306812314805,2.6229011149747645,5.810219841828923,-0.8980864993254134,-6.161775011797113e-05,-0.008532945035613035,0.43973608537587183,-0.2787732765145252,-0.1517987887385115,-0.32560296700554936,-0.00025111944808031694,-0.0001240814540892643,0.01404105796609656,12809,690000000,30.62,0,2,2,-2.496888276263092,0.2599911368940822,5.908262192586489,-2.496888276263092,0.2599911368940822,5.908262192586489,41.548386335372925
-4.801011984091487,3.000641149619494,4.213949936692153,-2.976932752848429,2.6630337996793694,5.700152191502403,-0.8989121713649739,8.220234179157938e-05,-0.008365096921632013,0.4380490001908164,-0.25389491128633784,-0.15195270344913256,-0.33262321381922255,8.944327092308413e-05,-0.002173284951823007,0.007412962622765917,12810,213000000,30.84,0,2,2,-2.5966678472315703,0.31896280388316905,5.792949616381932,-2.5966678472315703,0.31896280388316905,5.792949616381932,42.44375658035278
-4.786029733815932,3.112486733567247,4.052262675054003,-3.075527969131216,2.69936176996126,5.580502657916695,-0.8992490345361108,0.0002818331644800611,-0.007889600311624025,0.4373658064628081,-0.23496848493311145,-0.14893356167874033,-0.34179413888801485,0.0004704672875277538,-0.0033221542253158987,0.0007322033980017295,12810,671000000,31.02,0,2,2,-2.698008776096891,0.39620270233672494,5.67638535809706,-2.698008776096891,0.39620270233672494,5.67638535809706,43.30635929107666
-4.762268117355413,3.2341347297119416,3.8982060370957945,-3.164285840818219,2.7303256737609165,5.4640844228630465,-0.8991285999112635,0.0004559003882620197,-0.00732004855626428,0.4376230911018988,-0.22263454465555035,-0.1436530109540387,-0.3513825197310273,0.0007684648721806298,-0.0035861500236933352,-0.004245532727509271,12811,57000000,31.15,0,2,2,-2.8055659045590127,0.491789006289555,5.552718984958532,-2.8055659045590127,0.491789006289555,5.552718984958532,44.232853174209595
-4.747412579775129,3.2986449308157644,3.824429495415054,-3.258795976431884,2.7634240678359925,5.329881040604097,-0.8985887659682557,0.0005565373037587367,-0.006654529833404083,0.4387409681971508,-0.21346180299569126,-0.13528530550125595,-0.3619686323210616,0.001404820432071574,-0.0031748593755764887,-0.009090331514016725,12811,468000000,31.2,0,2,2,-2.9057378673385874,0.5905581046896601,5.436219244959408,-2.9057378673385874,0.5905581046896601,5.436219244959408,45.1504909992218
-4.712426890567834,3.4349937867204927,3.684122548120575,-3.3485819272058723,2.796606226331801,5.191886595465629,-0.8976668046740406,0.0005317677792766149,-0.006085113395049146,0.4406324958560093,-0.20658875694290835,-0.1258517304280527,-0.36934988180358336,0.0014375177329384314,-0.0021033143411841593,-0.013207236770540476,12811,902000000,31.18,0,2,2,-3.014776843363373,0.7069733365408108,5.307009620864266,-3.014776843363373,0.7069733365408108,5.307009620864266,46.083860635757446
-4.671353145833668,3.580968106473816,3.554410272345218,-3.4510674207706344,2.8378564737488428,5.022047475871142,-0.8960942920230882,0.0003262163921325459,-0.005515154394645546,0.44382935511129606,-0.2002685165401044,-0.1136569446087978,-0.37407642335732316,0.0022718770651408704,-0.0018106513380189426,-0.018004427511186805,12812,328000000,31.09,0,2,2,-3.1198008100124226,0.8233645423404643,5.1770565194150135,-3.1198008100124226,0.8233645423404643,5.1770565194150135,47.05478024482727
-4.625368970448108,3.7362878683694305,3.4363370350639406,-3.538989820724543,2.8778269725142356,4.865368363848811,-0.8939780017851181,2.6657295288775446e-05,-0.004977924107731869,0.44808319750382675,-0.19803356549625173,-0.10138683982823471,-0.37628149418280443,0.0024860294161044294,-0.0016184367382265918,-0.03040047831746051,12812,828000000,30.94,0,2,2,-3.2397233315985514,0.9412178516264711,5.0122961941233335,-3.2397233315985514,0.9412178516264711,5.0122961941233335,48.03732371330261
-4.5756903606132395,3.9005536364550437,3.330853492557395,-3.6304869598411704,2.9312003047782507,4.693161219021237,-0.8895566210994237,-0.0002591561958749393,-0.003929155803339693,0.45680796012210156,-0.2312225908433058,-0.07443035096771418,-0.3759121337065066,0.004440802604221972,-0.005987678287056042,-0.05938022550253663,12813,227000000,30.67,0,2,2,-3.3397929541470863,1.0101715839934475,4.851324030656427,-3.3397929541470863,1.0101715839934475,4.851324030656427,49.0517053604126
-4.523558330551639,4.073248515359478,3.2388089362865244,-3.7095146360895916,3.0019630619160567,4.543878157873179,-0.8831700698067683,-0.0005873912352348774,-0.0026060495790729216,0.46904529767884495,-0.2843505172058043,-0.04421613444481461,-0.37341492565495543,0.0043066945636383025,-0.005533657895284705,-0.08171050794771872,12813,585000000,29.82,0,2,2,-3.4387604122720647,1.0491231763744733,4.6660470388077115,-3.4387604122720647,1.0491231763744733,4.6660470388077115,50.01366710662842
-4.470225443784154,4.253741445548371,3.160944454897099,-3.8100102744441786,3.1308434855056677,4.3524681683169115,-0.8728224138956407,-0.0017754572483026062,-0.0020690351568368156,0.48803032758883524,-0.3263921715810147,-0.016468929910484712,-0.36443415811750046,0.004949757294525625,0.005858638269273797,-0.0793756014900282,12813,958000000,28.37,0,2,2,-3.5157006657427563,1.0606926572124031,4.5003213276488445,-3.5157006657427563,1.0606926572124031,4.5003213276488445,51.21988773345947
-4.416942375890457,4.441291814646157,3.0978869674096927,-3.877635777034058,3.236407203535865,4.216411012017536,-0.866099647813511,-0.003183484049195574,-0.003006142221242055,0.49985220675272224,-0.31596176992280195,-0.01025058515978045,-0.3550232719707641,0.0020277335579521605,0.011219170028198278,-0.05411511992861051,12814,296000000,25.94,0,2,2,-3.6039132477686078,1.0576700788686955,4.282868357095975,-3.6039132477686078,1.0576700788686955,4.282868357095975,52.19278693199158
-4.3649446544071155,4.635055345592884,3.050144175636353,-3.934097932164119,3.3299578198706614,4.091822073343352,-0.861935107216054,-0.004198217410504309,-0.004436108628100152,0.5069818210343079,-0.2829688052690923,-0.008259173866554444,-0.34210857322020555,-0.0012369182400107093,0.007794470457156422,-0.041003242586157285,12814,630000000,24.41,0,2,2,-3.6602187056207525,1.0494693218361177,4.125775478964496,-3.6602187056207525,1.0494693218361177,4.125775478964496,53.08258104324341
-4.315439718675568,4.834091207905732,3.018100476464131,-3.9802130335115273,3.4101011925373963,3.9792662343068046,-0.858470106138108,-0.004370596134363542,-0.00528233785204963,0.5128177762748406,-0.2545997097799121,-0.0041863580710288515,-0.3267616043163629,-0.0032618850127619226,0.00231707770126377,-0.040504944627173245,12814,973000000,23.48,0,2,2,-3.7089019396388117,1.0613033739104323,3.982584062096344,-3.7089019396388117,1.0613033739104323,3.982584062096344,53.96581959724426
-4.269594438048033,5.037370284349661,3.0020138669173706,-4.019803004292237,3.4846129663891676,3.8721263575108362,-0.8548255817780808,-0.003987140163372449,-0.005521187368784144,0.5188707391452345,-0.2355858259170403,0.0031475774646252874,-0.31016581663206827,-0.002974817857648304,-0.0017191588085552212,-0.04295385297155008,12815,337000000,22.74,0,2,2,-3.752657053778168,1.110592158611535,3.855916279570621,-3.752657053778168,1.110592158611535,3.855916279570621,54.85991454124451
-4.2285232209468075,5.243784512046629,3.0020138669173706,-4.051686813682155,3.5523087022631823,3.7764703821451397,-0.8511623807842974,-0.0034334520189317967,-0.005308553123117935,0.5248643941139268,-0.2258319131268045,0.0120475907950938,-0.29385514910848226,-0.0026856225304072723,-0.0038374985251721228,-0.04478705086512491,12815,705000000,22.01,0,2,2,-3.794804255726563,1.1938622626407653,3.738583317175513,-3.794804255726563,1.1938622626407653,3.738583317175513,55.728222370147705
-4.210109027392585,5.347801973019649,3.0080514120095216,-4.080487270656894,3.62410609253486,3.680614596720013,-0.8470631337427906,-0.0027913631374131874,-0.0048329184538290805,0.5314629795619791,-0.22265246144312792,0.022859655627674648,-0.275213747381804,-0.001636372621760529,-0.004715880322692101,-0.04693115333793685,12816,85000000,21.3,0,2,2,-3.8325203413424878,1.2963719317084317,3.637823313462366,-3.8325203413424878,1.2963719317084317,3.637823313462366,56.57575011253357
-4.178146364880431,5.5566942361953435,3.0321408228027407,-4.104703271143441,3.697484972614579,3.591193099277175,-0.8427046108708094,-0.0022670310113961853,-0.004221920408655028,0.5383548781013634,-0.22335849422879464,0.03277644938517009,-0.2554294956152618,-0.0004485672434384469,-0.004465845540835289,-0.04901721731584985,12816,541000000,20.51,0,2,2,-3.869608064483366,1.4242462297882923,3.5421638217040288,-3.869608064483366,1.4242462297882923,3.5421638217040288,57.43213725090027
-4.153443009833245,5.765675973355503,3.0720742786082935,-4.12506596629637,3.772874257113013,3.5085530732410177,-0.838088017218505,-0.001894478074171064,-0.0036123313192335587,0.5455197864514367,-0.22665262306400974,0.04138387415497441,-0.23442315810211906,8.843210537179402e-05,-0.003893579150826554,-0.05178310166229494,12816,973000000,19.67,0,2,2,-3.9030182066590493,1.5653980933860203,3.4583782782044468,-3.9030182066590493,1.5653980933860203,3.4583782782044468,58.35722756385803
-4.136847476985778,5.973449562871589,3.127530258720525,-4.142110624834582,3.8511613855750673,3.4332588099930144,-0.8331200474411963,-0.001655847685770199,-0.0030357875052497703,0.5530813942940437,-0.2332525153435812,0.04929420648578393,-0.21152115005957697,0.0009036349013058498,-0.0032429422844870714,-0.05491715019161347,12817,435000000,18.77,0,2,2,-3.93259685846161,1.7114516050100856,3.384645130535885,-3.93259685846161,1.7114516050100856,3.384645130535885,59.214771032333374
-4.131829376054615,6.076470222463971,3.1609444548970984,-4.156317653456486,3.9330973847668074,3.366091791519169,-0.8277842317871704,-0.0015487224787545518,-0.0025045159915281843,0.5610388528995616,-0.24230855510766344,0.05608103564060947,-0.18627182989602334,0.0011999131629636395,-0.002501875496818684,-0.05804969332530163,12817,823000000,17.81,0,2,2,-3.958171754192611,1.851997836892968,3.31786589693022,-3.958171754192611,1.851997836892968,3.31786589693022,60.03312039375305
-4.12877573295956,6.279944484351441,3.2388089362865236,-4.169371717779515,4.029286972206954,3.3014365691773344,-0.8214128990222667,-0.0015112984294652792,-0.002000041710721968,0.5703284712602448,-0.2523057427002588,0.06138467107354636,-0.15698551368017605,0.0012071366086274793,-0.001974355427591945,-0.0602787833486218,12818,351000000,16.86,0,2,2,-3.9804618096283875,1.9809457220271878,3.2511779388226762,-3.9804618096283875,1.9809457220271878,3.2511779388226762,60.93014478683472
-4.13551904324917,6.47888033835782,3.3308534925573943,-4.182376416271242,4.156640083059503,3.2357249449889878,-0.8129345425329205,-0.0015142242201027073,-0.0014598515310101782,0.5823512733010118,-0.2650811085811553,0.0650196466195829,-0.11910361556331987,0.0009693693755252752,-0.001562258898957225,-0.06239787981030531,12818,740000000,15.72,0,2,2,-3.9986419981729227,2.093570201903439,3.185725652818436,-3.9986419981729227,2.093570201903439,3.185725652818436,62.043312549591064
-4.152547012978048,6.671946651670999,3.43633703506394,-4.1912817223105066,4.273790570757099,3.1930777255726595,-0.8051330505455644,-0.0015248511633188663,-0.0010574801898349726,0.5930913314859453,-0.2790056494237124,0.06666399465199364,-0.08563562698733779,0.0011463183341220429,-0.0008048961888107442,-0.06434488605009392,12819,98000000,14.22,0,2,2,-4.014071553571796,2.2025290015654746,3.1149161649665937,-4.014071553571796,2.2025290015654746,3.1149161649665937,63.0259370803833
-4.1802339303802745,6.857833443958347,3.5544102723452164,-4.198155607237819,4.390895388992428,3.1659498820851137,-0.7973950519669134,-0.0015957852366168738,-0.0008427154928801146,0.6034549481102628,-0.2897930011913054,0.06562812769494257,-0.05171583012463057,0.0005153902236543217,4.329321932061703e-05,-0.06447472987929359,12819,432000000,12.92,0,2,2,-4.022920670354771,2.2829148098507517,3.059721428165469,-4.022920670354771,2.2829148098507517,3.059721428165469,64.04247999191284
-4.218838448284354,7.035265581066037,3.684122548120574,-4.203496196380771,4.504683076343196,3.153012844974945,-0.7900193827833485,-0.0016206533244219972,-0.0008094407440564877,0.6130791899217435,-0.2946671814227756,0.062273143424689016,-0.018160800875884432,-0.0002099933013255395,0.000697096476187653,-0.06246137490961701,12819,763000000,11.66,0,2,2,-4.02762238602015,2.35031599992158,3.0183570316616333,-4.02762238602015,2.35031599992158,3.0183570316616333,64.96655178070068
-4.268502693892854,7.203016248319119,3.8244294954150533,-4.207755560760986,4.613319985163376,3.152852858396377,-0.7832128260945947,-0.0016226927460258782,-0.0009392957083573254,0.6217508774684137,-0.29691882024631117,0.057730650097896755,0.01526114725500024,-0.0007945675633891369,0.0011799224239439354,-0.059596159189823084,12820,90000000,10.49,0,2,2,-4.029699142788301,2.41117547595477,2.992208332045257,-4.029699142788301,2.41117547595477,2.992208332045257,65.89440274238586
-4.329252703688477,7.359920056617248,3.9742014451881875,-4.21158225245874,4.722204416366155,3.164999763084734,-0.7767001281016496,-0.0015436199637304847,-0.001173389224235124,0.6298675665582544,-0.2984264597892578,0.05236974693540496,0.050084648484344504,-0.0017575210677023279,0.0008222691292303352,-0.054902731790207326,12820,420000000,9.45,0,2,2,-4.030298902575127,2.4678344474062937,2.9804471707901365,-4.030298902575127,2.4678344474062937,2.9804471707901365,66.76228976249695
-4.363761665560097,7.433960112965551,4.052262675054003,-4.21510867506094,4.825113733861368,3.1882171133147703,-0.7710400550604533,-0.0013232784286930613,-0.0013897203267794842,0.6367837553706803,-0.29948051919097357,0.04676515187791842,0.0839626779679472,-0.002113698178618506,6.851951859232486e-05,-0.04943047824781388,12820,755000000,8.5,0,2,2,-4.030586005874751,2.527887455589125,2.982582498860708,-4.030586005874751,2.527887455589125,2.982582498860708,67.61972784996033
-4.44093979567767,7.5725737357109155,4.213949936692153,-4.21962589226967,4.945895468719254,3.2300468498941286,-0.7651269999589274,-0.0009545803883147441,-0.0015284812016613208,0.6438768721233505,-0.2985977125671887,0.039372744421102564,0.12072540772177734,-0.0017193011899507837,-0.001084063922007772,-0.04247452270647045,12821,97000000,7.72,0,2,2,-4.03184143483377,2.596845668459332,2.9988566498601634,-4.03184143483377,2.596845668459332,2.9988566498601634,68.56070518493652
-4.528775451583464,7.697776788310476,4.381966011250105,-4.224258070115915,5.05351100182197,3.2790922087887866,-0.7604810169775701,-0.0005625849725832726,-0.0014987957403329094,0.6493581907747358,-0.29622843050736614,0.03260752794530721,0.14934559647463813,-0.0015485791777791746,-0.0014171745078783715,-0.03647342055046465,12821,435000000,6.97,0,2,2,-4.035755204191029,2.70277739619032,3.0369020018209314,-4.035755204191029,2.70277739619032,3.0369020018209314,69.42695593833923
-4.626910335880682,7.8087134706344985,4.55495813208737,-4.229798064627705,5.159873631259954,3.338162993534153,-0.7565612974846444,-0.00017704895660934574,-0.0014572783716073118,0.653921132967704,-0.29328474304178365,0.025159623297227585,0.1767744058552558,-0.0015426422237396764,-0.001441443680505472,-0.02936065193352988,12821,802000000,6.41,0,2,2,-4.042211754401446,2.824373102167574,3.087937347579389,-4.042211754401446,2.824373102167574,3.087937347579389,70.3190426826477
-4.734887618073344,7.904640119602524,4.731533468364688,-4.237184350633584,5.270532129694359,3.4109018406615106,-0.7533316705138916,0.0002441877241740175,-0.001406175555087229,0.65763923031052,-0.28952688456511966,0.01671339810770985,0.20452483385037384,-0.0016016421227504907,-0.0016722373288757808,-0.021603996356134303,12822,181000000,5.95,0,2,2,-4.0513639534319905,2.9647644788796916,3.1524097729876144,-4.0513639534319905,2.9647644788796916,3.1524097729876144,71.27030658721924
-4.792399167380991,7.946775109590542,4.820721382193133,-4.245548592498604,5.367989361688529,3.4847398247403296,-0.7512390734809654,0.0006622698920663022,-0.0013467069930391316,0.6600284859415729,-0.2858315597097563,0.008656361231100942,0.2287592861316297,-0.0018907223079622781,-0.0018826346831701812,-0.015063741466292413,12822,660000000,5.59,0,2,2,-4.063378539453013,3.1208374226357694,3.2324057262113994,-4.063378539453013,3.1208374226357694,3.2324057262113994,72.16789770126343
-4.914085502344078,8.019058717695309,4.999999999999999,-4.256622493585211,5.46943916322905,3.5715479714432994,-0.7497911600701916,0.001172763085725158,-0.001270659247327123,0.6616722952734366,-0.2809670872367667,0.0001940326853271972,0.2513416115828967,-0.002217430869677628,-0.00249627423727361,-0.00874774423209601,12823,63000000,5.26,0,2,2,-4.076434790889553,3.264730566521524,3.317705445701486,-4.076434790889553,3.264730566521524,3.317705445701486,72.99680495262146
-5.044089602812401,8.07501779183718,5.179278617806866,-4.269987532094162,5.568638227725057,3.6655372372543678,-0.7490739973103705,0.0017665436669264153,-0.0011765550772570815,0.6624829368331578,-0.27497772867699194,-0.008311109236675421,0.2707732576569734,-0.0022983911549090408,-0.0024678396357558086,-0.0026815269848157186,12823,479000000,5.19,0,2,2,-4.089970706518701,3.3898526291267803,3.406038820971232,-4.089970706518701,3.3898526291267803,3.406038820971232,73.8133339881897
-5.181671272677615,8.11436158623374,5.357113789597273,-4.286032289846968,5.665389643306811,3.76646020987496,-0.7490597289876881,0.00236296701409312,-0.001126002773221404,0.6624972987971618,-0.26875355607853085,-0.017256329398017113,0.2901122672373266,-0.0026850259246202768,-0.002244686356789316,0.003024648117389006,12823,839000000,5.05,0,2,2,-4.105561989719382,3.5067415045738897,3.5073818420783964,-4.105561989719382,3.5067415045738897,3.5073818420783964,74.7127628326416
-5.2530557095740935,8.12775047361449,5.445041867912629,-4.313248528201364,5.795414273505915,3.9179699935833425,-0.7501516567405734,0.003185282029881076,-0.0011240405306520522,0.6612571983734078,-0.25960135710967924,-0.029902624054683448,0.31615629026280206,-0.0018751437323771825,-0.0020882386024823063,0.01011010699585313,12824,208000000,4.89,0,2,2,-4.122889959686199,3.6067952292928425,3.6173183516981533,-4.122889959686199,3.6067952292928425,3.6173183516981533,75.82805395126343
-5.47631735752994,8.142750146300394,5.702749648162685,-4.337715632549813,5.89081851189006,4.041084141060374,-0.7516100126014432,0.0036968766911542324,-0.0010253746098115115,0.6595965969188274,-0.2528138815619573,-0.03785770250718333,0.3313754813462658,-0.0017004555729727144,-0.0021466296630023862,0.013491644131136127,12824,570000000,4.68,0,2,2,-4.150572146322731,3.720478504377186,3.784672549467223,-4.150572146322731,3.720478504377186,3.784672549467223,76.77338194847107
-5.553407509066662,8.139404347423483,5.786050063307846,-4.365165565658934,5.983119598489337,4.169208756363117,-0.7535173552959928,0.004304321256687064,-0.0010551057513947366,0.6574130777814697,-0.2448674592905243,-0.046555429623696055,0.34446815704678285,-0.003575495657059946,-0.0016387600112466316,0.01786990451364545,12824,915000000,4.57,0,2,2,-4.174512270505236,3.791521700823335,3.9219195048588857,-4.174512270505236,3.791521700823335,3.9219195048588857,77.70406603813171
-5.71091245220216,8.12036772306612,5.947737324945997,-4.396095130952179,6.071655575181917,4.302184471868998,-0.7559516634201346,0.004873013031054416,-0.001158377807673432,0.6546082755947906,-0.23626521886288962,-0.05534488918546587,0.3552476746151354,-0.0020195702290948248,-0.0014431219938160211,0.021107940847286955,12825,311000000,4.52,0,2,2,-4.201409699152449,3.853200468537722,4.066653191257798,-4.201409699152449,3.853200468537722,4.066653191257798,78.55298113822937
-5.872078083707181,8.085184330185637,6.101793962904205,-4.428368466810641,6.152015499771931,4.431221263696405,-0.7585502837364816,0.005280656174542207,-0.0011869638477447456,0.6515920294405798,-0.22806095115058383,-0.06339587484052138,0.36258220408422853,-0.0019260844055679627,-0.0011439335708018916,0.023335483638220467,12825,667000000,4.61,0,2,2,-4.231590220940811,3.9108186652154426,4.217265637581308,-4.231590220940811,3.9108186652154426,4.217265637581308,79.43715143203735
-6.035970176772812,8.034354397463265,6.246979603717467,-4.46376152951249,6.228728358516312,4.562778230205648,-0.761384173531744,0.005613456769364625,-0.001222745687802063,0.6482755080145047,-0.21957581047059166,-0.07216616843448748,0.36911144528233225,-0.0015720029068688746,-0.0008472709339457651,0.02528144159441581,12826,28000000,4.83,0,2,2,-4.263846797467245,3.969976412491894,4.363514669004927,-4.263846797467245,3.969976412491894,4.363514669004927,80.32654023170471
-6.201656132817683,7.968516640433846,6.382125297973729,-4.5002289375657485,6.297668535316024,4.689104822789341,-0.7642409312267225,0.005838723920059533,-0.0012412912794113823,0.6449032233883288,-0.2115136307888318,-0.08092394955679197,0.37470052558052325,-0.0011836561043310212,-0.0005373308226808149,0.02681484656932298,12826,404000000,5.17,0,2,2,-4.300121719825152,4.042186312438962,4.5107101101155,-4.300121719825152,4.042186312438962,4.5107101101155,81.17452049255371
-6.284883614466956,7.930206020270921,6.445589727654783,-4.5398380819215065,6.363042335249531,4.817299449105895,-0.7672445854413915,0.005980659119255124,-0.0012457396438358714,0.6413255226171074,-0.20308094136493,-0.09032465071377098,0.3796881435337348,-0.0007892744235959981,-0.00035910007909478736,0.028261716761335265,12826,752000000,5.6,0,2,2,-4.3387845330243415,4.127017299310453,4.6486236442877935,-4.3387845330243415,4.127017299310453,4.6486236442877935,82.00881719589233
-6.451543150187733,7.8433436918687205,6.563662964936059,-4.585272583814689,6.4280665299913755,4.954612547749743,-0.7705587343479348,0.006041379268269926,-0.0012070393877563687,0.6373392202842709,-0.1939344743883818,-0.09970624081965075,0.3823366762220376,-1.1324112289545774e-05,-0.00021807669128293128,0.029147405439289287,12827,111000000,6.11,0,2,2,-4.381899503304687,4.225371597825692,4.784549295415844,-4.381899503304687,4.225371597825692,4.784549295415844,82.90027713775635
-6.61774586818253,7.743638077079121,6.669146507442605,-4.636654222521986,6.492096348909077,5.099920490725722,-0.7741089093295963,0.006038752684908586,-0.0011599552408446965,0.6330225781647858,-0.18442674595777192,-0.10914543026322636,0.3822386531951317,0.00013206282787336932,6.300814376913877e-05,0.0297336990115582,12827,465000000,6.71,0,2,2,-4.431702972613319,4.336355845588861,4.926226890912029,-4.431702972613319,4.336355845588861,4.926226890912029,83.82720255851746
-6.7826519732040484,7.632161968564601,6.761191063713475,-4.691643182525952,6.551212619054878,5.245059121994921,-0.7777133329280084,0.005969951784703706,-0.0011408204257684885,0.6285897151484845,-0.1746530627874166,-0.11907378506784812,0.3809762168637715,0.00024625585410831263,0.0004115373513968734,0.03052883766940795,12827,831000000,7.36,0,2,2,-4.487793437416594,4.450392648968364,5.074298247182199,-4.487793437416594,4.450392648968364,5.074298247182199,84.65995049476624
-6.864369656274056,7.572374008627096,6.801937735804837,-4.750268120324888,6.60508866057067,5.389446777013266,-0.781360866891096,0.005818404783073411,-0.0011333440267520677,0.6240513259246326,-0.1643364302711795,-0.1293652732127516,0.3776791255566192,0.0007679967950480204,0.0006898212575379148,0.030493583835777827,12828,326000000,8.02,0,2,2,-4.54676021418219,4.549819731789966,5.22339094736106,-4.54676021418219,4.549819731789966,5.22339094736106,85.5252537727356
-7.025867121271975,7.445478595724748,6.872469741279475,-4.809039297281755,6.651131489054286,5.524625750036746,-0.784756248600046,0.005544838653560555,-0.0010930177693252137,0.6197787430685605,-0.15505153429957538,-0.13795235785273474,0.37127811031789154,0.0015263807426890708,0.001001672660549957,0.02999401040142402,12828,713000000,8.7,0,2,2,-4.608335970064971,4.625261994155699,5.375792355273295,-4.608335970064971,4.625261994155699,5.375792355273295,86.51688694953918
-7.184204876711098,7.309926275887015,6.9279257213917065,-4.8738542694453955,6.694845668261734,5.66414091452956,-0.7882442213903499,0.005203367726403999,-0.0010725203452959901,0.6153395990094687,-0.14565675217596027,-0.1462674522696346,0.36129546444221716,0.0012352865269349422,0.0010990121836584876,0.0293165139737539,12829,87000000,9.35,0,2,2,-4.668704055329415,4.6734684529118145,5.522731311552743,-4.668704055329415,4.6734684529118145,5.522731311552743,87.47065353393555
-7.338754385808782,7.16710445873456,6.967859177197259,-4.945222248880892,6.735315434890234,5.806519148214385,-0.7917802031547315,0.00481844986114759,-0.0010490522132415065,0.6107862080324354,-0.13609024791513374,-0.15594337744778106,0.3488264939526733,0.0017976237018046959,0.0011869905620187637,0.028090706291550305,12829,463000000,10.04,0,2,2,-4.73437224118102,4.702080498805824,5.678707625357317,-4.73437224118102,4.702080498805824,5.678707625357317,88.48875689506531
-7.488964595062717,7.018462329964086,6.991948587990478,-5.035409075623563,6.776379477430041,5.970377632189668,-0.7957759850434675,0.00426884935755332,-0.000976328335433693,0.6055752681015324,-0.12370771235523356,-0.16832684511205884,0.33177339033209685,0.0020115362531214487,0.0012808358178517665,0.026508116570767015,12829,831000000,10.8,0,2,2,-4.806059596178167,4.712541257670121,5.841291372650425,-4.806059596178167,4.712541257670121,5.841291372650425,89.6122407913208
-7.6343677458871,6.865496962822616,7.0,-5.106126923044428,6.801374484165642,6.087725922462752,-0.7986078496572598,0.0038135998307818088,-0.000934075070763446,0.6018389206639098,-0.11411950689709763,-0.17725842290046684,0.3177618072455387,0.002313221489202988,0.0012051774433530227,0.025280608679167926,12830,197000000,11.72,0,2,2,-4.896691304910932,4.704111021070414,6.031642069446853,-4.896691304910932,4.704111021070414,6.031642069446853,90.54137706756592
-7.774584090529587,6.709738893751633,6.991948587990478,-5.179331065015956,6.821259163166829,6.1994558981061765,-0.8012617562358467,0.0032781337013965406,-0.0007850112477879913,0.5983044672995704,-0.10390566800593186,-0.18655036904044864,0.3001382127887845,0.0037151081414776854,0.0009844348824117333,0.02351648290641606,12830,531000000,12.41,0,2,2,-4.967925672817655,4.691285541034533,6.16859128219421,-4.967925672817655,4.691285541034533,6.16859128219421,91.46536827087402
-7.909325460998192,6.552737310035547,6.967859177197259,-5.255086497146999,6.8358137079474774,6.304034134496414,-0.8036401571655001,0.002527177027105491,-0.0004339966381600264,0.5951100090018664,-0.0933173322568746,-0.19662138088812345,0.27890651357644286,0.005677998842656962,0.0007090419046562602,0.019801796042884234,12830,865000000,13.02,0,2,2,-5.042073721142791,4.701269492611695,6.2944022473051895,-5.042073721142791,4.701269492611695,6.2944022473051895,92.40949058532715
-8.038397653394853,6.396045001712609,6.9279257213917065,-5.364963135388931,6.846977441655277,6.435633671268382,-0.8061924790672454,0.001279376016481741,0.00030112023766702375,0.5916518902353138,-0.07853404647454605,-0.2115961228099808,0.2465031497563935,0.00513181475980673,0.0005382043923418678,0.014752622882951982,12831,224000000,13.54,0,2,2,-5.119614227154922,4.732495276375097,6.407846108929882,-5.119614227154922,4.732495276375097,6.407846108929882,93.55516910552979
-8.161701604126613,6.241203232806258,6.872469741279475,-5.44727299896166,6.84885376916685,6.520274636244554,-0.807629459208892,0.00048309742768086976,0.0007176687188677428,0.5896896710867823,-0.06864066640254293,-0.22160264347833128,0.22316515014148458,0.005243316445557866,0.0006224522337561211,0.01146571430581389,12831,601000000,14.08,0,2,2,-5.233674318353903,4.798150767821168,6.544021967188459,-5.233674318353903,4.798150767821168,6.544021967188459,94.42554140090942
-8.279233348785443,6.08972668807787,6.801937735804838,-5.536793622738085,6.845367862515072,6.599724830780426,-0.8086952982845604,-0.00032346134039223923,0.0011568010363847375,0.5882265479528862,-0.057493144243204564,-0.23187296520881148,0.19473829806974466,0.0045696517645410495,0.0004312102390713335,0.007091283487170585,12831,986000000,14.38,0,2,2,-5.320114375065518,4.854595250601751,6.626658071909062,-5.320114375065518,4.854595250601751,6.626658071909062,95.30151128768921
-8.391082768889193,5.94308865097476,6.716897587203732,-5.628619241127103,6.836302618478439,6.667512918696891,-0.8092030849211895,-0.0009702489988241816,0.0015313322035164405,0.587526238556707,-0.045875753429071534,-0.2415042111091254,0.16308897402361452,0.0034855158901336836,0.00010635223333110844,0.0008452045051399182,12832,364000000,14.6,0,2,2,-5.4147976059374265,4.916968980515356,6.700443083193585,-5.4147976059374265,4.916968980515356,6.700443083193585,96.24565315246582
-8.444929778243836,5.8720295899248365,6.669146507442606,-5.713049805241745,6.826982820668579,6.717438808081802,-0.8102401340156815,-0.0013552586024414817,0.0013572092849415314,0.586094912524693,-0.08178033688592498,-0.2422753712037305,0.1307210123751918,-0.0014413178178074304,0.00781323951741797,0.0453915217804024,12832,738000000,14.76,0,2,2,-5.511800835078724,4.958402870356048,6.76507870534487,-5.511800835078724,4.958402870356048,6.76507870534487,97.13066625595093
-8.548623222003824,5.735285754374287,6.56366296493606,-5.814868711943487,6.846241052114641,6.758783050775243,-0.8184659938146556,-0.0018831221397201002,-0.00036718266506869876,0.574551769640374,-0.18398858672972013,-0.23003046605408994,0.08852476977271599,-0.004094544692634372,0.007496825401176466,0.09439112691325136,12833,97000000,15.22,0,2,2,-5.6046932199939254,4.966819986689947,6.8196832874490685,-5.6046932199939254,4.966819986689947,6.8196832874490685,98.00996971130371
-8.647250728809183,5.6067891095832305,6.4455897276547836,-5.9430234419278145,6.90629981862666,6.786939390317266,-0.8314225582268496,-0.0014986734255769633,-0.00198123123479284,0.555635094619012,-0.27267860152744394,-0.21452912123963808,0.0380856090445983,-0.006587179041162017,0.0028314196924839052,0.11030177847715095,12833,515000000,16.69,0,2,2,-5.698280479556874,4.9455590255891,6.866232196909118,-5.698280479556874,4.9455590255891,6.866232196909118,99.04553270339966
-8.741203892820776,5.487758199706242,6.315877451879426,-6.0668606978823005,6.9799358680656285,6.79400823941016,-0.8431749940233801,-0.0005974449061921733,-0.0030158619582750165,0.5376304279799509,-0.29526669591606025,-0.2066481180245343,-0.005546028346380149,-0.006030140639268211,0.00014060053246112147,0.09759688618942164,12833,998000000,19.18,0,2,2,-5.81366307073556,4.8888868243396955,6.908491777313817,-5.81366307073556,4.8888868243396955,6.908491777313817,100.00731039047241
-8.830948362253947,5.379310335909869,6.175570504584947,-6.172483129668859,7.035898440427502,6.787004860506376,-0.8511685457256487,0.0005281866787777854,-0.003615540526514113,0.5248797535177151,-0.25493717867891874,-0.21314803537044394,-0.03913460592094266,-0.00873197977853124,-0.0026999557348972303,0.07167163130361587,12834,349000000,21.39,0,2,2,-5.918976559199456,4.815263894628432,6.929731024485,-5.918976559199456,4.815263894628432,6.929731024485,100.88221502304077
-8.917016634011365,5.282450649562469,6.0257985548118125,-6.279285134980006,7.0679213750391945,6.767689223947191,-0.8567142384820359,0.002318695493520713,-0.003891768218165487,0.5157714526546515,-0.17892662348295765,-0.23178094445800576,-0.07301467900229738,-0.009547696299705422,-0.004508833808358759,0.049925177518161945,12834,697000000,23.03,0,2,2,-6.013860062347716,4.755988316591142,6.931924707336365,-6.013860062347716,4.755988316591142,6.931924707336365,101.76045107841492
-8.95885491383951,5.238647359080432,5.947737324945998,-6.380976462218747,7.0729953450785255,6.736120921386927,-0.8605783534972047,0.004270403276340961,-0.004109001856623405,0.509283592168096,-0.11776529832567292,-0.24978462843501353,-0.10819445539600299,-0.010173088412557263,-0.003988173511970672,0.03102454138570465,12835,69000000,23.92,0,2,2,-6.103573783112792,4.72253633414571,6.917234972051303,-6.103573783112792,4.72253633414571,6.917234972051303,102.66540765762329
-9.040533546240905,5.160785279215,5.786050063307848,-6.473453308157313,7.058207079606008,6.694933049141901,-0.8623954147766253,0.006100412120407146,-0.004484414630289895,0.5061786478800119,-0.0724427042780258,-0.26366260039545897,-0.1400919652690164,-0.010182907499256544,-0.0025552498300385196,0.006645325038334704,12835,577000000,24.63,0,2,2,-6.199113459750444,4.710258962866592,6.883653086781142,-6.199113459750444,4.710258962866592,6.883653086781142,103.56296801567078
-9.120105018100498,5.096471948035492,5.618033988749896,-6.56294016218655,7.028985326321167,6.643741880000983,-0.8619396611144489,0.00777749054171279,-0.005054931336530669,0.5069260093030991,-0.03591087150502838,-0.2738113603469897,-0.17001811353318466,-0.009847728961176472,-0.001640107939238078,-0.019301263091620058,12835,934000000,24.94,0,2,2,-6.290163616075756,4.714481349568808,6.8367406468935865,-6.290163616075756,4.714481349568808,6.8367406468935865,104.46056008338928
-9.198267729892216,5.046250697497813,5.44504186791263,-6.650101114753711,6.988859110070459,6.58269041011876,-0.8593587352140253,0.009307472664382688,-0.005704932681090739,0.5112566761491302,-0.0061007806668963585,-0.28102617205952835,-0.20007360945388583,-0.008905276899895398,-0.0013477294032782083,-0.04068895505042747,12836,299000000,24.8,0,2,2,-6.382078893657441,4.728856640810197,6.777296531172106,-6.382078893657441,4.728856640810197,6.777296531172106,105.3631694316864
-9.275745524000433,5.010518615660784,5.268466531635312,-6.740601319747268,6.937661760185902,6.507310093763888,-0.8548080623639511,0.010712557883291403,-0.006362353431879718,0.5187946974285609,0.019345836467040824,-0.2858251024084438,-0.23160526070987006,-0.007698887202423066,-0.0013726053111895453,-0.057003821348189376,12836,699000000,24.22,0,2,2,-6.474866130265685,4.748942200998581,6.706645649548012,-6.474866130265685,4.748942200998581,6.706645649548012,106.24166417121887
-9.314458149989589,4.998169166528449,5.179278617806868,-6.825049223969112,6.883519687724251,6.426180318029968,-0.8492814279967409,0.011831516235802511,-0.006892143627784489,0.5277627967558838,0.038399062237989424,-0.287938930004676,-0.2602861866581936,-0.006099085248933989,-0.001581219942181633,-0.06673062525806017,12837,32000000,23.27,0,2,2,-6.574003808504068,4.773089786047721,6.620859276350015,-6.574003808504068,4.773089786047721,6.620859276350015,107.10631895065308
-9.392295478639225,4.9845866686656395,5.000000000000001,-6.908837366980638,6.82572575965117,6.335970348104788,-0.8429411630893078,0.012720354348307993,-0.007294254741790556,0.5378058962141081,0.05359126750969752,-0.28747612032624914,-0.2850801403813216,-0.0044085646550229285,-0.0017119116364483489,-0.07268689078046009,12837,403000000,22.16,0,2,2,-6.668428415582786,4.796537008907452,6.53028769574862,-6.668428415582786,4.796537008907452,6.53028769574862,107.95868921279907
-9.47129927139662,4.985825502573428,4.820721382193134,-7.026341143778614,6.741639660173682,6.196183320898015,-0.8334286464399269,0.013511109058453534,-0.007468942328810433,0.5524114011548015,0.06352554712749019,-0.28397139294277735,-0.3145153429954906,-0.0024075251758404193,-0.0028065178184988326,-0.0702900200849399,12837,847000000,20.94,0,2,2,-6.763589182365423,4.81951750887608,6.4312025429333195,-6.763589182365423,4.81951750887608,6.4312025429333195,109.14482045173645
-9.552198506503384,5.001751500218027,4.642886210402727,-7.115949679509094,6.684778511741185,6.081930688799903,-0.82841705776277,0.013990629232752452,-0.006852927648379683,0.5598950598853262,0.007901890569495397,-0.27198358640447295,-0.34153675866372485,0.003257910771026218,-0.009927253631758504,0.004008916994280298,12838,254000000,19.21,0,2,2,-6.89867138664249,4.850260323374286,6.2795322740805375,-6.89867138664249,4.850260323374286,6.2795322740805375,110.10399746894836
-9.635699470216313,5.032079457966313,4.467926308866651,-7.219263475314293,6.663961845500409,5.948384293241852,-0.8327540273014614,0.014092253592789927,-0.005319350086803724,0.5534382015334026,-0.11199834486351741,-0.25200537904110354,-0.3755364089117851,0.005196581241762033,-0.0013842945918440819,0.06714246846968308,12838,603000000,18.37,0,2,2,-7.000192247768028,4.871137485157723,6.158627404374183,-7.000192247768028,4.871137485157723,6.158627404374183,111.07344436645508
-9.722475330250953,5.076376261790822,4.297250351837315,-7.338431452037073,6.683137813106406,5.794282139488647,-0.84043467326782,0.01277515354604393,-0.005319449723329955,0.5417361524540597,-0.21064851585372338,-0.23460194056079567,-0.40489395522951205,0.005672839552062214,0.008420610902248882,0.05663431620632764,12838,949000000,19.24,0,2,2,-7.1044551001118705,4.85777139254266,6.02155022156556,-7.1044551001118705,4.85777139254266,6.02155022156556,112.05080938339233
-9.813156089545181,5.134065492033123,4.132232521764885,-7.453390218771545,6.725916566562295,5.646803713950094,-0.8455653942563639,0.010822684361603618,-0.006130858274064714,0.5337269396574542,-0.2709975366577953,-0.22289373560108414,-0.42225831819553983,0.008539958707842743,0.009206029972119723,0.05380765796871856,12839,310000000,20.61,0,2,2,-7.211123793933057,4.796435570276438,5.865661004052607,-7.211123793933057,4.796435570276438,5.865661004052607,113.02097392082214
-9.908319044516041,5.204433457876391,3.9742014451881884,-7.586087357964304,6.789552656855685,5.478096110903674,-0.8511758207302971,0.008269041902062499,-0.007300759286300661,0.5247647511637672,-0.28890382342646037,-0.21579106174700877,-0.4297569123113876,0.006924991157575278,0.017786709577194415,0.04703573722508736,12839,658000000,21.39,0,2,2,-7.3064137341301665,4.712892914967189,5.717145699369825,-7.3064137341301665,4.712892914967189,5.717145699369825,114.01109027862549
-10.008479866243734,5.286636596706112,3.824429495415054,-7.69115896486018,6.836346850335757,5.342340701219734,-0.8544353867524512,0.006050047339038439,-0.009387513419803543,0.5194376203012034,-0.24713550163043366,-0.2226541120041437,-0.4305060697120928,0.0021033505618106574,0.02189289625675883,0.019139263349643443,12839,990000000,22.24,0,2,2,-7.41253526622626,4.603999272555817,5.546899978251524,-7.41253526622626,4.603999272555817,5.546899978251524,114.88769698143005
-10.114084415893515,5.379710159274142,3.684122548120575,-7.790583109753438,6.860792705095498,5.207285114773269,-0.8547865453956474,0.00451641468893238,-0.011875825089586636,0.5188241788769812,-0.16889283843074793,-0.24022062790212742,-0.42792395878106754,-0.0011780741829170438,0.012989414790354203,-0.005222713207331253,12840,338000000,22.71,0,2,2,-7.497711667050121,4.530602719074335,5.4091702491325755,-7.497711667050121,4.530602719074335,5.4091702491325755,115.7485899925232
-10.169046504790035,5.429991136564798,3.6178747020262714,-7.890206169425671,6.86335889888399,5.065061714888099,-0.8538246509763273,0.0043142806362892,-0.01301533864050279,0.5203801046617914,-0.10571743799108099,-0.2543334726557313,-0.4236443249671811,-0.0036270605050958693,0.0005728369131929867,-0.01572219807712827,12840,679000000,22.63,0,2,2,-7.58330826332318,4.482456608505988,5.270852811579662,-7.58330826332318,4.482456608505988,5.270852811579662,116.71543145179749
-10.283482072404862,5.53732091465431,3.4938570679927787,-7.98516402554232,6.848761954892309,4.924328615721023,-0.8520704466007492,0.005191239117742299,-0.012900702591773432,0.5232423692120705,-0.06192537478358634,-0.2623515035622027,-0.41784204224527033,-0.004774594617629191,-0.006181371463753749,-0.02452729986544,12841,23000000,22.29,0,2,2,-7.675197856172928,4.457772137857937,5.123608735579695,-7.675197856172928,4.457772137857937,5.123608735579695,117.61284184455872
-10.40412469492493,5.652646529561425,3.3819660112501055,-8.071000760288044,6.824547810988025,4.794009165378822,-0.8497182857897543,0.0063743987014684336,-0.012225586863013371,0.5270566732919442,-0.034236333952760004,-0.265195816095262,-0.41071867516014215,-0.003992065194324823,-0.008935263394960202,-0.03080511487496551,12841,371000000,21.81,0,2,2,-7.768047505876833,4.454605833889476,4.977467076106622,-7.768047505876833,4.454605833889476,4.977467076106622,118.52298402786255
-10.531124343357522,5.774663726388456,3.2831024127962682,-8.154350079188365,6.794464111237155,4.665945090183204,-0.8469585962351655,0.007555055730299752,-0.011262233973232404,0.5314858600962041,-0.018660866413097194,-0.26518042896008054,-0.40363493099933667,-0.0028294329467826174,-0.009756122017279267,-0.03329560895508621,12841,845000000,21.26,0,2,2,-7.856276051814833,4.466966508517832,4.842069036658631,-7.856276051814833,4.466966508517832,4.842069036658631,119.39688348770142
-10.664535954385098,5.901999301723967,3.198062264195162,-8.251440960250607,6.755996377208145,4.516812181802432,-0.8436107960892698,0.008778297607723116,-0.010000637664426933,0.5367902322686615,-0.013126847401706688,-0.262993443089408,-0.39533145027447264,-0.0014474177874035377,-0.009122371739067603,-0.031241512624546885,12842,208000000,20.66,0,2,2,-7.945441221461384,4.4910096465971625,4.709348094339829,-7.945441221461384,4.4910096465971625,4.709348094339829,120.33404922485352
-10.804316840475156,6.033224903224885,3.127530258720526,-8.332562053016149,6.7241436900623714,4.393621405826158,-0.8410318492646793,0.0095923876127765,-0.009022948920709182,0.5408252962048778,-0.015476987737281182,-0.26074297309574146,-0.38853814460544844,-0.001263758997538389,-0.007686250046390342,-0.02720681659411639,12842,596000000,20.0,0,2,2,-8.052627384629057,4.531531158518784,4.555809594807105,-8.052627384629057,4.531531158518784,4.555809594807105,121.18973517417908
-10.876555361569489,6.0998385342332115,3.097886967409693,-8.413847524283643,6.694642215035888,4.272706063993322,-0.8388978704743468,0.01026405890469135,-0.008230096141960986,0.5441298351734638,-0.02353483491371388,-0.2582595933893603,-0.3807493716448397,-0.0010298129268448974,-0.006135112926131114,-0.020562966165016405,12842,983000000,19.54,0,2,2,-8.144083820980162,4.573643078878493,4.430194232118935,-8.144083820980162,4.573643078878493,4.430194232118935,121.99854397773743
-11.025593460231256,6.234135645563602,3.050144175636353,-8.495713893581032,6.6687998364415115,4.154644150969563,-0.8373825763461051,0.0107952836801161,-0.007641625078492786,0.5464572153868816,-0.03466924278459394,-0.2552139832319061,-0.37047518831046106,-0.001066836375684943,-0.00419822417825344,-0.014178163473843597,12843,341000000,19.2,0,2,2,-8.236483558454685,4.621170596885495,4.308330445681311,-8.236483558454685,4.621170596885495,4.308330445681311,122.88144850730896
-11.180460941587125,6.368605256877436,3.018100476464131,-8.588455525513353,6.644628487842549,4.026242070291688,-0.83630376376547,0.011154684684562708,-0.0072160283688580806,0.5481053882748068,-0.04920245005967473,-0.25181906971754875,-0.3564484169831538,5.3421044299284404e-05,-0.0026221671532766777,-0.006526011566165835,12843,751000000,19.02,0,2,2,-8.329522405302033,4.672824144358702,4.191008860241828,-8.329522405302033,4.672824144358702,4.191008860241828,123.8829095363617
-11.340770603066856,6.501740470521191,3.0020138669173706,-8.682578301823169,6.627139592066792,3.9029513538520595,-0.8361998108787868,0.011225014539815623,-0.006837803721913895,0.548267379820396,-0.07628299873577604,-0.24722001587654518,-0.3419554189461741,0.0015042832615108637,-0.0017901449382407009,0.009247893103747629,12844,62000000,19.12,0,2,2,-8.440954923646721,4.7377080141582155,4.0577539778361045,-8.440954923646721,4.7377080141582155,4.0577539778361045,124.84914040565491
-11.50604108425346,6.632045291300239,3.0020138669173706,-8.792037702304016,6.6280540024082955,3.7715626955669506,-0.8396054356450159,0.01099962760194815,-0.00600330970242703,0.5430521898497217,-0.17271570803382558,-0.23017008425262936,-0.32908633216403516,0.005214264137975988,-0.004726751831185538,0.06957284495001659,12844,392000000,19.13,0,2,2,-8.54115280088553,4.789735824358698,3.94256999305867,-8.54115280088553,4.789735824358698,3.94256999305867,125.83632445335388
-11.675700990661799,6.758049269580246,3.0181004764641304,-8.907749691640559,6.673430319408811,3.650238119684735,-0.8488467096815915,0.01017878745502062,-0.005070659945691967,0.5285167397125625,-0.3006921237700863,-0.20354527673801165,-0.3182967093877528,0.007116723281797022,0.003328779166622553,0.10691842835512944,12844,740000000,19.98,0,2,2,-8.656731592267597,4.811459011779165,3.8071350327079823,-8.656731592267597,4.811459011779165,3.8071350327079823,126.85385203361511
-11.849094176114601,6.878321800454076,3.0501441756363525,-9.050354726502645,6.769741459501859,3.5217006180421877,-0.8610937927519979,0.008028722654532104,-0.005276412566082368,0.5083553670090917,-0.40884807556680763,-0.1740564747005135,-0.2981252681871005,0.009243891236110358,0.009107147525355686,0.11153492887387984,12845,78000000,21.87,0,2,2,-8.766016140086007,4.802367138768905,3.6804555440463522,-8.766016140086007,4.802367138768905,3.6804555440463522,127.93654727935791
-12.025486129416084,6.9914859317930045,3.0978869674096927,-9.225739480691589,6.909205389196612,3.389015945066123,-0.8735532160852676,0.004856978002772076,-0.006749413122310612,0.4866576146062759,-0.43228913218219456,-0.1595106759580778,-0.2608946915018585,0.007828122306818841,0.01600167015567422,0.09265749977203086,12845,399000000,24.23,0,2,2,-8.887352855995328,4.772300182070853,3.5461440050632334,-8.887352855995328,4.772300182070853,3.5461440050632334,129.1002655029297
-12.204071397869395,7.0962315397463875,3.1609444548970984,-9.350086117518963,7.000231107043596,3.3074847953042523,-0.8807520170565563,0.0028777092010721437,-0.008162652498416922,0.473498652949247,-0.3982378545112374,-0.16430254324101407,-0.2298514426940848,0.004741643124361872,0.012091041935491376,0.08243152478826232,12845,708000000,26.57,0,2,2,-9.027318098515906,4.725477634360727,3.404416695694954,-9.027318098515906,4.725477634360727,3.404416695694954,130.02538013458252
-12.383981967760793,7.191327737505053,3.2388089362865236,-9.47024212492191,7.072420691396788,3.2378169368467313,-0.8870462252931839,0.0017819570840254808,-0.009058286687086303,0.4615883081972063,-0.3487222020085104,-0.1752516445743703,-0.19343051559165492,0.002511796924409282,0.00444737574980536,0.0776389308157377,12846,86000000,27.97,0,2,2,-9.127768657145838,4.697947249806689,3.3138015945222485,-9.127768657145838,4.697947249806689,3.3138015945222485,130.96297907829285
-12.564296510383741,7.275634391818853,3.3308534925573943,-9.586245261151753,7.1278399859435595,3.1810352590022117,-0.8929905322313304,0.0015680410278502252,-0.009012476141050118,0.44998247284349524,-0.31370982358401517,-0.18327064893217737,-0.154607538549637,0.00045019441472504695,-0.0019686166751853307,0.07576550851808861,12846,419000000,29.25,0,2,2,-9.231043207825506,4.706663474517628,3.2345259419091246,-9.231043207825506,4.706663474517628,3.2345259419091246,131.8947992324829
-12.744050391633541,7.348112631760663,3.4363370350639397,-9.699463245177844,7.171362297302344,3.1373182602267735,-0.8986641330490205,0.0019252989852810826,-0.008353585749116703,0.43855363047203444,-0.29270359009659774,-0.1885243820152524,-0.11560977582991436,-0.0005571068925291911,-0.005136022991791833,0.07457142637576908,12846,726000000,30.57,0,2,2,-9.338430839536885,4.747424545475309,3.167548914376102,-9.338430839536885,4.747424545475309,3.167548914376102,132.84486317634583
-12.922246333789698,7.4078342454461295,3.5544102723452164,-9.850699329146497,7.218226302652749,3.0989143268648163,-0.9060198592163793,0.002638967415226555,-0.007104472462488706,0.4231673156418665,-0.27993473887175235,-0.1922013066280596,-0.06323578373706865,0.0007580863098155532,-0.005989933015371207,0.07402311384794302,12847,44000000,31.94,0,2,2,-9.450301500619622,4.8111175430477156,3.1141896724156015,-9.450301500619622,4.8111175430477156,3.1141896724156015,133.9929223060608
-13.097865609928817,7.453989872725822,3.684122548120574,-10.014671609234187,7.259513493207977,3.0830136237305705,-0.9136746764998794,0.003066811101811044,-0.005595461952466904,0.40639619953691086,-0.2759647228894151,-0.19331147175040217,-0.010249335179145972,0.0021039769762865035,-0.005214605744185974,0.07350925807259046,12847,421000000,33.89,0,2,2,-9.607592955904746,4.920064733685559,3.065844829754688,-9.607592955904746,4.920064733685559,3.065844829754688,135.18092679977417
-13.269879644571253,7.485895915127626,3.8244294954150533,-10.172624384993567,7.293067654916524,3.091497460076145,-0.920614645981296,0.0029736822844969295,-0.004295733212779912,0.3904374181537522,-0.2761726537545984,-0.19202728671385122,0.03793274726565511,0.003566842292457295,-0.003330815161461942,0.07112479215720668,12847,777000000,36.09,0,2,2,-9.784653899812747,5.054098371647881,3.043731170185542,-9.784653899812747,5.054098371647881,3.043731170185542,136.34899997711182
-13.518898802844385,7.505865870407254,4.052262675054002,-10.284810085135273,7.314136729425455,3.11098703565976,-0.9251836020202666,0.002508900159974326,-0.003430250295406458,0.3794960360210668,-0.2768919311297282,-0.19032372319090768,0.07128402273093712,0.0058841007557930425,-0.0027037980316890753,0.06675253680441529,12848,165000000,38.25,0,2,2,-9.959008518404858,5.18778673268211,3.049396499977855,-9.959008518404858,5.18778673268211,3.049396499977855,137.2336299419403
-13.598999833677176,7.504885637691124,4.132232521764883,-10.39718405212165,7.333337826950587,3.1420680501022096,-0.9288789304418921,0.0017928169067111391,-0.002640689699506997,0.3703697411325289,-0.2780920430670895,-0.18907353445410774,0.10716641858349205,0.005182388576940866,-0.0017000167304104252,0.03533367380441632,12848,559000000,39.75,0,2,2,-10.083816148623661,5.2812873717751945,3.0673546143397927,-10.083816148623661,5.2812873717751945,3.0673546143397927,138.06029534339905
-13.75410702501791,7.491273970733897,4.297250351837314,-10.510144337875632,7.351205820269771,3.1852965075336224,-0.9295857129198823,0.001022015385661366,-0.0020216929641302408,0.3685990648080159,-0.27821454374475163,-0.19138942632343736,0.14172013648090562,0.005642360929414281,-0.0013020025676269142,-0.02531457557779504,12848,965000000,41.05,0,2,2,-10.20852837718022,5.368982085774346,3.096035237532556,-10.20852837718022,5.368982085774346,3.096035237532556,138.9957299232483
-13.90163493843648,7.462026039688312,4.467926308866649,-10.637247095186742,7.370853483215311,3.2462016762303523,-0.9257170646905928,-4.856463016922883e-05,-0.0014044808639996744,0.3782141472970202,-0.27894702899625684,-0.1964940165330523,0.17566600454587197,0.007037508203211473,0.0002892250023478482,-0.0841507178847678,12849,448000000,41.44,0,2,2,-10.332063525482887,5.437162597478175,3.1359991613377503,-10.332063525482887,5.437162597478175,3.1359991613377503,139.95964932441711
-14.040684578421265,7.417142118289708,4.642886210402725,-10.766055466046605,7.39571458091775,3.319345492196399,-0.918495462533409,-0.0015700483127559408,-0.0010707287713159922,0.395426951273851,-0.29960860068832795,-0.18860674442726588,0.2070492050857921,0.008336890914506512,0.004291820778234978,-0.10876195301534608,12849,785000000,40.44,0,2,2,-10.46751472183263,5.479749359180331,3.194187683713419,-10.46751472183263,5.479749359180331,3.194187683713419,140.97403693199158
-14.170417664197668,7.356760196364748,4.820721382193132,-10.904674229446755,7.442177605413707,3.4086230231745094,-0.9096019102678528,-0.002963801064661939,-0.0012779686767982862,0.41546834718951015,-0.34030562939488046,-0.16744373124678352,0.23724516807855728,0.0031121041047299514,0.0035411453836786677,-0.10470701236044988,12850,118000000,38.48,0,2,2,-10.600617973404969,5.487441706762289,3.2664079076851906,-10.600617973404969,5.487441706762289,3.2664079076851906,142.0140402317047
-14.290067270632257,7.281152949374527,4.999999999999999,-11.058768079011408,7.5168485022944855,3.5204020947056884,-0.9005843474338218,-0.003051300708301582,-0.0011643690827970888,0.43466903152378306,-0.3595563694609143,-0.15978916767983295,0.268172585244736,-0.0010352108347433386,-0.003970024545196793,-0.08440380624961108,12850,457000000,36.15,0,2,2,-10.740294374937184,5.469414802867572,3.3584863465828825,-10.740294374937184,5.469414802867572,3.3584863465828825,143.1366205215454
-14.398947797320005,7.190723335720643,5.179278617806866,-11.197037641272363,7.587729351792012,3.633179456996745,-0.8945322634234616,-0.001763690811913451,-0.00011055766344680699,0.4469998958235017,-0.33169976159581166,-0.17607627913726934,0.2938969140207729,-0.005670927157552796,-0.012197072010167176,-0.03958284360123798,12850,813000000,33.94,0,2,2,-10.893531427339799,5.434379211523974,3.478056916304142,-10.893531427339799,5.434379211523974,3.478056916304142,144.14809107780457
-14.496464145870778,7.085998879141749,5.357113789597272,-11.343497715390633,7.645183110982756,3.767951511547949,-0.8933408805861707,0.000212466010182565,0.0017982908364174094,0.44937600301060465,-0.2746776461742733,-0.19958739314937227,0.3187865683033098,-0.002778192583718919,-0.010281239610776538,0.019272971076134127,12851,270000000,32.55,0,2,2,-11.030602230017722,5.4015705311847375,3.6013343601853665,-11.030602230017722,5.4015705311847375,3.6013343601853665,145.26295113563538
-14.582119993610817,6.967624707432082,5.532073691133349,-11.489249297208499,7.6795998106685355,3.91916449774161,-0.8962399973341452,0.001308695868352378,0.0031259049750508227,0.44355651636708304,-0.22452416315722706,-0.21591056800363181,0.34095371654419304,-0.0005524910420717788,-0.004797964629688067,0.031341787325800397,12851,765000000,32.31,0,2,2,-11.174520910869754,5.3946895643082255,3.7476529159872416,-11.174520910869754,5.3946895643082255,3.7476529159872416,146.373610496521
-14.68754212920409,6.76614864290927,5.786050063307846,-11.592671349759776,7.6907038835477985,4.0370115783676255,-0.8984760906046116,0.0015231831869583318,0.0035911956716635053,0.4390051227929812,-0.1949123447091463,-0.22515478184762294,0.3549525016879992,-0.00018852148571113503,-0.001776271142261976,0.02572767116362229,12852,247000000,33.05,0,2,2,-11.319763363192136,5.423902143726706,3.9093095016756156,-11.319763363192136,5.423902143726706,3.9093095016756156,147.33118534088135
-14.742086120548693,6.617168264378271,5.947737324945996,-11.692760279581211,7.691842747139825,4.1594785281767,-0.9000475343060311,0.0015635143806869132,0.0036953764467322864,0.4357732616915956,-0.16924268188121677,-0.23336503262904817,0.3689070936561373,-0.0004754854160182731,8.129629165409824e-05,0.014573494172509527,12852,598000000,33.64,0,2,2,-11.425569857890718,5.4598140333319,4.033359272123212,-11.425569857890718,5.4598140333319,4.033359272123212,148.25306010246277
-14.76458780322894,6.538641372996565,6.025798554811812,-11.784296991475925,7.6850415331160145,4.2793495080683055,-0.9007246019640811,0.0014365760992613933,0.0036297365753199615,0.434373057035254,-0.1481454018207548,-0.24052299151237758,0.3826926549001552,0.0009301942668571428,0.0009806896287045674,0.004042893124278635,12852,924000000,34.09,0,2,2,-11.530207342633636,5.501627619094881,4.159839267463877,-11.530207342633636,5.501627619094881,4.159839267463877,149.19389939308167
-14.800044716281226,6.37416591566196,6.175570504584945,-11.890071645654846,7.668816180265964,4.4270766914631166,-0.9006450449662111,0.0009956719749973542,0.0035547557218666794,0.4345398431983969,-0.12705692511983996,-0.24669640420984956,0.39562275180725104,0.0024212092512243544,0.0015736205909888668,-0.005955052893114043,12853,281000000,34.32,0,2,2,-11.627248121610997,5.5429538546923185,4.280187746564467,-11.627248121610997,5.5429538546923185,4.280187746564467,150.18375039100647
-14.822855526721316,6.200711337795645,6.315877451879425,-11.992878595502965,7.645838485030416,4.578705335587463,-0.8998538095035999,0.0004699500886096728,0.0034244445137683495,0.43617791536085954,-0.1091155771911875,-0.25095662071585123,0.40459320193870363,0.0017905761069414439,0.0017556470538693247,-0.01397705718773068,12853,647000000,34.37,0,2,2,-11.740423961456772,5.591522818365263,4.424645257444427,-11.740423961456772,5.591522818365263,4.424645257444427,151.16263031959534
-14.833228257500085,6.0194246076210405,6.445589727654783,-12.092949649756372,7.617104558038798,4.733405600547702,-0.8983419595030214,5.754674640802882e-05,0.003244937246793171,0.4392848630068057,-0.09188386892596659,-0.25461436629108036,0.41133101264475014,0.001238093852862221,0.0016738791373427375,-0.023778552531439345,12854,38000000,34.25,0,2,2,-11.851183260911633,5.6372892372054935,4.571104947652106,-11.851183260911633,5.6372892372054935,4.571104947652106,152.21275806427002
-14.831495202095766,5.831495202095768,6.563662964936059,-12.185401547996033,7.586161836854716,4.881909820833127,-0.8957995324692793,-0.00042443033987835284,0.0028760962324917527,0.4444488109525868,-0.08590263501101479,-0.25171719481412846,0.41601138178487745,0.0014071067766963097,0.005863417436557938,-0.04804810268979054,12854,426000000,33.95,0,2,2,-11.959338406533801,5.678637655814776,4.719705287552538,-11.959338406533801,5.678637655814776,4.719705287552538,153.184734582901
-14.818111303820551,5.638142094139395,6.669146507442605,-12.302370082920286,7.558581878503858,5.074303084751806,-0.8889942923098119,-0.002108334635232476,0.0006657155572612112,0.45791293931099963,-0.13465421771122812,-0.21667448779955428,0.4234108016708569,0.0005576327680500981,0.019348445493960753,-0.08343016379512846,12854,880000000,33.39,0,2,2,-12.059273484108541,5.708293395378687,4.863189329943549,-12.059273484108541,5.708293395378687,4.863189329943549,154.30273032188416
-14.77747875827409,5.34064642990583,6.801937735804838,-12.400045648002925,7.5650886231033425,5.236214465063957,-0.8808135254009423,-0.0032543307167209826,-0.002161912186228178,0.4734472187457103,-0.18279492081107457,-0.18752865678784642,0.42833324537968254,-0.0030901652962711523,0.013520030006475281,-0.1067987730493769,12855,266000000,31.83,0,2,2,-12.18330966768645,5.702219267740965,5.055788722212759,-12.18330966768645,5.702219267740965,5.055788722212759,155.32832431793213
-14.737732432329594,5.139141823034612,6.872469741279474,-12.502256630987167,7.592500456222367,5.408444224272269,-0.8701936736551006,-0.0033303937028439563,-0.0038443829232917763,0.49268356937121727,-0.20727032614584945,-0.17263497696246902,0.42891481022507605,-0.004472772207009257,0.0008345314199686982,-0.10524673270992935,12855,693000000,29.99,0,2,2,-12.283480514404657,5.657617359692263,5.22222312332086,-12.283480514404657,5.657617359692263,5.22222312332086,156.34843397140503
-14.68883826770475,4.936522384489025,6.9279257213917065,-12.60228000643286,7.630946176006037,5.579989438545299,-0.8614273640473682,-0.00213973316743586,-0.003504859154998887,0.5078641885136999,-0.21405560188812442,-0.16517303907847491,0.42376430147861227,-0.004711559995485004,-0.010350283173465868,-0.05567132611759007,12856,156000000,27.7,0,2,2,-12.387636327076942,5.583281438911441,5.4008321187075286,-12.387636327076942,5.583281438911441,5.4008321187075286,157.37476086616516
-14.631747105695233,4.733978015430124,6.967859177197259,-12.67996950565305,7.662636053028758,5.714867369969451,-0.8578477784836241,-7.121256703335264e-05,-0.002018481972733695,0.5138999023253527,-0.17428420617969204,-0.17761537264698313,0.41479358183061354,-0.008184242233255645,-0.02428364005027106,-0.036855040161754005,12856,506000000,25.94,0,2,2,-12.489728003236896,5.493868184931248,5.578528045507824,-12.489728003236896,5.493868184931248,5.578528045507824,158.28280186653137
-14.600449717297618,4.633094935949802,6.981899523535869,-12.758201071286154,7.670007042906098,5.853617395989846,-0.8546780346663291,0.002592467180250627,0.0010689940158714263,0.5191508387979492,-0.08029183405785738,-0.2089989500662363,0.3994730896264418,-0.0007305754820663424,-0.020182625485176686,-0.03836334763036575,12856,848000000,25.25,0,2,2,-12.566907836339606,5.42911992283509,5.716147815399658,-12.566907836339606,5.42911992283509,5.716147815399658,159.23318886756897
-14.533040607019544,4.4328014057587515,6.997986133082629,-12.835044362214354,7.646028397172936,5.994064570979773,-0.8505733087211572,0.003583369192508493,0.0032015077942977657,0.5258345331986255,0.00539517827588373,-0.23149949065167083,0.37918939962379034,0.003676273627206683,-0.0072642699706193525,-0.051187102508265525,12857,178000000,24.58,0,2,2,-12.643202369002815,5.37601033358612,5.855643288443238,-12.643202369002815,5.37601033358612,5.855643288443238,160.17160773277283
-14.460184745468144,4.235353433605286,6.997986133082629,-12.902331395717418,7.599701661907767,6.1195012612509165,-0.8452003877229914,0.0033627686109714266,0.0039679964523561635,0.534424224174324,0.06947232790615404,-0.24274982973894538,0.35594462459017495,0.0036754748862222186,-0.0016447001939923211,-0.07150767196435481,12857,550000000,23.65,0,2,2,-12.717864745050928,5.333975951192592,5.994733163006966,-12.717864745050928,5.333975951192592,5.994733163006966,161.10522747039795
-14.383104042743637,4.041748841864257,6.981899523535869,-12.968273155820405,7.532011766486756,6.242878301879006,-0.837222631679457,0.0030314488301832207,0.004231795816873447,0.5468374230298055,0.12397684295950047,-0.24525361512952207,0.32594046633686635,0.0018375040667706344,-0.0002197769447320752,-0.09369802428409457,12857,915000000,22.43,0,2,2,-12.783368556751654,5.301798009725004,6.117475525530753,-12.783368556751654,5.301798009725004,6.117475525530753,162.0545744895935
-14.303072526274946,3.852907719435575,6.949855824363647,-13.025872612813426,7.455062697415789,6.348822411245835,-0.8276519989143504,0.0029367423796380332,0.0040650991512753976,0.5612192256205818,0.16770931570449807,-0.24083506144577532,0.2936674212556828,-0.0006699506968743663,0.003236658949390403,-0.11020205056411214,12858,314000000,20.67,0,2,2,-12.84818040395603,5.270816563159919,6.238052800485161,-12.84818040395603,5.270816563159919,6.238052800485161,163.03117775917053
-14.221403688720377,3.669663974830505,6.902113032590307,-13.084830403860712,7.356788025271559,6.453715696947733,-0.8149608171185451,0.002803448897303935,0.003034596229788267,0.5795013360307945,0.2120860857451515,-0.22967404695510374,0.25445463339764063,-0.0030884348689141916,0.006053569586583762,-0.12390948104439303,12858,674000000,18.63,0,2,2,-12.905753119449162,5.242023529652077,6.342759737173407,-12.905753119449162,5.242023529652077,6.342759737173407,164.04308247566223
-14.139437282152723,3.49275797021996,6.839055545102902,-13.141049328896647,7.2415214071877845,6.547838224103192,-0.7998265832393785,0.0027955858408492467,0.0015157541924682874,0.600222728603854,0.25343113419600594,-0.2130408655774844,0.21220561338172567,-0.004730377622763626,0.005872286646990688,-0.13237611128715798,12859,127000000,16.02,0,2,2,-12.966102262133576,5.207788865856062,6.448632184515713,-12.966102262133576,5.207788865856062,6.448632184515713,165.12675094604492
-14.058525696744557,3.3228303091230633,6.761191063713478,-13.202072512906902,7.09620394414917,6.639763510389242,-0.7814828232872483,0.0021589193312514677,-1.822258865669655e-05,0.623923020606108,0.25380555430992485,-0.183454740039052,0.17112737282291168,3.3579022562513217e-05,0.007611329419887625,-0.10980004735756665,12859,513000000,13.03,0,2,2,-13.024953397396464,5.166772011660854,6.5464729887585085,-13.024953397396464,5.166772011660854,6.5464729887585085,166.33784747123718
-13.942087923299237,3.082165781628348,6.618033988749896,-13.275157945790031,6.941706355301564,6.733255051205543,-0.7632229583082281,0.0005187718150839551,-0.0014503488595657716,0.646133378858596,0.18020128859420023,-0.14627563652346792,0.13074764363531344,0.00042386706979868904,0.0053695983297075145,-0.07674962398596108,12859,906000000,9.54,0,2,2,-13.089117751579682,5.107960560291959,6.64379423961344,-13.089117751579682,5.107960560291959,6.64379423961344,167.78666806221008
-13.869687366350743,2.9317902544446652,6.506142932007222,-13.319893237147044,6.871225434693063,6.780229038102285,-0.7538425749955984,1.917059094503227e-05,-0.0019028399312107575,0.65705231980162,0.13755143384293872,-0.12889300650613117,0.10121714222005296,0.00027334151297964127,0.001834250485899247,-0.06693979375995696,12860,302000000,6.12,0,2,2,-13.161275785659168,5.0136879327399315,6.733974436560192,-13.161275785659168,5.0136879327399315,6.733974436560192,168.83436155319214
-13.772137385077528,2.7219791074656707,6.315877451879423,-13.355757118131256,6.823986599359633,6.809285115296917,-0.7468758773941683,-3.667678411019412e-05,-0.002028692507553763,0.6649603798935803,0.11493432340224355,-0.11627055401852089,0.06824977352611192,-0.0006300768404798873,-6.680485391541424e-05,-0.05355061621230561,12860,622000000,4.37,0,2,2,-13.202599779177996,4.9430721704368965,6.771917137163022,-13.202599779177996,4.9430721704368965,6.771917137163022,169.80537152290344
-13.716252767427495,2.5927818998102916,6.175570504584947,-13.391051078001412,6.780939937405989,6.82643494654643,-0.7411867569536439,0.0001593511570829576,-0.002037254032948635,0.6712957735005887,0.1045955905293314,-0.10479169185409247,0.02521767478613013,-0.0008184656735465978,-0.0012479178053581563,-0.04117139396839775,12860,981000000,3.1,0,2,2,-13.234585651431198,4.875691864230604,6.791308118865913,-13.234585651431198,4.875691864230604,6.791308118865913,170.7823841571808
-13.691488507366863,2.5313898444048584,6.101793962904209,-13.426707534571088,6.7362994978071535,6.825624270967808,-0.7361885667763387,0.0005933802005996458,-0.0019929996231640087,0.6767732781369545,0.10276599072492709,-0.09333006507863766,-0.02971914406924426,-0.002012635695791687,-0.0019476133275020402,-0.03332960186526179,12861,324000000,2.14,0,2,2,-13.265006765592592,4.7931289432506174,6.79793651651349,-13.265006765592592,4.7931289432506174,6.79793651651349,171.8489670753479
-13.631507390535248,2.3598708849992422,5.867767478235117,-13.455742622361972,6.696880430517747,6.806207432149425,-0.7323758093612911,0.0011386751977399943,-0.00199263544995409,0.6808967665403847,0.10304624094934547,-0.08443540487115733,-0.07711306834532437,-0.00223925196678465,-0.0019278905710962135,-0.028409333208401222,12861,660000000,1.46,0,2,2,-13.294731302180383,4.689906820581766,6.787746347619802,-13.294731302180383,4.689906820581766,6.787746347619802,172.84314823150635
-13.604663567877996,2.255801405432595,5.702749648162687,-13.48765597487799,6.646783559453767,6.759788791614866,-0.7283372966480427,0.0016841022145461732,-0.0019238979652724825,0.685214013814495,0.1225208406770268,-0.07458907211310589,-0.1348435164324228,-0.0011262093721597921,-0.0022552845621248707,-0.026264261396136135,12862,26000000,1.18,0,2,2,-13.31828157146992,4.591922680274091,6.762938339219134,-13.31828157146992,4.591922680274091,6.762938339219134,173.93852138519287
-13.589350019401854,2.159584193111267,5.532073691133351,-13.50936020981145,6.597975420107817,6.706629794203032,-0.7251240822900547,0.0020735873250059896,-0.0016887593821282,0.6886130361896736,0.16803653573548202,-0.06717705669695448,-0.17773650614339237,0.00010743262350842997,-0.0024868277705536457,-0.03107085249212105,12862,365000000,1.23,0,2,2,-13.343326796507178,4.469182014716945,6.713219426304797,-13.343326796507178,4.469182014716945,6.713219426304797,174.86333346366882
-13.586309634393402,2.0707982031062557,5.357113789597275,-13.531652422697963,6.505457445888697,6.621817114143784,-0.7201105780653076,0.002384049169909193,-0.0010961063040591241,0.6938543580744982,0.27532591998289246,-0.05560301181923658,-0.22441683878659066,0.001767116054907092,-0.0034746720075418125,-0.03746304355445318,12862,739000000,1.49,0,2,2,-13.360177546461681,4.371733104358852,6.660431540300404,-13.360177546461681,4.371733104358852,6.660431540300404,175.89758110046387
-13.59616234903493,1.9889370544701188,5.1792786178068715,-13.546582314957805,6.388224488329216,6.535354948990055,-0.7153495883690377,0.0027954682451850066,-0.00011018573783311324,0.6987611463416101,0.36739658219085203,-0.044606779965317984,-0.256181515211044,0.002897324793593725,-0.00630536715107155,-0.03712752404680941,12863,154000000,2.09,0,2,2,-13.378597723835055,4.248390203854437,6.580437348237463,-13.378597723835055,4.248390203854437,6.580437348237463,176.8598120212555
-13.619397662556434,1.9134171618254512,5.000000000000004,-13.561031234981145,6.206920144651226,6.416905787406647,-0.7100661585279548,0.003259792530436761,0.0014509282304001332,0.7041259255795671,0.4408366971883694,-0.03267150918308333,-0.28359211018213115,0.004047809306939598,-0.004763291872222908,-0.029803712641296443,12863,638000000,2.79,0,2,2,-13.392806126667768,4.140740579405882,6.501509690233938,-13.392806126667768,4.140740579405882,6.501509690233938,177.9741439819336
-13.656368443005908,1.8435866858678756,4.820721382193137,-13.573988259128058,5.9961013114835255,6.28289062333578,-0.7058925026644948,0.0035973637520122304,0.003118215782428638,0.7083029792302343,0.45593380760026425,-0.026069923701810372,-0.3065394523342312,0.004046837239002343,-0.007357407594099641,-0.020705027418443933,12864,250000000,3.62,0,2,2,-13.408645518421187,4.007383768505257,6.393379359491724,-13.408645518421187,4.007383768505257,6.393379359491724,179.1643624305725
-13.707286094986122,1.7787351912154206,4.642886210402724,-13.586712549480986,5.8008436391730855,6.144952108489408,-0.703274418689775,0.004472095638169291,0.0051548758983966025,0.7108857289548258,0.4105119385541938,-0.026990554026757225,-0.3317957405985693,0.0033670945413177833,-0.011870801426994149,-0.011727808396244654,12864,643000000,4.33,0,2,2,-13.423982636260622,3.8673920196686873,6.267412143039446,-13.423982636260622,3.8673920196686873,6.267412143039446,180.30769634246826
-13.809918364591843,1.6891231034023886,4.3819660112501095,-13.600880970511364,5.64078988972381,6.002709391138459,-0.7019002927988719,0.0056226675595999935,0.007086817325806054,0.7122177627654079,0.3374249655472944,-0.032589967468281064,-0.3572187764530711,0.0021278124449963798,-0.008828889076539781,-0.0063441487782256445,12864,999000000,4.84,0,2,2,-13.43815572744237,3.7342088511128373,6.135769010376363,-13.43815572744237,3.7342088511128373,6.135769010376363,181.4002766609192
-13.895672914366806,1.6333200488784598,4.213949936692157,-13.617882107726555,5.512453911611674,5.849642158025398,-0.7011460372740641,0.00615055613009733,0.008156770084904699,0.7129445084829176,0.2624016705626813,-0.04145028735286575,-0.3837013437450098,0.001448731882192078,-0.0022570673309019185,-0.0039311257751251105,12865,351000000,5.14,0,2,2,-13.451760121921973,3.6094615145499533,6.002405427788496,-13.451760121921973,3.6094615145499533,6.002405427788496,182.51314973831177
-13.994964238284453,1.5796997591868318,4.052262675054007,-13.636439590847639,5.421284755345195,5.701148651618566,-0.7006815833708063,0.005960813036419954,0.008264730597197997,0.7134013468315575,0.20606299074170903,-0.050664203539202556,-0.4062536360042842,0.0009106846903250698,0.001988297140087525,-0.00293541299924982,12865,753000000,5.3,0,2,2,-13.466264053278968,3.487857726160113,5.862024009766706,-13.466264053278968,3.487857726160113,5.862024009766706,183.53306460380554
-14.107346262223295,1.527420412612428,3.898206037095793,-13.65951901652447,5.345921657556779,5.53582232377671,-0.7003572732826774,0.0053839078559993914,0.007859321706220126,0.7137288941597989,0.1594355256937067,-0.06094862270462914,-0.42614450939848647,0.0003959170669531886,0.004203989283269038,-0.0013312994155967317,12866,114000000,5.4,0,2,2,-13.481055227755817,3.380657469948136,5.7287430506966395,-13.481055227755817,3.380657469948136,5.7287430506966395,184.52082324028015
-14.232231046524186,1.4756417704159197,3.7530203962825315,-13.683622488444893,5.292063604292749,5.380503205854392,-0.700265779968519,0.004716388620519739,0.0072837220421752774,0.713829489777968,0.13071677447623736,-0.07062195836370072,-0.44061602095727553,0.0005105377624659013,0.0049592257255426375,-0.00019391551830949538,12866,548000000,5.51,0,2,2,-13.499083816598558,3.270604291148231,5.582222274596522,-13.499083816598558,3.270604291148231,5.582222274596522,185.50579690933228
-14.368893535892646,1.423536326822833,3.6178747020262687,-13.720635517216468,5.226519553168643,5.166921938939089,-0.699858945680966,0.0033443077840372743,0.006038876059968284,0.7142477187444877,0.14934289013591248,-0.08034173943569378,-0.44953515592026616,0.0002510097786512233,0.010397242112958338,-0.006686286315016332,12866,891000000,5.62,0,2,2,-13.518036234117792,3.174084680993971,5.445524499512722,-13.518036234117792,3.174084680993971,5.445524499512722,186.66966557502747
-14.516477728939526,1.370300189070615,3.493857067992777,-13.750928034184373,5.163242067102644,5.005817489408861,-0.6984671583510039,0.002116968921673094,0.004650488790936765,0.7156238677557248,0.20962337544508944,-0.08196117214340123,-0.4453238098705545,-0.001339058690064121,0.01369420024275314,-0.019165939193044323,12867,293000000,5.95,0,2,2,-13.54740443946017,3.0496150967249194,5.259017088302954,-13.54740443946017,3.0496150967249194,5.259017088302954,187.6228973865509
-14.674004208715575,1.3151635588544948,3.3819660112501038,-13.782108001188023,5.071657739313262,4.848511625081001,-0.6952157725549171,0.0007749449115921727,0.0032839415695746273,0.7187931863749273,0.29472121866075823,-0.07998856197830835,-0.43001426308642915,0.0011901802167813003,0.007069633329592762,-0.030611349393439014,12867,668000000,6.45,0,2,2,-13.572789315328212,2.9593565984465213,5.1170706117470495,-13.572789315328212,2.9593565984465213,5.1170706117470495,188.5818214416504
-14.840378961010297,1.2574006916957472,3.283102412796267,-13.818575351368125,4.938084504628278,4.681386327902532,-0.6902643973064942,0.0002421080533143757,0.0031981837969660854,0.7235501190762071,0.3689179164756845,-0.07937953474774559,-0.40812083357917095,0.0019322831121826312,-0.00097879387226385,-0.03767219677683897,12868,103000000,7.09,0,2,2,-13.603220698073407,2.8667787955016104,4.966090327344924,-13.603220698073407,2.8667787955016104,4.966090327344924,189.5620710849762
-15.014403393356975,1.1963392173488867,3.1980622641951637,-13.860585829629036,4.77292897392676,4.515692606108257,-0.6841611859846655,0.0006965036870021672,0.004204758361183547,0.729318384851084,0.41627464046130636,-0.08102761327842102,-0.3847027179588834,0.0021867171199119184,-0.008624550446256762,-0.04217903842800297,12868,569000000,8.15,0,2,2,-13.637874625050546,2.7769891516936323,4.815075258939599,-13.637874625050546,2.7769891516936323,4.815075258939599,190.63300371170044
-15.194785454764899,1.131368712289839,3.1275302587205274,-13.908071878799955,4.598272164721436,4.358738292886347,-0.6778819026900048,0.002175453449138197,0.00649089625664495,0.7351389403870908,0.40329045625258547,-0.09243878025915364,-0.37460707082142486,0.0034380603892714134,-0.017653373652137816,-0.03685914598463569,12869,17000000,9.14,0,2,2,-13.681501507212582,2.680739909865658,4.6492697442107245,-13.681501507212582,2.680739909865658,4.6492697442107245,191.79039454460144
-15.474255720151977,1.0254213687541995,3.050144175636353,-13.987874321788508,4.395002610106521,4.142784571509528,-0.6710872185866819,0.0055243339442873525,0.009706101414347856,0.7412942859481633,0.2943789628800871,-0.12611902618176357,-0.38341937762585576,-0.0024843220444381586,-0.011723423267540056,-0.026224272369290702,12869,421000000,10.09,0,2,2,-13.73117606377734,2.587228218647076,4.485693652629137,-13.73117606377734,2.587228218647076,4.485693652629137,193.10733938217163
-15.664377386391834,0.9484813585216545,3.018100476464131,-14.08131797738381,4.264024554052843,3.9284656707971473,-0.665819482618743,0.0073817823573058905,0.00937951560919303,0.7460173929215562,0.19353705814799171,-0.16060092720828872,-0.39016906656350203,-0.007039919910312165,0.0023092514766176464,-0.024766839123913087,12869,842000000,11.19,0,2,2,-13.810466555023973,2.4617423920196924,4.265961228465241,-13.810466555023973,2.4617423920196924,4.265961228465241,194.4052770137787
-15.951479198684485,0.8227617822048631,3.0,-14.173053073384061,4.192651094974701,3.7432918382370115,-0.6619635465244496,0.0076451244400945455,0.007140578668658226,0.7494630259601505,0.13503391625975775,-0.18459973783166822,-0.38498389665274635,-0.007558033667010022,0.007136994781831163,-0.016864840472408105,12870,237000000,12.26,0,2,2,-13.897202799341276,2.344058315956093,4.063518820538964,-13.897202799341276,2.344058315956093,4.063518820538964,195.5127604007721
-16.141889952512262,0.7317440661210041,3.008051412009522,-14.247658235635356,4.156268498368309,3.6073382297732994,-0.6600502100869605,0.007520014513272905,0.00512355360913673,0.7511663722134356,0.10608954213925832,-0.20053824857313068,-0.373306524593523,-0.008034591883188114,0.008032424375414848,-0.01042336944010458,12870,624000000,13.19,0,2,2,-13.979097045714722,2.2438748390809704,3.898668148816658,-13.979097045714722,2.2438748390809704,3.898668148816658,196.48276114463806
-16.32967452506349,0.6348186116661373,3.032140822802741,-14.33636767197588,4.127449964672391,3.462948289372032,-0.6589420357699474,0.007463063037759428,0.002789033865601798,0.7521515256087354,0.08464426984289083,-0.21700475332989405,-0.3521177020574409,-0.008770566273597069,0.007484339721486322,-0.004223258883939707,12870,996000000,13.74,0,2,2,-14.045507345101678,2.1645164885580837,3.781449139424186,-14.045507345101678,2.1645164885580837,3.781449139424186,197.5392506122589
-16.513264569718935,0.5319676626161872,3.072074278608294,-14.411183041103204,4.109783114813534,3.3543829021212783,-0.658191970781584,0.007402272264477553,0.0009063991650930551,0.752813200206087,0.0869702322606181,-0.2246545295782687,-0.3296851378117468,-0.009163731920125429,0.010161485624848865,-0.016875745131983422,12871,477000000,14.19,0,2,2,-14.123955795985003,2.0723159686719113,3.659557116484929,-14.123955795985003,2.0723159686719113,3.659557116484929,198.43474006652832
-16.69111154408141,0.42326747898706985,3.127530258720526,-14.492691680971204,4.08199582040063,3.2493699482299307,-0.6539102467830873,0.006862216444475108,-0.0014226115413022615,0.7565396720027004,0.15537683050223286,-0.21583512788272813,-0.2908253194733622,-0.007373796461251914,0.013083810881653335,-0.05981617905490566,12871,838000000,14.55,0,2,2,-14.189860445393284,1.999366693049525,3.5697329733957837,-14.189860445393284,1.999366693049525,3.5697329733957837,199.31934928894043
-16.861701714642972,0.308887101630705,3.1980622641951597,-14.583605493913835,4.012425577529053,3.150703173453518,-0.6424268875465042,0.005918830148807934,-0.0032301019062568803,0.7663173155088274,0.27239472527345115,-0.1926553221026935,-0.23677313178901746,-0.0013578702692029765,0.004939265727443853,-0.093638328689849,12872,193000000,15.45,0,2,2,-14.26268501887291,1.9243757906366075,3.4826988354122945,-14.26268501887291,1.9243757906366075,3.4826988354122945,200.29176664352417
-17.023570835656578,0.18908592655329434,3.283102412796265,-14.661268766539738,3.9248390294627127,3.0833614847246853,-0.6301243172340907,0.005533426166240651,-0.0034083682541587727,0.7764670688773465,0.3491033330095814,-0.1750345196106899,-0.1917055936306032,0.002251265073027753,-0.0005868996368008084,-0.10425362561363727,12872,582000000,17.35,0,2,2,-14.34749558453167,1.843030674265443,3.3965996666610434,-14.34749558453167,1.843030674265443,3.3965996666610434,201.16989994049072
-17.100794464688903,0.12725744857032972,3.330853492557394,-14.756143252278243,3.7966614168601356,3.022533431654235,-0.6142227581208813,0.005242120607527032,-0.0026792330610000154,0.7891107306887407,0.41217734086865204,-0.15539897534723807,-0.13594747520814335,0.005667788445862243,-0.0029731461154369754,-0.10829779857886024,12872,997000000,19.27,0,2,2,-14.421815376685622,1.7756441782350316,3.3338199929449757,-14.421815376685622,1.7756441782350316,3.3338199929449757,202.18438291549683
-17.246979603717467,1.0099637174326102e-15,3.4363370350639393,-14.869847452491868,3.631440739976056,2.9774685445685454,-0.5954407988773257,0.004712847590154957,-0.0012840895372277612,0.8033843384171643,0.43519201545078695,-0.14288580441588977,-0.0809019401066405,0.007260196161951171,-0.002303028077221825,-0.10472793437656946,12873,441000000,21.72,0,2,2,-14.513436846027544,1.6960032248093135,3.2713830266972015,-14.513436846027544,1.6960032248093135,3.2713830266972015,203.36140489578247
-17.443245487155217,-0.19897610786469808,3.617874702026267,-15.000213913721682,3.4615273986085104,2.9509744488339615,-0.5757244402790533,0.004044070185542606,-2.048745052962188e-05,0.817633789628321,0.3921665727431264,-0.1567767401477539,-0.04101883282288534,0.005241993858362548,-0.0008470927809867135,-0.0974080990999937,12874,3000000,24.6,0,2,2,-14.623875697177617,1.6033463224649545,3.216598313600765,-14.623875697177617,1.6033463224649545,3.216598313600765,204.57040166854858
-17.557060691143427,-0.3362078302261458,3.753020396282529,-15.132518884490468,3.3346459399713315,2.9409710427112783,-0.558230874137896,0.003607178594738046,0.0005649694934013645,0.8296776242802367,0.32693024370937873,-0.18546624436060205,-0.007640901482657779,0.0025524275542920805,1.6708735822712484e-05,-0.08505637670168653,12874,564000000,27.64,0,2,2,-14.749154291340801,1.500963711903517,3.1795695273321334,-14.749154291340801,1.500963711903517,3.1795695273321334,205.82115721702576
-17.699696781001236,-0.5473385281843403,3.9742014451881866,-15.270774021194924,3.2457464882720575,2.9467774978116714,-0.5497543330296427,0.003533653874050053,0.0011147947838435236,0.8353181692253681,0.2647850482768489,-0.21819736730844158,0.02883261934354986,0.002494789487172966,-0.003921667166650877,0.027032072830479592,12875,43000000,30.36,0,2,2,-14.872785580691973,1.4021173271056389,3.165924962405716,-14.872785580691973,1.4021173271056389,3.165924962405716,207.00296759605408
-17.774804299263565,-0.6905920754040414,4.132232521764882,-15.394036397808954,3.193336060983506,2.966492604559141,-0.5598679262435281,0.003724192683660061,0.0024572829538076334,0.8285698505938478,0.21947871329084268,-0.24691927618147544,0.06826453984642863,0.007265836984515772,-0.005702559246856254,0.09568810928612947,12875,408000000,31.81,0,2,2,-14.998432526345297,1.3032470522859965,3.173363812075203,-14.998432526345297,1.3032470522859965,3.173363812075203,208.08872413635254
-17.833093406509576,-0.8349731623213645,4.297250351837313,-15.51273001654532,3.156366312319776,3.001175795554461,-0.5763069728670884,0.0034402965702585594,0.004379899036028022,0.8172143255405622,0.18945319569127678,-0.2645632986396099,0.11159721209932097,0.01013411010717391,-0.002971284038721933,0.10330137592973188,12875,808000000,30.49,0,2,2,-15.114221770556899,1.2119890930765673,3.199285606145514,-15.114221770556899,1.2119890930765673,3.199285606145514,209.08109426498413
-17.874009580267376,-0.9796997785089396,4.467926308866648,-15.625042026872945,3.125933043874787,3.049321594915137,-0.5885854864572513,0.0023738259106848743,0.005959201792090843,0.8084095360622781,0.1779328122812708,-0.267960389294877,0.15445001982937825,0.009774820682650898,0.003354969976498978,0.037915632492513396,12876,120000000,28.58,0,2,2,-15.21374836022618,1.1321004759683944,3.2363342590019646,-15.21374836022618,1.1321004759683944,3.2363342590019646,210.04868841171265
-17.897144929015358,-1.1239707888274537,4.642886210402725,-15.746768033811719,3.0858604219717325,3.1205955104629006,-0.5881798403657695,0.00072290527366404,0.006719233859349673,0.8087019257375402,0.22203730754913792,-0.23503444406613147,0.2021992964859462,0.004736525215776055,0.003830110722446989,-0.04866975359618664,12876,479000000,27.02,0,2,2,-15.312689770752447,1.0517997998426913,3.286021873566991,-15.312689770752447,1.0517997998426913,3.286021873566991,211.10429739952087
-17.902241831081568,-1.2669766335672648,4.820721382193131,-15.880506234358716,2.9939401783392436,3.2304192087909707,-0.573843402469275,-7.852452951839827e-05,0.005736049183101279,0.8189449560356011,0.32380417616752005,-0.1623680015904847,0.2525540007677111,-0.005978868557576789,0.007263605903062853,-0.08905432114261203,12876,843000000,27.22,0,2,2,-15.4206783864407,0.9623777206092538,3.354797247581833,-15.4206783864407,0.9623777206092538,3.354797247581833,212.26551938056946
-17.88919506535624,-1.4079101853620766,4.999999999999998,-16.007740451016605,2.847406230482933,3.36753067805156,-0.556739593297749,-0.0007540022838487805,0.0025825597426715418,0.8306827234994048,0.39971573150848244,-0.10039071024965895,0.2919931905821755,-0.010507280967431143,0.011006862405338325,-0.07032013891148381,12877,175000000,29.33,0,2,2,-15.545776527662023,0.8547173764385368,3.454218281272347,-15.545776527662023,0.8547173764385368,3.454218281272347,213.45089387893677
-17.83575170365043,-1.6136947921872915,5.268466531635306,-16.113465379703847,2.6924904231591893,3.501552762158602,-0.5469234799372147,-0.0017979692327914705,-0.0005518929702641,0.8371804881948424,0.42662962389513737,-0.06763763697367248,0.3161629239823641,-0.008010555575310718,0.011723611351044383,-0.02861581106117228,12877,538000000,31.87,0,2,2,-15.670236558545211,0.7423240904960596,3.575070360162879,-15.670236558545211,0.7423240904960596,3.575070360162879,214.581889629364
-17.77788685426699,-1.746030254773022,5.445041867912624,-16.21492359029808,2.5344568780249714,3.644420276441534,-0.5461438941176987,-0.0031829240920264483,-0.0030876526039709997,0.8376796418163553,0.3964859682549128,-0.07546553681861042,0.33974356832517094,-0.0027754673965318943,0.011029812503693393,0.028090997511753812,12877,985000000,33.48,0,2,2,-15.774997850172056,0.6435842027590513,3.6940128194407365,-15.774997850172056,0.6435842027590513,3.6940128194407365,215.73905420303345
-17.702705146635417,-1.8736433960974619,5.618033988749897,-16.329919312170436,2.3880444745180522,3.819315605168407,-0.5637429815635324,-0.005051627909201623,-0.00305140408795742,0.8259291862662426,0.30601235330251364,-0.1261056296463419,0.36602030367310945,0.011473241011117352,-7.933868992893167e-05,0.15492563543375582,12878,469000000,33.93,0,2,2,-15.874274765799488,0.5450529939452377,3.82362602465652,-15.874274765799488,0.5450529939452377,3.82362602465652,216.94629764556885
-17.558739495509858,-2.054771557371984,5.867767478235115,-16.454294502994344,2.2828522029908926,4.021391171303226,-0.603886485089833,-0.006206457770577485,0.0012145395041399413,0.7970452420669617,0.20444890752426562,-0.17542201276219452,0.3883321464657143,0.01834784652601229,-0.01165539224530221,0.20555277005769312,12878,940000000,31.96,0,2,2,-15.979044388135685,0.432968625871664,3.9823012791992842,-15.979044388135685,0.432968625871664,3.9823012791992842,218.27432513237
-17.443040220248328,-2.1678042773892896,6.025798554811811,-16.544262883248745,2.2310370173950314,4.178515599668395,-0.6341514890546183,-0.005526248905699187,0.0038847603985096824,0.7731793182305697,0.15499370707273363,-0.1851997756454697,0.4047227817055859,-0.0005128699740453158,-0.009258324371330673,0.15934256662148982,12879,377000000,26.77,0,2,2,-16.08182851893317,0.3113130671361757,4.1647793027105315,-16.08182851893317,0.3113130671361757,4.1647793027105315,219.3544626235962
-17.242142263826878,-2.32452452769512,6.2469796037174685,-16.631279261695845,2.185337630521045,4.351078153733945,-0.6529280444590778,-0.004068157493209305,0.0037189556143204343,0.7573998866005948,0.1331197262936242,-0.17343658128327308,0.4210864506843917,-0.009360843523609219,-3.076572272497913e-05,0.053008715258329175,12879,801000000,22.67,0,2,2,-16.150347782392814,0.22048285073943555,4.306373193034008,-16.150347782392814,0.22048285073943555,4.306373193034008,220.3785150051117
-17.091490638043396,-2.4198688192387743,6.382125297973731,-16.697492055439547,2.1453212569582494,4.5041020036411945,-0.656659382859917,-0.0031403155883332687,0.002788751135044746,0.7541755871063085,0.1516320886516958,-0.14457491759692329,0.43151122887955584,-0.005652062600347563,-0.004845871626457665,0.004740820531878853,12880,171000000,20.13,0,2,2,-16.21432008225186,0.12456158104669428,4.459647094584482,-16.21432008225186,0.12456158104669428,4.459647094584482,221.3126437664032
-16.928808052987947,-2.5075527219881533,6.506142932007219,-16.748434240967082,2.0914803198404446,4.651404890535136,-0.6558766439599163,-0.001662147401113409,0.0025475206331808924,0.7548619577860031,0.21031806362631378,-0.09976333565040478,0.43357368861327544,-0.007059852805468836,-0.007477763165297802,-0.015174661984929116,12880,539000000,19.76,0,2,2,-16.261852155154802,0.041643049583189706,4.594820068652579,-16.261852155154802,0.041643049583189706,4.594820068652579,222.21699118614197
-16.84334369186872,-2.5484568498122657,6.563662964936059,-16.78634000286419,2.01252437104964,4.797823166511488,-0.6537064940678694,-5.948857725498482e-05,0.001971109409876772,0.7567456182907817,0.27782913121004615,-0.05328558471952607,0.426936038678818,-0.008779463496466633,-0.0013930545947005157,-0.012946005153935403,12880,922000000,19.99,0,2,2,-16.300850590425227,-0.037090931554111924,4.7251614104671456,-16.300850590425227,-0.037090931554111924,4.7251614104671456,223.1160192489624
-16.664988648541065,-2.6243121832372855,6.669146507442605,-16.82162656215479,1.866154298399591,4.999728695678704,-0.6532731926416867,0.0003715229155783487,-4.0610699539460896e-05,0.7571221804287812,0.3411557269369308,-0.006173690080303333,0.41195120267976,-0.00671507677907357,0.00844522310217144,0.010098562052007765,12881,404000000,20.39,0,2,2,-16.334538230808022,-0.11587257715690641,4.857195104975069,-16.334538230808022,-0.11587257715690641,4.857195104975069,224.255432844162
-16.47787320574139,-2.692200012108084,6.761191063713476,-16.842594268059713,1.68849474997832,5.2017243890659595,-0.6571653561403864,-0.000912871445262715,-0.002733552764420218,0.753740929659447,0.3626463423914267,0.018066960611731304,0.39907075195150987,-0.003280675332462124,0.012436915312719066,0.031577844856656156,12881,907000000,20.55,0,2,2,-16.373293733015846,-0.2269162662512489,5.045209605262844,-16.373293733015846,-0.2269162662512489,5.045209605262844,225.53474974632263
-16.183884907378264,-2.7792354667809693,6.872469741279472,-16.852601702776035,1.545067991584118,5.35929295153156,-0.6626040792060088,-0.0022701005117964092,-0.005096344926477061,0.7489490691172622,0.3347808813780174,0.016716505424779135,0.3968117072162418,-0.004187255717624794,0.014909163110132795,0.041242300721933134,12882,352000000,20.1,0,2,2,-16.402917609868286,-0.3420945359783482,5.24149844720675,-16.402917609868286,-0.3420945359783482,5.24149844720675,226.63689422607422
-15.981152179474375,-2.8276577472677515,6.927925721391707,-16.861316277694808,1.4207453342511656,5.516855348939129,-0.6690111370900846,-0.0038885271330325833,-0.007047485769774822,0.7432087935099343,0.2730157085916364,0.006882347799081831,0.3989114142999203,0.0006947936753931572,0.010841434959729668,0.04419591641635634,12882,783000000,19.45,0,2,2,-16.41848063080336,-0.4336494515378176,5.397199910086619,-16.41848063080336,-0.4336494515378176,5.397199910086619,227.68459391593933
-15.774764980033865,-2.8687423687722617,6.967859177197259,-16.86849842989441,1.32214925415993,5.674799621545936,-0.6755187739194811,-0.005128293442475184,-0.007535342653751598,0.7372864472508492,0.2108160749106828,0.003149378004633762,0.39756942161282344,0.004387377703096718,0.0022764664208807517,0.043208074930589646,12883,292000000,18.72,0,2,2,-16.426132803929157,-0.5243311423018178,5.549674331216021,-16.426132803929157,-0.5243311423018178,5.549674331216021,228.71151781082153
-15.566219626035252,-2.9028953296266673,6.991948587990478,-16.872286050475537,1.23514722057316,5.854469926945957,-0.6826350328946463,-0.005457697654747611,-0.006601288348798331,0.730709277615503,0.15854548433955648,0.009351930779713831,0.38884847542687134,0.0036290013667894527,-0.004409901293911389,0.04099262478121091,12883,826000000,17.95,0,2,2,-16.426387642833692,-0.6139389150197779,5.697510075515593,-16.426387642833692,-0.6139389150197779,5.697510075515593,229.81224012374878
-15.25259954285125,-2.9422500095898476,6.997986133082629,-16.870313182140467,1.1783858700433008,5.999427392474882,-0.6882457403530111,-0.005037636432957602,-0.005430305955199645,0.7254398216822244,0.1293203670549106,0.018955803377470028,0.37777605043004686,0.0029743764343947987,-0.006453866353695048,0.039928605838213116,12884,232000000,17.05,0,2,2,-16.41774916207909,-0.7155015609396599,5.8605474248856915,-16.41774916207909,-0.7155015609396599,5.8605474248856915,230.80611276626587
-15.045102681746993,-2.961465245929668,6.981899523535869,-16.863244538324725,1.1335081559894655,6.132345194526107,-0.6934260808537992,-0.004493273613411549,-0.004261806623739209,0.7205011574510319,0.1095467061382018,0.032802223859564925,0.36275136959345844,0.0029385208335952484,-0.006421797161237919,0.03980299043178093,12884,649000000,16.32,0,2,2,-16.403336511357498,-0.7981991019708848,5.988829574416227,-16.403336511357498,-0.7981991019708848,5.988829574416227,231.79096603393555
-14.840510461471446,-2.975888718158154,6.949855824363648,-16.849601843599885,1.0946570609993513,6.2591206927928775,-0.6985949531127099,-0.0039875299982091205,-0.0031200952541937097,0.7154994452098259,0.09884451344682302,0.0508586223549786,0.34291392543515037,0.003077010546803649,-0.006527667846967233,0.04017012506665196,12885,18000000,15.62,0,2,2,-16.38363471250331,-0.8755547817344322,6.10432682587516,-16.38363471250331,-0.8755547817344322,6.10432682587516,232.80870914459229
-14.640162213137074,-2.986312170261556,6.902113032590307,-16.82537978729426,1.0525107958537405,6.390609738268185,-0.704567929025411,-0.0033324555227315176,-0.0015707320094030654,0.7096269871770571,0.11404903781370243,0.07682660906903896,0.31410757642161913,0.0038946265249251155,-0.0105239310869365,0.04552231221168768,12885,345000000,14.89,0,2,2,-16.357989127466205,-0.9517972530092382,6.212513265449355,-16.357989127466205,-0.9517972530092382,6.212513265449355,233.84975695610046
-14.445325838981478,-2.993593212685567,6.839055545102902,-16.790957702142272,1.001034094387097,6.503360701507456,-0.711300646034194,-0.002379748459498515,0.00038368941694351595,0.7028837603267264,0.16217878924011353,0.10681757990679053,0.277539054421298,0.004292113135306863,-0.012144811626058072,0.0574559217056958,12885,692000000,14.02,0,2,2,-16.32241295258729,-1.035194528165475,6.322752628317975,-16.32241295258729,-1.035194528165475,6.322752628317975,234.85852313041687
-14.257186093209897,-2.998646005985418,6.7611910637134764,-16.74040376482358,0.9234216496919783,6.60514399328366,-0.7204994172227538,-0.0014388695913590838,0.002297033059784547,0.6934502455656738,0.2341237579928821,0.13759294131849736,0.22855006968681874,0.0029673799872398376,-0.008246672859968385,0.07680892958887853,12886,166000000,13.03,0,2,2,-16.28175306988838,-1.1132092739271215,6.416695002814256,-16.28175306988838,-1.1132092739271215,6.416695002814256,235.92130517959595
-14.076833820056732,-3.0024311515106303,6.669146507442607,-16.675308154057877,0.8197458362295466,6.686712385136154,-0.7322393514549195,-0.0010299153691160194,0.003302344255413498,0.6810385936036443,0.2971652490895742,0.15852126962628627,0.1760592483449921,0.0011785628316829388,-0.0019609196215242264,0.09531294417683966,12886,667000000,11.64,0,2,2,-16.231794033927777,-1.1940524916625295,6.5031267751914115,-16.231794033927777,-1.1940524916625295,6.5031267751914115,236.94715547561646
-13.905256256218784,-3.005944899839202,6.563662964936061,-16.586561588403185,0.6818856705781023,6.755299311837747,-0.7480829627069179,-0.001087488314953536,0.0031023912812853612,0.6635970716068167,0.32486483802342786,0.16693213741413912,0.12045826981771397,-0.001154490325916413,0.0027938657467529993,0.10799592273542657,12887,78000000,9.82,0,2,2,-16.17459965467223,-1.2736916805088536,6.575694606497254,-16.17459965467223,-1.2736916805088536,6.575694606497254,238.20562505722046
-13.743328492892093,-3.010207796180322,6.445589727654784,-16.48948049220943,0.5472552975182752,6.80052398401625,-0.764577375633532,-0.0012826669848281316,0.0023319225177845238,0.6445264568441841,0.30564594049896454,0.16643456243394372,0.07462102629603132,-0.0017511850046503241,0.0034213763001389452,0.1101737463613972,12887,470000000,7.32,0,2,2,-16.100248486363228,-1.363927169048375,6.640103762803572,-16.100248486363228,-1.363927169048375,6.640103762803572,239.3938434123993
-13.520149046890582,-3.0202670333435666,6.246979603717466,-16.398293368739942,0.442713427827918,6.824385228004062,-0.7790334845679122,-0.0014439090944343396,0.001629006518331506,0.6269785414081305,0.2608408209753907,0.1653014052156977,0.037079972741249675,-0.0014353370488606743,0.0032111207019625,0.10496027971385047,12887,854000000,4.89,0,2,2,-16.017880700911896,-1.452929487800246,6.682872525328055,-16.017880700911896,-1.452929487800246,6.682872525328055,240.49788308143616
-13.385376078610724,-3.030919927721646,6.101793962904203,-16.307259075468608,0.36300639219909486,6.831957250208203,-0.7922023852071501,-0.0018264729249499927,0.0012182601062516935,0.6102545048674936,0.21155245619381585,0.1687602971183501,-0.004697185991926833,0.001813016683627211,0.002208337900810875,0.0969611770415213,12888,315000000,3.57,0,2,2,-15.936281063140546,-1.5331470103116307,6.702556435817628,-15.936281063140546,-1.5331470103116307,6.702556435817628,241.56659936904907
-13.262339215882946,-3.045912585689532,5.9477373249459955,-16.224422234320468,0.3103721039580857,6.8223933815895625,-0.8028517908710546,-0.002523107224488839,0.0013773225803477365,0.5961717360019541,0.17685153585116714,0.17565075503625396,-0.04807142893895984,0.005124386234456324,0.0008283384943297278,0.08709400572115555,12888,702000000,4.02,0,2,2,-15.8489019527221,-1.612493238726289,6.702628392149197,-15.8489019527221,-1.612493238726289,6.702628392149197,242.5997850894928
-13.151337974501477,-3.0662258051218463,5.786050063307852,-16.135776650002953,0.2701590474154156,6.793948753089527,-0.8124842283955118,-0.0035402822532513267,0.0020010428557217163,0.5829689878866684,0.15333435082516955,0.1841711636511701,-0.09622849293615443,0.006801811105106026,7.740523755295214e-06,0.07474140511476435,12889,62000000,5.4,0,2,2,-15.765279867775558,-1.6836566412371863,6.68492439120818,-15.765279867775558,-1.6836566412371863,6.68492439120818,243.5596046447754
-13.052536458950115,-3.0927980505305666,5.6180339887499,-16.05394402648724,0.242696958327921,6.75209263872929,-0.819835794071225,-0.004522731942252932,0.0027126525377696295,0.572574411907825,0.14604120636327994,0.1914563905429573,-0.13919903692221677,0.006550828629769967,-0.0005984308643292024,0.06638735649175942,12889,437000000,7.03,0,2,2,-15.673211748194698,-1.7580797017034404,6.649013417919556,-15.673211748194698,-1.7580797017034404,6.649013417919556,244.53351640701294
-12.965963724516012,-3.126513702278765,5.445041867912634,-15.963803603031632,0.21547901364535305,6.69140960696797,-0.8269540799324124,-0.005397114564530266,0.0034657107443252047,0.5622328785179245,0.1657580883184727,0.1955413123252814,-0.18412540970473937,0.005357716918297228,-0.0013889857768845104,0.0688707033987157,12889,831000000,8.41,0,2,2,-15.587133811481948,-1.8248202267185452,6.603305174999512,-15.587133811481948,-1.8248202267185452,6.603305174999512,245.51114344596863
-12.891515558308496,-3.168191763661482,5.268466531635316,-15.856415152483054,0.1725688863926499,6.6051381696426725,-0.8357254950855015,-0.005975517283627743,0.004241482599853154,0.5490985338558474,0.22712174790573414,0.19052428297814403,-0.2308324828592911,0.0032809168715175474,-0.002370956872255192,0.08462220866931602,12890,206000000,9.81,0,2,2,-15.492867279788818,-1.895171746467988,6.542167716154888,-15.492867279788818,-1.895171746467988,6.542167716154888,246.57509922981262
-12.828957648784899,-3.2185751581476683,5.089729660701035,-15.755756749118392,0.11497552160705027,6.516696647560091,-0.8445313821117374,-0.005968343925744593,0.004926036618074288,0.5354501448897552,0.29849397566322144,0.17744712855885836,-0.26496280373939274,-0.0005236364415850403,-0.004010038946944405,0.09675484616309404,12890,610000000,11.62,0,2,2,-15.384774981610754,-1.9730244677369653,6.4601962189838975,-15.384774981610754,-1.9730244677369653,6.4601962189838975,247.51620507240295
-12.77793009848097,-3.2783207432808092,4.910270339298968,-15.646389479682451,0.033403058820137936,6.417370411348903,-0.8539957796506898,-0.005238610215970931,0.00538243796777916,0.5202257151115641,0.3697661505445898,0.1577162433338087,-0.2914433357650383,-0.004568415715766605,-0.004406663583722548,0.09914046895573847,12891,7000000,13.53,0,2,2,-15.289073027931039,-2.0397612363623736,6.378860819511935,-15.289073027931039,-2.0397612363623736,6.378860819511935,248.51889181137085
-12.737953220297717,-3.347990160492629,4.731533468364687,-15.510365323077567,-0.08443939898551552,6.291553755026223,-0.8642691313023089,-0.0037100098693379885,0.005505170083390944,0.5029858821150696,0.4207757927907682,0.13729329705650423,-0.31401049283972043,-0.00749121018088772,-0.004290955075703096,0.08928150418796577,12891,473000000,15.69,0,2,2,-15.19129944287366,-2.106094597022161,6.289388965086701,-15.19129944287366,-2.106094597022161,6.289388965086701,249.6164071559906
-12.708434544065298,-3.4280416314708004,4.5549581320873695,-15.36928517896414,-0.21159476420844323,6.157122058897065,-0.872720248299631,-0.0016967112009906955,0.005991137004177435,0.48818090464122815,0.42456685796739146,0.12956461678661085,-0.33578139150160957,-0.006960271821299102,-0.011347554118401604,0.06843790033599362,12891,929000000,18.21,0,2,2,-15.075631637766179,-2.182766554090164,6.176224684698848,-15.075631637766179,-2.182766554090164,6.176224684698848,250.70788192749023
-12.688676947336305,-3.518822801829515,4.381966011250103,-15.229036800112288,-0.32765691788395573,6.013431680569876,-0.8785923169221562,0.0005122973518249837,0.007753688023838155,0.4775093282008317,0.38212458344731776,0.1376525163813111,-0.36001785094323024,-0.003657306206150679,-0.013899214900447987,0.04440388183866162,12892,356000000,20.48,0,2,2,-14.958907602641874,-2.2586226433934544,6.0539148335993564,-14.958907602641874,-2.2586226433934544,6.0539148335993564,251.8140001296997
-12.6755850760423,-3.675585076042296,4.132232521764886,-15.088404888886535,-0.4223925622479329,5.852503041231405,-0.8822434763527688,0.0019341224359054653,0.00983076490997475,0.4706867999685874,0.3152311009358318,0.15486647351051322,-0.38429584536557454,0.0006357158099490334,-0.008811263342067832,0.02563357429608004,12892,771000000,22.27,0,2,2,-14.841826160420977,-2.334040688397608,5.922647328632984,-14.841826160420977,-2.334040688397608,5.922647328632984,252.99419951438904
-12.676578574772654,-3.7939347764051536,3.9742014451881893,-14.962025428205978,-0.48550116537906296,5.689451468047803,-0.8841840534628673,0.0020758367194713924,0.010924121381403133,0.4670063319441524,0.2575843370779228,0.16891290717668173,-0.4061715757788756,0.002430683912280074,-0.0016989749269669119,0.012787497507815715,12893,158000000,23.57,0,2,2,-14.719807816208382,-2.4131149170249477,5.775962051176958,-14.719807816208382,-2.4131149170249477,5.775962051176958,254.0817894935608
-12.684209257207828,-3.9232843760496774,3.824429495415055,-14.85423138680127,-0.5243712757413495,5.533952996907057,-0.8849151563111287,0.0015168045807140082,0.011089056641476403,0.4656177598175534,0.2172459167028391,0.1760489212560018,-0.423888084910199,0.0029734059353359044,0.002079415889966185,0.002850065789061773,12893,537000000,24.38,0,2,2,-14.604734565294233,-2.4891902895754145,5.627945773601555,-14.604734565294233,-2.4891902895754145,5.627945773601555,255.14289736747742
-12.697434554193253,-4.063427518855471,3.684122548120576,-14.747015887868486,-0.5526098348314862,5.363575206961892,-0.8848221492107976,0.000747627910685022,0.010754549987814194,0.46580419166539466,0.18889817231940623,0.17706576108281907,-0.4382592616847396,0.0018852236394195643,0.003942529929190641,-0.0051305711167515256,12893,895000000,24.8,0,2,2,-14.502606127302375,-2.5584759499799676,5.489379029444995,-14.502606127302375,-2.5584759499799676,5.489379029444995,256.1674449443817
-12.715167198351548,-4.214030001786824,3.5544102723452182,-14.659847469992338,-0.572934384312161,5.214844313648587,-0.8843862507154256,0.00012339189244387275,0.009989893632048007,0.4666488469343657,0.19547752199410756,0.16519430997909754,-0.44501117370626575,-0.0007161297503444075,0.00922777944651898,-0.0031087684646990965,12894,286000000,25.0,0,2,2,-14.397933470428184,-2.6322792057669746,5.339909390504365,-14.397933470428184,-2.6322792057669746,5.339909390504365,257.1177508831024
-12.736287868369429,-4.3746310295518915,3.4363370350639415,-14.57328850866677,-0.6063239441076772,5.065286513053105,-0.8843081205802816,-0.000800890291606249,0.008337257002899535,0.46682865871342777,0.2537329033747526,0.12846082817254134,-0.4407172552813618,0.0019953354239987675,0.016807376232463866,0.0005431882641460106,12894,720000000,25.07,0,2,2,-14.31167344011517,-2.696278892623124,5.210530547632504,-14.31167344011517,-2.696278892623124,5.210530547632504,258.01457381248474
-12.759658024525407,-4.544645860202418,3.3308534925573956,-14.485455964979845,-0.6709440510207607,4.919287758616284,-0.8843254523963023,-0.001709968175014873,0.005926733743719537,0.46683020904826444,0.33759470726744095,0.07773196966573281,-0.42642889809952644,-0.003925991381947824,0.0115649673716689,-0.002451565865158045,12895,55000000,25.25,0,2,2,-14.228337180706687,-2.761972296650842,5.079591739243009,-14.228337180706687,-2.761972296650842,5.079591739243009,258.9204692840576
-12.784132791792203,-4.7233698248109635,3.238808936286525,-14.391737072167361,-0.7717418840078416,4.769887217002226,-0.8837106247930229,-0.001440148050927419,0.004494598455494395,0.46800988898338497,0.40641399920799426,0.032954574493687994,-0.4098020009864739,-0.0046255498091341,0.002254083460684342,-0.014836074115009978,12895,431000000,25.46,0,2,2,-14.148231098135135,-2.8298916908136635,4.947576648668707,-14.148231098135135,-2.8298916908136635,4.947576648668707,259.90129041671753
-12.808573747245086,-4.909983689128907,3.1609444548970993,-14.284049043627371,-0.9193180210730693,4.60282463601637,-0.8814320838130697,0.0001736194858408596,0.004578287034765972,0.47228856726481416,0.4452058538782726,0.0017640540593909346,-0.39372504166196565,-0.006990710562604363,-0.011011210972355912,-0.03197591140633449,12895,856000000,25.54,0,2,2,-14.0671525036896,-2.9047877678864706,4.80722425022877,-14.0671525036896,-2.9047877678864706,4.80722425022877,261.0983910560608
-12.831861470496921,-5.103560310182758,3.0978869674096936,-14.1492360518326,-1.1252387280876677,4.387246358851442,-0.8763400546246972,0.004332178719072156,0.007298688966095641,0.481618178671969,0.40655786092977164,0.008463070383329756,-0.39110262392802053,-0.006265744150368846,-0.01710111100692302,-0.04124787847104017,12896,276000000,25.25,0,2,2,-13.977629741019934,-2.996258710792963,4.644250142100735,-13.977629741019934,-2.996258710792963,4.644250142100735,262.4299347400665
-12.86226162466454,-5.404708349855923,3.0321408228027407,-14.03709192613039,-1.2885823279825688,4.187100501953488,-0.8711152904129001,0.006407791711912576,0.009982620523632336,0.4909352689527474,0.33186247133027785,0.029514682845174712,-0.3941826366554783,0.0021465375311890966,-0.008905531194614014,-0.04058737395098433,12896,683000000,24.39,0,2,2,-13.867190196799678,-3.1255860983177626,4.431573049711937,-13.867190196799678,-3.1255860983177626,4.431573049711937,263.70004200935364
-12.87800197240249,-5.61100177112331,3.0080514120095225,-13.950252777240943,-1.402152474812123,4.009489439752449,-0.8661973717993017,0.005859095175213962,0.011284090133714338,0.4995402420241679,0.2686105374082898,0.041461156556081,-0.39111571003062995,0.007283139530045446,0.0005966013361557998,-0.04815019674424548,12897,123000000,23.55,0,2,2,-13.773520066695653,-3.2537932976676953,4.240592931208406,-13.773520066695653,-3.2537932976676953,4.240592931208406,264.92760252952576
-12.892423357163015,-5.92564824052489,3.0020138669173706,-13.884184403563905,-1.4827585522308564,3.8572502877146384,-0.8615720321841984,0.004535017972314857,0.011233168101623316,0.507490771250455,0.23002380327841432,0.04342168581537989,-0.38076105061472176,0.004719515027318266,0.0057116529660561355,-0.03931607279810123,12897,542000000,22.76,0,2,2,-13.697891770754138,-3.3740570770689953,4.0791717354615,-13.697891770754138,-3.3740570770689953,4.0791717354615,266.00389218330383
-12.894639126058248,-6.136969268236469,3.01810047646413,-13.825887501263589,-1.5537904208476907,3.7102166969383688,-0.8579300803465524,0.003237072684720609,0.01036543437941765,0.513651687787666,0.2083237350727843,0.03787253425983496,-0.3633841987840982,0.00275051211247046,0.008114881438814336,-0.03300988937553484,12897,934000000,21.99,0,2,2,-13.637626228699672,-3.483977882208836,3.9465106691339766,-13.637626228699672,-3.483977882208836,3.9465106691339766,267.0409162044525
-12.890023690234493,-6.3479417218801215,3.050144175636352,-13.774252327990496,-1.621141338727534,3.570808048855464,-0.8546205518557963,0.002127827365059818,0.00912150042692699,0.5191685496313891,0.19835003390473943,0.029206566464920564,-0.34123490906205395,0.0010596793231343327,0.008151873953465838,-0.03170334348396864,12898,311000000,21.45,0,2,2,-13.582088354185787,-3.5986803675115655,3.822327216179169,-13.582088354185787,-3.5986803675115655,3.822327216179169,268.09821105003357
-12.877894806867692,-6.557162017261522,3.0978869674096923,-13.730101759515668,-1.6856036831935364,3.4469687664243147,-0.8514565908359617,0.0013152958194912424,0.007876545090371966,0.5243642855461728,0.2047417980036287,0.017722605433990644,-0.3161518689055661,-9.358081527466311e-05,0.007682942305109464,-0.032683687095413916,12898,667000000,20.98,0,2,2,-13.530903593931015,-3.718407095127904,3.707641236173907,-13.530903593931015,-3.718407095127904,3.707641236173907,269.1029095649719
-12.857665996714566,-6.763208457982669,3.160944454897098,-13.688701209295207,-1.7601325397558898,3.3338833372662253,-0.8480160612105606,0.0005604423910942646,0.006564268350146981,0.5299295766555024,0.246857966120576,-0.0037371335360570903,-0.282472711418087,-0.00017749201077776888,0.009696059987618355,-0.03756374935619533,12899,7000000,20.53,0,2,2,-13.48585693941519,-3.836916190808735,3.608442728516954,-13.48585693941519,-3.836916190808735,3.608442728516954,270.1089041233063
-12.828851657088071,-6.964655309084123,3.238808936286523,-13.649923845598073,-1.8542913749027758,3.240244511820218,-0.8440408485602493,-0.0002110133859576013,0.00519436588231551,0.536253689962247,0.3194162768313907,-0.03287197482853472,-0.24094115687905387,0.0001748478240415352,0.00810726005511242,-0.04774725020979531,12899,347000000,20.05,0,2,2,-13.443784187242722,-3.9600097254145186,3.5198543225825234,-13.443784187242722,-3.9600097254145186,3.5198543225825234,271.0728545188904
-12.791070944239198,-7.160087046474805,3.3308534925573934,-13.610826847538013,-1.9799213073897524,3.1629105554778336,-0.838817305495146,-0.0006044684647357771,0.004178222157603542,0.5443966431558329,0.39982373251621767,-0.06071965239989767,-0.19278197360049631,-0.001694874549684755,0.003617694960666995,-0.06112625414971262,12899,704000000,19.46,0,2,2,-13.406188818965404,-4.080734325357102,3.446681525696921,-13.406188818965404,-4.080734325357102,3.446681525696921,272.0453944206238
-12.744050391633543,-7.348112631760661,3.4363370350639393,-13.565215685745164,-2.1604373622144513,3.095078868216756,-0.8309332626188504,-0.00029825551090825763,0.0036187811218827163,0.5563602506833452,0.4625538024579356,-0.0749058712133286,-0.1361891834939451,-0.0026271633487340296,-0.0004159411105320032,-0.07473772202502005,12900,128000000,18.6,0,2,2,-13.370411742113058,-4.205315852584787,3.3848594466971185,-13.370411742113058,-4.205315852584787,3.3848594466971185,273.15837502479553
-12.687625245218829,-7.527379661061074,3.5544102723452156,-13.520672388627789,-2.358163595534031,3.0497026834265255,-0.8216490046251617,0.00023201407620672843,0.0034314706488993126,0.5699834071068517,0.47982953862355693,-0.06909978347277311,-0.08665955459067164,-0.0019581792230383144,-0.001448734383302508,-0.08195540140150115,12900,690000000,17.22,0,2,2,-13.33055166957517,-4.354482702281626,3.3275163769390894,-13.33055166957517,-4.354482702281626,3.3275163769390894,274.31052803993225
-12.585260889259121,-7.777032064545336,3.753020396282529,-13.478322141357314,-2.5539389403073804,3.0235979346397235,-0.8118170691930956,0.0006183011541264591,0.0034147523175023795,0.583901535652224,0.45611506661693235,-0.05029934397619664,-0.0450218422453518,-0.0007543413687471912,-0.0012517050663518603,-0.07832486080587842,12901,209000000,15.57,0,2,2,-13.292188674894003,-4.506560845380819,3.286622950274841,-13.292188674894003,-4.506560845380819,3.286622950274841,275.42851972579956
-12.505313868984805,-7.928863465050148,3.8982060370957905,-13.440554626542836,-2.7251286813763307,3.0140447991426895,-0.8031597659116179,0.0007614677475369814,0.003483319971515942,0.5957530336218531,0.41387755528252235,-0.029887849217745954,-0.007573421361949981,0.00029855215757379483,-0.00106647506754598,-0.06599866028409451,12901,668000000,13.87,0,2,2,-13.254992982705293,-4.6609262931578535,3.262665157030362,-13.254992982705293,-4.6609262931578535,3.262665157030362,276.51827454566956
-12.416230973744334,-8.067703191672502,4.052262675053997,-13.405088688889306,-2.877841690694878,3.0198014479480233,-0.7961486074567514,0.00079693441082668,0.003663569148198485,0.6050895289139588,0.37006722764404243,-0.013466370228726954,0.031327520119845485,0.0007689969834245858,-0.00140416876774907,-0.04837529668293428,12902,72000000,12.47,0,2,2,-13.220250004894725,-4.809031308827478,3.25616362144896,-13.220250004894725,-4.809031308827478,3.25616362144896,277.6364312171936
-12.318319086556812,-8.192536931208004,4.213949936692147,-13.368460015904628,-3.026654161721057,3.0443367645467174,-0.7908136836067972,0.0007305500205769195,0.0038942732850678575,0.6120441313765674,0.32896608249091025,-0.0010719548864992644,0.07588493377327005,0.0011136173043269082,4.004530147483365e-05,-0.03021979227924021,12902,466000000,11.39,0,2,2,-13.185900830837479,-4.956599258435561,3.265287241835165,-13.185900830837479,-4.956599258435561,3.265287241835165,278.7751531600952
-12.211978760775317,-8.302458002624428,4.3819660112501,-13.336606260690269,-3.1476646155038543,3.0838071118232206,-0.7878043082089402,0.00046019769819990227,0.003839477992879141,0.6159134830430762,0.29988151643890604,0.007484052675799409,0.11719099839956519,0.0008233812138769281,0.001786929851732566,-0.017748036407283507,12902,862000000,10.6,0,2,2,-13.14806345411402,-5.116707663804348,3.293288098810889,-13.14806345411402,-5.116707663804348,3.293288098810889,279.86929416656494
-12.03775396673645,-8.437686238514564,4.642886210402724,-13.301798331341454,-3.269444411038995,3.146171254439034,-0.7859792311915071,3.6710717641618784e-05,0.003528618290077774,0.6182428290250469,0.2807908866517932,0.01540121157128605,0.16241908910233405,0.0005099793952467735,0.0024091869590847637,-0.009210317784891231,12903,246000000,10.15,0,2,2,-13.112906352055393,-5.259707742071798,3.335451135429668,-13.112906352055393,-5.259707742071798,3.335451135429668,280.9932601451874
-11.912648771192371,-8.50715090642781,4.820721382193131,-13.26552542115623,-3.38581113318524,3.2284731913198135,-0.7851196720156072,-0.00038962283318909135,0.0031608661781219634,0.6193359005686309,0.27754593793024857,0.023020341969747164,0.20968499665339674,0.00034883185549006157,0.0023603759927937062,-0.0029909785553172696,12903,630000000,9.85,0,2,2,-13.072675464460938,-5.413633388141062,3.399610715296197,-13.072675464460938,-5.413633388141062,3.399610715296197,282.1437578201294
-11.781152949374528,-8.559508646656381,4.999999999999998,-13.227802869957795,-3.4981832655286236,3.3264547495321075,-0.7850079381500852,-0.0007717591692632101,0.002741817163557819,0.6194791553133794,0.29069148131682626,0.028985069451911004,0.2532035055641521,2.916922241524844e-05,0.002656888227647869,0.001501842086781835,12904,1000000,9.63,0,2,2,-13.030388405326589,-5.5628796824994495,3.4801889608550356,-13.030388405326589,-5.5628796824994495,3.4801889608550356,283.28980827331543
-11.573534743627139,-8.605314519193234,5.268466531635313,-13.19026377053297,-3.6063331842380526,3.4297680223819205,-0.785358863801849,-0.001199904911390385,0.0022594011044041753,0.6190354677905955,0.3122008842892794,0.032894674281204975,0.2870663756816258,0.0004962149887433043,0.003450545000305283,0.004817995841222,12904,340000000,9.44,0,2,2,-12.987872938382296,-5.7003218700342835,3.5702357017250295,-12.987872938382296,-5.7003218700342835,3.5702357017250295,284.38344144821167
-11.429352891192822,-8.613835603663967,5.4450418679126305,-13.149010046567824,-3.723223798696732,3.544931988878137,-0.786127547605942,-0.0018541919404793344,0.0017661462810187553,0.6180589952380184,0.33822996043463005,0.03720019762286122,0.3174045696778628,0.001897685683616146,0.0042274135012121405,0.00903973741515074,12904,768000000,9.29,0,2,2,-12.946977728520713,-5.820113214913843,3.6625683752131932,-12.946977728520713,-5.820113214913843,3.6625683752131932,285.463947057724
-11.28151696868165,-8.604783365467831,5.61803398874989,-13.100775812820839,-3.856037528595565,3.6778704184069855,-0.7875098670658625,-0.0028480242539091964,0.0011535084097134764,0.6162943837567443,0.3611832808621187,0.04281956998840202,0.3456954941387844,0.0022494975610243273,0.006441987443395192,0.013728900376008824,12905,182000000,9.22,0,2,2,-12.903410673959826,-5.935444956496851,3.7651645547164443,-12.903410673959826,-5.935444956496851,3.7651645547164443,286.541228055954
-11.13087585324229,-8.578360625870383,5.786050063307842,-13.050715186257838,-3.9876357668173075,3.8133897657058684,-0.7892924951823597,-0.004104228902836593,0.0002817673666424916,0.6140036098925385,0.36763626593113347,0.04968962724903192,0.3684361403846001,0.002687976984816487,0.008713520310266176,0.016901447634154465,12905,608000000,9.25,0,2,2,-12.8543724621531,-6.051647941107769,3.8837972472697295,-12.8543724621531,-6.051647941107769,3.8837972472697295,287.6552321910858
-10.978288041468776,-8.534919172427735,5.947737324945993,-12.991329090943161,-4.130959489307325,3.972090987310953,-0.7916368484194936,-0.005711941354349116,-0.0008961460798142733,0.6109645414200564,0.35466629742071687,0.06008837697951156,0.39031707589724157,0.0025570453544787597,0.00923437646633829,0.01986009010579437,12905,994000000,9.4,0,2,2,-12.804530676439972,-6.1567359900440914,4.006187979425028,-12.804530676439972,-6.1567359900440914,4.006187979425028,288.75863695144653
-10.824610521570174,-8.474957086149745,6.101793962904201,-12.925345982974791,-4.270657558341306,4.1470584652895655,-0.7944007758827709,-0.007288442228665475,-0.002063907589127234,0.6073467100200627,0.3246656989454534,0.07351552152270212,0.41037703290881283,0.0020548483462334843,0.0077462780609494075,0.021368287343648262,12906,402000000,9.66,0,2,2,-12.745946495040826,-6.266762539162262,4.15092155270258,-12.745946495040826,-6.266762539162262,4.15092155270258,289.96919202804565
-10.593892244653583,-8.355475754986642,6.315877451879423,-12.846613724727206,-4.409177937117074,4.3555620317377155,-0.7976357788197754,-0.00850731884826403,-0.0030872903373392675,0.6030715202287014,0.2797932161812712,0.09022667136020966,0.4297351888150545,0.0005413506471541041,0.004655706106859725,0.021287369418132585,12906,835000000,9.99,0,2,2,-12.680828814697977,-6.374845086181122,4.311241645113992,-12.680828814697977,-6.374845086181122,4.311241645113992,291.2027237415314
-10.441131260909902,-8.257309804031784,6.445589727654782,-12.771245458459328,-4.5141661213269595,4.555512288320549,-0.8005020910841405,-0.009065747649770741,-0.003536794541715869,0.5992509536695279,0.23431573139623824,0.10807902162084512,0.4461038536288576,0.0004805456484291426,0.0017492048641543079,0.019963408885814715,12907,250000000,10.34,0,2,2,-12.602017583457402,-6.488556038145538,4.502999215820352,-12.602017583457402,-6.488556038145538,4.502999215820352,292.39953422546387
-10.215481965412536,-8.08471129151785,6.618033988749896,-12.699654407218246,-4.5903411966967544,4.744476518359829,-0.8028711852222329,-0.008979857104491819,-0.0036365909477542907,0.5960738186772744,0.19761376005874323,0.12398929049596294,0.4570105935730144,-0.0011687557503137214,-0.0010023113645729609,0.01704707774479175,12907,691000000,10.61,0,2,2,-12.52512038338425,-6.584539092657823,4.686666680189768,-12.52512038338425,-6.584539092657823,4.686666680189768,293.4745783805847
-10.068405046361017,-7.954366920084192,6.716897587203733,-12.628898662964755,-4.648646545947285,4.9278649381930695,-0.8047678201212246,-0.008523603534574773,-0.0034172501266149127,0.593518682335855,0.17217558667348618,0.13821581861238666,0.46257526761589346,-0.0008556966349715367,-0.003285585648882261,0.014679801461170428,12908,124000000,10.79,0,2,2,-12.451378839680865,-6.664584928890973,4.858190708374194,-12.451378839680865,-6.664584928890973,4.858190708374194,294.54006338119507
-9.92475691319517,-7.813231709291097,6.801937735804839,-12.562499225283663,-4.692957713006632,5.094262795367625,-0.8063741065402805,-0.007818150942235893,-0.0029305803995127357,0.5913468428221549,0.16385797835099988,0.14806833859208907,0.46242899981438984,-0.0014759333225811133,-0.006287865699050599,0.016571763626416214,12908,551000000,10.9,0,2,2,-12.378122566449258,-6.733566739560182,5.022782591939752,-12.378122566449258,-6.733566739560182,5.022782591939752,295.61762022972107
-9.785098566014495,-7.662634819950148,6.872469741279472,-12.49711746797552,-4.734019499978261,5.250218290420014,-0.8083824961124443,-0.006810851420933314,-0.0021331887832674594,0.5886143064754293,0.17758291862906064,0.15133984008640491,0.45444198459840834,-0.00183516646075077,-0.009501841577730374,0.02671348484000191,12908,927000000,11.0,0,2,2,-12.309759031040254,-6.789489888110908,5.170752164883497,-12.309759031040254,-6.789489888110908,5.170752164883497,296.62137603759766
-9.649915265730048,-7.503981892038007,6.927925721391706,-12.424681368862284,-4.785000267448236,5.410818497447439,-0.8118632111491502,-0.005677902594953134,-0.0009834155638516642,0.5838192534496796,0.21065852546207386,0.14899194226106335,0.4375680236574052,-0.0004893539085060183,-0.0084997492194816,0.04020794112875592,12909,315000000,11.23,0,2,2,-12.243497299227345,-6.837209243303522,5.309013261501342,-12.243497299227345,-6.837209243303522,5.309013261501342,297.61121129989624
-9.51961077211188,-7.338741578675988,6.9678591771972584,-12.348644090293272,-4.847016409765158,5.564388029448156,-0.8165564913345951,-0.005102162777703097,-7.680422169699386e-05,0.5772429804644112,0.24484265058771806,0.14542657625344446,0.41596752422052763,0.001232067063483555,-0.0036473310274232063,0.049041496095014736,12909,710000000,11.79,0,2,2,-12.171432438870173,-6.882200022090126,5.4531250456730564,-12.171432438870173,-6.882200022090126,5.4531250456730564,298.6154479980469
-9.394502651690065,-7.16843142743993,6.9919485879904775,-12.255284114771458,-4.928691581410064,5.733630636035254,-0.822466168680214,-0.005363114199127935,7.023440417795431e-05,0.568788742372513,0.2601432246675094,0.14782362351510653,0.39174320926918094,0.0013832328136231808,0.003485761817501043,0.046244652912719175,12910,86000000,12.63,0,2,2,-12.097305425524826,-6.921266030385298,5.594247463156992,-12.097305425524826,-6.921266030385298,5.594247463156992,299.7547445297241
-9.274818710313482,-6.9946032536850655,7.0,-12.167181814110313,-4.99912737718794,5.879074801616353,-0.8269008824743241,-0.006118050415107108,-0.000685104728888337,0.5623139964946741,0.23650606879187133,0.16178476284266807,0.37652881182053655,0.0002286545907281834,0.008427179000136675,0.03197345431544818,12910,502000000,13.76,0,2,2,-12.008081392262476,-6.959040413400304,5.753999433223489,-12.008081392262476,-6.959040413400304,5.753999433223489,300.882230758667
-9.105734332182745,-6.73070301578608,6.98189952353587,-12.057859958138001,-5.057418304454154,6.049064417089346,-0.8297901751967506,-0.006871535946897851,-0.0025334025160510297,0.5580274446766645,0.15965078979825056,0.1941231373199225,0.36392101262656995,-0.0038250478382906294,0.008406042434216943,0.011645192080322886,12910,959000000,14.64,0,2,2,-11.924881552544894,-6.98587647170546,5.892979593432036,-11.924881552544894,-6.98587647170546,5.892979593432036,302.0247573852539
-9.000000000000002,-6.554958132087373,6.949855824363648,-11.971751702239803,-5.073139257331384,6.17819195110476,-0.8304392272790797,-0.00650023156023723,-0.0038408282666452173,0.5570580623454024,0.09454549016410448,0.22122504836145113,0.3521621853425129,-0.007685426498937886,0.0022609977577303653,0.0004804824925486173,12911,452000000,15.26,0,2,2,-11.82101381008875,-7.0087116545701615,6.052326229271878,-11.82101381008875,-7.0087116545701615,6.052326229271878,302.9618422985077
-8.899756434788042,-6.381178683941173,6.902113032590307,-11.889637479967284,-5.065680943139321,6.295356445236417,-0.8299256487720136,-0.005096421002797114,-0.0046968770748731835,0.5578309630605477,0.04175561354911016,0.244726463773012,0.3349716985684486,-0.012836195855925325,-0.001815388486647862,-0.015105402508197585,12911,907000000,15.43,0,2,2,-11.737336808706788,-7.019047308547961,6.168728807463913,-11.737336808706788,-7.019047308547961,6.168728807463913,303.86821937561035
-8.804815115615014,-6.210883727508031,6.839055545102902,-11.806390953564293,-5.040608045157942,6.405339343814495,-0.8276152980757248,-0.0030596521372307627,-0.005469794973998483,0.5612607578147348,-0.0014101749729027936,0.2641282805905611,0.3109501975471077,-0.012916093237436144,-0.003022288933607342,-0.03590733867895324,12912,330000000,15.4,0,2,2,-11.65670409973034,-7.024165736330113,6.271609840642557,-11.65670409973034,-7.024165736330113,6.271609840642557,304.80536007881165
-8.71489938661576,-6.045543906721693,6.761191063713477,-11.716890157975985,-5.001100181273994,6.51134171430915,-0.8240197117329354,-0.0006839493751761281,-0.005857055799791922,0.5665304420648375,-0.015251593252793594,0.27176696948650736,0.27699509380078224,-0.011369463663868373,-0.010685842062230222,-0.020863013378402684,12912,713000000,15.04,0,2,2,-11.573716065428222,-7.029323971348963,6.366896929951236,-11.573716065428222,-7.029323971348963,6.366896929951236,305.8212332725525
-8.629648578639825,-5.886567274798598,6.669146507442607,-11.635903401087575,-4.969530748831096,6.5935761882969235,-0.8233845646504407,0.0017196852076649344,-0.005007793734633865,0.5674590940148039,0.018236639555997573,0.26475307448562163,0.23951139310685332,-0.009069779844139703,-0.017587726688361727,0.01536703994133859,12913,72000000,14.43,0,2,2,-11.482043430870945,-7.039651568316447,6.457879764710143,-11.482043430870945,-7.039651568316447,6.457879764710143,306.72560358047485
-8.588638099970249,-5.809884709205925,6.6180339887498985,-11.552550441200907,-4.954271446380662,6.662511249590869,-0.8262074374573656,0.004054497192384366,-0.003268309445614322,0.5633419472185768,0.07540878621220663,0.2526156240988807,0.19665828093727494,-0.0041128545490209945,-0.01423429657734232,0.04150482309341896,12913,434000000,14.4,0,2,2,-11.398257462875621,-7.048816502041342,6.529210591194176,-11.398257462875621,-7.048816502041342,6.529210591194176,307.6294620037079
-8.509537722572645,-5.662922911048106,6.506142932007226,-11.46102875080927,-4.954482063163794,6.720500567183025,-0.8306928447944035,0.005180400438951254,-0.001890183583506532,0.5567036808434926,0.12269178867346726,0.24346979104737215,0.1504324237711288,0.0014191474292601924,-0.006030323629602208,0.05165386610315181,12913,792000000,15.05,0,2,2,-11.314002509605873,-7.050374539941234,6.590423130407489,-11.314002509605873,-7.050374539941234,6.590423130407489,308.58186745643616
-8.433869755728779,-5.5254836910496365,6.382125297973733,-11.37809721130144,-4.964777232219152,6.758905345831918,-0.8352165138596638,0.005068179739404497,-0.0011355227997080618,0.5498967167734413,0.15257884149335724,0.2374534929753649,0.10981251445706357,0.004717195724879275,-0.0006793913030378462,0.057587900300859474,12914,133000000,16.04,0,2,2,-11.22488612070889,-7.041718043154427,6.643903488264875,-11.22488612070889,-7.041718043154427,6.643903488264875,309.46836853027344
-8.361027093194929,-5.39865483089787,6.246979603717472,-11.253729168207675,-4.990049017735959,6.792704040268925,-0.8425924564790876,0.0036447748268784363,-0.00045848435300247414,0.5385391886326343,0.1796580979815205,0.23101580800498084,0.04710409144137844,0.008929617433750536,0.0021774981632916024,0.0653617549687624,12914,557000000,17.04,0,2,2,-11.146787707395559,-7.026468215088916,6.680810617196806,-11.146787707395559,-7.026468215088916,6.680810617196806,310.50914454460144
-8.290349647581815,-5.283407549718662,6.1017939629042095,-11.138823265945339,-5.0181729310029874,6.800186696501498,-0.8497891276011018,0.0017100154122162792,0.0004371386200050741,0.5271198377675375,0.1933415400201054,0.2264574524388936,-0.00833445576442806,0.011854946660605492,0.0011492695534798258,0.06960199316381477,12914,960000000,18.69,0,2,2,-11.033106566637185,-6.993035714705323,6.716283159315907,-11.033106566637185,-6.993035714705323,6.716283159315907,311.5891125202179
-8.221133524721331,-5.180587426595802,5.947737324945996,-11.046396016336512,-5.039167808715508,6.790823995598603,-0.8548605331123258,-0.00019519367823170883,0.0014589470979403483,0.5188557625195112,0.16310557406596546,0.23714645356961475,-0.04932051062755548,0.01619379654584918,0.002605372674224782,0.02592627497506328,12915,418000000,20.36,0,2,2,-10.930679649110209,-6.95309322617026,6.728180621806288,-10.930679649110209,-6.95309322617026,6.728180621806288,312.49333333969116
-8.152640804633386,-5.090906604973298,5.7860500633078455,-10.956753062177786,-5.034984731926504,6.769076967343629,-0.8544631250826401,-0.0028507661739387196,0.0024093294799301486,0.5194986392067712,0.07264813540462726,0.27100022419860803,-0.0897340862103875,0.019526755386323202,0.003250943495913816,-0.029167053617129568,12915,781000000,21.61,0,2,2,-10.849534747817245,-6.9157852285968735,6.723294284735,-10.849534747817245,-6.9157852285968735,6.723294284735,313.40151596069336
-8.084109811191693,-5.014937356989644,5.618033988749893,-10.865259743923557,-4.99773921614849,6.731661937344825,-0.8503751064143916,-0.005990223807561304,0.0037854052906250574,0.5261292296729323,-0.017987754192964753,0.30267006243609845,-0.136509714189784,0.02053388761851238,0.002559209906394244,-0.06103289779275656,12916,105000000,21.61,0,2,2,-10.76551468602875,-6.890609907340799,6.704096058751211,-10.76551468602875,-6.890609907340799,6.704096058751211,314.3332598209381
-8.01476574654723,-4.953107071378241,5.445041867912628,-10.766414770571787,-4.924211338530503,6.671739600526961,-0.8424667481248904,-0.009540506861999209,0.005507614938553419,0.538635705472982,-0.1007464553692573,0.32453697399949477,-0.18964350390249624,0.020526455409708433,0.003091931648668833,-0.1000757809379138,12916,447000000,20.68,0,2,2,-10.668832007836404,-6.893317256696316,6.66614116537085,-10.668832007836404,-6.893317256696316,6.66614116537085,315.35845398902893
-7.943831561758462,-4.9056947134888,5.268466531635309,-10.660033768098808,-4.819076289225866,6.584331804475447,-0.8307046952681694,-0.013093835518636288,0.006716227810626554,0.5565187804691087,-0.13089374367703857,0.3205193131306275,-0.24137356612594102,0.013205452978581889,0.008196576254704269,-0.08531302810297348,12916,810000000,18.79,0,2,2,-10.551894635692895,-6.9244840009666175,6.602786183089403,-10.551894635692895,-6.9244840009666175,6.602786183089403,316.42041397094727
-7.870538931953234,-4.872828790405048,5.089729660701028,-10.578850763457309,-4.745424940975499,6.504926953891833,-0.8243506595282684,-0.015113752780860908,0.0066847803492467335,0.565838208610792,-0.09249465561910519,0.30210316124674386,-0.2744825858541288,0.005092249239169178,0.00817338941487833,-0.042560280780890025,12917,114000000,15.97,0,2,2,-10.414190288021452,-6.979927283501543,6.509908114104934,-10.414190288021452,-6.979927283501543,6.509908114104934,317.33088994026184
-7.7941392027451935,-4.854486838222724,4.910270339298976,-10.490509606941531,-4.691217618182828,6.409556551684583,-0.8222637639681862,-0.016075294706227178,0.006326131639210375,0.5688443261767333,-0.021011996668052008,0.2800002365030465,-0.3053144439962382,0.00041975082751832815,0.0021776231506009935,-0.006742561799910618,12917,450000000,14.4,0,2,2,-10.309851168708237,-7.016664095464927,6.427594599819048,-10.309851168708237,-7.016664095464927,6.427594599819048,318.2622766494751
-7.75454825943156,-4.850714267738887,4.820721382193136,-10.410641974242836,-4.662332175869041,6.317060709693362,-0.8223578164456352,-0.016003387115259202,0.0063956308839455646,0.5687096000923512,0.02964792049726341,0.26650541061242106,-0.32898077782062013,-0.002137860087714216,-0.002644563573994674,0.009082932956516743,12917,775000000,13.78,0,2,2,-10.205483589811776,-7.031432184514547,6.332273029528675,-10.205483589811776,-7.031432184514547,6.332273029528675,319.13498091697693
-7.67215365323178,-4.853788761358711,4.642886210402729,-10.32351951746333,-4.6462601513551975,6.2108302419591075,-0.823799949120569,-0.015373037310245346,0.006738526421520866,0.5666320727019183,0.07102560640085688,0.2564822005893192,-0.34981220282259196,-0.002725176454987377,-0.004981848724128213,0.02150017080566613,12918,89000000,13.7,0,2,2,-10.119182479789005,-7.022498045619067,6.242231740893692,-10.119182479789005,-7.022498045619067,6.242231740893692,320.0409197807312
-7.5849363870979465,-4.87068090303198,4.467926308866652,-10.218125887043085,-4.6413115794074224,6.0772927630820295,-0.8266167223276669,-0.014312402058370055,0.007196316052026275,0.5625372543670896,0.10598988844975143,0.24777235878640164,-0.36795854427427566,-0.003946463812098955,-0.0055327158861473436,0.029899877517891582,12918,514000000,13.95,0,2,2,-10.031737196076831,-6.99519848581311,6.1402540424731615,-10.031737196076831,-6.99519848581311,6.1402540424731615,320.99494886398315
-7.492299335087338,-4.900857604452152,4.297250351837317,-10.099764451454853,-4.647662715031789,5.922124697837223,-0.8303998539795978,-0.013009238171254418,0.007596412069761636,0.5569642149694469,0.13218996724266968,0.2413963460184525,-0.38490535863788333,-0.004046270851176814,-0.005136738127475837,0.033185668507940136,12918,930000000,14.53,0,2,2,-9.932681917839435,-6.945436103181671,6.011567463032072,-9.932681917839435,-6.945436103181671,6.011567463032072,322.0468056201935
-7.393710422544579,-4.943650988470749,4.132232521764886,-10.002764992373574,-4.658745784845576,5.791641136905497,-0.8335712402913533,-0.012014844203234494,0.007919321750124766,0.5522245152299241,0.14697251522676993,0.2375764947301091,-0.3960939922151959,-0.004020541564386804,-0.005488632496053469,0.03292496912763454,12919,246000000,15.4,0,2,2,-9.827479312874132,-6.876198871566105,5.860777887816396,-9.827479312874132,-6.876198871566105,5.860777887816396,322.971253156662
-7.288711106370621,-4.998265841933026,3.9742014451881897,-9.910792082726415,-4.672437266474221,5.665688853848667,-0.8364417092071044,-0.011058392742119245,0.008267337170392602,0.5478819491320825,0.15719017313150088,0.2344610711721613,-0.4041596087057765,-0.004115769161217031,-0.005503665079231723,0.0317059599183267,12919,575000000,16.19,0,2,2,-9.744644331644247,-6.81381602123669,5.734064450676726,-9.744644331644247,-6.81381602123669,5.734064450676726,323.8343098163605
-7.176924026518295,-5.063788319150504,3.8244294954150555,-9.818379979986691,-4.688478124650493,5.537533500793618,-0.839194539524561,-0.010111294779673595,0.008584065835200183,0.5436695690985247,0.16561027184406457,0.2316851491554408,-0.4101358982626115,-0.004185864827377372,-0.004983106191502884,0.03133748396066949,12919,911000000,16.96,0,2,2,-9.667811716291641,-6.752701560132525,5.611973477135575,-9.667811716291641,-6.752701560132525,5.611973477135575,324.70266914367676
-7.1183910241422845,-5.100324305451515,3.753020396282532,-9.713838466688058,-4.7089417723743585,5.391251169246539,-0.8422778771360596,-0.009125981938892224,0.00884927098666729,0.5388936671958843,0.17464557053532903,0.22915210926373564,-0.4158342170800252,-0.003745337835425744,-0.0041424643313803244,0.0317702168104006,12920,294000000,17.73,0,2,2,-9.591279447928176,-6.691454872222709,5.486952716134004,-9.591279447928176,-6.691454872222709,5.486952716134004,325.67848110198975
-6.995908638983675,-5.1802597705360105,3.6178747020262696,-9.620541172213517,-4.727331887411205,5.259525514418955,-0.8446198633150844,-0.008328930248013705,0.00930533172157334,0.5352208200510172,0.158229927663033,0.2338915666949121,-0.42129319417538474,-0.0010141861025658727,-0.009204947491525672,0.01240290612258832,12920,704000000,18.63,0,2,2,-9.505197743226796,-6.623818403061595,5.343560174440374,-9.505197743226796,-6.623818403061595,5.343560174440374,326.62088680267334
-6.866091886682804,-5.268366474152286,3.4938570679927774,-9.52364617998297,-4.730575084394483,5.117107121740855,-0.8439700766919452,-0.0075072705229485845,0.010862306894787059,0.5362277135945236,0.08226117038284361,0.2580663558768598,-0.43296411181899613,0.0035908743029722245,-0.01226314252562588,-0.03779567814490292,12921,40000000,19.37,0,2,2,-9.42748882518719,-6.56962854719473,5.213842330978584,-9.42748882518719,-6.56962854719473,5.213842330978584,327.54723048210144
-6.728893674167487,-5.363399575253027,3.3819660112501087,-9.435572692847678,-4.704102242165148,4.978441837003392,-0.8390683257819653,-0.007657136292458814,0.012592814505832517,0.5438263821809952,-0.0058544176176162505,0.2864448640923631,-0.44754150134325393,0.009267286168324063,-0.0023315689531955286,-0.06852268634247594,12921,375000000,19.4,0,2,2,-9.33901322497527,-6.535611887629973,5.071537656905726,-9.33901322497527,-6.535611887629973,5.071537656905726,328.4559347629547
-6.58436990723958,-5.4640474158483405,3.283102412796267,-9.32758617499988,-4.639442814141684,4.80000758296825,-0.829871394544057,-0.009689619419611212,0.013161660381190892,0.5577152951901312,-0.08221652530438384,0.30768236997351217,-0.45894699192097405,0.010802616452565417,0.009466579740546877,-0.10299947680323385,12921,675000000,18.33,0,2,2,-9.246108434848189,-6.539011759314323,4.93179711155931,-9.246108434848189,-6.539011759314323,4.93179711155931,329.519757270813
-6.432681141919438,-5.56894510494894,3.1980622641951646,-9.203952818893338,-4.539824582632321,4.5922061766117395,-0.8159671876994803,-0.01274970012214303,0.012235544580901972,0.5778280758092367,-0.12973753337970279,0.31491736474303517,-0.4612848625560684,0.006781153206247836,0.013655585553351557,-0.09912715322570875,12921,998000000,16.16,0,2,2,-9.118508577749866,-6.579086496067468,4.751933271006271,-9.118508577749866,-6.579086496067468,4.751933271006271,330.75331592559814
-6.274092983719844,-5.676688553400637,3.127530258720525,-9.111592250658111,-4.463472550979074,4.439843639802118,-0.807886524835833,-0.015150285519866526,0.010809472401486225,0.5890441300477823,-0.09931314689350593,0.3035999034653857,-0.454826452919347,0.005989137116557686,0.023530994803877547,-0.03414985767449252,12922,369000000,12.9,0,2,2,-8.959578315837454,-6.658169725300062,4.544875871468323,-8.959578315837454,-6.658169725300062,4.544875871468323,331.74753403663635
-6.108975219860335,-5.785848810464001,3.0720742786082953,-9.02259809881333,-4.4158084578800185,4.29998712440414,-0.8076366031467843,-0.017504515901887646,0.008465183406315066,0.5893598644720062,-0.010345939435248214,0.28401629627886044,-0.44155697359274537,0.0017436035932405503,0.015289531438611448,0.024027891777222976,12922,781000000,11.0,0,2,2,-8.840261222099729,-6.71809064322192,4.39600937913687,-8.840261222099729,-6.71809064322192,4.39600937913687,332.6417827606201
-5.937799684049354,-5.894986550396063,3.0321408228027407,-8.930627196106808,-4.396817963272249,4.164781749871697,-0.8114019522608718,-0.01816876999406751,0.00730227436054119,0.5841604612204698,0.07818472152952127,0.2679054284226915,-0.42412934154189685,-0.0025104090809691115,0.0010111829908510117,0.052968685849918984,12923,125000000,10.71,0,2,2,-8.732076400869376,-6.757671007879106,4.260836760015675,-8.732076400869376,-6.757671007879106,4.260836760015675,333.59283089637756
-5.761136868138604,-6.002666556337735,3.0080514120095225,-8.828976176164351,-4.403032194687327,4.027231315484527,-0.8175129424627049,-0.017276076792566302,0.007345803797872944,0.5756041741016048,0.15404278262173765,0.25530191573695893,-0.40245501866391536,-0.004473899480217369,-0.007722328518866561,0.06968198358663358,12923,453000000,11.29,0,2,2,-8.628922484802208,-6.778246926734167,4.13139242401781,-8.628922484802208,-6.778246926734167,4.13139242401781,334.5652050971985
-5.579651309521315,-6.10747204950958,3.0,-8.729528211127455,-4.42809303996441,3.904707412736864,-0.8244195366056104,-0.015767231664581126,0.00788274734345846,0.5657045910746572,0.21029119341958857,0.24524064432999043,-0.37895040878953323,-0.006044289420970017,-0.009710009453556268,0.08105791712296195,12923,761000000,12.4,0,2,2,-8.523176761120938,-6.785331915759828,4.000700198141157,-8.523176761120938,-6.785331915759828,4.000700198141157,335.4935550689697
-5.394095797442429,-6.208018714056558,3.0080514120095216,-8.626738084594887,-4.467183848050023,3.790163180828325,-0.8321611245905256,-0.014129772751923453,0.008342046759270822,0.5542910990608425,0.25524344124392984,0.23551425378273616,-0.3518117411211622,-0.006677914370811777,-0.009327772295364412,0.0915670876565855,12924,116000000,13.74,0,2,2,-8.42581387928301,-6.7832971853131765,3.88441464415599,-8.42581387928301,-6.7832971853131765,3.88441464415599,336.45354676246643
-5.205304455247262,-6.30296827183162,3.0321408228027407,-8.49402354917646,-4.530643540198239,3.659800643845595,-0.8428100246271027,-0.012038148652996818,0.008821525488841846,0.5380042063526272,0.2993868850168506,0.22333482237073668,-0.3149789552453968,-0.008042077752179466,-0.009469955784879858,0.10253968139295466,12924,450000000,15.33,0,2,2,-8.329316783449125,-6.776842724693935,3.774969683778676,-8.329316783449125,-6.776842724693935,3.774969683778676,337.541663646698
-5.01418476886208,-6.391041466920087,3.0720742786082917,-8.391602038381127,-4.585779046649266,3.5716250222172583,-0.8511998261138973,-0.01042701649748337,0.009108668670009671,0.5246590945611176,0.3252458174571358,0.21452657182101448,-0.28779718402588383,-0.007584044533359702,-0.008472911031276453,0.10764631515485235,12924,778000000,17.64,0,2,2,-8.209075604705726,-6.766455554712155,3.648320875571268,-8.209075604705726,-6.766455554712155,3.648320875571268,338.5699849128723
-4.821708644319341,-6.471030326718811,3.1275302587205234,-8.27272893264621,-4.653711304524251,3.4819072209869613,-0.8608498416985274,-0.008848233898396698,0.009374089670415631,0.5086957688514328,0.3495572004526905,0.20386633018107939,-0.25490524486850225,-0.006445923145292909,-0.007026141838650801,0.11102385251433589,12925,93000000,19.54,0,2,2,-8.118436849665327,-6.7588504991961615,3.560917220246963,-8.118436849665327,-6.7588504991961615,3.560917220246963,339.5563476085663
-4.628902588772864,-6.541809574814725,3.1980622641951624,-8.136746415409634,-4.734497481782925,3.395322772693047,-0.8714896425259118,-0.007396714185578232,0.0094536692715224,0.49026698820807835,0.37218256604159305,0.19198148366344236,-0.21652652558172955,-0.006870658580737654,-0.004011927558167372,0.11306768865324557,12925,504000000,21.83,0,2,2,-8.014495531220637,-6.751845845983139,3.469993302076901,-8.014495531220637,-6.751845845983139,3.469993302076901,340.6778631210327
-4.436837120055821,-6.602347080661456,3.2831024127962647,-8.004991171737242,-4.811066945508864,3.326162629698135,-0.8809894321112675,-0.006275677825326528,0.009378328724474085,0.47300135657990966,0.36001201277199396,0.197619517954508,-0.1864441544939476,-0.004268822340236511,-0.005964547926851083,0.09958881273632869,12925,967000000,24.48,0,2,2,-7.89616465172743,-6.747348496935976,3.3796742242809206,-7.89616465172743,-6.747348496935976,3.3796742242809206,341.8196566104889
-4.152547012978052,-6.671946651671,3.436337035063939,-7.858189698003607,-4.871823143450814,3.260124689122509,-0.8895875759941957,-0.005705127893690117,0.010038527820687378,0.4566186856795077,0.29538658219700714,0.23189524237886866,-0.15978469133593953,0.0014937127275516104,-0.0041446958675805945,0.08603969035902992,12926,308000000,26.97,0,2,2,-7.781383353806717,-6.746764963879192,3.305989393947082,-7.781383353806717,-6.746764963879192,3.305989393947082,342.94115567207336
-3.9672024398808325,-6.703057006306124,3.5544102723452102,-7.749801410065838,-4.892361998257079,3.2179100310782305,-0.8942078368165707,-0.006221533055123572,0.01043893482758774,0.4474870565077142,0.24319337498309485,0.26338240396472806,-0.13692152408782848,0.008956472174759256,0.0020329550807218766,0.011976924906775821,12926,622000000,29.37,0,2,2,-7.650310642194877,-6.750449052716572,3.239254706632772,-7.650310642194877,-6.750449052716572,3.239254706632772,343.9268789291382
-3.786524997592367,-6.721171473709559,3.6841225481205733,-7.6274683221226125,-4.893975679775234,3.180032069614553,-0.8908729201515482,-0.007911267529886225,0.0103531447509515,0.45406570491558756,0.19407577415968377,0.3017423539278638,-0.10279771907836918,0.00978617463260889,0.007927435490273638,-0.09201086359098554,12926,951000000,30.69,0,2,2,-7.548515052041658,-6.75881033693651,3.2002388941353197,-7.548515052041658,-6.75881033693651,3.2002388941353197,344.8516547679901
-3.6116375364826183,-6.725775776295651,3.8244294954150577,-7.511467396956876,-4.881355215984354,3.1560799752997934,-0.882376473725116,-0.009319425917937132,0.009731690214769426,0.4703511466155402,0.15858723516695905,0.33085355187318605,-0.0656770201327322,0.0033428286315029254,0.008769941905484302,-0.1259208409464918,12927,300000000,29.91,0,2,2,-7.426128021885551,-6.783315127566008,3.1673623703689726,-7.426128021885551,-6.783315127566008,3.1673623703689726,345.8092658519745
-3.4436403617338742,-6.716485026860802,3.9742014451881857,-7.386671136889857,-4.859654376370086,3.1444716536244623,-0.872307043247641,-0.009641017967103385,0.008679708603656387,0.48878639069809576,0.13147776480945816,0.35158147915598353,-0.021826070492844976,-0.0052659694574686,0.006233721796888858,-0.10792996399686672,12927,601000000,27.72,0,2,2,-7.301137994834592,-6.828550027946053,3.1474578441850967,-7.301137994834592,-6.828550027946053,3.1474578441850967,346.79220366477966
-3.2835987159577487,-6.693045963146028,4.132232521764888,-7.260792469302749,-4.833516389257821,3.1482629824373327,-0.8656565375343317,-0.008474906080769293,0.007261777156020754,0.5005139374518257,0.11582223036250823,0.3622115330779271,0.026422290791112114,-0.015002380314399488,0.002926008278336667,-0.02357638622925151,12927,919000000,25.12,0,2,2,-7.159925206699571,-6.89502183964354,3.1386648708570197,-7.159925206699571,-6.89502183964354,3.1386648708570197,347.811842918396
-3.132530485366818,-6.655337767895037,4.297250351837312,-7.1418865524493,-4.809550279978749,3.1667469576116205,-0.8671498189972263,-0.0062864294377848635,0.005635150354384739,0.49797581999378726,0.14708848108477113,0.3473621478439456,0.0739464380637628,-0.018926323355117347,-0.0003664407984160789,0.07871313209761865,12928,325000000,23.37,0,2,2,-7.015500298006485,-6.966066692941674,3.143781160427819,-7.015500298006485,-6.966066692941674,3.143781160427819,348.7290794849396
-3.060663595618906,-6.6311310890833415,4.3819660112501,-7.006567592960099,-4.809250366581469,3.204995990428596,-0.8779453934585799,-0.0035239723540679314,0.003974654050381686,0.47873131279339404,0.23841248884824434,0.29934424549531397,0.1269430677325813,-0.016589822553214617,0.0002959148787340382,0.14515824150294065,12928,639000000,23.56,0,2,2,-6.881633750373297,-7.02325185135976,3.1618639866520577,-6.881633750373297,-7.02325185135976,3.1618639866520577,349.67658710479736
-2.9248311940096183,-6.572080588034301,4.554958132087365,-6.876183262852328,-4.832811736519322,3.256946087417133,-0.8898680462632338,-0.001655692947715513,0.0024293090630108888,0.45620852400847833,0.3019166748717102,0.2603475917659617,0.16969353920043895,-0.010902628855546936,0.003573266576495371,0.14692001568619162,12928,979000000,25.97,0,2,2,-6.735827759659159,-7.071745231698771,3.1974179053624314,-6.735827759659159,-7.071745231698771,3.1974179053624314,350.6089208126068
-2.8002327142182644,-6.499031054937685,4.73153346836469,-6.736012196582366,-4.873342185362727,3.3254347306368275,-0.901135134160273,-0.0008588790742157901,0.0009635574593226028,0.43353639278116585,0.3427119369495387,0.22662399481787698,0.20574961885201018,-0.00368836965662922,0.005351362642613822,0.12982152256881818,12929,347000000,28.86,0,2,2,-6.603195347150044,-7.102096854409697,3.24595891600242,-6.603195347150044,-7.102096854409697,3.24595891600242,351.52816247940063
-2.687629958992159,-6.412311511189544,4.910270339298964,-6.611037716840136,-4.9166028102231225,3.3959252561972972,-0.9093857437245927,-0.0010284460034666733,-1.2486364151055042e-05,0.4159525348562961,0.36125984582755555,0.20298459380255443,0.23267095141692956,0.0014408059541892726,0.0056767044952721335,0.11006776549038477,12929,720000000,31.8,0,2,2,-6.467401701370327,-7.119915807864323,3.312348241247366,-6.467401701370327,-7.119915807864323,3.312348241247366,352.450252532959
-2.587688488810457,-6.312370041007844,5.089729660701031,-6.479130077101694,-4.965835709317043,3.479388534890021,-0.9163200068281794,-0.0017229551293687089,-0.0008054119421844804,0.4004422902537026,0.3689833209682073,0.18414756938197419,0.25792880936339513,0.0028683642767646234,0.005700983138012816,0.08693654817761853,12930,106000000,34.1,0,2,2,-6.349889522992417,-7.1255997613654,3.3831849720267173,-6.349889522992417,-7.1255997613654,3.3831849720267173,353.37825298309326
-2.5009689450623167,-6.19976728578174,5.268466531635305,-6.341181984892245,-5.0187037203823,3.5764823348320087,-0.921732932747185,-0.0025508373958536665,-0.001601513432782309,0.387813523581344,0.3687378390113884,0.17115816685582871,0.2828018835588696,0.002495604917385208,0.005668254925694782,0.06489839579444379,12930,410000000,36.14,0,2,2,-6.227664994744202,-7.123524836857094,3.469576320324771,-6.227664994744202,-7.123524836857094,3.469576320324771,354.3729946613312
-2.4279194119657,-6.075168805990385,5.44504186791263,-6.1454468842775745,-5.092044047725818,3.731709006091302,-0.9240189681365494,-0.0032253045764371836,-0.0029441834569225193,0.38232169140401595,0.3566169354471036,0.16878308955506532,0.31667468780886565,-0.0017972335513150028,0.005608465244222316,-0.03004119553224882,12930,745000000,37.82,0,2,2,-6.1006833479584355,-7.114764756885199,3.5712826660196906,-6.1006833479584355,-7.114764756885199,3.5712826660196906,355.6528778076172
-2.368868910916664,-5.939336404381105,5.61803398874989,-5.968261688477735,-5.1538832471080225,3.889105710399878,-0.9175180443672732,-0.002564210991303168,-0.004416444903014459,0.39766136108108974,0.33521844435929266,0.18371079143402697,0.34383014158383324,-0.00838132000353653,0.003211984630979714,-0.11900521276402287,12931,68000000,38.63,0,2,2,-5.9200837423579005,-7.094608779820299,3.7335431342953203,-5.9200837423579005,-7.094608779820299,3.7335431342953203,356.9202079772949
-2.306954036853975,-5.716401284042254,5.867767478235114,-5.823118707775296,-5.194098452150819,4.030327781829672,-0.9062865072412232,-0.0017329242451002923,-0.005842155059612981,0.4226199628393392,0.2675744383325008,0.24287125067530585,0.37318252696025056,-0.009970818064175546,0.008550686743546976,-0.15542872715741396,12931,393000000,36.79,0,2,2,-5.754630950692309,-7.07165719842245,3.897569488162577,-5.754630950692309,-7.07165719842245,3.897569488162577,357.9627523422241
-2.2835149731391997,-5.556359638266128,6.025798554811816,-5.700470859983316,-5.195601536453847,4.161147628188358,-0.8942303747830391,-3.472280856027087e-05,-0.007890319693263991,0.44753746040398656,0.17846258323389746,0.3081428772309519,0.4043043099541393,-0.01902622407214949,0.0033337802733512945,-0.16928818949963897,12931,760000000,33.7,0,2,2,-5.617507762955154,-7.05103177471398,4.043026131663506,-5.617507762955154,-7.05103177471398,4.043026131663506,358.9171402454376
-2.2742242237043486,-5.388362463517386,6.175570504584939,-5.56486887991915,-5.164564811329715,4.31898910658029,-0.8791508857191916,0.003097915103932117,-0.009549787565154073,0.476437744745974,0.08868645000707981,0.35344439303992,0.4356317032839313,-0.018819862270902377,-0.0033064760373235913,-0.1700549022643827,12932,78000000,30.68,0,2,2,-5.5012553490867795,-7.0398259951552795,4.171957700796629,-5.5012553490867795,-7.0398259951552795,4.171957700796629,359.9628052711487
-2.2788285262904413,-5.213475002407638,6.315877451879423,-5.418737164716039,-5.102509755514746,4.504747498695194,-0.8619023151361433,0.006011502091512772,-0.010197624518127127,0.5069361591559107,0.010702380670757194,0.37273140259710635,0.461299840750374,-0.010340237440686906,-0.005971855080133537,-0.16067583492258564,12932,428000000,27.22,0,2,2,-5.369945160194704,-7.057726551842917,4.322539872866328,-5.369945160194704,-7.057726551842917,4.322539872866328,361.0308005809784
-2.2969429936938752,-5.032797560119191,6.4455897276547764,-5.297862058268667,-5.036739700118829,4.6704517077988115,-0.8481453128736667,0.007845892502458271,-0.009882522240864165,0.5296133551709479,-0.022680731590712943,0.3621443380062859,0.4722975820505863,-0.0040311316297447775,-0.010442347775097005,-0.1136147700890433,12932,778000000,23.55,0,2,2,-5.2250723966729735,-7.104839496696943,4.494935305689741,-5.2250723966729735,-7.104839496696943,4.494935305689741,362.01640725135803
-2.328053348328999,-4.8474529870219545,6.563662964936058,-5.1899502581221455,-4.979618669103105,4.828278913856134,-0.8404915602244104,0.009263625407914014,-0.008467987653354872,0.5416792552986874,-0.0069733652097237146,0.32737437054348606,0.47024516938682315,-0.001589210467045632,-0.01740390289342031,-0.041396526648895815,12933,124000000,20.77,0,2,2,-5.102797640771547,-7.156562027324281,4.646788711420694,-5.102797640771547,-7.156562027324281,4.646788711420694,362.9463188648224
-2.3715195586141586,-4.6585740796424515,6.6691465074425995,-5.0951211098102815,-4.941540325640141,4.975031949810361,-0.8388776459696093,0.01020609459061747,-0.006128079471675995,0.5441898357813043,0.02830535046853592,0.2910076009061763,0.46201560554251564,0.005966354819975095,-0.011671122138068313,-0.005316537044564029,12933,450000000,19.28,0,2,2,-4.990782435968765,-7.200779259577936,4.793238726706507,-4.990782435968765,-7.200779259577936,4.793238726706507,363.8719129562378
-2.4265808491002945,-4.467291041887107,6.761191063713475,-4.995232431384806,-4.913432201459977,5.137182568897259,-0.8387747216150455,0.009618478694096875,-0.004331341810411449,0.5443764237412708,0.052791359674673945,0.26186103174491004,0.45108931338199076,0.00923024736039224,-0.002301557719874836,-0.0020165951355011202,12933,796000000,18.97,0,2,2,-4.891183340200278,-7.218387807188162,4.932426388693805,-4.891183340200278,-7.218387807188162,4.932426388693805,364.804030418396
-2.492362041105416,-4.274719146831802,6.839055545102903,-4.886351274831096,-4.891519633877439,5.321870160850774,-0.8381631179524687,0.007909777794460109,-0.003411139547387226,0.5453516179919398,0.061955423439850485,0.23987277293236103,0.43762725062359403,0.008860830075718695,0.0029563916086772224,-0.010489486885489896,12934,151000000,18.9,0,2,2,-4.786949985943944,-7.209917977721213,5.0903731509498416,-4.786949985943944,-7.209917977721213,5.0903731509498416,365.85199427604675
-2.56788116587496,-4.081946736232923,6.902113032590306,-4.81280074122084,-4.87918510294461,5.450651341645541,-0.8371354333079835,0.006580908188667893,-0.0031745324046870025,0.5469468715439176,0.06124343026304223,0.22937078959463436,0.4278602794015208,0.006342820370264235,0.004306257324060425,-0.016059034169302322,12934,662000000,18.66,0,2,2,-4.675592595058075,-7.169920357873817,5.274483013765711,-4.675592595058075,-7.169920357873817,5.274483013765711,366.76281929016113
-2.6089585330799085,-3.985815231137935,6.927925721391705,-4.728656598632762,-4.865034696755611,5.60110569888347,-0.8351939795677916,0.0052830299996956985,-0.0033531256988836603,0.5499198692862306,0.05244412251635765,0.22003151287258188,0.41333409716723546,0.003963537801610073,0.005117465161674772,-0.023696781136095524,12935,147000000,18.37,0,2,2,-4.601903027403996,-7.1270830485898875,5.404332646255404,-4.601903027403996,-7.1270830485898875,5.404332646255404,367.70082807540894
-2.6970317281683824,-3.7946955447527406,6.967859177197259,-4.6489054700597805,-4.849341184517998,5.7459778317329855,-0.8326101136901348,0.004223846156210707,-0.0036323622593554864,0.5538315300242179,0.03974293167552386,0.21271929186936278,0.3965094834837801,0.0037572124256257666,0.003672687125799712,-0.02795480268105166,12935,536000000,17.87,0,2,2,-4.519126246771743,-7.064515658644746,5.556532186996235,-4.519126246771743,-7.064515658644746,5.556532186996235,368.6174428462982
-2.7919812859434368,-3.605904202557586,6.9919485879904775,-4.577330690613123,-4.832232114389072,5.877121607827021,-0.8298056547732885,0.003455036521570039,-0.003744092388003647,0.5580292284469502,0.025967561772003923,0.20689260685013472,0.3791911207287629,0.002348883845115779,0.002848603230631852,-0.03255446281400509,12935,886000000,17.25,0,2,2,-4.441797660176782,-6.993291036723515,5.70292177666531,-4.441797660176782,-6.993291036723515,5.70292177666531,369.51283740997314
-2.8925279504904227,-3.420348690478687,7.0,-4.501646573266821,-4.8093539565711145,6.016448858983508,-0.8260304528103795,0.002855581959136805,-0.00393238714925376,0.5636045360116104,0.007359700386390609,0.20066420724902603,0.3578287057387711,0.001251159642379207,0.0024419664214292425,-0.03887682578351814,12936,263000000,16.61,0,2,2,-4.3734372341437435,-6.9198143897550315,5.83503169433526,-4.3734372341437435,-6.9198143897550315,5.83503169433526,370.4884328842163
-2.997333443662269,-3.2388631318613967,6.9919485879904775,-4.437917446918095,-4.784718754748901,6.1340539906116405,-0.8220563985570694,0.002479483555745258,-0.004132517047415718,0.5693856795314843,-0.011276871827837577,0.1949000290588923,0.3372548888306681,0.0002605628495189194,0.0022502284991787747,-0.04415086223161779,12936,690000000,15.79,0,2,2,-4.302465834037544,-6.831068427808936,5.974774189058658,-4.302465834037544,-6.831068427808936,5.974774189058658,371.3799855709076
-3.1050134496039394,-3.062200315950648,6.967859177197259,-4.371339438863443,-4.751831420157667,6.256824079633436,-0.8169324237383846,0.002183212253476581,-0.004440484259381509,0.5767121732101088,-0.03391681157314476,0.1878156706256463,0.31147939655876644,-0.0001355133015579213,0.0022268990278462297,-0.05064159813628066,12937,34000000,14.95,0,2,2,-4.243371655810145,-6.74796791631627,6.092489221354046,-4.243371655810145,-6.74796791631627,6.092489221354046,372.2846064567566
-3.159489538528554,-2.9758887181581546,6.949855824363648,-4.312886397266618,-4.7146630744444655,6.363722565605167,-0.8113160587149988,0.001828152465228733,-0.004718318813469112,0.5845858775212576,-0.06131670326048054,0.1816050732542277,0.28485465052535186,0.0008755977830787742,0.0028596061156349606,-0.05803813073725905,12937,389000000,13.87,0,2,2,-4.179806649387628,-6.667234843942847,6.218344339663507,-4.179806649387628,-6.667234843942847,6.218344339663507,373.2311942577362
-3.2688185343304266,-2.807676829038037,6.9021130325903055,-4.259379358401633,-4.667326346495135,6.460862673150642,-0.8045663861774649,0.0011095082600626597,-0.005009109960653534,0.5938405577612201,-0.1073930837169212,0.17856562648187208,0.25683415200342624,0.002953725584120548,0.005146255170984659,-0.0726336715160869,12937,708000000,12.68,0,2,2,-4.120758066847797,-6.612144346052661,6.332476982930196,-4.120758066847797,-6.612144346052661,6.332476982930196,374.1769824028015
-3.377449994611429,-2.645771201865616,6.8390555451029025,-4.206092762815421,-4.594259073992959,6.556962207932151,-0.7949573761573454,3.8115576391030415e-05,-0.005309259954482931,0.6066420529430576,-0.1725673864983504,0.17462819760058496,0.22344169556993285,0.003353379133841372,0.002678527152966126,-0.08711676127859391,12938,69000000,11.27,0,2,2,-4.063172773291856,-6.574500505958848,6.44025391839522,-4.063172773291856,-6.574500505958848,6.44025391839522,375.20165824890137
-3.4839479668973814,-2.4905929928344888,6.761191063713474,-4.140219921548821,-4.4546494188638075,6.671626638660886,-0.7790540630097901,-0.0004159776495489889,-0.004538855476537126,0.6269401826821247,-0.233014602360306,0.15617747306996752,0.17062569525827867,0.0033537869740030146,-0.004037701046399889,-0.08801099975244142,12938,492000000,9.34,0,2,2,-4.002320939257118,-6.544178493950976,6.549302007960322,-4.002320939257118,-6.544178493950976,6.549302007960322,376.50570344924927
-3.636600424746965,-2.271106325832519,6.6180339887498985,-4.100782043393918,-4.3483824822992485,6.733224265520032,-0.7680765992887417,-0.00031428189127686505,-0.0035059371373703414,0.6403483015177935,-0.24362575638193715,0.138313895516243,0.13436122319935645,0.001993118780774239,-0.0059338598020985955,-0.08359240091522224,12938,801000000,6.33,0,2,2,-3.921946644864859,-6.508661351609707,6.683122138060134,-3.921946644864859,-6.508661351609707,6.683122138060134,377.54347467422485
-3.731633525847707,-2.133908113317202,6.506142932007231,-4.069240235271128,-4.25481997922868,6.7753598055670885,-0.7586070401576298,-3.3499630024119665e-05,-0.002559410284496553,0.6515434037115643,-0.2414385380640644,0.11882074961379221,0.09644564141422027,0.0014361688045028131,-0.0047045055907801725,-0.07914922462077811,12939,145000000,4.37,0,2,2,-3.8722154367113117,-6.485410440190557,6.757692875178755,-3.8722154367113117,-6.485410440190557,6.757692875178755,378.4940185546875
-3.819740229463986,-2.0040913610163287,6.382125297973734,-4.042343230364786,-4.163543344340634,6.802489544561741,-0.7495825140180588,6.628522013243238e-06,-0.0018190722059849079,0.6619084117993506,-0.24197304218932744,0.09847368995837866,0.053274670528410374,0.002993923862959491,-0.0024711727746762335,-0.07171007455326617,12939,511000000,2.77,0,2,2,-3.8300326048432165,-6.458201207738896,6.814048732829196,-3.8300326048432165,-6.458201207738896,6.814048732829196,379.43500328063965
-3.8996756945484794,-1.88160897585772,6.246979603717477,-4.021429177301755,-4.077801190266047,6.81353042515043,-0.7419447713397629,-0.0002814227401427223,-0.001288923144903603,0.670459704799591,-0.2465058259812118,0.08050123281827475,0.010894071556746234,0.003196691727680445,-0.0005042046439029946,-0.061523710610345006,12939,861000000,1.64,0,2,2,-3.799359226951081,-6.409728659922429,6.8494844379143816,-3.799359226951081,-6.409728659922429,6.8494844379143816,380.38154006004333
-3.9702748851199168,-1.766313739927293,6.10179396290421,-4.003874535968833,-3.98574519275343,6.80929889014351,-0.7351344682604917,-0.0008047911785247439,-0.0009401340091271553,0.6779201885432884,-0.25438450412966,0.06337805939651188,-0.035186342481710445,0.0034338902651143144,0.0009792629953153664,-0.04934290627716109,12940,229000000,1.56,0,2,2,-3.777019216819877,-6.326478057419946,6.867828190532255,-3.777019216819877,-6.326478057419946,6.867828190532255,381.30401945114136
-4.030464823432771,-1.657962363799749,5.947737324945996,-3.991902036684846,-3.9018950743692047,6.791677205167048,-0.7302572532678527,-0.001337683202623587,-0.0008016269650811629,0.6831704853457513,-0.2627219779938403,0.04996903915127904,-0.07566808332312261,0.0021990178765918245,0.0015609348338330165,-0.03910006344085559,12940,576000000,2.29,0,2,2,-3.7612325291288,-6.2060520336314635,6.867740405621182,-3.7612325291288,-6.2060520336314635,6.867740405621182,382.1265094280243
-4.05634901152925,-1.6062895774554242,5.867767478235119,-3.9826266574194595,-3.8100785005962146,6.759093262840814,-0.7262651799987675,-0.001756128549884018,-0.0008165825940200223,0.6874119125580681,-0.2724485643479388,0.03728334750023027,-0.11635399052448522,0.000861555145093007,0.001109783897845773,-0.028467570518841967,12940,940000000,3.0,0,2,2,-3.7525305153551245,-6.078750130496074,6.850877053740047,-3.7525305153551245,-6.078750130496074,6.850877053740047,382.94515347480774
-4.099142395547844,-1.5077006649126659,5.702749648162695,-3.9765653590178127,-3.7152322666638438,6.713612733716278,-0.7234486314155307,-0.0019771868319390486,-0.0008583742179127193,0.6903748486358184,-0.2813223266437532,0.02662524753655505,-0.15092218252321574,0.0005631784119941585,0.0003709439994281638,-0.018951026868307963,12941,303000000,3.63,0,2,2,-3.7472395625047623,-5.933338148854458,6.81686605952686,-3.7472395625047623,-5.933338148854458,6.81686605952686,383.8623585700989
-4.129319096968019,-1.415063612902056,5.532073691133353,-3.9731167797847466,-3.6120255849692904,6.654081520744127,-0.7215962542815434,-0.002030057739910795,-0.0008182966118467389,0.6923106636930229,-0.2890714362041362,0.017381334855783682,-0.18102929440668988,0.00011485777733355462,-0.0011217362043680623,-0.010295467563992133,12941,659000000,4.1,0,2,2,-3.744391213254953,-5.78709436092817,6.768991215779827,-3.744391213254953,-5.78709436092817,6.768991215779827,384.74083828926086
-4.139462293312903,-1.3708134069182165,5.445041867912635,-3.972377822180845,-3.506307440827539,6.584329357207025,-0.7207113624108147,-0.001880102746683049,-0.000651462659195095,0.6932324090101479,-0.2958862232651021,0.009732567056363457,-0.20792742204101783,1.6657769030814507e-05,-0.00195749594240624,-0.0034401380389681435,12942,64000000,4.44,0,2,2,-3.7427734026528396,-5.641470280847465,6.706311743828142,-3.7427734026528396,-5.641470280847465,6.706311743828142,385.57857370376587
-4.149503567518681,-1.286085825431384,5.26846653163531,-3.9741937674963164,-3.392501858891319,6.500830741342897,-0.7206183802930334,-0.001682046933884507,-0.0004285659576852024,0.6933297462486209,-0.3005955612268508,0.003455088598845428,-0.23162589187702412,0.00021768779703279506,-0.0013966865026304731,0.002222895045633777,12942,638000000,4.62,0,2,2,-3.741644459963956,-5.512457275201903,6.633669696065008,-3.741644459963956,-5.512457275201903,6.633669696065008,386.46541476249695
-4.145513161777275,-1.2058607972548092,5.089729660701036,-3.977623216510159,-3.289782063181618,6.419300612461695,-0.7210846549713914,-0.0016195209690018546,-0.0002881861050147242,0.6928450147510545,-0.3021830705224295,-0.0005938304262597756,-0.24937280283727,0.0006432825898627925,-0.00066956659452444,0.0059605583373922855,12943,58000000,4.68,0,2,2,-3.7406136898182836,-5.396486938444954,6.547356140545137,-3.7406136898182836,-5.396486938444954,6.547356140545137,387.340128660202
-4.127171209594953,-1.129461068046768,4.910270339298969,-3.9824086226964126,-3.1868815971445508,6.331770262506749,-0.7219361487824327,-0.0016880437371378358,-0.00018961243257938965,0.691957593813852,-0.3019342913202251,-0.0033859961806885267,-0.2668245262936827,0.0010230471502836735,0.00032054840346518176,0.008289327615784714,12943,422000000,4.63,0,2,2,-3.7398607603693397,-5.308738820168095,6.461412414720553,-3.7398607603693397,-5.308738820168095,6.461412414720553,388.2530879974365
-4.112558682368897,-1.0924725680962926,4.820721382193136,-3.9888597268859476,-3.0723898761262367,6.226928118524683,-0.7231150235669176,-0.0019088625871745333,-0.00022280566645297047,0.6907249592226087,-0.29969966433825596,-0.004873973595547032,-0.2865843654876163,0.0005235054686636431,0.0013754425935985637,0.009589139426680049,12943,769000000,4.49,0,2,2,-3.7393262330711017,-5.233581819083621,6.366676168719994,-3.7393262330711017,-5.233581819083621,6.366676168719994,389.1968972682953
-4.072412920050574,-1.0204542273092634,4.642886210402723,-3.9958982137580357,-2.959027652279634,6.114833050799874,-0.7244123160309732,-0.0022490975159203735,-0.00043262691553422165,0.6893631486937468,-0.2954351773946802,-0.004909379341548761,-0.30402579611084424,0.0006637940202836035,0.00275509305538435,0.010170868881687056,12944,112000000,4.28,0,2,2,-3.7388048055644196,-5.161548146753304,6.250738755360373,-3.7388048055644196,-5.161548146753304,6.250738755360373,390.137752532959
-4.017766101374163,-0.9504119460020631,4.4679263088666525,-4.001901895144457,-2.8650228858980578,6.015907278670654,-0.7255260927310192,-0.0026515820057807977,-0.0007064721234820563,0.6881891882153235,-0.29048640001867176,-0.003884485538506559,-0.3165344368794506,0.0007679277416627883,0.003042964726773789,0.009740094083099393,12944,458000000,4.06,0,2,2,-3.738144418898377,-5.099042200781532,6.124904197818293,-3.738144418898377,-5.099042200781532,6.124904197818293,391.04436349868774
-3.948822121993608,-0.881571664037269,4.29725035183731,-4.008526015672699,-2.7554602302072775,5.893358510316447,-0.7267008783920607,-0.0031161346129016296,-0.0010454796568039062,0.6869461623894325,-0.2836621228603301,-0.0010071106971582101,-0.33116227346431165,0.00038667575381623465,0.002857904519260046,0.007848486075090477,12944,786000000,3.88,0,2,2,-3.7375631500739357,-5.049730640349146,6.011981335213707,-3.7375631500739357,-5.049730640349146,6.011981335213707,391.92736768722534
-3.8659345079668777,-0.8131560895451824,4.1322325217648865,-4.01343280451002,-2.6594766335722393,5.779177683272694,-0.7275220551232211,-0.0034322187696798016,-0.001376020945230476,0.6860743296101084,-0.277580948595899,0.0029853626011833415,-0.3441128592652368,-0.0005494759477642219,0.0025136542944892426,0.006101361395849381,12945,135000000,3.71,0,2,2,-3.7379443595875843,-4.981755333197492,5.871641194243745,-3.7379443595875843,-4.981755333197492,5.871641194243745,392.82693576812744
-3.769603625192266,-0.7443956384154116,3.974201445188184,-4.017326097641529,-2.537940965186203,5.6248952894945345,-0.7282046260855847,-0.003707460992055756,-0.0018487253234338544,0.6853472546784035,-0.2698662382154822,0.010656115566101337,-0.3605596856213035,-0.0003764612273471357,0.0023729894110147143,0.0025363808390466147,12945,475000000,3.63,0,2,2,-3.7407023608708716,-4.896660891225084,5.743465194252029,-3.7407023608708716,-4.896660891225084,5.743465194252029,393.8213257789612
-3.6604723982639324,-0.6745392031231582,3.824429495415056,-4.0178451968539015,-2.440637483560419,5.493712096346787,-0.7283604774431385,-0.0039057182661475813,-0.0022219313690166,0.6851794095597299,-0.26390069761913654,0.017797838386150615,-0.3724643732457103,-0.0010078337140839722,0.0022193702761796885,-0.0004406558730352117,12945,830000000,3.58,0,2,2,-3.74747344330885,-4.746934919297014,5.577301599102626,-3.74747344330885,-4.746934919297014,5.577301599102626,394.6941795349121
-3.601345169102129,-0.6389729068050737,3.753020396282527,-4.015864793093744,-2.35570138513094,5.373728581198387,-0.7281609663847193,-0.004036846190492181,-0.0025711246967737296,0.6853894514976866,-0.2583486950552196,0.025335241108676243,-0.3814457414643352,-0.001267470952370786,0.0022104918798504514,-0.0037600785162794637,12946,201000000,3.57,0,2,2,-3.754151979659236,-4.598671452321798,5.4426402602610615,-3.754151979659236,-4.598671452321798,5.4426402602610615,395.5168299674988
-3.474516308950366,-0.5661302442712226,3.61787470202627,-4.010355613196823,-2.262116503434967,5.236014734496239,-0.7274796299871459,-0.004161528446272645,-0.002991018581941812,0.6861101394401622,-0.25122325798368944,0.0343487918260179,-0.3872819749576687,-0.0014943304449843708,0.002348200632695807,-0.007257456809384166,12946,575000000,3.58,0,2,2,-3.759687822231141,-4.454648818564078,5.324225213521616,-3.759687822231141,-4.454648818564078,5.324225213521616,396.4327042102814
-3.3370770889519026,-0.49046227742735693,3.4938570679927823,-4.0007418540268995,-2.16585313922814,5.089303927581392,-0.7263139801397792,-0.004235504812170423,-0.003433909394698484,0.6873414515499318,-0.24400244978756608,0.0440871730378592,-0.3901334401861889,-0.0015257381505762169,0.0015245360941662511,-0.011261714371357812,12946,916000000,3.65,0,2,2,-3.7632803072756156,-4.293186663351309,5.190503924020565,-3.7632803072756156,-4.293186663351309,5.190503924020565,397.34817814826965
-3.1901152907940897,-0.41136190002975215,3.381966011250113,-3.9867615087307238,-2.071786714559998,4.941679072838275,-0.7245940332865319,-0.004238009000962159,-0.003701334761645255,0.6891529774485823,-0.2381907954351516,0.054827050885525974,-0.3918617258146574,-0.0007146167092741962,0.0006534021053994366,-0.015348573833762202,12947,258000000,3.8,0,2,2,-3.7613096484862445,-4.142285365181805,5.045153928450975,-3.7613096484862445,-4.142285365181805,5.045153928450975,398.2329478263855
-3.113432725201406,-0.3703514213601768,3.330853492557396,-3.970213907318162,-1.9891860323761146,4.809319160800426,-0.7226055348123089,-0.004254955283072749,-0.0037655913702465717,0.6912372651527029,-0.23393395958835833,0.06483366173613894,-0.3917755174828878,-0.00015974006828400888,0.00016568451002285656,-0.0190685104826116,12947,627000000,4.07,0,2,2,-3.7519344121683726,-4.020844931154491,4.893384734751566,-3.7519344121683726,-4.020844931154491,4.893384734751566,399.1126878261566
