x_ref,y_ref,z_ref,x,y,z,eta,e1,e2,e3,u,v,w,p,q,r,sec,nanosec,angle2,angle3,control_mode,std_test,x2,y2,z2,real_x2,real_y2,real_z2,time
0.0,0.0,5.0,0.3876141377039372,1.121563022022478,5.040368938048698,-0.7377449100186293,0.002809870497286805,-0.003530840097602896,0.67506450472351,0.1016251767578545,-0.05290857644254093,-0.02808557647178827,0.0015470520452254277,-0.0011217521432627109,-0.018636570894159377,13333,689000000,5.42,0,2,4,0.5056716280302466,-1.1150468085214218,4.852282115038257,0.5056716280302466,-1.1150468085214218,4.852282115038257,8.416175842285156e-05
0.0,0.0,5.0,0.3798817154869722,1.101644436011007,5.035421975362799,-0.7365906904643954,0.0027698862400860917,-0.003370196872792889,0.6763247180344961,0.11072102687940735,-0.051525308743368824,-0.027558470082242003,0.0014267718370319926,-0.0010658401492946723,-0.01921921575558372,13333,961000000,5.19,0,2,4,0.4930324172428175,-1.0977817992446541,4.85769250503797,0.4930324172428175,-1.0977817992446541,4.85769250503797,0.4108920097351074
0.0,0.0,5.0,0.3708496867644419,1.0754287275325212,5.029530943672124,-0.7351354988921144,0.002715475484876269,-0.0031900151155609424,0.6779072563891726,0.11925783118674123,-0.04973460033239856,-0.02662467067428958,0.0014510679989143682,-0.0008653635518385272,-0.019733302542590536,13334,171000000,4.96,0,2,4,0.4820020108596326,-1.0803884022151014,4.862765121671694,0.4820020108596326,-1.0803884022151014,4.862765121671694,0.8272252082824707
0.0,0.0,5.0,0.3629780754533907,1.0502777604644693,5.024376604503339,-0.733797589036143,0.002660373488845587,-0.003038297253421085,0.6793561580551422,0.12481592967344154,-0.048247578610447754,-0.025564380415111082,0.001407347019721783,-0.0007771476816742506,-0.01969062395801302,13334,402000000,4.69,0,2,4,0.4689512049060206,-1.057266348503307,4.8691024277716775,0.4689512049060206,-1.057266348503307,4.8691024277716775,1.2504174709320068
0.0,0.0,5.0,0.35538599093797046,1.0242421179069894,5.0194294784474796,-0.7324675642882155,0.002603507124270434,-0.0028940111096548973,0.680790800258082,0.12879743634963944,-0.04669992015361968,-0.024521860604761588,0.0013576947935689532,-0.0007111173999874154,-0.019446303122094832,13334,608000000,4.44,0,2,4,0.45743536939020485,-1.0346652448366038,4.87492190634574,0.45743536939020485,-1.0346652448366038,4.87492190634574,1.7004761695861816
-0.007994025752217304,0.06280566511082372,5.0,0.3451480804540827,0.9872411599849715,5.01291082797072,-0.7306940525466198,0.002524148579444071,-0.0026975255412653703,0.6826950663384793,0.12369202613040142,-0.04454805153472352,-0.022347776841987434,0.0013809699680678023,-0.0008477780738758156,-0.016104090354929212,13334,834000000,4.19,0,2,4,0.4462072917931896,-1.010697314748205,4.880695044687081,0.4462072917931896,-1.010697314748205,4.880695044687081,2.2472410202026367
-0.01697820740838507,0.1255483960083878,5.0,0.3349434442029385,0.956134311171812,5.007197066046104,-0.7294947568859554,0.0024722839282045306,-0.002486939004929319,0.6839774138248019,0.0821302850607981,-0.04266900568537969,-0.018747185299469307,0.001321919569363672,-0.0009087782927963417,-0.0064408253365400014,13335,27000000,3.85,0,2,4,0.43090344408910497,-0.9752043376780817,4.888574366955263,0.43090344408910497,-0.9752043376780817,4.888574366955263,2.7933735847473145
-0.026955524430023026,0.18821223430714068,5.0,0.32392036033303145,0.9441359392098725,5.0027190988005,-0.7294809674863213,0.0024041840217708735,-0.002303478560086304,0.683993005783636,-0.0023486277984060633,-0.04131281965099115,-0.013887093828403498,0.0012797249723917048,0.00013260646838375578,0.005021499691792997,13335,236000000,3.56,0,2,4,0.416042781471905,-0.9424211521325933,4.895775036504233,0.416042781471905,-0.9424211521325933,4.895775036504233,3.313828945159912
-0.03792871608951609,0.2507810623072051,5.0,0.31161085306138686,0.9572071634247711,4.999607176524173,-0.7303119212650951,0.0022083176538348873,-0.0022838284268604293,0.683106437620772,-0.09070865646861517,-0.04017677783078564,-0.009314165273702322,0.0008863810876391653,0.0014270295196183724,0.011324096976750297,13335,429000000,3.36,0,2,4,0.40180450299868664,-0.925263882586278,4.901284425533639,0.40180450299868664,-0.925263882586278,4.901284425533639,3.8304522037506104
-0.04990027644803874,0.3132386055305398,5.0,0.2990721277220861,0.9893822164008492,4.997708390279124,-0.7314639611092965,0.0019787428226897066,-0.0023601445186491434,0.6818731464817999,-0.15777868140942228,-0.03897425697244302,-0.0062635647482301065,0.001096996879823564,0.002021463751589181,0.014582917174266186,13335,625000000,3.23,0,2,4,0.38819038231326297,-0.9295883631501465,4.904621907139801,0.38819038231326297,-0.9295883631501465,4.904621907139801,4.3512091636657715
-0.06287244931678915,0.37556843537659224,5.0,0.28460998751427197,1.041045474902508,4.996412047562726,-0.7329792296924722,0.001660176652860139,-0.0024832667926812713,0.6802444604985385,-0.2094485153374336,-0.03723179496641945,-0.004075825317629083,0.0012485640240811335,0.002453355864417972,0.016373478683817666,13335,803000000,3.18,0,2,4,0.3758699748366369,-0.9500590458132149,4.906058188856004,0.3758699748366369,-0.9500590458132149,4.906058188856004,4.879941701889038
-0.07684722320348403,0.4377539718994975,5.0,0.26869608998292177,1.1060000827738456,4.995601562058378,-0.7345591424552271,0.0012967731112854901,-0.0026107101834436553,0.6785384062875714,-0.21181859317706792,-0.03557255350328707,-0.0029723034653211123,0.0013259848287816567,0.0016485932860632602,0.012099594641767908,13336,6000000,3.22,0,2,4,0.3627357640402146,-0.9857297492140734,4.906172878088175,0.3627357640402146,-0.9857297492140734,4.906172878088175,5.4455931186676025
-0.09182632624610987,0.49977848670888325,5.0,0.2545484859389367,1.1578528183211418,4.994917919644292,-0.7354158551312201,0.001087376401451407,-0.0025917265030524516,0.6776102276293586,-0.1635120557015862,-0.03549605261619742,-0.0033248715836998836,0.001193387276998692,-5.6963630967743484e-05,0.0069324627929745475,13336,201000000,3.32,0,2,4,0.34869651129549867,-1.0331686979215855,4.905127116673935,0.34869651129549867,-1.0331686979215855,4.905127116673935,5.9781482219696045
-0.10781122113602892,0.5616251059963305,5.0,0.24510366996884286,1.1854671216647132,4.994276241439876,-0.7358185733174416,0.0010565513937507297,-0.002466209326617438,0.6771734110785761,-0.12268338128483328,-0.03586583490179914,-0.004041138454192284,0.0009845383942774788,-0.001057498866430251,0.0052521251291182125,13336,393000000,3.41,0,2,4,0.33548930606371397,-1.0730729885229595,4.904157204417474,0.33548930606371397,-1.0730729885229595,4.904157204417474,6.43945574760437
-0.12480310003259198,0.6232768136895412,5.0,0.23529561829482468,1.2070941403932924,4.9933919917058125,-0.7361474342197996,0.0010813300251162183,-0.002297505565269769,0.6768164502176053,-0.08370588333336322,-0.03652260358388865,-0.0047190370796806455,0.000784918080398711,-0.0013527359215004253,0.003594015561247943,13336,597000000,3.46,0,2,4,0.3258285711327107,-1.0900314556483912,4.904001295888286,0.3258285711327107,-1.0900314556483912,4.904001295888286,6.845094680786133
-0.14280287947149173,0.6847164547362532,5.0,0.22764285412737292,1.21898892352371,4.992548589313974,-0.736288083787309,0.0011154541731832422,-0.0021661660396002595,0.6766638169427185,-0.05728435846528255,-0.03701759537013976,-0.005207755632087035,0.0006482112098638027,-0.0012794859117093438,0.0014426611755880003,13336,815000000,3.52,0,2,4,0.3149739988730756,-1.0963146372048,4.904433167006289,0.3149739988730756,-1.0963146372048,4.904433167006289,7.253850698471069
-0.16181119526917875,0.7459267385199392,5.0,0.21945090241667853,1.2271900780788436,4.991502944473301,-0.7363003902732168,0.0011538015737458996,-0.0020387440444750342,0.6766507574429796,-0.03327412366541101,-0.03760912823395979,-0.005690302712594507,0.0005226707628480654,-0.001117310864628962,-0.0007157093193654873,13337,97000000,3.55,0,2,4,0.3059342653908077,-1.0925507584363872,4.905216708396584,0.3059342653908077,-1.0925507584363872,4.905216708396584,7.6486077308654785
-0.18182839742572066,0.8068902424093126,5.0,0.21228323615138336,1.2309232090879731,4.99049605551736,-0.7361718879954654,0.0011853403084645321,-0.0019413217831677427,0.6767907930544558,-0.016160060502876106,-0.03816326823905174,-0.005880280598399709,0.0004321538540352776,-0.0009686283988230571,-0.0030565309316443745,13337,366000000,3.57,0,2,4,0.29573840777549243,-1.080094152523899,4.90647151896984,0.29573840777549243,-1.080094152523899,4.90647151896984,8.045188665390015
-0.20285454502857725,0.867589415443657,5.0,0.20447016305082172,1.2319090545925682,4.989335504848701,-0.7358964483376338,0.0012160717546487103,-0.001850211291504506,0.6770904778622429,-0.0014551437339991465,-0.03877600529166387,-0.006064706267434957,0.0003583075482538334,-0.0008170858620815125,-0.004782258793056826,13337,646000000,3.57,0,2,4,0.28643616964993174,-1.0622759819291137,4.9078514604587795,0.28643616964993174,-1.0622759819291137,4.9078514604587795,8.445075988769531
-0.22488940115985745,0.9280065821559788,5.0,0.19595736382894402,1.230140855214719,4.988029891867641,-0.7354841710717475,0.0012354128289501511,-0.0017521871036672,0.6775385138118719,0.010031012031816444,-0.0395657174199323,-0.006123317394918608,0.00043918086589656014,-0.0007443943786711316,-0.00611643549746077,13337,923000000,3.54,0,2,4,0.27597753001671393,-1.036320145149956,4.9095986364211806,0.27597753001671393,-1.036320145149956,4.9095986364211806,8.871861696243286
-0.24793242780967706,0.9881239465359675,5.0,0.1874433498125132,1.2263068323229296,4.986711264874599,-0.7349778998390968,0.0012532242124026426,-0.0016687286281092612,0.6780878494132965,0.01763413815923843,-0.040306034412122826,-0.006143440256668664,0.0003528241904859897,-0.0005952817673460231,-0.007257269999172422,13338,201000000,3.51,0,2,4,0.26434041789829027,-1.0016641611209847,4.911666340105245,0.26434041789829027,-1.0016641611209847,4.911666340105245,9.293168067932129
-0.2719827807983455,1.0479235961347382,5.0,0.1788687812423533,1.2211794057477616,4.98541553592893,-0.7344095057249677,0.001260097169627386,-0.0016095292144490392,0.678703543140626,0.022027679041254973,-0.04102920658948988,-0.005952471184365038,0.0002859280755274085,-0.0003572444796873242,-0.007846279277146095,13338,475000000,3.45,0,2,4,0.25253015237841986,-0.9618689507812878,4.9138146451206675,0.25253015237841986,-0.9618689507812878,4.9138146451206675,9.733386039733887
-0.2970393047101876,1.1073875063133007,5.0,0.1709650200006503,1.2159444946622244,4.984271517068941,-0.7338689026769655,0.001260099992537731,-0.0015709790384702367,0.6792881405240164,0.0237733844627945,-0.04174643687192675,-0.005802183979706714,0.00023669430504469346,-0.0002558002421437777,-0.008019799042813247,13338,779000000,3.39,0,2,4,0.24050514313837085,-0.9179903637467285,4.916002415584611,0.24050514313837085,-0.9179903637467285,4.916002415584611,10.177652835845947
-0.3231005278418917,1.1664975446366894,5.0,0.16129531358107743,1.209512849873646,4.982935757758926,-0.7332227121867211,0.001257625428788634,-0.0015360176858479156,0.6799856714383753,0.023187948154534708,-0.04261775983837059,-0.005647090246851487,0.00018882822274690625,-0.00018362108704650382,-0.00786619102655095,13339,49000000,3.34,0,2,4,0.22936985585300929,-0.8752785157935449,4.917964801925611,0.22936985585300929,-0.8752785157935449,4.917964801925611,10.59183669090271
-0.35016465716835876,1.2252354754156587,5.0,0.15387455365268252,1.2049281173103317,4.981957227704269,-0.7327426819708664,0.0012550960661155252,-0.0015156155618818346,0.6805029681503785,0.02160279872870787,-0.043301322650384985,-0.005546453258705987,0.00015916066331556067,-0.00014485650439155506,-0.007822168663551565,13339,259000000,3.28,0,2,4,0.21573236910556753,-0.8213078593898387,4.920211176054272,0.21573236910556753,-0.8213078593898387,4.920211176054272,10.979565858840942
-0.37822957332913054,1.2835829643978252,5.0,0.1402488839998261,1.1978626524657863,4.980313828600022,-0.7319409211949857,0.0012375541633893336,-0.0015015425641029905,0.6813653217693549,0.015887831916616003,-0.04487279189002519,-0.0050683617826432475,0.00012092446013411973,7.267841439784206e-05,-0.006860038092781906,13339,468000000,3.24,0,2,4,0.20532038036265823,-0.7814342320777724,4.921764873329425,0.20532038036265823,-0.7814342320777724,4.921764873329425,11.559682369232178
-0.40729282563855174,1.3415215836101098,5.0,0.12677844159097348,1.1948000559920176,4.978928628119782,-0.731403521672684,0.0011770688673589983,-0.0015427083768326708,0.6819421698681942,-0.017474781924122672,-0.045547968997026636,-0.00431053925205315,9.358326806818695e-05,0.0017140337604359956,-0.0005701393234858187,13339,649000000,3.18,0,2,4,0.18654773698304525,-0.7191226384802301,4.924085157255697,0.18654773698304525,-0.7191226384802301,4.924085157255697,12.133598566055298
-0.43735162712291586,1.399032816354308,5.0,0.11513919815385491,1.205379138460473,4.9780590354437875,-0.731660270861922,0.0009794224587037581,-0.0017431639362578712,0.6816665241548814,-0.08049002430745171,-0.0449655180541872,-0.0037062744756252014,-6.93638796178675e-05,0.0025930004312613164,0.007799700097166351,13339,852000000,3.15,0,2,4,0.16889509319896076,-0.6799057929078366,4.925490874878278,0.16889509319896076,-0.6799057929078366,4.925490874878278,12.588961362838745
-0.46840284958794687,1.456098062357568,5.0,0.10227733831782623,1.2352238439253684,4.977144412100128,-0.7327910327100207,0.0007861423204567566,-0.0019722274893632986,0.6804504351374636,-0.16887187099400303,-0.043896380881385824,-0.004668152453713324,-0.00023859368525336322,0.0024717597625567578,0.017901125465868972,13340,37000000,3.22,0,2,4,0.1547313983146173,-0.6637198751500826,4.926025124807836,0.1547313983146173,-0.6637198751500826,4.926025124807836,13.079810857772827
-0.5004430187200422,1.5126986430795495,5.0,0.08440099148826777,1.2988249557783262,4.975722642351357,-0.7349041341433971,0.0005646706479601535,-0.0022544602196648673,0.6781670238039603,-0.25331759566378037,-0.04230357906310424,-0.005904296766136305,-1.5660373442472064e-05,0.0024669256163178943,0.02230188219982665,13340,227000000,3.41,0,2,4,0.14040495525214497,-0.6589601485494948,4.9261022332861755,0.14040495525214497,-0.6589601485494948,4.9261022332861755,13.616302967071533
-0.5334683092248316,1.568815807177966,5.0,0.06357619200930388,1.3869493961869643,4.974054700172812,-0.7373113139061522,0.00029895869021432774,-0.002507605301449299,0.6755484060563959,-0.28741279939497155,-0.04163153475898307,-0.006152739648349215,0.0005139923871411156,0.0020027916889375774,0.020195033357595094,13340,443000000,3.74,0,2,4,0.12209273968276368,-0.6655262125492345,4.92564547405376,0.12209273968276368,-0.6655262125492345,4.92564547405376,14.279555797576904
-0.5674745400066574,1.6244307361341979,5.0,0.04610648924517521,1.4592700389759294,4.972813048529032,-0.73895426511028,0.00012736706572906518,-0.0026235975225453747,0.6737504690825799,-0.27169452642218717,-0.04251588668557454,-0.0057279539909503695,7.876544572127386e-05,0.0006316180304111185,0.01738350147206802,13340,663000000,4.12,0,2,4,0.10188528961985761,-0.6844110122598053,4.924622670738936,0.10188528961985761,-0.6844110122598053,4.924622670738936,14.752072811126709
-0.6024571693927263,1.6795245500406104,5.0,0.03139957865735431,1.5132052057847634,4.971836976458268,-0.74015463370753,0.00016101977842437323,-0.002584022976397895,0.6724317177968038,-0.23144863861706985,-0.044484378390345074,-0.0053048281756564305,4.172262713098007e-05,-0.0011396973263799737,0.015555809113720898,13340,885000000,4.4,0,2,4,0.08485520181931291,-0.7065825017896258,4.923428891906327,0.08485520181931291,-0.7065825017896258,4.923428891906327,15.209382057189941
-0.6384112904057448,1.7340783135511595,5.0,0.016866617771853255,1.558466405310692,4.970938636707661,-0.7412933208779448,0.00027990722031162813,-0.0024504740837849094,0.6711766751388645,-0.19377986069664513,-0.04681604465441462,-0.004698318764081538,3.926158242961719e-05,-0.0018148107983506634,0.015114370035007596,13341,76000000,4.62,0,2,4,0.06995126661740322,-0.7180555495445912,4.922541645060703,0.06995126661740322,-0.7180555495445912,4.922541645060703,15.645382404327393
-0.6753316260889739,1.7880730419968338,5.0,0.00242573431015206,1.5961298490496187,4.9701246309506075,-0.7423635594211668,0.0004148660896459307,-0.002299189500836227,0.6699931994112347,-0.16255258615994106,-0.049219294467050756,-0.004179433364677049,2.9047853900010523e-05,-0.001763657917308592,0.01370751670037862,13341,326000000,4.85,0,2,4,0.05455773267206524,-0.7150213280039109,4.921963188794021,0.05455773267206524,-0.7150213280039109,4.921963188794021,16.086119413375854
-0.7132125248877181,1.8414897076674175,5.0,-0.014670356672877253,1.6327017302552729,4.969258136459349,-0.7434260162618372,0.0005576493114759177,-0.002139599185776708,0.6688145254759527,-0.13334514106704926,-0.05222561342338984,-0.0036752672646718455,1.6379764922191953e-05,-0.0014827043059995049,0.010912714787991717,13341,500000000,5.07,0,2,4,0.03857865779208863,-0.6974734339934822,4.92168394271255,0.03857865779208863,-0.6974734339934822,4.92168394271255,16.56715965270996
-0.7520479560913946,1.8943092462609985,5.0,-0.029260522151858384,1.6583486811147015,4.9685962172072085,-0.7441563319473504,0.000657997850958801,-0.002027700729610675,0.6680021026098973,-0.11422024305781923,-0.05469093273165746,-0.003325650030212146,9.853469951082161e-06,-0.0012284679996810155,0.009030686123878695,13341,812000000,5.31,0,2,4,0.018874695482565776,-0.6610036072428761,4.921685078217572,0.018874695482565776,-0.6610036072428761,4.921685078217572,17.040977239608765
-0.7918315053403964,1.9465125635026175,5.0,-0.044049223755448355,1.6802438903836832,4.967992212627077,-0.7447369184384958,0.0007423244154313236,-0.0019374720358893668,0.667354941145494,-0.09947111904325477,-0.05720274267242714,-0.003004738611124115,-0.00024084273064772788,-0.0010029034228864475,0.007078126191117917,13342,132000000,5.5,0,2,4,0.0015245414433496226,-0.6196605801489601,4.921903676973536,0.0015245414433496226,-0.6196605801489601,4.921903676973536,17.484992265701294
-0.8325563702020884,1.99808054193334,5.0,-0.059101826499170805,1.6992509002295566,4.9674724712480565,-0.7451965876041338,0.0008364976730986634,-0.0018868039568443432,0.666841649918199,-0.08834864128536433,-0.05964912013580579,-0.0025260677003138138,-0.0003013437890331261,-0.0008169108355104981,0.005502299836734892,13342,362000000,5.67,0,2,4,-0.01639570117230529,-0.5710471493032269,4.922265388143641,-0.01639570117230529,-0.5710471493032269,4.922265388143641,17.916322946548462
-0.8742153558203847,2.048994047871031,5.0,-0.07447028795981997,1.7161134877348951,4.967045480725695,-0.7455343375072067,0.0009132584480651973,-0.001845834845605606,0.6664640353765686,-0.08025065807797598,-0.06200024237921736,-0.002117992089067983,-0.00023955299752742576,-0.0006625485355016281,0.003980810561188264,13342,609000000,5.82,0,2,4,-0.03479275592296795,-0.517087519459982,4.922700017381524,-0.03479275592296795,-0.517087519459982,4.922700017381524,18.35576868057251
-0.916800870643431,2.099233938543985,5.0,-0.08875899978312682,1.7300852097891748,4.966727528005784,-0.7457645447123489,0.0009698156395609744,-0.0018151295881461444,0.6662064309297728,-0.07501480961583276,-0.06415248175149221,-0.0017989015141597828,-0.00019319629558367524,-0.0005448377294214879,0.0031153651207205257,13342,896000000,5.96,0,2,4,-0.053613666110589264,-0.45921868908945573,4.923147054130755,-0.053613666110589264,-0.45921868908945573,4.923147054130755,18.783853769302368
-0.9603049222340583,2.148781069398533,5.0,-0.1048678387567861,1.7444599137488965,4.96644502396629,-0.7459676035789238,0.0010206107682081936,-0.0017879906417041201,0.6659790506118362,-0.07167081587728807,-0.06647118349783368,-0.0015073262894722736,-0.00025544794084453315,-0.0004258051205852098,0.0025888084564940073,13343,230000000,6.07,0,2,4,-0.0711039664177445,-0.4040370727800823,4.9235259679960555,-0.0711039664177445,-0.4040370727800823,4.9235259679960555,19.172964096069336
-1.00471911316775,2.1976163015816503,5.0,-0.11837668213317587,1.7557519830034167,4.966248872309196,-0.746124262594677,0.0010623357839541997,-0.001782644581596452,0.6658034833105991,-0.07010333799751685,-0.06829651379576421,-0.0013922668582662424,-0.00028824653384162957,-0.00029231866278678353,0.002632881978570367,13343,489000000,6.2,0,2,4,-0.0907951821346679,-0.3412450518499549,4.923886321891545,-0.0907951821346679,-0.3412450518499549,4.923886321891545,19.556222677230835
-1.0500346370229905,2.245720509599518,5.0,-0.13377316842475523,1.7680534090584497,4.966066046383533,-0.7462918398066741,0.0011073313193674466,-0.0017947505114093297,0.6656155365719164,-0.06967948166235599,-0.07051273061564525,-0.0011759393727057822,-0.00039722475833059434,-0.00014474336040848357,0.0024498104949088884,13343,704000000,6.3,0,2,4,-0.10729782448144516,-0.29010324439332547,4.924151784734679,-0.10729782448144516,-0.29010324439332547,4.924151784734679,19.986260175704956
-1.096242274468954,2.293074589152906,5.0,-0.15447409041350996,1.784032516543922,4.96589239298318,-0.7465321748131485,0.001150495236960339,-0.0018144217834231927,0.6653458470623018,-0.07079361354796314,-0.07349919075028409,-0.0009328745355265674,-0.0003038920937115108,-7.530939711841711e-05,0.003136773398182413,13343,925000000,6.42,0,2,4,-0.1260623374699547,-0.23556932565600616,4.924413291110523,-0.1260623374699547,-0.23556932565600616,4.924413291110523,20.42186427116394
-1.143332389455625,2.3396594651501514,5.0,-0.17599193111995345,1.800343114932938,4.965779553900054,-0.7468372064029464,0.0011854899917739356,-0.0018348908862351,0.6650033194813073,-0.07299724990396322,-0.0763700737781212,-0.0007707310402012134,-0.00040652755899373005,-1.2177569708171632e-05,0.003939137741326704,13344,157000000,6.58,0,2,4,-0.15110229600891908,-0.17498981037726835,4.9246348382511265,-0.15110229600891908,-0.17498981037726835,4.9246348382511265,20.939554452896118
-1.1912949255115115,2.385456099898427,5.0,-0.19658807969173428,1.816093018843993,4.965700011745955,-0.7471994781859977,0.0012078004617097054,-0.0018718441023458264,0.664596100813324,-0.08178875222839352,-0.07836998799610195,-0.0007094156849878562,-0.0001650277198450567,0.0007201412813628849,0.006455291440943256,13344,396000000,6.76,0,2,4,-0.1767481941925774,-0.12906643903631654,4.924699289804011,-0.1767481941925774,-0.12906643903631654,4.924699289804011,21.406562089920044
-1.2401194021542623,2.4304455014738875,5.0,-0.21986408251597683,1.8392419774153705,4.965656264548032,-0.7480670218995138,0.0010831793939108767,-0.0020384544870246167,0.6636191695333231,-0.11842071706958682,-0.07810889032618833,-0.0006454442668125304,-0.00010713707112586235,0.0022850803134133457,0.014296841709438013,13344,633000000,6.92,0,2,4,-0.2008511954022343,-0.09991648248475686,4.924616968538118,-0.2008511954022343,-0.09991648248475686,4.924616968538118,21.925700664520264
-1.2897949114195773,2.4746087322711814,5.0,-0.24628926384579722,1.8771131106084333,4.965616247734437,-0.7498249879242663,0.0008563671679600027,-0.002316956087523513,0.6616316088535491,-0.1709005323169058,-0.0763115448555327,-0.0009475333330808756,-6.69933996277905e-05,0.002688495624170173,0.022709932454745285,13344,843000000,7.16,0,2,4,-0.22746289231604935,-0.08120827096300882,4.924367255954157,-0.22746289231604935,-0.08120827096300882,4.924367255954157,22.511834859848022
-1.3403101145139145,2.5179269177327237,5.0,-0.2762536200511568,1.9325930903630701,4.9655187342187235,-0.752315041420336,0.0006255735815575592,-0.002598668841301487,0.6587980980776015,-0.21411811962372135,-0.07470965506292651,-0.0013295628413875042,-3.587522563464063e-05,0.002156915957129968,0.0260618480751873,13345,76000000,7.54,0,2,4,-0.2567742283144241,-0.07302613747494656,4.923907603673029,-0.2567742283144241,-0.07302613747494656,4.923907603673029,23.0814688205719
-1.3916532385966196,2.560381255257994,5.0,-0.3118103959542024,2.0046507828988194,4.965418243331159,-0.7551655616524028,0.0004892063446657136,-0.0028052073570916,0.655527929216633,-0.22244814757672512,-0.07567698422622646,-0.0014165333443792118,-0.00035961200808287686,0.00037453500283390895,0.02334960208827397,13345,295000000,8.01,0,2,4,-0.28902953546820953,-0.07490556998907759,4.92323603247598,-0.28902953546820953,-0.07490556998907759,4.92323603247598,23.724426746368408
-1.4438120736971953,2.601953023293036,5.0,-0.3353424766495061,2.049379121686857,4.965353355085503,-0.7567627118552828,0.0005309394974224396,-0.0028202745378512837,0.6536833806210919,-0.21059192971691454,-0.07784482823804537,-0.0014274879631879583,-0.0004791162751871525,-0.00046405703244545293,0.02150626987713622,13345,488000000,8.55,0,2,4,-0.3267919607987433,-0.0873432237313026,4.922238357677733,-0.3267919607987433,-0.0873432237313026,4.922238357677733,24.167714595794678
-1.496773969773539,2.6426235906001962,5.0,-0.3591360364529659,2.0901834103711328,4.965247075508056,-0.7583160370763351,0.0006641380030838829,-0.0027725488429055016,0.6518808632000701,-0.1896745928283919,-0.08106909464308167,-0.0016307735929457056,-0.0005588898659425467,-0.0013719761000174913,0.021654042393493,13345,703000000,8.85,0,2,4,-0.35189073708856755,-0.0985469906360444,4.921527915736542,-0.35189073708856755,-0.0985469906360444,4.921527915736542,24.58846688270569
-1.550525833917094,2.682374425708024,5.0,-0.38093948146402407,2.123356524950079,4.965097211793383,-0.7597202534377281,0.0008009130396260301,-0.002697246443409311,0.6502439695348514,-0.17272978800312072,-0.08373658118743199,-0.0017837802451203886,-0.00047525059869713004,-0.0013906434674026968,0.02142622342944378,13345,897000000,9.16,0,2,4,-0.3773789827017376,-0.10338256854615865,4.920926702187631,-0.3773789827017376,-0.10338256854615865,4.920926702187631,24.982274055480957
-1.6050541277109547,2.7211871065411257,5.0,-0.4029589576373477,2.1533146846617046,4.964903762709018,-0.7610681824408086,0.0009248611572556491,-0.00262505020854312,0.6486659197302461,-0.15873718680143034,-0.08666737058947767,-0.0019168574168556094,-0.0004725229018731625,-0.0012187643164907058,0.020222405873937532,13346,98000000,9.44,0,2,4,-0.4008854891222113,-0.09378326599583298,4.920541752764991,-0.4008854891222113,-0.09378326599583298,4.920541752764991,25.38636088371277
-1.6603448647470773,2.7590433302296336,5.0,-0.4252646051981995,2.1806216623337717,4.964686076018628,-0.7623160162300457,0.0010458940894053678,-0.002570315880784142,0.6471990350587518,-0.14748127311604037,-0.08948937417489473,-0.0019360958746689294,-0.0005103220928504015,-0.0010807634453158244,0.018592936794448178,13346,345000000,9.73,0,2,4,-0.4248814187850745,-0.07187318102040918,4.920313919243894,-0.4248814187850745,-0.07187318102040918,4.920313919243894,25.790553092956543
-1.7163836083088557,2.795924923097814,5.0,-0.4479057646515386,2.205807595155567,4.964457471870123,-0.7634586445327455,0.001150048282597117,-0.002523289837400809,0.645850763323515,-0.13878953280713166,-0.09231070469172896,-0.0019571796271735144,-0.0004370293140709691,-0.0009027647763559798,0.01707826177153038,13346,605000000,10.01,0,2,4,-0.4494571915296912,-0.03962833996978967,4.920226813208002,-0.4494571915296912,-0.03962833996978967,4.920226813208002,26.200393676757812
-1.7731554692254243,2.8318138508311876,5.0,-0.4732730819719724,2.231600681263635,4.964210245072285,-0.7646133995572781,0.0012547119080603204,-0.0024963378780227994,0.6444831597588012,-0.13165054146088537,-0.09556012302297394,-0.0018665979291509938,-0.0005153792301371141,-0.0006507113198495063,0.015726592573628295,13346,853000000,10.28,0,2,4,-0.4745942922353989,0.0007749277775008875,4.920249915233453,-0.4745942922353989,0.0007749277775008875,4.920249915233453,26.643755197525024
-1.8306451039041485,2.866692228821392,5.0,-0.5015941534793703,2.258014494013284,4.963959400979193,-0.7657957321822906,0.001346540956205931,-0.0024795912407133028,0.6430777052783914,-0.12614486121346213,-0.09907519586738656,-0.0018080237345449543,-0.0005656169946632872,-0.000505551969354201,0.014997805828897981,13347,110000000,10.57,0,2,4,-0.5028417172811234,0.05242311658038449,4.920361114107054,-0.5028417172811234,0.05242311658038449,4.920361114107054,27.08547854423523
-1.888836712547877,2.900542332687862,5.0,-0.5257275756080141,2.2790107906516943,4.963749146873755,-0.7667454751143874,0.001423265212502905,-0.0024754211626124914,0.6419448753575459,-0.12297003538804223,-0.10176381522411485,-0.0018595821970342665,-0.0005044853025992779,-0.00045836816298105987,0.014649890908913221,13347,394000000,10.88,0,2,4,-0.5342786296361258,0.11507264989379128,4.920500065939803,-0.5342786296361258,0.11507264989379128,4.920500065939803,27.464290618896484
-1.9477140375636162,2.9333466089752442,5.0,-0.5528732773333622,2.3013301262709542,4.96350872113434,-0.7677742382134112,0.0014955180121861609,-0.002470725461630996,0.6407139596398572,-0.12071385070553857,-0.10485875433271738,-0.0019183040321510813,-0.0005080437915694347,-0.00036489360297764506,0.014553575510944938,13347,698000000,11.13,0,2,4,-0.5609722644204147,0.17101523042446334,4.920588991450575,-0.5609722644204147,0.17101523042446334,4.920588991450575,27.88559103012085
-2.0072603621694096,2.9650876860252895,5.0,-0.5806507637094156,2.3230810110711406,4.963245482292981,-0.7687986598145461,0.0015661631177268237,-0.002483786041866524,0.6394841660333307,-0.11951508263775708,-0.10763848428971193,-0.002068813878009325,-0.0006305966849140532,-0.00023353782836466053,0.014521696175506804,13348,31000000,11.41,0,2,4,-0.5909650085833797,0.23352805095760165,4.92065295007805,-0.5909650085833797,0.23352805095760165,4.92065295007805,28.290310382843018
-2.0674585092062747,2.995748385021807,5.0,-0.6090728329181864,2.3444584068809107,4.962970393901617,-0.7698135208151554,0.0016405180487672746,-0.0025066099444850517,0.638261834028396,-0.1190872545113439,-0.11045491561721466,-0.0020757921897058907,-0.0007136857163914101,-0.00020295540679171609,0.01455697711207904,13348,245000000,11.7,0,2,4,-0.621696866266894,0.2938819183699431,4.920681203415687,-0.621696866266894,0.2938819183699431,4.920681203415687,28.701574087142944
-2.1282908401621645,3.0253117312070743,5.0,-0.6381444941539534,2.3656126583424424,4.962713061442832,-0.7708613281718459,0.0017121071422283554,-0.0025389445444819717,0.636995631993557,-0.11927999327244773,-0.11309456410918217,-0.001984495143036823,-0.0006125172490101249,-0.00010700951236231049,0.015240565244312165,13348,471000000,11.99,0,2,4,-0.6532206686956671,0.3479699273608435,4.920667169728327,-0.6532206686956671,0.3479699273608435,4.920667169728327,29.185590267181396
-2.1897392544150174,3.053760965267927,5.0,-0.6816170225859846,2.3962141799969516,4.96238259085937,-0.7724527788076447,0.0017909735910211144,-0.002578452268921879,0.6350644443754043,-0.12044550429390163,-0.11688728871368896,-0.0018727757418739548,-0.0004488025808768725,-5.5908511953361995e-05,0.0160003466589842,13348,658000000,12.29,0,2,4,-0.6854870343607319,0.3937858561341942,4.920591056390235,-0.6854870343607319,0.3937858561341942,4.920591056390235,29.78204083442688
-2.251785188702036,3.081079554889556,5.0,-0.7207638074580796,2.423112601451176,4.962130331164283,-0.7739017316859119,0.0018373279157773426,-0.0026113184796245845,0.6332976511368683,-0.12430719685513685,-0.11936758900313318,-0.0017930559724153295,-0.0003421607942755145,0.00031618060631899425,0.016912954924919177,13348,871000000,12.72,0,2,4,-0.7335860493007446,0.4420692321032514,4.920309304150316,-0.7335860493007446,0.4420692321032514,4.920309304150316,30.32244086265564
-2.314409616822441,3.107251206474837,5.0,-0.7580469812613109,2.449698668982443,4.961924238346562,-0.7753588738553477,0.0018189453077636906,-0.002686131602624101,0.6315125437144914,-0.13492329098746525,-0.12024880970529077,-0.0017421144195041937,7.78132204004578e-05,0.0009717642114992486,0.019453774984867778,13349,78000000,13.09,0,2,4,-0.7765337824692613,0.4675754556194515,4.919922890888458,-0.7765337824692613,0.4675754556194515,4.919922890888458,30.844991445541382
-2.377593049581021,3.132259877026839,5.0,-0.7932652228058151,2.4775133811690893,4.961757836821313,-0.7769954826837302,0.0017135981511756469,-0.002791008462557528,0.6294976518957118,-0.15103754121766375,-0.11954324084909215,-0.0017144825799792352,0.0004248035423870533,0.0014678145248581131,0.023087941008270718,13349,273000000,13.44,0,2,4,-0.8170656191772772,0.4798852067188352,4.919448226218967,-0.8170656191772772,0.4798852067188352,4.919448226218967,31.340899229049683
-2.4413155349798927,3.1560897861919237,5.0,-0.8353042641748261,2.514003091008768,4.961592315663494,-0.779101469044084,0.0015721027987010442,-0.0029173500344785988,0.6268890798976458,-0.16341720835221155,-0.11958173835320043,-0.0016918324992271038,-0.00032925348705248325,0.0010491856755834306,0.023811030769138597,13349,489000000,13.79,0,2,4,-0.854949100887582,0.4833909139971176,4.918902533462792,-0.854949100887582,0.4833909139971176,4.918902533462792,31.86606788635254
-2.505556658665967,3.1787254284606545,5.0,-0.8689683169936312,2.5435307613130083,4.961481034199209,-0.780707857994057,0.0015611173254670443,-0.0029971339854218773,0.6248870462466807,-0.1640922062306047,-0.1211070656973722,-0.0016836389797718141,-0.0006507476314254745,0.00035784301530839,0.023024022084427997,13349,714000000,14.21,0,2,4,-0.8997176260909038,0.47977123739641436,4.9181529885859,-0.8997176260909038,0.47977123739641436,4.9181529885859,32.31990671157837
-2.5702955446416795,3.2001515855234994,5.0,-0.8999854078673992,2.569586658117239,4.9613770556552,-0.7821288530469372,0.00163379187056911,-0.003032414209350045,0.623107207805903,-0.15903123759697008,-0.1235213112861305,-0.0017617114395897544,-0.0007168142701630131,-0.00037470134373052133,0.022612894645135384,13349,940000000,14.52,0,2,4,-0.9353431022609519,0.47259911876261457,4.9175087477829,-0.9353431022609519,0.47259911876261457,4.9175087477829,32.74830985069275
-2.635510856246645,3.220353338778097,5.0,-0.9313663816330943,2.5944116900694776,4.961250068292361,-0.7835628038109921,0.0017361188673536863,-0.0030381284448286828,0.6213027347040154,-0.15403351502975027,-0.1259646439804496,-0.001929448679392753,-0.0007574830135581578,-0.0005849158640103269,0.023316906117543112,13350,151000000,14.8,0,2,4,-0.9680145004468257,0.46548573544886485,4.916938276434037,-0.9680145004468257,0.46548573544886485,4.916938276434037,33.18673515319824
-2.701180797417952,3.2393160819846116,5.0,-0.9631295400787641,2.61809081662989,4.961093151810257,-0.7850165751880261,0.0018336063556897047,-0.0030314056467394554,0.6194646278421384,-0.14987405826565453,-0.1284279837839781,-0.00207369646249253,-0.0006384896437339194,-0.0005589765521563095,0.023446472368959803,13350,363000000,15.08,0,2,4,-1.000764181906693,0.46690006472492934,4.916519616596622,-1.000764181906693,0.46690006472492934,4.916519616596622,33.615670680999756
-2.767283114236859,3.2570255340654644,5.0,-0.9953240497148431,2.640795653932227,4.96091088580815,-0.7864441746623175,0.001918631165268153,-0.0030226823591148304,0.6176509875208759,-0.1466659590689637,-0.13098971018597472,-0.00219954826749846,-0.0005410095639035717,-0.0004752842869493179,0.02284969850734342,13350,574000000,15.37,0,2,4,-1.0336313022161898,0.48059155687870564,4.9162656677045815,-1.0336313022161898,0.48059155687870564,4.9162656677045815,34.04321241378784
-2.8337950967697747,3.273467752045494,5.0,-1.031293436618901,2.6648401070212273,4.9606859851597065,-0.7879755289920128,0.0019975296680802713,-0.003014610836899515,0.6156959377050367,-0.14410076585491788,-0.13395558475660302,-0.002320354086867951,-0.00045170896498802904,-0.00037668249888156424,0.022414717386709526,13350,821000000,15.66,0,2,4,-1.0668610639315845,0.505559977661364,4.916163019216541,-1.0668610639315845,0.505559977661364,4.916163019216541,34.47815251350403
-2.900693581211407,3.288629144128325,5.0,-1.0645388807384335,2.6860171500198193,4.960463168318162,-0.7893497330007087,0.002057535098232819,-0.003009250176759419,0.6139329849213211,-0.14252221431466133,-0.13655141004353338,-0.0024162222993346317,-0.00038365184877875436,-0.0002976696720224936,0.022323057237372268,13351,130000000,15.99,0,2,4,-1.1039616081441328,0.5435337422097352,4.916205563869534,-1.1039616081441328,0.5435337422097352,4.916205563869534,34.854925870895386
-2.900693581211407,3.288629144128325,5.0,-1.101724992010384,2.708721277533539,4.960201438674571,-0.790855216673937,0.0021138574217933847,-0.0030061888642972877,0.6119922554207141,-0.14150995440291764,-0.13938418589765403,-0.002508376596948398,-0.0005137936568644363,-0.00020577767543272785,0.022374092259269673,13351,407000000,16.29,0,2,4,-1.1381331299639286,0.5853305750792349,4.916338483355633,-1.1381331299639286,0.5853305750792349,4.916338483355633,35.287546157836914
-2.9679549523380278,3.3024964829044703,5.0,-1.132649984454088,2.7269054290221777,4.959976981995118,-0.7920939811301745,0.002170590674722635,-0.0030292129390141194,0.6103877763049025,-0.14090948623406152,-0.14173365969193644,-0.0025813737866086208,-0.0006031302859810239,-3.7491333770844903e-05,0.02262922644149512,13351,667000000,16.63,0,2,4,-1.1762834433613374,0.6368415478774588,4.916548215133418,-1.1762834433613374,0.6368415478774588,4.916548215133418,35.69023060798645
-3.035555146278904,3.3150569186864494,5.0,-1.1709214492145217,2.7486741028458304,4.959705361344385,-0.7935785939066616,0.0022157525475907614,-0.003046366099294348,0.608456099802905,-0.13988992011423376,-0.14343073254640398,-0.0025277725001887513,-0.00044187334253820154,-6.479511043266939e-05,0.021796862711198628,13351,916000000,16.91,0,2,4,-1.208001598457957,0.681418776331441,4.916741670797399,-1.208001598457957,0.681418776331441,4.916741670797399,36.10901093482971
-3.1034696536139035,3.3262979929658782,5.0,-1.2131474046085369,2.7718890431694634,4.959443310206523,-0.7951467981176935,0.0022770228353437127,-0.003065303296663259,0.6064049707298634,-0.1391337944995053,-0.1453889777320662,-0.0023842671529905996,-0.0005696004450328473,-0.00010357600643828846,0.02141943641618127,13352,192000000,17.25,0,2,4,-1.247532358914233,0.733387528219264,4.916977831555442,-1.247532358914233,0.733387528219264,4.916977831555442,36.55937385559082
-3.171673522805388,3.3362076519872628,5.0,-1.2523535172982407,2.7927588397779175,4.959223227486401,-0.7965784279839511,0.0023355223245209106,-0.003089605657009528,0.6045227934023437,-0.13886104804288238,-0.14736460565214085,-0.002369566111803947,-0.0004851772075653571,-4.2152602475198364e-05,0.02164912275475217,13352,417000000,17.63,0,2,4,-1.2916381968496888,0.7826413139277127,4.917182989900784,-1.2916381968496888,0.7826413139277127,4.917182989900784,37.036869287490845
-3.240141363972521,3.344774260432901,5.0,-1.295715328758841,2.815147518088322,4.958993967045399,-0.7981699853061235,0.0023869202858084098,-0.0031121547641276654,0.6024195312742573,-0.13890835942685487,-0.14957955730417705,-0.002354622188012796,-0.00038645957545213605,-1.5388999585752572e-05,0.022255822295846883,13352,599000000,17.98,0,2,4,-1.3329069930736694,0.8179860444344517,4.917267603455458,-1.3329069930736694,0.8179860444344517,4.917267603455458,37.53994011878967
-3.3088473530161293,3.3519866152130127,5.0,-1.3471087463313975,2.840957666007955,4.958739998977235,-0.8000685030709189,0.0024209223992161895,-0.0031299898130636335,0.5998956014944317,-0.141194515475099,-0.151637072847644,-0.002337041831263405,5.4438119789779194e-05,0.0002607882635174974,0.022857905423734337,13352,796000000,18.35,0,2,4,-1.378692881481741,0.845024905069254,4.9172170477315875,-1.378692881481741,0.845024905069254,4.9172170477315875,38.065051555633545
-3.3777652361022836,3.357833959354922,5.0,-1.391895376265015,2.86374921967007,4.958533074398941,-0.8017319791885635,0.0023933574022131673,-0.0031605830795172264,0.5976705749000288,-0.14658523048309863,-0.1524306060301987,-0.0023270810947537243,5.218104988102823e-05,0.0005504516593646258,0.02356606328248745,13353,16000000,18.79,0,2,4,-1.4329253014291732,0.863130519507115,4.916997339130013,-1.4329253014291732,0.863130519507115,4.916997339130013,38.57033371925354
-3.4468683345128004,3.3623059959848027,5.0,-1.4373395985511384,2.8876284869275164,4.958334802886606,-0.803457345131033,0.0023575403185807486,-0.0032103938175309004,0.5953489984287994,-0.15213844938896692,-0.15293462591708357,-0.0023549526996407173,-0.00012243927542954225,0.0005341628536825738,0.024340414529433474,13353,212000000,19.15,0,2,4,-1.479954373437538,0.8691705760234515,4.916700089988595,-1.479954373437538,0.8691705760234515,4.916700089988595,39.09367895126343
-3.5161295498708305,3.365392902395171,5.0,-1.4795281765413022,2.9099314786439687,4.958142143173198,-0.8050484531495573,0.0023540846993740467,-0.0032489370239422045,0.593195491195733,-0.15377875960656875,-0.15415667901995478,-0.002454279987662037,-0.0004496081743354807,0.0002426895548524044,0.024298271273437422,13353,432000000,19.5,0,2,4,-1.5274061888447967,0.8680987875943418,4.916317838806138,-1.5274061888447967,0.8680987875943418,4.916317838806138,39.559627532958984
-3.5855213697497295,3.3670853441910054,5.0,-1.5221832423151158,2.9317471171869562,4.9579502653307586,-0.8066158488879969,0.002418011546341259,-0.0032795731092033938,0.5910619848569854,-0.15144460791466885,-0.15649989306714526,-0.0024321270892168076,-0.0005638191225898481,-0.00017797073041947442,0.023958100246090908,13353,640000000,19.82,0,2,4,-1.5712299545744166,0.8621278816503223,4.915883337303202,-1.5712299545744166,0.8621278816503223,4.915883337303202,39.99626970291138
-3.6550158736733924,3.36737448950702,5.0,-1.5613560727859614,2.9507877148765616,4.957785623375471,-0.8080326231638807,0.0024809500208717006,-0.0032858722768354704,0.5891233553622469,-0.1490737338502177,-0.15875015101499634,-0.002416022053228022,-0.0005460280135594076,-0.00024085275782681492,0.024023311743803788,13353,834000000,20.12,0,2,4,-1.6152509695062547,0.8539998222989269,4.915492808060088,-1.6152509695062547,0.8539998222989269,4.915492808060088,40.41620445251465
-3.724584739516201,3.36625202328831,5.0,-1.6048801998387523,2.970874035364016,4.95759918314765,-0.8095782185359655,0.002554411047078602,-0.003300349582023766,0.5869971812104138,-0.14682710557894357,-0.16117966469923664,-0.002515058130458861,-0.0005464168395974411,-0.00015531266370771846,0.02377784203417832,13354,27000000,20.4,0,2,4,-1.6552206956804858,0.8529026306166957,4.915251056110398,-1.6552206956804858,0.8529026306166957,4.915251056110398,40.84294056892395
-3.724584739516201,3.36625202328831,5.0,-1.6448734340724278,2.988426401628337,4.957417791290166,-0.8109626566025168,0.0026104245831749156,-0.0033129821892935365,0.5850827116132362,-0.14521773429621188,-0.16349250140225022,-0.002592711384036364,-0.00046101409054699616,-0.0001115295212628098,0.023497147958551068,13354,252000000,20.69,0,2,4,-1.6990761761931532,0.863863990534138,4.915140083147291,-1.6990761761931532,0.863863990534138,4.915140083147291,41.23623251914978
-3.7941992503107094,3.3637101616261953,5.0,-1.6812360002458957,3.0036966677302286,4.957246852616074,-0.8121833059891845,0.002653634479474994,-0.0033227503471578673,0.5833868313791959,-0.1439909428091562,-0.1656024694926948,-0.0026534494334711735,-0.0003965631378832768,-8.626812046941268e-05,0.02304147601535078,13354,475000000,20.97,0,2,4,-1.7390313195636977,0.8849711466144041,4.915188266727851,-1.7390313195636977,0.8849711466144041,4.915188266727851,41.62327289581299
-3.8638303014711917,3.359741666140802,5.0,-1.7219403230673722,3.020129481303593,4.957059323798064,-0.8134825741053807,0.002685353843935696,-0.003319384260722243,0.5815736171713312,-0.1425427118334018,-0.1668525308025857,-0.0026069623486838956,-0.00019208900141620688,-0.0001402544086204216,0.021763643962913193,13354,699000000,21.22,0,2,4,-1.7752226175921553,0.9115284706107676,4.9153426651562695,-1.7752226175921553,0.9115284706107676,4.9153426651562695,42.04365348815918
-3.933448408441069,3.3543398584014965,5.0,-1.7669989350681756,3.0375892955265287,4.956853665249353,-0.8148435938839023,0.0027284271645405915,-0.0033251369730436338,0.5796649175650399,-0.14107326110580615,-0.16860620874146193,-0.0026620035542436636,-0.0004234438108596805,-8.091631329421034e-05,0.021034768178651575,13354,950000000,21.49,0,2,4,-1.8157170276756192,0.9476514719180354,4.915595498227569,-1.8157170276756192,0.9476514719180354,4.915595498227569,42.441733837127686
-4.003023714772229,3.347498634375969,5.0,-1.8082772874466972,3.052923079754537,4.956672765697362,-0.8160539224029714,0.0027771958692813822,-0.0033362876141236103,0.5779594727130825,-0.13995818012855843,-0.17030138595781188,-0.0026113796456024544,-0.0004052394643849766,-0.00011450439174609528,0.020839001990680117,13355,219000000,21.79,0,2,4,-1.8606004451341798,0.9935500279213847,4.9159443993123615,-1.8606004451341798,0.9935500279213847,4.9159443993123615,42.831976652145386
-4.003023714772229,3.347498634375969,5.0,-1.854065325505138,3.0692338202417795,4.95648980701513,-0.817374711909396,0.002826149294597972,-0.0033436530615998244,0.5760897614047656,-0.13892594308882486,-0.1723872879943415,-0.002579892486328688,-0.0004679632013449009,-0.0001258932954328884,0.02084541029034881,13355,463000000,22.06,0,2,4,-1.9018935538123665,1.0367048847647693,4.91629242789503,-1.9018935538123665,1.0367048847647693,4.91629242789503,43.306331157684326
-4.07252600064417,3.339212478898365,5.0,-1.9045249673760736,3.0863701523045872,4.956289202757482,-0.8188182928759188,0.002887734337048774,-0.0033516698282783507,0.5740357397858836,-0.1378191192955463,-0.1745648292303432,-0.002632665962305105,-0.0002565265333487332,-0.0001381053010618416,0.020587475228239782,13355,716000000,22.37,0,2,4,-1.9479883284879558,1.081454631674799,4.916669757016638,-1.9479883284879558,1.081454631674799,4.916669757016638,43.758379220962524
-4.14192469183082,3.3294764801465,5.0,-1.9510737011746702,3.101503205396659,4.956113043794819,-0.8200754856883907,0.002919417788936232,-0.003349014846228596,0.572238113788555,-0.1367270177197501,-0.17563813648440324,-0.0025905552691603555,-6.635929032938748e-05,-6.055697632234569e-05,0.01950912319443887,13355,924000000,22.71,0,2,4,-1.9992389429736763,1.1209548243838685,4.917002183870636,-1.9992389429736763,1.1209548243838685,4.917002183870636,44.233222246170044
-4.211188869122791,3.3182863441177943,5.0,-2.0106732665000933,3.120479078952202,4.955887714905548,-0.821643068372492,0.002886796177277625,-0.0033357920084050234,0.5699852691911818,-0.14203022531835288,-0.17517491646873234,-0.0025707485614239267,0.00105651023432074,0.000759009486728246,0.021447001745400485,13356,145000000,23.02,0,2,4,-2.0469970373668165,1.1463793762471912,4.917197443303652,-2.0469970373668165,1.1463793762471912,4.917197443303652,44.80325531959534
-4.280287278212759,3.305638409093179,5.0,-2.0665872354508994,3.1411326481431074,4.955716772854913,-0.8234053356445119,0.0026931815942490846,-0.0033837890881230344,0.567437177118715,-0.15939405679382948,-0.17084024960802396,-0.002379066570846965,0.0012240790283613023,0.001624764990992844,0.026627541410562117,13356,343000000,23.39,0,2,4,-2.1085695657181653,1.164415745760846,4.917282899318261,-2.1085695657181653,1.164415745760846,4.917282899318261,45.33066916465759
-4.349188340051508,3.29152966007783,5.0,-2.1320923287564164,3.1712685193955537,4.955580899897229,-0.8259167817913513,0.0024229134096454873,-0.0034974258304723647,0.5637759901402215,-0.18349542582835476,-0.16460824640118368,-0.0022168709333659766,0.0009762507374944107,0.0017188620631714002,0.031603272873326205,13356,565000000,23.77,0,2,4,-2.1662681198324227,1.1689869865571223,4.917213257009296,-2.1662681198324227,1.1689869865571223,4.917213257009296,45.9236626625061
-4.417860161682086,3.2759577432071714,5.0,-2.189731745566896,3.202094422029896,4.9555130318743466,-0.828278505989662,0.002246316086513959,-0.0035933802426742247,0.5603005962856049,-0.19589183915417788,-0.161566650681065,-0.00210683785114745,0.00011015315735107833,0.000994620882011077,0.03103639646724332,13356,768000000,24.26,0,2,4,-2.2332326031184992,1.162697077225542,4.916994547560683,-2.2332326031184992,1.162697077225542,4.916994547560683,46.431519746780396
-4.4862705475593625,3.2589209801061942,5.0,-2.243376695869428,3.23059043878851,4.955485151347202,-0.8301852603133353,0.00223821874031522,-0.0036284857903574937,0.5574713069084536,-0.1907909655852482,-0.16402430059172995,-0.002005728960242393,-0.0008482359021400043,-0.00013891582710812145,0.02661744802026078,13356,953000000,24.7,0,2,4,-2.291497490928281,1.14936364964916,4.91671559369306,-2.291497490928281,1.14936364964916,4.91671559369306,46.87628626823425
-4.554387011362157,3.2404183821897035,5.0,-2.2927049088987212,3.254049593353302,4.9554824886877045,-0.8317300623181019,0.0023769061596751536,-0.0036216005593963456,0.5551633433169219,-0.17804976495047736,-0.16901330995311126,-0.0019470540993848297,-0.0008970620513082395,-0.0009501432145953004,0.024272250084322877,13357,151000000,25.03,0,2,4,-2.3452391988000123,1.1348428805034967,4.916479867619573,-2.3452391988000123,1.1348428805034967,4.916479867619573,47.308202028274536
-4.622176788304897,3.2204496648906975,5.0,-2.337605910440702,3.272584094614714,4.955467832672316,-0.8330322377314928,0.0025138309502031023,-0.0035715185402450758,0.5532072087467151,-0.16699481135296923,-0.17339774896642515,-0.0020808777305369583,-0.0007618913798523863,-0.0011238060551477247,0.022875904869579244,13357,376000000,25.3,0,2,4,-2.3940958860375168,1.1303639440256548,4.916398969897209,-2.3940958860375168,1.1303639440256548,4.916398969897209,47.739455699920654
-4.689606847955658,3.199015261803648,5.0,-2.382538305343085,3.288673979659211,4.955426439844842,-0.834244979943562,0.0026399701334646484,-0.0035143718724712407,0.5513764532395288,-0.15715477519682147,-0.17730795489366225,-0.0021970426344310994,-0.0006512173854389403,-0.001025360847961565,0.021249405835988,13357,555000000,25.53,0,2,4,-2.43819372176513,1.1380093405936622,4.916474244865007,-2.43819372176513,1.1380093405936622,4.916474244865007,48.16638231277466
-4.756643907567153,3.176116338729032,5.0,-2.427537553629773,3.3026049272474904,4.9553623926442825,-0.8353396872038543,0.0027493249933175923,-0.003463142080295807,0.5497163403439806,-0.1487670677211499,-0.18113746326010566,-0.002301145316549734,-0.0005597785900590679,-0.0008706553217052715,0.018991087017639074,13357,788000000,25.77,0,2,4,-2.4822619010757987,1.155405012692491,4.916688683894182,-2.4822619010757987,1.155405012692491,4.916688683894182,48.578604221343994
-4.823254445927119,3.1517548076050006,5.0,-2.472662169219998,3.3146276094520513,4.955302419510636,-0.836299720034039,0.002867882236196369,-0.0034370097666562133,0.548254266272804,-0.14139182119172006,-0.18491344692682368,-0.002187445127828809,-0.0007930974220471398,-0.0007274872814377886,0.01646770615479909,13358,32000000,25.99,0,2,4,-2.5264615636504772,1.1806533349570758,4.917035705087033,-2.5264615636504772,1.1806533349570758,4.917035705087033,48.958447217941284
-4.889404717734269,3.125933340311662,5.0,-2.5179620628970305,3.324965825427583,4.955268813271918,-0.8371379444040892,0.002969573139748627,-0.0034166595535636414,0.5469730981609229,-0.1351469292789115,-0.18853524003435168,-0.002085577123332603,-0.0006572096594936738,-0.0006024035144491791,0.014535520494973753,13358,250000000,26.19,0,2,4,-2.570809409140539,1.2118814464556018,4.917471132448147,-2.570809409140539,1.2118814464556018,4.917471132448147,49.373366355895996
-4.889404717734269,3.125933340311662,5.0,-2.568032180744911,3.334631771327227,4.95525934945682,-0.8379283120841181,0.0030617100261576113,-0.0033977155933709513,0.5457611430546541,-0.12912276178238238,-0.19236954593399563,-0.001988971449786726,-0.0005351015829546668,-0.0004928678833948652,0.012144640277256258,13358,527000000,26.38,0,2,4,-2.6152935369676134,1.247554084677436,4.917942397007728,-2.6152935369676134,1.247554084677436,4.917942397007728,49.80374479293823
-4.955060768505769,3.0986553823329843,5.0,-2.6137802710707843,3.3420131482981374,4.9552731409140485,-0.8385378527049907,0.0031302991536293016,-0.00338287552916883,0.544823849479138,-0.12415697411397493,-0.1956233060304039,-0.001919727525169906,-0.00036948897559341276,-0.00041712009419825335,0.010439258494443493,13358,800000000,26.56,0,2,4,-2.6644063539241807,1.2902991580589338,4.918493260031067,-2.6644063539241807,1.2902991580589338,4.918493260031067,50.20269465446472
-5.020188450021896,3.0699251662608846,5.0,-2.6642530725425284,3.3487907233978143,4.955293662876154,-0.839087859379287,0.003181146942949971,-0.003354987185010559,0.5439762757762525,-0.11933337438981358,-0.19814273281363112,-0.0019608157817837717,-0.00021217032610820752,-0.0004112430445957216,0.008322940720972838,13359,100000000,26.71,0,2,4,-2.7093908593044556,1.3298375009873236,4.918988560179599,-2.7093908593044556,1.3298375009873236,4.918988560179599,50.63673949241638
-5.084753436313343,3.039747725125622,5.0,-2.728596265394664,3.355665686158778,4.955309118989246,-0.8396384238369763,0.003240642673521407,-0.003324527496668671,0.543125918152084,-0.11379888730370627,-0.20103080712195456,-0.002050050596470318,-0.00035092720338525396,-0.0003772959871639614,0.00623324585831142,13359,351000000,26.86,0,2,4,-2.7594283495580236,1.3710566572583063,4.919503045204156,-2.7594283495580236,1.3710566572583063,4.919503045204156,51.20864725112915
-5.148721240196228,3.008128905536137,5.0,-2.7884963920124286,3.3607850697530384,4.955293649829048,-0.8400766533870667,0.003249085697737037,-0.0032900067779626343,0.5424480027906042,-0.11680741844356073,-0.20088276561677748,-0.0020895805280091084,0.0016273317896775552,0.0004842945457994574,0.009377757851325441,13359,582000000,27.04,0,2,4,-2.8242289964441296,1.412719622287206,4.920057812773545,-2.8242289964441296,1.412719622287206,4.920057812773545,51.759140968322754
-5.212057230359671,2.9750753806135473,5.0,-2.8490102835235707,3.3704000363065116,4.955300705451414,-0.841183746583265,0.0029919653390676247,-0.003313994430405887,0.5407309590438356,-0.14929785520670624,-0.19012443257223746,-0.0021108102738906834,0.0015673569123464404,0.002040944582404336,0.027305963521939702,13359,793000000,27.19,0,2,4,-2.885382211077204,1.4342725499027789,4.920427236394175,-2.885382211077204,1.4342725499027789,4.920427236394175,52.304681062698364
-5.274726649010381,2.9405946627005166,5.0,-2.9109661733072163,3.392869680957938,4.955161089658306,-0.8439321790062512,0.0026929326295192365,-0.0034738907042228574,0.5364318758565606,-0.2063207430354519,-0.17015447904106332,-0.003017129899739659,0.0008986903651475586,0.002594912348286016,0.04628023743862286,13360,10000000,27.45,0,2,4,-2.9471228993607466,1.4402168248249259,4.920627302537158,-2.9471228993607466,1.4402168248249259,4.920627302537158,52.845720529556274
-5.3366946300784015,2.9046951158287793,5.0,-2.984767358671855,3.4370006754542417,4.954686230411479,-0.8478102834248111,0.0024114379594502144,-0.0037019519341460238,0.5302812497514751,-0.26110731109315044,-0.15019874341094278,-0.0040340319891297135,0.0009932691455105669,0.0022657680347037967,0.04518711029959377,13360,221000000,27.99,0,2,4,-3.0090709552494657,1.4331323026717835,4.920677461923468,-3.0090709552494657,1.4331323026717835,4.920677461923468,53.41362690925598
-5.397926217987752,2.8673859679266163,5.0,-3.050152803271745,3.4836881921841933,4.95419926470239,-0.8506255384138628,0.002227850231701834,-0.003854265740879016,0.5257531499830215,-0.2723450575020359,-0.1459673054703339,-0.004070824323393707,-0.00026893885660683736,0.0010973901453326107,0.035157263482687995,13360,417000000,28.66,0,2,4,-3.0805261623707785,1.4119619773845067,4.920523736657814,-3.0805261623707785,1.4119619773845067,4.920523736657814,53.920249462127686
-5.458386386995352,2.82867732274762,5.0,-3.1005000367013658,3.516912891353071,4.95387971826514,-0.8522082939629071,0.0022492792357809224,-0.0038965859505589017,0.5231833149687407,-0.2514514791391372,-0.15399807845098562,-0.0037392812100356145,-0.0008152100235747639,-0.0001947058123619172,0.027037118525186088,13360,607000000,29.08,0,2,4,-3.142204913488182,1.3867577928122707,4.9203062823661545,-3.142204913488182,1.3867577928122707,4.9203062823661545,54.35839033126831
-5.518040061101152,2.7885801715016205,5.0,-3.155443932811293,3.5464571904790128,4.953598259777413,-0.8536559762673985,0.002439126113645291,-0.003865424222392771,0.5208172264262554,-0.21735025587433876,-0.16760839071418018,-0.0033930480985378255,-0.0014293132608145243,-0.0015193931858448195,0.023945269640535116,13360,804000000,29.28,0,2,4,-3.1891470089665748,1.369198265846135,4.920267906129754,-3.1891470089665748,1.369198265846135,4.920267906129754,54.88727831840515
-5.576852134532016,2.7471064041681794,5.0,-3.2147086722783405,3.569711042508036,4.953363043057011,-0.8550761641095174,0.0026962625476645947,-0.003767127365221318,0.5184817185701359,-0.18425398825639613,-0.18089269828485924,-0.0030354786457108137,-0.0010945595818157017,-0.001787681662790419,0.021182149430387653,13361,26000000,29.45,0,2,4,-3.2400530478791794,1.360408857591965,4.920396319246186,-3.2400530478791794,1.360408857591965,4.920396319246186,55.357465744018555
-5.634787492801395,2.704268820472575,5.0,-3.2684832656317258,3.5838623432757974,4.9532241685363525,-0.8561512087190839,0.002895192303930464,-0.003652163396212676,0.5167043519972538,-0.15854350700218794,-0.19154407439348303,-0.0026386159170337944,-0.0010063733498100191,-0.0016931733966885076,0.016511909598193597,13361,233000000,29.63,0,2,4,-3.2950355564514924,1.3643762317307833,4.920728929934306,-3.2950355564514924,1.3643762317307833,4.920728929934306,55.82244110107422
-5.691811034346381,2.660081140503768,5.0,-3.316944534281853,3.5916799731629787,4.953176487780549,-0.8568519806649961,0.003064975938618186,-0.0035576647947041205,0.5155411061924906,-0.13857675165033964,-0.19971617746164358,-0.002246652114858084,-0.0008363715267023508,-0.0015438135164913547,0.01150317284555058,13361,460000000,29.77,0,2,4,-3.3452566668804584,1.378102475736291,4.921194266619953,-3.3452566668804584,1.378102475736291,4.921194266619953,56.28535032272339
-5.747887692743202,2.6145580149533583,5.0,-3.3698209586352186,3.595563594738946,4.9531942170801395,-0.85726683078218,0.0032099089092032965,-0.0034503247438209387,0.5148508255646811,-0.11956511184108867,-0.20760004420023498,-0.001991406756121003,-0.0005450550133900833,-0.0013998282724969613,0.004174407877144404,13361,715000000,29.87,0,2,4,-3.390858104981737,1.396878031503598,4.921753517062098,-3.390858104981737,1.396878031503598,4.921753517062098,56.74593138694763
-5.802982459501712,2.567715034954065,5.0,-3.417542658575773,3.5954239249881987,4.953256605483252,-0.8572865176006703,0.0033199074119292485,-0.0033636981070830486,0.5148179197443847,-0.10461881252522257,-0.21378537308980108,-0.0017963374212745437,-0.00046756410370107915,-0.0012160565233898524,-0.002154314461222384,13361,982000000,29.91,0,2,4,-3.4409933131083896,1.4226442379927804,4.922493940451734,-3.4409933131083896,1.4226442379927804,4.922493940451734,57.17822337150574
-5.857060407438873,2.519568741495847,5.0,-3.469698439345892,3.5918436533356237,4.953356187581957,-0.8569521986867873,0.0034366147118859887,-0.0032878937681171906,0.5153739502533793,-0.09022662959685845,-0.21969170484802142,-0.0017236654567193634,-0.0004162009560104707,-0.0011104313898613327,-0.00880537354532862,13362,250000000,29.88,0,2,4,-3.4865141195590708,1.4493333197158627,4.923259306133855,-3.4865141195590708,1.4493333197158627,4.923259306133855,57.6094126701355
-5.910086714630622,2.4701366343972957,5.0,-3.51683337279471,3.5859005275698106,4.953475581942412,-0.856340138748639,0.0035153372186900044,-0.0032163701135948003,0.5163902246707358,-0.07859764237220046,-0.22432807214644218,-0.0015625218051719997,-0.00032354242023302504,-0.001025942162868887,-0.014022594859852688,13362,513000000,29.77,0,2,4,-3.5365175530730495,1.4810990110376472,4.924166570710684,-3.5365175530730495,1.4810990110376472,4.924166570710684,58.01140999794006
-5.962026688940954,2.4194371808094957,5.0,-3.559049932852599,3.578632809636393,4.953621339855985,-0.8555567415689398,0.003589116805706266,-0.0031629717256169278,0.5176869476878436,-0.06898182086302487,-0.22810505267825434,-0.0013442820745847017,-0.0003836530453327214,-0.0009768802442522428,-0.018717534840106964,13362,800000000,29.62,0,2,4,-3.581930752540038,1.5113575270760455,4.9250103529514915,-3.581930752540038,1.5113575270760455,4.9250103529514915,58.426684856414795
-6.012845793126372,2.367489823229123,5.0,-3.610418643571448,3.5675532415666633,4.953854262959359,-0.854314960424036,0.0036653788037642084,-0.0031047352995715767,0.519733464395571,-0.05808245696269867,-0.23229082795119121,-0.0011123215832163937,-0.0002943234107988246,-0.0008530212426194339,-0.024305330771312583,13363,63000000,29.44,0,2,4,-3.6227858909150696,1.5392256058334426,4.92577347666883,-3.6227858909150696,1.5392256058334426,4.92577347666883,58.89883375167847
-6.012845793126372,2.367489823229123,5.0,-3.6708345072636432,3.551741056599757,4.954195859655444,-0.8524711899364894,0.003737666919388423,-0.00305065884267166,0.522751942755731,-0.04764752208852456,-0.23608322454525785,-0.0009123548022477226,-0.0003778355448957882,-0.0007110961178113939,-0.027966510060650762,13363,261000000,29.17,0,2,4,-3.6727637080214546,1.5731627538442352,4.926707467258309,-3.6727637080214546,1.5731627538442352,4.926707467258309,59.429542779922485
-6.062509670513252,2.314314986997085,5.0,-3.7358849606630296,3.534141593288232,4.954588575324639,-0.8507476895296527,0.0037366023734999657,-0.0029971276827963104,0.5255524938465356,-0.06481056389284702,-0.2293587915366683,-0.001089744820011759,0.0021483105001607328,0.000726143559859338,-0.004337878658589034,13363,496000000,28.78,0,2,4,-3.7322266023027786,1.6077768219132085,4.927765888417306,-3.7322266023027786,1.6077768219132085,4.927765888417306,59.98591089248657
-6.110984171244919,2.259934087258609,5.0,-3.8025420995600494,3.5327019515641385,4.95475856929254,-0.8520311135926825,0.003389294026052259,-0.0030756132915493845,0.5234711403304856,-0.13856136312524997,-0.20136934428063397,-0.002073809773057993,0.001157212557245657,0.002478964483998425,0.022818085926701315,13363,723000000,28.43,0,2,4,-3.7970760801327286,1.6282099080084194,4.928720999753564,-3.7970760801327286,1.6282099080084194,4.928720999753564,60.534539461135864
-6.158235379094583,2.204369535360273,5.0,-3.8667680584607056,3.550740871802825,4.954562909954293,-0.8532043902803392,0.003101764572554215,-0.0032927448344805214,0.5215570968689294,-0.20411318184480903,-0.1777022850678232,-0.0034061873852208975,0.0011242234563724196,0.0028531432917588972,0.00439120706232643,13363,943000000,28.67,0,2,4,-3.862474034660148,1.6257718901142753,4.9293978097105695,-3.862474034660148,1.6257718901142753,4.9293978097105695,61.06956434249878
-6.204229638839507,2.147644744659009,5.0,-3.943494989227571,3.5905791172809947,4.9539565414283055,-0.8525031570546351,0.002776749056281864,-0.003605325579548728,0.5227022656388856,-0.2593550945761822,-0.15862852605496916,-0.004801026248684901,0.00022462195943262486,0.0026624177507983404,-0.01258614129255875,13364,161000000,28.8,0,2,4,-3.923303920825271,1.605694522480796,4.929814016667144,-3.923303920825271,1.605694522480796,4.929814016667144,61.694995403289795
-6.24893358419099,2.0897841357178186,5.0,-4.011318846194631,3.636405171826918,4.9531695930369946,-0.8517620111131319,0.0025675681959388026,-0.0038377349347323226,0.5239085376367163,-0.2768850740028135,-0.15231888465215448,-0.005383427019392213,0.0012127895502089814,0.0017301113985013217,-0.005797113362859818,13364,376000000,28.38,0,2,4,-3.993168198550787,1.5654487040324998,4.929976017364183,-3.993168198550787,1.5654487040324998,4.929976017364183,62.22520303726196
-6.2923141662739965,2.030813140862436,5.0,-4.068320285793386,3.673011002097014,4.952579024956955,-0.8517152937534862,0.0024031408957928477,-0.003884149826652238,0.5239849202795552,-0.2518283332966243,-0.1609028759133868,-0.0047138815956032,-0.00023588802449125978,0.00037620605723986955,0.0026063811219501076,13364,574000000,27.94,0,2,4,-4.05312055745562,1.5211002851568087,4.9299247176842576,-4.05312055745562,1.5211002851568087,4.9299247176842576,62.69347596168518
-6.3343386826493955,1.9707582080728947,5.0,-4.124139283738998,3.6998601435022387,4.952135379239469,-0.8520259559249546,0.00254535599829269,-0.003830754017491383,0.5234793376215212,-0.19863535785493985,-0.18027687305639012,-0.003966101192461122,-0.0009929242310136033,-0.0019144026055073482,0.006930349172762362,13364,781000000,27.71,0,2,4,-4.102926082971825,1.4877987101862529,4.929987368893083,-4.102926082971825,1.4877987101862529,4.929987368893083,63.13153266906738
-6.374974806870911,1.9096468041835581,5.0,-4.178505182738327,3.714771607655718,4.951857197816492,-0.8524487585315375,0.0027771171581065083,-0.003667029820417235,0.5227905456209272,-0.1494348572299348,-0.19768754499002453,-0.0030855965021446127,-0.0008989631794520392,-0.0025212115588146844,0.006411040749298991,13364,975000000,27.57,0,2,4,-4.151730280958134,1.4643311960150924,4.930251076377914,-4.151730280958134,1.4643311960150924,4.930251076377914,63.59027433395386
-6.414190618568051,1.847507417364816,5.0,-4.231427099054443,3.71904760678494,4.951744107172796,-0.8526397194574034,0.0029977127009070464,-0.0034803761937385966,0.5224790995855364,-0.10659767539106706,-0.21220835930199944,-0.002340027216223296,-0.0009669777398357837,-0.0024229037308032275,-0.0006092193331141971,13365,170000000,27.5,0,2,4,-4.199680451979172,1.4512638678052017,4.930714018382888,-4.199680451979172,1.4512638678052017,4.930714018382888,64.04359245300293
-6.4519546340452365,1.7843695588594015,5.0,-4.278309309731144,3.714996036086972,4.951768303543862,-0.8522715170032398,0.003201055892430917,-0.003330458971744811,0.5230792698905276,-0.07249537828690815,-0.22307917549543124,-0.0017856550051317875,-0.0008714333773696126,-0.002292229396516632,-0.012037871329084737,13365,400000000,27.4,0,2,4,-4.24703837008207,1.446629578513421,4.931367469625191,-4.24703837008207,1.446629578513421,4.931367469625191,64.49306988716125
-6.488235837386567,1.720263763945857,5.0,-4.324053323450604,3.7044783535108747,4.951874919206676,-0.8511954773889956,0.003379878315240506,-0.0031861134629266085,0.524828242738608,-0.0422444231976512,-0.2318582849822562,-0.0015187834309365856,-0.000715112855687039,-0.002177608212150517,-0.026725953648565337,13365,652000000,27.21,0,2,4,-4.289761890477743,1.4481129902222412,4.932109753517875,-4.289761890477743,1.4481129902222412,4.932109753517875,64.93156170845032
-6.523003712054525,1.6552215921015208,5.0,-4.36430080240968,3.690234350248464,4.952018533539561,-0.8495380672302899,0.003518242870003461,-0.0030687740876131154,0.5275066605449927,-0.017698762260853446,-0.2383505328264528,-0.0013132368981312675,-0.0005929740098054026,-0.001966063882719027,-0.040548103061155416,13365,930000000,26.9,0,2,4,-4.332247382352296,1.45362817916161,4.932966216091857,-4.332247382352296,1.45362817916161,4.932966216091857,65.36551713943481
-6.55622827296996,1.5892756263370473,5.0,-4.412397800161362,3.667550274626564,4.952249472650623,-0.8466730425440657,0.0036889636276358586,-0.00295719843660979,0.5320924783850406,0.009397903296232404,-0.24439396443103703,-0.0011323442447211745,-0.0007850314148072357,-0.0018675441992854758,-0.05643453405355103,13366,202000000,26.48,0,2,4,-4.370281374067285,1.461038533987917,4.933824602514141,-4.370281374067285,1.461038533987917,4.933824602514141,65.77405071258545
-6.587880099059713,1.5224594716742677,5.0,-4.450899652599741,3.6452428810663404,4.952457036708742,-0.8436573386459516,0.003815844881131911,-0.0028721695004272924,0.5368607686533202,0.029529529178373225,-0.24796753112337716,-0.0011830816470545379,-0.0006555082222803321,-0.001791674708329083,-0.06691962335025892,13366,468000000,25.82,0,2,4,-4.416527341541086,1.4722093864399588,4.934973477706914,-4.416527341541086,1.4722093864399588,4.934973477706914,66.23831105232239
-6.617930366256996,1.4548077527390042,5.0,-4.497037050474172,3.614093557514332,4.95271277711803,-0.8393130434095665,0.003981086571731778,-0.0027920276587363978,0.5436266832062534,0.051760348902957685,-0.2508388814516148,-0.0012470055523214141,-0.0008380847020816873,-0.0017187232401738584,-0.07783271721564233,13366,763000000,25.15,0,2,4,-4.454179726031346,1.4824156660153622,4.9359856359153,-4.454179726031346,1.4824156660153622,4.9359856359153,66.68537211418152
-6.6463508809387175,1.3863561104401976,5.0,-4.542245784308647,3.579364974019243,4.952971481507142,-0.8343183578385025,0.004121576646433999,-0.0027251220049236114,0.5512607949869734,0.07155071882777907,-0.25194610938337525,-0.0013388791227371762,-0.0006637719593527436,-0.0015411909998874762,-0.08699063691892661,13367,34000000,24.22,0,2,4,-4.499972424114209,1.4955259504376677,4.937293669609136,-4.499972424114209,1.4955259504376677,4.937293669609136,67.19789671897888
-6.673114113782642,1.3171411977066247,5.0,-4.5986815811910295,3.531296132834728,4.953257764073193,-0.8273142695396501,0.00424793482100732,-0.002637049252937833,0.5617171000041473,0.0862497632329643,-0.24987707477773963,-0.0015698173253237309,0.00019897237564237003,-0.0013647238574776566,-0.08599556967965327,13367,258000000,23.19,0,2,4,-4.54555086098661,1.50873571089522,4.9386422246166175,-4.54555086098661,1.50873571089522,4.9386422246166175,67.79597234725952
-6.698193234026185,1.2472006742522705,5.0,-4.670919558656703,3.4740514440285692,4.953574331099683,-0.8201531666836962,0.004240914450136281,-0.0024989688687894265,0.5721228478027464,0.05456673113705355,-0.23583717146972102,-0.0017000566138158774,0.0007922269844584662,-0.00028752879757121264,-0.04345077250036411,13367,454000000,21.78,0,2,4,-4.603275834858034,1.5248850480688498,4.940382575033691,-4.603275834858034,1.5248850480688498,4.940382575033691,68.5422134399414
-6.721562144107404,1.1765732003413591,5.0,-4.724063877222925,3.445802087147772,4.9536887892651205,-0.8179299148335302,0.004106261901171422,-0.0024450284882841854,0.575298022653741,0.006491410886949109,-0.22198584865326637,-0.0019256142916660086,0.002485018057996058,0.0009874433033019159,-0.013752708400716074,13367,679000000,20.38,0,2,4,-4.676941754274824,1.5434071172113595,4.942651790280348,-4.676941754274824,1.5434071172113595,4.942651790280348,69.09798240661621
-6.74319551466748,1.1052984295239994,5.0,-4.7701260456412555,3.4344765412025575,4.953674684872908,-0.8179143904431698,0.003792492743032385,-0.002455204957464849,0.5753222043980126,-0.04676673950826476,-0.20808738031243604,-0.0021617420289182596,0.0019362727925908985,0.002113810796799953,0.009070916166820098,13367,907000000,19.93,0,2,4,-4.729726841296655,1.5518190592626728,4.9442714784845405,-4.729726841296655,1.5518190592626728,4.9442714784845405,69.58451271057129
-6.763068819892748,1.0334170003132817,5.0,-4.8171743588517915,3.4338202747286655,4.9535509610293404,-0.8189251554441251,0.0035025229916687936,-0.0025469099692808426,0.5738839912065127,-0.0891445091453246,-0.19711351568166796,-0.002506798050333865,0.0015042297832223994,0.0022780074687034357,0.020876853159279563,13368,108000000,19.87,0,2,4,-4.7740125368127195,1.5462877952856828,4.945373824628173,-4.7740125368127195,1.5462877952856828,4.945373824628173,70.05167961120605
-6.781158373172982,0.9609705267747856,5.0,-4.860622611505302,3.4403304260099468,4.953355258143774,-0.8203162013583577,0.0032733829522411132,-0.0026379733544229346,0.5718947943893383,-0.11880108197747694,-0.18913145222315583,-0.0028053307018688174,0.001240102949395805,0.002041781181105762,0.026731761136034038,13368,319000000,19.98,0,2,4,-4.817874945134881,1.523837868351918,4.94600527304797,-4.817874945134881,1.523837868351918,4.94600527304797,70.46908068656921
-6.797441363051352,0.8880015879993646,5.0,-4.908926982082776,3.453318265424207,4.9530364356197145,-0.8221779851045445,0.0030592149473068924,-0.002735490393550826,0.569215705252099,-0.1429495822669389,-0.1816718341034882,-0.0033311263518828625,0.0009903947443490324,0.0018527507904764207,0.03200173014192842,13368,495000000,20.14,0,2,4,-4.857397061601575,1.4896299179616803,4.946124179497559,-4.857397061601575,1.4896299179616803,4.946124179497559,70.93053817749023
-6.81189588944001,0.8145537164302753,5.0,-4.95751129071799,3.470773080664634,4.952607639387223,-0.824306801685402,0.0028816320918171844,-0.002822782449932249,0.5661289824685811,-0.15892887787491522,-0.17557601782009025,-0.0037000589254827234,0.0009310524376360263,0.0015940994103402772,0.032972709959722124,13368,704000000,20.37,0,2,4,-4.900422017360334,1.4408483561957268,4.945890940903385,-4.900422017360334,1.4408483561957268,4.945890940903385,71.41509294509888
-6.824501000073965,0.7406713850157627,5.0,-5.005889300951714,3.48923456695782,4.952171657647332,-0.8259267618918069,0.0027308399817985588,-0.002901820329132084,0.5637633421416168,-0.14996888484690307,-0.17552581870453537,-0.0035342919070238087,-0.0008474202786601381,0.0009453175664475566,0.01466227404307574,13368,899000000,20.63,0,2,4,-4.942817410982149,1.3868038363714728,4.945540753841229,-4.942817410982149,1.3868038363714728,4.945540753841229,71.87735962867737
-6.835236727174377,0.6663999931584091,5.0,-5.056818445789943,3.497521281297066,4.951708759303091,-0.8249325798748834,0.0029321391157742455,-0.002958681091731423,0.5652157883741145,-0.07298849993070128,-0.19368863582336693,-0.0036552975560554014,-0.0017261787547795393,-0.001511891093741724,-0.03322696684335824,13369,103000000,20.79,0,2,4,-4.984341067432401,1.3358446441868612,4.94529576002353,-4.984341067432401,1.3358446441868612,4.94529576002353,72.35702776908875
-6.8440841242909745,0.5917858514327947,5.0,-5.101291948739954,3.489474973223743,4.951265436711805,-0.8222313239476912,0.0031798805903851977,-0.0029040363219916135,0.569137158206788,-0.007548971480038062,-0.20866771083479016,-0.0038485397338894065,-0.0014667511777588516,-0.0020207229454172193,-0.05053002605563961,13369,327000000,20.43,0,2,4,-5.028569218869864,1.2880195928582086,4.945220184409954,-5.028569218869864,1.2880195928582086,4.945220184409954,72.79097771644592
-6.851025303291818,0.5168761650432264,5.0,-5.140116437456687,3.470717304044233,4.950847230200019,-0.8190210340427551,0.0033895940720929272,-0.0028354012152893336,0.5737464744532297,0.04485343229132172,-0.2193141838933518,-0.004016174300994156,-0.0014688821579511568,-0.0019948659200963448,-0.061320119493757375,13369,603000000,19.77,0,2,4,-5.0680541503134675,1.252308857830347,4.945344684509068,-5.0680541503134675,1.252308857830347,4.945344684509068,73.26531505584717
-6.856043471467056,0.44171901599366026,5.0,-5.177475657158806,3.4425489824692708,4.950408455878432,-0.8149061158835278,0.0036269572355534575,-0.002777950532376149,0.5795749739832399,0.09178122257706921,-0.22607509650093904,-0.0042850507377542235,-0.0016477035387651995,-0.002246193071187008,-0.07885065715527162,13369,967000000,19.03,0,2,4,-5.103166717499863,1.225355252486717,4.945607876632442,-5.103166717499863,1.225355252486717,4.945607876632442,73.73823833465576
-6.859122968711804,0.366363343942322,5.0,-5.213371453439363,3.406462698404287,4.949946993687584,-0.809731395635987,0.0038855280355234193,-0.002709463749513279,0.5867815849185044,0.1321390765666735,-0.22876719996627512,-0.004542561395833819,-0.001788539907465747,-0.002579004217295733,-0.09595189621904865,13370,231000000,18.14,0,2,4,-5.137664770505915,1.2024739392079866,4.945997287963357,-5.137664770505915,1.2024739392079866,4.945997287963357,74.22411847114563
-6.860249304751699,0.2908589257138678,5.0,-5.25129206124441,3.3594381426885955,4.949406079475811,-0.8029221382277528,0.004193947133460266,-0.0026412940341692497,0.5960633140170933,0.16914476406807163,-0.2279461674441264,-0.0049418786314215,-0.0016988598304124025,-0.0026660983621695777,-0.1110545672418084,13370,434000000,17.07,0,2,4,-5.171622697801765,1.182592044044252,4.9464987036657755,-5.171622697801765,1.182592044044252,4.9464987036657755,74.70541739463806
-6.85940919637302,0.2152563534425758,5.0,-5.2975087412009465,3.291103244505905,4.948617586150405,-0.7929187436541414,0.004544169956459459,-0.0025523187519430023,0.6093050977550847,0.20717893391814704,-0.22242029375955644,-0.005630450996064238,-0.0016136083672790846,-0.0025473792675256846,-0.12443006125977263,13370,669000000,15.7,0,2,4,-5.208442959624837,1.1630648753262645,4.947153262790536,-5.208442959624837,1.1630648753262645,4.947153262790536,75.2755696773529
-6.856590604617711,0.1396070113204253,5.0,-5.344994329327602,3.210539788363643,4.947653115040615,-0.7811273248986266,0.004826316808393974,-0.0024438788035552137,0.624348329395678,0.231890338734858,-0.2121735865514372,-0.0060772964663703575,0.00023117487302215523,-0.0022211305349628674,-0.1259564218344167,13370,858000000,13.78,0,2,4,-5.254592574876714,1.1403116563339386,4.948100051413131,-5.254592574876714,1.1403116563339386,4.948100051413131,75.92886924743652
-6.8517827719018864,0.06396305092467663,5.0,-5.397360452974193,3.1191446092704496,4.9465246783257095,-0.7682392144019708,0.00483334883889517,-0.002187767669872143,0.6401408922000428,0.2234068760880687,-0.1964721012396599,-0.005830123628984748,0.002273382460771245,-0.0012200844480503292,-0.1082499344192911,13371,87000000,11.59,0,2,4,-5.303173999916451,1.116975087253704,4.949232443066845,-5.303173999916451,1.116975087253704,4.949232443066845,76.6365237236023
-6.844976259014825,-0.01162263489980088,5.0,-5.449186095757981,3.040030017508401,4.945513340515686,-0.7576342364143953,0.00450322711963053,-0.0019116548139575817,0.6526610378551467,0.1781642990046397,-0.18054099425517872,-0.004970306777587954,0.003351105942783761,0.0006878626663819887,-0.08082895292318426,13371,305000000,9.26,0,2,4,-5.357057735856708,1.0900314608366493,4.95059987730288,-5.357057735856708,1.0900314608366493,4.95059987730288,77.3154673576355
-6.836162981953649,-0.08709643962752353,5.0,-5.491757817171189,2.9909044654330565,4.94479630334519,-0.7510466978618833,0.004044760873547756,-0.0018049093718308378,0.6602342310441018,0.1282859143652995,-0.1697617675507425,-0.004147154122413127,0.0030942734838390606,0.0019490715658321278,-0.06297818472376093,13371,530000000,7.37,0,2,4,-5.409545463710155,1.0611453839815115,4.951942895603879,-5.409545463710155,1.0611453839815115,4.951942895603879,77.91002702713013
-6.825336248547242,-0.1624040721318142,5.0,-5.5251435223110015,2.962911630537231,4.944311437338517,-0.7468663367986029,0.0036373700743964365,-0.0018152398676879373,0.6649617653671526,0.0903133855295781,-0.16314049479071346,-0.003541694179297822,0.00241252841988171,0.002431448342576914,-0.05282361162244342,13371,771000000,6.19,0,2,4,-5.451671211953717,1.0352239460589814,4.953021740356588,-5.451671211953717,1.0352239460589814,4.953021740356588,78.38042283058167
-6.81249079482118,-0.23749058727900846,5.0,-5.558419857047684,2.9428835741769985,4.943876352757932,-0.7434234912272856,0.00327832228459301,-0.0018764266128805983,0.6688103201338916,0.05980727931503758,-0.15808874858762986,-0.003175062875582208,0.002007363673328655,0.002342538459743082,-0.041973845873144455,13371,983000000,5.44,0,2,4,-5.484041767592708,1.0132258572644868,4.953840551511839,-5.484041767592708,1.0132258572644868,4.953840551511839,78.8177580833435
-6.797622821053677,-0.3123004180587462,5.0,-5.588499450807118,2.930136754150538,4.9434981489581755,-0.7409933624437436,0.0029822729285071555,-0.0019285413919724347,0.6715029587355471,0.038228003999000656,-0.154419821350287,-0.0030088755696141447,0.0017966922769119265,0.002108711214532377,-0.03201850049663335,13372,187000000,4.8,0,2,4,-5.515792235334946,0.9893696533176997,4.954627538848444,-5.515792235334946,0.9893696533176997,4.954627538848444,79.27637314796448
-6.780730027470835,-0.38677740927057114,5.0,-5.618351580531107,2.921416593453026,4.943114457868782,-0.7391735339919604,0.002722257457862239,-0.0019630428305137913,0.6735066610086454,0.02141130972481632,-0.15132173948839958,-0.0029767444960792444,0.0015609693491569487,0.001737808349844272,-0.023844363749958575,13372,374000000,4.35,0,2,4,-5.544106070369288,0.9648780411419732,4.955284169444946,-5.544106070369288,0.9648780411419732,4.955284169444946,79.74033546447754
-6.761811649527623,-0.46086485278605455,5.0,-5.6479225626046565,2.9158252601822605,4.9427182614987295,-0.7378613194889787,0.0025078227038437856,-0.001989339872321204,0.674944758149985,0.008504750094737617,-0.1484340191399198,-0.002960072441095764,0.0012871463809460693,0.001434739635897131,-0.016391267854487523,13372,593000000,3.99,0,2,4,-5.57185005491352,0.9368330385184745,4.955858053455352,-5.57185005491352,0.9368330385184745,4.955858053455352,80.15248107910156
-6.740868492719295,-0.53450552440425,5.0,-5.685803719329833,2.912064206936093,4.942187334749368,-0.7367747565141837,0.0022850770363196543,-0.0020143584401024523,0.6761314065671539,-0.003918509614637423,-0.1445069558016704,-0.0029529407828972434,0.0010063736453957972,0.0011099182302132249,-0.009369573581352597,13372,819000000,3.72,0,2,4,-5.598994339201511,0.9057782924002454,4.956353643020096,-5.598994339201511,0.9057782924002454,4.956353643020096,80.64436841011047
-6.717902966866081,-0.6076417223171494,5.0,-5.717260233551807,2.911132521575612,4.9417260230628814,-0.7362094677488111,0.0021378475667167924,-0.0020254968590320927,0.6767473284522574,-0.00904271161483437,-0.1413544949149174,-0.0029395218850756565,0.0009472913518493442,0.0005161494328831395,-0.007551967337349197,13373,73000000,3.47,0,2,4,-5.6333855399472545,0.8626832492850931,4.956895888630239,-5.6333855399472545,0.8626832492850931,4.956895888630239,81.16849517822266
-6.692919119812252,-0.6802153072003038,5.0,-5.753402348570277,2.9075725384493674,4.941187840955552,-0.7350991123101761,0.0021224799347811293,-0.0018925319010922844,0.6779536919898886,0.02292576014122958,-0.1381878501777274,-0.0028763433373057506,0.00014068604343719926,-0.0017323056113127677,-0.024016558199946303,13373,389000000,3.32,0,2,4,-5.6617056666194046,0.8252266616779421,4.957274232001628,-5.6617056666194046,0.8252266616779421,4.957274232001628,81.70054388046265
-6.66592267047879,-0.7521677439422926,5.0,-5.782487168551416,2.8930583313232208,4.940708848279292,-0.732290861551699,0.002285156012329189,-0.0017097445396091245,0.6809860122818081,0.0870705938956997,-0.13544162870153392,-0.003172362454274808,-0.0003223267611929259,-0.002616088613649481,-0.04837788037548307,13373,714000000,3.07,0,2,4,-5.694155469504427,0.7810139018880776,4.957623099266706,-5.694155469504427,0.7810139018880776,4.957623099266706,82.19622802734375
-6.636921041207126,-0.8234401450252024,5.0,-5.814725915728603,2.855975905200749,4.939955098523705,-0.726926133851339,0.0025468841198116503,-0.0015122697430708075,0.6867092706127168,0.17519757867103694,-0.1299917475410079,-0.004341368475692378,-0.00036195045822751126,-0.0026835994958673837,-0.06781798147130758,13374,59000000,2.54,0,2,4,-5.720628814031702,0.7436800471182788,4.957811001041425,-5.720628814031702,0.7436800471182788,4.957811001041425,82.75520658493042
-6.605923389329609,-0.8939733155664553,5.0,-5.849321295505206,2.7886328448134825,4.938795676306959,-0.7194477732477941,0.0028369234619694973,-0.001288008436604794,0.6945395557261868,0.25565669043641714,-0.12043366254757912,-0.005602254140639861,-0.0002568077832165727,-0.0025486578124400694,-0.07489018826163374,13374,357000000,1.61,0,2,4,-5.750801430241518,0.6993904332098154,4.957909919833964,-5.750801430241518,0.6993904332098154,4.957909919833964,83.34897136688232
-6.572940637900542,-0.9637078000306676,5.0,-5.8879388352197335,2.683675861997715,4.93703239535711,-0.7100130749231294,0.0030925644741052498,-0.0009961909041391142,0.7041809973911953,0.30729434822492185,-0.10632342703720517,-0.006704392122095848,0.0008497495286974299,-0.0021920541939834948,-0.07149821249186061,13374,571000000,0.48,0,2,4,-5.784101485261818,0.6476524100719664,4.9579092989721465,-5.784101485261818,0.6476524100719664,4.9579092989721465,84.11035752296448
-6.5379855055198695,-1.0325839306182591,5.0,-5.922335329550205,2.5781418879472766,4.935243562895625,-0.7019543642589819,0.003140369934211717,-0.000662362370727402,0.7122146936496988,0.30118374441807455,-0.09446643254771958,-0.0067577360568809265,0.001981805758077826,-0.001091944511699694,-0.05946089331700932,13374,782000000,1.39,0,2,4,-5.8218285829417065,0.5841756714385432,4.957746865609488,-5.8218285829417065,0.5841756714385432,4.957746865609488,84.74789452552795
-6.501072535179841,-1.100541877335473,5.0,-5.947603368190914,2.5038312605784467,4.933928145294491,-0.6968475835883613,0.003020655277700999,-0.0004504379820981252,0.7172127424930338,0.2719349437585823,-0.08775631478383142,-0.006345811721807451,0.0022410305973608047,9.174619108875959e-05,-0.049723895426723175,13374,990000000,2.73,0,2,4,-5.855133035384223,0.5224637188195296,4.957451412868931,-5.855133035384223,0.5224637188195296,4.957451412868931,85.3553557395935
-6.462218122063195,-1.1675216997484856,5.0,-5.971934521359546,2.4393343164536274,4.932699777352551,-0.6926792297932461,0.0027622720865974892,-0.00034313031222505297,0.7212404153453574,0.23151212611467478,-0.08243201884751009,-0.005741491794532381,0.0020953833882231265,0.0013577447703028156,-0.039500176353612915,13375,188000000,3.61,0,2,4,-5.87906823158356,0.4740015120634057,4.957149809258563,-5.87906823158356,0.4740015120634057,4.957149809258563,85.91924595832825
-6.421440540219725,-1.2334634004219198,5.0,-5.995211653232937,2.3856855013492155,4.931545924018789,-0.6894389067139255,0.002425313099515886,-0.00034126703938300307,0.7243396960696578,0.191155850398479,-0.07813170768490008,-0.005208344324097191,0.0016359485698558274,0.002067330001409573,-0.02995916729560122,13375,398000000,4.34,0,2,4,-5.901615982750096,0.4244222842387228,4.956792645488262,-5.901615982750096,0.4244222842387228,4.956792645488262,86.47298574447632
-6.378759968046356,-1.298306980039814,5.0,-6.0173674959122065,2.341930329341024,4.930451036820911,-0.6869917548246521,0.002091600176389984,-0.0004004733220095794,0.7266620904056887,0.1565101147150932,-0.07442728525941285,-0.004732500588992494,0.0014392187608791573,0.002101761219819309,-0.022013096713635605,13375,651000000,4.92,0,2,4,-5.922672869920412,0.37373078757136136,4.95638790774839,-5.922672869920412,0.37373078757136136,4.95638790774839,87.01524305343628
-6.334198512494224,-1.3619924942046309,5.0,-6.038376802213904,2.306299457427637,4.9294303562680035,-0.6852469941017998,0.0017873143431779408,-0.00045698691288293357,0.7283084193834697,0.12869170976419378,-0.07086713290860566,-0.004290791976495383,0.0013025988891968154,0.0018441874544805614,-0.01495077476647566,13375,876000000,5.38,0,2,4,-5.9422139074799425,0.321980217270635,4.9559380329705185,-5.9422139074799425,0.321980217270635,4.9559380329705185,87.52987360954285
-6.287780231924655,-1.4244601119072358,5.0,-6.056671652773364,2.279154703344346,4.928530810383808,-0.6842084610995949,0.0015398643603390916,-0.0004937619199737881,0.7292846952847989,0.10828547688840817,-0.0672146827902316,-0.004028162247219918,0.0012155250374235038,0.0015234310694722808,-0.009067739028978394,13376,125000000,5.72,0,2,4,-5.96021504797888,0.2691888736055037,4.9554040970815505,-5.96021504797888,0.2691888736055037,4.9554040970815505,87.99417328834534
-6.239531157534259,-1.4856501756582063,5.0,-6.072433914583441,2.258030119474039,4.9277488484547005,-0.6836736391445289,0.0013461099705343927,-0.0005018274382120951,0.7297864696581086,0.0946631610166607,-0.06344256343250507,-0.0037261037028260766,0.0014235940966500493,0.0010282253697369015,-0.004781881716553471,13376,343000000,5.95,0,2,4,-5.9754273408135345,0.21963069829688003,4.9548834619995805,-5.9754273408135345,0.21963069829688003,4.9548834619995805,88.49537491798401
-6.189479313267984,-1.5455032632678436,5.0,-6.089699095478474,2.2350897122020053,4.926904282502358,-0.6834039957508418,0.0011744155982503408,-0.0003997530332538722,0.7300393410887513,0.09477395239263593,-0.05725725160907578,-0.003288560304924128,0.0017619376535549236,-0.0003323596473592261,-0.0022510864482683246,13376,603000000,6.09,0,2,4,-5.988114044206349,0.17358005709754082,4.954399193641418,-5.988114044206349,0.17358005709754082,4.954399193641418,89.03526759147644
-6.137654734137321,-1.603960251259457,5.0,-6.105251877785623,2.2085259505201345,4.926173180735914,-0.6831332212449382,0.00112632502020772,-0.0001398846362222954,0.7302928959367957,0.11992739342952918,-0.04840477544263576,-0.0028789054508495523,0.001966146510312683,-0.0016857287619131966,-0.00382495459234633,13376,918000000,6.2,0,2,4,-6.001486219054901,0.11846072053378937,4.953834080388807,-6.001486219054901,0.11846072053378937,4.953834080388807,89.60763335227966
-6.08408948285958,-1.660962379897295,5.0,-6.117864929240981,2.175910613963417,4.925578432370623,-0.6827024321597902,0.0011521342274399414,0.00018174085741114144,0.7306955786646651,0.158983768741136,-0.03830643490849055,-0.0027517578283157867,0.0017715293893161288,-0.0021317251594155096,-0.00579078150622081,13377,256000000,6.31,0,2,4,-6.013051989729949,0.06263767932427909,4.953254276015807,-6.013051989729949,0.06263767932427909,4.953254276015807,90.12626004219055
-6.028817664732745,-1.716451319807343,5.0,-6.129399742218943,2.127445339304287,4.924944777571622,-0.6820871862462676,0.0012058451168427363,0.0005307335393830211,0.7312696729785213,0.2161542926305518,-0.02511065437985851,-0.0030437628630324053,0.0019319928696859279,-0.0020704644157376606,-0.005973611177978455,13377,605000000,6.43,0,2,4,-6.022785704660218,0.006157457662547477,4.952682551703606,-6.022785704660218,0.006157457662547477,4.952682551703606,90.6193220615387
-5.971875440659106,-1.7703692401658633,5.0,-6.13923958530124,2.059241998177626,4.924225252852824,-0.6816763898156885,0.0012352707350772446,0.0008980952198463633,0.7316522173130048,0.2694063689658189,-0.011619953394272868,-0.0034902612512452786,0.0016969804050859238,-0.0018882329754887905,-0.0011700231652866933,13377,877000000,6.63,0,2,4,-6.030084418311255,-0.046510133848395876,4.9521744857267525,-6.030084418311255,-0.046510133848395876,4.9521744857267525,91.21150994300842
-5.9133010382297755,-1.8226588784270257,5.0,-6.147026000984097,1.9726307782804549,4.923388368066995,-0.681885602019641,0.0012737755654917513,0.0012464977088404003,0.731456662761084,0.3018573952319547,-0.0006857430938345564,-0.003939868771942552,0.001443424582703301,-0.0015888708958300413,0.005489648219736409,13378,122000000,6.79,0,2,4,-6.036478542847097,-0.10848002577711909,4.9516104642580485,-6.036478542847097,-0.10848002577711909,4.9516104642580485,91.7944004535675
-5.853134760780966,-1.8732636115574528,5.0,-6.1529987005612625,1.8689300076498194,4.922408011053232,-0.6830190851987247,0.0012728901689178721,0.001566560047868624,0.73039773746537,0.30233500484472464,0.00647543954638667,-0.004037945996505006,0.0013595149084721925,-0.0008961214859937172,0.012963374683749862,13378,378000000,6.87,0,2,4,-6.040661425592391,-0.17542369253055895,4.951047048841928,-6.040661425592391,-0.17542369253055895,4.951047048841928,92.48376297950745
-5.791418994331977,-1.9221275287416824,5.0,-6.156663909514878,1.7636245082946984,4.921429146141272,-0.6850521754272418,0.001198553504128167,0.0017666185894845148,0.7284908780970838,0.27723559930253405,0.010182247300522515,-0.0037717562068617745,0.0007758044375805184,0.00013256950666118428,0.017863206085166894,13378,653000000,6.86,0,2,4,-6.041954016422319,-0.2518338296493834,4.95043625252684,-6.041954016422319,-0.2518338296493834,4.95043625252684,93.18952965736389
-5.728198212313908,-1.9691955055186912,5.0,-6.1578597515067335,1.6949264699918967,4.920775035504993,-0.6868310691793889,0.001096932419641344,0.0017991264186537578,0.7268140355643209,0.25029426959178414,0.011758381626677982,-0.003421648473030467,0.0005972491635475308,0.000736957554181572,0.01967555290320888,13378,903000000,6.75,0,2,4,-6.039271680222555,-0.33316417076251276,4.949833938361777,-6.039271680222555,-0.33316417076251276,4.949833938361777,93.74437236785889
-5.6635189779972706,-2.014413279305643,5.0,-6.157768248327128,1.6253075131929606,4.92012348565235,-0.6890549381016756,0.0009181889247264093,0.0017553039972297631,0.7247064013203358,0.21425473536398876,0.01384910587525999,-0.0027713102356330707,0.0006208332251844695,0.0012627552678168286,0.020935588509019,13379,146000000,6.64,0,2,4,-6.034811863850683,-0.39203793057752023,4.949437137341914,-6.034811863850683,-0.39203793057752023,4.949437137341914,94.36982822418213
-5.59742994452607,-2.057727526260811,5.0,-6.156335184774299,1.5733748311935423,4.919671113385904,-0.6910478928581566,0.0007351045893990182,0.0017008931332828793,0.7228065967878913,0.1861888741206234,0.01633258353110036,-0.002217114897236879,0.0008384909733649692,0.0013137486803316278,0.02140654996765079,13379,382000000,6.5,0,2,4,-6.02704605270347,-0.45989206053476545,4.9490089168326366,-6.02704605270347,-0.45989206053476545,4.9490089168326366,94.92312669754028
-5.529981852465275,-2.0990859394333827,5.0,-6.154088511512913,1.534606923549409,4.919362499408287,-0.6927614363203651,0.0005699646518269916,0.0016678669301024639,0.7211646730862127,0.16697964575587204,0.019099168507664147,-0.0018050405699268322,0.0008444721743217087,0.0011583258469727298,0.021732780078309588,13379,635000000,6.38,0,2,4,-6.018065366343193,-0.5184636720105136,4.948658884252004,-6.018065366343193,-0.5184636720105136,4.948658884252004,95.43075489997864
-5.461227524768241,-2.1384373081434203,5.0,-6.150070676390597,1.4931244729548945,4.919098629846991,-0.6948194925829005,0.0004056566926260093,0.001666777190060609,0.7191821257673794,0.1536089879111267,0.023762047152954394,-0.0012921677243226469,0.0010325793709853315,0.0005707968909973715,0.022290849119599443,13379,899000000,6.29,0,2,4,-6.008181928529694,-0.5721181063312165,4.948364688901216,-6.008181928529694,-0.5721181063312165,4.948364688901216,95.95140814781189
-5.391221859070367,-2.1757315985306627,5.0,-6.144374714899024,1.4533052574942709,4.918946545250632,-0.6969475414058472,0.0002905911038449718,0.0017424679584653337,0.7171199368938008,0.15417551868392088,0.029722442010060246,-0.0008853133850319631,0.0011729108109648223,-0.00019961608899166094,0.023801119095878676,13380,142000000,6.14,0,2,4,-5.996825548307108,-0.6252842225370414,4.948112790827786,-5.996825548307108,-0.6252842225370414,4.948112790827786,96.50379681587219
-5.320021817215077,-2.210920035206205,5.0,-6.136775952459323,1.4112299052420718,4.918900496237084,-0.6992962778410949,0.00023160828240499567,0.0019015272017422896,0.7148293826847736,0.1692961843054424,0.036772875519639855,-0.0006063975705308263,0.0014450091839535162,-0.0008014738057227078,0.02669859313755296,13380,375000000,5.99,0,2,4,-5.982780036863393,-0.6823262285513885,4.9478700665012925,-5.982780036863393,-0.6823262285513885,4.9478700665012925,97.06219387054443
-5.247686411918379,-2.2439551839362215,5.0,-6.126250306541642,1.360127445468407,4.91893572706317,-0.7021322803739742,0.00017815937427917298,0.0021329581716854357,0.7120433130122898,0.19495897141085936,0.044714140281747757,-0.0005289442907830256,0.001641928770368395,-0.0010306576655239041,0.03055057859455701,13380,674000000,5.81,0,2,4,-5.966837075461119,-0.7387637998689375,4.947659655804039,-5.966837075461119,-0.7387637998689375,4.947659655804039,97.63455557823181
-5.174276690478312,-2.274791035281989,5.0,-6.110060040543715,1.2874081628094545,4.919027949000399,-0.7061626980257196,0.0001181721904208418,0.0024373251916361216,0.7080454006617651,0.23092194006241176,0.0537442008360418,-0.0008223110538461238,0.0013510093594959471,-0.001050891819431854,0.03649131322163157,13380,962000000,5.57,0,2,4,-5.947477717927526,-0.7988538989762396,4.947470794654481,-5.947477717927526,-0.7988538989762396,4.947470794654481,98.30024480819702
-5.09985571543612,-2.3033830891153344,5.0,-6.091431830528747,1.2088994178125978,4.919038260153846,-0.7105294595252692,8.202989178111527e-05,0.002678904507811158,0.703662350768082,0.25590614630074404,0.06035401134214793,-0.0013299113637419214,0.0009843215707405761,-0.0008941077282997867,0.04068599191668909,13381,302000000,5.19,0,2,4,-5.920835188120704,-0.8707553114474935,4.947294564685232,-5.920835188120704,-0.8707553114474935,4.947294564685232,98.95681095123291
-5.0244885420965195,-2.3296884399234474,5.0,-6.069964346253452,1.125210202693609,4.9189701006749535,-0.7152503478718183,5.456178563611157e-05,0.0028619770454489835,0.6988624657109906,0.26497652016993667,0.06462931828469502,-0.0015936609917068234,0.0007140855245779676,-0.0006033397596638679,0.04346639725554269,13381,667000000,4.77,0,2,4,-5.8926222165526845,-0.9372176971547195,4.947135611163763,-5.8926222165526845,-0.9372176971547195,4.947135611163763,99.62634015083313
-4.948242192815196,-2.3536658628116753,5.0,-6.047838591977908,1.0468499052489628,4.918911579089995,-0.7198720817771843,1.8941734695116126e-05,0.0029668633582393277,0.6941004129380753,0.2578400596954901,0.06693240386150262,-0.001522480346129006,0.0003494955421956547,-0.00014101826053547484,0.04457241666386835,13381,921000000,4.29,0,2,4,-5.861928570288727,-1.0023493675942656,4.946991631979291,-5.861928570288727,-1.0023493675942656,4.946991631979291,100.22769403457642
-4.871185627962738,-2.375275900107432,5.0,-6.024316510892005,0.9733397109903144,4.918892591871268,-0.7244874074426972,-3.7265038027675494e-05,0.002981702814821799,0.6892815857953845,0.23775306213332786,0.06862925839758671,-0.0012686986797752907,8.006198015664268e-05,0.00031706875631698495,0.044169218381284736,13382,213000000,3.82,0,2,4,-5.830980692255395,-1.0620235698659708,4.946926151744438,-5.830980692255395,-1.0620235698659708,4.946926151744438,100.82559132575989
-4.793389713475383,-2.394480948462829,5.0,-6.003006337345951,0.9153105807693083,4.91893005207723,-0.7283900816292092,-0.00010071977721313368,0.00294490782558643,0.6851563371651898,0.2166822455744773,0.07032092092418404,-0.0009034286674201829,6.109894528094628e-05,0.0006776794521101692,0.04261038011463825,13382,482000000,3.36,0,2,4,-5.797838512787046,-1.1202867610611615,4.946938306926691,-5.797838512787046,-1.1202867610611615,4.946938306926691,101.4287543296814
-4.7149271849044485,-2.411245346347941,5.0,-5.980957195843358,0.8635904849673471,4.919055989447176,-0.7320510635604333,-0.00019904936843874368,0.0028660732295351073,0.6812437055442276,0.19247437845390364,0.07256592581138503,-0.0004681081799408933,5.272040475290396e-05,0.00100117083547957,0.03968792480009142,13382,721000000,2.99,0,2,4,-5.767286598250933,-1.1696084586550406,4.9469877043831865,-5.767286598250933,-1.1696084586550406,4.9469877043831865,101.97846031188965
-4.6358726078780785,-2.425535461820819,5.0,-5.958162144504729,0.8182824408234132,4.919219122125837,-0.7354312072209024,-0.00030918347095138833,0.0027713137877488107,0.677593656752391,0.17003766832748263,0.07559844376518195,-0.0002302409487981244,5.337720665465895e-05,0.0010527842050578329,0.03700660636241082,13382,967000000,2.68,0,2,4,-5.734935579623442,-1.2177956858539252,4.94708586255824,-5.734935579623442,-1.2177956858539252,4.94708586255824,102.48580002784729
-4.556302334890787,-2.437319780454559,5.0,-5.930743852256316,0.7727669436778455,4.919482713182486,-0.7390636743269569,-0.00044064352357398224,0.00267580638594746,0.6736301145167188,0.15100600507929313,0.0800651750315633,0.00010802378440686563,0.0003960984173545512,0.0007565080636595667,0.03505779241095297,13383,223000000,2.42,0,2,4,-5.700835790973533,-1.2647942498660565,4.947203940453365,-5.700835790973533,-1.2647942498660565,4.947203940453365,103.11025142669678
-4.476294458338724,-2.446568993295677,5.0,-5.8999027438726666,0.7291271340548532,4.91979837143485,-0.7427927504749191,-0.0005566376378405365,0.002659038336194586,0.6695159068398383,0.14190167911422685,0.08499372973800717,0.00023510438867845374,0.00047180762976495316,0.00021693600302796767,0.03462596869212575,13383,489000000,2.16,0,2,4,-5.6597289914677855,-1.317467945632704,4.947382452169788,-5.6597289914677855,-1.317467945632704,4.947382452169788,103.72802209854126
-4.3959287597209284,-2.4532560847220677,5.0,-5.8734673334947285,0.695128866181526,4.9200995168642185,-0.7458133528307201,-0.0006176970722825471,0.002688608735597897,0.6661492569783393,0.14265312417645187,0.08884496253350657,0.0004224913272007782,0.0005319767524269992,-0.00014949666962138508,0.03552290909283329,13383,780000000,1.9,0,2,4,-5.613830651722888,-1.3716937266951743,4.947597033985678,-5.613830651722888,-1.3716937266951743,4.947597033985678,104.28240418434143
-4.315286654929753,-2.457356420062667,5.0,-5.8454750109134235,0.6594981622974813,4.920474072276141,-0.7490010951080593,-0.0006511893357811162,0.002767876967815602,0.6625626569136444,0.1569084689415167,0.0926261901105493,0.0005962425837229016,0.0007485393268780172,-0.0005818693750825332,0.03921042261936236,13384,102000000,1.69,0,2,4,-5.574916803863967,-1.41423589154068,4.947799181860782,-5.574916803863967,-1.41423589154068,4.947799181860782,104.8524374961853
-4.234451135556854,-2.4588478328347407,5.0,-5.813171967074242,0.6155978055611118,4.920913447874481,-0.7529077488964214,-0.0006743773786457084,0.002906861624260066,0.6581193030312754,0.183357373283853,0.09588276168635415,0.00046554195527030197,0.0007449328165876068,-0.0008167976034201274,0.04508766360231675,13384,429000000,1.46,0,2,4,-5.534531099366437,-1.455359635775775,4.948032058357489,-5.534531099366437,-1.455359635775775,4.948032058357489,105.43396520614624
-4.153506706144404,-2.457710711448501,5.0,-5.778490745416324,0.5648199602562589,4.92134342829283,-0.7572447829774376,-0.0006936438120937393,0.003049605390765629,0.6531236922809307,0.20813388985471395,0.09832249111563598,0.00020915512462772127,0.0007350486669110978,-0.0007198592356871814,0.04900909079879057,13384,761000000,1.15,0,2,4,-5.489376329011304,-1.4979494650930847,4.9482936154260315,-5.489376329011304,-1.4979494650930847,4.9482936154260315,106.0121066570282
-4.072539317315207,-2.4539280852224348,5.0,-5.7416497672169635,0.5090193978999102,4.921731901006085,-0.7618136281860507,-0.0007233967102041933,0.0031647110115023813,0.6477881267910203,0.2222372801794048,0.10026583035805485,-5.0661919221712536e-05,0.0003885562279037913,-0.0005013535826492443,0.05067406382295303,13385,53000000,0.82,0,2,4,-5.4424940263943835,-1.538701705998302,4.94857507865536,-5.4424940263943835,-1.538701705998302,4.94857507865536,106.61046767234802
-3.991636294719297,-2.447485709546427,5.0,-5.703231646682464,0.45214238263852646,4.922099959746526,-0.766388451307787,-0.00074312987683282,0.0032271170071392543,0.6423688778076504,0.22169685939992415,0.10212709727038607,-0.00010500217751562184,0.00011752362425454521,-0.00020977747539063785,0.05022805598855484,13385,346000000,0.55,0,2,4,-5.394265508125879,-1.577661591330348,4.948883988529733,-5.394265508125879,-1.577661591330348,4.948883988529733,107.17277121543884
-3.9108862637393114,-2.438372150023384,5.0,-5.666641695891186,0.4015896084493577,4.922450445242821,-0.7705055512335045,-0.0007702427917886639,0.0032344698137363086,0.6374246155032127,0.20955331574017885,0.10433544450118475,-3.08618074417351e-05,8.949650904810369e-05,0.00016878875186421283,0.04806726319657173,13385,605000000,0.56,0,2,4,-5.344642657361125,-1.6147618921805122,4.949216859394484,-5.344642657361125,-1.6147618921805122,4.949216859394484,107.76305890083313
-3.8303790699016456,-2.4265788654137266,5.0,-5.6296823514731305,0.3562763472971817,4.92280364161645,-0.7743187172802349,-0.0008290860546522666,0.0031990877667433283,0.6327871700052602,0.18662895323467707,0.10732661593078936,4.535443646025911e-05,8.500307870917823e-05,0.0006858454071334563,0.04378727426228579,13385,875000000,0.78,0,2,4,-5.297237646298113,-1.6474703797405956,4.949537014783791,-5.297237646298113,-1.6474703797405956,4.949537014783791,108.33829641342163
-3.7502056949456506,-2.412100289200765,5.0,-5.592746927812971,0.31841470916982917,4.9231500403435415,-0.7776847154929415,-0.0009361404149929452,0.0031011296133090544,0.6286461563748779,0.15746060715456586,0.1112731933988712,0.00019911966532867726,8.60751065090426e-05,0.0012793462474292028,0.03847453226626385,13386,133000000,1.02,0,2,4,-5.248529087464209,-1.6784021337331332,4.94985806013086,-5.248529087464209,-1.6784021337331332,4.94985806013086,108.86673617362976
-3.6704581685088824,-2.39493390958863,5.0,-5.553153261449852,0.28658597900377314,4.9235656108702655,-0.7808343553360003,-0.0010917666170632955,0.0029488626785839425,0.6247301991912743,0.12732502914568805,0.11615149682870958,0.0005142299797201352,0.00025376874361882074,0.0014937949913473858,0.03329717037559021,13386,429000000,1.22,0,2,4,-5.1988109668297655,-1.7075970772770412,4.9501971679433385,-5.1988109668297655,-1.7075970772770412,4.9501971679433385,109.4246392250061
-3.5912294753923018,-2.375080347738145,5.0,-5.513583485290196,0.26280668166590987,4.924009471043497,-0.7835469722989922,-0.0012496651056217371,0.002814084220035601,0.6213249242290287,0.10420209794305495,0.12115731010456399,0.0006585583618824423,0.00021449788647487367,0.001110654022795643,0.02918054087786004,13386,755000000,1.37,0,2,4,-5.144302871601799,-1.7371128144505852,4.950579361373459,-5.144302871601799,-1.7371128144505852,4.950579361373459,110.00662016868591
-3.434704716561925,-2.3273302822166575,5.0,-5.4765440224299144,0.24571385219503392,4.924439345054153,-0.7857983273196435,-0.0013455215282311053,0.0027414792790519914,0.6184752724602903,0.09296637388896044,0.12532902253797687,0.0007555447709510337,0.0001749524301430938,0.000451038138749027,0.027239172777626663,13387,12000000,1.46,0,2,4,-5.088751692303688,-1.764524725837563,4.950977354896374,-5.088751692303688,-1.764524725837563,4.950977354896374,110.5825207233429
-3.357598499230817,-2.2994513610445213,5.0,-5.438698668912133,0.23025582998500513,4.9248912299678365,-0.7879820653637971,-0.001386994482586404,0.0027404938848228522,0.6156905315209716,0.09437840040078566,0.12907604774115145,0.0008234189046190061,0.00046835137368361757,-0.00020554743684897403,0.028511230993899517,13387,267000000,1.49,0,2,4,-5.036219968599818,-1.7880147391952337,4.951358894666448,-5.036219968599818,-1.7880147391952337,4.951358894666448,111.1001877784729
-3.2813905952014384,-2.2689205634695666,5.0,-5.392866771087228,0.21012065302485985,4.925450534078584,-0.7909189521651054,-0.0014140611992117039,0.0028454780586318106,0.6119126692523977,0.11410835162567219,0.13348708901657008,0.0008663649684701235,0.0007004794724707608,-0.0007490341943139356,0.036679316326626576,13387,555000000,1.51,0,2,4,-4.982812784227416,-1.8095517747056298,4.95172905678408,-4.982812784227416,-1.8095517747056298,4.95172905678408,111.74616527557373
-3.2061772176970886,-2.2357552728992647,5.0,-5.340401465425289,0.18100045541345847,4.926099214458607,-0.7949543980724483,-0.0014339070771972866,0.003006065661756082,0.6066600468672736,0.14661847753135396,0.13607482964125223,0.0008153647970244839,0.0006559475252743141,-0.0009587015256329323,0.04629910763469525,13387,833000000,1.61,0,2,4,-4.920138945333708,-1.8319055732438427,4.952165976584614,-4.920138945333708,-1.8319055732438427,4.952165976584614,112.41053891181946
-3.1320548847261422,-2.1999764264355766,5.0,-5.287790697654847,0.14546200105583335,4.926723726012061,-0.7993940602936345,-0.0014270442335394152,0.0031479503934260565,0.6007971290879586,0.17214211675757402,0.13730360990781548,0.0006868173849813124,0.00012547939292062438,-0.0007879598456383974,0.05006228275306057,13388,111000000,1.89,0,2,4,-4.8521667787444045,-1.852634861866236,4.9526526949189185,-4.8521667787444045,-1.852634861866236,4.9526526949189185,113.01862144470215
-2.987470199388719,-2.1206799388106825,5.0,-5.221744412223895,0.09832785613835666,4.927474025856962,-0.8046832217177036,-0.0014131625410886473,0.003222454747257938,0.5936939712032214,0.17677681409533796,0.13947416472111376,0.0005893115063960893,9.323771550384663e-05,-0.00018988990149182428,0.046339607797563076,13388,387000000,2.27,0,2,4,-4.7877776297238075,-1.869400649268545,4.953123970765552,-4.7877776297238075,-1.869400649268545,4.953123970765552,113.72987508773804
-2.917201268036015,-2.0772224618603534,5.0,-5.158555009717089,0.058027009501721086,4.928154346542538,-0.8090257955849147,-0.0014709873605553642,0.0032110604675827147,0.5877625263361508,0.15547864375728568,0.1442052698675714,0.00045797733979571103,0.00026912722148608736,0.0006297737570548634,0.038281256274785846,13388,656000000,2.75,0,2,4,-4.709900830139322,-1.8861254065880404,4.953702401251336,-4.709900830139322,-1.8861254065880404,4.953702401251336,114.39909195899963
-2.8484099530437836,-2.0312718586519574,5.0,-5.107101609440704,0.03364119072010321,4.928644440166047,-0.8118564361599964,-0.0015968447464304362,0.0031228073175471696,0.5838465767878601,0.12245876669977322,0.15021259765743125,0.0002563054891289862,0.0004287187095997069,0.0015375489169855427,0.02847504601959372,13388,913000000,3.09,0,2,4,-4.635769261109904,-1.898331806747728,4.954228413457944,-4.635769261109904,-1.898331806747728,4.954228413457944,114.97258114814758
-2.781192346925178,-1.982867659428194,5.0,-5.064329808111138,0.021989872325434666,4.928981921246901,-0.8134719661206973,-0.0017844419198663317,0.0029591020182479074,0.5815938615718077,0.08487534571061822,0.1560098710592659,1.7227526492100651e-06,0.0005630743828533014,0.00231810499826679,0.017672040667093825,13389,166000000,3.24,0,2,4,-4.5743465371084095,-1.9056760856399013,4.954673908079983,-4.5743465371084095,-1.9056760856399013,4.954673908079983,115.54995036125183
-2.651859954547784,-1.8788759053881385,5.0,-5.016530458700843,0.0203193400630994,4.929253366334482,-0.8143779693271449,-0.002064691303758215,0.002709265700238844,0.580324840071301,0.039932405976517676,0.16265325398937586,-0.0004179675594875593,0.0006818751330683881,0.0026816220042746863,0.0047969525894586695,13389,442000000,3.23,0,2,4,-4.5214985676336354,-1.909975946011592,4.955066744653975,-4.5214985676336354,-1.909975946011592,4.955066744653975,116.1030638217926
-2.589934222700604,-1.8233868222867717,5.0,-4.974091301662771,0.029336965702584476,4.929375185210744,-0.8143262163644654,-0.0023396008451254152,0.0024918703932216356,0.5803973898902047,0.003192672750489345,0.16858963981532665,-0.0009055358748111789,0.001114553754177905,0.0024722068701521493,-0.006811669572925894,13389,722000000,3.05,0,2,4,-4.459724923701729,-1.9126309523192682,4.955510091831529,-4.459724923701729,-1.9126309523192682,4.955510091831529,116.64866995811462
-2.5299599967034996,-1.7656411409762818,5.0,-4.9360721976772775,0.045444350809956416,4.929377041127003,-0.8135045539892556,-0.0025860160209201693,0.0023457770097681414,0.5815480637832975,-0.02036165532702084,0.17383361650530366,-0.00126723915334656,0.0004715333574267788,0.0014621943023485073,-0.013305969787325012,13390,0,2.72,0,2,4,-4.4023255159786645,-1.9127875364757159,4.955896943473362,-4.4023255159786645,-1.9127875364757159,4.955896943473362,117.15169501304626
-2.472029303148281,-1.7056979655151356,5.0,-4.904132174920522,0.06020022295920714,4.929385778722383,-0.8128264119757311,-0.0026364619569887783,0.002336046990274404,0.5824953355585498,-0.016555044936140486,0.1759060754462601,-0.0010711148369259367,0.00031755712370795663,-0.00021826382976541936,-0.010512761582504027,13390,240000000,2.3,0,2,4,-4.349331694856739,-1.9109473625153452,4.956239515175312,-4.349331694856739,-1.9109473625153452,4.956239515175312,117.59219193458557
-2.416232874429461,-1.6436203764744557,5.0,-4.870538697913295,0.07040289750479452,4.929460926006749,-0.8133342200490653,-0.0025957601894855136,0.0024383164781534984,0.5817858395827192,0.0255040374530212,0.1749930071312638,-0.0006841303062720408,0.00023911338189464004,-0.0016194530644497718,0.02167942020605551,13390,545000000,1.96,0,2,4,-4.305222740307978,-1.9079455243687478,4.956533874372224,-4.305222740307978,-1.9079455243687478,4.956533874372224,117.9964349269867
-2.3626599798714096,-1.579475437759419,5.0,-4.826372164363431,0.07032237761356105,4.929629126238012,-0.816074420499294,-0.0025633233079872895,0.0026565416693075192,0.5779350416497684,0.0909007466256477,0.17265523249131198,-0.0005361353970145406,0.0008877099958226609,-0.0017988788499678776,0.05115772146382369,13390,868000000,1.83,0,2,4,-4.261236954626406,-1.9035469591967813,4.9568393089204275,-4.261236954626406,-1.9035469591967813,4.9568393089204275,118.55835437774658
-2.311398253509508,-1.5133341969800527,5.0,-4.760892572017536,0.05043067008734333,4.929977364984023,-0.8215605343674175,-0.0025479689467563195,0.0029285617774057453,0.5701080772538534,0.15894094334789843,0.16960036595219966,-0.00026434221465781934,0.0009429954957340669,-0.0015849580790927575,0.0653782750305254,13391,178000000,2.07,0,2,4,-4.208702483907613,-1.896440089839058,4.957218444748276,-4.208702483907613,-1.896440089839058,4.957218444748276,119.19153141975403
-2.26253351870906,-1.445271679093754,5.0,-4.685376656064904,0.013772568265542804,4.930493146303441,-0.8277649406245702,-0.0025068593349960224,0.003141395996423749,0.5610606476667825,0.18482752214902215,0.16822617833267356,-0.00010478756072266676,-0.0001782915404646701,-0.0011858415746246465,0.05509688671736512,13391,530000000,2.75,0,2,4,-4.139229605826459,-1.8841940759688003,4.95774139125137,-4.139229605826459,-1.8841940759688003,4.95774139125137,119.8948404788971
-2.216149609821941,-1.3753668730420945,5.0,-4.622823841125895,-0.014082259982367234,4.930941380486512,-0.8313831783939469,-0.002461974400671653,0.0031992687978287695,0.5556849053598525,0.15443812927066186,0.17190857728375117,-0.0004032897609839903,0.0001059466917752161,0.00062747991478318,0.02999752869072836,13391,870000000,3.59,0,2,4,-4.06619610717391,-1.8675686145682364,4.95830534942269,-4.06619610717391,-1.8675686145682364,4.95830534942269,120.47010374069214
-2.1723281910977024,-1.303702711105489,5.0,-4.580666718234132,-0.024342780071718032,4.931122323246392,-0.8323863798400787,-0.0025635753199338947,0.0030783895818659113,0.5541812575826516,0.10579244504762095,0.17755259921625063,-0.001055831305615541,0.0001290316838264971,0.002012343247770332,0.0102358618278231,13392,143000000,4.0,0,2,4,-4.006769623126341,-1.8509682276724393,4.958759419599445,-4.006769623126341,-1.8509682276724393,4.958759419599445,120.88116002082825
-2.1311485730830233,-1.230366040701051,5.0,-4.541162249063213,-0.025164548115268293,4.9311500602374005,-0.8326811603446918,-0.0027043623470244145,0.0028760787066733316,0.5537386565904412,0.05814392599263252,0.18320363472915685,-0.001728232480535888,8.041030525873794e-05,0.0026308546694053803,0.0017699139107207884,13392,400000000,3.99,0,2,4,-3.9648038650353628,-1.8374208534041598,4.959092672496793,-3.9648038650353628,-1.8374208534041598,4.959092672496793,121.33725619316101
-2.0926875267610416,-1.1554475883514095,5.0,-4.500508794555538,-0.016184829979847108,4.931005695950513,-0.832417926028804,-0.0028934548155120482,0.0026536169927276194,0.5541344445727865,0.012561159054136666,0.18879588238896847,-0.0025294353887493183,0.0007250858061524923,0.0026139703550143167,-0.01039326198224444,13392,665000000,3.85,0,2,4,-3.922673880395052,-1.8239042538934245,4.959437458839302,-3.922673880395052,-1.8239042538934245,4.959437458839302,121.79765200614929
-2.057019095700143,-1.0790419155556983,5.0,-4.455681521408963,0.005934266333940489,4.930604540171275,-0.8310070864666536,-0.0031580405174998294,0.0024500734551154233,0.5562474684547857,-0.034425583142379285,0.1943394859823971,-0.0035202119640358924,0.0009360187050333479,0.002407304396001564,-0.0285121563138091,13392,931000000,3.57,0,2,4,-3.8734894084635005,-1.8152963224329768,4.959784107839759,-3.8734894084635005,-1.8152963224329768,4.959784107839759,122.31452322006226
-2.024214406500245,-1.0012473662980699,5.0,-4.4076765333064225,0.04461699706940803,4.9298432288839535,-0.8277286176886286,-0.0034588101313936088,0.0022666392556648846,0.5611133882186662,-0.08149145211555905,0.19853094494384088,-0.0047333708770085515,0.0011560476536942588,0.0022391091306417366,-0.049384178419131786,13393,179000000,3.0,0,2,4,-3.8081867197471326,-1.820382140346026,4.959832901893633,-3.8081867197471326,-1.820382140346026,4.959832901893633,122.94635009765625
-1.994341477843458,-0.9221660059343091,5.0,-4.365796242815597,0.09108489272570393,4.928846071906744,-0.8233590190413941,-0.0037202920923593667,0.0021189508405925336,0.5675047094406142,-0.11277226736432763,0.19967156186238222,-0.005552474096881821,0.0004131427459697079,0.002150179420823406,-0.056433929785271175,13393,377000000,2.01,0,2,4,-3.723526140356647,-1.8446710875881853,4.959360753204274,-3.723526140356647,-1.8446710875881853,4.959360753204274,123.49776434898376
-1.943646284461102,-0.7605692911164427,5.0,-4.336739617720193,0.12705553830307836,4.928105747235627,-0.8202181352802181,-0.003856381628301827,0.0019866563515916315,0.5720344325953807,-0.12034872959875442,0.19849106581466386,-0.005466615343924296,0.0002446415706458538,0.0019272752865617804,-0.05295120972732548,13393,563000000,1.03,0,2,4,-3.638840224062224,-1.8775605481181894,4.958620934305172,-3.638840224062224,-1.8775605481181894,4.958620934305172,123.98166155815125
-1.9229427860856978,-0.6782759984892262,5.0,-4.30275700484441,0.1596934944791748,4.927476524808584,-0.8190742273596054,-0.003842318963070249,0.0019902032417783142,0.573671234899666,-0.05678547937397138,0.19411995126911177,-0.003906661626068116,-0.00037476618501841585,-0.0011954215324294637,0.0036249994991521817,13393,820000000,0.91,0,2,4,-3.5793196209870577,-1.898806395684791,4.958149539255858,-3.5793196209870577,-1.898806395684791,4.958149539255858,124.457848072052
-1.9054081947771935,-0.5951398318827819,5.0,-4.268486591165302,0.1784318902308893,4.92718508827979,-0.8198896965097319,-0.003707489426792864,0.0020917414425893374,0.5725056896634891,-0.005777874236855646,0.19219229671322863,-0.002467377276911219,-0.0005417143825070525,-0.0019137707795380265,0.021229401318123564,13394,119000000,1.13,0,2,4,-3.517678940683651,-1.9145317373472535,4.957741589510033,-3.517678940683651,-1.9145317373472535,4.957741589510033,124.92955446243286
-1.8910921004649763,-0.5112802277408883,5.0,-4.227532788829601,0.1891650355176673,4.927155097216683,-0.8214962829120789,-0.003541966983944738,0.0022227986064423163,0.5701985362993116,0.03980848150523515,0.19085035823195834,-0.0010973141608809347,-0.000458701623529123,-0.0019401313920752727,0.029486111998267006,13394,456000000,1.13,0,2,4,-3.466188579337901,-1.9199213356010867,4.957469871187261,-3.466188579337901,-1.9199213356010867,4.957469871187261,125.39447116851807
-1.8800398297952032,-0.42681978251394254,5.0,-4.183774366718846,0.19172222689690022,4.92740916429958,-0.8237105076368035,-0.0033916098469228178,0.002362946769906253,0.5669955141567949,0.07590474836365582,0.18949079274646458,0.00016169476496429987,-0.0003072503773182689,-0.0019645845213744906,0.03998467873316258,13394,748000000,1.02,0,2,4,-3.4140287709141117,-1.917046977694889,4.957275604481072,-3.4140287709141117,-1.917046977694889,4.957275604481072,125.87138962745667
-1.8722922556511628,-0.341884124577298,5.0,-4.137886359706432,0.18814054799870672,4.927905613405188,-0.826501854889162,-0.0032569719439553826,0.002508320979871718,0.5629189855782027,0.10271662828070575,0.1876684928085205,0.001125557602471836,-0.0002889709662667883,-0.001901834207274078,0.04883058281848207,13394,955000000,0.85,0,2,4,-3.366004517940233,-1.9061113203531983,4.957196109729653,-3.366004517940233,-1.9061113203531983,4.957196109729653,126.35767197608948
-1.8678856084453814,-0.256601775764857,5.0,-4.094908674713717,0.18114109209375331,4.928532057211722,-0.8294349669383437,-0.0031452784474048806,0.002621217578510846,0.5585882849307556,0.12021723607404163,0.18555619032452292,0.001883131735527723,-0.0003236769174463916,-0.0016445017308797105,0.054744243243476376,13395,144000000,0.73,0,2,4,-3.32164496972712,-1.8881816709848862,4.957211875029227,-3.32164496972712,-1.8881816709848862,4.957211875029227,126.83156418800354
-1.866851289671012,-0.17110400235464246,5.0,-4.042395314830798,0.1696878770237978,4.92947279997936,-0.8332654226754779,-0.0030322837055390627,0.002724134543540106,0.5528581370658976,0.1337499616514424,0.18248568616588273,0.0026253439922785497,-0.0003402040789524108,-0.0013424203075373953,0.059204332865192555,13395,370000000,0.85,0,2,4,-3.284190302333684,-1.8665731426300205,4.9572772251211354,-3.284190302333684,-1.8665731426300205,4.9572772251211354,127.28858947753906
-1.869215688220526,-0.08552465536015895,5.0,-3.9982645611528222,0.1586928965823914,4.9303628204103145,-0.8365747745199232,-0.0029508289575361415,0.0027937381143534595,0.5478376897154404,0.14059596398623422,0.17994588818704904,0.002983383478529841,-0.0003976234154379199,-0.001179582136501267,0.06074962984712329,13395,628000000,1.31,0,2,4,-3.242529394475218,-1.8348440390881529,4.957402717149623,-3.242529394475218,-1.8348440390881529,4.957402717149623,127.75423812866211
-1.875,-5.204748896376251e-16,5.0,-3.945244520496606,0.14477231686130645,4.931536402147364,-0.8405703121645143,-0.002858130718337492,0.00284155890270787,0.5416874624167058,0.14426190098901587,0.17680564847744426,0.0034838622024352577,-0.0004597415653506687,-0.0008450630616607668,0.06088973241276108,13395,937000000,1.81,0,2,4,-3.2103353278573166,-1.8041690369898928,4.95751387016828,-3.2103353278573166,-1.8041690369898928,4.95751387016828,128.23532009124756
-1.8842200513874472,0.08533146576184128,5.0,-3.888162633201098,0.12985315797262528,4.932927626067181,-0.844746100510873,-0.002781258171020502,0.002862547408709347,0.5351524045512577,0.14303882942031063,0.173743359475711,0.003906362119694955,-0.0005646844385864824,-0.000524095815990222,0.057600741274654865,13396,214000000,2.48,0,2,4,-3.1744242118192263,-1.7629944897830143,4.957636674432689,-3.1744242118192263,-1.7629944897830143,4.957636674432689,128.79959416389465
-1.896886127103417,0.170329203690781,5.0,-3.827994161914247,0.11646858111413992,4.934484645507988,-0.8485292156224096,-0.0027153784239088282,0.0028369304838699178,0.5291339610917665,0.11829040316532236,0.17366678556269993,0.0037224567228162178,-0.0005569157451645879,0.0001452210028674017,0.030503902962664142,13396,413000000,3.22,0,2,4,-3.1385617461040365,-1.7138623354800133,4.957738662873195,-3.1385617461040365,-1.7138623354800133,4.957738662873195,129.42053890228271
-1.9130028030815405,0.2548508388341953,5.0,-3.7841225681025166,0.11491528302679394,4.93553744156848,-0.8493148449353948,-0.0027096554711902154,0.002767237289851371,0.5278724224065651,0.0705052435335589,0.17803938102836517,0.0027785663304923684,0.0003388657887626323,0.0009081461143978231,-0.0006215064694004013,13396,622000000,3.91,0,2,4,-3.1026194983178312,-1.657587313744517,4.957788558901377,-3.1026194983178312,-1.657587313744517,4.957788558901377,129.87026143074036
-1.9325687849456785,0.33875237418948145,5.0,-3.7456166671072575,0.12742954673551266,4.9361960747837355,-0.8479133552822051,-0.002928151538271245,0.002621763217463978,0.5301202639215683,-0.012602126752496551,0.18564817482548937,0.00046202831802578964,0.0013178967151361576,0.0030525079409926548,-0.04044133493152913,13396,838000000,4.0,0,2,4,-3.072321707688556,-1.6189296779942501,4.95785022574615,-3.072321707688556,-1.6189296779942501,4.95785022574615,130.34756064414978
-1.9555767527187298,0.4218884164988501,5.0,-3.71309631186305,0.15566509884419516,4.936352737112837,-0.8448365013425306,-0.0032403981499308163,0.0024044866174351065,0.5350093496970386,-0.08549702634856882,0.1911058038315335,-0.0018044954145656686,0.001575639703332854,0.00356051068592933,-0.06173998990561813,13397,45000000,3.62,0,2,4,-3.0370759578253517,-1.5915656349204896,4.957917793944682,-3.0370759578253517,-1.5915656349204896,4.957917793944682,130.80300784111023
-1.982013212405946,0.5041124131538817,5.0,-3.674692625780135,0.2199653464248401,4.935752104157689,-0.8384443612402459,-0.003755305652482717,0.0020972046230728716,0.5449702308536324,-0.17312787555728354,0.1929041063507485,-0.005050596946488263,0.0017704348351799126,0.0037232606700854376,-0.08479118332616054,13397,264000000,2.9,0,2,4,-2.996992589228175,-1.5751247284049903,4.958001179168034,-2.996992589228175,-1.5751247284049903,4.958001179168034,131.4804527759552
-2.011858355112553,0.5852769001628508,5.0,-3.646206637523325,0.2993463904750577,4.934414428152506,-0.8309490852384146,-0.004199751165277419,0.0018136587681075432,0.556329659890127,-0.22904166835361864,0.18834467872276645,-0.007240340138856256,0.000711260378238876,0.003524978114910482,-0.09328597589046694,13397,487000000,1.55,0,2,4,-2.932474299102794,-1.5655787825319154,4.958159716795729,-2.932474299102794,-1.5655787825319154,4.958159716795729,132.11746406555176
-2.0450859243716706,0.6652337611022429,5.0,-3.621430160936345,0.3865728216749785,4.93281589365765,-0.8233487806161566,-0.004411217512556877,0.0014813095875969482,0.5675166361789323,-0.23150847554286247,0.17803244263818443,-0.006951847161382377,-0.0019741871483347495,0.0018210786151939828,-0.07632121632923372,13397,689000000,0.81,0,2,4,-2.8678480568022993,-1.5674761407479092,4.958297630236456,-2.8678480568022993,-1.5674761407479092,4.958297630236456,132.7209436893463
-2.081663092373604,0.7438344969402783,5.0,-3.602023333022165,0.44399817608776065,4.931955638307444,-0.8192141206170865,-0.004289410801507507,0.0013096289359063663,0.5734702349805084,-0.19735660643509376,0.17009246854623838,-0.005115918136407767,-0.0021657319166479283,0.00019543236362551397,-0.058773533964995295,13397,925000000,2.01,0,2,4,-2.8020466227181067,-1.5751194808528368,4.958455078472431,-2.8020466227181067,-1.5751194808528368,4.958455078472431,133.1867573261261
-2.12155034580164,0.8209305065850954,5.0,-3.5825618843493867,0.488442933911925,4.931528665227496,-0.8161383289697565,-0.004052963199837359,0.0012580139762604012,0.577840997919488,-0.15848920909494385,0.1636385819806288,-0.003027758251561566,-0.002188452936024987,-0.001269310951101943,-0.04973888389940839,13398,136000000,2.81,0,2,4,-2.7566339629117187,-1.5777581602961133,4.95865165902334,-2.7566339629117187,-1.5777581602961133,4.95865165902334,133.6406638622284
-2.1647013819922893,0.8963733779731449,5.0,-3.561431759668761,0.5255681349084301,4.93145304183255,-0.8134617719844318,-0.0038026421225302804,0.0012940457991644464,0.5816045141488376,-0.1255934372196025,0.15821595529637048,-0.001099302259893005,-0.0017582174564267916,-0.0017140393651970953,-0.04356516983534675,13398,365000000,3.4,0,2,4,-2.721700052953708,-1.5697495556526893,4.958742221222007,-2.721700052953708,-1.5697495556526893,4.958742221222007,134.0729947090149
-2.2110630161493177,0.9700151894744863,5.0,-3.536750617005115,0.5594906103912851,4.931735008952866,-0.8109847589113351,-0.0035386385131741353,0.0013602601346959092,0.5850549961699006,-0.09733873716656165,0.1533495982241367,0.0007154724127217593,-0.0016232560142270813,-0.0017112559930865245,-0.03476922647678293,13398,625000000,3.9,0,2,4,-2.693266570389084,-1.5509181020216969,4.958699626189675,-2.693266570389084,-1.5509181020216969,4.958699626189675,134.4901840686798
-2.2605751003508394,1.0417088213510084,5.0,-3.513437402990888,0.5854090822745439,4.932267208619356,-0.8092072160577268,-0.003312022146170482,0.0014077283527884061,0.5875123235220612,-0.07772570995042563,0.14945669332943484,0.0020319184452921198,-0.0014874871908432397,-0.0015055382505124726,-0.027020752713724505,13398,918000000,4.35,0,2,4,-2.668872263093981,-1.519010999974051,4.958507037788686,-2.668872263093981,-1.519010999974051,4.958507037788686,134.92929244041443
-2.313170455097037,1.1113082769611964,5.0,-3.489661971676246,0.6077639134875346,4.9330189639774735,-0.8078458676110853,-0.0031144551218936353,0.001447444963702721,0.5893837962279447,-0.0630776842224187,0.14587746466518112,0.00316815027331736,-0.001293824141157529,-0.0013079291079520772,-0.020590478015947156,13399,123000000,4.64,0,2,4,-2.6522438566380084,-1.4813150501574426,4.958191861762344,-2.6522438566380084,-1.4813150501574426,4.958191861762344,135.35804533958435
-2.368774814152509,1.178669013360757,5.0,-3.4657389711471103,0.6274556435217108,4.933973662343745,-0.8068191810804217,-0.0029333939815093285,0.0014667659544048014,0.5907893472618659,-0.052793736904273615,0.14220018728441863,0.004259127645234539,-0.001300550002270029,-0.0010516775887481344,-0.015272770633600885,13399,348000000,4.84,0,2,4,-2.6400028175256924,-1.437030037382044,4.957775232767581,-2.6400028175256924,-1.437030037382044,4.957775232767581,135.79479432106018
-2.427306783441804,1.2436482809025367,5.0,-3.44198987634682,0.6452770996194812,4.9351029019243855,-0.8060632584715863,-0.002768981547317307,0.0014641009991610155,0.5918210983833065,-0.046316085650122005,0.13827202134792113,0.005098626506827048,-0.0012657336469601432,-0.0008023710336146905,-0.011165890100528486,13399,562000000,4.96,0,2,4,-2.6314737563635853,-1.3876236832500963,4.957245671502171,-2.6314737563635853,-1.3876236832500963,4.957245671502171,136.25309085845947
-2.4886778147590656,1.3061054713914066,5.0,-3.416378765701285,0.6634654854705022,4.936507103951771,-0.8054299697286954,-0.0026176239584413596,0.0014533969570663724,0.5926833889564732,-0.042496905402657326,0.13364063225005057,0.005870743303432857,-0.0012620286724995822,-0.0006295104526543582,-0.00878351502251462,13399,891000000,5.01,0,2,4,-2.626179358560346,-1.3342735754631103,4.956594336412565,-2.626179358560346,-1.3342735754631103,4.956594336412565,136.67720079421997
-2.5527921950528976,1.365902474300486,5.0,-3.3916009891194276,0.6808106705772439,4.938024748840289,-0.8048987539274661,-0.002464577154938221,0.0014204086143146828,0.593405345632164,-0.04157161027302791,0.12859743661677311,0.006328845956996576,-0.0013035912388659199,-0.0004894361325114005,-0.007710973841312807,13400,189000000,5.0,0,2,4,-2.62358934355358,-1.2720663431211228,4.955736094750434,-2.62358934355358,-1.2720663431211228,4.955736094750434,137.09195852279663
-2.6195470520451885,1.422904040504092,5.0,-3.365811291645542,0.6993709859136135,4.939783832893505,-0.8043751002900272,-0.002315008584044339,0.0013706496173700898,0.5941156958777394,-0.04311040756447931,0.12267914071439075,0.006841512250139936,-0.0012688512811109831,-0.0002937501591304681,-0.007201300286396872,13400,486000000,4.96,0,2,4,-2.623181659101056,-1.2086476849175598,4.95479960071114,-2.623181659101056,-1.2086476849175598,4.95479960071114,137.58428311347961
-2.688832376937758,1.4769781529302695,5.0,-3.339601926538556,0.7196198491859729,4.941778823562762,-0.8038135894344035,-0.002171271269327712,0.0012986817418352602,0.5948758798668746,-0.04682085569137549,0.11597101627182442,0.007194652530952359,-0.0013599998737845453,-7.573400964133725e-05,-0.007482819455617573,13400,709000000,4.88,0,2,4,-2.623219935304317,-1.1422070257618757,4.953838774751533,-2.623219935304317,-1.1422070257618757,4.953838774751533,138.0672104358673
-2.760531064952948,1.527996403481804,5.0,-3.318969039528833,0.7371580337139163,4.943517454853522,-0.8033053990178374,-0.0020601783148376774,0.001214902817922587,0.5955625202992942,-0.05218805302095103,0.11018847878265296,0.007407162432548821,-0.0013995726021676091,0.00029081766967919975,-0.008428041655861307,13400,911000000,4.79,0,2,4,-2.6214973126626715,-1.0783836110783958,4.953061288049672,-2.6214973126626715,-1.0783836110783958,4.953061288049672,138.56785345077515
-2.8345189744435983,1.5758343755192035,5.0,-3.29877412798352,0.7585974097910207,4.94540744472379,-0.8025552216272323,-0.0019893371545136847,0.0010373614097027683,0.5965736188081527,-0.07618020845708015,0.10263274275466883,0.007008792457158385,-0.0014868928246869473,0.0016579551356699085,-0.015705440546298632,13401,109000000,4.72,0,2,4,-2.6176096757077625,-1.0334518873450453,4.952644905126291,-2.6176096757077625,-1.0334518873450453,4.952644905126291,139.07385897636414
-2.9106650052939886,1.6203720311424952,5.0,-3.285738030915298,0.7837270465387518,4.946748164131888,-0.8011549589940439,-0.0020279980383209623,0.0007608423436149591,0.598453039111789,-0.124726386245926,0.09465176571744624,0.005392639550873707,-0.0010717442251007014,0.0029540652121795574,-0.028934261899848934,13401,312000000,4.69,0,2,4,-2.610540642125625,-0.9946013411215621,4.952443146502457,-2.610540642125625,-0.9946013411215621,4.952443146502457,139.50410270690918
-2.988831197316232,1.6614941024508862,5.0,-3.2757077943659563,0.8315387562686614,4.947838049337563,-0.7983175931805503,-0.0022027422310536577,0.0003706559509231924,0.6022325389409332,-0.20141814137750408,0.0824433944689805,0.001895706358364766,-0.0008881360486157064,0.0033140973982881405,-0.04039156228827778,13401,528000000,4.8,0,2,4,-2.6026675938416104,-0.9700411621490038,4.952456488831975,-2.6026675938416104,-0.9700411621490038,4.952456488831975,140.06862616539001
-3.0688728493258006,1.6990904859004263,5.0,-3.273190461839958,0.9063897811728395,4.948125375844775,-0.7945925411361354,-0.0023702844117388633,-6.339025194648015e-05,0.6071384284529375,-0.2646313678750108,0.06819883494686876,-0.0012726914080169345,-0.0011303720953037555,0.002741641696957231,-0.03885505357175134,13401,730000000,5.13,0,2,4,-2.590779621690769,-0.9468059184490741,4.952633114493924,-2.590779621690769,-0.9468059184490741,4.952633114493924,140.68333554267883
-3.150638659555576,1.7330566388201085,5.0,-3.276956759220898,0.9925346139030629,4.947834031943574,-0.7913760118544273,-0.0024371031394099223,-0.00042766706252650335,0.6113246972686059,-0.28304735716492846,0.056223706995645106,-0.0024060941101314614,-0.0015065940146996581,0.0014541392602041014,-0.028860710517619736,13401,934000000,5.56,0,2,4,-2.5761972414561587,-0.9296619003531431,4.95299095124198,-2.5761972414561587,-0.9296619003531431,4.95299095124198,141.30345821380615
-3.2339708880394786,1.7632939770863434,5.0,-3.2813243780205914,1.0598796627124818,4.947586351559236,-0.7895844873584756,-0.0023698373252088543,-0.0005993492652233889,0.6136369952784491,-0.266006534741569,0.0491578181859574,-0.0019271918201015012,-0.0013504188359547697,-7.551207090727985e-05,-0.020129349650233053,13402,129000000,5.87,0,2,4,-2.56198847623636,-0.9207668238682963,4.953477008090343,-2.56198847623636,-0.9207668238682963,4.953477008090343,141.8376932144165
-3.3187055415643685,1.7897102728947218,5.0,-3.2843089834500323,1.1060443485502152,4.947522481920022,-0.788651547946677,-0.002234314491886614,-0.0006025549057225468,0.6148360600092085,-0.24139291345624497,0.044965242666104584,-0.0010333205683499618,-0.0011421383078413783,-0.0013473409353537136,-0.01470088682253845,13402,352000000,5.97,0,2,4,-2.5514598693753925,-0.9187592593869888,4.953917738052525,-2.5514598693753925,-0.9187592593869888,4.953917738052525,142.25470423698425
-3.404672581752349,1.8122200515066011,5.0,-3.2871300409827233,1.1521706218932801,4.9475949643501735,-0.7879499938441545,-0.0020270199543638142,-0.000552383118381069,0.615735652097547,-0.21488372292007923,0.040005499683761464,-0.00013914778945382068,-0.001378763136017369,-0.0018157141425945156,-0.008970624367066193,13402,569000000,5.96,0,2,4,-2.54423553319741,-0.919976583345998,4.954265347158633,-2.54423553319741,-0.919976583345998,4.954265347158633,142.66100549697876
-3.4916961567944793,1.8307449857865232,5.0,-3.2894431974525387,1.189380433848258,4.947771796850596,-0.787607601144776,-0.0018172053420954077,-0.0004988085804944279,0.6161742574740655,-0.19424526227651395,0.03519934042049018,0.0005679361627813211,-0.0013877917695026554,-0.0019071803535553045,-0.00432010779150005,13402,795000000,5.88,0,2,4,-2.5386095943690727,-0.9198546672298404,4.954582587138693,-2.5386095943690727,-0.9198546672298404,4.954582587138693,143.05318307876587
-3.5795948573113288,1.8452142872850619,5.0,-3.2917878114099337,1.2230752984968198,4.948041465344418,-0.7874955336370385,-0.0016255120677256753,-0.00043858596225901207,0.6163180590041045,-0.17686464322677195,0.029930255880230967,0.0011847121936163943,-0.0011676459962473018,-0.0017545667333251913,-0.00038347092470303323,13403,64000000,5.75,0,2,4,-2.5391361232433693,-0.9097733268713168,4.9546537381231435,-2.5391361232433693,-0.9097733268713168,4.9546537381231435,143.48204135894775
-3.668181996765292,1.8555650925605742,5.0,-3.294419495842118,1.253773394955026,4.948393344850124,-0.7875815668271725,-0.0014155052583616312,-0.0004154314117626788,0.6162086492054956,-0.16245793601497605,0.02413965342026677,0.0017217106173081683,-0.0016460529764117382,-0.0015369456036751217,0.002906933923441102,13403,282000000,5.57,0,2,4,-2.5449669267208415,-0.8901646628044017,4.954526391041284,-2.5449669267208415,-0.8901646628044017,4.954526391041284,143.8853781223297
-3.757265916794269,1.8617428433729168,5.0,-3.297912037811359,1.284904296159794,4.948869430007153,-0.7878697365831605,-0.001211225499110621,-0.0003972087174044149,0.6158406070846626,-0.1491897662975229,0.017376525593454168,0.002234814376693854,-0.0013885308135286323,-0.001288876057969901,0.006038397987140343,13403,525000000,5.33,0,2,4,-2.555633617419245,-0.8622454368492101,4.954215225392138,-2.555633617419245,-0.8622454368492101,4.954215225392138,144.2988805770874
-3.8466503177757674,1.863701659322577,5.0,-3.3013167540410904,1.3078752983446804,4.949307490582281,-0.7882259223115611,-0.0010336810747181785,-0.0004153494571945828,0.6153849643794955,-0.140475309630043,0.011358822925983607,0.0025914403187449445,-0.0018329345380152517,-0.0011092321983596776,0.008055337730183965,13403,737000000,5.02,0,2,4,-2.572385817233378,-0.8234918456343597,4.953684448337846,-2.572385817233378,-0.8234918456343597,4.953684448337846,144.74322414398193
-3.9361346148648746,1.8614047014503705,5.0,-3.3065045441852057,1.334529159305378,4.949918295337227,-0.7887987854551685,-0.0008402460368441241,-0.0004397329504762909,0.6146507762022114,-0.1314445914877257,0.003610407623981382,0.0029782866526582613,-0.0016906969108276826,-0.0009094314805224712,0.010362163629906718,13403,977000000,4.74,0,2,4,-2.5889833691695667,-0.7879802684950822,4.953140367278329,-2.5889833691695667,-0.7879802684950822,4.953140367278329,145.19101786613464
-4.025514319678319,1.8548245252560556,5.0,-3.31291229125497,1.3591966777436355,4.950591336587992,-0.789515963376548,-0.0006304915940381076,-0.0004994758208201054,0.6137294978879991,-0.12402085000504096,-0.004525602346584944,0.0033058758714156295,-0.0019176135424459062,-0.0007466075601314515,0.012573565436468925,13404,286000000,4.34,0,2,4,-2.6131772314402286,-0.7394890058947939,4.95233243018459,-2.6131772314402286,-0.7394890058947939,4.95233243018459,145.6125237941742
-4.11458144772037,1.8439434215393662,5.0,-3.3198073270887267,1.3799163207952123,4.951234105814816,-0.7902592697375361,-0.00045700179657182983,-0.000552495252851704,0.6127722027737954,-0.11847299880690607,-0.011996381453187425,0.003464267416173873,-0.0017349512972941739,-0.0006822112311510864,0.014076668685447657,13404,583000000,3.9,0,2,4,-2.640672959739048,-0.6877462192703565,4.951388577527771,-2.640672959739048,-0.6877462192703565,4.951388577527771,146.011492729187
-4.203124951564095,1.8287537434143732,5.0,-3.328799555723925,1.4014736956245402,4.951975367644855,-0.7911734458374149,-0.0002696610785160162,-0.0006183103165996239,0.6115914678745984,-0.11318462078983851,-0.020444704661611107,0.003614752224070363,-0.0017785030081540754,-0.0005719441503515554,0.01554916725581279,13404,824000000,3.48,0,2,4,-2.667586090067153,-0.6400877190947589,4.950446368169301,-2.667586090067153,-0.6400877190947589,4.950446368169301,146.4575231075287
-4.290931179713607,1.809258217798236,5.0,-3.3392675635498295,1.421627011765116,4.952742473804219,-0.7921733669637783,-8.65609209152701e-05,-0.0006941396595487734,0.610295721229152,-0.10866839130953758,-0.02909493082544513,0.003741609911390559,-0.001879454691788851,-0.0004631675324162643,0.01695309802016709,13405,8000000,2.97,0,2,4,-2.699131715864147,-0.5878100772815181,4.949348748515635,-2.699131715864147,-0.5878100772815181,4.949348748515635,146.84665966033936
-4.3777843609793425,1.7854702396286055,5.0,-3.349989441977972,1.4386561560741822,4.953453137794085,-0.7931359049483191,7.469823060008638e-05,-0.0007699763447185444,0.6090442002337872,-0.10508901788791558,-0.036839063388474605,0.0038383166540704875,-0.0017897098814501078,-0.0003769179897972208,0.017952339840121567,13405,196000000,2.45,0,2,4,-2.7314413638021455,-0.5388520584685627,4.9482921717361075,-2.7314413638021455,-0.5388520584685627,4.9482921717361075,147.25883269309998
-4.463467114098955,1.757414147020783,5.0,-3.364765000416604,1.4581333196650355,4.954332656203587,-0.7943886937699419,0.0002565918379260995,-0.0008563805696889605,0.6074090911267577,-0.10108554739393401,-0.04631788420521026,0.0038230569401759363,-0.0018652624817150354,-0.0003240623044575841,0.019356222765054554,13405,374000000,1.96,0,2,4,-2.760367352105227,-0.4998135455639751,4.94743160122542,-2.760367352105227,-0.4998135455639751,4.94743160122542,147.7046434879303
-4.54776098223119,1.7251254755365253,5.0,-3.3813977414930823,1.47618490457937,4.955212179769857,-0.7957195659555126,0.0004293717948924963,-0.000956084156810961,0.6056643244393028,-0.09739184259941909,-0.055601140546684504,0.0038012790215312215,-0.0018650332094694022,-0.0001754629465722246,0.020348683938209433,13405,580000000,1.36,0,2,4,-2.7950190414495144,-0.45953862549064445,4.94652266476576,-2.7950190414495144,-0.45953862549064445,4.94652266476576,148.1409821510315
-4.630446991838981,1.6886511897017635,5.0,-3.3980747978803723,1.4914114755180292,4.956013404733409,-0.7969651426720878,0.0005850780148005801,-0.001045542085696054,0.6040241103558055,-0.09428132604585732,-0.06359945627567157,0.003777775408121477,-0.0016672401216055732,-0.00021478683720488334,0.02080302656395361,13405,757000000,0.77,0,2,4,-2.8283284244259925,-0.4291298604883121,4.945801102747329,-2.8283284244259925,-0.4291298604883121,4.945801102747329,148.58043456077576
-4.711306235361156,1.6480498898808675,5.0,-3.4180549269141656,1.5068896158732406,4.956883101917158,-0.7983750919396879,0.0007408601519613347,-0.0011388020368373881,0.6021589215700878,-0.09105146969070586,-0.0722831197116774,0.003639013996262542,-0.0017098143757721118,-8.146641903294949e-05,0.021638511861965526,13405,944000000,0.32,0,2,4,-2.857317767883045,-0.41016083552965005,4.945281631212595,-2.857317767883045,-0.41016083552965005,4.945281631212595,149.02178835868835
-4.790120476949589,1.6033919925910052,5.0,-3.437735294016972,1.5200319698417162,4.957657097705527,-0.7997023070955573,0.0008742747198109759,-0.0012384157342088659,0.6003948051042967,-0.08989688755757945,-0.07987487433871705,0.0035200964463638607,-0.0015764743579893548,0.00010348009880090103,0.022362936397257727,13406,101000000,0.5,0,2,4,-2.8877780471760004,-0.3986627463273871,4.944824856509496,-2.8877780471760004,-0.3986627463273871,4.944824856509496,149.4794795513153
-4.866672780420349,1.5547598823221744,5.0,-3.461079073251149,1.5338037775457816,4.958480042644247,-0.801183123790812,0.0009948931790431446,-0.0013607722013028968,0.598416878638441,-0.08992909929681216,-0.08798510204589856,0.003289491094730982,-0.0015808552575435897,0.0003331853946519914,0.02255504696222488,13406,311000000,0.98,0,2,4,-2.9144265252294854,-0.3960308891844831,4.944484122576432,-2.9144265252294854,-0.3960308891844831,4.944484122576432,149.93930554389954
-4.940748158433628,1.502248032917247,5.0,-3.48848937266025,1.5480412766006544,4.959339467486207,-0.8028075285998918,0.0011342814400229163,-0.001496914377776306,0.59623530982012,-0.08877327802510679,-0.09644020426688657,0.003072162637631341,-0.0017152154441646417,0.0001620229170384846,0.02264090780954575,13406,494000000,1.53,0,2,4,-2.9429232179562868,-0.400830949205579,4.944143180293876,-2.9429232179562868,-0.400830949205579,4.944143180293876,150.4091968536377
-5.012134241778318,1.4459630965622292,5.0,-3.515177565251321,1.5599376455452194,4.960099291987256,-0.8042802923026038,0.0012745863021599907,-0.001602873207822956,0.5942465966590604,-0.08522915406479599,-0.10372721141281101,0.0029033764951121132,-0.0014356012798089068,-6.228493631965648e-05,0.022337543487083167,13406,696000000,2.12,0,2,4,-2.9733844935728215,-0.4142674862180739,4.943771146638715,-2.9733844935728215,-0.4142674862180739,4.943771146638715,150.88286519050598
-5.080621967492752,1.3860239584408682,5.0,-3.5405184632692333,1.569330260925179,4.960771086066968,-0.8055899241691689,0.0013966851702581383,-0.0016587777327306719,0.5924695534827771,-0.07986622091385487,-0.11007722896788508,0.0027701206038317763,-0.001262688329006778,-0.0003174163794028573,0.02188895541621605,13406,878000000,2.65,0,2,4,-3.0011398690715145,-0.4325956439923511,4.9433884122706795,-3.0011398690715145,-0.4325956439923511,4.9433884122706795,151.3228018283844
-5.146006284404249,1.3225617551199518,5.0,-3.5694164264925687,1.5778651481364403,4.961463901701984,-0.8069875664128484,0.001545990242765676,-0.0017160908520675122,0.590563910683192,-0.0734465393310388,-0.11678089138599945,0.002409493248511528,-0.0012867320151599415,-0.0003302600362076191,0.021099036166560836,13407,75000000,3.19,0,2,4,-3.0299762261221033,-0.45165946740507823,4.943041297489538,-3.0299762261221033,-0.45165946740507823,4.943041297489538,151.7674913406372
-5.20808687451648,1.2557198547530424,5.0,-3.596548446088076,1.583951229223108,4.96203987502787,-0.8081852296102996,0.0016626633276854935,-0.0017576378038174128,0.5889234083476018,-0.06751472779443062,-0.12273757830344605,0.0021357197607423345,-0.001162304158697225,-0.0002869469284405568,0.01971169276657747,13407,268000000,3.59,0,2,4,-3.0593806410754514,-0.4611787176804208,4.9427504169186145,-3.0593806410754514,-0.4611787176804208,4.9427504169186145,152.2400724887848
-5.266668888515909,1.1856537972215457,5.0,-3.624447326291246,1.5884195253539546,4.962585818648443,-0.8092963191155924,0.0017759393648579369,-0.001797476203072292,0.5873951676551523,-0.06143804708331738,-0.12847278733397335,0.001995830275490733,-0.001072730128726107,-0.0002947261236840859,0.018325697601540014,13407,486000000,4.02,0,2,4,-3.092449898117543,-0.46090440468659755,4.942464296705434,-3.092449898117543,-0.46090440468659755,4.942464296705434,152.69456386566162
-5.321563693507126,1.112531192373411,5.0,-3.6530539875200283,1.5912582054747146,4.963103646881254,-0.8102875629773055,0.001888490313651817,-0.001833993264336205,0.586026565402406,-0.05511612575127008,-0.1341139221628585,0.001765606312327539,-0.001040607889990497,-0.0003252537482012485,0.01586472753842827,13407,709000000,4.43,0,2,4,-3.1289494161009164,-0.4518489354711619,4.942197034036572,-3.1289494161009164,-0.4518489354711619,4.942197034036572,153.12226366996765
-5.372589630922011,1.0365315745723227,5.0,-3.6793709921630926,1.5923917082463837,4.963541294419612,-0.8110446736840282,0.0019770734782966586,-0.0018592223865680582,0.5849779241658157,-0.04925512509128335,-0.139111077148363,0.001585097238658109,-0.0008856980571181339,-0.0002923349455841162,0.013388343631959287,13407,912000000,4.83,0,2,4,-3.1683293389051608,-0.4359747329969436,4.941972982283822,-3.1683293389051608,-0.4359747329969436,4.941972982283822,153.51922035217285
-5.419572782380206,0.9578462118343007,5.0,-3.7091828883176223,1.5920510393849874,4.963990514071854,-0.8117286813548457,0.0020753851264410242,-0.0018879265698852335,0.5840279756790483,-0.042398109390582264,-0.14436918700383725,0.0013043973063643984,-0.000926017941083046,-0.0003130175997512197,0.010488520547369262,13408,124000000,5.17,0,2,4,-3.205706972802053,-0.4174038629969331,4.941802257485375,-3.205706972802053,-0.4174038629969331,4.941802257485375,153.93693470954895
-5.46234774110858,0.8766778679051002,5.0,-3.742587464785181,1.5896585532854872,4.964434551850096,-0.8122480814417175,0.0021992468157031064,-0.001933164385291351,0.5833047920111336,-0.03426071911523908,-0.1500352462004048,0.0010153758322946965,-0.0011733710266526032,-0.00029132771146578307,0.0062185149545257445,13408,334000000,5.51,0,2,4,-3.248858275889099,-0.39365915723003214,4.941636858930972,-3.248858275889099,-0.39365915723003214,4.941636858930972,154.40678763389587
-5.500758386356226,0.7932405157210881,5.0,-3.779663230241829,1.5846024128473768,4.9648514317409935,-0.8124962262463515,0.0023322237751525134,-0.0019810728684889864,0.5829584191157973,-0.02508052811031793,-0.15585152171105837,0.0006264161345380733,-0.0010312825793334923,-0.00030949724134643475,0.0013171188697924663,13408,545000000,5.85,0,2,4,-3.2974553659295847,-0.3668171527428734,4.9414794435876095,-3.2974553659295847,-0.3668171527428734,4.9414794435876095,154.83709287643433
-5.53465865806953,0.7077590007991627,5.0,-3.810994208190877,1.5784182617680922,4.965145364620249,-0.8124547072371321,0.002426383910160838,-0.002012842151941284,0.5830157886505457,-0.01718458291375137,-0.16041580450194676,0.00035819115375721876,-0.0009546881983624189,-0.00028248410330888873,-0.002315689835086232,13408,783000000,6.16,0,2,4,-3.3501667489208518,-0.3430800382243016,4.941307258049224,-3.3501667489208518,-0.3430800382243016,4.941307258049224,155.30207633972168
-5.563913328919968,0.6204686532182451,5.0,-3.8458215599074848,1.5696258463868766,4.965437276342774,-0.8121575555893197,0.0025255382678105393,-0.002050020429648771,0.5834291079230423,-0.013236732452810162,-0.16456902124866926,0.00021319938840112345,-0.0006273844064708101,0.0001995522744380196,-0.002408756711247406,13409,11000000,6.36,0,2,4,-3.392659457828839,-0.33210020443905075,4.941087272232051,-3.392659457828839,-0.33210020443905075,4.941087272232051,155.78973412513733
-5.588398770606261,0.5316148469865358,5.0,-3.882514371194466,1.5645770882679286,4.9657109181145875,-0.8128101996440448,0.0024697057719496786,-0.0022213662486608105,0.5825191374023667,-0.04957855176341407,-0.16594590387871788,2.389030286834079e-05,-0.0007648569010143547,0.0023725623123027617,0.020449011208256707,13409,221000000,6.52,0,2,4,-3.4372346172439814,-0.3314084538516747,4.940707206327217,-3.4372346172439814,-0.3314084538516747,4.940707206327217,156.2921109199524
-5.608003711183438,0.44145250573565586,5.0,-3.9420306532431706,1.5740911352404983,4.965915457418076,-0.8163828027591217,0.002366844192740428,-0.0026535902125667294,0.5775001955555615,-0.1266195106434256,-0.1656383554377412,-0.001343815535266615,-0.0012806719610125583,0.00266329218447936,0.05268164059089031,13409,421000000,6.85,0,2,4,-3.4793033682793264,-0.34317700413561597,4.940145096008204,-3.4793033682793264,-0.34317700413561597,4.940145096008204,156.92347240447998
-5.62262998000515,0.3502455538454226,5.0,-3.9961315633466232,1.5976945730835104,4.965771570690355,-0.8207675133435794,0.002308892706357664,-0.0029676301550745163,0.5712499901317551,-0.17594291259494646,-0.16387000431427015,-0.0024142376363665884,-0.00017187086740477753,0.0022214276668819366,0.058268817883799784,13409,634000000,7.75,0,2,4,-3.5364030665298993,-0.3797487800588059,4.938954927930422,-3.5364030665298993,-0.3797487800588059,4.938954927930422,157.45639157295227
-5.6321932367033956,0.25826631228190566,5.0,-4.039708366899659,1.6206973957753352,4.965599355948398,-0.8238937955511328,0.0022197783304491307,-0.003128609172608493,0.5667312396905227,-0.19071939361418377,-0.16289958687906844,-0.0025461530218786515,-0.00010198936166716521,0.001794917773167981,0.052232919551897794,13409,829000000,8.7,0,2,4,-3.5798825006191417,-0.422157038567972,4.937758580918045,-3.5798825006191417,-0.422157038567972,4.937758580918045,157.87836170196533
-5.6366236804729155,0.16579483862679936,5.0,-4.0783769502378675,1.6386706207655837,4.965448943662128,-0.8257006098950247,0.0022343416862119886,-0.003134342996020924,0.5640954586151149,-0.15351959533075946,-0.16567462772304203,-0.002412696002255597,-0.0001307069823042184,-0.0009486126259616867,0.024494818535458762,13410,27000000,9.36,0,2,4,-3.6127384520059667,-0.4561849187470129,4.936951143246627,-3.6127384520059667,-0.4561849187470129,4.936951143246627,158.32747173309326
-5.635866735777037,0.07311821098866865,5.0,-4.119168987822315,1.6507832857617237,4.965292385885362,-0.8266717646377938,0.0023426991801411526,-0.003001908862839735,0.5626715683721423,-0.11125905846264403,-0.16957695730890338,-0.002250360671258099,-0.0001221985471033804,-0.0020127710286033107,0.012330230492807459,13410,208000000,9.74,0,2,4,-3.6426804566929047,-0.4838712954486048,4.936380896353975,-3.6426804566929047,-0.4838712954486048,4.936380896353975,158.74240970611572
-5.629883710449162,-0.01947024428380043,5.0,-4.161487471155651,1.654996995004479,4.9651310216897055,-0.8271684729250673,0.002484577136466485,-0.0028172875547928214,0.561941462401644,-0.06874831843757405,-0.17380975897443385,-0.00210083573760443,-0.00010846214166804202,-0.00206281149530696,0.003674660524666251,13410,409000000,9.96,0,2,4,-3.6773895451700063,-0.5061754856936169,4.935960863543346,-3.6773895451700063,-0.5061754856936169,4.935960863543346,159.19894433021545
-5.61865242203085,-0.11167178091919192,5.0,-4.197854990822196,1.651391193333978,4.964995280190841,-0.8270663995869547,0.0026031487400436258,-0.002661622919832068,0.5620919053449727,-0.034249076930569056,-0.1772842570373769,-0.0020020456464524845,-0.00016658071047004341,-0.0018539969346420548,-0.006225577226359746,13410,639000000,10.1,0,2,4,-3.71702091808823,-0.5216783907559768,4.935789036803058,-3.71702091808823,-0.5216783907559768,4.935789036803058,159.61961245536804
-5.60216778806488,-0.2031831166393795,5.0,-4.2290158402842035,1.6427198600225774,4.9648724576732075,-0.8263984211955522,0.0027099741970898197,-0.00254509891412881,0.563073554659484,-0.005540985388921253,-0.17988280175066923,-0.0020294090445013456,-0.00025758412505183514,-0.0017012851913023042,-0.01788737554306863,13410,854000000,10.12,0,2,4,-3.7540155524438514,-0.529296614814487,4.9358793515871495,-3.7540155524438514,-0.529296614814487,4.9358793515871495,160.02290797233582
-5.5804423759517086,-0.2936973719598432,5.0,-4.261981372238823,1.6276231213011148,4.964717774924084,-0.8249300230909032,0.0028333361769406055,-0.0024320408400484487,0.5652225352785419,0.02416719705062879,-0.1818328681527612,-0.002170750435445498,-0.0004100043753396676,-0.0017069304703909438,-0.0319846672937274,13411,72000000,10.02,0,2,4,-3.7878595744333414,-0.5320909808576879,4.936128151888999,-3.7878595744333414,-0.5320909808576879,4.936128151888999,160.44080352783203
-5.553506907881683,-0.38290506286009296,5.0,-4.293248351693433,1.607313547324986,4.964525093321342,-0.8226865590838645,0.0029620498164955756,-0.0023346270730132002,0.5684827185412636,0.05173716287470491,-0.18255186225673675,-0.0024166130811809853,-0.0004956248233156657,-0.0016351342424059112,-0.04504573589656502,13411,283000000,9.77,0,2,4,-3.8257793184966684,-0.5319273338033225,4.93658443806536,-3.8257793184966684,-0.5319273338033225,4.93658443806536,160.84534358978271
-5.5214107162752395,-0.47049514599288356,5.0,-4.319987590122173,1.5850410075665846,4.964315996755336,-0.8201036189430498,0.003068819113353546,-0.0022514127504469294,0.572202383502891,0.07447024854873405,-0.18221648358654322,-0.002613192097368971,-0.00042035197793666157,-0.0015826218486836297,-0.05387996934587136,13411,517000000,9.46,0,2,4,-3.867446151858905,-0.5291652002122791,4.937279744812295,-3.867446151858905,-0.5291652002122791,4.937279744812295,161.2690086364746
-5.484222145100808,-0.5561561147666688,5.0,-4.35100380482924,1.5533346920743094,4.964010785284247,-0.8164027775640658,0.0031965192298541055,-0.0021660320908385242,0.5774699951992944,0.0994152913406085,-0.18057156773779687,-0.0029338304678610677,-0.00028545969144033734,-0.0014821339277659717,-0.062358289142139256,13411,827000000,8.9,0,2,4,-3.897482372442105,-0.5261640301728864,4.93789407207056,-3.897482372442105,-0.5261640301728864,4.93789407207056,161.72021675109863
-5.442028892397166,-0.6395771442850378,5.0,-4.382828904726764,1.5138568027357018,4.963607983971697,-0.8117847658021068,0.003295985761909319,-0.002059758726424811,0.5839438225407171,0.12374556109338597,-0.17712978971905324,-0.0032696000813698606,-0.00026168698923356715,-0.0014194606819728506,-0.06961809049244039,13412,84000000,8.23,0,2,4,-3.9381780330360177,-0.5214615902162258,4.938850148984516,-3.9381780330360177,-0.5214615902162258,4.938850148984516,162.27402329444885
-5.394938289305385,-0.7204492827602554,5.0,-4.417543618926549,1.4625663985274602,4.963040113530401,-0.8058459072529919,0.0033990659707533177,-0.0019497403561870503,0.592112336154781,0.143599164673139,-0.17135397364703994,-0.003564754254705658,0.00031972915905953414,-0.001318628494573204,-0.07116413034964353,13412,273000000,7.39,0,2,4,-3.9814549083126485,-0.5164035431297272,4.940016842540542,-3.9814549083126485,-0.5164035431297272,4.940016842540542,162.8466510772705
-5.343077510917503,-0.7984666866361086,5.0,-4.458009548101104,1.4000928407176418,4.962354348564382,-0.7994707496322278,0.003401492815076326,-0.0017729131260103615,0.6006927726451852,0.1254728658082495,-0.1620817915409714,-0.003216273982470443,0.0011054028846047004,-0.000593693920336591,-0.045007987500866875,13412,471000000,6.31,0,2,4,-4.030029028101051,-0.5116130810648652,4.941511851386653,-4.030029028101051,-0.5116130810648652,4.941511851386653,163.50013971328735
-5.286593714276308,-0.8733278962592992,5.0,-4.482583733603483,1.3700044874196173,4.9620168831102855,-0.7972500555051755,0.003336239605557099,-0.0016942625826759654,0.6036375965565678,0.09762033865626926,-0.15724474161782837,-0.002849558615470621,0.0011228130347262777,-0.00013852944213965657,-0.030810267344349995,13412,665000000,5.16,0,2,4,-4.085640563119871,-0.5085574680787239,4.943492368560883,-4.085640563119871,-0.5085574680787239,4.943492368560883,163.940851688385
-5.2256540989155775,-0.9447371485293901,5.0,-4.511222406334367,1.3468507826041625,4.961709020637084,-0.7962189609775416,0.0031084880983856577,-0.0016958837345434265,0.6049982045096869,0.03952111805022973,-0.1506783074244282,-0.002356704835410742,0.0017682922589301597,0.0019560543023544597,-0.005555436655413359,13412,885000000,4.75,0,2,4,-4.11640130463758,-0.508839501160633,4.944727627210145,-4.11640130463758,-0.508839501160633,4.944727627210145,164.3964695930481
-5.160445885414503,-1.0124057225364496,5.0,-4.538813840390177,1.335834140588905,4.961483642013224,-0.79622947267537,0.0028366285086819033,-0.0017682398029888343,0.604985498759933,-0.0038019220814287007,-0.145078589030521,-0.0019744337239222527,0.001597597326963296,0.002311070534233295,0.004091752316526254,13413,88000000,4.53,0,2,4,-4.1480292202121865,-0.5135339148581207,4.946043723418131,-4.1480292202121865,-0.5135339148581207,4.946043723418131,164.848703622818
-5.091176207556139,-1.076053313764426,5.0,-4.573181186427465,1.3326156942174834,4.961275766693575,-0.7967840675931841,0.0025391468995454147,-0.0018711901729343682,0.6042559068888107,-0.04403665669665352,-0.13826974345752344,-0.001623407048523313,0.0014479135188594228,0.0020814024082937976,0.011169600566063309,13413,274000000,4.56,0,2,4,-4.175377069358425,-0.5321846024065896,4.946996543405393,-4.175377069358425,-0.5321846024065896,4.946996543405393,165.33555674552917
-5.018071913829636,-1.1354094319985468,5.0,-4.608234931666379,1.3379171644200532,4.961108695527122,-0.7979143231447583,0.0022755570334813038,-0.001954219157087593,0.6027634160996465,-0.07514513262118148,-0.13110565010140857,-0.001492085561467495,0.001207903653721587,0.0017589628214409458,0.01902191997942282,13413,453000000,4.5,0,2,4,-4.197723309923852,-0.5684610680500223,4.947251970212912,-4.197723309923852,-0.5684610680500223,4.947251970212912,165.75656628608704
-4.941379274201433,-1.1902148176291472,5.0,-4.640448201303756,1.3485976480657516,4.960943290752349,-0.7993615291924496,0.0020766859857615193,-0.0020143177353100956,0.6008433868708933,-0.09706771232846723,-0.12391687135149072,-0.001596524059375212,0.0012688193351095833,0.001467069205318694,0.024017186660785228,13413,681000000,4.61,0,2,4,-4.216951921473496,-0.6259262564369794,4.946705162550001,-4.216951921473496,-0.6259262564369794,4.946705162550001,166.2540102005005
-4.861363588304209,-1.2402228705937084,5.0,-4.669434228605007,1.3620599984702906,4.960768071792104,-0.8008928464007171,0.0019014600497411153,-0.0020464905463123016,0.5988011731036277,-0.10693722240170907,-0.11718179778431577,-0.001718185626682102,0.0008862622109973017,0.0010231016517536773,0.02234799558209488,13413,856000000,4.79,0,2,4,-4.231101045642724,-0.6882773978127779,4.945803244810567,-4.231101045642724,-0.6882773978127779,4.945803244810567,166.70001220703125
-4.778308691455196,-1.2852010857470126,5.0,-4.695501364640001,1.3689970370432138,4.960498812007196,-0.8007564794941477,0.001889150308198537,-0.001975609628167699,0.5989837966304667,-0.03819966214748707,-0.11349942961974499,-0.002320961189941028,0.0005728528776671737,-0.0013840666383657663,-0.018290551815880463,13414,64000000,5.0,0,2,4,-4.242049933553703,-0.7485626437806575,4.944859104663594,-4.242049933553703,-0.7485626437806575,4.944859104663594,167.14285445213318
-4.692516355220243,-1.3249324879979623,5.0,-4.718951256986185,1.361937938005327,4.960050982393059,-0.7988147720105165,0.0019401841073947807,-0.0017747469799582129,0.6015713141237478,0.034940747990263414,-0.10912297501937038,-0.0029125339803804133,0.0007794781822667574,-0.0019847159364871914,-0.036575968260876834,13414,309000000,4.89,0,2,4,-4.252260462802434,-0.8039905301457413,4.944116208363359,-4.252260462802434,-0.8039905301457413,4.944116208363359,167.58640336990356
-4.604305579587888,-1.3592170601044367,5.0,-4.735871075770773,1.3434164790253353,4.959513208975891,-0.7963772730440541,0.0019891169818932026,-0.0015841465150474542,0.6047948188207026,0.09270484985252261,-0.10420359575566196,-0.003494647241187281,0.0007584082027278782,-0.0018653833421922172,-0.0431564767495729,13414,578000000,4.44,0,2,4,-4.262851936443144,-0.8568386186134058,4.943622820455253,-4.262851936443144,-0.8568386186134058,4.943622820455253,168.01517868041992
-4.514011774210335,-1.3878731555776789,5.0,-4.747832072336949,1.31824706343739,4.958922292427216,-0.7939066975122511,0.0020330698926748136,-0.0014092372171706303,0.6080345683614281,0.1381091710749909,-0.0982722937698303,-0.004059590843886853,0.0007414914136916195,-0.001969105801435944,-0.04679723388107959,13414,931000000,3.89,0,2,4,-4.271762477681849,-0.8980904862719071,4.943447014471969,-4.271762477681849,-0.8980904862719071,4.943447014471969,168.44846510887146
-4.421985826607609,-1.4107388887183527,5.0,-4.758608670016408,1.2784813145931941,4.958098962906023,-0.7907134619625289,0.0020774492600224505,-0.0011734785098257117,0.6121817771087203,0.18257696309539856,-0.08895586662508484,-0.004446380820831042,0.0011717517168108316,-0.0020848837039011414,-0.04801773829967715,13415,132000000,3.35,0,2,4,-4.279037982790142,-0.9306104660997343,4.943494221649356,-4.279037982790142,-0.9306104660997343,4.943494221649356,168.91983127593994
-4.328593055717535,-1.4276734933920339,5.0,-4.7650320885305195,1.2356491026963015,4.957290278933353,-0.7877708168785333,0.0021034621025220537,-0.0009466438694142715,0.6159641380690082,0.21422402936881085,-0.07917370613908155,-0.004754107470169534,0.0012593812016348238,-0.002002192491090682,-0.04780485251103528,13415,350000000,2.66,0,2,4,-4.286794476487157,-0.965546356682678,4.943773598693857,-4.286794476487157,-0.965546356682678,4.943773598693857,169.39134335517883
-4.234212049709711,-1.4385586417559681,5.0,-4.768738367388472,1.1829032902635146,4.956331626526397,-0.7846029991887828,0.002102061544424421,-0.0006804097490271746,0.6199945580759592,0.2414127554752962,-0.06735926296611719,-0.0051807818955324925,0.0017518436834507156,-0.001938375066856679,-0.04536304550128989,13415,561000000,2.03,0,2,4,-4.2926241713560715,-0.9935832152848849,4.944214470898407,-4.2926241713560715,-0.9935832152848849,4.944214470898407,169.8602442741394
-4.13923338756614,-1.4432997137763375,5.0,-4.769275656661128,1.1311083576457952,4.955384498929102,-0.7819199082280699,0.0020745239416992676,-0.0004333577018809754,0.6233753008165499,0.26024762638594134,-0.05625731852807887,-0.00561639388963543,0.0016832356550366967,-0.0017515042941340653,-0.041656565736047924,13415,792000000,1.36,0,2,4,-4.2975372472639854,-1.0211303035243497,4.944861463052109,-4.2975372472639854,-1.0211303035243497,4.944861463052109,170.31663417816162
-4.044058244565728,-1.4418270080303621,5.0,-4.765870128699792,1.0542362456091747,4.953944605498964,-0.7786568033029263,0.0020072585091075105,-9.106376289056729e-05,0.6274468465860167,0.2789883009095021,-0.03996548801921555,-0.006135705641324383,0.0022944000193092506,-0.0015477621218451532,-0.03271638888691086,13416,15000000,0.8,0,2,4,-4.300509728735906,-1.0436995545476793,4.945587725629654,-4.300509728735906,-1.0436995545476793,4.945587725629654,170.9075117111206
-3.9490968824942665,-1.4340968839754855,5.0,-4.758700810510655,0.9799208547242338,4.952513195906024,-0.7762959740142661,0.0019048430548913964,0.0002170329996177841,0.630365675777842,0.2886679056543914,-0.026131508132632864,-0.006433713098916233,0.002332922576897545,-0.0012177460121165495,-0.02458585840940941,13416,233000000,0.33,0,2,4,-4.302100450576747,-1.0720393378689053,4.946786005415338,-4.302100450576747,-1.0720393378689053,4.946786005415338,171.464426279068
-3.8547670261357823,-1.4200928255936496,5.0,-4.746828416135397,0.8947482226963523,4.950880510963746,-0.7745207379856366,0.0017282433204764622,0.0005411292577880289,0.6325459246444768,0.275410709529973,-0.011912950904252307,-0.005953795977653633,0.0026719039624367724,-0.0005746790009197866,-0.011749662280635675,13416,446000000,0.64,0,2,4,-4.30090401931701,-1.097225572683629,4.948170876262814,-4.30090401931701,-1.097225572683629,4.948170876262814,172.0944766998291
-3.761492128384366,-1.399826416087859,5.0,-4.730565515533372,0.8061892581898739,4.949308449838943,-0.7739862859330785,0.0013990555778769502,0.0008177816291022706,0.633200286689935,0.2187326029100316,0.0021075786595580225,-0.0042288708654933125,0.0022289707430900307,0.0006600044230253843,0.0018269173438056896,13416,646000000,1.09,0,2,4,-4.296916106569192,-1.119774978392768,4.949639905500877,-4.296916106569192,-1.119774978392768,4.949639905500877,172.8313868045807
-3.669699527147076,-1.3733382131263714,5.0,-4.716350174985934,0.748134176118291,4.948396845889291,-0.7745085691675997,0.0010404689945781498,0.0008787490238024394,0.6325619507292404,0.15202372276959825,0.012587604243513517,-0.00268465066271863,0.0018034278127743164,0.0018578584899842099,0.008094787153822836,13416,855000000,1.38,0,2,4,-4.28724942882255,-1.1453146274220705,4.951606130001612,-4.28724942882255,-1.1453146274220705,4.951606130001612,173.4725272655487
-3.5798184980862184,-1.340698514002861,5.0,-4.70495593119236,0.7162439472278541,4.947877845176862,-0.7753499062907219,0.0006654338074698151,0.0007900901321524831,0.6315310410188875,0.0896849762235589,0.02127396047160556,-0.0016633524049190801,0.0017293603832513327,0.0025597236344765406,0.010286850101692835,13417,68000000,1.49,0,2,4,-4.2741968381731406,-1.164926376713229,4.953389077432978,-4.2741968381731406,-1.164926376713229,4.953389077432978,174.0376787185669
-3.4922782081715784,-1.3020080000147989,5.0,-4.695935057654534,0.7025547213806663,4.9475973441293455,-0.7761420265467796,0.00031235127366105475,0.0006629243913271617,0.6305577036210017,0.04064768721624494,0.028853613533478116,-0.0010171199683703205,0.0018447420757183863,0.0026512070007811417,0.010071969427372096,13417,246000000,1.55,0,2,4,-4.259492047341404,-1.1797461000732035,4.954924292225311,-4.259492047341404,-1.1797461000732035,4.954924292225311,174.531236410141
-3.4075055759769564,-1.2573982493631848,5.0,-4.687274560216448,0.6999623828147014,4.9473896646231905,-0.7768118477904471,-4.2598832867542864e-05,0.0005657537457429165,0.6297325076891218,-0.0018483070521475933,0.03703502428714819,-0.0008138784402392859,0.0018845968952518888,0.002341153845009103,0.007136157455533976,13417,469000000,1.59,0,2,4,-4.244704705752427,-1.1917166636758398,4.956204784926847,-4.244704705752427,-1.1917166636758398,4.956204784926847,175.02398467063904
-3.3259230456575875,-1.2070321079509267,5.0,-4.6800768827824815,0.7052791290866308,4.9472469912637145,-0.7771331757754933,-0.0003182072033676121,0.0005045947559379413,0.629335896987772,-0.03279347108877936,0.043850633690557625,-0.0006848300084023658,0.0016224880141635367,0.0020642002709791996,0.0037333514001147705,13417,666000000,1.65,0,2,4,-4.2272197722154665,-1.2061758113360095,4.957424494067205,-4.2272197722154665,-1.2061758113360095,4.957424494067205,175.50074815750122
-3.247946282581665,-1.151103907610978,5.0,-4.670499277025786,0.7211763162263557,4.947024942277984,-0.7770985845769978,-0.0006591293982836742,0.0004549405147074777,0.6293783825537631,-0.06918928937157638,0.053267579978835966,-0.0011714812185824122,0.0019115145050818683,0.0018004833805207454,-0.004184981298749335,13417,886000000,1.73,0,2,4,-4.210141469413495,-1.2221994256611681,4.958370368840976,-4.210141469413495,-1.2221994256611681,4.958370368840976,176.0237934589386
-3.173981799655357,-1.08983952153489,5.0,-4.659364158394108,0.7476103842944816,4.946652540097054,-0.7764975529212683,-0.0009934158711420284,0.0004333216516353482,0.63011933446335,-0.08674825885909312,0.06327850603681964,-0.0014937041656510374,0.0016816575453049154,0.0015461512361980567,-0.005248698516879813,13418,91000000,1.9,0,2,4,-4.184593918495223,-1.2484887538290232,4.959478427385952,-4.184593918495223,-1.2484887538290232,4.959478427385952,176.59115719795227
-3.104424524471549,-1.0234962470043503,5.0,-4.647359681657456,0.7693606826758023,4.946392614114424,-0.7763183280418973,-0.0012429412685828372,0.00042666949336208704,0.6303396914334201,-0.06241553537763307,0.07162491849750678,-0.0011220997465394913,0.001961291673069354,0.0005475756381656538,0.0021871357034797256,13418,380000000,2.16,0,2,4,-4.154252844361089,-1.2785214811425263,4.960582566233063,-4.154252844361089,-1.2785214811425263,4.960582566233063,177.07410216331482
-3.0396553185209894,-0.9523625059581973,5.0,-4.632261799611192,0.7788578707748175,4.946232380116592,-0.7769519321385373,-0.00135131320394942,0.0006239236622154549,0.6295581623790466,0.0018269170153156547,0.07994926949106108,-0.0007986991749166018,0.0018552644178271294,-0.0015389454688374826,0.013877631317882333,13418,642000000,2.3,0,2,4,-4.127437848242643,-1.3002680993802114,4.961494260175621,-4.127437848242643,-1.3002680993802114,4.961494260175621,177.5316560268402
-2.980038460824571,-0.8767573544618206,5.0,-4.6126867607171596,0.7758073166598306,4.946153946725436,-0.7781419724755025,-0.0013749499092215948,0.000895340621604941,0.628086282727025,0.05806398220850771,0.08768217321666118,-0.00043079770870667274,0.001786454970442719,-0.0019327927930135047,0.02001867014769232,13418,941000000,2.28,0,2,4,-4.102698895573127,-1.3151446971679048,4.962288640039788,-4.102698895573127,-1.3151446971679048,4.962288640039788,178.01695847511292
-2.9259191094683263,-0.7970297927898848,5.0,-4.5868378435016846,0.760667470341498,4.946166598542167,-0.779921128309965,-0.0013905210931163567,0.0012016557531762252,0.6258751122150898,0.1069249783360933,0.09519219208183606,-0.00013400429253365912,0.001658256394421187,-0.0019479402453725925,0.027208733445149846,13419,290000000,2.15,0,2,4,-4.077818539594389,-1.3252418360309823,4.963043627496183,-4.077818539594389,-1.3252418360309823,4.963043627496183,178.50418877601624
-2.87762075564036,-0.7135578685927886,5.0,-4.559682281569421,0.7385141184102854,4.946244880854871,-0.7820373404283698,-0.0013930999942445349,0.0014657842810265865,0.6232282959915807,0.14063158944410897,0.10086370205332215,-2.3775666767163673e-05,0.0014791610624342866,-0.0018569853409644566,0.03399397355678957,13419,610000000,1.93,0,2,4,-4.050464364547934,-1.3311700545174312,4.9638309658329876,-4.050464364547934,-1.3311700545174312,4.9638309658329876,178.96610951423645
-2.835442685871385,-0.6267475664967088,5.0,-4.53266969351179,0.7134794952403946,4.946347288294777,-0.7843704924397845,-0.0013964673673232122,0.0016850398995797448,0.6202887562330937,0.16268096795715026,0.10502388801698259,-3.340762082595106e-05,0.0012802526498489897,-0.0016789155324659077,0.039931827268446796,13419,896000000,1.64,0,2,4,-4.025152968053969,-1.332218998007301,4.964517890658457,-4.025152968053969,-1.332218998007301,4.964517890658457,179.42152500152588
-2.7996574692572436,-0.5370314784908558,5.0,-4.489008640219153,0.6706595773252484,4.94654047143059,-0.788479177009902,-0.0014224595470369427,0.001993369193645414,0.6150565750480865,0.1788343531865732,0.10971812388189868,-4.6618192504975204e-05,0.001203301258101419,-0.0014829332258159411,0.046925273272790946,13420,120000000,1.32,0,2,4,-4.001980766873345,-1.3297575987251788,4.965103654205435,-4.001980766873345,-1.3297575987251788,4.965103654205435,180.05418610572815
-2.7705084874816763,-0.44486725058763915,5.0,-4.440110439196112,0.6245470046055026,4.946791715430335,-0.793030114294012,-0.0014290999322248922,0.0022303876152919783,0.609176674592269,0.1677535038353688,0.1139791895467754,-3.571474705233752e-05,0.0005319448632690182,-0.0009657180839894863,0.041839293044176884,13420,378000000,0.76,0,2,4,-3.9669842428159905,-1.3202873642204922,4.9659087241216024,-3.9669842428159905,-1.3202873642204922,4.9659087241216024,180.66666412353516
-2.7482075264478603,-0.350735802504131,5.0,-4.391799715307486,0.5893847981657575,4.947022106955553,-0.7963134773013285,-0.0014557205887621,0.002327558765333953,0.6048779291857389,0.11154531245464021,0.11991386773105037,-0.0005815132932858764,0.00045002131798810296,0.0004671761388408413,0.018869122504838742,13420,571000000,0.48,0,2,4,-3.9295959442774846,-1.3029200389632107,4.966653189782907,-3.9295959442774846,-1.3029200389632107,4.966653189782907,181.3439130783081
-2.732932449255116,-0.255139318509243,5.0,-4.360964277544628,0.5792486043280237,4.946969656730281,-0.7970232310511818,-0.0015576757091598024,0.00227915332062308,0.603942338531801,0.05508655562721728,0.12497482935813975,-0.0014579417084969555,0.0006657643552898662,0.0013153218674233358,0.003942399689549347,13420,818000000,0.77,0,2,4,-3.892457138554083,-1.2787015150682728,4.967225985723581,-3.892457138554083,-1.2787015150682728,4.967225985723581,181.79309582710266
-2.724824971108223,-0.15859900911057498,5.0,-4.3351465088871874,0.5817358224617827,4.94670425762777,-0.7967579867871177,-0.001745396377498862,0.0021597572232744952,0.6042921475008267,-0.004740194969185164,0.12989637370188084,-0.0025690202337416363,0.0008696952932041313,0.002518188603062299,-0.010553942865954014,13421,107000000,0.83,0,2,4,-3.8665781671679165,-1.2605275653496386,4.967541014019868,-3.8665781671679165,-1.2605275653496386,4.967541014019868,182.2476954460144
-2.7239885575064235,-0.06165264491862666,5.0,-4.3114923484275876,0.5953763954910612,4.946177999078384,-0.7955653504748688,-0.0019911312203740057,0.0020114636587938483,0.6058611743082831,-0.05921928638769279,0.13407061118770405,-0.003993096572312531,0.0011823456361526041,0.002810636624417384,-0.026439505199959967,13421,344000000,0.78,0,2,4,-3.841132141120157,-1.2487805675738162,4.967725213134714,-3.841132141120157,-1.2487805675738162,4.967725213134714,182.69997549057007
-2.730486467711441,0.03514813417843812,5.0,-4.285663068421105,0.6248489368903332,4.945174368073013,-0.7929320921485592,-0.0023205737732916666,0.001835910596820731,0.6093028324327339,-0.1173729897072758,0.1373635748797698,-0.005789906695827832,0.001225162031914806,0.0029698849857595633,-0.04392635019030422,13421,560000000,0.65,0,2,4,-3.811677507722344,-1.249022792399762,4.967670777640258,-3.811677507722344,-1.249022792399762,4.967670777640258,183.21710538864136
-2.7443399660226797,0.1312407294709807,5.0,-4.260363822927015,0.6704281549968235,4.943646507960607,-0.7888754805269197,-0.002657491665892873,0.0016410101595777413,0.6145451334500366,-0.16648683007013637,0.13828012917677196,-0.007415209606823296,0.0010249455840494193,0.0029044755592622096,-0.05469044153869618,13421,781000000,0.71,0,2,4,-3.771747916095979,-1.2629780695560124,4.967342484869668,-3.771747916095979,-1.2629780695560124,4.967342484869668,183.70904183387756
-2.765526723775945,0.22605470640676142,5.0,-4.240337187573299,0.7158986142736247,4.942197258620075,-0.7851197252990503,-0.0029143595965441726,0.0014722347347071703,0.6193354147627692,-0.18486734888538925,0.13687201543760427,-0.007661464155212147,0.00015826004826635653,0.0025053221406778903,-0.052283503828221,13422,18000000,1.32,0,2,4,-3.724176140666109,-1.290755300968809,4.966741029764467,-3.724176140666109,-1.290755300968809,4.966741029764467,184.18836760520935
-2.793979435212246,0.31901512081565536,5.0,-4.219715000805303,0.7583395768895137,4.940940787756756,-0.782557751579573,-0.0029868298396335223,0.0013323043333322152,0.622569409186956,-0.14899021004397345,0.13412069392405943,-0.006027266180439049,-0.0005380272000365949,0.0006992183784859662,-0.027928324379900005,13422,255000000,2.01,0,2,4,-3.6821839154607887,-1.319545506504923,4.966156216021933,-3.6821839154607887,-1.319545506504923,4.966156216021933,184.61404490470886
-2.829584670417623,0.40954603682440355,5.0,-4.199367721658309,0.7887919926036493,4.9401497715679445,-0.7811937602563778,-0.002909415725464973,0.0013226687058551694,0.6242804616389431,-0.10598224948449138,0.132196831826704,-0.004088661819071663,-0.0007651401631392218,-0.0009763095931702992,-0.017895500604936387,13422,445000000,2.49,0,2,4,-3.641097411585655,-1.3461990363439669,4.965639939958962,-3.641097411585655,-1.3461990363439669,4.965639939958962,185.0591368675232
-2.8721819883953725,0.497074222526359,5.0,-4.173022164310838,0.8151194876634544,4.939662687915783,-0.7800436834196467,-0.0027299453050519734,0.0013902553468266203,0.62571756132125,-0.06364105044290687,0.13010176973509227,-0.0019547469556217456,-0.000801443508180455,-0.0014899668485668371,-0.012847230937040877,13422,743000000,2.76,0,2,4,-3.607447235826821,-1.3602075893961014,4.965199335721824,-3.607447235826821,-1.3602075893961014,4.965199335721824,185.56266903877258
-2.9215633329804627,0.5810330070037255,5.0,-4.147552507952268,0.8314235772790617,4.939607834205764,-0.7793467866673904,-0.002560258013111176,0.0014674937554456208,0.626585890083871,-0.033642841071377834,0.12807269545502117,-0.00029312414544601994,-0.0007384326750070613,-0.001438783863250137,-0.007662165899091633,13423,64000000,2.98,0,2,4,-3.5720368307004313,-1.363484015022785,4.9646953905631,-3.5720368307004313,-1.363484015022785,4.9646953905631,186.01444840431213
-2.977472733724384,0.6608662797593143,5.0,-4.123710358622826,0.8412094847833576,4.939838504530995,-0.7790705131489015,-0.0024190774110198427,0.0015301558210940307,0.6269297745597584,-0.012550831647462518,0.1259608884329682,0.0010051660084942158,-0.0007018566407168692,-0.0012790782193405903,-0.0021743658635386964,13423,385000000,3.11,0,2,4,-3.5438852367891567,-1.355011735574493,4.96425321500078,-3.5438852367891567,-1.355011735574493,4.96425321500078,186.46406888961792
-3.039606333049361,0.7360326110174092,5.0,-4.09715065541054,0.8478214085135619,4.940344787610317,-0.7791744593974244,-0.0022658442379582277,0.0015792319025192255,0.6268010320661723,0.003968892787729652,0.12289922561989267,0.002120829252023593,-0.0007703066330577713,-0.0011539476531652326,0.004226201735946233,13423,609000000,3.16,0,2,4,-3.5215107108876387,-1.338960693794686,4.963835573908669,-3.5215107108876387,-1.338960693794686,4.963835573908669,186.9339098930359
-3.1076127598771013,0.8060094687197145,5.0,-4.073091436207775,0.8511548220067968,4.940993938045101,-0.7796016138204468,-0.002143025358006151,0.001614942503768873,0.6262700081686646,0.014221805122356834,0.11946809877459437,0.0029948079997444504,-0.0008305069343350624,-0.0009693401693766646,0.008567938402848085,13423,803000000,3.13,0,2,4,-3.5002136168744284,-1.3132011031161315,4.963355502422798,-3.5002136168744284,-1.3132011031161315,4.963355502422798,187.40582656860352
-3.1810938685625367,0.8702975053934883,5.0,-4.047095026667845,0.8528662081873262,4.941886266318039,-0.7803014521935909,-0.0020071207560216965,0.0016123888653136868,0.6253982853933888,0.02105705050876521,0.11489981975129511,0.003829968158309792,-0.0011088873407061328,-0.0006653159857705759,0.011143582923978101,13424,12000000,3.04,0,2,4,-3.483646364525957,-1.2835133049835357,4.962891137827727,-3.483646364525957,-1.2835133049835357,4.962891137827727,187.87593030929565
-3.2596058602927536,0.928424885430785,5.0,-4.024177135998051,0.8533460789611139,4.94283637925222,-0.7810214285919946,-0.0018761703672143112,0.0015872451302848419,0.6244993904863073,0.024038228850217988,0.11011995827803456,0.0044891750466552905,-0.0012528319984994596,-0.0006059307111172529,0.011699318565661088,13424,251000000,2.9,0,2,4,-3.468247472470366,-1.2452314730098621,4.962332615591188,-3.468247472470366,-1.2452314730098621,4.962332615591188,188.31727957725525
-3.3426608021318156,0.97995162071707,5.0,-4.0021845096272495,0.8533583484338775,4.943899486803678,-0.7817358350225541,-0.0017445814006284584,0.0015386103785663683,0.623605382718454,0.024438324671123578,0.10487640183284594,0.005065481647309527,-0.0012437741247595113,-0.0003716531665531875,0.01127850919147022,13424,506000000,2.74,0,2,4,-3.456654076618566,-1.2063157745285997,4.961767566773599,-3.456654076618566,-1.2063157745285997,4.961767566773599,188.70809245109558
-3.4297285565919866,1.0244738800151723,5.0,-3.9853898107564207,0.8533083001465984,4.944813137842366,-0.7822768248350028,-0.0016505162176947876,0.0014891895181666605,0.6229269840333297,0.02307495134395994,0.10007024753969618,0.0053858554959461576,-0.0012422454574334552,-0.0002054270240137157,0.010534231296333019,13424,738000000,2.58,0,2,4,-3.4472498798717153,-1.164276761916719,4.961134679025128,-3.4472498798717153,-1.164276761916719,4.961134679025128,189.09540462493896
-3.5202391319817106,1.0616282350796522,5.0,-3.9655743200385163,0.8534420399866706,4.946020611797749,-0.7828853299332383,-0.001546369132123023,0.0014180418197564406,0.622162485268301,0.02014769592477735,0.09363279300114183,0.005825905494675808,-0.0012131221637901035,-3.996574449161017e-05,0.009071613567357417,13424,932000000,2.45,0,2,4,-3.441199363531655,-1.128795524061909,4.960579266419515,-3.441199363531655,-1.128795524061909,4.960579266419515,189.5495343208313
-3.613585460813739,1.091095804182873,5.0,-3.9421036011104893,0.854363554284103,4.947662193272776,-0.783519932505716,-0.001403722640640943,0.0012997223507016126,0.6213637064158133,0.013989200903347526,0.08415492661313463,0.0060629314026588565,-0.0015661527186239255,9.556965423485053e-05,0.0067282106556376675,13425,158000000,2.3,0,2,4,-3.4351974012698463,-1.0831822024784186,4.959850018546297,-3.4351974012698463,-1.0831822024784186,4.959850018546297,190.04171752929688
-3.7091266102495677,1.112606251616039,5.0,-3.922948108206617,0.8562508152214304,4.949208913301271,-0.7839397374650314,-0.001279266689977298,0.0011736696033998676,0.6208344980746925,0.006394741307495922,0.07523885128756033,0.006184082972860368,-0.001583734706400719,0.00020442374335516433,0.00392641641155933,13425,385000000,2.13,0,2,4,-3.428065502920115,-1.0282905851498039,4.9590150925669745,-3.428065502920115,-1.0282905851498039,4.9590150925669745,190.61238741874695
-3.806191424908657,1.125941599827035,5.0,-3.905386176366592,0.861276643373669,4.950835268625361,-0.783986095600529,-0.0011646956150610916,0.0010157429474130246,0.6207764602942246,-0.026994842014329213,0.06525419095217937,0.00537450748492818,-0.0013999209045323369,0.0015039890286061564,-0.007202806318673538,13425,614000000,2.01,0,2,4,-3.4201663211434634,-0.9890477995662412,4.958413868931877,-3.4201663211434634,-0.9890477995662412,4.958413868931877,191.15323495864868
-3.9040825983866703,1.1309398092152152,5.0,-3.8957463206677962,0.8784314386463303,4.951787891213204,-0.7829019283570747,-0.0012343412567249713,0.0007074951671302919,0.6221435095112898,-0.10155847808332512,0.056011827797757686,0.002899318123321646,-0.0012141938327658863,0.003155829062961857,-0.021722980636695866,13425,816000000,1.98,0,2,4,-3.409446200561029,-0.9617080894199875,4.957968368298485,-3.409446200561029,-0.9617080894199875,4.957968368298485,191.6339864730835
-4.002081165514412,1.1274980792667018,5.0,-3.8919394507267624,0.9238277375731677,4.952015280227389,-0.7806066687563553,-0.0013839264248124749,0.0002518075935066215,0.6250209996741649,-0.200947959381821,0.04267791437874939,-0.0015700466733465986,-0.0014335940818455128,0.0032428995154987206,-0.027371489704819396,13426,24000000,2.15,0,2,4,-3.3990327050842892,-0.9503807203273257,4.957740276000594,-3.3990327050842892,-0.9503807203273257,4.957740276000594,192.20149278640747
-4.099451402761684,1.1155758237290432,5.0,-3.897816761089553,1.0024412053104044,4.951027627073951,-0.7780926832261131,-0.001502857356671795,-0.00028004493683534163,0.6281476254071058,-0.26891547122189985,0.027107851984851918,-0.004698408624615331,-0.001906333909573732,0.0028801480311813066,-0.019510155289026443,13426,229000000,2.53,0,2,4,-3.385092096546829,-0.9486349044789145,4.957580263711586,-3.385092096546829,-0.9486349044789145,4.957580263711586,192.87693572044373
-4.195446119266206,1.0951972719395262,5.0,-3.9066713982267895,1.0688168214726022,4.950012480170353,-0.7769054313882626,-0.001533753008963014,-0.0006477256977627443,0.6296151036407445,-0.27774317642832547,0.01690412080592814,-0.004987267499076551,-0.0018364317611485603,0.0017679965594652458,-0.01112765421567019,13426,445000000,2.91,0,2,4,-3.3694917115566576,-0.9608923167595612,4.957441016120722,-3.3694917115566576,-0.9608923167595612,4.957441016120722,193.41830563545227
-4.289312315771843,1.0664536482861005,5.0,-3.915776164465101,1.1254294394116071,4.949233583593626,-0.7765177705164827,-0.0014316512813395777,-0.0008167552154391795,0.6300931957715759,-0.24428171443659014,0.008959179005598327,-0.00374770496341774,-0.0017108587712755252,-0.00022630885325725103,-0.0016734781524974096,13426,661000000,3.05,0,2,4,-3.358734565852551,-0.9784645553910066,4.957304250433158,-3.358734565852551,-0.9784645553910066,4.957304250433158,193.88324093818665
-4.380297183323266,1.0295048821430575,5.0,-3.9239691549702846,1.1694048026867154,4.948772074116477,-0.7766540566963923,-0.0012281797064106045,-0.0008363986363875088,0.6299256053130137,-0.20591342320914544,0.0020888724838053468,-0.002310040163263445,-0.0016078807334451994,-0.0016512102888555091,0.004683547967943014,13426,843000000,3.04,0,2,4,-3.3510717203339935,-0.9961263754280258,4.957236693534506,-3.3510717203339935,-0.9961263754280258,4.957236693534506,194.35011339187622
-4.467654407923079,0.984580801534397,5.0,-3.9328808398771558,1.2092167160741925,4.94854877318083,-0.7772083187672063,-0.000935155823218241,-0.0008058367938950633,0.6292421674917379,-0.167769959484132,-0.0058924169400599215,-0.0007975385928050783,-0.0018382763641966449,-0.0019949398392782314,0.010215019665338332,13427,17000000,2.94,0,2,4,-3.348199774333364,-1.005271470002377,4.957195738191949,-3.348199774333364,-1.005271470002377,4.957195738191949,194.80063223838806
-4.550650741557703,0.9319817652840376,5.0,-3.9403373239797315,1.235788186169993,4.9485794601305,-0.777869343246158,-0.0006993307818063657,-0.000766742154151818,0.6284251808136888,-0.14050478714706385,-0.01280407454003791,0.0003636300524699438,-0.001619358295101847,-0.0019401988765821443,0.012648298070416786,13427,219000000,2.75,0,2,4,-3.350972352662052,-1.0025644402065543,4.957104464191489,-3.350972352662052,-1.0025644402065543,4.957104464191489,195.2481987476349
-4.62857279409085,0.8720786905599872,5.0,-3.9490287430957816,1.2596983952085599,4.948820436657803,-0.7787305422245802,-0.00044030252702336625,-0.0007300041208612162,0.6273579646695172,-0.11366829533086853,-0.020975614595293023,0.0014848775847100249,-0.001657602285831672,-0.001846731777277455,0.014430249484576052,13427,454000000,2.55,0,2,4,-3.35750713688994,-0.9916858856578074,4.9569816041467805,-3.35750713688994,-0.9916858856578074,4.9569816041467805,195.68065452575684
-4.700733994569124,0.8053124355523127,5.0,-3.9583332903745108,1.278307030141907,4.949231313329528,-0.7796528178107973,-0.00019042485548558105,-0.0007100875756633361,0.626211580213663,-0.08988475233656813,-0.02941724341237073,0.0022371135429746494,-0.0017107267240135116,-0.0015923269870654622,0.014885085238347529,13427,702000000,2.3,0,2,4,-3.3687707029498624,-0.9721277553703324,4.956798282660732,-3.3687707029498624,-0.9721277553703324,4.956798282660732,196.12858819961548
-4.766481664549914,0.7321925005821849,5.0,-3.969451997281899,1.2932691939066001,4.9498462530606,-0.7806645240725172,5.640751531763716e-05,-0.0006988342240170847,0.62494992543687,-0.06656155359563179,-0.03905912414307085,0.0030556103517417324,-0.0017004075857585121,-0.0013756350767835102,0.014480322352028452,13427,960000000,2.04,0,2,4,-3.383711087333542,-0.9464476336800459,4.956588889113487,-3.383711087333542,-0.9464476336800459,4.956588889113487,196.56648993492126
-4.825204140223434,0.6532950152558216,5.0,-3.979320933321304,1.3016154390744354,4.950470254321338,-0.7814479910459009,0.00025193158551291186,-0.0007005053151176921,0.6239699376677574,-0.049450068908696965,-0.046849393464824564,0.003632204963899121,-0.0015767008449074638,-0.0012726744898827747,0.013581320308730938,13428,180000000,1.75,0,2,4,-3.403729598713719,-0.9131948249588755,4.956328303571728,-3.403729598713719,-0.9131948249588755,4.956328303571728,196.98062229156494
-4.876337874442031,0.5692599843818492,5.0,-3.989888930653503,1.3067488374673608,4.9511828797258435,-0.7821524417702366,0.0004318235225202452,-0.0007032547218534765,0.6230865724713528,-0.033473080751141575,-0.05441136512854233,0.004046144316408097,-0.0014773308976145927,-0.001149454567439534,0.011742451079044258,13428,471000000,1.52,0,2,4,-3.4224724521573795,-0.8833680338187295,4.956092931952128,-3.4224724521573795,-0.8833680338187295,4.956092931952128,197.4080355167389
-4.91937444438218,0.48078777128475003,5.0,-4.002448657634555,1.308891069876707,4.952036717350723,-0.7827810468390468,0.0006245484359511667,-0.0007217946325289263,0.6222964901566819,-0.016788669649131397,-0.06261665373638911,0.004234421957583031,-0.0015429764516738942,-0.0009491504044945032,0.00883430548128672,13428,793000000,1.31,0,2,4,-3.443004401633804,-0.8520878701300774,4.955849499697271,-3.443004401633804,-0.8520878701300774,4.955849499697271,197.83267641067505
-4.953867385546926,0.3886348038838938,5.0,-4.015830132740858,1.307473622861532,4.952926682429289,-0.7831985147745336,0.0008160145273741374,-0.0007537405157367582,0.6217707394614916,-0.0008931686267330881,-0.07033859213407645,0.004375549333075069,-0.001574335919940495,-0.0008923692803364247,0.005276470892567886,13429,30000000,1.1,0,2,4,-3.4675720452834553,-0.8165059667728883,4.955557726579267,-3.4675720452834553,-0.8165059667728883,4.955557726579267,198.26174664497375
-4.979438768275345,0.2936084964698319,5.0,-4.029976133381598,1.3026630643467898,4.9538499651236325,-0.7833883372828476,0.0009780022620638198,-0.0007776937829842602,0.6215312958437176,0.014419917168780291,-0.07776237693744,0.004496639006722726,-0.0012951437724950665,-0.0007410888031245122,0.0015645030430277984,13429,251000000,0.93,0,2,4,-3.4936519475083574,-0.7808528553835407,4.955252636731152,-3.4936519475083574,-0.7808528553835407,4.955252636731152,198.6832296848297
-4.995785428973118,0.19656138848925678,5.0,-4.043297585229736,1.2955446113509985,4.954697596515177,-0.7833293442023725,0.0011110923614517253,-0.0008019130745668318,0.6216053900350815,0.027866881973812558,-0.08386037837805983,0.004492867720045845,-0.0012326414889685111,-0.0006686176163839264,-0.0028032353839080315,13429,458000000,0.81,0,2,4,-3.520922528687858,-0.7457558213735171,4.954956701030683,-3.520922528687858,-0.7457558213735171,4.954956701030683,199.11867666244507
-5.002684765033148,0.09838451082574427,5.0,-4.060204177746295,1.2833975549490437,4.955729532115462,-0.7829372485084019,0.0012694823647239751,-0.0008260770849987664,0.6220988433595322,0.04388822330230728,-0.09040840238750547,0.004352893136261542,-0.0013487851219906588,-0.0007516365883475373,-0.008121268001559656,13429,663000000,0.75,0,2,4,-3.5462401571543953,-0.7151684009771582,4.954717788285222,-3.5462401571543953,-0.7151684009771582,4.954717788285222,199.5759632587433
-5.0,6.123233995736766e-16,5.0,-4.079276365124975,1.2660372347498294,4.956801953685332,-0.7821057267661871,0.001447564751280835,-0.0008626896425991269,0.6231434766427439,0.0604048455124202,-0.09647912927053753,0.003973866840726973,-0.0012193542943350621,-0.0006431079100366333,-0.013521331857191399,13429,860000000,0.75,0,2,4,-3.577671029240821,-0.6804329902720059,4.9544916247066295,-3.577671029240821,-0.6804329902720059,4.9544916247066295,200.00474548339844
-4.987684824072758,-0.09764700864012206,5.0,-4.098831611294172,1.2448559596442859,4.957804708819152,-0.7809514844905205,0.0015906667989650657,-0.0008930807582540127,0.6245890257264737,0.07035837303228318,-0.10132372303689896,0.003607293434260411,-0.0009757795169207384,-0.0005373883027459669,-0.01353961024506134,13430,43000000,0.82,0,2,4,-3.611594734338141,-0.6488539690075787,4.9543141609514985,-3.611594734338141,-0.6488539690075787,4.9543141609514985,200.52309012413025
-4.9657873146656355,-0.19359716638148772,5.0,-4.116241948059739,1.2279026902795973,4.958563684378726,-0.7804462002429742,0.0016939474711428538,-0.0009079299442814148,0.6252199890690355,0.057766060914490915,-0.10538266986142905,0.00316502956953874,-0.0008456791249500384,-0.0005251185939414427,-0.004515108457781025,13430,251000000,0.97,0,2,4,-3.6438360798005998,-0.6286358278035815,4.954134401856777,-3.6438360798005998,-0.6286358278035815,4.954134401856777,200.92325043678284
-4.934453042581679,-0.2868863210573869,5.0,-4.136390758648724,1.218708310747995,4.959128570198108,-0.7811328938910741,0.0017406295632270878,-0.0010783734497279147,0.6243614413148703,-0.007660788595829041,-0.1108870718252167,0.001697398720010319,-0.001421748834218306,0.0019684052631419036,0.021333078620955348,13430,462000000,1.01,0,2,4,-3.6687764379524195,-0.6225706266896295,4.9539259355750085,-3.6687764379524195,-0.6225706266896295,4.9539259355750085,201.35534572601318
-4.893927271527632,-0.3765554849144581,5.0,-4.160143186647063,1.2210706245656022,4.959422087397026,-0.782858476632982,0.0017060366297331428,-0.0013332307701479972,0.6221960442646819,-0.06381906230430531,-0.11492788101439404,0.00039486434860089666,-0.0012323676628511748,0.0023693520233791787,0.03197708174411673,13430,655000000,0.84,0,2,4,-3.691094440369033,-0.6293659703713719,4.95354368193271,-3.691094440369033,-0.6293659703713719,4.95354368193271,201.80295157432556
-4.844556162327864,-0.4616612813243391,5.0,-4.195260154848087,1.2379192307889266,4.959464573863792,-0.7857169602299827,0.001636910804608629,-0.0016407618362176209,0.6185818351928629,-0.11949786985719843,-0.11735227291614155,-0.0010685540447487704,-0.0006684150946512091,0.0021664853647962445,0.038790290273027495,13430,829000000,0.51,0,2,4,-3.7108571288454084,-0.6484390057052629,4.952948570564669,-3.7108571288454084,-0.6484390057052629,4.952948570564669,202.35238552093506
-4.786786898395479,-0.5412867784393244,5.0,-4.236703002452846,1.2686780456937827,4.959171285842054,-0.7892838454075848,0.0015254560732908366,-0.0018999807072915664,0.6140236757940982,-0.1562400608781756,-0.11639164193117321,-0.002088224050438144,-0.0001732866849124548,0.0020008678575322847,0.040942524719866924,13431,25000000,0.21,0,2,4,-3.73312525711433,-0.6892260029653308,4.951824638604864,-3.73312525711433,-0.6892260029653308,4.951824638604864,202.93078446388245
-4.721166655891902,-0.6145526050955212,5.0,-4.273045083476389,1.2989237134823426,4.958831003228629,-0.7920905471608862,0.0014066471564273743,-0.002066064698014536,0.610398491003057,-0.14979319918611148,-0.11329743292966851,-0.0021721598522584313,0.0005232823923506658,0.000842016731894546,0.028310272500675637,13431,226000000,0.79,0,2,4,-3.7534452324067074,-0.7491367789416765,4.9502078864031125,-3.7534452324067074,-0.7491367789416765,4.9502078864031125,203.4400064945221
-4.648340350641419,-0.6806282316581954,5.0,-4.300716645168481,1.3163409153630623,4.9585734961731935,-0.7929325775196124,0.001388987101159967,-0.001998838234348087,0.609304523919402,-0.09325226994026238,-0.1098307446256919,-0.0018529576457367134,0.0006786003098113724,-0.0011359113386788522,0.004239597910782322,13431,420000000,1.31,0,2,4,-3.76950491041831,-0.8046066054189464,4.948875226096055,-3.76950491041831,-0.8046066054189464,4.948875226096055,203.90976452827454
-4.569047104336048,-0.7387432862955571,5.0,-4.327005000494403,1.3229636084822711,4.958302800070644,-0.792747872922749,0.0014256640129051248,-0.0018059465625676603,0.6095453354883397,-0.030819267909885272,-0.10582254894795791,-0.0017443909576329362,0.0008612131637164566,-0.001821998375817202,-0.0077918648912600474,13431,619000000,1.48,0,2,4,-3.78357835363389,-0.8447333899578399,4.948013172706399,-3.78357835363389,-0.8447333899578399,4.948013172706399,204.40007257461548
-4.484115384919367,-0.7881987655942971,5.0,-4.3472705620203875,1.318374684326356,4.958064075330676,-0.7920346626786138,0.0014700335277557466,-0.0016102080277626933,0.6104722265157597,0.01948096718936657,-0.10203076402598228,-0.001584444910884833,0.0007740520118204586,-0.001817233669498819,-0.014670499240310164,13431,840000000,1.45,0,2,4,-3.8002076606726165,-0.8795250233625213,4.9473855949220304,-3.8002076606726165,-0.8795250233625213,4.9473855949220304,204.86412644386292
-4.394456790301289,-0.8283779877478669,5.0,-4.368803871459283,1.2992092165990716,4.957737562021473,-0.790395347853582,0.001535364395034541,-0.0013720100140949634,0.6125936290365014,0.07744121811072716,-0.09537575712348464,-0.0017300800710774733,0.0007815517221843038,-0.0018397148892290716,-0.025431153699173592,13432,64000000,1.33,0,2,4,-3.8160164669171386,-0.9037824740653466,4.947098767069451,-3.8160164669171386,-0.9037824740653466,4.947098767069451,205.39652967453003
-4.301058460725572,-0.8587571270304252,5.0,-4.381872200885734,1.2756936709446054,4.957444082318884,-0.7886481241487335,0.0015884330060419777,-0.001185243579657612,0.6148416124132505,0.11520081658752135,-0.08963592208688932,-0.0019202795575920383,0.0007069437231166376,-0.0018163344634558598,-0.03053476775676245,13432,317000000,1.04,0,2,4,-3.836910077069455,-0.9270275124157213,4.947106332886842,-3.836910077069455,-0.9270275124157213,4.947106332886842,205.82784414291382
-4.204974123151435,-0.8789151602050683,5.0,-4.392183516980967,1.2458940993626995,4.9571154383587075,-0.7866529380643998,0.0016218892283187795,-0.0009921992267542892,0.6173925331996435,0.14668594587978617,-0.08268311015557642,-0.0020917838040779776,0.0008834833863602398,-0.0017203598758896987,-0.03362429306434933,13432,506000000,0.74,0,2,4,-3.8528237470702624,-0.939969549399711,4.947368175940904,-3.8528237470702624,-0.939969549399711,4.947368175940904,206.28779125213623
-4.107313790845381,-0.8885430492071804,5.0,-4.400521728613212,1.207362702210454,4.956720568838487,-0.7843497502864829,0.0016358643434063042,-0.0007772442309925804,0.6203162008724159,0.1738592813590046,-0.07337111631632086,-0.0022704665087953054,0.001156198334228975,-0.0016054816001087602,-0.033816697396105155,13432,711000000,0.42,0,2,4,-3.868225957766101,-0.9496509300328955,4.947790669424095,-3.868225957766101,-0.9496509300328955,4.947790669424095,206.72937035560608
-4.009232162892936,-0.887451980204179,5.0,-4.405470723666229,1.168352298133273,4.956322943225484,-0.7822897220884453,0.001640079267586724,-0.000593150417825711,0.6229123124705123,0.19321673753239352,-0.06409574974912449,-0.0025161165730007,0.0011522517411322042,-0.0014372759096659138,-0.03260411031078547,13432,901000000,0.28,0,2,4,-3.884234207052059,-0.9574108084279035,4.948422787890911,-3.884234207052059,-0.9574108084279035,4.948422787890911,207.20070004463196
-3.9119157913707925,-0.8755804772778834,5.0,-4.408181045396716,1.1221403055610695,4.9558254831169215,-0.7801747827242297,0.0016076505473380251,-0.00038343846568716824,0.6255594111160515,0.2096853039542196,-0.05323955748460387,-0.002853540976167035,0.0016299005210385076,-0.0012714088370557874,-0.02922739713540068,13433,172000000,0.53,0,2,4,-3.8976115401863525,-0.9624787123676711,4.949114409692562,-3.8976115401863525,-0.9624787123676711,4.949114409692562,207.66520714759827
-3.8165691082559876,-0.8530002098206052,5.0,-4.4078422867017215,1.064364666192651,4.955176725920912,-0.7780452550081314,0.0015290447560269318,-0.0001294540444302457,0.628206356560578,0.22358363646437412,-0.039796021353672606,-0.003062903566806202,0.0018255404143019405,-0.001074799706657359,-0.02310182881046785,13433,438000000,0.88,0,2,4,-3.9107743868508584,-0.9664117683100066,4.94998295115502,-3.9107743868508584,-0.9664117683100066,4.94998295115502,208.2099986076355
-3.724399429526773,-0.81992031658865,5.0,-4.402762618764633,0.9915181590233816,4.954340075322556,-0.7761868943872058,0.0013903120658607326,0.00016352547924864107,0.6305013443866089,0.21749804839458578,-0.02464334987931942,-0.0029792472274311086,0.002057328651972057,-0.0006678990928321582,-0.011930935852433322,13433,684000000,1.24,0,2,4,-3.923910313226901,-0.9693424726508849,4.951132937131183,-3.923910313226901,-0.9693424726508849,4.951132937131183,208.8376362323761
-3.636601080010044,-0.776690076510659,5.0,-4.395258720170571,0.9251530556621115,4.953579858529974,-0.7755320467556326,0.0011670100193268977,0.0003956054979561508,0.6313069982496027,0.16272501138235063,-0.012348802097718515,-0.0023048342085275073,0.0018136142443836434,0.000542468319508771,0.00032067370199229117,13433,891000000,1.56,0,2,4,-3.9360938855703522,-0.9709326452613679,4.952695548300408,-3.9360938855703522,-0.9709326452613679,4.952695548300408,209.60739016532898
-3.5543388089763526,-0.7237997670733144,5.0,-4.39070381105406,0.8929633861302831,4.953164118666146,-0.7757705217612306,0.0009494996496083219,0.00043863002748636607,0.6310142657820202,0.10813180210054152,-0.005277228682371259,-0.0017755673123978203,0.0015884795857346035,0.0013777081790067314,0.005385192980611464,13434,103000000,1.69,0,2,4,-3.9439497326960145,-0.9705312883113922,4.954454958125961,-3.9439497326960145,-0.9705312883113922,4.954454958125961,210.12418389320374
-3.4787306928416317,-0.6618795656421455,5.0,-4.387878731618881,0.877459401228861,4.9528678372228825,-0.7762237677251687,0.0007065278177129407,0.0003738392189954652,0.6304569957429484,0.053640191460245554,0.0008299374202095734,-0.0014857335615279697,0.001456047084502643,0.002374490895817871,0.008289808465633541,13434,315000000,1.68,0,2,4,-3.9462347835689338,-0.9689438621885523,4.9557183437142385,-3.9462347835689338,-0.9689438621885523,4.9557183437142385,210.57508730888367
-3.4108307471117234,-0.5916963676169309,5.0,-4.3860160906313705,0.8723744265080996,4.952618975672768,-0.7766921363653871,0.00044302706160145,0.0002945673209431123,0.6298801808798931,0.00952281430604919,0.007268689192342576,-0.001364986701688192,0.0016246275436060387,0.00256294099472143,0.008232125765061937,13434,574000000,1.64,0,2,4,-3.9459743109729066,-0.9676152638021555,4.95676573599309,-3.9459743109729066,-0.9676152638021555,4.95676573599309,211.03699922561646
-3.3516114943543616,-0.5141484180143086,5.0,-4.3840746680808245,0.8772176085346545,4.952274669724532,-0.7772321862763742,9.18531727099906e-05,0.0002047067036698976,0.6292138573443908,-0.04239630264442511,0.016683453654699303,-0.0015527516923915085,0.0020791034557987587,0.002306388887518551,0.0055883994264149806,13434,780000000,1.6,0,2,4,-3.9424345646785257,-0.9734735791831327,4.95752458538399,-3.9424345646785257,-0.9734735791831327,4.95752458538399,211.50318264961243
-3.3019467579008337,-0.4302576799951901,5.0,-4.382316723518657,0.893959363234923,4.951833053076972,-0.7774800492992084,-0.00025678264090445564,0.0001456456236611413,0.6289075335784489,-0.08797640878173965,0.026365363477555498,-0.002137110072220495,0.0017585889054316794,0.002117232452292228,0.000888397983089817,13434,977000000,1.57,0,2,4,-3.93154520220927,-0.9970302352452988,4.958001776280636,-3.93154520220927,-0.9970302352452988,4.958001776280636,211.97378826141357
-3.2625949715173483,-0.34115989501771693,5.0,-4.380585446244899,0.9184555402318372,4.9512997900294256,-0.7773750232466506,-0.0005365806775641344,8.653479359085756e-05,0.629037183181706,-0.12314302666425377,0.035010875354485854,-0.002770611854112809,0.001873693474863103,0.0019498071651469218,-0.003759399533009855,13435,191000000,1.58,0,2,4,-3.914032204429249,-1.036741989265162,4.957880341063018,-3.914032204429249,-1.036741989265162,4.957880341063018,212.4512083530426
-3.2341833127527586,-0.2480923246165849,5.0,-4.378353295909639,0.9495819059699419,4.95067141726509,-0.776935368127157,-0.0008221295899251751,5.0644934973566856e-05,0.6295798243996918,-0.14132302464128982,0.0431726129171306,-0.00310590040502518,0.0017503989852230006,0.0015151550542213954,-0.006919645556990872,13435,397000000,1.65,0,2,4,-3.893471708557916,-1.0825536978098176,4.9574287343119945,-3.893471708557916,-1.0825536978098176,4.9574287343119945,212.88750386238098
-3.2171929813418867,-0.15237920310723663,5.0,-4.374402738225345,0.9718400311666284,4.950221414322484,-0.7767546163141321,-0.0009590702300139598,0.00012236474194024895,0.6298026129239613,-0.09531505987264169,0.050349508302055535,-0.0023251468544903966,0.001562489831030689,-0.00039077200142401125,-0.000731771109485635,13435,608000000,1.77,0,2,4,-3.870769107959901,-1.1299580441910364,4.956880699442966,-3.870769107959901,-1.1299580441910364,4.956880699442966,213.35562539100647
-3.211945953178299,-0.05541497349941108,5.0,-4.366608212741645,0.9875700406650556,4.949883020087669,-0.7767984111365855,-0.0010177848886397877,0.0002982601688329303,0.6297484447066688,-0.045983079228750744,0.057854840521433006,-0.0014438202110550677,0.0014499145549962122,-0.0013563715128839249,0.001668531547238672,13435,859000000,1.82,0,2,4,-3.8523256833846222,-1.1641071036115482,4.956522452345789,-3.8523256833846222,-1.1641071036115482,4.956522452345789,213.77765202522278
-3.21859354421624,0.04135457483112127,5.0,-4.356819766630225,0.9944065835407101,4.949726255929019,-0.7768953253231463,-0.001040704204576496,0.0004803626150926561,0.6296287316169418,-0.008877202813555175,0.06376594076890568,-0.0006503385029641418,0.001369387155136792,-0.0014127589793133666,0.0018070024339067459,13436,177000000,1.82,0,2,4,-3.8329816269911423,-1.1935734493371106,4.956290956988335,-3.8329816269911423,-1.1935734493371106,4.956290956988335,214.1889088153839
-3.2371071164773877,0.13645309916067708,5.0,-4.346246272661339,0.9956861527197421,4.949700619507271,-0.7770679322083412,-0.0010502346257186797,0.0006278933870085652,0.6294155475443691,0.01823594064056231,0.06843788296218131,-2.54105343882299e-05,0.0011571442087188188,-0.0013045559285274066,0.004719988191936864,13436,539000000,1.81,0,2,4,-3.816684190813444,-1.2124296362297715,4.956221695296171,-3.816684190813444,-1.2124296362297715,4.956221695296171,214.58635067939758
-3.267271249411667,0.22839620850894257,5.0,-4.330976136864732,0.9921796982313897,4.949794984715157,-0.7775404955410987,-0.0010637510233327343,0.0007977444082977178,0.6288314637733403,0.04545671673025407,0.07317153003245869,0.0005642906719206017,0.0010998074799317692,-0.0011878034797518922,0.009863570721790893,13436,772000000,1.78,0,2,4,-3.8029910823963364,-1.223551692147429,4.956257663080817,-3.8029910823963364,-1.223551692147429,4.956257663080817,215.00250124931335
-3.308679683530565,0.3157154098814325,5.0,-4.313963332311016,0.984346511519421,4.950002981619688,-0.7783435083052375,-0.0010666419520880244,0.0009509003117125197,0.6278370339050079,0.06531266369394226,0.0763814209705997,0.00106211686641337,0.0008867831468251097,-0.0011569738830985443,0.014706059573654784,13436,979000000,1.69,0,2,4,-3.786861596824155,-1.2305778534459861,4.956403671128014,-3.786861596824155,-1.2305778534459861,4.956403671128014,215.41878461837769
-3.36073431890886,0.39698317216108925,5.0,-4.297578953476492,0.9746628687463996,4.950276233661467,-0.7792698129707978,-0.0010628377669611858,0.001070687309981152,0.6266867499772297,0.07758533757229599,0.07837948058079754,0.001455205283112012,0.0007268829051554349,-0.0010168531957788218,0.017556961211084854,13437,148000000,1.54,0,2,4,-3.771797394916416,-1.2305360130816465,4.956644395525732,-3.771797394916416,-1.2305360130816465,4.956644395525732,215.80752515792847
-3.36073431890886,0.39698317216108925,5.0,-4.280516964909115,0.9633285489800618,4.950613781382884,-0.7803191797916057,-0.0010501931407943103,0.0011607787935193786,0.6253795066488149,0.08543182585762786,0.07934140756165793,0.0017160948452391602,0.0004287583010409435,-0.000794067381093555,0.019406224237172864,13437,384000000,1.38,0,2,4,-3.7591451012036887,-1.224950679382912,4.956915863567619,-3.7591451012036887,-1.224950679382912,4.956915863567619,216.21816563606262
-3.4226475183504643,0.4708387324053992,5.0,-4.2611938860891625,0.9496608585140888,4.951063124402516,-0.7815645651016991,-0.0010157738561545283,0.0012181285915736988,0.6238223424530411,0.08978844366260585,0.07906765180689326,0.0021691383190697356,6.575692568233649e-06,-0.0006115599717304576,0.020286469407437835,13437,624000000,1.18,0,2,4,-3.7473792476710557,-1.2145233310386456,4.957203792267815,-3.7473792476710557,-1.2145233310386456,4.957203792267815,216.6529791355133
-3.4934479233798426,0.5360142196544851,5.0,-4.243723255226435,0.9368421897432692,4.951545117248779,-0.7827128752830694,-0.0009874721387996648,0.0012542790234321359,0.6223809175649719,0.09222568278949177,0.07837906031674166,0.002543664749695086,-9.979638093682297e-06,-0.00048409759187961754,0.020603682423825376,13437,859000000,0.96,0,2,4,-3.7353923481133777,-1.1977845414204913,4.9575063773991745,-3.7353923481133777,-1.1977845414204913,4.9575063773991745,217.0756537914276
-3.5719899405559112,0.5913606251811727,5.0,-4.218704475456526,0.9180445515296333,4.952337861177683,-0.784353602540825,-0.0009420069660220761,0.0012719702026283163,0.6203119545002408,0.09156250179497424,0.07573900291259691,0.0029251990146751373,-0.0003491443493430779,-0.00022941727735314998,0.019599277948145755,13438,70000000,0.75,0,2,4,-3.725618709933716,-1.1786263879435857,4.957758220290371,-3.725618709933716,-1.1786263879435857,4.957758220290371,217.59463763237
-3.6569669959055218,0.635873106918289,5.0,-4.200070427870407,0.9039250745667399,4.953017715790215,-0.7855251677129896,-0.0009089897294229334,0.0012613532075895462,0.6188277576315052,0.08913523092392239,0.07289085445057794,0.0032434466147718147,-0.00037291972887487645,-8.991837034955097e-05,0.018334125888941344,13438,261000000,0.46,0,2,4,-3.7132808882254005,-1.1450787522974315,4.958069425106407,-3.7132808882254005,-1.1450787522974315,4.958069425106407,218.04658818244934
-3.746928586755153,0.6687150811805102,5.0,-4.182188680600756,0.8903646606806098,4.953741950923168,-0.7865829074617129,-0.0008747199595298192,0.0012325977286343566,0.617482829928825,0.0850158824656377,0.06914405368025525,0.0034127581604018187,-0.0006471050255640876,4.476073200976316e-05,0.016131407573993783,13438,441000000,0.25,0,2,4,-3.7052586903060405,-1.1152980451212484,4.958249830700224,-3.7052586903060405,-1.1152980451212484,4.958249830700224,218.49166202545166
-3.840301083373493,0.6892405284284435,5.0,-4.162074575192629,0.8751333476819055,4.954630698979315,-0.7876358840974759,-0.0008016382247364708,0.001154233727221272,0.6161393829342893,0.07849380785598749,0.06343927260201636,0.003516646013253578,-0.0010831840086211741,0.00015591731852282464,0.01272035488000256,13438,624000000,0.09,0,2,4,-3.6985292424672753,-1.0826559745327309,4.9583824212212635,-3.6985292424672753,-1.0826559745327309,4.9583824212212635,218.9304416179657
-3.840301083373493,0.6892405284284435,5.0,-4.141075460441951,0.8598727818917444,4.955700602074062,-0.7884663864826587,-0.0007023754302841285,0.0010432569919032293,0.6150765608203439,0.0540294702235688,0.056052578671078546,0.0033837489628158303,-0.0010398016911494778,0.0002228473348964144,0.0024888818643376,13438,794000000,0.16,0,2,4,-3.692179878162558,-1.040541371523131,4.958470598896639,-3.692179878162558,-1.040541371523131,4.958470598896639,219.53482842445374
-3.93541214837569,0.6970139234065245,5.0,-4.128979794654694,0.855703091070644,4.956330144813651,-0.7882995885809205,-0.0006446058937246845,0.0009674628326978606,0.615290506299309,0.01722903332356429,0.05154566390030443,0.0026147066403709525,-0.0007122356805666641,0.0003516155743454874,-0.006498481252492638,13438,996000000,0.29,0,2,4,-3.6853536650766294,-0.9953181587343339,4.958505761610124,-3.6853536650766294,-0.9953181587343339,4.958505761610124,219.9509801864624
-4.030518550843147,0.6918271952261162,5.0,-4.120585451424597,0.863276023805803,4.95660515448211,-0.7873882426565616,-0.0007297838593936839,0.0008167931854838873,0.6164564506845737,-0.0642124621883944,0.048271368222738475,0.00010875304834145276,-0.00031999835812257515,0.0025131513893938973,-0.020073733867320698,13439,185000000,0.23,0,2,4,-3.679581614699188,-0.9707257039338573,4.95850390240827,-3.679581614699188,-0.9707257039338573,4.95850390240827,220.38054823875427
-4.123837055971175,0.673713131509541,5.0,-4.1165791204576605,0.885411609417458,4.956385742020375,-0.7860029065331864,-0.0008705896305239537,0.0005598173342123674,0.6182219339360508,-0.13553962911273598,0.04338771138657468,-0.002304697596824638,-0.0006881215540488483,0.0031018603976917802,-0.023801349561836105,13439,372000000,0.06,0,2,4,-3.672094547697628,-0.9571711075436471,4.958452516942542,-3.672094547697628,-0.9571711075436471,4.958452516942542,220.83398461341858
-4.213577971504894,0.6429546640999306,5.0,-4.117684944828341,0.9364735548162191,4.955376164254345,-0.7839978788750216,-0.0010406437884869035,0.00013460861854038258,0.6207626155467901,-0.21405505351171125,0.03348938575973622,-0.005180342321642146,-0.001104356442738208,0.0031224529038809123,-0.02181272484449437,13439,553000000,0.23,0,2,4,-3.6633270261907973,-0.9536810219889225,4.958342231769361,-3.6633270261907973,-0.9536810219889225,4.958342231769361,221.43435883522034
-4.297980831351451,0.6000895134453678,5.0,-4.126932749364743,1.0145266658920489,4.953454729958163,-0.7820818767352415,-0.0011701460003440706,-0.00035362585411151317,0.6231744890392865,-0.2556627522312773,0.02036816146293203,-0.006715095047115286,-0.0016944137996688369,0.0025921680162355187,-0.014475201078312239,13439,759000000,0.59,0,2,4,-3.649943804434513,-0.9629256949601106,4.958074994215682,-3.649943804434513,-0.9629256949601106,4.958074994215682,222.0887176990509
-4.375351597002221,0.545909725712853,5.0,-4.135986098066714,1.0700770253546177,4.95216333403201,-0.7812857730987595,-0.0011883570568299918,-0.0006536969092475306,0.6241720125424801,-0.24866897387899325,0.011896474348167079,-0.006079289573223481,-0.001820796387619339,0.0014926133303561073,-0.008398110730922781,13439,919000000,0.93,0,2,4,-3.6344003628258745,-0.9904917004231462,4.95754176820299,-3.6344003628258745,-0.9904917004231462,4.95754176820299,222.55129623413086
-4.4441006615415,0.4814557117933096,5.0,-4.144428834734072,1.1145585987029138,4.951233324747536,-0.781028552542842,-0.0010655715022860985,-0.000780690934639228,0.6244939192593242,-0.2069861395715627,0.004414351141673226,-0.004493153402385257,-0.001626584526093211,-0.0005632178329051385,-0.0013041025795246242,13440,186000000,1.05,0,2,4,-3.6244516495252417,-1.0171504468621755,4.957047513066907,-3.6244516495252417,-1.0171504468621755,4.957047513066907,222.97165298461914
-4.502780852147916,0.40800449104564396,5.0,-4.152426229345786,1.150267535679548,4.9506111951011835,-0.7811518569656439,-0.0008600163210161358,-0.0007827946115731773,0.6243399906810789,-0.1624280174303981,-0.003171232887323656,-0.0027466126060135716,-0.0014968366713219439,-0.0016701085428394435,0.00410484694839397,13440,385000000,1.07,0,2,4,-3.6180012511931166,-1.0389234972201673,4.956679192002686,-3.6180012511931166,-1.0389234972201673,4.956679192002686,223.40147995948792
-4.55012454847181,0.3270519548461499,5.0,-4.160053139988724,1.177386028631898,4.950285203639692,-0.781544512332785,-0.0006114545086954453,-0.0007392229287765634,0.6238487436192804,-0.12203134068771855,-0.010704853767923959,-0.001221711755466441,-0.001576343413489667,-0.001983636957447743,0.00771509467085707,13440,588000000,1.01,0,2,4,-3.61560637180897,-1.051918626096312,4.956385468559024,-3.61560637180897,-1.051918626096312,4.956385468559024,223.83570456504822
-4.585078969668523,0.2402890951575203,5.0,-4.166761139437435,1.195115066120083,4.950204932548164,-0.7820265624051193,-0.0003885478717578334,-0.0006884592681933688,0.623244599452911,-0.08928307179431619,-0.017582668645834482,-0.00012371884898939705,-0.0014668225276182056,-0.0019410796312513412,0.009157578460872173,13440,822000000,0.9,0,2,4,-3.617179046628708,-1.0554736077841567,4.956167035289478,-3.617179046628708,-1.0554736077841567,4.956167035289478,224.27713346481323
-4.6068386358912825,0.14957229017972345,5.0,-4.1749380492219075,1.2090080112928383,4.950350443106719,-0.7826399401606926,-0.0001342903192742131,-0.00062962687502356,0.6224743445326689,-0.05302360080001554,-0.026003867216053977,0.0011300666471121066,-0.0013411077702585317,-0.001763166369528335,0.008576326308684656,13441,101000000,0.78,0,2,4,-3.6216219374803096,-1.0517905007763413,4.956034157992262,-3.6216219374803096,-1.0517905007763413,4.956034157992262,224.7188720703125
-4.614873984444279,0.056887900766473605,5.0,-4.182425473683016,1.2148808262702158,4.950671614546591,-0.7831031977043413,6.651603713783455e-05,-0.0005720341040392011,0.6218915099097558,-0.023445574215558755,-0.03310198100492588,0.0019072427810442674,-0.0010982164781125903,-0.001603984014764137,0.006706550857416005,13441,305000000,0.64,0,2,4,-3.6305050069148423,-1.040089743955628,4.955932590310332,-3.6305050069148423,-1.040089743955628,4.955932590310332,225.15054059028625
-4.608955120236752,-0.03568839499673635,5.0,-4.189979479047999,1.2149369368648126,4.95113315608997,-0.7834239970507395,0.00026531742591002236,-0.000530992740773046,0.6214873196601964,0.003705767802650853,-0.03981702605538997,0.0025705576890212517,-0.0012188278105895733,-0.0014824685990788566,0.004011851387986098,13441,493000000,0.52,0,2,4,-3.641400930305167,-1.0241626328717857,4.955904335688576,-3.641400930305167,-1.0241626328717857,4.955904335688576,225.59426999092102
-4.589169708118952,-0.12603691933330227,5.0,-4.197547128710067,1.2096012819052815,4.9516949206567435,-0.7835302892941571,0.0004413027427825609,-0.00048610706105973946,0.6213532447090211,0.029073215797218204,-0.045555963450346015,0.002926005130581646,-0.0010341520578549535,-0.00137434672069503,8.258788835036057e-05,13441,712000000,0.44,0,2,4,-3.6544810334522326,-1.0046626850105542,4.955922400689586,-3.6544810334522326,-1.0046626850105542,4.955922400689586,226.03742265701294
-4.555934074211958,-0.21204316808162715,5.0,-4.20577171043872,1.197979434863479,4.952378688454985,-0.783329712249699,0.000620503362706587,-0.0004471636762952031,0.6216059659680134,0.054940659570294016,-0.050834831722298565,0.0031316162370454833,-0.0010597672485346266,-0.0012231059599798755,-0.0051557829920056975,13441,983000000,0.4,0,2,4,-3.6692644990210197,-0.9828926876075659,4.955992271672264,-3.6692644990210197,-0.9828926876075659,4.955992271672264,226.49056220054626
-4.509996677017998,-0.29164985758713996,5.0,-4.21305343832473,1.182680024431167,4.953031265874802,-0.782868487908573,0.000776489284025963,-0.00041543828783759866,0.6221865918799319,0.07593582412635809,-0.05443338268134751,0.0031901495901248862,-0.00093584984597328,-0.0011820722761513025,-0.008923687437345507,13442,293000000,0.41,0,2,4,-3.686981771776879,-0.9575208265460495,4.95612868425434,-3.686981771776879,-0.9575208265460495,4.95612868425434,226.9283995628357
-4.509996677017998,-0.29164985758713996,5.0,-4.220047854435793,1.1634004848053792,4.953702234660768,-0.7821874679665736,0.0009099165993512034,-0.00038359947859542597,0.6230423660227792,0.0947885540901098,-0.0567824272928818,0.0032257242377159412,-0.0007656358775420813,-0.001011824110719317,-0.01238541353814071,13442,535000000,0.48,0,2,4,-3.703997056242146,-0.9340077811661615,4.956299817144056,-3.703997056242146,-0.9340077811661615,4.956299817144056,227.36476159095764
-4.452433238747426,-0.36291068388312064,5.0,-4.225975000882165,1.1430304044325823,4.954299527056255,-0.7814093843836444,0.0010145553049443292,-0.0003538939383935384,0.6240178037794976,0.10998822739307239,-0.05768528445622206,0.0030683047126461452,-0.0006430535393064929,-0.000959495969254931,-0.014855068366159685,13442,728000000,0.59,0,2,4,-3.7215018469124526,-0.9107020871737783,4.956509372813166,-3.7215018469124526,-0.9107020871737783,4.956509372813166,227.79799604415894
-4.3846329938375295,-0.42404446706870175,5.0,-4.232698374095997,1.1149141090689179,4.954989229965984,-0.7802984451671903,0.0011066828344159147,-0.0003126775174936788,0.6254062791142564,0.12488127857821388,-0.057859250401821063,0.002773482380385347,-0.0002387568429185194,-0.0007387360483335215,-0.01712689972919179,13442,933000000,0.73,0,2,4,-3.7374817912610125,-0.8901208005180887,4.9567266754504615,-3.7374817912610125,-0.8901208005180887,4.9567266754504615,228.28840565681458
-4.308275714869883,-0.4734882085347663,5.0,-4.239279406513596,1.0810047460159604,4.955665409188552,-0.7789619344533145,0.0011685549514805593,-0.0002596372244707636,0.6270700692431328,0.13557198551514626,-0.05658637011601396,0.00238465461129685,0.00017342784559559732,-0.0006693522720979672,-0.017228735305252485,13443,112000000,0.93,0,2,4,-3.757018643875136,-0.8658146459296531,4.9570397583667125,-3.757018643875136,-0.8658146459296531,4.9570397583667125,228.815655708313
-4.225299414513357,-0.5099474716281459,5.0,-4.245647628270963,1.0472099490320288,4.956256240478031,-0.77783175907584,0.0011973079854541583,-0.00018900409540957965,0.6284713878165212,0.12009397841729179,-0.05513484786365945,0.0019080203240617907,0.00016058868652635283,-0.00020704222976064557,-0.010209413449047133,13443,319000000,1.17,0,2,4,-3.777800586213788,-0.8411083637010662,4.957436762067113,-3.777800586213788,-0.8411083637010662,4.957436762067113,229.32846879959106
-4.137858892742297,-0.5324424153764127,5.0,-4.251715297728647,1.028344030967789,4.956565626590753,-0.7776326326311132,0.0011662000688438155,-0.000210410720705521,0.6287178098097208,0.07446828010055508,-0.05480106775919119,0.0011334173764610766,9.275428141108932e-05,0.000743342707210104,0.0008897118561890238,13443,531000000,1.38,0,2,4,-3.796880870928598,-0.8218569136149471,4.9578233970075765,-3.796880870928598,-0.8218569136149471,4.9578233970075765,229.79184436798096
-4.048275596775072,-0.5403477738975248,5.0,-4.261444047790699,1.017002105955747,4.956752281683333,-0.7779985106190843,0.0010507275700850694,-0.00033990733351920756,0.6282651493669407,0.011595789257626254,-0.05321122400254765,0.00031148158356841506,0.00022441878684276162,0.002094960927934153,0.008338112911587814,13443,732000000,1.42,0,2,4,-3.808921594746355,-0.815336701204382,4.958008264294637,-3.808921594746355,-0.815336701204382,4.958008264294637,230.24795818328857
-3.9589795805588652,-0.5334250886383893,5.0,-4.272149394041627,1.0175943851256026,4.956763910434337,-0.7786347773640285,0.0008815892999149937,-0.0004913205818800609,0.627476585127813,-0.03624289992235572,-0.05031216660983763,-0.00035377288545889406,0.0004288578566047363,0.0022709284621669212,0.011439900208642939,13443,932000000,1.35,0,2,4,-3.8197381961535437,-0.8215103053695935,4.957927662309117,-3.8197381961535437,-0.8215103053695935,4.957927662309117,230.70009446144104
-3.8724446829733865,-0.5118455734870044,5.0,-4.285250943425943,1.0282238995094641,4.956602222327668,-0.7795468509296022,0.0006794387492248526,-0.0006297232479600381,0.6263432357879806,-0.08027788838895941,-0.04544773142525988,-0.001231622907722678,0.0008198348609766981,0.002023244064730534,0.014552720585925272,13444,138000000,1.24,0,2,4,-3.825307448132954,-0.842061760489436,4.957471349287755,-3.825307448132954,-0.842061760489436,4.957471349287755,231.138507604599
-3.7911183791804586,-0.47620212986063115,5.0,-4.301623228791943,1.0521002983930008,4.956187997650798,-0.7808383252854715,0.0004346165376822144,-0.0007491387879322356,0.6247325505085529,-0.12310742082469824,-0.03758403719042468,-0.0021230857283266293,0.0010890639714489225,0.0018129351815332484,0.016481669263157528,13444,345000000,1.07,0,2,4,-3.827110178367729,-0.8785028901555925,4.95658212378755,-3.827110178367729,-0.8785028901555925,4.95658212378755,231.6288504600525
-3.717348085883062,-0.427509234340068,5.0,-4.31560783338961,1.080186470709533,4.955683177056832,-0.7819644903373212,0.0002287978701724955,-0.00082493544025393,0.6233223908897766,-0.14725538776003338,-0.030125373122950754,-0.0026499002520967057,0.00135510445034015,0.0015845888015064702,0.01507377901361906,13444,534000000,0.83,0,2,4,-3.8242520974267866,-0.9352999536068866,4.955146767966366,-3.8242520974267866,-0.9352999536068866,4.955146767966366,232.097430229187
-3.653306005244452,-0.36718969756849185,5.0,-4.325613668575932,1.1028943152361705,4.95529030858717,-0.7825427015429798,4.5880744743922606e-05,-0.0008374925957549708,0.6225963513890231,-0.12532534019449065,-0.022425839262373497,-0.002125298468598525,0.0014258520650400897,0.0012203731330373557,0.0071825337272457546,13444,745000000,0.62,0,2,4,-3.8191030983129806,-0.9879982896050614,4.9538614153887135,-3.8191030983129806,-0.9879982896050614,4.9538614153887135,232.53024792671204
-3.600914859085754,-0.2970476397843563,5.0,-4.334458230071451,1.123325455591089,4.954907797923903,-0.7827260890617849,-9.973998238631547e-05,-0.0006822879849536874,0.6223659647161661,-0.05987188102938865,-0.011563467029012162,-0.001383337646865781,0.001776323586000217,-0.0011812656339316163,-0.000762436928880561,13444,921000000,0.5,0,2,4,-3.8142174770552506,-1.0286511328231285,4.9529684970545755,-3.8142174770552506,-1.0286511328231285,4.9529684970545755,232.98423743247986
-3.56177707900695,-0.2192274424343797,5.0,-4.337308264717992,1.129590352989687,4.954687413320124,-0.782579706856055,-0.0001377988286934977,-0.0004644204845869666,0.622550213028786,-0.011437797859407146,-0.0027750835038823367,-0.0009313499936504328,0.0015698103538852592,-0.0015989458802323497,-0.0033369058883181424,13445,142000000,0.46,0,2,4,-3.8081645884369197,-1.0727043096062123,4.952106298442867,-3.8081645884369197,-1.0727043096062123,4.952106298442867,233.406884431839
-3.56177707900695,-0.2192274424343797,5.0,-4.336734662304153,1.1281779227107633,4.9545617276836165,-0.7823841274098251,-0.00015633626567544917,-0.0002636566639342748,0.6227961008398348,0.025163080766931252,0.004818330309617548,-0.0004893683947754761,0.0014406286368284782,-0.0015882930256339023,-0.003583983971111593,13445,395000000,0.47,0,2,4,-3.8036097889460367,-1.0998644439262129,4.951677835343991,-3.8036097889460367,-1.0998644439262129,4.951677835343991,233.81055998802185
-3.537110163093061,-0.13615891042552986,5.0,-4.333525901752693,1.121202709726295,4.954507546608251,-0.7822539304002227,-0.00018176997877518948,-6.20303207449796e-05,0.6229596708337686,0.05580719528492826,0.01200806972463302,-0.00010719084200490723,0.0015470306379938847,-0.0015389045984193217,-0.0013337744121599826,13445,630000000,0.49,0,2,4,-3.7997023454892487,-1.1175929460565581,4.951502952876612,-3.7997023454892487,-1.1175929460565581,4.951502952876612,234.23177003860474
-3.527690969900185,-0.05048940568249943,5.0,-4.328018894675517,1.1095786714532745,4.954511892382901,-0.7822718489083662,-0.0001847154077786332,0.00011877866308392531,0.6229371606970748,0.08161124845166093,0.018205373112015883,0.00013777047881779553,0.0011324845331728284,-0.0015486977986256534,0.0017007244650812936,13445,821000000,0.5,0,2,4,-3.795852973918954,-1.1295577328282103,4.951495407227308,-3.795852973918954,-1.1295577328282103,4.951495407227308,234.63840913772583
-3.5338116804435082,0.03499572415445523,5.0,-4.318678380140268,1.090439799624239,4.954587614996362,-0.7825456249607228,-0.00018861791729217793,0.0003206119358848717,0.6225931307733001,0.10462720406993269,0.02503526790492073,0.0004877931218728376,0.001263955596186861,-0.0012788889421244676,0.005821605873279623,13446,29000000,0.49,0,2,4,-3.7919936418909574,-1.136237705663885,4.951646842853709,-3.7919936418909574,-1.136237705663885,4.951646842853709,235.06285500526428
-3.5552500057415717,0.1174625157534436,5.0,-4.3081787877705855,1.0698235182061218,4.954729009124448,-0.7830027792316342,-0.00021890848349188227,0.0004911368934703905,0.6220179728747107,0.11856567237707756,0.030337811990516904,0.0007719494576559864,0.0011938927855226211,-0.001037405627357657,0.008490148047712864,13446,233000000,0.43,0,2,4,-3.7872608126784977,-1.1377742441587435,4.9520007923975164,-3.7872608126784977,-1.1377742441587435,4.9520007923975164,235.48534679412842
-3.5912559407229514,0.19412507309907312,5.0,-4.297452055614897,1.0496090015065247,4.954908982328265,-0.78354990788055,-0.00024354236056282696,0.0006178213618908599,0.6213284967263814,0.12658155999141057,0.03438697650093092,0.000998259584638733,0.00099615378985618,-0.0008528760588433215,0.01064112902895431,13446,458000000,0.35,0,2,4,-3.7829775042306317,-1.1333307015084084,4.9524292854547065,-3.7829775042306317,-1.1333307015084084,4.9524292854547065,235.90824365615845
-3.5912559407229514,0.19412507309907312,5.0,-4.285822458190803,1.0284972526065095,4.955124753670167,-0.7841952772042502,-0.0002567973122420534,0.0007113782014385617,0.6205136543274001,0.13084237485341668,0.03742166967072712,0.0011081747837010183,0.0006647810039339674,-0.0006337967249692156,0.012194505052320892,13446,708000000,0.25,0,2,4,-3.7792035942190707,-1.12502518817205,4.952885875243723,-3.7792035942190707,-1.12502518817205,4.952885875243723,236.31443428993225
-3.640556958431398,0.26234652631188454,5.0,-4.272221055221339,1.0046609298848566,4.9553905119550015,-0.7849787186227857,-0.00027080434636594377,0.0007910969123616445,0.6195221643654167,0.13208166324256998,0.03955568867277943,0.0012131537494439177,0.0005431828469681932,-0.0004792453523805307,0.012935175618622452,13446,928000000,0.14,0,2,4,-3.7755498827931824,-1.1132335225010455,4.953387095954605,-3.7755498827931824,-1.1132335225010455,4.953387095954605,236.72249603271484
-3.7013829998418393,0.3197407343716797,5.0,-4.259622449613318,0.9832398050225181,4.9556501350085895,-0.7857227966256013,-0.00028296538568887725,0.0008484193909588112,0.6185781171185829,0.13204669855269288,0.04085814982463781,0.0012985289012937497,0.0004528187190544486,-0.0003832807038861574,0.013634399419970578,13447,111000000,0.1,0,2,4,-3.771714563145788,-1.0965031589785843,4.953969692217937,-3.771714563145788,-1.0965031589785843,4.953969692217937,237.138112783432
-3.771511948538038,0.3642707925968209,5.0,-4.24543412816446,0.9597336506611228,4.955968221883912,-0.7865615965831632,-0.0002862345667733388,0.0008875909200637051,0.6175111213837987,0.1298479213606189,0.04143197942854555,0.00148613772953938,0.00019999459084374394,-0.00023100081421034702,0.013488905369740678,13447,338000000,0.2,0,2,4,-3.768563042734433,-1.0785090100284302,4.954496519393001,-3.768563042734433,-1.0785090100284302,4.954496519393001,237.60011434555054
-3.848335497212682,0.3943401179112721,5.0,-4.229973643609425,0.9346698002948861,4.956347883210202,-0.7874326676576532,-0.0002799198013824751,0.0008998652530523082,0.6163999560293486,0.12513422773913802,0.040597381001841897,0.001571471989513587,-9.825762816717543e-05,-6.086776451752485e-05,0.012294887073949212,13447,538000000,0.35,0,2,4,-3.7655277500765982,-1.0556125963742635,4.955064977724875,-3.7655277500765982,-1.0556125963742635,4.955064977724875,238.0559651851654
-3.928944433310108,0.40887174815873295,5.0,-4.210010579267424,0.9031183584028684,4.956905318379348,-0.7884000056284127,-0.00024907270949179163,0.0008666894802345066,0.6151622695982325,0.10193533752836473,0.03770702869218325,0.0016513755735090864,-0.0006603920667203056,0.0001264583659121854,0.006323079287540168,13447,740000000,0.51,0,2,4,-3.762925594308604,-1.0273618677248313,4.955649348348677,-3.762925594308604,-1.0273618677248313,4.955649348348677,238.69394159317017
-4.010231421210636,0.40737153560357,5.0,-4.197773164865971,0.8874773720870326,4.957272625467749,-0.7886116573866979,-0.0002137348829068438,0.0008112819834410696,0.6148910065798234,0.05891818593680522,0.03569139880051684,0.0012306296619342327,-0.00025848564177977096,0.0005983965024825011,-0.0005492817464869404,13447,918000000,0.69,0,2,4,-3.760444004281058,-0.9862361904900053,4.956361407127328,-3.760444004281058,-0.9862361904900053,4.956361407127328,239.18071103096008
-4.089008373582524,0.3899711648727302,5.0,-4.190207201317694,0.8858669577206417,4.957354904646712,-0.788231683162851,-0.00029435934881840537,0.0006853214676048833,0.615378141751329,-0.018862491048801184,0.03386168923495244,-0.0004159131153475482,-0.00016749254427850246,0.001988062513191835,-0.009858336215984309,13448,99000000,0.73,0,2,4,-3.758129860660711,-0.9597686535226194,4.956812863876828,-3.758129860660711,-0.9597686535226194,4.956812863876828,239.6110541820526
-4.162134528420906,0.357447401296653,5.0,-4.186729393718529,0.8984984306760582,4.957119091187208,-0.7874663321970532,-0.00040770578046322737,0.00047302654238322105,0.6163573522543613,-0.08970048828524693,0.03056385416642306,-0.001875419640781375,-0.00043709322596896527,0.002550037402215821,-0.014119921434030402,13448,302000000,0.65,0,2,4,-3.754056568814431,-0.9457868735070865,4.957072970883703,-3.754056568814431,-0.9457868735070865,4.957072970883703,240.0264298915863
-4.226650431644696,0.31121468769207083,5.0,-4.187593822439975,0.9297585254458924,4.956448430434385,-0.7863831545816881,-0.0005388793486945728,0.00016475865741555308,0.6177387932239525,-0.15920881240992119,0.02450992121902917,-0.0037315734544254,-0.0009525382438368979,0.0027907100729862577,-0.014593803825846408,13448,507000000,0.5,0,2,4,-3.747877671277813,-0.9432720524995245,4.9571546061000324,-3.747877671277813,-0.9432720524995245,4.9571546061000324,240.53918981552124
-4.279912224566699,0.25328915598209495,5.0,-4.194682880664918,0.9831922612876999,4.955162414930356,-0.7851971526832466,-0.0006736599631064304,-0.00022236472100331514,0.619245450652895,-0.21368187087882648,0.01586235099923116,-0.005411378430291474,-0.0011191569569746207,0.0027085924784842064,-0.011778213502111612,13448,700000000,0.29,0,2,4,-3.7384744438457704,-0.9534419848289384,4.9570614967817574,-3.7384744438457704,-0.9534419848289384,4.9570614967817574,241.14725804328918
-4.319720011453268,0.1862232914442295,5.0,-4.206181286579542,1.045039361451206,4.953688412953452,-0.7843844915987825,-0.0007621671647642652,-0.0005767556451514956,0.6202741779192957,-0.21812342310923177,0.0066652897750794655,-0.00533727086198077,-0.0012245234302099561,0.0015746993312859559,-0.0057221589941036655,13448,875000000,0.12,0,2,4,-3.725837708684017,-0.9805509438532608,4.956668584627212,-3.725837708684017,-0.9805509438532608,4.956668584627212,241.71155333518982
-4.344433696010581,0.11301185359284438,5.0,-4.214796195451561,1.0842624789135573,4.952821646052909,-0.7841945648530816,-0.0007308953679857099,-0.0007182040829094149,0.620514169402877,-0.18487202103906586,0.00028580994236929435,-0.0041741099931665235,-0.0011577618010960578,0.0003687405637720076,-0.0011721216310434102,13449,74000000,0.2,0,2,4,-3.7126024389725814,-1.0205571376446367,4.955974823120234,-3.7126024389725814,-1.0205571376446367,4.955974823120234,242.16586089134216
-4.353069585607864,0.03697117415894612,5.0,-4.2226944906276005,1.1151067363916598,4.95220728113424,-0.7842586261556355,-0.0005909925187263972,-0.0007428551189234765,0.6204333213122826,-0.13706833766551707,-0.005734487277969602,-0.002701468856064403,-0.0012051827752657118,-0.0013004048355469422,0.00247357934313186,13449,258000000,0.24,0,2,4,-3.704906375629274,-1.0485502139034826,4.955527128036146,-3.704906375629274,-1.0485502139034826,4.955527128036146,242.61827087402344
-4.345371320201593,-0.03840444221973282,5.0,-4.230270333498057,1.1384015059858499,4.951835634639137,-0.7845048759728473,-0.00037296576255658293,-0.0006778016521350351,0.6201221662352411,-0.08834939441567694,-0.012010986033690513,-0.0011845790023687825,-0.0009696722884200426,-0.0018798455243995704,0.004310197982704267,13449,458000000,0.24,0,2,4,-3.7003381223548635,-1.069132354252336,4.9552117843347245,-3.7003381223548635,-1.069132354252336,4.9552117843347245,243.08514142036438
-4.321849329598748,-0.10960387327479358,5.0,-4.236244032699174,1.1507920120555934,4.951734698133696,-0.7847916086131037,-0.00019089716155997003,-0.0005800703626731581,0.619759435690256,-0.04899875278930026,-0.0170427518330068,-0.00010296143021815874,-0.000799573530230191,-0.0018548805087448272,0.004713434418590623,13449,669000000,0.2,0,2,4,-3.6992699823917334,-1.0815076359374207,4.9550270105979255,-3.6992699823917334,-1.0815076359374207,4.9550270105979255,243.53921627998352
-4.283784081748948,-0.1732710158852498,5.0,-4.241401528430144,1.1556885288598675,4.951810979405225,-0.7850381868064009,-1.5528401694487058e-05,-0.0004919905627599326,0.6194471752779838,-0.013426244508469626,-0.021400017119821854,0.0007243350507203079,-0.0007645356731700303,-0.0016756433183218178,0.0034913559602500754,13449,966000000,0.16,0,2,4,-3.70140595468984,-1.0849427735240469,4.954982880124331,-3.70140595468984,-1.0849427735240469,4.954982880124331,243.9768044948578
-4.233189858539408,-0.22637908444547392,5.0,-4.245734074649068,1.1538352292440333,4.952023922198111,-0.785168197451888,0.00012427499749819988,-0.0004015218209853657,0.6192824275289144,0.018919279354778166,-0.024757849995527336,0.0013277406904516616,-0.0004970375783841519,-0.0014747061868547462,0.0010606707178340002,13450,191000000,0.13,0,2,4,-3.7059838333427293,-1.0823728574758094,4.955037085876217,-3.7059838333427293,-1.0823728574758094,4.955037085876217,244.4171245098114
-4.233189858539408,-0.22637908444547392,5.0,-4.249173939987057,1.1458703656267073,4.952335221221343,-0.7851131202573106,0.00026057637077908446,-0.00032184847246384264,0.6193522559201231,0.04824793997929819,-0.02702392986174388,0.001733163387962433,-0.0004929339127102139,-0.0014284489111560106,-0.0022169163457874674,13450,394000000,0.11,0,2,4,-3.7124984182548197,-1.0750289311664483,4.955179938448124,-3.7124984182548197,-1.0750289311664483,4.955179938448124,244.8594946861267
-4.1727376602558985,-0.2663981057164597,5.0,-4.251638947097673,1.132484439328748,4.952712284395351,-0.7848795760284777,0.00037544904230252176,-0.00022830602071536503,0.6196481727946388,0.0741429378249839,-0.027976355325392954,0.001975831717317754,-0.0002788995402625005,-0.001408800096669438,-0.004803902129424387,13450,584000000,0.09,0,2,4,-3.7204410438267908,-1.0640550435436544,4.955415071235888,-3.7204410438267908,-1.0640550435436544,4.955415071235888,245.31379103660583
-4.105638041562169,-0.2914457139415669,5.0,-4.253066848561472,1.1165395217947736,4.953094356452107,-0.7845520551003031,0.0004665948432511333,-0.000149741699962735,0.6200627651331487,0.0929904215798873,-0.028437958358699326,0.0021649177999850527,-0.00023123872807673251,-0.0012216378991070087,-0.006580702802239102,13450,830000000,0.08,0,2,4,-3.729451283725847,-1.0503129821112083,4.955709201145171,-3.729451283725847,-1.0503129821112083,4.955709201145171,245.7531397342682
-4.035487133954632,-0.30041124034177896,5.0,-4.253794642338051,1.0975638447867058,4.953505365890353,-0.7841533056149314,0.000535302571640349,-7.294920134040639e-05,0.6205669193751359,0.1089958719380923,-0.027961140219586893,0.00224225195368429,-2.54157960455359e-05,-0.0010756456049421104,-0.007541340482930536,13451,113000000,0.11,0,2,4,-3.738138393719429,-1.0362244553931226,4.956020096271142,-3.738138393719429,-1.0362244553931226,4.956020096271142,246.19952988624573
-3.96608169213925,-0.2930435946951636,5.0,-4.25363815670938,1.0709925826900024,4.95400629802046,-0.7836182790289763,0.0006012958604837834,1.0003047337053892e-05,0.6212423288177427,0.12516841212368715,-0.02585663518673259,0.0021055414677351855,0.000299500410960718,-0.0008794731854777638,-0.00798954433776089,13451,377000000,0.17,0,2,4,-3.7470649204698776,-1.0210381179442392,4.9563752664088065,-3.7470649204698776,-1.0210381179442392,4.9563752664088065,246.62894797325134
-3.901211562810278,-0.26999461971974986,5.0,-4.252191369639514,1.0414714394639966,4.954495705938823,-0.7830758450628048,0.0006156402246363238,0.00011331073787937288,0.6219259031644881,0.13807686857301513,-0.02244064294395412,0.0020648075718680955,0.000568559437397198,-0.0007676960933622468,-0.0077426435382221825,13451,580000000,0.27,0,2,4,-3.7578955042325326,-1.001559649961811,4.956847140427959,-3.7578955042325326,-1.001559649961811,4.956847140427959,247.0620837211609
-3.844440334754514,-0.23281149144471475,5.0,-4.249095234851788,1.0067666563070534,4.9550101940887075,-0.7825473610838094,0.0006146870018217239,0.0002243160319282422,0.6225907158824115,0.14843865848018228,-0.017698748949599285,0.001883756853242231,0.0006648532576036814,-0.0006426180050311814,-0.00626058049419953,13451,789000000,0.37,0,2,4,-3.768186521053271,-0.9815285324118852,4.957344254198801,-3.768186521053271,-0.9815285324118852,4.957344254198801,247.57080245018005
-3.798886890464102,-0.18387432439794807,5.0,-4.243231774280675,0.9621376103258467,4.955582465262147,-0.7821121444333893,0.0005801303108042231,0.00034735839475623267,0.6231373334352334,0.1376971215376112,-0.01109806439153819,0.0015788691016536127,0.0008511557894053112,-0.00033305588544862985,-0.002087552911689272,13452,8000000,0.48,0,2,4,-3.7783898834880607,-0.9592886648565964,4.957910632918293,-3.7783898834880607,-0.9592886648565964,4.957910632918293,248.1815927028656
-3.767021934800574,-0.12627834785081793,5.0,-4.239510533631895,0.9378156047806123,4.9559124375931916,-0.7820776058624913,0.0005348019310042804,0.0004145326421422889,0.6231806805076491,0.10759655446650936,-0.007241272489739584,0.0013709867601057412,0.000766738889979024,-2.1424709961692656e-05,0.0006142869608538604,13452,221000000,0.57,0,2,4,-3.7894407990166252,-0.9312095854936691,4.95866713666213,-3.7894407990166252,-0.9312095854936691,4.95866713666213,248.6295931339264
-3.750494125694988,-0.06366371562587049,5.0,-4.237356572302779,0.9237473832377995,4.956108891602311,-0.7822351252433792,0.0004016533279077637,0.0003729895300594365,0.6229830723132768,0.039548499151817754,-0.003481776140692465,0.00047692421642872606,0.0006703663132157089,0.0018182595795224188,0.003723728900695278,13452,402000000,0.58,0,2,4,-3.795093825378117,-0.9153465878463025,4.959163731926586,-3.795093825378117,-0.9153465878463025,4.959163731926586,249.06315398216248
-3.75,-1.1943401194869635e-15,5.0,-4.23725834326261,0.9221249062393203,4.956118429837435,-0.782458688906157,0.0002433123267582055,0.0002449650810539077,0.6227024015904213,-0.017093808301401253,0.00020293395906792415,-0.00033216743775829486,0.00043467958050769084,0.002387130780334701,0.004161587821727153,13452,610000000,0.56,0,2,4,-3.798118807174795,-0.9070045425305443,4.959528491751029,-3.798118807174795,-0.9070045425305443,4.959528491751029,249.47388577461243
-3.7652103438835645,0.060663558919057906,5.0,-4.238895360626507,0.9313248146918341,4.955941107000442,-0.7826926002857755,4.186864474402164e-05,0.00010361566232564827,0.6224084518776252,-0.07200551950344271,0.004253561139569909,-0.0013487897371565476,0.0007026692571798776,0.002280725857417565,0.0034048561929012067,13452,813000000,0.53,0,2,4,-3.7972421587259726,-0.9114205767972663,4.959591061470473,-3.7972421587259726,-0.9114205767972663,4.959591061470473,249.90506505966187
-3.7652103438835645,0.060663558919057906,5.0,-4.242900837879927,0.955796902451316,4.955431053894377,-0.7828192749504694,-0.0002052409092379944,-6.204740441524515e-05,0.6222490954531876,-0.12997100358795285,0.008829668645529113,-0.0028490349081342755,0.0005507985747499333,0.0023907899276309763,0.00024343857205622044,13453,16000000,0.49,0,2,4,-3.792655310502786,-0.9278903888159944,4.959393017704743,-3.792655310502786,-0.9278903888159944,4.959393017704743,250.40642881393433
