x_ref,y_ref,z_ref,x,y,z,eta,e1,e2,e3,u,v,w,p,q,r,sec,nanosec,angle2,angle3,control_mode,std_test
0.0,0.0,5.0,1.5458190588366727,-0.6708010444130158,4.932393622373836,-0.1939849875571399,0.00044020011206904195,0.0014308578297354611,-0.9810033554846734,0.01839075296453833,0.023362980124673013,0.0009803086421902778,-0.0006070587630802038,-0.0014901524195920501,-0.010111131268786266,21445,982000000,7.14,0,2,4
0.0,0.0,5.0,1.5356833634245224,-0.6714784489578556,4.932737777085797,-0.1949869079764629,0.00028630706270312196,0.0015107994970155348,-0.9808046396866829,0.06114752512231959,0.01796628815558269,0.0021815074119442843,-0.0005014716293771926,-0.0015235994965223654,-0.00878109867699095,21446,326000000,7.02,0,2,4
0.0,0.0,5.0,1.5161296256638126,-0.6673996895528468,4.933381813237882,-0.19600009837062965,0.00012002244465955127,0.0015983854844349912,-0.9806025658732285,0.09908972098608182,0.013525091022629656,0.003175505467084846,-0.00011910675397075465,-0.0014805163914388686,-0.0085580147242581,21446,676000000,6.92,0,2,4
0.0,0.0,5.0,1.494451301040413,-0.6609517530780346,4.934097056509419,-0.19684476118535915,-1.5695482200363438e-05,0.0016332976839732595,-0.9804333083316814,0.12373346773746656,0.010697010061427936,0.0038680632531730196,-6.16606264713937e-05,-0.0013341289786694688,-0.008708642599231098,21446,952000000,6.83,0,2,4
0.0,0.0,5.0,1.4717053863408491,-0.653274522408415,4.934841622106114,-0.19764759753849587,-0.00012786689950937077,0.0016612002489115845,-0.9802717231722282,0.1409227265120572,0.00855006921857275,0.004226828808046808,-4.8201438218598014e-05,-0.001236899890955101,-0.009352407687401865,21447,216000000,6.75,0,2,4
-0.01697820740838507,0.1255483960083878,5.0,1.434874303961193,-0.6398249747794733,4.936018492244079,-0.1989072259062467,-0.0002747059993705532,0.0016799007750787868,-0.9800168457492355,0.15861777050809778,0.006443912279712555,0.00450470608367659,-4.56823901373582e-05,-0.0010687355711525015,-0.010286264296155423,21447,473000000,6.68,0,2,4
-0.026955524430023026,0.18821223430714068,5.0,1.3978915306191602,-0.6255869591090396,4.937161723129304,-0.20015572425669348,-0.0003861498728728939,0.0017132359668400273,-0.9797625231442953,0.17056786799404472,0.004553450718870258,0.004590280050183691,-0.00020996217813262774,-0.0009130090859343909,-0.011220754367968766,21447,736000000,6.58,0,2,4
-0.03792871608951609,0.2507810623072051,5.0,1.3654571860018525,-0.6123847369980779,4.938128987332874,-0.20132754750207638,-0.0004639646455398154,0.0017513198310829137,-0.9795223000179505,0.17889205282612758,0.001792034707960687,0.004563543372284006,-0.0002427872999533065,-0.0007935435576200689,-0.012477724249038147,21447,939000000,6.47,0,2,4
-0.04990027644803874,0.3132386055305398,5.0,1.318341149297544,-0.5918713872768563,4.939468154024571,-0.20314757775003145,-0.0005398554470863391,0.0018193183814296464,-0.9791462915678218,0.18735528745429927,-0.0029182409618193116,0.004352419622910567,-0.0004541229372989619,-0.0005747457237248454,-0.01411992061548517,21448,186000000,6.37,0,2,4
-0.07684722320348403,0.4377539718994975,5.0,1.270259903573901,-0.569325334452804,4.940749782843164,-0.20518578468090187,-0.0005970797666789288,0.0018901382916244162,-0.9787210351463144,0.18719044483010047,-0.0068631830235994186,0.004075915469241036,-0.00034518193103849626,-0.0004810193047433131,-0.015429556879098527,21448,416000000,6.21,0,2,4
-0.09182632624610987,0.49977848670888325,5.0,1.220531944141921,-0.5445995806399362,4.942103627722578,-0.20763335524878834,-0.0006214864342576781,0.0019262801859676782,-0.9782046273594229,0.14579367286563555,-0.008027928232680994,0.0034188246628611488,9.777955867207311e-05,0.0004901707228555097,-0.015302409519790672,21448,639000000,6.03,0,2,4
-0.12480310003259198,0.6232768136895412,5.0,1.1956783810451823,-0.5314939733885994,4.942872016893563,-0.20938739446315463,-0.0005184175371088909,0.0018850974846264315,-0.977830811894707,0.08755581256516684,-0.0072003370250760534,0.0024287959218436948,0.0005739237849411438,0.001533527677111124,-0.014511706376652,21448,852000000,5.81,0,2,4
-0.14280287947149173,0.6847164547362532,5.0,1.1858019084355589,-0.5255841809303553,4.943260159439222,-0.21076232566745,-0.0003161727052943728,0.0017847839232753614,-0.977535654930507,0.031255038301798946,-0.006319370238015633,0.001300503336987875,0.0004449168926612401,0.002464115277689416,-0.013748019409831613,21449,65000000,5.66,0,2,4
-0.16181119526917875,0.7459267385199392,5.0,1.1856933351756338,-0.5238039526458789,4.943424438166401,-0.21217025683704954,-4.349732287600445e-05,0.001712002736386688,-0.9772312158687491,-0.01968012532414375,-0.008030153515811456,0.00018865158166218773,-9.165543453093505e-05,0.0024890644453989808,-0.01255191991731408,21449,305000000,5.55,0,2,4
-0.18182839742572066,0.8068902424093126,5.0,1.1975646110131575,-0.5264437760353882,4.943282232444965,-0.21362192676204805,0.00025676201196957746,0.0016837993720657618,-0.976914925313056,-0.06814482603541477,-0.011554464456913932,-0.0012413614578899537,-0.0004044905352884598,0.0020982179421480396,-0.010283052506565582,21449,502000000,5.43,0,2,4
-0.20285454502857725,0.867589415443657,5.0,1.2221588906952385,-0.5335187115184701,4.94273816111942,-0.21485626065546481,0.0005333334749129686,0.0016824483381269045,-0.9766440867481586,-0.10917450599442569,-0.016054836182270864,-0.0026934707769944648,-0.0005056687484739086,0.001829548045861884,-0.007626101023561205,21449,702000000,5.29,0,2,4
-0.24793242780967706,0.9881239465359675,5.0,1.2482621652347248,-0.5412533795956862,4.942054355836015,-0.21557252369647656,0.0007353127782960248,0.0016929942276752879,-0.9764860880282908,-0.13014640906592417,-0.019961403121570638,-0.003543005103656127,-0.0006911277353083278,0.0016983252066893328,-0.00612640283179644,21449,946000000,5.17,0,2,4
-0.2719827807983455,1.0479235961347382,5.0,1.279533218165537,-0.5489502765374193,4.941272748519252,-0.21636595171453032,0.0009430616103408152,0.0017586604134192765,-0.9763102952888568,-0.10008773379930766,-0.02855292679270695,-0.0028010144426070466,-0.0013327435112842068,0.00035587576974194235,-0.0076817234003101476,21450,178000000,5.09,0,2,4
-0.2970393047101876,1.1073875063133007,5.0,1.296380999818443,-0.5476854187917185,4.940777134653352,-0.21750218257607162,0.0008769733043920967,0.0019285205607448156,-0.9760575353435448,-0.02686687166772796,-0.03973555887010073,-0.001777845223686533,-0.0012823069937439868,-0.0015338072103077138,-0.010931989709206391,21450,390000000,5.0,0,2,4
-0.35016465716835876,1.2252354754156587,5.0,1.2994529613934236,-0.5382770267063856,4.940531968992706,-0.2187524760899116,0.000722834254012953,0.002094925678192981,-0.9757778656034255,0.0335950888369247,-0.048791861722200555,-0.0009050152080725451,-0.0011603063285292592,-0.0017852839050647162,-0.01264243201148929,21450,676000000,4.86,0,2,4
-0.37822957332913054,1.2835829643978252,5.0,1.291018300632127,-0.5201232407372404,4.940455433952451,-0.2205358674357149,0.000550429919417035,0.0022722666300371386,-0.9753760633753743,0.09078544223717093,-0.05718943066489368,-0.0002679757249338321,-0.0012752082284350763,-0.001826579216412938,-0.018192761490354314,21450,955000000,4.71,0,2,4
-0.40729282563855174,1.3415215836101098,5.0,1.2700468349424088,-0.4923279937259323,4.940512050375424,-0.2234401639231814,0.0003353258076243303,0.0024808179067982244,-0.9747144331777886,0.14285832402798856,-0.06495559116992984,-1.796894729658369e-05,-0.0010630585734361375,-0.0020992309373468743,-0.027247500838711858,21451,256000000,4.5,0,2,4
-0.46840284958794687,1.456098062357568,5.0,1.2446295652317572,-0.4633936673118696,4.940607339368964,-0.22671686510937122,0.0001475739781255799,0.0026330736842647313,-0.9739571388002006,0.17734084100715874,-0.0696101751939984,-2.7752390463958836e-05,-0.0008588534626596811,-0.0019993286741737393,-0.0331484592607012,21451,511000000,4.16,0,2,4
-0.5004430187200422,1.5126986430795495,5.0,1.2138534203337081,-0.43054286039224143,4.94072981841741,-0.23061724405758588,-3.8985814484166154e-05,0.0027697526537614967,-0.9730406022842145,0.2040121200028892,-0.07293176752279404,-8.547418944962495e-05,-0.001058849704804743,-0.0020244297957106028,-0.03907003192580305,21451,718000000,3.78,0,2,4
-0.5334683092248316,1.568815807177966,5.0,1.1722776023412158,-0.38761182217381085,4.940844664867791,-0.2360014003793101,-0.00024395270666724856,0.002974221101746819,-0.9717481327560755,0.22871319992320335,-0.07583363914416902,-0.0005552716680960121,-0.0011527426067914348,-0.0019587174620028236,-0.04533229221124202,21451,932000000,3.36,0,2,4
-0.5674745400066574,1.6244307361341979,5.0,1.12288786131008,-0.337444302408696,4.940875381190404,-0.24248137856980784,-0.0004404088495179128,0.0031699466184041208,-0.970150781335235,0.24839913032951105,-0.07727298675479813,-0.0011390664788514333,-0.0007183401692145708,-0.0017236739040527027,-0.04965495718352031,21452,191000000,2.71,0,2,4
-0.6384112904057448,1.7340783135511595,5.0,1.0701540765277766,-0.2841470378861037,4.940788573824657,-0.24940192352254448,-0.0006097113745751892,0.003318748868598025,-0.9683941835333594,0.26291244235896755,-0.07751360925000982,-0.0017513303419768645,-0.0007216494509520999,-0.0014772821373298939,-0.05200115519983228,21452,460000000,1.97,0,2,4
-0.6753316260889739,1.7880730419968338,5.0,1.0004772733932668,-0.2129234188082542,4.9404982553732895,-0.2583598979950394,-0.0007847720163743897,0.0034397670448065667,-0.966042294748813,0.2585186199631937,-0.0771916213500486,-0.002306561307116578,0.0001538760173502851,-0.0009782882898434764,-0.04852313322771806,21452,693000000,1.2,0,2,4
-0.7520479560913946,1.8943092462609985,5.0,0.9458126310978777,-0.15212926134822338,4.940149481394691,-0.26532000676232553,-0.0008541530982251,0.003427473828823897,-0.9641539383611295,0.21909528493460462,-0.07818499533678085,-0.002473012933069418,0.0004523474217421608,0.00027749297828449926,-0.03889163017447572,21452,936000000,0.43,0,2,4
-0.8325563702020884,1.99808054193334,5.0,0.909310066368476,-0.10234420792004562,4.939736217073701,-0.27025337407351135,-0.0007197530542265606,0.0033466195711520227,-0.9627831510235674,0.15834958477918665,-0.08088233888940835,-0.0024840849404807034,0.0001535144718900483,0.001915640132210683,-0.02878395334846573,21453,197000000,0.84,0,2,4
-0.8742153558203847,2.048994047871031,5.0,0.8914450256447081,-0.06414642963035655,4.939295346144739,-0.27357582867770536,-0.00037435747260068284,0.003247521680554622,-0.9618448832440311,0.09762892594737166,-0.0848736322690737,-0.002464531914867376,-0.00024865846341981523,0.002793838461911946,-0.02092770446324721,21453,421000000,1.38,0,2,4
-0.9603049222340583,2.148781069398533,5.0,0.8872605405329598,-0.041165576250460904,4.938925784007206,-0.27536843893918966,-9.241207175460036e-05,0.0031953010679704992,-0.9613334511746106,0.062079232890775826,-0.08799117538050603,-0.0026232880740318853,-0.000348821654938547,0.002723174202401424,-0.016797614443930797,21453,645000000,1.77,0,2,4
-1.00471911316775,2.1976163015816503,5.0,0.8888894555423156,-0.02104876376634571,4.938510482128134,-0.27662310322802686,0.0001737596105528948,0.003176713266174024,-0.9609732239042452,0.033137007330975556,-0.09092494501276692,-0.002780157933633926,-0.0005251569575648318,0.0024096892957459204,-0.010598068911349401,21453,919000000,1.99,0,2,4
-1.0500346370229905,2.245720509599518,5.0,0.8978487223262447,0.0018803913550301957,4.937899049163121,-0.27727565232174295,0.0004670627816057366,0.00318151132207111,-0.9607850292690958,0.004840424263210839,-0.09473149462174929,-0.0031440046215955885,-0.0007455197248873446,0.0019426513063081075,-0.000723358698451193,21454,126000000,2.14,0,2,4
-1.096242274468954,2.293074589152906,5.0,0.911375921007757,0.020646555374538845,4.937241859752238,-0.2769758176449741,0.0006949358541312235,0.00320372326623671,-0.9608712971367652,-0.015356977035144811,-0.09742400284748369,-0.0035635980307842526,-0.0007770033164433698,0.001611204163509683,0.0055017328122630715,21454,361000000,2.22,0,2,4
-1.143332389455625,2.3396594651501514,5.0,0.9288528156707119,0.03762387835545398,4.936482909666377,-0.2760170023566353,0.0008800828299815376,0.0032398417740111636,-0.9611468895489121,-0.03172272128359616,-0.0995615159596773,-0.00402536113613167,-0.0006481373191036255,0.001282122559587151,0.01104825350921601,21454,605000000,2.18,0,2,4
-1.2401194021542623,2.4304455014738875,5.0,0.9507786949622369,0.05469012888023073,4.935565272654622,-0.2744835895792082,0.0010121184552068071,0.003266195988651588,-0.9615857042571447,-0.02625192064223597,-0.10019477917732103,-0.004184328953569105,-1.4755191202198148e-05,-0.00020679546111068703,0.004920077572023729,21454,896000000,2.07,0,2,4
-1.2897949114195773,2.4746087322711814,5.0,0.961383281217241,0.07149390704700669,4.934914812052254,-0.2749747822463326,0.0008818123198064336,0.003305132120174701,-0.9614453534326757,0.0222085669722842,-0.0985347508087159,-0.00373035065675024,-0.00019700036943959276,-0.0020516600670816842,-0.012192642861919012,21455,163000000,1.9,0,2,4
-1.3403101145139145,2.5179269177327237,5.0,0.9559055689619101,0.11131108265977015,4.933931070505108,-0.2791993739599547,0.0005515360087788646,0.0035024175939503957,-0.9602266078688915,0.13230242576690504,-0.09374552301920062,-0.0038918373212285563,-0.00043416017661002115,-0.002536901570238115,-0.03699749577208422,21455,523000000,1.95,0,2,4
-1.4438120736971953,2.601953023293036,5.0,0.9207849636368592,0.1707415438280637,4.932859440171275,-0.2860041161963192,0.00019691433226059216,0.0036753842052482423,-0.9582213201001384,0.22319385626495256,-0.08783139486906075,-0.004178135718645134,-0.00029238561012334685,-0.002404198130534496,-0.04478433802432846,21455,848000000,2.41,0,2,4
-1.496773969773539,2.6426235906001962,5.0,0.8674341255697731,0.2388709136914395,4.931840992435697,-0.29310870595234356,-0.00011764894805821281,0.0038385542812318326,-0.9560714085018427,0.28405315873884024,-0.0812944115872159,-0.004563898740324106,-0.0005330950330062478,-0.002482076911292097,-0.04758165559906047,21456,148000000,3.21,0,2,4
-1.6050541277109547,2.7211871065411257,5.0,0.8053391050049703,0.3098800675067362,4.930819906983679,-0.2999935203580104,-0.0004236666491246293,0.004006102902993123,-0.9539327331574847,0.3185024697354157,-0.07429920244702405,-0.005127040051907545,-0.0002000846791361255,-0.0024131538111760165,-0.04783950244018342,21456,428000000,4.07,0,2,4
-1.6603448647470773,2.7590433302296336,5.0,0.7337343817634436,0.38851383768593595,4.929629838061282,-0.3070779336007251,-0.0007264916695309588,0.004100607808524357,-0.9516752596978463,0.3203664060222725,-0.06868823900919674,-0.005553128942768622,0.0005668483709087013,-0.0017133544702119252,-0.04321797605371103,21456,631000000,4.91,0,2,4
-1.7731554692254243,2.8318138508311876,5.0,0.6748877400094452,0.4548872582926439,4.928558414581822,-0.31247489459122985,-0.0008949444646250764,0.004086912542278537,-0.9499168050258278,0.29397028964828187,-0.06741060786943634,-0.00557597249318893,0.000620946218532481,-0.0005821398019634216,-0.03701355562952813,21456,835000000,5.8,0,2,4
-1.888836712547877,2.900542332687862,5.0,0.6160607969160757,0.5278061743414741,4.927247880542203,-0.3177579360553705,-0.0008528419920982692,0.0040126997172293495,-0.9481629949409262,0.23864331172535555,-0.06976677683611318,-0.005378034059726701,0.00010231412943539908,0.0012212680189804814,-0.0281674268990173,21457,88000000,6.48,0,2,4
-1.9477140375636162,2.9333466089752442,5.0,0.5782379414382948,0.5835510468570118,4.926068183927035,-0.32135518895620235,-0.00060650053200048,0.0039247914841505,-0.9469504056178624,0.1892276058018319,-0.07305458075284352,-0.0051861390190420156,6.119582778296717e-05,0.0020740397076224326,-0.022379408801498357,21457,327000000,7.17,0,2,4
-2.0674585092062747,2.995748385021807,5.0,0.555238331288417,0.6257404656253195,4.925026723348225,-0.32382258398992314,-0.00032059822572312407,0.003841849267289913,-0.9461099679789204,0.15139963276522764,-0.07559163533188808,-0.005006968355889498,-0.0004884640986801969,0.002301160793649615,-0.016848393897817004,21457,563000000,7.65,0,2,4
-2.1282908401621645,3.0253117312070743,5.0,0.5390002658159815,0.6656132731796038,4.923916711821751,-0.325585143337358,1.6980045363685237e-06,0.0037943836160311247,-0.9455051121427547,0.11809862066843684,-0.07752566632754175,-0.004808974253003457,-0.00022407214856912105,0.002081265574815916,-0.00994308775261743,21457,830000000,7.99,0,2,4
-2.251785188702036,3.081079554889556,5.0,0.5304153755622444,0.6961276624425973,4.922959743414438,-0.32644642788651185,0.00022637895892617822,0.003742938325819978,-0.9452082674656377,0.09667894046834484,-0.07836951196983247,-0.004772313372167639,-0.00017752502401435777,0.0017076629205803329,-0.005575149816650082,21458,35000000,8.24,0,2,4
-2.314409616822441,3.107251206474837,5.0,0.5249512172783464,0.7283297408844916,4.9218296850178085,-0.32685436086664965,0.00043562884492862573,0.0036939472490087636,-0.9450674006459459,0.07824931749134133,-0.07809584354181912,-0.004750539897329552,-0.000134450176858536,0.0013506627396964177,-0.0007791689711211802,21458,358000000,8.37,0,2,4
-2.377593049581021,3.132259877026839,5.0,0.5221637867558993,0.7600145443447157,4.920613795510522,-0.32673025620132407,0.0005727294472231395,0.0036275334004009768,-0.9451104975954008,0.07147438536377529,-0.07592199980733144,-0.004612099528308341,0.0006011984680753812,0.00028925558694936626,0.0017165039821520622,21458,684000000,8.45,0,2,4
-2.505556658665967,3.1787254284606545,5.0,0.519582579819881,0.7828990370390423,4.919764629425786,-0.32654180217392265,0.0005355665725784765,0.0035677164177861436,-0.9451758756977535,0.07887396493678232,-0.07276757593819232,-0.00433958698161995,0.0011890690416294092,-0.0006453889170643379,0.000843530034444484,21459,9000000,8.46,0,2,4
-2.5702955446416795,3.2001515855234994,5.0,0.5123295199252427,0.8079161951519884,4.919008493793067,-0.3267662925623673,0.00034207061856031894,0.00348398614602179,-0.9450986905467975,0.11345709854404015,-0.06544762183131296,-0.0038459169332786943,0.001296191260280466,-0.0018740877976597403,-0.004709270024250145,21459,309000000,8.45,0,2,4
-2.701180797417952,3.2393160819846116,5.0,0.48629346687472697,0.8502384449990998,4.918075656288311,-0.3281556929947334,-3.436215816542175e-05,0.0034068512477680116,-0.9446175063690931,0.19547768001555624,-0.04902967501444455,-0.003762138579718096,0.0014160838986754243,-0.002374130599491764,-0.01320796218351461,21459,622000000,8.49,0,2,4
-2.767283114236859,3.2570255340654644,5.0,0.44621594257600466,0.8959591221765346,4.917324234702648,-0.32993795799788744,-0.0003654670174971209,0.0033426132669110166,-0.9439966298894247,0.2595567220040488,-0.03564507947086145,-0.003799712709626892,0.0014719371165483608,-0.0022388445813703584,-0.014460727561527165,21459,920000000,8.68,0,2,4
-2.8337950967697747,3.273467752045494,5.0,0.3839621415777726,0.9568261587354661,4.916463796084094,-0.3317022723639647,-0.0007311580797721956,0.0032568004411105706,-0.9433782174543417,0.30827881529284096,-0.023626671932115893,-0.004161371330295845,0.0013253812653601926,-0.001998100196942687,-0.008720272035134258,21460,258000000,8.91,0,2,4
-2.9679549523380278,3.3024964829044703,5.0,0.3132917973936267,1.0213644340828845,4.9155542483802535,-0.3324369349955587,-0.0010336921402818375,0.0031723830009264377,-0.9431195850566423,0.32010915964699793,-0.017901519826267517,-0.004484002677397509,0.001177239732896851,-0.0013750663356404402,-0.001733785177293612,21460,544000000,9.15,0,2,4
-3.035555146278904,3.3150569186864494,5.0,0.24297702619037226,1.084518290237897,4.914613583203112,-0.3323329848600773,-0.0012237360053334186,0.00307681085288735,-0.9431563088264618,0.3047786395965953,-0.016641316231290233,-0.004602966160710329,0.0008848011418649548,-0.00043152492708031787,0.0034259492849741946,21460,816000000,9.28,0,2,4
-3.171673522805388,3.3362076519872628,5.0,0.1782723284060558,1.1430247938779994,4.9136378911950205,-0.33158037832157816,-0.0012478169998601876,0.0029938707118783324,-0.9434213970453577,0.2738884423680625,-0.017583070025979065,-0.004520916672251275,-3.5727081382219694e-05,0.0006401841289971344,0.00676692470733542,21461,98000000,9.31,0,2,4
-3.240141363972521,3.344774260432901,5.0,0.1289776977388267,1.1886150794419015,4.912807021584707,-0.3306577603807151,-0.0011297608957257293,0.002955436742453712,-0.9437454288811096,0.2430139259451341,-0.018849254241024526,-0.004240946241270787,-3.246984405791409e-05,0.001218856618834252,0.00833086742204614,21461,330000000,9.27,0,2,4
-3.3777652361022836,3.357833959354922,5.0,0.08558461210750548,1.2294752135480949,4.911994827906578,-0.32953256048404805,-0.000966010515127521,0.0028992590892566597,-0.9441392655224361,0.21538344269030424,-0.01878929132652673,-0.003995838027248895,-2.015532594157321e-05,0.0014698606150886917,0.009821656840358628,21461,593000000,9.21,0,2,4
-3.4468683345128004,3.3623059959848027,5.0,0.0418495290368865,1.2711621840615235,4.911077830132655,-0.32804483432520565,-0.0007605393318591365,0.002810846520496059,-0.9446576667736897,0.18817555404499495,-0.017442571257409993,-0.003649417817672117,0.0003433307171007982,0.0014520505942527961,0.011318648284941446,21461,897000000,9.12,0,2,4
-3.5855213697497295,3.3670853441910054,5.0,0.005439501318914398,1.3055816166445045,4.910298541235076,-0.3264586525625306,-0.0006103070271823877,0.002698544712683236,-0.9452074341375141,0.17035172217636646,-0.01470247294987059,-0.0032062315639073908,0.0006247782607715635,0.0011069211609537888,0.012674455592787126,21462,138000000,8.99,0,2,4
-3.6550158736733924,3.36737448950702,5.0,-0.023851775194007042,1.3324784268444811,4.909694770583811,-0.3249574844070771,-0.0005376914117041663,0.002588009592419415,-0.9457249316910914,0.16224809885924013,-0.011252443209188645,-0.00287250487594045,0.0010111357823916478,0.0005941366168826789,0.013800109081785195,21462,347000000,8.84,0,2,4
-3.7941992503107094,3.3637101616261953,5.0,-0.061121977163560645,1.364380633154306,4.909045163595239,-0.3228806451676195,-0.0005826079595598455,0.0024214209887653175,-0.946436414274357,0.16850924125493968,-0.004069989624897751,-0.002432263045518776,0.0015082636991792242,-0.0004746478168726753,0.015666028048144653,21462,660000000,8.69,0,2,4
-3.8638303014711917,3.359741666140802,5.0,-0.09749969610315577,1.392435508823358,4.908578595602772,-0.3208470082966521,-0.0007445289664819672,0.002276734766028295,-0.9471280058273597,0.18657077566213295,0.0037094902796302315,-0.0021831164423098243,0.0016957848515630758,-0.00104058957504094,0.017621936240175273,21462,915000000,8.47,0,2,4
-4.003023714772229,3.347498634375969,5.0,-0.1477432446976946,1.4271497396306643,4.908112349122066,-0.31810878570918344,-0.0010028954982598608,0.002098523536273998,-0.9480513650927443,0.22165632371588226,0.014807182970423539,-0.002146589745447381,0.0018311166627427156,-0.0013961839044895896,0.02131969140464207,21463,205000000,8.24,0,2,4
-4.07252600064417,3.339212478898365,5.0,-0.20505460883093854,1.4631858497034294,4.907710640331892,-0.3150231103645999,-0.001276756200521108,0.001928584578876969,-0.9490811821921976,0.2579068397400658,0.024821621756508767,-0.002285892016958918,0.0019319166540299193,-0.0014682028222523513,0.025576963889761828,21463,510000000,7.93,0,2,4
-4.211188869122791,3.3182863441177943,5.0,-0.27662265751898973,1.5050271991462691,4.907274084815798,-0.31100982001634697,-0.001569097918615615,0.0017336802657843336,-0.9504038216136639,0.28868875950535294,0.033811453139290765,-0.002648102620239564,0.001812287575830851,-0.0012941312320435827,0.031017144647194073,21463,807000000,7.57,0,2,4
-4.280287278212759,3.305638409093179,5.0,-0.36156921918546714,1.5517878452851692,4.9067227135340445,-0.30588997467773266,-0.0018275807740675378,0.0015433844676731362,-0.9520638640892507,0.30863215104284125,0.040703508621249176,-0.0031642006585192554,0.0013382629845182237,-0.0009881735422823112,0.03652224659163039,21464,118000000,7.1,0,2,4
-4.417860161682086,3.2759577432071714,5.0,-0.4511896471317522,1.5982108101659898,4.90608516642435,-0.30002462330622454,-0.0020102960900422024,0.0013939106259423682,-0.9539283207520128,0.3112800638912133,0.04504356153894559,-0.0034178419481097912,0.0009884900237011607,-0.0003985655013138967,0.03991382945969235,21464,370000000,6.5,0,2,4
-4.554387011362157,3.2404183821897035,5.0,-0.5402881738655034,1.6415811452564055,4.9054349738356,-0.29379248287506,-0.002083633632982099,0.001248413725220803,-0.9558661396556327,0.29977124391456617,0.04751644039458623,-0.0034438717704421084,0.0009046743400631385,3.0069581846703386e-05,0.04180625473964028,21464,627000000,5.8,0,2,4
-4.622176788304897,3.2204496648906975,5.0,-0.6159637822007609,1.67589169453641,4.904830969986895,-0.28811823460720815,-0.002100735158090359,0.001130026518759129,-0.9575918717484437,0.284459032122719,0.04999733180120512,-0.0034792970779066673,0.0005259888837372273,0.000435099263995653,0.04266995965735987,21464,940000000,5.07,0,2,4
-4.756643907567153,3.176116338729032,5.0,-0.6831847252332461,1.703865829264556,4.904258511021953,-0.2827953922526977,-0.002045182135892285,0.001036800243696452,-0.9591775166234499,0.2668807329985528,0.05274236743579145,-0.0033157183942265855,0.0004190274836446406,0.000765425471627168,0.042509689228609204,21465,193000000,4.4,0,2,4
-4.823254445927119,3.1517548076050006,5.0,-0.747387599520303,1.728112584263409,4.903729863687519,-0.2775316074121397,-0.0019641269950517785,0.000941593601093582,-0.960714037835334,0.25087415979856603,0.05584798239992513,-0.0029663336757403394,0.0006738481204138225,0.0008672511171425867,0.04205746445222758,21465,456000000,3.78,0,2,4
-4.955060768505769,3.0986553823329843,5.0,-0.8138442762950184,1.7502877915888544,4.90322398186685,-0.27187337395976524,-0.0018775001275962173,0.0008144713583758096,-0.9623308579492871,0.23714912468185578,0.06038508085618397,-0.0025675892285132074,0.0005429609871043795,0.0007503474535042187,0.04168525883869734,21465,756000000,3.17,0,2,4
-5.020188450021896,3.0699251662608846,5.0,-0.8693246319456115,1.7664259958844715,4.902881398894071,-0.2670927106929127,-0.0018250662531979615,0.0007235838833165301,-0.9636688380632878,0.22863593368910537,0.06465305807275988,-0.0021092700413373132,0.0007500369861190848,0.0005939064465110278,0.04139112061238848,21466,20000000,2.51,0,2,4
-5.148721240196228,3.008128905536137,5.0,-0.9286498453115668,1.7811916014231395,4.902608790311027,-0.26185022115846246,-0.0017803219602962063,0.0006058450834953285,-0.9651066910371705,0.22321730813252114,0.07021237266978503,-0.0016964665170508234,0.0006224085211670172,0.00043862452798748564,0.042346178815932944,21466,316000000,1.97,0,2,4
-5.212057230359671,2.9750753806135473,5.0,-0.99296302172767,1.7946846660915843,4.902415875967385,-0.2560238708874569,-0.0017776765500108513,0.0004931043517249113,-0.9666686993225675,0.22428466965438912,0.07613203417304683,-0.0013434097179389026,0.0011647128758340841,-5.480771045340838e-06,0.04419099277583882,21466,592000000,1.42,0,2,4
-5.3366946300784015,2.9046951158287793,5.0,-1.049773368304884,1.8049086002285177,4.902326566626526,-0.2507646373625989,-0.0018320828171943654,0.00036351022041017345,-0.9680462840077817,0.23093841264002327,0.08132960163842878,-0.001135261071781459,0.0010951293120342598,-0.0003065282868419672,0.04652382885979023,21466,884000000,0.88,0,2,4
-5.397926217987752,2.8673859679266163,5.0,-1.140555146016973,1.819522903300638,4.902269418012619,-0.24221370788485852,-0.001972439478168363,0.00016738898309968183,-0.970220903287546,0.2511699188498558,0.08815534354854589,-0.0011459551137198724,0.0012882922760582005,-0.0006610563559661387,0.05158655512786936,21467,216000000,0.76,0,2,4
-5.518040061101152,2.7885801715016205,5.0,-1.2109890697478913,1.8299002289394712,4.902246253399531,-0.2355377983810038,-0.0020923369005099394,3.108421686596075e-05,-0.9718629361663587,0.2647268548917233,0.09216588359603974,-0.0012338773111599112,0.000999685471470002,-0.0006378166915510519,0.05417512875283137,21467,535000000,1.44,0,2,4
-5.576852134532016,2.7471064041681794,5.0,-1.2963343134537062,1.8413206866503773,4.90222980806094,-0.22741726169122134,-0.0022083352129363965,-0.00010003516860420769,-0.9737948974673356,0.27645795847234955,0.09603020671863524,-0.0013682464846999248,0.0009208651420067326,-0.0005530625230676378,0.05739345979236532,21467,834000000,2.21,0,2,4
-5.691811034346381,2.660081140503768,5.0,-1.391011073508792,1.8521981102678802,4.90218689394922,-0.21822941623572734,-0.0023149128825353154,-0.00022654607388335104,-0.9758947236995578,0.28511048250356,0.09948532229912897,-0.001586161906252117,0.0006799491529818624,-0.00046223748597640224,0.060154345192131586,21468,133000000,3.19,0,2,4
-5.747887692743202,2.6145580149533583,5.0,-1.4698997916484369,1.859768123678574,4.9021302617223395,-0.21049422112294297,-0.0023844774977416047,-0.00032006353513246025,-0.9775921412840027,0.28966181773462846,0.10184342965838353,-0.001724640583811414,0.0008791552431830496,-0.0003750804552282716,0.061922820896143094,21468,395000000,4.32,0,2,4
-5.857060407438873,2.519568741495847,5.0,-1.5560829594155206,1.8661463830361236,4.902054570887883,-0.20189324672346554,-0.002444670949942355,-0.0004331371679798387,-0.9794043868104727,0.29038993899926313,0.10469154730833159,-0.0017940643715794041,0.0005117646310281998,-0.0001633502293429956,0.06277359498199075,21468,659000000,5.27,0,2,4
-5.962026688940954,2.4194371808094957,5.0,-1.6420258679888367,1.870043267735742,4.901987412740817,-0.19331838494688863,-0.002460562310698374,-0.0005252389912446669,-0.9811328512483126,0.2862751200339727,0.1076853901346454,-0.0018192911124018728,0.0007420862402796047,2.0485131813074986e-05,0.06260299123823643,21468,920000000,6.34,0,2,4
-6.012845793126372,2.367489823229123,5.0,-1.7150943389931337,1.8710526123125704,4.901895177700496,-0.185907333110101,-0.002467740476345959,-0.0006272989816887434,-0.9825639827760931,0.2816614950940076,0.11132052510674853,-0.0019941738126887224,0.0007728991249678074,0.00010424547767229342,0.0630433059995994,21469,170000000,7.41,0,2,4
-6.062509670513252,2.314314986997085,5.0,-1.8049953683029611,1.8686144354667917,4.901751470158405,-0.17662084516733872,-0.0024481002651931512,-0.0007669457303726716,-0.9842756197588727,0.2730280874429728,0.1172132885232234,-0.001984006798231867,0.0007902937568360358,0.00030395127055271587,0.062452627753373235,21469,432000000,8.33,0,2,4
-6.158235379094583,2.204369535360273,5.0,-1.8814997298059988,1.8632315824005612,4.901642744496221,-0.1686775522014773,-0.00241673385251756,-0.0008834888669716238,-0.9856679269552325,0.2667279145209297,0.12162747150747524,-0.0018805065578085145,0.0006233910141872911,0.0003066980440280531,0.06174051086418331,21469,704000000,9.49,0,2,4
-6.204229638839507,2.147644744659009,5.0,-1.9626031771591754,1.8543581782509533,4.901548507697632,-0.1601768169781561,-0.002383125137933936,-0.0009859334864101847,-0.9870849689628971,0.2611849015159131,0.1262927594355019,-0.0017873350393720826,0.000480226481158752,0.00024535706018014025,0.06139572506072,21469,944000000,10.49,0,2,4
-6.2923141662739965,2.030813140862436,5.0,-2.0369923048633107,1.84332482847952,4.901481304213661,-0.1523047446027882,-0.002355899371898596,-0.0010681954066667186,-0.9883301945545334,0.25716213516207986,0.13077670234794816,-0.0016799234300969618,0.0005485815847805497,0.0002246572748276776,0.061063301836838946,21470,306000000,11.56,0,2,4
-6.3343386826493955,1.9707582080728947,5.0,-2.0993225818235874,1.8320235046144402,4.901457148088282,-0.14568839269588446,-0.002331647893292042,-0.0011431854902399577,-0.9893271191970461,0.25475590347056454,0.13413633899621652,-0.0015287558414145983,0.0005676856176251022,0.00019107831548126342,0.06090601964388043,21470,576000000,12.56,0,2,4
-6.414190618568051,1.847507417364816,5.0,-2.1674920728049156,1.817998702744152,4.901453278135221,-0.13835420344722732,-0.002327511232431628,-0.0012280772198324215,-0.9903793156696519,0.25736594498654586,0.1374415363971082,-0.0015128784372877234,0.0005083501719127526,-4.14134838422342e-05,0.06205536919878796,21470,872000000,13.4,0,2,4
-6.4519546340452365,1.7843695588594015,5.0,-2.247753668577712,1.7997340028042383,4.9014642832825706,-0.12972419795144197,-0.002338600828990809,-0.0013195956730661612,-0.9915464800397796,0.26188293225935605,0.1404171928532839,-0.001503130700282887,0.0007350998600941239,-0.00017467472588350574,0.06343652785290033,21471,182000000,14.33,0,2,4
-6.488235837386567,1.720263763945857,5.0,-2.3239001131334422,1.7813228108338084,4.90149414626228,-0.121358219022139,-0.0023678105515408158,-0.001420044602995464,-0.992604936327788,0.2695245762654721,0.14244454856351293,-0.001505242518761059,0.000578030181941358,-0.00025258386529003474,0.06556036896654405,21471,441000000,15.42,0,2,4
-6.55622827296996,1.5892756263370473,5.0,-2.395520115200005,1.7631546967171299,4.901538667336902,-0.11352686588765437,-0.0023923632201924803,-0.0014965068160153919,-0.9935309193916909,0.27501505607023347,0.1438332062850554,-0.0015040909773527443,0.0004577148217776994,-0.0002265358261865913,0.06565413932548836,21471,741000000,16.49,0,2,4
-6.587880099059713,1.5224594716742677,5.0,-2.4801130204037487,1.740467331680407,4.901606327579149,-0.1044297768323848,-0.0024141907776509103,-0.0015761991691146276,-0.9945280835601409,0.2793542732639292,0.14541546061459568,-0.0015423157409752528,0.000524359080600334,-0.00022376459725137465,0.06553549319505692,21472,12000000,17.38,0,2,4
-6.6463508809387175,1.3863561104401976,5.0,-2.5470717115798696,1.7213202250545176,4.9016505149335,-0.09722083220931588,-0.002433990468130257,-0.0016435316080067107,-0.9952585012341179,0.28181403888056195,0.14708864000896918,-0.00165468841485395,0.0004357027762580401,-0.0002409063341701767,0.06596544044441544,21472,260000000,18.66,0,2,4
-6.673114113782642,1.3171411977066247,5.0,-2.632504374427418,1.6951179091893114,4.901689912569106,-0.08807987317428145,-0.002452900309817121,-0.0017222187444321543,-0.9961089062869927,0.2824908168370281,0.14987786716821302,-0.0017288364461459597,0.0005148434752300091,-9.179218736221628e-05,0.06523942138301209,21472,541000000,19.59,0,2,4
-6.721562144107404,1.1765732003413591,5.0,-2.7112005368130276,1.6683471307421498,4.901737947891083,-0.0796555758574774,-0.0024406698233989956,-0.0018028841420880816,-0.9968178278774898,0.2795125273748877,0.15429471834142286,-0.0016760734780093029,0.0004106224764655053,7.53416912857574e-05,0.06479522562585771,21472,794000000,20.78,0,2,4
-6.74319551466748,1.1052984295239994,5.0,-2.776756160202794,1.643602635539338,4.901792042016622,-0.0725687211835866,-0.0024209474144062876,-0.001863335719474806,-0.9973587357111742,0.2756626591302632,0.15838028168970858,-0.0016143247309434628,0.0004784687945402766,0.00011324466697715252,0.06433805683627725,21473,83000000,21.88,0,2,4
-6.763068819892748,1.0334170003132817,5.0,-2.8587061333123693,1.6092135796204174,4.90190284809048,-0.06366580992430287,-0.00238691934813316,-0.001949520423299585,-0.997966515787392,0.2710901466828451,0.16414300560248013,-0.0014220626723679892,0.00039779461928901583,0.00016691203512664288,0.06311141405603848,21473,353000000,22.81,0,2,4
-6.797441363051352,0.8880015879993646,5.0,-2.9389810393737905,1.5717760632753826,4.902063124064892,-0.054921555596363913,-0.002349498823226238,-0.0020257366688704883,-0.9984858531682376,0.2669136792577118,0.16895054910186716,-0.0013074899206754376,0.00047881758291623555,0.00018847076717065647,0.061949122755322605,21473,558000000,23.99,0,2,4
-6.81189588944001,0.8145537164302753,5.0,-3.006510030146067,1.537501926845302,4.902210012371627,-0.04755310848713323,-0.0023131754995122217,-0.0020962376971688933,-0.9988638330021946,0.26381727817133716,0.1726887794548704,-0.001315305981082984,0.0003929410496539276,0.00019487787454863792,0.06094900127209257,21473,807000000,25.16,0,2,4
-6.835236727174377,0.6663999931584091,5.0,-3.078388574662845,1.4981006187283812,4.902369775347277,-0.039739431626868604,-0.0022756558597080167,-0.0021606991773465574,-0.999205149277888,0.2612647516234365,0.1768327065702055,-0.0013216362925332968,0.0003142943882039617,0.0001567723828088674,0.05933876855124254,21474,95000000,26.15,0,2,4
-6.8440841242909745,0.5917858514327947,5.0,-3.1439648737807557,1.4600122537007385,4.902520553615007,-0.032690956042409736,-0.0022460919662569715,-0.002210971981831856,-0.9994605385240618,0.2612501752145151,0.17909469172247633,-0.0012688804232430188,0.0002498866706446279,5.924981287819264e-05,0.058735922357300296,21474,354000000,27.2,0,2,4
-6.851025303291818,0.5168761650432264,5.0,-3.2147424637463136,1.417193678205777,4.9027383030843446,-0.025011376219003845,-0.002233095494791422,-0.0022551613398569263,-0.9996821287746789,0.26312122512875863,0.1809556935361908,-0.0010095488533664399,0.00017480012246551269,-6.369791947236081e-05,0.05893281413591467,21474,601000000,28.16,0,2,4
-6.859122968711804,0.366363343942322,5.0,-3.317892298715896,1.3521134363275018,4.903176312193724,-0.013980754481424218,-0.002220067035441041,-0.0023049982283353666,-0.9998971431050573,0.26683741284758616,0.181579747846715,-0.0007042848383547486,0.000101027276144805,-4.851783366177642e-05,0.05723089780076407,21474,872000000,29.21,0,2,4
-6.85940919637302,0.2152563534425758,5.0,-3.410470520136015,1.2921473008205226,4.903659052948133,-0.004304052739227626,-0.002206641484252473,-0.0023515749635715857,-0.9999855378747077,0.2709409493968812,0.18140252626398448,-0.0005754304688272165,0.00023152465757902974,-8.793857944056072e-05,0.05670735154126305,21475,100000000,30.72,0,2,4
-6.856590604617711,0.1396070113204253,5.0,-3.508203080924544,1.2263528269915267,4.904196584464811,0.005418524259691193,-0.0021932534909062666,-0.00240910102432034,-0.9999800125333638,0.27030447674507385,0.18481813920501264,-0.0005684966870342194,0.000183582980639585,5.751567968559357e-05,0.046914264385122806,21475,353000000,32.04,0,2,4
-6.844976259014825,-0.01162263489980088,5.0,-3.592614476796975,1.1646489323119162,4.904688054584608,0.010926389133382008,-0.002167288416806584,-0.0024600896697636416,-0.9999349303030878,0.26193525377358917,0.1924941062608346,-0.000490638439752638,0.0003895934071351803,3.415093559056004e-05,0.003173872823936108,21475,624000000,33.4,0,2,4
-6.825336248547242,-0.1624040721318142,5.0,-3.658042716415344,1.1119016844509848,4.905124449020709,0.008621336856720563,-0.0021778356553135603,-0.0025031420682479345,-0.9999573310209029,0.24869941790858854,0.20356122734620472,-0.0003042086446478888,0.0003616909225456766,-1.1264639176999935e-05,-0.038919990038266405,21475,859000000,34.27,0,2,4
-6.81249079482118,-0.23749058727900846,5.0,-3.724169197974129,1.0518288685610666,4.905689300128465,0.0002677903064339793,-0.0021918638454277942,-0.002530722319959426,-0.9999943597169806,0.2280450475361957,0.22062434081750332,9.021489188881595e-05,0.0002912993778636519,6.566629622284381e-05,-0.07370079038082622,21476,126000000,34.2,0,2,4
-6.780730027470835,-0.38677740927057114,5.0,-3.7771895059786793,0.9975826821037718,4.9062560701762346,-0.009314896723692456,-0.0022098626119882456,-0.00253977047187502,-0.9999509481830662,0.21114612479709152,0.23388225802297802,0.00037520927422100863,0.00020928297743694202,3.369461083480019e-05,-0.08179715732694604,21476,414000000,33.45,0,2,4
-6.761811649527623,-0.46086485278605455,5.0,-3.8236832233679303,0.9464466935185015,4.906831757051,-0.01813263163099954,-0.00223047829297547,-0.0025372787702282163,-0.9998298829566763,0.2004544076348766,0.2410347325319488,0.0006191479451205707,-1.0517249482422386e-05,-1.6859810614278103e-05,-0.07618353629368357,21476,645000000,32.53,0,2,4
-6.740868492719295,-0.53450552440425,5.0,-3.8783822101846135,0.8861822269547074,4.907595104306732,-0.026672016695581724,-0.0022621006859018127,-0.0025107301586463726,-0.9996385259982469,0.20114956663147546,0.23937087330010468,0.0010237407224098097,4.841594112292569e-05,-0.0001357849541250289,-0.055005971080390736,21476,907000000,31.68,0,2,4
-6.692919119812252,-0.6802153072003038,5.0,-3.9354943670115197,0.8284041749012294,4.908472165720688,-0.032431801353393463,-0.00229558898551092,-0.0025075720949254104,-0.9994681688850187,0.21131847608645712,0.23033309834860338,0.001457446914360221,0.00031065970063082204,-9.667745715091769e-05,-0.03139293003187049,21477,161000000,30.88,0,2,4
-6.66592267047879,-0.7521677439422926,5.0,-4.005433796233552,0.7657500412886047,4.9096153061392345,-0.03476630905977862,-0.0022970245813456525,-0.002539424266227264,-0.999389603086218,0.2227733251047888,0.2202020279508492,0.001872369654146266,0.0001677145192502394,0.0002332331220600281,0.0014796649736581458,21477,418000000,30.2,0,2,4
-6.636921041207126,-0.8234401450252024,5.0,-4.094682795468509,0.6880216109264963,4.911230949435572,-0.031885339140252766,-0.002170976165132477,-0.002614383358506722,-0.9994857562817272,0.20926329389945625,0.22525348335256196,0.0024213047978653333,0.0005421078469680651,0.0012132313486290514,0.02263566348119639,21477,785000000,30.23,0,2,4
-6.572940637900542,-0.9637078000306676,5.0,-4.157131315136575,0.6218463173481747,4.912629566443474,-0.02931229258903617,-0.0019322751213853484,-0.0028036760927618817,-0.9995645027792839,0.1707607845033139,0.2452756265097215,0.0026536152289467793,0.0026970389853886445,0.002546290124882944,-0.007905067650426645,21478,135000000,30.71,0,2,4
-6.501072535179841,-1.100541877335473,5.0,-4.1983530129828,0.5566323759586278,4.9138340371010925,-0.03315893075800791,-0.0015690894625129807,-0.003132453653853622,-0.999443950906378,0.11710695482146168,0.27346839521289,0.002486493969614342,0.002626068953759386,0.0031844713021200732,-0.051293824435560964,21478,483000000,31.12,0,2,4
-6.462218122063195,-1.1675216997484856,5.0,-4.2309769463078775,0.4724021007829796,4.9151817237431725,-0.044165311028187604,-0.0011510891503803944,-0.003483452085135576,-0.9990175002757067,0.061613870964265224,0.2994995657591609,0.002235220175263386,0.002104393843183061,0.0029961861173433135,-0.09018595083034597,21478,807000000,30.76,0,2,4
-6.421440540219725,-1.2334634004219198,5.0,-4.2541879401174425,0.37621656589893365,4.9166415760667475,-0.05960299012082759,-0.0008066966029866597,-0.0037602737816196247,-0.9982147530217805,0.03276390372170136,0.3056456930514454,0.0024589461713359394,0.0012749074926432513,0.001970362040992768,-0.08998675039038062,21479,66000000,29.55,0,2,4
-6.334198512494224,-1.3619924942046309,5.0,-4.270070938755657,0.3114707095489537,4.917760956459425,-0.0686616688056157,-0.0006757234010014391,-0.003856914755984287,-0.9976323184637106,0.039591127308200795,0.2948817987736335,0.002986652441895934,-0.0014040284668226377,0.0008101784601421969,-0.06388214533217251,21479,347000000,27.74,0,2,4
-6.287780231924655,-1.4244601119072358,5.0,-4.296732878185655,0.24201710593848533,4.919206020506166,-0.07106728283651975,-0.0007362499594465938,-0.003601894516692775,-0.9974647490523771,0.08554046837158626,0.2652799443787433,0.003780158200356818,-0.001868449589892407,-0.0011234620046707278,0.009495803351455834,21479,586000000,26.63,0,2,4
-6.239531157534259,-1.4856501756582063,5.0,-4.330162727758851,0.18531558692634412,4.92066039183284,-0.06834075076532176,-0.0008496994673902563,-0.003393952316225267,-0.9976559030463972,0.12139440908638163,0.24329901864649486,0.004466400440089986,-0.0015052307389851194,-0.0010754191521300527,0.0309282993839588,21479,812000000,26.28,0,2,4
-6.137654734137321,-1.603960251259457,5.0,-4.366423183568369,0.1380675957486152,4.922091951021478,-0.06454170155785394,-0.000930755282036572,-0.0032430500280448936,-0.9979093070420464,0.14591082738199238,0.22753403883982495,0.00496872774457451,-0.001091172691758402,-0.0008307850407618389,0.03642093543021474,21480,63000000,26.53,0,2,4
-6.08408948285958,-1.660962379897295,5.0,-4.406337372734231,0.0941178963307386,4.923590001259176,-0.06056345508306865,-0.0009923329929662583,-0.0031377006529801086,-0.9981589242291251,0.16237254951802566,0.21535782691640373,0.005288670802373151,-0.0008564394249788165,-0.000643961976720675,0.035700612716027535,21480,342000000,26.95,0,2,4
-6.028817664732745,-1.716451319807343,5.0,-4.452235406187171,0.04872866059185224,4.925281654187086,-0.05649114558528445,-0.0010388458426209407,-0.0030461386770371203,-0.998397912812791,0.17209251401453968,0.20585484420788142,0.0055833974920356366,-0.0006904343706537475,-0.0004496182441471319,0.0325021206663223,21480,629000000,27.26,0,2,4
-5.971875440659106,-1.7703692401658633,5.0,-4.491341723566175,0.012294675903244425,4.926731135663157,-0.053399998632624956,-0.0010642076317802945,-0.0029844186868662344,-0.998568175365735,0.17618234273822084,0.19977801782921834,0.0057932871850805276,-0.0005774074509190541,-0.00032738566062562313,0.02975684947159607,21481,8000000,27.9,0,2,4
-5.9133010382297755,-1.8226588784270257,5.0,-4.542354429964971,-0.033780682628297726,4.928658489885889,-0.04986183581788067,-0.001083059141689683,-0.0029199371220223363,-0.9987512694755234,0.17697232288739867,0.19379512444165478,0.005952665339773041,-0.000453872246453102,-0.00014257227718417198,0.024990814927150495,21481,315000000,28.29,0,2,4
-5.791418994331977,-1.9221275287416824,5.0,-4.588873273192345,-0.07544092288565392,4.930428974423497,-0.047093427992772,-0.001078392266148527,-0.0028752197785235183,-0.9988857688550954,0.1749640165564841,0.18972407155142862,0.00588674216622803,-0.0003465173051608872,7.3501794428665335e-06,0.021187019956414588,21481,572000000,28.78,0,2,4
-5.728198212313908,-1.9691955055186912,5.0,-4.6343334259759805,-0.11659427916043448,4.932176589742257,-0.04480654905246617,-0.001066230094374841,-0.002841505975718835,-0.9989910721118506,0.17041201955511498,0.18702922560970162,0.005888025366616977,-0.00026873137528582447,9.301695342855965e-05,0.016645353389321826,21481,876000000,29.2,0,2,4
-5.6635189779972706,-2.014413279305643,5.0,-4.690666302699445,-0.17234577139563165,4.934531440204936,-0.04330072088447756,-0.0009692208248132249,-0.002990178891585055,-0.999057139012616,0.13458755882144705,0.19935068454947416,0.005857343903952807,0.0032531623901377316,0.0021748397784904228,-0.006704459656248218,21482,185000000,29.58,0,2,4
-5.529981852465275,-2.0990859394333827,5.0,-4.720321509863066,-0.22089168634482265,4.93624132908318,-0.04566576220239921,-0.0006517280648891631,-0.003373795142615053,-0.9989508651176686,0.07398247142817957,0.22657629950997932,0.005093674981731001,0.0038600283915002365,0.0031118106335270568,-0.04344075277913362,21482,406000000,29.88,0,2,4
-5.461227524768241,-2.1384373081434203,5.0,-4.734354512253664,-0.2894202493426058,4.937802965649842,-0.05741354483703259,-0.00030675384906329547,-0.003927830075191801,-0.9983427081529781,-0.019868633121016104,0.2669308614224862,0.0023353813800658105,0.004495771509027691,0.002975125335069606,-0.12218524352647364,21482,667000000,29.61,0,2,4
-5.391221859070367,-2.1757315985306627,5.0,-4.726145546320276,-0.3761323849684349,4.9387512493797985,-0.07990709337569202,-1.348306069267561e-06,-0.004514111610385041,-0.9967920942818513,-0.10344768707454817,0.29142705084133824,-0.00041591922914003464,0.0028003804573017987,0.00293175019123737,-0.16263996512861922,21482,892000000,28.15,0,2,4
-5.247686411918379,-2.2439551839362215,5.0,-4.705470899169691,-0.4636913761096943,4.9392430872623825,-0.10247573162301876,0.00024177186125201242,-0.0047759658714951565,-0.9947240100272479,-0.13968283443939172,0.28883038939877353,-0.0012875404429239738,-0.0016155155663000187,0.0017064112398657016,-0.1402901893015951,21483,128000000,25.36,0,2,4
-5.174276690478312,-2.274791035281989,5.0,-4.691391272279017,-0.5240318755713491,4.939621636180815,-0.11419363386262404,0.0002963038085171785,-0.004634048152103229,-0.993447659309249,-0.1286112555367885,0.27164718242647057,-0.0005904577834431604,-0.0014266515563576831,0.00046711945742572425,-0.10356456623412669,21483,361000000,22.4,0,2,4
-5.09985571543612,-2.3033830891153344,5.0,-4.679565771719651,-0.5906376785031755,4.94023195088169,-0.12478842478821245,0.00023481045439365487,-0.004215970372064017,-0.9921743896597759,-0.10065673578909087,0.24596051898348592,0.0007282574950792803,-0.0033702919381539687,-0.0010908688182098558,-0.08065662404987961,21483,574000000,21.02,0,2,4
-4.948242192815196,-2.3536658628116753,5.0,-4.673209873805466,-0.6551794239779984,4.941098907243958,-0.13482336459860594,8.85964425011061e-05,-0.003799881769445102,-0.9908623584572782,-0.07674676873859283,0.22316574881078105,0.0019208182815257202,-0.003043321908080543,-0.0011937806107198412,-0.07561398888356052,21483,784000000,19.63,0,2,4
-4.871185627962738,-2.375275900107432,5.0,-4.671657884153483,-0.7048069130725698,4.941976536468943,-0.14289007379363855,-1.5993956184273423e-05,-0.003485466777170248,-0.9897324275160369,-0.06266604495581281,0.20807267856410153,0.002751163243892031,-0.002236217710560595,-0.0009398821646300348,-0.07254572046804242,21484,46000000,18.32,0,2,4
-4.793389713475383,-2.394480948462829,5.0,-4.6723086532215765,-0.7550352120877893,4.943065589978247,-0.15126323323959234,-0.00010112071966001247,-0.0032426488838330205,-0.9884881937953133,-0.05517475668857735,0.1950337551293435,0.0034881124270679984,-0.0017276361290896602,-0.0006462948192620388,-0.06815751621616073,21484,277000000,17.28,0,2,4
-4.7149271849044485,-2.411245346347941,5.0,-4.674220283986742,-0.8060263977615194,4.944376907538905,-0.15964474943516888,-0.00016746979797853086,-0.003034168970624179,-0.9871698535461393,-0.05221846159766545,0.18365833062823808,0.004068140368256346,-0.0013537826816900633,-0.0004255333209357559,-0.06261013841140084,21484,537000000,16.23,0,2,4
-4.6358726078780785,-2.425535461820819,5.0,-4.676189142898623,-0.8507444013925118,4.945645800415038,-0.1668121361510555,-0.00020209175643520457,-0.0028850341434492797,-0.9859844557444273,-0.05274134557272937,0.17504123795786053,0.004313554886694794,-0.0010653460094545153,-0.00023465502465569443,-0.059045860325568356,21484,849000000,15.21,0,2,4
-4.476294458338724,-2.446568993295677,5.0,-4.677499711491186,-0.886701521267861,4.9467267623535545,-0.17253936041649354,-0.00022164312323368768,-0.0027848054442277683,-0.9849986623544373,-0.05510709464848081,0.1687282820565281,0.004482346907539561,-0.001021779223719932,-0.00015962474719799502,-0.05746047827415168,21485,86000000,14.36,0,2,4
-4.3959287597209284,-2.4532560847220677,5.0,-4.678183658518766,-0.9251719921552211,4.947935702657002,-0.17866987735889267,-0.0002227570266869804,-0.0026624020870007667,-0.983905451209105,-0.0600207136479964,0.16201367830418284,0.004616879444301604,-0.0010155204904549464,3.452783818858052e-05,-0.05618789218715392,21485,362000000,13.7,0,2,4
-4.315286654929753,-2.457356420062667,5.0,-4.6773127531652685,-0.9661289724708052,4.9492351833444195,-0.18530960455542123,-0.00020437214526887134,-0.0025587177486941295,-0.9826768348012596,-0.06865286332991939,0.15451235933675972,0.0045043349303220915,-0.0007877331313466129,0.0001867995067073025,-0.05626151723845396,21485,670000000,13.02,0,2,4
-4.234451135556854,-2.4588478328347407,5.0,-4.674627066243374,-1.002944560513234,4.95039076823756,-0.19137624918291923,-0.00018532682082750534,-0.002486043120012653,-0.9815135844664871,-0.07736424400436044,0.14782671273246567,0.004383534315962412,-0.0006206142927567271,0.00020219841019297746,-0.056135897830245085,21485,961000000,12.28,0,2,4
-4.153506706144404,-2.457710711448501,5.0,-4.669519571452574,-1.0424457654874235,4.951579884467725,-0.19799316325633987,-0.00015737919798645972,-0.0024260430590263182,-0.9802003860694057,-0.08719799343821927,0.14049852339503263,0.00405793137286907,-0.000613898322399109,0.00030939161206333665,-0.056316926202271134,21486,154000000,11.61,0,2,4
-3.991636294719297,-2.447485709546427,5.0,-4.662084957882423,-1.0813056905907508,4.952702259118064,-0.20462275632880556,-0.00012008620525527343,-0.0023634827985041153,-0.9788380494855963,-0.0970316075785533,0.1329510021909268,0.0038609143736467915,-0.0006622702983349882,0.000350594081055533,-0.05629685438179877,21486,381000000,10.87,0,2,4
-3.9108862637393114,-2.438372150023384,5.0,-4.651338220475764,-1.1227069767700475,4.95383774548369,-0.2117458353834144,-7.489325152932593e-05,-0.0022978112607293538,-0.9773220634223861,-0.1080378573685656,0.1244307594342614,0.0034993732070088502,-0.0005067843119377358,0.0004031461827480598,-0.05581767181865871,21486,644000000,10.11,0,2,4
-3.8303790699016456,-2.4265788654137266,5.0,-4.638674818368301,-1.1603400292887343,4.954768955772764,-0.21827261371979478,-2.7981925693587595e-05,-0.0022579807524202113,-0.9758852221649135,-0.11880964619860876,0.11622403891558926,0.003019329242143276,-0.00037091791114107764,0.00043301581627019914,-0.05548264671233483,21486,864000000,9.28,0,2,4
-3.7502056949456506,-2.412100289200765,5.0,-4.621990050772822,-1.2004602301052831,4.955651478527836,-0.22523917409530464,1.9068650768918694e-05,-0.0022207694280572676,-0.9743009710928132,-0.12986725135540172,0.10673925169787726,0.0025798706631820585,-0.0006058982705781091,0.0004325066385035825,-0.05408914585132152,21487,105000000,8.49,0,2,4
-3.6704581685088824,-2.39493390958863,5.0,-4.600655058192669,-1.24279435986573,4.956477448239389,-0.23245868548400628,8.111935841621787e-05,-0.002163629080027148,-0.9726038616373582,-0.14072683431666308,0.09639595143573676,0.0021867361384451498,-0.0004484967917051108,0.000433572984093189,-0.05167289564269595,21487,371000000,7.64,0,2,4
-3.5126134583758732,-2.352543434039778,5.0,-4.581637981555095,-1.275427814867128,4.957049476540998,-0.2378896294115188,0.00012269010632184147,-0.0021298728293715923,-0.9712898500485417,-0.14813295261123122,0.08877867205202136,0.00189328293068117,-0.0006057877385501342,0.00036627908741593274,-0.04987198226444889,21487,606000000,6.72,0,2,4
-3.434704716561925,-2.3273302822166575,5.0,-4.558825843921396,-1.3103161377775203,4.957568366775808,-0.24350438742072256,0.0001690892816435365,-0.002062266348470618,-0.9698975882912491,-0.15559547935613408,0.07961657575752018,0.001398981738978685,-0.000872188911671401,0.0003524706869484362,-0.0464680117147509,21487,813000000,6.03,0,2,4
-3.357598499230817,-2.2994513610445213,5.0,-4.53146376733534,-1.3471027598606085,4.957999161260144,-0.24909657728191104,0.00023394868800844393,-0.00197313895211435,-0.968476611579817,-0.1639251618117393,0.06894199504240778,0.0009130030867956135,-0.0008538470353869343,0.0004319424817822437,-0.042248900354024954,21488,28000000,5.31,0,2,4
-3.2061772176970886,-2.2357552728992647,5.0,-4.499012553023176,-1.3854796072866626,4.958308325945291,-0.25449934680961767,0.00031265616681671216,-0.0018731134652509177,-0.9670710812373335,-0.17155149990849022,0.05781847983272551,0.00040572545535191384,-0.0011613290325840353,0.00038695751243267296,-0.037492307455977425,21488,274000000,4.57,0,2,4
-3.1320548847261422,-2.1999764264355766,5.0,-4.461151855499509,-1.4251075793272088,4.958510214801838,-0.2595876539500424,0.00039468829705410996,-0.0017207882231670196,-0.9657179365765929,-0.1785958941113847,0.04590590706255811,2.12177068518641e-05,-0.0013878143590773107,0.0003110205398115795,-0.03211497896700166,21488,499000000,3.83,0,2,4
-2.987470199388719,-2.1206799388106825,5.0,-4.425681280318136,-1.4579997206474842,4.958575767765587,-0.26332504163119164,0.00047060528938287543,-0.0015720992767120977,-0.9647057735312135,-0.18420279244232968,0.03514701699739904,-0.0003472197364970616,-0.0014092997048464895,0.00029552286378020654,-0.027284282441542018,21488,718000000,3.19,0,2,4
-2.917201268036015,-2.0772224618603534,5.0,-4.396827073419656,-1.4822997163845335,4.958562308660973,-0.2657615773595113,0.0005281756874908037,-0.0014556182072037371,-0.964037543981282,-0.1876707892405469,0.027169298209852383,-0.0005941445849437292,-0.0013104246249895368,0.0002703017628391535,-0.023726595100015402,21488,975000000,2.7,0,2,4
-2.8484099530437836,-2.0312718586519574,5.0,-4.363507549937779,-1.5078549915861033,4.9584780625075835,-0.267885863106734,0.0006024066992530211,-0.0013016360961469054,-0.9634495872629776,-0.19126819462129513,0.016910023166633214,-0.0009184456686136376,-0.0016456952948828985,0.0003130638049242407,-0.017096008195949253,21489,231000000,2.39,0,2,4
-2.781192346925178,-1.982867659428194,5.0,-4.325299518205357,-1.5341184115133355,4.958339347587614,-0.269433368149532,0.0006877745445584866,-0.0011261445248011695,-0.9630181300953184,-0.19416669737957687,0.00611197670121854,-0.001051194563328702,-0.0017202572053065524,0.00029351668331401015,-0.010312844278814737,21489,467000000,2.1,0,2,4
-2.715644036814797,-1.9320532497399265,5.0,-4.288748902278225,-1.556676726175126,4.958159057793481,-0.27025364534336743,0.0007642643125953935,-0.0009653225035846202,-0.9627883730244906,-0.19606705375870065,-0.003059708415180609,-0.001310511894674617,-0.0016895449789444683,0.00026969870532411733,-0.005522454648598796,21489,722000000,1.89,0,2,4
-2.651859954547784,-1.8788759053881385,5.0,-4.254408069890871,-1.575891677782418,4.957972647450444,-0.27054975988603897,0.0008323117535124077,-0.000817329915359762,-0.9627052854610081,-0.19708002825972906,-0.011023476424092406,-0.0013283436111928395,-0.0014761461784473795,0.00024447110149594664,-0.0014604734587919666,21489,999000000,1.76,0,2,4
-2.589934222700604,-1.8233868222867717,5.0,-4.211963905421187,-1.597275074913724,4.957729701736168,-0.27032912436682804,0.0009018295050884893,-0.0006501419955899242,-0.9627673283498943,-0.19755761758058382,-0.02050868926902934,-0.0014742705984645947,-0.0016136275348799245,0.00014311307978687182,0.004705765695689479,21490,227000000,1.69,0,2,4
-2.472029303148281,-1.7056979655151356,5.0,-4.16463378676169,-1.6183030044555347,4.957433543771786,-0.269370901803873,0.0009723541004120133,-0.0004652329950062415,-0.9630359055337094,-0.19745734353276229,-0.030128219658962507,-0.0015722407399867977,-0.0014730210523339338,0.000160298770879308,0.010244990971841617,21490,480000000,1.68,0,2,4
-2.416232874429461,-1.6436203764744557,5.0,-4.119841035234046,-1.6357209731388864,4.9571576910461825,-0.2679510858971565,0.0010384792392153118,-0.0003121960987009005,-0.963431907122138,-0.1970541626319653,-0.03862193453210672,-0.0015771622263940517,-0.0016095936985038861,0.00017953285578187206,0.014291845400293823,21490,738000000,1.75,0,2,4
-2.3626599798714096,-1.579475437759419,5.0,-4.070096508591834,-1.6522375903283077,4.9568458989785205,-0.2657989459988201,0.001111319419355377,-0.00012064946199521402,-0.9640278371078148,-0.19631526955442344,-0.04876172610211736,-0.0016611963349982592,-0.0015129767007238115,0.0001606396494935325,0.01984231457754504,21491,22000000,1.89,0,2,4
-2.311398253509508,-1.5133341969800527,5.0,-4.015290578380517,-1.6671857572557593,4.9565130577643846,-0.2627855779215016,0.0011862349987327532,6.148120415897125e-05,-0.9648535272791676,-0.1947926383833682,-0.05855514661735722,-0.0016852326347723396,-0.00132666885974686,0.00015237957455838114,0.024668651531101204,21491,317000000,2.12,0,2,4
-2.26253351870906,-1.445271679093754,5.0,-3.9595168772533724,-1.6792764710237214,4.956166330337641,-0.2592083706206809,0.001245423549069453,0.00022443856175982798,-0.9658205936651418,-0.19271583511710552,-0.06720660244528694,-0.0017485926525071273,-0.0011865563237734023,6.673776482557514e-05,0.028217814724484924,21491,570000000,2.44,0,2,4
-2.1723281910977024,-1.303702711105489,5.0,-3.915231782785931,-1.6868449827814505,4.955901753926333,-0.2560912180440548,0.0012786104819083423,0.00034072201016645525,-0.966651714478622,-0.19077099603431996,-0.07314234081886437,-0.0017079282966657148,-0.0009600720773050853,2.0655128807334222e-05,0.030231259006541222,21491,762000000,2.88,0,2,4
-2.1311485730830233,-1.230366040701051,5.0,-3.8625914643571773,-1.6936687016888579,4.955605328059308,-0.2520779254274258,0.0013110661466807583,0.00046631801066957125,-0.9677059383745027,-0.18772023209158956,-0.08019949877046803,-0.0016661068263998976,-0.0014165087691253575,2.340385165666703e-05,0.03368676916579716,21491,983000000,3.19,0,2,4
-2.0926875267610416,-1.1554475883514095,5.0,-3.8137327024662753,-1.6976464210956699,4.955346784623989,-0.2479710912197678,0.0013520148669722268,0.000622513746073689,-0.9687662888703926,-0.18466129009865484,-0.08756449050022187,-0.0016392264452653473,-0.0011671994343487313,4.4628005824165484e-05,0.03651896222436335,21492,227000000,3.66,0,2,4
-2.057019095700143,-1.0790419155556983,5.0,-3.7769649351070176,-1.6991118839862607,4.955162099726042,-0.24472776568950333,0.0013777134306932769,0.0007189404131561483,-0.9695905866555268,-0.18226343555444607,-0.09275611355070541,-0.0016204302449016415,-0.0009804764658838394,5.2586567278467555e-05,0.03764008251891937,21492,458000000,4.14,0,2,4
-1.994341477843458,-0.9221660059343091,5.0,-3.7319927835419455,-1.699182606882228,4.954959104494464,-0.24062677013461647,0.0014033330235662972,0.0008356513881624592,-0.9706163453382415,-0.17888264982515145,-0.09879634309200458,-0.001485711493051481,-0.0011415480457799276,-1.6804401337111585e-05,0.03904438235622365,21492,647000000,4.53,0,2,4
-1.9674650284751696,-0.8419035512031989,5.0,-3.678952687394726,-1.6967873919421184,4.954765770071201,-0.23559863650827423,0.0014319399790241574,0.0009948514879487185,-0.9718488783210357,-0.17444606627960066,-0.1063010494638978,-0.0013062677911852738,-0.0012054327612531779,-5.9073613911664324e-05,0.04072433912369888,21492,891000000,5.03,0,2,4
-1.943646284461102,-0.7605692911164427,5.0,-3.6300965314151292,-1.6919529164452893,4.954650225563239,-0.23074974635568068,0.0014468665729509694,0.0011296075705005933,-0.9730114003035348,-0.17032021949843476,-0.11386152534911184,-0.001071639008490959,-0.0009539512234368885,-9.319850278188824e-05,0.0422172000980936,21493,161000000,5.66,0,2,4
-1.9229427860856978,-0.6782759984892262,5.0,-3.5854487991175064,-1.6853048408920526,4.954597488535815,-0.2261723341206987,0.0014534725106024344,0.0012326389336995655,-0.9740854394237268,-0.16650120196124776,-0.12037623997606553,-0.0008855884882152136,-0.0010256536938868521,-0.00011684164036296352,0.043097442176076584,21493,377000000,6.27,0,2,4
-1.9054081947771935,-0.5951398318827819,5.0,-3.5370431101398325,-1.6757353883682438,4.954590409850961,-0.2211030115680817,0.0014515519834217819,0.0013629939812253103,-0.9752484265661603,-0.16195076525947077,-0.12685255498686165,-0.0007127695384809868,-0.000905152091945638,-0.00022092342391033526,0.04351463103375863,21493,632000000,6.84,0,2,4
-1.8910921004649763,-0.5112802277408883,5.0,-3.489122415153414,-1.6638452081106596,4.954628968387315,-0.21599566462350944,0.0014398094221295945,0.0014701822262711182,-0.9763921539918772,-0.15720454293019442,-0.13276348795638168,-0.0005624888625335694,-0.0007149555642627092,-0.00020554860782340256,0.04356950412329752,21493,927000000,7.47,0,2,4
-1.8722922556511628,-0.341884124577298,5.0,-3.4378775243291173,-1.6484753550884383,4.954714884569728,-0.21048508097499846,0.001425002857276457,0.001563223540202095,-0.9775947812800394,-0.1520626703370201,-0.1386545570149408,-0.00042335175045745045,-0.0005540071299492411,-0.00016764055175144676,0.04329451949161012,21494,221000000,8.21,0,2,4
-1.8678856084453814,-0.256601775764857,5.0,-3.3836135012156867,-1.6291302819743485,4.954853477852446,-0.2045655877576935,0.0014093598736380215,0.0016483162225106457,-0.9788504569461702,-0.14603218267104168,-0.14514095621938794,-0.0002495632796370364,-0.0005938310948749859,-0.0001724727184182484,0.04300723594496958,21494,429000000,8.81,0,2,4
-1.866851289671012,-0.17110400235464246,5.0,-3.322953508522628,-1.6031569158945995,4.955100018058934,-0.19788183014993516,0.001384879739420428,0.0017433232334661255,-0.980223354255918,-0.13862029283636232,-0.15313455944049584,2.6030744279523087e-05,-0.00043108758234211564,-0.00018460562642985678,0.04202617747068871,21494,677000000,9.57,0,2,4
-1.875,-5.204748896376251e-16,5.0,-3.2821619072440655,-1.5830204477804781,4.955321544974508,-0.19338882999069185,0.0013662993375819694,0.0017960443577541146,-0.9811195991751547,-0.13383360927484875,-0.157884584102052,0.00016983463747795486,-0.0004698731373764531,-0.00018065075693129984,0.0411082073696889,21494,921000000,10.41,0,2,4
-1.8842200513874472,0.08533146576184128,5.0,-3.242202354052106,-1.56117345035422,4.955562299129003,-0.18907699400770556,0.0013454506966753678,0.0018583024931125495,-0.9819595851211378,-0.12851782755555294,-0.16239553913724744,0.00018691338849536818,-0.0004426942012969448,-0.0002245662216182609,0.03902091448253486,21495,111000000,10.97,0,2,4
-1.896886127103417,0.170329203690781,5.0,-3.189344152525961,-1.5284299925675615,4.955905920101061,-0.1835501743040075,0.0013135559735054244,0.001936578017674186,-0.9830075573205193,-0.11977922127186169,-0.16944243387015612,0.00026167053220552215,-0.0005186192765904707,-0.0002552610993689086,0.03565321312635206,21495,327000000,11.62,0,2,4
-1.9130028030815405,0.2548508388341953,5.0,-3.145193522176109,-1.497327134565934,4.956245702387671,-0.17917132419245924,0.001279727477075228,0.0020033299349576017,-0.9838150159221379,-0.11240759513786339,-0.17494396695559197,0.0004438531588707947,-0.0002357477029590882,-0.0003054388287182519,0.03270957422500942,21495,588000000,12.22,0,2,4
-1.9555767527187298,0.4218884164988501,5.0,-3.109085758849688,-1.4691805506757487,4.956584559230754,-0.17577193394702523,0.00124110362804334,0.0020356276731995056,-0.9844280284095344,-0.10618917525342905,-0.17916311106962138,0.000668173336548791,-0.00017510722187807914,-0.0003335371303592183,0.030308359237096738,21495,830000000,12.79,0,2,4
-1.982013212405946,0.5041124131538817,5.0,-3.071064307799078,-1.4367398994233078,4.957006839107497,-0.1724156791064021,0.0011990268584086308,0.0020676306408599254,-0.9850213809031781,-0.09889002222589857,-0.18339982899591004,0.0008513446208833347,-0.00029856691696750204,-0.0003408646989555564,0.026324454302084632,21496,46000000,13.23,0,2,4
-2.011858355112553,0.5852769001628508,5.0,-3.0346763424340883,-1.4023483355546167,4.957456163558665,-0.169601713127368,0.0011560029401221999,0.0021158096545000568,-0.9855097391253778,-0.09044380050029095,-0.18834087875682923,0.0009203286458302122,-0.000423789430215038,-0.00039327705110281386,0.021553225451498292,21496,291000000,13.69,0,2,4
-2.0450859243716706,0.6652337611022429,5.0,-3.002849265498292,-1.3690997060377939,4.957898125695062,-0.16752259719468793,0.0011130310330679945,0.0021696436715415005,-0.985865220624708,-0.08245268091368388,-0.19260921009471998,0.0010554822985960454,-0.00024876384827621223,-0.0004462815951455923,0.0171333784237504,21496,541000000,14.09,0,2,4
-2.081663092373604,0.7438344969402783,5.0,-2.96986783661192,-1.3310626948230602,4.958399440014457,-0.16582101051277714,0.0010556570762545463,0.002200262874734873,-0.9861528466236564,-0.0734296250560921,-0.1968154016162331,0.0010991546015142362,-1.1266126209719118e-05,-0.0005068962025234214,0.011884033210662892,21496,782000000,14.41,0,2,4
-2.1647013819922893,0.8963733779731449,5.0,-2.9337027937630022,-1.2845709563762266,4.959018387818022,-0.164619647025455,0.0009796765755337607,0.002211792670778003,-0.9863541554736834,-0.0629102953545028,-0.201068445476194,0.001269634315367008,1.1042306180542028e-05,-0.0005226618441156461,0.005598336110779201,21497,79000000,14.83,0,2,4
-2.2110630161493177,0.9700151894744863,5.0,-2.90222339781015,-1.2396332667603955,4.959630817648358,-0.1641672411870182,0.0009239595615516511,0.0022049199273353618,-0.986429623210843,-0.05803645038344635,-0.20373283456322908,0.0014023450898455205,0.0006915127755746653,0.00018205087002343134,0.003914277885996853,21497,391000000,14.96,0,2,4
-2.2605751003508394,1.0417088213510084,5.0,-2.8603028521502867,-1.1853003726925013,4.960415886118249,-0.16237780529389467,0.0010893597806077354,0.002047442065378609,-0.9867259344033656,-0.09076103947896992,-0.2002799815577252,0.001395296994327619,0.0010072684403894527,0.0021368736270233057,0.02825452229444636,21497,611000000,15.13,0,2,4
-2.368774814152509,1.178669013360757,5.0,-2.7998676241288103,-1.1352862045365655,4.961183646343851,-0.15512838810247437,0.0014641815861316067,0.0018579645686304647,-0.987891485611994,-0.15542249963812027,-0.1900113358112104,0.0008221889998471542,0.0004931310741085326,0.0025336100634376635,0.057045480207307264,21497,841000000,15.46,0,2,4
-2.4886778147590656,1.3061054713914066,5.0,-2.7310234026339546,-1.098630955074386,4.961692445737946,-0.14588417931439335,0.0017804057655021806,0.0017266388875994004,-0.9892985672178182,-0.1987273164662689,-0.18133725354286379,0.00035427930975954786,0.0010711980849009706,0.0020058762856933754,0.058776111836778,21498,122000000,16.48,0,2,4
-2.5527921950528976,1.365902474300486,5.0,-2.6722476883070487,-1.0708858896331286,4.962126918161222,-0.13966456313863834,0.0019378872595763555,0.001624376661380064,-0.9901956452119571,-0.19509173334270952,-0.180903489336142,0.0005472214997322255,-0.0003821521659119753,0.00031146276171512,0.04011369419458788,21498,396000000,17.38,0,2,4
-2.6195470520451885,1.422904040504092,5.0,-2.6247180816369267,-1.042052324299377,4.962539305273047,-0.13698974807787162,0.0018181932407972188,0.0017062287113727116,-0.9905693271439837,-0.15143325957240364,-0.18911181899334234,0.0006633716665705603,-0.00046444755810171046,-0.0019696149365699966,0.014719289447384654,21498,611000000,18.03,0,2,4
-2.760531064952948,1.527996403481804,5.0,-2.5828895288558242,-1.0054746853581602,4.962999589263083,-0.13594512704074246,0.0015429718694788385,0.0017908648156710564,-0.9907135481434067,-0.10491269709876883,-0.19796059520951542,0.0008707457956074102,-0.0003464490930582542,-0.0025082211095650564,0.004008798759969068,21498,850000000,18.4,0,2,4
-2.8345189744435983,1.5758343755192035,5.0,-2.5506497623345017,-0.9641543485612795,4.963441602189226,-0.1360692065513916,0.0012542946659573615,0.0018703349202621098,-0.9906967748108659,-0.06333823293937829,-0.20552270108268847,0.0008131578168654667,-0.00032011540440635144,-0.002371009418311587,-0.007197850345619372,21499,88000000,18.37,0,2,4
-2.9106650052939886,1.6203720311424952,5.0,-2.525583575549531,-0.9146920579653317,4.963884295711642,-0.1381079873269183,0.000982192582689354,0.0019558913359758612,-0.990414758383234,-0.02145684840979422,-0.21224902320689004,0.0007376772112211185,-0.0006497951176243077,-0.0020786975937880925,-0.02463676191837294,21499,316000000,18.33,0,2,4
-2.988831197316232,1.6614941024508862,5.0,-2.512590412398978,-0.8738575178480437,4.964206451360767,-0.14123274686368115,0.0007991442047297994,0.0020437438117751503,-0.9899739873820479,0.007414542323762404,-0.21571120885089617,0.0006531492723559081,-0.0005953107802270097,-0.001926672689478437,-0.03712240468303207,21499,562000000,18.09,0,2,4
-3.150638659555576,1.7330566388201085,5.0,-2.503369434765398,-0.822271607034218,4.964541751474434,-0.146763226139473,0.0005950206192463688,0.002142241674027561,-0.989169152473027,0.039360933281573085,-0.21774370279490496,0.0002947754192910312,-0.0006897816888340458,-0.0018950417711494083,-0.054283870485960506,21499,838000000,17.74,0,2,4
-3.2339708880394786,1.7632939770863434,5.0,-2.5003566159549853,-0.7684609819070367,4.964788992810641,-0.1540658434718699,0.0003986552719842869,0.0022546640451829875,-0.9880579302041549,0.06841329532814108,-0.21756950651073473,-0.00015088799671931436,-0.0007794464863764006,-0.0018617046407598536,-0.06776457303203642,21500,84000000,17.12,0,2,4
-3.3187055415643685,1.7897102728947218,5.0,-2.5044815499324082,-0.6986566062475662,4.964950995606238,-0.16519564810475312,0.0001784842826018328,0.0024022699420175944,-0.9862578745387724,0.10231860993010004,-0.21483232009817116,-0.000864009288028081,-0.0006645189785103867,-0.0017332516335955006,-0.08114220254356042,21500,417000000,16.32,0,2,4
-3.4916961567944793,1.8307449857865232,5.0,-2.5140946713569963,-0.6365027999373469,4.964923549496697,-0.17599674515206032,2.8492117429728455e-06,0.002494974926465724,-0.9843875866689293,0.12456986410343714,-0.2100008696683425,-0.001465393839984276,0.00014942424542141453,-0.001601731071332324,-0.08524739532731473,21500,761000000,14.99,0,2,4
-3.5795948573113288,1.8452142872850619,5.0,-2.529311480479747,-0.5561611769335465,4.964781320507054,-0.18904488709763212,-0.00020596909817266777,0.002422561502185193,-0.9819654369858147,0.1121375078947899,-0.196519876404668,-0.001337726879139623,0.0015708377986811684,-0.0007143208506477094,-0.05688000346708577,21501,43000000,13.91,0,2,4
-3.668181996765292,1.8555650925605742,5.0,-2.532880752871068,-0.5088403995413795,4.965152894895381,-0.19392313146687462,-0.00026251827301418374,0.0022501190352756037,-0.9810141115858448,0.08161542677355182,-0.19955314513636283,0.009709093595595544,0.0029985269975441042,0.0004168454921682496,-0.03433122801652644,21501,296000000,12.47,0,2,4
-3.8466503177757674,1.863701659322577,5.0,-2.5250832632387374,-0.4506326766377701,4.973477817058585,-0.19651677104197168,-0.0001552354172305217,0.0015567387607957443,-0.9804992152804779,0.03842972562519515,-0.23422377548718246,0.049892144594003714,0.006843479422968812,0.002571699883446854,-0.011847270070575178,21501,512000000,11.93,0,2,4
-3.9361346148648746,1.8614047014503705,5.0,-2.5051724303296963,-0.38906232940179136,4.9912852492315185,-0.1974798854496162,-3.35482304154676e-05,0.00042463512333611587,-0.9803068465548603,0.006863476819899211,-0.2595502407778242,0.08382254835182158,0.009615736416890286,0.0025313484457001323,-0.004914317651127931,21501,740000000,11.62,0,2,4
-4.025514319678319,1.8548245252560556,5.0,-2.477014663750941,-0.32498198899466907,5.017002633921234,-0.1978736641638254,-2.439378076493084e-05,-0.0010054823593652804,-0.9802270152574606,-0.013345998777616866,-0.27691911966003135,0.11229539562998851,0.012152565705036977,0.0021321108306437964,0.000831295642456098,21501,996000000,11.59,0,2,4
-4.203124951564095,1.8287537434143732,5.0,-2.4488889718123055,-0.26928836345237656,5.043878421256076,-0.19725731115130163,-7.527402699083487e-05,-0.002417481340719652,-0.9803487661618933,-0.02529851183037733,-0.28694557891558803,0.13241066923223258,0.013302206116350135,0.0019818406599370064,0.009793471690500155,21502,233000000,11.33,0,2,4
-4.290931179713607,1.809258217798236,5.0,-2.412385838440629,-0.2024282818242612,5.080472917200325,-0.1952775220815084,-0.00015819233407202453,-0.004197543041925326,-0.9807390300060983,-0.034958747660057146,-0.29273609636569925,0.15127722461216023,0.01382400159855024,0.0019552483081497485,0.019532974329194985,21502,445000000,11.33,0,2,4
-4.3777843609793425,1.7854702396286055,5.0,-2.377234899506405,-0.14029741972715373,5.117833638166439,-0.19282562414724175,-0.00026809834746289226,-0.0058037447300702955,-0.9812158393251766,-0.03266080450545996,-0.2945620882174693,0.1644840554142353,0.01252134534297511,-0.00012613398246985597,0.013735161246586358,21502,686000000,11.46,0,2,4
-4.463467114098955,1.757414147020783,5.0,-2.3564797065544587,-0.09730928119556342,5.144104446296656,-0.19278368559908848,-0.0006162306807850726,-0.006711948238929686,-0.9812181309868961,-0.006904940254739277,-0.29666880652902095,0.1707401582073192,0.011566626653802814,-0.003071320224989904,-0.008466083090752363,21502,940000000,11.64,0,2,4
-4.54776098223119,1.7251254755365253,5.0,-2.3362633527096364,-0.027377408942657354,5.184498162,-0.19777810170351312,-0.001512078258061668,-0.007736772315898151,-0.9802151184612631,0.07410119111176038,-0.30046673669397606,0.17356322398137472,0.008702451214048779,-0.00627748836450337,-0.07057189141050912,21503,218000000,11.57,0,2,4
-4.630446991838981,1.6886511897017635,5.0,-2.3333369836692106,0.057234259522794706,5.228253005431716,-0.2090719376185018,-0.002427177367914376,-0.008534823210630288,-0.9778600055750482,0.1586468061497541,-0.2984124689389395,0.1725876440358853,0.005905932403038605,-0.002972497213704628,-0.10098503698827699,21503,487000000,10.88,0,2,4
-4.790120476949589,1.6033919925910052,5.0,-2.3453230973917636,0.1417132047810814,5.2681512991862265,-0.22173271775897746,-0.0027546951588255496,-0.009061885988398773,-0.9750614830625466,0.223512699839707,-0.29125574013436084,0.170005464158802,0.004766017855217797,0.001506685134700092,-0.11293324350845069,21503,822000000,9.46,0,2,4
-4.866672780420349,1.5547598823221744,5.0,-2.3685700803961147,0.23052141612945637,5.307063471232313,-0.23527377932342092,-0.0025432194978439178,-0.009565426759429325,-0.9718787390453449,0.27553224833212087,-0.27839702639224445,0.16482918250473508,0.003420632037887117,0.005636997866531601,-0.1183712956844829,21504,58000000,8.0,0,2,4
-4.940748158433628,1.502248032917247,5.0,-2.4010133438445016,0.3217586087939724,5.344373409777799,-0.24929902848001373,-0.0019201240315032085,-0.009995670577220105,-0.9683730655549733,0.3168814798156758,-0.2590709211583981,0.15724886714342876,0.0014492128229903756,0.008115528544294648,-0.12179996047052555,21504,311000000,6.21,0,2,4
-5.012134241778318,1.4459630965622292,5.0,-2.44453915460714,0.4215238244125021,5.382483882450438,-0.2646742992790507,-0.0010172249533653387,-0.010256901181286023,-0.9642827783034886,0.3512831709251426,-0.23484071812329477,0.14783358448478662,-0.0007139094236663368,0.008536602763342671,-0.12139140089857392,21504,571000000,4.47,0,2,4
-5.146006284404249,1.3225617551199518,5.0,-2.5031918212578494,0.5363701470544138,5.423245577639863,-0.2816852127494645,3.243163628787425e-05,-0.010327845439251334,-0.9594512887453228,0.3779443771984722,-0.20596320250744746,0.13678254704943343,-0.0016370438743251725,0.007548874373242143,-0.10989175425493158,21504,834000000,2.67,0,2,4
-5.20808687451648,1.2557198547530424,5.0,-2.583730764595854,0.6778730142746622,5.470464733381678,-0.29870314069538934,0.0011341158301477403,-0.010461819870966884,-0.9542880581066608,0.3776366109998924,-0.17376334127499946,0.12598153979669802,-0.0005857437429312995,0.006001844394631917,-0.0714724199497141,21505,60000000,0.52,0,2,4
-5.321563693507126,1.112531192373411,5.0,-2.653301319268296,0.7961519861957032,5.509888107522816,-0.30799915504957515,0.001885218671700827,-0.01064246739426513,-0.9513252358300339,0.3492791804448608,-0.15386330393316347,0.11985395356042465,0.0001273342526530996,0.004935893139190739,-0.03869756474159658,21505,306000000,1.72,0,2,4
-5.419572782380206,0.9578462118343007,5.0,-2.719126850163478,0.914012901662591,5.552043390389293,-0.31211219673670176,0.0025689452389434696,-0.011010061900674814,-0.9499779764318186,0.2901316747490049,-0.13853071923246685,0.11463019326930077,0.0014027173051545105,0.0039720720906188944,-0.0062073220306047006,21505,543000000,2.9,0,2,4
-5.500758386356226,0.7932405157210881,5.0,-2.761283914695824,0.9987683567285331,5.586057939867643,-0.31173853513603417,0.0029749032974992883,-0.011325389957068091,-0.9500957694905972,0.23367613266119008,-0.12704031439489677,0.10920199905139547,0.0009524719075670873,0.002383301307418151,0.01088429144147085,21505,720000000,3.7,0,2,4
-5.53465865806953,0.7077590007991627,5.0,-2.7928890373742026,1.0734172440473082,5.620169111581714,-0.3089893403270094,0.003187111562159544,-0.011506851317101944,-0.9509905479324892,0.17454473400362142,-0.11295191848431807,0.10105693227447661,0.0006893149475217797,0.0005342661154372763,0.022403282673622016,21505,935000000,3.88,0,2,4
-5.588398770606261,0.5316148469865358,5.0,-2.811633843208168,1.1294652516040098,5.649738147010785,-0.30510038003330586,0.003166484727606709,-0.011501406438094795,-0.9522454773470692,0.12515391818493687,-0.099055182088981,0.09172781542699883,-0.0002192588993921163,-0.0010810068033606512,0.027718553428712767,21506,221000000,3.82,0,2,4
-5.62262998000515,0.3502455538454226,5.0,-2.8206627977686156,1.1682988517306354,5.6732256742945495,-0.30123698902614565,0.003011970777757885,-0.011376526497601114,-0.9534766799032606,0.08715626531720898,-0.08631269525540922,0.08247537572153271,0.00024737025086096764,-0.0019243656197431847,0.029593315048259683,21506,461000000,3.6,0,2,4
-5.6321932367033956,0.25826631228190566,5.0,-2.8237026867422896,1.194201119588121,5.69133303165005,-0.29781979375840967,0.002807170633539669,-0.01128125409747216,-0.9545513205400329,0.05628388228755334,-0.07326561494895015,0.07353421821132321,-2.4076897808811282e-05,-0.0024901470396798686,0.029343259484448936,21506,683000000,3.36,0,2,4
-5.635866735777037,0.07311821098866865,5.0,-2.8224778681056497,1.2156109499605465,5.7097656231068425,-0.29409160707553283,0.002444515436974014,-0.011103524503038014,-0.9557096121393878,0.02708788137551128,-0.05541952908499577,0.06183674599477518,-0.0001912177069129939,-0.00436851883023337,0.02514564257580787,21506,934000000,3.14,0,2,4
-5.629883710449162,-0.01947024428380043,5.0,-2.8204645305122114,1.227322981482364,5.722040562864081,-0.2916595432827427,0.0019483079169206208,-0.010888171326357922,-0.956458238834049,0.021810471843120054,-0.041128253620078756,0.05261236799392384,0.000126663585220399,-0.006034547050148831,0.0211419033803395,21507,202000000,2.91,0,2,4
-5.60216778806488,-0.2031831166393795,5.0,-2.823923596768293,1.2382445223233904,5.732294267440932,-0.28973501756311437,0.0011697883019208622,-0.010656925023803273,-0.9570468542041541,0.058341660211757886,-0.0231871690654221,0.0431160316760124,6.640707823635239e-05,-0.008206684105971362,0.016585852063144557,21507,484000000,2.77,0,2,4
-5.5804423759517086,-0.2936973719598432,5.0,-2.842263165318921,1.2543192251762008,5.741681882416304,-0.2876753609190373,0.0001779027466906457,-0.010339977031012887,-0.9576721463766775,0.12213065126095213,-0.0015570993668032169,0.031572408083019615,-0.00025665846123956726,-0.007566433077954571,0.017013802607834805,21507,874000000,2.68,0,2,4
-5.553506907881683,-0.38290506286009296,5.0,-2.8669659009601443,1.2691009556182873,5.747007115951964,-0.2859489883696046,-0.00044310982392416903,-0.010112143055985132,-0.9581913818579767,0.16185716948132972,0.01363464738630187,0.02357113741997017,-0.0005582172491358506,-0.006040997959644301,0.019329553106217645,21508,222000000,2.59,0,2,4
-5.5214107162752395,-0.47049514599288356,5.0,-2.9100116396027693,1.2901880681890778,5.751741554422504,-0.2828356114082602,-0.000985629834726498,-0.009852057010015942,-0.9591172933618786,0.2002032930653837,0.030286080133541015,0.01416181607458331,-0.0005938164008512103,-0.0036382058169692755,0.0315197539748624,21508,575000000,2.49,0,2,4
-5.442028892397166,-0.6395771442850378,5.0,-2.9704164779822135,1.3153608669503267,5.754580571526119,-0.2772060413788041,-0.0012521145961651558,-0.009642679242309143,-0.9607612927096724,0.22126105801239268,0.04376771408182075,0.00539561129615304,-0.001357122323497606,-0.0014542561643793306,0.04424253820616286,21508,897000000,2.23,0,2,4
-5.394938289305385,-0.7204492827602554,5.0,-3.029696057848707,1.3361921990706214,5.7552174038884205,-0.27099217940818776,-0.0012621174922635252,-0.009438485089930405,-0.9625344465307428,0.2080017926401212,0.052573336240102075,-0.0009586770245530162,-0.0016238673651969293,-0.00031237213988788426,0.04542187707556877,21509,246000000,1.7,0,2,4
-5.286593714276308,-0.8733278962592992,5.0,-3.0858449671219055,1.3501208449179884,5.754229420832891,-0.2648625736985881,-0.0011365987286996405,-0.009237344441449146,-0.9642412543885268,0.15352758427162466,0.060665473862108375,-0.0065416208049363335,-0.001478035039781389,0.0003214169822740587,0.0360421650839271,21509,577000000,1.15,0,2,4
-5.2256540989155775,-0.9447371485293901,5.0,-3.1253040713666036,1.3507665342421398,5.751720631765039,-0.26063239378911596,-0.000985013846463217,-0.009081400229144195,-0.9653949001446793,0.07440576724111414,0.06883243606504394,-0.011721924005070555,-0.0010207043487753253,0.0005645792100494873,0.019942031758546364,21509,843000000,0.81,0,2,4
-5.091176207556139,-1.076053313764426,5.0,-3.141249288168721,1.3415833820699388,5.7489863553928915,-0.25919634286333204,-0.000879681744795237,-0.009011182590096433,-0.9657822117820506,0.012982645240486684,0.07538962347214036,-0.015325948890781158,-0.0004853662346704368,0.0005737909361869242,0.006277096417761641,21510,88000000,0.83,0,2,4
-5.018071913829636,-1.1354094319985468,5.0,-3.1465532344806557,1.322555313035287,5.745142044242108,-0.2600201757706144,-0.0008466754681863151,-0.008983277657170604,-0.9655610245113482,-0.05065602567727563,0.08294369819663001,-0.01946252169587936,-0.00023760424028296256,-6.720517333747011e-05,-0.020243374092387967,21510,371000000,0.86,0,2,4
-4.941379274201433,-1.1902148176291472,5.0,-3.139077001484839,1.2918940816313225,5.7399764207752515,-0.2646012843365154,-0.0009355488454426599,-0.008933954242958174,-0.9643160630920803,-0.11063487454015508,0.08965203724036491,-0.023274629111261352,-0.00045718884393863846,-0.000539748975825205,-0.04728493186121341,21510,587000000,0.73,0,2,4
-4.778308691455196,-1.2852010857470126,5.0,-3.1213664623085022,1.2510827446061588,5.733743361472003,-0.27170433587237136,-0.0010339836580607982,-0.008814429719536249,-0.9623398519102633,-0.13530772407691366,0.0927228251344473,-0.024602671259695418,-0.0017000504044517584,-0.00038566891760183353,-0.05146575967955869,21510,819000000,0.55,0,2,4
-4.692516355220243,-1.3249324879979623,5.0,-3.107113311496705,1.2158212644524244,5.72838254131371,-0.2771837915831589,-0.0010854062003560756,-0.008596342910912831,-0.9607778465730368,-0.1156783740390348,0.0931104723654472,-0.023829128719286913,-0.002481278693267086,-0.001191752312479366,-0.04393717317725532,21511,52000000,1.09,0,2,4
-4.604305579587888,-1.3592170601044367,5.0,-3.1007536748189155,1.1852828420772594,5.723328681093067,-0.28182482433250955,-0.0013221232525666964,-0.008220383526317345,-0.9594297502551895,-0.0689206146054088,0.09248772193445721,-0.021902132086078274,-0.0028405625471350504,-0.00325155085647566,-0.03879892137774732,21511,278000000,1.69,0,2,4
-4.421985826607609,-1.4107388887183527,5.0,-3.1018222947692693,1.166139891057327,5.719822610148085,-0.28518350689600597,-0.0015931321610462086,-0.007890387115391917,-0.9584391327129658,-0.03910288656662364,0.09195748216674239,-0.020373337403093657,-0.00251395310897351,-0.0037740953757747775,-0.038903481618035585,21511,528000000,2.23,0,2,4
-4.328593055717535,-1.4276734933920339,5.0,-3.1103620281631295,1.1431885441849146,5.715210591021688,-0.2897747088685847,-0.001979330626077787,-0.007448628901345643,-0.9570638527694428,-0.007064656506462745,0.09089101890459209,-0.018187576710997917,-0.0023323761524807196,-0.0030587664923587,-0.03339831164339557,21511,814000000,2.63,0,2,4
-4.234212049709711,-1.4385586417559681,5.0,-3.1219190985856327,1.1270052241091202,5.711682517667728,-0.2928915545505852,-0.0022014247247914244,-0.007139287133022963,-0.956116479086808,0.010504390926572883,0.08936318892820731,-0.01671695182087795,-0.0017904937294588308,-0.0020437525563465897,-0.026179037013207562,21512,103000000,3.18,0,2,4
-4.13923338756614,-1.4432997137763375,5.0,-3.1359707261469283,1.1129945978186253,5.708450395147814,-0.2952225405756884,-0.002326883886820687,-0.006913937304619387,-0.9554006670598262,0.02230773665172025,0.08738674824885821,-0.015372514199469348,-0.0018059608805742755,-0.001113050473122712,-0.018992102195625193,21512,410000000,3.57,0,2,4
-4.044058244565728,-1.4418270080303621,5.0,-3.1528364573928473,1.0995570047684222,5.705234464208335,-0.2969149465417411,-0.0023442244123993345,-0.006683594458433988,-0.9548776616389842,0.02916432735742443,0.08406016422368755,-0.013992507868199559,-0.0014997636753832921,-0.00019500591150745095,-0.011469552009657491,21512,708000000,3.86,0,2,4
-3.8547670261357823,-1.4200928255936496,5.0,-3.170126085938787,1.0875340511541842,5.702316806513074,-0.2979294393210622,-0.0022888777457930986,-0.006525685152689699,-0.9545628453160065,0.03180308145364902,0.07994898173516267,-0.012736827330729955,-0.0015494313856834196,0.000312961697090941,-0.00692836265443475,21512,925000000,4.09,0,2,4
-3.761492128384366,-1.399826416087859,5.0,-3.1856029048838006,1.077423346387773,5.699866913873908,-0.298520340418807,-0.002198672380077713,-0.006379237872403489,-0.954379420105113,0.030956643297072022,0.07538981052907913,-0.011741371429476078,-0.0017827515193857835,0.000493747194241223,-0.0050263709908904275,21513,178000000,4.24,0,2,4
-3.669699527147076,-1.3733382131263714,5.0,-3.1973700600341757,1.0696208245177106,5.698006392990992,-0.29896333366776234,-0.002108145347051363,-0.006240499911686422,-0.9542418650459148,0.027313520944224883,0.07051305659010328,-0.010953384884229372,-0.001668574407176493,0.0005469615928177518,-0.005248745401331689,21513,429000000,4.34,0,2,4
-3.5798184980862184,-1.340698514002861,5.0,-3.214273169188606,1.0573676668644492,5.695180470550096,-0.29978715863944616,-0.0019533681201749434,-0.00602281815571756,-0.9539850992176647,0.018495975608652994,0.06083954259475275,-0.009641886433226162,-0.001655660400956549,0.0006135328760592529,-0.006086561916163191,21513,714000000,4.43,0,2,4
-3.4075055759769564,-1.2573982493631848,5.0,-3.2265672087905117,1.046676414051032,5.69284242686885,-0.3006340184967314,-0.001816383373613984,-0.005841104704944617,-0.9537199637051605,0.009899217614342187,0.05203671776883807,-0.008507174756003152,-0.00150907914076015,0.0005098895769606315,-0.00670121062285034,21513,936000000,4.6,0,2,4
-3.3259230456575875,-1.2070321079509267,5.0,-3.234958529449204,1.0373238370185907,5.6909140998027175,-0.30151090472467634,-0.0017118372667492723,-0.00567728536044208,-0.9534442890783997,0.0017004769357177225,0.0436552514168913,-0.007524162324265648,-0.0017348305732411973,0.00034990277697488636,-0.0076566612733586226,21514,197000000,4.79,0,2,4
-3.247946282581665,-1.151103907610978,5.0,-3.239507482527536,1.0283240405519842,5.689184059303717,-0.3026739050554194,-0.001606264503640291,-0.0054777121530749755,-0.9530770807140496,-0.02483703517933738,0.032678726900518186,-0.007085116435216493,-0.001973752455342037,0.0008201505011129484,-0.015370639994216617,21514,379000000,4.99,0,2,4
-3.104424524471549,-1.0234962470043503,5.0,-3.2301370646293877,1.0133892538473082,5.687274320177187,-0.305548810627672,-0.0013808425726480372,-0.005303874034519542,-0.9521606411304924,-0.09907392020142487,0.01935084462521369,-0.008464619797503684,-0.001636422973660956,0.0016356313153664814,-0.028457295957196038,21514,623000000,5.22,0,2,4
-3.0396553185209894,-0.9523625059581973,5.0,-3.2024401339274253,0.9895200886615649,5.684797694226208,-0.30941704894115046,-0.0011305037845688016,-0.005165402642336137,-0.9509117363884436,-0.17526931612786512,0.004566392155988403,-0.010866223646245782,-0.0020351943476271117,0.0016037623140618962,-0.0313194210320944,21514,855000000,5.64,0,2,4
-2.9259191094683263,-0.7970297927898848,5.0,-3.15116114800207,0.9535999539784448,5.68134691486073,-0.31345816872013965,-0.0008593851325921472,-0.0049404343645751796,-0.949588768903729,-0.22561572068583452,-0.013020006239665496,-0.011668479833670978,-0.0021566741224887664,0.0009825999654822226,-0.02320272851648042,21515,68000000,6.11,0,2,4
-2.87762075564036,-0.7135578685927886,5.0,-3.1005770381575,0.922142612246286,5.678552424240612,-0.3158177806212835,-0.0007331375730165947,-0.004715939513755776,-0.9488078582448863,-0.2219177860147122,-0.024952069423311046,-0.009879901662991046,-0.0018822887795977294,-0.0006351011109018145,-0.014881912466080394,21515,312000000,6.56,0,2,4
-2.835442685871385,-0.6267475664967088,5.0,-3.060207489273011,0.8999501137097977,5.6766708951414,-0.3170435953409874,-0.0008470132926300716,-0.004480922813706611,-0.9484000013456768,-0.19396975913734005,-0.033551401598413876,-0.007389847059136983,-0.0017296872783845174,-0.002302436882928305,-0.009412111739948159,21515,542000000,6.79,0,2,4
-2.7705084874816763,-0.44486725058763915,5.0,-3.0241733547400855,0.883183241508665,5.675337768210051,-0.31773019059097907,-0.0011201180658060252,-0.004195011421539624,-0.9481712256769406,-0.16152898293345713,-0.04161577653294293,-0.0045858200236182645,-0.0015111309267012984,-0.00355511151610699,-0.00420964815930347,21515,762000000,6.9,0,2,4
-2.7482075264478603,-0.350735802504131,5.0,-2.9924525579822534,0.8718732871196297,5.674529333008489,-0.3178930428556104,-0.0014434018321509388,-0.003928101258244652,-0.94811734501361,-0.1325714332683428,-0.04992089402185029,-0.0021927539557477097,-0.0015560911720058357,-0.0034046307064272696,0.0007941975241010368,21515,957000000,6.95,0,2,4
-2.732932449255116,-0.255139318509243,5.0,-2.966712491840394,0.8661526847665645,5.674195720081556,-0.3175193230316498,-0.0016853762663208967,-0.003684614062301559,-0.9482431453100917,-0.10914055470643864,-0.0588691339774545,-0.000270653808153482,-0.001396169864165131,-0.002781415400932019,0.006053783818060765,21516,236000000,6.94,0,2,4
-2.724824971108223,-0.15859900911057498,5.0,-2.9411801211239847,0.8646006250982844,5.674184743500064,-0.3165962121510311,-0.0018698550359719478,-0.003480197530461717,-0.9485521758548197,-0.08639955188447972,-0.06884672643115379,0.0012721045693242534,-0.0012041380387017853,-0.0017503359572401678,0.010820573334058281,21516,542000000,6.88,0,2,4
-2.7239885575064235,-0.06165264491862666,5.0,-2.9180988547751694,0.8676573163053807,5.674454936329239,-0.3152788902058049,-0.0019582127757001235,-0.003321686024445139,-0.9489912292509747,-0.06623478703639019,-0.07862688873728704,0.002439499229246577,-0.0011213282732569496,-0.0008957450063462602,0.013906219646742102,21516,789000000,6.76,0,2,4
-2.7443399660226797,0.1312407294709807,5.0,-2.898946117726106,0.8741496231809808,5.674886706084555,-0.31386573703694537,-0.0019784423652782776,-0.0032078446799517144,-0.9494598962634344,-0.04992424067227859,-0.08711415461344789,0.003247942716873644,-0.0009210602001985535,-0.0004150553678528013,0.015456802066182718,21517,61000000,6.61,0,2,4
-2.765526723775945,0.22605470640676142,5.0,-2.879641485246699,0.8850460017298569,5.675514605727568,-0.31215223306655104,-0.0019657094533683363,-0.0031376220676974887,-0.9500248810982114,-0.03320118224368558,-0.09640817417718187,0.003879967999058464,-0.0006640149592840316,7.782986770621392e-05,0.01705021149973618,21517,311000000,6.45,0,2,4
-2.793979435212246,0.31901512081565536,5.0,-2.860605064514844,0.901502475142796,5.676321958798381,-0.31014616869119577,-0.0018926736192397514,-0.003082297850122381,-0.9506820032338397,-0.014694347542672018,-0.10728794208667218,0.004368202336653345,-0.0006918031260738644,0.0005417183672307146,0.017874778859550133,21517,560000000,6.25,0,2,4
-2.829584670417623,0.40954603682440355,5.0,-2.8436325986975,0.9225634422406885,5.677246893849392,-0.30810447630473065,-0.0017923619731051122,-0.0030387405673945383,-0.9513459860509788,0.00252479719652635,-0.11716001953429331,0.004888576145229575,-0.0005303649857069104,0.0007284313539912546,0.017675050912657753,21517,854000000,6.03,0,2,4
-2.8721819883953725,0.497074222526359,5.0,-2.8310343531152973,0.9433419980618023,5.678102121483694,-0.3064628605900899,-0.0016933458069028043,-0.0030238212298908554,-0.9518763071765612,0.01573970613413369,-0.12442728385526444,0.005265306219517718,-0.000397453058553765,0.0008790736103492236,0.016907289318623953,21518,128000000,5.81,0,2,4
-2.977472733724384,0.6608662797593143,5.0,-2.817734589184057,0.9718133943864904,5.679182341356499,-0.30461662659672084,-0.001565932778800659,-0.0030631310943733062,-0.952468831974708,0.031365185466120174,-0.13239928293066414,0.005413241024653961,2.673821271059751e-05,0.001194651690639148,0.01536834806756815,21518,335000000,5.64,0,2,4
-3.039606333049361,0.7360326110174092,5.0,-2.8049179715794823,1.009618958532751,5.68047172469093,-0.3027456009349729,-0.0013816600188234786,-0.003114200723387688,-0.9530653145949488,0.05021585105133166,-0.1404342718862381,0.0055672708450366995,-0.000302160523801831,0.0013812265251544886,0.012344351762294536,21518,562000000,5.45,0,2,4
-3.1076127598771013,0.8060094687197145,5.0,-2.7957558073855995,1.0489886471333436,5.6816955832231635,-0.30134472631905884,-0.0011830944681497958,-0.0031327422312649403,-0.9535093822995572,0.06002315929441715,-0.14765445591103815,0.005768053255942563,-0.000552161054656608,0.0020781182911377982,0.012461811274988577,21518,787000000,5.25,0,2,4
-3.2596058602927536,0.928424885430785,5.0,-2.7853387986806375,1.086098271126657,5.6828776625807365,-0.29958662737353003,-0.0008483977802192252,-0.003159857482968649,-0.9540634927618011,0.03899786975597302,-0.15574088077754222,0.005775355984304943,-0.0017151219822153507,0.0027664160825224826,0.022249314679356758,21518,990000000,5.0,0,2,4
-3.3426608021318156,0.97995162071707,5.0,-2.763578753954141,1.1184034778930634,5.683773695311609,-0.29538741620195025,-0.0004982953741536015,-0.003036890319120352,-0.9553725992242217,-0.030875005673779904,-0.16774372535042711,0.003791962595433363,-0.0016836749296089693,0.0020002987412226503,0.04658145262510516,21519,203000000,4.86,0,2,4
-3.4297285565919866,1.0244738800151723,5.0,-2.7203396093348626,1.147944681309016,5.684204167701634,-0.2880943738391834,-0.00020430422162378268,-0.002911364764487413,-0.9575975741287159,-0.10179392789505759,-0.1782205932380592,0.0013346826464868387,-0.0010444181725688395,0.0012353657325547829,0.05964279698673636,21519,441000000,4.34,0,2,4
-3.613585460813739,1.091095804182873,5.0,-2.662397477819638,1.1708909280965516,5.684077257137376,-0.27984135428746,-2.5490271142410365e-05,-0.002872423785647266,-0.9600419600009167,-0.14290157376616383,-0.18253083000981457,1.9548278322206353e-05,0.000682102870541712,0.0007260392465013865,0.05733876496378798,21519,630000000,3.46,0,2,4
-3.7091266102495677,1.112606251616039,5.0,-2.610211731790263,1.189693775200456,5.683951791449692,-0.27398469254495533,1.0271838047773603e-05,-0.00299200111389231,-0.9617293985705491,-0.13065629149112795,-0.18047086779816318,0.0005574190775694827,0.002335656881768955,-0.0004718027781791534,0.0394973685615696,21519,847000000,2.48,0,2,4
-3.806191424908657,1.125941599827035,5.0,-2.574341685363335,1.2093082750711412,5.683958963723313,-0.2716053870198689,-0.00020048690813898344,-0.0031704381775922775,-0.9624034610643026,-0.07557545701220635,-0.17522260050233904,0.0012858582884715838,0.002339728507649852,-0.0023146912553784205,0.01451223424737691,21520,92000000,1.83,0,2,4
-4.002081165514412,1.1274980792667018,5.0,-2.548388953765544,1.2338591520808662,5.684083714508058,-0.27105674466153507,-0.0005383840431512938,-0.003322373238116858,-0.9625574856351073,-0.02163357716294398,-0.1700734643613857,0.002021937985427094,0.0022558035198017024,-0.003083588148911076,-0.0005051642062881001,21520,330000000,1.57,0,2,4
-4.099451402761684,1.1155758237290432,5.0,-2.529481035404697,1.269161755668697,5.684368031403447,-0.27189458810374023,-0.0009463070249157574,-0.003477384234224435,-0.9623202924503875,0.03743886408754214,-0.16313550422053916,0.0025786350315847905,0.0022263005575950956,-0.002455982803439838,-0.012463579241739353,21520,538000000,1.52,0,2,4
-4.195446119266206,1.0951972719395262,5.0,-2.5230577565962244,1.3063405968314261,5.684703106891104,-0.27364220063316835,-0.0012060648498923034,-0.003642632890963752,-0.9618239041871627,0.0867537246085868,-0.155472296386244,0.0027580993525702624,0.0022459135152530507,-0.0012281905355848721,-0.01935600103024626,21520,754000000,1.62,0,2,4
-4.289312315771843,1.0664536482861005,5.0,-2.525424512995302,1.3434725109938588,5.685010213364148,-0.2756727335655133,-0.0013330997131577058,-0.0038329079195397247,-0.9612429846977051,0.12636426118406033,-0.14779250684220005,0.0026252037063801215,0.002060046745100408,-0.00020456159575132915,-0.022383187024388462,21521,51000000,1.8,0,2,4
-4.467654407923079,0.984580801534397,5.0,-2.5416645783835854,1.4036244329649317,5.68543838236565,-0.278719512659692,-0.0013416914087185767,-0.004164297795416676,-0.9603625834812488,0.17513932140620442,-0.13403985439555405,0.002506060940167216,0.002127852098965377,0.001235315232861467,-0.019587027964007575,21521,311000000,2.01,0,2,4
-4.550650741557703,0.9319817652840376,5.0,-2.5706362453212734,1.467258832432031,5.685840943948246,-0.28131569238940635,-0.0012238337639045654,-0.004503520291756765,-0.9596039296248057,0.21325385283705156,-0.11942671226599391,0.0024685429012831816,0.0019392301965126535,0.001695788637334772,-0.015261999851645669,21521,561000000,2.34,0,2,4
-4.62857279409085,0.8720786905599872,5.0,-2.5988305699348886,1.515135166564949,5.686128066881069,-0.2827398482788069,-0.0011033512151448557,-0.0047441392356765396,-0.959184264859618,0.23592162975014283,-0.10830194720422717,0.002495671416811732,0.0019895133846148383,0.001795834748463676,-0.011229201572859893,21521,797000000,2.62,0,2,4
-4.766481664549914,0.7321925005821849,5.0,-2.641729455370869,1.5764593219239031,5.686516245421803,-0.28357384625476406,-0.000923285119580711,-0.005085002337034745,-0.9589364754852636,0.25712236408050637,-0.09332510609302858,0.0026994987511845666,0.0020140508240729105,0.002043941844931396,-0.0010502692020963877,21522,73000000,2.78,0,2,4
-4.825204140223434,0.6532950152558216,5.0,-2.690698952975555,1.6368931045611141,5.686949891628362,-0.28312999453548315,-0.0007253972683337181,-0.005415860244449514,-0.959065977110518,0.2658160642672733,-0.07918538180234416,0.0030051334215918063,0.0019308120499772485,0.0020492341718636453,0.008496657665091334,21522,350000000,2.87,0,2,4
-4.91937444438218,0.48078777128475003,5.0,-2.7475293521994293,1.7008118870011208,5.687568625790488,-0.28092085110453796,-0.0004838538483772775,-0.005766573502662109,-0.9597134926269368,0.2359612731971963,-0.0658085366627938,0.0032858369086523334,0.0014856147799946484,0.0018519194554755813,0.021569196724158246,21522,573000000,2.83,0,2,4
-4.979438768275345,0.2936084964698319,5.0,-2.7915939681883875,1.7518303795719332,5.688174634197165,-0.27676541494294754,-0.00024311542768984092,-0.006036866189429665,-0.9609185200801147,0.16229435730761868,-0.05539958417488087,0.002756967882542491,0.0009607955462342943,0.002033910664067662,0.031822796154301614,21522,789000000,2.62,0,2,4
-4.995785428973118,0.19656138848925678,5.0,-2.808885516193596,1.77482023109617,5.6884565287468245,-0.2734991019735544,-4.657871678535267e-05,-0.0061800381823810075,-0.9618524035308882,0.1098478625318777,-0.04834092810513187,0.002127187181786919,0.0009633982756440673,0.0020213891730236355,0.03533799899742007,21522,990000000,2.23,0,2,4
-5.002684765033148,0.09838451082574427,5.0,-2.81923366532381,1.7920391506201647,5.688624967645847,-0.2697792965415299,0.00013085826068694488,-0.006345276683034706,-0.9629012677826779,0.05586253682292536,-0.036270216260430505,0.0009678257953012701,0.0012098616593902989,0.001350668514987774,0.033688895564409904,21523,231000000,1.93,0,2,4
-4.987684824072758,-0.09764700864012206,5.0,-2.8209577496052054,1.801998841224046,5.688459436404334,-0.2659945468295466,0.00018640986011498337,-0.006511483581584716,-0.9639525231513608,-0.005087502913592722,-0.018630435285486253,-0.0013620995515364357,0.0009039213864525664,-0.00021339168796430386,0.021620074403472245,21523,441000000,1.58,0,2,4
-4.9657873146656355,-0.19359716638148772,5.0,-2.814513465799832,1.8011157699679283,5.687911131413802,-0.2641628963323808,0.00011275490958218178,-0.006583389767082744,-0.964455603160038,-0.04689904076861272,-0.004931832200159393,-0.003483252111615666,0.001231457815720205,-0.0008941041130583471,0.01224772186105838,21523,652000000,1.24,0,2,4
-4.934453042581679,-0.2868863210573869,5.0,-2.800534240036396,1.7917844740669484,5.6868072068627775,-0.26376209394527955,-6.880129274432992e-05,-0.006687819853181363,-0.964564578516957,-0.0902692203587123,0.011601514539623735,-0.006188712508282005,0.001234578382991458,-0.0014866131891722034,-0.005564030971072498,21523,945000000,1.11,0,2,4
-4.844556162327864,-0.4616612813243391,5.0,-2.778716895518606,1.7726703932359147,5.685006779766819,-0.26562099645340664,-0.00031040459939839097,-0.00676191581609136,-0.9640537673732621,-0.11435024112805951,0.028024314532361688,-0.008101555133982535,0.0006383355014349945,-0.0013923436426921398,-0.017913566080096643,21524,246000000,1.12,0,2,4
-4.786786898395479,-0.5412867784393244,5.0,-2.7642758626186925,1.7560618641862216,5.683588256297356,-0.26727509948280137,-0.00045542843518686,-0.006785369995519954,-0.9635962705072197,-0.09406290818455335,0.03931449646674666,-0.007584257374210306,0.0005550583409785759,-0.0013105616631037265,-0.016625542048132047,21524,455000000,1.38,0,2,4
-4.721166655891902,-0.6145526050955212,5.0,-2.7573205077758054,1.7412815179217391,5.682341261877015,-0.26878658158503915,-0.0007111654548971739,-0.006769570815159774,-0.9631757060445945,-0.04562230817203108,0.05030372691657821,-0.006523038133784802,0.00046273729310541967,-0.0029907444513810333,-0.015081743549671955,21524,751000000,1.58,0,2,4
-4.648340350641419,-0.6806282316581954,5.0,-2.7604227474838816,1.7273233769499021,5.681137705527014,-0.2707471224465128,-0.0011302311171155063,-0.006667174081332745,-0.9626267537599005,0.0031969672414377823,0.061541207324851646,-0.005198363816333736,6.71530706597423e-05,-0.003538432861205365,-0.017351972383039538,21525,38000000,1.76,0,2,4
-4.569047104336048,-0.7387432862955571,5.0,-2.773604729157678,1.716692690152926,5.68023817647617,-0.27260697058193795,-0.0015150524634673672,-0.0065678250602598095,-0.962101869803894,0.04090015169528681,0.0705762746942531,-0.0041567683752463305,6.732880564186416e-05,-0.0027364914558347664,-0.013252357257442782,21525,356000000,1.97,0,2,4
-4.484115384919367,-0.7881987655942971,5.0,-2.7905479680358694,1.70981415383748,5.679659641304489,-0.2733946721853708,-0.001729299751253442,-0.006515327137925625,-0.9618783255980505,0.06506889242446397,0.07636518055007238,-0.003611695067313447,8.225067418266008e-05,-0.0016827093418214645,-0.004126850672037108,21525,654000000,2.16,0,2,4
-4.301058460725572,-0.8587571270304252,5.0,-2.813788578703829,1.703794146197073,5.679158721168211,-0.2729723572242155,-0.0018327576916994013,-0.006495229219047249,-0.9619982043580386,0.08400334841478634,0.0807198462770228,-0.00307546064026771,-2.8556400444301744e-05,-0.00043606938504581194,0.010143295367015526,21525,867000000,2.23,0,2,4
-4.204974123151435,-0.8789151602050683,5.0,-2.8402487403829277,1.6988369934215606,5.678793913995904,-0.2712286154204029,-0.0018054137288351932,-0.006492690659491328,-0.9624913628840515,0.09573979384471006,0.08318370490111901,-0.0024929861707978685,-0.0003095625800142443,0.0005171465147668641,0.020668785873567685,21526,87000000,2.15,0,2,4
-4.107313790845381,-0.8885430492071804,5.0,-2.8631091846430725,1.6951739863820487,5.678586569616461,-0.2692199472966665,-0.0017106392457140454,-0.006483127266214232,-0.9630553788603233,0.09964700400540628,0.08363325235793245,-0.0020632634023076742,-0.00036591550554021524,0.0010002919793805631,0.02482033469277667,21526,356000000,1.92,0,2,4
-4.009232162892936,-0.887451980204179,5.0,-2.8888853576077502,1.6912630547113805,5.6784361631279605,-0.2666852920171608,-0.0015693887642595824,-0.006487594968234468,-0.9637605528097508,0.10053062982717642,0.08284637941626209,-0.0016359277452569845,-0.0003024168393039872,0.0013073500326754584,0.027342704561306164,21526,576000000,1.71,0,2,4
-3.9119157913707925,-0.8755804772778834,5.0,-2.9168468706280146,1.687005235732014,5.678364511969456,-0.26374516892413746,-0.0013757757018789713,-0.006453656606156984,-0.9645698229919937,0.09794704764226239,0.08038492769157247,-0.0010858663272086692,-0.0008556379270885373,0.0014484684356830257,0.02771616509562591,21526,829000000,1.36,0,2,4
-3.8165691082559876,-0.8530002098206052,5.0,-2.941330752323832,1.6831294285342575,5.6783933944855,-0.2611391865278539,-0.0012057929404639435,-0.0064110790038728336,-0.9652791147585043,0.09371746594630806,0.07721431297108179,-0.0005608551243543146,-0.0008506890310400195,0.0012645657079701778,0.026357415481470525,21527,81000000,1.02,0,2,4
-3.724399429526773,-0.81992031658865,5.0,-2.966803451603276,1.678838794137843,5.678505206614389,-0.2585429276992415,-0.0010351176724181345,-0.006353477347656723,-0.9659783208714892,0.08727225548943189,0.0729253645815968,-0.00017757983618263336,-0.001033932130667381,0.0011089637951045006,0.022890310174261685,21527,297000000,0.73,0,2,4
-3.5543388089763526,-0.7237997670733144,5.0,-2.9883300846190872,1.674933375657663,5.67865755649218,-0.2565255585463692,-0.0009021856884979555,-0.0062753420818735675,-0.9665166547738389,0.08046631016803793,0.06842595178536247,0.00011612811255770558,-0.0010422057584946742,0.0008271815659099957,0.019496309141686652,21527,486000000,0.46,0,2,4
-3.4787306928416317,-0.6618795656421455,5.0,-3.013629363663932,1.6699540400017345,5.678893198927389,-0.2544640082052618,-0.0007663242931051943,-0.00615201361828326,-0.9670623733780725,0.06985823393244373,0.060821007669462926,0.00033292145045338555,-0.0014865747175463184,0.0005337945083283557,0.013374462832871359,21527,741000000,0.29,0,2,4
-3.4108307471117234,-0.5916963676169309,5.0,-3.0381953690005354,1.6647305750415369,5.6792070212474925,-0.25300410518451144,-0.0006481673607150141,-0.005966501976924118,-0.9674465894782079,0.05583833562456727,0.050087226804890625,0.0005742629300879023,-0.0013481059795594774,0.00019976756533424123,0.00663204409647733,21527,964000000,0.23,0,2,4
-3.3019467579008337,-0.4302576799951901,5.0,-3.0536107087371454,1.6607563498166507,5.679440522075604,-0.25261256027178713,-0.0005950835531175341,-0.00583938747325892,-0.9675497102590825,0.027950605017140157,0.04229461402883529,-7.473815053712349e-05,-0.0006215723942659679,0.00039305477628204244,-0.007006443638601922,21528,171000000,0.28,0,2,4
-3.2625949715173483,-0.34115989501771693,5.0,-3.0546125784429417,1.6505905235678011,5.679127116909732,-0.25535663315318513,-0.0005029624369515015,-0.005795564903515767,-0.9668294308516396,-0.06032412073189482,0.03533614554187182,-0.0036279997878918948,-0.0006748910720943968,0.0009096824442167417,-0.03523588238749653,21528,391000000,0.31,0,2,4
-3.2341833127527586,-0.2480923246165849,5.0,-3.0332022415537527,1.6291592701882633,5.6776625609536,-0.2607387797000387,-0.0004028639755268024,-0.0057358576413950434,-0.965392265557514,-0.15710244402888407,0.025199978699944486,-0.008474470999481959,-0.0009030476633142825,0.0008095783243788901,-0.04651745730370749,21528,615000000,0.48,0,2,4
-3.211945953178299,-0.05541497349941108,5.0,-2.983827267877998,1.5934654854983725,5.674631592311853,-0.267494783909503,-0.0002934183257630612,-0.005614172975585814,-0.9635429079956399,-0.23517994543001497,0.01129286500845727,-0.0122686211071584,-0.0014313406154542463,0.0005596018809228553,-0.04507819867285434,21528,801000000,1.07,0,2,4
-3.21859354421624,0.04135457483112127,5.0,-2.919355034731797,1.5527479791382923,5.670999557438607,-0.27353882319993755,-0.0002243930375121,-0.005364902172553218,-0.9618459750265822,-0.2535308237669403,-0.004193898393190787,-0.012035656870819905,-0.002695574062272499,-0.0006603140320748935,-0.03565085862646811,21528,993000000,1.85,0,2,4
-3.267271249411667,0.22839620850894257,5.0,-2.877050154565973,1.5286206851060553,5.668929431266229,-0.27660159258122313,-0.00028701549993180933,-0.005093422530306605,-0.9609711409041175,-0.23331901349145928,-0.014189256378789658,-0.009743408155273603,-0.002537140767344681,-0.0016749970427554217,-0.02920882252510637,21529,197000000,2.53,0,2,4
-3.308679683530565,0.3157154098814325,5.0,-2.8430624840824055,1.5111403813124011,5.667516612071299,-0.27887956068064546,-0.0005088274820752208,-0.0047629440578420175,-0.9603141392758233,-0.19293653209372016,-0.022436312472613313,-0.006675668462741771,-0.0026970697717842995,-0.004181084750598529,-0.024482984917995054,21529,415000000,2.86,0,2,4
-3.36073431890886,0.39698317216108925,5.0,-2.8007959253607155,1.493811836446411,5.666307169936147,-0.2815603816574313,-0.0010742269758163277,-0.004216439453697398,-0.9595336467032614,-0.13148503554265314,-0.03495878242693514,-0.002146505134854175,-0.002295466424584447,-0.004993450193069293,-0.016100357606774196,21529,632000000,3.1,0,2,4
-3.4226475183504643,0.4708387324053992,5.0,-2.775927571430899,1.488078142788417,5.666082681594558,-0.2830305960179795,-0.001510696033919118,-0.0038556852710354608,-0.9591019409876569,-0.08964358561720578,-0.043066524554711466,0.0005720678274672484,-0.001794319894088403,-0.0042419372675794875,-0.012025281102978624,21529,831000000,3.39,0,2,4
-3.4934479233798426,0.5360142196544851,5.0,-2.7603593574640524,1.4879018271892996,5.666271484808304,-0.2838976842071844,-0.0017930342630029911,-0.003620578644360993,-0.95884606759386,-0.05908452939488997,-0.04879695310534423,0.0022881303779779807,-0.0014567243056262669,-0.003292295446044591,-0.008843553678161697,21530,75000000,3.55,0,2,4
-3.6569669959055218,0.635873106918289,5.0,-2.7476391939475757,1.4919986564709542,5.666787471089926,-0.28447815583794034,-0.001994664502352324,-0.0034585295919139407,-0.9586742088622335,-0.02753443894077081,-0.05436537275819645,0.003693531091787516,-0.0007660918925012083,-0.001691276702331379,-0.0041182804579875665,21530,378000000,3.64,0,2,4
-3.746928586755153,0.6687150811805102,5.0,-2.7383160378138993,1.5023634382191393,5.667697422125387,-0.28463542589820234,-0.00207827286662377,-0.0033689929973753276,-0.958627667549724,0.007936314999434568,-0.05984149877014737,0.0047102134520931845,-0.00028778767386938853,-0.00022052700074937093,0.0006709331387355633,21530,624000000,3.71,0,2,4
-3.840301083373493,0.6892405284284435,5.0,-2.7354427915730803,1.5152327915949237,5.668623489551048,-0.2844518884499829,-0.0020513122575660002,-0.0033544237042332347,-0.9586822534692465,0.03611356470921512,-0.06329739479393286,0.005340549237072804,-6.17994175833303e-05,0.0004867934478625102,0.0026977111019732547,21530,877000000,3.73,0,2,4
-3.93541214837569,0.6970139234065245,5.0,-2.7368285700890755,1.5315311800058835,5.669650316072684,-0.28409873858557927,-0.001981634363454564,-0.003393530575329078,-0.9587869751981231,0.06235429632157263,-0.06551079882659465,0.005684114892414922,0.0002770148327613242,0.0009447305330922973,0.004301641683923663,21531,131000000,3.71,0,2,4
-4.030518550843147,0.6918271952261162,5.0,-2.745504127159675,1.5593052408594181,5.67115764716626,-0.2833191963109081,-0.0018096847390932673,-0.0035301628663682626,-0.9590174638623756,0.09560468020521472,-0.06669822595984456,0.00583480558881026,0.0008093169753919938,0.0018012850773629907,0.006867041929581319,21531,428000000,3.67,0,2,4
-4.123837055971175,0.673713131509541,5.0,-2.758687514552105,1.5868884284817706,5.672480859135406,-0.2824756663996061,-0.0016128294344189842,-0.0036876139509389267,-0.959266020547305,0.11976452016030041,-0.06646026570939907,0.005954048227229114,0.0011156879054396995,0.0019970456833107164,0.007952565920277266,21531,727000000,3.59,0,2,4
-4.297980831351451,0.6000895134453678,5.0,-2.773282974317593,1.6119500871806969,5.673587439641776,-0.28163150177857804,-0.0014431640860504066,-0.0038534495552861392,-0.9595138172063435,0.13724286798047264,-0.06526436465824577,0.005973672564556042,0.0011097981428065395,0.0020614407503671828,0.009388026319356868,21531,927000000,3.51,0,2,4
-4.375351597002221,0.545909725712853,5.0,-2.7987410162588042,1.6493382647547206,5.675128790159997,-0.2801161184203681,-0.0011914626543816885,-0.004123804838946778,-0.959956527584192,0.15869460817623576,-0.06087032821117226,0.005988161953394017,0.0016106686871353304,0.0022727138002665015,0.01311437190452125,21532,118000000,3.43,0,2,4
-4.4441006615415,0.4814557117933096,5.0,-2.837842284338974,1.6984499707176277,5.677021230330205,-0.2775206667319898,-0.0009064535833781225,-0.004487607510628012,-0.9607087588116199,0.15593022850439325,-0.053982790183765936,0.005400559993807708,0.0014768443520551955,0.0015493200294258713,0.017027693320414983,21532,384000000,3.28,0,2,4
-4.55012454847181,0.3270519548461499,5.0,-2.8587400234245672,1.7252150801029824,5.677991597949297,-0.2756270127142329,-0.0008006420237934547,-0.004665959881412866,-0.961253003976041,0.13112480134639679,-0.05133698362413548,0.004600639329883789,0.0009602295449440135,0.0012612331829586765,0.01886582249426283,21532,602000000,3.02,0,2,4
-4.585078969668523,0.2402890951575203,5.0,-2.870887543732447,1.747026298244293,5.678707496203985,-0.27322190036638283,-0.0006178718746677738,-0.0048279327586214,-0.9619387207404674,0.05618303232627164,-0.04862838579518598,0.002629734122535555,0.0016190452470254968,0.0018937451500278257,0.02184387467423221,21532,788000000,2.83,0,2,4
-4.614873984444279,0.056887900766473605,5.0,-2.870825954506062,1.757744041447933,5.6789660263349315,-0.27109599184593186,-0.0004752356742262092,-0.005026963843419696,-0.9625390729682828,0.003559379531286406,-0.04328949344896863,0.0010475718965204902,0.0014804996453676722,0.0016835668930070824,0.022304866433842108,21532,986000000,2.58,0,2,4
-4.608955120236752,-0.03568839499673635,5.0,-2.8631919974649507,1.7623120931871714,5.678921965230179,-0.2691000925165342,-0.0003759990468861019,-0.005232495344887002,-0.9630979284708149,-0.041464651947224,-0.03597789820130083,-0.0006535613412451669,0.001616501538137527,0.0011939652040382498,0.01979109874810092,21533,227000000,2.35,0,2,4
-4.589169708118952,-0.12603691933330227,5.0,-2.841693071673258,1.7586380784771818,5.678287986745165,-0.26754851178630334,-0.00037940094828384056,-0.0054996794591425065,-0.9635286209665498,-0.09985445149897823,-0.02134785340478559,-0.003438441797752596,0.0017545842752042518,-9.84061635733724e-05,0.0035040702186961425,21533,430000000,2.13,0,2,4
-4.555934074211958,-0.21204316808162715,5.0,-2.812175336111635,1.7452980051626947,5.677117974794965,-0.2678579956044522,-0.0004756299615597992,-0.0056826872067772,-0.9634415265251,-0.1426199965176583,-0.00850698540402284,-0.005505817807787774,0.001498595122484403,-0.0005010616632716847,-0.007931708933028858,21533,631000000,1.96,0,2,4
-4.452433238747426,-0.36291068388312064,5.0,-2.7800798678090484,1.7265877367331253,5.675736092402584,-0.2693071576045758,-0.0006045417749467913,-0.005815293929528266,-0.9630365889978945,-0.1536314020838938,0.0030375755353268664,-0.006199186915711871,0.0012021532143080549,-0.001209314325478772,-0.014629895031248452,21533,919000000,2.0,0,2,4
-4.3846329938375295,-0.42404446706870175,5.0,-2.759452009328685,1.7119731615389329,5.674687840114917,-0.2706907547881192,-0.0008490823793367839,-0.0058625822937648005,-0.9626481311778463,-0.10238509827647087,0.013707651847853409,-0.00497736386228848,0.0010301221436748165,-0.00272211934770894,-0.014888955502101453,21534,151000000,2.15,0,2,4
-4.308275714869883,-0.4734882085347663,5.0,-2.745649341221178,1.695883874997227,5.673683581522789,-0.27346279439356486,-0.0013782913619168526,-0.0058428276890655365,-0.9618638478287769,-0.03753395247004393,0.02830969335749629,-0.002521794290145504,0.0005771827431999554,-0.003517247864692763,-0.02263440201204503,21534,342000000,2.3,0,2,4
-4.225299414513357,-0.5099474716281459,5.0,-2.746195748871649,1.6877074423749265,5.673398599973711,-0.2760010246624362,-0.0017653538292090295,-0.005792790424788507,-0.9611382634617338,-0.0005962227231831663,0.03675780802858067,-0.0010266183433370883,0.000595458612906441,-0.003039344483113382,-0.023820668502594344,21534,640000000,2.6,0,2,4
-4.048275596775072,-0.5403477738975248,5.0,-2.753720609249792,1.681934108172675,5.673394497428489,-0.27820237996756847,-0.002050096256012027,-0.005776098614962179,-0.9605029253315743,0.0280437608881269,0.04350711883090437,-9.642078242649735e-05,0.00040704795480905887,-0.0017739624126988929,-0.017054360432666726,21534,987000000,2.87,0,2,4
-3.9589795805588652,-0.5334250886383893,5.0,-2.767913978838287,1.6777696836334623,5.67361214540029,-0.27935577484517576,-0.0021737368584426784,-0.005774375864720783,-0.9601678408028955,0.05076348310862653,0.0484901633897513,0.000633608962360379,-0.00014580041209910632,-0.0002766690840871888,-0.004498450471146498,21535,202000000,3.11,0,2,4
-3.8724446829733865,-0.5118455734870044,5.0,-2.782872806992927,1.675549037621056,5.673918248572037,-0.2793447633933709,-0.002145252346058319,-0.005758809562137934,-0.9601712020100895,0.0626114676561326,0.05036152001561559,0.0010730008694906862,-0.00022364400251717598,0.0005277915931856114,0.0030692985774294357,21535,453000000,3.21,0,2,4
-3.7911183791804586,-0.47620212986063115,5.0,-2.8029768378992235,1.6740220868048936,5.67437905332537,-0.2784583597719891,-0.002013868510478309,-0.00575034281180755,-0.9604289769494997,0.07102437970147896,0.049895969845600754,0.001410486093301428,-0.0006054943753497355,0.0013006906783630257,0.011042747519240947,21535,657000000,3.19,0,2,4
-3.653306005244452,-0.36718969756849185,5.0,-2.8241249136453055,1.6735637473146416,5.67490548560761,-0.27687395143201815,-0.0018054580673944475,-0.005728649135814312,-0.9608874741189344,0.07530619552312043,0.04721206435325886,0.001709934278929163,-0.0008709226108294388,0.0016461608311146847,0.015562629050691612,21535,860000000,3.08,0,2,4
-3.600914859085754,-0.2970476397843563,5.0,-2.841872207891993,1.6739499723577276,5.675381561902497,-0.2752898571129703,-0.0016152157587578674,-0.005695743276773101,-0.9613430418728259,0.07690222922326977,0.04380571892519575,0.0019369346560571062,-0.001140145445788221,0.0016087824860733235,0.017005733934638556,21536,141000000,2.88,0,2,4
-3.56177707900695,-0.2192274424343797,5.0,-2.8591935123698105,1.6751529426442644,5.675893526760611,-0.27366720813837725,-0.0014076409344101581,-0.0055991094975968245,-0.9618071156471963,0.0765557639420127,0.037931310395149784,0.0022399051828041585,-0.001411463949807512,0.0015968273146427236,0.01678497083048569,21536,399000000,2.7,0,2,4
-3.537110163093061,-0.13615891042552986,5.0,-2.8789431755521457,1.677838962285303,5.676552687882313,-0.27178157311471773,-0.0011837995353294554,-0.0055010065689258805,-0.9623425139006787,0.07530075802896938,0.02975409312112943,0.0025454658049257938,-0.0014214801240086672,0.0013909533095102233,0.015931984125927556,21536,611000000,2.53,0,2,4
-3.527690969900185,-0.05048940568249943,5.0,-2.8973738697403735,1.682002581716271,5.677247655626324,-0.26999639768887684,-0.000977200199897373,-0.00538943995437007,-0.9628457530943246,0.0739658054423612,0.02121854145850378,0.002797778321966325,-0.0014768431924494507,0.0011903144923053333,0.015044476276671048,21536,839000000,2.33,0,2,4
-3.5552500057415717,0.1174625157534436,5.0,-2.913151922578856,1.6871936104942729,5.677907299221362,-0.2684505274556748,-0.0008211385686051655,-0.005273159908374073,-0.9632786895934125,0.0732607151576301,0.013320575147935762,0.0029857403010825493,-0.001260138640191144,0.0008617502771812724,0.014221170386008453,21537,118000000,2.17,0,2,4
-3.5912559407229514,0.19412507309907312,5.0,-2.929197565932664,1.6944401373197193,5.678638647419658,-0.26689559497506626,-0.000692430874483149,-0.00516239794781602,-0.9637113735812284,0.0696664815674892,0.004190502797313362,0.002985573933001917,-0.0013254519899419392,0.0004464420953809167,0.011202797759324312,21537,345000000,2.04,0,2,4
-3.640556958431398,0.26234652631188454,5.0,-2.941182495887577,1.7018857311287667,5.679232543554386,-0.266089987273001,-0.0006328656496906557,-0.0050282764230921775,-0.9639348705127004,0.03674540067083594,-0.005678841242358367,0.0017318168733251038,-0.0009578514095665014,0.0002985397600241413,0.0006650227646787243,21537,581000000,1.93,0,2,4
-3.7013829998418393,0.3197407343716797,5.0,-2.9392477755608284,1.7033841362627056,5.679246625998412,-0.266788495979047,-0.0005393694027489735,-0.00495614225862787,-0.9637422083460896,-0.03970609592086776,-0.014429143937971354,-0.0012650662967560375,-0.0006929314110948326,0.000843249461013329,-0.010815542373165954,21537,818000000,1.91,0,2,4
-3.848335497212682,0.3943401179112721,5.0,-2.9246551378926946,1.6988685372690866,5.678677409244488,-0.26796449808339023,-0.0004491047534759579,-0.004920376807980088,-0.9634161177621561,-0.10339723770340117,-0.02158946650010609,-0.004109748151837293,-0.0006281875869262876,0.0007989929031282372,-0.012851195970142726,21538,20000000,2.05,0,2,4
-3.928944433310108,0.40887174815873295,5.0,-2.8873310618381476,1.6848057270964827,5.677055576890877,-0.2695883360185054,-0.00035631669395733145,-0.004850128960379496,-0.9629633837120988,-0.16952817833563988,-0.029957421009115952,-0.007143308301004269,-0.0006250715614442015,0.00020607883328693788,-0.011677959628286771,21538,244000000,2.21,0,2,4
-4.010231421210636,0.40737153560357,5.0,-2.836628688420352,1.6647698044236765,5.674807390158963,-0.27111356087462596,-0.00034806741516319817,-0.004770919353102154,-0.9625354820927283,-0.2003844200006526,-0.03571235994780835,-0.008187692299581563,-0.0005135844162396097,-0.0003263953203713754,-0.010605477655190043,21538,474000000,2.41,0,2,4
-4.162134528420906,0.357447401296653,5.0,-2.7955750848365493,1.649140814239074,5.673145472410893,-0.2721811771806077,-0.00040225361706992466,-0.004710047218026799,-0.9622344103365925,-0.18560539317052957,-0.03789978964454024,-0.006845853692715257,1.4803927794737604e-05,-0.0012458917467483843,-0.009910763310472248,21538,687000000,2.57,0,2,4
-4.226650431644696,0.31121468769207083,5.0,-2.7597986266914623,1.6376498221998412,5.671825322575401,-0.2733866348899646,-0.0007244039614910072,-0.004638618919456286,-0.9618927727750956,-0.12125367411235519,-0.03663860972255138,-0.004064393236578695,0.0001641607724423011,-0.003643070590442221,-0.011645992344710976,21538,899000000,2.68,0,2,4
-4.279912224566699,0.25328915598209495,5.0,-2.737336280677624,1.6335249902230176,5.67111362087933,-0.2749288295497194,-0.0012066498813264135,-0.00452702375530038,-0.9614531651278724,-0.06017622850661902,-0.03283372638075015,-0.0015295765260944006,0.0004709579997097535,-0.004095860322195222,-0.014448882484430214,21539,141000000,2.8,0,2,4
-4.344433696010581,0.11301185359284438,5.0,-2.7279140520156466,1.6348473466576399,5.670939700129186,-0.2763562232207383,-0.0015949276566792428,-0.004468977815755402,-0.9610435590181235,-0.01618652905739822,-0.028615484956677328,0.00024044742220094792,0.0004960644048424001,-0.0035450428867989103,-0.015195353171293391,21539,371000000,2.98,0,2,4
-4.353069585607864,0.03697117415894612,5.0,-2.7263555817964393,1.6409729408275784,5.671121240946007,-0.27774584460304114,-0.0019247287476682284,-0.004465532826473877,-0.9606422852662517,0.029019681057938333,-0.021301308449932752,0.0015630368960815374,0.0013904608749726322,-0.0016718749520805432,-0.008602796333434526,21539,589000000,3.14,0,2,4
-4.345371320201593,-0.03840444221973282,5.0,-2.7341755034939403,1.6505827707179188,5.671574986347716,-0.2782611316443943,-0.0020653388824323866,-0.004600354110826481,-0.960492224712588,0.06593522228535101,-0.011960952510953426,0.0023114912058552093,0.0015557384926978557,-9.960915647866386e-05,-0.00036963262175504497,21539,815000000,3.29,0,2,4
-4.321849329598748,-0.10960387327479358,5.0,-2.7467482173221494,1.6604217831516053,5.672083591186364,-0.27793933778181373,-0.002070333936188935,-0.004750887906218475,-0.9605846486879237,0.0908150396186231,-0.004529931370364761,0.0026854963506221835,0.0014100059047450486,0.0006905314762661874,0.006183303685247665,21540,74000000,3.34,0,2,4
-4.283784081748948,-0.1732710158852498,5.0,-2.7637746028860857,1.671312546430926,5.672670167781029,-0.2769187187760808,-0.001985333393613989,-0.00491947852713553,-0.9608787022167526,0.1096494972655643,0.0026339136490524653,0.0029335611786031105,0.0012707201790362888,0.0015551161141047487,0.013879144989914494,21540,285000000,3.29,0,2,4
-4.233189858539408,-0.22637908444547392,5.0,-2.7886806997120823,1.6850324045287657,5.673452365857009,-0.2747701417111812,-0.0017951604526813875,-0.00511732618003595,-0.9614946487608413,0.1252643678187691,0.010018844446733868,0.0032240871096225884,0.0010269485869685013,0.002103378074025386,0.022179479674377944,21540,484000000,3.16,0,2,4
-4.105638041562169,-0.2914457139415669,5.0,-2.8121307016277983,1.696551069993187,5.6741606015754815,-0.2724062908757692,-0.0015947479619654384,-0.005272424392050679,-0.962166550557269,0.13393073672061526,0.015074923319189327,0.0034575276630157818,0.0008614887860858289,0.0022429333739637514,0.026253312898916192,21540,772000000,2.9,0,2,4
-4.035487133954632,-0.30041124034177896,5.0,-2.8424047826348415,1.7101076334805572,5.675068870419698,-0.26913811459774306,-0.0013358926979185884,-0.005438406076440937,-0.9630853100327194,0.13897030168994576,0.01955507105083592,0.003750034206050453,0.0005365445133520552,0.002338284548386582,0.029689297298318706,21541,45000000,2.63,0,2,4
-3.96608169213925,-0.2930435946951636,5.0,-2.87360078128487,1.7230000394446525,5.676050795129767,-0.2656087235838209,-0.0010607934632823062,-0.005569377671778007,-0.9640642420014087,0.13877432435149012,0.02205398317339197,0.004098164675565081,0.00027206651509459334,0.0022444916794484016,0.0310574487230042,21541,265000000,2.26,0,2,4
-3.901211562810278,-0.26999461971974986,5.0,-2.907311123000097,1.7360880358178388,5.677170877547207,-0.2616892643445896,-0.0007844293999953677,-0.00566682750682234,-0.9651352240299345,0.13542150758406635,0.02286499001144924,0.00434337635563301,1.8989189953799723e-05,0.0019069712834607344,0.031092821518541314,21541,509000000,1.87,0,2,4
-3.844440334754514,-0.23281149144471475,5.0,-2.944133971706761,1.7496740206782209,5.678486691178299,-0.2575554998871562,-0.000534569334339719,-0.0057224562809769855,-0.9662464138135861,0.11042202582187059,0.021590739430514337,0.00372549592060203,-0.00020685955774979448,0.0007383133322491631,0.019914228687412106,21541,758000000,1.46,0,2,4
-3.767021934800574,-0.12627834785081793,5.0,-2.965472190340273,1.755662011426953,5.679170487145771,-0.2560674145301694,-0.0004952113078901567,-0.005706964279663465,-0.9666419526072234,0.04678006404254483,0.01986206400411893,0.0009859255811237495,-4.907010122678912e-05,0.00021753681949121528,0.0015429383779519412,21541,950000000,1.07,0,2,4
-3.750494125694988,-0.06366371562587049,5.0,-2.967804310742169,1.7522147690355223,5.678980265723455,-0.25692459565072057,-0.00044666957309655135,-0.005712118710693885,-0.9664144681945946,-0.037815528729471894,0.017667333087661878,-0.002880931038543138,-0.00021289033895754983,0.0006017236671596038,-0.014547550563293044,21542,186000000,0.97,0,2,4
-3.7652103438835645,0.060663558919057906,5.0,-2.953036820145827,1.739408584505073,5.6778966115599125,-0.2591627815564369,-0.0003815483677024737,-0.005699282909617768,-0.965816765878026,-0.11594108832048597,0.013347343412157178,-0.006566091727446687,-0.0003923899726032687,0.0005164037190752424,-0.02326571957382839,21542,414000000,1.1,0,2,4
0.0,0.0,5.0,-2.910656757777059,1.71104122115175,5.675289291756032,-0.2634117205665771,-0.00033498703422294796,-0.005625444550208717,-0.9646670449566808,-0.1943206210870458,0.005402626770255713,-0.010284088791112101,-0.0008759492288845649,3.6314801121761775e-05,-0.030782710746279918,21542,623000000,1.37,0,2,4
0.0,0.0,5.0,-2.8572221141701273,1.6794820143438436,5.672227133387307,-0.26748194970253936,-0.0002585643939111487,-0.005274420470195785,-0.9635484005572765,-0.24838696116625067,-0.016469629920352384,-0.012004690778891314,-0.008098542457446456,0.00025879940608319885,-0.02157426788471639,21542,832000000,1.85,0,2,4
