x_ref,y_ref,z_ref,x,y,z,eta,e1,e2,e3,u,v,w,p,q,r,sec,nanosec,angle2,angle3,control_mode,std_test,x2,y2,z2
0.0,0.0,5.0,-1.0927269949172007,-1.204106164221068,4.919740871890296,-0.9290255429347188,-0.001302321696141584,0.00329911910195879,-0.3699985950597672,0.06203287293864322,0.03154978199095021,0.007788805790028476,0.00294700530503178,0.008634984897071263,0.027303150818625,6126,910000000,4.07,0,2,2,0.8073176182749912,0.3925019004482305,5.196425785870233
-0.002291386001864737,0.07066929128722992,5.08972966070103,-1.0914109941844978,-1.1965765573703537,4.92023043904323,-0.9293795126662553,-0.0014540177237772043,0.002999664932279109,-0.3691105651142844,0.03601723374266193,0.04589561392510015,-0.0012799463768539171,0.004923484948449186,-0.0010082015421630786,-0.060475147256511264,6127,50000000,4.32,0,2,2,1.2503710055994768,0.24976544763039424,5.468232110555107
-0.009160726391858276,0.14123938972314432,5.179278617806867,-1.0938039524625198,-1.1900568466853367,4.919509206015712,-0.9312806482828608,-0.0017320107514385116,0.003124233254331391,-0.3642850442156302,0.021420411109726374,0.05544287841893454,-0.008059892856040663,0.00046670685094341025,-0.003240965588702238,-0.07948937709443271,6127,198000000,4.31,0,2,2,0.6169185034189102,0.6052960072786222,4.543902029731273
-0.009160726391858276,0.14123938972314432,5.179278617806867,-1.095010008013179,-1.1742723850990575,4.9181009382979,-0.9330255962023587,-0.0015706102969130684,0.003225406716815919,-0.3597921160420826,0.05909939629605804,0.048691148895589426,-0.002481786472882351,-0.002863522649931838,0.0011486971402518975,-0.020425119146239012,6127,376000000,3.86,0,2,2,-0.3089806677552508,-0.6187057661088058,4.508501403396879
-0.020593580356818464,0.21161144053362013,5.268466531635311,-1.092068809982088,-1.162777991614185,4.9183235488924515,-0.9334257932779617,-0.0013432375500126458,0.0032159418476950933,-0.3587535949287815,0.08025755404901361,0.04528741014374104,0.0040562665150002475,-0.002860684844563366,0.0013853030509380915,-0.012827182945329696,6127,582000000,3.57,0,2,2,0.6285581855118801,-0.488825758157895,5.046494903232041
-0.03656591995530789,0.28168726406152494,5.357113789597273,-1.087797430906991,-1.1518128277943787,4.919295803888131,-0.9336953693734632,-0.0011480137802997318,0.0030785858056471688,-0.35805329433528377,0.09120413390111096,0.043452978674374046,0.011378233634666344,-0.0011654077866296575,0.00764576157052943,-0.014913948234607233,6127,693000000,3.56,0,2,2,0.8323429867886143,0.49370259938491917,5.40180036713208
-0.03656591995530789,0.28168726406152494,5.357113789597273,-1.08320334076472,-1.1405835561560749,4.921274441815323,-0.9340792908653681,-0.001012252253672673,0.002382019112260266,-0.35705626966456544,0.08410946137244692,0.047425784694972675,0.018771217943710262,0.010249192746414337,0.013437271536531625,-0.019460924704617355,6127,875000000,3.57,0,2,2,0.5974831158487641,0.5962478601477283,5.10622540798419
-0.05704419012769257,0.3513696907347439,5.445041867912629,-1.080585110439172,-1.1282659739151673,4.924394213972873,-0.9345958588783749,-0.0011943101159313523,0.0013567702514878845,-0.35570678003831196,0.07354914858820691,0.054761088533447466,0.025865657415583537,0.00038746904778008684,0.009776609385880874,-0.021563870905083604,6128,0,3.58,0,2,2,0.8610594740171014,0.5012400447243991,4.995595515064731
-0.05704419012769257,0.3513696907347439,5.445041867912629,-1.0776138278183056,-1.116950358714896,4.928079095738888,-0.9350689771760479,-0.001010317591968972,0.0010025843919764024,-0.35446294870668776,0.08811158261418961,0.05339387320266118,0.034182333150607855,-0.0014520997069666919,0.004312462169764331,-0.022617677677772008,6128,186000000,3.63,0,2,2,0.5932435532096595,-0.1616905222658686,4.17956282803663
-0.0819853924892815,0.4205628929340893,5.53207369113335,-1.072259978821427,-1.1024454859826063,4.933619577560284,-0.9355560758042492,-0.000851542368199769,0.0008907015672707583,-0.35317603337721953,0.10507056327123458,0.05173900652970752,0.04407581050937642,-0.001567094966503646,0.0008919295567011432,-0.010079564708576072,6128,311000000,3.66,0,2,2,0.3669064471258202,0.5336667472284713,4.911218200908382
-0.0819853924892815,0.4205628929340893,5.53207369113335,-1.0673048630244024,-1.0912652590211986,4.938472318344705,-0.9355755497406569,-0.000777894721987041,0.0009097702872254418,-0.35312456431873074,0.11584297934498389,0.050836532604542725,0.05165078244667949,-0.001318764873303735,-0.00030859114872328064,0.005497640995599795,6128,516000000,3.72,0,2,2,1.0563061970231353,-0.068830717929456,4.564227049420635
-0.0819853924892815,0.4205628929340893,5.53207369113335,-1.057729618362486,-1.072146946770853,4.9478126942317155,-0.935237890203375,-0.0008471633706743403,0.0009073411012036992,-0.3540177224014206,0.13167828459910103,0.04937254754994087,0.06398415400212955,0.005830900363434921,0.0009659876695877756,0.010813130120368442,6128,697000000,3.85,0,2,2,0.5053853894020964,-0.38556702975186896,4.163551369487068
-0.1113371926862321,0.4891727127417653,5.618033988749895,-1.0507017064385558,-1.0594150367134323,4.95468047493253,-0.93510882087286,-0.0011020465291743389,0.0006977759437627225,-0.3543582815851059,0.14141249718729743,0.04852376418849387,0.07174895116293101,0.006243065945454873,0.0028852766490672366,0.0046204101181501755,6128,810000000,4.15,0,2,2,0.0968660562069048,-0.4740299242483679,5.049890153455601
-0.14503805103201373,0.5571069845630509,5.702749648162685,-1.0386664503697123,-1.0382089528229692,4.967689838398749,-0.9352985448463882,-0.0014787209551889767,-5.796737267179731e-05,-0.35385652746890095,0.13605504181518163,0.05439422153122501,0.09602871086657615,0.011328209529892774,0.017752117128111422,-0.03331340376462322,6128,921000000,4.31,0,2,2,-0.25927549756359913,0.17909356138866744,5.326737112350266
-0.14503805103201373,0.5571069845630509,5.702749648162685,-1.0314013659815504,-1.018659564478207,4.984925224429545,-0.9370261483340878,-0.0015283642456229408,-0.0016551436242521565,-0.3492519462229234,0.0942773110597646,0.06902497543603692,0.11300480763034211,0.005384351288739708,0.014626661049987888,-0.080075315781869,6129,177000000,4.45,0,2,2,-0.06999728022570662,0.4845043738700444,4.685207421011753
-0.1830173760811178,0.6242758516287834,5.786050063307847,-1.0299313431324584,-1.0083927060705675,4.996330218229228,-0.938075894260864,-0.0013167927080220934,-0.002024218155039625,-0.34642139830631846,0.06312525519152215,0.06542912688027748,0.11319469744479756,-0.006151159595901845,0.0019125423477817094,-0.02921091600001091,6129,311000000,4.14,0,2,2,1.0217039067300726,0.6118185151248381,5.425033842362327
-0.1830173760811178,0.6242758516287834,5.786050063307847,-1.0308859562875374,-0.9983962758148526,5.012232007380811,-0.9378718184366437,-0.000965257576863417,-0.0016427217808874205,-0.34697668787009883,0.02417888166718022,0.05316969100195871,0.11885712042321003,-0.008140778390952619,-0.0010636241370320931,0.035512193426257,6129,437000000,3.94,0,2,2,0.8117213299653708,0.14754054387968346,5.36127654320293
-0.22519570073643536,0.6905920754040427,5.867767478235116,-1.0332454254922998,-0.9927837778763413,5.027480946777913,-0.9368078188013226,-0.0006580224509689971,-0.001665607149157768,-0.3498398253372347,0.01803932140686846,0.04738411200297603,0.13178123006344372,0.0015983295384103258,0.00098964070502916,0.056662688075448386,6129,561000000,4.1,0,2,2,0.6475964917706623,0.5721888211401178,4.586810726572063
-0.22519570073643536,0.6905920754040427,5.867767478235116,-1.0342254419098587,-0.9886223046394192,5.038258275923598,-0.9359922374833292,-0.0007465686538424162,-0.0016729711130410872,-0.35201587346858493,0.02968919160633645,0.047756678415427155,0.13684715241319143,0.0023825140260669286,-0.0017491390622126346,0.05893540437682532,6129,687000000,4.48,0,2,2,0.9796180139688977,0.12146794252025764,5.268573396880051
-0.27148488042758245,0.7559713369490784,5.947737324945997,-1.0343564516515953,-0.9810337633190835,5.055105450478944,-0.9347744831143509,-0.0009518206952550697,-0.0015459854291419578,-0.35523706124884413,0.04965555044758481,0.049256395736805285,0.14336079591668952,4.371158581761847e-05,-0.004445319291335181,0.05334209017746616,6129,819000000,4.76,0,2,2,0.417134040549277,1.3220014171798211,6.571779193540679
-0.27148488042758245,0.7559713369490784,5.947737324945997,-1.0330310761225339,-0.9717523892413172,5.072775465636102,-0.9339745886700338,-0.0008971205055893008,-0.0011247385784668986,-0.357336533056123,0.06749494519110877,0.051931509365737136,0.15029115823530925,-0.004188151524431305,-0.007439120190610993,0.025574311803211458,6129,947000000,5.2,0,2,2,0.08348277176854924,0.5635714090908873,5.437322719259289
-0.27148488042758245,0.7559713369490784,5.947737324945997,-1.0293568880687396,-0.9569358996460944,5.097579177099866,-0.9336013228121162,-0.0008605176710552048,-0.00043838154651829097,-0.3583122065663188,0.08837867936476582,0.055704591828237414,0.15936466880482142,-0.0027327153702572105,-0.00769555490478524,0.0038974498465904617,6130,44000000,5.48,0,2,2,1.4982027842753172,0.06141359889611392,4.295200364478703
-0.32178831283960463,0.8203325293019702,6.0257985548118125,-1.0265706885166794,-0.9469680708386267,5.113711038872606,-0.9336482332709686,-0.0007709091324725778,-0.00011103150202351335,-0.3581904100909377,0.07859487895075823,0.05432229667179459,0.16129163856379874,-0.005428490203485126,-0.0019970789026046987,-0.009535666777082952,6130,210000000,5.63,0,2,2,0.919433344342207,0.6964813261421463,5.356693509539113
-0.32178831283960463,0.8203325293019702,6.0257985548118125,-1.0247817078903716,-0.9356108392882485,5.136286824311913,-0.934075538643443,-0.0004529970663815275,-7.461779479353369e-05,-0.3570751704246659,0.060666267208216995,0.05172398972211388,0.1624372430800411,-0.002038575576079893,0.000487168492213641,-0.018718186765909195,6130,300000000,5.64,0,2,2,0.9905652087654941,1.2582468002000562,5.197022980042645
-0.3760011786149793,0.8835980399786463,6.101793962904205,-1.0221120427362693,-0.9217507063160943,5.162879333692127,-0.934576660807714,-0.0006565997941465631,-1.5646845712429306e-05,-0.3557612032043255,0.07951111339898706,0.05552817671656175,0.16971613061962854,0.005640687595587224,-0.001966092713701073,-0.018022801486949902,6130,455000000,5.52,0,2,2,-0.2774021698375715,0.9555747751224231,5.924324578109698
-0.3760011786149793,0.8835980399786463,6.101793962904205,-1.0174664798745832,-0.9053794367417038,5.1906616634960345,-0.9351015816443795,-0.0011024152561725379,-5.789295471152732e-05,-0.3543780655390348,0.0984552926712732,0.059234814162740235,0.1766240438611639,0.005006496530768345,-0.0008836561789848929,-0.018745385386864655,6130,625000000,5.38,0,2,2,0.17623936480540425,0.2138055061503883,5.757561613476299
-0.4340107023969413,0.9456940227146827,6.175570504584947,-1.013656182693304,-0.8939832135533644,5.208579501027691,-0.9353459689715544,-0.001254249797718647,-6.50083846035315e-05,-0.353732018567755,0.10839291997612269,0.06187023862228001,0.18104362957073575,0.0005029926171573607,-0.0014535596960740804,-0.00477064136248373,6130,732000000,5.24,0,2,2,-0.058603339974733104,0.02112625186141165,4.637303148647068
-0.4956964335288987,1.006550657604654,6.246979603717467,-1.007870488572384,-0.8770399419117273,5.234301399603982,-0.9351814233736978,-0.001286506924888999,0.00010405798474289255,-0.3541666831431386,0.10033209642228288,0.0653029349342352,0.1820688171123891,-0.001819530621105514,-0.004605556569003966,0.011465961688372772,6130,871000000,5.18,0,2,2,1.0114861046471633,0.6577521574616162,6.06310033191155
-0.4956964335288987,1.006550657604654,6.246979603717467,-1.0061393619829235,-0.8630442439577211,5.259918097446593,-0.9348734328959034,-0.0010635869916483117,0.00026305808171662407,-0.3549795262386064,0.06160876770939018,0.06873713665130081,0.19252469064382444,-0.006201758742463426,0.010777319039334543,0.014064708921068814,6130,982000000,5.26,0,2,2,-0.07962222797358831,0.7800607538144153,5.2789099696780255
-0.4956964335288987,1.006550657604654,6.246979603717467,-1.0069881564081673,-0.8486735773121177,5.292705191463752,-0.9343889937252068,-0.0006067999257533727,-0.0009094794874316919,-0.3562527375980528,0.0606682358195225,0.07293527088413165,0.21041270760898864,0.00620270229774178,0.011552499563549645,0.020659633628383745,6131,59000000,5.42,0,2,2,0.265554352162632,0.302583167663551,4.5759852279130415
-0.5609305456733971,1.066102398828617,6.315877451879425,-1.0085612098460686,-0.8318107349556655,5.335943431162121,-0.9338452273982465,-0.00048477859498818,-0.002009719166722112,-0.3576713816956874,0.03242502680523506,0.06231177320520772,0.22160525572965692,0.0024243894586106762,0.011353898935340112,0.008298808370454935,6131,182000000,5.64,0,2,2,0.5381656381333372,-0.06680513333472043,5.4162666543781866
-0.6295781545646726,1.1242882091915054,6.3821252979737295,-1.0110139316764841,-0.8255126220789527,5.359136543732935,-0.9337693102109801,-0.0005622001948866161,-0.0028208026039078936,-0.35786394385537207,0.015273599157232698,0.06517279132376216,0.24011253596768506,0.007718168490100652,0.016533062625967432,0.001331936346105067,6131,318000000,5.82,0,2,2,0.5481915151238146,0.2608717234956839,5.06412506144487
-0.6295781545646726,1.1242882091915054,6.3821252979737295,-1.015822349121994,-0.8190853501485507,5.38924150919988,-0.9338656414513209,-0.0006017887428083827,-0.003948973728192846,-0.35760174380659243,-0.005921863974235083,0.07170176778658982,0.25624502263916094,0.008733654794923496,0.01630142560316017,-0.021177032067498658,6131,473000000,5.82,0,2,2,0.7219046494622349,0.04277431261927511,4.962310311746444
-0.7014976530615584,1.1810517807396756,6.445589727654783,-1.0221683379409736,-0.8143737801452897,5.415060229367449,-0.934652277142265,-0.0006826728598241603,-0.004705496533784044,-0.3555313109880975,-0.02727891824084864,0.0832902659916517,0.26021698135613514,0.001965589444807847,0.011523600733198691,-0.05262990089249797,6131,569000000,5.74,0,2,2,1.6793266619269576,0.9317637489116964,5.382455068404659
-0.7014976530615584,1.1810517807396756,6.445589727654783,-1.0305729247520077,-0.8102311278014435,5.441588828231528,-0.935592435406722,-0.0005274464267540644,-0.005128810202913705,-0.35304420674454945,-0.045614141456430835,0.09151386734287767,0.2678999865920442,-0.0012267144256838947,0.007060993448249064,-0.05318016992532648,6131,716000000,5.45,0,2,2,1.5940656227160717,-0.2406147626966471,5.316885300030789
-0.7765410626225826,1.2363417407594561,6.506142932007222,-1.0396187004355453,-0.8058024655349718,5.46856517614984,-0.9364012488667408,-0.0003923176526420022,-0.005078743889932055,-0.35089421991273667,-0.03731490836519834,0.09606581605529999,0.2697019418561357,-0.0029749964141956298,-0.004539851715890109,-0.04081028455402702,6131,879000000,5.09,0,2,2,1.6052126295630105,1.0249329752264038,5.386251791258046
-0.7765410626225826,1.2363417407594561,6.506142932007222,-1.053239033859661,-0.7945331910644124,5.517057835863044,-0.9373811308883452,-0.0006869527300695877,-0.004152080183206267,-0.34827992158691223,-0.0018197014233430244,0.0995527129005929,0.26783214909874575,-8.666847151062029e-05,-0.013849214792571729,-0.023882083223725203,6132,26000000,4.76,0,2,2,0.5513473595224992,-0.35802317207413153,6.182200728847405
-0.854554400282348,1.2901118425052371,6.56366296493606,-1.059989672226342,-0.7845461750237619,5.549170308147415,-0.9379051019107566,-0.0009209818319441045,-0.0033051892960190635,-0.34687497362299846,0.019292563124907437,0.10213003650167385,0.2669108793321414,-0.0020332738358774805,-0.014783023652853444,-0.027951896663580555,6132,141000000,4.3,0,2,2,0.7298083734931078,0.8452504760552922,5.156233421248339
-0.854554400282348,1.2901118425052371,6.56366296493606,-1.07424041228199,-0.7614884140709061,5.6113310463929285,-0.940720940563857,-0.0015602278189493363,-0.0015959979881993644,-0.33917418897113444,0.004878706315939171,0.12440002012506804,0.2490173205512954,-0.008799969782558037,-0.016327299636031967,-0.09793362478376366,6132,282000000,4.05,0,2,2,-0.28249002793244216,0.751815880385956,5.868255218558713
-0.9353780601682047,1.34232114004921,6.618033988749895,-1.0826544239068234,-0.7489862712582861,5.641189004807613,-0.9423897489730517,-0.0013202797186644007,-0.00044095930522155863,-0.33451401083790816,0.01715193582155073,0.12708795248315624,0.247889042426899,-0.010157613178307656,-0.016556225818931125,-0.07204680805443786,6132,411000000,2.99,0,2,2,0.9539944994996197,0.5314068031945791,5.71173127190261
-1.0188472085586238,1.392934146691272,6.669146507442605,-1.091876640724805,-0.7338113658998485,5.675722785430944,-0.9435073564251868,-0.000736220503536207,0.00081118156661111,-0.3313497673688508,0.004250591475570432,0.12125118685274869,0.2437414225618721,-0.019728992629097775,-0.00917806592042325,-0.005530492126126774,6132,562000000,2.41,0,2,2,0.7936034635240581,0.13691939217908916,5.681663249559236
-1.0188472085586238,1.392934146691272,6.669146507442605,-1.1013672891675579,-0.7235112041510108,5.704667484815737,-0.9429570827357013,-0.00010718849733353181,0.0014575840173146075,-0.3329111053690371,-0.00615197798009637,0.11563299196114077,0.24038169640956947,-0.003990010964116664,-0.007181524324550992,0.04425218539836351,6132,766000000,2.01,0,2,2,1.7594605284034754,-0.24375574197325656,4.774855367945853
-1.1047921914498087,1.4419209764156529,6.716897587203732,-1.1127854550891927,-0.708549835164931,5.743079735976668,-0.9415882254134207,-0.00022850955973727108,0.0021069215506593613,-0.3367597399152187,0.014769852713135311,0.11930230605215493,0.2402601059399009,0.0010071731594507582,-0.008108418933261419,0.04560573979688343,6132,862000000,2.13,0,2,2,-0.3547268965444471,0.38849638324347524,5.604231896987382
-1.1047921914498087,1.4419209764156529,6.716897587203732,-1.119956087705224,-0.6955902878991652,5.771910706818447,-0.9408205561803085,-0.00042867583405543355,0.0025107144150994286,-0.33889554971809527,0.031060273704301568,0.12258435223971169,0.24015274420932134,0.0005408823653851869,-0.006772979622837738,0.031663867412135005,6132,995000000,2.5,0,2,2,1.0571914208510995,0.006655319923817182,5.781196880585526
-1.1930389535650132,1.4892574679304111,6.761191063713476,-1.1273804887638665,-0.6792930341011345,5.805675135399903,-0.9401068304459692,-0.0005497030950936644,0.002573370325891706,-0.3408698035034881,0.02918537590244073,0.12178144045703954,0.24371124814971273,0.0024990188194351504,0.009264850996260066,0.034787104596034624,6133,87000000,2.69,0,2,2,1.1538511995058047,0.38046603606012674,5.672194442704721
-1.1930389535650132,1.4892574679304111,6.761191063713476,-1.1356813964062846,-0.6641802067206846,5.8401372306638,-0.9393836647953817,-0.000474874453536766,0.0015599482165998425,-0.34286392544479316,0.029974945799853093,0.12154482540398241,0.2463803486819522,0.005330438580131158,0.011340066430420848,0.014479017499979818,6133,190000000,2.86,0,2,2,0.16408742957418926,0.5268192515717216,5.753776606953791
-1.1930389535650132,1.4892574679304111,6.761191063713476,-1.1437033288691612,-0.6450035816240561,5.879491406175597,-0.9393662852003585,-0.0004863282945115951,0.001022522321525602,-0.3429135461917049,0.04761427967744963,0.12645938936867857,0.24533504484785626,0.0004667372962785521,0.0020980420458727167,-0.006727774962200783,6133,290000000,3.01,0,2,2,-0.01852147290475803,0.2175069492706182,5.034551914790118
-1.2834094677117545,1.5349252908769102,6.801937735804838,-1.1553210198647297,-0.6209454781332792,5.92896103983211,-0.940284001362283,-0.0003238794487852173,0.0003280809322287078,-0.3403906347817732,0.013913210309052473,0.13216099388501584,0.24994013537626308,0.0017551110602198605,0.012119490656914422,-0.04379603124107234,6133,468000000,2.89,0,2,2,0.23033827127398704,0.37510812367394775,6.33623415039182
-1.3757221733659124,1.5789120338486013,6.839055545102902,-1.170365248527899,-0.6016501642606426,5.976952964542246,-0.9417679352650281,-0.0003588435801244569,-0.0026680537753684965,-0.33625274545642353,-0.00583849883674043,0.13970424083044525,0.2806397071308007,0.010443805695103947,0.041857140240608715,-0.05208862203289755,6133,595000000,2.43,0,2,2,-0.7785568321320542,1.2122835995775239,6.3041672050007955
-1.3757221733659124,1.5789120338486013,6.839055545102902,-1.1806633606351997,-0.5917561401244582,6.004882397286519,-0.9426724757352524,-6.404306231201423e-05,-0.004292643055315074,-0.333691732899177,-0.0317705592708578,0.14488056684173095,0.2746650354120787,0.003002289167852723,0.023230083570524585,-0.05604415200650692,6133,818000000,1.88,0,2,2,1.4453185542725997,1.0362855567570484,6.378175495059175
-1.4697924233383954,1.6212112739117432,6.872469741279474,-1.201571645713528,-0.5787209822484528,6.047766902068861,-0.9437679261951364,0.0005443008749003793,-0.004981003778513696,-0.33057071077644995,-0.07136419966656879,0.1395045083444388,0.26040910477011925,-0.02171129199268762,0.0005046548999132483,0.016227261858148267,6133,950000000,1.57,0,2,2,0.062490646234954095,0.5017907737871753,6.56455936497412
-1.5654329373598825,1.6618226273749341,6.902113032590307,-1.2183760242406287,-0.5716005709347523,6.078582206831819,-0.942817133904372,0.0011810363755500857,-0.004299781261115605,-0.33328061607380005,-0.06784972508151511,0.13442892950276142,0.25318886295667153,-0.006201500400493387,-0.013494426639226731,0.04721115874417592,6134,100000000,1.14,0,2,2,0.4083996760737523,0.9587907696804081,5.331845976816085
-1.5654329373598825,1.6618226273749341,6.902113032590307,-1.234147591936479,-0.563405164120933,6.108605770256715,-0.9420210853481399,0.0011461043607459797,-0.003214315735227092,-0.3355363309369954,-0.06393469785797026,0.1378505673408303,0.24467965851191206,-0.004586577733789454,-0.018560549324320164,0.027062330627813935,6134,200000000,1.29,0,2,2,-0.2527458333291951,0.6943667552030608,5.884005458654095
-1.6624542614021296,1.7007517816093567,6.9279257213917065,-1.2515417764289427,-0.5557975489830542,6.137165116893764,-0.9417850550877408,0.0010241347577417633,-0.002066919520190997,-0.3362076575646008,-0.07157326590317073,0.14325368502566746,0.23425370624253694,-0.005010937093175016,-0.01915733537316555,0.007064379315124825,6134,356000000,1.41,0,2,2,0.6309657159877342,1.1369521828371145,6.067990562044675
-1.6624542614021296,1.7007517816093567,6.9279257213917065,-1.2684652079877428,-0.5470399061743579,6.165109320756138,-0.9416168312061047,0.001013836446055644,-0.0009853974379897225,-0.3366834482372484,-0.0632772067409728,0.14605340817823506,0.23264702694959066,-0.008601641366112744,-0.008494448593410198,0.013418743674264988,6134,496000000,1.37,0,2,2,0.6136644587400755,0.33079990304787393,5.577404052014056
-1.760665231540428,1.7380105077773131,6.949855824363647,-1.2829053326945745,-0.5400568137232287,6.188444959532774,-0.9412750305850601,0.001364156764555171,-0.0009334685871114057,-0.33763676415611626,-0.06615018418949058,0.14570612159412297,0.23325001636567774,-3.983788623429518e-05,0.0032896235097723547,0.024381803814321756,6134,613000000,1.33,0,2,2,0.6341964857602029,0.6004995548445569,6.594206481646533
-1.760665231540428,1.7380105077773131,6.949855824363647,-1.296681242215256,-0.5322016526025317,6.211626392814813,-0.9408115583543513,0.0012431184624726282,-0.0009667652034278074,-0.33892643993702615,-0.04932997664713575,0.14956878584677108,0.23086121429662806,0.0029213635343694477,-0.0023890677766758017,0.029540777177317068,6134,763000000,1.2,0,2,2,0.6913445683674776,0.5512148090790419,6.016574062922388
-1.8598734411511666,1.77361665438275,6.967859177197259,-1.309372877327172,-0.5229850092862474,6.234541891844171,-0.9402747786385744,0.0010333936855591891,-0.0007950238896056692,-0.34041392552403804,-0.03131629155744329,0.15325890469912617,0.22803729127209366,0.002638896603457397,-0.005949625710854889,0.03312247426947579,6134,935000000,1.34,0,2,2,1.119411309584676,0.956229870091097,6.352867886161685
-1.8598734411511666,1.77361665438275,6.967859177197259,-1.3209809082114008,-0.5124288304596902,6.257169200998713,-0.9399023855050879,0.000728144477858136,-0.0005729166555188777,-0.34144201161246984,-0.01428570044033882,0.15664417508567674,0.22507005622571014,0.004621262542059412,-0.006222521278687054,0.012916454306832748,6135,131000000,1.4,0,2,2,1.6085549452928658,0.38281970133615556,7.011505183098901
-1.8598734411511666,1.77361665438275,6.967859177197259,-1.333563924758689,-0.49812864432564596,6.283913459190808,-0.9398334820306535,0.0003776546922686426,-0.0003318035043248277,-0.3416325121201213,0.0038265895326108994,0.16023920187081026,0.2212515530506589,0.001827830806178099,-0.005580743300015456,-0.0019611217567216954,6135,308000000,1.43,0,2,2,1.6528694435654645,1.913859471524498,5.074826827177433
-1.9598857102310134,1.8075941216139089,6.981899523535869,-1.3412876291330447,-0.4877031278619031,6.3015002599623635,-0.939881023560954,0.000275042016700169,-0.00012832992836860627,-0.3415019318149337,0.013814688853315863,0.16297094229959164,0.21886908974283464,0.00019510825595148162,-0.005655960421790951,-0.004320625430409564,6135,408000000,1.36,0,2,2,0.4058473604181344,0.7673182566858475,6.373300458046879
-1.9598857102310134,1.8075941216139089,6.981899523535869,-1.3520400177263885,-0.4708793773973526,6.3275035774162465,-0.9399658283880168,0.0001818433021564085,0.00019378269638665476,-0.34126847326424575,0.027280768318385874,0.16649978812494165,0.21501515980429992,-0.0005569295296936616,-0.005371187626224128,-0.0038201981396923657,6135,579000000,1.29,0,2,2,0.23428586760933742,0.8325948426542042,5.834873831951413
-2.060508555620081,1.8399728165048486,6.991948587990478,-1.3603016043304996,-0.4558932051136863,6.348806935537337,-0.9399981372513642,9.731870508323823e-05,0.00042498182878633183,-0.3411792958013133,0.03730907837078924,0.16898176332074333,0.21149257830478446,0.0027654459699988365,-0.004111026237296755,0.001836049204939627,6135,677000000,1.21,0,2,2,-0.15980424597507653,1.4280141616082158,5.645155932748439
-2.060508555620081,1.8399728165048486,6.991948587990478,-1.3694660557008567,-0.4368591467418652,6.373900851833973,-0.9398105579601731,-0.00017515500358070518,0.0004888565566457906,-0.3416955450200948,0.04839926164189017,0.171890610817902,0.20710534811179912,0.004046121512146783,-0.0014002492321196769,0.01459276381865493,6135,821000000,1.16,0,2,2,0.4286018088000768,1.7097898618260268,7.338466512294898
-2.161548660910534,1.8707885889991491,6.997986133082629,-1.3806116840812754,-0.4099225821977015,6.406556853842439,-0.9392365780902674,-0.00042036081633444687,0.0004163840500805047,-0.3432700107763447,0.060527605271418615,0.17553008896566197,0.20124273796089898,0.0020527886363197467,0.0005292054993333295,0.02569891803432256,6135,926000000,1.17,0,2,2,0.18518070676682355,0.5190444027592911,6.072431436813701
-2.161548660910534,1.8707885889991491,6.997986133082629,-1.389691522548564,-0.3851343544941056,6.434369989595965,-0.9385355037833651,-0.0005034066244486569,0.0003113343265852902,-0.34518220955143714,0.06896096370529223,0.17842745696803458,0.19607132895903873,0.0013575554930866929,0.0013336145912035136,0.03168193070450798,6136,53000000,1.29,0,2,2,0.6548864095857183,0.9888797472769436,7.11566595738364
-2.262813344824469,1.90008314905552,7.0,-1.403589479151887,-0.3535068199991189,6.469794962985074,-0.9379762035951462,-0.00010111001601996401,1.0300903248811391e-05,-0.34669962670861465,0.031453235888020716,0.19107302732343695,0.1998368674882528,-0.00604013825977745,0.008424478801316582,-0.001945470671671501,6136,161000000,1.47,0,2,2,-0.22895722566282123,0.6935219350128382,7.8516889470728275
-2.262813344824469,1.90008314905552,7.0,-1.416034156905734,-0.3336363214991877,6.493551790532003,-0.9378152141030034,0.0005163024322520674,-7.531590008250826e-06,-0.3471344949324559,0.029772754595642333,0.19424692712634156,0.19581048610568597,-0.01015052566799568,-0.00017613012168737896,0.017759869842848275,6136,241000000,1.65,0,2,2,0.9123937856808393,1.017940897377611,6.366173011183376
-2.364111026850532,1.9279039649910998,6.997986133082629,-1.4243821189416492,-0.32020558731018645,6.509048355523131,-0.9374958116501914,0.0008435140076949741,0.0002404710517210057,-0.34799545082679006,0.028906306119129067,0.19574105302567196,0.19230576071215347,-0.010202826342720073,-0.007793925033183768,0.02410611996310763,6136,342000000,1.74,0,2,2,0.35719894746967495,1.0729211730560388,6.153343400158779
-2.364111026850532,1.9279039649910998,6.997986133082629,-1.438098148682194,-0.30073373945509374,6.531568030126446,-0.9371376818262467,0.0009203183321161786,0.0017893868894465685,-0.3489540319441166,0.014283222952579961,0.19809122884156388,0.18477846901515724,-0.009005778792925412,-0.03081976556131849,0.013092995504848659,6136,450000000,1.87,0,2,2,0.619958915439341,1.202665142818806,5.9837615814228045
-2.4652516889375873,1.9543041433138177,6.991948587990478,-1.4522161362403365,-0.28129823389127917,6.553277349717004,-0.9368634557258,0.0007702518113713054,0.003231889953570974,-0.3496796061039121,0.021440011021189188,0.1994689853211173,0.17875193748538215,-0.002027705079399311,-0.016781822341727093,0.012226691978867166,6136,561000000,2.06,0,2,2,1.5617302347504016,0.7880806026166881,6.134676815834132
-2.4652516889375873,1.9543041433138177,6.991948587990478,-1.4635587979426177,-0.26455879538515786,6.5708211113366595,-0.9366628028620504,0.000622803387542957,0.00378833234785398,-0.3502114424009731,0.02819168939358917,0.20056312208149052,0.17382488397363538,-0.0008436852965587605,-0.0076933374657528475,0.01083280722014024,6136,649000000,2.23,0,2,2,0.4556142592663723,1.3844093336922945,6.163754540093164
-2.566047332055854,1.9793422903500921,6.981899523535869,-1.476646384552123,-0.24384346862330344,6.591239468899296,-0.9364398300725474,0.000549508830380036,0.004011934991309043,-0.35080485611144163,0.03564730077950801,0.20170516000365862,0.1680756365648579,0.0017130074638771475,-0.0009804618287034828,0.011432740393502172,6136,769000000,2.34,0,2,2,0.12883989789550254,1.6737793281770723,6.805879031043376
-2.566047332055854,1.9793422903500921,6.981899523535869,-1.4850725561707758,-0.22965978608413068,6.604473428269179,-0.936255042283406,0.0004675802811081975,0.0039377492593372625,-0.3512986924233405,0.04043061825731298,0.20260602296913527,0.16425560494662594,0.002756108938228863,0.0023760585236232146,0.014387927512871101,6136,876000000,2.41,0,2,2,-0.06352182766959019,1.452843361649124,7.303267838437406
-2.566047332055854,1.9793422903500921,6.981899523535869,-1.4972965666289664,-0.20787138323069357,6.623753286363342,-0.9359035886627336,0.00038256175244362153,0.003645916176922297,-0.35223718382640007,0.04693585781287587,0.20361799671873076,0.15845238363477332,0.0030395910926017677,0.0051712650474655675,0.01832712241593981,6136,998000000,2.45,0,2,2,1.713562159653802,0.17000957942377282,7.4333084731370045
-2.666312426451162,2.0030823560282602,6.967859177197259,-1.5071943657166116,-0.18930704561566966,6.63928720956954,-0.9355207204184501,0.0003711121401654006,0.0033390820161828313,-0.35325584846512065,0.05091636630204327,0.20480055865121302,0.15339812867704855,0.0020081488855794305,0.00599999152655073,0.024341205789824016,6137,147000000,2.52,0,2,2,0.570598698740501,0.4454549537729262,6.851118070011502
-2.666312426451162,2.0030823560282602,6.967859177197259,-1.5245744852319,-0.15515516512361208,6.665991767633552,-0.9346194994068884,0.0003963835744463316,0.0027577862152187655,-0.35563833992367916,0.057118620410074414,0.20624922717398655,0.14449352287661837,0.0019170095129084075,0.0061934133100294275,0.031089194453670643,6137,288000000,2.61,0,2,2,0.26046851501046414,-0.017795074044876014,6.346537399303406
-2.765864354436398,2.025593460231259,6.949855824363647,-1.536025408250538,-0.1319834761108771,6.682896241868861,-0.9342864933184869,0.000691305366713442,0.0025884015152701535,-0.3565130722387755,0.05837062857926356,0.20814184794180068,0.1384309599577394,-0.005220948605710873,0.0028219727482792223,0.0012632908436671642,6137,463000000,2.83,0,2,2,0.24648974767455845,1.655331167277191,6.868161677767644
-2.765864354436398,2.025593460231259,6.949855824363647,-1.5501713005813882,-0.10469543091019504,6.701862804688364,-0.9349697888268158,0.0009079226472668253,0.002351892821421122,-0.35471839289464874,0.043212341100965355,0.22221747358488178,0.13638937814473567,0.004839284110857989,0.011277070098003605,-0.08404494728893042,6137,572000000,2.9,0,2,2,0.2598056872689961,1.4156986724339968,6.839328383331853
-2.8645238445856744,2.046949702184108,6.9279257213917065,-1.5659179834196637,-0.08130011103736326,6.718240625228808,-0.9375634825381334,0.0010716373681790804,0.0013888475950937017,-0.3478097740240718,0.025670975987572196,0.23599698846668105,0.13546509963627543,0.0009072738066606689,0.014440597078646533,-0.12051071535097435,6137,659000000,2.69,0,2,2,0.3620418246496245,1.4575963602341266,7.701488290067028
-2.8645238445856744,2.046949702184108,6.9279257213917065,-1.592351746358548,-0.04176550176133461,6.7441144476612145,-0.9408017395737902,0.0013329797632552986,0.0004715511307388321,-0.33895440345186806,0.028274681377668164,0.23511645311243162,0.12493331830935436,0.00062276094148217,0.005643890335704782,-0.073535864794394,6137,782000000,1.92,0,2,2,-0.6492613469415839,1.442338641699853,6.310575862196837
-2.9621153962212468,2.067229953392476,6.902113032590307,-1.605073914083617,-0.021792461585257664,6.756209705197051,-0.9416427816598639,0.0014913868284298455,0.00033211582272382734,-0.3366103640892272,0.02915937552990435,0.23435733369742037,0.11901394561109561,-0.002291468945259112,0.002242538107566361,-0.033532125598867424,6137,902000000,1.03,0,2,2,-0.7241250917719467,1.8368349369307548,6.343363340140311
-2.9621153962212468,2.067229953392476,6.902113032590307,-1.6228996371416322,0.005805907749487899,6.772363574019096,-0.9419489079421688,0.0017206860353366354,0.00014579793346359519,-0.33575180239141783,0.01361630384744742,0.2292811291786027,0.11686170448992757,-0.002931511039605539,0.011313810136925895,0.007762283303236472,6138,4000000,0.85,0,2,2,0.035646620878507514,1.2171182276796932,6.878949661223659
-3.0584676931106722,2.086517634697958,6.872469741279474,-1.6370708593342047,0.023463203551310426,6.7840721658213425,-0.9415754048389176,0.0020215694233452694,-0.0005783138949008524,-0.33679568853020375,-0.0006616228201384579,0.2248357254652471,0.11627701831666164,0.0029414532718874398,0.014375547561940039,0.031506066079600714,6138,137000000,0.84,0,2,2,0.007064175060236794,1.2429289224104587,5.8754160901260235
-3.0584676931106722,2.086517634697958,6.872469741279474,-1.6681056198686501,0.06183793347643271,6.807955870518297,-0.9399394478708882,0.0019301368543271581,-0.0015674579938957324,-0.3413321724996499,0.005718344477404404,0.22366977513708924,0.10238055966581516,0.0010881467858325777,0.0031150241738941986,0.04447791834536474,6138,210000000,0.95,0,2,2,-0.2682987497253282,0.37764073799992426,6.2732586988381165
-3.153414005322026,2.1049004780634597,6.839055545102902,-1.6874613870114323,0.08658667528183298,6.8214911934552065,-0.9391395377668068,0.0019175320585671746,-0.0015709669968819798,-0.34352697672329485,0.009006736632598765,0.22433111142486037,0.09300612666950339,0.00047068088804280706,-0.001927015637193108,0.02596648409962654,6138,328000000,1.46,0,2,2,0.30784683726258283,2.1198663527650066,6.85944323121064
-3.2467925782181,2.1224702737481547,6.801937735804838,-1.70770554126338,0.1113488412334757,6.834220300420894,-0.9394189722146518,0.0012899945420715537,-0.0021007302914552188,-0.34276218795177976,-0.009500400742671866,0.23550078339423108,0.0934470671951234,0.02096458811138291,0.015819868804101134,-0.07345685517066158,6138,428000000,1.69,0,2,2,-0.0748791662230532,0.900360208554279,6.514369835233635
-3.2467925782181,2.1224702737481547,6.801937735804838,-1.7279547432294977,0.1320869012906976,6.8455177912614005,-0.9415419895662056,0.0008765973119402143,-0.003507223255725732,-0.33687625746837413,-0.02177448523294543,0.24162676820728338,0.09134502912611189,0.006187892404341255,0.0160737668920774,-0.10247524041915312,6138,619000000,1.58,0,2,2,0.6007893363906646,1.0133826992571469,7.375539309662279
-3.3384470076063275,2.139322603575742,6.761191063713476,-1.7485144505968293,0.15280841539271353,6.856077317104759,-0.9434398640191519,0.0008106467153319169,-0.004239727336290283,-0.33151559622971144,-0.037352388258102276,0.24489582600637036,0.08565296542402187,0.0025411131218788796,0.00812223479442764,-0.09395548186148517,6138,730000000,0.94,0,2,2,0.09965527649175843,1.2775015915344714,7.213288014328779
-3.3384470076063275,2.139322603575742,6.761191063713476,-1.7722662722068503,0.1720902857751483,6.866259946740789,-0.9452580834364943,0.0008454540155380206,-0.004557172059799964,-0.3262907799621226,-0.06312574360905335,0.25003016054262267,0.08109409167949441,-0.0026340372642152943,0.0017766288806342345,-0.07768976647639647,6138,863000000,0.55,0,2,2,-0.06773695948745001,1.5755206632859646,8.21967899924457
-3.4282266000996273,2.155556561042014,6.716897587203732,-1.8003171704378298,0.19438620543296714,6.876908521216953,-0.9465122710654281,0.0009947233573224317,-0.004306805166757779,-0.3226375407128923,-0.05898415435633353,0.24770248496774233,0.06981510889551955,-0.004827010479857563,-0.006108849675001693,-0.04731158769573085,6138,995000000,0.78,0,2,2,0.0362942733035263,2.0132696379126296,6.466590262433988
-3.4282266000996273,2.155556561042014,6.716897587203732,-1.827480468834604,0.2170285853029005,6.885889545841513,-0.9475721993462529,0.0010656805160644987,-0.003658101460878623,-0.31951902861151243,-0.053830276795378065,0.2452647370409357,0.05820745102564785,-0.0034061910810123663,-0.009784714802663075,-0.04785010823979974,6139,182000000,1.19,0,2,2,-0.5359163776846105,1.2804850599163777,7.054196120325203
-3.4282266000996273,2.155556561042014,6.716897587203732,-1.8501298987206256,0.2366662998460751,6.892288390819429,-0.948461837046696,0.0011462704014510655,-0.002939267856525739,-0.31687567031036173,-0.051372489034220724,0.24387062560245415,0.048408330818228686,-0.00723728026059689,-0.012237845930940239,-0.043552244096645154,6139,288000000,1.55,0,2,2,-0.9645433211690597,1.7746352547044388,7.000760879886558
-3.5159867177842017,2.1712744590479565,6.669146507442605,-1.8854410378349056,0.26500291460691583,6.899336100470164,-0.9498863335477638,0.0011534650566670205,-0.001775134843219313,-0.31258834231915567,-0.08921323893726006,0.24322488688223962,0.028629787826519298,-0.0012924429825034167,-0.010955230391118675,-0.06706711792503484,6139,429000000,1.85,0,2,2,-0.6177509371125993,1.1769460204235038,6.637992677870715
-3.601589106333697,2.1865815260826293,6.618033988749895,-1.9083848073983531,0.27788558559569215,6.901557383927867,-0.9507496289912241,0.0011818463538689156,-0.0012639807623662043,-0.30995507507520825,-0.1250401740666794,0.23481270233464696,0.017061856621771763,-0.0052502408834698144,-0.00833123212942155,-0.03699529333971441,6139,526000000,2.34,0,2,2,-0.5778814330936868,1.4321674054345161,5.520667518527312
-3.601589106333697,2.1865815260826293,6.618033988749895,-1.9551653639744089,0.2947407180929282,6.903134692495332,-0.9515387031329972,0.0007568277532771228,-0.001285273143624604,-0.3075254001292766,-0.17987213443315228,0.2274832156623406,0.0039838168698540875,0.016075159510364756,0.01141102966357721,-0.04880020132986829,6139,746000000,2.63,0,2,2,-0.7426018867177564,1.8148434015779187,7.3566575475165354
-3.6849022057545957,2.201585591715769,6.56366296493606,-1.9831824266792786,0.3026031052811054,6.903226892871458,-0.9523780752847822,0.0002566006562208469,-0.0020657403671911503,-0.3049125589241807,-0.17782955829872663,0.2267329647877741,-0.003351600867637309,0.013062350899417652,0.0094975097454153,-0.05550904825213365,6139,892000000,2.88,0,2,2,-0.4116435738455941,1.6084463299680831,7.324581889386033
-3.6849022057545957,2.201585591715769,6.56366296493606,-2.0418650716501876,0.3218549464212228,6.90075420439566,-0.9542725797431686,-0.0008065647508748173,-0.003027364697681791,-0.2989214412962169,-0.15891860586512194,0.22342872227705976,-0.021008302037246872,0.007328182982746512,0.0018781121298161452,-0.05743465153500438,6140,19000000,3.09,0,2,2,-0.6929871195277775,0.9030371782912922,7.170574751920277
-3.7658014429954756,2.2163967622933605,6.506142932007222,-2.0622182238481317,0.3295202102678663,6.898951498632084,-0.954900812441718,-0.0010103527405498738,-0.0030636602919187706,-0.2969074461361689,-0.15139071119609737,0.22343542613369455,-0.02653952133352049,0.004516670969678671,-0.0021337382577257813,-0.049543912246008404,6140,154000000,3.62,0,2,2,0.18990208332841818,1.0397791379704193,6.429393693630656
-3.8441695057023733,2.23112708776023,6.445589727654783,-2.0918288385406325,0.341782539888426,6.895452790022289,-0.9557097894717912,-0.0013598240819477072,-0.0029168238944825052,-0.294293121436127,-0.14279601539792833,0.22398299538682864,-0.03460305464827608,0.005673597070199321,-0.005299471376929432,-0.04618612256308552,6140,269000000,3.81,0,2,2,-0.6381802553751702,1.4676054499898137,6.519027690733447
-3.8441695057023733,2.23112708776023,6.445589727654783,-2.1334545335906063,0.35764184223686135,6.888581107555856,-0.95777802109994,-0.002164954211464015,-0.0024824539860902294,-0.28748984798311056,-0.16218766831722575,0.22704554400898197,-0.05090727752502523,0.006073686245144927,-0.007627459626746713,-0.09897046693367884,6140,390000000,4.18,0,2,2,-0.09892739834985631,1.6573267838317425,6.218659683447918
-3.9198965964540973,2.245890220561861,6.3821252979737295,-2.159521778186291,0.36767858035241624,6.883384756161699,-0.9592394572507242,-0.0027041666423991565,-0.002317588107704778,-0.2825720791611742,-0.1695557737772399,0.22518443967497676,-0.05539054237335235,0.013594092615676345,-0.0034341573609708576,-0.1099758839700371,6140,524000000,4.76,0,2,2,-0.20135628046137355,0.9316177955997161,5.903248825111678
-3.9198965964540973,2.245890220561861,6.3821252979737295,-2.2029972122043646,0.38248497481050053,6.874394649390508,-0.9618663684504809,-0.003707868636013248,-0.002576547027983931,-0.27348254488993273,-0.17969006365988058,0.2209928442789249,-0.062496613716226015,0.010970708535751328,0.0018556009194981016,-0.11625833794823848,6140,668000000,5.27,0,2,2,-0.7653250119725563,1.3335845806252742,5.909771037905103
-3.992880666864581,2.2608010676031918,6.315877451879425,-2.229416295320532,0.392181793198835,6.868005810924235,-0.9633380154156193,-0.004217267434383617,-0.002823424875449871,-0.2682426345353314,-0.17043776669865945,0.21912926938004632,-0.06980770761852068,0.011044409075111616,0.0029357657240325352,-0.1014696063066367,6140,800000000,6.24,0,2,2,-0.8441776619990802,1.3471001600141301,6.3862844524639595
-3.992880666864581,2.2608010676031918,6.315877451879425,-2.2598864271125914,0.4046194202540273,6.859430947512986,-0.9648313744622585,-0.004805864739775388,-0.0031788754969951844,-0.2628064254692919,-0.1614436704934912,0.2175709698511031,-0.07708686812912079,0.010738290166045772,0.004939149266647291,-0.08920652908273041,6140,963000000,6.82,0,2,2,-0.0930070885210017,1.6565348147769505,5.628328595368496
-4.063027630994201,2.2759754362648694,6.246979603717467,-2.284770322666073,0.41533080617643137,6.85187853483554,-0.9659671028941886,-0.0052707671528968245,-0.00363795898854926,-0.25858565388324506,-0.164940213454403,0.21639025450064256,-0.07937959265282193,0.014408096103579737,0.009598418000678066,-0.08972608557087369,6141,68000000,7.45,0,2,2,-0.7413199177225787,1.4999190163820928,6.050862734694067
-4.063027630994201,2.2759754362648694,6.246979603717467,-2.3271991662249403,0.43104499537977103,6.839673069775836,-0.9679659162913626,-0.006119368638013059,-0.004988612957804563,-0.25095747043364136,-0.18568926908879999,0.21376881754763652,-0.08336029586601518,0.011125338915007887,0.013881517133995658,-0.09665847683208995,6141,246000000,7.95,0,2,2,-0.9338716092763395,1.1381375593466259,7.133167318941615
-4.1302515575682675,2.2915296754973697,6.175570504584947,-2.3534553089015278,0.44105930230711526,6.831370492555807,-0.96910327363431,-0.006477326914176522,-0.005641291546477484,-0.24650571006976219,-0.17732194817137306,0.21245504657534178,-0.09116339138219595,0.008777803577686427,0.009597269126970787,-0.08848665820551105,6141,348000000,8.8,0,2,2,0.20537353680646842,1.6015702579125322,7.068377254648922
-4.1302515575682675,2.2915296754973697,6.175570504584947,-2.389443905111581,0.4557075741331139,6.818326650163384,-0.9706172665281376,-0.006970012354219263,-0.006148434459407649,-0.2404490332667748,-0.18854426502580507,0.21267089128284494,-0.1061534337788691,0.007398822890536394,0.0004701123739181412,-0.10018588727689348,6141,571000000,9.3,0,2,2,-0.8697350193012607,1.7029504990339799,6.400803364663565
-4.19447484055845,2.307580313030434,6.101793962904205,-2.417353946664607,0.4654061700304113,6.807535860434681,-0.9719047899264405,-0.0072779243995679905,-0.006014206314967306,-0.2351849069495674,-0.20425028493848582,0.21290557313787128,-0.11727344578909768,-0.0002093179540807455,-0.004726503402707749,-0.10740377401816659,6141,643000000,9.98,0,2,2,-0.4465240193655025,0.7611468472516945,7.688397404539251
-4.19447484055845,2.307580313030434,6.101793962904205,-2.461461359264094,0.4815691231699119,6.788740128097794,-0.9737608461070815,-0.007346876939857428,-0.005498192530709426,-0.22738867136897284,-0.1949643181327654,0.21161317833778362,-0.12689205419245655,-0.0012189578797006106,-0.005970156234980095,-0.09409029225935228,6141,772000000,10.56,0,2,2,-0.7115907886335681,1.44017097443203,6.553429283139616
-4.255628347741508,2.3242436897493723,6.0257985548118125,-2.488068777575821,0.4923225141610679,6.77623501718804,-0.9747592978167969,-0.007475481919104394,-0.005218034447052733,-0.22307218698504577,-0.18771208253407062,0.21094926192979674,-0.13279154907018825,0.0034973373203683877,-0.004020268534077331,-0.08249185484601185,6141,928000000,11.42,0,2,2,-0.460628493986819,2.003340468811761,6.208034004727432
-4.255628347741508,2.3242436897493723,6.0257985548118125,-2.5240571532524045,0.5081988100696314,6.757675349422504,-0.9759086350553543,-0.007808131362977557,-0.005082904396259741,-0.21798057985039027,-0.178051797898279,0.21032582951984186,-0.14121463160045586,0.003917762614946696,-0.0010785503150145814,-0.0690460394253023,6142,21000000,11.9,0,2,2,-1.2968920227324492,1.8947266366602529,7.103956646169513
-4.313651546909344,2.3416355923008934,5.947737324945997,-2.553858942546859,0.5224717458099144,6.740881336274224,-0.976774471831834,-0.008019006176613684,-0.005061515415777699,-0.21406005647779514,-0.17091142492881412,0.20991958796676466,-0.14795197454404913,0.0018559393424766313,-0.0004741525202689445,-0.06784292418160476,6142,183000000,12.51,0,2,2,-0.5053908859170552,1.0442331448243236,7.0813969489567485
-4.313651546909344,2.3416355923008934,5.947737324945997,-2.5781804184964012,0.5346763934290565,6.726234970338847,-0.9775048472494183,-0.008104623497322475,-0.005002501367136688,-0.21069780174916342,-0.1738953271945034,0.207419658521291,-0.15504854849098654,-0.0009516510090179509,-0.0022760136516808416,-0.06789824547013268,6142,290000000,13.0,0,2,2,-0.5332426813854028,1.2189505689185571,6.7363763271224695
-4.368492609464751,2.3598708849992414,5.867767478235116,-2.614085250198386,0.550130189633688,6.7041706794199865,-0.9784345308868798,-0.008091497636220177,-0.004628677697838815,-0.2063467270807648,-0.19362640981967197,0.20044139206204678,-0.16725852977422523,-0.001304909835653234,-0.00533820611963165,-0.05663024239765946,6142,419000000,13.4,0,2,2,-0.8583445991611406,2.2252663446326495,6.3308745137193885
-4.368492609464751,2.3598708849992414,5.867767478235116,-2.6296217412682443,0.5566482737972397,6.694310892083504,-0.9787541092343808,-0.008099066006233316,-0.004456115494325006,-0.204829055119975,-0.1915269562082223,0.20088225652351613,-0.17018270379403252,-0.0009285019871185796,-0.0051291239742567996,-0.0485583226691233,6142,515000000,13.84,0,2,2,-0.5547862566317127,0.9943072250544737,6.240569012942328
-4.420108491198272,2.379063142108453,5.786050063307847,-2.660214932716666,0.5701322928643971,6.674126502879527,-0.9792543958821058,-0.008128858906110238,-0.004148537566797248,-0.20242909730202624,-0.1853506759017191,0.2023691726981284,-0.1748661824235484,-0.0003655033196992008,-0.00447637739853235,-0.03568056708900258,6142,652000000,13.99,0,2,2,-1.4547320583797658,2.519569503176365,5.570217787570674
-4.420108491198272,2.379063142108453,5.786050063307847,-2.6851731362251634,0.5818162929669979,6.656831890044403,-0.9797178782811952,-0.008181690906018746,-0.003966707706536463,-0.20017543340800426,-0.18006336088753588,0.2029243196410439,-0.1793796841320597,9.404363936482696e-05,-0.002480886200828536,-0.05515252778423019,6142,762000000,14.2,0,2,2,-0.31349351483690724,2.386711663439683,6.7115022426755
-4.420108491198272,2.379063142108453,5.786050063307847,-2.7287835357879833,0.6037494974252944,6.624613960428034,-0.9809480245203107,-0.008293980835868159,-0.00384817617700952,-0.19405508138594174,-0.17169990027143694,0.20270624237280926,-0.18742048122651261,0.002029644474532688,0.0006987759149978956,-0.08092626521829516,6142,908000000,14.42,0,2,2,-1.531306282320359,2.2272516886375664,7.140492099262223
-4.468464990103014,2.399324281578565,5.702749648162685,-2.752311591810433,0.6163936205866665,6.606058215498787,-0.9817717928556472,-0.00840140367763479,-0.003908293320512728,-0.1898375316226334,-0.1677095196527681,0.2021665663384579,-0.19194651309785105,0.002212996719208604,0.0021012511524531874,-0.0893046882993076,6143,9000000,15.08,0,2,2,-1.6844008243056394,2.950212917631627,6.144748645870713
-4.468464990103014,2.399324281578565,5.702749648162685,-2.775367199402625,0.629339683434723,6.587076367982522,-0.9826296034353841,-0.008508496267827445,-0.004011131085125066,-0.1853390913193924,-0.1643733846270833,0.20154215209600407,-0.19606846035887773,0.0024433939415757777,0.002201149095526489,-0.08986128013930283,6143,166000000,15.57,0,2,2,-0.6856249625467018,2.2243808399020684,7.300957273818844
-4.513536781146049,2.4207642013125206,5.618033988749895,-2.802589412563237,0.6451820456146805,6.563816578650117,-0.9834658718665619,-0.00864088258216611,-0.004013674608660988,-0.1808427616413777,-0.16235775359767482,0.20118896015109425,-0.20025933214678454,-0.0010433510226448561,-0.0012689891491390881,-0.062498285114998,6143,275000000,16.08,0,2,2,-1.1620282598399772,2.0662721196455576,7.03105147790667
-4.513536781146049,2.4207642013125206,5.618033988749895,-2.833981079181511,0.6641138244264337,6.536060934298433,-0.9840115569283472,-0.008554936247589403,-0.0037497690173886058,-0.17785951796169325,-0.16023841068390304,0.20262429929278838,-0.2046791698247815,-0.001958123516487831,-0.004235834421706386,-0.02968745830003172,6143,406000000,16.58,0,2,2,-1.68687922093203,1.7672494873319835,6.315163559685782
-4.555307427976892,2.443490419036353,5.53207369113335,-2.860651167921718,0.6807040692480935,6.5117806094496755,-0.9842749462676637,-0.008492935402590586,-0.0034311436893294206,-0.17640557658707517,-0.15856720291365356,0.2039629709662049,-0.20859976753663562,-0.0021411487068689894,-0.005169395262782928,-0.025479505347902887,6143,533000000,16.87,0,2,2,-1.0265453266781708,2.2356704693996745,6.5908401324397845
-4.555307427976892,2.443490419036353,5.53207369113335,-2.887446536084626,0.6973623242193757,6.487006627450371,-0.9845304544634502,-0.008436517807202795,-0.0030983689970887802,-0.17498288347960977,-0.1721722458167398,0.2009467146383964,-0.2118554728876408,-0.002249717385893746,-0.004304953881728579,-0.013020376081840368,6143,635000000,16.97,0,2,2,-0.037328721459614744,2.2256231071649006,6.828603404077561
-4.593769371615339,2.4676077168380504,5.445041867912629,-2.917462675292272,0.7118507113407843,6.461947982424736,-0.9845086094943417,-0.008363292200111682,-0.002942072831383413,-0.1751119567092666,-0.19940199797073296,0.19426776957790515,-0.21451881126030523,0.000760614108230584,-0.00042456603068785626,0.0032698452059776173,6143,752000000,17.04,0,2,2,-1.1507187228909126,2.339007596391014,6.697645613739577
-4.593769371615339,2.4676077168380504,5.445041867912629,-2.93787595203714,0.7212603535756458,6.444961123926009,-0.9845166271988461,-0.008410241615546515,-0.0029874380308539173,-0.17506385640385053,-0.19737278127894536,0.19491666720425224,-0.2177525327631405,0.0016023476518967072,0.0018170161865782575,-0.004318847004469717,6143,832000000,16.89,0,2,2,-0.4679098518403595,1.6302811999447595,6.252993164647418
-4.62892389622261,2.4932177914302063,5.357113789597274,-2.9730183340025382,0.7381437887996699,6.414671840801962,-0.984645581854947,-0.008481005537108975,-0.003204921821106384,-0.1743297999618335,-0.19026721872040003,0.196427233032444,-0.22289168485129784,-0.00035518858965133404,0.003154667524540855,-0.01876945279946085,6143,951000000,16.79,0,2,2,-0.7193606586185711,2.7016784945477994,5.804795337255048
-4.62892389622261,2.4932177914302063,5.357113789597274,-3.012134967510748,0.7581656621670119,6.379181366414912,-0.985094993340999,-0.008393642463212135,-0.0033536264592116767,-0.17177355457190868,-0.18285714937977232,0.1974409661023745,-0.2285006365879303,-0.0006067027015888016,0.00172886722111798,-0.041781919208006,6144,47000000,16.65,0,2,2,-1.5786071486444064,1.5799965840698222,6.844794331937735
-4.62892389622261,2.4932177914302063,5.357113789597274,-3.040708444516937,0.7736611337066748,6.351980956366978,-0.9856048798831437,-0.008363222195942772,-0.0034290981992576406,-0.1688233353259404,-0.17774781316158825,0.19754561388748196,-0.2331492328976285,-0.000189417580997997,0.002050683019660937,-0.05777862861577887,6144,222000000,16.54,0,2,2,-1.71951886782263,1.700734073653679,6.248291979943087
-4.660781072120873,2.520418911178268,5.268466531635311,-3.0744134045817186,0.7916942441536686,6.31923337494198,-0.9863693550977652,-0.008244597282659041,-0.0032801720923836585,-0.16430691528572233,-0.2026591297565389,0.1946042768582976,-0.24518151602492835,-0.004694076051237062,-0.008250912196672289,-0.07149658777052537,6144,328000000,16.73,0,2,2,-1.0574621697478794,2.4343779834003563,5.978774657904076
-4.689359676286962,2.549305580919973,5.179278617806867,-3.1018243248961026,0.8031402565803671,6.294596849050242,-0.986950847818687,-0.008224321568054659,-0.0026960170117842756,-0.16078904196801486,-0.23812888873967547,0.18915355971073586,-0.2523870001269265,0.0010979772241626051,-0.00980264630925376,-0.06474126130342484,6144,424000000,17.0,0,2,2,-1.354347505478342,2.5091892213775226,6.353454534746255
-4.689359676286962,2.549305580919973,5.179278617806867,-3.144634091318806,0.8168885204010066,6.259598915272723,-0.9875491577445641,-0.008372144065543947,-0.0022951205979446607,-0.15707100516387063,-0.26451702914649544,0.18318758116223427,-0.2551236990514561,0.000441817334717598,-0.0006293882705676879,-0.048032074482762255,6144,544000000,17.38,0,2,2,-0.712331475115505,2.5839134967798234,6.681906197905596
-4.7146870906059775,2.57996821558224,5.08972966070103,-3.181227596636275,0.8287538505166308,6.229244712318901,-0.987969557858043,-0.008363896039940292,-0.0024751318000824263,-0.1544023047476571,-0.2540061317451455,0.18393914149875348,-0.2581744869105484,-8.004973466313459e-05,0.006038381570760976,-0.041983311166404746,6144,699000000,17.5,0,2,2,-1.1711254392563868,1.519687837885256,6.047125860604609
-4.7146870906059775,2.57996821558224,5.08972966070103,-3.204867217925734,0.8370846888169193,6.208796569856797,-0.9882130301507226,-0.008320641965876025,-0.0027522219238774,-0.1528338942515191,-0.2455916511061323,0.18488567612452206,-0.26043387852067956,-0.00013327538752605506,0.008141720718413126,-0.03802005339821335,6144,812000000,17.64,0,2,2,-0.01767626010142398,1.9659438599717218,6.716883750474695
-4.7146870906059775,2.57996821558224,5.08972966070103,-3.2391353102591585,0.8502257920959618,6.177856665025097,-0.9885399951248031,-0.008232828627251058,-0.00325303520347838,-0.15069942379920803,-0.2330108448324924,0.18629529395788297,-0.26310732321203834,-0.0003151248087363001,0.008963032360043144,-0.03446745213295799,6144,930000000,17.72,0,2,2,-0.8487117032246986,2.432596779364449,6.367583535611619
-4.736799178229539,2.612492823579744,5.0,-3.2666614473938735,0.8617477409622543,6.151834477933837,-0.9887974296661564,-0.008080142345802246,-0.003610455537342341,-0.14900107045282174,-0.22330814357509618,0.18773160901227404,-0.2654821174924086,-0.0021834192466485547,0.006950800752747455,-0.03399483575776685,6145,36000000,17.82,0,2,2,-0.5758563278066319,1.8688973579913986,5.902341212916351
-4.736799178229539,2.612492823579744,5.0,-3.303738580582983,0.8786745613198359,6.115088188162532,-0.9891402240940965,-0.007904939038796766,-0.003971000122328939,-0.14670841889919567,-0.2108870159435174,0.18925817228730787,-0.2678347007010413,-0.0013859342402611219,0.004814230987904011,-0.032111913242260925,6145,137000000,17.9,0,2,2,-0.8184465385048948,2.4304454207338866,5.49872786478188
-4.75574013844148,2.6469607009543825,4.910270339298971,-3.3292531224506043,0.8912635840849412,6.088665556832779,-0.9893697881271655,-0.007821150295556006,-0.004156728099110925,-0.1451515537663038,-0.20280143788810262,0.19013553128431002,-0.2695034202549034,-0.0011437765806476818,0.0037788332519994583,-0.0313663298584288,6145,273000000,18.01,0,2,2,-0.8743901550516348,2.5691441926755223,7.089920522135394
-4.75574013844148,2.6469607009543825,4.910270339298971,-3.3685434314415263,0.9121833523442023,6.045967810598044,-0.9897319604203592,-0.007733514697353448,-0.004376230661300664,-0.14265934206387426,-0.191172190286048,0.19128542445735172,-0.2726666243381849,-0.0004264822422328507,0.0025730340212248848,-0.0311944790155394,6145,422000000,18.1,0,2,2,-1.717631849317618,1.671576784530255,6.211225998156279
-4.771562340490563,2.683448137187101,4.820721382193133,-3.3968746634766953,0.9284174736895402,6.013609127139232,-0.9899998588891644,-0.007742358605385509,-0.004524540632164405,-0.14078303809311643,-0.18326610025942014,0.1918192081543168,-0.27555409923167934,0.0009653650693053351,0.0030546249263352365,-0.03223095955036115,6145,549000000,18.26,0,2,2,-0.6198042247136167,1.8828219669856519,6.222062662449597
-4.771562340490563,2.683448137187101,4.820721382193133,-3.419853599813785,0.9422429713771667,5.986356279420488,-0.9902318997843403,-0.007773234025002137,-0.004665808931328823,-0.13913515626650474,-0.18208730473968976,0.1917204168797048,-0.2784823654448399,-0.00016880264404051104,0.001774173369994969,-0.03729929849214386,6145,687000000,18.39,0,2,2,-0.4758589196342463,1.9121562709336788,5.650646969310693
-4.784326136905276,2.722026133583131,4.731533468364689,-3.4491644240939405,0.9582216465100664,5.9531373495267905,-0.990652383536557,-0.007729939805988556,-0.00451868205120868,-0.13611643742198803,-0.2027706643525978,0.18917467925719794,-0.28335085337120464,-0.0012111219348298619,-0.0026042333047371358,-0.05573535636358429,6145,801000000,18.61,0,2,2,-1.5731210861234828,1.9718829786460477,6.1499160122703405
-4.784326136905276,2.722026133583131,4.731533468364689,-3.4738053000647766,0.9714906524106502,5.925132174239484,-0.9910155889004325,-0.007700688248263294,-0.0044252017383199435,-0.13345118787934085,-0.1976996646778735,0.1889191166395245,-0.28546280435282123,-0.0008126341697334283,-0.000436045232277138,-0.05215623968979344,6145,923000000,18.74,0,2,2,-1.2862391715216475,2.6930580500142405,6.519483727087534
-4.794099656859685,2.762760135098598,4.642886210402727,-3.5024785874577384,0.9877757495938707,5.891298163625083,-0.9914084218984799,-0.0076756948656902385,-0.0044294553744818055,-0.13050212497189395,-0.18942878317374526,0.18879282309255835,-0.28734627408016444,-0.0002746058584079947,0.0013259087609185372,-0.049113832574221306,6146,55000000,18.96,0,2,2,-0.3117457605294405,1.6553040461135622,6.488978919418618
-4.794099656859685,2.762760135098598,4.642886210402727,-3.525572585626652,1.0016651408472612,5.862872914935678,-0.9917398904083623,-0.007668577756546875,-0.004515774062633607,-0.12795620529156265,-0.18260713888241278,0.18869834515610323,-0.28961968483672795,-0.00018369318723898687,0.002652660054991429,-0.05283403952489607,6146,137000000,19.31,0,2,2,-2.0294446342698054,2.4986968291623706,5.519446327151762
-4.794099656859685,2.762760135098598,4.642886210402727,-3.561061893406496,1.0244541357997818,5.817009209403224,-0.9922635328492887,-0.007609840203730629,-0.004692679590051756,-0.12382709908492229,-0.1726701095322695,0.18877676526867482,-0.2925388764021978,-0.0016855594139997265,0.0017284824025409762,-0.0433830118709011,6146,257000000,19.41,0,2,2,-2.0914783227864175,2.003584098321795,5.6699724189928356
-4.8009585802116845,2.8057097764408754,4.554958132087371,-3.586668724542854,1.0420192070826557,5.782285648754677,-0.9925044310351827,-0.00753304474664681,-0.0046970465093960365,-0.1218857882054421,-0.1661619087458533,0.18963932628084076,-0.2945718424000031,-0.0010648023248904792,-0.0004052996956716015,-0.024607035811641254,6146,357000000,19.75,0,2,2,-1.5487922408676456,2.9619196100782488,6.205782023490805
-4.8009585802116845,2.8057097764408754,4.554958132087371,-3.61626829684186,1.0626176851891103,5.7415490915939,-0.9926531069263924,-0.007495071695865604,-0.004514991815731874,-0.12067828329304969,-0.18083013632433115,0.18560173906250277,-0.2951660887156497,-0.0011971137723776337,-0.0061537571127701085,-0.012111667183489772,6146,485000000,20.0,0,2,2,-1.33058488994895,2.333411191800291,6.340175859145194
-4.804985892885419,2.850928643237058,4.46792630886665,-3.639877882019484,1.076031988995649,5.712492705492585,-0.9927130984331862,-0.007473846743661083,-0.004117858800035448,-0.12019937209876846,-0.19939965706445378,0.1809023894116158,-0.29504978155956785,-0.0009135433060691867,-0.006414503877749667,-0.0093884580564918,6146,589000000,19.95,0,2,2,-1.2980472090156383,2.731668189580576,6.599665659060713
-4.804985892885419,2.850928643237058,4.46792630886665,-3.6682319997594472,1.0920691783115417,5.677461949685979,-0.9927877555176357,-0.007468926099602861,-0.003937257608813765,-0.11958756473687293,-0.19235789474353887,0.18189488206119359,-0.29678607169958476,1.861108245293508e-05,-0.0004244445619860926,-0.010840713821380632,6146,759000000,19.96,0,2,2,-1.5394971624774205,1.768596239902288,5.267741140267723
-4.806271624318301,2.898464049024539,4.381966011250105,-3.691104582781994,1.105753738477327,5.648126322535948,-0.992854564912161,-0.007461988079352124,-0.003990632073937365,-0.11903027565555385,-0.18439376465110732,0.18300953319134394,-0.2980112495777745,-0.0011384061167518666,0.001792531554656307,-0.011948975679842988,6146,860000000,20.0,0,2,2,-1.7697125617566452,3.5572057117312417,5.349215616537828
-4.806271624318301,2.898464049024539,4.381966011250105,-3.7218640224677424,1.1254728878576452,5.6068222972444595,-0.9929675200061667,-0.007357179923031639,-0.004082689423231369,-0.11808771216115749,-0.17351640673284044,0.18474502180633273,-0.2998312398062288,-0.0009586419878360175,0.0012900101637569605,-0.014714356984768528,6146,981000000,20.05,0,2,2,-2.2638370486641994,2.6661136400815,5.18985630751889
-4.804912567739545,2.9483568287751334,4.297250351837315,-3.747096987528009,1.1428602898144355,5.571232751636028,-0.9930929163262585,-0.0073322758526527185,-0.00415256270977294,-0.11702757579463302,-0.16455421494353145,0.18577689164426575,-0.3015042546060842,0.00043311325157446845,0.002061458803837013,-0.023667129607929382,6147,96000000,20.15,0,2,2,-1.44797721915864,1.952019138594638,4.848908936802157
-4.804912567739545,2.9483568287751334,4.297250351837315,-3.771287228112319,1.1606461147198683,5.535395835639218,-0.9933003400881031,-0.007355178784478436,-0.004307849796699041,-0.11524659715599483,-0.1561250753500978,0.18621010706540544,-0.3035018554797436,0.0006344999405882845,0.003210685531485069,-0.034149720522691496,6147,197000000,20.26,0,2,2,-2.137119937372532,2.8085334215536832,5.854250421781875
-4.801011984091487,3.000641149619494,4.213949936692153,-3.7944986971344834,1.1787832455936478,5.499344338723394,-0.9935369687156395,-0.007389220927806271,-0.00449803415737517,-0.11317888008872212,-0.14858420197505318,0.18662127108735332,-0.3054444222313871,0.0012584251635416877,0.0033318209261778975,-0.027551962557481602,6147,312000000,20.45,0,2,2,-1.002590832092316,1.7977410323661749,5.036201078644707
-4.801011984091487,3.000641149619494,4.213949936692153,-3.809489056873792,1.1910813079593234,5.4751623666000935,-0.9936219455192182,-0.007436627844860713,-0.004624982760285006,-0.11242213075443674,-0.14386799475358542,0.18732414357107832,-0.3070269535201945,0.0015813574464118574,0.003017042013198079,-0.013202416175772669,6147,412000000,20.67,0,2,2,-1.6252667943571517,2.561123779429912,4.062397515527927
-4.801011984091487,3.000641149619494,4.213949936692153,-3.831319137312069,1.20980868383595,5.438710069995211,-0.9936461895956854,-0.007521308728368095,-0.004797728676237507,-0.11219474861390327,-0.1371082589119699,0.18830213463273207,-0.3085914763329336,0.001750239391640207,0.0024285869585582986,0.002663100485733594,6147,570000000,20.74,0,2,2,-1.746566176885133,2.0389099480023827,4.91748155692094
-4.794679290446997,3.055344339391937,4.132232521764884,-3.848958232367383,1.2256705259227505,5.408171689227196,-0.9935992309734318,-0.007521551106439665,-0.00485088111059482,-0.11260756382414344,-0.1316612854672491,0.1896828425037089,-0.310194378046296,-6.78079246085872e-05,-5.080863143547276e-05,0.012331313973845681,6147,701000000,20.74,0,2,2,-1.716538698923221,2.2084929804482476,5.363989811516437
-4.794679290446997,3.055344339391937,4.132232521764884,-3.8627364071755412,1.238520688274918,5.383648110989768,-0.9935297006898494,-0.0075248335329008926,-0.0048227831208166325,-0.11322036694168625,-0.12759347996359566,0.19063891172245712,-0.31103249884907397,0.00016794500936612167,-0.0013642299336424912,0.017491187645646278,6147,821000000,20.68,0,2,2,-1.7477714832775415,2.79262168806673,5.229779944538318
-4.786029733815932,3.112486733567247,4.052262675054003,-3.882885541361782,1.2580202032920207,5.346769116716425,-0.9933937050027986,-0.00756194212759535,-0.004713798279184314,-0.11440954504697043,-0.1217186360189636,0.19178044069103467,-0.311746116072829,0.000953033378436885,-0.0022533866513185785,0.019604932094807737,6147,919000000,20.6,0,2,2,-2.2191232047666776,2.399356457736226,5.318175202816709
-4.786029733815932,3.112486733567247,4.052262675054003,-3.899177471901997,1.2744479214080868,5.31592720723924,-0.9933377661177485,-0.007645670098888245,-0.0046647918608206645,-0.11489066911562107,-0.11655115556952242,0.19221017558208695,-0.3129849990560903,0.0018723234916251386,-0.0005366041364140983,0.002732633811319829,6148,53000000,20.46,0,2,2,-2.4369840187638947,2.076840261813536,5.140122623045351
-4.786029733815932,3.112486733567247,4.052262675054003,-3.921202010325936,1.2976724720231596,5.2725772596503875,-0.9933669899114026,-0.00776057143609782,-0.00468259161419898,-0.11462927296776831,-0.11002687470062703,0.19251867881911078,-0.31455473154673547,0.0009199563407946698,0.00011201138789829201,-0.003662389462988358,6148,156000000,20.4,0,2,2,-3.0279651091450583,2.2023833739773617,5.503119833710666
-4.775184051270693,3.1720815411108556,3.9742014451881884,-3.947495450595042,1.323687772515572,5.222768507392594,-0.9933419527494759,-0.007892212918535833,-0.004490291351037928,-0.11484474374863252,-0.1432600028699143,0.1865539365210099,-0.31562484003698543,0.0014520585409627529,-0.0062142217302607605,0.008714944124221802,6148,274000000,20.41,0,2,2,-2.40975947734025,2.527182762618888,4.951287316468819
-4.762268117355413,3.2341347297119416,3.8982060370957945,-3.9720372517537688,1.3409063716715122,5.18521069885275,-0.9931554400187961,-0.008024729206835498,-0.003864458125396009,-0.11646004312907327,-0.18104439892103716,0.1756959334698209,-0.31961850573268985,0.000708151083017583,-0.016401170978497248,0.052023132229805924,6148,399000000,20.34,0,2,2,-2.2162758631395754,3.840437975262743,5.655538296883761
-4.762268117355413,3.2341347297119416,3.8982060370957945,-4.005318940262117,1.3580083658348645,5.140641761401925,-0.9926005755555501,-0.008098006628679056,-0.002608591995077292,-0.12112685475663676,-0.21383418089387388,0.16552696439520204,-0.3221863703204771,-0.0033657805715847644,-0.01581990782142384,0.057202774405595846,6148,525000000,20.1,0,2,2,-2.7984341910586865,2.4006880623362887,5.411626644635976
-4.747412579775129,3.2986449308157644,3.824429495415054,-4.05551568796162,1.3805021179262946,5.0769894122916135,-0.992164008451603,-0.0078629928838871,-0.00205640026396404,-0.12467768402608997,-0.20492365301043688,0.1680972442368162,-0.3220387852220298,-0.001976186081265041,0.004012960675936483,0.023896733910078183,6148,658000000,19.6,0,2,2,-3.096971769285914,3.5583975827885372,5.509620680199647
-4.747412579775129,3.2986449308157644,3.824429495415054,-4.086288057265854,1.393379838058648,5.038464154262565,-0.9918129279692489,-0.007937716428640215,-0.0017716638426296255,-0.12744006347374603,-0.23543679084719077,0.1581517365710713,-0.32593572569828516,0.0007629592857938405,-0.01165973217212013,0.06319374806480482,6148,736000000,18.95,0,2,2,-2.20646830128167,2.89170919850219,4.3850329090355
-4.7307524843902575,3.3656033648170482,3.7530203962825333,-4.114250046544064,1.4025649067369055,5.00600395388996,-0.9913114859356986,-0.008028611009329513,-0.001112881490695964,-0.13128534096389344,-0.2478620397811908,0.15567621980544974,-0.3278746924625823,-0.000410537666084565,-0.012532648634078214,0.09618749973014928,6148,850000000,18.55,0,2,2,-2.2036610092706277,3.3742406656201496,5.100256025343279
-4.7307524843902575,3.3656033648170482,3.7530203962825333,-4.136379808124304,1.4101263538914817,4.979981911322158,-0.9906842897236576,-0.008068575421614809,-0.0007760697425107585,-0.13593724250974132,-0.23717557821964985,0.16171992998395643,-0.3277913308210339,0.00016015450583495294,-0.0074464712270128075,0.13142357347533107,6148,943000000,18.04,0,2,2,-2.0455471818204796,2.5809922077611755,4.84705050833259
-4.712426890567834,3.4349937867204927,3.684122548120575,-4.16795484473446,1.4225013084112086,4.941006492158337,-0.9897779228701522,-0.007944716253087975,-0.0007932508133706847,-0.14239352385432463,-0.2137163706126683,0.17019105470236578,-0.32695995495015007,-0.0019914912286367326,0.00507970016769832,0.08610675140516832,6149,33000000,17.44,0,2,2,-3.040562204777949,2.360037714534105,4.480786341274832
-4.712426890567834,3.4349937867204927,3.684122548120575,-4.197150349181348,1.4361994973126488,4.902095849587326,-0.989240084233836,-0.007830020847219578,-0.0014098412938138307,-0.14608476603017512,-0.18968558176745307,0.17640104361290648,-0.3269642745342459,0.0005454205791011191,0.012877498193120118,0.04568656804622151,6149,150000000,16.59,0,2,2,-2.7334776317066503,3.0111094197793795,5.3597909735824665
-4.692578477964153,3.5067924525178915,3.6178747020262714,-4.224541845619324,1.450774260643453,4.863378439551488,-0.9889234958613315,-0.007808221155122538,-0.0022642438592299285,-0.14820332052805552,-0.1870709114428035,0.17522952055993346,-0.3226262726052443,0.0033704427323755226,0.013408718587015755,0.03530656031216495,6149,253000000,16.07,0,2,2,-2.005829366364038,3.7760765424098324,3.8550132334014333
-4.692578477964153,3.5067924525178915,3.6178747020262714,-4.253471335992108,1.4640053128618238,4.825619355050295,-0.9885944826972191,-0.007788944173344919,-0.003055405444366882,-0.15036936399031692,-0.19614598536464148,0.17078414502518452,-0.3160696460411219,-0.0014386838415703096,0.012970849547855323,0.03142322639178019,6149,397000000,15.76,0,2,2,-2.8776800708613783,2.9242041627353483,4.360559285997487
-4.671353145833668,3.580968106473816,3.554410272345218,-4.289894323966454,1.482612938683665,4.775635017322292,-0.9883202505254194,-0.007439956169662513,-0.004041798667008631,-0.15215581920222693,-0.1668513618893656,0.1772060131549346,-0.3164701503849703,-0.0029036135174465016,0.01142791188613046,0.02257504365843488,6149,555000000,15.49,0,2,2,-3.228043264688769,1.8331666614318278,4.884367354465084
-4.671353145833668,3.580968106473816,3.554410272345218,-4.318448196567777,1.5007722304125108,4.7318302475426215,-0.9880498919001395,-0.00718988619220524,-0.004696445929604362,-0.15389496433703087,-0.1415763991990762,0.18290358894680753,-0.3168751828937252,-0.0013051834457655787,0.007940425984998,0.027503700948727783,6149,666000000,15.32,0,2,2,-2.105787926708666,2.530179325049924,5.088125820961573
-4.648899605976141,3.6574819894536956,3.493857067992778,-4.333591723043996,1.5118349218578595,4.706789557481283,-0.9878899973657436,-0.007093654512559985,-0.004924335141182512,-0.15491540947815624,-0.1363813288040902,0.18579611024988424,-0.31700887560738195,-0.002589910013739427,0.0012449947547565898,0.016119931478897342,6149,811000000,15.17,0,2,2,-2.632202075351909,2.7924752932476578,5.317290437125875
-4.648899605976141,3.6574819894536956,3.493857067992778,-4.362027492254781,1.5310643349626654,4.662946567565624,-0.9880321012852984,-0.007042097894085863,-0.004263062635393711,-0.15402857521893226,-0.15211870796671104,0.18958096678668382,-0.317138664022513,0.001826623520173598,-0.009993997537094401,-0.019630471979326103,6150,4000000,15.08,0,2,2,-2.971415303653361,2.2400865462464217,4.504934031127613
-4.625368970448108,3.7362878683694305,3.4363370350639406,-4.389301701031543,1.5511607611318423,4.619084043995808,-0.988122219886699,-0.0072393267004462695,-0.004046942788341322,-0.15344605882581114,-0.12882965915916336,0.19245115393783954,-0.31716040570332343,0.0015563632246085035,0.0007078834869389539,-0.0033814636026363587,6150,117000000,15.21,0,2,2,-3.3444090007513267,2.919309489252952,4.383564738188945
-4.625368970448108,3.7362878683694305,3.4363370350639406,-4.418845549550365,1.574970536716108,4.569080450073133,-0.9882053720573081,-0.007361535253054016,-0.004025670460692486,-0.15290436361705567,-0.14511345942594142,0.19162820156833618,-0.31464331516222344,0.0010769516961772752,-0.00476187697131536,-0.016600661001575645,6150,228000000,15.3,0,2,2,-3.1715068609708763,3.4610811218707656,5.663651024995838
-4.6009143351756405,3.8173320867587197,3.381966011250105,-4.439979754771383,1.5884791041110586,4.53816152843699,-0.9882100028745265,-0.00751645365277215,-0.003748495998079986,-0.1528739412750456,-0.16970587199009282,0.1819022611937876,-0.31165516363716683,0.0031931059766066028,-0.005992669866827782,0.03061931001866469,6150,297000000,15.37,0,2,2,-2.939557021125618,3.20348713208876,5.373544403416336
-4.6009143351756405,3.8173320867587197,3.381966011250105,-4.498161243415228,1.6185797819580867,4.458800813438522,-0.986941353295051,-0.007506534186668532,-0.0037295096282277617,-0.16086176630439708,-0.15517090232776343,0.17778490600414795,-0.30798955809784967,-0.00340017429607542,0.005226881785347359,0.05661534960381687,6150,423000000,15.36,0,2,2,-3.7371256090801976,2.622637876380772,4.687014845436356
-4.5756903606132395,3.9005536364550437,3.330853492557395,-4.535760714116944,1.6454912609111518,4.397996297372613,-0.9859853358419759,-0.007153130794222938,-0.004202875678449526,-0.16662558645195552,-0.11384373527310132,0.18767159561354968,-0.3073925467956628,-0.0015607568911946146,0.003568257852748502,0.06049841504136566,6150,554000000,14.39,0,2,2,-2.8749960016787415,1.414724187134652,4.7077614523371265
-4.54985285059824,3.9858842502461127,3.283102412796268,-4.566229378801193,1.6714155599579832,4.343276886960993,-0.9845901196855299,-0.007216391513541622,-0.003958359130982229,-0.1746841472605546,-0.1055409203113697,0.18787174860526462,-0.30773280120556057,0.0007288625397450232,-0.007912047567515401,0.11067002778872848,6150,665000000,13.68,0,2,2,-3.4334484401433887,3.910101344762386,4.733721234871548
-4.54985285059824,3.9858842502461127,3.283102412796268,-4.596208777836074,1.695301948307959,4.2941983500894345,-0.9845560551374809,-0.007161860754973038,-0.0025202588909879146,-0.17490491799194852,-0.13991204114024566,0.2110602659656061,-0.3127036066365817,-0.00292952374820743,-0.023324251924350392,-0.0786920812970493,6150,801000000,12.71,0,2,2,-3.4837026766763963,2.7450980561568024,4.021436311259492
-4.523558330551639,4.073248515359478,3.2388089362865244,-4.6208075690135395,1.714339653737097,4.2570601556981345,-0.9855116766688055,-0.007529305031477149,-0.00153793524943119,-0.16943340718509825,-0.12939578513945185,0.214093548671217,-0.3122860896966919,0.006108674551796867,-0.007660131495867972,-0.08755784074310213,6150,944000000,12.57,0,2,2,-2.3326152236359987,2.699890839604433,4.185551845959816
-4.496963626174488,4.162564007555353,3.198062264195162,-4.647177138782396,1.7372392417668778,4.214080796243974,-0.9863391746907291,-0.00795010423603966,-0.0014663912446199398,-0.16452865406902584,-0.1321394041604788,0.20568077776591479,-0.3072116830275042,0.005013013833377045,0.0010985425433318596,-0.043866999476449564,6151,83000000,13.17,0,2,2,-3.4559561458642363,2.692441041593016,4.235960496291635
-4.496963626174488,4.162564007555353,3.198062264195162,-4.674680583080985,1.7582261082681647,4.172036631702974,-0.9865368052645132,-0.008189941835527993,-0.001786216355393373,-0.16332441992044594,-0.1285356337621096,0.19933834589286623,-0.30190199694690917,0.004224213716952363,0.008135655934893293,0.0022709732206749322,6151,163000000,13.52,0,2,2,-3.283747093804593,2.823770966628521,3.7617999405991687
-4.470225443784154,4.253741445548371,3.160944454897099,-4.704580046408298,1.7821917907454066,4.124529232603106,-0.9862602205173104,-0.008308881247032001,-0.002164563277714344,-0.1649759212230243,-0.1400113381797205,0.19321339699228585,-0.2994426415026749,0.0005905423506646912,-0.003090952259299229,0.03522894548950717,6151,320000000,13.6,0,2,2,-2.6955523755792923,1.7792302192528955,3.6573797725942674
-4.470225443784154,4.253741445548371,3.160944454897099,-4.729395559597008,1.7983289498698887,4.08937775424448,-0.9858986910327864,-0.008431311671551013,-0.0020049334248515563,-0.16711871303147763,-0.15935623085918377,0.18672486665098686,-0.29216970973258183,0.0022839363509774557,-0.00041257360123836406,0.03144944384985138,6151,448000000,13.38,0,2,2,-2.430016963903695,3.205604853469845,4.8794120650857975
-4.44349995342669,4.346684865422453,3.1275302587205256,-4.767663230814367,1.821118693511891,4.038372642601576,-0.9854645030138913,-0.008478104763704851,-0.002517076531885838,-0.16965111070939737,-0.14100001614600052,0.1870846907960735,-0.28469323875348945,0.0014762948808311194,0.010633255078573711,0.030799314845353365,6151,614000000,13.15,0,2,2,-3.5456861467663807,2.9562621026523423,4.277448453365336
-4.44349995342669,4.346684865422453,3.1275302587205256,-4.796122525388207,1.8441115743735008,3.993659160464036,-0.9850136380348415,-0.00847533985400702,-0.003562679046811448,-0.17223126550581486,-0.09855167850654004,0.19285241786002827,-0.2819647808909279,0.002514669290576421,0.01306083177041728,0.03442046872805804,6151,718000000,12.9,0,2,2,-3.69092939194787,3.433640223678172,4.1741518209707325
-4.416942375890457,4.441291814646157,3.0978869674096927,-4.82520650313872,1.8709500633660865,3.9435712201902167,-0.9842322772521416,-0.008407461662257809,-0.003595586357321852,-0.17664430577351753,-0.11361975166673806,0.1855196706090997,-0.28333905403785203,-0.0024731964003876783,-0.01450668896723073,0.06752250337740406,6151,965000000,12.7,0,2,2,-3.5112335310098555,3.104601064604699,4.904254021516291
-4.3907065747319,4.537453565240048,3.0720742786082935,-4.843183030958011,1.8840043619167206,3.915553382636536,-0.9835446344419034,-0.008354980927457475,-0.002748757453608913,-0.18045107560417978,-0.12707492710648274,0.1755407134419161,-0.2840448169374563,-0.0050097898565582,-0.017654885959927924,0.08484149511787109,6152,167000000,12.28,0,2,2,-3.2080908889409847,4.088035696091852,4.305529625914463
-4.3907065747319,4.537453565240048,3.0720742786082935,-4.876744575453642,1.9045429936038267,3.865034385285252,-0.9819166055627304,-0.008382930905071221,-0.0011954208370990736,-0.18912450174059448,-0.12395539234758976,0.17029199671735895,-0.28159274812295976,0.002619469250930706,-0.01942300641530892,0.1135099861130584,6152,344000000,11.87,0,2,2,-3.439351265875778,2.8852356710915403,4.132277056665382
-4.3649446544071155,4.635055345592884,3.050144175636353,-4.899670212556535,1.9224704512403195,3.8263673001450167,-0.9805231115529321,-0.008434400661243274,-0.00045692721651425464,-0.19622201663819572,-0.08494377379734737,0.1804766289544068,-0.27689936609685584,-0.002334232340217568,-0.004123112853449129,0.09139237154158764,6152,506000000,10.94,0,2,2,-3.4857545281124245,3.429231346895831,3.9067230679836475
-4.3649446544071155,4.635055345592884,3.050144175636353,-4.916576303043719,1.939829903892751,3.7936248750165387,-0.9795725638509969,-0.008279568842662312,-0.0003074851062045171,-0.20092024871344782,-0.07636789318674045,0.18435112372637033,-0.27615149140469525,-0.004909826975563192,-0.00527317442902131,0.06464352263719775,6152,642000000,10.16,0,2,2,-3.3084763830635526,3.565723410733444,3.8764573865360616
-4.339806565582618,4.7339765903700695,3.0321408228027407,-4.928544896217747,1.9511142610907768,3.7716895547431943,-0.9791411165412779,-0.008156512185549289,6.337603070529635e-06,-0.20301759817094955,-0.0849854113479406,0.18453778223223744,-0.2773030437553034,-0.003314675882393203,-0.007898522017057985,0.0466756580863148,6152,765000000,9.63,0,2,2,-3.019108656688762,3.0284903666295353,2.748234960910941
-4.339806565582618,4.7339765903700695,3.0321408228027407,-4.945159792486019,1.9690233929838457,3.7390041694691747,-0.9785976480448852,-0.008203738879763485,2.6144843217806857e-05,-0.2056194086798675,-0.05403726690171541,0.19034545734773362,-0.27336114412432444,0.0017690651588964101,0.0036026526231580647,0.04321985979913734,6152,917000000,9.48,0,2,2,-3.61175726557108,3.8230097955233355,3.8460131514255242
-4.315439718675568,4.834091207905732,3.018100476464131,-4.958635069409544,1.9889488787976728,3.7068905536246954,-0.9780304102283119,-0.00828242342425603,-0.0004312886476140025,-0.20829722062707307,-0.021436744834053664,0.19502853231384812,-0.2683680572257027,0.003767399425669282,0.008673749562149169,0.04960572914569639,6153,67000000,9.08,0,2,2,-3.061323773169384,3.7327612368024488,3.6466415883949344
-4.315439718675568,4.834091207905732,3.018100476464131,-4.970458526715054,2.014642420898732,3.6702239636290397,-0.9771992186464002,-0.008412624811028929,-0.0011596152941398684,-0.21215459012951582,0.014169476176076909,0.19961135327445562,-0.26245311637993013,0.003908643793693045,0.00919468602660345,0.061591471603605896,6153,189000000,8.76,0,2,2,-3.5776488124589205,2.88055610710636,3.9432795422360907
-4.291988606647645,4.93526786441942,3.0080514120095216,-4.977553847854643,2.038566638077753,3.6394862184377175,-0.9763339349453114,-0.008520507908280003,-0.0017288625228492074,-0.21609363584697794,0.04216759140619551,0.20285062779918744,-0.2572543836586102,0.0036511530424832017,0.007377707652267418,0.07369569721049629,6153,379000000,8.39,0,2,2,-2.7389385233754178,3.8751511291879868,3.792110224642051
-4.291988606647645,4.93526786441942,3.0080514120095216,-4.982470205444574,2.0639208611914106,3.609329700350905,-0.9753200392118897,-0.008639215965080502,-0.0020889898321972537,-0.22061691045952814,0.050542926709759926,0.20430583073459974,-0.2544735604349023,0.002465831425979559,-0.0018025005147137563,0.0715782807674259,6153,536000000,7.85,0,2,2,-2.806559013334296,3.1836439764251914,3.7015019255534596
-4.269594438048033,5.037370284349661,3.0020138669173706,-4.992394389303088,2.1008537906487894,3.5642520399199062,-0.9741040649279461,-0.008999332690298633,-0.0014765849767182952,-0.22591614019097295,0.0489528172072979,0.20532873323538095,-0.25093874548924633,0.002347634199395543,-0.005038948211222305,0.06192951695993543,6153,710000000,7.32,0,2,2,-3.710262999779315,3.643492462031688,3.106731426006199
-4.269594438048033,5.037370284349661,3.0020138669173706,-4.99745007395532,2.13129174508752,3.5302731199374158,-0.9730359953481343,-0.009163504041255785,-0.0014202331635543189,-0.23046684119046834,0.07669109858052378,0.20704799360873832,-0.24288930445502727,0.0016888837876649632,-8.080716629166318e-05,0.07042258948786184,6153,805000000,6.66,0,2,2,-2.9861066794673943,3.46453715712713,3.3673094445742855
-4.248394781269408,5.140257566049799,3.0,-4.9991161452153,2.14939270560505,3.5113841170960978,-0.9723918762977334,-0.009241454314051345,-0.0014653593018868808,-0.23316622215589267,0.08385876690387759,0.20554814475395525,-0.2373161654602604,0.003527657690938213,-0.0010300850078692747,0.062229368631960824,6153,999000000,6.1,0,2,2,-2.8166532876482493,2.667170633588028,3.3325558064116487
-4.248394781269408,5.140257566049799,3.0,-5.002370103213274,2.1800550130861542,3.4796580845531913,-0.9716626150543841,-0.009490512089767714,-0.0013203507709642452,-0.23617779184290694,0.0791978663491862,0.19879919487193698,-0.2254005023135986,0.0013775950492345146,-0.0032215242981692427,0.03845153150905389,6154,130000000,5.78,0,2,2,-3.284482218568378,2.835023758260073,3.2119672052063803
-4.2285232209468075,5.243784512046629,3.0020138669173706,-5.003948343662062,2.2067946276980663,3.4535653092901812,-0.9709590709799394,-0.009562355865923553,-0.0013285697260927804,-0.23905078693564158,0.1008597614306522,0.2002304662707232,-0.21810770057318546,0.0014248903994484863,0.001231782698596362,0.058964679192285985,6154,248000000,5.45,0,2,2,-3.3330617328363084,3.6799461166602527,3.8167075293296744
-4.2285232209468075,5.243784512046629,3.0020138669173706,-5.005171080735352,2.25308965162917,3.4121823806346976,-0.9696524167585525,-0.009845538024429576,-0.0014461497654606765,-0.24428500712520912,0.08652832497208465,0.20793320356313352,-0.20402089911328652,0.004346315517977928,-0.003658902687675436,0.03204773056495469,6154,339000000,5.24,0,2,2,-3.8820546981453665,3.707915512443112,3.451271101900071
-4.210109027392585,5.347801973019649,3.0080514120095216,-5.006757295447558,2.2715689509461154,3.3964274137397394,-0.9692825735392048,-0.009974224034919548,-0.001426132977262174,-0.245743308419269,0.09759465917930502,0.20910285239758641,-0.1993335843078072,0.002333451629965566,-5.4036856500516706e-05,0.04288533345970791,6154,455000000,4.6,0,2,2,-3.4001590398390173,3.7353938528247013,3.646081524078311
-4.210109027392585,5.347801973019649,3.0080514120095216,-5.007841834497705,2.304959677644954,3.369698762994866,-0.9683693272264133,-0.010015905000852424,-0.0015795895591372055,-0.24931512716019028,0.10592145760237655,0.20606853127520747,-0.19276067625338594,-0.0025245749839086784,0.0005300755901771481,0.06778809620300308,6154,566000000,4.44,0,2,2,-2.793321112951157,2.719190885101643,3.47993960528801
-4.193276839921718,5.4521572046181594,3.0181004764641304,-5.009179572259549,2.327675955485254,3.351018246355951,-0.9673149282148668,-0.009887078655239492,-0.0015394629923111197,-0.2533805544670458,0.10120222344749619,0.19973489103665995,-0.1889282767664222,-0.0010719458032326656,-0.0007909620649115823,0.09340401738882065,6154,712000000,4.03,0,2,2,-2.8779858096405944,3.60782788237333,3.671592995128364
-4.193276839921718,5.4521572046181594,3.0181004764641304,-5.009445176383487,2.360275074314282,3.3257381393614054,-0.965469441276517,-0.009822068487188772,-0.0015928203762959128,-0.2603262335130511,0.1247712225842484,0.19923172544838255,-0.18115844013043073,-0.0005756206007845321,0.0003601574263711882,0.10888444157899357,6154,830000000,3.58,0,2,2,-3.9060580896525483,3.5589573687529508,3.758231990850914
-4.178146364880431,5.5566942361953435,3.0321408228027407,-5.007688435389264,2.389555250422771,3.304955439062904,-0.9637912385788109,-0.009777722457778637,-0.0016749385209584968,-0.2664733366834494,0.14608853416070483,0.1992939503910442,-0.17421940639562208,-0.00032937845730884874,0.0005116786383041472,0.09765475770109333,6154,945000000,2.81,0,2,2,-3.7618947183196236,3.161521962553862,3.530681339477713
-4.178146364880431,5.5566942361953435,3.0321408228027407,-5.004178138438676,2.4247200326766145,3.281478549885728,-0.9620744880850716,-0.009712497755821153,-0.00155451340541762,-0.27260948305453864,0.14108842019899143,0.19491820860666623,-0.17409314940021364,-0.0033037069442798384,-0.009867628432402853,0.09153971186606213,6155,127000000,2.13,0,2,2,-3.5529256653763897,3.144488733603834,3.689152325404515
-4.164832089147639,5.66125425050276,3.050144175636353,-5.004086488356908,2.4524118825867216,3.2606106993120285,-0.9606451972418519,-0.00976606548176204,-0.0006495775095003067,-0.27760584833578045,0.10686133795827772,0.19226644402330104,-0.1802562872131637,-0.0033479532930869027,-0.01770213493728079,0.07160519235185347,6155,273000000,1.49,0,2,2,-2.4023106542317736,4.1810641848177665,3.0976145446755776
-4.164832089147639,5.66125425050276,3.050144175636353,-5.009765924138789,2.4865471726191286,3.2318765471522193,-0.9596179384079399,-0.00993494985081382,0.0008146163886431964,-0.2811299440779945,0.062312405145874016,0.20009864734125737,-0.18815288145827888,-0.0030633133064839058,-0.01974287624761928,0.01979945518542081,6155,336000000,0.98,0,2,2,-3.819575600152764,3.5461967952567526,3.170957899262898
-4.153443009833245,5.765675973355503,3.0720742786082935,-5.016726543085068,2.5114536305600907,3.209942951741908,-0.9592255945666756,-0.01013286553652474,0.001673059274463485,-0.2824549249648346,0.07136162960977363,0.20352117672960848,-0.18333460231588317,-0.00011976516844924845,-0.008852072460285854,0.035850498170475475,6155,493000000,0.67,0,2,2,-2.9858120686589857,3.4649928544251143,3.9808015581512235
-4.153443009833245,5.765675973355503,3.0720742786082935,-5.023232784317054,2.541763763657384,3.1856583864813603,-0.9583026858782003,-0.01011753483620041,0.001923262118579138,-0.2855694290190892,0.06974964588978941,0.20252361034983662,-0.17339436111759962,-0.003051477938242897,-0.0004101244243770452,0.04986141902918462,6155,612000000,0.6,0,2,2,-2.6791014115817804,3.6512876394016707,3.057134400635264
-4.144082380849918,5.869796072247862,3.0978869674096927,-5.030040475716802,2.5666724989847918,3.1659372257344844,-0.957363555532492,-0.01001310839809275,0.0017756671440036951,-0.2887067841332909,0.07315556142031424,0.20147740894924587,-0.16416287810831923,0.001780479840363114,0.004960829710398684,0.06403039005817845,6155,802000000,0.51,0,2,2,-3.7132433391540873,4.000614057406165,2.1785243880695853
-4.144082380849918,5.869796072247862,3.0978869674096927,-5.035326374369957,2.5975994455400446,3.144446452702275,-0.9558269285020652,-0.009988406676490445,0.0012308191963591895,-0.29375772256483523,0.10571350215057629,0.20157277361591092,-0.15268711160749798,0.0015058013104862766,0.00777029254095396,0.08395071054110304,6155,881000000,0.62,0,2,2,-3.9804923020884924,3.4865723896184853,2.5978431828031905
-4.136847476985778,5.973449562871589,3.127530258720525,-5.037236176683069,2.630936168015922,3.124627653296093,-0.9540121429791472,-0.009926648858622326,0.0006309580646037469,-0.29960289481694524,0.1361035711903742,0.20085141722310276,-0.1400941887997495,0.0013694596646018908,0.007133326198527357,0.08576786931371316,6156,26000000,0.89,0,2,2,-2.6848564067329455,3.4686324678019727,3.5348409455549823
-4.136847476985778,5.973449562871589,3.127530258720525,-5.03707973906884,2.6608060517156398,3.1093186966528528,-0.952564976750364,-0.009797083794971448,7.26901763545432e-05,-0.30417754179727197,0.14058066677137365,0.1997726230374312,-0.12265610135699552,-0.0006609825959458249,0.014078135063755326,0.06940331441001035,6156,123000000,1.58,0,2,2,-3.422867444173623,3.9432312502745765,4.338318151404636
-4.131829376054615,6.076470222463971,3.1609444548970984,-5.037885489760909,2.6899481996413943,3.096524596754702,-0.951440784944802,-0.009457396868712154,-0.001018986659506174,-0.3076848258433854,0.1401014185926884,0.19893220177160653,-0.10420705738571834,0.0031478622986469418,0.017889908303914126,0.06521064788103104,6156,277000000,2.05,0,2,2,-3.3589967168514545,3.590746466539809,2.979705759912912
-4.131829376054615,6.076470222463971,3.1609444548970984,-5.036532676943319,2.7305630295745194,3.08161798487146,-0.949527045404846,-0.009354020434205506,-0.0022061937372198784,-0.31353791645613416,0.1709923730885889,0.1970001446955053,-0.09163318329293621,0.002992992972394859,0.010389172803115798,0.08636727434350178,6156,395000000,2.29,0,2,2,-3.2161489400040355,4.300876092434096,3.2141176343420352
-4.129112759647949,6.178691008890939,3.1980622641951615,-5.034766142360659,2.751707333707639,3.0748724706887294,-0.9484274246438111,-0.009236991679560148,-0.0025387725759593374,-0.316849574407205,0.17264913470363347,0.19803641863423138,-0.08569523713563242,-0.0063158589455269976,0.004676241451306851,0.0824263392132707,6156,531000000,3.02,0,2,2,-2.6464226895940026,3.800461329890208,3.3847695399918925
-4.129112759647949,6.178691008890939,3.1980622641951615,-5.03419411186312,2.782725798850049,3.0656423690619516,-0.9470709081864344,-0.00875667265446952,-0.00237429108704664,-0.3208962110913413,0.1531449529617644,0.20391626693573564,-0.07698813953871186,-0.009291253445553593,-0.004163463700024295,0.06666580084129237,6156,647000000,3.36,0,2,2,-2.9607183640412513,3.9535131755379904,2.0074892830104405
-4.12877573295956,6.279944484351441,3.2388089362865236,-5.033713761456055,2.814150522311374,3.0573206970065674,-0.9455779411042915,-0.008389810855866885,-0.0018840885716066525,-0.32528206003563426,0.1723395589029177,0.2028240734048011,-0.06970261591408701,-0.004268070097168675,-0.006850296495031216,0.08572379520046525,6156,805000000,3.77,0,2,2,-2.806426212552836,2.9104299264328137,3.149865486788942
-4.12877573295956,6.279944484351441,3.2388089362865236,-5.029684853432386,2.8637416257582444,3.0465801515888105,-0.9427148973269999,-0.00827129969557083,-0.0013730478445840573,-0.3334941119400859,0.2028004912030275,0.19862314053897073,-0.05812662848067718,-0.0031991118021323928,-0.004853831069340231,0.10394395867479034,6156,935000000,4.22,0,2,2,-3.464951765070088,3.4190631488421612,2.1295078990695364
-4.130889664098318,6.3800632425732875,3.283102412796268,-5.021827449391871,2.9161479220849573,3.0380454778987227,-0.9397963448028872,-0.008563757241055167,-0.0013666345849525064,-0.34162497664392166,0.23215708712081473,0.19401418263020012,-0.04548193724059339,0.0033098108588092146,0.00011973150542132771,0.08969906120910309,6157,80000000,5.06,0,2,2,-3.187750232449195,3.951642350350043,3.3497706073266227
-4.13551904324917,6.47888033835782,3.3308534925573943,-5.0171787367301715,2.9460482404639334,3.035303060229443,-0.9389095073422429,-0.008672800875908647,-0.0020412652234827054,-0.3440487651243658,0.22195883000831068,0.20290629969579302,-0.01775538495290746,0.007118708163034171,0.0217220756894676,0.016934642553678714,6157,200000000,5.91,0,2,2,-3.1165408166492337,4.528166040122944,4.374545536458893
-4.13551904324917,6.47888033835782,3.3308534925573943,-5.013345065239823,2.987827760391882,3.036196570975923,-0.9392525291808614,-0.008220747018653086,-0.004120111579921613,-0.3431036730004199,0.2136569459798427,0.2132955471727586,0.013784690922952527,0.0004832716314240315,0.02867545554181561,-0.010743474012997467,6157,337000000,6.16,0,2,2,-2.8751278630663917,3.343545539985366,3.4463168323515947
-4.142721361985436,6.576229718320881,3.381966011250105,-5.010144340170537,3.018250993618251,3.038215536224188,-0.9390460875916145,-0.00768445617614933,-0.005054515003211186,-0.34366822138545333,0.22616799299767046,0.2111463401743583,0.01920152997671176,-0.009512015640211757,0.01408105636073742,0.0317043002723949,6157,470000000,6.01,0,2,2,-2.5094357286494384,4.0729317349325544,2.656673773908593
-4.142721361985436,6.576229718320881,3.381966011250105,-5.004952408379426,3.0555343898375735,3.0411265908057885,-0.9379549808375937,-0.006964182273411191,-0.005230084522705791,-0.34664766017254045,0.24060325800651067,0.207163872823772,0.023727835354387234,-0.01008122053463012,0.001175729812530335,0.06788624086766504,6157,585000000,6.04,0,2,2,-2.585693443285019,4.505839384572529,3.2761715187210316
-4.152547012978048,6.671946651670999,3.43633703506394,-4.998454531226477,3.093521089564552,3.0444540901880868,-0.936289354689265,-0.006449346294206961,-0.004882968384439572,-0.3511364504686085,0.2538082080160366,0.2023869343307517,0.02733190893781265,-0.009978385969588999,-0.005955834421911277,0.08460713288513944,6157,723000000,6.34,0,2,2,-2.687004958553729,4.4045946457289515,3.539307043380611
-4.152547012978048,6.671946651670999,3.43633703506394,-4.989492769231497,3.138675435006396,3.048869990163926,-0.9342016050544719,-0.005985120734480813,-0.004142308694235729,-0.3566712502040547,0.26750994466221206,0.19756760924139072,0.03157655268277089,-0.00964845730777597,-0.009486826274951454,0.08351801734534092,6157,864000000,6.83,0,2,2,-3.0119338599838925,3.971240787001239,3.3419570207409617
-4.165039210289305,6.765868159862174,3.493857067992778,-4.980849441900755,3.1780082113874326,3.0531262183789667,-0.9323439436609353,-0.0057118058050251,-0.0034390035331758927,-0.36151116061322225,0.27755964665411115,0.19360263638116873,0.03553047914714762,-0.006916455868122284,-0.009956103167496622,0.09282857427024283,6157,956000000,7.46,0,2,2,-3.058898659961029,4.720381103339616,3.3387182701329023
-4.165039210289305,6.765868159862174,3.493857067992778,-4.969845534052601,3.224522041597268,3.0587357565215973,-0.9297941151461568,-0.005505219772101252,-0.0026850435613155364,-0.36802905664622404,0.2879658987018421,0.18849562492928898,0.04022613570165927,-0.0063922651861503255,-0.00915828504730598,0.10452571004861966,6158,62000000,8.02,0,2,2,-3.276828201100799,3.575000084017314,3.224357804566176
-4.1802339303802745,6.857833443958347,3.5544102723452164,-4.959780493999777,3.2648308351090822,3.0640752964149285,-0.9274406344978163,-0.005320256404737428,-0.002086333786940728,-0.373926746255741,0.29565844031771676,0.18429041557711512,0.04443213029046758,-0.006767010472685797,-0.008506702943122946,0.10504778401809745,6158,175000000,8.75,0,2,2,-2.8781260629997427,4.309780190362852,2.878390819247647
-4.1802339303802745,6.857833443958347,3.5544102723452164,-4.956324931995377,3.2783540530788167,3.0659751141104588,-0.9266564847379959,-0.005254240958930862,-0.0018921914416902194,-0.37586775846900417,0.298007170177717,0.18303318990411982,0.04588442851360068,-0.006675702661596006,-0.008251752660726197,0.10439277466502972,6158,369000000,9.42,0,2,2,-2.204957557244844,4.175505731628582,3.247966187146404
-4.198159873902308,6.947684308549583,3.6178747020262705,-4.947207393603985,3.3188303496298652,3.0718814335383615,-0.9252558066543883,-0.005103282354236521,-0.0013374143721419048,-0.3793070788745539,0.27557630027991004,0.19814319613674553,0.046842137453096455,-0.0051551141041272786,-0.007804515553289093,0.000648674196668253,6158,553000000,9.65,0,2,2,-4.284478581202403,4.854815034858883,2.893141617910862
-4.198159873902308,6.947684308549583,3.6178747020262705,-4.936878970138208,3.3857686912840257,3.0823724147933644,-0.9251120263230146,-0.004864681151016186,-0.0004990306413683752,-0.3796627774726455,0.2753621358456456,0.2006449993247883,0.053870989297328906,-0.006284117944233003,-0.005489623345056316,0.03184205215802649,6158,638000000,10.06,0,2,2,-3.1333678541046943,4.175809097334091,3.7960474456513773
-4.218838448284354,7.035265581066037,3.684122548120574,-4.929366147086041,3.4357163484911117,3.093155076192358,-0.9225160620516636,-0.004047011437222466,-0.00030748351366940226,-0.3859373555501032,0.23620866791365014,0.1775407760513185,0.07464413662114716,-0.010834235490619903,0.00568312034374685,0.11919499083887786,6158,797000000,10.17,0,2,2,-3.4519256302674224,4.50046089505329,2.9478033541225295
-4.218838448284354,7.035265581066037,3.684122548120574,-4.924353951689169,3.4756291003277138,3.104427890977109,-0.9192486486643452,-0.0034127655369125282,-0.0004683365696972791,-0.39366236246436187,0.23001748958503315,0.17317651512219434,0.079498394448527,-0.00551874513803341,0.0033186783412020304,0.10964979737764224,6158,897000000,10.96,0,2,2,-3.1613705947557964,4.951486190801297,2.5802253938456845
-4.242283771069134,7.12042552534505,3.7530203962825324,-4.920933781742574,3.5097558128536908,3.114353766657431,-0.9169318833278355,-0.0029486833711545417,-0.00042210886394445876,-0.3990326408044233,0.21684054848122453,0.17785202038913817,0.08525553605944505,-0.011309976980555803,0.0012573236176649516,0.08087684036581777,6159,11000000,11.86,0,2,2,-2.76542349446816,4.679727232174839,3.1005113082087004
-4.242283771069134,7.12042552534505,3.7530203962825324,-4.920342740225887,3.547955619329884,3.12731835712251,-0.9151200374031725,-0.002252480129009809,-0.00013161838604102663,-0.40317518047752526,0.20270643851377318,0.18376017455065716,0.09463168613284764,-0.008675060053064954,-0.002249523117825447,0.0599430004513124,6159,123000000,12.48,0,2,2,-2.1051302927037865,4.942343028607157,3.871058080389882
-4.268502693892854,7.203016248319119,3.8244294954150533,-4.919836638339852,3.575689160493788,3.1370511625620634,-0.9138551022380269,-0.002127815396114101,0.00010522645363989901,-0.4060348672744233,0.2147848550430546,0.18230722774723246,0.09786921364254017,0.0029222756893432233,-0.003259033314861881,0.06753417037543841,6159,268000000,12.96,0,2,2,-2.8099393912694204,4.4043196727222576,3.2786283368203337
-4.268502693892854,7.203016248319119,3.8244294954150533,-4.918445793544986,3.604292033792243,3.1471632757498194,-0.912354092528281,-0.0023633803928724212,0.0001271778112497356,-0.4093951735253111,0.22862386474028304,0.1797997738132507,0.10157380888137704,0.004486755915422691,-0.0018345881585446477,0.07794334887876175,6159,383000000,13.3,0,2,2,-3.079686590468411,5.59381497210822,3.111562895720442
-4.297494846945124,7.2828940987080575,3.8982060370957945,-4.915600446772666,3.639696845215332,3.1597694238068668,-0.9103104389408812,-0.002612183771180809,6.897088741746158e-05,-0.4139179586514969,0.24423963327722165,0.176086332917521,0.10554768892766471,-0.0003476382055112026,-0.0009002359092846746,0.08460101817036048,6159,535000000,13.7,0,2,2,-2.3024898298287946,4.825532571956922,3.310740267380279
-4.297494846945124,7.2828940987080575,3.8982060370957945,-4.910237596916212,3.688540575340966,3.1773364732497393,-0.9076060184418511,-0.0023352041396999226,0.000400662428190794,-0.4198162712179873,0.26110878726093845,0.17249540337265648,0.11076602380021658,-0.005752516653956263,-0.0034594083672345732,0.07822713232599199,6159,642000000,14.25,0,2,2,-3.8015041862133296,4.704931057822,2.735871398801507
-4.329252703688477,7.359920056617248,3.9742014451881875,-4.905269838202309,3.726221275038017,3.191077610114194,-0.9055167128182134,-0.002337124528961508,0.0005979892941449513,-0.424303739159387,0.27238643654969713,0.169435320831352,0.11525863078312268,0.0009216385080890177,-0.0025632510187278967,0.08846902928780764,6159,696000000,15.0,0,2,2,-3.552097269840201,5.537701900365823,3.026984330090095
-4.329252703688477,7.359920056617248,3.9742014451881875,-4.899878846209056,3.7644571284989885,3.205597482884384,-0.9032626298586303,-0.0023636536824466845,0.0005655036343060034,-0.42908124504315037,0.26936370414722616,0.16904783073156318,0.12723627453304334,-0.0005691563046639203,0.006860040321043925,0.07493356533814222,6159,812000000,15.6,0,2,2,-3.8150904065479088,5.8445659784664965,3.502336071713887
-4.363761665560097,7.433960112965551,4.052262675054003,-4.89235036170976,3.838825287356212,3.2399557301194664,-0.8998493860557966,-0.0020230887518206757,-0.0008603438015048663,-0.43619519636906956,0.26803313238648835,0.16744500635309997,0.14789966824406198,0.00466368333036371,0.008109294321911875,0.07734724640613422,6160,12000000,16.23,0,2,2,-3.29913973048447,4.75789422318353,3.9549586636372736
-4.363761665560097,7.433960112965551,4.052262675054003,-4.885984615266762,3.889673793713246,3.264071893369223,-0.8969073904408184,-0.002127343451893577,-0.0014462066265905024,-0.4422109404671851,0.2812157114449381,0.16196664227360383,0.1518256230431045,0.004163879975749296,0.0043751500015787315,0.08793216038611718,6160,180000000,17.15,0,2,2,-3.464373512437792,5.418414634829575,2.9912886617336127
-4.401000166322823,7.504885637691123,4.132232521764883,-4.881847401037415,3.9276961007786544,3.28192596587075,-0.89488513637848,-0.0019877236569322736,-0.001465306408423563,-0.4462896979772914,0.2586901471627641,0.17063363926167255,0.14219023600240882,-0.005663992669724394,-0.0026601795752867474,0.05929715662205126,6160,319000000,17.9,0,2,2,-3.200627647930837,5.500978878342736,2.346538923819497
-4.44093979567767,7.5725737357109155,4.213949936692153,-4.881169350875049,3.9578343985242572,3.2957012096180023,-0.8937672973706328,-0.0018569202769258028,-0.001112916038884739,-0.4485257310520438,0.23759130519153926,0.17807579513946595,0.1361687452371974,-0.00527339229847712,-0.006165088143461617,0.05213787480897736,6160,430000000,18.42,0,2,2,-2.604391233759723,5.041379160042227,3.2975617926112326
-4.44093979567767,7.5725737357109155,4.213949936692153,-4.881533949584584,3.987104570412385,3.309690647245931,-0.8923449631389616,-0.0017564168195160596,-0.0007388353733316754,-0.4513500148252708,0.22975082261464888,0.17730889102396832,0.14155905704841948,-0.0044970031467528315,-0.005673146870321943,0.07070283245411702,6160,562000000,18.71,0,2,2,-3.0501039469242643,5.4868784070445304,3.3684461913814183
-4.483545441696767,7.63690758964005,4.297250351837314,-4.8817945346730625,4.016343995536234,3.324110366880155,-0.8906168165641458,-0.0019570885875136285,-0.0005660486021810919,-0.45474997025441033,0.23899522799336995,0.17313281570072164,0.14499004438455937,0.00474097018923203,-0.004384639078125474,0.07993699327926151,6160,680000000,19.07,0,2,2,-2.92618133740747,6.862217582086959,2.5498143692712594
-4.483545441696767,7.63690758964005,4.297250351837314,-4.881318642861382,4.046172015370902,3.338970525729334,-0.8887328284804684,-0.00234317109714948,-0.000610863556734856,-0.45841912697446496,0.25026470291602976,0.16869967296680857,0.14975450090240366,0.007476473774659098,-0.0018060564912047994,0.0842361339891795,6160,781000000,19.5,0,2,2,-3.0773153273006044,5.107832094989542,2.4083523297167773
-4.528775451583464,7.697776788310476,4.381966011250105,-4.876929192261113,4.12656735295543,3.37988107153979,-0.8836124703942189,-0.002634054280057497,-0.0006863543389150434,-0.46821105587074385,0.274468116859018,0.15906648850848343,0.16207631614981446,-0.001718960470498132,-0.0012149925510129833,0.08250409591710195,6160,885000000,19.96,0,2,2,-3.318277914094505,5.10105082437897,4.053062371148712
-4.528775451583464,7.697776788310476,4.381966011250105,-4.872677150162191,4.177700672956186,3.406571837615568,-0.8805656978813127,-0.0025532480216395254,-0.000561682190022645,-0.47391688844401203,0.28575214056088455,0.15433047846957465,0.16866008270586458,-0.001622932097689045,-0.0008498313547988801,0.07978828143677674,6161,50000000,21.23,0,2,2,-2.9434580659873153,4.743705114892381,3.1573837430084963
-4.576581810215823,7.755077640164158,4.467926308866649,-4.870404320075388,4.2096653016393795,3.423476479918181,-0.8790892879333456,-0.002588206438181039,-0.0005541225292471884,-0.47664978545730924,0.2690291213981009,0.16210612108458297,0.16511464149456972,0.002158621919079451,-0.0005630767759612354,0.03761130174098071,6161,159000000,21.98,0,2,2,-3.2386412274112955,5.760148325568702,4.021209630204623
-4.576581810215823,7.755077640164158,4.467926308866649,-4.870929689173782,4.2461903688790095,3.4430165325464395,-0.8788479619934252,-0.0027075002582591717,-0.0005871066408942871,-0.4770938947923634,0.24430882463424233,0.1765964962322052,0.16169819194127055,0.0018526722897149739,0.0011601054552556889,-0.0230406241826131,6161,289000000,22.34,0,2,2,-2.96996554192983,5.663133306959709,3.288776280970115
-4.626910335880682,7.8087134706344985,4.55495813208737,-4.873553491567755,4.28852043122048,3.4666430012990244,-0.8806354168159937,-0.0026241619556626092,-0.0008434622227902932,-0.4737865183759772,0.2451485375865105,0.1834752669738619,0.17140319613861604,-0.00023983285473150318,0.003515196749503957,-0.047831351548666134,6161,528000000,22.42,0,2,2,-3.4923976776241337,5.386031730495866,3.532342028435932
-4.626910335880682,7.8087134706344985,4.55495813208737,-4.875453954681159,4.337940680209863,3.49490688542694,-0.8816738348134612,-0.0024840487374541563,-0.0009566577961863206,-0.47185184466425073,0.2562725798175399,0.17956700263963601,0.17880940468212153,-0.0013251589280116605,0.0012665104122788762,-0.011375729445717297,6161,687000000,22.02,0,2,2,-3.4076445442286056,5.9142096880136314,3.6036522062367626
-4.6797008925584365,7.858594902670625,4.642886210402726,-4.881428033945939,4.403387514195159,3.536221499267726,-0.8837056918366195,-0.001681673904508827,-0.0008551848866066238,-0.46803919798159016,0.2118557119646347,0.1970773655524271,0.1939055945575821,-0.004497472900766297,0.002611851368783391,-0.044269512727623805,6161,815000000,21.81,0,2,2,-3.559297722842603,5.630945748495739,3.3168169171747257
-4.734887618073344,7.904640119602524,4.731533468364688,-4.890051303456105,4.472648616476413,3.584272550043933,-0.8835921321076411,-0.0012893933451338482,-0.0007634133852306181,-0.468254950579572,0.2133748813178399,0.1917717679572491,0.2077345883903111,-0.005165098264114931,0.0016880443013178592,0.026411926410219166,6161,893000000,21.36,0,2,2,-4.360820181301484,5.1134673598419935,3.5738688748759473
-4.734887618073344,7.904640119602524,4.731533468364688,-4.89472626909964,4.500228555339849,3.605730231154672,-0.8828876977271672,-0.0009617270368822257,-0.0007537280677265136,-0.4695826020809636,0.193331482369081,0.19543497318811498,0.21920984400319937,-0.006300985478446819,0.003554406816874689,0.03246193555241916,6162,5000000,21.48,0,2,2,-3.1265675254840537,6.285085479795392,3.770210619157251
-4.792399167380991,7.946775109590542,4.820721382193133,-4.905868861455313,4.5403218847408295,3.6422677266530843,-0.8816364639139245,-0.000483579486488886,-0.00045035665754126217,-0.4719287115943598,0.12938108011139987,0.1989521507727585,0.23517184846648057,-0.007745246875856537,-0.013871087048755726,0.029400862695183605,6162,100000000,21.69,0,2,2,-3.944496188060557,5.150306967155506,3.9322807324110234
-4.8521589702234715,7.984933890950487,4.91027033929897,-4.9164114803640695,4.560237390952413,3.6661520672483743,-0.8809115219824946,-0.0007371121758184412,0.0005399943536405786,-0.4732801025927699,0.1076107930320395,0.19633715125885862,0.23991461244186213,-0.0011276774557700264,-0.01889332925202325,0.037780582715640776,6162,211000000,22.03,0,2,2,-3.1221590530245233,4.874088365104542,3.316050334803461
-4.8521589702234715,7.984933890950487,4.91027033929897,-4.932471648496922,4.592383128911256,3.704763415091042,-0.8796341544624209,-0.0011068512098125645,0.0017737496989016614,-0.4756462792828163,0.10887868742648281,0.19770593074650838,0.24044787496377057,-0.008784254441707162,-0.01564206486364128,-0.0036978638377149764,6162,458000000,22.17,0,2,2,-2.9020245012289307,6.085036797799656,3.6381809421502074
-4.914085502344078,8.019058717695309,4.999999999999999,-4.9440678115609344,4.612220343872574,3.7291415699608073,-0.8808790544631795,-0.001024904462399335,0.0024299889656048093,-0.47333406398919237,0.10074428572120012,0.21545134665494672,0.24903769816972426,-0.006539551122841658,-0.002400120581569354,-0.10324579270672984,6162,618000000,22.39,0,2,2,-3.649147233300126,6.147064592503151,3.7746934665744267
-4.914085502344078,8.019058717695309,4.999999999999999,-4.965716493108529,4.645863102800298,3.770611943359964,-0.8862632786976073,-9.531795016300788e-05,0.002432857606478304,-0.46317542351739893,0.10539012973671762,0.23246469465717193,0.26351868441938747,-0.013151413895684527,0.003376592349013663,-0.11613159513217397,6162,728000000,22.05,0,2,2,-3.570360746024486,5.409623300065845,3.322928727878671
-4.978092569416851,8.049100264685944,5.089729660701029,-4.981212231693934,4.672122754148038,3.8025313156062457,-0.8886120119779106,0.0005069290402861452,0.0025152785849590488,-0.45865249216063103,0.09899829934256153,0.23026740935969742,0.26916213868366345,-0.0063716819568071514,0.005863788192073116,-0.06820386261097156,6162,861000000,20.61,0,2,2,-3.3913028069359834,5.503458109278622,3.4541136187183348
-5.044089602812401,8.07501779183718,5.179278617806866,-5.003241562812475,4.705184188275568,3.8465376738609742,-0.8910506689910774,0.0009796730599699768,0.0018023905067428578,-0.4538992144955859,0.0815675787757203,0.23600610047777842,0.2847481669378778,0.007475106758647598,0.01812279242585646,-0.09219145358656533,6162,973000000,20.19,0,2,2,-3.4246652103469675,5.364889376154035,4.365697053256583
-5.044089602812401,8.07501779183718,5.179278617806866,-5.018211281320344,4.72566768467649,3.8757048460389787,-0.8934867517197373,0.0011417705321870317,0.000684869149963306,-0.44908757699986696,0.0724558512493547,0.24520353449377758,0.2980801007079076,0.006764083627786022,0.02214378928329097,-0.1149964373325929,6163,133000000,19.59,0,2,2,-3.5005560202799204,6.240002097789429,4.457090534891379
-5.1119819662900525,8.096779286879451,5.26846653163531,-5.0409596514974755,4.754247557357383,3.918380159756123,-0.8974108062165089,0.001708893309961725,-0.0006015579816379069,-0.4411922060706481,0.05390411430820794,0.2588679983477336,0.30676371988846696,-0.010943971665255958,0.011334574446664192,-0.14586506149498746,6163,364000000,18.99,0,2,2,-2.746100900375979,6.686512147543246,4.175380447885553
-5.1119819662900525,8.096779286879451,5.26846653163531,-5.0690480011666175,4.786583009067447,3.966826651791734,-0.9022062988786705,0.0023603444187442076,-0.00025745799553610754,-0.431298222525037,0.058095115768661276,0.25783714976833555,0.30303644331400914,-0.005525020560526173,-0.006769517221982824,-0.09180676206597127,6163,600000000,18.04,0,2,2,-3.04749370836559,5.567825113543127,3.75810009739117
-5.181671272677615,8.11436158623374,5.357113789597273,-5.0844941273951365,4.8079659256890235,3.997012204572849,-0.9034519097679347,0.002508378893150717,0.00031930354938545895,-0.4286819949767465,0.07590995053550209,0.24973417874554554,0.30341452546810516,-0.010193335492658662,-0.011293564148218138,-0.02921480918303132,6163,719000000,16.87,0,2,2,-3.361017298607734,6.6983798419853455,3.6415586073081414
-5.181671272677615,8.11436158623374,5.357113789597273,-5.100719631315708,4.834796850395092,4.033312454802875,-0.9034351098901962,0.002693229516687438,0.0012478853576910003,-0.42871458047819344,0.09670912154433745,0.24026531161407835,0.3041716628439445,-0.008990061905933544,-0.013391309403232299,0.021713366732001305,6163,868000000,16.59,0,2,2,-3.5431991108847796,6.162052736033492,3.7298237357086776
-5.2530557095740935,8.12775047361449,5.445041867912629,-5.116836372701025,4.867505800030942,4.075735883353203,-0.9023224867901128,0.0025976450336597317,0.0022114550242733635,-0.43104813134945974,0.11981561097323343,0.2300891585639889,0.3048966170508959,0.0012646307709474058,-0.011294953492324566,0.040326604357687756,6163,974000000,16.66,0,2,2,-2.28039574214991,5.735222727950925,4.54732272315095
-5.2530557095740935,8.12775047361449,5.445041867912629,-5.124781465101807,4.886869953211453,4.100055373273875,-0.9016356810160142,0.0023474364110466677,0.002535623675469994,-0.432482553259274,0.1322285741535808,0.22496662387974972,0.305324321019263,0.0028018608418278745,-0.00873827384566539,0.03902402022504248,6164,124000000,17.02,0,2,2,-3.280447923238091,6.203298043673831,4.029111644558755
-5.326030373087438,8.136940756034273,5.53207369113335,-5.1397765402740605,4.932011860838999,4.154890502723858,-0.9000670032075443,0.0017651026510779391,0.002853756844886618,-0.43573860308847057,0.155674888827412,0.21509174628820332,0.30598164770829067,0.0061954406646691496,-0.003367159183653712,0.048050291661638767,6164,234000000,17.24,0,2,2,-3.973803373185869,6.232709207570167,5.138999017788856
-5.326030373087438,8.136940756034273,5.53207369113335,-5.149185727808682,4.9683206569715255,4.197669541125471,-0.8983654549572239,0.0013590655991003616,0.0027811759291983392,-0.4392378937895137,0.17030437635400814,0.20814825724153155,0.3059866026192918,0.005353148935682839,4.7406786940484835e-06,0.06071906682336703,6164,393000000,17.62,0,2,2,-3.104621592047904,6.392755464910686,3.7492913265687973
-5.400487608599136,8.141936316943644,5.618033988749894,-5.153855304716145,4.9894146662992105,4.222098261035438,-0.8972712552971132,0.0012052602294176395,0.0026733684637833192,-0.441469925211649,0.1734534129993133,0.2051076869140768,0.3041851678438589,-0.00023261170127852893,0.0018941128018923337,0.05825496118632145,6164,508000000,18.27,0,2,2,-2.7464751957425726,6.879613387446671,3.8189997544135106
-5.400487608599136,8.141936316943644,5.618033988749894,-5.160655518978789,5.014584189828371,4.251744681436621,-0.896455973287522,0.0015575176664081153,0.002629545784395172,-0.4431222715964612,0.14814283773597206,0.20626252291915587,0.2910691001938605,-0.006541100765389274,0.005069450844530365,0.022175803496793378,6164,655000000,18.59,0,2,2,-2.1635553166919728,5.630057525719748,4.036568453716629
-5.47631735752994,8.142750146300394,5.702749648162685,-5.17073779457629,5.048800292355632,4.292326062864929,-0.895534409676501,0.001459538069689173,0.0023217784511800625,-0.4449838201314824,0.15651882306816894,0.20169204777321234,0.29075692699013744,0.007006958867350477,0.0023551484673589584,0.036223308416083455,6164,780000000,18.84,0,2,2,-2.3368707962810467,6.7186753886453285,3.967513469321912
-5.47631735752994,8.142750146300394,5.702749648162685,-5.17590987722528,5.068693827410474,4.315600153320869,-0.8948315381946328,0.0012272627192512283,0.0021154924954079513,-0.44639728580038085,0.1631462510385079,0.19901186324690331,0.2917961429310765,0.007456507591996342,0.002022656099143205,0.04158593073952943,6164,900000000,19.13,0,2,2,-3.1524267937960206,6.117774611397195,4.018633221499735
-5.553407509066662,8.139404347423483,5.786050063307846,-5.182868044235169,5.099021109732044,4.350663521444922,-0.8936420047493748,0.0008893305010167566,0.0018101644775204953,-0.44877600174624155,0.17252036156026346,0.19501056008129802,0.29305223861263824,0.00707175099705637,0.0022358476371664437,0.04617405829776544,6165,70000000,19.2,0,2,2,-3.774556614182064,6.6019011010561615,4.563906427168294
-5.553407509066662,8.139404347423483,5.786050063307846,-5.188990450808675,5.129913016504606,4.385985881310584,-0.8927276805494212,0.0007200594758063297,0.0015814132953212868,-0.45059324121339295,0.18078973422288225,0.19212235477670908,0.29564681247877783,0.0027683405960488017,0.002232625570286473,0.02428806183161214,6165,166000000,19.67,0,2,2,-3.6838693731085304,6.197484245999521,4.462219911859732
-5.553407509066662,8.139404347423483,5.786050063307846,-5.19642887760691,5.171582170836522,4.43356774653839,-0.8922131948594626,0.0006358262284624003,0.001241423531171606,-0.4516123000000042,0.17908585687098208,0.191437733695187,0.29981198351253524,0.0032233203000942012,0.005556708174481173,0.0071710432621330256,6165,285000000,19.92,0,2,2,-3.171628398378674,6.344610595502053,4.910729988709288
-5.631644255798397,8.131930120548828,5.867767478235116,-5.199529359637069,5.186904145822384,4.451621674158879,-0.8921533375130524,0.0006314729748436256,0.0010175000567383518,-0.4517311017628052,0.17164966330942524,0.1934757233965199,0.3020875032411799,0.005040107544118655,0.007880037901486503,0.0014024995380168548,6165,414000000,20.09,0,2,2,-3.0316554406098506,7.029829670364331,4.355902962738655
-5.71091245220216,8.12036772306612,5.947737324945997,-5.2078629572730275,5.216160691903415,4.488219512525176,-0.8923806553160583,0.0006333248968125966,0.00023657653556810108,-0.4512829588504314,0.14225196810144436,0.2050123761064639,0.3078102327736794,0.004934760863761767,0.013652116012963234,-0.01513957040515379,6165,521000000,20.12,0,2,2,-3.12945187375455,7.312659096138975,4.881898273321119
-5.71091245220216,8.12036772306612,5.947737324945997,-5.220499479603743,5.254141431370423,4.537570898413379,-0.8925089758994379,0.0010695555395449758,-0.0002608849991964557,-0.45102828728240685,0.14769364778853394,0.20204519615895436,0.3095354823863221,-0.005925145342189353,0.002989541781062144,0.0063409780068468535,6165,703000000,20.07,0,2,2,-3.825581097540725,6.223514233353943,4.483433556022263
-5.71091245220216,8.12036772306612,5.947737324945997,-5.234597740289653,5.302506391375287,4.59969051881074,-0.8915880044567996,0.0011838475704840988,-0.0002511378350004682,-0.452845852077127,0.15323522793740135,0.19858735890257756,0.3136129404325686,0.0033278723094554152,0.0013541604516831285,0.020361638780741487,6165,819000000,20.06,0,2,2,-3.133142018198682,4.928211954458305,4.527446635691833
-5.791095974912476,8.104766406478063,6.025798554811812,-5.247070622742996,5.334659789317179,4.644243144380066,-0.892558935387589,0.0011888762700423478,-0.000956008123293436,-0.4509281755240587,0.11391352073815768,0.21431297796261006,0.3232068300080518,0.0029989312679390423,0.01332789925072575,-0.06507663856609724,6165,920000000,20.36,0,2,2,-3.5541241938324877,5.750459871604833,3.772509377097032
-5.872078083707181,8.085184330185637,6.101793962904205,-5.261517812093609,5.360131604732913,4.683441370441608,-0.8954318713552734,0.0014602748739562374,-0.0017853747735286887,-0.4451925918020238,0.0833968326325512,0.23224224682373928,0.3304599648710168,0.0010284715585839876,0.01401323861500714,-0.1583766978001222,6166,16000000,20.14,0,2,2,-3.5543766839872544,6.694116894399885,4.3673188079294585
-5.872078083707181,8.085184330185637,6.101793962904205,-5.279265895724442,5.384747402137569,4.723451740934969,-0.90075975925998,0.001878766316801222,-0.0024828870130780695,-0.4343065295469434,0.06490873513111398,0.24691780065809446,0.33717788524035325,-0.004464559242478572,0.014814771202509291,-0.2232525817817077,6166,160000000,19.44,0,2,2,-3.4981817844630125,7.3011517255254175,5.3497656901326
-5.953741782142302,8.061688452265003,6.175570504584946,-5.2940411716322835,5.40583916971394,4.757377430261778,-0.9055658905723947,0.002436266548974318,-0.0031455290240540667,-0.42418697302520597,0.07058574534898651,0.24635481264417147,0.3415133212443079,-0.0044894539314555,0.014553647088177968,-0.20499911915976554,6166,236000000,18.11,0,2,2,-2.820631133262305,6.0697103533678956,5.763683761668955
-5.953741782142302,8.061688452265003,6.175570504584946,-5.310129847779098,5.4319607126991025,4.798223857864411,-0.9094443582192789,0.00275627623689879,-0.0035136398871591177,-0.41580165533481594,0.08114711247759554,0.23914084449939627,0.3412691427312756,-0.0018048284914584656,0.00295251993520651,-0.1172813012090046,6166,359000000,16.9,0,2,2,-3.5085705291695772,7.015937860819506,4.648415886042506
-6.035970176772812,8.034354397463265,6.246979603717467,-5.324299697139098,5.458733064672217,4.8389380243002105,-0.9115102067960194,0.0029012121887607573,-0.003392876448391413,-0.41125322401644426,0.0912138396992327,0.23192292760564123,0.34013430908553366,-0.010011644826590782,-0.004351406823843718,-0.05366444638639223,6166,481000000,15.93,0,2,2,-3.5731816801954923,7.60770048986854,4.806010460772212
-6.035970176772812,8.034354397463265,6.246979603717467,-5.337140078240774,5.485778355446825,4.879528461315085,-0.9121332871369907,0.003287558191258201,-0.002739028580136351,-0.4098713898044654,0.09795005135786086,0.22565773088528202,0.33929415959455994,-0.010119201397174038,-0.009126779241341865,-0.005232723378867377,6166,614000000,15.44,0,2,2,-3.293617344742695,6.421828241942553,3.9607754828961945
-6.118646833902687,8.003266302701505,6.315877451879425,-5.348976701052103,5.512919157186064,4.919961805436022,-0.9118723199199091,0.003405939890286096,-0.002042014375695454,-0.41045475014261423,0.10415767633452311,0.21984374466450957,0.33817933749605267,-0.0006162119035479918,-0.009428798330191057,0.020831265828746837,6166,686000000,15.36,0,2,2,-2.978283621786182,6.198509376663128,4.126988539642137
-6.118646833902687,8.003266302701505,6.315877451879425,-5.359949221614605,5.540117334104659,4.960287132131769,-0.9111742633400399,0.0031574696287419235,-0.0015902907233604664,-0.4120060232420079,0.10988587563736943,0.21473885068342596,0.3370825849577911,0.0015207195929178852,-0.007707833719905466,0.03376641652721446,6166,815000000,15.52,0,2,2,-3.624974216171894,6.587407899429238,5.144085812311671
-6.201656132817683,7.968516640433846,6.382125297973729,-5.37019709686912,5.567329864369206,5.00046330411168,-0.9102745119230672,0.002835149748312475,-0.001293795245390101,-0.4139934793725494,0.11503278464686821,0.21014275145625722,0.33579990397035525,0.00583625546823896,-0.0052968573527323315,0.03343649332236964,6166,962000000,15.79,0,2,2,-4.085279626715174,7.665861073238207,4.781541224982139
-6.201656132817683,7.968516640433846,6.382125297973729,-5.3766492331089735,5.585500848845114,5.02719762337525,-0.9097959039244525,0.0025365075588826,-0.001245952516583769,-0.4150462949286722,0.11834400103038423,0.20750857140274256,0.3352912799388423,0.006448840940720402,-0.003315641424705973,0.025904952599375974,6167,156000000,16.12,0,2,2,-2.7243145878794555,7.129526072207592,3.9951841400026833
-6.201656132817683,7.968516640433846,6.382125297973729,-5.385802042375578,5.612805430841215,5.067194691270305,-0.909280648450385,0.0021703257443958773,-0.001275253546029124,-0.4161758832131,0.12254239863475244,0.20391011474130977,0.33382566426505245,0.00512411238560162,-0.0012201384379295632,0.01722942506603431,6167,320000000,16.29,0,2,2,-3.710906977654112,6.799046037712427,5.302088795497903
-6.284883614466956,7.930206020270921,6.445589727654783,-5.398916710345428,5.653539565711746,5.1269146283857605,-0.9086896739955344,0.0021923139727670236,-0.001048790338622956,-0.4174651724062255,0.12260180425513882,0.2001246562333447,0.3317907316953987,-0.002062390194623731,-0.0027198082534596324,0.014865666435071034,6167,430000000,16.47,0,2,2,-3.9143188884201625,6.519853633515672,4.992155299232517
-6.284883614466956,7.930206020270921,6.445589727654783,-5.406055810817368,5.6759575050755045,5.159887440705186,-0.908388211928212,0.00222537873839182,-0.0008774483564182588,-0.4181209564273455,0.12248060328490791,0.19820557783364645,0.330002763473079,-0.0017979556560021592,-0.0028547003012135974,0.01413004674759577,6167,551000000,16.66,0,2,2,-3.729109247514586,6.543189105931091,4.9518882182608746
-6.368216324575463,7.888442969334668,6.506142932007221,-5.414650261414493,5.702601192506645,5.199258344576588,-0.9081251580971672,0.0021953675635949963,-0.0007518467194728793,-0.4186923838795807,0.11440549902263523,0.19942802574132967,0.3297308574918497,0.004582633164318395,0.001903267127545405,-0.007414124047500081,6167,648000000,16.76,0,2,2,-3.412348210890163,6.421536258257553,5.335998719002001
-6.451543150187733,7.8433436918687205,6.563662964936059,-5.430735348937254,5.735422479716194,5.252553207141498,-0.9096718652157975,0.002179780656285127,-0.0016911438069604867,-0.41531853585377865,0.06562453414530599,0.217847085631082,0.3380988596191889,0.003391050086065661,0.014270705923991045,-0.05834038274770137,6167,780000000,16.85,0,2,2,-3.577284557160679,6.3707561232557826,5.48067105851627
-6.451543150187733,7.8433436918687205,6.563662964936059,-5.446217700378142,5.7581302357151785,5.293172088110079,-0.9109557382441966,0.0024823229287955022,-0.0022825112513750185,-0.41249032858387746,0.05471938253148325,0.21990768063611563,0.3388098678601352,-0.002973761570501665,0.005895796493859962,-0.040734024514677,6167,885000000,16.49,0,2,2,-4.050267985021751,7.367374670132363,5.372663344499109
-6.534755148665063,7.795031808684679,6.618033988749895,-5.461764736461778,5.780572414462903,5.333576516682828,-0.9118995658892675,0.002646490277772198,-0.0023844025837172385,-0.41039796837276604,0.04499814072527583,0.22328907038690288,0.3363721117214588,-0.0006046769385648076,0.0022424552071242942,-0.05070115876151249,6168,14000000,16.21,0,2,2,-2.815550499120715,6.69971675073358,4.568933131576396
-6.534755148665063,7.795031808684679,6.618033988749895,-5.4851544410310185,5.809337160064886,5.386902948295005,-0.9139410205898799,0.002954361375092856,-0.002311795263778644,-0.4058296911694021,0.03275270544082197,0.22681995947023034,0.3324090572426787,-0.007633507675564033,-0.003236712450416235,-0.05604334546660539,6168,132000000,15.99,0,2,2,-4.302143265509465,6.399804340189057,4.921046056279032
-6.61774586818253,7.743638077079121,6.669146507442605,-5.5022074325441235,5.830777431519807,5.426490717247945,-0.9148460822229887,0.00315200112973083,-0.0018602305476725861,-0.4037861442303785,0.03625326077321824,0.22157748611846273,0.32988353072848026,-0.004995810559194069,-0.00705583829585521,-0.01887084545160178,6168,257000000,15.52,0,2,2,-4.529291758709322,7.0226410328215625,4.613738090910167
-6.61774586818253,7.743638077079121,6.669146507442605,-5.53656798653422,5.872573013332889,5.506411593914207,-0.9165810901028465,0.00255507421435626,-0.0028421618014654562,-0.3998305878468166,0.012948528739996811,0.22373890577928096,0.3457848753561578,0.016003895325411577,0.02812002658174606,-0.06090398601372726,6168,374000000,15.33,0,2,2,-3.6334946467908,6.324609384933389,5.796661908313767
-6.700411658799133,7.689300091909045,6.716897587203731,-5.558907606297367,5.894066885360796,5.556366609953117,-0.9179882766965982,0.0026937645668383614,-0.005746978696418042,-0.3965567295052891,-0.011536662996595923,0.2185312903223549,0.3666380147432132,0.01293390268983785,0.044683290252578445,-0.0443166743934853,6168,446000000,14.92,0,2,2,-3.8208077329985994,7.141214203575159,5.2927937268208085
-6.7826519732040484,7.632161968564601,6.761191063713475,-5.572251517108883,5.905227646118871,5.586168239123581,-0.9186660621212486,0.0030093469129246933,-0.007566288064016494,-0.3949510873801056,-0.02276172629112845,0.2165156012904156,0.37421203217939986,0.003321364124531101,0.04005981463706121,-0.05062291929789353,6168,562000000,14.53,0,2,2,-3.379479982900809,7.805552197113861,5.167734042899149
-6.7826519732040484,7.632161968564601,6.761191063713475,-5.592678516658076,5.92148698986144,5.630669351422414,-0.9205167320352731,0.0036725595225509354,-0.00869883100367918,-0.3905890278653815,-0.028256279421782094,0.21644504646048662,0.3671104496144256,-0.009318535194324795,0.008783462362771388,-0.09318439188064076,6168,737000000,14.33,0,2,2,-4.726090615693394,7.944694635016935,6.2592842168674325
-6.864369656274056,7.572374008627096,6.801937735804837,-5.612567085784939,5.937827882410869,5.67425946423102,-0.9224092384288535,0.004273727710372047,-0.008262320482958432,-0.3861018857410524,-0.022226351731899806,0.21082464545695934,0.35951289364841854,-0.00846663579068263,-0.009753664198797196,-0.06784884826629423,6168,844000000,13.79,0,2,2,-3.173042741023437,6.77583654924797,6.585993652750128
-6.864369656274056,7.572374008627096,6.801937735804837,-5.643284430026371,5.965660917999579,5.744769184970236,-0.9241879801694382,0.004103917291457942,-0.0067204310346153815,-0.3818567414357222,-0.010072158009606725,0.2025595538108051,0.3465833321881291,-0.00446346177795931,-0.017247875439352356,-0.03024340476258658,6168,964000000,13.25,0,2,2,-4.073921233149625,6.600914350457293,4.602971147418208
-6.945471222611875,7.510092349047391,6.839055545102902,-5.657776184707411,5.979730233735611,5.779043136882469,-0.9244210820757112,0.00422172889249023,-0.005699973249595267,-0.38130742233017634,-0.00724364424876847,0.19963564023052732,0.3405787678602731,-0.010384637880633818,-0.01829483462643111,0.0004456561342180976,6169,124000000,12.75,0,2,2,-3.66530092887487,6.922046364124428,5.519647148633056
-6.945471222611875,7.510092349047391,6.839055545102902,-5.674671753994723,5.996648031855977,5.819372625955385,-0.92424119277425,0.004321861800938341,-0.004590007223882377,-0.38175708365856137,-9.641150482690749e-05,0.1964099763954682,0.3335362017970589,-0.005562256728808279,-0.009245557612302946,-0.002469703653673605,6169,251000000,12.72,0,2,2,-3.2834275651739846,6.12386591528158,5.45710840485623
-7.025867121271975,7.445478595724748,6.872469741279475,-5.685257449903399,6.00832237116991,5.84574966097876,-0.9245623623071273,0.004457550921949315,-0.004506995233310027,-0.3809780248765131,0.008762656183851315,0.19428509043491307,0.3285483061668829,-0.0006095076940937361,0.00382225482553622,-0.03182356522302143,6169,362000000,12.84,0,2,2,-3.950384291452106,7.279184038193907,5.549130709888578
-7.025867121271975,7.445478595724748,6.872469741279475,-5.700282374592703,6.026160932291404,5.884578972790493,-0.925358161975945,0.004143924198815884,-0.004786140914784588,-0.379041149233007,0.013930849785432487,0.19072544626131457,0.32132184748378967,0.007769831063342281,0.0011815182574537175,-0.03687986718432512,6169,533000000,12.79,0,2,2,-3.817302175712083,6.756365532888758,5.649059401088384
-7.10547198691976,7.378699442408728,6.902113032590307,-5.716899670212569,6.0470909294700625,5.928806162589742,-0.926439273188806,0.00372898942962249,-0.004893805381258576,-0.3763939670081347,0.016691973225036884,0.18721136024115143,0.31301072106012867,0.0017144456592177448,-0.0030495717055600835,-0.04845079602091573,6169,647000000,12.57,0,2,2,-3.982870719890894,6.848029235383809,6.2291185453414135
-7.10547198691976,7.378699442408728,6.902113032590307,-5.733011471844095,6.06784201934544,5.9719310991287635,-0.9279093534845559,0.0035083059941356165,-0.004627531159402573,-0.37276065975407563,0.01641400715906217,0.18424431442991596,0.30522364801772534,0.0010328613939236675,-0.005902753855480114,-0.060786671747337095,6169,900000000,12.24,0,2,2,-3.320343963599564,7.778306473913773,5.95109967596666
-7.184204876711098,7.309926275887015,6.9279257213917065,-5.744709298420612,6.0823412062938305,6.002031431384584,-0.9291198245033655,0.0032536270944073173,-0.004511915781145499,-0.3697369446532891,0.00234604104257137,0.18744246250500726,0.2980063047538831,0.006824661249993369,0.00018767238536554487,-0.07060264106257819,6170,23000000,11.78,0,2,2,-3.9510058109921804,6.695724550804306,5.389728460523421
-7.184204876711098,7.309926275887015,6.9279257213917065,-5.770002635477461,6.1061532980354185,6.05430731683311,-0.931550702748736,0.003056191688843738,-0.004910683353968523,-0.36356544540109176,-0.021592403669355702,0.19174515933283595,0.2856262269080859,-0.0010909437833106495,-0.00023837679807847678,-0.06625378300668672,6170,106000000,11.4,0,2,2,-4.129535388430845,7.198913880493317,6.404074029803555
-7.261989492222686,7.239334768459573,6.949855824363647,-5.7843348860327035,6.118939516948504,6.082590303547269,-0.932596117035488,0.0031249312379974235,-0.004738238353450864,-0.36087707933920377,-0.02345693216348369,0.18936214474053734,0.28099939372091975,-0.0036864677213088726,-0.0045382614189293236,-0.050239327538292855,6170,232000000,10.62,0,2,2,-3.8442552476042398,6.784236304445445,6.111701852573808
-7.261989492222686,7.239334768459573,6.949855824363647,-5.801452896798758,6.133979018887564,6.115942738645085,-0.933523640173751,0.0031558008903284254,-0.004344404863776817,-0.3584756341843462,-0.026323334255187226,0.18684271153778942,0.27555500095543106,-0.002693650890250865,-0.006502425685539492,-0.03831765061477199,6170,351000000,10.28,0,2,2,-3.344976141532837,6.691007650739491,6.122508171411228
-7.338754385808782,7.16710445873456,6.967859177197259,-5.815908900167038,6.146098318161285,6.143159703314389,-0.9341686541621335,0.003186233892877735,-0.004000318889595785,-0.35679513862056705,-0.031119013282265275,0.18505847419946836,0.2700470554098038,-0.005923779644945171,-0.0067031864546152065,-0.03459364270383958,6170,542000000,9.96,0,2,2,-3.6709976947586958,7.363290629005992,5.441825307706743
-7.338754385808782,7.16710445873456,6.967859177197259,-5.847739924191207,6.171758670074096,6.201276452809891,-0.9354734375178755,0.0034675793284903575,-0.002928576327818901,-0.3533678636106883,-0.034636542309260755,0.17971814395202962,0.25960409066714013,-0.0030769343311476405,-0.008689214064361295,-0.036619500315282494,6170,648000000,9.73,0,2,2,-5.222678624404711,7.202333819346681,5.8075950148593005
-7.414433150806786,7.093418321813691,6.981899523535869,-5.859232075255282,6.180804571387157,6.221832201614254,-0.9360776251728972,0.0034151819262344565,-0.0026032970135700614,-0.35176730807131407,-0.03577267514487219,0.17774873885232811,0.2558781954692501,-0.0013024231293456978,-0.007785706566210138,-0.046877225759089924,6170,762000000,9.32,0,2,2,-4.025551897663475,7.557112286179276,5.928975695626965
-7.488964595062717,7.018462329964086,6.991948587990478,-5.894239613199316,6.205889670328407,6.282371488034794,-0.9378433719373693,0.0034480875745972073,-0.002678410341664538,-0.34703133363323935,-0.056658306001680835,0.16752895116646915,0.25206303386770534,0.004114253442821791,0.012228221203258727,-0.017342136743536685,6170,849000000,9.12,0,2,2,-5.285509714381241,6.401319352353095,6.631596870002348
-7.488964595062717,7.018462329964086,6.991948587990478,-5.91533443365518,6.218577898858558,6.3171297811738985,-0.9379820047590988,0.0032969242994256064,-0.0033771397756620263,-0.3466518195036645,-0.05810378698734543,0.16439374004064883,0.2455514424232595,0.005770165216745227,0.006139714059827384,0.0019666590219458158,6170,964000000,8.5,0,2,2,-3.7873830389583647,7.1980472268705675,5.640899183010271
-7.562292897297591,6.942425004900163,6.997986133082629,-5.9273251789308885,6.225628507708519,6.3366039987002765,-0.9379184634652985,0.0031468250117402587,-0.003644197114410979,-0.34682239433264705,-0.059645136122127664,0.1630109301771933,0.2417536353038753,0.00595973720010079,0.004137242694923771,0.004239966301611275,6171,95000000,8.4,0,2,2,-4.188371329252735,8.205846404365042,7.011617832111251
-7.562292897297591,6.942425004900163,6.997986133082629,-5.954629024212557,6.240736162356444,6.379235662241385,-0.9379723608336269,0.0028161498148762,-0.003961935166723975,-0.34667596207719276,-0.06428114926438064,0.16048912980301128,0.23214530474763237,0.0018862739125324879,-0.0006526394713546324,-0.010864384057640564,6171,243000000,8.29,0,2,2,-4.683503143058217,7.155949937868062,5.977690978386449
-7.6343677458871,6.865496962822616,7.0,-5.972790164030635,6.250436341879884,6.4066734396179825,-0.938429877044681,0.0026001750852090947,-0.003931208811696907,-0.34543762180270654,-0.0650384739390931,0.15806532863092698,0.2252512183708489,0.003828058697763481,-0.002209834337918437,-0.03167514623783063,6171,359000000,8.36,0,2,2,-3.70796176813138,7.719805476994788,5.493422792340604
-7.6343677458871,6.865496962822616,7.0,-5.997542727874169,6.262501223089523,6.442235953724421,-0.9397032779230148,0.001995248610502302,-0.004450909407879798,-0.34195607590619953,-0.08717646553581725,0.15758258528420802,0.22122677331299712,0.01666643329372164,0.017415667934983503,-0.06545304859173484,6171,536000000,8.2,0,2,2,-4.389443010160175,6.982514164711175,5.769284672703925
-7.705144459679417,6.78787045338199,6.997986133082629,-6.01468954547148,6.268678243538344,6.464282354481447,-0.9408525123013229,0.0018919786574158042,-0.005422285074417873,-0.33876772180598974,-0.09629314279400077,0.15617224559122764,0.2169627197109243,0.0025031452196344617,0.012848637743445579,-0.06396017779479735,6171,627000000,7.77,0,2,2,-3.494826730244212,7.143687209448968,6.084434380245527
-7.705144459679417,6.78787045338199,6.997986133082629,-6.035325589122976,6.275761071650234,6.490046198486127,-0.9420689434903415,0.001878168773060795,-0.0059373027877471125,-0.3353614865017421,-0.10125691594850414,0.154356589166469,0.21161986587893403,0.005411116808318184,0.0069912397066218546,-0.062331059598363936,6171,734000000,7.36,0,2,2,-4.058769422230025,7.117537688450492,6.608914657435894
-7.774584090529587,6.709738893751633,6.991948587990478,-6.060622057479066,6.283229778292616,6.519850686871483,-0.9437797276196165,0.001731896577266258,-0.006695611953133097,-0.3305026400031638,-0.11291614458996029,0.15416223593000783,0.20863972887283216,0.001894744343644561,0.006643782899118378,-0.0746604215237312,6171,842000000,6.93,0,2,2,-4.305321406574751,7.0615326629357,6.349687283457661
-7.774584090529587,6.709738893751633,6.991948587990478,-6.082264224099787,6.289341741721834,6.544587265980772,-0.9451927398785822,0.0016465592528806926,-0.0068800420441787035,-0.3264362699592613,-0.1122089182540807,0.15024310120293363,0.20058001567765538,0.0019786403527177754,-0.0005806141444963941,-0.06936910140211694,6172,64000000,6.34,0,2,2,-4.303158476300974,7.548621638557482,6.020089112254031
-7.842653507283326,6.631296399009046,6.981899523535869,-6.099994698667385,6.294326234812115,6.564448395988037,-0.9462965498134692,0.0014939639895917966,-0.006796495128522678,-0.3232250230670419,-0.11411341501955263,0.14771029770618085,0.19394756390201917,-9.338369739708696e-05,-0.0037011608810644248,-0.06820315174991265,6172,155000000,5.85,0,2,2,-4.224191814107177,7.384669541761267,6.362045418666511
-7.842653507283326,6.631296399009046,6.981899523535869,-6.125963359583919,6.300413611580296,6.591250798733953,-0.9479021966379284,0.0014788567284682065,-0.006425656290491541,-0.31849324880286395,-0.1283286165443632,0.1465700469538101,0.18555895467590836,-0.004282037934899563,-0.006914216464792844,-0.07183208072092384,6172,387000000,5.46,0,2,2,-4.371094379942175,7.075435047980848,6.9252130541029535
-7.909325460998192,6.552737310035547,6.967859177197259,-6.148515879283196,6.305133315348069,6.613201220607631,-0.9492057642881526,0.0014340612827952411,-0.005901762420684534,-0.3145974089383296,-0.12923045101451708,0.14256121927862636,0.17726079040296744,0.0005809324818528694,-0.008817766320134979,-0.06352356285788119,6172,524000000,4.89,0,2,2,-5.312719100357845,7.049603923889566,6.40461212917509
-7.909325460998192,6.552737310035547,6.967859177197259,-6.18623156052359,6.312098740847523,6.647357357656876,-0.9510207478957762,0.0009214869675409978,-0.005282605341026726,-0.30908054292423176,-0.14145684633078673,0.13876832698479596,0.16085433075064065,0.004033122922919574,-0.005092947458251729,-0.05667124532919843,6172,622000000,4.43,0,2,2,-4.547553877870649,6.720192867434524,6.855537524051453
-7.974578631245801,6.47425572015198,6.949855824363647,-6.2151170498771755,6.314738619347407,6.669515500704822,-0.9522244702186085,0.0009063848067766629,-0.005977117691723394,-0.30533917345727435,-0.172176917177683,0.1339706067474287,0.15245213376159678,0.002844133314283681,0.01864770401880378,-0.055852449804660864,6172,789000000,3.87,0,2,2,-4.611607385478635,7.431591509032946,6.6994580926285625
-8.038397653394853,6.396045001712609,6.9279257213917065,-6.24262808892995,6.314910667473081,6.687520093840897,-0.9534728974300659,0.0009225282223884325,-0.007173169831547199,-0.30139198470191836,-0.20515167005123125,0.13722275560241018,0.14094857400120017,0.008554573287256062,0.013435316486720694,-0.09647898259572685,6172,902000000,3.52,0,2,2,-4.100739547120202,6.569495272470927,7.531152319906262
-8.038397653394853,6.396045001712609,6.9279257213917065,-6.274095545098194,6.313580992575953,6.703968334525888,-0.9556328653566728,0.0006743966687132209,-0.007653497237530947,-0.2944601769668754,-0.23337733483755793,0.14014450884787194,0.12826872955990742,-0.0033247987857976113,0.0009130375474342145,-0.12564653297886252,6173,77000000,3.17,0,2,2,-4.458801694923482,7.814469896911549,7.179154194868305
-8.10077312683108,6.318297333880579,6.902113032590307,-6.322539439737413,6.310394387174739,6.726632882898362,-0.9584982045811051,0.0008453328785750836,-0.007033282813078618,-0.2850105439452958,-0.23366487981025,0.12982208680409174,0.11675754741208677,-0.003927825764549198,-0.01022840269797598,-0.09144965442828834,6173,178000000,2.87,0,2,2,-5.081119178261464,6.6227861969497175,7.183493041593436
-8.10077312683108,6.318297333880579,6.902113032590307,-6.358950643496966,6.307870021622387,6.742801944866307,-0.960066371989428,0.0007729617603459481,-0.006183609097558003,-0.27970292612645836,-0.2265013050626791,0.12277820874466247,0.10832775132390134,-0.002202453174504626,-0.01265430755665875,-0.07038461553747766,6173,297000000,2.93,0,2,2,-5.213336686309552,6.50099662288721,7.56006172212848
-8.161701604126613,6.241203232806258,6.872469741279475,-6.395420702218915,6.305007763803039,6.7572709796495625,-0.9616357745337168,0.00035389634034597257,-0.005259512112520686,-0.2742787804892256,-0.24941853010157203,0.12302221278657696,0.08945547997170794,0.0056886556194513105,-0.017023678992700297,-0.10780808952404186,6173,436000000,3.19,0,2,2,-4.469456721838032,7.0412785466913075,5.870874139325376
-8.161701604126613,6.241203232806258,6.872469741279475,-6.470078220627015,6.295360806456096,6.773246185965188,-0.9663406032059709,-0.0002456848398484535,-0.0023354755678477697,-0.25725536687958833,-0.30984194485548194,0.12251162468103913,0.046490917790449296,-0.008269640966318548,-0.02635009295772761,-0.15398008981719613,6173,559000000,3.44,0,2,2,-4.9741992173362135,6.26444405674835,7.3443777981942215
-8.221185561227667,6.164951085424454,6.839055545102902,-6.502638730073189,6.290570809939929,6.777809385245896,-0.9681294218070732,-0.00015888742850973196,-0.0011477536669211683,-0.25044775911915684,-0.305295800387226,0.11484017224079099,0.042877665240683496,-0.0074374072028149385,-0.019666922526084818,-0.13176363427191973,6173,656000000,4.6,0,2,2,-4.762654595831988,7.781338640810767,6.030047336744132
-8.279233348785443,6.08972668807787,6.801937735804838,-6.547488761430632,6.283899902715413,6.783355389449639,-0.9703337651928472,-0.0001656198079730335,6.818456415777225e-05,-0.24176921236505017,-0.3119905807805902,0.11122115074031927,0.03268824695293597,0.004937017956763157,-0.016784479157649912,-0.14853374887024984,6173,799000000,5.13,0,2,2,-4.714790107773875,7.145010087930113,6.804622173263634
-8.279233348785443,6.08972668807787,6.801937735804838,-6.5745114578580655,6.2799510593489485,6.785428239094075,-0.9719553182876015,-0.0005353489046891568,0.0006868164542215457,-0.23516398733044896,-0.32477324209696307,0.11143464920542208,0.023216411210866348,0.0009735330849025559,-0.015785969844728243,-0.17142313881777227,6173,917000000,5.85,0,2,2,-4.517013983425495,7.469448305008313,7.199758835697023
-8.335859124810902,6.015712791162399,6.7611910637134764,-6.61450071699787,6.274020181504025,6.7879517149476,-0.9740768209545594,-0.0006157004531471548,0.0013815582683277814,-0.2262124202796174,-0.31553877869224123,0.1004656878433465,0.020306861911467067,0.001767308901889919,-0.007898816056695068,-0.13701219577342272,6174,108000000,6.45,0,2,2,-4.632794460579255,7.496762155933446,6.3687264216708295
-8.335859124810902,6.015712791162399,6.7611910637134764,-6.6465357549328985,6.269167835832546,6.789683756244315,-0.975311158433943,-0.0009392171825041349,0.0014528247834777951,-0.2208283301695516,-0.3044760674652695,0.09233056927028069,0.016507705627041323,0.0068315832777443575,0.0007032166251974559,-0.09169296827167273,6174,259000000,7.28,0,2,2,-4.130956417197472,6.9342702283228945,6.2216150041985205
-8.335859124810902,6.015712791162399,6.7611910637134764,-6.683314775326442,6.263506990945132,6.79127805220203,-0.976248077974719,-0.00122618230857975,0.0011473549232759311,-0.21664918717662618,-0.2917191889609173,0.08483217010967752,0.012146801439728693,0.0019765784713854373,0.005260376337901107,-0.05870543245691806,6174,379000000,7.76,0,2,2,-4.246315942139287,7.100623909087805,6.030527705826907
-8.391082768889193,5.94308865097476,6.716897587203732,-6.724380512387817,6.256991863723377,6.792621091829543,-0.9770082676405691,-0.0011065496294481187,0.0008855320191577767,-0.2131967080959143,-0.28080896805105005,0.07761559213117411,0.008516924454959609,-0.0015183001778495964,0.003085361436205858,-0.04452535358723253,6174,500000000,8.1,0,2,2,-4.866142886583386,6.816388445167957,7.182044648047588
-8.391082768889193,5.94308865097476,6.716897587203732,-6.763798949517945,6.250486427950895,6.793514796507001,-0.977599839540521,-0.0009676051651804759,0.0007511529716484396,-0.21046865144197807,-0.27109590464750183,0.07151106150307684,0.005412872414707689,-0.0014462907529377844,0.0018251960000270628,-0.03653203239082359,6174,676000000,8.34,0,2,2,-5.368589901539324,7.180422289917473,5.528411007276082
-8.444929778243836,5.8720295899248365,6.669146507442606,-6.822894462132663,6.240144679103781,6.793752434836324,-0.9784736218887722,-0.0010975547348909497,0.00026101286554219757,-0.2063688409468734,-0.25771894274427665,0.0619771314630622,-0.003244267193809912,0.003998823649453698,0.010064560865430394,-0.03913036925951019,6174,818000000,8.52,0,2,2,-5.738293733711702,6.045877939206373,7.034807488891835
-8.444929778243836,5.8720295899248365,6.669146507442606,-6.867955394786335,6.231835244054514,6.7924148712200605,-0.9790724261340159,-0.0010714976254002863,-0.0015696446205537126,-0.20350324934176311,-0.2394069879814146,0.05492004845934517,-0.01163490040637261,0.003592587336243014,0.02559087806730531,-0.028102407304686494,6174,944000000,8.72,0,2,2,-5.600883275015161,7.284580919456253,6.961281251073231
-8.497431145994403,5.8027065662537485,6.618033988749895,-6.90129988866668,6.22559190222918,6.790488240841718,-0.9796105785382974,-0.0009536292414193039,-0.0034485590168516437,-0.20087387198896628,-0.23468358559552457,0.05230910430643646,-0.01782692281985355,0.003533736207828042,0.02686873122001998,-0.04843237948080059,6175,184000000,8.75,0,2,2,-5.046012924469059,7.042453874354299,7.927886150932616
-8.548623222003824,5.735285754374287,6.56366296493606,-6.925151041448516,6.22089777618469,6.788594178500642,-0.9800600966259205,-0.0008799949809335087,-0.004710405700357035,-0.19864351156924948,-0.24752773722902033,0.04600721300592378,-0.024915322871729234,0.0035605193943410995,0.02132064928446198,-0.028263450985832606,6175,290000000,8.83,0,2,2,-5.429020367871878,7.787881961179198,6.711848052643074
-8.548623222003824,5.735285754374287,6.56366296493606,-6.956378883600209,6.212892441876463,6.785180497485642,-0.9800895289746585,-0.0008708681506805881,-0.005681179816547183,-0.1984728721482814,-0.2747391410036046,0.03593119595529305,-0.03533412968151067,-0.00038199143279626924,0.010907130490522832,0.010090500018122839,6175,424000000,8.95,0,2,2,-4.993038029546011,7.062535385520233,6.421841009016397
-8.59854755676286,5.6699281369230485,6.506142932007222,-6.98295534900132,6.20548395209568,6.781801164241171,-0.9799824558619484,-0.0006718033431209586,-0.00591054141044438,-0.19899497577398162,-0.27190997872927236,0.03458822978272028,-0.03819236934736249,-0.006066458763598348,0.0007226781377767111,0.007990247331690625,6175,519000000,8.85,0,2,2,-5.340310160922765,7.813619585518498,6.002007449123858
-8.59854755676286,5.6699281369230485,6.506142932007222,-7.009197952372967,6.1980554969886965,6.7781710416959395,-0.979967526594226,-0.00035857031771364,-0.005647442556295372,-0.19907693146292765,-0.26879840055300214,0.0332558417186693,-0.040392684887762764,-0.007290321173059056,-0.006957898494874826,-0.0027791390948550543,6175,636000000,8.71,0,2,2,-5.240773691096002,7.508940412319765,6.080727950677631
-8.647250728809183,5.6067891095832305,6.4455897276547836,-7.045324427935224,6.187642457014783,6.7726921724840095,-0.9800820367967922,-0.00012329340420120377,-0.004923429967321704,-0.1985319767300584,-0.2635045698497534,0.03057552252655294,-0.04395397449739469,-0.0007584340323774086,-0.009211668111674953,-0.011344004815327935,6175,733000000,8.63,0,2,2,-4.77532502091192,6.960257477551219,7.595911052912281
-8.647250728809183,5.6067891095832305,6.4455897276547836,-7.0655422174715925,6.18167909805484,6.7692359631920915,-0.9801846225426104,-0.00018786882009262477,-0.0046058512384321605,-0.19803246342626746,-0.2597763984868916,0.02859403670605601,-0.04702861177096548,0.0005085294020545916,-0.007240672857733443,-0.013623460472445004,6175,849000000,8.62,0,2,2,-4.748163501773065,6.7834118533458625,5.504137926630018
-8.694784156227092,5.546018099703973,6.3821252979737295,-7.10500884924029,6.169739426725235,6.761550125242225,-0.9804038952071041,-0.0003622911305060624,-0.004195255468585546,-0.1969529660589741,-0.2526685192594184,0.024857291536745638,-0.05346349222476323,0.00195184279618843,-0.0037599090319417883,-0.00984693288046401,6175,980000000,8.63,0,2,2,-5.873393446035425,7.374844511828122,6.145823534403333
-8.694784156227092,5.546018099703973,6.3821252979737295,-7.138564876188195,6.159267863276493,6.753857390743659,-0.9804395622364467,-0.0005334600387722594,-0.004071286169076626,-0.19677755169460076,-0.24686159865491653,0.02216871704387232,-0.05991851219120799,0.0019734410216187825,-0.0011292099770798814,0.0026943271905111033,6176,132000000,8.7,0,2,2,-5.890105337265879,7.146734643070293,6.533234411830561
-8.694784156227092,5.546018099703973,6.3821252979737295,-7.162293341080581,6.151495820938076,6.747931628387663,-0.9803373157889863,-0.0005803970782144602,-0.004193768521570913,-0.1972836098525786,-0.2550585796951624,0.015666862898453864,-0.06081672200267624,0.0006677667954591016,0.008421543134318199,0.022587358398595825,6176,345000000,8.68,0,2,2,-5.030721796581162,7.181295229221949,6.834903595175637
-8.741203892820776,5.487758199706242,6.315877451879426,-7.1923764912127215,6.140017806895537,6.741065825792496,-0.9798771045222594,-0.00040748311178241117,-0.005120182663766279,-0.1995356552600967,-0.2797508883224815,0.004145946628814157,-0.0597283876147238,6.177750435654161e-05,0.019453192362561822,0.049883589599630795,6176,531000000,8.63,0,2,2,-4.922826768247102,8.01364055837714,6.382670986224033
-8.786570409599188,5.43214581622669,6.246979603717468,-7.213920616058055,6.130890132994795,6.736380920562897,-0.9794154098076163,-0.0002358185137015245,-0.005907504387166305,-0.20176843363847385,-0.29888040442715885,-0.001162936681583886,-0.06326497296211697,0.0007966039532902869,0.019592710486904252,0.058189545597997494,6176,673000000,8.4,0,2,2,-4.681561028910857,6.608691179013016,7.148298830641915
-8.786570409599188,5.43214581622669,6.246979603717468,-7.257119744827495,6.112024263964354,6.726166143326098,-0.9788831219180263,-0.00011078403752448921,-0.006855031494482217,-0.2043057265328725,-0.289316564299053,-0.0006487906274793879,-0.0711542759206487,-0.002205550049438898,0.004669993450079346,0.017999369447352365,6176,769000000,8.17,0,2,2,-6.035693616061912,7.401097952737448,6.734216036720637
-8.830948362253947,5.379310335909869,6.175570504584947,-7.288604764705074,6.098219554303197,6.7176963038491495,-0.9786920553710353,-1.6886936543155338e-06,-0.006831424482866326,-0.2052198635373813,-0.28231028045631096,-0.000253477125442461,-0.07750428244556237,-0.0009844223427535326,-0.0029451040290950914,0.01708841900835978,6176,888000000,7.94,0,2,2,-5.8614072567756645,7.989990945642818,6.910210483173859
-8.830948362253947,5.379310335909869,6.175570504584947,-7.3196393623622855,6.084438094793169,6.708389437311871,-0.9784076064881286,4.7062151564783786e-05,-0.006534138007068024,-0.20658136022359203,-0.2888894690451413,-0.0044599543357688575,-0.0848705253283096,-0.003431807544984622,-0.005548612989514368,0.03694808947329875,6176,985000000,7.87,0,2,2,-4.858359370269634,8.117673615117248,7.049315456771788
-8.874406345352918,5.329373808715595,6.101793962904206,-7.352241657028544,6.068778977447327,6.698129003668519,-0.9777627228939402,0.0001831696560452168,-0.006150581854169461,-0.2096239359204003,-0.30314354553298484,-0.00982746608327859,-0.09250664457539083,-0.0021649624841302284,-0.0064928492520266445,0.05562220285355579,6177,99000000,7.74,0,2,2,-5.561605497034915,6.587121625361842,6.392246066359943
-8.874406345352918,5.329373808715595,6.101793962904206,-7.390082254505038,6.0503605694339155,6.685133520904493,-0.9769843825943615,0.00021813880305206982,-0.005628197923924432,-0.21323646960664566,-0.2955326723682846,-0.006750070360418787,-0.09933222322607849,-0.001503450891959801,-0.00760627676754666,0.05019504278607201,6177,234000000,7.44,0,2,2,-6.162109840686163,7.027161837690571,6.7584418201180965
-8.917016634011365,5.282450649562469,6.0257985548118125,-7.421927326991616,6.035000481737835,6.673268020615334,-0.976383486026256,0.00022056949263507455,-0.00516121711133507,-0.2159828729372869,-0.2949811322500472,-0.0035729193279059337,-0.10401190251606254,-0.0014843060625935323,-0.007626364413226838,0.04250449164828751,6177,303000000,7.08,0,2,2,-5.62804206325123,7.577560667712028,6.23074733271406
-8.917016634011365,5.282450649562469,6.0257985548118125,-7.466118162372219,6.01366301429384,6.656427892159686,-0.9755819608561029,0.0002846569034340206,-0.004519384731683246,-0.21958900651957852,-0.323923604850865,-0.00639910362774217,-0.11358033816297948,-0.003370188233020599,-0.008060621075856034,0.06087337533244863,6177,465000000,6.8,0,2,2,-5.922922199436595,7.06353033224107,5.972521694960717
-8.95885491383951,5.238647359080432,5.947737324945998,-7.513198767712233,5.989915794943315,6.637893989707724,-0.9745573028301368,0.00032313489040600835,-0.0039098320830130645,-0.22410415502032544,-0.324698173938641,-0.005343797608605956,-0.12218972536490938,-0.00123324750802567,-0.006552708373419591,0.04891719072475098,6177,613000000,6.42,0,2,2,-5.633329989434962,6.826358934649329,6.7069870369752795
-9.0,5.198062264195162,5.867767478235117,-7.5419490674573595,5.975387240051022,6.625704071278015,-0.9740671574713082,0.00032634099096443036,-0.003606699693386141,-0.22623009957705603,-0.31815263870268173,-0.003825864324192592,-0.12576652866145124,-0.001296079040002951,-0.0053839517931919545,0.03952771658077836,6177,708000000,5.98,0,2,2,-5.020996260369847,6.655101398251343,6.724674412519832
-9.0,5.198062264195162,5.867767478235117,-7.592127656591637,5.950006654846474,6.60284189071063,-0.9733931533589274,0.00021640547171307076,-0.003271896615083781,-0.22911791037624163,-0.30456632243015397,-0.002338427331177991,-0.13297020788396224,0.0032695231084289844,-0.0016900811715458985,0.026393319785711356,6177,814000000,5.78,0,2,2,-5.990206262638679,6.521594316471261,7.195965500195021
-9.040533546240905,5.160785279215,5.786050063307848,-7.639979831109284,5.925631459274976,6.578397432321063,-0.9730633553657706,0.0001605054471623896,-0.0030608194569747963,-0.23051748755042628,-0.2916537636104882,-0.002356227464361059,-0.14172566079769983,-0.0007615419917783584,-0.003387030665180646,0.007953638396429596,6177,910000000,5.52,0,2,2,-6.156662078993909,6.20497303745481,6.408989383669671
-9.040533546240905,5.160785279215,5.786050063307848,-7.677580242442133,5.906540202513308,6.5577483754421415,-0.9730818640541816,0.00010468280482536048,-0.00256651444172665,-0.2304454119612056,-0.3100939986621622,-0.000705353153193609,-0.1561568425592653,-0.0008114235015455051,-0.009648460672906367,-0.008052327302721096,6178,70000000,5.41,0,2,2,-5.806347316175127,7.678671180571867,6.481798096355856
-9.080539744799685,5.126897688037298,5.702749648162686,-7.718432400905382,5.886374372968394,6.535292975598112,-0.9734857096366447,7.222139429730674e-05,-0.0019982367422074505,-0.22873909802924058,-0.3415457475810798,0.005098153628558655,-0.16450217772609657,-0.0020842947606070084,-0.003799907653956325,-0.050146748253609985,6178,194000000,5.45,0,2,2,-6.068115608436338,6.7410871948463384,6.330401449690618
-9.080539744799685,5.126897688037298,5.702749648162686,-7.7632005514438465,5.865412267530698,6.5121606349074925,-0.9744387853288758,0.0002492203643989307,-0.0018745691161044528,-0.22464522591549468,-0.35066072943930393,0.00575384521216138,-0.16808498562166196,-0.004157021248829551,-0.0009931718295774772,-0.05256142721918877,6178,319000000,5.69,0,2,2,-5.9513468092261395,7.440920444946004,6.585648229330104
-9.120105018100498,5.096471948035492,5.618033988749896,-7.800988428675203,5.847721168270244,6.491979167199304,-0.9749730029680312,0.0003796719702770247,-0.0017814004528091225,-0.22231582477439815,-0.34681629216234283,0.0032063973628481852,-0.17069685577129864,0.0001634754127621818,-0.00040984528197896,-0.023827065888326615,6178,435000000,6.18,0,2,2,-6.07645756133165,8.135405304243857,7.056978162740902
-9.120105018100498,5.096471948035492,5.618033988749896,-7.838739226634325,5.829913770827409,6.4714685060948325,-0.9750759038432195,0.0003628254345920918,-0.0018129204165076092,-0.22186383982433006,-0.34429803366862943,0.0019345137429458883,-0.17356374559797044,0.00017220040859911023,0.0012474143773033575,0.004169280782662099,6178,569000000,6.46,0,2,2,-5.669819510466263,6.764404403599677,5.511275427322119
-9.159317703191736,5.069571516131274,5.532073691133351,-7.869336317971082,5.815415371225169,6.454086428037904,-0.9749320382386129,0.0003820570964489738,-0.0019006277484624056,-0.22249440995773456,-0.3326360536087467,0.0018163039783375458,-0.17651757786049177,-0.00017530797720155533,0.00193088972082478,0.018682826703297906,6178,688000000,6.53,0,2,2,-5.9349858452553805,6.972815992968457,6.896505889987424
-9.159317703191736,5.069571516131274,5.532073691133351,-7.904649528983292,5.798610583391721,6.432798492226855,-0.9746106883289598,0.00042054331534500196,-0.001999565604972936,-0.2238969206480122,-0.31899046420314686,0.0020217602829384305,-0.1804263262136044,-0.00018638238401536,0.0015916439110696956,0.027402884188632015,6178,843000000,6.45,0,2,2,-5.66378387145114,6.50116279837659,5.937906187886032
-9.198267729892216,5.046250697497813,5.44504186791263,-7.932944486680613,5.785062954506246,6.414719586877515,-0.9742962098585349,0.00040477050580193163,-0.0020891751442873602,-0.22526066448305515,-0.30800917077172474,0.001797648879065257,-0.1838138761148508,0.003412396654312033,0.002377001169406867,0.024450445380352903,6179,5000000,6.26,0,2,2,-5.473349286038461,7.143264010269583,6.274345701396602
-9.198267729892216,5.046250697497813,5.44504186791263,-7.976083928864052,5.764051035369783,6.384929231852311,-0.9740285497307257,0.0001661547930120646,-0.0024675163158795173,-0.22641172245551872,-0.2913764320980896,-0.00042076017778575216,-0.19067720299891347,0.0038522477552760392,0.0049612243401497835,0.007710646650593844,6179,117000000,6.08,0,2,2,-6.50019849814117,6.8813282003031855,6.403015667609838
-9.237046293633338,5.026554517280455,5.357113789597274,-8.011853523410242,5.746237264597247,6.357996485373053,-0.9740076481370052,6.918724521057327e-05,-0.002836630576770339,-0.22649735122229447,-0.27877144127225945,-0.0027052089623889183,-0.19677887573804448,0.001550404783756676,0.004190741810816689,-0.004533705396170262,6179,280000000,5.92,0,2,2,-6.429892743119355,6.5382947641053075,6.553465014069917
-9.237046293633338,5.026554517280455,5.357113789597274,-8.04165750120015,5.73104260144042,6.334240412131099,-0.9741127579598372,6.033588436466452e-05,-0.003031864102377829,-0.22604233882068475,-0.28088922713165865,-0.006451014752589497,-0.2018694104667463,0.0001674609023893936,0.0019331886960571865,-0.009380899518873775,6179,472000000,5.91,0,2,2,-6.0761516156968485,6.4323446345215265,5.627748185269733
-9.275745524000433,5.010518615660784,5.268466531635312,-8.07230886657631,5.714918570231952,6.309870503273505,-0.9742255859125664,8.843380874781889e-05,-0.0030544213662147164,-0.22555524920270825,-0.2955262352693311,-0.009517665913587933,-0.208027447311454,-0.0011732907069017529,-0.0018009178461397823,-0.003029596405212942,6179,618000000,5.98,0,2,2,-6.334494236558644,7.3003329578236835,6.321137864578039
-9.275745524000433,5.010518615660784,5.268466531635312,-8.099376391356422,5.700616263188916,6.288892589928381,-0.9741900764799698,0.00011078967693724001,-0.0028696268252972716,-0.22571098301917303,-0.30896763004703753,-0.009773759614964236,-0.21396685089546824,-0.0013960062346995983,-0.0037444614918058505,0.007759710024402011,6179,760000000,6.12,0,2,2,-6.21598173838558,7.24953662154026,6.508283679388227
-9.314458149989589,4.998169166528449,5.179278617806868,-8.147409812645034,5.675170351807454,6.2500944413565085,-0.9739733799189652,8.719330176083112e-05,-0.0028218049415459365,-0.22664484336385637,-0.2924748420360891,-0.00966281018697305,-0.22053352732095596,0.002129580980181345,0.002428038851576275,0.006034617945260834,6179,900000000,6.16,0,2,2,-7.0767005913733305,7.099833123289289,6.417054883954947
-9.314458149989589,4.998169166528449,5.179278617806868,-8.177828135546841,5.658892787844675,6.223539063255996,-0.9739452477427231,-4.458105976315116e-06,-0.003078488191507956,-0.22676238067621707,-0.28067617360596886,-0.0103588038726642,-0.22483035970512896,0.002526636944821803,0.0046721615944989026,-0.0008529511774213461,6180,3000000,6.15,0,2,2,-6.646906974811589,7.936665775225749,5.57055166531727
-9.353277163006274,4.989522819963038,5.089729660701031,-8.207216179626265,5.6429244321796626,6.196488038285271,-0.9739078539432903,-5.598879974327625e-05,-0.003334279715880584,-0.22691930607950705,-0.2810646068804408,-0.014840539661669377,-0.22962646481948013,0.00011965783714984468,9.892004761979933e-05,0.02223573683295399,6180,131000000,6.2,0,2,2,-6.523504368469151,6.366653546777186,5.615084063502506
-9.353277163006274,4.989522819963038,5.089729660701031,-8.237544966664796,5.625395385634476,6.168789911812285,-0.9732635645107506,-2.3305323343756658e-05,-0.0030797328463204403,-0.22967052204905408,-0.29010922883826556,-0.019354313325213025,-0.23434051864806915,-0.003025120645361312,-0.004149340702497284,0.05186473572393879,6180,223000000,6.25,0,2,2,-6.387583262261588,6.479696096270936,5.588366189946783
-9.392295478639225,4.9845866686656395,5.000000000000001,-8.262475115330163,5.610868697096968,6.145407864440869,-0.9726932095701739,6.263887842341588e-05,-0.0029173180900061435,-0.23207629217049752,-0.28550734355729884,-0.016841480469116665,-0.23604701044983595,0.0002172040129977404,-0.001377729006435402,0.049678495270200074,6180,359000000,6.02,0,2,2,-6.29335960012943,6.8635473039595425,7.114346847388291
-9.392295478639225,4.9845866686656395,5.000000000000001,-8.307204975383137,5.585209045277968,6.1030438260075055,-0.9715735323747912,-3.173608093267927e-05,-0.003071907550714033,-0.23671804655663986,-0.2796273504299651,-0.011642385806209743,-0.23882393313618028,0.0020705873566839728,0.003459072468103841,0.05516541641554795,6180,451000000,5.81,0,2,2,-7.27465177899702,7.14463569683076,6.603096472423073
-9.431605598247117,4.983358238416682,4.910270339298971,-8.326467473430334,5.574248743789939,6.083947839570944,-0.9711044583461619,-7.887319228508144e-05,-0.0032507930953307625,-0.23863268238755203,-0.272000083616125,-0.010135749519652324,-0.2417289373911531,0.0025450643079238944,0.00433379700552905,0.041251852599089034,6180,604000000,5.38,0,2,2,-6.447076753716078,6.66665487863852,5.946947567353639
-9.431605598247117,4.983358238416682,4.910270339298971,-8.358984016529337,5.555719069183404,6.049952495754005,-0.9705852612674818,-0.00018818314504171494,-0.0035721981466624803,-0.2407310835721862,-0.26232094319361565,-0.009512336492270734,-0.24696588471518446,0.004105217340111267,0.001126469300061217,0.03632002881204244,6180,731000000,5.19,0,2,2,-6.87867084695295,6.835253072856203,6.3811317170069435
-9.47129927139662,4.985825502573428,4.820721382193134,-8.386368960499127,5.539952342258721,6.020267150208265,-0.9698153162149988,-0.0002622052543376455,-0.003400244253930161,-0.24381677961580028,-0.25850727069042495,-0.007935029695748646,-0.2507254530201113,-0.004298101885069627,-0.004167965471424395,0.05681646907760296,6180,879000000,5.0,0,2,2,-7.476096793792511,6.726753419407246,5.402698701414561
-9.47129927139662,4.985825502573428,4.820721382193134,-8.417424556693106,5.522298443106461,5.985109130673361,-0.9688403315714316,-1.0314685541325079e-05,-0.003040079669091116,-0.24766745795475714,-0.2494612230236815,-0.003695702186940946,-0.2542806440465355,-0.004706253594122245,-0.0038849355405545793,0.056089493227773346,6180,971000000,4.68,0,2,2,-7.028913049628726,6.938345943025624,5.920952004134278
-9.511467160188488,4.991966920557292,4.73153346836469,-8.443888216924917,5.507097218234442,5.954817190042106,-0.9678265149698759,0.00020730057320322067,-0.0029396094604506743,-0.25160117774755536,-0.26390612739179575,-0.008590249435002155,-0.2513905068060721,-0.0029490728593373206,0.00468315884063486,0.08993825613288209,6181,100000000,4.3,0,2,2,-6.490784121925738,6.88485172490578,6.140143486287365
-9.511467160188488,4.991966920557292,4.73153346836469,-8.48647844780944,5.4802937080858936,5.910402658662857,-0.9654906732942528,0.0007176371908202311,-0.003597816962094538,-0.26041179023189437,-0.2775675083846555,-0.011074409010380723,-0.24942343074752857,-0.0033764965564841987,0.0066478425196692115,0.0831518329505343,6181,270000000,3.9,0,2,2,-7.648677742440123,6.761049050685154,5.9721229534463
-9.552198506503384,5.001751500218027,4.642886210402727,-8.518774212408463,5.459991312448713,5.8753440020226995,-0.9642777016418238,0.0008914028089771538,-0.00390593209932015,-0.2648631027754324,-0.2642793997728434,-0.005798436620994521,-0.25516486316059594,-0.0003351721630906468,0.0036487006582319736,0.05421403257059865,6181,375000000,3.03,0,2,2,-6.810657043414816,6.889788845968389,5.653119186996188
-9.593580803191154,5.015138883899101,4.554958132087372,-8.546068902511482,5.442676706699822,5.844727795738821,-0.963263433816359,0.0007028339404258033,-0.003929641076374285,-0.26852862234365205,-0.280284228917672,-0.011823713428192459,-0.25861313629749016,0.007564504721813137,-0.007143322909541894,0.090235065727029,6181,507000000,2.64,0,2,2,-7.35969543998922,6.782373177493431,6.0751735551500685
-9.593580803191154,5.015138883899101,4.554958132087372,-8.580271057336924,5.419125995379976,5.808580172162196,-0.9612074163492732,0.0002854354556544479,-0.0032984889124438852,-0.27580670994856127,-0.2940077264496777,-0.013839938858409806,-0.2622900230193486,-0.001673660858614312,-0.007691241762586287,0.09956018984667026,6181,627000000,2.32,0,2,2,-7.339473594419053,6.1541785824195925,5.276144868988588
-9.635699470216313,5.032079457966313,4.467926308866651,-8.619197470280318,5.392305927517368,5.7662267495791,-0.9593876335640451,0.00021361772424988048,-0.0028606938076063716,-0.2820764778615691,-0.3012117629168335,-0.011531655561407913,-0.2715203084615252,0.0007840276737169916,-0.006074917928344803,0.06719482917105779,6181,739000000,1.64,0,2,2,-7.745269646923335,6.457339616870235,6.414435314319379
-9.635699470216313,5.032079457966313,4.467926308866651,-8.655838484652143,5.366921215283285,5.728535523937035,-0.9584315515344249,0.0002741354748086308,-0.002861001581316359,-0.28530808005208697,-0.33253024996331126,-0.0074960877724220805,-0.2679172686994959,-0.0011909592558367876,0.007375277891696896,0.03072263534704689,6181,908000000,1.1,0,2,2,-6.7932570780297965,6.6159932164927815,5.8906789695995485
-9.678637536758645,5.052514485500042,4.381966011250106,-8.684525266035536,5.34734713713319,5.7020773246359715,-0.958046803998444,0.0001377181673579385,-0.003273930205345046,-0.286593063005865,-0.3571776612061635,-0.00847667097337113,-0.2684274479368773,0.018393026948615443,-0.001981914141424568,0.03674166109703947,6181,981000000,1.0,0,2,2,-6.592333186167608,5.788459557268638,6.333648135503735
-9.678637536758645,5.052514485500042,4.381966011250106,-8.727497470710185,5.316971150595981,5.664046163683734,-0.9569347584921302,-0.0013430696023774493,-0.0025821663937097964,-0.2902884713011637,-0.3777773462927495,-0.012568614695964065,-0.2770677355188306,0.0057931855735660065,-0.01497724942964851,0.053362319886218756,6182,118000000,0.91,0,2,2,-6.938154441007176,7.12697176552696,5.962289001870233
-9.722475330250953,5.076376261790822,4.297250351837315,-8.763475395119485,5.291591122255523,5.630696719336819,-0.9562954372402328,-0.0014017720353283205,-0.00229470377270305,-0.29238981870658304,-0.3548192396223814,-0.006676975583972263,-0.2811019569650562,-0.0056216565553768305,0.0015266860827978235,0.025219594317604788,6182,238000000,0.75,0,2,2,-7.5320064530552315,5.702836608464232,5.387467721995587
-9.722475330250953,5.076376261790822,4.297250351837315,-8.808263944164857,5.260971697190518,5.585495574234235,-0.955958973920572,-0.0008138979226905307,-0.0026571716345087618,-0.2934871669933852,-0.3233466274745943,0.0005744830490132872,-0.2860586863915444,-0.005334314255378558,0.009083299119083676,0.00699187344253005,6182,400000000,0.72,0,2,2,-7.088646370962533,6.92137884070569,5.911707438526505
-9.76729017331638,5.103588292218058,4.213949936692154,-8.835375675770708,5.2432350702881685,5.5570848254416205,-0.9560670533626763,-0.00030217127131299155,-0.002843546198052193,-0.2931341201770134,-0.32942203612019283,0.009116722961815281,-0.28397279579541435,-0.011677820839395281,0.0023175772639660863,-0.026312660702387802,6182,502000000,0.87,0,2,2,-6.169922679747188,5.5750075527519956,5.323168407047442
-9.76729017331638,5.103588292218058,4.213949936692154,-8.882315922185722,5.2148793327499705,5.512437536434783,-0.9571457700397776,0.00033410316218687665,-0.002524337946976412,-0.28959539186245237,-0.33895813286205045,0.019516356240194987,-0.28038779219044246,-0.0036615132785300375,0.0003508317576006448,-0.041879470882122405,6182,688000000,0.89,0,2,2,-7.881909255104369,6.0271554044001014,4.643836159732086
-9.813156089545181,5.134065492033123,4.132232521764885,-8.916557812732481,5.195194993521149,5.478769126323576,-0.9576190371736795,0.000562144936119395,-0.00269056723203276,-0.28802469422533145,-0.3164082725067365,0.02211906839464379,-0.2841928106261269,-0.002641145988491189,0.006035924434399931,-0.016933934421103913,6182,827000000,1.43,0,2,2,-7.408332056289339,6.172855084241112,4.915437515752677
-9.813156089545181,5.134065492033123,4.132232521764885,-8.949227564512743,5.176992415386501,5.444873807026152,-0.9577490788690282,0.00086268531717379,-0.0031995224370753826,-0.28758602322739185,-0.3118969903341905,0.02373573198476945,-0.2803577302027528,-0.0023784272798366146,0.016244634753093123,0.0011284265724498255,6182,951000000,1.67,0,2,2,-7.3322583957237075,6.518892986882333,6.111114289364035
-9.860143519025664,5.167714407510702,4.052262675054004,-8.97164268047579,5.16447666488528,5.423024683920577,-0.9576654475524172,0.0011931855606363154,-0.003988735458828182,-0.28785335999756134,-0.322320078837212,0.023970377873263726,-0.27196995917707517,-0.0013681900270512415,0.02420269429421751,0.010587248016236117,6183,87000000,1.78,0,2,2,-7.172371981265476,6.712740119145083,5.386501071766303
-9.860143519025664,5.167714407510702,4.052262675054004,-9.005698105618556,5.14559220437473,5.390759890679154,-0.9575721791172194,0.0011616673239212261,-0.005267004317452646,-0.2881430737936419,-0.319422469681917,0.026113153792828282,-0.27210005169285256,0.007889544576755725,0.017392952759109903,0.0012798213333553576,6183,256000000,1.78,0,2,2,-7.241701676646202,6.79754428464521,4.895594578593374
-9.908319044516041,5.204433457876391,3.9742014451881884,-9.033218485519328,5.130641030106937,5.363655445406005,-0.9575876698984327,0.0010655620768420674,-0.006116984510764821,-0.28807516646952697,-0.30021594704546495,0.02766219800133916,-0.27677197178279084,3.550794431816939e-05,0.013592280447483063,-0.0026393110374556272,6183,391000000,1.81,0,2,2,-7.13238623092192,6.457444512816711,5.684550652426019
-9.908319044516041,5.204433457876391,3.9742014451881884,-9.059337484795178,5.116928417364183,5.33610928334696,-0.9576243476200859,0.0014207608789203602,-0.0065227237836240435,-0.2879427796597304,-0.28176418160955247,0.0307106822362201,-0.28120672043361233,-0.005250714139037882,0.007130876247174456,-0.0028796152719223755,6183,486000000,1.88,0,2,2,-7.3454256809390595,6.6106960757499955,5.479860777975042
-9.957745129113496,5.24411319736433,3.898206037095796,-9.093743488796491,5.099749879288536,5.296837372394209,-0.9576799151780933,0.0017588220384947466,-0.006713458092313191,-0.28775165697170085,-0.2579421862705952,0.03473671406001747,-0.28714358610959606,0.0007374831000106497,0.002605002669042733,-0.0020354280650281,6183,615000000,1.95,0,2,2,-6.872412239353075,6.348502211018056,5.467727848340378
-9.957745129113496,5.24411319736433,3.898206037095796,-9.116871641298395,5.0888176589444045,5.268215682259938,-0.9576929748282642,0.001703962459648292,-0.006847488853551171,-0.28770536034791905,-0.24221309799724552,0.03712333571411592,-0.2917462989980675,0.0024041764618232264,0.0020264749764464796,-9.534873406380484e-05,6183,741000000,2.07,0,2,2,-6.756581188444967,7.025742057456477,5.251953802626837
-9.957745129113496,5.24411319736433,3.898206037095796,-9.143155419322419,5.077038773132796,5.233287592064466,-0.9576797732754105,0.0016145595958077818,-0.00696964982093249,-0.28774688362837836,-0.22496626741544304,0.03993275961981736,-0.2967585393742139,-0.0002862207900022895,0.0007319548785744701,0.0010164519721911347,6183,921000000,2.16,0,2,2,-6.725157050252548,7.04054900908113,4.929918951830221
-10.008479866243734,5.286636596706112,3.824429495415054,-9.159889378870615,5.06996254343448,5.209647097560406,-0.957669822126689,0.0016496887713367135,-0.006952228821900459,-0.28778022313772983,-0.21453813031209998,0.04221863044273225,-0.30015935412192246,-0.001066898755652801,-0.0007955896819566988,0.0007642035996013874,6184,18000000,2.26,0,2,2,-7.532441717533117,6.425392474909679,4.696357522565498
-10.008479866243734,5.286636596706112,3.824429495415054,-9.176045892877088,5.063476629794106,5.185753272802892,-0.9576617228157658,0.0016794956928528203,-0.006884010812021939,-0.2878086418836257,-0.20466559931294254,0.04437724310374978,-0.30288823506032697,-0.001094876620300056,-0.0018729705175246636,0.0007053718036331702,6184,164000000,2.32,0,2,2,-6.797251722726881,6.14678931328562,4.892645421041903
-10.060576742758828,5.331879343301653,3.7530203962825333,-9.210441951462357,5.050863489646016,5.131225729222082,-0.9576540640351052,0.001634988637377102,-0.00665540538851177,-0.28783975755325497,-0.18453166010850133,0.048686871930691704,-0.30821632900551116,0.0011369082358214655,-0.002716128688007302,-0.000833814044653991,6184,295000000,2.45,0,2,2,-8.388678521543753,6.4817211064767495,5.090035413883552
-10.060576742758828,5.331879343301653,3.7530203962825333,-9.238967488739545,5.041739729775132,5.081939312468391,-0.9577035637036716,0.0014543522924576105,-0.006485186092370383,-0.2876798764078642,-0.16882877411957806,0.051880710343246594,-0.31232986526347445,0.0017351237602269975,-0.002744801145126985,-0.0029218821737231337,6184,405000000,2.52,0,2,2,-6.848728394919708,6.324384630280504,4.548931136475257
-10.114084415893515,5.379710159274142,3.684122548120575,-9.267862652599097,5.031656556441398,5.032007516909098,-0.957029237301525,0.0007607344425829489,-0.005953700601540662,-0.28992932532311405,-0.20259107094425127,0.03923231333311744,-0.3163564355512432,0.008206625625462038,-0.015356154108303599,0.06800682967877947,6184,496000000,2.63,0,2,2,-8.208568564206399,5.75146629428305,4.290459731718317
-10.114084415893515,5.379710159274142,3.684122548120575,-9.291634213206668,5.021148917573223,4.9941781388261655,-0.9558764352273452,0.00035251409082624665,-0.005221946887780158,-0.2937223988421371,-0.20657238422421678,0.038796684159974185,-0.3185479959752656,-0.0004265171810402535,-0.009256547400582349,0.045390385639620945,6184,610000000,2.38,0,2,2,-7.403074445531416,5.781315105702947,4.533345005615857
-10.169046504790035,5.429991136564798,3.6178747020262714,-9.310983776163553,5.012971932789751,4.962487042430686,-0.9554662532546472,0.0002843122912322758,-0.004963485967000032,-0.29505850583418636,-0.20493714718126865,0.042158837766005805,-0.3176896621528238,0.0018671001726033865,-0.0005158645585368049,0.01485325501562329,6184,711000000,2.04,0,2,2,-7.729093486625399,6.372803619312734,4.246572833504733
-10.225501397259645,5.482578088179083,3.5544102723452173,-9.336161691683197,5.002372275280832,4.925359547367234,-0.9554715539017804,0.0002667032902367501,-0.005508976719391177,-0.2950316758068144,-0.22912376471419232,0.04646166674955037,-0.3077348436478125,0.0022008291693964566,0.013593056519312086,-0.01072624409061973,6184,804000000,1.94,0,2,2,-7.612126425584527,6.312208546170831,5.1155770623529415
-10.225501397259645,5.482578088179083,3.5544102723452173,-9.353351909634068,4.995356825074386,4.900915413839925,-0.9556596433428304,0.00037184130495108644,-0.0059889081353254265,-0.2944123652281685,-0.2192476574125442,0.04867857551536806,-0.30856108232952917,0.0006805593670833332,0.011267373520240653,-0.019808956494671293,6184,947000000,1.97,0,2,2,-7.5077964696577455,5.836631992246482,5.7297889788803795
-10.225501397259645,5.482578088179083,3.5544102723452173,-9.382031421390746,4.984664686679507,4.857872219041094,-0.9562322033065902,0.0004938126706471478,-0.006599846283610109,-0.29253405192815257,-0.19964975462681644,0.05285348832407487,-0.31174504665935576,0.0012482003739933134,0.007131792881409638,-0.03004118007083889,6185,52000000,2.04,0,2,2,-7.348812848507596,5.432457736943672,5.143130125217682
-10.283482072404862,5.53732091465431,3.4938570679927787,-9.397635888793879,4.979496967315447,4.8330549752412955,-0.9565360006345205,0.000494763103272657,-0.006857917787214262,-0.2915331947878524,-0.18922628366011457,0.05567612650320949,-0.3138355943949549,0.002086732001771452,0.005520387412616401,-0.023289006821869407,6185,175000000,2.28,0,2,2,-6.849835978637318,5.952811858702394,4.233128366724832
-10.283482072404862,5.53732091465431,3.4938570679927787,-9.416394591530048,4.973969633188162,4.801820241511784,-0.9568210753823873,0.00043511705424141133,-0.007108672747854951,-0.29059027366552515,-0.17681746769740092,0.05907205982565873,-0.3160150060758221,0.002677888210200763,0.0036612142366720946,-0.017222558926732745,6185,235000000,2.42,0,2,2,-7.463270633223211,6.838844854763111,4.493932386781883
-10.343015939680622,5.5940639847794555,3.436337035063941,-9.43437507607799,4.969400873720736,4.770386395893648,-0.9570399588556916,0.0003440222433454053,-0.0072804922005837245,-0.2898644394117865,-0.16542448568607487,0.062207655892322564,-0.3176524762111043,0.0008857295158648526,0.0019221444517825148,-0.015395976151921786,6185,334000000,2.56,0,2,2,-6.395833080998063,5.387293371681301,4.287748774666792
-10.343015939680622,5.5940639847794555,3.436337035063941,-9.455038989745413,4.9651113516360015,4.732470213822114,-0.9575060597782347,0.000494790625782982,-0.007209880510958097,-0.2883225941427653,-0.15323760752994636,0.06631841071931677,-0.31903264454885705,-0.003711488216140424,-0.0019515048165885673,-0.03500296334095765,6185,513000000,2.69,0,2,2,-6.839791662057114,6.254652831416336,4.992219574601482
-10.40412469492493,5.652646529561425,3.3819660112501055,-9.478035495969289,4.961640026478333,4.68803623486537,-0.9582731109363545,0.0005821145227966544,-0.006946502717318961,-0.2857692287476765,-0.14078101950001118,0.07094213505535539,-0.32038326579966814,-0.000469564221816654,-0.00359314319666737,-0.031241527358361054,6185,676000000,2.93,0,2,2,-8.10129161957259,6.281357827650902,3.482733491311153
-10.40412469492493,5.652646529561425,3.3819660112501055,-9.49072409482653,4.960376067971832,4.662529597568976,-0.9585568355616222,0.0005297524334569232,-0.006807544550921547,-0.2848195388270186,-0.1343179850121154,0.07384552788335401,-0.3212623116956842,0.0005859549560227606,-0.0036867433664156124,-0.020043379663547967,6185,834000000,3.31,0,2,2,-7.252135145885761,5.864222195664128,4.3133890240387895
-10.466824193840418,5.71290304839822,3.330853492557395,-9.509200845260139,4.959382030488999,4.624154609827459,-0.958787847828551,0.00040333008703249485,-0.006609469181673622,-0.28404579753672227,-0.1253337500434792,0.07797792479896805,-0.32214186955753155,0.00035938679303626486,-0.003951171720473212,-0.010530244708206737,6185,962000000,3.48,0,2,2,-8.28831263727524,6.577776310651878,4.345274253695158
-10.466824193840418,5.71290304839822,3.330853492557395,-9.51821650211495,4.959272186981912,4.604920659004498,-0.9589056379349468,0.0003851423558104703,-0.0064762241439129805,-0.2836509963366531,-0.12125889950254778,0.08024155350703413,-0.3225788005365865,-0.0010033077160187531,-0.004705870060206507,-0.015798771528352518,6186,60000000,3.64,0,2,2,-7.344486728722677,6.350385384544215,5.128404952453423
-10.466824193840418,5.71290304839822,3.330853492557395,-9.54733875033002,4.960628422461014,4.540722690382494,-0.9595423323624387,0.00023881175807459812,-0.005961242756850254,-0.281501188200315,-0.10930851726163344,0.08680569835166953,-0.3228537668981369,0.0019420441049078363,-0.005161885201232508,-0.028494173966464587,6186,161000000,3.73,0,2,2,-7.8716521321229855,5.023313538167369,3.6865461704352533
-10.531124343357522,5.774663726388456,3.2831024127962682,-9.558631812859609,4.961859263118003,4.515017195157772,-0.9598932305446112,8.885563235079552e-05,-0.005804110256214634,-0.2803057087599895,-0.10510944538993679,0.08908677338270962,-0.3227652641026052,0.002462052998453146,-0.004514413694778341,-0.032931507666944526,6186,256000000,4.08,0,2,2,-7.57814258459477,6.550028516671705,4.031423870034879
-10.531124343357522,5.774663726388456,3.2831024127962682,-9.572484228189204,4.963898132277742,4.4828923937853755,-0.9603826094193798,-0.00010284469212600879,-0.005635804302984648,-0.27862783539634106,-0.100267766055533,0.09163954091925483,-0.3226197296091093,0.002606840962471324,-0.004079163545611664,-0.03631569124991074,6186,397000000,4.25,0,2,2,-7.362974991200016,6.7800351809068395,4.216209726525526
-10.597029011258085,5.837754861678575,3.2388089362865244,-9.587604785918487,4.966298135570408,4.451373859460633,-0.9613960809470532,-0.00032630807728579623,-0.005760037446021131,-0.27510778075384584,-0.12098527850314866,0.10587673174223086,-0.31205849972655914,0.006381668799804174,0.005079307402411359,-0.09888397180475295,6186,458000000,4.47,0,2,2,-8.64076980274362,5.703631825101054,4.050201682618597
-10.597029011258085,5.837754861678575,3.2388089362865244,-9.61006010331801,4.9702661596351945,4.408034851199432,-0.9631924725642445,-0.0007939557064492518,-0.006207470778893217,-0.26873983280571295,-0.11551740998256918,0.1071211868653027,-0.31095869670893284,0.007501101435991586,0.0038908128317416413,-0.0899848724657204,6186,568000000,4.87,0,2,2,-7.197494059771384,6.571667422932544,4.829193528382611
-10.664535954385098,5.901999301723967,3.198062264195162,-9.622768104142398,4.9727790143861785,4.383357590468614,-0.9640918702338759,-0.0010282827473198576,-0.006391625340365324,-0.2654900290200128,-0.12349245535496459,0.1070423065629084,-0.30919414317155247,0.004371241402623127,0.0020408803948157583,-0.07544799736933783,6186,675000000,5.56,0,2,2,-7.262852611402728,6.805200523829537,4.13092160099255
-10.664535954385098,5.901999301723967,3.198062264195162,-9.644579903967227,4.975051690425161,4.346901595057819,-0.9650293644172354,-0.0012340915967350725,-0.006486331888898207,-0.2620586391039695,-0.15716430443123636,0.1071550949925957,-0.303834466374888,0.002467370768499677,0.0002867325662236908,-0.047845417793723755,6186,791000000,5.94,0,2,2,-6.719900126152609,6.611211999770069,4.87082835373651
-10.733636765710141,5.967216887318114,3.1609444548970993,-9.663711613894662,4.97660840331534,4.316800133437705,-0.9655103490420054,-0.0012844711744590012,-0.00649703711709544,-0.2602804344073634,-0.1507346419912557,0.10908345666737256,-0.3032617794955814,-0.0007970327544626343,-0.0004190685956473317,-0.03001358563778922,6186,925000000,6.37,0,2,2,-8.216329519686418,6.883441675375888,3.762313946597899
-10.733636765710141,5.967216887318114,3.1609444548970993,-9.685974810286918,4.979329388223983,4.280725792847705,-0.9658978186850012,-0.0012293265286121486,-0.006378824324050887,-0.25884204298391167,-0.14138358240986748,0.11235486816206201,-0.3027440220232998,-0.0014113739553067717,-0.0024553063440180267,-0.02141276690963423,6186,997000000,6.75,0,2,2,-7.832484550533815,6.306100900109188,5.043917156267807
-10.804316840475156,6.033224903224885,3.127530258720526,-9.717937921730186,4.985123531328791,4.226745394904587,-0.9663541215411728,-0.0012441088084586445,-0.00604573544469914,-0.2571412317318898,-0.12851858834144472,0.11701663383343423,-0.3015465895298878,-0.00044214415879650915,-0.00439396822002891,-0.02122532132489141,6187,127000000,6.89,0,2,2,-8.326248186564426,5.74470667715752,4.753809765099154
-10.804316840475156,6.033224903224885,3.127530258720526,-9.738383778990748,4.990066776800278,4.190872970397807,-0.9667133335996834,-0.0013278420185680825,-0.0057679663612933505,-0.25579346754797294,-0.12087719357507094,0.11985894952676131,-0.3003979375654726,0.00028837231695888477,-0.005021527476856136,-0.02470696417731233,6187,187000000,7.1,0,2,2,-7.4839823869525635,7.250122546937142,4.330443252356449
-10.876555361569489,6.0998385342332115,3.097886967409693,-9.758779774685944,4.995502228511295,4.155001937487785,-0.9671494830549012,-0.0013295657557126591,-0.00524975779999207,-0.25415064376188395,-0.13546753292894004,0.12377291377669941,-0.30351503245619577,-0.007911321972642327,-0.016966703515208792,-0.036502818329609,6187,385000000,7.41,0,2,2,-8.233237164791761,6.6443287201506225,4.311246139356192
-10.876555361569489,6.0998385342332115,3.097886967409693,-9.782852147577378,4.999602817565501,4.118336465498257,-0.9678281761040429,-0.0013524822315139917,-0.003760224041430663,-0.25158031132442227,-0.16282041431237643,0.12810695664868946,-0.30839819174923166,-0.0006665070287681374,-0.02246622425445821,-0.04329194925958291,6187,465000000,7.64,0,2,2,-7.937681457127105,6.0066741238286845,4.626132485552796
-10.950325304246979,6.166871325440744,3.0720742786082935,-9.83101619177752,5.00920028422682,4.045330746812942,-0.9686060119278732,-0.0020279794023228947,-0.0026507092051048483,-0.248578467887777,-0.14596054843263379,0.13305009885014588,-0.30273317066686256,0.004508157280724845,-0.0020918455334140162,-0.010828353788383538,6187,578000000,7.97,0,2,2,-9.583680111298852,6.450274841886429,4.516273214509252
-10.950325304246979,6.166871325440744,3.0720742786082935,-9.857547398332242,5.016395787183256,4.003415118789514,-0.968698961418327,-0.0023212104607026325,-0.002732944156622952,-0.2482125402659754,-0.13531292179461624,0.13586022717072604,-0.29905007306494863,0.004163280209468212,0.001366479796161002,-0.0017033199014804268,6187,663000000,8.33,0,2,2,-7.995482036621492,6.059685977994802,5.089503109350536
-11.025593460231256,6.234135645563602,3.050144175636353,-9.879677969948474,5.023278419547403,3.967892256176428,-0.9684920679573585,-0.002612283648984929,-0.0028389128505065635,-0.24901451935909952,-0.13290572839497755,0.13847302466401895,-0.2960552783121046,0.006289119755820138,-0.0016472230754516204,0.03833422597381286,6187,809000000,8.35,0,2,2,-8.634675316453295,6.666124899476688,4.205777593873848
-11.025593460231256,6.234135645563602,3.050144175636353,-9.90199700117599,5.030406240125402,3.932753452557278,-0.9676930068808363,-0.0029479829102298156,-0.0027481503552634697,-0.25209918980494844,-0.130276599258826,0.14155985597064036,-0.2925105874223588,0.002522434829188569,-0.0027834948696181527,0.044961074308957905,6187,896000000,8.22,0,2,2,-7.91578196669164,6.937750765967809,3.1087662108529783
-11.102320481200636,6.301443152063106,3.0321408228027407,-9.927388654687052,5.039478096588002,3.8924116894961664,-0.9672901514848038,-0.003042063390319802,-0.0026276262262806688,-0.2536406991617262,-0.12124256487769543,0.14477680006614216,-0.2870316251686639,-0.0007484725301765138,-0.002192391593780485,0.006154004177005845,6188,21000000,7.92,0,2,2,-8.752518778629659,5.993924747413475,3.8162698540358218
-11.102320481200636,6.301443152063106,3.0321408228027407,-9.951963882090459,5.049480989104786,3.852864490092192,-0.967397764482721,-0.003032552786856701,-0.002438279231498678,-0.2532319563005778,-0.11337003676803104,0.14753858288979058,-0.2811404360907991,-0.000832020009511325,-0.0028211759172336315,-0.014287855356087675,6188,119000000,7.59,0,2,2,-8.16835887607883,6.296793062469593,3.8815182487337623
-11.180460941587125,6.368605256877436,3.018100476464131,-9.981169414947118,5.060464792858463,3.808676512906023,-0.9677685779383592,-0.0035107862949419343,-0.0021704425606515507,-0.25180735317668523,-0.14939150099248472,0.1449349076160084,-0.2745940392807179,0.009203083664033329,-0.0069763332248840015,-0.019289389820187353,6188,234000000,7.63,0,2,2,-8.550269631935135,6.1074766152894036,2.935358489191059
-11.180460941587125,6.368605256877436,3.018100476464131,-10.018926547190771,5.069710804019326,3.760202426532397,-0.9681337287594873,-0.0042409545864295975,-0.0021439028519535533,-0.25038870027021704,-0.15408748473553244,0.14533591658103115,-0.26764976787275024,0.006819804048063816,0.0029299297011675662,-0.012713736668956699,6188,400000000,7.86,0,2,2,-8.40436700937585,5.099325742555179,3.5153811152392733
-11.25996342056738,6.435433591546413,3.008051412009522,-10.053765909338452,5.077514383176244,3.7193542220049673,-0.9686635727026115,-0.004619590896816563,-0.0023888200975858047,-0.24832204057936458,-0.18087222612516246,0.14521267958692824,-0.24639224494588935,0.004095127087566652,0.0006416860230729071,-0.039589965308550745,6188,537000000,8.12,0,2,2,-8.311042713568975,7.064712390597881,3.787211062717521
-11.340770603066856,6.501740470521191,3.0020138669173706,-10.077959264500343,5.081475304701152,3.6955347555110563,-0.969459077411597,-0.004749737969717646,-0.002449107693727589,-0.2451949002018164,-0.2047037901511121,0.15378504518318128,-0.2365941267602707,0.0017381529573867738,0.0017389048821314645,-0.10227186066913418,6188,642000000,8.43,0,2,2,-7.966000131559227,6.923190615870405,3.3293039669110995
-11.340770603066856,6.501740470521191,3.0020138669173706,-10.127024974777187,5.089184012112449,3.654355265344685,-0.9725569549847334,-0.004907660713712265,-0.0028285512044805587,-0.23259596616284128,-0.21955019335540923,0.16316811845387222,-0.22775824661328242,0.003098439356108429,0.00739351662559784,-0.14190385700203478,6188,761000000,8.79,0,2,2,-8.757097126386517,5.897328020023662,3.331662290498313
-11.42281939954245,6.567339351457388,3.0,-10.14831360886532,5.093300122927817,3.636446907906754,-0.9736480939429133,-0.004946507601863648,-0.0031323551664256986,-0.22798050262026298,-0.20966589571523545,0.16255502902552843,-0.2253761669961613,0.0021627641672239406,0.007881428791733924,-0.09907144994940609,6189,4000000,10.07,0,2,2,-8.320629238086976,6.94906625799918,3.4112784403164467
-11.42281939954245,6.567339351457388,3.0,-10.178926157451398,5.100395243777803,3.609956481798307,-0.9746492763757544,-0.004977799164441337,-0.0035765516311721383,-0.22365423728185035,-0.20017066507375708,0.16306680994014594,-0.22128815307801916,0.002521725582482759,0.007138055661926046,-0.0596172314544674,6189,150000000,10.53,0,2,2,-7.469055012652026,7.249989769994432,3.832422012434574
-11.50604108425346,6.632045291300239,3.0020138669173706,-10.199996945332122,5.1049512933421965,3.5927718437934684,-0.975174242706791,-0.005037493546319688,-0.0038714373805542775,-0.22134776256519018,-0.21860359636667281,0.16311702664941674,-0.21523688294392884,0.0030998811780591495,0.007280830413947115,-0.05856209754711017,6189,257000000,10.94,0,2,2,-8.205279922040633,6.475550016345777,3.561372554575362
-11.50604108425346,6.632045291300239,3.0020138669173706,-10.23160747863533,5.111973901135015,3.567581723004876,-0.9759022926266905,-0.005172296851148961,-0.004334580321792593,-0.21810358549250536,-0.20570641071661147,0.163485570570403,-0.2113108494215102,0.003724886528289062,0.007235454586407286,-0.05309299813234247,6189,401000000,11.17,0,2,2,-8.285033396801273,6.066476055316386,3.4601152803178152
-11.59036145167595,6.695675396983499,3.0080514120095216,-10.261696714266396,5.119957392230426,3.5428629484235117,-0.9765527075256242,-0.005276937458793478,-0.00474627326926629,-0.21516141904505498,-0.1913168780132713,0.16434622535779816,-0.20748624637787033,0.0014300172665571154,0.005554450308409287,-0.0457802652817918,6189,534000000,11.48,0,2,2,-9.030836726649518,7.264472074555546,3.236077667547576
-11.59036145167595,6.695675396983499,3.0080514120095216,-10.290372131748743,5.1289315799469675,3.518646875942613,-0.977072325892919,-0.005301991749243013,-0.004984446607515266,-0.21278325627198424,-0.17860445723391954,0.1660738202610888,-0.20327527855509828,0.0011868295928252337,0.0028556469260365702,-0.037033837725175545,6189,673000000,11.77,0,2,2,-9.165644779044381,6.368017347161655,3.063653480772512
-11.675700990661799,6.758049269580246,3.0181004764641304,-10.317770639082937,5.1388169173326075,3.494938378772548,-0.9775241773088047,-0.005372959716508004,-0.005095557500559265,-0.2106932589675986,-0.1670993898808961,0.16779763574779044,-0.19900824769796907,0.0021809677036799258,0.0011905462429240288,-0.03826466709142551,6189,835000000,12.0,0,2,2,-8.913191769530126,6.967435596472848,3.377152044029364
-11.675700990661799,6.758049269580246,3.0181004764641304,-10.339796805026191,5.147640491972931,3.4755972452374064,-0.9779576717313856,-0.005485672525923586,-0.00515636846979616,-0.20866746646966655,-0.1644961804362731,0.16739004218095538,-0.194225096916483,0.0029700640652663424,0.0016744162053328182,-0.036835756691289134,6190,18000000,12.21,0,2,2,-7.095649670529136,7.2122687989043905,4.6216407151163805
-11.761975075891066,6.818989440763117,3.0321408228027407,-10.367772448693113,5.156793361994324,3.453505771230326,-0.9781296934742795,-0.005609428284578533,-0.005465485745129002,-0.2078484195845659,-0.1882923762589927,0.15958760535082545,-0.18324167934905855,0.0035187499179301085,0.005970814481770503,-0.0025514816798022366,6190,168000000,12.42,0,2,2,-8.403925570958528,6.941307826542553,2.979253699288935
-11.761975075891066,6.818989440763117,3.0321408228027407,-10.391363833607572,5.164179885647323,3.4357645331236637,-0.9781604176290771,-0.0057516351001300455,-0.005759910420630531,-0.2076919341460578,-0.1800971403271459,0.1621768172206263,-0.1795621583001072,0.0041274393879575655,0.004534275785772479,-0.0036659909255831735,6190,267000000,12.61,0,2,2,-8.87743700412841,6.434516351892876,2.772856283069695
-11.849094176114601,6.878321800454076,3.0501441756363525,-10.423195426295884,5.175584485149247,3.4115351181693625,-0.9782362771517056,-0.0059172461162243515,-0.006021319833462774,-0.20732225150772965,-0.16756335058370253,0.16633997127530095,-0.17447211551095948,-0.000762002667897832,0.0010379200887200568,-0.010316337738913717,6190,443000000,12.61,0,2,2,-8.48512149604054,7.433226671820795,2.5967806731146017
-11.849094176114601,6.878321800454076,3.0501441756363525,-10.436464661553305,5.180853264194993,3.401393093278236,-0.9783283249346547,-0.005874806217970305,-0.005992007140174758,-0.20688951431352443,-0.16320813056077427,0.16831518551023197,-0.17186698098249972,-0.0019097836798209755,-0.0015766466162858706,-0.017595647841517348,6190,530000000,12.53,0,2,2,-7.783855053168424,7.189716441591836,2.685677619869268
-11.849094176114601,6.878321800454076,3.0501441756363525,-10.462399893878642,5.192037300677116,3.381586971504889,-0.9786325461587106,-0.005811135730950649,-0.005749159977112362,-0.20545441698827727,-0.15488171541431658,0.17167382859227914,-0.16639496621627275,-0.001995321281356155,-0.004906352387479274,-0.029204875499999616,6190,642000000,12.57,0,2,2,-8.537422465489973,5.525403665690683,2.6577806453789687
-11.936964078633872,6.93587601456928,3.072074278608293,-10.483411818182427,5.201978612230851,3.3655451942723738,-0.978940350673558,-0.006006144992625752,-0.005588439913515106,-0.20398158099395058,-0.14831244678670358,0.17408706198701912,-0.16232144932096243,0.0052795875490119215,-0.0024373202222705004,-0.029986308436491527,6190,723000000,12.73,0,2,2,-8.87973847280628,6.428203551585678,3.5375265851575137
-11.936964078633872,6.93587601456928,3.072074278608293,-10.499830616433076,5.2103091697604995,3.3530062333030006,-0.9791793233886439,-0.0062361814808614855,-0.0055678849557874955,-0.20282495247334414,-0.1432568598059805,0.17569442723533274,-0.1590747722625498,0.005264965648166253,-0.0008470614943689725,-0.029185473977122456,6190,850000000,12.88,0,2,2,-8.901135321559273,6.351352280271241,3.2937232899930127
-12.025486129416084,6.9914859317930045,3.0978869674096927,-10.519887451341155,5.221149927671448,3.3376959271905675,-0.9794655220259263,-0.006492375778377486,-0.005599552451176874,-0.2014293554365354,-0.13734096309871138,0.17743091390644025,-0.15513297793900996,0.004792868503500358,0.00019751888089558634,-0.027855346343130805,6190,974000000,13.0,0,2,2,-8.80876072648238,6.0203072306552246,3.810975428390078
-12.025486129416084,6.9914859317930045,3.0978869674096927,-10.543346203505731,5.234708433607168,3.319872235523009,-0.9799175569746948,-0.006780624668690955,-0.005680795373513973,-0.19920675999014692,-0.13270544888338665,0.1789243080698981,-0.14994847274547407,0.004445229160410236,0.0010765946171886753,-0.05033440684201196,6191,100000000,13.18,0,2,2,-8.756784473384585,6.859688771483812,3.6465099747643315
-12.114557488195874,7.044989978345844,3.127530258720525,-10.57457892455562,5.253155714203208,3.297097319062658,-0.9808456989791603,-0.006996678247754453,-0.005757078831977005,-0.19457547977816253,-0.13643036229571393,0.18059958252216654,-0.14353163469679023,0.000782252431008601,-0.0003300048490473273,-0.0569034498766996,6191,199000000,13.49,0,2,2,-9.126353454067328,6.068355846245446,4.184386151598307
-12.114557488195874,7.044989978345844,3.127530258720525,-10.598261748926067,5.26732856709166,3.2806909131148654,-0.9814492272364261,-0.007069852931713907,-0.005668505534690829,-0.191507962188387,-0.13552980180384946,0.18286379788831147,-0.13812661278956617,0.0006329815846584097,-0.0019660368934637518,-0.047458587505389005,6191,311000000,14.11,0,2,2,-8.351937222272927,6.6589571038720985,2.9121832480481373
-12.204071397869395,7.0962315397463875,3.1609444548970984,-10.61789581672724,5.279467736540764,3.2675022108712755,-0.981867466434873,-0.0071165845887560825,-0.005479713254336936,-0.1893557639027788,-0.1403594226060601,0.18450652162975914,-0.13582332023483326,-0.0014880973367326078,-0.007761456799926236,-0.04089941685379017,6191,441000000,14.51,0,2,2,-9.539164663742266,7.76890898363447,2.8304612151636874
-12.204071397869395,7.0962315397463875,3.1609444548970984,-10.643398265239238,5.29352984523058,3.2514800766288814,-0.9822931205604798,-0.007199778826662102,-0.00458692463677355,-0.1871559472920331,-0.16068499691755264,0.18604007536149977,-0.1378297959931249,-0.0007498425929952646,-0.016824127669679,-0.03442762863414828,6191,541000000,14.79,0,2,2,-7.662349458654293,6.1514734195167815,3.0134582071515026
-12.293917467443427,7.145059328602193,3.198062264195161,-10.682470659721337,5.314933080653008,3.228399906206457,-0.9828254494054547,-0.007486876233865145,-0.0036320802067754893,-0.18434991369294523,-0.15489476755493808,0.18945439555835947,-0.12662644578135315,0.002593534713923873,-0.00541440808774496,-0.035269341606181115,6191,669000000,15.08,0,2,2,-9.208333193281188,5.740137552241524,4.024457298233312
-12.293917467443427,7.145059328602193,3.198062264195161,-10.733288470211177,5.345136903595027,3.2006126725598847,-0.9837613390447202,-0.007683771340504932,-0.003344752518758463,-0.17928580559964602,-0.16422323674350736,0.19432778789235255,-0.11858041160789305,-0.004597148608809221,-0.00798196206233115,-0.06531196995638311,6191,735000000,15.44,0,2,2,-10.175446182745208,5.81481428794722,3.6491135756099613
-12.383981967760793,7.191327737505053,3.2388089362865236,-10.77383428425381,5.364251776542034,3.1809724692913073,-0.9851142326419895,-0.007618078532589844,-0.001850913714057125,-0.1717221233390686,-0.22318885048476642,0.2001580973280984,-0.13301330415066054,-0.0030467633450825815,-0.022527499277202878,-0.11698818925651722,6191,854000000,16.08,0,2,2,-9.096708603610814,6.431234726873807,2.806823348449658
-12.474148139184196,7.234897176147173,3.2831024127962674,-10.803545333759478,5.375398106108439,3.167503580774597,-0.9861597485823916,-0.007741561747150322,-0.0005793696191708953,-0.1656160705622301,-0.26054074242535413,0.2033944029771088,-0.14189271111429913,-0.0007311335707527178,-0.026464744587428868,-0.1260798904695548,6191,948000000,16.98,0,2,2,-8.981158330408473,6.38587229133286,3.3218384986809806
-12.474148139184196,7.234897176147173,3.2831024127962674,-10.843614330251855,5.38817578078859,3.150169684594449,-0.9873764801527823,-0.008021064007347794,0.0010474308533484945,-0.15818423392329406,-0.2927211074811765,0.20569104990714632,-0.14700797060014797,0.0008703450021130266,-0.022286914281721693,-0.11757562751881778,6192,32000000,17.71,0,2,2,-8.719156051065532,7.180938613832813,3.1091407816954173
-12.564296510383741,7.275634391818853,3.3308534925573943,-10.896951648576993,5.40577296334897,3.1283892921874794,-0.9885607322829777,-0.008309690517822188,0.0018327781640477257,-0.15058309518615332,-0.27589859764790864,0.2028150499204983,-0.12927780154372137,0.005308820664140512,0.0013915750969317742,-0.08503358767484315,6192,121000000,18.65,0,2,2,-9.284041701606041,6.168323457792235,3.2876884878268333
-12.564296510383741,7.275634391818853,3.3308534925573943,-10.940837769458547,5.422135213141765,3.1116888952405692,-0.9893896130301003,-0.008523415501161221,0.001298286895563309,-0.14503054667027798,-0.25809137739788024,0.20029637912441461,-0.11405110438238761,0.0034210353305752506,0.01159645535153686,-0.07721651054453105,6192,250000000,19.59,0,2,2,-8.702063035733905,7.384571689767405,3.360209394134332
-12.654305227338881,7.313412772494321,3.3819660112501047,-10.983505321746204,5.438818157082519,3.0970313741187834,-0.9901960524522446,-0.008493415258045568,0.0004883235303075441,-0.1394252528969393,-0.26923148355531085,0.19611582764179122,-0.10135330894773928,-0.00021253651709685073,0.011322019963699859,-0.08839946749503724,6192,396000000,20.8,0,2,2,-9.931694989812609,7.497979235622551,3.041601713650714
-12.654305227338881,7.313412772494321,3.3819660112501047,-11.02798260876125,5.454751805290768,3.0841447110192286,-0.9910472141117426,-0.008339259022557754,-0.00019294668053176055,-0.13325103726383003,-0.2718455605133017,0.1926216240717927,-0.08783342424463816,-0.0011265136322435865,0.010638136427587597,-0.08160983488778584,6192,537000000,21.91,0,2,2,-9.775208621685039,7.300550563514662,2.617790867960949
-12.744050391633541,7.348112631760663,3.4363370350639397,-11.064749389649599,5.468912260831576,3.0747960955500675,-0.9915220869098837,-0.008167697961123828,-0.0007447831491932625,-0.129679162466239,-0.25955999947883274,0.1926114304691337,-0.07453555657124505,-0.00191456258562539,0.009066728216566844,-0.027945057263423223,6192,640000000,23.08,0,2,2,-8.587553530810073,7.446820334979732,1.9254419886632745
-12.744050391633541,7.348112631760663,3.4363370350639397,-11.105794355886967,5.48625483983231,3.06595608612914,-0.9915299115376388,-0.00790731933889218,-0.0012645772087929489,-0.12963143782091513,-0.24435700411860792,0.19512281999942785,-0.05922486952003329,-0.003606612767725892,0.007283097647814429,0.006924124409124488,6192,757000000,23.87,0,2,2,-9.61291934509183,6.222605790547701,2.9182049600277797
-12.83340640709367,7.379621474894889,3.493857067992778,-11.139424302497568,5.5017544265970635,3.060065324250709,-0.9914902302407412,-0.007686603185499191,-0.001662670185908786,-0.1299433530292472,-0.2319721130331497,0.19697820403593852,-0.04663851012788835,-0.0012534668485386646,0.0071357172146235825,0.001335338743047032,6192,924000000,24.27,0,2,2,-8.403207722672262,6.4848851793342295,3.1379271177397063
-12.83340640709367,7.379621474894889,3.493857067992778,-11.166655540384228,5.514978473845038,3.056310436028424,-0.9915092555371365,-0.0075951770737158735,-0.0020242858135480365,-0.129798350283649,-0.23309606293159751,0.19650141209788433,-0.03629228189260915,0.0007770407648877153,0.008618696847406682,-0.007502391599700786,6193,168000000,24.51,0,2,2,-9.939328543476924,6.016676571662032,2.7696151278915697
-12.922246333789698,7.4078342454461295,3.5544102723452164,-11.207278259575194,5.532295094965872,3.0528480422634234,-0.9916633589769239,-0.007502535128911216,-0.0027472996494858613,-0.12860772439429796,-0.2535606361111621,0.19217759426200193,-0.021750874280712495,-0.003255890896980418,0.010153986204386456,-0.0303001112115453,6193,329000000,24.75,0,2,2,-8.742654832421923,6.7368612947050925,3.649889734651337
-12.922246333789698,7.4078342454461295,3.5544102723452164,-11.248582359532799,5.54924182028464,3.0514968360672388,-0.9921127773575875,-0.007331282563658754,-0.0035241819654418275,-0.12508424937321339,-0.2654796655212519,0.18961523694889243,-0.006157171417238442,0.002214456435467582,0.01747760488797212,-0.06951240939088166,6193,425000000,25.14,0,2,2,-9.666963938420672,6.758707388373078,3.138826347225148
-13.010442248402331,7.432653551733569,3.61787470202627,-11.279806297467344,5.560740332043383,3.051950689658971,-0.9926062144049204,-0.007240036628827224,-0.0044923825676515235,-0.12107974022606816,-0.2762101313205473,0.18679543078625355,0.004539726867996898,-0.003958719844376901,0.018661151625565253,-0.08620061780675314,6193,551000000,25.71,0,2,2,-9.765760031865328,7.520672829368593,2.4792118620690555
-13.010442248402331,7.432653551733569,3.61787470202627,-11.304471327476712,5.570044188606919,3.0530494815740594,-0.9930289369350633,-0.006968867371271666,-0.005036351956803492,-0.1175567967245908,-0.268931260473963,0.18575937120151526,0.012021766029811089,-0.0058990051911678165,0.012460836569516687,-0.09020490615512244,6193,701000000,26.22,0,2,2,-9.73745377076952,7.098523588418412,1.697765429217446
-13.097865609928817,7.453989872725822,3.684122548120574,-11.351673778748292,5.589336448099633,3.056959733687062,-0.9938575207062489,-0.006359864548536179,-0.005529737686381185,-0.1103458320901699,-0.252846597098634,0.183858782045271,0.026241658936971324,-0.00941577018238604,0.003575838309188839,-0.08588717828388326,6193,858000000,26.65,0,2,2,-9.833216003108651,6.423629004766087,2.8983435499038146
-13.097865609928817,7.453989872725822,3.684122548120574,-11.379788347566091,5.601919330815614,3.0606109240704704,-0.9942833918840679,-0.005884677143897393,-0.005495739871712406,-0.10646926336594625,-0.24366191443961074,0.183964070138551,0.03597232055341261,-0.009987457997340243,-0.0009985655481159483,-0.07214271536213346,6193,986000000,27.52,0,2,2,-8.955063468174139,7.281679004667538,3.8883507210319577
-13.184387629688551,7.471761742823902,3.7530203962825324,-11.417761691311979,5.620109626642132,3.067235003563036,-0.9947622895889159,-0.005347218018658113,-0.005248840867790468,-0.10194039503956875,-0.2423744640449436,0.18197869000042213,0.048635416452493904,-0.0017980879647438996,9.520295662923672e-05,-0.0590942789131077,6194,131000000,28.0,0,2,2,-9.254943749152002,6.970431571935553,2.655658803951178
-13.184387629688551,7.471761742823902,3.7530203962825324,-11.46257389213142,5.640084452036578,3.076800602475143,-0.9951743315636988,-0.005225841119035125,-0.005587911268909214,-0.0978239011131451,-0.24627813107107083,0.17812748547101706,0.06041319292346307,-0.0024482573508066707,0.005932178964940249,-0.04565985582303256,6194,246000000,28.55,0,2,2,-9.96071999950699,6.637224972730427,3.981194758207046
-13.184387629688551,7.471761742823902,3.7530203962825324,-11.495013247186437,5.655496849000228,3.085227855674793,-0.9954365950856435,-0.0047684886407915105,-0.005679065219975917,-0.0951367168795011,-0.23762459149564127,0.17939760815354128,0.07080861150844506,-0.010558335998211987,-0.0015761270333314314,-0.04594563797581941,6194,387000000,29.17,0,2,2,-9.573794367280609,8.269568968697712,3.2700533521141684
-13.269879644571253,7.485895915127626,3.8244294954150533,-11.521298712284029,5.668736652280442,3.0932210730096434,-0.9956568794388362,-0.004277637720205815,-0.005395510640041938,-0.09284378658039827,-0.23189963173263398,0.18051219026054294,0.07970747080444632,-0.010418760575703345,-0.007361166353803128,-0.04326741945988033,6194,516000000,29.34,0,2,2,-9.384214921862116,7.659563368940129,3.6009863124473473
-13.354213492458666,7.496327502823981,3.898206037095794,-11.552301426222602,5.684998663748213,3.103897650159283,-0.9958319770676227,-0.0037545512178053823,-0.00456588135020405,-0.0910149961393088,-0.22763457789712188,0.18186861709448066,0.08965210047520696,-0.009805837817111751,-0.014763191938982345,-0.02723302568483632,6194,619000000,29.6,0,2,2,-9.204727329027701,7.750724537304771,3.3249635410388896
-13.354213492458666,7.496327502823981,3.898206037095794,-11.577566766628774,5.698836969772552,3.1135773138920797,-0.9959708150588132,-0.0033511620403955562,-0.003821186423005324,-0.08953381371516878,-0.22179365808942678,0.1826582335226763,0.09691749061141987,-0.008707016786502209,-0.012975994286534842,-0.028620028933801223,6194,751000000,29.8,0,2,2,-9.194504428125908,6.601738607353453,2.006856064386096
-13.354213492458666,7.496327502823981,3.898206037095794,-11.607140518756669,5.715781372233135,3.126086768419505,-0.9960870021895928,-0.002930143431132825,-0.0031167142111219828,-0.08827448340800081,-0.21541026369177044,0.18384716725407604,0.10568238426408541,-0.007854252817196539,-0.009688472619018285,-0.01764922017173376,6194,887000000,29.95,0,2,2,-9.70355500209994,6.786941162743421,2.721937135754663
-13.437261888741183,7.503000098395525,3.9742014451881866,-11.636052739835192,5.7330364277357875,3.1396380903865104,-0.996185978722689,-0.0025214001281364503,-0.0025488394592345443,-0.0871816595111774,-0.2103934758222532,0.18467852673126822,0.11484391006581549,-0.007409314184769755,-0.008159272783814231,-0.018726717644312885,6195,0,30.07,0,2,2,-10.32353696203421,7.194167686076068,3.990471439210301
-13.437261888741183,7.503000098395525,3.9742014451881866,-11.659696910106106,5.747600792856473,3.151687673962934,-0.9962693616824467,-0.00219457141544857,-0.002131163497598701,-0.0862438459908828,-0.2064849180805881,0.1850401240715012,0.12166379003744807,-0.0070221519308688585,-0.007375339328064001,-0.018772023213387,6195,80000000,30.17,0,2,2,-9.146448380340404,7.521737318396488,2.852514033190957
-13.518898802844385,7.505865870407254,4.052262675054002,-11.67832983970671,5.759349597794304,3.161768820301107,-0.9963339881885009,-0.001945588040334913,-0.0018232638611451514,-0.08550715979650886,-0.2035128666086289,0.1851566167142137,0.1265904015590863,-0.006837474029453006,-0.0068868610469507985,-0.018333085790800396,6195,238000000,30.25,0,2,2,-9.732405998784502,7.430500651579942,2.769518134351201
-13.518898802844385,7.505865870407254,4.052262675054002,-11.706097180340826,5.777065312482914,3.177631533635894,-0.9963147406861014,-0.0017200502339219873,-0.0012238563474800876,-0.08574660981298277,-0.20280645368648567,0.18567998135239297,0.13448280230362875,-0.0038265479815891013,-0.011017897759302286,0.017716949332680088,6195,337000000,30.3,0,2,2,-10.042364810185884,7.308904431548326,2.8842558364431174
-13.598999833677176,7.504885637691124,4.132232521764883,-11.728965791630058,5.791887857566026,3.1914833735524297,-0.9962950326868887,-0.0015772812623920578,-0.0008162660022446898,-0.08598286885807088,-0.19820922321107687,0.1856234732250203,0.14015032285871526,-0.0036329693784864503,-0.005718873762816656,-0.003805096093856264,6195,463000000,30.23,0,2,2,-9.938077145006101,7.476504956294367,3.3961538967598277
-13.598999833677176,7.504885637691124,4.132232521764883,-11.769191179383338,5.818695772367716,3.217881487407324,-0.9964011720672509,-0.001261017689720043,-0.000524346603978243,-0.08475163242105543,-0.19232877268472112,0.18471738834820856,0.15076548834462247,-0.003784214277402498,-0.0011711985962392646,-0.01971009151020553,6195,643000000,30.15,0,2,2,-10.176070870685615,6.727259757307307,2.748471876035643
-13.677442582912931,7.500028920808715,4.213949936692152,-11.795427572161968,5.8366124706673,3.2365046342654717,-0.9964992177742646,-0.001055144751715788,-0.00048695565182578824,-0.08359401006665784,-0.18927211684211537,0.18383479749987208,0.15792240584822986,-0.003374738275851996,0.0003054006555203159,-0.01798833181965165,6195,745000000,30.2,0,2,2,-9.957579018155293,7.932577701599396,3.059974472436151
-13.677442582912931,7.500028920808715,4.213949936692152,-11.821464414082353,5.854452239774248,3.256017969112252,-0.9965818665492179,-0.0008542218520058532,-0.0005519204375270128,-0.08260477561336671,-0.1945940710620794,0.1804525575916273,0.16678146507423608,-0.0027439343739388278,0.004045573928124213,-0.014791144803893985,6195,855000000,30.27,0,2,2,-10.04280280770373,7.217590460864318,2.657080297044735
-13.75410702501791,7.491273970733897,4.297250351837314,-11.848969675244284,5.871350636681639,3.276825611459588,-0.99665320683897,-0.0006838545880379234,-0.0009285991491121438,-0.0817377228953659,-0.20544122938303216,0.17512890149142524,0.17665591269800854,-0.001577579837430676,0.006279279386944836,-0.017980476877710316,6195,975000000,30.32,0,2,2,-10.100873003791799,7.0286114615332576,2.265841069645146
-13.75410702501791,7.491273970733897,4.297250351837314,-11.86733782307191,5.882468476497061,3.2911980655559354,-0.996723598562897,-0.0006061813548448536,-0.001132682020160944,-0.08087284861704186,-0.203560018336987,0.17421407758712812,0.18077637748611036,-0.0015618792076566024,0.004541237058219849,-0.02416923780401703,6196,64000000,30.38,0,2,2,-9.920172548410578,7.305185408640399,3.146421830245667
-13.828875872947062,7.478607774758877,4.381966011250104,-11.889959695641908,5.896375876062765,3.3095709192508056,-0.9968314784995671,-0.0005193088859669297,-0.0012975208339200323,-0.07953018439770765,-0.19986134436047412,0.17328198588606322,0.1848296688326105,-0.0015242040035445825,0.002688511835913232,-0.028801607732020784,6196,186000000,30.47,0,2,2,-10.056611032513578,8.017127407743098,4.683732912679382
-13.828875872947062,7.478607774758877,4.381966011250104,-11.942661139005711,5.9298646998987525,3.3553927824949574,-0.9970616742711713,-0.000392501728327986,-0.0014962936579420382,-0.07658736676013017,-0.19240697430571488,0.17117439826960396,0.19515093953737075,-0.0013882676967114094,0.0007325336753183365,-0.020719857275253162,6196,297000000,30.61,0,2,2,-11.244946415314683,7.330912542728718,4.056093201868542
-13.828875872947062,7.478607774758877,4.381966011250104,-11.976879773030207,5.952190128993844,3.387387290695964,-0.9971823072615889,-0.00026530090181435767,-0.0014610276081040174,-0.07500160730420352,-0.18962583199631286,0.16981215234636682,0.2027590254649227,-0.001764603689480282,-0.0009942865517587052,-0.01930304970301222,6196,407000000,30.93,0,2,2,-10.696205250628827,7.998792615920511,4.095387576842612
-13.90163493843648,7.462026039688312,4.467926308866649,-12.002461255471378,5.968846697827772,3.4120637252729225,-0.9972209145637759,-0.0001443747621618092,-0.001336187313305479,-0.07448920268050763,-0.19304743402445235,0.1684309949597552,0.20643464354927654,-0.0024042592258410878,-0.0029531780683100806,0.005896048878639704,6196,495000000,31.15,0,2,2,-10.267414577442624,7.4540951857239035,3.580958198038002
-13.972273485833556,7.441533152447317,4.55495813208737,-12.024212082252108,5.982546968287548,3.4328953984871227,-0.9971513472163205,-3.8808856647813434e-05,-0.0011280972119867125,-0.07541827785908256,-0.19618316533002478,0.16785841252777767,0.20896365809618422,-0.0025430746745769284,-0.005624337791232392,0.03386539283383172,6196,609000000,31.24,0,2,2,-10.345241182946392,7.294426085251627,3.1346870937421967
-13.972273485833556,7.441533152447317,4.55495813208737,-12.059363707277795,6.004297420379642,3.4667807729633164,-0.9967953677732753,0.00014318835730723305,-0.00044460395327512405,-0.07999235344806216,-0.19597890111538957,0.16870696916589706,0.2139397754353103,-0.003588843378565798,-0.008911898021324305,0.05892845874768682,6196,720000000,31.15,0,2,2,-10.441526096845001,6.958458275948217,3.661468025460631
-14.040684578421265,7.417142118289708,4.642886210402725,-12.0901265387928,6.023152956290651,3.4971465106015045,-0.9965447960827907,0.000264388967554824,9.178005370244866e-05,-0.0830565534753549,-0.19389051944802743,0.1682012577235889,0.21960495142654976,-0.0015339768424382783,-0.005942048437646008,0.029693939177377615,6196,887000000,30.6,0,2,2,-10.82042535893202,7.154663292427877,3.319531368279217
-14.040684578421265,7.417142118289708,4.642886210402725,-12.121809943578208,6.041159820906882,3.528060850195781,-0.9964569833787955,0.00040485275755873664,0.0003142204623266382,-0.08410242348099345,-0.2157106620387733,0.15850982571521302,0.2208314234484658,-0.002476560393915861,0.0003741295486747731,0.0012570772327080704,6197,9000000,30.21,0,2,2,-10.240418043565379,6.688401197720197,2.855847581746528
-14.106765416210758,7.388874476852862,4.731533468364688,-12.152159146628408,6.054408133113412,3.5545701343912666,-0.9964180968086227,0.0009133207453621419,-1.7209144629064276e-05,-0.08455851170250778,-0.24312086435991126,0.14309801442486794,0.22272098992341638,-0.016015378605516162,0.015700193125667283,0.03413479935261421,6197,135000000,30.02,0,2,2,-10.929340044162734,7.302668502886787,3.2339090527632686
-14.106765416210758,7.388874476852862,4.731533468364688,-12.19038003240817,6.067120413202399,3.5861158866504996,-0.9961041460426776,0.0016156624176189318,-0.0013234293848214593,-0.08815990248521977,-0.2543384128208908,0.13452741785937744,0.22731247683292488,0.002350111390114762,0.013373878391576,0.040005943446885794,6197,256000000,29.88,0,2,2,-10.571567184150728,7.774684422867891,3.5230581248365858
-14.170417664197668,7.356760196364748,4.820721382193132,-12.234313367432,6.080339145312611,3.623202826342882,-0.9957464446522662,0.0019024859057561235,-0.0026425822988650986,-0.09207831052176718,-0.263293967894482,0.12080261814296762,0.2355809681627825,-0.0051322439503564965,0.029053076286800206,0.08095919183688238,6197,331000000,29.37,0,2,2,-10.591014466112574,6.875195010116,3.9847601335221805
-14.170417664197668,7.356760196364748,4.820721382193132,-12.278894800394395,6.091097857107023,3.6616618673746797,-0.9952363926244199,0.0018369394679396214,-0.004541544326123112,-0.09736797638061723,-0.25686354911893766,0.11945569447541646,0.24046157169274668,0.007121316912162001,0.012344197421043646,0.03353564861754421,6197,428000000,28.82,0,2,2,-10.658528754317556,7.175682651027594,3.1836050354915306
-14.231547770101251,7.32083754636694,4.910270339298969,-12.300841877292793,6.096515329293217,3.6810610755889126,-0.9951529972395745,0.0016599450303222444,-0.004876904177339579,-0.09820372942629274,-0.26363154067563277,0.11823203236576732,0.23915362602047407,0.003712241164066654,0.0051788609198410995,0.013974622834211914,6197,670000000,28.13,0,2,2,-10.270672507641445,7.356169698154338,2.579895016593103
-14.290067270632257,7.281152949374527,4.999999999999999,-12.335601985982741,6.10382943547741,3.7097884157639607,-0.9951212197659023,0.0014571054682161505,-0.0049877223175136595,-0.0985228777561859,-0.2811066313286602,0.1147033328822632,0.2355422864554982,0.004399136514621205,-0.0015978401052052504,0.0005307540675403288,6197,817000000,28.01,0,2,2,-9.969012915723424,7.767053929180252,3.4471265275936602
-14.290067270632257,7.281152949374527,4.999999999999999,-12.370472858270373,6.111141025305043,3.7385581792824194,-0.9951191900082111,0.0010940320635005147,-0.004651195354879711,-0.09856453293663281,-0.2698138413973642,0.11777448416884921,0.23885101134343117,0.0060961836879869225,-0.008784742840362014,-0.0013065635016573651,6197,955000000,27.92,0,2,2,-10.857828601492633,7.180695653058127,3.6577256574508117
-14.290067270632257,7.281152949374527,4.999999999999999,-12.414783172221394,6.121842738690418,3.777589207465205,-0.9951693712383526,0.0005449067193282172,-0.003914096174644877,-0.09809335082901727,-0.25247206505536035,0.12096830278139918,0.24461832837329736,0.005816517568746349,-0.009547827266942477,-0.009644735291658435,6198,40000000,27.87,0,2,2,-10.181482956934541,8.140577365144077,3.817609167955195
-14.345893085364855,7.237760811949752,5.089729660701029,-12.441538699371302,6.128787558538993,3.8024342465448924,-0.9952133626407119,0.00033255136069886416,-0.0035482639068862027,-0.09766095460421342,-0.2536164468936069,0.11790382679331968,0.24808298087316344,0.0010658703899935063,-0.005078022013549344,-0.004931826106258086,6198,199000000,27.87,0,2,2,-10.630461874697653,7.905804735014302,3.3674604517191145
-14.345893085364855,7.237760811949752,5.089729660701029,-12.47986222655396,6.137519040955207,3.8377257190539376,-0.9952206956948279,0.00017814418895569385,-0.0033702300947144495,-0.0975929130339871,-0.2564167195439279,0.11359695503214995,0.2519747600276914,0.004443644320417661,-0.003142774676234694,-0.001995920661101991,6198,354000000,27.94,0,2,2,-11.314316621721739,6.990351317634587,3.4942932194390486
-14.398947797320005,7.190723335720643,5.179278617806866,-12.527377692488335,6.149215130668819,3.8838727297238194,-0.9952439926077833,-0.0001925338958140611,-0.002858267743188701,-0.09737139423016206,-0.2409989308901655,0.11655115116714529,0.2576430461789127,0.002576003430476703,-0.00862030674397829,3.1081884621642075e-06,6198,476000000,28.05,0,2,2,-10.849932507918343,6.415653313333725,3.8435267345434316
-14.449159919402483,7.140110308928806,5.26846653163531,-12.590210756538143,6.163345000941341,3.9468054620196504,-0.9947547327019366,0.0004256913624946443,-0.004844349897323099,-0.10217324908230635,-0.2611092114229371,0.1056507301088363,0.26223891667623783,0.0073037363108596765,0.02767360256257234,0.044870602869195864,6198,612000000,28.36,0,2,2,-11.711831944822189,6.948736495842899,4.0810143751606685
-14.449159919402483,7.140110308928806,5.26846653163531,-12.63696567570925,6.1712055750284724,3.989423632625307,-0.9946346953388873,-3.0323405444062507e-05,-0.0064805840705655015,-0.1032464233700815,-0.29403386346020455,0.10994984060208908,0.26385565880668477,0.007013731283223024,0.014051901325728977,-0.007219128747237846,6198,757000000,28.4,0,2,2,-11.08810572883763,7.437611032177717,4.200833009947994
-14.496464145870778,7.085998879141749,5.357113789597272,-12.681921810130401,6.177529736163693,4.027018744634148,-0.9946892163335246,-0.0002821538471040777,-0.007213519090203201,-0.10267058216129982,-0.3213922636469585,0.11044206471583706,0.26410957887805625,0.0032935309491222142,0.0070587578647973714,-0.0025539095759086194,6198,906000000,28.64,0,2,2,-11.023721863964473,7.488971878950496,4.853226171430537
-14.540801588058912,7.028473307814418,5.445041867912628,-12.715895415815373,6.181672089923706,4.053951181766004,-0.9947042114404624,-0.00039441139232305154,-0.0074004165069686345,-0.10251151163544814,-0.326425398106803,0.11052669036427973,0.2650390820604368,0.0012630903938770643,-0.0021889475647185463,-0.012105031601095106,6199,64000000,28.86,0,2,2,-9.915435497266966,6.581326084583436,3.6592039620722714
-14.540801588058912,7.028473307814418,5.445041867912628,-12.76186815256829,6.1878201945719855,4.091980876454472,-0.9948894372847651,-0.0005196661264150718,-0.006681056147174305,-0.10074770972621983,-0.3074633319614074,0.10967439093205855,0.26891596154076935,2.722488137152368e-05,-0.01588708983035758,-0.025113156880252063,6199,154000000,28.93,0,2,2,-11.25158859307791,7.4849173573988645,5.282659259459914
-14.582119993610817,6.967624707432082,5.532073691133349,-12.793088587502728,6.1925678739470795,4.1194602500250905,-0.9949950657733913,-0.0006079033741092973,-0.00575238892256562,-0.09975650135091851,-0.2937878832094869,0.10916489031158683,0.2726786476881098,-0.0006488837072993192,-0.020569054322550073,-0.016533665802853648,6199,274000000,29.16,0,2,2,-10.9171593208183,7.669602957969435,4.244153234935672
-14.582119993610817,6.967624707432082,5.532073691133349,-12.834736160542276,6.1996132924914376,4.158488094429462,-0.9950900796168767,-0.0007120002389813288,-0.004212592733021753,-0.09888114363316824,-0.27652886447739355,0.10840443263436395,0.27823740473221187,-0.0008963211826085171,-0.02270110708195716,-0.009368285373057006,6199,398000000,29.3,0,2,2,-10.499567392780138,7.624112712312486,3.526224523684996
-14.620373948532228,6.903550762011855,5.618033988749894,-12.863160738319177,6.2048809229940245,4.186728593984052,-0.9951288841448499,-0.0007682183349561199,-0.0030816189361282257,-0.09853130165560608,-0.26560895179616006,0.10774448821035168,0.2820738204456724,-0.001672542646247166,-0.022430005083151627,-0.0053191652568784775,6199,547000000,29.46,0,2,2,-11.16785359602807,8.783634534718862,3.8615037690434395
-14.620373948532228,6.903550762011855,5.618033988749894,-12.87975337062318,6.208101573321457,4.20383849674023,-0.9951429941350829,-0.0007810218587006433,-0.002416052002330486,-0.09840718429789724,-0.25975718839213313,0.10720346338621294,0.28459619974388517,-0.001787031044386822,-0.021838798602402676,-0.003458391552157991,6199,651000000,29.56,0,2,2,-10.684823695279055,8.18145770753189,4.0070937000617874
-14.655525061410888,6.836355431783316,5.702749648162684,-12.906708828764954,6.213546942239337,4.2326204722648475,-0.9951549842811865,-0.0007884361578470137,-0.0013582959245219198,-0.0983061069360266,-0.25071243117286396,0.10630835689185018,0.2883121953361444,-0.0020525345235000714,-0.020382522234285716,-0.000976813868192039,6199,800000000,29.6,0,2,2,-10.919972153943508,7.30685229031908,5.156681282996002
-14.655525061410888,6.836355431783316,5.702749648162684,-12.927654235357906,6.217955078893526,4.255854823119243,-0.995157729743282,-0.0008362351403307419,-0.0006077287926233117,-0.0982854226663411,-0.24285273659564038,0.10523031090068835,0.2909154494626408,0.0009774910040505347,-0.016833907466207165,-0.0006267789615321817,6199,970000000,29.65,0,2,2,-10.330233826456862,7.1146123293617,3.796695910830579
-14.655525061410888,6.836355431783316,5.702749648162684,-12.967642190085803,6.22682989297347,4.302784388590429,-0.9951557008092085,-0.0010295992986433574,0.00039693741948729536,-0.0983052059298089,-0.22729107803636994,0.10255928114796009,0.29534615608572434,0.0006777817645797768,-0.009947680973709794,0.0039432097310054814,6200,212000000,29.68,0,2,2,-11.826184047385933,7.760289638978811,4.058572358052241
-14.68754212920409,6.76614864290927,5.786050063307846,-13.023798130991208,6.239914516225651,4.374504902751193,-0.9949459633327711,-0.0007765331754822527,0.0011848730871304278,-0.10040180834934515,-0.21359042833568243,0.095099905434278,0.30212852779170823,-0.019678772150655277,0.00242883457985954,0.06220681461854838,6200,365000000,29.73,0,2,2,-12.272206056152331,7.268734656131703,4.450454670758106
-14.68754212920409,6.76614864290927,5.786050063307846,-13.046737895762032,6.244384107735338,4.404799664126873,-0.9944235247083176,0.0002875196840931061,0.0008350251088162786,-0.10545650085312286,-0.2157315291468816,0.08746338969751195,0.3043571006025819,-0.0197177911104518,0.01346689950878499,0.12850983475800604,6200,504000000,29.64,0,2,2,-11.038663878125764,7.682930679797744,3.996576373923374
-14.716401284042247,6.69304596314603,5.867767478235115,-13.08839270731951,6.25003718650023,4.45983032048568,-0.9927363416405908,0.002059869376773557,-0.0005672223223577313,-0.12029127642120802,-0.2225417596825347,0.07605797746069594,0.30685960970276194,-0.01637330624362221,0.01994334852497559,0.19417589937802404,6200,612000000,29.13,0,2,2,-11.765406926246548,7.249627974765415,3.165840360729614
-14.742086120548693,6.617168264378271,5.947737324945996,-13.111596978886606,6.252131354335305,4.490574884074053,-0.9916666995870411,0.002187112290823276,-0.0012541951762606001,-0.12880528119775247,-0.21718797810381335,0.0777985809925801,0.30751903930671226,0.006053124252503039,0.008772391083766706,0.14610846701543778,6200,752000000,27.5,0,2,2,-11.735992016615528,7.7641049988714546,4.375372343831275
-14.742086120548693,6.617168264378271,5.947737324945996,-13.151237741270661,6.256292033032247,4.545999559212778,-0.9902344246803959,0.0021671532373713416,-0.00209769993159895,-0.13937965159853094,-0.19225435056917914,0.08136193901131056,0.3060201539796437,-0.004787163061337196,0.023751310982333962,0.1120559209084604,6200,854000000,26.56,0,2,2,-11.70818866899628,7.492777890019997,4.65850791027676
-14.76458780322894,6.538641372996565,6.025798554811812,-13.171253112732861,6.259045467333898,4.5767004464248595,-0.9895660069567032,0.0020749799416604087,-0.003130399148586518,-0.14403129151395683,-0.1820593732072433,0.08161283779956116,0.3066481691354828,0.008131039703584975,0.0160160039740731,0.07873097274568863,6200,979000000,25.36,0,2,2,-11.08519579009435,8.647924689469301,5.144830971779464
-14.783905153536903,6.457595709116016,6.101793962904204,-13.194226696039806,6.262363255314645,4.613695154457018,-0.9890045788236279,0.001790243591135863,-0.0039030873001313637,-0.1478225422704887,-0.17842801378703158,0.07845031831121335,0.30714575776367725,0.002677852626220556,0.010315950112271821,0.05347167752915993,6201,77000000,24.84,0,2,2,-11.431875823708367,7.661240005069601,5.276329161489346
-14.783905153536903,6.457595709116016,6.101793962904204,-13.217762437772935,6.264377986581942,4.650663522211564,-0.9886018862179596,0.0017422164160748792,-0.004433997772683146,-0.15047795490371263,-0.18722749315109347,0.07079693302925313,0.3069124156194373,0.003918269840141875,0.004621851712727221,0.03776989760808647,6201,134000000,24.42,0,2,2,-11.461819951089213,8.169558302423704,3.831484197971936
-14.800044716281226,6.37416591566196,6.175570504584945,-13.241186481415454,6.265938226771888,4.68784612718613,-0.9883132447917555,0.0015114546620854142,-0.004400282662123004,-0.15236562337512122,-0.1834812696111471,0.06986103764744114,0.3096776185081084,0.0029367300385274575,-0.005188091472518863,0.02944339194073109,6201,239000000,24.14,0,2,2,-11.541100084307693,8.496810252860577,4.607264894044568
-14.800044716281226,6.37416591566196,6.175570504584945,-13.267940362799699,6.267684049892736,4.731700101044489,-0.98799911177849,0.0012627906135563138,-0.0038226294318166112,-0.15440708529406277,-0.17888546767074692,0.0689660773881121,0.31340595479093714,0.0019719922875083284,-0.01088804110622732,0.03002033135999227,6201,335000000,23.93,0,2,2,-11.533158944266841,6.909740217241801,4.995225251565645
-14.800044716281226,6.37416591566196,6.175570504584945,-13.290369810371184,6.2691362838125855,4.769628569125868,-0.9877156230430305,0.0010048033068963444,-0.0031760331860820725,-0.1562266020248576,-0.1738787435688798,0.0679343937670904,0.31613599621552735,0.003960496042054729,-0.010464098613738315,0.03151495293423068,6201,478000000,23.68,0,2,2,-11.435418029144458,8.077435014868737,4.528964376147305
-14.81302080509144,6.288490478373291,6.246979603717467,-13.308697429267859,6.270258742063157,4.801430189318974,-0.9874675918303104,0.0007495496520574471,-0.0027698103051730753,-0.15779582190615743,-0.17669478247947415,0.06649613673024309,0.31668661247800095,0.0034747632071230328,-0.005966261005596607,0.0305724688587361,6201,724000000,23.51,0,2,2,-11.960010827410624,7.918936474952573,4.352278635098326
-14.81302080509144,6.288490478373291,6.246979603717467,-13.332619597411336,6.270604430414328,4.8392910297997975,-0.9872063085293199,0.0005389884623460436,-0.0027095350317716087,-0.1594241898560626,-0.19849238178450324,0.06400163120532995,0.3130584571254039,0.0035453679629426915,0.00014623270185865067,0.026225026886095293,6201,833000000,23.22,0,2,2,-11.616673305642765,7.572318442632502,5.670621701781062
-14.822855526721316,6.200711337795645,6.315877451879425,-13.35304020848731,6.27048664805949,4.870727242052411,-0.9869819326156635,0.0003529743453071232,-0.002638527102054141,-0.16080913616487452,-0.1935485079578973,0.06290528999099015,0.31362465559859726,0.0027372076374376775,-0.003615370860643452,0.029086769245623145,6202,2000000,22.97,0,2,2,-10.894314322322874,8.19218270873235,4.789117318823752
-14.822855526721316,6.200711337795645,6.315877451879425,-13.388440055386791,6.270201972814121,4.927567933907038,-0.9865531097966915,0.00011225840335065719,-0.0021157366496398497,-0.16342727008353647,-0.18379726147387515,0.06036789562920601,0.31576236189845897,0.0013230111562734237,-0.007544748177679139,0.02971161866298644,6202,105000000,22.75,0,2,2,-12.02394155607212,7.203709437888964,4.7919882181761215
-14.829578784024937,6.110973494355408,6.382125297973729,-13.407421779803151,6.269967763554731,4.959292555732882,-0.9863324112676328,0.00011225654053246788,-0.0016752352958041088,-0.16475908311273701,-0.1799156254136136,0.05848454500736846,0.3172390862599896,-0.0025030684355442645,-0.00962844051173306,0.024330698943231255,6202,275000000,22.36,0,2,2,-12.033179807619907,8.085155736529517,5.25008397437015
-14.829578784024937,6.110973494355408,6.382125297973729,-13.433649452074311,6.269239221417518,5.003895810635427,-0.986045127196264,0.00047397697983352376,-0.0010767294775615747,-0.16647409147359277,-0.18647226037709771,0.05210395333915742,0.3180310322600309,-0.018623205505718943,0.002285350694819499,0.03591878630686551,6202,399000000,22.15,0,2,2,-11.960137362255217,7.561264170981533,4.8828108583612915
-14.833228257500085,6.0194246076210405,6.445589727654783,-13.449492821095046,6.267845802979817,5.029335931837841,-0.9857506654240489,0.001088365475008522,-0.0013193910829371698,-0.16820434085899177,-0.19475428222307772,0.046942258850879166,0.31753302259932936,-0.003050129839721194,0.008170831279130653,0.04292747544241138,6202,519000000,21.88,0,2,2,-11.56704564628935,7.056297926725864,5.379887652297555
-14.833228257500085,6.0194246076210405,6.445589727654783,-13.484556010903232,6.264063421795308,5.086683563380055,-0.9852348703625148,0.0010125331432497798,-0.001552115594883085,-0.17119817737222698,-0.19001677496383707,0.042626866657689735,0.31848232546836874,0.0018261377363160136,-0.001271603559871437,0.02700670520425774,6202,626000000,21.62,0,2,2,-11.739028842360856,6.637023216698698,5.774283814879047
-14.833849365352684,5.926214590870866,6.506142932007221,-13.507259343163877,6.261193933303595,5.125007717710778,-0.9849635720224423,0.0008486742855716674,-0.0013692321075629004,-0.17275464319138728,-0.1842542508371096,0.04011024333087031,0.3191069222102676,0.002350719682908675,-0.0049228937314182986,0.026478367908566725,6202,757000000,21.14,0,2,2,-11.371921555753698,8.137437096975185,4.4885762013065715
-14.831495202095766,5.831495202095768,6.563662964936059,-13.533211440597338,6.2576330598213685,5.16958986875106,-0.9846512966633647,0.0005836472265873229,-0.0010676370283920682,-0.1745289187677645,-0.19046113355332261,0.03935829576594272,0.3137201689951195,0.004319146592024481,-0.0027333751177138765,0.02316984027856961,6202,878000000,20.87,0,2,2,-11.856739670067235,7.243384929706865,4.421403060726576
-14.831495202095766,5.831495202095768,6.563662964936059,-13.553119249781764,6.254571121337817,5.200553163613193,-0.9844859972040958,0.0004415896363436088,-0.0010095052876819195,-0.17545970251520487,-0.200034765537865,0.03919965630357023,0.3076421151687247,-0.0016544102777515945,-0.0028606938940356486,0.01147997045336524,6203,22000000,20.57,0,2,2,-11.922386591755753,8.125393664048444,5.245093873513026
-14.82622645575601,5.735419632571633,6.618033988749894,-13.59966441589314,6.246531056796976,5.274612822783405,-0.9843798288381624,0.00036879032477817454,-0.00033005462251763345,-0.17605711469347746,-0.18664619904478197,0.031805777307015386,0.3090255504291893,0.0015766534716021852,-0.005504575892700814,0.014432802527153399,6203,120000000,20.38,0,2,2,-12.645666204817068,7.546313825534329,5.788690504804752
-14.82622645575601,5.735419632571633,6.618033988749894,-13.624961633911823,6.241623668363884,5.317913744049751,-0.9841340170759751,0.00018951040156921746,-2.2097099474153336e-05,-0.17742660463253568,-0.17766146528803312,0.02824223652791951,0.30939481545503555,0.0018678116475712159,-0.004136234156248975,0.02355517390242312,6203,240000000,20.14,0,2,2,-11.983739198370216,7.715593577603914,5.9169331002133
-14.818111303820551,5.638142094139395,6.669146507442605,-13.653839855716898,6.234401135095024,5.366834799351652,-0.9833447611423587,0.0011211577317479446,0.000461505294199794,-0.18174600615166586,-0.20318012127243734,0.009700697160865546,0.29884728668222604,-0.024383279378525913,-0.004151969869781169,0.10510472711757757,6203,330000000,19.91,0,2,2,-12.38891928646174,7.401954876493069,6.5470158557042275
-14.818111303820551,5.638142094139395,6.669146507442605,-13.697308176587997,6.218305147113008,5.43159955113981,-0.9811475310832402,0.0015229850821282223,0.00117772883116825,-0.19325065516189588,-0.2067982064338834,0.0036282780907124132,0.2944170257776565,0.001310168238433107,-0.008550392249162542,0.08870881501934491,6203,511000000,19.33,0,2,2,-13.06803669858881,7.380636983674048,5.304860226018335
-14.807225288116157,5.5398174063306085,6.716897587203732,-13.728001178843426,6.20629839748358,5.478792369218105,-0.9798160457911479,0.0012300436931773808,0.0022929841829356238,-0.19988433061710642,-0.203626433563044,0.003761612658107322,0.29652004624055817,0.0005268291943139047,-0.01747141377563821,0.08188880965462886,6203,592000000,17.92,0,2,2,-12.041262434225251,8.037096643822762,4.971270536815321
-14.793651168871804,5.440600584473202,6.761191063713476,-13.750822010044612,6.196911393177578,5.514322326011575,-0.978695141323105,0.0012158893014831565,0.00332545998698659,-0.20528829308956953,-0.2055291304450253,0.000984949009010204,0.2974986089267132,-0.005896605352972983,-0.015051809350552503,0.10568558791419491,6203,755000000,17.09,0,2,2,-12.58161185014449,7.312448877816747,5.677942590853291
-14.793651168871804,5.440600584473202,6.761191063713476,-13.781069196931309,6.183484541402857,5.561730620502908,-0.976855932535962,0.0011575017453365885,0.004281090770945389,-0.21385233110914764,-0.2001976963579409,-0.00017929359042626164,0.2976644420215478,0.0017898913142744277,-0.007409507907141233,0.09932276443578303,6203,830000000,16.5,0,2,2,-12.265409194400528,7.49660148455415,5.281386866549641
-14.77747875827409,5.34064642990583,6.801937735804838,-13.799526802879525,6.174797938509422,5.591204432408679,-0.9757871875051796,0.0014440479082075664,0.0044686056392535915,-0.21867169681970983,-0.20931080675254962,-0.00601212127926499,0.2939579948511806,-0.017812067380873486,0.004683006045524962,0.10654934230842628,6204,0,15.46,0,2,2,-12.171221847011772,7.607988315675591,5.3371777187787846
-14.758804733882657,5.240109123419744,6.839055545102901,-13.823295778544683,6.1619801334754785,5.625806699461251,-0.9742342343954336,0.0025152572472603076,0.004024358222900502,-0.22548865726199435,-0.229903897342206,-0.01580926080032935,0.28724808502638915,-0.005216280260356143,0.013754828887613257,0.1166550318885129,6204,140000000,14.91,0,2,2,-12.84716685646851,7.71016041700911,5.656194222205153
-14.758804733882657,5.240109123419744,6.839055545102901,-13.846877715755886,6.148462356089925,5.660037464797916,-0.9729249363039014,0.0023872964590706887,0.003432634315938101,-0.23108350472354927,-0.21924835094638456,-0.015089024057638076,0.2860713541770187,0.0055665379477432,0.006190200292621739,0.07913626322988421,6204,256000000,14.15,0,2,2,-12.324184083370568,8.353083536635843,6.855647027792888
-14.737732432329594,5.139141823034612,6.872469741279474,-13.869264564463617,6.135067588807403,5.6941790999970365,-0.9719349722133969,0.0024199658465699,0.0031554938243804503,-0.23521606325370115,-0.21860449551135339,-0.021864728188561524,0.2848220257292509,-0.013460715854307637,0.006964740214243648,0.08130655260174535,6204,368000000,13.54,0,2,2,-11.52104082239869,7.338595296525655,5.6678676167473805
-14.737732432329594,5.139141823034612,6.872469741279474,-13.884389964232446,6.1248281362430195,5.71682900765719,-0.9710170685457522,0.0030463706599691918,0.002929471834294938,-0.2389727817417453,-0.22897182536044958,-0.03232101282727856,0.2833918613028493,-0.008109309692372335,0.01021090492940857,0.10246692327200435,6204,618000000,13.13,0,2,2,-12.003449053571225,7.975671129508154,6.194536175270979
-14.71437162378238,5.037896267199173,6.902113032590307,-13.9064934277423,6.109009840344985,5.750689476661742,-0.9697915280979574,0.0029550179706921533,0.0025447295079909973,-0.24390404721929587,-0.21888214094639005,-0.03192258211103091,0.2823910495160856,0.0026412401211928227,0.003064720522161224,0.07316338160308078,6204,751000000,12.78,0,2,2,-12.380648988119322,8.226077301354405,5.021727333373493
-14.71437162378238,5.037896267199173,6.902113032590307,-13.927473461852422,6.09360072187594,5.784490899901954,-0.9688059664009352,0.002935163417040621,0.0026120616181472414,-0.24778934887474113,-0.20980625417353696,-0.031183086534351777,0.28194727657445795,-0.0006584988625490951,-0.0035807036056212382,0.06262378738028929,6204,911000000,12.31,0,2,2,-12.604023547087033,7.498541047965579,5.846829699737058
-14.71437162378238,5.037896267199173,6.902113032590307,-13.947441540735262,6.078592417190794,5.8182045537522065,-0.9679287585159803,0.0028699523706702226,0.002918980574557559,-0.25119148346133946,-0.20079649069186853,-0.031235701913674196,0.28113998901640236,0.00034630177765393455,-0.005360631121220649,0.0540542936505517,6205,128000000,11.93,0,2,2,-11.89464126553251,7.2847919013762095,6.507487920097533
-14.68883826770475,4.936522384489025,6.9279257213917065,-13.969569226702376,6.0613041780497445,5.857359118269128,-0.9670521225868164,0.0028125647906580985,0.0032382330629756695,-0.2545423256086522,-0.19641195458412444,-0.0339869523676505,0.2793691511685389,-0.0016042100014601601,-0.002931919743787148,0.046992571515147574,6205,285000000,11.58,0,2,2,-12.84412571399137,6.973844578313567,6.061051669881234
-14.68883826770475,4.936522384489025,6.9279257213917065,-13.99415021819126,6.041080519558733,5.90171317694918,-0.966132198561229,0.002759577836890221,0.0034196133951922988,-0.25801020498739086,-0.19065247054761397,-0.03623272714707268,0.2766914709587643,0.001298197605592577,-0.0024521561499568634,0.04290374708944,6205,421000000,11.22,0,2,2,-12.992370882691109,8.258970789791897,6.305454680744169
-14.661254250502761,4.8351679108523635,6.949855824363647,-14.015872292080306,6.022515519956901,5.9397282322165506,-0.9652394863604442,0.0032175049030530685,0.003433423723912291,-0.26132468929352337,-0.2146901921025878,-0.042607033695112734,0.2665884318505117,-0.010855211439775303,0.006801480321882991,0.05781306972494349,6205,579000000,10.86,0,2,2,-12.062623621154673,6.909508296397488,6.642906490740808
-14.661254250502761,4.8351679108523635,6.949855824363647,-14.036636280911711,6.004306290260511,5.971096731055404,-0.964312083771325,0.0036753467996620036,0.0031123898856559844,-0.26472440376305856,-0.22519597636571104,-0.04580937389808713,0.260083807080072,0.0005099669607488977,0.004481573114389903,0.051224068738520145,6205,666000000,10.46,0,2,2,-12.125047018048294,8.273328381646014,6.245173516887518
-14.631747105695233,4.733978015430124,6.967859177197259,-14.050194103837349,5.992153425611595,5.991797078881467,-0.9638329425767578,0.0036444739907220596,0.0030298727590673683,-0.2664650004864108,-0.21986646400791368,-0.04605249340037658,0.25863135125182735,0.0016906491282497882,0.000339483666778051,0.043976369488518685,6205,785000000,10.0,0,2,2,-12.45155538950454,7.1485883108004895,5.214178081277813
-14.631747105695233,4.733978015430124,6.967859177197259,-14.081906184132059,5.962640565894465,6.043090685210933,-0.9623264327581933,0.003368425878085788,0.0032131842552065412,-0.2718568850865028,-0.20315206583358894,-0.046157344773227485,0.25522928284544133,0.002130795928678708,-0.003543748607626185,0.06370963892550208,6205,896000000,9.74,0,2,2,-12.837091658277,6.875293411521621,4.370225563731298
-14.600449717297618,4.633094935949802,6.981899523535869,-14.1021950008905,5.942692822611552,6.078532725612483,-0.9611604598896966,0.003138744284037694,0.003406750379510312,-0.2759512867895306,-0.19204261716653231,-0.04734772739723307,0.25240585067207627,0.002191944213336683,-0.0029810757951054256,0.058885545877274126,6206,24000000,8.94,0,2,2,-13.426419803913689,7.905469223345278,6.762987434325159
-14.600449717297618,4.633094935949802,6.981899523535869,-14.120354393339305,5.923620344269931,6.11334030702393,-0.9600050102420171,0.0034734188327225934,0.0027864276869899248,-0.27994740844055366,-0.167509559010545,-0.04835332204343819,0.24449412586181526,-0.005944961139903171,0.030049973247514572,0.06143204809632152,6206,107000000,8.38,0,2,2,-13.26365257071604,7.462794548852282,6.002343365516568
-14.567500007156669,4.532657624662312,6.991948587990478,-14.137109209626752,5.903750312310584,6.151691817016568,-0.9584166063900804,0.003845980302536911,6.275059856754848e-05,-0.28534682947878787,-0.14985532040256602,-0.051142237721162956,0.23625276844161208,0.014495995947072515,0.024864838997018524,0.0827355710498523,6206,213000000,7.88,0,2,2,-13.02931562865297,8.075711411952009,6.139407756102593
-14.533040607019544,4.4328014057587515,6.997986133082629,-14.146792771513995,5.890913768571451,6.175214336458036,-0.9570256305990175,0.0038482952123546944,-0.0011534219736273985,-0.28997552072246063,-0.15935975793280757,-0.061888262371729355,0.23281013761564368,-0.0003622063729835645,0.02735912385105621,0.11308644752716646,6206,342000000,7.36,0,2,2,-12.509666001308972,7.126942655491289,5.98685465768554
-14.533040607019544,4.4328014057587515,6.997986133082629,-14.156847449477123,5.875867565344755,6.19845578988537,-0.9551398564994013,0.00429582532667659,-0.00258269080820328,-0.2961126983417882,-0.17473308257913547,-0.07467632339048076,0.2294713724724558,0.003015336801581725,0.029404931410681456,0.13344046310521662,6206,478000000,6.91,0,2,2,-12.666418764252533,7.839443427410968,6.020796113703805
-14.497218516165216,4.333657645168838,7.0,-14.172417736333387,5.850648884408556,6.235118205218937,-0.9524220412731126,0.004266217716455051,-0.003813172456659986,-0.30472859137168057,-0.16951712280247955,-0.07479143456247513,0.22513988029488935,0.004689198067353573,0.004755796317112981,0.09818295584409498,6206,614000000,6.37,0,2,2,-12.371597159431257,6.732568223194216,6.2007473006213765
-14.497218516165216,4.333657645168838,7.0,-14.17793358527705,5.84126189305319,6.248696424893511,-0.9515671656112423,0.004167061193951999,-0.0038840911748097445,-0.3073881565176803,-0.16711138959417612,-0.07483919276147885,0.22353172479525382,0.003992268693764345,-0.0005693164283115948,0.08976710305432789,6206,776000000,5.62,0,2,2,-12.171617462831424,7.825896255027157,6.153144475885656
-14.460184745468144,4.235353433605286,6.997986133082629,-14.196736815601787,5.807243063222436,6.297585906041727,-0.9488784330130164,0.0036435615793677574,-0.003371121801439622,-0.31560272394195116,-0.15860384688166523,-0.0757611263435923,0.21718317096372858,0.0036739346796821337,-0.008044165497267386,0.06846074757049792,6206,904000000,5.42,0,2,2,-12.75242176844682,6.3961585054351815,6.643868152386567
-14.460184745468144,4.235353433605286,6.997986133082629,-14.207597561416023,5.785813862218661,6.3278495624486935,-0.9474780574849982,0.0032329593100846005,-0.0028780805301933574,-0.31979148708340455,-0.1536295921635667,-0.0769479196933495,0.21237251837552523,0.0033202194799741847,-0.008419726691499818,0.05955430242465809,6207,28000000,4.55,0,2,2,-11.767348716285575,6.578958846966811,5.828620425028914
-14.422093948803884,4.138011283678539,6.991948587990478,-14.215237780626486,5.770383518397208,6.348936575637904,-0.9466453909826278,0.00287256163372175,-0.002580370003412717,-0.3222539275348766,-0.1665988982592434,-0.07559270030268457,0.20469198363366217,0.009235856487066485,-0.006724560398652102,0.03503289008222055,6207,101000000,4.12,0,2,2,-12.043783072187606,6.8473279473205935,5.974373935839645
-14.422093948803884,4.138011283678539,6.991948587990478,-14.232202095739096,5.7426449446727945,6.3802656628681165,-0.946412134254246,0.0022151076795404374,-0.002339210514468002,-0.32294534139457687,-0.19895688496107178,-0.07313194359726997,0.1888538755513136,0.0009972753161946457,-0.00598997030465398,0.00736825704734656,6207,307000000,3.86,0,2,2,-12.677713787377618,6.76084508840605,6.654160618063656
-14.383104042743637,4.041748841864257,6.981899523535869,-14.243077235939102,5.724838040522246,6.399088694596795,-0.9462922635545756,0.002029267847831207,-0.002066363248808317,-0.32329949605850444,-0.19307182586229224,-0.07652758305062417,0.1854541641955432,0.0025519987730149296,-0.006358456766974996,0.0038606479847658193,6207,453000000,3.72,0,2,2,-12.104320272473714,7.845453250994797,6.339784077384718
-14.383104042743637,4.041748841864257,6.981899523535869,-14.255292620518723,5.703493792774473,6.421197469782863,-0.9462887735753049,0.0017669802312072248,-0.001790030648466113,-0.3233128988711788,-0.19342827746777774,-0.08036206702113805,0.1800561808742242,0.002914488732130849,-0.004003071603619901,-0.00021061547048617513,6207,595000000,3.63,0,2,2,-12.724181718467047,7.460620082424757,6.8473404261028925
-14.343375815519579,3.9466786160617637,6.967859177197259,-14.268648423449914,5.680833633683133,6.4423191952735674,-0.9462165203017483,0.001660585254221439,-0.001710105672429579,-0.32352529221569903,-0.20660754286911956,-0.08304226560560474,0.172031560502242,-0.0023600818394697853,-0.0026052560770040145,0.009025351573654916,6207,734000000,3.55,0,2,2,-12.98607539191535,6.994846155466132,7.116063379395143
-14.343375815519579,3.9466786160617637,6.967859177197259,-14.281637348862644,5.657913463679948,6.462827240108424,-0.9459270455750504,0.0017364401752139333,-0.0013967129050922876,-0.32437179041685377,-0.19999255931393986,-0.08649676152456187,0.16819320968513957,-0.0029736680289715878,-0.005870271888852585,0.019130308282910846,6207,859000000,3.48,0,2,2,-12.706824753660184,6.9757147360455924,6.082759409596567
-14.303072526274946,3.852907719435575,6.949855824363647,-14.299595805486263,5.623624868031639,6.492577694966245,-0.9450912545124741,0.001835843589638292,-0.0007380440985129956,-0.3268005593833349,-0.1961468702468096,-0.09185279653996402,0.15974887307863392,-0.003848413052764954,-0.006272308883126243,0.040945192085928284,6207,955000000,3.37,0,2,2,-12.88488673701283,5.721317532821521,6.233033796170195
-14.303072526274946,3.852907719435575,6.949855824363647,-14.314403390085346,5.592926175863362,6.517766759586482,-0.9438045306648813,0.0018912375719255692,-0.00015821015834695576,-0.3304987232750457,-0.1881378471200435,-0.09478156451049599,0.15429989050177823,-0.0026972737032338046,-0.00653035913273925,0.0541837125638267,6208,108000000,3.12,0,2,2,-12.17611385612033,7.380844232421999,6.340263954409918
-14.262359495642343,3.760537631184168,6.927925721391707,-14.323322841781861,5.573870278602022,6.533087377749182,-0.9431979595304824,0.0016923893689590234,-0.00017558600877212976,-0.33222690156775625,-0.19408549796696087,-0.08945982620133916,0.151303889869686,0.012535054429463344,0.009641809901950182,-0.000689911911422314,6208,182000000,2.75,0,2,2,-12.426903782900864,7.530510179401309,6.948582074396877
-14.262359495642343,3.760537631184168,6.927925721391707,-14.335966786729484,5.5508835090745645,6.551088979759854,-0.9440685641518889,0.001454105398585486,-0.0015797163993696178,-0.32974222698007316,-0.20552952605493152,-0.08221981137840109,0.1473280634249007,0.005502399608303676,0.022733314835932106,-0.054999742496875115,6208,386000000,2.61,0,2,2,-12.815827345733224,7.633889230272744,6.599930660392158
-14.221403688720377,3.669663974830505,6.902113032590307,-14.346472770600421,5.531761047734694,6.565696636232404,-0.9446181802560452,0.0015930794569618584,-0.002378224709449236,-0.32815895489051145,-0.19871637547683765,-0.0870597366841407,0.14300481337656765,0.0007156695858157036,0.010930565622402355,-0.01785103140719002,6208,537000000,2.78,0,2,2,-12.316044944525732,6.253713301687672,6.78902292666261
-14.221403688720377,3.669663974830505,6.902113032590307,-14.3542740415538,5.516506278560856,6.577074011891416,-0.9446797546501089,0.0016833630277198082,-0.002627177962694201,-0.3279793063275169,-0.19311557013107555,-0.09116581849704149,0.1393862599524451,-0.00021826833602744955,0.0037929386508039897,0.0040319557911061565,6208,623000000,2.87,0,2,2,-12.362515271105623,6.908561656835975,6.1080608107295
-14.180373291542491,3.58037631457762,6.872469741279475,-14.364982231983573,5.493689812921368,6.593611237247963,-0.9443523677790155,0.0016960172196969522,-0.00263944373353892,-0.3289206018669774,-0.18519415430088143,-0.09619722713612755,0.134107213762738,1.1846649883295868e-05,-0.002014657059135061,0.025655041099525988,6208,788000000,2.85,0,2,2,-12.927740421509656,6.561879286105272,8.280391405123199
-14.180373291542491,3.58037631457762,6.872469741279475,-14.373046195758079,5.4747315601374025,6.606880699865005,-0.943710868493608,0.001703516615754414,-0.0024402468476647215,-0.33075812902104534,-0.17935195898163234,-0.10000460985349073,0.12930392989895068,-0.0016024276646930957,-0.004767564178109751,0.04822778464586008,6208,889000000,2.74,0,2,2,-12.579877973737219,6.8697203364695225,6.311490469831251
-14.139437282152723,3.49275797021996,6.839055545102902,-14.383103605299455,5.448235381385967,6.624633424869417,-0.9423995580057108,0.001630337928215736,-0.0020527255761710935,-0.33447899991866403,-0.17188861860510782,-0.10498124954164256,0.12235133794521302,0.0016128891616062901,-0.005401904491009191,0.05697959859389812,6209,4000000,2.61,0,2,2,-13.129308952537746,5.945401148385736,7.125861744771214
-14.139437282152723,3.49275797021996,6.839055545102902,-14.392799002793659,5.417914440751369,6.643626212636763,-0.941000169134557,0.0013570626246120227,-0.0017626796887639006,-0.33839877811552854,-0.16380646779685928,-0.11125668361183197,0.11378328458649134,0.0021738282612204785,-0.003759647188417148,0.04800916249223519,6209,123000000,2.45,0,2,2,-13.556301792375084,6.136802966110656,5.984715122899457
-14.098764997420908,3.4068858510473015,6.801937735804839,-14.405662351601913,5.381338136291073,6.661832392218953,-0.9402789713986822,0.0009484937801785498,-0.001220671669131087,-0.3404013311749253,-0.2136459919985379,-0.10885089078623131,0.08529359789655683,0.0015846857309043116,-0.010755125003925059,-0.0004151991909395747,6209,238000000,2.34,0,2,2,-13.053740112155557,6.359701688869926,7.082290615458864
-14.098764997420908,3.4068858510473015,6.801937735804839,-14.419594514791665,5.349264438522206,6.67410325917738,-0.9398296871483647,0.00203216762944243,-0.0017988099750442623,-0.34163254196871556,-0.23074802065079147,-0.11527448444290864,0.08888012473300971,-0.01352613426206517,0.03003961483045714,0.03415984065213706,6209,445000000,2.28,0,2,2,-12.628011087203916,6.478472894495166,6.246897065694243
-14.058525696744557,3.3228303091230633,6.761191063713478,-14.428033570584496,5.329971643035931,6.681383236517505,-0.9392584369553068,0.002890283627011322,-0.002973356538505456,-0.34318565532336026,-0.24336188980565981,-0.11825338434480655,0.08650509586486396,-0.0005558100909297536,0.033080875073210336,0.04586286158883013,6209,588000000,2.39,0,2,2,-12.303681709222491,7.089381371525579,6.651487204789232
-14.058525696744557,3.3228303091230633,6.761191063713478,-14.44249720412413,5.298842331889748,6.690829170899771,-0.9381864453458881,0.0030968263752350635,-0.004308450150643115,-0.3460896425681467,-0.2732297398939112,-0.12142868535983746,0.06762940150958233,0.005526040786207886,0.014848193768557394,0.05550011046580039,6209,686000000,2.54,0,2,2,-12.990197229316049,6.989389356236357,6.875752379733185
-14.01888812379634,3.2406550122629065,6.716897587203733,-14.454647926041075,5.272211751345714,6.697572310048694,-0.937196050576955,0.0029486951056757827,-0.004889778036074239,-0.3487563018081384,-0.26074258831039787,-0.12429658265453303,0.06163991894782821,0.004842175121666514,0.006162682075228076,0.05715078623325098,6209,811000000,2.71,0,2,2,-12.404870772112599,7.0430917352335936,7.410476321266912
-14.01888812379634,3.2406550122629065,6.716897587203733,-14.4654908204147,5.246126838808542,6.7037602898344755,-0.9362221710964538,0.0028799015703906607,-0.005017866244165944,-0.35136103018511133,-0.247919273764948,-0.1272169923400653,0.05643858217805068,0.0018013991621046443,-0.0007867881549827871,0.054568789346376434,6209,910000000,2.84,0,2,2,-12.941994478999794,7.1926146916435885,6.956978686907235
-13.980020067484556,3.160416836982813,6.669146507442608,-14.478596667038941,5.2105124244513785,6.7115454863664805,-0.93485204292976,0.0027988571139147163,-0.00475487228120275,-0.3549946695635011,-0.23178740451930707,-0.13070806690332898,0.04946618632511003,-0.003169540332237375,-0.006559010398632381,0.06135973198979627,6209,993000000,2.94,0,2,2,-12.498435358295696,6.018293809959156,7.365406549369431
-13.980020067484556,3.160416836982813,6.669146507442608,-14.486666383594782,5.185650052762199,6.71649065001904,-0.9336547813774174,0.00283222883642151,-0.004303970864478286,-0.3581371294988866,-0.22201741373403924,-0.1325342198555474,0.04467053273976842,-0.003521387998262071,-0.009113629403145751,0.07126216005417518,6210,107000000,3.09,0,2,2,-13.206695030102605,7.260897251883178,7.344966491175883
-13.942087923299237,3.082165781628348,6.618033988749896,-14.495083499085652,5.156386652668126,6.72177672371008,-0.932032070410788,0.002840620831511887,-0.003666812947581087,-0.36234611227647917,-0.2116049399651258,-0.13442886920494085,0.03904005130450516,-0.004104135405214038,-0.010093078890349716,0.07812076873960905,6210,197000000,3.25,0,2,2,-13.502216006136756,5.9342770355940155,7.0271038710029705
-13.942087923299237,3.082165781628348,6.618033988749896,-14.502227158163144,5.12764101290829,6.7263100239448175,-0.9302681913038406,0.002875179749033989,-0.002994959966044226,-0.3668567238098454,-0.2026729331311452,-0.1364233701467576,0.03285508585506522,-0.0041941316794691375,-0.009944062003341969,0.08208771469071507,6210,347000000,3.55,0,2,2,-13.53453719847096,6.7494180298079725,7.048925862627107
-13.942087923299237,3.082165781628348,6.618033988749896,-14.509688977374157,5.094114972362049,6.730435621295512,-0.9281194060117381,0.002969034175368066,-0.002182962971667735,-0.37226440562206325,-0.21634861367687958,-0.1385122187190055,0.01968130433006856,-0.00746854379940487,-0.011608047407207778,0.08428272121818736,6210,503000000,3.97,0,2,2,-12.945836930242349,6.7827607734546715,6.917477595278984
-13.905256256218784,3.0059448998392075,6.5636629649360625,-14.516626491292563,5.068071739779623,6.731842103986665,-0.926515038396031,0.0031332880559014915,-0.0014480628604039425,-0.37624190256524087,-0.23684358383371493,-0.14039908829285316,0.007651318102154777,-0.009583936207491206,-0.011511629600136075,0.08795193716650829,6210,693000000,4.54,0,2,2,-12.921723375616809,7.550806068601995,6.612240468027832
-13.905256256218784,3.0059448998392075,6.5636629649360625,-14.526435340861628,5.0304549146393205,6.732463262634764,-0.9240937543898273,0.003498304514322887,-0.0005655763665828922,-0.3821494146097993,-0.23709612755640244,-0.1432019268547666,-0.0009195075577691514,-0.008113307467283448,-0.008150066696543945,0.09208806586684659,6210,833000000,4.99,0,2,2,-12.832068370303073,7.711765105087513,7.187927258326467
-13.869687366350743,2.9317902544446652,6.506142932007222,-14.532667218206834,5.003828885106335,6.732317693530696,-0.9223531709025545,0.003667072188166417,-8.054267172146802e-05,-0.3863303951547788,-0.2291769597064027,-0.14372038297146805,-0.0051844685591273905,-0.0043502448534127325,-0.006509843387902947,0.08806627156445757,6210,918000000,5.67,0,2,2,-13.63034627877915,6.3333821890712825,6.8275982956917325
-13.869687366350743,2.9317902544446652,6.506142932007222,-14.539943193056406,4.967327898068799,6.731325433086472,-0.9200663080200544,0.0037552122170361833,0.00037053852181343915,-0.391744495722346,-0.21794062487819418,-0.1450882647321729,-0.011573335152280595,-0.0030027680622879416,-0.00418488125433214,0.08129680354613811,6211,13000000,6.16,0,2,2,-13.287891823829819,6.298362703750709,6.8491522466737
-13.835540858476268,2.8597308918276463,6.445589727654781,-14.545307762489356,4.936149119439256,6.729680651779325,-0.9180104189780085,0.0040141319739520984,0.0007132928572978305,-0.396535305623114,-0.22967364962684927,-0.14942115117652777,-0.01985764796562439,-0.01124055297623272,-0.0020948567680534325,0.1027300299028866,6211,122000000,6.8,0,2,2,-13.341003804913017,7.010897627452991,7.602123235960638
-13.835540858476268,2.8597308918276463,6.445589727654781,-14.55324591650506,4.896081903775209,6.726205868587306,-0.9146524628156856,0.004632038007919224,0.0010772935570670082,-0.40421313181004637,-0.26152169678742343,-0.15349699720203824,-0.031742257862541215,-0.006631647329413681,0.00021148542259652459,0.12422221916494891,6211,237000000,7.38,0,2,2,-13.44561559160242,6.4936653281277215,7.415637913544937
-13.802973216660124,2.789788836736497,6.38212529797373,-14.561001618034025,4.859860235906171,6.722127218917112,-0.9117214365509179,0.004898829850050414,0.00119228681658927,-0.4107780447538279,-0.26625172239117795,-0.1526944741139201,-0.03897407980074453,-0.002292292265337892,0.0005717652072689816,0.11113153013866395,6211,371000000,8.29,0,2,2,-13.50378785402759,6.34583959984707,6.485398661342537
-13.802973216660124,2.789788836736497,6.38212529797373,-14.569733502757307,4.812570274524284,6.71558347202281,-0.9084300459746719,0.005040302675278054,0.001269997380912842,-0.4180045861304029,-0.25155384624411964,-0.1522351306085842,-0.0461289819425985,-0.0016563986264372943,0.0001485706007997578,0.0905705957848113,6211,468000000,9.05,0,2,2,-13.495696895612337,5.544237754806833,6.693294279886314
-13.772137385077528,2.7219791074656707,6.315877451879423,-14.578981523227695,4.753808244468881,6.706175299907153,-0.9044971538489576,0.005632971657220246,0.0016447702132913306,-0.42643928411954446,-0.26365022146465694,-0.15398613197532168,-0.0514617100474171,-0.008465038808935788,-0.0007139920398913091,0.09776984952623025,6211,597000000,9.87,0,2,2,-13.956849467883202,6.222678011263378,5.997104447169828
-13.772137385077528,2.7219791074656707,6.315877451879423,-14.584845303030319,4.722725324188091,6.7009057892868285,-0.9027484128396663,0.005957062011090605,0.0017877765680238606,-0.4301239593217309,-0.28873762048330953,-0.14814286523450323,-0.05786819167476792,-0.006597339279323933,0.0016896427723622764,0.07057645270833746,6211,711000000,10.84,0,2,2,-13.107746109085147,6.283099598228124,5.832439938064756
-13.743182356195256,2.65630975126882,6.2469796037174685,-14.594001062525574,4.683352285661291,6.693841354553099,-0.9011095574530369,0.006413641220609355,0.0017779526015115309,-0.4335403897650506,-0.313838850673168,-0.1460118593868501,-0.06202261550010707,-0.008244822947744979,0.010213821133220335,0.07273071460076608,6211,849000000,11.27,0,2,2,-13.137502819679295,5.910252614172152,6.619886315841764
-13.716252767427495,2.5927818998102916,6.175570504584947,-14.603600099606851,4.641859470272677,6.687127083404182,-0.898469470678339,0.007276837386176399,0.0008704409076938095,-0.43897482869666515,-0.3201558465520854,-0.15231354152391702,-0.059144956431829654,0.001115656692718403,0.020870097796432674,0.10430985421407968,6211,949000000,11.68,0,2,2,-12.22749761670083,6.693863884005822,6.993498507469269
-13.716252767427495,2.5927818998102916,6.175570504584947,-14.611968920225186,4.600916069289769,6.680132566159072,-0.8959965775468341,0.007399710118663378,-2.779780973771219e-05,-0.44399929790687903,-0.3083302177906753,-0.15156923813770834,-0.0653242102370917,0.010468029540788848,0.011561661540326895,0.08888502925401554,6212,85000000,12.34,0,2,2,-13.693415962333479,5.545214588178737,6.5101604358006595
-13.691488507366863,2.5313898444048584,6.101793962904209,-14.621632277854511,4.5475757871927245,6.6694812064623274,-0.8929190272420372,0.007112195157325265,-0.0008241175978382668,-0.4501603584272641,-0.29397977815416915,-0.15094902884709308,-0.07545686720750364,0.0036790269859920954,0.003704132836901408,0.08188374122255482,6212,198000000,12.94,0,2,2,-12.614279025887248,5.786145310144671,6.593759309169553
-13.691488507366863,2.5313898444048584,6.101793962904209,-14.629070685204265,4.501491368979853,6.658883281534876,-0.8903666529926215,0.007205146314472099,-0.0010483512412553892,-0.4551859071467157,-0.30744705551642626,-0.14924054478347581,-0.08356875699318263,-0.0014651867786596995,0.0064205997659883,0.08112459981930442,6212,340000000,13.68,0,2,2,-13.309358932919588,6.046839483775187,6.307432928763092
-13.669024332667991,2.472121130739345,6.025798554811813,-14.635124306831491,4.467351884740068,6.650650910017344,-0.8885051168412585,0.007337338366888317,-0.0013274782182720272,-0.45880612312192515,-0.30888372183843105,-0.14856035784454832,-0.0898308422984006,0.003320373343740357,0.005043966893936158,0.08103829313768074,6212,457000000,14.29,0,2,2,-13.236208594239288,6.018171306000253,6.873410921370593
-13.669024332667991,2.472121130739345,6.025798554811813,-14.640313174338486,4.433937938679352,6.641761203158799,-0.8866523450279918,0.00726681025388321,-0.0015125668613075855,-0.46237703734786295,-0.2969519628798273,-0.1491236526198155,-0.09631870222773191,0.0031062280640981044,0.0018172360455537273,0.07998815563041717,6212,600000000,14.72,0,2,2,-12.83028719776211,5.544158677654344,6.94021638310375
-13.648989496635002,2.4149566727154745,5.947737324946002,-14.645820874224029,4.388789691436228,6.628279307818051,-0.884108778852844,0.00706177119298139,-0.0015959758945905253,-0.4672250543409405,-0.27835882792839495,-0.15017398631599205,-0.1047115215650132,0.004062747075295192,-0.0009942864778622607,0.07797062426107004,6212,708000000,15.16,0,2,2,-13.658210582610737,5.995179997553693,7.5208282883684
-13.648989496635002,2.4149566727154745,5.947737324946002,-14.648054312404765,4.363849850922062,6.620012629183796,-0.8826432673423533,0.006903144032768056,-0.0015941367828101118,-0.4699900721776956,-0.268533503080303,-0.15085042591392958,-0.10965328268569856,0.003752474799512129,-0.0017930220678863407,0.07838440942578018,6212,872000000,15.76,0,2,2,-13.669480723795802,6.332491389441419,7.756549655031608
-13.631507390535248,2.3598708849992422,5.867767478235117,-14.650696175237979,4.315685116234145,6.602330910842226,-0.8797446922040142,0.006671781669345714,-0.0014551667873539723,-0.47539735627981944,-0.2512644616232308,-0.15230001828311812,-0.11874104076083432,-0.0027893098831555108,-0.003942627836295287,0.06926771238795482,6213,68000000,16.1,0,2,2,-13.214175102663782,5.4015421131722325,6.565145409327155
-13.631507390535248,2.3598708849992422,5.867767478235117,-14.651093087012622,4.2579960051669214,6.578207344151224,-0.8771954110041449,0.006767403490538386,-0.000698098260286959,-0.4800853318130898,-0.2346914992419343,-0.15503379698009762,-0.12902803324201356,-0.004637945312424563,-0.00685643403812719,0.04257457403582521,6213,175000000,16.78,0,2,2,-13.21601760266254,5.3933665606213825,6.614172722098405
-13.616695198629978,2.30683183381018,5.786050063307852,-14.651932427500792,4.222774017772912,6.562700663754272,-0.8758134160876472,0.007009267290972635,2.601224179185277e-05,-0.4825989325478173,-0.2639693022413661,-0.14576777737911473,-0.13593650199853452,-0.009647399110690458,-0.009099230101128342,0.05170902986719739,6213,285000000,17.39,0,2,2,-13.593317492024655,5.940540692547408,6.319914363264465
-13.616695198629978,2.30683183381018,5.786050063307852,-14.65603546486999,4.178777292291461,6.5435925749754835,-0.873914015665817,0.007243438384309107,0.0009125492404505587,-0.48602571236211606,-0.2951617351398291,-0.13550382269751948,-0.143603267138167,-0.0081753592894529,-0.009061276068678126,0.0606592686381191,6213,415000000,17.71,0,2,2,-12.649985235540354,6.12749972269629,6.029886156610291
-13.604663567877996,2.255801405432595,5.702749648162687,-14.66056639868036,4.14580888453313,6.5292737216816175,-0.8723924719745113,0.007285871960087852,0.0014337702444940045,-0.48874966518133656,-0.30409909708306715,-0.13185247182427756,-0.1489922606531625,-0.0001701253587782503,-0.006569565312020131,0.06004712085996289,6213,540000000,18.14,0,2,2,-13.08115779450612,6.00673481578327,7.1710038121881965
-13.604663567877996,2.255801405432595,5.702749648162687,-14.665238285657901,4.106816732037895,6.511368195361232,-0.8707994189013275,0.007100079303420982,0.0016278148346602654,-0.49158449033086793,-0.2910867173109811,-0.1347860592498331,-0.1551095661964606,0.0019710398419192643,-0.0021476047550095245,0.050013299551210366,6213,682000000,18.48,0,2,2,-12.03453814359145,5.420055681193605,6.276886604840506
-13.595516293231295,2.206735491881907,5.618033988749892,-14.668439038978098,4.069057071674044,6.492768670056002,-0.8694168739869425,0.006912537121800145,0.0015879282656847517,-0.4940283337432537,-0.27609158174501147,-0.13855574933340034,-0.16081624752405366,0.006134463455964578,0.0006614706535401638,0.04615453181031626,6213,836000000,18.87,0,2,2,-13.088634501263776,5.526021638289267,6.5475367112032465
-13.595516293231295,2.206735491881907,5.618033988749892,-14.670274198156761,4.026589355461617,6.470124649327142,-0.8677872295885919,0.006592691265613213,0.0012758751439407487,-0.4968905641360576,-0.25951217273010946,-0.14296303356312473,-0.16792567955106602,0.005986276210023789,0.002669577384040167,0.04761629716085736,6213,925000000,19.23,0,2,2,-13.121498164209576,5.261423436949057,6.4839022220517375
-13.589350019401854,2.159584193111267,5.532073691133351,-14.670353181267894,3.9914423465959743,6.449940828004037,-0.8664961153816191,0.006444136272761133,0.001022247415700379,-0.49914117256191437,-0.24704650099007183,-0.14661337783985712,-0.17406514467130293,0.0027499956559040584,0.0023864355625846656,0.035300552553962916,6214,37000000,19.63,0,2,2,-12.858747140847928,5.30360395507358,6.439050200043477
-13.589350019401854,2.159584193111267,5.532073691133351,-14.669708097296489,3.9685572191076415,6.436065058702997,-0.8659003377066476,0.006406605278728179,0.000911352485717506,-0.5001746994850527,-0.23952748849908828,-0.1491974837011113,-0.1781901278584292,0.001949001944012707,0.001919324211030471,0.02610675128380535,6214,161000000,19.96,0,2,2,-13.32438556235111,5.390262891706147,7.110983550113405
-13.586253959936645,2.114292035098086,5.445041867912627,-14.667500983985812,3.9293482688184067,6.411049346280863,-0.8652189406879114,0.0063827111578185144,0.000768643558932294,-0.5013530241857962,-0.2292392262790266,-0.1527497014452342,-0.18472847825921823,5.0111337035474435e-05,0.0013336298025024007,0.01723585373838432,6214,248000000,20.11,0,2,2,-13.330808218195298,5.128680954825426,7.233930238910045
-13.586253959936645,2.114292035098086,5.445041867912627,-14.664609366641837,3.896570697315028,6.388862747595676,-0.8646311886473096,0.006436437841024937,0.0007543407249279463,-0.5023653161359068,-0.22006703574899955,-0.15543853845108774,-0.190362199377746,-0.0008187426431049971,0.00042740483934267104,0.020966688134649303,6214,418000000,20.4,0,2,2,-12.781305229540674,5.068757614550517,6.050894325475037
-13.586309634393402,2.0707982031062557,5.357113789597275,-14.66088638292254,3.8645344568796935,6.3660449510824675,-0.8639808912904025,0.006544863161227774,0.0008539768656774778,-0.5034813352794275,-0.21340394982186614,-0.1572480058758773,-0.1957252633376649,-0.007155089360821876,-0.0029616245683428133,0.02013826324400725,6214,614000000,20.41,0,2,2,-12.748663573240906,5.80326178840273,6.577741739253468
-13.586309634393402,2.0707982031062557,5.357113789597275,-14.658165564528936,3.843358523874433,6.35044774299792,-0.8636198924814117,0.0067165643097961275,0.0012340494554934863,-0.504097258667619,-0.21206200201993491,-0.1576433072690886,-0.1997008716259509,-0.008743336547922809,-0.007708916291448986,0.016620221322227735,6214,741000000,20.55,0,2,2,-12.549642078824427,6.227746429747585,6.854529159627579
-13.589590624362929,2.029036789378015,5.268466531635312,-14.65290285933312,3.8068239220661457,6.32250566892017,-0.8628624290609179,0.006943512510681448,0.0019405387809965481,-0.5053874260983802,-0.20476176932768303,-0.15857937858805976,-0.20534498150467786,-0.0006506293095398519,-0.005451588867799728,0.022189642368175555,6214,873000000,20.63,0,2,2,-12.85132175469841,6.668912168033947,6.199587326409335
-13.589590624362929,2.029036789378015,5.268466531635312,-14.645826205655624,3.7660560232116183,6.289449371060354,-0.8621862456071728,0.006633741844171053,0.001976045994814907,-0.5065441408181314,-0.19607888268789114,-0.1613586112331941,-0.2129344643951819,0.003515842877277464,-4.16011624260193e-05,0.012687997696048114,6214,976000000,20.81,0,2,2,-13.552357042709387,4.975264593542955,6.930759376630875
-13.59616234903493,1.9889370544701188,5.1792786178068715,-14.639822683632127,3.736118132407246,6.263868805060572,-0.8617150320958367,0.0066427256386599985,0.001978088152330223,-0.5073452126741931,-0.1906446740561871,-0.16249501627073143,-0.21872227079591058,-0.0026415681531943846,-0.00028986607958358945,0.020709008640551474,6215,82000000,20.99,0,2,2,-13.697566089604345,4.48621762761813,5.701378446805879
-13.59616234903493,1.9889370544701188,5.1792786178068715,-14.63202020643673,3.6957592642933212,6.2282589205303,-0.860722577037468,0.006575479091937756,0.0023848507608311554,-0.5090262477903666,-0.2164726770322754,-0.15872665452664164,-0.23549753146861518,-0.0005161544322618283,-0.013504731214197818,0.02411243458482204,6215,191000000,21.13,0,2,2,-13.321155861471603,5.102839833522498,6.503752273378722
-13.606081860953598,1.950423701411545,5.089729660701031,-14.629093350205732,3.6616941412522337,6.19977006497252,-0.8602250967192615,0.006507888871682743,0.0030546321783037843,-0.5098638049313033,-0.25190997800731435,-0.15008930894331804,-0.23901627721853042,-0.008017231448320672,2.7996509999184127e-05,0.004807329014511197,6215,357000000,21.39,0,2,2,-12.79254016389363,5.290546967556002,7.067451541322779
-13.606081860953598,1.950423701411545,5.089729660701031,-14.628678751143454,3.6251098330829135,6.171568522352574,-0.8602656856682007,0.007100972860828849,0.0028882406925526795,-0.5097883720838989,-0.2705359048298178,-0.14418245100733343,-0.23852639211565257,-0.006231453107830021,0.00836181625345489,0.0027589591809373815,6215,460000000,21.5,0,2,2,-12.62281040187722,4.396090308124409,6.707263645138902
-13.619397662556434,1.9134171618254512,5.000000000000004,-14.62857404055568,3.5760000678572323,6.133359512377352,-0.8597068439699014,0.007551563981431813,0.002556870042795103,-0.5107255414881167,-0.2621624994312597,-0.14478651550865956,-0.24459697059850077,0.0007143227264805319,0.00596336935814179,0.020459701954678167,6215,556000000,21.6,0,2,2,-13.561775121266095,4.804558268118672,6.291449367359542
-13.619397662556434,1.9134171618254512,5.000000000000004,-14.626988603129325,3.5286407180329844,6.094342947320235,-0.8594888160030907,0.007684517348909251,0.002323133913321445,-0.5110915049260165,-0.24808829122289855,-0.14775573844785297,-0.24893248855155958,-0.0005090063439183723,0.00021773737799435366,-0.018341532631893642,6215,702000000,21.57,0,2,2,-12.806420743091072,5.6176020604818735,5.687067423361691
-13.63614954403571,1.877833893125572,4.910270339298972,-14.626087159050707,3.5111933031421074,6.07954687668526,-0.8598764930275749,0.007690365907743677,0.002368525436988925,-0.510438698668173,-0.25087199909158575,-0.14818436272812469,-0.25098920411979797,-0.0019214055441807432,-0.0036333730349724647,-0.027271208637102973,6215,815000000,21.59,0,2,2,-13.235400503720447,5.346378144334111,5.397263156172391
-13.63614954403571,1.877833893125572,4.910270339298972,-14.626053491397887,3.4676059053067703,6.044270170742841,-0.8608337479349795,0.0074943800610405495,0.0030399263471495804,-0.5088220234340497,-0.2891753564475056,-0.14398506454643747,-0.258590009149584,-0.002398437004558218,-0.012977606911590556,-0.026258808611601125,6215,931000000,21.48,0,2,2,-12.955586443244675,4.569130421167145,6.5478911490606215
-13.656368443005908,1.8435866858678756,4.820721382193137,-14.626614317599671,3.4418745252854337,6.023740046533118,-0.8613352298578698,0.007367637851076412,0.00333934068214003,-0.5079726257604777,-0.28030097255293296,-0.14597921889073553,-0.260429215732657,0.0030020415124454303,-0.004579670167004224,-0.020178806880721822,6216,16000000,21.18,0,2,2,-12.903246183352739,5.189655731978659,6.852883852047436
-13.656368443005908,1.8435866858678756,4.820721382193137,-14.626214140859867,3.3924026095427546,5.982111036836345,-0.8614108407024226,0.0070090600897145874,0.0029053926548070004,-0.5078521392005015,-0.2590167666346132,-0.14921898072105244,-0.2651332600326421,0.006990056454014848,0.006608826197407325,0.010860395650524879,6216,150000000,21.12,0,2,2,-13.960283085694131,5.153431652210246,6.503636550923632
-13.680076326403402,1.8105849803110527,4.73153346836469,-14.624985827114479,3.3628304977339654,5.9557362051323715,-0.8610457439634664,0.007043991283353538,0.0024921996927386968,-0.5084726127628627,-0.24690754557364972,-0.15016027217831615,-0.2678718735864781,-0.0008512737338151055,0.007412996092170943,0.01331825551460497,6216,316000000,20.88,0,2,2,-12.401420927366749,3.675797374071223,6.281719563745593
-13.680076326403402,1.8105849803110527,4.73153346836469,-14.621242982978282,3.3118653296278615,5.9076081179842435,-0.8605250061029175,0.007476641584663929,0.0021110745687243043,-0.5093489541231566,-0.2299480799829273,-0.151155259695604,-0.27277632196251317,-0.0025303262191300746,0.004951023356625228,0.012447308108676225,6216,438000000,20.91,0,2,2,-13.313625995120596,4.631246401063559,5.141926013401849
-13.707286094986122,1.7787351912154206,4.642886210402724,-14.619671805997145,3.2953397162847162,5.891387053725871,-0.8605175331234329,0.007658555537056747,0.0021111254160644127,-0.5093588762981607,-0.22660772763565848,-0.15140079803974632,-0.2741099072535997,-0.00890155361048528,0.00038909513566665055,-0.021113332877575886,6216,589000000,20.94,0,2,2,-12.963422409818975,5.390253033082111,5.7194942693241115
-13.707286094986122,1.7787351912154206,4.642886210402724,-14.616863781311602,3.268054184044622,5.864213279466086,-0.8621673317188355,0.00798934119615926,0.002554873616157942,-0.5065541779167161,-0.2221531958475022,-0.1530163482890248,-0.2758411660573184,-0.01043323454723577,-0.008212966349674389,-0.09495020858594216,6216,703000000,20.91,0,2,2,-13.437295124693549,4.755098125687745,5.518059986005496
-13.738001510741421,1.7479410398882975,4.554958132087372,-14.613123912905705,3.2359328789362616,5.831369552765977,-0.8644849379336458,0.007991417850396455,0.002984244964225685,-0.5025863344825389,-0.2116450587847572,-0.15473062747632613,-0.2782942415875978,0.007671324146940606,-0.003026666399819078,-0.04598797422659118,6216,843000000,20.49,0,2,2,-13.878276760797185,4.573107095208608,5.29077826543622
-13.738001510741421,1.7479410398882975,4.554958132087372,-14.608179594266891,3.199491772387572,5.792592580058731,-0.8653135501449783,0.007323478227262108,0.0024630128030920843,-0.5011713880201866,-0.2085169111080094,-0.15536408823249637,-0.28094637172343234,0.012574893025885103,0.0038884638115632697,-0.006547495740960585,6216,996000000,19.92,0,2,2,-12.990872670466809,4.652521478069101,6.433705363906532
-13.77221714744992,1.71810389246541,4.467926308866647,-14.604619260999018,3.167322564145546,5.759330875563193,-0.8648661643645933,0.007049525580252437,0.0018519054552371575,-0.5019495914656714,-0.2302247764505052,-0.15481261135547125,-0.27813902135364965,0.005380219363360084,0.010235472200292861,0.041712811071192846,6217,154000000,19.69,0,2,2,-12.339967664875116,3.726292221987051,5.77623095013697
-13.77221714744992,1.71810389246541,4.467926308866647,-14.60200718473162,3.120737038063197,5.715654235880967,-0.8623767420934949,0.007153457341175247,0.0007515907051939318,-0.5062159794551031,-0.24304200781248295,-0.1523733513578365,-0.2774266034848789,0.006850392264823313,0.012634912945941323,0.05991548932797741,6217,216000000,19.75,0,2,2,-13.921310955962014,4.346396545379325,5.619365081359347
-13.809918364591843,1.6891231034023886,4.3819660112501095,-14.59965885133767,3.0866392984432975,5.682532154394129,-0.8612588896040203,0.00740618842065058,0.00019916109131008905,-0.5081124223889704,-0.23190763376668908,-0.150525975303251,-0.2815697033263674,-0.003989482593169669,0.007554237026852206,0.0049366918347004685,6217,348000000,20.32,0,2,2,-12.523377350799679,4.955381493109726,5.073650694001347
-13.851081304720704,1.6608963631376414,4.297250351837316,-14.596865949088906,3.0535546868836425,5.648942036865963,-0.8617995733865511,0.007744342369741182,8.012956731018317e-05,-0.5071898205319887,-0.2325688172947998,-0.15010336295080406,-0.28453631254542694,-0.0022349933942678035,-0.00014304505313589289,-0.013970719919598196,6217,443000000,20.37,0,2,2,-12.887865755428054,4.5689582437016405,5.07907957589481
-13.851081304720704,1.6608963631376414,4.297250351837316,-14.594766366508708,3.006802768635456,5.603957359551043,-0.8610769140564797,0.007470709111819851,0.0003085074559885429,-0.5084197492303834,-0.24575276806674565,-0.14810516499768042,-0.2868507384597207,0.005090236891192035,-0.0017930486706063675,0.03320524701848626,6217,579000000,20.2,0,2,2,-13.658641374146955,4.362479089354811,5.129478856826648
-13.895672914366806,1.6333200488784598,4.213949936692157,-14.59286170348723,2.972690860223949,5.569688436577159,-0.8600381263899178,0.0071470962361382855,7.96453228275127e-05,-0.5101797073852835,-0.23373000624324933,-0.14622372497988628,-0.29143418152073286,0.00810370011095074,0.0027512563292475534,0.029424645799736027,6217,694000000,20.26,0,2,2,-13.340526013578714,3.677405894197709,5.377950282153206
-13.895672914366806,1.6333200488784598,4.213949936692157,-14.590378695133502,2.9337979783255954,5.529182563605339,-0.8590634199967444,0.006889400671507125,-0.0003863251142674877,-0.5118226522290612,-0.24463664288495646,-0.14278008307698775,-0.2913871397337725,0.005087221234134631,0.0045606375351781026,0.03110856778221205,6217,862000000,20.41,0,2,2,-13.559821258826805,4.274788364424715,5.710665148206542
-13.943650988470747,1.6062895774554231,4.132232521764885,-14.590724319199868,2.8917264582441535,5.4891815379851545,-0.8584820220422376,0.006665489182371156,-0.0007553782709764255,-0.512799784017016,-0.28055125847160023,-0.12906155523720755,-0.2887215757109392,0.006199257995831431,-0.0007810276883901679,-0.019967052321590018,6217,920000000,20.53,0,2,2,-13.23391139786991,3.543327287617271,6.124839404399202
-13.943650988470747,1.6062895774554231,4.132232521764885,-14.595452755873293,2.8462447017992174,5.449072794729874,-0.859734247607083,0.005953100136185743,-0.0008543386897786639,-0.5107062308173403,-0.3155882605077095,-0.11936869137858679,-0.2936404270247118,0.012648466599785024,-0.007131462098186603,-0.019024754146812484,6218,25000000,20.52,0,2,2,-12.95098457540555,5.327882071283057,5.185680634219732
-13.994964238284453,1.5796997591868318,4.052262675054007,-14.605240791462306,2.789903974371387,5.401583487580634,-0.8610685707930387,0.005154016207325786,0.00010629618553255251,-0.5084627235210945,-0.3548159190634386,-0.10318726931263122,-0.30642714258275444,-0.005809638651044224,-0.027103273714601528,-0.07602287660120055,6218,147000000,20.2,0,2,2,-13.050766609729049,3.479620996474766,5.174236611879937
-13.994964238284453,1.5796997591868318,4.052262675054007,-14.618705239545465,2.732102645968042,5.352224294111652,-0.8640543290250651,0.004420119515255706,0.001480040148693251,-0.5033769844934048,-0.3432102952114909,-0.10180502064639223,-0.31233954618669985,0.0015061696785778622,-0.006084178903620341,-0.04723728779936209,6218,291000000,19.6,0,2,2,-13.24647803843088,4.216331350236921,5.987532789121207
-14.049552382614877,1.5534451516941854,3.974201445188189,-14.626664462256217,2.6974722038755736,5.321109898787224,-0.8653047622748489,0.004394449956070172,0.001507172306032872,-0.5012245860147828,-0.34380806701357813,-0.09416438411732544,-0.3119936037319126,-0.0010156167945751804,0.0011549751661732444,-0.0699278993124608,6218,419000000,18.74,0,2,2,-12.844826340630487,3.665273969768593,5.014160166953833
-14.049552382614877,1.5534451516941854,3.974201445188189,-14.649799294682184,2.615355878186779,5.246831548905726,-0.8698177746746679,0.004523890915454579,0.0005373969213531937,-0.4933520897650504,-0.3233422953201763,-0.08984200212545182,-0.3121851942691677,-0.00019000449613670867,0.013486008901963942,-0.039965540054254234,6218,584000000,18.31,0,2,2,-13.192699125763985,2.9989208530376272,5.0701966497726945
-14.107346262223295,1.527420412612428,3.898206037095793,-14.664682012836936,2.553640675151355,5.184532710223026,-0.8708357668127975,0.005331002029034441,-0.0006021428911091135,-0.49154479458221495,-0.28250800717816216,-0.094538114776901,-0.3151237861138364,-0.0018131404885934899,0.012900774072477361,-0.009133549428952392,6218,690000000,16.93,0,2,2,-12.896802865819275,3.364722781264735,5.025637778100627
-14.168267977131398,1.501520650144207,3.824429495415055,-14.66974844920696,2.530348611897327,5.15958875006483,-0.8714943022419407,0.0057661923625412555,-0.000873739740095413,-0.49037095016358545,-0.27794392248797656,-0.09318999228835785,-0.3140408619701505,-0.007404786629194859,0.009784577650862047,-0.05167430135770701,6218,820000000,16.46,0,2,2,-12.801856909835184,3.990291005949271,5.135008347079668
-14.168267977131398,1.501520650144207,3.824429495415055,-14.681032159035885,2.4791566417471413,5.103801636489341,-0.8750567966508648,0.006314381348942065,-0.0014019120658823208,-0.48397703030811956,-0.2662710842495466,-0.09323660569978051,-0.3128352553288873,0.006187607232277514,0.007576591360702878,-0.09740302411955781,6218,965000000,16.23,0,2,2,-13.2874399848593,3.5716454585258,5.58042032266166
-14.232231046524186,1.4756417704159197,3.7530203962825315,-14.689690270397616,2.4360795677649802,5.0540886793696105,-0.8781898515982849,0.006160489246552609,-0.0022588307421996688,-0.47826721673736244,-0.24116143313864624,-0.09876080055734367,-0.31503012220336696,0.00589560345360951,0.008016778519959189,-0.06668274945695885,6219,88000000,15.36,0,2,2,-13.268198487433603,3.5169848378739244,5.233660096056561
-14.29914059087924,1.449680820605077,3.684122548120576,-14.695483435853818,2.4049745922424255,5.0164275880994715,-0.8800694016288553,0.005989209616754122,-0.0025026301435111665,-0.4748007103271432,-0.24489466637465598,-0.09683603704085698,-0.31954430087068164,0.0031231225875671953,-0.005218591786615434,-0.06895538172102533,6219,240000000,14.64,0,2,2,-13.615324689139776,4.343934086447659,4.787837739358931
-14.29914059087924,1.449680820605077,3.684122548120576,-14.701322289327326,2.3784531508010263,4.984565547161541,-0.8817542852061906,0.005645803327881135,-0.002153804990740014,-0.4716702943257765,-0.2560284772699665,-0.09320334280653327,-0.32346536847962104,-0.0014157444240936456,-0.012729889112961246,-0.06983463099459186,6219,374000000,14.21,0,2,2,-12.417762279026167,3.6631621696789,4.196485007371158
-14.368893535892646,1.423536326822833,3.6178747020262687,-14.711849265698095,2.3400375818845016,4.939439874985889,-0.8837009094359841,0.005336174220113869,-0.0012245699016290518,-0.46802000847748293,-0.2662413096869073,-0.08680915762905043,-0.3261817950236224,0.0011983280046479194,-0.00946625341384788,-0.04736329829029273,6219,521000000,13.94,0,2,2,-12.743990422427823,4.108466745662064,4.6935117357866005
-14.368893535892646,1.423536326822833,3.6178747020262687,-14.720424651002292,2.3082848138420737,4.900555394018699,-0.8847350810500328,0.005150244056206121,-0.0011105143429576336,-0.4660644570265441,-0.24776660266035694,-0.08819366638971082,-0.326637688925107,0.0018645390923666127,0.001043302677317115,-0.029388981783995405,6219,668000000,13.39,0,2,2,-12.942257606825056,5.001236994161124,4.45985561416573
-14.44137883771317,1.3971086257532077,3.554410272345218,-14.727681795584406,2.278366411067562,4.861631478990035,-0.8854108789162604,0.005064156429515314,-0.0014347958925176748,-0.4647793790360534,-0.22891588968532117,-0.08958396424906706,-0.32699890169727797,0.008371156582143158,0.006186488053572248,-0.022209100279724225,6219,830000000,13.15,0,2,2,-12.797254086996913,3.912945389334182,4.917774377034915
-14.44137883771317,1.3971086257532077,3.554410272345218,-14.733679141264318,2.2501319934369906,4.822632654808983,-0.88602367017272,0.004810460745030691,-0.002085027151170189,-0.4636103622902131,-0.211488286763115,-0.0911803314529685,-0.3274128909346642,0.00838159676277428,0.008285260810225736,-0.0221580241486663,6219,927000000,12.92,0,2,2,-13.207128669007709,3.090584454289755,4.861142218647776
-14.44137883771317,1.3971086257532077,3.554410272345218,-14.739250708176073,2.2191680675587198,4.777122230584878,-0.8865967399655045,0.004660376535765766,-0.0028068747040860174,-0.462511213947813,-0.19312871954698937,-0.09158678019403838,-0.32747885109993585,0.004569812426780118,0.007417462620651349,-0.00716306863068894,6220,180000000,12.7,0,2,2,-13.465301526741337,4.2524476848331645,4.8876649582874725
-14.516477728939526,1.370300189070615,3.493857067992777,-14.7449280278331,2.189267841041301,4.7315842185054295,-0.8869855613396547,0.004606631085120534,-0.002995948253859722,-0.46176446075795324,-0.20930042282224665,-0.07941674460266498,-0.32783449873529563,-0.00037955767311359523,-0.006373203086695867,-0.03271272798883729,6220,363000000,12.52,0,2,2,-13.123400160887252,3.183180491356627,4.823663202405645
-14.594063984779455,1.3430159396806216,3.436337035063941,-14.754074973208926,2.157918108833832,4.686061220385785,-0.8881641270418568,0.004183097733933317,-0.0026293268228018574,-0.45949980606065943,-0.21372282853413105,-0.07291824785134192,-0.32681817968659516,0.005250686353974743,-0.003462682593635691,-0.023089790738595184,6220,452000000,12.48,0,2,2,-13.102494149342943,3.5560812191103253,4.474300512065282
-14.594063984779455,1.3430159396806216,3.436337035063941,-14.757815802341348,2.144912711655139,4.666604911496236,-0.8883868622993062,0.00402216096405648,-0.002659678253304835,-0.45907029007196865,-0.20803054882335745,-0.07264490197419086,-0.3261614489933907,0.0048451341172039974,-0.0006042067184353073,-0.011362255827407353,6220,624000000,12.3,0,2,2,-12.927682681982189,4.18366892129214,4.602327555488068
-14.674004208715575,1.3151635588544948,3.3819660112501038,-14.76738235023514,2.1146400590522836,4.621235949709026,-0.8883209747682567,0.0037747366418357025,-0.00264553916933248,-0.4591999545650701,-0.21627631585159915,-0.06430726262134027,-0.32608260836466585,0.002819241035467712,-0.002013478660956025,0.008973799594969023,6220,799000000,12.28,0,2,2,-13.338893755365643,3.4906293913014057,4.318511268644861
-14.674004208715575,1.3151635588544948,3.3819660112501038,-14.772994043893389,2.0976411451720645,4.595342549286504,-0.8882767009095953,0.0037010762381751846,-0.0026740243617711813,-0.4592860266212735,-0.20720305144649812,-0.06429395769773741,-0.32524928565314076,0.0013719444041271345,0.0010092210061429796,-0.0023192842718344764,6220,908000000,12.4,0,2,2,-12.85588439922257,3.333374883222225,4.34904197097618
-14.674004208715575,1.3151635588544948,3.3819660112501038,-14.784013534498058,2.061598459867894,4.537384295404635,-0.8886549534998364,0.0037000505210772303,-0.0029472899180383043,-0.45855206545002514,-0.18687345164491032,-0.06468963282329478,-0.32294081021605386,0.0022138799067761283,0.0033861705333038117,-0.008041193268581992,6221,21000000,12.47,0,2,2,-13.551317691549515,3.0648150607451554,4.0863226205917
-14.756158136970098,1.2866537833567335,3.330853492557395,-14.789332333535583,2.04278405647791,4.505346969079432,-0.8887810698865862,0.0036915671687336622,-0.0031388810425626154,-0.45830637085785153,-0.17677758451323244,-0.06435164472520447,-0.32155713360277177,0.0016626520277895906,0.0031523176176051493,-0.003802630226346082,6221,146000000,12.46,0,2,2,-13.099596402695353,4.692877473243533,4.722066396401598
-14.756158136970098,1.2866537833567335,3.330853492557395,-14.795187800800946,2.0211393828250794,4.467130118631136,-0.8888868078589525,0.003709082852334905,-0.0033081254547701025,-0.45809992558904805,-0.17605579450978368,-0.06159618953904552,-0.31780372341484314,-0.0017257737340514723,0.00199880450963974,-0.011435620126576396,6221,264000000,12.45,0,2,2,-13.733184189110862,3.6130460702173877,3.8356306875354385
-14.840378961010297,1.2574006916957472,3.283102412796267,-14.801526976997378,2.002127890195783,4.435967456688799,-0.8894492936012741,0.0037630874768299974,-0.003385697837900347,-0.45700583183914234,-0.19161114802889515,-0.05635963041750923,-0.31158536142372795,0.00510001696056861,0.0023214138082039426,-0.02820384306687629,6221,385000000,12.44,0,2,2,-13.01244909171532,3.7588488191900082,4.346613856337985
-14.840378961010297,1.2574006916957472,3.283102412796267,-14.809210015130173,1.9796095281523678,4.398953658895476,-0.8901641892598724,0.0034885131991387467,-0.003737963509930168,-0.4556112093262981,-0.18224982270205914,-0.05675197175798576,-0.30951966645118845,0.006918255712662358,0.0035363742881600047,-0.024378221496590413,6221,513000000,12.29,0,2,2,-13.494631300601693,3.6762226121548904,3.651553540988341
-14.926513667287587,1.2273219786613712,3.2388089362865244,-14.817292097232894,1.9546322386562331,4.356047093387462,-0.8907745907562716,0.0031726981869787704,-0.004188092964516298,-0.4544150331211893,-0.16960031188408659,-0.05704536290705543,-0.3075027050242918,0.006871881032566307,0.0035612871897683362,-0.010468957134435186,6221,650000000,12.08,0,2,2,-14.093948853506063,3.6021623374909404,4.1536991901856135
-14.926513667287587,1.2273219786613712,3.2388089362865244,-14.828383364371327,1.9180345301917419,4.28916420558441,-0.8907014804836814,0.0027030229949742465,-0.0047525679013034365,-0.45455580452702404,-0.16025473416911196,-0.05698345199099332,-0.3038197920116445,0.006361003761412576,-0.0003709530712825426,0.011796805847552605,6221,794000000,11.9,0,2,2,-13.194788243707796,2.5938318530683495,5.069287933785246
-15.014403393356975,1.1963392173488867,3.1980622641951637,-14.83542374189156,1.8959066686323471,4.253216827783151,-0.8901123850394519,0.002214905955821695,-0.004608508900422625,-0.4557124069374235,-0.19732041737121983,-0.06315418742036624,-0.29957801185730315,0.005771168207502342,-0.008988822810351849,0.028451113576011267,6221,927000000,11.87,0,2,2,-12.791151005644608,2.879803883951007,4.520388729054389
-15.014403393356975,1.1963392173488867,3.1980622641951637,-14.844279982056218,1.8702840797824756,4.217735735852696,-0.8895277210534037,0.0017306963120620302,-0.00403848427881946,-0.4568600757480815,-0.2221532406897991,-0.06335140748799745,-0.2968359910479208,-0.002243630819975806,-0.017884679255075753,-0.010925522292382084,6221,984000000,11.97,0,2,2,-13.022886992393964,3.2685130550272903,4.43789883864333
-15.103883799479043,1.1643781079072553,3.1609444548970993,-14.854337297095181,1.8438990545653708,4.182406787648098,-0.8908089970363705,0.0014789589106024939,-0.00274761417075626,-0.45436724584411337,-0.22284071916318057,-0.058948532205499705,-0.2949268376867872,-0.01267225707124453,-0.017623000167077407,-0.05756668979302049,6222,112000000,12.02,0,2,2,-13.367744920609203,3.4747898293811232,4.886212796612146
-15.103883799479043,1.1643781079072553,3.1609444548970993,-14.867389392380145,1.8105790377501885,4.135758006879207,-0.892910765307639,0.001979121810491995,-0.001528397712257079,-0.4502267342961973,-0.20696158102424106,-0.055209180770325564,-0.29064175629123923,-0.012009748934360687,-0.005956430049991468,-0.05730590237362776,6222,219000000,11.58,0,2,2,-13.218775244032171,2.7543494916966784,3.6315999012895057
-15.194785454764899,1.131368712289839,3.1275302587205274,-14.875088168064668,1.7910519864548493,4.106943140652597,-0.8940852652504465,0.002224566616867453,-0.0012230289205437937,-0.44788960019815743,-0.19694382304326757,-0.05300077097827651,-0.288002955545025,-0.0036100476108913426,-0.0012327308013482252,-0.04604964851750992,6222,389000000,10.91,0,2,2,-13.451283457979715,3.7872610121970527,4.030616383943771
-15.286934236885259,1.0972456743280026,3.097886967409693,-14.88542743716829,1.7652059144296455,4.0670415346149795,-0.89529741427843,0.002405763539676876,-0.001187066619598797,-0.44546082112907376,-0.18800883771231683,-0.04848807964451432,-0.28350047417452057,-0.0015980712760210736,0.001608673233022273,-0.034114492518710904,6222,482000000,10.54,0,2,2,-13.277191594195836,3.7825742473977844,3.6790941559462182
-15.286934236885259,1.0972456743280026,3.097886967409693,-14.891554831922704,1.7508791070473242,4.044608818268214,-0.8958703967017679,0.002452117517696161,-0.0012542731799846992,-0.4443069279584625,-0.18664056175071256,-0.04489573740829112,-0.2800259808759737,0.0030297488819996943,0.0025099102003878215,-0.03130064651486464,6222,611000000,10.17,0,2,2,-12.26680977599572,3.767114840610077,4.093684700705238
-15.286934236885259,1.0972456743280026,3.097886967409693,-14.90063082206033,1.7301736732279915,4.011311741434507,-0.8966882728672364,0.0022501650288058897,-0.0016099832864846586,-0.4426539122311389,-0.17777815512388426,-0.04266775475212198,-0.27715886879164936,0.003844599996227771,0.004321120513850474,-0.027803887314803433,6222,697000000,9.99,0,2,2,-13.236634058390704,3.3982483835679704,4.01034021503565
-15.380151744327637,1.0619484244926003,3.0720742786082944,-14.910924649536605,1.7073249518824662,3.9728914060804286,-0.897137090805324,0.002284268255897988,-0.001893876397488795,-0.44174227288327955,-0.1686081027252253,-0.0384122827217791,-0.2738075564246914,0.0008499450700583111,0.003350849306116288,-0.005188956902202335,6222,837000000,9.74,0,2,2,-14.007536606796986,2.799798309646323,3.869127117793277
-15.380151744327637,1.0619484244926003,3.0720742786082944,-14.920978658313283,1.6858098768498722,3.9349819506744748,-0.8970921070661644,0.002306508813440277,-0.0020981661050264518,-0.44183258045970125,-0.16024812797036056,-0.03422922008576851,-0.26998322274044284,0.001159599082711793,0.002269092874485068,0.0058387406170368195,6222,976000000,9.6,0,2,2,-14.20769069290143,2.4751898146209,3.970704996418511
-15.474255720151977,1.0254213687541995,3.050144175636353,-14.930061794203624,1.6675506299830654,3.9029578965226683,-0.8968797952126581,0.0022709381439173565,-0.0021104207695096956,-0.44226352088254134,-0.18084759285419644,-0.029820996362387442,-0.2657520619335195,-0.00010389695930257403,-0.004065393363816838,0.008790975971351145,6223,189000000,9.58,0,2,2,-13.277213835389178,2.688757286383054,4.038546847424819
-15.474255720151977,1.0254213687541995,3.050144175636353,-14.942350472443033,1.6460773562150963,3.87150506430054,-0.8966718798404412,0.0020813850151089855,-0.001698753829333998,-0.442687612177318,-0.22010902289815126,-0.02447659329761565,-0.2615808415205458,-0.0006658965048700338,-0.010573136569291819,0.00450642587566108,6223,303000000,9.62,0,2,2,-13.718103562377127,3.175424307001461,4.907688962311601
-15.569060486163298,0.9876140610008809,3.0321408228027416,-14.954864255958256,1.6260265722087661,3.8455921838220286,-0.8966543296340481,0.0018325699775700813,-0.0011697281863779405,-0.44272597232572997,-0.24032657188642337,-0.019842383399629977,-0.25903208842065184,0.0007617576557095163,-0.00992572840914363,-0.0012113248999412463,6223,435000000,9.64,0,2,2,-13.206218261732584,3.336970307708602,3.2543273268256554
-15.569060486163298,0.9876140610008809,3.0321408228027416,-14.973449325108035,1.5978333745917237,3.8097101315621256,-0.896744323122307,0.0016172916163851945,-0.0009218014889252803,-0.44254508651408375,-0.2362924818717363,-0.014383542502038332,-0.2552441997703718,0.0007201310324944643,-0.00051605395583465,-0.003990574941781233,6223,541000000,9.62,0,2,2,-13.767771247109343,2.965886805733597,3.377113295598652
-15.664377386391834,0.9484813585216545,3.018100476464131,-14.989034165304442,1.574883583173757,3.779443791988034,-0.8968700222719856,0.0018421567899805378,-0.0008945675242776367,-0.44228946331238034,-0.22484876423181527,-0.01108658292277178,-0.2508253238534469,-0.009134089850704186,0.0012160138112449204,-0.005389990565163316,6223,703000000,9.58,0,2,2,-13.375920250133001,3.436304172674386,3.9867884116339263
-15.664377386391834,0.9484813585216545,3.018100476464131,-14.999197853822709,1.5602848242262402,3.759587314000329,-0.8969719811808148,0.0021825577138338587,-0.0007557957206557508,-0.44208136150624866,-0.22069015072509165,-0.008401420658292042,-0.24705581432894475,-0.009364141988044139,-0.0003188345033322548,-0.006086563507778919,6223,819000000,9.56,0,2,2,-13.019633473284493,3.761434537194776,4.168399011632906
-15.76001523874531,0.9079835601142272,3.0080514120095225,-15.015486847805244,1.5378072529706819,3.7307386647162146,-0.8971421793817691,0.0025508824784128054,-0.0003380664786387512,-0.44173440966690247,-0.23634650725864997,-0.003563890202878687,-0.23674435681407963,-0.002193489908108859,-0.004462812148631201,-0.006836993952674675,6223,933000000,9.55,0,2,2,-13.34143793930711,3.209053251345552,3.2100087610277432
-15.76001523874531,0.9079835601142272,3.0080514120095225,-15.02662772014723,1.5228298728909222,3.71198024642547,-0.8972742592234131,0.002321093805346313,-0.0003870889564059662,-0.441467288052877,-0.22976411243711187,-0.002406563040744118,-0.23392564361604412,0.007637406315552653,0.0005106906940000044,-0.007850348447391298,6224,27000000,9.52,0,2,2,-12.856236375442084,2.405727948029951,3.149480293971629
-15.76001523874531,0.9079835601142272,3.0080514120095225,-15.045454845748987,1.4978865345978494,3.679662383147368,-0.8975406528640392,0.001977573090988083,-0.0008194005008369592,-0.44092651796402904,-0.21675581990644827,-0.0005480616553861426,-0.2293431926274761,0.0014594227423003758,0.00430957120443054,-0.009333821799373254,6224,146000000,9.49,0,2,2,-13.970499921754856,3.1502967444713152,4.254633891277535
-15.85578079367589,0.8660865264278437,3.0020138669173706,-15.066197307788018,1.471250879958244,3.6435785999052985,-0.8979031779579905,0.0021382851302002696,-0.0010575994254414128,-0.44018654253974915,-0.20457614374038532,0.002950962253030706,-0.22348062585918668,-0.000842694993252735,0.0028148496994617744,-0.011026791162294103,6224,293000000,9.44,0,2,2,-13.358915106218522,1.7259833854799251,3.9321883216466684
-15.85578079367589,0.8660865264278437,3.0020138669173706,-15.086270069810052,1.446417754296099,3.608447328480404,-0.8983087533497357,0.002261214492034424,-0.001177166260641841,-0.4393573543755237,-0.1936409367914137,0.005945871578938826,-0.217603952324332,-0.0006146337057089113,0.0013071998751001956,-0.011904953316843603,6224,428000000,9.37,0,2,2,-14.152807617516407,3.1847788715252934,3.5022480796762356
-15.951479198684485,0.8227617822048631,3.0,-15.102625081972171,1.4282141813041533,3.5824919403196818,-0.8997288369966066,0.002352071841729804,-0.0008111499799467726,-0.43644224093285805,-0.21822518406445962,0.02641482350982984,-0.21764218458903217,-0.005838465813212679,-0.012416887057042914,-0.10949740681098774,6224,536000000,9.28,0,2,2,-13.08027462799693,2.4265264989255,3.3384294967180628
-16.04691446746932,0.7779866001387802,3.0020138669173706,-15.131021732570794,1.4024672644117837,3.5477748955090758,-0.9045766392756149,0.0020351009963288772,0.0003486762901391201,-0.4263060408504821,-0.24012298204903737,0.039603548515654084,-0.21497959780238607,-0.0003348601353536651,-0.010700298844312783,-0.11572371076908894,6224,671000000,8.93,0,2,2,-14.107932558672049,2.468399110807362,3.6827078401717452
-16.04691446746932,0.7779866001387802,3.0020138669173706,-15.15264180047385,1.3835365217704034,3.5223283411982735,-0.9066830268272493,0.0016585802063052402,0.0005154549992642595,-0.42180904717800927,-0.2322266690979574,0.03671476091604268,-0.20962483851349148,0.007100295624695718,-0.001110414609684085,-0.05758063416578807,6224,771000000,7.73,0,2,2,-12.87846753111901,3.372833156151893,3.3119375405444034
-16.141889952512262,0.7317440661210041,3.008051412009522,-15.177747792611108,1.3616627277686002,3.4933823663751196,-0.9079145342681886,0.0013290321470886125,0.00038069878418617396,-0.4191530594026073,-0.2512338036837315,0.0375810867051014,-0.2047766508170509,0.002592527857814275,-0.0036520364346870338,-0.04132641770411283,6224,905000000,7.23,0,2,2,-14.2908556126439,2.935744618048089,3.641610424677755
-16.141889952512262,0.7317440661210041,3.008051412009522,-15.213504841401294,1.3302507283522291,3.457173875919988,-0.9096190613664167,0.0008507226637763873,0.0003477025112689234,-0.4154423167815141,-0.25768225514749554,0.03570758347188509,-0.19719508313445028,0.005954411744824029,0.002521268061173032,-0.047481599904131144,6225,23000000,6.97,0,2,2,-13.83013728208946,2.251489120201673,3.132282619966589
-16.236208819886585,0.684023125704271,3.0181004764641304,-15.237414597037588,1.308671883108096,3.4337321111974113,-0.9106857676375866,0.0006776563497506366,0.00011346699016578758,-0.41309921390563437,-0.27632654861428263,0.029372332305282283,-0.1940533176190878,0.003357591981512087,0.0018263111428495904,-0.03864721329591703,6225,114000000,6.53,0,2,2,-13.748708888650224,3.582561664476174,4.336246779868888
-16.236208819886585,0.684023125704271,3.0181004764641304,-15.276500297510706,1.2722726457934137,3.3997570809243944,-0.9124905501891203,0.0005680174857416678,-0.0003516573789400298,-0.40909723722946395,-0.31431126220373123,0.033468550643540686,-0.1814122991801164,0.003409716646274319,0.008289686411444563,-0.07015711817075498,6225,222000000,6.23,0,2,2,-14.480206982004876,2.94491898617608,4.1716008240407065
-16.32967452506349,0.6348186116661373,3.032140822802741,-15.308880460945614,1.2431154096670618,3.3750630442818874,-0.914372944804021,0.00050892720404064,-0.001132648456468732,-0.4048710608465335,-0.30191120125519283,0.03141902730841252,-0.1735078704755863,0.005329201258064131,0.01041530586007866,-0.06061874300939962,6225,310000000,5.76,0,2,2,-14.437832094940728,2.838176732029425,4.201498228867774
-16.32967452506349,0.6348186116661373,3.032140822802741,-15.339782606931948,1.2155957817788385,3.3514241620722416,-0.9159142226357182,0.00046978789429703307,-0.0019065737327974362,-0.40136925772852067,-0.2857981805222213,0.028869084189208482,-0.1666545600854722,0.004535464358923491,0.00903048885447788,-0.048283614887623116,6225,451000000,5.24,0,2,2,-14.036687478454004,2.7430175570942676,2.9478332797426052
-16.42209128849096,0.5841312526123713,3.0501441756363525,-15.369177583439777,1.1897387852408141,3.3288086282810467,-0.9169779167833245,0.0007083423798468142,-0.0023226375592398235,-0.3989305750848833,-0.27067301374847347,0.02851639804422156,-0.15893341644507505,-0.00744403587304987,0.003744536661542952,-0.023816052089387085,6225,611000000,4.78,0,2,2,-13.373418562672514,2.0510208809618717,4.17585452347802
-16.513264569718935,0.5319676626161872,3.072074278608294,-15.397437670933689,1.1655387881705705,3.3073891478715667,-0.91728163116432,0.0012145067423078113,-0.002162145584834681,-0.3982314141656421,-0.25704674174462344,0.030613291541013082,-0.1502022119273892,-0.007498391050830833,-0.0014139593758955016,-0.001501226290656632,6225,775000000,4.42,0,2,2,-13.275847223767615,2.184386985555264,3.1421341823477746
-16.513264569718935,0.5319676626161872,3.072074278608294,-15.416974724325584,1.1492143115748952,3.292817175104501,-0.9172460958764752,0.001310661393208484,-0.002015272712700031,-0.3983137211319361,-0.2478070696502325,0.03175982627358036,-0.14439506314940848,0.004261889125700691,-0.0010484118718068203,0.0008787508647856157,6225,881000000,4.22,0,2,2,-14.486897701820357,2.950923485849153,3.743818498270217
-16.603001538847433,0.47834031194557486,3.0978869674096927,-15.439665783121393,1.130536157087002,3.2760357585828523,-0.9173081207509707,0.001080048619549514,-0.0021212997559356015,-0.398170999931747,-0.23788284405073204,0.03214428920058068,-0.13787592486007244,-0.0012477530788146396,-9.726680110233588e-05,-0.009410746679350268,6226,44000000,4.12,0,2,2,-13.482353174634861,3.327720755784683,2.7402739016755477
-16.603001538847433,0.47834031194557486,3.0978869674096927,-15.45443681452547,1.1185277000022231,3.2653267710668583,-0.9176201056314217,0.001204708836787248,-0.0020041374247574554,-0.3974517251827944,-0.23304756173831626,0.0323125681579285,-0.13269544784868653,-0.00493254133289156,-0.0023913004724818165,-0.026663758762879297,6226,164000000,3.96,0,2,2,-14.154420365927214,2.6301261160396514,3.1487024846683687
-16.603001538847433,0.47834031194557486,3.0978869674096927,-15.472572022762254,1.1039425622793344,3.2525171177765846,-0.9183310530190676,0.0013766327504019498,-0.001734977178428498,-0.39580698806028064,-0.22745143509668742,0.03212278831095593,-0.1262151160996118,-0.005331448164724861,-0.004416619185576565,-0.04208369355183095,6226,308000000,3.78,0,2,2,-14.58301040396558,2.9741429510184587,3.3361921825323035
-16.69111154408141,0.42326747898706985,3.127530258720526,-15.486863382022356,1.0925936147683901,3.242722213562598,-0.9188935715410007,0.0014272025432480902,-0.0015165300117324601,-0.3945000220662196,-0.22380985552140847,0.032497797412890085,-0.12106612909519225,-0.002355533251829911,-0.004489580715016928,-0.027838711321237497,6226,482000000,3.48,0,2,2,-14.017262951519559,2.727054040679232,3.2187368419946094
-16.69111154408141,0.42326747898706985,3.127530258720526,-15.508052975305212,1.0760718827360864,3.2287740545330323,-0.9192785388585423,0.0014167354696854391,-0.0012381007768543948,-0.39360313510080003,-0.21874812795481602,0.0337060150054966,-0.11359981325542035,-0.0014178459537106392,-0.0042276632939319825,-0.007848955146982917,6226,607000000,3.26,0,2,2,-13.700450742037102,2.335984940850081,3.0405596964155377
-16.777406574185214,0.36677318353002347,3.1609444548970984,-15.528962060210178,1.0601199553371252,3.215682820587719,-0.9192927902830182,0.0013500254625818506,-0.0010086552208784332,-0.393570737961498,-0.21403114623786781,0.03516216587436108,-0.10642168578633035,0.0019750892988668056,-0.0032398429766544723,0.005022856612413307,6226,794000000,3.03,0,2,2,-13.817117815497278,2.0715479613586347,3.687818016178137
-16.777406574185214,0.36677318353002347,3.1609444548970984,-15.556461371424817,1.0396045800590739,3.199526222088585,-0.9189503109428561,0.001098325853498051,-0.0009336008932794741,-0.3943706988199298,-0.20858950782506774,0.03708242171900876,-0.09728071769519642,0.002608274530757626,-0.0013703571880796517,0.014603912677557673,6226,931000000,2.88,0,2,2,-14.084281427018524,2.112235109229696,3.9281264939594176
-16.861701714642972,0.308887101630705,3.1980622641951597,-15.573440954035233,1.0271494530808498,3.190156452456734,-0.9188026923645465,0.0009043079007057445,-0.0009775616265002207,-0.39471488330711263,-0.20581083973929526,0.03761783926395666,-0.0916088689710496,0.004720221613752074,-8.902654720088776e-05,-0.00210558475828293,6227,68000000,2.82,0,2,2,-13.799985233060724,2.598221909616807,3.026581923648685
-16.861701714642972,0.308887101630705,3.1980622641951597,-15.600342527177895,1.0075754218317194,3.1762799440593135,-0.9192681781775887,0.0005873571504799683,-0.0011654947076696431,-0.3936296650707631,-0.2043444401504401,0.037607203300890936,-0.08404062386006612,0.004646027900889749,0.0011534706004567852,-0.024187892631744035,6227,208000000,2.81,0,2,2,-13.560907963992019,3.1679983282342525,3.542778642237935
-16.943815596347115,0.24964446233012608,3.2388089362865236,-15.613848704969136,0.9977995745377102,3.169755820971365,-0.9197133874706647,0.00053675492343839,-0.0012266549648298761,-0.39258819661190053,-0.20477532833165296,0.03768828627548339,-0.0800141172317553,-0.003231126515856886,-1.3337135307267545e-05,-0.031235306232701987,6227,342000000,2.66,0,2,2,-14.082575976074772,2.2453404251588767,2.602287289508732
-16.943815596347115,0.24964446233012608,3.2388089362865236,-15.637532079104096,0.9808254780398722,3.159310689362609,-0.9206884389573806,0.0007812984113095894,-0.0009739454171192549,-0.39029634814245723,-0.2041770492910558,0.03789649068373489,-0.0709555174927177,-0.005042075099481735,-0.0032665894423189457,-0.03839658711513039,6227,448000000,2.55,0,2,2,-14.43038153849862,2.102237258322951,2.9513441528385744
-17.023570835656578,0.18908592655329434,3.283102412796265,-15.664610491976003,0.9616946240028365,3.1489038666946603,-0.9218237221349745,0.0008586260671739407,-0.0006440595756256985,-0.3876078859592009,-0.20310248261301247,0.037972671561615115,-0.060550076861665324,-0.0002315935091701249,-0.0027437489279691363,-0.03158047220495064,6227,569000000,2.32,0,2,2,-14.69110298997641,2.384611679409046,3.040183190483156
-17.023570835656578,0.18908592655329434,3.283102412796265,-15.68969644648898,0.9439219898279279,3.1412121287415484,-0.9226895706536902,0.0007948934309723555,-0.0006993008885181886,-0.3855422614054251,-0.23570766653640113,0.039963633382210796,-0.05041997509572349,0.0019577169496187707,0.004133111406190437,-0.034935148869408295,6227,641000000,2.1,0,2,2,-13.893070411578586,2.2398615272974727,4.195590447173515
-17.100794464688903,0.12725744857032972,3.330853492557394,-15.706045624825297,0.9319989332803111,3.137472187311052,-0.9232383531276659,0.0007995958066787702,-0.0009474643742780244,-0.3842257230742375,-0.2606990698014622,0.039587097275283,-0.04498521502256792,0.003486715058897971,0.006523246247525094,-0.03330077888676897,6227,740000000,2.03,0,2,2,-13.960825706891052,2.04366927017608,3.3712898973743073
-17.100794464688903,0.12725744857032972,3.330853492557394,-15.742201408168292,0.9038024836648146,3.1311612344647446,-0.9239733362892135,0.0006934573046308118,-0.001573819383629202,-0.38245302461360414,-0.2928983900865926,0.033525189430846335,-0.036241542499844404,0.004661956518248189,0.0060816035329480655,-0.020703932204924058,6227,826000000,2.03,0,2,2,-15.005326364295488,2.1206038489858443,2.6681370948371055
-17.17531835073539,0.06421012045168248,3.3819660112501024,-15.774098675417571,0.8786705427687301,3.126911166822434,-0.9246387360570539,0.0009311010508687889,-0.0016883508390069658,-0.3808405050740943,-0.28368704300580977,0.03374615026669708,-0.02686202594580085,-0.006062918055249611,-0.0004457149969994134,-0.029451977206917945,6227,948000000,2.13,0,2,2,-14.02842784190972,3.612828145366304,3.1785927222983803
-17.246979603717467,1.0099637174326102e-15,3.4363370350639393,-15.80113268805072,0.8574891416957564,3.124422958644675,-0.9252105654811973,0.0013764812376785463,-0.0016022554844309879,-0.3794482146469105,-0.2925745851986434,0.03048739983801612,-0.01644718837589942,-0.00999565409074421,0.009762029912963044,-0.009324227630713722,6228,53000000,2.24,0,2,2,-13.904369153715672,2.5817067018078386,3.5712000330344997
-17.246979603717467,1.0099637174326102e-15,3.4363370350639393,-15.824701949136628,0.8381646823471419,3.123458227520665,-0.9250939977567434,0.0020746774552606747,-0.0022301976037701374,-0.3797259765232701,-0.30788740696137284,0.02681000565115214,-0.007452195559032535,0.0009648047978316754,0.01895053374028066,0.012999803675484145,6228,235000000,2.33,0,2,2,-14.374342720682833,2.2715566859133425,2.8419446713145087
-17.315620970633162,-0.06531207730972893,3.493857067992775,-15.852790897691252,0.8150239391563668,3.1231693062644035,-0.9248236233841964,0.0020158707315379616,-0.00320168311206802,-0.3803773798755252,-0.2971274349999175,0.028077716135364732,-0.0016039156926155862,0.00565118652957608,0.01091990270651877,0.010757422933238558,6228,329000000,2.47,0,2,2,-14.33322429073754,2.6029560351616188,3.3695675283726816
-17.315620970633162,-0.06531207730972893,3.493857067992775,-15.871071143406658,0.8001570157795936,3.1234379357969044,-0.9246734395147558,0.001997463406874016,-0.0035278206035544947,-0.3807395367934336,-0.29006584879258857,0.029385265217519975,0.0031931447505310372,0.0028821746809626347,0.004974435296389856,0.009148673234449234,6228,499000000,2.6,0,2,2,-14.063837298660292,2.8923699790835817,3.2829241399066365
-17.315620970633162,-0.06531207730972893,3.493857067992775,-15.902236737011366,0.7752249214472391,3.1248137325830756,-0.9244684808856979,0.0018757944518068125,-0.00368932087674331,-0.3812360137179237,-0.2780123882950728,0.03121720276229607,0.011264383975013231,0.003641236344265053,-0.0005163166235888639,0.004424706639838405,6228,575000000,2.65,0,2,2,-14.203446496261922,3.2829734064328,4.211380821476226
-17.381091215977307,-0.131660701802711,3.554410272345216,-15.919569685707799,0.7615473685619025,3.126105896299988,-0.9244882086072594,0.001700942944064165,-0.0037280637588475987,-0.38118861535970766,-0.2714750415387734,0.03158940267486149,0.015942003054006414,0.004530506885203067,-0.0009488715420502558,-0.005223118296271423,6228,717000000,2.67,0,2,2,-14.325119586567546,3.0450940524466064,3.32928835914341
-17.381091215977307,-0.131660701802711,3.554410272345216,-15.944925893873066,0.7417437761400388,3.1287131899629927,-0.9247319635783051,0.0014333722171913136,-0.0037593326402379627,-0.3805976988879453,-0.26223710702528946,0.03175893546268136,0.02253960364306291,0.004137146515859058,-0.0014261372371038306,-0.014279057904786896,6228,874000000,2.68,0,2,2,-14.485196086790184,2.522036468724063,3.6109460568256444
-17.443245487155217,-0.19897610786469808,3.617874702026267,-15.96551628576991,0.7258403731856184,3.131468459140348,-0.9250351080194408,0.0012924967161510278,-0.003713533716514998,-0.37986127474518416,-0.2558579242399841,0.03197422987761225,0.0283034544402737,-0.003469808621048287,-0.0031519238746113842,-0.015033390809549019,6228,999000000,2.69,0,2,2,-14.84852092937196,1.7656704529702811,2.892942347889965
-17.443245487155217,-0.19897610786469808,3.617874702026267,-15.993872842981151,0.7042901733995648,3.136429718053035,-0.9253386482330556,0.0014981342257050945,-0.0032074458887042696,-0.37912511651291847,-0.24983923004983444,0.03322900388476058,0.03797112685942602,-0.006122309378042701,-0.007212684795376845,-0.008558268746128306,6229,86000000,2.71,0,2,2,-14.571697549644385,2.5398673506211944,2.864320853697879
-17.50194566394982,-0.2671844063214001,3.6841225481205737,-16.014092273429704,0.6891374144548016,3.140749135708575,-0.9254952005574548,0.0015976617854473992,-0.002852143272684045,-0.37874522637346536,-0.25791213084790104,0.03430228721351131,0.04434991470956283,-0.0011149277213462483,0.0001817050765851036,-0.011406267822167138,6229,258000000,2.71,0,2,2,-14.95056064327988,3.0159399105538354,2.9988452407630763
-17.50194566394982,-0.2671844063214001,3.6841225481205737,-16.04043606960932,0.6691862624599202,3.1467408776220473,-0.925883397209402,0.0018268577056070054,-0.0033381247884185367,-0.3777902252385532,-0.2814990814824073,0.0354263353838701,0.05117336212840451,-0.0016658496406307677,0.010946175916615175,-0.019106494255538564,6229,397000000,2.7,0,2,2,-14.533028569631641,2.0550455047324228,2.225470827831389
-17.557060691143427,-0.3362078302261458,3.753020396282529,-16.067270924109074,0.6489140913219174,3.153602735991556,-0.9262480561893361,0.001974442125866854,-0.0036312857898276856,-0.376891832953807,-0.27514721732540737,0.03518406529794988,0.05830099531828035,0.0032657495239618584,0.0021650807411788264,-0.013431501520244638,6229,514000000,2.79,0,2,2,-14.545252527522324,2.253682692244028,3.2759640545025537
-17.557060691143427,-0.3362078302261458,3.753020396282529,-16.089119324745035,0.6325127233928551,3.1599781370855333,-0.9264591556291057,0.0018034811635189805,-0.0037149332394427782,-0.37637266064065217,-0.2683991771617194,0.03472202131274152,0.06409603025023203,0.00391540761484066,-0.0009582390816831321,-0.009630274962546537,6229,609000000,2.81,0,2,2,-14.33540204688753,2.017553272595408,3.838076193328741
-17.60846689344039,-0.4059649933050725,3.8244294954150524,-16.114667906469055,0.6134443683495725,3.1683423041105114,-0.9266535375181641,0.0015080960640149975,-0.00371583024046034,-0.37589511789455016,-0.2600649624764749,0.03404076390655786,0.07044764686492881,0.007774310279273777,-0.0015989807252481114,-0.010087265218317043,6229,737000000,2.78,0,2,2,-13.958660216577327,2.6209273937986874,3.412057942963128
-17.60846689344039,-0.4059649933050725,3.8244294954150524,-16.143406552821197,0.592030765105836,3.1790068922426107,-0.9270520479714486,0.0009319269763757335,-0.003940721448533648,-0.37491079282746526,-0.2496962927146918,0.03220044576601164,0.0771277600407855,0.008629308013041737,0.0008561293043385376,-0.0186961711733602,6229,818000000,2.73,0,2,2,-15.117553639427744,1.9537501647647095,3.4236072534945285
-17.656048271882852,-0.4763711602713219,3.8982060370957967,-16.167196114782712,0.5743033260841376,3.1889025922412686,-0.9275339554037805,0.000770266819293665,-0.0040145842721698525,-0.37371653880336436,-0.24371339189784727,0.030946020228506305,0.08390947913684994,-0.004723617257695878,-0.002064030286419438,-0.024046502039709594,6229,945000000,2.72,0,2,2,-13.944750767138327,2.8785674764675595,3.3414111532990236
-17.656048271882852,-0.4763711602713219,3.8982060370957967,-16.190878053222722,0.5565515286411737,3.199613982418742,-0.9280969429033498,0.0009991017592244382,-0.0036519135620338324,-0.37231939231856603,-0.25600370242941534,0.02800031662519219,0.0880802745711916,-0.007381354544122587,-0.0052359644087118795,-0.02310010440851329,6230,22000000,2.78,0,2,2,-14.497253934081657,2.6425211270187203,3.24960372884513
-17.699696781001236,-0.5473385281843403,3.9742014451881866,-16.220927517700908,0.5327575444646212,3.2122417329108686,-0.9285734966536423,0.0012176393431134597,-0.003113702567649139,-0.3711335117221002,-0.27758306815168005,0.024101801532654933,0.09091146872438553,-0.0029801849223076715,-0.0065531282871234,-0.013155952456145314,6230,145000000,2.84,0,2,2,-14.785590511252238,1.9747108279974837,3.5020393254478153
-17.699696781001236,-0.5473385281843403,3.9742014451881866,-16.2552981864146,0.5054318650805036,3.2279215599842335,-0.9288030111518235,0.0011834994190600052,-0.002532013170461166,-0.3705632938024692,-0.2699105549914424,0.024277449556144234,0.10104540327075603,-0.00198968743916339,-0.00708387042323011,-0.003656087301351363,6230,256000000,2.89,0,2,2,-14.67042355851591,1.546817482749467,3.566831886956626
-17.739312585991428,-0.6187765179971543,4.0522626750540045,-16.28870254950345,0.47912156080908613,3.2451713654242598,-0.9288478258182209,0.0010164755085887455,-0.0020428292166178204,-0.3704544642720559,-0.2610589445807975,0.02432853093328982,0.11132670998701633,0.00044134756080893567,-0.00569611661376257,-0.00026242743160764803,6230,394000000,2.85,0,2,2,-15.77737634599911,1.703879666131561,2.3855648195559307
-17.739312585991428,-0.6187765179971543,4.0522626750540045,-16.321613395681723,0.45340444461995955,3.263800160156079,-0.9288525640402767,0.0007994349429173509,-0.0017406094924745413,-0.3704446591033137,-0.2610012792719195,0.025601679066750947,0.11838528737073142,0.0012748627909786592,-0.0035308724818605697,-0.0002820907837985942,6230,487000000,2.76,0,2,2,-14.359598981165435,1.1992665198629382,2.407801744035262
-17.774804299263565,-0.6905920754040414,4.132232521764882,-16.342321311058488,0.4368859148052318,3.2763070588499796,-0.9285067674495211,0.0015374958478131277,-0.0019826436163309616,-0.3713069997067782,-0.2687311022108708,0.01873189612933901,0.13038208438444665,-0.020193914679111913,0.02586201317171799,0.04171937434875872,6230,603000000,2.69,0,2,2,-14.985542253752852,2.0140110289157205,3.556465700566948
-17.774804299263565,-0.6905920754040414,4.132232521764882,-16.371303632571763,0.41184791972899654,3.2961093476577155,-0.9269331721509315,0.0034373846054783614,-0.0039684529677753225,-0.37518972551807434,-0.27445444213586834,0.01286173534716006,0.14445103339439197,-0.002192281624502357,0.029522019394789822,0.049376493916497566,6230,718000000,2.6,0,2,2,-15.079536887467256,1.7623905897513503,2.9206164766710803
-17.80608919576169,-0.7626899800729106,4.2139499366921545,-16.391612485364867,0.3940378699488863,3.3110925425599507,-0.9263612614677807,0.0037071951146486954,-0.004867650629021396,-0.3765864786918902,-0.2682461497055077,0.01334222292202043,0.14874573702712698,0.00898445259736036,0.011818854181910865,0.01358941635771771,6230,828000000,2.3,0,2,2,-14.245347881482411,1.6627025380108167,3.713957816541385
-17.80608919576169,-0.7626899800729106,4.2139499366921545,-16.411319391487492,0.37670932380419914,3.3264949455403943,-0.9264208218520809,0.0033494945476352073,-0.005359192802231282,-0.37643660924211253,-0.26067218520146007,0.012554920703159547,0.1525833449666934,0.010279185062245233,0.0028796493552363245,-0.014647837542725028,6230,943000000,2.19,0,2,2,-15.091643236224785,2.6462476922244624,4.65247286075236
-17.833093406509576,-0.8349731623213645,4.297250351837313,-16.438371955927973,0.352724719361564,3.3487931223075615,-0.9271172342156875,0.002741218778985471,-0.005627759335626364,-0.3747191589240136,-0.25733652125598777,0.01056270118576479,0.15883460048773093,0.006298496418821742,-0.0023987013946680236,-0.027135432355862577,6231,91000000,2.18,0,2,2,-14.836079369487825,1.6311200174759315,3.104020923959687
-17.833093406509576,-0.8349731623213645,4.297250351837313,-16.460928619480338,0.33270381965322565,3.3685202632369426,-0.9276193437960671,0.0023283656522433893,-0.005496496673698497,-0.37347920993417966,-0.24948962466776492,0.009949089727080205,0.16325069573180392,0.004858831835008459,-0.006165791501189233,-0.018139953135687392,6231,215000000,2.33,0,2,2,-15.355902757571974,1.3835462791694098,3.8468912044611616
-17.85575208989549,-0.9073430262727874,4.381966011250107,-16.486500263366608,0.31011449047475786,3.392179532471436,-0.92793275762403,0.0021499900470390173,-0.00494378083520864,-0.37270864479122834,-0.2429604571487937,0.010298335213040874,0.16941621401650436,-0.007849885241739685,-0.011051896399294492,-0.004085940622644557,6231,334000000,2.44,0,2,2,-15.184071104218816,3.0324924706124925,2.8472194994715503
-17.85575208989549,-0.9073430262727874,4.381966011250107,-16.508722685357853,0.29065174389419646,3.4129280631797694,-0.927913522031414,0.0022919766060029694,-0.004026066963690531,-0.37276672767200936,-0.2613897411642242,0.011339170143198322,0.16782724626080187,-0.007678106067032786,-0.015318776240746956,0.003013556829500885,6231,473000000,2.52,0,2,2,-14.785213308441861,1.9207494041027342,3.054091902615649
-17.874009580267376,-0.9796997785089396,4.467926308866648,-16.53788877699987,0.2650527767292709,3.4362972253175683,-0.9278381425109453,0.0022787774424484564,-0.002789691184827696,-0.37296569024281523,-0.28142564678115056,0.012003849544269063,0.16601555728982922,-0.004714193801191868,-0.016049386249505915,0.001184794587061333,6231,615000000,2.54,0,2,2,-15.468410688066948,1.6879484418621487,2.8804271883528454
-17.874009580267376,-0.9796997785089396,4.467926308866648,-16.571138663701912,0.2358879045105286,3.4637910721764347,-0.9278850386220809,0.0021334934444650366,-0.0015769389397969488,-0.37285696529715256,-0.27250336856335206,0.011558161358613577,0.17410096606986408,-0.003448561346885981,-0.013602454691863386,-0.003517405889397196,6231,782000000,2.56,0,2,2,-16.043525635045864,1.3128833267500575,3.362985131459347
-17.887819513469868,-1.051942761218574,4.554958132087373,-16.591514315902533,0.21789897679222758,3.4816929508877505,-0.9279619704827801,0.0019145510170444793,-0.0010736805245778714,-0.3726684358008473,-0.2743063721167084,0.009201115944942469,0.18198124890233697,0.0033753175785022904,-0.007852213639125694,-0.004112771603104193,6231,943000000,2.61,0,2,2,-15.00885599659201,2.4014335219113354,3.2244810375333666
-17.887819513469868,-1.051942761218574,4.554958132087373,-16.632893401549158,0.17973658078679583,3.519596967801677,-0.9276019043098662,0.0021135669252695327,-0.001043262850013136,-0.37356278128072123,-0.2922674541074438,-0.0009469951633631908,0.19036314660264228,-0.007798647447998519,0.012044128743582405,0.0419133371906355,6232,59000000,2.65,0,2,2,-15.686867036098997,1.5012224269179955,3.2317897783011142
-17.897144929015358,-1.1239707888274537,4.642886210402725,-16.66165014161392,0.15194953848780857,3.546849743082653,-0.9264921096424998,0.002108210045818019,-0.0015082283502994324,-0.3763052636727742,-0.2814877398320938,-3.707732714024745e-05,0.19618666922373948,0.003969259068981046,0.0023554062863695435,0.042449803368072025,6232,193000000,2.67,0,2,2,-15.41779218602384,2.0021620771247046,4.09178174089711
-17.90195834864297,-1.1956824870840976,4.731533468364684,-16.68563486510478,0.12849576784038563,3.5708330490085727,-0.9254369227292524,0.0022636747173682492,-0.0018429915327215496,-0.378890460698598,-0.28504736800490194,-0.002152295455397998,0.2002443396565357,-0.005987921031191945,0.017814764396462124,0.05531694077944849,6232,282000000,2.61,0,2,2,-14.784146911252677,1.569151803330252,3.965579570651907
-17.90195834864297,-1.1956824870840976,4.731533468364684,-16.70191631644969,0.11205403544383047,3.587081129253946,-0.9244916546681504,0.002876659502024453,-0.0027102413584816384,-0.3811817937294927,-0.2937035556858861,-0.004619169772089612,0.20215992033009159,-0.0033165810805257934,0.029591973179776687,0.06486956190201454,6232,382000000,2.58,0,2,2,-15.676433070142727,2.00081001753703,4.305762802885326
-17.902241831081568,-1.2669766335672648,4.820721382193131,-16.725918538935193,0.08749732371898196,3.6119040567227825,-0.9232670112605491,0.0030553529716976337,-0.003812477707122959,-0.38412778570413775,-0.2830412669351403,-0.0033062492786039587,0.20637635768835222,0.004949946833221475,0.010476922761881724,0.04516735607467126,6232,512000000,2.64,0,2,2,-15.266745202769886,1.7988374669170895,2.947121282394007
-17.902241831081568,-1.2669766335672648,4.820721382193131,-16.745204707321065,0.06770114194105042,3.6330943575222325,-0.9225190333994597,0.0031645302241457996,-0.0039193241002899466,-0.38591871898468955,-0.2745944788813367,-0.00235225521774642,0.21149707259477685,-0.0024362466092497925,-0.0022530969545186963,0.03435239486861974,6232,649000000,2.78,0,2,2,-15.184474643814184,1.8257324427981176,4.5191428805036775
-17.902241831081568,-1.2669766335672648,4.820721382193131,-16.76756614193246,0.044725372874397505,3.659150600193804,-0.9218257103296792,0.0031700239187896946,-0.003463268162502635,-0.38757620734143483,-0.26480299765089016,-0.0015978872835203505,0.21747105109975368,-0.004238079236529302,-0.009930487249221187,0.02766990746749798,6232,790000000,2.9,0,2,2,-15.270401605340643,1.4191211319622101,4.180562714654147
-17.897987002895686,-1.3377524985761562,4.9102703392989655,-16.79619119115397,0.015230119868779705,3.6950194885767056,-0.9209876708166737,0.003138664438496939,-0.0024074342773764894,-0.3895716407150561,-0.2534389524723993,-0.0011157996687534589,0.225972785101093,-0.004570418923321995,-0.013553046028391691,0.026889415676123463,6232,911000000,2.99,0,2,2,-15.46099321383015,1.1260773101264538,3.4219572058414247
-17.897987002895686,-1.3377524985761562,4.9102703392989655,-16.82699147976015,-0.016609141505380173,3.736684063412492,-0.9200430559079393,0.0029993768981018357,-0.001112042870662004,-0.3918042143398373,-0.2422638915223017,-0.0005193525858719662,0.23345712304888394,-0.0038031866552046267,-0.013588650381279876,0.027027078795072157,6233,48000000,3.08,0,2,2,-15.283916155112005,0.614662221249095,3.4114358723228158
-17.88919506535624,-1.4079101853620766,4.999999999999998,-16.85164243209533,-0.04196567747250453,3.7701498584667195,-0.9195965314950014,0.0028320363549672756,-0.0005533299834949235,-0.3928535257043981,-0.2683848123400237,0.0019189145152758934,0.24269237626241416,0.00017161750491823113,-0.003244264394197671,0.005237998357188189,6233,219000000,3.16,0,2,2,-14.513165014260357,1.3484516182911432,4.530403782511764
-17.875876777341105,-1.4773509686611925,5.089729660701025,-16.875372412650503,-0.06578974504043304,3.7998144802391756,-0.9199732227035704,0.0024122536504297314,-0.0010186560170417833,-0.39197246444189354,-0.2889202699565451,0.0084954798551682,0.24827129340625045,0.021994981761963572,0.016470899754494894,-0.05035774993302766,6233,312000000,3.23,0,2,2,-15.552377300211779,3.0235532194048096,3.116033888662818
-17.875876777341105,-1.4773509686611925,5.089729660701025,-16.892372294884133,-0.08196603319801943,3.8198705438873355,-0.921139753358078,0.0020129395859984417,-0.0022408153254645886,-0.38922035096371743,-0.2969271904475905,0.013153668931828488,0.25016456923576574,0.015746615281386767,0.026655122746888082,-0.08714475989108905,6233,513000000,3.29,0,2,2,-14.398817909096374,1.6622976427112022,3.7752986117456757
-17.85805241433367,-1.5459776304919082,5.179278617806865,-16.91752531347974,-0.1058777511349917,3.850318874385166,-0.9229540366085798,0.0020607870995953187,-0.0032126689002218147,-0.384891255061733,-0.2855119278825994,0.006716457108972241,0.25332330336702513,-0.0008691492141110757,0.006942694153622142,-0.07067384285619482,6233,642000000,3.37,0,2,2,-15.035327325293558,1.2668744477759852,3.8942507215016904
-17.85805241433367,-1.5459776304919082,5.179278617806865,-16.937460354798006,-0.1252797694624378,3.8760692779882824,-0.9241175986369365,0.002310025366594341,-0.0030990708946504403,-0.38208863295300644,-0.2756304586093664,0.0015625940547737186,0.2569932689627325,-0.0065550600538699655,-0.004977875187250902,-0.0534596973011503,6233,761000000,3.49,0,2,2,-14.488560753109322,1.3720905629163347,3.7150474216110982
-17.85805241433367,-1.5459776304919082,5.179278617806865,-16.96018221532257,-0.14792722283058884,3.907382619920757,-0.9251525463869974,0.0024094575340300513,-0.0024717486002205913,-0.3795798346684178,-0.26367460428827627,-0.0035812875372716315,0.26087832405834865,-0.002514488710403384,-0.011301554513920564,-0.03875867841998115,6233,855000000,3.54,0,2,2,-16.385224614866193,2.338440452242362,3.546847629662171
-17.83575170365043,-1.6136947921872915,5.268466531635306,-16.97810595705228,-0.16628129214457613,3.9338221228741768,-0.9257623333200408,0.0021790198969674182,-0.0019399979194515108,-0.3780946845516274,-0.2535113254966443,-0.007669104356778747,0.2644228122336314,0.0006945102938971104,-0.011753099897759967,-0.0273905641734018,6233,959000000,3.55,0,2,2,-15.498143532415153,1.57323487561204,5.101834727097527
-17.83575170365043,-1.6136947921872915,5.268466531635306,-16.995137603830685,-0.1841977460783827,3.9605448484251213,-0.9261987487884795,0.0019188859406622603,-0.0014188583936464785,-0.3770280924019594,-0.24410849089523579,-0.011238428913631578,0.2673237752573996,0.0008751449058763683,-0.011439409354352392,-0.02002877645281842,6234,76000000,3.55,0,2,2,-14.94993422437491,1.1339707088443745,3.6068765735744415
-17.809013736091135,-1.6804092416428786,5.357113789597272,-17.02070835866671,-0.21201961541740105,4.003763560219845,-0.9264943415486933,0.0014810243541411967,-0.0006855895384291035,-0.376305157567765,-0.2302412706012514,-0.01564146311329475,0.2712979936753333,0.003268253135502164,-0.009296733605879126,0.010825088975252584,6234,191000000,3.54,0,2,2,-16.19464097826385,0.9210541367656899,4.104232734493392
-17.809013736091135,-1.6804092416428786,5.357113789597272,-17.04440513330771,-0.2388275192864647,4.047570084183133,-0.9255281842916661,0.0010170330046719044,-0.00019439995950983145,-0.37867731373069474,-0.21780838033081454,-0.01776093946008333,0.27502171249516694,0.002858208949874097,-0.0066828448780142935,0.04664683328883257,6234,351000000,3.49,0,2,2,-14.831759809286687,1.840852868270777,4.302734836826274
-17.77788685426699,-1.746030254773022,5.445041867912624,-17.067967981130312,-0.26688924696903843,4.091335534931179,-0.9238117499517737,0.0015809948265022933,-9.344971807704369e-05,-0.38284375713017726,-0.24371200163155277,-0.02568272277321117,0.27033697650921745,-0.010156572989217239,0.009326303461421048,0.06275005071074702,6234,534000000,3.36,0,2,2,-15.69142257397627,0.541045418367037,4.328897923323059
-17.77788685426699,-1.746030254773022,5.445041867912624,-17.09238621087825,-0.29769931967298185,4.134723645327579,-0.9223983257964425,0.0018256082741668303,-0.0004994107129670676,-0.38623535093423106,-0.24016611980720287,-0.02933284572059226,0.27209295611770135,0.0025813623096837546,0.0012443535410966433,0.02763114116532961,6234,659000000,3.33,0,2,2,-15.807905770483604,1.57494814567946,4.426193305637699
-17.742428517923543,-1.8104699101848654,5.532073691133348,-17.098244825396122,-0.3053063210647194,4.145650941997542,-0.9222220114386667,0.0017715063961077336,-0.000528580616968152,-0.3866563642119959,-0.23905352376017935,-0.02982335189420876,0.272621561663305,0.004533056971922633,9.04152590130991e-05,0.018877017464546952,6234,773000000,3.42,0,2,2,-15.736714012363048,2.2417330196362943,3.88331208745663
-17.742428517923543,-1.8104699101848654,5.532073691133348,-17.13125577793618,-0.34610333043283326,4.1994961611764285,-0.9230932850777935,0.0010732515617636023,-0.0011134895510349436,-0.3845730038840376,-0.269624003380428,-0.025836832577285446,0.26749287534429633,-0.0023255888322637475,-8.323112865582516e-05,-0.03122844354948029,6234,866000000,3.43,0,2,2,-15.891688349320821,0.9272097131176792,3.7390242845663995
-17.702705146635417,-1.8736433960974619,5.618033988749897,-17.144605598475078,-0.36260186554293594,4.221097729279667,-0.923368367816058,0.0012072231670654842,-0.0009165545315499772,-0.3839121772706932,-0.260872817712707,-0.02840015967339728,0.2706034644409181,-0.005419465196609963,-0.005307455830916297,-0.00892055968506611,6235,0,3.47,0,2,2,-15.38506245422183,2.293327309667349,3.9092166454992667
-17.65879194030898,-1.9354693085554475,5.702749648162684,-17.16048388420809,-0.3827139532774485,4.248428624230779,-0.9233442203704628,0.0012982210211761203,-0.0004835779285964783,-0.38397074300398104,-0.25066176750326663,-0.030769336183344088,0.27434072279037014,-0.004636858147932799,-0.008494160829286557,0.008198961677408079,6235,97000000,3.46,0,2,2,-15.096772327542212,0.321694098709129,4.468360662888736
-17.65879194030898,-1.9354693085554475,5.702749648162684,-17.179126467830987,-0.40685408970531556,4.281869649552706,-0.9229925595324802,0.001462550193603984,-7.757201395580768e-05,-0.38481500747397424,-0.2533805059820827,-0.033446736387920346,0.2813192971860271,-1.1577976977150684e-05,-0.003146826247757417,0.019181611423846334,6235,210000000,3.43,0,2,2,-15.726455356631075,1.2522254787313825,5.109381758736124
-17.61077267798752,-1.99586994001061,5.786050063307849,-17.194084810759843,-0.42683800442283054,4.310225456450383,-0.9226006960856902,0.0012582551608335013,5.202035626486717e-05,-0.38575428665153255,-0.24286400160281799,-0.03598955728368578,0.2847992828507072,0.0022376989250005863,-0.00452283134109166,0.02210437087342143,6235,307000000,3.41,0,2,2,-15.770031147840342,1.1937750547887027,5.239251868309309
-17.61077267798752,-1.99586994001061,5.786050063307849,-17.210757107681175,-0.45011734999156794,4.344743716564334,-0.9219529164446144,0.0010976631358617641,0.0003414595002348388,-0.38730026904240533,-0.2301710874974149,-0.03898346592965439,0.2895183812599857,0.0001610558825859698,-0.005976338843538542,0.031827942802920006,6235,411000000,3.4,0,2,2,-15.495014748455645,0.19621775759359072,5.210340156417187
-17.61077267798752,-1.99586994001061,5.786050063307849,-17.226119778102362,-0.4726789575414054,4.379765855991557,-0.9211574837532068,0.0010279632031526408,0.0007243777709405587,-0.3891880120121356,-0.2191052102790511,-0.04162151204708499,0.2939150802843377,-0.00680949501656869,-0.006962683846722939,0.03386534626770299,6235,566000000,3.4,0,2,2,-15.006476514309227,1.4761558634644931,4.548905665641295
-17.558739495509858,-2.054771557371984,5.867767478235115,-17.24039740051166,-0.4947208487761673,4.415346930255172,-0.9204681681445107,0.0012665768877786134,0.0013713833784557523,-0.39081308386913693,-0.21119314080464213,-0.04451243831295444,0.2987538135036546,-0.007759204254398355,-0.01034495371641242,0.021468435443239287,6235,723000000,3.43,0,2,2,-15.52164019423569,0.5437376830980933,4.062032440451308
-17.558739495509858,-2.054771557371984,5.867767478235115,-17.253877240237056,-0.5164827893434257,4.4514408351907555,-0.9201498008214104,0.0013846363879637242,0.002198443268161803,-0.39155790590612316,-0.20461276519090363,-0.047392341139456715,0.30278591059863674,-0.007090917142704711,-0.011762795656977687,0.012073205562046496,6235,890000000,3.45,0,2,2,-15.600822441949948,0.6698711347061528,4.514084894276201
-17.502792642628673,-2.1121046686545992,5.947737324945999,-17.26447931974271,-0.5343267440446906,4.481817167301282,-0.9198777411409802,0.0014493510487192604,0.002800156048333378,-0.39219255457110624,-0.19798990812600087,-0.049708444557687914,0.30551510018099914,-0.003113460797976586,-0.009210302596329711,0.01411698603988043,6236,43000000,3.47,0,2,2,-14.374329614223333,1.0142938369076622,5.045815353286702
-17.502792642628673,-2.1121046686545992,5.947737324945999,-17.27632930108867,-0.5553557499045502,4.518627914835404,-0.9195670809749501,0.0013671796547583825,0.0032369350822496505,-0.3929173407451931,-0.1897879978296531,-0.05286073157882738,0.3087906201365422,-0.0009443566909794754,-0.0057418757933191955,0.012527112721727462,6236,93000000,3.51,0,2,2,-15.7551775261111,1.494607792994129,4.198151598539479
-17.443040220248328,-2.1678042773892896,6.025798554811811,-17.28371701259746,-0.5691511270965046,4.54334797335296,-0.9193766360918825,0.0013127818516089707,0.003423899591274846,-0.39336135362256064,-0.18469051424778712,-0.05481733344267997,0.31041914519792835,-0.0005423332254395064,-0.004125455052417237,0.011352736873959657,6236,288000000,3.57,0,2,2,-15.888270159679443,1.5388639051444337,4.736051733943501
-17.443040220248328,-2.1678042773892896,6.025798554811811,-17.300445097936826,-0.6029810344015466,4.605779379725944,-0.9191119077767821,0.001234727769641769,0.003671624128542982,-0.3939775318549491,-0.17302413798631863,-0.06031082870812574,0.3147149505211483,5.4310006092350704e-05,-0.0014441924008679052,0.003529121840983862,6236,371000000,3.62,0,2,2,-16.227485552321305,0.14570707054298626,5.767340157455987
-17.379597898493536,-2.221810123990574,6.101793962904207,-17.309321013604222,-0.6228548365397988,4.643634993559322,-0.918836369113288,0.0011264940811259775,0.003648462284523562,-0.3946202561054776,-0.1659700090030459,-0.0635813033924857,0.317334345365212,0.00223107867896033,0.0004951907726535865,0.017751417362887878,6236,479000000,3.77,0,2,2,-15.966507514634264,0.5872195053928844,4.968215745860045
-17.379597898493536,-2.221810123990574,6.101793962904207,-17.319345736561385,-0.6462889444114084,4.687686070830336,-0.9183185491337014,0.00085663321154499,0.0036398020761109293,-0.3958245322581222,-0.18628251714069383,-0.06387655709756898,0.3061078547036391,0.005767468064732384,-0.008247316145570949,0.010264880438626278,6236,585000000,3.89,0,2,2,-15.60669841350612,0.36514015222549245,4.973786381366301
-17.31258861637016,-2.2740669133166804,6.175570504584945,-17.329162657862653,-0.6656757326966523,4.717294372583369,-0.918232265660967,0.0006772416734128321,0.004173429853012981,-0.39601973451597694,-0.2207033531808813,-0.06282211004662473,0.29354725285700234,-0.011032484871975612,-0.008517628430126933,0.004059151478941203,6236,691000000,4.07,0,2,2,-15.892286239296135,1.9222359546553194,4.710387530466936
-17.31258861637016,-2.2740669133166804,6.175570504584945,-17.34354755112513,-0.6917016759788828,4.752031301704806,-0.9180998178457092,0.0012532785158936516,0.004718312953326714,-0.3963191785512172,-0.2457861092833833,-0.06377075434737708,0.2900887120774526,-0.013472584942064714,-0.0037432781255120062,0.004794571714228368,6236,808000000,4.14,0,2,2,-15.413461439342198,0.7951824191843107,5.360021372573901
-17.242142263826878,-2.32452452769512,6.2469796037174685,-17.355700349641875,-0.7138256221095736,4.781054911020916,-0.9180647631656683,0.0016885481127928788,0.005203299514558322,-0.3963926905393157,-0.2380546974965923,-0.0666486464940888,0.293245776188678,-0.0062757440900895745,-0.006008537093293853,-0.00041449005010463225,6236,926000000,4.28,0,2,2,-14.821924666785826,0.9053069371378042,4.2758999145687415
-17.242142263826878,-2.32452452769512,6.2469796037174685,-17.381033068117983,-0.7647464035648286,4.852157924526554,-0.9181984307918153,0.0016719642801694126,0.005827106627427039,-0.39607435041320993,-0.21145353124429117,-0.0748527479898845,0.301727436640728,-0.0016184967421395413,-0.003581306737032719,-0.0010022170897627802,6237,47000000,4.36,0,2,2,-16.678630473218973,0.48519285776219245,5.476976610629525
-17.168395347072096,-2.3731382247284643,6.315877451879424,-17.389940625885558,-0.7850153785102318,4.882389827677805,-0.9181601531122183,0.0016802747531154058,0.005997802606254988,-0.39616049308026446,-0.20108956526286334,-0.0780413810825559,0.3052900659475498,-0.0012662733183788077,-0.002626726018206682,0.0038763612110415124,6237,177000000,4.49,0,2,2,-16.916289896378938,0.35254283371371054,4.9478520299838085
-17.091490638043396,-2.4198688192387743,6.382125297973731,-17.402980435491198,-0.8173121827052685,4.93103188225038,-0.917642101336454,0.0019067499137857846,0.006289590107604628,-0.3973534688609899,-0.21309983867767107,-0.08665180343432018,0.2995631967818146,-0.009983216659747995,-0.0025340875936308294,0.04608566014212556,6237,265000000,4.56,0,2,2,-16.266385109552168,0.40753420154235254,4.720378938361769
-17.091490638043396,-2.4198688192387743,6.382125297973731,-17.41583770183928,-0.8496866684180054,4.972065491416849,-0.9152892573823568,0.0032003741054756744,0.006657167632828429,-0.40272945639119445,-0.2397117875399485,-0.09818697128716433,0.2925611322528235,-0.024045413920248393,0.010151771311939228,0.115030837332597,6237,373000000,4.76,0,2,2,-16.23586699968981,1.0112510438153657,4.394350024254101
-17.01157680896766,-2.4646828487541175,6.445589727654782,-17.427339128894157,-0.8799487907478278,5.0069899385527705,-0.9122035772557868,0.004483281934061974,0.006126750642005524,-0.4096669339248849,-0.2552651207208268,-0.10213752155828462,0.29314875333147583,-0.005705434568881174,0.027703286104951985,0.12016641339869238,6237,480000000,5.37,0,2,2,-16.501768725582306,1.3490381059512273,5.865030392144126
-17.01157680896766,-2.4646828487541175,6.445589727654782,-17.439220044165822,-0.911326384971415,5.042404644434023,-0.9095111733046678,0.0054033390704759324,0.004350936192884616,-0.41562158138756644,-0.2591737651179589,-0.10136865279832315,0.2967342078602508,0.004734839149023173,0.029722154249611776,0.09988776728278026,6237,677000000,6.18,0,2,2,-16.31351334857338,0.8476732605689924,5.413956403691475
-16.928808052987947,-2.5075527219881533,6.506142932007219,-17.457645786758988,-0.9658653577234494,5.1085398258603325,-0.9056623397241093,0.004943486517831713,0.0027351781571282163,-0.42396203503020025,-0.2262680753543398,-0.1002247450110985,0.30246281573434197,0.012624083592527313,0.001902566009448492,0.06863668822916225,6237,786000000,6.94,0,2,2,-16.96939030321485,-0.2705886626151024,4.946594543753765
-16.928808052987947,-2.5075527219881533,6.506142932007219,-17.467377171070577,-1.0021301294269316,5.157338595087983,-0.9035722162978506,0.004024916610529005,0.002432002867233744,-0.4284100084532596,-0.20227382284205353,-0.1009138071496013,0.3055881712041232,0.011280136732239043,-0.0027404082857174217,0.05660275746777188,6237,931000000,7.92,0,2,2,-15.222955371185906,-0.1306909243209064,5.163856950898778
-16.84334369186872,-2.5484568498122657,6.563662964936059,-17.472900379703603,-1.0277351060483835,5.194244302774514,-0.9021400461081888,0.003440474260883739,0.002279843811408099,-0.43142357684411564,-0.18837610793413193,-0.10197713045147509,0.3080099105002613,0.00888884724190575,2.392054732069937e-05,0.05585227445408236,6238,28000000,8.41,0,2,2,-16.676082163474835,0.3851912505062163,5.915626986359662
-16.75534777182382,-2.5873797582702727,6.618033988749891,-17.47718873281386,-1.0523193861598596,5.231416943150836,-0.9006950443706885,0.003103126097183756,0.0020768670993125222,-0.43443583447680756,-0.17652472631077804,-0.10293265312599693,0.30997731329619227,0.0009309310371463653,-0.0004324607019157156,0.05439645683509298,6238,160000000,8.75,0,2,2,-15.594702232500126,0.7665337622308724,5.808185606532499
-16.75534777182382,-2.5873797582702727,6.618033988749891,-17.480656071073817,-1.0764441882433649,5.268525404153956,-0.8993159432745242,0.003091432657032436,0.0022532611442045575,-0.4372827460929548,-0.18359660652525228,-0.10707780455024674,0.30378187462740547,-0.0030439243573709973,-0.0037872910070291255,0.052204018356860615,6238,252000000,9.1,0,2,2,-15.128197322478975,1.0405538832993846,4.529759590510345
-16.664988648541065,-2.6243121832372855,6.669146507442605,-17.485633119326433,-1.1076379996896133,5.310086314574827,-0.8977151252991538,0.0031570572070377563,0.002718899622771786,-0.440556686912998,-0.1987391995650795,-0.11311625911227208,0.29430462243863564,-0.005491554702530266,-0.007266781949510914,0.051328385234228335,6238,484000000,9.45,0,2,2,-15.424354017145053,-0.2265051317932445,5.833511399333797
-16.664988648541065,-2.6243121832372855,6.669146507442605,-17.48868692046481,-1.1298450505158935,5.339658611794792,-0.896603573505595,0.003196573948753611,0.003219940366400513,-0.442810846610631,-0.1894622628966725,-0.11401279801746371,0.29615556140790483,-0.004738911366075627,-0.009141770624410128,0.04932072515657637,6238,582000000,9.85,0,2,2,-16.219984089732627,0.22909374494575346,6.158392893596119
-16.664988648541065,-2.6243121832372855,6.669146507442605,-17.491371527148413,-1.1555465628926844,5.375393866387088,-0.895346754501624,0.0030685919452678287,0.003786950766583395,-0.4453430497389326,-0.17698378191991332,-0.11530332225174797,0.29850129147201643,0.0055524490562675055,-0.00826638479338726,0.041794530625338666,6238,757000000,10.12,0,2,2,-15.89343033308636,0.869127317162929,5.989601976876231
-16.572438562504846,-2.659251146377299,6.7168975872037295,-17.49274707345346,-1.1801495187669275,5.4113765686297555,-0.8944765240831876,0.0024294306656851786,0.0038906912091882656,-0.4470913869139214,-0.16293783717664817,-0.11788656642149961,0.3004304154456221,0.010101407497131731,-0.004527573310042499,0.025987842127506156,6238,901000000,10.41,0,2,2,-15.324436620661482,0.752147389037172,5.20422776577973
-16.572438562504846,-2.659251146377299,6.7168975872037295,-17.492384793245655,-1.215063759766414,5.465616222918605,-0.8937228686275349,0.001515630969137898,0.003677482019502315,-0.448601842484994,-0.14385832733244364,-0.12149137781987736,0.30180383923653165,0.009864232742984314,-0.000743531370517303,0.013767165637545986,6239,17000000,10.6,0,2,2,-16.819680294945407,0.1295583748226593,5.7572194920799555
-16.47787320574139,-2.692200012108084,6.761191063713476,-17.490043350984347,-1.2444330829755645,5.5140149744636435,-0.8930712831559344,0.0014310268357505935,0.0037537319903810915,-0.44989726033901617,-0.13136662143746208,-0.12430882038561948,0.3031303970214961,-0.0012916799960294156,-0.0016334016095242987,0.021724523503507953,6239,128000000,10.75,0,2,2,-16.081721961835044,-0.012950190105504189,4.624787431071995
-16.47787320574139,-2.692200012108084,6.761191063713476,-17.487859649762303,-1.2712383729217451,5.5559077507783865,-0.8916217610609531,0.0021077574285864264,0.00392572213564132,-0.4527590764047699,-0.16047281417188003,-0.1320710101087087,0.29396066757441797,-0.013284981469041668,0.006223491527634906,0.071348332130583,6239,348000000,10.89,0,2,2,-16.456584044547206,0.12652211772036276,6.283617631500072
-16.38147128113288,-2.7231685253367455,6.801937735804836,-17.487328101131016,-1.2930571522146983,5.584953418338842,-0.8897338910651316,0.0027035565402855045,0.0038545206486437886,-0.45645529522912015,-0.17487691852558596,-0.13556062490865775,0.28879647745876613,-0.0029475955443558632,0.005505513763637282,0.08313818470924161,6239,513000000,11.2,0,2,2,-14.626481812741222,-0.03502434259993896,5.644428575716997
-16.283414055463837,-2.7521728297852173,6.839055545102901,-17.48631845754899,-1.319220882998147,5.619580555637939,-0.8876447931101539,0.002794143257608196,0.00374012056228353,-0.4605050765475529,-0.17522184563727827,-0.1357824796803094,0.28470575610872695,-0.0005087704863626641,0.0025963847519960837,0.07448421165463515,6239,623000000,11.61,0,2,2,-16.825435479774054,-0.3431323940037444,5.480294893833359
-16.283414055463837,-2.7521728297852173,6.839055545102901,-17.486057887075162,-1.3468787023052673,5.652899642836307,-0.8855432483961339,0.00294454987505662,0.0036037653757589314,-0.4645336346500358,-0.18858430594569764,-0.1359909861245142,0.2743597145169244,-0.0024423228296654997,0.0014480930531135527,0.06993280039750971,6239,751000000,12.16,0,2,2,-15.617212719216193,0.47650422488864397,5.9340762472244
-16.183884907378264,-2.7792354667809693,6.872469741279472,-17.485348598388992,-1.374253975064571,5.685896007611561,-0.8838534881341256,0.0030893370575220637,0.003682457484334739,-0.46773914419958484,-0.1829085342583342,-0.1370052950365825,0.2746557985638178,-0.004037887174490606,0.006805783414165489,0.05532482246053405,6239,865000000,12.45,0,2,2,-15.831583826579976,0.7531973910528296,5.641058246663492
-16.183884907378264,-2.7792354667809693,6.872469741279472,-17.484518736957682,-1.3972798149983388,5.713452179423589,-0.882623595599455,0.003621337401226204,0.0030218776889907916,-0.47005674408708215,-0.18510499053440396,-0.13939959753076814,0.27498620889031467,0.0010872489269786456,0.01952329621417448,0.04528907884377986,6240,5000000,12.75,0,2,2,-15.443797817293422,0.8257542378212962,5.69288720613886
-16.08306887143714,-2.804385354445228,6.902113032590306,-17.48172762745062,-1.4329579653285267,5.757698735074877,-0.8817615067435791,0.003671048971185172,0.0021732198863552233,-0.47167620857964576,-0.1662548903714818,-0.14253557994334526,0.27601618371781145,0.003880559506796999,0.002749069312812935,0.014393090259545716,6240,99000000,12.98,0,2,2,-16.321543576862553,-0.4704333851009817,6.044982100494066
-16.08306887143714,-2.804385354445228,6.902113032590306,-17.47813223200718,-1.4582042108920241,5.791001104630776,-0.8813853355700763,0.003438521400436928,0.00211242592378579,-0.4723807833404308,-0.15191328309643554,-0.14493485887507743,0.2766028075533856,0.003921828783859382,-0.0031895934625936206,0.012706881352642085,6240,223000000,13.08,0,2,2,-16.858478195639112,-0.33078287205720397,6.730636922060462
-15.981152179474375,-2.8276577472677515,6.927925721391707,-17.47246575514361,-1.4909609730699815,5.835159404154228,-0.8811546529549538,0.002765486650073423,0.002011021020647992,-0.47281580499585407,-0.16270339433362135,-0.14234193677043322,0.2706372531706028,0.013301579201652203,0.0004962628338489594,-0.008247423738794168,6240,346000000,13.22,0,2,2,-16.148016247188608,-0.48261236585364214,6.387926830898654
-15.981152179474375,-2.8276577472677515,6.927925721391707,-17.47020295807332,-1.5232880559755044,5.871762825857778,-0.8809983206611207,0.001980236856142144,0.0018723043663585763,-0.4731115430114108,-0.20374661425732796,-0.14589144806382834,0.24875546683276045,0.008707348661118886,-0.011809190255007707,0.03506969842419494,6240,515000000,13.12,0,2,2,-14.973091468250026,-0.6212839247262287,5.720101978308165
-15.878321800454078,-2.849094176114604,6.949855824363647,-17.4706006585254,-1.5608184979684154,5.904983371158714,-0.8796092240743537,0.0013434224737034041,0.002820857021290226,-0.47568671508150817,-0.24063828562543335,-0.14287204099352555,0.22985843039848625,-0.0054434673984360415,-0.016624340969428886,0.02594004363345448,6240,701000000,13.3,0,2,2,-15.835522684299763,-0.33628940928581963,6.432686651332653
-15.878321800454078,-2.849094176114604,6.949855824363647,-17.473018300571667,-1.595068862110443,5.931980674624116,-0.8791474449514722,0.0013218151797755485,0.003923332100152449,-0.47653187753303605,-0.24574943756168027,-0.14031707156935103,0.22475198810203567,-0.012762018559442367,-0.016049911209847778,0.017842764282249846,6240,826000000,13.43,0,2,2,-15.089624025159978,0.14813952252164297,6.313648392086289
-15.774764980033865,-2.8687423687722617,6.967859177197259,-17.47438448189083,-1.62806397811523,5.959028589532214,-0.8785928352668055,0.0013084024365973767,0.004931687739828095,-0.47754433967636606,-0.22499787939921473,-0.14374557381482628,0.2271936194244922,0.002498806225048611,-0.012523706664069323,0.011618022017501062,6240,934000000,13.5,0,2,2,-16.23923776168144,-0.6077789333977939,6.356001182553815
-15.774764980033865,-2.8687423687722617,6.967859177197259,-17.473068184354275,-1.6689899058671778,5.995553548467266,-0.8786869888368326,0.0005986919861331059,0.005335784991295716,-0.4773681457903244,-0.19380933734028824,-0.15085868894960405,0.23044596904367048,0.00721793030606932,-0.005621501532004913,-0.01199957332573831,6241,52000000,13.6,0,2,2,-15.86030892926007,-0.15824851667693887,5.417047066876508
-15.670668781037511,-2.8866561511884625,6.981899523535869,-17.470309726428543,-1.7033102831331683,6.0274309492509275,-0.8793810572690498,7.265853256705097e-05,0.005278299595275415,-0.4760893722721481,-0.20142964320468196,-0.1500592200934842,0.22462843035897037,0.0065188111420866335,-0.0007927246485905926,-0.02913883417932084,6241,179000000,13.57,0,2,2,-16.257649478080264,-1.018250276450684,5.749955968019213
-15.670668781037511,-2.8866561511884625,6.981899523535869,-17.468822048520043,-1.7390205465557462,6.058277175189374,-0.8803839981982567,-0.00015032650777023265,0.005163765348841675,-0.4742334115663033,-0.19836873990103593,-0.15184087500831087,0.22134786518431165,0.0008138659836731676,-0.0005609897357317095,-0.023799595146556385,6241,286000000,13.46,0,2,2,-15.120650079251421,-0.279729887435488,5.632901922424436
-15.566219626035252,-2.9028953296266673,6.991948587990478,-17.467225386686682,-1.7586798954332825,6.075952974966079,-0.8808139806178806,-0.0002460213396819292,0.0050577016907040065,-0.4734354134147466,-0.18971050684629492,-0.15249681250429115,0.22294946778335972,0.011251672094658716,0.007387188816210255,-0.03075077784160385,6241,391000000,13.3,0,2,2,-15.912482241277075,-0.12385316249751,5.632664441666778
-15.566219626035252,-2.9028953296266673,6.991948587990478,-17.46485764564873,-1.7924970385124743,6.107378804932683,-0.8826689290392602,-0.0003516064468720411,0.003157341306622719,-0.4699845415303203,-0.18722979821572855,-0.14739911606278205,0.2270558999355241,0.011864819589391118,0.02866571903723525,-0.0645540923869703,6241,549000000,13.27,0,2,2,-16.64029314387,-0.8539881490321382,7.045161009638415
-15.461602843222426,-2.9175255540069984,6.997986133082629,-17.461690116126086,-1.8201323808727203,6.13455552835223,-0.8840113095964836,-0.0002527451927000126,0.0018882577355295253,-0.467461629557017,-0.16419295316707141,-0.15494955563874727,0.22689176013358475,0.0069146825808275025,0.012520918517111568,-0.03753960809262935,6241,683000000,13.0,0,2,2,-16.03340644215467,-0.6476892402560015,6.565706697228498
-15.461602843222426,-2.9175255540069984,6.997986133082629,-17.455789109664455,-1.850857384309323,6.165887434905678,-0.8848387050784955,-0.0005180652059568417,0.001371188329190029,-0.46589517860353447,-0.16453178716586078,-0.16113369839747715,0.21574113133703085,0.006630427878917544,-0.005397068753154599,-0.007464530290235416,6241,832000000,12.81,0,2,2,-15.272610930991771,-1.0755384917091408,6.615177797514764
-15.357002216775566,-2.9306181627619963,7.0,-17.452577377214308,-1.8746616089105037,6.186544584092077,-0.8846457906311235,-0.0007344104227553379,0.0018364081461093743,-0.4662594914477197,-0.18560116879158495,-0.15992700251089448,0.202474025256082,-0.010216153987130383,-0.009668107941251947,0.020540245168376714,6241,981000000,12.71,0,2,2,-15.873399917401468,-0.3766983613564523,5.789604846312803
-15.357002216775566,-2.9306181627619963,7.0,-17.449726254526215,-1.9096135481049141,6.214078036926071,-0.8835941889751585,-0.00021396068101513948,0.002732078270546984,-0.46824544757902575,-0.1915440697316606,-0.15789444705539418,0.19550894294816304,-0.014842875680187717,-0.008455086208414286,0.032417757392977364,6242,97000000,12.79,0,2,2,-16.363151294095168,-0.26775280507366217,6.152691995949133
-15.25259954285125,-2.9422500095898476,6.997986133082629,-17.44749895686169,-1.929003470871933,6.229696765161874,-0.8830966543119378,4.0121430672840656e-05,0.003286462272223986,-0.46917959961944833,-0.17753167446683157,-0.16103080873636597,0.19604076301323042,-0.006577894555448438,-0.009239251721737674,0.01824982355174143,6242,240000000,13.1,0,2,2,-14.868862157589803,-0.19265385662140438,6.7039409588744245
-15.25259954285125,-2.9422500095898476,6.997986133082629,-17.442370359394843,-1.956523471962234,6.253223565734557,-0.8830125070837435,-1.7689305736908866e-06,0.0038337923972234155,-0.4693337984488307,-0.15488805883550633,-0.16719063646977014,0.19694515603445412,-0.0024101009557853104,-0.007429351126120309,-0.007480563681383501,6242,361000000,13.22,0,2,2,-15.715723585737658,-0.8807758660400201,6.8055800875816175
-15.148574192374907,-2.9525032725414264,6.991948587990478,-17.43662998955537,-1.978259869793237,6.272908602049237,-0.8833023665510171,-0.00012867609279322394,0.004094562838585798,-0.4687858223570723,-0.1388545501184972,-0.17231647238265466,0.1973651205207218,0.0041864878994601895,-0.0045284566112968605,-0.00912341674847994,6242,521000000,13.21,0,2,2,-15.708379688870565,-0.224196816150951,6.04959995056838
-15.148574192374907,-2.9525032725414264,6.991948587990478,-17.427893566401814,-2.002769014793422,6.29652851797042,-0.8832265509677744,-0.0005203993085533837,0.004082358015947149,-0.46892848410302257,-0.1170444407065776,-0.1778737113376101,0.1970584184491866,0.006483292554548825,-0.0016605670339231438,0.010807099806697806,6242,641000000,13.12,0,2,2,-15.819386179828566,-0.230217572391549,6.423097192198054
-15.045102681746993,-2.961465245929668,6.981899523535869,-17.41722671038827,-2.0255772857392595,6.320088026447001,-0.8828318345202154,-0.000775269699724616,0.0040073430224337285,-0.46967147253847974,-0.09771589414078621,-0.18278843681404314,0.19628913725324798,-0.0006775181191187585,-0.0009118736102209368,0.008925682504923316,6242,799000000,13.15,0,2,2,-15.576546391279301,-1.119865250618313,6.659997798384244
-15.045102681746993,-2.961465245929668,6.981899523535869,-17.40484367641335,-2.0469235843178013,6.343540413351165,-0.8828316055795271,-0.0007404321120527838,0.00410251095165625,-0.46967113745050715,-0.08065790005196105,-0.18759750533271974,0.19505895495841713,-0.0013510128496818652,-0.001261419424736232,-0.007063698694764753,6242,862000000,13.3,0,2,2,-16.14942870045673,0.008162965448530013,6.649644407059576
-14.942358252569695,-2.969228115601023,6.96785917719726,-17.39334904873834,-2.0637069567854813,6.362961386845335,-0.8831069302992427,-0.0007677382134734212,0.00415167454777067,-0.46915277238223085,-0.06716300175567372,-0.19144785899482514,0.19354825732874606,0.0037200121596470126,-0.0007758042329442105,-0.012806091581296641,6243,21000000,13.38,0,2,2,-16.23446071659261,-0.16446355296175602,6.316378413881716
-14.942358252569695,-2.969228115601023,6.96785917719726,-17.378151361224123,-2.08269568210866,6.38602910422681,-0.8834363997026213,-0.0010259263813576236,0.0040153827757375225,-0.4685327649766817,-0.05151171042817021,-0.19602406364969108,0.19112851637491984,0.005401237785918056,0.0005194788343487744,-0.011332427493471187,6243,114000000,13.4,0,2,2,-15.807820991931504,-0.9434067082290807,5.363674423531361
-14.840510461471446,-2.975888718158154,6.949855824363648,-17.35866121953891,-2.103393884740992,6.4125354298390835,-0.8837734912419324,-0.0012853392515048876,0.003801452176894399,-0.46789775917651183,-0.03518149791595442,-0.20067601904625082,0.18763668382390167,0.0034471497201593593,0.0010302872851752909,-0.006860944722575368,6243,267000000,13.42,0,2,2,-16.383818799575447,-0.9954817035505772,7.114038159145587
-14.840510461471446,-2.975888718158154,6.949855824363648,-17.33745426506005,-2.1226858489587306,6.438498536731664,-0.883883936923402,-0.0014421009662404893,0.003638883415960319,-0.46768992390372893,-0.02079442609735186,-0.20474831354336986,0.18348100484249502,0.0028373691293381853,0.0009712437531561591,-0.0014460296256402216,6243,364000000,13.45,0,2,2,-15.464822850692517,-1.089147085682626,6.489081492900233
-14.739724781076784,-2.9815482847712667,6.927925721391708,-17.321843061682344,-2.136355522965985,6.4563922709075525,-0.8838421316286562,-0.0018087062008859903,0.003444373701319654,-0.46776912171475954,-0.03649801410197212,-0.20700777695527503,0.17183340985117798,0.015488190729229245,-0.001965352430488565,0.006965709326323122,6243,497000000,13.53,0,2,2,-16.866326481726293,0.03184566999447169,6.639567772759104
-14.739724781076784,-2.9815482847712667,6.927925721391708,-17.30779793694956,-2.1527182484815315,6.472537169406755,-0.883549400941495,-0.0025689391540417547,0.0032768953601241004,-0.4683194621242499,-0.06651333362488332,-0.2089216244420772,0.15526312845803586,0.01380344638164388,-0.004884771806246135,0.012916048581246287,6243,586000000,13.62,0,2,2,-15.706867964961582,-0.6476504751507548,6.328467833806762
-14.640162213137074,-2.986312170261556,6.902113032590307,-17.290829619945974,-2.1729090635831767,6.490770800153473,-0.8836974284148489,-0.0032452785803079157,0.00299352610230511,-0.46803777836985944,-0.0518436742903865,-0.212921120290471,0.15101056049668515,0.007010935223661363,0.0010199394637311343,-0.01879815881693503,6243,714000000,13.75,0,2,2,-14.57289310976296,-1.0424542385762519,7.621675738366182
-14.640162213137074,-2.986312170261556,6.902113032590307,-17.275641932737575,-2.188800742883855,6.505594192145748,-0.8844174587245768,-0.003302101796829719,0.0029030908588258335,-0.4666759334809867,-0.03869680374994453,-0.21580789756172583,0.14785089266928855,0.0008237292661306128,0.0011966773286076204,-0.03898742106684949,6243,797000000,13.78,0,2,2,-15.545150661545359,-1.232187018622934,5.91990379134852
-14.541978914802943,-2.9902895681847994,6.872469741279476,-17.252879270866774,-2.2096242701564575,6.525841864907151,-0.8859540203445965,-0.0033139691875256495,0.0027871082892213864,-0.4637528689623972,-0.020712711483212465,-0.2196289951500953,0.1435313193556229,0.0028865931199106853,0.0019639056517917197,-0.04953016177751124,6243,923000000,13.67,0,2,2,-15.942030170124488,-0.8472459318098169,6.413291157495412
-14.541978914802943,-2.9902895681847994,6.872469741279476,-17.228350541582184,-2.228842992012343,6.5454720825194,-0.8874862364004509,-0.0034181805524202405,0.002525315408834259,-0.46081462544450547,-0.0031040538277335586,-0.22338878503433318,0.13892786710778568,0.0031803914907868602,0.0032452186360387714,-0.045922372009954415,6244,38000000,13.36,0,2,2,-15.885896937953447,-1.378178213325894,7.103897592165909
-14.445325838981478,-2.993593212685567,6.839055545102902,-17.206545292896383,-2.2447230700323573,6.561832153625908,-0.888562832583777,-0.0034940459506237415,0.0021189878999342705,-0.45873673722939323,-0.01114151703719134,-0.22408627967161499,0.13645347892623286,0.00635395244898973,0.009897437576000812,-0.02499410475138575,6244,156000000,13.05,0,2,2,-15.603199738496375,-0.40437144876052106,7.0835441531360726
-14.445325838981478,-2.993593212685567,6.839055545102902,-17.18668418139495,-2.263059137993116,6.5778177761044345,-0.8889995881120074,-0.0034818244343269144,0.0013048902161152485,-0.4578928985000896,-0.04484988694533691,-0.21981258362688436,0.12870528716484794,0.005727907955588307,0.009234266599378316,-0.024714344908716157,6244,267000000,12.86,0,2,2,-15.092859907060493,-0.8274602832640073,6.63235439423901
-14.350348389681816,-2.9963390679327606,6.801937735804841,-17.164372381902336,-2.291333208695939,6.596423916676119,-0.8906520419141304,-0.0032061323666024407,0.0012614553820836918,-0.4546724861697229,-0.058886053326683764,-0.21600454029055002,0.11213096593605562,-0.01161828795375186,-0.002082080345644499,-0.05517638965102378,6244,392000000,12.83,0,2,2,-15.767052500507877,-1.3894826545352044,6.787973176050424
-14.350348389681816,-2.9963390679327606,6.801937735804841,-17.14375086814278,-2.314891565055938,6.611474624431702,-0.8925530199697167,-0.002581484434133472,0.0018998517082502834,-0.4509310734963177,-0.03870621701629459,-0.21935973207352996,0.10574641085239496,-0.011742599963326938,-0.0050250274398422334,-0.06315481587080285,6244,522000000,12.5,0,2,2,-15.486143378193074,-0.8244694169220453,6.507802401436963
-14.257186093209897,-2.998646005985418,6.7611910637134764,-17.122545044379077,-2.337663144476352,6.625545063436814,-0.8947114196892784,-0.00235760792264304,0.0022749365424086904,-0.44663266990470707,-0.05261321780153766,-0.21473946516591802,0.09587917463282956,0.0014451230981649132,0.00030795101437774974,-0.07580403980682604,6244,657000000,12.06,0,2,2,-15.948967281118536,-0.0007257166641956303,6.55709221257549
-14.257186093209897,-2.998646005985418,6.7611910637134764,-17.10138209854371,-2.3660422984862817,6.639810788225273,-0.8974336766386882,-0.0022372492887864012,0.002162287366477807,-0.4411384309530634,-0.05238707084998816,-0.21410290966452142,0.08644597161016003,-0.0022349324808601523,0.0016131492316162621,-0.07137079810490832,6244,780000000,11.56,0,2,2,-16.33116793477252,-1.2040308515579343,5.681362207898061
-14.165972286029167,-3.000635473973351,6.716897587203735,-17.086925020897976,-2.382702855258926,6.648145573600864,-0.8989115360207128,-0.0021245750199388714,0.002148704838857185,-0.4381197549271004,-0.03361920149249121,-0.21802955468936308,0.08193938258019189,-0.0013572028933594993,0.001156194741724903,-0.06394592564902268,6244,855000000,10.95,0,2,2,-15.006217070251894,-1.0543220371828244,6.207915066231968
-14.165972286029167,-3.000635473973351,6.716897587203735,-17.06782915376967,-2.401249803378025,6.657652253003466,-0.9004422831517762,-0.00187494022386389,0.002104962460612731,-0.4349663762230507,-0.017338175387604463,-0.22275912692756633,0.08159938586230084,-0.01282475341213285,0.01069648033080739,-0.04142479629081208,6244,979000000,10.65,0,2,2,-15.459887223904056,-0.5023032915012261,6.014904022701697
-14.076833820056732,-3.0024311515106303,6.669146507442607,-17.051403579372415,-2.4168187940435994,6.666542282214202,-0.9007019291300373,-0.0008032615777397197,0.0012283925643669388,-0.43443512828036224,-0.01610148639472231,-0.22736595184536618,0.09124496255502959,0.004610469682120311,0.02813124483509455,-0.0036710558788399794,6245,98000000,10.35,0,2,2,-14.699362236410064,-0.9999848011389343,7.005235624999142
-14.076833820056732,-3.0024311515106303,6.669146507442607,-17.033840873084973,-2.431600865032031,6.675384320475716,-0.9009258086913224,-0.0007658989522270347,-5.830306470992389e-05,-0.4339724613767951,0.0020082308862669996,-0.23096165944443023,0.08647331638109518,0.011796652961493237,0.020178865815978497,-0.015306216209864942,6245,235000000,10.38,0,2,2,-15.544788007862696,-1.0715643906369063,6.001333814884212
-13.989890786116403,-3.0041585992905784,6.6180339887498985,-17.01092292466465,-2.447705252647025,6.685221126641107,-0.9015589056392133,-0.000979699110497113,-0.0011883127200627982,-0.4326536348687668,0.024439767544114383,-0.2341890658412697,0.07890673149774655,0.006004833221595618,0.011564187298063189,-0.031652883626520634,6245,375000000,10.41,0,2,2,-15.581621208863334,-1.0716537660136938,6.006411826064447
-13.989890786116403,-3.0041585992905784,6.6180339887498985,-16.9904429058209,-2.4598318330704716,6.692644125463138,-0.9023809244429788,-0.0009602986913505888,-0.0016283543313532858,-0.4309351383793505,0.04129200345107514,-0.23616837489535736,0.07179979547369203,0.0021675818743460695,0.005805018372484483,-0.042933847362292,6245,489000000,10.37,0,2,2,-15.863868352983424,-0.664557231473742,5.638566911481963
-13.905256256218784,-3.005944899839202,6.563662964936061,-16.95996213146406,-2.475043130788972,6.701828014159709,-0.9038816150045244,-0.0009614141845746695,-0.0018779208086844449,-0.4277774832234797,0.06293329302842285,-0.23817284684319792,0.061712033133408215,0.00159439576918885,0.0018631038756211638,-0.057135807583108544,6245,610000000,10.25,0,2,2,-14.563013884538723,-1.9903572533685576,6.555977946346241
-13.905256256218784,-3.005944899839202,6.563662964936061,-16.941661460824776,-2.48289842885636,6.706414682477839,-0.9049415658230636,-0.0009889585326052594,-0.0019472547261480697,-0.42553024875530754,0.0745292492505309,-0.23918004045190985,0.0557267956005259,0.000978170498910913,0.001104771342852473,-0.06583689610124566,6245,773000000,9.98,0,2,2,-15.570993118262374,-0.4522287993212786,7.940301680787925
-13.823036045287,-3.0079182914293168,6.50614293200722,-16.908281102392817,-2.4953542500410175,6.713311393673395,-0.9070673987205763,-0.0010211757015903308,-0.0020188519758446485,-0.4209793529559055,0.09329812700918937,-0.24031924850285757,0.04556738422078458,0.0023610263497175765,0.0010036189678430674,-0.07433601567754522,6245,920000000,9.78,0,2,2,-15.577315473067296,-0.313537729826608,7.595548252038462
-13.823036045287,-3.0079182914293168,6.50614293200722,-16.89345876047549,-2.5002209327855276,6.715815872013561,-0.9080006464900146,-0.001083594527335794,-0.002086808412823258,-0.4189621665822154,0.10121913227159658,-0.24084386276120623,0.04100877828356355,0.0028210702339492855,0.0015382349829451414,-0.07400760659947991,6246,43000000,9.36,0,2,2,-15.074927677311265,-1.193246183857187,6.958101861324327
-13.743328492892093,-3.010207796180322,6.445589727654784,-16.857781101974737,-2.5105497448573817,6.720615103823686,-0.910172276296772,-0.0011340640223770303,-0.0022534672420964743,-0.4142222389550497,0.11774984398359231,-0.24101814895702703,0.03074012884314827,-0.008070721878539189,0.0013310776751040976,-0.07512029696954414,6246,213000000,9.18,0,2,2,-14.913623010624704,-0.7510067729948403,6.4144302253016425
-13.743328492892093,-3.010207796180322,6.445589727654784,-16.82113388163111,-2.519743395682114,6.723808070195861,-0.9123932011113081,0.00013732648674504727,-0.0013786983015781338,-0.4093125051819078,0.12844492882528785,-0.23852085693691305,0.017769141134593623,-0.02399019431322813,-0.007281739499376272,-0.07873293434386142,6246,296000000,8.75,0,2,2,-16.28833765877029,-1.2904237667800322,6.63791853756532
-13.743328492892093,-3.010207796180322,6.445589727654784,-16.783879712577527,-2.5280202924212736,6.725327034459888,-0.9147838700748029,0.0010781076127575392,-0.0003327778286553214,-0.40394207257211756,0.13944698978337047,-0.23646105625294506,0.005095023820248069,-0.013557144848164171,-0.007523921840402181,-0.0913235402549617,6246,431000000,8.3,0,2,2,-15.141695575798643,-0.9478643477506998,7.456353926032069
-13.666224265507282,-3.0129428433883514,6.382125297973728,-16.74118566400775,-2.5382999590980533,6.725224497384052,-0.9166641922140717,0.0020113988640144496,0.00040533341038549535,-0.3996530353843936,0.11749599424819426,-0.24648276614086645,-0.005651534210413036,-0.01509872599854134,0.0010421652859804453,-0.0010409634894514852,6246,525000000,7.79,0,2,2,-15.931279257374138,-1.221396480569316,6.89749799014863
-13.591806179733467,-3.016252889148348,6.315877451879427,-16.70502411731956,-2.5507865719029175,6.723919031042473,-0.9166100585967125,0.002868072556142233,0.0006595773036004446,-0.39977160929326166,0.11273541606615882,-0.24970623346151571,-0.015126855467481538,-0.010960086729028262,3.009690217048444e-05,-0.024261990074592177,6246,631000000,7.4,0,2,2,-14.280973850877992,-1.0215573472656971,7.118081666799063
-13.591806179733467,-3.016252889148348,6.315877451879427,-16.674081153279147,-2.561632107507764,6.721574988520665,-0.9172725225942973,0.003626037673114926,0.0011040127347894974,-0.39824207751086366,0.09641603419635059,-0.25268065606616574,-0.028068847045134303,-0.02005700698646251,-0.004072235697094584,-0.004587294029079203,6246,742000000,7.42,0,2,2,-15.34410087375055,-0.9364841714600494,6.897466476950648
-13.520149046890582,-3.0202670333435666,6.246979603717466,-16.64498944395957,-2.5754951051094275,6.7174599071886485,-0.9169456472863198,0.004480401041706423,0.0018426961228980793,-0.3989827194255109,0.07904394349139106,-0.25606743405933674,-0.04226135082556755,-0.012470106958062388,-0.005633704085994395,0.003197291914602829,6246,852000000,7.29,0,2,2,-15.127508575619714,-0.8644974674208059,6.669649517702892
-13.520149046890582,-3.0202670333435666,6.246979603717466,-16.610593240533536,-2.5909063803828096,6.7110414450550335,-0.9175716205269094,0.005052854334554052,0.002464659418110019,-0.39753077279708504,0.09527916019112662,-0.25229841038816164,-0.053595500125206405,-0.01013250412142952,-0.00447660340796574,-0.04143965488765389,6246,985000000,7.41,0,2,2,-15.41764835035926,-2.0714021035154584,6.829089952033249
-13.451319539310912,-3.0251136350888155,6.175570504584948,-16.58013060522848,-2.6025011754005107,6.70438617645663,-0.9188844788930821,0.005480170507827098,0.002887749338764871,-0.39447806413582814,0.11126043420118485,-0.2486160531194037,-0.06280990022084107,-0.008479484768031398,-0.003484777084850066,-0.06654823155258782,6247,67000000,7.34,0,2,2,-14.896570569052052,-1.2748926178884814,7.473925321810841
-13.451319539310912,-3.0251136350888155,6.175570504584948,-16.54436691817335,-2.614886285064947,6.695140493049236,-0.9210977404561396,0.005774663319549755,0.003267565568880454,-0.38927487564109864,0.10256938053449693,-0.23879540398924295,-0.07616608677443096,-0.002466102455400687,-0.005255648648017086,-0.09614747250452638,6247,203000000,7.09,0,2,2,-15.762043682481178,-1.6298664014759323,6.680503374785888
-13.385376078610724,-3.030919927721646,6.101793962904203,-16.5162949295942,-2.626530118031419,6.685626858772696,-0.9235688265175805,0.005902454753355692,0.003631825901059529,-0.3833700478042699,0.09784605673382961,-0.23149866480914721,-0.08705466441806024,-0.006700175572404987,-0.004504398066274007,-0.11285344808129594,6247,264000000,6.61,0,2,2,-15.36740343255035,-0.6120963246565972,7.253835579015816
-13.385376078610724,-3.030919927721646,6.101793962904203,-16.465641597212652,-2.6486835508406785,6.665381556116785,-0.9270392004338227,0.006703132901926711,0.0041458660177890305,-0.3748815821873356,0.08365296004807324,-0.23379332885699702,-0.10343507686302285,-0.005901760505366838,3.991398145331004e-06,-0.0492850744194584,6247,406000000,6.06,0,2,2,-15.858856181915977,-1.2542248638025533,5.999944223894379
-13.322368746156728,-3.0378116344403696,6.025798554811814,-16.43806630177066,-2.661294969992156,6.652943904937788,-0.9283039463838778,0.0069951473378241785,0.00417849788342391,-0.37173295683498225,0.10004436280569469,-0.2328553781335195,-0.11101513916529424,-0.004524110227066558,0.0013281363067108032,-0.061594712315127254,6247,543000000,5.27,0,2,2,-14.859835973503792,-0.9655019656003861,7.426817971289326
-13.262339215882946,-3.045912585689532,5.9477373249459955,-16.404683705668734,-2.6752191907317138,6.6377343588061715,-0.9294878035854357,0.007748604724078442,0.004056980484457349,-0.36874913290759226,0.09865349045321851,-0.23965718423573726,-0.10907745347646366,-0.01772046962287277,0.015143505970627302,0.004936015949397188,6247,690000000,5.01,0,2,2,-14.73453672222183,-1.2708163293124368,7.235618520271059
-13.262339215882946,-3.045912585689532,5.9477373249459955,-16.390534093864158,-2.6821361691927557,6.631670843338395,-0.9290955281587436,0.008465296299513656,0.0036883786495690227,-0.3697245382401925,0.08779927756261366,-0.24677874530984045,-0.10308891972857429,-0.017329188449366484,0.023922793843667023,0.0540331588126719,6247,855000000,4.7,0,2,2,-14.943286580241105,-0.8870911562175118,7.05105400295605
-13.205320709553007,-3.0553443393919357,5.867767478235118,-16.341581326882764,-2.704184095144637,6.610976011126991,-0.9285177494773548,0.009103298521190614,0.0021548799327590434,-0.37117014340328847,0.11580848518835452,-0.24466794370308814,-0.11409439828064794,-0.007197038166850689,0.008047660912779975,-0.024034375019255094,6247,988000000,4.76,0,2,2,-15.665405897962742,-1.3330853430587128,6.468947393802444
-13.205320709553007,-3.0553443393919357,5.867767478235118,-16.289261090432348,-2.721602032148529,6.587468720947796,-0.9305592757020946,0.00993151209003044,0.0023565011793604883,-0.3659989704556426,0.1412234226916861,-0.2376391512167988,-0.12855881549054904,-0.010401446434116224,-0.0036174900060359505,-0.06533071318699513,6248,108000000,4.73,0,2,2,-15.720143430776886,-0.6654227397104615,6.013329284804188
-13.151337974501477,-3.0662258051218463,5.786050063307852,-16.253185005089488,-2.7354325258738172,6.569423687716582,-0.9304806009216534,0.01082999840857804,0.0028776765624567383,-0.36616974399935176,0.10544497468645402,-0.2513014927980629,-0.13819693462483557,-0.015212185917334864,-0.0010698330243030796,0.04843406059080735,6248,224000000,4.07,0,2,2,-15.606344476370928,-1.8005255299538758,6.651967852428558
-13.151337974501477,-3.0662258051218463,5.786050063307852,-16.203351531978694,-2.7592401667514217,6.541597377450073,-0.9291721556066141,0.011539214874290271,0.003350129342137141,-0.3694519297538366,0.10610062835294047,-0.25279196651752445,-0.15124492133405518,-0.001357070280505468,-0.0028980858814975363,0.002505893856152852,6248,355000000,3.86,0,2,2,-15.518656445057543,-1.5432007978779245,7.817054231322528
-13.100407283827145,-3.0786728733062683,5.702749648162687,-16.168858758560056,-2.7767646898457974,6.5200896658003344,-0.9282777530594348,0.0112995454178518,0.00361193710861625,-0.37169838223834123,0.08181588498757579,-0.2598763281120572,-0.16659126990208734,0.0012830761875193275,-0.005080232949694619,0.0562586123123765,6248,491000000,3.79,0,2,2,-14.601627320594824,-1.3782250195242332,5.72337466903069
-13.052536458950115,-3.0927980505305666,5.6180339887499,-16.145223865398563,-2.7910312018978582,6.503243520892593,-0.9269853199121467,0.010581042675676135,0.00394626808263022,-0.3749275732344722,0.0628250058532679,-0.2649014534365221,-0.18408908923644945,0.02502694187569432,-0.022039219038560987,0.08097083700704388,6248,623000000,3.75,0,2,2,-13.563445637685072,-1.6017791050720844,6.42567416299143
-13.052536458950115,-3.0927980505305666,5.6180339887499,-16.11804342308226,-2.8101010717930834,6.480134945453017,-0.9249813429601221,0.008736383973438925,0.0054519898711123255,-0.3798729611030544,0.04650733901815661,-0.2682719871760677,-0.2070998873259582,-0.007932016069389647,-0.03582660028769169,0.07600136523251422,6248,747000000,3.88,0,2,2,-14.545911125204416,-0.4885482747396822,6.961926983421972
-13.007724914384157,-3.108710102010856,5.532073691133352,-16.09043216975831,-2.8281113394480246,6.45560666725697,-0.924298117058354,0.008935923152684046,0.0072302192656437765,-0.3814981834939206,0.06624724432852393,-0.26114839947513613,-0.21265781082245,-0.0033074468547056313,-0.015867295678617666,-0.005547533692151774,6248,969000000,4.12,0,2,2,-14.979453099184225,-0.8373873979997803,6.9443912061041875
-13.007724914384157,-3.108710102010856,5.532073691133352,-16.05639580001935,-2.8460667598755203,6.4264032297233085,-0.9253269954682064,0.008813955263484136,0.007575346854073932,-0.37899192573250867,0.09361351124537995,-0.25443406671104274,-0.2166001806174862,0.0014641574125562329,0.001091694667820775,-0.061214229936013,6249,102000000,4.08,0,2,2,-14.976164039676686,-1.1827867622387909,6.303133510097387
-12.965963724516012,-3.126513702278765,5.445041867912634,-16.025706143688808,-2.8590556638069495,6.400973891913903,-0.9269959768470132,0.009003578059026823,0.007330635574624049,-0.3748915260094029,0.116088884793819,-0.2486169825255252,-0.2199475255873115,-0.005342108988770633,0.005168193865756621,-0.07972220410010777,6249,223000000,3.66,0,2,2,-13.921861337676566,-1.7427391361083742,6.452218590126543
-12.965963724516012,-3.126513702278765,5.445041867912634,-15.98879289817074,-2.8723804925028564,6.370765465884116,-0.9289569412589298,0.009560726934998154,0.007178108847251404,-0.369994687179025,0.1192079754559557,-0.24588359164518714,-0.22386242237178305,-0.0076670683483826,0.0017104459061556554,-0.0576581423956668,6249,291000000,3.18,0,2,2,-14.81263040635892,-1.9046810901448599,6.5841958496375295
-12.927235712123782,-3.1463090951045274,5.357113789597275,-15.952759766630338,-2.8867266460970487,6.340077334107407,-0.9301741597325306,0.009888510824135457,0.007162582808746258,-0.3669154498342491,0.12207501429130548,-0.24408217133087567,-0.2275811291278967,9.992104610390129e-06,0.003258103970438242,-0.051307064859429374,6249,488000000,2.7,0,2,2,-14.454889373136544,-1.0412378153531026,6.299328447765222
-12.927235712123782,-3.1463090951045274,5.357113789597275,-15.916537406901421,-2.9003185827726674,6.308582553635546,-0.9314608920883407,0.009834486846007458,0.0069633862902290155,-0.36364185764271006,0.10859233574588986,-0.23992910340667498,-0.23734016538130903,0.003916158584615914,-0.0033248465797441895,-0.03908281687472481,6249,691000000,2.36,0,2,2,-14.407847673967327,-2.9186628048019427,5.545090792290008
-12.891515558308496,-3.168191763661482,5.268466531635316,-15.892737871804659,-2.911603883796737,6.284987462429737,-0.9320969367273906,0.009659676605967626,0.007152424485231956,-0.3620094391245426,0.09788875036126952,-0.2371186370439354,-0.2444359739021298,-0.0012378660017020593,-0.0036037761219631648,-0.04251673453836702,6249,823000000,2.08,0,2,2,-14.887640050079652,-1.9253112656382787,5.342338218091038
-12.891515558308496,-3.168191763661482,5.268466531635316,-15.863874589538135,-2.924241671326758,6.256273204545888,-0.9334049155563462,0.009701045216090066,0.007104392363847472,-0.35862331344477033,0.1072359467009297,-0.22799383700686698,-0.24286165643160368,0.007970407978064031,0.006437129104597261,-0.08813080348772928,6250,25000000,1.93,0,2,2,-13.573102944947326,-1.183679952968706,6.083846273136653
-12.858769933455328,-3.1922521119096685,5.179278617806869,-15.841523273392726,-2.9341021750178946,6.233465931341696,-0.9355946088569019,0.009480091857889068,0.0060551939683156815,-0.3528968551323074,0.09316266802551632,-0.21257469243520358,-0.22563194034404824,0.008621190590929473,0.025389047732460313,-0.12188841865281574,6250,172000000,1.77,0,2,2,-14.216454263005302,-1.2617375749211153,6.204925718666833
-12.858769933455328,-3.1922521119096685,5.179278617806869,-15.81683451420121,-2.947268277894875,6.208335104242484,-0.9374907027195086,0.00982158277260107,0.0038818758915347682,-0.34785003933575365,0.07962810974294263,-0.21353545614359432,-0.20790378766562717,0.010521378317207564,0.03721802531799767,-0.07921821961645037,6250,257000000,1.78,0,2,2,-13.667542968463568,-1.1028807528049744,6.159771580885481
-12.828957648784899,-3.2185751581476683,5.089729660701035,-15.77842879699593,-2.9658096354879016,6.171219506522443,-0.9403713574387595,0.009902537411797831,0.0013339550661225635,-0.3400027506145711,0.1126752563864595,-0.21078739546414255,-0.21368453227956077,0.005149736671228311,0.016701842650945764,-0.09502431348664686,6250,385000000,2.07,0,2,2,-13.86187897707352,-2.621202717536799,6.6082680585762175
-12.828957648784899,-3.2185751581476683,5.089729660701035,-15.74592565731873,-2.9778019261894446,6.141309174729381,-0.9425321816649563,0.00994485213426877,0.0004895713008629936,-0.33396698453869117,0.1374324784757833,-0.208080429853407,-0.21997379486806645,0.0025880239491016255,0.006335700618365081,-0.08920437321648933,6250,516000000,2.64,0,2,2,-13.887665002588523,-1.3107343213988725,6.432808139782468
-12.802029828000155,-3.2472402416509176,5.000000000000002,-15.712722960415388,-2.9884008031399545,6.110051655306302,-0.9445747404600671,0.00959367905322881,0.00032386985673477434,-0.3281560849890435,0.1283138169611754,-0.19457034784374222,-0.2355022145396443,0.008449820415989961,-0.008476147286273772,-0.0873495708219707,6250,640000000,3.15,0,2,2,-14.91566397267365,-1.123075360877615,6.756366061425934
-12.802029828000155,-3.2472402416509176,5.000000000000002,-15.686903959657016,-2.9976075710474435,6.081274430030151,-0.9462624615009212,0.00909949545879953,0.00077983077689232,-0.3232706992608088,0.12873239460178468,-0.18685338152083358,-0.24568620757279275,0.0016209189197979867,-0.008917487866710871,-0.08452564215986058,6250,764000000,3.67,0,2,2,-13.335659881005647,-1.4402187180267882,6.192179359207666
-12.77793009848097,-3.2783207432808092,4.910270339298968,-15.664598469638582,-3.004486544277318,6.0567629332552935,-0.9475967343808498,0.008942608921143154,0.0010759295955778993,-0.3193419814429948,0.14234327382930026,-0.18534665658584698,-0.24968004969607213,-0.0006489293298272969,-0.006591230112462654,-0.07966897828737274,6250,921000000,3.91,0,2,2,-13.71607803561921,-2.333266047029705,6.732264995526869
-12.77793009848097,-3.2783207432808092,4.910270339298968,-15.641293082427836,-3.010614874232155,6.031862889914926,-0.9487710028199097,0.00891124316320566,0.0013703183871776295,-0.31583586905370126,0.15603069447454787,-0.18443107267542216,-0.25351876611773083,-0.001557447239974863,-0.006398503546733991,-0.0700385935488157,6251,33000000,4.44,0,2,2,-14.348841212751756,-1.0298102853998108,5.645314835741728
-12.756594801426797,-3.3118838209127652,4.820721382193135,-15.611993552200909,-3.017018784440763,6.001580090543248,-0.950113870526432,0.008816108715587134,0.0016263548020045253,-0.3117743803304805,0.17238418286868792,-0.18335603399808967,-0.25671877328579423,0.0018898514099419117,-0.0040747958337306045,-0.07367133293882944,6251,182000000,4.78,0,2,2,-13.800776873306313,-1.3413666596612308,5.8383234626069065
-12.756594801426797,-3.3118838209127652,4.820721382193135,-15.570764134308035,-3.0240850498687353,5.960596302212667,-0.9520385476220363,0.008578269785354607,0.0017457882523478465,-0.30585285572083715,0.1921308416371375,-0.18172174490595572,-0.2607344197018317,0.00235615852943738,-0.0024780576040939195,-0.08089516704785638,6251,276000000,5.19,0,2,2,-14.703006444724238,-1.7774609182186139,6.612402304111372
-12.737953220297717,-3.347990160492629,4.731533468364687,-15.538410478629245,-3.0284348368633345,5.929455893049184,-0.9534422073809596,0.008347049302145153,0.0017368379710150923,-0.3014552493262191,0.2054233600299246,-0.18060938879551577,-0.2637611524194327,0.004498894986681989,-0.0007620204542035935,-0.07027508909231983,6251,405000000,5.9,0,2,2,-12.954724319200231,-2.3811389113040056,6.337511883482407
-12.737953220297717,-3.347990160492629,4.731533468364687,-15.505299672016669,-3.032595913313828,5.897682867755352,-0.9544127757757532,0.00790720886314825,0.00177303452661248,-0.2983799353719742,0.19668699638208653,-0.18640579525490245,-0.2754951325989835,0.012178512497484917,-0.01192162389997975,-0.017026406385411974,6251,507000000,6.46,0,2,2,-13.584545590551587,-2.083897664468142,6.544714198406431
-12.721927826856154,-3.3866937434896096,4.642886210402729,-15.463910407303278,-3.042708627984374,5.851875408480822,-0.9539142612721434,0.007115482744333548,0.003258622755467893,-0.29997722150968964,0.17293048433738523,-0.1974549310206314,-0.2951424989230691,-0.007617389655933948,-0.018328349688090384,0.013557618149206974,6251,616000000,6.85,0,2,2,-14.067009027265003,-2.1941427716336834,6.835953904068645
-12.721927826856154,-3.3866937434896096,4.642886210402729,-15.427212387168142,-3.0513695206470155,5.810886663071619,-0.9540511253966644,0.0073998429570435766,0.004337648860031703,-0.2995210798189942,0.18435789847308762,-0.1942474526153424,-0.29712619160905235,-0.008409750535065541,-0.010075148293253733,-0.021876019309274852,6251,806000000,6.69,0,2,2,-13.771688462828232,-1.817338706313936,5.790816286159398
-12.708434544065298,-3.4280416314708004,4.5549581320873695,-15.38601327511013,-3.0612700465019564,5.7623314643321555,-0.9548147809734675,0.007104744751858029,0.00547392580401858,-0.2970661420843719,0.15406166606021546,-0.19117322311983923,-0.32415820684489927,0.0037645797192453756,-0.02317761773156235,-0.037195968616288155,6251,942000000,6.79,0,2,2,-14.279026958894246,-1.6694197281448317,5.22299045043146
-12.708434544065298,-3.4280416314708004,4.5549581320873695,-15.363040705823499,-3.0692865692869935,5.729485502210431,-0.9554169011989733,0.006780118011702522,0.0065956616642882685,-0.2951085768836763,0.13584025771466857,-0.19006293106512,-0.33524198394937643,-0.00456820557701576,-0.02078175348287914,-0.045094011511537246,6252,90000000,7.13,0,2,2,-12.897716252710536,-1.4462408801970907,6.350168176427263
-12.697383025056535,-3.4720737684766467,4.467926308866652,-15.30815372792369,-3.094794208127961,5.644101081817667,-0.9561278909549733,0.0076427159420519525,0.007613340536849017,-0.29275088740581706,0.103404589343844,-0.19901373683493487,-0.3268720144682325,-0.0021363466657930985,0.00973905653154361,0.006093861838962766,6252,222000000,7.39,0,2,2,-14.575510217697468,-2.5150167105277657,6.050561462985482
-12.688676947336305,-3.518822801829515,4.381966011250103,-15.287335961465415,-3.105394201144662,5.6120888617361295,-0.9562746619023433,0.007833954205382344,0.007059192454828391,-0.2922799479385346,0.1155599001037898,-0.19749365695515314,-0.3235477375216018,0.00023414855263581558,0.012664032965403749,-0.02094957417284604,6252,292000000,7.77,0,2,2,-14.318771975166575,-1.9344391325272683,5.667893196096922
-12.688676947336305,-3.518822801829515,4.381966011250103,-15.253228489088164,-3.121532138967072,5.56131541330905,-0.9570631526769247,0.007889822772819504,0.006655436390079469,-0.2896956638460031,0.10702188858244659,-0.1959534807693558,-0.3232600793447853,0.0015926894775475375,-0.016634432540740818,-0.041859182965708897,6252,419000000,7.88,0,2,2,-14.445797816663474,-1.336198215594096,5.102278561461157
-12.682214321363698,-3.5683139219579116,4.297250351837317,-15.230393120463999,-3.135908806329246,5.522730906915654,-0.9573301300117394,0.007570179163808671,0.008008562629874504,-0.288786387289528,0.0729557875666437,-0.2034194920205102,-0.3292056490239973,-0.004091476876055822,-0.02169848230550997,0.021634603399434127,6252,520000000,8.29,0,2,2,-14.575845393643624,-2.3022425721846878,5.3622076590459145
-12.67788781259312,-3.6205647217681536,4.213949936692151,-15.206612005329184,-3.1563196735720456,5.476978179842818,-0.9561807262561404,0.007750094738974689,0.009216083596839748,-0.2925293465123678,0.05030639896071058,-0.21308113932234818,-0.3310839039327459,-0.012245411198819056,-0.0051074219300062396,0.07818122394382954,6252,690000000,8.47,0,2,2,-14.08092377520394,-1.58075372791693,5.621114005503661
-12.67788781259312,-3.6205647217681536,4.213949936692151,-15.183183305643468,-3.1783238828009934,5.431550797154374,-0.9541502459594347,0.00829315425205397,0.009199851568853551,-0.29907172126299847,0.03664274500147523,-0.221605613196263,-0.32941787454181926,-0.0038657635286654113,0.008645475372759392,0.11626862979028374,6252,820000000,8.12,0,2,2,-14.403900489326043,-1.629408041888449,4.560247005330639
-12.6755850760423,-3.675585076042296,4.132232521764886,-15.16398437819746,-3.198957771479764,5.3925623377711736,-0.9520108720015812,0.008571647512002348,0.008703383880105487,-0.30582033542384734,0.02012573634661882,-0.22896472070313462,-0.3319440261930881,-0.0009681209348855191,0.010424058473290643,0.10438433746458031,6252,933000000,7.48,0,2,2,-13.859706698339853,-1.0710969421552536,5.592086081352945
-12.6755850760423,-3.675585076042296,4.132232521764886,-15.145571353712402,-3.2212092510845087,5.3532493978657785,-0.9502442576620364,0.008977289896700087,0.008161786938735127,-0.311269407877489,0.00429534727106614,-0.2377617469142883,-0.3293581514279792,-0.012824607802031096,0.017889722221298143,0.10791181048261933,6253,85000000,6.79,0,2,2,-13.594624572307893,-1.0810477401321048,5.729282004114466
-12.675189102414187,-3.7333770412873593,4.052262675054001,-15.124353901372231,-3.249030892738866,5.309019318875183,-0.9475803036948258,0.010035910934746727,0.00669063013190395,-0.31928996853920916,0.0069340448944014465,-0.24171903266877198,-0.31909608780897336,0.0018764735500553797,0.02787442263070261,0.09848289482761174,6253,229000000,6.24,0,2,2,-14.273686238977119,-2.291992445253929,5.454687348808643
-12.675189102414187,-3.7333770412873593,4.052262675054001,-15.100856299824295,-3.2742811876605256,5.265197742918871,-0.9460598098559334,0.010332658941176364,0.004929826468545166,-0.32378969894910276,0.03517168732278108,-0.2345618759468057,-0.31844805689705324,0.005283451173454523,0.0236153464356903,0.04412183625390753,6253,384000000,5.44,0,2,2,-13.878463631485864,-1.882951309022534,5.343191168755092
-12.676578574772654,-3.7939347764051536,3.9742014451881893,-15.079390377558303,-3.294078776603175,5.227490885887721,-0.9452461648451473,0.01031268669137267,0.003918936167768592,-0.326171700608834,0.031836996240277395,-0.23376648958706903,-0.3220957450699782,0.005808757214254001,0.005543105635297252,0.05610039006569423,6253,490000000,5.04,0,2,2,-13.18885815687931,-2.3710153817335637,5.10221888813019
-12.676578574772654,-3.7939347764051536,3.9742014451881893,-15.059599055054452,-3.315523718443334,5.1890594453273735,-0.9438517839921691,0.010033919944259034,0.004072390231861648,-0.33019168060862947,0.005479221587649177,-0.23685620527653253,-0.3280683764498896,-0.0012723603845188336,-0.0078095887147355825,0.07724954703007825,6253,742000000,4.84,0,2,2,-13.124981713896902,-1.488856597714045,5.405984270550432
-12.679628234745822,-3.8572444844957245,3.8982060370957994,-15.035681266408403,-3.346395762699754,5.136998169028421,-0.9421137204652481,0.010082082144715046,0.00470781456083195,-0.3351088268202081,0.0009148716729011725,-0.23394815511750994,-0.3314004366459848,-0.0037822420608790708,-0.0006259492465687799,0.036486421231529675,6253,848000000,4.42,0,2,2,-14.200947018463603,-2.2265023787296756,4.657068750084349
-12.679628234745822,-3.8572444844957245,3.8982060370957994,-15.012973498725941,-3.3707361400829345,5.091390129443203,-0.9418520547230069,0.010374550483850617,0.004534959564387478,-0.33583702871788473,0.02780771282521599,-0.22640660324822387,-0.33044584563481516,-0.0024398621690124855,0.006535541524499422,-0.0072374667070107535,6254,1000000,3.93,0,2,2,-13.340301844696572,-0.8278114599843727,4.627182492713625
-12.684209257207828,-3.9232843760496774,3.824429495415055,-14.995760846144126,-3.386705708108676,5.059005398216783,-0.9418941497656301,0.010716851589526549,0.004241345302029086,-0.33571203541028677,0.026132347025678966,-0.2262729313745401,-0.32674849773078657,-0.008241434716182994,0.009271074304706417,0.022094671840022784,6254,131000000,3.93,0,2,2,-13.75165654859362,-1.756708679694031,4.651705728126903
-12.684209257207828,-3.9232843760496774,3.824429495415055,-14.973295920429447,-3.411060502726819,5.014609123865205,-0.940628197746127,0.011413992682224275,0.0037061121000110282,-0.3392264422314764,0.013195054092389488,-0.2282972754041705,-0.32053474815351246,-0.0016369244121960946,0.011416009328968357,0.04779816335940268,6254,272000000,4.0,0,2,2,-13.787775820288175,-1.8331188244002767,5.046280922359823
-12.690189632369744,-3.9920246537263036,3.753020396282537,-14.942621535288648,-3.439836716489059,4.957986052016721,-0.9400516550210798,0.011533572520546945,0.0027871701316911574,-0.3408256068427065,0.04370265934716553,-0.22093222950081612,-0.31967306678420054,0.004018690196971875,0.009364149809698574,0.002252294814297784,6254,408000000,3.71,0,2,2,-13.108113949867732,-3.247715952664867,4.935417447117544
-12.690189632369744,-3.9920246537263036,3.753020396282537,-14.917713961720418,-3.4606631172477247,4.913889443698377,-0.939886596521186,0.011443806422299453,0.0023273557674456076,-0.3412869883097243,0.038889695595157044,-0.22108587815131386,-0.32052667044750793,0.00311480166601541,0.003188552273059031,0.011861104303534376,6254,519000000,3.63,0,2,2,-13.37004708329699,-1.9613830387038993,4.602730491358964
-12.697434554193253,-4.063427518855471,3.684122548120576,-14.90399680076389,-3.472860697090159,4.888614212943878,-0.9398039358252153,0.011318903518746915,0.0022349841186027333,-0.34151932518754685,0.027376611060549106,-0.21522570944137698,-0.32154043742847366,0.0055743947541486705,-0.0020775158986907627,-0.014695262598252157,6254,659000000,3.64,0,2,2,-13.672340504196054,-1.0289055400562233,4.927005691489086
-12.697434554193253,-4.063427518855471,3.684122548120576,-14.887054231906221,-3.4915970119552515,4.850416918635059,-0.9410305534348057,0.010764090517511555,0.0024606654889016318,-0.3381413565106549,-0.002056484027644352,-0.1943355980378668,-0.32381875474548943,0.007069168759699096,-0.009363590834254865,-0.08559552952647209,6254,787000000,3.63,0,2,2,-13.319215256161955,-1.7987038663162909,5.219044809972773
-12.705806814026612,-4.137447199741401,3.6178747020262745,-14.871172602760343,-3.5095507553769427,4.812160749448391,-0.9424944213918502,0.010446873959861876,0.0025418228505695714,-0.3340489000225928,0.017768700811914527,-0.19158015195820602,-0.3224117620860106,0.005083704536446021,9.499641961951966e-06,-0.06409103370970115,6254,938000000,3.95,0,2,2,-13.449117534387389,-1.3162236646092358,4.9943246285399
-12.705806814026612,-4.137447199741401,3.6178747020262745,-14.84752449454903,-3.5310453730097997,4.7613711021451035,-0.9440057621646982,0.01014929905880368,0.0021290513092675316,-0.32976594710337265,0.04396085460919889,-0.18975751920299572,-0.32041325788190095,0.005018476440454833,0.004502636738834553,-0.05153889396751765,6255,51000000,4.35,0,2,2,-13.743517167482874,-2.2342060537474735,5.093002026384369
-12.715167198351548,-4.214030001786824,3.5544102723452182,-14.824593347176629,-3.547814325552521,4.717134588110909,-0.9450608185628744,0.01009372098909556,0.0017951868893559516,-0.3267337498910943,0.06455149209267359,-0.1884639381143511,-0.3193179345748738,0.0008586669196120056,0.002606219391054765,-0.04093125317012891,6255,168000000,4.79,0,2,2,-12.807277435769134,-2.0446471528213412,4.952377231298401
-12.715167198351548,-4.214030001786824,3.5544102723452182,-14.804184626009265,-3.561689367887818,4.6790768081983165,-0.9455364952322847,0.009927886385099439,0.001843865227822687,-0.32535945263169136,0.051364863292916764,-0.19214178113095176,-0.3243850026485195,0.00377201381525083,-0.00904544749573688,0.004262220693362906,6255,326000000,5.1,0,2,2,-13.52573370753698,-1.895785783196914,5.3596326908669125
-12.725374889521806,-4.293114379395578,3.4938570679927814,-14.782822463312103,-3.580846627269595,4.6336204526275715,-0.9449676199961516,0.00956120390740814,0.0026573606431367,-0.32701333149133505,0.03618341783401058,-0.19581510178762054,-0.3293213238162302,-0.001965572573681129,-0.009430367117602145,0.020838183991145343,6255,471000000,5.21,0,2,2,-13.549529073945461,-3.089532020013142,4.893834394459274
-12.725374889521806,-4.293114379395578,3.4938570679927814,-14.757217002910537,-3.60161617476733,4.5818019438452655,-0.9448110499069644,0.009607655686611209,0.003062767443999197,-0.327460520340225,0.05472589640350424,-0.1930630206180157,-0.3259584894509997,-0.002041127663687803,-0.0012956488831150637,-0.005460955799208023,6255,564000000,4.93,0,2,2,-12.774628892553404,-3.244171100588029,5.1066627032000325
-12.736287868369429,-4.3746310295518915,3.4363370350639415,-14.747334750120034,-3.6089770698219206,4.562462187369326,-0.9449252109587694,0.009618704847833323,0.003161196595895319,-0.32712968842289053,0.04770021405560841,-0.1901021331600609,-0.3275988363467325,-0.0007557671949598443,-0.00686663979649893,-0.018090686535288114,6255,707000000,4.79,0,2,2,-13.386647858809546,-1.8046796534241367,5.09657467195667
-12.736287868369429,-4.3746310295518915,3.4363370350639415,-14.73035972227176,-3.624989155649119,4.523096995450276,-0.9455461860124394,0.009347403075352433,0.003965954511345916,-0.32532953659003966,0.013435896247479507,-0.18197666288563744,-0.3354003781587537,0.00030219933648822916,-0.018874621491704602,-0.04055586286995094,6255,886000000,4.8,0,2,2,-12.639932654187884,-2.4380061674679467,4.467133615663023
-12.74776331755322,-4.4585030069142375,3.381966011250108,-14.717688225633172,-3.638863583196747,4.489955277385027,-0.9462055361544001,0.009183034719996335,0.004644717025604279,-0.32340250745448385,0.019395404311649374,-0.18003342601903488,-0.33388847241005626,-0.0010329280144105724,-0.009185309772874461,-0.04284182105038781,6256,30000000,4.89,0,2,2,-12.65692455054203,-1.2744768422595156,4.358050216497685
-12.74776331755322,-4.4585030069142375,3.381966011250108,-14.706922499741085,-3.649406923227612,4.463669645244498,-0.9468778838392113,0.00913150740078217,0.00483245106442365,-0.32142734184489724,0.02949454587772632,-0.17960219285541573,-0.3312376218721892,8.01057883137446e-05,-0.002956611569970846,-0.058354404973215424,6256,115000000,5.0,0,2,2,-12.83268708556932,-2.29493351606049,4.281648029218468
-12.759658024525407,-4.544645860202418,3.3308534925573956,-14.689720438610658,-3.6643547088476787,4.4246545363968774,-0.9481588331585806,0.009129387009099425,0.004797516455719955,-0.3176294464183916,0.04421100405282083,-0.17902816465648902,-0.32709638709870836,0.0017200359025082435,0.0017206251641255221,-0.07093836611602455,6256,221000000,5.15,0,2,2,-13.004422886563283,-2.5909052380383857,4.391379318864558
-12.759658024525407,-4.544645860202418,3.3308534925573956,-14.674453958028073,-3.6761194287600554,4.3925041891864085,-0.9492063967057092,0.009022236356671962,0.004551656283753567,-0.31449180931967474,0.055663883395679584,-0.17923430893061848,-0.323836471911459,0.004124791075810208,0.004264618337401771,-0.06270578160183504,6256,335000000,5.5,0,2,2,-12.695999890382815,-2.1174238659909737,4.455025069225603
-12.771828782997277,-4.632967789596851,3.283102412796267,-14.64896671474822,-3.694204110348348,4.341713408228102,-0.9505497124078648,0.008818637004957662,0.0041259198890028805,-0.3104198007018393,0.05400935683710212,-0.17906283152166852,-0.31947605294450165,0.004255175190337468,0.0005476187993735948,-0.03615824825828895,6256,508000000,5.8,0,2,2,-13.323903600849516,-2.7352655787134164,4.403963001703579
-12.771828782997277,-4.632967789596851,3.283102412796267,-14.633979351615658,-3.7061892373619885,4.310253271166768,-0.9509910637598087,0.008635614834194298,0.004049729289268217,-0.30907122560682704,0.05173632036669884,-0.17922481689053527,-0.3168158240608359,0.003726692739292048,0.0013785437090518826,-0.028229830786585808,6256,652000000,6.18,0,2,2,-13.395126045418413,-1.3257128068740083,4.654722271603091
-12.784132791792203,-4.7233698248109635,3.238808936286525,-14.615550800860353,-3.720310703327295,4.272880082314587,-0.9515124978698677,0.008476432001636973,0.003835115824131309,-0.30746936170061256,0.048462988292616846,-0.1801657295563454,-0.31449494292987434,0.00380804895030451,0.00010173658360201898,-0.020041839707118925,6256,765000000,6.28,0,2,2,-12.722258315601817,-2.621157014223192,3.8187985293990723
-12.784132791792203,-4.7233698248109635,3.238808936286525,-14.607292702486067,-3.728176297603705,4.254161000191635,-0.9515842425242462,0.008341198671612806,0.003898532311516402,-0.30725015090328817,0.02428100068906872,-0.18170901242182208,-0.31610665592147397,0.003455623163972632,-0.005569988252318581,0.00031004629335029676,6256,903000000,6.41,0,2,2,-13.58745159279292,-1.381438295226332,4.643826276795035
-12.796428049985627,-4.815746023439489,3.198062264195161,-14.591716246796379,-3.744728797460819,4.216811998115517,-0.9516588842346452,0.008224726606557726,0.0040190461925695906,-0.30702047032277696,0.027463143979248338,-0.18222858439052037,-0.31298555756748525,0.0006710840693813225,0.00040535100822580716,-0.010064684465760365,6257,72000000,6.4,0,2,2,-13.00739213626961,-2.3508065487632415,3.68131755518664
-12.796428049985627,-4.815746023439489,3.198062264195161,-14.58083552643459,-3.755418862553547,4.1921589638902494,-0.9517365077309087,0.008284133168580775,0.003955468272857497,-0.3067789876451149,0.03494136384239838,-0.1822936041921817,-0.3104857829565066,-0.001799379651856725,0.002837281613210507,-0.002100401661664364,6257,135000000,6.37,0,2,2,-12.71835483776598,-2.5034240604337015,4.512198465139435
-12.796428049985627,-4.815746023439489,3.198062264195161,-14.56361152832432,-3.7707915442979334,4.155587246848001,-0.951659201248239,0.008465283553828386,0.003786084950882013,-0.30701591036078507,0.04585870028842654,-0.1821885799199866,-0.3064361735317901,-0.001978819159376144,0.003958465367759345,0.008818561218504328,6257,246000000,6.37,0,2,2,-12.666621876495492,-2.5504903502905427,2.8593676497268774
-12.808573747245086,-4.909983689128907,3.1609444548970993,-14.545401120919577,-3.7854768033853183,4.119468778262042,-0.9513904569616545,0.008647353551915631,0.003626654240580784,-0.30784455339970135,0.0550526816291555,-0.18253878849466726,-0.30279544856576945,-0.0022255738485910115,0.003215323795302538,0.018462995831214357,6257,342000000,6.29,0,2,2,-12.236032103301827,-2.395956312365336,4.46577558622171
-12.808573747245086,-4.909983689128907,3.1609444548970993,-14.535962852644639,-3.7925869044115226,4.101581023525459,-0.9512022306046983,0.00873252574819025,0.003567599747445999,-0.30842394803054013,0.05922539121222449,-0.18264812859848018,-0.30091477183700943,-0.002010432535826112,0.002736525448199245,0.02143238907592604,6257,413000000,6.15,0,2,2,-12.40710909282082,-1.5048117752766914,4.082334911527835
-12.820430648300832,-5.005963609060587,3.127530258720525,-14.506502062264904,-3.813092435510958,4.048638049041059,-0.950606136939889,0.008797757515720563,0.0033950565850246134,-0.31025641889524175,0.0691783118332881,-0.1833668036568216,-0.29476139388229405,0.0065151828039233806,0.0030947770483180648,0.010370374639023794,6257,543000000,6.06,0,2,2,-12.846940620766834,-3.0677491283092473,4.564154776029197
-12.820430648300832,-5.005963609060587,3.127530258720525,-14.482689142931093,-3.8285534745968595,4.00827068550536,-0.950757852022557,0.008394431950090715,0.002920811898340653,-0.30980721293659896,0.0744447973282862,-0.18479782699387307,-0.2892194028205753,0.007553271780125215,0.005492547597896191,-0.01888472052087309,6257,645000000,5.79,0,2,2,-13.629457804402671,-2.5236038966088348,4.226882039817372
-12.831861470496921,-5.103560310182758,3.0978869674096936,-14.456953952690474,-3.8472374358293284,3.962213558782296,-0.9509967961011538,0.00788169629582431,0.0026698441133104133,-0.30908873256922703,0.03598290407185349,-0.18229660072995585,-0.2971618269948483,0.006685074140477809,-0.006074500879549305,0.013399536237557186,6257,802000000,5.82,0,2,2,-12.830993095330047,-2.6249332209665033,3.8210619905976158
-12.831861470496921,-5.103560310182758,3.0978869674096936,-14.444591902354954,-3.8616529807175834,3.932391197979323,-0.9503841954608698,0.007546582232682849,0.0030840059293342674,-0.3109717334778645,-0.0035739064288310965,-0.18960333378760955,-0.3037249084141553,0.00039493597654427504,-0.012609983150468906,0.07178772721090354,6257,905000000,5.86,0,2,2,-12.635587321155665,-2.2530351447447488,4.368757222671697
-12.842731253395911,-5.2026423335747065,3.0720742786082926,-14.432767391008678,-3.883115425391883,3.8960098638054452,-0.9484082008821799,0.007387747074048389,0.003964801531092877,-0.3169409819531317,-0.04106120063198586,-0.20130889535280624,-0.3069652602230647,-0.006620097610721132,-0.011805314443336101,0.11235046622459777,6258,16000000,5.59,0,2,2,-12.78867757499187,-2.086739481160009,4.450774921984543
-12.842731253395911,-5.2026423335747065,3.0720742786082926,-14.415474763421434,-3.9165256977780487,3.8421387211738054,-0.9460169470992019,0.007907725161311689,0.004552885071644087,-0.32398869566915933,-0.031055081718597066,-0.1994976410730726,-0.29825018818277793,-0.007078626731527038,0.002144003337889444,0.05984498347970657,6258,85000000,4.86,0,2,2,-13.740101621572725,-2.357866426096296,4.22578530592447
-12.852907719435574,-5.303072526274943,3.050144175636353,-14.402697008941441,-3.9376339003314675,3.8072069137761484,-0.9451932390036475,0.00832212671154185,0.004472765747454544,-0.3263747501191825,-0.020414818926685657,-0.19834776888893815,-0.2917458206325959,-0.005444046246338985,0.004790374305230216,0.028493676109064836,6258,203000000,4.04,0,2,2,-12.000605709771405,-1.9687428187125517,4.297870420817091
-12.852907719435574,-5.303072526274943,3.050144175636353,-14.389191289625202,-3.958283201702298,3.7729543808348125,-0.9446365732864055,0.008575920377970354,0.004363370840018635,-0.3279773757354317,-0.027506098534328234,-0.20429142077281254,-0.2892299759279057,0.0002552906991581949,-0.0022784460270486306,0.0557871229830198,6258,284000000,3.79,0,2,2,-13.197925393084452,-1.9067950194881187,4.42694157611759
-12.86226162466454,-5.404708349855923,3.0321408228027407,-14.37284747799237,-3.989786877077559,3.727264670671367,-0.9422425045153313,0.008664281257138595,0.005026466715697969,-0.33478161172222265,-0.04545987970172822,-0.2128828521747391,-0.2866515948405634,-0.007998720684554428,-0.0035099368915325613,0.08697802331880666,6258,420000000,3.64,0,2,2,-12.677919009578504,-3.5812873488393144,3.5787177279238644
-12.86226162466454,-5.404708349855923,3.0321408228027407,-14.357809992861139,-4.016733314221805,3.688327103296021,-0.9404564637180695,0.0091419287621802,0.005249524134774055,-0.3397506548717298,-0.03527729024332937,-0.20953852767941314,-0.27836393888960936,-0.006953590582270408,0.002554302795942931,0.06634522651438601,6258,525000000,2.92,0,2,2,-13.243702847748036,-2.534736605875128,2.8863986521432543
-12.870667098614804,-5.507402204979655,3.018100476464131,-14.345258723481583,-4.039267990042701,3.655900507448009,-0.9395454064762454,0.009473290081520029,0.005256041116047112,-0.34225291814125475,-0.057628978546134024,-0.19905613855366686,-0.27113066068584746,-0.0034329909567532013,0.0005123530257833409,0.01194562664750265,6258,589000000,2.45,0,2,2,-11.915241304251582,-2.550292141698895,3.6680902799563646
-12.87800197240249,-5.61100177112331,3.0080514120095225,-14.336815488554112,-4.063204556425632,3.624304537530906,-0.9397794805500918,0.009613305229221616,0.005296264330213859,-0.34160512566955703,-0.07936110810536014,-0.18947940072786984,-0.26389501619438394,-0.0029220055466794292,0.0012998467127545155,-0.01221629563588067,6258,771000000,2.23,0,2,2,-12.140762898178599,-2.051365873474432,3.611912135474303
-12.87800197240249,-5.61100177112331,3.0080514120095225,-14.33141231673693,-4.078992968025362,3.6037259152300836,-0.9398315431278705,0.009740246452016503,0.005225466890166602,-0.34145935722530646,-0.07289344985202002,-0.1888243851772203,-0.25906465098486475,0.0005136553291151813,0.003913084515261289,0.0017856688486972416,6258,916000000,2.25,0,2,2,-12.826340601740746,-2.3934819426701868,3.9593006443641063
-12.884148094184555,-5.71535036061986,3.0020138669173706,-14.320873992811917,-4.105806691684918,3.568643030241044,-0.9395879344752682,0.009507460618737971,0.004591895855571309,-0.3421447589450024,-0.06043970506053459,-0.19051649994669698,-0.25070323082390206,0.004159647642154596,0.009052255973074352,0.013101340846333187,6259,71000000,2.24,0,2,2,-12.030545176442264,-2.7294464261198206,4.202454237791163
-12.884148094184555,-5.71535036061986,3.0020138669173706,-14.31077494822669,-4.128113049315904,3.5394904380422907,-0.9394455343009336,0.009582919149412231,0.004094428048578215,-0.3425397661609005,-0.051489715436553084,-0.19199092744097163,-0.24364342438829664,0.0009696823781268904,0.007548281473646057,0.0027617814112090855,6259,180000000,2.19,0,2,2,-13.098450162803758,-2.7833761395742522,3.3349694409800734
-12.884148094184555,-5.71535036061986,3.0020138669173706,-14.299806924720215,-4.149884574951485,3.5111840599999153,-0.9394040161038717,0.009702450505456766,0.0037237164307915576,-0.34265447745221245,-0.043567309250621924,-0.19336979126883863,-0.23677275437473305,-0.0013762250659965503,0.0053928870784147875,0.0065003826875909,6259,290000000,2.2,0,2,2,-11.974707679584798,-2.3321689249709268,3.5046943154271086
-12.888991631137213,-5.8202872861178125,3.0,-14.29030723745588,-4.167925990833834,3.4882353206957024,-0.939140970164853,0.009847154232891918,0.003582085549399083,-0.34337216016219035,-0.052019278043563724,-0.19621758057488217,-0.23057364707372763,-0.0026795651592692593,0.0012701081459454144,0.029644322785316035,6259,474000000,2.24,0,2,2,-12.503448670643232,-2.497272470482985,3.4216016795354247
-12.888991631137213,-5.8202872861178125,3.0,-14.279793950011493,-4.196638934920445,3.4573106316108397,-0.9378473426239944,0.009966601300593445,0.003814692079016333,-0.3468839530966652,-0.08581829479776847,-0.2019127999802685,-0.22089341587457767,-0.0022742309965906315,-0.0019983219772257144,0.059826554570463486,6259,577000000,2.21,0,2,2,-12.760545982649449,-2.9123092796961454,3.276493753601483
-12.892423357163015,-5.92564824052489,3.0020138669173706,-14.271100318999661,-4.221846906390309,3.431773674250429,-0.9367885090693502,0.01001848214078101,0.003867654496949623,-0.349731269033684,-0.07896073875270318,-0.20175549902221296,-0.21402283648614606,6.176316471595555e-05,0.001626162088541605,0.04080249855178408,6259,710000000,1.92,0,2,2,-11.708540111122264,-2.3183287554915775,2.894935771697605
-12.892423357163015,-5.92564824052489,3.0020138669173706,-14.258351309829278,-4.25452677342852,3.3989824681276364,-0.9359382899025679,0.010048550148456,0.003658864633668692,-0.35200164324014604,-0.0715199396945494,-0.2019301459642223,-0.20510233165965314,0.0009280405663503188,0.0035898081705454388,0.023859035536588635,6259,864000000,1.71,0,2,2,-13.105355950900913,-3.207160916949158,3.5343132489184406
-12.894338925575825,-6.03126568846405,3.0080514120095216,-14.24647016173188,-4.282555727614318,3.371463047303468,-0.9353841365801666,0.010026225078559008,0.0033796929834437966,-0.35347499136457683,-0.06502125311218818,-0.20247126194108275,-0.1974069057346283,0.0021790612663608044,0.003960878029829473,0.022505383458337747,6260,13000000,1.6,0,2,2,-13.081116374862264,-3.326235313083848,4.172761961008779
-12.894338925575825,-6.03126568846405,3.0080514120095216,-14.236416263435515,-4.30687631187912,3.3486069173343975,-0.9347305467061109,0.009851871852211369,0.0032240295116811265,-0.35520606879558,-0.08902370734716927,-0.20456298560737904,-0.1937501847627854,0.0053557280807581265,-0.0024867973024811363,0.047533298857160844,6260,129000000,1.56,0,2,2,-12.079842645079724,-3.475954265877045,2.8844809631456547
-12.894639126058248,-6.136969268236469,3.01810047646413,-14.230695836795308,-4.3298911989078555,3.3296962611139436,-0.9336255688018597,0.009454577000271518,0.0034298544009979436,-0.35810912352513136,-0.12849010912893316,-0.2065939987627357,-0.19482800590590504,0.00952841728576459,-0.011024226114386693,0.07106491684680805,6260,258000000,1.52,0,2,2,-12.422702500027622,-2.769811153339417,3.371969107626551
-12.893230125232524,-6.242586203254562,3.0321408228027398,-14.227702619735428,-4.355658681777914,3.3100852617578873,-0.9322569505084304,0.008575847936623825,0.004177483776145833,-0.36167109601154174,-0.16833895939835714,-0.20745770147290665,-0.20411503242133583,0.009728496479510795,-0.024344010671484284,0.08002887043403462,6260,336000000,1.46,0,2,2,-12.097328684285754,-2.7489135204630033,2.0854402386702855
-12.893230125232524,-6.242586203254562,3.0321408228027398,-14.221957423088138,-4.41329225087133,3.2675284857041293,-0.9300103056191651,0.00836469058517863,0.0051380489693789964,-0.3674023187819441,-0.14934136445469848,-0.20583248649818384,-0.18961852074860253,-0.0020985635501347133,0.002428581660751661,0.036049168193130754,6260,466000000,1.46,0,2,2,-13.584952730130967,-3.0746762115090784,2.7760520626280996
-12.890023690234493,-6.3479417218801215,3.050144175636352,-14.217196165450593,-4.443317410904664,3.245791217963282,-0.9291801059362755,0.008595817512049091,0.004929828561351896,-0.3694944376359498,-0.13796879084799468,-0.20594404613609602,-0.1807312368326997,-0.0019939591766160447,0.00651799377919815,0.038367745582945645,6260,573000000,1.79,0,2,2,-12.418677352511997,-3.323264680637396,3.450467103988016
-12.890023690234493,-6.3479417218801215,3.050144175636352,-14.21072651894075,-4.47797273746056,3.2219558315283665,-0.927709894360589,0.00912116848030853,0.004452355943385269,-0.37316394884497056,-0.1483342644663464,-0.21262319997129797,-0.16576325083806315,-0.00933788232941879,0.016131163101817947,0.10137561475858092,6260,709000000,2.03,0,2,2,-13.083457344162667,-3.3301012253657785,2.839195798135111
-12.884937394730386,-6.452859484576475,3.0720742786082917,-14.205107089315707,-4.515400355608249,3.200595916996358,-0.9242842631116259,0.00971475942649563,0.0033410240780711786,-0.38156658917100356,-0.15666625711248972,-0.2158813955852678,-0.15174664092484463,0.005551517006097129,0.017876920537673868,0.12753833434544504,6260,802000000,2.43,0,2,2,-13.424909049163839,-3.1457607442352256,2.7753202727229334
-12.884937394730386,-6.452859484576475,3.0720742786082917,-14.198442696328682,-4.55839751065845,3.1782863325273705,-0.9203662652830804,0.009891614744771359,0.0020159570804614045,-0.39092714104250303,-0.17838386293160186,-0.21537100769177608,-0.13585737920029822,0.003396145484657609,0.019220357899030205,0.13359823933569714,6260,951000000,3.34,0,2,2,-13.33141282376236,-2.7132061573462773,3.01917998721371
-12.877894806867692,-6.557162017261522,3.0978869674096923,-14.19588644659904,-4.587497998352415,3.1658793632467175,-0.917515619603731,0.010194598016315021,0.0011018030308761941,-0.39756753386632104,-0.2042962123154013,-0.2188796491773682,-0.12371624610118288,0.00011750918176289815,0.022015155445842538,0.1585203397553414,6261,58000000,4.42,0,2,2,-12.055154681439843,-2.5885127840355016,3.9084214122071392
-12.868825658704356,-6.660671149728165,3.1275302587205234,-14.193960008025481,-4.6251590571516505,3.1526726513571357,-0.9133328207872325,0.010665270230693958,-6.642114619518583e-05,-0.4070742021695485,-0.22634811732443824,-0.2225082257703407,-0.11076931462130139,0.004900668182017398,0.020805776148336008,0.1703830188489519,6261,231000000,5.18,0,2,2,-12.262525116416825,-2.87003556236814,3.5050158135012666
-12.868825658704356,-6.660671149728165,3.1275302587205234,-14.191524263963007,-4.662629687587993,3.140574246856687,-0.9097672651204167,0.0106946746213364,-0.0009345998714835211,-0.4149798474301387,-0.21353015200610037,-0.21772818568732602,-0.10408162121269252,0.0051429218274279265,0.010116893372469349,0.12959962041350082,6261,376000000,6.26,0,2,2,-12.610140483990795,-2.089984958450886,2.994837766815172
-12.868825658704356,-6.660671149728165,3.1275302587205234,-14.188566466031354,-4.692610415513408,3.131106126824511,-0.9072433861347691,0.010648767861356555,-0.001249282188611472,-0.42046935839816707,-0.20255883955418494,-0.214330201834631,-0.09826740356212554,0.0005146019816493208,0.0033713846505634137,0.11233862824155949,6261,495000000,7.04,0,2,2,-12.577603137389133,-3.039868522066213,2.7350428333568457
-12.857665996714566,-6.763208457982669,3.160944454897098,-14.184873466546827,-4.721602257244606,3.122242223532803,-0.905104694503998,0.010712196691001357,-0.0011629109192039834,-0.4250522185179977,-0.19334748725256584,-0.21172625916099222,-0.09196028094192352,-0.0018242502619614243,-0.002451526347613253,0.09340909164166078,6261,591000000,7.72,0,2,2,-12.265123718145857,-2.5319365974582526,3.7945224267363695
-12.857665996714566,-6.763208457982669,3.160944454897098,-14.179601937447671,-4.75522823970294,3.112408758538703,-0.9029131492635925,0.010696347227329015,-0.0008065101758334388,-0.4296891697311329,-0.18321802589064545,-0.20897423388254505,-0.08454766775231382,-0.0016894360328478797,-0.0061906426708446816,0.07998607543413527,6261,683000000,8.19,0,2,2,-12.800637895651793,-2.8842420928588153,2.9513385890999118
-12.844358313024607,-6.864595709337353,3.1980622641951624,-14.172433983809604,-4.79301755471358,3.1019978276927356,-0.9006382591371105,0.010417012961872023,-0.0003605159248370694,-0.43444456728988445,-0.17271556356872084,-0.20681598819037533,-0.07624692185327045,0.006141434732853668,-0.005884675647394033,0.07337369315791875,6261,911000000,8.78,0,2,2,-12.440442620023017,-3.407376310385044,2.3296065642822668
-12.844358313024607,-6.864595709337353,3.1980622641951624,-14.16416812626908,-4.829491276385198,3.092649790182541,-0.8984355575412086,0.009847241693625174,-0.00022635968858651916,-0.4389949083280309,-0.16327537389566524,-0.20584745489273243,-0.06851842933279087,0.0072153537985286675,-0.003696460771607235,0.07134284678613767,6262,31000000,9.19,0,2,2,-13.599011413059207,-3.031647394119275,2.9388227883167173
-12.828851657088071,-6.964655309084123,3.238808936286523,-14.150681845680865,-4.879698783171567,3.0810954380453444,-0.8951706116291135,0.009186623139206337,-0.00012081196619730117,-0.4456289571328661,-0.15308447062471023,-0.20487708010414923,-0.057213785643710505,0.005165077936908347,-0.0031693191203885362,0.07756808772683144,6262,180000000,9.84,0,2,2,-12.674596434758417,-4.306862316207568,3.9276540196832785
-12.828851657088071,-6.964655309084123,3.238808936286523,-14.139294801452587,-4.92015654336405,3.073494495721955,-0.8920799153933419,0.008914026790689596,1.891821139979842e-05,-0.4517897346335835,-0.16614215972626428,-0.20939708728376308,-0.04784755073625658,0.002404340693828999,-0.001865655303845415,0.0923314451938495,6262,318000000,10.54,0,2,2,-13.586503091482149,-3.3116878167312414,2.6064847112141307
-12.81110172756657,-7.0632107475678865,3.2831024127962687,-14.132225344635756,-4.952450222094239,3.067939062635535,-0.890295031752468,0.008452575357957104,0.0005007494884134382,-0.4553054575300406,-0.20275968247335968,-0.19828391305599136,-0.05725615137863708,0.0036293743278292823,-0.02032396641880041,0.030394397981581278,6262,466000000,11.3,0,2,2,-12.788863973715966,-3.3421165779879094,4.439546420667352
-12.791070944239198,-7.160087046474805,3.3308534925573934,-14.12754646530984,-5.0199306034386915,3.055976053900153,-0.8881217143646882,0.007748739276364026,0.0020671509337629648,-0.4595383600969247,-0.25288671427491727,-0.19930474450282162,-0.04939572812161439,0.0050377529078105,0.00018708866367234123,0.09409276390215382,6262,572000000,11.71,0,2,2,-13.72111456711854,-3.562679372429242,3.033643121356383
-12.791070944239198,-7.160087046474805,3.3308534925573934,-14.123216800072084,-5.0766029296075095,3.0490112004892835,-0.8838720570549815,0.007270317153173341,0.0014976102324600485,-0.4676698476590929,-0.2379492487961509,-0.19815204088301233,-0.03676091492973042,0.008134878680721158,0.005837118169438327,0.10683149230317213,6262,693000000,12.16,0,2,2,-12.399571684075108,-4.753309410719357,4.090102610788954
-12.768728499821618,-7.255111203149934,3.381966011250106,-14.118574940698819,-5.135935176625259,3.0440352859573157,-0.8770064840731323,0.00889854947203524,0.0019725939972656923,-0.48039208110032183,-0.284125175583942,-0.2064398955368077,-0.028163288064558416,-0.02145993785234168,0.004672917293646606,0.20220828882884234,6262,799000000,13.1,0,2,2,-13.760253826479804,-3.982727123744638,3.727083852309022
-12.744050391633543,-7.348112631760661,3.4363370350639393,-14.116560056716523,-5.171407234829298,3.0422220510785385,-0.8735970148901031,0.009343454546399566,0.0027054104175797313,-0.4865528092475806,-0.2912628075924058,-0.20388300254303476,-0.01866444765112557,-0.011193987484148238,-0.018565660138847306,0.07629704050486907,6262,919000000,14.59,0,2,2,-12.329672471619828,-3.7323481775950365,2.3937116578486686
-12.744050391633543,-7.348112631760661,3.4363370350639393,-14.113168617572548,-5.236377862036881,3.0409524986597565,-0.8727337183599084,0.00846061876705339,0.0054343379823170385,-0.48809296526221346,-0.31341041341848624,-0.2091875115152652,-0.011527169350442389,0.0008601658578299975,-0.03640560171334073,0.04935077995469328,6263,12000000,15.27,0,2,2,-13.560404150924917,-3.7655292203985264,3.5218571646663124
-12.71701943311114,-7.4389236001286365,3.493857067992779,-14.110674918234466,-5.29651440176401,3.0403342054227114,-0.8695607932543187,0.007527563561491942,0.007444693008765682,-0.493712405320904,-0.3060403623784632,-0.20532362894005915,-0.0003825806550490331,-0.003014328967765323,-0.017148979350167792,0.09606132371118292,6263,132000000,15.3,0,2,2,-13.401550466773147,-4.350089423657433,2.971374325669069
-12.71701943311114,-7.4389236001286365,3.493857067992779,-14.108389358591726,-5.340884147746324,3.040816603511394,-0.8661228973411703,0.007375085640432358,0.008362484713933584,-0.4997067176480037,-0.32001442821688253,-0.20345036959381452,0.00059214452283536,-0.008636048369226046,-0.011742722745111678,0.13954190508229658,6263,262000000,15.88,0,2,2,-12.621919906147445,-3.6974419085918324,3.0434914807225795
-12.687625245218829,-7.527379661061074,3.5544102723452156,-14.10679535487232,-5.42786711087467,3.0415536902625404,-0.8572090741802284,0.007812613417928771,0.009005203349958666,-0.5148305279674888,-0.35317054940612574,-0.19085349161182805,0.007015265071549851,-0.0003284014908899735,0.009794846482691355,0.15970865788403898,6263,421000000,16.54,0,2,2,-13.145013942852946,-4.76142261734449,2.2699703784026184
-12.687625245218829,-7.527379661061074,3.5544102723452156,-14.105953603634187,-5.474767168383814,3.0432948653408847,-0.852472508692045,0.007861879865951061,0.008497523371130423,-0.5226438604497536,-0.33532455415655443,-0.1839247818011039,0.017296978781335483,0.004014939668195439,0.008857900411385344,0.1468993359594606,6263,594000000,18.23,0,2,2,-12.731176141134126,-3.6277875756967313,2.7416068555511646
-12.655864227872215,-7.613320077025024,3.617874702026272,-14.104077476570188,-5.519510219162202,3.0462604209231423,-0.8480691299431867,0.007927785159192919,0.007965703938710354,-0.5297664094868951,-0.32023928099472104,-0.17807387365477848,0.027240646899591964,0.0009035684968239366,0.01447387294319924,0.1256165312952362,6263,774000000,19.09,0,2,2,-12.431938814717402,-3.6039208791044395,3.1321014721689666
-12.62173951154128,-7.696588237022761,3.6841225481205733,-14.098280588345128,-5.5967272014332785,3.0548393381554253,-0.8420598252724775,0.00803877808936915,0.005874977629541998,-0.5392922337163467,-0.29048335092085953,-0.17373795833413036,0.043970321520875405,0.016361547022825107,0.013515836053556995,0.09179138869512826,6263,883000000,19.88,0,2,2,-12.936968904837638,-5.271742170058739,3.1023040725338125
-12.62173951154128,-7.696588237022761,3.6841225481205733,-14.088284601408734,-5.667407022359242,3.067009680565189,-0.8367359395459766,0.007030154688173029,0.003989549095023217,-0.5475469184418722,-0.26160613265310884,-0.17397068301733937,0.05931262260853052,0.016717087601136882,0.007852364433347248,0.08408969224547036,6264,108000000,20.96,0,2,2,-12.713654402409592,-4.747663016793862,3.230608464060371
-12.585260889259121,-7.777032064545336,3.753020396282529,-14.08021610646187,-5.7097578901362915,3.0763558046915906,-0.8338745057723014,0.006326217643096987,0.002999131081416688,-0.5519096781232311,-0.24977410051999044,-0.1732708626702225,0.06752968894454156,0.015610359150741715,0.006035342175891856,0.06800252158427611,6264,282000000,21.93,0,2,2,-12.767390420923709,-3.4868398202839845,3.032935508611204
-12.546444729317436,-7.854504415502291,3.8244294954150524,-14.073046862894486,-5.745365887159946,3.085130422741584,-0.8322459569346267,0.005724255727116595,0.0022611250997327803,-0.5543724266011264,-0.25991625667930685,-0.16591620338557309,0.07155112193217614,0.014906684282323113,0.0037938897321510012,0.014289116279542213,6264,471000000,22.59,0,2,2,-12.911619036391379,-4.008436966100774,3.3045409350273385
-12.546444729317436,-7.854504415502291,3.8244294954150524,-14.067955681596793,-5.782854281869339,3.0941702183435003,-0.8328148747796937,0.005185112462287257,0.0017159149791254457,-0.553524664843601,-0.27487617889096494,-0.1594103221337672,0.07522053880566633,0.0071382021360477665,0.0012495164924075652,-0.023820382193662226,6264,580000000,22.73,0,2,2,-12.820904782424146,-3.8017936355821336,3.0802271803646115
-12.505313868984805,-7.928863465050148,3.8982060370957905,-14.063593814832412,-5.813931468598874,3.1023331858787886,-0.8331689883569288,0.004939100595054035,0.001539811881687382,-0.5529942776421585,-0.2651884005202715,-0.1634092580210585,0.08262933725031246,0.006577566273335833,-0.00036274449541906506,0.000894004595863862,6264,751000000,22.55,0,2,2,-12.483333221759617,-3.3978220069553178,3.4798655017908615
-12.505313868984805,-7.928863465050148,3.8982060370957905,-14.052624587315183,-5.873622244396275,3.120934106235345,-0.8313584982771335,0.004299539072401493,0.0012183726086497722,-0.555718523062117,-0.24509562486542472,-0.16893390484936904,0.09769843783582814,0.007350512487391825,-0.0010128248277396779,0.05441109497041907,6264,904000000,22.43,0,2,2,-12.799043835673746,-4.881601034564129,2.9028827543315674
-12.461897489637368,-7.99997308226976,3.9742014451881857,-14.041822125063684,-5.919038383580844,3.1379495024872104,-0.8284553831987398,0.003783359923879316,0.0010067157743133108,-0.5600413830781306,-0.2313673484747898,-0.1718629788884352,0.11005934525498473,0.006894332955198479,-0.001287257521198626,0.07206785012385808,6265,35000000,22.72,0,2,2,-12.953776621417434,-4.352340523935934,3.06189167760611
-12.416230973744334,-8.067703191672502,4.052262675053997,-14.03350306586937,-5.952667778361488,3.1518736439235036,-0.8267869647648642,0.0035883634660936253,0.0004530752553925006,-0.5625035406691687,-0.24450524278748526,-0.16317521280549097,0.11732372813125821,0.00821721478132531,0.01618517308088485,0.0151071386426338,6265,255000000,23.27,0,2,2,-11.95970147436887,-4.159716918802924,2.6824193868925637
-12.416230973744334,-8.067703191672502,4.052262675053997,-14.02814705410526,-5.982016605000892,3.1640947065133798,-0.827035596406873,0.0038947131055008673,-0.0006866547467370954,-0.5621356437649301,-0.2594432692741158,-0.1562205872665677,0.12262009358186268,0.007920785174064804,0.023155649614636786,-0.01673987917456543,6265,368000000,23.59,0,2,2,-12.973482297945537,-4.024804332988892,3.6350829670122358
-12.3683557442016,-8.131930120548828,4.132232521764882,-14.019950896404852,-6.029944701222389,3.1850262919222594,-0.8269262839432627,0.0040531711133430974,-0.001948954122265033,-0.5622923566131248,-0.2567478000903124,-0.1613908888467152,0.13344767775295222,0.00497821788485453,0.006505978126369882,0.020221119302732404,6265,489000000,23.7,0,2,2,-12.644581590947405,-4.774376199528213,2.808552205934129
-12.3683557442016,-8.131930120548828,4.132232521764882,-14.011359551064746,-6.0707161596773656,3.2047991531150974,-0.8255888634558988,0.0038286872523629503,-0.0022040732544345363,-0.5642548287366356,-0.2434945665959607,-0.16638385945574483,0.14281497242840274,0.004829549061469152,-0.0021936359189567156,0.043719356472138315,6265,713000000,23.6,0,2,2,-12.675155750395156,-4.29075659154077,4.285873611849613
-12.318319086556812,-8.192536931208004,4.213949936692147,-14.003069346363837,-6.104696824343211,3.222809353109037,-0.8240741513262007,0.003600601859674227,-0.0021453737591268056,-0.5664664386825435,-0.24207029522814455,-0.16584746538297343,0.15281851314528402,-0.0006362666169934528,-0.0012618709092748759,0.037155114478082396,6265,925000000,23.87,0,2,2,-13.204824178729487,-4.554010652212273,3.476884576673395
-12.318319086556812,-8.192536931208004,4.213949936692147,-13.986712925362225,-6.172949361391803,3.2623829079741826,-0.8212764844492964,0.0038109821269063718,-0.0015907259487199365,-0.5705154529868484,-0.2495951232299211,-0.16609978490110683,0.1669482330602894,-0.011740287663997151,-0.005940927167102927,0.0614629992924165,6266,81000000,24.18,0,2,2,-12.847941701509873,-6.1053115785286645,3.7724751191018644
-12.266173954716844,-8.249413737196672,4.297250351837313,-13.977922930543215,-6.215996834342309,3.2860583682560685,-0.81830699217926,0.004250267436940756,-0.0007222193426509864,-0.5747652391859376,-0.28364521407300947,-0.1651413168485668,0.16611952041187056,-0.011488507516332902,-0.006758058771083597,0.08265259530162439,6266,187000000,24.89,0,2,2,-12.608998622640227,-4.441805995678371,3.537222622549171
-12.266173954716844,-8.249413737196672,4.297250351837313,-13.971424743097016,-6.256251115993328,3.3062684262598148,-0.8153884953653665,0.004506798787615091,3.142458889475626e-05,-0.5788966137428915,-0.313112467564022,-0.16357532499745178,0.16493654197729707,-0.009355562997370725,-0.008799707393336575,0.07834413117961958,6266,309000000,25.27,0,2,2,-11.604970679976725,-3.571953572341951,3.0885426718818354
-12.211978760775317,-8.302458002624428,4.3819660112501,-13.966683127183385,-6.292129824278437,3.3230210902486643,-0.8134181552753531,0.004563286007720727,0.0007113108006253268,-0.5816610483143926,-0.3261825114309953,-0.16360294535545505,0.16615642503158287,-0.007472606102965074,-0.011508125589898555,0.051262180932099,6266,413000000,25.74,0,2,2,-12.489333082944254,-4.660083000007931,3.9395204845515783
-12.211978760775317,-8.302458002624428,4.3819660112501,-13.955383110345025,-6.361993132121958,3.358019698576439,-0.8126908097112674,0.0042567909871209526,0.002146006261557283,-0.5826756578049762,-0.29994141538744523,-0.17107237517670396,0.1782586653035183,-0.0025405126052646665,-0.013879556718165986,-0.011251045543758664,6266,613000000,26.01,0,2,2,-12.925001574354976,-5.369597672692354,3.480574233795555
-12.155797149641744,-8.35157482376831,4.467926308866648,-13.946972907719141,-6.401495062545264,3.380091151883265,-0.8125828190726133,0.0035192545638339182,0.002457999781984528,-0.5828299368018007,-0.28086971971015173,-0.17566047530273282,0.18534168342149074,0.008581307974964147,-0.009568168024998158,0.012918597803945886,6266,778000000,25.88,0,2,2,-12.786749545047169,-4.679068354077972,2.487123635546686
-12.097697759196603,-8.396677192173357,4.554958132087373,-13.937686075004049,-6.439517846227497,3.402788911128879,-0.8121395979076971,0.00269363503927589,0.0023707233637821974,-0.5834521381495927,-0.27894086223345177,-0.1735007012439403,0.1877374549938931,0.018885970348492265,-0.0023450336357200285,-0.003103582434960117,6266,881000000,25.75,0,2,2,-12.452734083537592,-4.8665212058461425,2.56338677398645
-12.097697759196603,-8.396677192173357,4.554958132087373,-13.926572914649318,-6.491203542028212,3.4329463848449646,-0.8128831135159601,0.001993460200938856,0.001794887882031966,-0.5824206797964139,-0.2775356729875818,-0.1716483119166289,0.19049463428571664,0.0028169977667857893,-0.0007126442653770937,-0.006589651820831932,6267,0,25.72,0,2,2,-12.567568640338639,-5.708893461338406,3.433909607499331
-12.03775396673645,-8.437686238514564,4.642886210402724,-13.917278488270698,-6.528424986045395,3.456307420044913,-0.8127002593195017,0.001491680757789198,0.001531863233098026,-0.5826780558640993,-0.2604414407477617,-0.17631941819825495,0.19720155533495118,0.015524032460234594,-0.0009212399334046495,0.015940428511385107,6267,146000000,25.45,0,2,2,-12.614516157423827,-4.596428104809419,3.5192627849976974
-12.03775396673645,-8.437686238514564,4.642886210402724,-13.90524669590347,-6.569939159271914,3.484476025965794,-0.8122342090626199,0.00038564249784032664,0.0005970002621849411,-0.5833310248040738,-0.2557374160383571,-0.17206786120426004,0.20259706847547795,0.03141027336823754,0.008117823472275632,-0.02552700061642099,6267,288000000,25.41,0,2,2,-11.711395359402747,-5.226087488453821,3.6113191306512067
-11.976043622511344,-8.47453145653513,4.731533468364691,-13.893090186727182,-6.617647214154326,3.517304095014931,-0.8146869369988583,-0.00016354942839649035,-0.0008002550714050107,-0.5799004462205761,-0.25089974561893147,-0.17073372846515267,0.20915397502097338,0.0017635365338719566,0.005822838875246816,-0.044852311111753806,6267,407000000,25.47,0,2,2,-12.47226177958624,-5.60530551529674,3.027027036687503
-11.976043622511344,-8.47453145653513,4.731533468364691,-13.882926194321739,-6.652036566144931,3.5428534723200595,-0.8158847992131275,-0.00011313112727079079,-0.0009177064495991059,-0.5782137489105346,-0.2360420063202037,-0.17703382797239817,0.21581643355188404,-5.804018776700559e-05,-0.0006141392930203438,-0.026610386885295156,6267,661000000,25.04,0,2,2,-11.080183187477136,-3.918840704797282,3.7205383691572744
-11.912648771192371,-8.50715090642781,4.820721382193131,-13.873714471467144,-6.6797104534535094,3.564772894096667,-0.816643871321435,-0.0002002070279081974,-0.0009893748611191164,-0.5771410299811213,-0.2296810953261859,-0.17681354092313187,0.22305093628624967,0.008324641839863034,0.008167148143911618,-0.041197234531864524,6267,783000000,24.84,0,2,2,-12.772607700212756,-4.438368581506604,4.003477632514237
-11.912648771192371,-8.50715090642781,4.820721382193131,-13.863806471744883,-6.7128968175309325,3.5924209116919337,-0.8191703701451731,0.0001528443939218518,-0.0024397511100340678,-0.57354505396641,-0.23365675476109177,-0.16771033033432658,0.2351820043669824,0.0028619574663935055,0.02776068649836816,-0.08495841029798612,6267,910000000,24.71,0,2,2,-11.801398495933219,-5.120078662924176,2.8951727295536607
-11.847655362139955,-8.535491397079774,4.910270339298972,-13.844580916453323,-6.771524650302267,3.645584927499915,-0.8221713903854835,0.0009951797565909224,-0.0031500493478295484,-0.5692304380810631,-0.2088919297278732,-0.1796318310287199,0.24601747377968688,-0.002833988060046977,-0.001969464381090802,-0.018361300317337736,6268,2000000,24.28,0,2,2,-13.183257530230103,-5.982476786676208,4.314132256109512
-11.847655362139955,-8.535491397079774,4.910270339298972,-13.830442189458626,-6.806699174604996,3.6806158602389583,-0.8224351467401825,0.0008812984209200054,-0.002735279421195105,-0.5688516247370974,-0.19444900215939886,-0.18502611251965215,0.25217051341024677,-0.0013617688864542288,-0.00805499685156974,0.0011973516166108311,6268,205000000,23.74,0,2,2,-12.082725901994829,-5.689623201933049,4.31618603126256
-11.781152949374528,-8.559508646656381,4.999999999999998,-13.819604519520157,-6.830987657996626,3.7060971897386086,-0.822302714017169,0.0007246150556862154,-0.002277636199019533,-0.5690452827555676,-0.18879361356190183,-0.18775125710696194,0.25524340300578346,-0.005270743531582411,-0.010708542140491772,0.005940620258115814,6268,326000000,23.68,0,2,2,-12.145506037235785,-4.643831655559498,4.162482759144465
-11.713234382178594,-8.57916742105615,5.089729660701032,-13.806196980297344,-6.859934413557689,3.736938794456978,-0.8221368937015953,0.0004679073034715612,-0.0015785671615804308,-0.5692874644704232,-0.18480797921642206,-0.19082005365552368,0.25789556841791933,0.005650496996167931,-0.012475793664634693,-0.0022735040488441882,6268,459000000,23.71,0,2,2,-12.003585744340734,-5.25519795664776,3.9031996982535206
-11.713234382178594,-8.57916742105615,5.089729660701032,-13.796839205821174,-6.878871487564357,3.757711024005762,-0.8224112951636844,-4.7487846285909434e-05,-0.0013399272173632427,-0.5688917857792883,-0.17809297342380787,-0.1937129643644346,0.26074804442139043,0.00151892418145394,-0.01199486387122306,-0.016732831863919273,6268,621000000,23.74,0,2,2,-12.610440954700692,-4.996915629486212,4.222244779874423
-11.713234382178594,-8.57916742105615,5.089729660701032,-13.784650415184847,-6.901989558340572,3.784022357997537,-0.8228762261472675,-0.00016814458256121976,-0.0007208633854695473,-0.5682201760981476,-0.16999329962347567,-0.19671901927994037,0.26498934347634495,-0.005955159394943621,-0.011120177532575326,-0.01611472926015267,6268,728000000,23.7,0,2,2,-11.62880716339177,-5.355610902883057,4.956953320798776
-11.64399548728488,-8.594441649827006,5.179278617806865,-13.76144167924471,-6.942044516384258,3.8325090821787406,-0.8230019977166114,-0.00032115365379799997,0.00021821696229487594,-0.5680383446530299,-0.15579340944353035,-0.20127839329733427,0.27325156996132227,-0.0037209341144262,-0.008232304116972955,0.008144594539771788,6268,866000000,23.77,0,2,2,-11.915335883527518,-5.823167318940498,3.4583379050240484
-11.64399548728488,-8.594441649827006,5.179278617806865,-13.742405348686322,-6.971846691394879,3.871122818164745,-0.8224792571270497,-0.0004490185347319674,0.0007488946484198452,-0.5687944348663209,-0.14636159224274742,-0.20340784075692214,0.27824349947528654,-0.002206811473115522,-0.006498086713691009,0.016354529543605167,6269,25000000,23.61,0,2,2,-13.03539485931108,-6.092344476076147,3.9442257320873955
-11.573534743627139,-8.605314519193234,5.268466531635313,-13.728365939426064,-6.992483623238564,3.899118566784038,-0.822120265482392,-0.00046678557644640775,0.001096858485070724,-0.569312610167604,-0.14065444210274794,-0.20487096446574907,0.2820111656903289,-0.006098768972151447,-0.0055197561778186355,0.002325829518667888,6269,160000000,23.74,0,2,2,-12.318151112639978,-5.305860453537283,3.647434048074524
-11.573534743627139,-8.605314519193234,5.268466531635313,-13.705605658165677,-7.025183473566656,3.9446447206502437,-0.8227389010135245,-0.00029076526942404765,0.0015079434750122612,-0.5684174014939128,-0.14932426889796843,-0.20367552475922296,0.2855103512427276,-0.0025303247639385518,0.0027833847980218707,-0.021912879492447246,6269,258000000,23.84,0,2,2,-12.187302757371569,-5.350173398329227,3.795558086031676
-11.501952950650319,-8.611778541902554,5.357113789597271,-13.686835278038567,-7.055582940987925,3.9847403874985083,-0.8234685120912755,-8.485935910934161e-05,0.0013196344368065914,-0.5673604330212174,-0.15219787202213658,-0.20375827476962138,0.2883595341967803,0.0005731537783049134,0.0018070632677336107,-0.010440356254548533,6269,377000000,23.74,0,2,2,-12.8515867260808,-5.787271569382226,3.749939883805623
-11.501952950650319,-8.611778541902554,5.357113789597271,-13.661793843354785,-7.093424089590392,4.03711775098848,-0.8235898943313976,-0.00019600751211185303,0.0013034461199008481,-0.56718422806392,-0.14030015024082165,-0.20662059099986635,0.2932860518925113,0.0015022040770418243,-0.00214000890537136,0.003119629786851874,6269,588000000,23.62,0,2,2,-12.94371423228898,-5.581421869018682,4.015200558763433
-11.429352891192822,-8.613835603663967,5.4450418679126305,-13.64261083964191,-7.123277554351418,4.078648824049627,-0.8234756633306339,0.0002980208095670007,0.0003152849438094535,-0.5673514287292962,-0.1592018320345398,-0.20212056832462438,0.29959487423372855,0.0021610687781503657,0.027994111042062286,0.002494452678547532,6269,726000000,23.66,0,2,2,-12.346792622941727,-5.285249068128804,4.101307640600248
-11.355838989967928,-8.61149698600856,5.532073691133348,-13.629825058188699,-7.1461025865966565,4.108801367655876,-0.8232499442426127,0.0011650952948551601,-0.0010265173944670081,-0.5676769487301099,-0.17724499097279095,-0.20075237044212352,0.3014432230055292,-0.0005290414833325485,0.03246630330977496,0.018621863455337007,6269,823000000,23.77,0,2,2,-11.35399067831723,-5.467113108224922,4.909296539167438
-11.355838989967928,-8.61149698600856,5.532073691133348,-13.61051440628896,-7.185796449386521,4.157250364368478,-0.8216924383369836,0.002409892862835301,-0.0028704090604662934,-0.569918845054309,-0.1929818106005718,-0.20129200156190025,0.30243176395574556,0.0030704848086315906,0.01629529615456704,0.04082470441062469,6269,948000000,23.89,0,2,2,-11.181661292014823,-6.32872233108728,3.898927546854319
-11.28151696868165,-8.604783365467831,5.61803398874989,-13.598017574010752,-7.210150311270442,4.187780753567445,-0.8205704503304876,0.002502442358865387,-0.0032221204840710443,-0.5715308318597057,-0.18179665219177485,-0.20303864957983273,0.30493909871104474,0.001991768340303679,0.0002469151837658501,0.03580735647119582,6270,30000000,24.3,0,2,2,-11.362166288310313,-5.655588020933626,3.3471377929837445
-11.28151696868165,-8.604783365467831,5.61803398874989,-13.582111920602827,-7.237935280410008,4.224759153393284,-0.819546024466878,0.0022112119327036494,-0.003022135134568836,-0.5730011265447497,-0.16754968719338775,-0.2054952897182246,0.30812901741341364,0.002777820509436424,-0.008825074473861605,0.016948683605733095,6270,142000000,24.55,0,2,2,-13.045601681180212,-5.2217647199810315,5.215458812684965
-11.206493498832378,-8.593724789026602,5.702749648162683,-13.565257438701856,-7.26423433540555,4.262037851769263,-0.8198439386408667,0.0016624762901540201,-0.002653913119216941,-0.572578474264944,-0.15301848918146224,-0.20884518143428563,0.3108893431794264,0.0061582509260915685,-0.011086357517342549,-0.0229441304327338,6270,305000000,24.76,0,2,2,-13.004760979333643,-4.953048288673699,5.223374583763786
-11.206493498832378,-8.593724789026602,5.702749648162683,-13.547443619143653,-7.289165978073687,4.2996116587280335,-0.8209359747144082,0.0009407527451740518,-0.002336796508667228,-0.5710146931437526,-0.1390126624055816,-0.21261633720662712,0.313642766287625,0.007314084723475389,-0.01105712763092015,-0.03779151593334973,6270,449000000,24.68,0,2,2,-12.190180357961077,-4.991224979270282,4.510425220240236
-11.13087585324229,-8.578360625870383,5.786050063307842,-13.53508828749346,-7.305106286579898,4.324793079560024,-0.8218731989204016,0.0004573746941362761,-0.002150296162096751,-0.5696662285331213,-0.13044521041926488,-0.2147993875335462,0.31513141684707496,0.005537117021958693,-0.010428713994770078,-0.042018552994704805,6270,560000000,24.45,0,2,2,-11.198376209311489,-6.7275824535066695,4.03322262339972
-11.13087585324229,-8.578360625870383,5.786050063307842,-13.51285081888579,-7.331854839732108,4.3691944393329365,-0.8223893076612678,0.0003935457303138692,-0.0011942219827645736,-0.5689237607975557,-0.11861978751394127,-0.2160482833799254,0.31848921628665716,-0.00887936648723553,-0.012426270404830575,0.0070327765570255,6270,701000000,24.28,0,2,2,-12.390479558871847,-5.641659877375805,4.2281900038905516
-11.054771557371982,-8.558739495509858,5.867767478235114,-13.496599163636722,-7.350138186319685,4.4011562615698825,-0.8222631126785332,0.000259594513260042,-0.0005793309959820311,-0.5691071696214128,-0.1106353416013203,-0.2171148420333056,0.3203847644454695,0.004106898177269613,-0.008933835579227889,-0.02731431359279668,6270,842000000,24.24,0,2,2,-11.299380836527336,-6.2576514242422,5.126588943252441
-11.054771557371982,-8.558739495509858,5.867767478235114,-13.473090987120386,-7.374581880859532,4.446219773861759,-0.8252977891638041,-0.000214889617385506,-0.0005075139886688768,-0.5646974902134244,-0.09744421973114986,-0.22027535169714413,0.3231905696263162,0.0016021985402403516,-0.003736125449904648,-0.07754771795589477,6271,23000000,24.32,0,2,2,-11.81743307648014,-6.092426326912119,4.687533438838629
-10.978288041468776,-8.534919172427735,5.947737324945993,-13.44885397070501,-7.39781090621542,4.4916377619116234,-0.8274187498761756,-0.0005751970382721335,-0.0003936457537258677,-0.5615850127493918,-0.08568590956667566,-0.22255909087033277,0.32597933188169353,0.005481026164488867,-0.004268462225809344,-0.03711318349814974,6271,180000000,23.79,0,2,2,-12.48305927203241,-6.252352907770592,4.993017704944486
-10.978288041468776,-8.534919172427735,5.947737324945993,-13.416631708854876,-7.425981747127999,4.550524947244985,-0.8285973851053081,-0.001227599002520738,-0.0004106611515691309,-0.5598434582584255,-0.07282665467069455,-0.22455113890630246,0.3288123686805549,0.006334426780085778,-0.003442964430178108,-0.014672453289676923,6271,273000000,23.46,0,2,2,-12.88142526059245,-5.396906260154579,4.883671548873296
-10.901532294594322,-8.506966467455548,6.025798554811811,-13.395725467373655,-7.445528774710619,4.589500730168618,-0.8292135759781909,-0.0015735240252826347,-0.00046310173417693935,-0.5589294722703273,-0.10282142307308959,-0.21780804393639852,0.3211071464306603,0.004010320026281988,-0.0018411653627481428,-0.023719287673884537,6271,426000000,23.38,0,2,2,-11.100774707540427,-5.310370967701936,4.766260726098075
-10.901532294594322,-8.506966467455548,6.025798554811811,-13.36776531928617,-7.479785484473455,4.646423140203327,-0.830641562108461,-0.0016774853017457367,-0.00016579627109892929,-0.5568049513543091,-0.11515308423191004,-0.21496245096966127,0.31703354974805753,-0.004039404757349985,-0.005512586949407705,-0.03106980730080977,6271,531000000,23.35,0,2,2,-11.708109444967219,-6.569034619041113,4.427124957382985
-10.824610521570174,-8.474957086149745,6.101793962904201,-13.34549640700389,-7.505416938534136,4.690894725596044,-0.8311856471867456,-0.0016624919623065247,0.00041846372109431186,-0.55599233890346,-0.10161367641073313,-0.21682062822183323,0.31976872509599,-0.004691567755799042,-0.00748264847061364,0.0012864390697586714,6271,659000000,23.12,0,2,2,-13.43703344725421,-6.189273729132389,5.122963846906299
-10.747627803869088,-8.438975464497581,6.175570504584945,-13.323246097906418,-7.529958497128774,4.735891066277065,-0.8316091992558655,-0.0017981216204031323,0.0004304057405538678,-0.5553581918208775,-0.10652727970320623,-0.2042003211009634,0.32542986776547844,0.0082658253631962,0.011153379728057189,-0.04923278356727678,6271,773000000,23.08,0,2,2,-12.129238673117982,-6.4676821446593715,4.728003773450306
-10.747627803869088,-8.438975464497581,6.175570504584945,-13.300714937604626,-7.560437450065717,4.787730215721618,-0.8324792390022325,-0.0008202463147720023,-0.0002674897779495495,-0.5540555678589155,-0.13616391191951804,-0.21060042685616973,0.3197152467447576,-0.013965024754725164,0.009048532683664234,0.05635820016323123,6271,882000000,23.06,0,2,2,-11.735129678663435,-6.437859939340943,5.110666068125039
-10.670687765466973,-8.399114582343575,6.246979603717463,-13.284158913966682,-7.586622235086863,4.825861497130089,-0.8306204465113347,-0.00018932529579733688,-0.0005501960766269125,-0.5568386977191153,-0.15875938114345212,-0.20609224690478292,0.3184278300440848,-0.001459162263017788,0.012692523614532547,0.026158081891480833,6271,966000000,22.96,0,2,2,-11.774481768378482,-6.127418066464432,4.514946700548668
-10.670687765466973,-8.399114582343575,6.246979603717463,-13.263211120894509,-7.629099422511412,4.883142226003866,-0.8308508774495013,0.0004660085217691017,-0.0013162542944843887,-0.5564933690099853,-0.1894771828898297,-0.1871979117073873,0.31561419215370895,-0.001453964534903207,0.004420600544108311,-0.018307778918824624,6272,103000000,23.3,0,2,2,-12.081507381318511,-6.379089679809449,5.907994731314171
-10.593892244653583,-8.355475754986642,6.315877451879423,-13.250657650013453,-7.657837441832486,4.921129430231922,-0.8316556657759442,0.0005908698292104475,-0.001011295713439758,-0.5552904480869412,-0.17276013046958408,-0.1902463677123928,0.31720751357104293,-0.004918195054415264,-0.008396597422688501,-0.028408605066942982,6272,211000000,23.17,0,2,2,-10.541167841175083,-6.158070549491294,5.018041811115414
-10.593892244653583,-8.355475754986642,6.315877451879423,-13.232646710845888,-7.694227595690874,4.9714213106292755,-0.8330686736203838,8.044428263140067e-05,-0.00013973602397631974,-0.553169557219968,-0.1732785448807911,-0.18998186109633336,0.3046785362714343,0.0031886273973213974,-0.015568995331705082,-0.03297173207101878,6272,350000000,22.92,0,2,2,-11.47405300979946,-6.742614541258946,4.766441723675129
-10.517340972781431,-8.308168403456124,6.38212529797373,-13.219641435112738,-7.722114765214662,5.00746905038667,-0.8340805667506335,-0.00017844795212152136,0.0009040423766258003,-0.5516418757061972,-0.1629403731288655,-0.1926145875326011,0.3008968384917575,-0.012002317998849321,-0.017529901015223004,-0.027145035164721776,6272,500000000,22.53,0,2,2,-12.233090012360918,-6.850540497096395,5.07810331462361
-10.517340972781431,-8.308168403456124,6.38212529797373,-13.202777052866912,-7.752284762680047,5.049775669475762,-0.8355228764485612,-0.00020955193320263635,0.0022343006638916685,-0.5494510778219048,-0.13795250923225186,-0.19911136956957798,0.30364539631849025,-0.007474734866264043,-0.01319605544267688,-0.06639382263529114,6272,664000000,22.26,0,2,2,-12.014246432871856,-6.00899396467086,4.8997563103717665
-10.441131260909902,-8.257309804031784,6.445589727654782,-13.189758947637984,-7.7724496573524835,5.0802087074253865,-0.8378839464024476,-0.0004924707815340808,0.002561113810192057,-0.5458421846373188,-0.1314417171581385,-0.19990282508995633,0.3047456667461762,0.014254570305638481,-0.002510223396257061,-0.09480088701820932,6272,792000000,21.91,0,2,2,-11.868052820977738,-6.193738000742418,5.2671296627747655
-10.365357695277192,-8.203024817628188,6.506142932007223,-13.174803454975468,-7.7970009965967195,5.116751762226057,-0.8411151029317474,-0.0010753457069132284,0.0018950610298312453,-0.5408517689676346,-0.13185123814292204,-0.19778683916532847,0.3054189431697111,0.00950754365476314,0.005365302376958425,-0.0964825987466611,6272,978000000,21.4,0,2,2,-11.853283392490972,-6.00867676984569,6.04484385197258
-10.365357695277192,-8.203024817628188,6.506142932007223,-13.156169618539842,-7.823962344597427,5.159633750405324,-0.8441473147705212,-0.0014145177941279024,0.0015766455819611613,-0.5361071015140886,-0.10461927456805029,-0.2048210753032794,0.3081857842740173,0.005486346390171093,-0.0019023111462956876,-0.06326953953248449,6273,108000000,20.72,0,2,2,-11.267114629085896,-7.5416902222605,4.771516798706557
-10.365357695277192,-8.203024817628188,6.506142932007223,-13.13217359133876,-7.851272067175618,5.209159727676495,-0.8462037001736815,-0.001759158651020955,0.0017661089104898948,-0.5328537172925856,-0.07470568002123895,-0.21125186811673452,0.31196943406051814,0.0005695340860256692,-0.0057789988659351366,-0.03925656164938118,6273,246000000,20.06,0,2,2,-10.71929769907373,-5.912801878631771,6.144256190282494
-10.290111842505238,-8.145445599717654,6.563662964936058,-13.119475511355654,-7.863635216750051,5.234218644845568,-0.8473319152045388,-0.0019925985281590156,0.001725965030617911,-0.5310571307040578,-0.06701743207982871,-0.20380610097304577,0.31653435770731064,0.014021624247106956,0.006050979300198378,-0.08767156177782454,6273,418000000,19.61,0,2,2,-11.582208970408246,-6.540288773884347,5.008002421096999
-10.215481965412536,-8.08471129151785,6.618033988749896,-13.099772654338679,-7.883751893950008,5.279325326794555,-0.8528984098607559,-0.0019372861466015368,0.00010956021119544479,-0.5220733065154164,-0.059723061774059415,-0.18281130492589465,0.3264066524274705,0.00012042009203128146,0.021455692512972746,-0.16241601842921227,6273,529000000,19.5,0,2,2,-12.053306317409334,-5.9188823577765355,5.057596846569152
-10.215481965412536,-8.08471129151785,6.618033988749896,-13.088543164117795,-7.894365474350463,5.305403750785585,-0.8557919174373599,-0.001534511691994196,-0.000329933844805517,-0.51731782345712,-0.04730250947293594,-0.18614672222873827,0.3267474809725941,-0.00538279268766928,0.010025870051322272,-0.12372772471280769,6273,699000000,18.23,0,2,2,-11.904417381137753,-6.284215572151631,5.779143450833658
-10.215481965412536,-8.08471129151785,6.618033988749896,-13.0642182717237,-7.913702879749033,5.357585658626131,-0.859909468188466,-0.0010881066801404866,-0.00016140962042400937,-0.5104453903118495,-0.022997715348182457,-0.19390894425361468,0.32660530975446733,0.0010734760280683986,-0.0037725724951087614,-0.08464894344797358,6273,832000000,17.64,0,2,2,-11.440029254743019,-6.993265460201011,4.863493218154677
-10.141552750277675,-8.020967693220346,6.669146507442604,-13.04422218720198,-7.926548487560494,5.396708798281424,-0.8622236234020009,-0.0013985257131010826,4.302520518142472e-05,-0.5065258784328655,-0.0044615641338778805,-0.1992414541404976,0.32613641744919064,0.003084367608607863,-0.006524627815451822,-0.06926402347744443,6273,987000000,16.77,0,2,2,-11.384643046935471,-6.380093632846013,5.1877203110651555
-10.141552750277675,-8.020967693220346,6.669146507442604,-13.023118723507974,-7.938194415399395,5.435863003882846,-0.8642964798323771,-0.0017739725908686838,0.00010105800187735451,-0.5029795599802125,0.0015861626419130994,-0.19635357484840693,0.330039924517281,0.00904765292943921,0.005032253011449939,-0.07827537483535707,6274,98000000,16.27,0,2,2,-11.471657455791068,-5.918213024312974,5.630966210837056
-10.068405046361017,-7.954366920084192,6.716897587203733,-13.009885323773581,-7.946044035915415,5.462536162039939,-0.8660778038046153,-0.001820609259892783,-0.0005105628069769861,-0.4999056535632668,-0.0033805885154326648,-0.1886556916626178,0.33617745113733005,0.007354428362305043,0.015270056337612914,-0.09357108137919568,6274,250000000,15.68,0,2,2,-11.56084728700272,-6.525033768601746,5.82646743579934
-10.068405046361017,-7.954366920084192,6.716897587203733,-12.989681335511156,-7.957152261323059,5.502684682004834,-0.8687909657264298,-0.0018691100422612665,-0.0011284300196651067,-0.4951742026251752,0.012543210169701887,-0.19243097332519155,0.33446862103166636,0.005602699820883572,0.004273115291653085,-0.08917051382013597,6274,352000000,15.48,0,2,2,-10.754787390053046,-6.352155643178326,5.1078714919973525
-9.996115618455198,-7.885067042264726,6.761191063713476,-12.971847797852378,-7.9654759364017576,5.535884920846432,-0.8709476307251406,-0.0020676127826555687,-0.0012885091684556678,-0.49136980906010874,0.02482755246009689,-0.19527128803755192,0.3315834877969095,0.001730135932120902,-0.0007146051871131931,-0.08231243773479946,6274,467000000,14.96,0,2,2,-11.14644049013461,-6.879335837081062,5.7053497508525455
-9.996115618455198,-7.885067042264726,6.761191063713476,-12.949928346994394,-7.975004554848068,5.575303390244449,-0.8728950691045323,-0.002024145688254944,-0.0011332423514225376,-0.48790246661499775,0.031163346094115047,-0.19644571158831056,0.3276637850760845,-0.004306404252929497,-0.0036636773074860685,-0.057662073595565744,6274,618000000,14.55,0,2,2,-11.772047343934418,-7.229266284365682,5.668082417355914
-9.92475691319517,-7.813231709291097,6.801937735804839,-12.92326360780077,-7.984999089456239,5.620736898349467,-0.8747910721149598,-0.00205401372664258,-0.0006298479745717046,-0.4844955773452414,0.048004222352814305,-0.1994555021659645,0.32342390456758296,0.00033971846278291196,-0.0074265133207518375,-0.05911607549933251,6274,764000000,14.2,0,2,2,-10.583831287603115,-6.476651687048915,5.821759435671393
-9.92475691319517,-7.813231709291097,6.801937735804839,-12.895929174864976,-7.994045825551804,5.665649640114295,-0.8772472636136732,-0.00247014836804101,-0.0005434816328130723,-0.48003212546357465,0.04242824938898686,-0.19343080968089169,0.3205075767649601,0.00900532113519148,0.0032603220006421907,-0.09301672544097528,6274,861000000,13.88,0,2,2,-11.906378113083626,-6.760750574782083,5.991795826985476
-9.854396839817479,-7.739029760147331,6.839055545102901,-12.874316701345625,-8.002872494008793,5.703854467768887,-0.8802183248453019,-0.0024805392755386847,-0.0009038097327997025,-0.4745616194546287,0.039564013385654365,-0.1888790078736516,0.3178704273692084,-0.0051372763664403465,0.002451145428494783,-0.10339376312913373,6274,998000000,13.44,0,2,2,-10.04654800629904,-7.352476332195838,6.141936775419837
-9.854396839817479,-7.739029760147331,6.839055545102901,-12.852387175083457,-8.011317927602539,5.741601032517121,-0.8829557398630327,-0.002251704154974887,-0.0007311704320620473,-0.4694502707008722,0.03623639016158185,-0.18973941175299344,0.3122357718850126,-0.0020963843553545303,-0.00027452401241134794,-0.08361994914594106,6275,78000000,12.86,0,2,2,-10.668276077776904,-6.7610173430179215,5.669383405758817
-9.785098566014495,-7.662634819950148,6.872469741279472,-12.828529723625772,-8.023857851504717,5.784499749038437,-0.8851459582636552,-0.0020325348288739884,-0.000568436414369943,-0.4653086913563164,0.022220823348787385,-0.19052045785607225,0.3041062131391009,-0.008027194235182833,-0.004011036617157515,-0.060086075245635584,6275,222000000,12.31,0,2,2,-11.917761546220651,-6.941153649173971,6.25216825133305
-9.785098566014495,-7.662634819950148,6.872469741279472,-12.811054004862585,-8.032416464736801,5.814642591470108,-0.8865069324502662,-0.0018553155157340177,-6.244453251559828e-05,-0.4627115868687929,0.03613415663467887,-0.19178811082615055,0.3004146051254931,-0.007078749013089691,-0.00937224785957369,-0.05770953503088094,6275,342000000,11.87,0,2,2,-10.818376320737753,-6.728424674686003,6.200827580039542
-9.716920329484363,-7.584224884252885,6.902113032590306,-12.789082658069468,-8.041477988047655,5.850315029661492,-0.8880607589337803,-0.0018580412688323801,0.0006667770269171852,-0.45972186323145164,0.04338851704437737,-0.1925841840885843,0.2942172994216199,9.754638909953428e-05,-0.010525117886572843,-0.051389517466304824,6275,461000000,11.6,0,2,2,-11.841313981804134,-5.60333058060551,5.957681461718692
-9.716920329484363,-7.584224884252885,6.902113032590306,-12.768034554217415,-8.051894114984586,5.884854926237713,-0.8892840575279398,-0.0021835663846704457,0.0011403136234652443,-0.45734865994045226,0.03199459820276573,-0.19258273644240123,0.28487820061240676,-0.0007813706929482578,-0.009392749598191585,-0.04836904990952462,6275,556000000,11.27,0,2,2,-12.120491679267616,-7.075372557353425,6.508631875934652
-9.716920329484363,-7.584224884252885,6.902113032590306,-12.738810059554778,-8.064367591393259,5.929920036306989,-0.8915104890769526,-0.0023323112980024353,0.001933673603515401,-0.4529899216275973,0.057310823686867664,-0.19304823036390165,0.27956607098661157,-0.005006228866477613,-0.009919510193867609,-0.07041843273327686,6275,665000000,11.01,0,2,2,-11.855154703791595,-6.692121236021308,5.611065810767676
-9.649915265730048,-7.503981892038007,6.927925721391706,-12.712496356464085,-8.074628914789905,5.968118667856302,-0.8932438695023952,-0.0026433584756499345,0.002657889899619531,-0.4495568238539356,0.04161623795978391,-0.195948491354564,0.26449211540962086,0.002010511730077269,-0.012994258213439025,-0.030373937443073373,6275,769000000,10.48,0,2,2,-11.092049257527963,-6.406525438114471,6.198821769433167
-9.58413125261237,-7.422091288490966,6.949855824363647,-12.694878860582138,-8.084131730897566,5.994037868447394,-0.8935735865696078,-0.002828832435209702,0.0031627901708868836,-0.44889669173487545,0.02359633066920807,-0.19861951115805374,0.2596209670531819,-0.0070194556883507175,-0.0019499181973969826,-0.003049853944503411,6275,889000000,10.04,0,2,2,-11.09904134232636,-6.2608532975676106,6.3492187222068965
-9.58413125261237,-7.422091288490966,6.949855824363647,-12.67794132725001,-8.094937799514689,6.020314246436878,-0.8934189796749608,-0.002315039659740098,0.0029184466453599277,-0.44920891578095823,0.013859316051677676,-0.2006757963500463,0.26484748847266715,-0.001968243475403142,0.013543973363994155,0.00925928261494846,6276,35000000,9.91,0,2,2,-11.031466860952111,-6.924389647406793,6.237498585677624
-9.51961077211188,-7.338741578675988,6.9678591771972584,-12.65319594713759,-8.108707265911034,6.057090647228576,-0.8937415610012058,-0.002296173808189228,0.0023556331814142063,-0.4485701736822065,0.04120022192581484,-0.19921658612569004,0.2609915886823627,-6.545358814946667e-05,0.0024019002694330993,-0.02664277435542317,6276,172000000,9.9,0,2,2,-10.379104081624511,-6.884303294637444,6.15954298808815
-9.51961077211188,-7.338741578675988,6.9678591771972584,-12.634451330055148,-8.116716981960476,6.083000457146973,-0.89453546016881,-0.002301696133479469,0.0023333455530042935,-0.446984975356012,0.05109283634142042,-0.19486586995709115,0.2576537216983811,0.003578893574740505,0.0014966868548071943,-0.034583119122544304,6276,297000000,9.76,0,2,2,-11.219860651550638,-6.870039907859656,6.825583057171663
-9.51961077211188,-7.338741578675988,6.9678591771972584,-12.609035051743708,-8.12731598533134,6.118705038114049,-0.8955490236435393,-0.0023024815270099065,0.0020938761862589386,-0.44495197551245647,0.057435504158643444,-0.18759391895056196,0.2530123823387186,-0.0029052765285086934,0.0009211171800416196,-0.04269446508260444,6276,407000000,9.64,0,2,2,-11.493450973099119,-6.954268277282429,6.5989394599824065
-9.456390789702807,-7.2541238732583775,6.981899523535869,-12.58658506409296,-8.134797923849945,6.14861749185309,-0.896931115677946,-0.0022959198006487686,0.0021040924477790687,-0.4421593324537602,0.0640369860266832,-0.1836958429512771,0.24331137587118032,0.005643303666147403,0.0025817520736381994,-0.050532004024717025,6276,540000000,9.25,0,2,2,-10.841027405049168,-5.737858347717056,7.090581952871675
-9.456390789702807,-7.2541238732583775,6.981899523535869,-12.5620162093535,-8.144420826212084,6.181311013775869,-0.8983083768741871,-0.002386572084235227,0.001711871920602208,-0.4393557030537758,0.04048292513603117,-0.17799502786684057,0.22588930659115247,0.0004333156653046899,0.002183293690904975,-0.040152141082216986,6276,644000000,8.89,0,2,2,-9.976151090961691,-6.353710219648812,6.367534615434698
-9.394502651690065,-7.16843142743993,6.9919485879904775,-12.549240357412911,-8.151135713020286,6.1990083091058,-0.8990067675812095,-0.0023046078004757982,0.0017864543650437047,-0.43792502692455537,0.03524639262396938,-0.17638965889500757,0.21946360901330078,-0.0075420587108965265,-0.0032887631732592126,-0.04334763216320425,6276,770000000,8.56,0,2,2,-10.847035903005098,-6.345497368203684,5.531980613443394
-9.394502651690065,-7.16843142743993,6.9919485879904775,-12.529192261459308,-8.159853589733322,6.225059564971403,-0.9003615597565133,-0.00198405674939701,0.0023890684500960375,-0.4351314945893645,0.05795587699484169,-0.1751653460826999,0.21531954235089668,-0.009150923779088771,-0.008584798524680082,-0.05764033594459761,6276,884000000,8.37,0,2,2,-10.70615621706555,-7.095978879465048,6.210540557275476
-9.333972000806504,-7.081859174291824,6.997986133082629,-12.511269350047964,-8.165406454289691,6.246445295089378,-0.9017216711737632,-0.0018101058536281161,0.0029809722952379523,-0.4323029783110093,0.07980211848873761,-0.17396919004395592,0.21222342690054585,-0.004787727402799646,-0.008904350033844821,-0.06772412671125494,6277,45000000,8.01,0,2,2,-11.241229559512469,-5.573902045131172,6.463562550846149
-9.333972000806504,-7.081859174291824,6.997986133082629,-12.480018648935097,-8.170825531389477,6.2801282745847296,-0.9043303280401216,-0.0018300314897609917,0.0036129242182642027,-0.42681407609190375,0.11411088206573919,-0.17154770617748885,0.2078373434235694,-0.0018070890405397222,-0.0055538335800520144,-0.08122528088279068,6277,184000000,7.64,0,2,2,-10.914894259467966,-7.2632267993614965,5.908890125202989
-9.274818710313482,-6.9946032536850655,7.0,-12.459017511791405,-8.172230805956236,6.300858945654375,-0.906127594435437,-0.0018454172887409433,0.003841791220144434,-0.4229829992776297,0.13422576738124797,-0.16958473889508502,0.2049238780584372,-0.0008749965843435348,-0.0031782876703800866,-0.08786621910985559,6277,299000000,6.96,0,2,2,-11.210439228749577,-6.727075303639858,6.47662648709721
-9.274818710313482,-6.9946032536850655,7.0,-12.428126485707395,-8.171990029406855,6.329544948889304,-0.90884904070705,-0.0018525120201598132,0.003862397465380782,-0.4171031902190505,0.1468987556178463,-0.16208900908679463,0.20555107799380185,0.00431237708653498,0.005914911071158713,-0.09792350538191386,6277,394000000,6.51,0,2,2,-10.656806606376772,-6.820566533883222,7.101189037187536
-9.217056836792455,-6.9068605380300525,6.997986133082629,-12.403200226973484,-8.171892514289722,6.354719574802538,-0.9113072506955018,-0.0018510145854231518,0.0030649915233033863,-0.41171139697823794,0.13042299974711222,-0.15372653999523359,0.20862241366269235,0.008146937489073025,0.015287862788682105,-0.09189223128487356,6277,521000000,5.83,0,2,2,-11.06154616173259,-6.668929299985119,6.084229980094848
-9.217056836792455,-6.9068605380300525,6.997986133082629,-12.375767788454347,-8.173321178842652,6.383646341493679,-0.9137266834850535,-0.0017845863912036041,0.001932608745882092,-0.40632084386879835,0.1292791277794656,-0.15183466998943507,0.2033450352166203,0.0023919370278235874,0.011975863890256733,-0.08538430047337897,6277,641000000,5.27,0,2,2,-11.205585905244027,-6.726087010055568,6.595647116160806
-9.16069459176005,-6.8188281560460045,6.991948587990478,-12.355553149330746,-8.17357814321993,6.403856205683492,-0.9154548762111735,-0.0015302282610406362,0.0015441529792463084,-0.4024147656513496,0.13385101080331574,-0.15003122752047207,0.20194905651298586,-0.006680422120552976,0.007566164731542813,-0.0804842304205522,6277,769000000,4.73,0,2,2,-10.238453371512469,-7.236989068828648,5.453221369741828
-9.16069459176005,-6.8188281560460045,6.991948587990478,-12.33204222096091,-8.17455266954843,6.4282214486483085,-0.9172008867851724,-0.0009833918436977244,0.0013919019311973465,-0.3984214211484982,0.12150540627166254,-0.14862454339333345,0.2016679611473057,-0.006646717292824178,0.005449406035040738,-0.06623606604989618,6277,884000000,4.35,0,2,2,-11.582250136071675,-5.782996673421092,5.832525234647658
-9.105734332182745,-6.73070301578608,6.98189952353587,-12.309626675289712,-8.176744150170164,6.451969355154428,-0.9186462520917204,-0.0005431261213527157,0.001272099013119558,-0.3950786634278701,0.11902899519751149,-0.1477032124892387,0.19413114066095144,-0.004410027759149671,0.002443632138238172,-0.05903065684833564,6278,25000000,3.94,0,2,2,-10.51328031609029,-6.176949531855894,6.537184770289001
-9.105734332182745,-6.73070301578608,6.98189952353587,-12.277833864024483,-8.177169883045059,6.4822516094963145,-0.9205283106011677,-0.00028045626655318935,0.0014688352747704429,-0.3906730004095216,0.15129856235931688,-0.14328373133984784,0.18417460931052912,-0.0035351761880519916,-0.0030312607350424514,-0.06073228651075624,6278,105000000,3.61,0,2,2,-11.192107585545942,-6.4731288018889295,6.42419743548904
-9.052172569911487,-6.642681328146602,6.967859177197259,-12.238245831915036,-8.17283039209405,6.514476279651921,-0.9223741864605712,-0.0006095550476827851,0.0015751119195064013,-0.3862939393988523,0.18923171169958136,-0.13841600708237714,0.17338825164086966,0.004947368643115624,-0.0013988532487019256,-0.044336740029393695,6278,215000000,3.17,0,2,2,-10.634385715611986,-6.899795954811803,6.181635451127114
-9.052172569911487,-6.642681328146602,6.967859177197259,-12.201031885533874,-8.167145245168026,6.541944604978185,-0.9232256939289625,-0.0009544968824678022,0.0012157112951539648,-0.38425503126326616,0.18564830450206116,-0.1428457248107049,0.16976101715170533,0.005780036190117244,0.00552103842892393,-0.013718113677896326,6278,333000000,2.78,0,2,2,-11.117470685736945,-6.794394020484902,6.7718594918567865
-9.000000000000002,-6.554958132087373,6.949855824363648,-12.173292959433452,-8.163497910149658,6.562240748396865,-0.9235112283383023,-0.0010020334989315073,0.0008515794540217811,-0.383569135716601,0.18596377266616992,-0.14025149894881778,0.16805304296421156,0.0012745856793117127,0.004306492837713449,-0.0147971745718678,6278,492000000,2.6,0,2,2,-11.356973536527143,-6.980700170983622,6.045632165615117
-9.000000000000002,-6.554958132087373,6.949855824363648,-12.137280965283718,-8.15891011362152,6.588633581212429,-0.9238395210708528,-0.0010377081730304008,0.0006201806289677261,-0.38277810523240796,0.16384527149793973,-0.1399722846478224,0.15903863536550336,0.002001185089284263,0.0002623185594075039,0.0010758321280945893,6278,598000000,2.48,0,2,2,-10.4833625405949,-6.907499514140681,7.079721057657657
-8.949201547814672,-6.467726822785956,6.9279257213917065,-12.116322691551858,-8.15799110766574,6.604602882258103,-0.9236350763928401,-0.0007312491746292655,0.0005124733736425479,-0.3832720291157158,0.1505872592514019,-0.14297248762664905,0.16351581870579593,-0.009778826370165916,0.010621887304296251,0.01867453956947429,6278,734000000,2.3,0,2,2,-9.901623727705243,-6.235718928384775,6.136052207155104
-8.899756434788042,-6.381178683941173,6.902113032590307,-12.091685002899558,-8.157849661777213,6.624887594491697,-0.9230599807220214,9.081646240689165e-05,-0.00018517205393273506,-0.38465598845350374,0.14443166330775675,-0.14457862225544976,0.17013803850919942,-0.002775585426206817,0.015950819943100214,0.02099467492371332,6278,847000000,2.25,0,2,2,-10.91514954246585,-6.407474850150612,6.371179079679052
-8.899756434788042,-6.381178683941173,6.902113032590307,-12.07527417708325,-8.157446911680918,6.638160691910647,-0.9229400763830145,0.00030726821301104514,-0.0005936547979830294,-0.38494307185133403,0.15163007444491344,-0.1403673769545905,0.16286061102939992,-0.0020183945025564753,0.008155877094395692,-0.0033549855174896948,6278,986000000,2.28,0,2,2,-10.324865280528988,-6.327436769338242,6.8231607768472475
-8.851638262612344,-6.295502425429958,6.872469741279474,-12.045255453158637,-8.154252644006933,6.6599734857759385,-0.923744585151745,0.0006019289486666831,-0.0006088522182153411,-0.3830081048533407,0.1806283373792386,-0.13238384524636476,0.15016491525313802,-0.00038395164416726857,-0.0017561809841026843,-0.047936335977283306,6279,81000000,2.24,0,2,2,-10.7306034629999,-5.4479654207624995,6.983448466932594
-8.851638262612344,-6.295502425429958,6.872469741279474,-12.02244953774353,-8.149777448639737,6.674475991070136,-0.9248525515473296,0.0004569123996914841,-0.000534245153815987,-0.3803252078282064,0.20282067575112891,-0.12676306202953522,0.14120587453281888,0.002475814017088851,-0.002906692611759354,-0.06501252064481378,6279,214000000,1.98,0,2,2,-11.207716498713323,-7.017585813893876,6.28392290031863
-8.851638262612344,-6.295502425429958,6.872469741279474,-11.993565514493742,-8.142130758787903,6.690714343985982,-0.9264775244020944,0.0003126010210135522,-0.0003886292938373865,-0.37634976820192173,0.22725765727975814,-0.12001131508805427,0.13063229866857853,-0.0018961351202051446,-0.0035990381775263813,-0.07478565603378229,6279,330000000,1.78,0,2,2,-9.896614453414593,-6.214194136730337,7.350500238730595
-8.804815115615014,-6.210883727508031,6.839055545102902,-11.973484824223917,-8.135779157973095,6.700835020497675,-0.9276001567691858,0.00037315919543319314,-0.00019497263993818216,-0.37357431911156086,0.24039017579450617,-0.11584696085106724,0.12431899915820285,-0.004340573946137738,-0.0031600124657416018,-0.0718492221494671,6279,496000000,1.64,0,2,2,-10.006160781877975,-7.089194543177157,6.1711276510147215
-8.759249681003741,-6.127504792727141,6.801937735804838,-11.938540609132907,-8.1249852335032,6.71873229374069,-0.9286239354821889,0.0009157945084145355,-0.0004609095759402814,-0.3710209365148446,0.23213561067335928,-0.11670379868454947,0.12865436144020564,-0.0038136854072945425,0.009503662749921205,-0.02598952742118854,6279,661000000,1.67,0,2,2,-10.495795933161707,-6.964664605418841,6.385652512184528
-8.759249681003741,-6.127504792727141,6.801937735804838,-11.908096322812021,-8.114889785367549,6.733435902786974,-0.9294273194607585,0.0012263821605340438,-0.0006573615238414061,-0.3690026039238914,0.2502903359688923,-0.11053364701976236,0.11734077332347774,-0.004585705892168335,0.001320452417985507,-0.04434153925103601,6279,821000000,1.8,0,2,2,-10.237227083636263,-6.171635799387817,6.516610473006058
-8.71489938661576,-6.045543906721693,6.761191063713477,-11.876806516458894,-8.103085414288545,6.746808380305072,-0.930546571873816,0.0013299487676715733,-0.0005660247408999029,-0.36617070940499447,0.255527144721538,-0.1031225811431558,0.10962689573495585,0.005196516212890856,-0.00034801252155602924,-0.05450771968753543,6279,946000000,1.95,0,2,2,-10.207413317686406,-6.393810173111026,6.673693087264708
-8.71489938661576,-6.045543906721693,6.761191063713477,-11.851838631571743,-8.09347816792234,6.757723990655183,-0.9315861291988934,0.0010593290019329502,-0.0007365610371921558,-0.3635183890591052,0.24734153165194406,-0.09649217793322908,0.10779002117223088,0.005235129174252506,0.0014808318496761785,-0.06092931071179919,6280,98000000,2.18,0,2,2,-10.07087156888188,-6.316197394137942,5.858198515694131
-8.71489938661576,-6.045543906721693,6.761191063713477,-11.8215386572157,-8.080882545018735,6.7698829611949325,-0.9330712797368971,0.0008587766656308608,-0.0008547705694889133,-0.35968947552028985,0.26539638986835984,-0.08978887707960845,0.09645832255936518,0.0017603361243345717,-0.00022216103872096937,-0.07061141586746089,6280,204000000,2.4,0,2,2,-10.935175184411037,-6.6305130530054,6.538180605397787
-8.671716555753717,-5.965175008993652,6.716897587203731,-11.789996797259114,-8.066461083043578,6.780578386477304,-0.9344989945491151,0.0007959165538639484,-0.0008038741173718405,-0.35596397217967896,0.2840351351438003,-0.0834077675547059,0.0839445209976164,0.00022415756859572866,-0.0018340746009926079,-0.06268470024224371,6280,337000000,2.78,0,2,2,-9.803469344661362,-6.893148803158025,7.160439206164977
-8.671716555753717,-5.965175008993652,6.716897587203731,-11.757504614500847,-8.050781276285253,6.789956826089959,-0.9355773868841768,0.000798515473784469,-0.000730562337953881,-0.3531200671197883,0.2843490350493688,-0.08355604938179759,0.07690393307952983,-0.0016180015109057422,0.002031103645094845,-0.023047095783113036,6280,405000000,3.2,0,2,2,-9.334241582913812,-7.687652962393978,6.456034896241653
-8.629648578639825,-5.886567274798598,6.669146507442607,-11.720353261055262,-8.03440936086911,6.800399625937754,-0.9354825172559893,0.00092245719222984,-0.0010227675413752115,-0.3533702915182348,0.27990753097160853,-0.08748420952285156,0.07035292893635553,0.0017256301021006948,0.003241598096792586,0.004468485576580861,6280,547000000,3.53,0,2,2,-10.31212633803044,-6.756747889232236,7.080880174895853
-8.629648578639825,-5.886567274798598,6.669146507442607,-11.682083380993715,-8.01651786585202,6.809166572972346,-0.9355740279474455,0.0008403743725789381,-0.0011329629243668929,-0.3531278074523704,0.29799068421485203,-0.08218958757034234,0.05717078985794603,0.0015212672678899253,-0.0005412787942304931,-0.011341069057380082,6280,648000000,3.54,0,2,2,-9.905902224199565,-6.08649340962567,7.882460315152208
-8.588638099970249,-5.809884709205925,6.6180339887498985,-11.63329500181744,-7.992444025626617,6.817179526456101,-0.9364462200313002,0.0006842518403850239,-0.0011295949072227867,-0.35080868404851945,0.275734927605006,-0.0745954864826576,0.032888074871430396,0.0012967346151526726,-0.00020115406584864104,-0.04341581879998557,6280,774000000,3.62,0,2,2,-10.471018606668746,-6.416593230084921,7.311241360977579
-8.548623222003823,-5.735285754374288,6.563662964936061,-11.607526196427571,-7.979563820307206,6.819841684770182,-0.9374413332159421,0.0006261926067804885,-0.0010827218228530026,-0.3481410380500842,0.2844934506810032,-0.06872039963689587,0.023261048166817226,0.00036466769017806655,-0.0022747675075152074,-0.06762350531062111,6280,849000000,3.98,0,2,2,-9.347905506805304,-6.294126980599697,6.905114226941973
-8.548623222003823,-5.735285754374288,6.563662964936061,-11.565531446696195,-7.9573992932968824,6.822026734354546,-0.9395325449439517,0.0008088356455406439,-0.0007232330892701366,-0.3424579093990069,0.2838363140201016,-0.06357944321792489,0.0026828934239331386,-0.011331457517371746,-0.004232488527122769,-0.07095306864357553,6280,992000000,4.33,0,2,2,-10.598624395217485,-6.7803306611032355,6.5974632388617245
-8.509537722572645,-5.662922911048106,6.506142932007226,-11.539935572577955,-7.9442078003421335,6.821426651169207,-0.940600105175702,0.0011743133769541768,-0.0003117196014240782,-0.33951430892149603,0.28500169571979717,-0.0607461198068661,-0.010661849961490508,-0.007499353205275838,-0.006588308042410063,-0.054395794359152205,6281,114000000,5.06,0,2,2,-9.24098239460066,-5.402356922077143,6.877783070986686
-8.509537722572645,-5.662922911048106,6.506142932007226,-11.503293741060972,-7.924468522869937,6.819031637751807,-0.9415697385519051,0.001475906619627436,0.0003363986059694762,-0.3368146908597143,0.2888607269767949,-0.05711763226540732,-0.01959075921885805,-0.007919179734017234,-0.0048387997594545595,-0.02035702927969396,6281,232000000,5.43,0,2,2,-9.67318894815981,-5.585242066747223,6.678488745460403
-8.471311287357555,-5.592942375243218,6.445589727654784,-11.477701313793709,-7.910978016661531,6.817021497781443,-0.9416531354003426,0.0016476740824470802,0.000508682648337341,-0.3365804495254962,0.2861425529948945,-0.05702160701465122,-0.02248908547025663,0.0018170737348555122,-0.0014618014461120765,-0.002102452913277375,6281,325000000,5.78,0,2,2,-9.675161026942535,-6.361462747854268,6.670973607972855
-8.471311287357555,-5.592942375243218,6.445589727654784,-11.43534128924418,-7.887469796854118,6.812532380040115,-0.9417794703020257,0.0013615700586533186,0.0005549153859317626,-0.33622799930036407,0.30873803943791056,-0.0511473193910509,-0.03319386387555862,0.0037186262943578186,-0.0020253081174814724,-0.007141134574339958,6281,448000000,5.81,0,2,2,-9.920799779864105,-6.3665846843229374,6.891714627933377
-8.433869755728779,-5.5254836910496365,6.382125297973733,-11.39078238615919,-7.860906297622065,6.80631469661482,-0.942005910002435,0.001117981686472397,0.0006792624813903661,-0.33559373391038483,0.33085537650386765,-0.04432992368832998,-0.04444697162358493,0.001559764302783151,-0.002983445142490382,-0.008874696322891396,6281,559000000,5.85,0,2,2,-10.1299476172539,-6.173332990725323,6.336543234727245
-8.433869755728779,-5.5254836910496365,6.382125297973733,-11.333969701392894,-7.825437124001196,6.796036511569642,-0.9422729735767983,0.000892275711949192,0.0009196611488238098,-0.33484324890038236,0.32991589735724325,-0.04015894236307321,-0.058166901156430084,0.001050881388664493,-0.003042617800019798,-0.007096247827576008,6281,693000000,5.93,0,2,2,-9.902750540494502,-6.795233644143747,5.784801843662583
-8.397135379411143,-5.460679420436296,6.315877451879427,-11.28923205030342,-7.797397405553747,6.786466076664432,-0.9426222587120581,0.0008269913542186102,0.0012402880763886653,-0.33385783673798247,0.32536676520697855,-0.03988776121842093,-0.06222458157213316,-0.0007502201697207056,-0.004675963282352313,-0.017074211064027622,6281,823000000,6.0,0,2,2,-10.56749458700423,-5.879614937648027,8.019995852232077
-8.397135379411143,-5.460679420436296,6.315877451879427,-11.256564950644938,-7.776875605850111,6.779792359304182,-0.9430028794586355,0.0007323542564407528,0.0013343077911180837,-0.3327810881235346,0.3105895348058668,-0.035110760376249425,-0.045993582209124674,0.002407377496638219,0.0020065320882167725,-0.020246647000021767,6281,957000000,6.14,0,2,2,-9.323653291315683,-5.677380901763632,6.53341629451971
-8.361027093194929,-5.39865483089787,6.246979603717472,-11.210536202993255,-7.747038303407332,6.77361918775273,-0.9434245544522035,0.00029494900537930564,0.0008029903822084374,-0.33158615512139716,0.3069227296685407,-0.028341368815726492,-0.036156266957033376,0.011186497522430727,0.0007734481016541395,0.0002402240634857833,6282,148000000,6.3,0,2,2,-10.35364774365746,-6.92951959168383,6.753350441640881
-8.325460796876843,-5.339527601736071,6.1755705045849485,-11.18436532704777,-7.729515349209863,6.769693172889375,-0.9434566600337451,-0.00017381521571460432,0.0005564173816921596,-0.3314953858290313,0.31995421572306204,-0.025835916222866285,-0.04244257606004739,0.009921240871335613,0.0031268658403860172,-0.007194077397798537,6282,258000000,6.49,0,2,2,-9.43859645878464,-5.581440963168875,8.029927200362614
-8.325460796876843,-5.339527601736071,6.1755705045849485,-11.1573420058366,-7.710996623950607,6.765153465502826,-0.9436463936537609,-0.000523842074225326,0.00020885245458840922,-0.33095493003486837,0.32860801205183204,-0.023510140414647947,-0.04862890610831643,0.005310049346007872,0.0047236052523658145,-0.011623799673543544,6282,412000000,6.53,0,2,2,-9.792510547623154,-4.6482505602904,7.77983352264427
-8.290349647581815,-5.283407549718662,6.1017939629042095,-11.120549059507507,-7.685781153742734,6.757447306997252,-0.9436930770214129,-0.00047753697071467843,-6.855327017503377e-05,-0.3308219213425075,0.3173841546750359,-0.02236161756180425,-0.06122956711506881,-0.0008296669079754793,0.0024276127987832297,0.0005258731420099139,6282,508000000,6.61,0,2,2,-9.46786296294052,-6.257527949065963,6.254056628504858
-8.290349647581815,-5.283407549718662,6.1017939629042095,-11.083184200983453,-7.659497172667061,6.747881685298371,-0.9437080566565215,-0.0004032531306794662,-7.28863744752443e-05,-0.3307792857421102,0.33320985691752886,-0.018023716770558112,-0.07428252171984888,-0.00102684786043028,-0.001074684439572593,-0.0014444126236412558,6282,645000000,6.65,0,2,2,-10.396437486056326,-5.371379465965297,6.852076895583777
-8.255604361584592,-5.230396374807732,6.025798554811814,-11.050179248992723,-7.635593039544882,6.738301867931026,-0.9436794755433721,-0.00028286710886540325,0.0001427160606295215,-0.3308609179950256,0.3421972589804577,-0.014700328715252908,-0.08458884003766765,-0.006320267175397021,-0.004735022184831905,0.00876687308846158,6282,755000000,6.69,0,2,2,-9.948834158083857,-5.355863089503401,6.544873102082692
-8.255604361584592,-5.230396374807732,6.025798554811814,-11.016869069332131,-7.610967274725617,6.727540573264884,-0.9433463473951815,-5.3131748323384585e-05,0.0006418333769443592,-0.3318090626898292,0.34839565001365497,-0.012288996858742945,-0.09463953538926026,-0.006339729179671849,-0.007611045748490142,0.022264288236328866,6282,905000000,6.72,0,2,2,-9.410783878953602,-5.678854785865015,6.405796892187002
-8.221133524721331,-5.180587426595802,5.947737324945996,-10.982903097240706,-7.585351593837546,6.715590324387145,-0.9428003555633302,6.994182982370618e-05,0.0011854029859239851,-0.33335578512688113,0.35923908994400117,-0.010517026702233683,-0.10478612501281362,-0.001957618042069953,-0.007079354054440046,0.03279323391325306,6283,75000000,6.65,0,2,2,-9.371665626096105,-5.6032961758414155,6.963469363499868
-8.221133524721331,-5.180587426595802,5.947737324945996,-10.948088568992958,-7.558659336615618,6.702522759058826,-0.9420261380048981,1.9263378273773357e-05,0.001542660044897063,-0.3355359520893172,0.36993199217830297,-0.00981637831396365,-0.11386434904710188,-0.0008818797255116806,-0.004947306342728552,0.04260083514964208,6283,265000000,6.5,0,2,2,-8.788939060469662,-6.363069332088704,7.1050016169012595
-8.186843910454819,-5.134065492033124,5.867767478235118,-10.894436770098638,-7.516784100411933,6.6811220810875644,-0.94077216353247,-0.0001566440835439471,0.0017950592335647425,-0.33903464357999585,0.38437322793898876,-0.009106025802042755,-0.12557409623671853,0.0024747014094828046,-0.001472093583743117,0.033535614056745544,6283,439000000,6.27,0,2,2,-9.14057988940779,-6.592167076778665,7.367535748935397
-8.186843910454819,-5.134065492033124,5.867767478235118,-10.820974998248069,-7.457924626288885,6.649556130759877,-0.9398103240730458,-0.00036061857788288406,0.0017282409508951103,-0.34169202200691423,0.39066606125180736,-0.003943155699511451,-0.14332116968163316,-0.0017375915717821044,0.0004339556625154728,0.012272653566469671,6283,554000000,5.9,0,2,2,-9.082038684690406,-6.7877729147587464,5.749028187862486
-8.152640804633386,-5.090906604973298,5.7860500633078455,-10.791447771998637,-7.433236584538964,6.634554638215629,-0.939707335308471,-0.00027349767966796366,0.0017500180258437736,-0.3419751257085538,0.3793482277477037,0.0023524224414974344,-0.15777931235576334,-0.0015893305544523173,-8.147103862654603e-05,0.0018472261785973387,6283,723000000,5.6,0,2,2,-9.313723178250385,-5.366716451969262,6.536360994309899
-8.118428335962733,-5.051177878006392,5.702749648162688,-10.752312809555677,-7.399050618017842,6.611680249004064,-0.9398318281843745,-0.00025159264425504387,0.001758453103785754,-0.34163281352270497,0.36042515335009606,0.013938769305527971,-0.16184098390339313,0.002082087848975789,0.0017472247236582916,-0.017125097474490758,6283,826000000,5.52,0,2,2,-8.969894978014745,-5.952867408283824,7.010935949427899
-8.118428335962733,-5.051177878006392,5.702749648162688,-10.716138501384297,-7.365168005300152,6.590235962583188,-0.9404984225742379,-0.0005211527225022689,0.0012922274669286927,-0.3397951966749733,0.35479300195655944,0.022218143436929925,-0.15284699393247878,0.010108659535035258,0.0074703421887534205,-0.03167590330122039,6283,939000000,5.43,0,2,2,-9.722586484098677,-6.229804197913552,6.939914117066783
-8.118428335962733,-5.051177878006392,5.702749648162688,-10.673794824722036,-7.325486251954003,6.56557782544567,-0.9410554844711999,-0.0006852749203481704,0.0005597637030993137,-0.33825107865246384,0.36798806284691044,0.021693095788277432,-0.15763660545817265,0.0017609945757612877,0.007176653889473528,-0.004542624492387404,6284,77000000,5.47,0,2,2,-9.971926560030457,-5.912087434398648,6.038879144127533
-8.084109811191693,-5.014937356989644,5.618033988749893,-10.631491568670317,-7.286826323178257,6.538918863993086,-0.9405888402144176,-0.0008277411670328431,0.0004908435686063944,-0.3395463261194976,0.33730521618265336,0.011871613289824522,-0.17955172880117504,0.0018371542182649137,-0.008297529075207422,0.03833660048258025,6284,219000000,5.44,0,2,2,-9.47661846831818,-6.076434422449787,6.834543158125921
-8.049588053997939,-4.982233898625838,5.532073691133352,-10.602052561656071,-7.26176716948624,6.517430425106783,-0.93919360348277,-0.0005287756389064874,0.0007336368627730097,-0.3433868916402115,0.3104387146839894,-0.007129015956167863,-0.1739308276457004,-0.011056523726438172,0.007747013978587347,0.09783965433598496,6284,322000000,5.15,0,2,2,-8.617139935653324,-6.130018812074124,6.877377899724543
-8.049588053997939,-4.982233898625838,5.532073691133352,-10.56461995250468,-7.233748660285322,6.49007540705963,-0.9360208735987506,0.00014648509024177148,6.7288851564341866e-06,-0.351944459658441,0.2709764860882852,-0.0267009618525502,-0.17840974481964686,0.0030142557989165653,0.0054263063248072285,0.10740614598034881,6284,461000000,4.68,0,2,2,-9.37931883255778,-6.43396322050463,5.603782139020279
-8.01476574654723,-4.953107071378241,5.445041867912628,-10.538460051561954,-7.215139969114483,6.467920443221659,-0.9341111533215507,0.00031924309373615207,-9.292862493528402e-05,-0.3569821321696646,0.27124721936782686,-0.02809344100369517,-0.1875777679205689,-0.005817145984110539,0.0021939795715297805,0.07096066983649507,6284,559000000,3.77,0,2,2,-8.949026510024735,-6.42799506964897,6.416560701287133
-8.01476574654723,-4.953107071378241,5.445041867912628,-10.502962423714367,-7.1886254152868725,6.438185694826987,-0.9328318973998713,0.0007619146460168842,-0.0005306945354532085,-0.3603106840529963,0.270977057247612,-0.02140403012425609,-0.17433097368994738,0.0007329569939429348,0.01921529183164239,0.014716467649122933,6284,700000000,3.29,0,2,2,-8.966394970342716,-5.377113115075395,6.6229890636956945
-7.979545772690739,-4.927587079949426,5.357113789597276,-10.478673981362336,-7.169075456177576,6.417937766353203,-0.9331741623511987,0.0008025947223287159,-0.0019691027729612995,-0.35941822602105195,0.24706536435538226,-0.008440854041922205,-0.16933349570731895,0.014627116615884006,0.019738262017199304,-0.04755082409246825,6284,864000000,3.01,0,2,2,-9.381842209354561,-5.718420672784268,6.955084168529064
-7.979545772690739,-4.927587079949426,5.357113789597276,-10.457711811213894,-7.15037658036118,6.39706443889638,-0.9346790695246003,0.00035918805798040116,-0.003198174795717088,-0.35547810010539665,0.23474203986994083,0.002991714900989309,-0.17514082514536716,0.01189560562124825,0.01455063184039318,-0.0741414820367936,6285,93000000,3.04,0,2,2,-9.335232355579828,-5.74243262125632,7.039058819131753
-7.943831561758462,-4.9056947134888,5.268466531635309,-10.425796264331376,-7.1216619606020775,6.363609157143503,-0.9364789700759838,0.000205551315518119,-0.004150201280636784,-0.35069911916543395,0.23166759582797422,-0.0013456639398612658,-0.1985876354162201,-0.000905705456943906,0.002485380173311569,-0.0374824674509,6285,211000000,3.37,0,2,2,-10.235874609462893,-4.879238420264288,6.463281468427871
-7.907527431903714,-4.887441317631105,5.179278617806869,-10.408811567086735,-7.107410206393368,6.342443620151808,-0.9369509054290227,0.0002937408569193495,-0.004065163599476151,-0.34943724612146443,0.2163253843127458,-0.006653560896611589,-0.2194446755851367,-0.0031933157515595667,-0.0033754426567611517,-0.018912214727606624,6285,342000000,3.82,0,2,2,-8.693921647817197,-5.45453028991807,5.671291547852433
-7.907527431903714,-4.887441317631105,5.179278617806869,-10.392592463605544,-7.094557724809067,6.319231853797927,-0.9371416434257196,0.00037070176872214516,-0.0037501184271030094,-0.3489288456825011,0.20486634870270354,-0.011138839709465272,-0.23822208354894592,-0.0062704900756216375,-0.006783041271773982,0.002985550781886559,6285,501000000,3.95,0,2,2,-8.66801163551862,-5.595523435709193,6.424980553880756
-7.870538931953234,-4.872828790405048,5.089729660701028,-10.372358190305558,-7.07867285283808,6.290052544676349,-0.935995662731408,0.0007019865590883853,-0.0030843301261279624,-0.3519973202604475,0.22591782366184682,-0.011283655204309842,-0.24419666918866664,-0.00577165988033812,-0.008325030739797512,0.07722033915342763,6285,645000000,4.0,0,2,2,-8.26130140402422,-5.99399611587552,6.626730933896016
-7.870538931953234,-4.872828790405048,5.089729660701028,-10.350077486219877,-7.060842822544658,6.2603142635614715,-0.9342923333473379,0.0008177403239298407,-0.002600339330327377,-0.35649741287212233,0.2497539889431139,-0.012406540809047257,-0.24801757392299323,-0.0037707935234720935,-0.005837897742821951,0.08086576490313746,6285,809000000,3.65,0,2,2,-8.920053034691446,-5.267697841900009,6.424091990228827
-7.832773180720472,-4.861849601988382,5.000000000000002,-10.325817504331804,-7.04104774539087,6.230201493388489,-0.9326680132107947,0.0008948654269051802,-0.002247346699315262,-0.3607277724020004,0.27195253810745174,-0.013185075520416676,-0.2511002926140849,-0.0020415022163433605,-0.004355328201199882,0.061556711443699896,6285,924000000,3.14,0,2,2,-9.076843625409206,-5.811445332113397,5.4600286001255895
-7.832773180720472,-4.861849601988382,5.000000000000002,-10.295315509959407,-7.015576770046068,6.194596638525688,-0.9316331897331753,0.0009263649989108054,-0.0019452036522605953,-0.36339366782902177,0.2951251600171946,-0.012467070272083281,-0.25436401976289646,-0.0018940325048788509,-0.003520842824400461,0.0248409720370546,6286,97000000,2.68,0,2,2,-9.499654876207325,-5.757464615577339,6.1179917273989535
-7.7941392027451935,-4.854486838222724,4.910270339298976,-10.263986104995746,-6.989077149006887,6.159324952583404,-0.9312457080718206,0.0011778776948714368,-0.0019217230283083216,-0.3643848937353904,0.2806761514267244,-0.013204105630862894,-0.242683093516531,-0.004886170108875376,0.00857828781590797,0.011048113719880348,6286,221000000,2.4,0,2,2,-8.631116715307337,-5.730787824104246,6.209384486341101
-7.7941392027451935,-4.854486838222724,4.910270339298976,-10.247416404857507,-6.97532082823455,6.140238949072456,-0.9310757700054171,0.0015318930433905129,-0.0022974016888352975,-0.36481541326813943,0.2617054286250416,-0.016047592919615727,-0.23571980309154764,-0.004694422932516318,0.01147784114436945,0.01835812217905186,6286,368000000,2.3,0,2,2,-8.165666072922397,-4.999575003590563,6.174345573889025
-7.75454825943156,-4.850714267738887,4.820721382193136,-10.220258460178265,-6.954511203421611,6.106470356393218,-0.9300266525150984,0.0019492139794088958,-0.0025032823657367576,-0.3674783799814901,0.23140542048089646,-0.02655858979737783,-0.24408830702586384,-0.0013841171835338173,-0.00027822643779984446,0.049644279715721495,6286,489000000,2.24,0,2,2,-8.985128901284696,-5.424173533250154,5.965798533644299
-7.75454825943156,-4.850714267738887,4.820721382193136,-10.194733877155096,-6.935489079329164,6.071405693537439,-0.9289230258670004,0.0018599111543365215,-0.0023047521129202298,-0.3702610442137976,0.23425661460873481,-0.02540833994000679,-0.25162442128253903,0.000715179965027346,-0.001889808379473834,0.03581857781682629,6286,609000000,2.03,0,2,2,-9.050847794429666,-5.006809679417137,6.034550644269633
-7.713914174568618,-4.850496432481319,4.731533468364694,-10.171945808242743,-6.918202190693414,6.040788837590698,-0.9282913398036274,0.0017613005400973706,-0.002184052805363557,-0.37184313383379447,0.23181271195392705,-0.02809007376024275,-0.2566762848976431,0.0010146431918656162,-0.005733819853048772,0.019304196939629037,6286,786000000,1.84,0,2,2,-8.925998958312135,-5.902588298147373,6.10443126759879
-7.67215365323178,-4.853788761358711,4.642886210402729,-10.14648634156587,-6.899840635931922,6.004168840625984,-0.9280634860159103,0.0015414987279733776,-0.001693515914459105,-0.3724149858820333,0.2278051508646189,-0.030622988802994255,-0.263014430074019,-0.00033196383810718544,-0.0057367808039998636,0.00045832828341474396,6286,882000000,1.74,0,2,2,-7.185904094105615,-5.625253516659246,6.272988349748991
-7.67215365323178,-4.853788761358711,4.642886210402729,-10.12058554223021,-6.880796021428944,5.966607801029269,-0.9282647030437561,0.0013256509799381496,-0.0013355998313711922,-0.3719154472533471,0.21718237033332083,-0.027147090084375693,-0.27372581708125876,0.0023269642269951873,-0.008864413757692091,-0.01506006165072904,6286,998000000,1.73,0,2,2,-8.777440366579686,-5.650493582519965,5.026649645146618
-7.629186593081786,-4.860537706687095,4.554958132087377,-10.100141007883837,-6.86562339436695,5.93304855860236,-0.9287031894344612,0.0010469049307907556,-0.0009054269754980418,-0.37082134529489685,0.21734469102639772,-0.024810477897897476,-0.2818212751381356,0.0006412313780401746,-0.005116511738378904,-0.02227499680884648,6287,98000000,1.78,0,2,2,-8.052362738833832,-5.008534200946262,6.643040463483161
-7.629186593081786,-4.860537706687095,4.554958132087377,-10.075122255142045,-6.846631403555029,5.893530779778906,-0.9293061793628472,0.0009602643518738897,-0.0007917834215293583,-0.36930810439173317,0.21675961039678632,-0.02333172019966434,-0.27634632422307776,0.0004810174942804224,-0.0001732976969037736,-0.021759978517366108,6287,227000000,1.88,0,2,2,-7.963067181592346,-5.526012284216203,5.7808927686199985
-7.5849363870979465,-4.87068090303198,4.467926308866652,-10.044080857195137,-6.823244602208309,5.8446859156903335,-0.929982261686162,0.0005720208667703136,-0.0013354957539122227,-0.36760152637374877,0.22776876417497097,-0.023841710768430134,-0.2711789237670813,0.00976134060692857,0.008069064369919943,-0.02050241055258084,6287,339000000,1.99,0,2,2,-9.377026001693338,-5.1863411633298915,6.314674228516419
-7.5849363870979465,-4.87068090303198,4.467926308866652,-10.021141845165344,-6.805778953907546,5.811899657027,-0.9304307505536126,0.00024292468253432566,-0.002065396241594999,-0.3664618582474918,0.2502721711582777,-0.02470717185927694,-0.2734120274351995,0.009109623624681262,0.009818245416681748,-0.020274005146347918,6287,495000000,2.15,0,2,2,-7.9332848309226645,-5.110701364775914,5.61787207634053
-7.539330216806069,-4.884147347997373,4.38196601125011,-9.996517103020127,-6.787199214080044,5.778577299202828,-0.9306833057742735,-1.6821225136416868e-05,-0.00259483983575246,-0.36581669026486907,0.25171336163590086,-0.03269191797804567,-0.2834078611342007,0.0037134398553462233,-0.0023396390020025137,0.014539381299982779,6287,617000000,2.31,0,2,2,-7.67131213623777,-4.595276510353196,6.129413576135858
-7.539330216806069,-4.884147347997373,4.38196601125011,-9.964026258044584,-6.766115048413656,5.731121134879401,-0.929485436697348,-0.0003474264127209111,-0.0017455036124534062,-0.3688545180414177,0.24256738374650105,-0.046507810553959805,-0.3006013124204857,-0.003242805382797087,-0.00998345476546092,0.030389713174372446,6287,718000000,2.31,0,2,2,-8.576026078467,-5.388959226687232,4.804329331922473
-7.492299335087338,-4.900857604452152,4.297250351837317,-9.942718332085839,-6.752283681366103,5.700866788790983,-0.9291793502175908,-0.00032307742641338383,-0.0013738937076779026,-0.36962649142921566,0.25773028750480126,-0.04577319906278897,-0.30263569760640496,-0.002983147396662389,-0.004230909325997345,0.007113797073543537,6287,858000000,2.09,0,2,2,-8.035791801726385,-5.101565414526909,6.251536691831353
-7.492299335087338,-4.900857604452152,4.297250351837317,-9.915841755336066,-6.7342272231336695,5.664372134306403,-0.9292232988145814,-0.00022209674003171464,-0.0011788381967922142,-0.36951674110071214,0.2701025984973806,-0.044309109335712,-0.3030844987944801,-0.0027450626248537446,-0.0026813881731868605,-0.007386192100966582,6287,982000000,2.06,0,2,2,-8.098081956649684,-4.792905617672023,4.859285425511705
-7.443779337683475,-4.920724023628251,4.213949936692158,-9.893564435991667,-6.719193039026795,5.634251327266799,-0.9294081521933405,-0.00024039616614606032,-0.0009483289336679524,-0.3690522043268095,0.26613050888953094,-0.0436361297466677,-0.29956808365503285,0.0036032259686180623,-0.0034133038980144192,-0.013119267168804072,6288,113000000,2.11,0,2,2,-7.864749957698496,-5.479906564894186,5.624963584719327
-7.443779337683475,-4.920724023628251,4.213949936692158,-9.847059159075778,-6.687188168027583,5.574238163588733,-0.9301561816854724,-0.0007386202408158385,-0.001368420148479474,-0.36716080882732993,0.291693163123103,-0.042527218862612216,-0.29934261276665597,0.006142010306575685,0.005125291136209853,-0.02443386838422157,6288,248000000,2.2,0,2,2,-8.622697079210349,-5.349122645547824,5.691810650419566
-7.393710422544579,-4.943650988470749,4.132232521764886,-9.822480087153828,-6.669938277169016,5.544188457228288,-0.9305955224068165,-0.000840135227146803,-0.0016710292059939128,-0.3660443627630084,0.303135260142657,-0.04212336663426109,-0.3000211991668231,0.0035405746984906727,0.004630044213627116,-0.023673326904827263,6288,394000000,2.48,0,2,2,-8.41948508794768,-4.995060820906674,5.813646276330914
-7.393710422544579,-4.943650988470749,4.132232521764886,-9.787089238791719,-6.6449819558826375,5.501879593121767,-0.9311689234084923,-0.0010088232148842552,-0.0019302077741741343,-0.3645815308705842,0.29966550858800767,-0.04319498612468562,-0.30451398043288574,0.004116889203942264,-0.0029664119665540056,-0.01867405153461732,6288,511000000,2.64,0,2,2,-8.640849078539656,-4.65362227088249,5.673379113554307
-7.342037636200248,-4.96953517656723,4.052262675054002,-9.73875785358034,-6.6122554902078425,5.439830353848603,-0.9317290207236857,-0.0011515187805612962,-0.0012143357400237968,-0.36315042521590174,0.2934419306524503,-0.04422412186137226,-0.31115355046011534,-0.0043650769384839805,-0.0067144972490496,-0.015695003821747378,6288,650000000,2.88,0,2,2,-9.54780153260581,-4.6688611377310005,5.6867990774669215
-7.342037636200248,-4.96953517656723,4.052262675054002,-9.713929233487931,-6.595286640345588,5.408660172705691,-0.9320219679500479,-0.0010568851193388977,-0.0008429044032069929,-0.3623992601600216,0.3016427636480274,-0.04331293557403476,-0.3113275422365905,-0.004300757018427248,-0.005906413480261108,-0.016438361853943206,6288,818000000,3.19,0,2,2,-8.01421251447466,-4.7921467477973625,4.829361266610002
-7.288711106370621,-4.998265841933026,3.9742014451881897,-9.688539386496435,-6.577814903132173,5.37747939386606,-0.9322957742966853,-0.0009729106206335641,-0.0004936908387113243,-0.36169517406626234,0.3056074698475471,-0.045373613842823214,-0.3126779010549095,-0.004493112055570236,-0.007117948916857131,-0.003085404335934072,6288,963000000,3.35,0,2,2,-7.7775200371144555,-5.149221213715264,4.383559220028143
-7.2336862600727105,-5.0297251148800814,3.898206037095794,-9.647638652832077,-6.554045285603253,5.3262202249014114,-0.9304785244912175,-0.0007993553946999525,0.000707749132121903,-0.3663448861152092,0.2846486499095783,-0.07194601543329218,-0.32323628278851235,-0.008321190125570865,-0.012577703000715701,0.0687921179633122,6289,69000000,3.5,0,2,2,-8.52630313873025,-5.201828251632824,5.26414196063694
-7.2336862600727105,-5.0297251148800814,3.898206037095794,-9.616387301920437,-6.536587543966476,5.2875439312993,-0.9293834389713045,-0.0007518837223962824,0.0013184667950296412,-0.3691126111121776,0.29265092401374476,-0.07212491686274279,-0.3225797194270753,-0.001127896484831581,-0.0060315238442854024,0.031545951242151204,6289,234000000,3.2,0,2,2,-7.53282007750449,-4.386433483685795,4.9315122208233815
-7.176924026518295,-5.063788319150504,3.8244294954150555,-9.584944285333671,-6.518813998230833,5.248900495614189,-0.928930546769758,-0.0008490724954428494,0.001578118678925078,-0.37024968318064927,0.27776309906015184,-0.07479728978716607,-0.32505912380469104,0.001011103483961051,-0.005563368858929607,0.02000636395678157,6289,331000000,3.05,0,2,2,-8.129331255298437,-5.066119256024005,4.676193172237558
-7.176924026518295,-5.063788319150504,3.8244294954150555,-9.531469013994508,-6.49146471619605,5.177045690917919,-0.9287479396982647,-0.0011861845619196335,0.0018287384912841226,-0.370705426434445,0.2576165776132791,-0.07699958369836792,-0.3268155095020245,-0.0002508659035171945,-0.0020566428588608687,-0.016972937009995803,6289,453000000,3.05,0,2,2,-7.809435539317283,-6.097677296667651,5.285742322262211
-7.1183910241422845,-5.100324305451515,3.753020396282532,-9.494454002754367,-6.473272908849903,5.125177740213629,-0.9292973163800919,-0.001281260246075137,0.0023433566642551847,-0.3693228463289065,0.23364502036870008,-0.07651479595436944,-0.32398522602013724,-0.0011802013091255503,-0.008610712029621936,-0.0195865579371457,6289,555000000,3.24,0,2,2,-7.629468873131717,-6.018598046085609,5.140601659742958
-7.1183910241422845,-5.100324305451515,3.753020396282532,-9.46955497672425,-6.461138075549353,5.086161223757686,-0.9304907369224598,-0.001660452880878642,0.002816032254540499,-0.36630083450637846,0.2022265409289717,-0.057170410274059405,-0.3305046562025199,0.0070139553827175405,-0.010319564171368256,-0.09927529099513777,6289,741000000,3.56,0,2,2,-8.363952020711906,-5.245095022256647,5.180013615380647
-7.058059731145688,-5.139195800486321,3.6841225481205764,-9.443958534080704,-6.4461468019839785,5.032519962541004,-0.9345976054901621,-0.002324526086955412,0.003366517128660463,-0.3556832564978967,0.1602709832164821,-0.02399239294065795,-0.3407443391514206,0.0019513157099027012,-0.0075909769748250255,-0.1664988129050471,6289,851000000,3.99,0,2,2,-8.197254221518344,-4.5765431899982785,5.3468098934681265
-6.995908638983675,-5.1802597705360105,3.6178747020262696,-9.431570498008732,-6.437601782693864,4.99825390490543,-0.9373726934778674,-0.0025791489584651895,0.0036412120193982417,-0.3482994732808644,0.13422311331353232,-0.018475308196066784,-0.3469054206652102,0.004310742679081159,-0.006819700865889899,-0.1302739721722901,6289,985000000,5.16,0,2,2,-7.782091839288403,-4.915377965044903,5.168125517574148
-6.995908638983675,-5.1802597705360105,3.6178747020262696,-9.409636704187383,-6.425032687667588,4.928209168024583,-0.9401588227860621,-0.0028711683908084315,0.003763366502210753,-0.34070365627942334,0.13084001198691053,-0.02802711211479511,-0.3512186555107525,0.001152612463783953,0.006502140558950487,-0.05041236581746489,6290,185000000,5.92,0,2,2,-8.046336093680797,-5.009093432790234,4.6428968516758875
-6.931922388278014,-5.223367798610493,3.5544102723452182,-9.393683935821691,-6.416446429100828,4.886344734771368,-0.9407921820221385,-0.0025486485831184543,0.0032311562825910667,-0.3389588976048579,0.15669762380780888,-0.033209910056509286,-0.3490255430894202,-0.002776998576337064,0.012206311384943547,-0.017580841995368246,6290,273000000,6.64,0,2,2,-7.899026101688506,-4.565995267302832,4.514056671257921
-6.931922388278014,-5.223367798610493,3.5544102723452182,-9.37244418144991,-6.405424626087654,4.8378457882689885,-0.9409121562243827,-0.002098284952857438,0.0026353836292751253,-0.3386339708631812,0.15777051682016832,-0.04098217160349754,-0.3457627204974506,-0.003478144185464771,0.0035571961916502914,0.006385076903825393,6290,390000000,6.78,0,2,2,-8.152339993989557,-5.03736698756163,5.052945617806432
-6.866091886682804,-5.268366474152286,3.4938570679927774,-9.354724193197944,-6.397618285250375,4.796664769519227,-0.9407045663091975,-0.0019464974323374275,0.0025828927695493867,-0.33921152506616187,0.15952957271980245,-0.047049601258106796,-0.34278826179702676,-0.0004197274876105439,0.004551325537249795,0.007962655672599794,6290,542000000,6.77,0,2,2,-7.844766649625609,-5.312053482271529,5.758221464002346
-6.866091886682804,-5.268366474152286,3.4938570679927774,-9.332320487969954,-6.38813737720807,4.748804457255185,-0.9405748033632209,-0.0018854323729146968,0.0022390991017530995,-0.3395739549173613,0.15658258287910606,-0.05554903573976526,-0.3451443049850769,0.0024668424885021523,0.0009480918038207164,0.00557492539883242,6290,663000000,6.69,0,2,2,-7.867116795475599,-5.386400632211338,5.155541552037968
-6.798414408284236,-5.315097794245403,3.436337035063942,-9.310286563586711,-6.380591710205201,4.70036634231424,-0.9404906831526134,-0.0017322408980654691,0.0022371424543377078,-0.33980769478962686,0.16196304615892868,-0.06167336118038519,-0.34581240902656435,-0.005684178449882893,0.0038718380665159202,-0.00042438959724222514,6290,776000000,6.64,0,2,2,-7.269467291699411,-5.710394162893155,4.237044068488321
-6.728893674167487,-5.363399575253027,3.3819660112501087,-9.287098987933433,-6.372574159547931,4.651796869254671,-0.9404999927239464,-0.0013646647393642539,0.002211746137535916,-0.33978376882280453,0.1519622167767744,-0.06209748806769742,-0.3523390319645851,-0.0039820949041313725,-0.002376918951085827,0.0028073359089830774,6290,999000000,6.62,0,2,2,-8.004473193444236,-4.775723084661809,4.222251907170935
-6.728893674167487,-5.363399575253027,3.3819660112501087,-9.27494518922415,-6.368882631633729,4.623401152383837,-0.9404445112485313,-0.0012694868025735092,0.0024213023322602017,-0.339936239552044,0.14242451413182744,-0.062078498973560235,-0.35707383300634055,-0.00474090602438082,-0.003821532391157234,0.002031569499649777,6291,179000000,6.65,0,2,2,-7.102548895008709,-5.253876007142031,4.020380851737764
-6.657539913838084,-5.413105873781844,3.3308534925573996,-9.249095845711745,-6.36067135594684,4.566834347476696,-0.9408280099692012,-0.0009718194084746581,0.0024604963659216705,-0.33887410225932474,0.16001742012531064,-0.06705873849339541,-0.35151419431438,0.0018406400613457663,0.0013176132824810338,-0.028661678334174212,6291,300000000,6.65,0,2,2,-8.844896202140168,-4.33953914777398,5.01567421299803
-6.657539913838084,-5.413105873781844,3.3308534925573996,-9.228356869930876,-6.3544397564804225,4.525109816238285,-0.9416403742791801,-0.0010169384663090918,0.0022653831026928943,-0.3366114071194253,0.17311323893217376,-0.07121996379134908,-0.3459409060776099,0.0015910521597106708,0.005858521126356209,-0.04868083124165423,6291,446000000,6.8,0,2,2,-7.5953643083950535,-4.898355345343621,5.09451996373596
-6.58436990723958,-5.4640474158483405,3.283102412796267,-9.201731710640743,-6.345850492390288,4.477235485898358,-0.9424467426000391,-0.0009363567327184306,0.0018523144708901716,-0.33434986096863484,0.19333048787985307,-0.07439179637347845,-0.3404273809090664,0.0001525522932865897,0.0024768270577624207,0.008835903099679854,6291,547000000,7.1,0,2,2,-6.948337640443285,-4.909270892896994,4.266191280749919
-6.58436990723958,-5.4640474158483405,3.283102412796267,-9.185488744844516,-6.340458392878992,4.450181722689846,-0.9420130693727256,-0.0009348060414961404,0.0018334622699838553,-0.3355698760090746,0.20318699054077424,-0.07729850338001902,-0.3375899894239131,0.0006073336123790796,0.0006142572289036252,0.03432125595281832,6291,752000000,7.39,0,2,2,-7.598849247588432,-4.601194704792723,5.223375978064921
-6.509407007165512,-5.516052033102621,3.2388089362865253,-9.159636560117539,-6.3315506080395565,4.410118401705634,-0.9417750912874525,-0.0009117662797285386,0.0016360113810832762,-0.3362382631104357,0.22010620143324772,-0.08044983975102368,-0.3322479758352112,-0.0013756725905977873,0.0045278210109245265,-0.003213158038306574,6291,865000000,7.25,0,2,2,-7.632402385474818,-4.963324190192894,4.051266302607613
-6.509407007165512,-5.516052033102621,3.2388089362865253,-9.132096720101666,-6.3216686096208905,4.370641852226906,-0.9420453567030789,-0.0005114838227992125,0.0015469248128158002,-0.3354815811964811,0.23550714365776937,-0.08227153285674274,-0.3274893484157327,-0.006917177324794466,0.0026509566851018462,-0.021155417198315263,6291,996000000,7.19,0,2,2,-7.822576408430433,-5.629730608416391,4.24466672623798
-6.432681141919438,-5.56894510494894,3.1980622641951646,-9.093870881420587,-6.307869529167316,4.318924696014026,-0.942743179746375,-1.7680015053958358e-05,0.0018233314548868362,-0.33351457568075865,0.23032908867368537,-0.08556852715183963,-0.3213273567320278,-0.007147264796003583,-0.00781937274041411,-0.02302825596416369,6292,126000000,7.31,0,2,2,-7.7149482791613755,-4.88340130741892,4.340493621463679
-6.432681141919438,-5.56894510494894,3.1980622641951646,-9.05901653521946,-6.297394402849121,4.2679119380780595,-0.9436161693110772,0.00010571984067283451,0.0027751085116826547,-0.3310299270621193,0.18763562702841163,-0.08230696613594753,-0.3194833177962126,-0.003696253793350479,-0.010695949731598375,-0.049530436081113294,6292,255000000,7.61,0,2,2,-8.840865349340602,-4.300605251606134,5.169766649238545
-6.354228798134396,-5.622550005388564,3.1609444548971024,-9.029761405081988,-6.291694286634037,4.216841004646328,-0.9449698904047945,-0.00016282585246732016,0.0035754557385162325,-0.3271377322051892,0.1426959201896373,-0.09000437848411288,-0.3215558260119752,0.0009153973451248021,-0.010418935744382907,-0.04875390732195228,6292,421000000,7.94,0,2,2,-7.2636335908621605,-5.122539112423745,3.3462439351811533
-6.354228798134396,-5.622550005388564,3.1609444548971024,-9.00632417983244,-6.290096267687504,4.172068283699778,-0.945074631491867,-0.00033048169134782196,0.004427405425010467,-0.32682446324222103,0.1393362620733296,-0.09606389973041206,-0.31955553407111503,-0.003570427861632197,-0.015311045626731357,0.05275777148199268,6292,535000000,8.4,0,2,2,-7.604675279365449,-5.40614291780341,3.6984040512600234
-6.274092983719844,-5.676688553400637,3.127530258720525,-8.965736270496262,-6.286054069723256,4.10302251465319,-0.9424890281170867,0.00040349152786482495,0.005814300411715956,-0.3341862698918353,0.1613198519074334,-0.10197514230157242,-0.3108332719809046,-0.013918353670305805,-0.001274638810855322,0.0566408212762326,6292,626000000,8.44,0,2,2,-7.533339347984432,-5.173544562659432,3.2868249653279444
-6.274092983719844,-5.676688553400637,3.127530258720525,-8.947678370617268,-6.284645062693453,4.0726849288898395,-0.9417881015214717,0.0010812313790325512,0.005897615635213259,-0.33615356743772046,0.13328788526887503,-0.10109248434726284,-0.301193023133549,-0.01276902185054496,0.00621240287728142,0.03184827510267496,6292,783000000,7.56,0,2,2,-7.449373342169612,-3.9638934787973543,4.594545792498088
-6.192323170961965,-5.731181465669575,3.0978869674096936,-8.925880030069807,-6.285337134866807,4.0318058598424615,-0.9413012118611914,0.00189200604037783,0.005492857196901196,-0.3375178178727897,0.09887003031142301,-0.10133356286524697,-0.2857159407558007,-0.0006279972154743518,0.009708935704111354,0.011363252997398376,6292,914000000,7.31,0,2,2,-7.525974785667363,-4.428968666927812,4.719407874468239
-6.108975219860335,-5.785848810464001,3.0720742786082953,-8.906117922888678,-6.2881709709226445,3.993216272506442,-0.9413947332664149,0.0019315890529446177,0.004695999455495564,-0.33726869515432345,0.10245401794224067,-0.10490301641290482,-0.272903728133605,0.0058832071317738155,0.014349387129186653,-0.022180506493896246,6293,35000000,7.08,0,2,2,-7.372866399166979,-5.064042451673611,4.473876498848611
-6.108975219860335,-5.785848810464001,3.0720742786082953,-8.865621739580504,-6.288948246075747,3.929103222589054,-0.9426408599652465,0.0025590737639276653,0.003073493497098288,-0.33378468194807004,0.14571701755806282,-0.10986870853833534,-0.2670835573684605,-0.0036691147897727205,0.01009841071208939,-0.027308579774398822,6293,124000000,7.03,0,2,2,-8.766153147346557,-4.9797492488675985,2.9142925423671056
-6.024111281841859,-5.84051046147144,3.0501441756363548,-8.83126591371251,-6.287684121796134,3.8809712323960546,-0.9433188713808474,0.003048696753616115,0.002745357301355944,-0.33186243438834234,0.15735946837572273,-0.11452055744643967,-0.2702104219349839,-0.003927932948499802,0.0018724496953836933,-0.01977592310140608,6293,249000000,7.3,0,2,2,-7.243479753192742,-5.069354345057871,3.7034358624116925
-5.937799684049354,-5.894986550396063,3.0321408228027407,-8.807251257540567,-6.286883236399128,3.8487871691155298,-0.9433337435263951,0.0035240964242226553,0.0026797209997426897,-0.33181598539587226,0.16055649437387537,-0.12143542036261479,-0.26847622835481455,-0.008700048601895105,0.006101221970311599,0.01920131835504435,6293,371000000,7.39,0,2,2,-7.209543238245956,-4.593430615922995,4.532423658630889
-5.937799684049354,-5.894986550396063,3.0321408228027407,-8.782661458221062,-6.286778075143791,3.8169309354419587,-0.9426372811779327,0.003920961314265485,0.002378962122390439,-0.3337872417200323,0.15241606495787802,-0.1286408630708334,-0.2652513914934971,0.007478212137357332,0.005625862149827299,0.045151993981562555,6293,526000000,7.3,0,2,2,-7.328311029494446,-4.212502835484325,3.3652788376541527
-5.85011479445928,-5.9490979171324465,3.018100476464131,-8.751123161277452,-6.28881200058704,3.775257988809765,-0.9416502727501479,0.0036333078228343234,0.001942455867648085,-0.3365676600165837,0.151135129442412,-0.13434651725132887,-0.2585070862579274,0.00019194676355027696,0.005026147709941142,0.009344473528472008,6293,696000000,6.97,0,2,2,-8.347115965282768,-4.747043120391465,4.028959169315609
-5.85011479445928,-5.9490979171324465,3.018100476464131,-8.716747466027858,-6.289110861975488,3.734725182767199,-0.942136476183114,0.0038207623827912662,0.001532878649031027,-0.33520428443432204,0.17730225376007752,-0.13597182226053683,-0.2510650202755269,-0.0006193079741478869,0.005529189729713835,-0.038002640576451086,6293,847000000,6.44,0,2,2,-7.2579319881752875,-3.456026870814675,3.708515484256425
-5.761136868138604,-6.002666556337735,3.0080514120095225,-8.698458662768521,-6.288746183612054,3.7148039833073225,-0.9425292569645847,0.003928348134190513,0.0014189322071438742,-0.33409752240643126,0.17597509528291166,-0.14438511437879176,-0.25136150587487627,-0.003650216740425094,-0.0008613054276906951,0.0032406763608605615,6293,990000000,6.41,0,2,2,-7.762258529844274,-4.042864465212141,3.2909963633950334
-5.761136868138604,-6.002666556337735,3.0080514120095225,-8.652606054057053,-6.293918330687671,3.6640757484290742,-0.9402725355335315,0.004178983484310264,0.0023354997475156375,-0.3403889546670263,0.1632689621949504,-0.1702536167270381,-0.25368746452408064,-0.004530729529506061,-0.004444164187589195,0.051717524183914065,6294,213000000,6.47,0,2,2,-8.357736069939609,-4.532679697672701,3.9785033603454307
-5.670951875006609,-6.055516059236666,3.0020138669173706,-8.618318686395483,-6.296698281968569,3.6294309918806,-0.9396807095197599,0.004536570106319954,0.0025679501171028928,-0.34201314202864636,0.18432279421927583,-0.16954849657811044,-0.2458458364596446,-0.005601276643574238,0.0006496345179130003,0.006470935704783187,6294,312000000,5.63,0,2,2,-7.250177549662018,-4.973609071876766,4.185574711304164
-5.579651309521315,-6.10747204950958,3.0,-8.587477964832527,-6.298213192221196,3.6004110566511134,-0.9393728328324635,0.0049354474356102275,0.002760869599142556,-0.3428508420493947,0.18154408294891683,-0.1811460371869997,-0.2454945922420694,-0.01182975820483989,-0.005720622266380815,0.058834041919908486,6294,449000000,5.43,0,2,2,-7.3657593228648865,-4.583557622522801,3.5040204635120253
-5.579651309521315,-6.10747204950958,3.0,-8.556837393765163,-6.303266934551173,3.5708128349962074,-0.9371453465303643,0.005408552495056779,0.003659759614080587,-0.34887813516464267,0.15281844231427738,-0.20208179868357207,-0.2531071468504965,-0.009880947800411377,-0.012668088129430544,0.1189192509627901,6294,592000000,5.33,0,2,2,-7.1528967574796285,-4.583154434063052,3.59417068403845
-5.487331982763328,-6.158362612132099,3.0020138669173706,-8.522859861471636,-6.312079045791317,3.5353854487196728,-0.9349350623803088,0.005776321347359249,0.0046805700231776,-0.3547409695931356,0.13989597760342876,-0.20373372254754601,-0.2548812616960081,-0.012030587367917178,-0.008153676481015282,0.047095252011786215,6294,831000000,4.64,0,2,2,-7.258207801833305,-5.4268251568261014,2.9063079568480568
-5.487331982763328,-6.158362612132099,3.0020138669173706,-8.483019848193043,-6.320514515429436,3.4960732494856077,-0.934957387188338,0.0064622901047745596,0.005339116919143247,-0.35466098852154804,0.1607012706368644,-0.1978680820608238,-0.2442685472505474,-0.009687589954410214,-0.0021903052811467205,-0.03623556622187607,6295,17000000,4.02,0,2,2,-6.671130747871433,-5.548726959673074,3.3317948749683333
-5.394095797442429,-6.208018714056558,3.0080514120095216,-8.44812904562523,-6.326831838065139,3.4639189499544925,-0.9361840743605458,0.007032847686768795,0.005083010254960267,-0.3514030178781203,0.14271150249925726,-0.1923770807342537,-0.2214500456766245,-0.0035558509352995316,0.01550052502352628,-0.05401842754508834,6295,124000000,4.13,0,2,2,-7.615257058129934,-4.5245866293848245,4.327445840428975
-5.394095797442429,-6.208018714056558,3.0080514120095216,-8.417143443283484,-6.335475927346567,3.4349841605767004,-0.9373674365671332,0.007517474101124648,0.003982912093993197,-0.3482382989533916,0.11068609472060464,-0.1824355030779857,-0.20443257667291198,0.0015185039387688448,0.010472517897142097,-0.035034023312618956,6295,240000000,4.59,0,2,2,-6.3055538059188825,-4.726275077343891,4.288831928866658
-5.300049506402166,-6.256274615650105,3.018100476464131,-8.40143240906929,-6.34117674331099,3.4191284819849024,-0.9377730217354598,0.007536251498062535,0.003688124436546106,-0.34714746485700115,0.10104970189452189,-0.17705643489311793,-0.19916803062443056,0.0024727056370466016,0.005329249188434915,-0.032381345954490826,6295,421000000,5.01,0,2,2,-5.938666563397419,-4.946868387434591,2.463508302829405
-5.300049506402166,-6.256274615650105,3.018100476464131,-8.373016570015034,-6.349994350664859,3.3923084524265494,-0.93903702406735,0.007486299990136562,0.003284827029527278,-0.34371882790236946,0.12462530867537487,-0.17578641211213952,-0.19079377964612523,0.002672809273462917,0.004458520425032475,-0.06772940687369555,6295,556000000,5.14,0,2,2,-6.93436342780774,-5.135921954073519,3.6238341376023344
-5.205304455247262,-6.30296827183162,3.0321408228027407,-8.346687006766965,-6.355835354786257,3.3702187056099095,-0.940647327459202,0.007607234648072363,0.0030533903150631167,-0.33928662238946844,0.14714151477096155,-0.17463356969109659,-0.18403663480776697,-0.004967471159034176,0.0020597928369170404,-0.08404468462686054,6295,659000000,5.51,0,2,2,-6.949912449746402,-4.411042164128693,3.0524573518717
-5.205304455247262,-6.30296827183162,3.0321408228027407,-8.30970407705698,-6.36218660561556,3.341717913269415,-0.9428081721775268,0.007925581191704861,0.003218456214935787,-0.33322601515733585,0.14402396273378953,-0.17424443767219383,-0.18132409990333564,-0.0036108951235291897,-0.00550864474462287,-0.06348288443405181,6295,857000000,5.88,0,2,2,-7.118673702455244,-5.250577992964047,3.4071765782963235
-5.109976309765509,-6.347941721880122,3.050144175636352,-8.274140111914232,-6.370176279210309,3.3134988297741343,-0.9443839671600922,0.007971521074922591,0.0036697660059717453,-0.3287277144388337,0.15171511964776668,-0.17492722001235742,-0.175895420632476,-0.0013843376223121595,-0.0039171939988591475,-0.06582353671547025,6296,1000000,6.66,0,2,2,-6.874299810598169,-4.866990148540905,3.179143571613611
-5.109976309765509,-6.347941721880122,3.050144175636352,-8.242994731128999,-6.377759764515339,3.289587446440955,-0.9454493841604893,0.00799187984946459,0.004016305278235635,-0.32564622082704264,0.12411135331621037,-0.17972064474833754,-0.1736735392727398,-0.0021841192847205093,-0.006302754309217562,-0.024319002295669634,6296,101000000,7.13,0,2,2,-7.226577444947417,-5.173570692829773,3.3614188359438786
-5.01418476886208,-6.391041466920087,3.0720742786082917,-8.218537039855208,-6.386899274126542,3.2693960288150086,-0.9457987562555867,0.007967652728672732,0.004381754432907507,-0.32462598386985286,0.11063923229980654,-0.18441880624346937,-0.16895451257885497,-0.0008101634080048825,-0.005200276291361661,-0.021927472516836133,6296,223000000,7.44,0,2,2,-7.378314430312939,-5.239234938607972,3.3381876346083277
-5.01418476886208,-6.391041466920087,3.0720742786082917,-8.186559903752467,-6.400863525863141,3.2435732681043965,-0.9461513379915429,0.007989219582270576,0.004750705415716664,-0.32359117538235216,0.08994824482323763,-0.19395323550839866,-0.16352018254100495,-0.003357113951096835,-0.004277259949958534,0.014492365062324097,6296,372000000,7.52,0,2,2,-6.731856848452665,-5.569319186640094,3.273921603657077
-4.918053263767082,-6.432118834125037,3.097886967409692,-8.164301930464722,-6.414411889609883,3.2245605290153816,-0.945332155576262,0.008149189904327189,0.005094491834155128,-0.3259674101660971,0.06572739764414479,-0.20551714096059376,-0.1614513609958663,-0.005182796894587227,-0.004034350922665908,0.06412015573005192,6296,537000000,7.6,0,2,2,-5.9427074137837375,-4.038029914843202,2.7850228668275467
-4.918053263767082,-6.432118834125037,3.097886967409692,-8.143350208874189,-6.430509190291527,3.205857644516068,-0.9438616797771144,0.00829394926707665,0.0054127560917088344,-0.33019243165973783,0.04110634513540127,-0.21119290702157295,-0.15859340838738573,-0.0008667814540785912,-0.002812371781146794,0.061459945573005825,6296,674000000,7.29,0,2,2,-6.15723339147241,-5.085765871098138,3.706897344913825
-4.821708644319341,-6.471030326718811,3.1275302587205234,-8.130737984517134,-6.442161361872466,3.1936357872440664,-0.9433247715668351,0.008254045351096227,0.005501859388427644,-0.3317227390864094,0.027016647308429464,-0.20787153852607676,-0.15545602621716223,-0.00011786062810159592,-0.0011736042381471634,0.0243839198446949,6296,803000000,6.77,0,2,2,-6.681165936777873,-4.510900436252314,3.1597485954049254
-4.821708644319341,-6.471030326718811,3.1275302587205234,-8.100060206153104,-6.465665065745908,3.1677053995196958,-0.944016682465624,0.008401608436522177,0.005318256926974035,-0.32974783144932923,0.07273362022743517,-0.20355685442238208,-0.14191960721902158,-0.000563156635280393,0.00395885781472316,-0.05612493368971627,6296,891000000,6.57,0,2,2,-6.89124759880297,-5.8433502881060715,2.3043736246305135
-4.725280853168204,-6.507637958894582,3.160944454897095,-8.076310915310417,-6.478220346624627,3.151787981342639,-0.9454172234338643,0.008636327338044005,0.005121324674686339,-0.32570762889175503,0.10434457340289308,-0.20089797775365006,-0.1328297572263118,-0.0033430977282478125,0.0030793068390266853,-0.08145432220771909,6297,39000000,6.78,0,2,2,-5.794422088122941,-4.999728933763574,3.509233761043252
-4.725280853168204,-6.507637958894582,3.160944454897095,-8.050476614343912,-6.488804976073113,3.137272222366255,-0.9471004861185446,0.008803121891878391,0.004768110203494522,-0.3207809834825946,0.11623777719247283,-0.19669644266597155,-0.1135716012406578,0.004367844803709886,0.013939847485744394,-0.08506616068189032,6297,161000000,7.25,0,2,2,-6.026900517469922,-5.09311354231293,2.788687685000468
-4.628902588772864,-6.541809574814725,3.1980622641951624,-8.033757507775483,-6.495855999134728,3.129451301299874,-0.9481486863660324,0.008843427088475896,0.0038748993605799737,-0.31768041723506224,0.11346970179683924,-0.19357902168179753,-0.0946931013182864,0.009475653860135935,0.02300171945535112,-0.0819152883195784,6297,302000000,7.83,0,2,2,-6.471482148614239,-4.483853814275774,3.2282093853978266
-4.628902588772864,-6.541809574814725,3.1980622641951624,-7.993476014966559,-6.5095837254476185,3.1144861820492604,-0.9507183797362813,0.008279837940572982,0.001978950825014951,-0.3099388495637969,0.15267513717767894,-0.1923379608666978,-0.08013880634137906,0.012847824109485373,0.012603497907548444,-0.0972898953477852,6297,453000000,8.18,0,2,2,-6.955183723503709,-4.685820702540452,2.904675425762611
-4.532708958112899,-6.573419150899704,3.2388089362865227,-7.973932884138261,-6.514503515865364,3.108556075031923,-0.9519324326799546,0.008101903239050448,0.0014819529381071808,-0.3061973327633959,0.16908626913927716,-0.19124741087038205,-0.07465163227943439,0.005361081593946437,0.007243058144013048,-0.09877974080154672,6297,613000000,9.04,0,2,2,-6.435339861208235,-3.9964664432503647,3.2095768538485006
-4.532708958112899,-6.573419150899704,3.2388089362865227,-7.937546569188048,-6.521562822627154,3.0991382795628692,-0.9540444033939959,0.007858375304049325,0.0010696493434680342,-0.2995603080190317,0.1950897032430379,-0.18901197737839148,-0.06588032980237435,0.00437939411312982,0.001286174881443003,-0.09997956658480689,6297,727000000,9.46,0,2,2,-5.996391769763965,-5.682508677085486,3.1423812781381177
-4.436837120055821,-6.602347080661456,3.2831024127962647,-7.91000594276284,-6.525529349613314,3.0931089157192835,-0.9555108751019827,0.007671397443290203,0.0009881495571903865,-0.2948544399929611,0.2118106892938067,-0.1871408429798927,-0.05983964264715454,0.0033381131515852758,-0.0014897223309162655,-0.09405670789419673,6297,896000000,10.25,0,2,2,-5.943772585708515,-4.943177444073169,3.3558451601659964
-4.436837120055821,-6.602347080661456,3.2831024127962647,-7.858089364635207,-6.531011786291717,3.0837917178176646,-0.9576016462094108,0.007261723164422293,0.0010846150376327638,-0.2880020454162255,0.22527895763761396,-0.1828699378234721,-0.04915835566902852,0.00495246572427277,-0.0037955010611767648,-0.061363713393802755,6298,7000000,10.83,0,2,2,-6.785023252350513,-5.356090455064577,2.84364991820682
-4.341425920357565,-6.628480441385833,3.3308534925573894,-7.811048194167659,-6.535010637178251,3.0771191938717144,-0.9592953982200727,0.006978494896945977,0.00137476294275679,-0.2823149829350477,0.24065354898522356,-0.17954126091788955,-0.03923529278626154,0.001766408695402788,-0.005847055263075163,-0.08855052292346954,6298,135000000,11.73,0,2,2,-6.1171715207099036,-5.376428323009532,3.075901626496395
-4.341425920357565,-6.628480441385833,3.3308534925573894,-7.758631397607295,-6.541189501413312,3.0723299566126085,-0.9605814035433454,0.006829150534422907,0.0012143275804121162,-0.2779123158087854,0.2081754443378351,-0.19235445059784845,-0.0184326677427141,0.0025791507368921884,0.007441762681992259,-0.010915750317508355,6298,205000000,12.59,0,2,2,-5.938775089841976,-5.578723330123966,2.767358734496466
-4.24661551929798,-6.651713242019724,3.381966011250106,-7.710743151952726,-6.552547841945384,3.070617217015191,-0.9608610474263697,0.006378129980701648,0.0006464439228311917,-0.27695658343304186,0.17774396889844674,-0.19665456540969534,-0.006548119958715114,0.007255262289618258,0.0020608912336683716,-0.014181318692862988,6298,385000000,13.45,0,2,2,-6.6456350386625065,-5.244492004732457,3.1582248301500466
-4.152547012978052,-6.671946651671,3.436337035063939,-7.685862037856974,-6.5600593545028545,3.070690007905264,-0.9610915024138029,0.005988897891791748,0.000503102944087033,-0.27616481306902313,0.16549902274988035,-0.1950202218910695,0.003276134735815399,0.008626845828985097,-0.0005863110800419236,-0.01818074451875873,6298,502000000,13.93,0,2,2,-6.692122159157306,-5.535032015900452,3.085228632347682
-4.152547012978052,-6.671946651671,3.436337035063939,-7.643896756112315,-6.575455526952919,3.072979673113992,-0.9612960134144454,0.005334748158880799,0.00046799949328177803,-0.2754655986362907,0.13561494249738848,-0.20300002192953173,0.014635389680352546,0.004292819812690141,-0.002313220625183021,0.023004658942227252,6298,624000000,14.21,0,2,2,-5.6793371664142525,-5.969515971066743,2.4258024552733017
-4.059362049326308,-6.689089208183685,3.4938570679927743,-7.609744532093429,-6.593861874693015,3.076230804484203,-0.9602430399355473,0.005036396261924394,0.0005979460182756378,-0.27911929605204816,0.10631870483273942,-0.2177255128900434,0.022114306361448184,0.0029871144988646847,-0.002256084962937166,0.06300837776507251,6298,701000000,14.59,0,2,2,-5.983700704480959,-5.753668330009755,2.2922312985236055
-4.059362049326308,-6.689089208183685,3.4938570679927743,-7.5805543564099445,-6.611425667238382,3.0802726879334483,-0.9594143866571998,0.004719586642106675,0.0007703839411085495,-0.2819595124937264,0.11615823313500126,-0.21617464214496412,0.03153105698037395,0.004123671578781796,-0.004715553723144694,0.013650535129272612,6298,890000000,14.39,0,2,2,-5.836154394533197,-4.576328113865713,2.7954735973475704
-3.9672024398808325,-6.703057006306124,3.5544102723452102,-7.558908730036247,-6.622903693259642,3.084247611746877,-0.9594788313045421,0.004326912837290744,0.0008930318172775556,-0.28174607822992265,0.11713542289967463,-0.21217287466924653,0.047064627547876284,0.011379678289813455,-0.0034372332265775185,-0.01886193458631169,6298,978000000,14.23,0,2,2,-5.898437841598767,-5.049904432097948,3.174457903549747
-3.9672024398808325,-6.703057006306124,3.5544102723452102,-7.530062207308204,-6.639121483135467,3.0933520843511126,-0.9602255642491553,0.003469298878717642,0.0007399503318473654,-0.2792029408892169,0.11514841566544647,-0.2065575242610202,0.07243979228981616,0.01084150781025528,-0.0005045177658757893,-0.058942077157553285,6299,103000000,14.37,0,2,2,-5.913500656500064,-5.418430826707288,3.521645643442585
-3.8762097684280574,-6.713773865026728,3.6178747020262714,-7.5038516598332015,-6.65149723363118,3.102533422547118,-0.9615002437917162,0.0029560381618347273,0.0006026881735037432,-0.2747875175364069,0.14286021341751895,-0.20203325083893525,0.07734665786635898,0.006675798113064957,-0.0007883340742864675,-0.08320176202687435,6299,214000000,14.78,0,2,2,-6.679874746104086,-4.99029517901835,3.585563818574418
-3.8762097684280574,-6.713773865026728,3.6178747020262714,-7.465535365290775,-6.665362694804373,3.115417299289442,-0.9633008991896046,0.0024355084512106954,0.0005131955314817572,-0.26841233680557547,0.1673407739419531,-0.19799749296010058,0.08010512928039934,0.006751209866706631,-0.0006652542992924282,-0.07565888008684851,6299,385000000,15.38,0,2,2,-5.824954145348077,-4.633335617906742,3.1795453085487146
-3.786524997592367,-6.721171473709559,3.6841225481205733,-7.436321996699317,-6.676301822742133,3.1248064207093145,-0.9638186029911813,0.002249138582161448,0.0007141016516968399,-0.26654855460609145,0.152193717750779,-0.21209659707003375,0.07358256162178875,-0.0005303530144828983,-0.008276674452645238,0.015536432874796446,6299,549000000,16.22,0,2,2,-5.862123680533427,-5.176832248088753,3.905469068904535
-3.6982880744793807,-6.725189516720688,3.7530203962825284,-7.403010583469069,-6.692132174312533,3.1348111654514987,-0.9631369627846712,0.002157554161685396,0.0014884220161732317,-0.26899873694472987,0.1508857947788626,-0.22073985938324267,0.07029416210570676,-0.0031267964686776395,-0.011111984804301756,0.01496740514994599,6299,725000000,16.51,0,2,2,-5.62292783937527,-5.4452273954322346,2.9937973988406807
-3.6982880744793807,-6.725189516720688,3.7530203962825284,-7.3676536691187815,-6.7062953119223145,3.1451494843191727,-0.9634022646264204,0.0020617280338413356,0.002164792516500969,-0.2680431671644688,0.17595396984325343,-0.21451640672677014,0.07460990151182509,0.0005019578878773245,-0.008085293393378379,-0.0335816883307416,6299,915000000,16.22,0,2,2,-5.689917879524208,-6.025065469588938,3.06079631940726
-3.6116375364826183,-6.725775776295651,3.8244294954150577,-7.335369080678784,-6.716419985800667,3.1546067053334528,-0.964165614952589,0.0020205277435482254,0.0025862461331265358,-0.2652807866048202,0.19715565318992384,-0.2080157677026127,0.07937774131272128,-0.00430826048614108,-0.0070346129632525844,-0.06106753971835133,6300,19000000,16.56,0,2,2,-5.068120330053379,-5.849043454745955,3.4096388839140874
-3.6116375364826183,-6.725775776295651,3.8244294954150577,-7.296476184092966,-6.726467711261733,3.1665486138459853,-0.965483899410161,0.0020830719183838192,0.0030290723290885453,-0.2604367975382088,0.19636474693730183,-0.19835418484899722,0.08810086739812843,0.0015004932720330544,-0.0033003963153532823,-0.0725993151718285,6300,188000000,16.98,0,2,2,-6.12756695866109,-5.013915193200146,2.8160438737700964
-3.5267101183659015,-6.722886213458185,3.898206037095796,-7.265357291658576,-6.735315423871433,3.177959628153995,-0.9666405323642733,0.0019659529643631162,0.0030560828636362137,-0.2561110629726618,0.19163331694565183,-0.19085631956266708,0.09644251891254754,0.002036868158938887,-0.00042513084110851196,-0.08440332385362126,6300,349000000,17.65,0,2,2,-6.167823942633753,-5.793326831582696,3.4113281068305517
-3.5267101183659015,-6.722886213458185,3.898206037095796,-7.222294870896959,-6.745359899263095,3.194349478433425,-0.9686233911012632,0.0018198820425039744,0.0029959330207015482,-0.2485084276763585,0.21657568615694398,-0.18307861804903053,0.10365633088159376,0.0022960676687944215,0.00037674818429422885,-0.10671482305042446,6300,496000000,18.21,0,2,2,-5.464824791410306,-4.513260949529556,3.402000704356599
-3.4436403617338742,-6.716485026860802,3.9742014451881857,-7.189129792325839,-6.75226732141875,3.2072243519387964,-0.9699084578615825,0.0014932647480056247,0.0029217540531200877,-0.2434477703373189,0.20658722555492887,-0.1850944071081802,0.10604835876888792,0.008865765175869456,-0.0017928396687239,-0.052174966913298704,6300,594000000,19.14,0,2,2,-5.936693698967684,-5.258468426773897,3.0936036848979027
-3.4436403617338742,-6.716485026860802,3.9742014451881857,-7.152536222415882,-6.762566927187051,3.2224716130949234,-0.970340704127609,0.0009558547211117358,0.002979664309688695,-0.24172117378394808,0.19933703465267769,-0.1883735023330718,0.10921978535314522,0.004555073655865272,-0.0019941434970860428,-0.02505868633306818,6300,736000000,19.76,0,2,2,-6.204143436722979,-4.4224346068369975,3.9889946394424514
-3.3625602280003974,-6.7065446894783225,4.052262675053997,-7.131120763464577,-6.768203874906744,3.231512311790473,-0.9706355004024214,0.0008051900142662268,0.0029800336101658952,-0.24053522907728953,0.20338799275663977,-0.18942176494224966,0.1138349227533018,0.0020391447833389975,7.606997138864813e-05,-0.03204900785931386,6300,843000000,19.98,0,2,2,-5.619608084767321,-5.213911156417918,2.8838140280255318
-3.3625602280003974,-6.7065446894783225,4.052262675053997,-7.099718643280905,-6.778160669630537,3.246101675873282,-0.9710765887863998,0.0007394523577998594,0.002849065319923688,-0.23875006753503236,0.1883992330414081,-0.19947668265067967,0.12461315874932025,0.0015719236898803501,0.0025376516987307696,-0.03176740028720815,6301,7000000,20.13,0,2,2,-6.2787528200971545,-4.908038494828981,2.906333874353772
-3.2835987159577487,-6.693045963146028,4.132232521764888,-7.062359434210925,-6.789568240527445,3.2641763901943506,-0.9717429615851856,0.0007886632954236588,0.0028039515005570904,-0.23602358457544276,0.21009697061584545,-0.19211274249171678,0.1301180103545218,-0.00288011124212062,-0.0012234387099852029,-0.04119260665902402,6301,127000000,20.35,0,2,2,-5.3031847802917085,-6.195132505464164,3.052913031725719
-3.2835987159577487,-6.693045963146028,4.132232521764888,-7.028604918003675,-6.79762229748127,3.2803001711663615,-0.9720198150565247,0.0009080779807930303,0.002894268165057093,-0.23487928334284575,0.22852305384714366,-0.18612860022840155,0.13484152157460666,-0.0015223063769553846,0.0006842685309038643,0.015021677791082766,6301,280000000,20.7,0,2,2,-5.603026197890818,-4.726734598620503,3.0057343042337217
-3.2068814850407197,-6.675977890994722,4.213949936692154,-6.993817590552031,-6.804422546830002,3.297163109216816,-0.9714974638217021,0.0008690226183852227,0.002699563887202854,-0.23703298281570062,0.22625873022931983,-0.18114453594438784,0.14468209714131422,0.00649579415039625,0.005856907910128939,0.03442381930653937,6301,415000000,20.84,0,2,2,-5.111472519059617,-5.705018923784657,3.4072978252925186
-3.2068814850407197,-6.675977890994722,4.213949936692154,-6.949961749771065,-6.813428825982858,3.321947115480264,-0.9711599297307288,0.0005282729193766054,0.0019961548112101424,-0.2384200645480533,0.22239399012535674,-0.1739814763502012,0.15798166105371614,0.004671769420383498,0.006507030184366158,0.001437829070027874,6301,539000000,20.6,0,2,2,-5.888267389994476,-5.203605963492512,3.2401065604000787
-3.132530485366818,-6.655337767895037,4.297250351837312,-6.921698188937162,-6.818033613025166,3.338063626230349,-0.9712776729431076,0.00041684519563343046,0.0016908183433438978,-0.2379425338514199,0.23608445036170672,-0.1701543101638076,0.16184144477688606,0.0024422530714218738,0.004397912698550499,-0.02037967715295963,6301,665000000,20.4,0,2,2,-5.704832356850191,-5.2943355646519175,2.95756184460404
-3.060663595618906,-6.6311310890833415,4.3819660112501,-6.874815995729723,-6.824291479691796,3.3647289075961266,-0.9717511412280513,0.00030774112555276756,0.001304206889580451,-0.23600407594312572,0.237167203950099,-0.17625390923529569,0.17077477849237233,0.0033693080695229582,0.006485846006398788,-0.007372363415925065,6301,797000000,20.44,0,2,2,-6.032484753172395,-5.44436859704424,3.757302818877682
-3.060663595618906,-6.6311310890833415,4.3819660112501,-6.835074381421682,-6.833057427991851,3.3899262802071233,-0.9717180660727003,0.00027523357037978973,0.0007459639930563031,-0.2361426853665683,0.2117076465000837,-0.19381551858030857,0.18858858780742788,0.002022980243054917,0.007773069228278473,0.0007291959377653257,6301,956000000,20.66,0,2,2,-5.106498647241578,-5.267023208337095,4.457534790768134
-2.9913942698176106,-6.603371477200641,4.467926308866647,-6.802798974649471,-6.843670139676884,3.4131918606061995,-0.9714097157754291,-6.786607757046758e-05,0.00041463139664767493,-0.23740890373383294,0.18547390683651255,-0.2107338829768039,0.1932664710555698,0.01147856946772663,-0.002488177005943726,0.06094686068536248,6302,67000000,20.65,0,2,2,-5.23225309879833,-5.318730197044557,3.2977268491396554
-2.9913942698176106,-6.603371477200641,4.467926308866647,-6.767024898235914,-6.8595605815921346,3.4400573928037037,-0.9699770208135097,-0.0008790364246285441,0.0007783511764838278,-0.2431937510672475,0.17505238156721856,-0.22007706795444978,0.192162262493356,0.006185666052260785,-0.008312043064506724,0.06443108504754491,6302,194000000,20.52,0,2,2,-5.372877994420134,-4.958776624607698,2.7617426178456026
-2.9248311940096183,-6.572080588034301,4.554958132087365,-6.740664676025403,-6.8699905487645845,3.459394778712865,-0.9695533150828912,-0.0011072706850851041,0.0010987157227947564,-0.24487534785511972,0.19000674704505766,-0.21280604590053126,0.19426613095739373,-0.0033236134640901582,-0.007584166087326594,0.009990348917199299,6302,285000000,19.87,0,2,2,-5.056360648039981,-4.873828165353609,3.1783460125876437
-2.9248311940096183,-6.572080588034301,4.554958132087365,-6.702228954636429,-6.882092380163176,3.48686476491384,-0.9699167351606843,-0.0008916217883773705,0.0017425696403038026,-0.24342903548441802,0.21113195820693792,-0.19993316186776183,0.19706544889160338,-0.006255026528378949,-0.008316356525028823,-0.043892294706893153,6302,402000000,19.69,0,2,2,-5.462858558460028,-5.1772986682331945,4.160843005704173
-2.8610779538735933,-6.537287995309999,4.642886210402717,-6.673750691122026,-6.889021639062144,3.5067780266943047,-0.9705902300209532,-0.000829508569045357,0.0021281575724779985,-0.24072679171366324,0.22731772104119585,-0.19084719015605153,0.19980659255322292,0.002100395431625657,-0.004966354617863544,-0.061736678617307916,6302,542000000,19.87,0,2,2,-5.620252775886603,-5.983127122583511,3.695651407905884
-2.8610779538735933,-6.537287995309999,4.642886210402717,-6.632144308343229,-6.896455938308904,3.53526109858211,-0.9717079860566848,-0.0010278368007408788,0.002192356738194594,-0.23617308686026156,0.2499674373234702,-0.17930243030391296,0.20460134563709328,0.0029408378395601176,0.0009922618687596696,-0.06969048481550999,6302,674000000,20.2,0,2,2,-4.647777246746677,-5.622583545611405,4.158224513070181
-2.8002327142182644,-6.499031054937685,4.73153346836469,-6.595675323708154,-6.901593461982265,3.5601552205211,-0.9725153380575658,-0.0010436853409852911,0.0020977561013041314,-0.23282703318778653,0.24333438665351476,-0.17663925088247506,0.20791738199455229,-0.0019421526872065442,-9.16572435727403e-06,-0.029973529308335856,6302,800000000,20.74,0,2,2,-5.4915645818416134,-4.91863913380786,3.607690907069551
-2.8002327142182644,-6.499031054937685,4.73153346836469,-6.555421699333745,-6.9090226813243625,3.5896333864188135,-0.9726822726227616,-0.0008448843002668471,0.0022941916614461024,-0.23212759288925355,0.23529710423659472,-0.17465893223238693,0.2109557360064366,-0.00529919575456006,-0.003063700251004775,-0.014624684172304114,6302,938000000,21.15,0,2,2,-4.470624302513611,-5.71749796378102,3.114844183447968
-2.742387911317235,-6.457354749170536,4.82072138219313,-6.520426035050743,-6.914325880597211,3.6152476158147455,-0.9730461986947652,-0.0005649183374490383,0.002556415689082496,-0.23059540501008363,0.24735732049097314,-0.16703267962051357,0.2135716824893171,-0.005723632921217359,-0.002940471608781081,-0.03973796119680628,6303,58000000,21.25,0,2,2,-5.169739573183108,-6.466982773655429,3.778055353055578
-2.742387911317235,-6.457354749170536,4.82072138219313,-6.478491337331249,-6.918705996801276,3.6455955718252286,-0.9739255858539579,-0.00022354336612202623,0.002797181591076151,-0.22685034499099754,0.26217913493322337,-0.1567018350211688,0.21667709800457652,-0.004947156003254349,-0.0015330938026636431,-0.06595851664314978,6303,204000000,21.44,0,2,2,-4.093672562159767,-4.63510363752933,4.186023385126386
-2.687629958992159,-6.412311511189544,4.910270339298964,-6.448398046633891,-6.920927256262645,3.6675673152059125,-0.9747450976046925,-0.00010886928894173484,0.0028598139913724656,-0.2233020472522163,0.25401233601539114,-0.14806663935727868,0.21973454200847717,0.0014500832662633911,7.414415192918966e-05,-0.07861861595301889,6303,347000000,21.88,0,2,2,-4.538964504306579,-5.223117594338236,3.8857851475586904
-2.687629958992159,-6.412311511189544,4.910270339298964,-6.409802132132394,-6.924445201689115,3.698934022915606,-0.9760537023157382,-0.00016204996573610138,0.002786833814917713,-0.2175117870204667,0.23595971315645553,-0.13652386933993466,0.22467409377780662,-0.0002686605526491803,0.001541272240501712,-0.0874734396347776,6303,464000000,22.27,0,2,2,-5.284227287761482,-4.756017018776246,3.9891931902539186
-2.6360389693210795,-6.363961030678936,4.99999999999999,-6.382357819850453,-6.926370502685785,3.721687325405816,-0.9769812265148565,-5.057517631002406e-05,0.0027027987230504825,-0.21330816992966017,0.24733879817206256,-0.13035462247076995,0.22732766231500143,-0.003664229802780028,0.0019332842612129753,-0.08137935292324983,6303,596000000,22.86,0,2,2,-4.566559964003276,-5.507451205057077,3.535731748505011
-2.6360389693210795,-6.363961030678936,4.99999999999999,-6.330985879718591,-6.92787943623118,3.763316681578483,-0.9783100901886999,0.00036742329618593274,0.00265255330519386,-0.20712845385427509,0.26699529807810407,-0.12086854034275327,0.23168938818733725,-0.0042628020764823304,0.0013465586334859836,-0.06122723971202504,6303,703000000,23.15,0,2,2,-4.857626715496072,-5.9794927503291975,3.7378374066553053
-2.587688488810457,-6.312370041007844,5.089729660701031,-6.277148135726959,-6.927150412756786,3.805779160817074,-0.979081815238278,0.0006658266253916761,0.0025680597121886285,-0.20344965179114427,0.2851089799773624,-0.11362188989875203,0.2367649979311514,-0.0026036861981992843,0.0018748164848148008,-0.02534930499678012,6303,848000000,23.9,0,2,2,-5.104493333164026,-5.9612558381970375,4.810641103079445
-2.587688488810457,-6.312370041007844,5.089729660701031,-6.220228288199392,-6.927884389702981,3.854948889266438,-0.9789750604836538,0.0009705363239958059,0.001983375170345238,-0.20396802502648215,0.2333816444371307,-0.12219837111828177,0.24892995103916582,0.0055416739769498236,0.005387734790929244,0.029937286672065966,6303,952000000,24.26,0,2,2,-4.895073426826706,-5.5640378759938764,4.770857614728234
-2.542645250829466,-6.257612088682768,5.179278617806864,-6.174383431578157,-6.936320238357677,3.9008039746195813,-0.9777419428307852,-0.0007788424886491414,0.003496893592547276,-0.20978050045002145,0.16043301270005636,-0.13938887389051643,0.21040361839504004,0.012444682852219557,-0.03275982671766542,0.07754837497486733,6304,83000000,24.11,0,2,2,-4.976055093293716,-5.529788655118261,4.0262693398446245
-2.5009689450623167,-6.19976728578174,5.268466531635305,-6.142691763535338,-6.946959541792268,3.9338441396175448,-0.9765695526054246,-0.0017376317035283117,0.0055406766620135425,-0.21512366318522602,0.14960135775117434,-0.14528836212583854,0.2007309872343553,0.00472700153295591,-0.02379452944296645,0.062216719379648566,6304,221000000,23.32,0,2,2,-4.879477009225957,-5.456859478031574,3.3682999829053104
-2.4627120046900064,-6.138922046126419,5.357113789597264,-6.119852267194214,-6.956080108320371,3.958092793449947,-0.9756402329253564,-0.0018435619691431837,0.006703356680844136,-0.2192665094943395,0.1346208860333371,-0.15428874319253777,0.20291792472370504,-0.009266142114938702,-0.014321964772534557,0.0866783520905301,6304,335000000,22.61,0,2,2,-4.9623708880428055,-6.488937901731167,4.776913959266088
-2.4627120046900064,-6.138922046126419,5.357113789597264,-6.090616765558021,-6.970173882685885,3.991729136440562,-0.9740661609808992,-0.0016125852931634602,0.007509662762162387,-0.22613296656127718,0.13703481380780758,-0.15704393691435475,0.21433666425037562,-0.0010665407103260804,-0.005536308253795141,0.06302467518253252,6304,462000000,22.07,0,2,2,-4.925247352636724,-5.611328806661817,3.9417451425147236
-2.4279194119657,-6.075168805990385,5.44504186791263,-6.071622011439396,-6.977935720128415,4.013518839618707,-0.9735700326231089,-0.0019673592865557163,0.007766066883442059,-0.22824813094708563,0.13335934307020114,-0.15074128510929613,0.21322227425804013,0.012679532846959773,-0.010769884920591721,0.02866562681447249,6304,616000000,21.23,0,2,2,-3.8139333248222016,-5.090279092661909,4.2183787990290815
-2.4279194119657,-6.075168805990385,5.44504186791263,-6.038000788491816,-6.994109840739922,4.055912093365061,-0.972995432701049,-0.0030487680698086756,0.008703515477924917,-0.23064006975042356,0.10968698740501752,-0.15018886369539292,0.216870835239262,0.001745564793509402,-0.00044685712481395967,0.05295879491313826,6304,706000000,20.95,0,2,2,-5.497513447447687,-5.008654670594912,4.1411280694718835
-2.396628522799361,-6.008605730182392,5.5320736911333475,-6.017182099168962,-7.003242808821851,4.082835343927238,-0.9725303436315267,-0.0029723383532194742,0.008609766728812732,-0.23259786722481718,0.13757540333136548,-0.1417855814499017,0.22684102176693915,-0.0016211314004976884,0.003239585362280195,0.018825729239324573,6304,851000000,20.57,0,2,2,-4.10744101599858,-5.182367382285103,3.348667925977165
-2.396628522799361,-6.008605730182392,5.5320736911333475,-5.993891868458021,-7.0099538781065664,4.110946729629357,-0.9722773728807346,-0.003011319827121144,0.008329170625063099,-0.23366272071884725,0.1630888767900121,-0.13409832186379683,0.2359242254736092,0.010756917799881194,0.004244546198606258,0.05095419728604611,6304,961000000,20.31,0,2,2,-4.700487007593461,-5.158152336868204,4.23111300177098
-2.368868910916664,-5.939336404381105,5.61803398874989,-5.972814677888686,-7.013967904372814,4.135195236873804,-0.9711553687334527,-0.003490285259741763,0.008021263761055886,-0.2382870685049292,0.18186016104518488,-0.1295955790675758,0.2429902450548858,0.0023850738557484874,0.0037111930396349635,0.10588384320726618,6305,131000000,20.17,0,2,2,-4.3963820218440945,-5.925706602093687,3.9579124762678273
-2.368868910916664,-5.939336404381105,5.61803398874989,-5.940643963713877,-7.01690623337781,4.170311822772061,-0.9697536682951968,-0.0033475186180391926,0.007681126367308256,-0.24394183168296601,0.21023414075358104,-0.12199763679888428,0.25172817587913754,-0.0026843000796361594,0.006307342300715391,0.0662932259729132,6305,304000000,19.63,0,2,2,-3.6111254267658284,-5.952472240618933,4.691352212381037
-2.344662232104967,-5.867469514633185,5.70274964816269,-5.911449074706472,-7.017503826038902,4.201508274224458,-0.9689605916994248,-0.002993622017840055,0.00721773328325629,-0.24709171229923177,0.21102562334849756,-0.11899585040199327,0.26360462972546983,-0.006230765575310215,0.012713410069409292,0.04568582444335334,6305,514000000,18.96,0,2,2,-4.16281825201742,-5.505852582712032,3.9625716525829016
-2.344662232104967,-5.867469514633185,5.70274964816269,-5.8740029884100915,-7.018455807322641,4.245586418402085,-0.96830795472377,-0.002388498464256544,0.006157114731494329,-0.2496719644492319,0.21282276378851334,-0.1139765742431095,0.2773961102925703,-0.002395632145635318,0.01316383977609803,0.018815270959748887,6305,715000000,18.59,0,2,2,-4.59546528100136,-5.920770797353606,4.382492383678621
-2.3240221090052797,-5.793118514959282,5.786050063307848,-5.844643649659373,-7.017351535166012,4.2794830615230754,-0.9683221455522555,-0.00199722988656052,0.005558282749195901,-0.24963441068638087,0.2298035579304897,-0.1063047358945014,0.2818328055842115,-0.0047730980440974236,0.00979298156380537,-0.019850457465508953,6305,876000000,18.28,0,2,2,-4.5618191062848386,-5.867384178600789,4.569770884380405
-2.3240221090052797,-5.793118514959282,5.786050063307848,-5.809543339383074,-7.0145707992130175,4.319686686958071,-0.968774956406516,-0.0015070699022634948,0.0050100518592451375,-0.2478864900720293,0.22190054906808196,-0.10379560885725439,0.2877474125448842,-0.004340060922913835,0.009998016594181536,-0.010014262170443544,6305,984000000,18.28,0,2,2,-4.353731161827381,-5.149006091842191,4.390226136325473
-2.306954036853975,-5.716401284042254,5.867767478235114,-5.786525077335126,-7.014083123884759,4.348883940021197,-0.9686712126340666,-0.001259165934375576,0.004590320042076625,-0.24830107788148587,0.1939494118578936,-0.10863694300363333,0.2910055579634515,-0.0008312361444495764,0.007705849930061959,0.025239931528631132,6306,161000000,18.48,0,2,2,-3.744417906252328,-4.914990477238306,5.374817967785036
-2.306954036853975,-5.716401284042254,5.867767478235114,-5.761653250849022,-7.015673122439238,4.3841218908572115,-0.9680743835490437,-0.0011774060435717402,0.004298525439069879,-0.25062347118775025,0.1735538958775909,-0.11186026136578438,0.2928781054199645,-0.0004899181845985368,0.003171782441313553,0.03778743484872393,6306,250000000,18.41,0,2,2,-4.095735531503531,-5.669370742527517,4.454182099685847
-2.29345531052168,-5.637439771999615,5.947737324945992,-5.7364224665305725,-7.016496171738493,4.419573057021598,-0.9677430272824814,-0.001120765784155071,0.004177747266045433,-0.2519022101093524,0.19167649240200216,-0.10489928794534989,0.29480397599061703,-9.137403278458578e-06,0.0017308670749116573,0.01344853881164454,6306,458000000,18.1,0,2,2,-4.105600227703039,-5.2896007419375515,4.624151797248642
-2.29345531052168,-5.637439771999615,5.947737324945992,-5.709612708767649,-7.015364078041693,4.455301330831673,-0.9676177368435626,-0.001075880012201545,0.004074810264280127,-0.2523849317000748,0.2104300765599631,-0.09748942921446666,0.2970575305901684,-0.0006759794302979572,0.002195629417656164,0.0047410058868990745,6306,561000000,17.88,0,2,2,-3.480397718434376,-5.836093311696709,3.8935490144296185
-2.2835149731391997,-5.556359638266128,6.025798554811816,-5.6813973254797805,-7.012464608154379,4.49131518513825,-0.9676091859824965,-0.0009675555157329027,0.00392960292254171,-0.2524204533303227,0.22736721765481627,-0.09048126120295825,0.299486958267986,-0.0016601169249952363,0.003161113863825449,-0.005736090406571748,6306,691000000,17.77,0,2,2,-4.622381471064332,-4.8439127771019574,4.120108298100141
-2.2835149731391997,-5.556359638266128,6.025798554811816,-5.646744076595542,-7.006852826188062,4.533725609993649,-0.9678621358335793,-0.0007597808809191495,0.0037157469286179944,-0.25145278279915173,0.24670616510233004,-0.08184953285865151,0.3021314235842568,-0.0022925297116671572,0.00426391002292803,-0.019819790941255633,6306,794000000,17.73,0,2,2,-4.676759463631091,-4.5841414266024225,4.710362080315036
-2.2771137865418183,-5.4732898816341,6.101793962904206,-5.610429901407479,-6.999064273336503,4.576456153822214,-0.9683191004271045,-0.000579851953019299,0.003377791496626383,-0.24969255904884513,0.26385398492079626,-0.07344478917468436,0.3045614257257433,-1.155303497313298e-06,0.006533947043863009,-0.03284326012362726,6306,930000000,17.8,0,2,2,-4.733366265524919,-5.785909087371977,4.088721460024465
-2.2771137865418183,-5.4732898816341,6.101793962904206,-5.572636511882763,-6.989308861925515,4.619512872903936,-0.9689821651407988,-0.00043085707134951005,0.002857945191023838,-0.24711375953297038,0.2787593161886782,-0.06527070392545828,0.3066084922480698,-0.00010516191935039387,0.008632874596514739,-0.041210424751625396,6307,39000000,17.99,0,2,2,-3.4296153038357526,-5.216735121295567,4.713498159355704
-2.2742242237043486,-5.388362463517386,6.175570504584939,-5.539564595245382,-6.980151516557248,4.656982747674549,-0.9693156973901633,0.00015163347621363968,0.0022329312373500893,-0.24580901085680185,0.2748238486706875,-0.06846512524592793,0.31906675424110403,-0.015267828439391451,0.01951986432686681,0.019465038894850295,6307,209000000,18.29,0,2,2,-4.489797064545903,-5.413996709184479,4.403726635384338
-2.2742242237043486,-5.388362463517386,6.175570504584939,-5.49641727624844,-6.969917100508024,4.709834385247427,-0.9681815179419065,0.0011356557824535572,0.000626819573262652,-0.2502456107484644,0.26955869148776734,-0.07408997802317166,0.3321254631579832,0.001932270049564977,0.018097227803082205,0.061944813933223486,6307,312000000,18.48,0,2,2,-3.792677898475023,-5.828216212398485,4.650497505638081
-2.2748104832793112,-5.301711925520624,6.246979603717468,-5.464140823216635,-6.96229498784743,4.7500590336050355,-0.9671315235264131,0.0015244631213581965,-0.000307541510541046,-0.25427189705488495,0.2561532064896172,-0.0823787042352597,0.3399352762515821,-0.005400453210313572,0.01787341734598158,0.08269162062788382,6307,464000000,18.06,0,2,2,-3.2304324871518033,-5.638463902137822,5.091305604090432
-2.2748104832793112,-5.301711925520624,6.246979603717468,-5.428559951893903,-6.955972034553123,4.7984317860569945,-0.9656059025927107,0.0018979919077868374,-0.001482249165585944,-0.25999892584825324,0.22998258040750308,-0.08889852142668445,0.3494495039141968,0.004441030387170031,0.01624199139769189,0.06843532901257277,6307,569000000,17.67,0,2,2,-3.4424486344345473,-5.017905570967198,5.459111154374164
-2.2788285262904413,-5.213475002407638,6.315877451879423,-5.404755407534034,-6.952017356612159,4.833442587710262,-0.9649257043948178,0.0018131335400156697,-0.002207093195436542,-0.2625075737660855,0.22476791839762114,-0.08404377249784621,0.35064790685169184,0.007205999327197787,0.010060629665531451,0.036646806620410644,6307,700000000,17.11,0,2,2,-4.050429333598635,-4.929116174774238,4.575196275660146
-2.2788285262904413,-5.213475002407638,6.315877451879423,-5.361298536309589,-6.94226182707723,4.895903225777506,-0.964620053703334,0.0014452675734321976,-0.0027245600027447133,-0.26362594706858666,0.24194570791849435,-0.06993158847954693,0.34556400268704607,0.003545241997926496,0.001045080591666192,-0.003625073873081419,6307,814000000,16.87,0,2,2,-4.513852270249181,-4.898542701935079,5.004167135258453
-2.286226134973271,-5.123790231571948,6.382125297973725,-5.331528407360626,-6.933655009849707,4.936955326425952,-0.9647175517027999,0.0014371991575624441,-0.0026592835060680773,-0.2632696490413795,0.253038979661112,-0.0605991467734782,0.34180328238199914,-0.0015601192103531503,-0.0024615628262836253,-0.0073619279191916576,6307,933000000,16.78,0,2,2,-4.449443763524803,-6.177590063882322,5.04496776931442
-2.286226134973271,-5.123790231571948,6.382125297973725,-5.296110747246009,-6.921711540813131,4.984289187652704,-0.9648629966550417,0.0015347367004677885,-0.00239497911101747,-0.26273809458122166,0.26457107458956636,-0.05111901295737,0.3373936026613672,-0.002962671942441375,-0.0037206136767053977,-0.007568319506390253,6308,53000000,16.84,0,2,2,-3.5638390058237834,-5.319008876721131,5.2856951664208704
-2.2969429936938752,-5.032797560119191,6.4455897276547764,-5.270762993097072,-6.9124110830863295,5.017791355351284,-0.9648606851106245,0.0016145303638187638,-0.0022156002058850042,-0.2627476788390108,0.2570459483468569,-0.04866552410106727,0.3363447885904168,-0.0013995245240039367,-0.0016402150549765793,0.015222019192151492,6308,186000000,16.91,0,2,2,-3.0039709747775776,-4.7860415795996865,4.946356230859832
-2.2969429936938752,-5.032797560119191,6.4455897276547764,-5.2283586207926005,-6.897379786150624,5.07812601173994,-0.9639664955288356,0.0015752040216248221,-0.0021563081060505056,-0.26601027154133966,0.24268730155958845,-0.04689884787416388,0.3346222486171503,0.0026246135576002416,-0.00162126494842596,0.04589032178046182,6308,333000000,16.92,0,2,2,-4.535494122430057,-4.666722072191389,5.606948544274025
-2.3109107918163154,-4.940637950673698,6.506142932007222,-5.209536280126409,-6.8902024030020925,5.104689672111024,-0.9635354842953826,0.001444399916685841,-0.002096349392463212,-0.2675684763416041,0.2491649774584806,-0.04280007547093316,0.33207144433902336,0.0027450255629446474,-0.0026994836844096426,0.035140401814715005,6308,471000000,16.53,0,2,2,-4.238199246680769,-5.111732493672521,4.532384647948464
-2.328053348328999,-4.8474529870219545,6.563662964936058,-5.176025229278707,-6.876232979331891,5.150702809588058,-0.9630045284934664,0.0012184336501629201,-0.0019333521549912288,-0.2694755196116362,0.2594195627746513,-0.03587109090318584,0.3277446015806472,0.005747487648477545,-0.0036348397088659112,0.028818017563025933,6308,598000000,16.35,0,2,2,-4.164669646019782,-5.212766040438826,4.65563300507185
-2.328053348328999,-4.8474529870219545,6.563662964936058,-5.146881081695668,-6.863065491501009,5.189643783480478,-0.9623816969154851,0.0009132834932705402,-0.0017463414662587644,-0.27169391904644324,0.2666179657293592,-0.03075475289105319,0.32379196436096075,0.000424678913191201,-0.004460582113097189,0.04415332405187655,6308,745000000,16.12,0,2,2,-4.358777112284227,-5.497091877999261,5.534069019047771
-2.348286757980274,-4.753384480702025,6.618033988749891,-5.103263398881492,-6.842762303117266,5.248138365759448,-0.9612532314649945,0.0012944387383964865,-0.001548809015730952,-0.2756594830893556,0.252656372025297,-0.03879064851304687,0.3334800716908203,-0.008005755353224231,0.004953005918650888,0.042233444401063025,6308,869000000,15.85,0,2,2,-3.3094408296269,-5.893650562184787,6.054890436557632
-2.348286757980274,-4.753384480702025,6.618033988749891,-5.076167180125052,-6.832331706553505,5.288060843516049,-0.9600220664536017,0.0010828026965404775,-0.0018132682815959538,-0.2799163652211418,0.22020998667017375,-0.055338846719127824,0.33116969001570623,0.010983763331751106,0.0002689165961911044,0.10763848695205525,6309,6000000,15.37,0,2,2,-3.970083915535853,-4.2210171021666625,5.161571953393959
-2.3715195586141586,-4.6585740796424515,6.6691465074425995,-5.051344432974643,-6.825162652600602,5.32734459093838,-0.9578925784316336,0.0004182876772240555,-0.0018429965008258532,-0.28712059589119276,0.19785839804769864,-0.06303664173515845,0.3253694955762202,0.009024148766911821,-0.004143422756897053,0.11475621722638607,6309,92000000,14.88,0,2,2,-2.9974991910685986,-5.031344778376108,5.905934188975486
-2.3715195586141586,-4.6585740796424515,6.6691465074425995,-5.027649771464128,-6.817826151562287,5.365904583081694,-0.9563225711431723,-5.4531435092843505e-05,-0.0016742850967117627,-0.29230862751182973,0.20007013970027704,-0.054435209156615004,0.3196045108333351,0.0045912635414424585,-0.006015951885274262,0.07489547570003197,6309,283000000,14.03,0,2,2,-3.7854175424502836,-5.867457869546063,5.806904754798892
-2.397652919338544,-4.563162879944184,6.716897587203733,-4.9872570022276035,-6.801582478556339,5.4289776033561505,-0.9545657966121697,-0.0006653419070589176,-0.0012071774003905803,-0.2979970469334295,0.22223434062871683,-0.03940410366817576,0.31307950638341436,0.0043416932840045774,-0.005621996433546883,0.0502970924571855,6309,403000000,13.4,0,2,2,-4.30920926368143,-4.69158031536527,5.334114889215491
-2.397652919338544,-4.563162879944184,6.716897587203733,-4.9646971363732115,-6.791482316520284,5.465846335641286,-0.9537494145350767,-0.001045765766902776,-0.0007711262643739613,-0.3006000100004047,0.18517272461829737,-0.0360658930722844,0.30305706040729596,0.0034173112453572685,-0.011401989559089998,0.042129142821067944,6309,560000000,12.66,0,2,2,-3.1544704108403177,-5.502387200335714,6.005965731881262
-2.4265808491002945,-4.467291041887107,6.761191063713475,-4.94857317467209,-6.784422885792218,5.495742420073766,-0.9531698261067258,-0.0013356380660999932,-0.00017706714535277218,-0.3024325830955659,0.170314058710003,-0.031672159459719795,0.2969333462135436,-0.0012608743759301433,-0.013538766961573856,0.03160384330840316,6309,637000000,12.3,0,2,2,-3.840476359197297,-5.491324230976676,6.123964669137582
-2.4265808491002945,-4.467291041887107,6.761191063713475,-4.922631336654278,-6.771197300085543,5.54293295833976,-0.9527363335296074,-0.0014139941720226709,0.0008175307075710416,-0.3037940273221055,0.19013821384652266,-0.02036129036354676,0.29257273855829646,-0.0032692760214558803,-0.010490444856259273,0.008883836198947392,6309,829000000,11.99,0,2,2,-2.828460169769606,-5.30553053590414,5.540793513397416
-2.458190425185273,-4.37109741122714,6.801937735804835,-4.906188092792991,-6.761860461103732,5.571910846294112,-0.9525209624916045,-0.0014183925616027952,0.0013804110084432498,-0.30446658050113834,0.17782524894372836,-0.0194579246773297,0.2844962614698803,-0.0031722481253382284,-0.012938958570885006,0.029053533035039436,6309,905000000,11.74,0,2,2,-3.599129372748886,-4.847928213036085,5.736725838356399
-2.458190425185273,-4.37109741122714,6.801937735804835,-4.886506532827515,-6.751576811452565,5.610711120801747,-0.9515263136687097,-0.0015989720165836818,0.0024932874819547884,-0.3075530868030084,0.15428257577596577,-0.020878449919429214,0.272273104598992,-0.0013967539075565583,-0.01586027938174084,0.044377137965057045,6310,48000000,11.59,0,2,2,-3.195843637065109,-5.519896887344232,5.188553849265989
-2.492362041105416,-4.274719146831802,6.839055545102903,-4.866584391377355,-6.74000483452619,5.648798054691421,-0.9508744525835768,-0.00194655535141076,0.003294702941571943,-0.3095531154401027,0.17626271767733173,-0.011943524937278797,0.27007489826889347,0.003679115934573929,-0.009007929293147754,0.020238836805219762,6310,169000000,11.11,0,2,2,-3.7573614536147724,-4.467167131888476,6.6435566696024
-2.492362041105416,-4.274719146831802,6.839055545102903,-4.838410641127072,-6.720862166630706,5.697474429626376,-0.9505364574882004,-0.002349672403722292,0.0036405871886822853,-0.31058278791700455,0.20422234790509788,-0.0007550905845727048,0.26783800442293604,0.002342018979106797,-0.002056765788438497,0.006611946719203843,6310,352000000,10.79,0,2,2,-3.856876004816857,-5.814296036805229,5.9682002264356235
-2.5289696732811873,-4.178291355680664,6.872469741279475,-4.814591904764672,-6.7029009514110145,5.735133921987156,-0.9504498074940297,-0.0025943336045540096,0.003535717738226836,-0.31084711928500425,0.22489489821897113,0.007508075091457782,0.2667614439947014,0.00423471810790943,0.00233803596074722,0.002185415792155254,6310,472000000,10.59,0,2,2,-4.105666059370806,-5.410327485731372,5.564325175473467
-2.5289696732811873,-4.178291355680664,6.872469741279475,-4.7870138244853955,-6.6807431120929985,5.777884079394192,-0.9502583724971163,-0.0027648133156201998,0.0032172224272360474,-0.3114338305102951,0.20837673411131466,0.011661370466020993,0.2632525626961672,0.0025930429274012567,0.0024438384798486368,0.017977024981519207,6310,580000000,10.45,0,2,2,-2.5139159021313,-4.599898749020025,6.319954861725389
-2.56788116587496,-4.081946736232923,6.902113032590306,-4.763275156797712,-6.661821648479104,5.820582109922454,-0.9489928713945415,-0.002241477899507278,0.0028866597172647725,-0.3152763438871455,0.17882220826785802,0.0010561702797418306,0.2706382762712856,-0.009468942062085262,0.011248139162489679,0.08994025920401327,6310,709000000,10.32,0,2,2,-3.6914320754018877,-4.320520057458185,5.515614251034213
-2.56788116587496,-4.081946736232923,6.902113032590306,-4.743377365503882,-6.646849582291105,5.8587761576057975,-0.9470331428736787,-0.0018818419811305947,0.002298459005073139,-0.32112209836098576,0.18649442389959708,0.0023829255517924153,0.27034461723026626,0.0009394915139182558,0.006059794122847961,0.07313170790439472,6310,904000000,9.81,0,2,2,-3.8028149131365234,-5.930202294657404,6.172609389019655
-2.56788116587496,-4.081946736232923,6.902113032590306,-4.719231871015392,-6.626901214349583,5.901811579862921,-0.945521842225904,-0.0019467830877221576,0.001988911725444968,-0.3255467710475565,0.20682612770166284,0.01112936640148394,0.265615642617369,0.002152497472707182,0.0015946946177791688,0.04757488350151107,6311,29000000,9.11,0,2,2,-3.7236159585316537,-4.363794364141029,6.075901171461231
-2.6089585330799085,-3.985815231137935,6.927925721391705,-4.701297429723333,-6.610671180531816,5.9334032599311355,-0.9447922342920015,-0.0020287609870004116,0.00203892411110745,-0.3276573834645794,0.19095231532544202,0.017710480813502655,0.25846508627053255,6.230198472678694e-05,-0.004694013023254229,0.02719763906497974,6311,141000000,8.56,0,2,2,-3.4719906195739156,-4.887821083286531,6.6023896572257685
-2.6089585330799085,-3.985815231137935,6.927925721391705,-4.683261562691959,-6.59266090659549,5.9691094262367885,-0.9443356860198824,-0.002170377734210313,0.0024926052491640953,-0.32896685013678933,0.1858351279518347,0.024875442048411397,0.2509890840589781,-0.0005063166099716909,-0.006340838262985926,0.017200352704094257,6311,294000000,8.27,0,2,2,-2.345069164376201,-5.378166938921098,6.036842650396672
-2.652058278119881,-3.8900236902344916,6.949855824363648,-4.661627359252489,-6.569699384257263,6.008969259219803,-0.9436813021565031,-0.0023595538465657007,0.0027907123329645464,-0.3308356758128217,0.20681682000584792,0.03186365020277533,0.24502722593140192,0.0016667045088070154,-0.002458929020576761,0.03573367102944758,6311,397000000,7.99,0,2,2,-3.3841527568810448,-4.9051906284206295,6.423327223009473
-2.652058278119881,-3.8900236902344916,6.949855824363648,-4.631991586888769,-6.536933435060247,6.057555424090617,-0.9421277694153036,-0.002504849271732687,0.0027906831208813015,-0.33523305910126017,0.2301320326830985,0.037470383393221306,0.23800883674624665,0.0002600406162400759,0.0012083686897312873,0.05000523196940776,6311,541000000,7.64,0,2,2,-3.2616504561094857,-4.950301783325878,6.095028373262336
-2.6970317281683824,-3.7946955447527406,6.967859177197259,-4.607282341444818,-6.5088253879518065,6.095433269167681,-0.9412691397103536,-0.0023827289458317113,0.0025245463911886127,-0.33763938736056825,0.23423351341527326,0.03976332718587772,0.23260216873746659,-0.0004789078104749933,0.0050188469231216,0.020117094572924543,6311,684000000,6.97,0,2,2,-3.058435176391032,-5.090585174067905,5.781399447660579
-2.6970317281683824,-3.7946955447527406,6.967859177197259,-4.588856715418227,-6.487398758613202,6.123363668202793,-0.941011199872664,-0.0022304927434443674,0.002197424815906836,-0.33836092850757593,0.2314823437219585,0.04136074048615693,0.23051335499543954,-0.000652664340350384,0.006762794237147318,0.00701825892974739,6311,856000000,6.59,0,2,2,-2.439314940293522,-4.485458819624802,6.457612614450159
-2.7437253843499,-3.6999504935978362,6.981899523535869,-4.564990265488063,-6.4588948050710115,6.160285421046905,-0.9408518490084204,-0.0020723806041369965,0.0016734259675849688,-0.33880776718015004,0.23057411063394193,0.045043035792326214,0.22846919744926592,0.001912810171234014,0.006114558755143662,0.013647714058606653,6311,992000000,6.46,0,2,2,-3.4997196621917537,-5.244216420456018,6.400977589649658
-2.7437253843499,-3.6999504935978362,6.981899523535869,-4.537696201950361,-6.42517622317343,6.201063089657579,-0.9400729902403829,-0.0020827063244206233,0.001204048153884811,-0.34096478648522355,0.24475843447055104,0.05007135669297711,0.22204626136191932,0.0016107272017507057,0.003836175756077864,0.034201193921035156,6312,149000000,6.36,0,2,2,-3.299466672821743,-5.253929340377652,6.563370520617408
-2.7919812859434368,-3.605904202557586,6.9919485879904775,-4.517917433965455,-6.399732878645572,6.231668540876083,-0.9389410883491969,-0.0019910516271423994,0.0011588890487497644,-0.34407023309088536,0.20560380954161978,0.0473773246665892,0.21368708243086337,-0.0016155358480318682,-0.0016639068121548917,0.05741626373492181,6312,302000000,6.06,0,2,2,-3.381767064895449,-4.604732652495081,5.8285185638629615
-2.7919812859434368,-3.605904202557586,6.9919485879904775,-4.502843947745954,-6.378389078636965,6.260900047965391,-0.9375087231953416,-0.0020332633444721114,0.0015171723037967315,-0.3479525225673941,0.1594886297812183,0.04703874110728014,0.20184212263875842,-0.0011232150768591964,-0.008594527298555477,0.05512351308425423,6312,451000000,5.67,0,2,2,-2.1873544137388095,-5.454522968848041,5.642678270927662
-2.8416373878679044,-3.5126680172366744,6.997986133082629,-4.491671584072775,-6.35977650045537,6.288512207612743,-0.9362664767173183,-0.0022194003658335014,0.002181665715802368,-0.3512768127446782,0.15217914491341195,0.05084738892966867,0.19332925212778632,-0.0009082415147076972,-0.009048035735759186,0.04730246328108478,6312,603000000,5.19,0,2,2,-3.4748387533614116,-5.292761944658567,6.357080899905049
-2.8416373878679044,-3.5126680172366744,6.997986133082629,-4.47787616149102,-6.3362559847012445,6.319108749500637,-0.9350231238501845,-0.0023598250568609147,0.002755904478143622,-0.3545681797364936,0.17405820283302212,0.05664333197498267,0.18722514606766352,-0.0011294068713141314,-0.00590859222029394,0.041136267100228,6312,723000000,4.77,0,2,2,-3.5803652931477625,-5.157213364157568,6.725172653473415
-2.8925279504904227,-3.420348690478687,7.0,-4.462510436354856,-6.308504900536313,6.352803101255399,-0.9338456844379324,-0.002596779546994599,0.0027277935098271237,-0.3576563343982621,0.15307250199031713,0.060055614865129094,0.1856292105058995,0.0037792594184793415,0.004055803447045037,0.03270369415986352,6312,870000000,4.36,0,2,2,-3.3598933731692515,-4.335559710489461,6.46689911526685
-2.8925279504904227,-3.420348690478687,7.0,-4.453004837164081,-6.287387657689848,6.3817056115686,-0.9326811553528516,-0.002830865688661566,0.002616888585713782,-0.3606813005178566,0.11604598846220186,0.0568165354815664,0.1725665169034382,0.0029453362003550865,-0.004297083933124668,0.04855163788306527,6313,22000000,4.0,0,2,2,-2.4112828112000764,-5.043396217207705,6.247468041316894
-2.9444839407633383,-3.3290481249933923,6.997986133082629,-4.447525293454224,-6.273111845780478,6.402045913057058,-0.931566839858244,-0.002954372864759044,0.0029482207213833147,-0.3635461491366381,0.12338464519472266,0.059539287387844295,0.1662144819229136,-0.002609496891636809,-0.006477029819507152,0.052088907614233904,6313,229000000,3.69,0,2,2,-2.4998776527882205,-5.417338085223188,6.432712069619345
-2.9444839407633383,-3.3290481249933923,6.997986133082629,-4.438257948023187,-6.250920712218963,6.428367380640969,-0.9300229618579321,-0.0029137952434190708,0.003486104555550874,-0.367473328677479,0.15190342323999637,0.06542245999807053,0.16059959577498845,-0.003577448478608858,-0.005469061761687044,0.05312149878591299,6313,384000000,3.41,0,2,2,-2.8640224677542245,-5.174091653568866,5.763988823877344
-2.997333443662269,-3.2388631318613967,6.9919485879904775,-4.427959476814508,-6.228177811155659,6.45076202045074,-0.9288527333041905,-0.0030350877107040803,0.003685000757049444,-0.3704184240090432,0.17896782256424756,0.07059890096566986,0.1564051205326461,0.001967089838217362,-0.001310786581143475,0.03699154513014946,6313,504000000,3.02,0,2,2,-2.299915085639277,-5.213198597383571,6.923092092094925
-2.997333443662269,-3.2388631318613967,6.9919485879904775,-4.414595677999576,-6.19905528192397,6.4762512974552795,-0.9280145191906297,-0.003146761629176629,0.003518738680329132,-0.37251411857905853,0.1874912286203408,0.07911914870366434,0.161786693417115,0.0017288934941461775,0.004108358507437515,0.01978429536393378,6313,670000000,2.76,0,2,2,-3.293679042861337,-4.809683115343108,6.089201790648662
-3.050902082867557,-3.149885205540721,6.981899523535869,-4.403218158005407,-6.172237548226111,6.499359448777105,-0.9275418896189306,-0.0032489336510336123,0.0030457704021197886,-0.3736926688000878,0.2020533232045647,0.08455803629229522,0.16161621132627563,0.005227055225986987,0.006672398740192875,0.019717557006515563,6313,848000000,2.63,0,2,2,-3.704746168920015,-4.891177062951607,5.975377718602339
-3.050902082867557,-3.149885205540721,6.981899523535869,-4.386201283291638,-6.132303586479547,6.532538187188949,-0.9267527333488106,-0.0031542681316799057,0.001993371473341909,-0.3756533618819767,0.18730670335584795,0.08391817462139109,0.17094222538344,0.00024484209824038317,0.014442915562540293,0.023396219330606982,6313,979000000,2.61,0,2,2,-3.2456741464531365,-4.094903613162101,6.977276692722469
-3.1050134496039394,-3.062200315950648,6.967859177197259,-4.377490287683496,-6.110565999709319,6.5542372900191745,-0.9255123278334966,-0.002291680763113265,0.0008514995628367985,-0.3787095908159662,0.1727862642758358,0.07607131816310796,0.18684613133248978,-0.007033855354166008,0.02820830177370226,0.07643470671609975,6314,133000000,2.6,0,2,2,-3.0746055239159484,-4.18303498794764,6.341479799159426
-3.1050134496039394,-3.062200315950648,6.967859177197259,-4.361662039649505,-6.072148885291857,6.596276885750058,-0.9218772785496185,-0.0012683210817837746,-0.0015452506880062036,-0.3874768210562968,0.18756341079846553,0.07405873689535306,0.18568997222453149,0.001157155782038899,0.01258949587281677,0.08127042019623332,6314,265000000,2.47,0,2,2,-3.774341298496409,-3.9940290443558197,7.644419840169336
-3.159489538528554,-2.9758887181581546,6.949855824363648,-4.349925683768916,-6.044808376474354,6.621341789507375,-0.9196804184991545,-0.0010065844696373139,-0.0018715098743838712,-0.39266195648129115,0.20708382387061058,0.0779814627428213,0.1738104788569958,-0.001790671205981198,0.0011158577990499907,0.07998367291293107,6314,440000000,2.07,0,2,2,-2.8310820076832854,-3.7912805870585657,6.350875246296827
-3.159489538528554,-2.9758887181581546,6.949855824363648,-4.333282021782461,-6.006325924382193,6.651141009992619,-0.9168298969141015,-0.0010092954443125823,-0.0016332784478563438,-0.39927340738984324,0.22784682418011276,0.0815207514213498,0.15854185868254372,-0.0002648202638511066,-0.005082936286271433,0.08027094299905002,6314,610000000,1.77,0,2,2,-3.4477416156217533,-4.365005025061983,6.5007875549833525
-3.214151189536002,-2.8910247801396665,6.927925721391705,-4.307727953789689,-5.946010954820469,6.6893087702804905,-0.9125859498131486,-0.0004906127734699247,-0.000274016955521271,-0.40888454167093163,0.2312949618757872,0.0821926073699488,0.1391507054062922,-0.0130716656713048,-0.007112130197128863,0.07623835845151916,6314,762000000,1.53,0,2,2,-3.6385931670577527,-4.265470271656521,7.3816502121989025
-3.214151189536002,-2.8910247801396665,6.927925721391705,-4.2931562371442755,-5.908416043409702,6.713972407543118,-0.9099998468909164,0.00031160364744015187,0.0005791252580993415,-0.4146080633268133,0.1924440681467938,0.07333693922240414,0.1350520228233083,-0.010828505310200853,-0.003825995918305125,0.06542817282024771,6314,883000000,1.74,0,2,2,-2.284497221789141,-4.913127155505678,6.5909206619794025
-3.2688185343304266,-2.807676829038037,6.9021130325903055,-4.282343166840534,-5.877672746891335,6.735245310649439,-0.9070684198407909,0.00012168252301559504,0.0011474898651930073,-0.4209816506546379,0.14755187953627832,0.05798579018865315,0.09982069780651351,0.002498052253940841,-0.009329861222795444,0.08941696069086902,6315,59000000,2.08,0,2,2,-3.276751884753885,-4.409076473616936,6.925627135212942
-3.2688185343304266,-2.807676829038037,6.9021130325903055,-4.274842865212196,-5.855824769147693,6.748286403442177,-0.9045501674312822,-0.0005852951047228231,0.0014283971036050233,-0.4263644118725133,0.16369132393904645,0.060514262385921926,0.08812853061406573,0.008225693272834178,-0.0064084905716299545,0.08039403401198797,6315,192000000,2.58,0,2,2,-2.6703792773245896,-3.5754707003667665,6.446883365859218
-3.323311446599366,-2.725907016280158,6.872469741279474,-4.263321492109158,-5.817672212633853,6.767283738429188,-0.901397818353612,-0.0013796216527938406,0.0015540875291336772,-0.4329868987895537,0.1437354867705847,0.06588241581474187,0.0702749217147279,0.004809249003301375,-0.0021074626147310482,0.037244210761855356,6315,359000000,3.04,0,2,2,-4.181383819407211,-4.216581682658596,6.85508758481847
-3.377449994611429,-2.645771201865616,6.8390555451029025,-4.257239609423219,-5.79451702310067,6.776709841062746,-0.9006893319968116,-0.0017315918725409303,0.0015198644351318066,-0.4344576145365885,0.1673961940972074,0.07212707263559406,0.06348023938365617,0.004483930024434812,-0.0014741905260962085,0.014085037309996551,6315,491000000,3.5,0,2,2,-2.3088077378334693,-4.379540317490941,6.558643787625957
-3.377449994611429,-2.645771201865616,6.8390555451029025,-4.246835293393077,-5.760008780839566,6.788554369397603,-0.8982114284976561,-0.0018483745434267793,0.0015691999288571042,-0.4395569938464523,0.1560370640919265,0.052612834987865106,0.05351702179974556,-0.0014104004435466777,-0.0007368406159002916,0.1246067593456246,6315,684000000,3.58,0,2,2,-3.1711290097574603,-4.256476985363925,7.6356580727322925
-3.431054895051064,-2.567318858080564,6.8019377358048345,-4.242273830879131,-5.747016209459158,6.792707461379696,-0.8960646909921086,-0.0019148759444702747,0.0015750987649818789,-0.44391657084548514,0.16982698964614143,0.055027070067466544,0.04920229280697905,0.0018015622686107235,-0.0011503680298119434,0.11895502539118752,6315,812000000,3.95,0,2,2,-2.633025254165359,-3.8225742686706092,6.597986386238859
-3.431054895051064,-2.567318858080564,6.8019377358048345,-4.225312635294865,-5.695897127684559,6.803122435951482,-0.8893542886113318,-0.001924991345528853,0.0016644714368081967,-0.45721162853955033,0.19152788376949625,0.06539057297183323,0.02182610209108917,-0.0063450885591009865,-0.001969735376405879,0.0812032725661993,6316,36000000,4.36,0,2,2,-3.4629688979608657,-5.532786466875116,7.494763552665931
-3.4839479668973814,-2.4905929928344888,6.761191063713474,-4.213258228167656,-5.65410161011691,6.806457064457242,-0.8864285862461388,-0.0016109932312066376,0.002293889304830282,-0.4628568939297951,0.21589694794038117,0.07568538720599012,0.009697907994319506,-0.006542126311614993,-0.0061242109040904325,0.050437125537428074,6316,158000000,5.51,0,2,2,-2.087396789450406,-4.031994849420246,7.42147958485448
-3.5359525841516604,-2.4156300927604164,6.716897587203732,-4.204272662028115,-5.620370226258737,6.80675940127664,-0.8855335455333686,-0.0014550887368239755,0.0035040070042905236,-0.4645599470324398,0.19627216555135188,0.07267791257849032,-0.007228241668909528,-0.008223973964049947,-0.016350356418115553,0.006680882961518364,6316,356000000,5.93,0,2,2,-2.9210290431698827,-4.475520189113803,7.330429816155464
-3.5359525841516604,-2.4156300927604164,6.716897587203732,-4.1915723735604224,-5.565708062904598,6.802861801805215,-0.8865688862439457,-0.0015999364142490827,0.005684233716935825,-0.4625589039621777,0.18966204207299978,0.09262887237728407,-0.03076201442390767,0.002411618970654672,-0.016116866572701838,-0.04723298188764602,6316,617000000,5.92,0,2,2,-2.356139873780612,-4.689654906906776,7.211141270666072
-3.586894126218148,-2.3424600861619225,6.669146507442607,-4.189980140990465,-5.549576604232142,6.799909851393482,-0.8876547473825416,-0.0020225239264542163,0.006232639574675334,-0.46046293341607347,0.16573285678145389,0.10473715887558888,-0.044986207560894914,0.003937140627385816,-0.017691233188088518,-0.06692196038784459,6316,788000000,5.3,0,2,2,-2.5689158845960804,-3.538983416865913,7.074482226339252
-3.586894126218148,-2.3424600861619225,6.669146507442607,-4.191753772420727,-5.515935576812169,6.7896894963020324,-0.8905973347209961,-0.00306902438459266,0.007322710050358292,-0.45472337348623615,0.14325981050354977,0.12414846914947945,-0.06533806598290155,0.006414852396119386,-0.009969952225219458,-0.05228442132647615,6316,962000000,4.95,0,2,2,-2.7382275859992253,-4.4133795488940475,7.331988646643152
-3.636600424746965,-2.271106325832519,6.6180339887498985,-4.193134718728257,-5.48352196681955,6.779453664687188,-0.8916387546013986,-0.003603165355577709,0.007330611859488456,-0.4526738457455352,0.17159318819029828,0.1272456584568003,-0.06694501647259059,0.005637783760903403,0.0014559805777025758,-0.012948490893904818,6317,105000000,4.08,0,2,2,-3.330123459522141,-3.70172234679587,5.940133585178564
-3.636600424746965,-2.271106325832519,6.6180339887498985,-4.195564854619048,-5.44071710241291,6.764784445859976,-0.892108385026791,-0.0039732376194936995,0.006522401908306759,-0.4517569047851469,0.15315580857477737,0.14529065288050652,-0.08533265530607119,0.006693475643260172,0.007891895256761927,-0.009446132116863737,6317,361000000,3.69,0,2,2,-3.572685767419656,-4.285206165500657,6.386780064062764
-3.6849022057545895,-2.201585591715775,6.563662964936066,-4.199232130331607,-5.396693077509441,6.748820653043595,-0.8917292116888085,-0.003962023980030434,0.0057544502807118526,-0.4525154159681244,0.17467661126684514,0.14418142504552828,-0.07937002743818611,0.001294824198794231,0.0070341795435524546,0.021010620912420563,6317,496000000,3.46,0,2,2,-2.7690999331605646,-4.349332481101564,6.896861368898006
-3.731633525847707,-2.133908113317202,6.506142932007231,-4.202433429712725,-5.357821420247319,6.737022209378002,-0.8900999199043959,-0.003037860702781403,0.004465331949380877,-0.45573343612151185,0.15395503044092151,0.1386425689653281,-0.05787213603213169,-0.0038209577496672864,0.023436609262716956,0.05220778948569205,6317,693000000,3.5,0,2,2,-2.28821203753131,-4.050335819406587,7.090291152709827
-3.731633525847707,-2.133908113317202,6.506142932007231,-4.208312613923646,-5.326166137114333,6.727861813058935,-0.8895508004981156,-0.003227895930784851,0.0027363428574023315,-0.4568166661241557,0.1247490191939222,0.15215652915837316,-0.06147840474501035,0.015512048048549332,0.013264016070024809,-0.016772503840911668,6317,780000000,3.8,0,2,2,-3.9189963288028995,-3.1307301637431415,6.622066170908297
-3.7766322013895053,-2.0680776117219892,6.445589727654784,-4.217069254636235,-5.290551792192664,6.7166598652723755,-0.8897709083136438,-0.0034577605845648868,0.0016173452477784645,-0.4563914534747582,0.14718621697706716,0.15446393654642931,-0.06537571943952905,0.004828451756111463,0.007534180303991889,0.015140636332944268,6318,38000000,3.81,0,2,2,-2.651035980015356,-4.2349328976185685,6.350079086972393
-3.7766322013895053,-2.0680776117219892,6.445589727654784,-4.2213110105265885,-5.259531471703519,6.70756043563181,-0.8888947163769185,-0.0035252659084637986,0.0011347334221998558,-0.45809657068955745,0.17502233128335892,0.15206993441649855,-0.06775072539961922,0.0035400401429797057,0.0041382578729098896,0.03595659181883093,6318,238000000,3.68,0,2,2,-2.6171672571997284,-3.7717483380952195,5.960819487327563
-3.819740229463986,-2.0040913610163287,6.382125297973734,-4.223682710489009,-5.231106030960846,6.6996564308991795,-0.8877499752358334,-0.00371873965546948,0.0007987238043126788,-0.46031023721446396,0.17716707923478395,0.1566203530577525,-0.06549556395121289,0.008530804734618869,0.0034314359709242126,0.04548739634628873,6318,410000000,3.86,0,2,2,-2.7567644026675975,-3.486451299544233,7.993628653294343
-3.819740229463986,-2.0040913610163287,6.382125297973734,-4.228553391239044,-5.198486824980556,6.691152804096214,-0.8859981090571082,-0.004069777857998169,0.0003114075978278622,-0.46367088616897545,0.17575421247557171,0.1619997279876226,-0.062372635033055325,0.0057003584515769035,0.0035316183129907586,0.07014869843260385,6318,655000000,4.13,0,2,2,-2.2688210925298984,-3.652434231349925,6.630183156802192
-3.860804199513675,-1.9419402688543215,6.315877451879432,-4.232629054375537,-5.153690402894572,6.679904043233538,-0.8826453125181319,-0.004565719779945032,-0.00036862894698289853,-0.4700173088359189,0.20783193693935367,0.1552511090826328,-0.0667023698683309,0.009814669647312257,0.004438690439201309,0.07839648678782396,6318,751000000,4.58,0,2,2,-4.058436826765246,-3.518785564933345,7.543074732767227
-3.860804199513675,-1.9419402688543215,6.315877451879432,-4.233299200297568,-5.110575258195433,6.669234815541034,-0.8797870198029625,-0.005049389288608688,-0.0010618951985376301,-0.47534006335740403,0.23385435774510666,0.14894128770670303,-0.07057622896827076,0.008762477682466852,0.004222897405270487,0.07337569259107113,6318,923000000,5.46,0,2,2,-2.283731679129476,-2.526322970804623,6.190330867084188
-3.8996756945484794,-1.88160897585772,6.246979603717477,-4.232776698684973,-5.06886250121077,6.655704468791154,-0.8758432168906725,-0.005762571876853048,-0.0005988090980589369,-0.4825609739915013,0.19848917260150972,0.12465235564204007,-0.10659076684392206,0.0032765188962002867,-0.024498128368577454,0.13476856984198093,6319,89000000,6.22,0,2,2,-3.5067477300575223,-3.4212771379103692,7.574678731921534
-3.8996756945484794,-1.88160897585772,6.246979603717477,-4.232341126449484,-5.031669872068732,6.63767067327082,-0.871039238487355,-0.006666951587253114,0.0007225211919222665,-0.49116766458616656,0.20743205115104488,0.11650581483919731,-0.11773000180019166,0.0007685485343245091,-0.013318153924046783,0.10336228442611173,6319,283000000,7.19,0,2,2,-2.562778622651718,-3.458766663002404,7.124164657361827
-3.9362116808494942,-1.8230759734817077,6.1755705045849485,-4.23152508975544,-5.003121950757855,6.623038866029787,-0.868396712751914,-0.006859787834530438,0.0011261798006986226,-0.4958213633069791,0.19969295657260705,0.1130257760365843,-0.13513179804315492,-0.001941477330547059,-0.0031817243097975734,0.07662512653041631,6319,491000000,8.26,0,2,2,-2.698413636227319,-3.638091234580898,6.862744095860106
-3.9362116808494942,-1.8230759734817077,6.1755705045849485,-4.231420500506708,-4.976043112800585,6.605963157060955,-0.866388342060824,-0.0068413950637422945,0.001091013013306932,-0.49932278712800904,0.1970667881999693,0.11120026050977878,-0.1485119059806495,0.00244278216996463,0.00248632468355936,0.06293591432040557,6319,669000000,8.83,0,2,2,-2.7250491389103946,-2.4009624671557543,6.26859093358352
-3.9702748851199168,-1.766313739927293,6.10179396290421,-4.2310491388869,-4.933494875248129,6.579617547430693,-0.8638577477364092,-0.006613815102424775,0.0008805488386546406,-0.5036916455127204,0.20498538548477727,0.11945386984854456,-0.15149783191530125,-0.004638964219338959,0.0018567934944258013,0.04689283305197023,6319,830000000,9.24,0,2,2,-2.9964745044465606,-3.346344327370344,6.503699399692292
-3.9702748851199168,-1.766313739927293,6.10179396290421,-4.231404611947145,-4.893875010896355,6.55585731770185,-0.86208894260948,-0.006214292523153694,0.0009373931256736658,-0.5067180270061775,0.2240972845322619,0.12228129948087856,-0.15067245262227483,-0.004755783129439806,0.0016870366039256623,0.04279704735381529,6320,10000000,9.76,0,2,2,-3.15984440928722,-3.0094093088587273,6.261107662006139
-4.001734158066968,-1.711288893629383,6.0257985548118205,-4.232133834160808,-4.853339333394261,6.532310657310712,-0.8604270783201446,-0.0062072437453599225,0.0008364839670863058,-0.5095350952712854,0.20414325684313117,0.12865566017448019,-0.1497910171363162,0.003203107917215675,0.0002582944262030651,0.03876314003719017,6320,154000000,10.07,0,2,2,-2.4788764941733588,-3.28004942741193,6.560206891312224
-4.001734158066968,-1.711288893629383,6.0257985548118205,-4.234613014819525,-4.819478106424638,6.511862806654106,-0.8588634653255753,-0.00632355774168236,0.0006034758855941133,-0.5121652041707707,0.20947845697610634,0.1291182374540774,-0.14783343719202188,0.002603195662231883,0.003714589274750324,0.05085849988972768,6320,271000000,10.33,0,2,2,-3.0354039857543156,-3.101075812286584,6.426016470785277
-4.030464823432771,-1.657962363799749,5.947737324945996,-4.236020928416716,-4.783726182800444,6.491718620930924,-0.8567920159610309,-0.006295262668023437,0.00018188646202572066,-0.5156236786365498,0.228933877792418,0.1265129898906352,-0.14615211318792598,0.0024919557063185493,0.006044239535185625,0.06327744049485773,6320,419000000,10.59,0,2,2,-2.127214741791243,-2.736059754742183,6.226497039852088
-4.030464823432771,-1.657962363799749,5.947737324945996,-4.236284734816387,-4.75691636809303,6.4774360675588305,-0.8550934428860238,-0.006237041319162775,-0.00015545691503274705,-0.5184363790110186,0.2361124249203213,0.1252882220777489,-0.14547584608660452,0.002143352662642428,0.005254203551885439,0.0653303723083809,6320,588000000,10.98,0,2,2,-3.0083701105008838,-2.0971997103821307,5.6428968655958585
-4.030464823432771,-1.657962363799749,5.947737324945996,-4.237071636729814,-4.691913287430778,6.443191079966406,-0.8511112967729326,-0.006042508135410918,-0.0006256796246823801,-0.5249501472768034,0.2506506256643537,0.12278513509782023,-0.14552713163057712,-0.001061859347828431,0.003683402655951795,0.06473412795457989,6320,745000000,11.32,0,2,2,-2.923488244551163,-3.353497751316442,6.37936875334815
-4.05634901152925,-1.6062895774554242,5.867767478235119,-4.2362459173791995,-4.6516267732807774,6.423202249216292,-0.8487088422684812,-0.005845567364085655,-0.000813686654855332,-0.5288274466321823,0.26710000415659196,0.11970698667909303,-0.14531148772768784,-0.0011685937920447032,0.003091797384513484,0.06552581253345124,6320,914000000,12.13,0,2,2,-2.601241005648326,-2.8001175398246803,6.407464034570937
-4.079275976371747,-1.5562206623165327,5.786050063307853,-4.235259569419308,-4.61622590351842,6.406068788845579,-0.8466897973962857,-0.005752438670742623,-0.0009255787313031615,-0.532054921731195,0.2594569313164843,0.12311017426124735,-0.14550624367930345,0.0007882532770508988,0.00028074391451582414,0.058092677500098944,6321,68000000,12.62,0,2,2,-2.133956900318073,-2.88492002312292,6.418967460048313
-4.079275976371747,-1.5562206623165327,5.786050063307853,-4.236285292213367,-4.582593933454219,6.3888743854171866,-0.8450075235703228,-0.0058020955801596445,-0.0009317785432252741,-0.5347221265154224,0.24837043708891343,0.12744775921217774,-0.14599018746617182,-0.00034511431863393227,2.0653103849355148e-05,0.049729600141290575,6321,178000000,13.03,0,2,2,-2.600382824232064,-2.830606755093581,5.593830075346457
-4.079275976371747,-1.5562206623165327,5.786050063307853,-4.237266457464853,-4.5367109991445735,6.3658522463295135,-0.8429314802473188,-0.005668840561705619,-0.0009997748392952918,-0.5379901340220102,0.2640815879280232,0.12400027898738779,-0.1471722196733102,-0.0018291556216354365,0.002258674362565216,0.048558504568063654,6321,320000000,13.37,0,2,2,-2.736772741509268,-3.009406262628871,5.2909190662434415
-4.099142395547844,-1.5077006649126659,5.702749648162695,-4.237057955292135,-4.4948579848270045,6.345480467644365,-0.841080601207689,-0.005464737038239022,-0.0010965946634688612,-0.54088109266396,0.2778176209586224,0.12030021609426685,-0.1485515953068354,-0.0017859039871837012,0.0024601552468084265,0.049411166764912196,6321,494000000,13.77,0,2,2,-2.5636014985344615,-2.7644760296827995,6.512720303953848
-4.099142395547844,-1.5077006649126659,5.702749648162695,-4.2361361255005185,-4.457848975102922,6.327873511097034,-0.8394673957743377,-0.005301117839204982,-0.0011661979736105861,-0.5433829492759157,0.288268952146171,0.11709869380200126,-0.14942682242770938,-0.0017447480558985262,0.001877087083812512,0.04974008734279778,6321,653000000,14.13,0,2,2,-3.511365183330849,-2.387096584696515,6.861754548336495
-4.115852652002626,-1.460669783193934,5.618033988749894,-4.232783943174854,-4.387644940272506,6.295357257301209,-0.836686477790616,-0.0056219345139061115,-0.001804194556401746,-0.5476503233055348,0.30551457130051846,0.11008164507688392,-0.1504572428772712,0.010276578723278362,0.005078354433862842,0.04083776329935063,6321,805000000,14.44,0,2,2,-4.483100853882771,-2.3427737139633305,6.39549504107173
-4.115852652002626,-1.460669783193934,5.618033988749894,-4.229544422431764,-4.341607981624388,6.27460344743671,-0.8352376337685715,-0.00595959611680485,-0.0025307250092931944,-0.5498510469042769,0.31465465867517006,0.10580851961677873,-0.15035125349406214,0.009003699415188748,0.006118285818956792,0.03552674606908113,6321,960000000,14.98,0,2,2,-1.6214521112673115,-3.260547502034094,7.098061908926164
-4.129319096968019,-1.415063612902056,5.532073691133353,-4.224319438298588,-4.283713425515525,6.24733731460274,-0.8332165252280538,-0.005438321326724931,-0.002430582882712617,-0.5529147665010273,0.2908474619030472,0.0863016784490328,-0.15814120322088376,-0.014197714426700259,-0.0033314696565867052,0.048978233098750934,6322,86000000,15.15,0,2,2,-2.990043987207911,-2.6360691743911935,5.948075315715787
-4.129319096968019,-1.415063612902056,5.532073691133353,-4.219016832612062,-4.23591463846252,6.22189770324527,-0.8306790968221149,-0.004741939267830577,-0.00157340004911009,-0.5567290871932784,0.2903654114801157,0.08166046761922602,-0.1617915834192008,-0.012341191268205876,-0.004477988704820746,0.06391902352334,6322,183000000,15.6,0,2,2,-2.7833878625102084,-2.8490537873180766,6.86517706161084
-4.139462293312903,-1.3708134069182165,5.445041867912635,-4.215610885208746,-4.200338534300098,6.2025668905235225,-0.8289632195913481,-0.004392275325377294,-0.000934052651217429,-0.5592850936935982,0.2746579720739255,0.08828182231089687,-0.16340154078629318,-0.009472282727074344,-0.007609295198562904,0.03074580235988833,6322,439000000,15.93,0,2,2,-2.875782491852116,-2.5103413597031157,6.489697473902669
-4.139462293312903,-1.3708134069182165,5.445041867912635,-4.21422369995244,-4.161106112290205,6.179768651055375,-0.8285322705324113,-0.004219588588093105,-0.00013895102870432408,-0.5599253990052299,0.25987212186875924,0.09766892703791685,-0.16631108575565196,-0.007932440985314315,-0.006718352642565151,-0.0021345746745282668,6322,563000000,16.15,0,2,2,-2.9957061589024856,-2.3672622428994132,6.431498722006513
-4.146211238641287,-1.327846346768223,5.357113789597283,-4.213195917035183,-4.10427614241347,6.146295397353367,-0.8288615978675836,-0.0038218749562439125,0.0006160797004014843,-0.5594403143303291,0.27063922458470213,0.1015970174856812,-0.1717108550355559,-0.007120140480765258,-0.00215901395677065,-0.0016009784189918719,6322,697000000,16.12,0,2,2,-3.7569392123751224,-2.605953524908962,5.047745265324754
-4.146211238641287,-1.327846346768223,5.357113789597283,-4.212059782929542,-4.063001809838201,6.122331565532138,-0.8287589046494236,-0.0034967992994463493,0.0009715852677898659,-0.5595940549907713,0.2796134268973268,0.10196978674483481,-0.17443720441448776,-0.006255574544411502,-0.0013380318591771356,0.005541271139009041,6322,816000000,15.94,0,2,2,-3.803300702324595,-2.5887360910412656,5.4550288231779085
-4.149503567518681,-1.286085825431384,5.26846653163531,-4.210656540460533,-4.005013030271449,6.090526654901454,-0.8277163625152708,-0.0021523597085039477,0.00018779347609006463,-0.5611425445515463,0.25182297540361503,0.09869332433240895,-0.13771941934059476,-0.007529049025833956,0.03402534275664948,0.03549336579453666,6322,977000000,15.9,0,2,2,-3.0063176138042498,-2.350897230908047,6.037493416133301
-4.149503567518681,-1.286085825431384,5.26846653163531,-4.212135917387742,-3.951555908861156,6.064190984260148,-0.8246173114887266,0.0007613234926147608,-0.0029867658282371314,-0.5656825869774772,0.20045291993871878,0.09360744173552195,-0.10942742992617131,0.00902078245417215,0.034259535459568724,0.0567189297726145,6323,97000000,16.04,0,2,2,-3.152221400208068,-2.461082851675209,7.048960272615091
-4.149285732261113,-1.2454517405684427,5.17927861780687,-4.214406451342718,-3.9304417430852068,6.05276428315483,-0.8230269879300219,0.0008985837118799002,-0.004367970529660791,-0.5679847625769551,0.18149155524957034,0.09852938165216882,-0.11623752242120204,0.01429767098670709,0.017460094386478886,0.0555511076527182,6323,228000000,16.52,0,2,2,-3.5281448281024854,-1.5826151295587407,6.743252395872939
-4.149285732261113,-1.2454517405684427,5.17927861780687,-4.220049289574001,-3.899160948324153,6.033069488217272,-0.8206072635691519,0.00037029017173759605,-0.005606734672265312,-0.5714649126491071,0.1739486913438467,0.10044216634954495,-0.1273419747918338,0.015104037083801813,0.0017624106817493157,0.047853128126007505,6323,449000000,16.76,0,2,2,-3.6076789139656675,-2.6034267442977796,6.233928898650443
-4.145513161777275,-1.2058607972548092,5.089729660701036,-4.224996717958947,-3.8661353524936617,6.0113785059006295,-0.8188143884298145,0.00038718623927984233,-0.0051836630937502366,-0.5740348221354306,0.19435018993612865,0.09863838376351566,-0.14104092418802527,-0.01120033402912668,-0.008743210764805553,0.03162258071824908,6323,602000000,17.12,0,2,2,-3.076657704113857,-2.5342312877356252,6.030620320882017
-4.145513161777275,-1.2058607972548092,5.089729660701036,-4.228752470066436,-3.8409899696618632,5.9933069729621735,-0.8181890020738594,0.0005277309050095917,-0.004089915002045412,-0.574934562346664,0.17392366722758823,0.10204766174714894,-0.15827127195002474,-0.01259759092135937,-0.01825523086154135,0.0033174906775457202,6323,775000000,17.37,0,2,2,-2.5886173858336323,-2.1206188691945305,5.5647350857506375
-4.138150398011617,-1.167226819279526,4.999999999999996,-4.2332673265085194,-3.822502627779407,5.9765631171547495,-0.818450884478938,0.0003381212697410412,-0.0029618556079137543,-0.5745687624479847,0.14752083160669985,0.10799470816819519,-0.17318254379939385,-0.0006585983705065246,-0.020860480435658246,-0.026010577130364254,6323,940000000,17.42,0,2,2,-3.4111796986561638,-1.8000315339039537,5.498854595523494
-4.138150398011617,-1.167226819279526,4.999999999999996,-4.242496672546602,-3.7999472794339484,5.9511414057665375,-0.8208703858814065,-0.0006753694185508306,-0.0022301070975754103,-0.5711097793606693,0.12615694329292576,0.11989508744875095,-0.18681615666320428,0.002619468955344928,-0.012200944547657855,-0.05717074018321,6324,58000000,17.3,0,2,2,-2.9554847245669724,-1.7446501788273323,6.526297750391072
-4.127171209594953,-1.129461068046768,4.910270339298969,-4.2523896156313965,-3.7723508153134,5.920565445636328,-0.8222696163978551,-0.0013733058058025614,-0.0020794276504044066,-0.5690926708021591,0.15411591385351722,0.11481442028320121,-0.19509765468010257,0.009642379063734552,-0.001956644280198816,-0.016723870066925883,6324,194000000,16.74,0,2,2,-3.4799095451784,-2.1606491038100395,4.683597539703847
-4.127171209594953,-1.129461068046768,4.910270339298969,-4.259686128142599,-3.7406982174457415,5.8887774154283825,-0.8226599863266671,-0.0019574403145771364,-0.002519225735401382,-0.56852473017989,0.1824028225232682,0.10849679961932665,-0.20213661547077583,0.008531276398571208,0.0015943612197588664,-0.00323189044593164,6324,397000000,16.36,0,2,2,-3.532441685400254,-2.197768754782305,6.70672719408747
-4.112558682368897,-1.0924725680962926,4.820721382193136,-4.264981760909824,-3.705916988602706,5.856148604030096,-0.8225236382202264,-0.0018546045221466028,-0.0025651710395868327,-0.5687221157195893,0.1985568443380001,0.10536385697044093,-0.20543181164370639,-0.004525953409029171,0.0005227208191627142,0.008295199950225651,6324,527000000,16.15,0,2,2,-2.691840935860876,-1.3751914243494723,6.718337185042411
-4.112558682368897,-1.0924725680962926,4.820721382193136,-4.268870823288702,-3.6798727410440115,5.83049760703403,-0.8223540169188588,-0.0016172436193653884,-0.0020800711474893686,-0.5689700595677372,0.1794014190642495,0.10679427410474962,-0.22582608351454395,-0.00957004122028593,-0.010412418851046823,-0.0012203852293168893,6324,725000000,16.06,0,2,2,-3.9343707544831643,-1.4910604997000543,5.605634687454037
-4.112558682368897,-1.0924725680962926,4.820721382193136,-4.276311591764605,-3.644259883332844,5.787378790740811,-0.8222735959835896,-0.0015766428729106973,-0.0006944057820402619,-0.569089769145499,0.1772070135257318,0.10648709556541909,-0.24547660503621613,-0.009176323510473594,-0.009851317554421257,0.013813563873554813,6324,944000000,15.99,0,2,2,-3.0640428143240914,-2.440538522770396,5.636728477191561
-4.094305286511201,-1.0561684382415397,4.731533468364695,-4.281506214897431,-3.6100671835026166,5.747857366660228,-0.8212203032123744,-0.0013660695244817728,0.00018768234908028323,-0.5706095970286216,0.19835496405129835,0.10298442010467013,-0.2488954603378269,-0.007975855442055035,-0.006148819693407859,0.029446897133311722,6325,51000000,15.69,0,2,2,-3.3071794433634296,-2.283063310451486,6.7894098707307675
-4.094305286511201,-1.0561684382415397,4.731533468364695,-4.289516435724841,-3.567411855378545,5.6978304268525655,-0.8224560717393337,-0.00171873323042543,0.0006110892385596539,-0.5688257049264993,0.16043921997542127,0.12460635723719131,-0.2526113121709466,0.005310256528900936,-0.004604089554050006,-0.08265387150458992,6325,208000000,15.82,0,2,2,-3.477131194503632,-2.005602215489974,5.959485866062461
-4.072412920050574,-1.0204542273092634,4.642886210402723,-4.297494165301069,-3.545184432403312,5.666276601831647,-0.8254387456133696,-0.002378933960110844,0.0011804569725216876,-0.5644854510390644,0.13824084025342812,0.1300464682087234,-0.2733072177853827,0.004237758230374311,-0.020068986123078503,-0.09079711380763911,6325,377000000,15.36,0,2,2,-3.216306933597573,-1.5905843018223997,5.163758857624172
-4.046892928621759,-0.9852342534527732,4.55495813208737,-4.3083267238538365,-3.521875597722236,5.6266424972963325,-0.8289356191206393,-0.0035932652311176467,0.0022020190895586022,-0.5593281495776791,0.11114707621146107,0.13347726016571576,-0.2908796896441262,0.009130910621024668,-0.01763224572641775,-0.07910971326055005,6325,484000000,14.63,0,2,2,-2.640198548114848,-2.2232442726333024,5.663463927094432
-4.046892928621759,-0.9852342534527732,4.55495813208737,-4.318297673330837,-3.503840803136285,5.591543830626559,-0.8309841504166787,-0.0043133952790118035,0.002506248916143319,-0.5562737231739495,0.1106868431682507,0.13019407858769583,-0.29405191275647574,0.004585113765642745,-0.0037832720181540935,-0.038454210152849555,6325,597000000,13.78,0,2,2,-2.867241786789398,-1.009682424908695,5.2522504149201925
-4.046892928621759,-0.9852342534527732,4.55495813208737,-4.3313553278065715,-3.4697771002082454,5.533427057792584,-0.831386148360022,-0.004670450367588485,0.0016881131529527687,-0.5556729339120576,0.14823953131964857,0.11790870455711351,-0.2906989510351089,0.010232322983938502,0.010572372229944449,0.012806594531866722,6325,731000000,13.19,0,2,2,-3.1469516195434504,-1.92171940431065,4.867144110982698
-4.017766101374163,-0.9504119460020631,4.4679263088666525,-4.336757173713881,-3.446453507949895,5.498953956172137,-0.8307009815571605,-0.004737434591857577,0.0007944991046194062,-0.5566981271071697,0.17035510598061349,0.11056559249551542,-0.28794094073959065,0.008151283873303328,0.012064936163369566,0.025849069243122358,6325,886000000,12.81,0,2,2,-3.805776764658292,-0.6810781431759081,6.046891105341735
-4.017766101374163,-0.9504119460020631,4.4679263088666525,-4.340743244756649,-3.421425616106596,5.464858503896445,-0.8297541523726378,-0.004743884954055836,9.816968921545592e-06,-0.5581088980472674,0.18010588739363614,0.10662776481034061,-0.28321764399592547,0.006942991876712767,0.007428596200043103,0.02652609364304226,6326,51000000,12.8,0,2,2,-2.7034284152710493,-1.3865045433473364,4.435929830440608
-3.985062643010358,-0.915890188808308,4.381966011250111,-4.344631466040416,-3.3964018796921183,5.431513784264177,-0.8289879967472326,-0.004938528590119656,-0.00048311187745002154,-0.559244381989921,0.1843769327841679,0.10415317865906697,-0.2776641062184858,0.008290969344670884,0.005619524154099054,0.020163490626146086,6326,195000000,12.89,0,2,2,-2.847881272416223,-1.2267554628529964,5.650118745433742
-3.985062643010358,-0.915890188808308,4.381966011250111,-4.3477888653997905,-3.365586531669813,5.393157696432485,-0.8282968499290672,-0.005094685751515545,-0.001217115832785066,-0.5602650187221464,0.20350753802051796,0.09736686411227871,-0.27393064366438014,0.007243218260555295,0.008515839272149606,0.015525428716500755,6326,339000000,12.96,0,2,2,-2.8391403462785356,-1.8759526273753095,5.615091927411861
-3.948822121993608,-0.881571664037269,4.29725035183731,-4.349331134073914,-3.3229913585747535,5.34455886660173,-0.8276554100178998,-0.0051440531907849365,-0.002242655835042958,-0.561208545444274,0.22631559197489928,0.08905044536604358,-0.26989562559402397,0.006396330309144105,0.009191555818688357,0.010092684442497557,6326,522000000,13.0,0,2,2,-2.815856716856012,-1.9486641186445142,5.259109020348497
-3.948822121993608,-0.881571664037269,4.29725035183731,-4.348314119867767,-3.2774787311440567,5.296584826309287,-0.8272553398589371,-0.0051366888401944396,-0.00315302266328077,-0.5617938016307391,0.2454971726706427,0.08170808583971938,-0.26602061509363806,0.004726128554466413,0.007449041868312634,0.006486097936431179,6326,678000000,13.0,0,2,2,-3.555611264084095,-1.500744895215346,5.601711960619571
-3.948822121993608,-0.881571664037269,4.29725035183731,-4.34720111162827,-3.2413617142899898,5.259418174383757,-0.8271779721879265,-0.004604153765259888,-0.0029207287336295374,-0.5619135818245008,0.23928240528665992,0.08763689076736525,-0.26721890229875817,-0.01010721871352871,-0.0027328557735017966,-0.0012534065263025695,6326,864000000,12.96,0,2,2,-3.306261394550938,-1.3387948437217465,4.837203040102956
-3.9090933950267024,-0.8473591953666171,4.213949936692152,-4.347190675654631,-3.21626402162695,5.2326531988369345,-0.8273122653226562,-0.004352597098492661,-0.0024208141331095168,-0.5617202241366478,0.22202207289184567,0.09042936451443237,-0.2717096593226416,-0.010069710242532892,-0.008428280489169993,-0.010410788854642306,6326,994000000,12.9,0,2,2,-3.133183177652391,-1.1779212181732208,4.4777074219622035
-3.9090933950267024,-0.8473591953666171,4.213949936692152,-4.348913922308257,-3.185250762396432,5.193967574383913,-0.8280368058074987,-0.004289401169368334,-0.0014405583151506445,-0.5606554860673918,0.19249299835670822,0.09029826767675622,-0.2797119527785139,-0.005384033693189849,-0.009730442434374709,-0.020368824152683374,6327,136000000,12.84,0,2,2,-2.9911497769841575,-1.2509398531628269,5.59273353581796
-3.8659345079668777,-0.8131560895451824,4.1322325217648865,-4.350000720175281,-3.163504934475394,5.166262698915384,-0.828500463408242,-0.004349376444519836,-0.0010952298212713353,-0.5599704148689557,0.20142256631039465,0.08696065847312089,-0.2771606541070273,0.0019096862843070994,-0.0033094975606218213,-0.010438276694912929,6327,255000000,12.55,0,2,2,-3.1100767968067315,-1.2310468829049932,4.366772773404145
-3.8659345079668777,-0.8131560895451824,4.1322325217648865,-4.350078446241317,-3.1270225193886323,5.122523865245099,-0.8284486591702596,-0.004506121678603263,-0.001265241070300545,-0.5600454563260473,0.21839716243730178,0.07972656528695424,-0.27253322397988733,0.002877385259125731,0.003032728159269027,0.009315773968410213,6327,441000000,12.49,0,2,2,-2.9361262898777998,-1.5831484278074528,5.262820952574261
-3.8194125734041924,-0.7788664752786676,4.052262675053996,-4.348240626363159,-3.0885279928375233,5.079441932690438,-0.8278873366637378,-0.004099534886557833,-0.0012883776841767242,-0.5608779650587814,0.23415590997856411,0.07395397611569071,-0.26921787207125664,-0.008235884433815954,0.0021353149804781424,0.013110110285197152,6327,565000000,12.45,0,2,2,-2.9176666456916176,-1.8536926247523615,5.524275401130214
-3.8194125734041924,-0.7788664752786676,4.052262675053996,-4.345877650669908,-3.0584837994978633,5.047394892955898,-0.8274570304250576,-0.0036406543892287214,-0.0010582224666748873,-0.5615162407277053,0.24299659398249882,0.0710796418039413,-0.26736038398393386,-0.008542519299226115,0.00011545660250078527,0.012457463344617281,6327,697000000,12.53,0,2,2,-2.98135493352871,-1.3056329143386767,6.043433839017644
-3.769603625192266,-0.7443956384154116,3.974201445188184,-4.342997971188261,-3.018446893317193,5.0043978180781865,-0.8274262685589436,-0.003256905643332402,-0.00044774988084670146,-0.561564744427833,0.22158080097113858,0.08220306144920088,-0.27686381055276194,-0.007265200883921352,-0.009577865967003163,-0.02245003342977725,6327,808000000,12.62,0,2,2,-3.353601603023763,-1.5420364062020107,5.630915320786356
-3.769603625192266,-0.7443956384154116,3.974201445188184,-4.342924842226997,-2.990341470997612,4.971051091214923,-0.8283194997680455,-0.0033895124812274155,9.231431995430548e-05,-0.5602457576699894,0.21925257757305966,0.08366359605138338,-0.2785058525141336,-0.001301858776514564,-0.005878308866158477,-0.0236031166423345,6327,943000000,12.65,0,2,2,-3.8680877481788,-1.7263821972152487,5.758814833959526
-3.7165924502813406,-0.7096503524181865,3.898206037095794,-4.34253233621341,-2.9576008794031963,4.93195917392688,-0.8291587712620375,-0.0032364555604031354,0.0006393850511639673,-0.5590034423698927,0.20407118033514376,0.08540050366937177,-0.28761836305218885,-0.012798578882211586,-0.007452554973497172,-0.021568164447671734,6328,114000000,12.52,0,2,2,-3.6768080783961294,-1.8960441480537975,5.120860979093642
-3.7165924502813406,-0.7096503524181865,3.898206037095794,-4.344229177704808,-2.9290705874377916,4.890109878397451,-0.829824453038523,-0.002930881864011758,0.0021601911364019575,-0.5580126527643161,0.16245185820534258,0.08624285854544902,-0.3128790609433104,-0.01773525837052148,-0.02564817914390005,-0.009447082265978679,6328,312000000,12.42,0,2,2,-2.667768723077891,-1.4128400849661118,4.562368826295091
-3.7165924502813406,-0.7096503524181865,3.898206037095794,-4.349241349460542,-2.899935658652382,4.831651350555558,-0.8305179959721598,-0.0032636937943154613,0.00493875513400878,-0.5569603355418864,0.1154943323321084,0.08866423274626159,-0.3331572382857955,-0.010889353961829329,-0.023288944248633925,-0.027820903051178902,6328,459000000,12.38,0,2,2,-2.9367907961705773,-1.4635990896251445,3.932601140593958
-3.6604723982639324,-0.6745392031231582,3.824429495415056,-4.354447543704633,-2.876334321547326,4.778881964369548,-0.831240811055171,-0.003291302494818115,0.0061096870640797735,-0.5558691870289341,0.12941941124597106,0.0835220061263758,-0.3278217834752003,-0.007120741884136805,-0.003724978932950762,-0.0030446321488852846,6328,560000000,12.33,0,2,2,-3.1905254866674984,-1.918767678993377,4.290100995990393
-3.6604723982639324,-0.6745392031231582,3.824429495415056,-4.357528402073646,-2.8464491840393387,4.721184526941197,-0.8312603697120027,-0.002669419711348448,0.006304659941608339,-0.5558410952850552,0.15420802561692298,0.07678970523196063,-0.3170673756236472,-0.006875785129523138,0.005620840602205135,-0.0020556622303047334,6328,702000000,12.27,0,2,2,-3.1496223920495736,-1.2605530053356393,5.219095970260277
-3.601345169102129,-0.6389729068050737,3.753020396282527,-4.359570100154814,-2.8260356614386173,4.68421610914934,-0.8327519519561972,-0.0029270965910385893,0.005278123267703786,-0.5536133669208692,0.1355052153418662,0.08767206946030504,-0.3028312224205839,0.02165773130400339,0.017594435121282004,-0.08639969819341786,6328,801000000,12.45,0,2,2,-3.2798568689672427,-1.0591408424859363,4.876118669961981
-3.601345169102129,-0.6389729068050737,3.753020396282527,-4.364225535944406,-2.804044985573933,4.643129986301525,-0.8368467925296268,-0.0033060964275996516,0.003205029431095247,-0.5474177959708952,0.13317187039427555,0.09070568317333488,-0.28998220859291535,0.020323548233136535,0.022997400992608164,-0.09394516091560945,6328,947000000,12.33,0,2,2,-2.6639305748047493,-0.7282011093552091,4.040788391586052
-3.5393205795637037,-0.6028646205888604,3.6841225481205715,-4.366522961843294,-2.7873879038885674,4.614569895007309,-0.8389774870526812,-0.0032612167384268756,0.0019430679746750353,-0.5441528876804742,0.1459680784005361,0.08533511548601487,-0.28513559630732155,0.0008894632514966361,0.019015540237887762,-0.06413299634004943,6329,99000000,11.74,0,2,2,-2.1466885519490697,-0.8239020745832103,5.251622566982833
-3.5393205795637037,-0.6028646205888604,3.6841225481205715,-4.368262954078805,-2.755422019498675,4.564020506599278,-0.8410285519828095,-0.002370516323039647,0.001087599985382136,-0.5409844475845239,0.1678499306228299,0.07672054703861989,-0.2785803700312454,-0.004313481122153462,0.009871178554021753,-0.025116768301813863,6329,224000000,11.46,0,2,2,-3.190374498239548,-1.294962493153687,5.089886277218341
-3.474516308950366,-0.5661302442712226,3.61787470202627,-4.367059418380607,-2.7282761690301025,4.525554220086245,-0.8416500666312845,-0.0022822832720007747,0.00040535562277631417,-0.5400183258088929,0.18829119889231488,0.06768112174966105,-0.2732168325309437,0.007439961154886987,0.008447687923762714,-0.01070619100573822,6329,375000000,11.22,0,2,2,-3.544859069342295,-1.4336493241236312,5.307632660301457
-3.474516308950366,-0.5661302442712226,3.61787470202627,-4.36425069092431,-2.6930786433252343,4.476078898911454,-0.8421777012959688,-0.0024063729194666404,-3.080188772895372e-05,-0.5391947031086768,0.1644267545179714,0.06916414935027103,-0.282577133485639,0.0018515189481149719,-0.0031378412813864998,-0.015443372285517398,6329,503000000,11.19,0,2,2,-4.4698430815168555,-0.2778034564472789,4.997828508667478
-3.407057624756786,-0.5286887126424467,3.554410272345219,-4.3654633196682315,-2.667954297794497,4.428837340352497,-0.8433730325327371,-0.002227683340865389,0.0017564516751974759,-0.5373210216443984,0.11447874315468924,0.07422063013870552,-0.30890548043912663,-0.017165139070129953,-0.02876259331969777,-0.03829948436759878,6329,660000000,11.17,0,2,2,-3.272726224156534,-0.9820127072317921,4.281085462005151
-3.407057624756786,-0.5286887126424467,3.554410272345219,-4.367605823981799,-2.6517675694937743,4.391601199089243,-0.8445055874071956,-0.0025728347054296656,0.003173990553872637,-0.5355311560904461,0.11920829270129991,0.07056441988218902,-0.30897272201470105,-0.00285537109903089,-0.014190383171808207,-0.028991439830861054,6329,788000000,10.97,0,2,2,-3.3179327640208087,-0.47222695907986195,5.03883317953408
-3.3370770889519026,-0.49046227742735693,3.4938570679927823,-4.368779711756097,-2.6319422995552864,4.348990029852874,-0.8451277359315992,-0.002719330358337317,0.0037864087020466524,-0.5345440845343554,0.11233216354251294,0.0669349994936715,-0.302564828029512,-0.0027120506956634927,-0.0074535033036227105,0.0014014026533004653,6329,978000000,10.76,0,2,2,-2.3459957866131553,-0.20204003242183421,5.148585276897454
-3.3370770889519026,-0.49046227742735693,3.4938570679927823,-4.370387211714087,-2.616902025352647,4.313185778217379,-0.8445721280564111,-0.0027495504410324145,0.004152234391896537,-0.5354186394142362,0.10872957292713892,0.06317314148244621,-0.29616197149845935,-0.003264309043515823,-0.0009594315599770198,0.030727168086741585,6330,134000000,10.67,0,2,2,-3.601714948518503,-0.8043350943800277,4.399989858863301
-3.264714245625722,-0.45137677799617903,3.4363370350639464,-4.370430009325906,-2.5975650928944503,4.2725442738934065,-0.843093577563772,-0.0023925565230955956,0.004047355256011199,-0.5377463287270636,0.13454568653062499,0.05499987847701262,-0.28764246750614386,-0.0038547855638171313,0.007264412170115975,0.03791146227740683,6330,305000000,10.82,0,2,2,-3.3816055324999117,-0.3020879920130929,4.32785207116819
-3.264714245625722,-0.45137677799617903,3.4363370350639464,-4.368451720364923,-2.5721000810701105,4.221487246627441,-0.8418157290499227,-0.0018669197930521108,0.003979731769632066,-0.5397471210388017,0.11233609203995651,0.044857391021271224,-0.2839704721976761,-0.00508019024891837,-0.0017339336295663088,0.01444158524464001,6330,425000000,11.18,0,2,2,-3.945563820262066,-0.809070371904951,4.844936251006428
-3.264714245625722,-0.45137677799617903,3.4363370350639464,-4.366160938164043,-2.5517059451182473,4.176736932047538,-0.8412294696041538,-0.0017328918212599785,0.0038175569607230876,-0.5406620042265791,0.13213509355193492,0.036531648085991145,-0.27714183603474896,0.0006272912969507161,0.006788164364479599,0.014612246468459489,6330,570000000,11.47,0,2,2,-3.3734399289876507,-1.6284039465834472,4.436513195764764
-3.1901152907940897,-0.41136190002975215,3.381966011250113,-4.360663097190589,-2.5265565801062437,4.120506433886755,-0.8406824534331405,-0.001584560315199181,0.003481073069604055,-0.5415148971067434,0.10633383585551648,0.01801605041177145,-0.2902238823003366,-0.00023608068175917651,-5.6458055985864064e-05,0.005091556295155897,6330,669000000,11.59,0,2,2,-3.268035962318804,-0.8214810637429886,4.118608274039509
-3.113432725201406,-0.3703514213601768,3.330853492557396,-4.358220379498106,-2.513243488915023,4.07957729651892,-0.8421998192446054,-0.0016223084552330533,0.003943878028133176,-0.5391486607659608,0.07884321840393556,0.029775347267945868,-0.29523818832733556,-0.0023673513624089537,-0.009463427159062121,-0.07276511678355746,6330,856000000,11.68,0,2,2,-2.282651753538987,-1.1794709741901823,4.100586240018525
-3.113432725201406,-0.3703514213601768,3.330853492557396,-4.358640939420025,-2.499687567451636,4.026517758471302,-0.8461559758451026,-0.0018814820377857215,0.004698995817092218,-0.5329112909343116,0.05441497990109484,0.036184122029560006,-0.2928643335942149,-0.0017843209093371115,-0.005712030178983696,-0.0730184321582783,6330,997000000,11.33,0,2,2,-3.8925842970998064,-0.5983001435784481,4.397927808679649
-3.034824991006352,-0.32828344424628625,3.283102412796271,-4.3586526027060515,-2.4891306793906853,3.986231790295507,-0.8483211786060143,-0.002047442678145354,0.004447710183809537,-0.5294593504520466,0.07970788331730629,0.030012104134110394,-0.2839308608569842,0.005822139701194828,0.008002036884136032,-0.045631177999894135,6331,165000000,10.45,0,2,2,-2.3200712518796873,-0.36331939975662647,4.231902499599742
-3.034824991006352,-0.32828344424628625,3.283102412796271,-4.357058874119771,-2.4799715909768474,3.958168411996518,-0.8493332517051695,-0.002013353375856541,0.003918460834715057,-0.5278386302846674,0.08466913537031812,0.02210898284148174,-0.2810167530906438,0.004737771223517484,0.008123627503664466,-0.03278514304838609,6331,323000000,9.98,0,2,2,-3.0945073398092764,-0.22125775301345169,4.224527099355416
-3.034824991006352,-0.32828344424628625,3.283102412796271,-4.353803730991737,-2.468711869086798,3.918951617500786,-0.8502363050043921,-0.0018697925100245468,0.0034628433249665725,-0.5263864913203552,0.08652155016883337,0.010836112985991877,-0.2785092583332923,-0.003593563542381162,0.007622894554515369,-0.012048161624989007,6331,461000000,9.77,0,2,2,-3.4456670060037657,-0.16468419471114992,4.6425850313468455
-2.954456093278317,-0.28510061338424086,3.238808936286529,-4.346084260552686,-2.4503038334011134,3.870079903178259,-0.8500228805177404,-0.0010708223196217446,0.002988833588037823,-0.5267361984994633,0.12846332417226816,0.004713690754884848,-0.26643197679420283,-0.005090186687084497,0.009413889347342774,0.01532796541141579,6331,588000000,9.54,0,2,2,-2.737382762951513,-1.2063624973722826,3.8036266816779314
-2.954456093278317,-0.28510061338424086,3.238808936286529,-4.334377852028781,-2.425997522105998,3.823455903723308,-0.8490419349157791,-0.0002997316045296125,0.0025908084650352256,-0.5283190235330663,0.165404889686935,-0.00020635350859774768,-0.2540117040113906,-0.004887524437435786,0.007026901812423603,0.023877030980656855,6331,708000000,9.55,0,2,2,-3.036078833528303,-1.2284409563076597,3.848974901362571
-2.8724952072728698,-0.24075031899626043,3.1980622641951673,-4.3177204954510255,-2.3892711015742,3.764188456015363,-0.8479281870390993,0.00047255506256054457,0.002999943797113219,-0.5301024114767947,0.1561594007663421,0.013965269072626607,-0.2431005858700293,-0.002827364050972392,-0.004772712554768077,-0.014587063014914747,6331,857000000,9.73,0,2,2,-3.790318796168421,-1.9307391559860696,3.090246256883829
-2.8724952072728698,-0.24075031899626043,3.1980622641951673,-4.311343279200658,-2.368267782028527,3.7256836503601125,-0.8504901743695913,0.00024819263927092867,0.0034918728356518962,-0.525979285262543,0.11552860968339666,0.03100851902581132,-0.23967131436196612,0.0005310819460646599,-0.007478381212422391,-0.09086035570362583,6332,33000000,9.93,0,2,2,-1.889316441975163,-0.2567420125510638,3.9756678425576926
-2.789116272491974,-0.19518488438498813,3.1609444548970997,-4.310946147726132,-2.35738878416573,3.697203437222032,-0.854912640329451,-8.317367525660234e-05,0.0018768016368101365,-0.5187685881996734,0.04112722499663842,0.045921534674310094,-0.23553114656238505,0.03052229294553399,0.054612476742477156,-0.19636032811831683,6332,200000000,9.42,0,2,2,-3.4786069964366386,-0.16525576517377638,3.512706298473021
-2.7044975745700466,-0.1483617373876593,3.127530258720528,-4.316503492253938,-2.352897707636914,3.6647226233185983,-0.8626350598652017,0.0012761554846044804,-0.003068439829767978,-0.5058158850763288,0.013504282727124025,0.04760817435736438,-0.2279257363173357,0.005671115832228679,0.059880721164518036,-0.18305528064956889,6332,397000000,8.67,0,2,2,-3.2531055650666314,-0.6696002711115013,4.50965011038484
-2.7044975745700466,-0.1483617373876593,3.127530258720528,-4.319067311066225,-2.348530324641927,3.6422770346438695,-0.8664213425087863,0.0022755134835962653,-0.005183369113890401,-0.4992814957198868,0.04021445756533163,0.040215622826765295,-0.22133418891284581,0.0007079118574893073,0.03600503514462616,-0.12568935344461352,6332,537000000,7.65,0,2,2,-3.221521251906621,-0.13102916177595803,3.7144687148188162
-2.7044975745700466,-0.1483617373876593,3.127530258720528,-4.318239237708323,-2.335384261746984,3.603274052479913,-0.870106940791784,0.003009359598097667,-0.006808741932394287,-0.49280675358001147,0.0929308519981352,0.026504820663423724,-0.21148196850522938,0.002974297876789933,0.008466996405331884,-0.04348167603893671,6332,696000000,7.22,0,2,2,-2.123619691703628,-1.5202027509235116,3.7183039404506424
-2.6188213160588383,-0.10024356521196076,3.097886967409696,-4.3156419932887236,-2.327382467233824,3.5864101526755463,-0.8706422392325377,0.002981859796706939,-0.007023039427150259,-0.4918575776518135,0.1153593545502751,0.021106782471967678,-0.20751702112052822,0.00302270709653385,0.0014686362192151137,-0.015711488686065422,6332,847000000,6.82,0,2,2,-3.269938919099853,-0.22015634148659402,4.4064969555009466
-2.6188213160588383,-0.10024356521196076,3.097886967409696,-4.31063949123406,-2.3155964106618927,3.5657315177047537,-0.8707077451982447,0.0028139753836821774,-0.00700669826178325,-0.4917428293059257,0.14138764229818845,0.01485751802061137,-0.20278113260160663,0.0024840050855345908,-0.00429748752139858,0.006259399970076629,6332,956000000,6.75,0,2,2,-2.953910506267373,-0.4265867539320733,3.5570238096674682
-2.532273177214056,-0.050798452185331265,3.072074278608297,-4.3038696456447445,-2.301987641309117,3.545502047078529,-0.8703905849329576,0.002580019747529586,-0.006776256787883865,-0.4923084962725211,0.1647820089943831,0.009379851891275853,-0.19783740763783114,0.001513980271283799,-0.007711762236795039,0.01730090098135406,6333,101000000,6.71,0,2,2,-2.643835026356224,-0.08748510263233295,3.362808271304976
-2.532273177214056,-0.050798452185331265,3.072074278608297,-4.291804248946551,-2.2801606352780746,3.518025110397689,-0.870544688484471,0.0023244043068505237,-0.006175324144944022,-0.4920451278773099,0.1937704166243897,0.0035303524383848775,-0.19030912288773058,-0.002082514424728288,-0.010231997293885797,-0.02209751619375311,6333,264000000,6.71,0,2,2,-3.220366410204123,-0.37239872562994614,3.5416878047117475
-2.4450418679126313,-1.6055016990011418e-15,3.0501441756363534,-4.274825946857109,-2.2517320391817033,3.48789857790711,-0.8717328266451286,0.002033105309697683,-0.005360459550046532,-0.4899479675491122,0.2223272463074235,-0.00154600714335676,-0.18179617325312075,-0.0017566348560649203,-0.010657443908712594,-0.02730400337895844,6333,454000000,6.61,0,2,2,-2.9308953854772017,-0.9284857857419175,4.526193071613381
-2.4450418679126313,-1.6055016990011418e-15,3.0501441756363534,-4.262632155372185,-2.2323257427727596,3.469753414994461,-0.8723353531254328,0.0018430507671237592,-0.004862970126730253,-0.48888033952383764,0.23797278263480554,-0.004618813918781558,-0.17660654192445008,-0.001603995451660012,-0.01034584629451274,-0.022599619842367247,6333,689000000,6.35,0,2,2,-2.626195786614113,-0.3410345614470856,2.665040656139282
-2.3573186718534025,0.05217256991149122,3.0321408228027416,-4.232105839837498,-2.185942275156618,3.431647326806719,-0.8733046069784411,0.0014697296328064484,-0.003831460891889512,-0.48715728798045355,0.2673553487575157,-0.011188733437969917,-0.16572765917392665,-0.0018055904433822434,-0.009383526685269317,-0.012380067073536338,6333,842000000,6.2,0,2,2,-2.8026067288856082,-1.6568078637143993,4.148214996081648
-2.3573186718534025,0.05217256991149122,3.0321408228027416,-4.207109636340473,-2.1496228710959575,3.4054829792073322,-0.8736733108489286,0.0012409242710541037,-0.0031303421628152816,-0.4865013946281843,0.2840818080096036,-0.01568031842942581,-0.15786284136156023,-0.0017964572066375695,-0.008669939779792912,-0.007530214043072192,6333,972000000,5.91,0,2,2,-3.4722866690759786,-0.09686565564846727,3.7545194066330416
