x_ref,y_ref,z_ref,x,y,z,eta,e1,e2,e3,u,v,w,p,q,r,sec,nanosec,angle2,angle3,control_mode,std_test,x2,y2,z2,real_x2,real_y2,real_z2,time
0.0,0.0,5.0,-0.8253696056178824,-0.23101191647899322,4.932676896450209,-0.9887930449353587,6.999261988417226e-06,0.00018301784639514286,-0.14929260109911635,0.07833445463909201,-0.002308008034763917,0.001065315894682311,-0.0001248601819270334,-0.00033631725955274305,0.004545981664705323,5354,175000000,2.73,0,2,4,1.107759446437684,0.4680065954196092,4.925250614394677,1.107759446437684,0.4680065954196092,4.925250614394677,7.462501525878906e-05
0.0,0.0,5.0,-0.8083935633915772,-0.22628366863594623,4.932919615619142,-0.9887192257518331,1.3927700446091554e-05,0.00021954298556387718,-0.1497806537427056,0.08084369227806013,-0.0023094069688081374,0.0010766936783938607,-0.00010207708243115121,-0.0002967919016327869,0.004424905864652828,5354,345000000,2.67,0,2,4,1.0945954840298127,0.4616365166417818,4.9261358140013405,1.0945954840298127,0.4616365166417818,4.9261358140013405,0.24390864372253418
-0.007994025752217304,0.06280566511082372,5.0,-0.7916536246124195,-0.22164420279451733,4.933165507841152,-0.9886467000797813,1.938071169709104e-05,0.000250125458631581,-0.15025857540587084,0.07542861348656651,-0.00259779275708877,0.0010691006175410297,-8.292285400557375e-05,-0.00022300630604377147,0.004401845762913581,5354,576000000,2.59,0,2,4,1.0751586562820772,0.45212053155627835,4.927179074714574,1.0751586562820772,0.45212053155627835,4.927179074714574,0.4765632152557373
-0.007994025752217304,0.06280566511082372,5.0,-0.781719115139114,-0.21905252643817447,4.9333272470764244,-0.9885925032002645,2.3751969841116525e-05,0.00026153428710717794,-0.15061471924050296,0.054561760091622315,-0.0033391786378687317,0.0009015165188827473,-7.127925343297647e-05,-7.465452753763202e-05,0.004569873817672487,5354,791000000,2.51,0,2,4,1.0586971058240318,0.44398286052576363,4.927940997780721,1.0586971058240318,0.44398286052576363,4.927940997780721,0.6531059741973877
-0.01697820740838507,0.1255483960083878,5.0,-0.7759594946109483,-0.2179861971056395,4.933433880540613,-0.9885262764714526,4.752565635062312e-05,0.00021805238922441127,-0.1510488362085336,0.00799379841506296,-0.004418341938769036,0.00018314078745654196,-0.00023175277590326004,0.0011283108165116573,0.005206787454881123,5354,956000000,2.45,0,2,4,1.0485775307094376,0.4387135594839603,4.92847034974421,1.0485775307094376,0.4387135594839603,4.92847034974421,0.8394410610198975
-0.01697820740838507,0.1255483960083878,5.0,-0.7787872708471884,-0.2197971267323524,4.9333981189539395,-0.9884538733660463,7.374953417581305e-05,9.074529788240176e-05,-0.15152203322935243,-0.04030153927396615,-0.005281848565840784,-0.000510922227867231,-2.7566181515226162e-05,0.0016060031043707568,0.005374095326260431,5355,132000000,2.39,0,2,4,1.0440150601746716,0.4356998039044207,4.928918539660045,1.0440150601746716,0.4356998039044207,4.928918539660045,1.0187122821807861
-0.026955524430023026,0.18821223430714068,5.0,-0.7892738902492215,-0.22409466822050206,4.933239656079721,-0.9883797662861566,8.59821665282474e-05,-5.7974193739197426e-05,-0.15200469348734696,-0.08177702754490665,-0.005220420019149133,-0.0012108799413606433,0.00014473349523314027,0.0016527157413293025,0.005468217386805918,5355,299000000,2.33,0,2,4,1.0468806498448686,0.4359072107414206,4.929218412924255,1.0468806498448686,0.4359072107414206,4.929218412924255,1.218522548675537
-0.026955524430023026,0.18821223430714068,5.0,-0.8085835860388062,-0.2312520148924821,4.93291800454889,-0.9882897714022587,0.00011401714968610988,-0.00022633112235211577,-0.15258854320028004,-0.1204503278508146,-0.00486106134505088,-0.002006500585179275,1.5542948128555167e-05,0.0017169799207295,0.0061853388160670875,5355,482000000,2.28,0,2,4,1.0562424420906715,0.4390802916532421,4.929373715979805,1.0562424420906715,0.4390802916532421,4.929373715979805,1.4457414150238037
-0.026955524430023026,0.18821223430714068,5.0,-0.8364990933744106,-0.24103566919563996,4.932447458431797,-0.9881877093493285,0.0001293305211699745,-0.0004189429977059386,-0.1532477042285067,-0.14349507976947515,-0.00324134566201542,-0.0023713127316324616,0.00021784099573096682,0.0016330233393091476,0.005808807190987864,5355,696000000,2.23,0,2,4,1.073149339918598,0.4456456700390089,4.929378892433604,1.073149339918598,0.4456456700390089,4.929378892433604,1.6787042617797852
-0.03792871608951609,0.2507810623072051,5.0,-0.8595016086964269,-0.24875650655095619,4.932082217967532,-0.9881197148187901,0.00012070092691881726,-0.0005273494567610134,-0.1536851864047717,-0.12738354600970667,-0.0011699327649518237,-0.001979376547116768,0.000270032489879668,0.0008634193818579661,0.004335521816756227,5355,913000000,2.18,0,2,4,1.0973730477793475,0.45565210714529775,4.929235536191534,1.0973730477793475,0.45565210714529775,4.929235536191534,1.8748857975006104
-0.03792871608951609,0.2507810623072051,5.0,-0.8804431608357604,-0.2554139109046023,4.9317631946227145,-0.988066106198592,8.448669055505359e-05,-0.0005460653847382176,-0.15402942724085883,-0.09301079580527254,0.001273330682338539,-0.0014776900720642069,0.00039367258750644396,-0.00041583730592265056,0.002844941764124087,5356,95000000,2.15,0,2,4,1.1170795784516687,0.4642286743490457,4.929112107875284,1.1170795784516687,0.4642286743490457,4.929112107875284,2.0760767459869385
-0.04990027644803874,0.3132386055305398,5.0,-0.8925018234458779,-0.25884132675980714,4.931572139888522,-0.9880376962242827,2.2825317927999166e-05,-0.0004983484523950394,-0.15421174393552745,-0.06590071693063362,0.0036247228301747878,-0.0011060900161802166,0.0006704740599161596,-0.0008814960210656864,0.0019423865978751564,5356,283000000,2.14,0,2,4,1.133693048536501,0.47201492459250355,4.929039295533632,1.133693048536501,0.47201492459250355,4.929039295533632,2.2428181171417236
-0.04990027644803874,0.3132386055305398,5.0,-0.9007973593523302,-0.26070496882117744,4.931431860398347,-0.988014578416862,-3.777386531956628e-05,-0.0004309133356007867,-0.15435998744034174,-0.04193712549376208,0.005621503700019847,-0.0007737889029078573,0.0005759529983606626,-0.0009745886586642882,0.0019026570498681394,5356,441000000,2.13,0,2,4,1.1420407600334022,0.4765223314057407,4.929022787636375,1.1420407600334022,0.4765223314057407,4.929022787636375,2.419468402862549
-0.04990027644803874,0.3132386055305398,5.0,-0.9057668385055464,-0.2611580686047097,4.931332342512731,-0.9879897079953616,-8.169533410433899e-05,-0.00035830766111766667,-0.15451926040702035,-0.020708415344579543,0.007838580218856249,-0.0005521791254938898,0.00032226988651018473,-0.0009776715614862042,0.0021243300807327614,5356,609000000,2.12,0,2,4,1.146448758403946,0.4796918424745807,4.929039640607149,1.146448758403946,0.4796918424745807,4.929039640607149,2.576566219329834
-0.06287244931678915,0.37556843537659224,5.0,-0.9077114136522867,-0.2604917425459369,4.931268609846086,-0.987963838651368,-0.00011306613421263884,-0.0002931918190821973,-0.1546846946916855,-0.00432600956560184,0.009532497019007135,-0.0003925169028207525,0.00028136246044141444,-0.0010066617051052162,0.0026925632255370147,5356,757000000,2.11,0,2,4,1.1474085010135608,0.481682910030178,4.92908762223622,1.1474085010135608,0.481682910030178,4.92908762223622,2.7395904064178467
-0.06287244931678915,0.37556843537659224,5.0,-0.9076735790790581,-0.2589583397377182,4.931224859185923,-0.9879303492280884,-0.00014184263497854453,-0.00022767070744761958,-0.15489852523759778,0.01022035073639892,0.011031869055213325,-0.00024909796283880835,0.00024591080318714376,-0.0009612593089514121,0.0034999102126676007,5356,909000000,2.1,0,2,4,1.1463123952424386,0.4827488998264193,4.929193961599377,1.1463123952424386,0.4827488998264193,4.929193961599377,2.897066831588745
-0.06287244931678915,0.37556843537659224,5.0,-0.9054952915308939,-0.256240863002449,4.931200818392589,-0.9878804700944881,-0.0001789206699729966,-0.00015866789600750143,-0.15521636388533716,0.024866927357264278,0.01294112157954809,-4.439188312447235e-05,0.0003854384999613103,-0.0009003009665775608,0.004532361754172598,5357,56000000,2.07,0,2,4,1.1439836960317014,0.4833728401561035,4.929382494962497,1.1439836960317014,0.4833728401561035,4.929382494962497,3.0514187812805176
-0.07684722320348403,0.4377539718994975,5.0,-0.9019628161970006,-0.25306784928969545,4.931208845596151,-0.987826242089897,-0.00021312173883825184,-0.0001032534856498569,-0.15556111132411676,0.03602008721340028,0.014550377079968035,0.00014267001456922786,0.0003378097858330875,-0.0008180422128134524,0.005383435291150818,5357,202000000,2.03,0,2,4,1.1400039651017904,0.4836122437936096,4.929687764080511,1.1400039651017904,0.4836122437936096,4.929687764080511,3.2142913341522217
-0.07684722320348403,0.4377539718994975,5.0,-0.8955121227562874,-0.2480485992540221,4.931256186146094,-0.9877435309236444,-0.00025096920768692183,-4.099837204708752e-05,-0.15608540114976005,0.048298423766277555,0.016292264718186157,0.00035746978854436914,0.0002824232836928786,-0.0006884497452119831,0.006340693016682053,5357,356000000,1.98,0,2,4,1.1355617331399301,0.48348576426276985,4.930009703806742,1.1355617331399301,0.48348576426276985,4.930009703806742,3.4027864933013916
-0.07684722320348403,0.4377539718994975,5.0,-0.8872654361678294,-0.2420921829491975,4.931333848714953,-0.9876472869246045,-0.00029522650586114594,1.1584589470646072e-05,-0.15669316940305728,0.05842273371789265,0.01824837745252108,0.00046014837490714153,0.0004046994519057989,-0.0006275603368521843,0.0072247517437062925,5357,529000000,1.9,0,2,4,1.1287417392502492,0.48293566373955427,4.930486322607876,1.1287417392502492,0.48293566373955427,4.930486322607876,3.598538637161255
-0.09182632624610987,0.49977848670888325,5.0,-0.8775599370051417,-0.2353055482005173,4.9314282471026285,-0.9875369755641232,-0.0003363002228711447,5.782384417755024e-05,-0.1573868020268127,0.06677912498766689,0.019839365646055197,0.0005378749564478624,0.0003393859543621147,-0.0005372867235564627,0.008249267830251483,5357,714000000,1.8,0,2,4,1.1209799512053698,0.4820485460711644,4.931039249211996,1.1209799512053698,0.4820485460711644,4.931039249211996,3.7829957008361816
-0.09182632624610987,0.49977848670888325,5.0,-0.8691716580953689,-0.22955056690831765,4.931512100725653,-0.9874415179942696,-0.0003636413036312208,8.851462598272764e-05,-0.15798451972055838,0.07216583665778398,0.020867327027563838,0.000592270127026261,0.0002956471121251525,-0.00046327280358582357,0.008970261569629656,5357,885000000,1.68,0,2,4,1.112455440532548,0.4808946019994089,4.931663427027997,1.112455440532548,0.4808946019994089,4.931663427027997,3.9363739490509033
-0.09182632624610987,0.49977848670888325,5.0,-0.8588513130305208,-0.22251911312423525,4.931614493090938,-0.9873222097253185,-0.00039839579166307316,0.00011510250536954361,-0.15872832833278583,0.07735408089349653,0.02229398547765022,0.0005880058009337097,0.0004276524464330578,-0.00033461557222835836,0.009871175279840827,5358,32000000,1.58,0,2,4,1.1053760527309238,0.4798472263247969,4.932192996572627,1.1053760527309238,0.4798472263247969,4.932192996572627,4.102900505065918
-0.10781122113602892,0.5616251059963305,5.0,-0.8479071561264327,-0.2150214277200242,4.931713571429548,-0.9871904219547082,-0.0004333346480438057,0.00013184016779229447,-0.15954581047504146,0.08154675241422754,0.023544488350113538,0.0005569360858206623,0.0003682063805854341,-0.00023976319170060378,0.010756703795777867,5358,190000000,1.45,0,2,4,1.0969022492497522,0.47850712529143513,4.932840607090642,1.0969022492497522,0.47850712529143513,4.932840607090642,4.2674171924591064
-0.10781122113602892,0.5616251059963305,5.0,-0.8320755492959059,-0.20411437941226443,4.9318444771131995,-0.9869946904127322,-0.0004744242230534702,0.00014679981274985646,-0.1607520900907557,0.08577281124417425,0.025007623789181543,0.0005375865408529406,0.00043357811705391214,-0.00018308321472204625,0.011379544321243884,5358,342000000,1.31,0,2,4,1.0881369833681347,0.4770367518303296,4.933528825902051,1.0881369833681347,0.4770367518303296,4.933528825902051,4.503844499588013
-0.10781122113602892,0.5616251059963305,5.0,-0.8158093325072978,-0.1926094473252265,4.931986713877204,-0.9867892787305939,-0.0005236009581565129,0.00015992213534514802,-0.1620080851355925,0.08539661506749766,0.02686268051259507,0.00060657236239484,0.00026107333894742624,-0.0001790937560031125,0.011063424426538404,5358,563000000,1.09,0,2,4,1.0757001197163232,0.4747906605037076,4.934538418206257,1.0757001197163232,0.4747906605037076,4.934538418206257,4.735717535018921
-0.12480310003259198,0.6232768136895412,5.0,-0.8029516565459383,-0.1824350578413393,4.9321166383392825,-0.986638252172465,-0.0005446244771220074,0.00016916683441391744,-0.162925240883125,0.06826066566510161,0.028174882195625174,0.0005278490792956106,0.00016906584363596266,-3.3346366290487595e-05,0.007568915407318855,5358,781000000,0.84,0,2,4,1.0629090700057782,0.4722475039442334,4.935625530852394,1.0629090700057782,0.4722475039442334,4.935625530852394,4.960066556930542
-0.12480310003259198,0.6232768136895412,5.0,-0.7969486744319496,-0.1749478424109386,4.9321611089618385,-0.9865937211529477,-0.0005533199883938122,0.000133689318709144,-0.16319468540897997,0.025188994194662008,0.029066106120630146,-8.989377771186621e-05,0.0001501883943433313,0.0005982425079764653,6.828801266678397e-05,5358,991000000,0.64,0,2,4,1.0503477832115695,0.46977425196928374,4.936539898100855,1.0503477832115695,0.46977425196928374,4.936539898100855,5.146121025085449
-0.14280287947149173,0.6847164547362532,5.0,-0.7981075198371849,-0.17031627604847002,4.932091710209023,-0.9866268549244284,-0.0005628757916633687,5.384294917648623e-05,-0.16299426190424887,-0.01779526931489328,0.030381523961086326,-0.0008158327895612664,0.00030792839709192776,0.0012442470506357495,-0.004570591636365862,5359,162000000,0.54,0,2,4,1.041460715960126,0.4692630346976759,4.937245643716626,1.041460715960126,0.4692630346976759,4.937245643716626,5.330602645874023
-0.14280287947149173,0.6847164547362532,5.0,-0.8069652478993864,-0.1674080896053037,4.931868903024913,-0.986724505919476,-0.0005797493127375978,-7.542773242025485e-05,-0.16240199388972254,-0.061580604786624124,0.03168525883657608,-0.0016689628902719043,0.0004384070081187019,0.0014555772168023395,-0.008280264682980487,5359,333000000,0.53,0,2,4,1.038562957794991,0.47167083634609613,4.937736683740208,1.038562957794991,0.47167083634609613,4.937736683740208,5.520117521286011
-0.16181119526917875,0.7459267385199392,5.0,-0.8249819179596949,-0.16658728653200822,4.931434184492198,-0.9868921579716465,-0.0005958613206921699,-0.00022927339376476767,-0.16137986527774756,-0.10323873957356607,0.03355368775267753,-0.0027246334419329635,0.00045280438598638284,0.0015061310591590882,-0.012023754243273288,5359,507000000,0.58,0,2,4,1.0421053720654105,0.4780290408590701,4.938111235039852,1.0421053720654105,0.4780290408590701,4.938111235039852,5.728906631469727
-0.16181119526917875,0.7459267385199392,5.0,-0.853059310328715,-0.16798724634872897,4.930737155928993,-0.9871463350070655,-0.0006389901434242451,-0.0004049503524872223,-0.15981721117866776,-0.13599136031700582,0.0351686227605129,-0.003610953940178343,0.000372127868786265,0.0014845108353256364,-0.014797942458244506,5359,706000000,0.7,0,2,4,1.0534686125427413,0.4890322974729161,4.938315384495582,1.0534686125427413,0.4890322974729161,4.938315384495582,5.969404458999634
-0.16181119526917875,0.7459267385199392,5.0,-0.880692428641118,-0.16954566084437656,4.930072596251261,-0.9873403396331548,-0.0006408182848571586,-0.0005448681682700876,-0.1586138272777357,-0.13133619308299288,0.036770000154481466,-0.003348528111661837,0.00020509692575387817,0.0012697386296167679,-0.010513488814467564,5359,931000000,0.9,0,2,4,1.0732691163392054,0.5050814005443022,4.938300983601807,1.0732691163392054,0.5050814005443022,4.938300983601807,6.181697130203247
-0.18182839742572066,0.8068902424093126,5.0,-0.9022583427187447,-0.1695281088916147,4.929557832837075,-0.9874468553480664,-0.0006535587272028087,-0.0005743720988324065,-0.1579492032930105,-0.09872289826469591,0.03820151095015458,-0.0027305703050737136,0.00017295424186158925,-0.00029523796456487617,-0.005458226223709062,5360,125000000,1.07,0,2,4,1.0949423731963928,0.5218576490187992,4.938150677855006,1.0949423731963928,0.5218576490187992,4.938150677855006,6.3760881423950195
-0.18182839742572066,0.8068902424093126,5.0,-0.9168997363003135,-0.16779804814739432,4.9291853329378625,-0.9875050784432781,-0.0006734624542923839,-0.0005305834843976704,-0.1575848500910665,-0.070614250892689,0.03927090056143953,-0.0022296386898564115,0.00014378364880940353,-0.0007432298559706396,-0.004061324534632149,5360,307000000,1.17,0,2,4,1.112447598114075,0.536609058237763,4.9379841658914225,1.112447598114075,0.536609058237763,4.9379841658914225,6.549647808074951
-0.20285454502857725,0.867589415443657,5.0,-0.9275662831114435,-0.1645597322897575,4.928884144068868,-0.9875508875338121,-0.0006941194649586094,-0.000467655418605616,-0.157297628805261,-0.0455839062938537,0.04063582475973103,-0.0017808843299587506,0.00011799066470530306,-0.0008451521637198312,-0.003319074949104106,5360,468000000,1.23,0,2,4,1.1236350192506566,0.5482327664439117,4.93784390511905,1.1236350192506566,0.5482327664439117,4.93784390511905,6.7277703285217285
-0.20285454502857725,0.867589415443657,5.0,-0.9354043525164767,-0.15927706914960874,4.9286283489692035,-0.9875834127407167,-0.0007269275804241142,-0.0003943117947014503,-0.15709334477914882,-0.02093622725266248,0.04207532284131161,-0.0012540568991198525,0.0002632639080957233,-0.0008615791330157663,-0.0012890649486507755,5360,633000000,1.28,0,2,4,1.130595340334226,0.5583659372465916,4.937714192105062,1.130595340334226,0.5583659372465916,4.937714192105062,6.913937568664551
-0.20285454502857725,0.867589415443657,5.0,-0.9391522055363977,-0.15327514041165177,4.928470945274478,-0.9875811591921144,-0.0007674091722663509,-0.0003311428569356656,-0.1571074646104697,-0.0019409634563720493,0.043713120749531695,-0.0009006245818081795,0.000393252045682857,-0.0008484431077704357,0.0014122206948741223,5360,805000000,1.32,0,2,4,1.1339272320335763,0.5682248750677985,4.937591933120303,1.1339272320335763,0.5682248750677985,4.937591933120303,7.0937299728393555
-0.22488940115985745,0.9280065821559788,5.0,-0.9402949638497395,-0.146155221798289,4.928359511515402,-0.9875445838008092,-0.0007966766330729398,-0.0002683552237458292,-0.15733718027695365,0.014580752414454418,0.045185041311968946,-0.0006681651013423572,0.0001622349884655705,-0.0008205766562241479,0.004215098306303844,5360,972000000,1.33,0,2,4,1.1333892035680821,0.5757769149042083,4.937503262010324,1.1333892035680821,0.5757769149042083,4.937503262010324,7.2639055252075195
-0.22488940115985745,0.9280065821559788,5.0,-0.9388878269073279,-0.1370069411915313,4.928278708645326,-0.9874610733442599,-0.0008099331333250781,-0.00019786900486888404,-0.15786048741207753,0.030603790536097263,0.04639780400760814,-0.00037743875257255534,-3.9585913924611305e-05,-0.0007812843534793501,0.0073341494498890825,5361,134000000,1.31,0,2,4,1.1299926288894775,0.582358579297884,4.937426225683456,1.1299926288894775,0.582358579297884,4.937426225683456,7.440354824066162
-0.22488940115985745,0.9280065821559788,5.0,-0.9355897197246691,-0.12799869952016282,4.928251857371903,-0.9873491922647306,-0.0008381216065734298,-0.00013819177600690686,-0.15855866734237406,0.04267328699937402,0.04762767786634409,-0.0001312787360340214,0.0003029760620165689,-0.0008104929861474375,0.010035650211648317,5361,298000000,1.25,0,2,4,1.123238699884316,0.5887080365229188,4.937327775518659,1.123238699884316,0.5887080365229188,4.937327775518659,7.613888263702393
-0.24793242780967706,0.9881239465359675,5.0,-0.9306845609106703,-0.11825166690078559,4.928263556826391,-0.9872067206107484,-0.0008698834689213513,-8.073188275108139e-05,-0.15944317974151528,0.0528714587879651,0.048696829116832284,8.802942525615605e-05,0.0002554113279984449,-0.0007459972152901173,0.012105639325454831,5361,460000000,1.16,0,2,4,1.1149948248314054,0.5935526429713794,4.937231917685941,1.1149948248314054,0.5935526429713794,4.937231917685941,7.783054351806641
-0.24793242780967706,0.9881239465359675,5.0,-0.925280954070117,-0.10920620339887128,4.928302507417229,-0.9870615506888555,-0.0008939185321644752,-3.58131566014911e-05,-0.1603393113955135,0.060427463322580165,0.04947057242845561,0.0002610476456813266,0.00021858252239326248,-0.0006576583416517678,0.013685500925930683,5361,620000000,1.06,0,2,4,1.1049544560925189,0.5978041106623162,4.937140372984008,1.1049544560925189,0.5978041106623162,4.937140372984008,7.940805196762085
-0.24793242780967706,0.9881239465359675,5.0,-0.9180469524312554,-0.09835105611906635,4.928376801218167,-0.9868743875462891,-0.0009173419609167159,8.062777776459914e-06,-0.1614871562194808,0.06771914641265339,0.050456190985168334,0.00043975055054185883,0.0001822627737624316,-0.0005524138828150171,0.015305103261198383,5361,768000000,0.94,0,2,4,1.0949257950316604,0.6010907562004562,4.937064793736388,1.0949257950316604,0.6010907562004562,4.937064793736388,8.101854801177979
-0.2719827807983455,1.0479235961347382,5.0,-0.9088156658229937,-0.08554102634025204,4.9284946886268175,-0.9866370872623951,-0.0009391204251334895,4.8192866789129474e-05,-0.16293057959956964,0.07441033699140791,0.051459952902571215,0.0006193118581806609,0.0001478335576621248,-0.000443943488903642,0.01703862872091122,5361,919000000,0.8,0,2,4,1.0822799073320597,0.6044413443975248,4.936983301749614,1.0822799073320597,0.6044413443975248,4.936983301749614,8.298028230667114
-0.2719827807983455,1.0479235961347382,5.0,-0.9009842795785455,-0.0752139042954531,4.92860896703723,-0.9864361207098588,-0.0009531711258115954,7.336472616502717e-05,-0.16414282147357795,0.07868440903072878,0.052019987472162764,0.0007449698165187038,0.00012524737798003116,-0.0003706360530486563,0.017917274453793652,5362,101000000,0.62,0,2,4,1.066787117083114,0.607840468649927,4.936897586601482,1.066787117083114,0.607840468649927,4.936897586601482,8.463340759277344
-0.2719827807983455,1.0479235961347382,5.0,-0.891471701809307,-0.06307235094369507,4.928754014209196,-0.9861933992566371,-0.0009830332193465924,9.393651331145067e-05,-0.16559469823717243,0.0826850486616667,0.05285464149537861,0.0007514852490116049,0.0004550885392973214,-0.00030141727620502934,0.01887953076220583,5362,256000000,0.47,0,2,4,1.053966397075804,0.6102789085714104,4.936833758894532,1.053966397075804,0.6102789085714104,4.936833758894532,8.631368637084961
-0.2970393047101876,1.1073875063133007,5.0,-0.8802268212468775,-0.04900992870861299,4.928910779222034,-0.9859048489599396,-0.0010244164945601142,0.00010970258692493778,-0.16730381745036932,0.08629675707961867,0.05361549221228036,0.0006964384464761884,0.0003863871569365074,-0.0002406841929314396,0.019513402003212832,5362,414000000,0.31,0,2,4,1.0386222079294165,0.6129407425025677,4.936753551917637,1.0386222079294165,0.6129407425025677,4.936753551917637,8.821481466293335
-0.2970393047101876,1.1073875063133007,5.0,-0.8665394848891231,-0.03158772843552248,4.929103081933685,-0.9855722626144624,-0.0010521569474944835,0.00013069082673584334,-0.16925185686034483,0.08110897260764872,0.05457022536564016,0.0007137190237775432,0.0002583358849506112,-0.00021985475342489735,0.015336027900048066,5362,592000000,0.19,0,2,4,1.0206523909474434,0.6158065847729438,4.936652968043905,1.0206523909474434,0.6158065847729438,4.936652968043905,9.056931495666504
-0.2970393047101876,1.1073875063133007,5.0,-0.8582045379785284,-0.01803154139020234,4.929235929522576,-0.9854258051867639,-0.0010812920159879462,0.0001343534398585002,-0.1701023081229262,0.05840655446137409,0.05628175070563174,0.00046699913996684937,0.0002962521307381394,-4.2451488369010804e-05,0.005846475141879637,5362,813000000,0.31,0,2,4,0.9981791978506723,0.6192908938878249,4.936520296643221,0.9981791978506723,0.6192908938878249,4.936520296643221,9.23250961303711
-0.3231005278418917,1.1664975446366894,5.0,-0.8556680699374319,-0.007404335128102036,4.929276091963845,-0.985441794532323,-0.0011071946228350391,8.766646491115788e-05,-0.17000951744997372,0.016170966858917897,0.05814868244617031,-0.000268216548387591,0.0004440247181491941,0.000998221969439328,-0.007213290155050345,5362,977000000,0.41,0,2,4,0.9818382534727919,0.6232226797913106,4.936426190493932,0.9818382534727919,0.6232226797913106,4.936426190493932,9.414807558059692
-0.3231005278418917,1.1664975446366894,5.0,-0.8598682682744666,0.0011321033415328814,4.929183923308956,-0.9856020281709184,-0.0011121344679540283,-1.8589987130882848e-05,-0.16907810288949204,-0.026733370647010035,0.05978929923510225,-0.0010838674851991932,0.00022824316801006717,0.0015050513411551947,-0.015114952566364082,5363,146000000,0.42,0,2,4,0.9725453334194897,0.6290600110299153,4.936291508555266,0.9725453334194897,0.6290600110299153,4.936291508555266,9.580614566802979
-0.35016465716835876,1.2252354754156587,5.0,-0.8702432200040654,0.00778112805703405,4.928965756201751,-0.9858462196492859,-0.0011270922797427967,-0.00015012450735502677,-0.16764825775664027,-0.0648137924529597,0.06156210039928488,-0.0018366810582300425,0.0005565737694723794,0.0016679424788890174,-0.02054184915323276,5363,301000000,0.34,0,2,4,0.9688689838337258,0.6373694613889892,4.93608784912277,0.9688689838337258,0.6373694613889892,4.93608784912277,9.752530097961426
-0.35016465716835876,1.2252354754156587,5.0,-0.8907469477235263,0.01388034137975681,4.92852169974306,-0.9862473041970701,-0.001150177959665767,-0.0003236824129929407,-0.16527197973149704,-0.10558686807921527,0.06313475724535013,-0.0028674917851727842,0.00047947454504537745,0.0016948942288763647,-0.027168484484718647,5363,462000000,0.23,0,2,4,0.9700567679439006,0.6478341583946677,4.935815600935126,0.9700567679439006,0.6478341583946677,4.935815600935126,9.975719213485718
-0.35016465716835876,1.2252354754156587,5.0,-0.9183183701761851,0.01797101128620319,4.927889656030841,-0.9867551858804641,-0.001168521228237092,-0.0004862523080610644,-0.16221159408267571,-0.1391467674406625,0.06443595060458594,-0.0037904054885296475,0.00037870548794671777,0.0015183605455604265,-0.033372510006302036,5363,671000000,0.26,0,2,4,0.977384295385276,0.6634372415931856,4.935383624747716,0.977384295385276,0.6634372415931856,4.935383624747716,10.191683769226074
-0.37822957332913054,1.2835829643978252,5.0,-0.9457667605337414,0.02103390033087849,4.927277990274995,-0.987167037375366,-0.0011546108027773502,-0.0006085842841651597,-0.15968574394292595,-0.13913665532841407,0.06468684318157161,-0.0035378813338183073,1.5090460081523815e-05,0.0012999680279790482,-0.025229206949006766,5363,871000000,0.54,0,2,4,0.9900875840217738,0.6808484317419591,4.934863583137522,0.9900875840217738,0.6808484317419591,4.934863583137522,10.38440227508545
-0.37822957332913054,1.2835829643978252,5.0,-0.9683205612907604,0.02448577720813826,4.926798491272454,-0.9874119306242656,-0.0011482194029727344,-0.0006596168599623373,-0.15816423666132906,-0.11418040836208206,0.06471978623957543,-0.0030070083965843693,1.2423787154602906e-05,0.00013748595790730178,-0.014316471424535848,5364,50000000,0.79,0,2,4,1.0053344265927433,0.6977743398709696,4.934339921536328,1.0053344265927433,0.6977743398709696,4.934339921536328,10.55236530303955
-0.40729282563855174,1.3415215836101098,5.0,-0.9866316485710874,0.029429422202662262,4.92640338673519,-0.9875549269067176,-0.0011529090736359415,-0.000636992090111241,-0.15726897781829968,-0.0855973493565082,0.06535084382341556,-0.002479124700203682,3.779734925046796e-06,-0.0005824451477565162,-0.009459608099859906,5364,209000000,0.94,0,2,4,1.0214261377350595,0.7137234284114806,4.9338500677842525,1.0214261377350595,0.7137234284114806,4.9338500677842525,10.71520447731018
-0.40729282563855174,1.3415215836101098,5.0,-1.0007343625405971,0.03589242368071392,4.92608355753615,-0.9876563357642283,-0.0011625296155357491,-0.0005774345225456766,-0.15663102348846208,-0.059098960497419674,0.06603077531299613,-0.0020030072358746577,-6.057638213263772e-06,-0.0008318178970512236,-0.007056834874674678,5364,361000000,1.02,0,2,4,1.0395409962073512,0.7304460497701599,4.933352842685794,1.0395409962073512,0.7304460497701599,4.933352842685794,10.897300481796265
-0.40729282563855174,1.3415215836101098,5.0,-1.0110998994924905,0.04372958651774443,4.925836869652181,-0.9877273947872397,-0.0011831015176078995,-0.000508647508957272,-0.15618237780019417,-0.03584796116853319,0.06716851621249134,-0.0015050553392175058,0.00015652041440716857,-0.0009079957862923038,-0.004485956014832482,5364,532000000,1.07,0,2,4,1.059368165800938,0.74789280952505,4.932853860087357,1.059368165800938,0.74789280952505,4.932853860087357,11.058584690093994
-0.43735162712291586,1.399032816354308,5.0,-1.01749323304053,0.05162141969697607,4.925682819342577,-0.9877582425870962,-0.0012027376154033894,-0.00044816844507577407,-0.1559872006560935,-0.017892517062849896,0.06814491470726311,-0.0011008301425037867,0.00012877135446842658,-0.000870314494250124,-0.001092062916541181,5364,682000000,1.1,0,2,4,1.080608043133545,0.7660077429254659,4.932365467287112,1.080608043133545,0.7660077429254659,4.932365467287112,11.224571228027344
-0.43735162712291586,1.399032816354308,5.0,-1.0225017393104252,0.06299303357507505,4.925561420601513,-0.9877400099381362,-0.0012247775262689666,-0.0003730087354679239,-0.15610263787619055,0.002251844397894934,0.06907968061755997,-0.0006372721207779169,9.756502237223685e-05,-0.0008713980946595257,0.0033956928746192716,5364,835000000,1.11,0,2,4,1.0995710551170395,0.7821144164198979,4.931953505129031,1.0995710551170395,0.7821144164198979,4.931953505129031,11.415226936340332
-0.43735162712291586,1.399032816354308,5.0,-1.024333669309482,0.07411512819156867,4.925513264291761,-0.9876677978652432,-0.0012520800637047765,-0.00031244061496164295,-0.15655879322604982,0.01756541279843339,0.07018791914267579,-0.00034955540451184306,0.00024761161228070705,-0.0007407815530768858,0.007705930147494655,5365,11000000,1.06,0,2,4,1.1187628170015802,0.8007017372464809,4.931489074159229,1.1187628170015802,0.8007017372464809,4.931489074159229,11.577930927276611
-0.46840284958794687,1.456098062357568,5.0,-1.0240727874103275,0.08609849896949158,4.925511568050799,-0.9875479409197674,-0.001269089134954856,-0.00025991807895622214,-0.157313019933148,0.030815153793824317,0.07110649072076981,-3.672822769333364e-05,3.057826667429708e-05,-0.0006627985101204104,0.011082456967415055,5365,164000000,0.98,0,2,4,1.1302067539308773,0.8153197670219371,4.931137556571885,1.1302067539308773,0.8153197670219371,4.931137556571885,11.759008646011353
-0.46840284958794687,1.456098062357568,5.0,-1.0216440638251458,0.10044239499739274,4.925564009277883,-0.9873646017151483,-0.001292291224345887,-0.00020089945410561015,-0.15845956235799452,0.04344517101224235,0.07182208545313105,0.00021616660760601778,0.00018580014824465252,-0.0007462988207862509,0.014362252477440052,5365,332000000,0.87,0,2,4,1.1368499746173801,0.8284841803845151,4.930840847617612,1.1368499746173801,0.8284841803845151,4.930840847617612,11.955113172531128
-0.46840284958794687,1.456098062357568,5.0,-1.0173533955105103,0.11556855958314785,4.925657751031975,-0.9871362989749999,-0.0013172369817577821,-0.00014027566341347968,-0.15987549047747068,0.053735461410595334,0.0727052785266053,0.00042131278644098543,0.00014870381761511453,-0.0006987968106386688,0.017124286205216777,5365,511000000,0.71,0,2,4,1.1393292676210707,0.8417919076461452,4.930580631960296,1.1393292676210707,0.8417919076461452,4.930580631960296,12.133018016815186
-0.5004430187200422,1.5126986430795495,5.0,-1.012272442495564,0.129586432503683,4.925772070198258,-0.986901172295507,-0.0013359754404541713,-9.24618859615969e-05,-0.16132043498012272,0.061369951679366964,0.07327705788906541,0.0005835814864486037,0.0001206682298970918,-0.0006072150767977291,0.019209889433113858,5365,679000000,0.52,0,2,4,1.1372582428621367,0.8537147431662737,4.930391042879802,1.1372582428621367,0.8537147431662737,4.930391042879802,12.31534194946289
-0.5004430187200422,1.5126986430795495,5.0,-1.0053870981196453,0.1458630279589452,4.925931792298008,-0.9866064651610618,-0.0013533125415619521,-4.7696577231741205e-05,-0.16311299510644667,0.06837408373177328,0.07349856087438204,0.0007465540529997493,9.44757864829171e-05,-0.0004977901937763818,0.020923798547300976,5365,848000000,0.34,0,2,4,1.1321267179202763,0.8633373774044385,4.930265992150314,1.1321267179202763,0.8633373774044385,4.930265992150314,12.501991510391235
-0.5004430187200422,1.5126986430795495,5.0,-0.9984427883593143,0.1607080880518396,4.926098589258909,-0.9863222986391811,-0.0013657883395577744,-1.5613144405843336e-05,-0.16482250327416814,0.07333209368892646,0.07399951496092609,0.0008760748431261373,7.517092797115765e-05,-0.00041008587174928834,0.022218724188860506,5366,20000000,0.13,0,2,4,1.123179326447257,0.8732196180698031,4.93017285591294,1.123179326447257,0.8732196180698031,4.93017285591294,12.684118270874023
-0.5334683092248316,1.568815807177966,5.0,-0.9899208660867417,0.17778812433215951,4.926311222562926,-0.985981556375913,-0.0013770354348418062,1.2938294377665355e-05,-0.16684865625033918,0.07780677781582075,0.07431178236811442,0.0010065076517744268,5.741918620572051e-05,-0.0003260279214600814,0.023300260363612324,5366,188000000,0.15,0,2,4,1.1127891613011824,0.8813087999625133,4.930135951713361,1.1127891613011824,0.8813087999625133,4.930135951713361,12.886269569396973
-0.5334683092248316,1.568815807177966,5.0,-0.9808107058091129,0.19517160951754545,4.926547331325467,-0.9856232040466796,-0.0013858548091057023,3.484576682565965e-05,-0.1689525905009387,0.08133982233181603,0.07442026961217472,0.0011225338962060553,4.326571527712986e-05,-0.00025739769569099735,0.02401035544608021,5366,373000000,0.39,0,2,4,1.0988093993133052,0.889719103903004,4.9301250719109175,1.0988093993133052,0.889719103903004,4.9301250719109175,13.071282625198364
-0.5674745400066574,1.6244307361341979,5.0,-0.9712684866492117,0.21282248263231743,4.926796684447743,-0.9852528022879437,-0.001404744135643401,4.611258292045687e-05,-0.1710992114280398,0.08402165853983556,0.07483997255160724,0.0011363842146703347,0.00020263766913330983,-0.00013939675227447879,0.024338060939044226,5366,545000000,0.66,0,2,4,1.0828142253202124,0.8975341745538474,4.930131392260303,1.0828142253202124,0.8975341745538474,4.930131392260303,13.262414932250977
-0.5674745400066574,1.6244307361341979,5.0,-0.9614356563331893,0.23071845539555577,4.927047756281385,-0.9848723461303338,-0.0014228883167178089,4.945568961865375e-05,-0.17327560350697013,0.08602920362773726,0.07512168648287673,0.0011388042616328538,0.00017014298663298177,-8.168567688926487e-05,0.024706775730010122,5366,721000000,0.93,0,2,4,1.0651492024193412,0.9049048803600236,4.930153238677441,1.0651492024193412,0.9049048803600236,4.930153238677441,13.455240726470947
-0.5674745400066574,1.6244307361341979,5.0,-0.9514393923433951,0.2488404232511156,4.9272917653255295,-0.9844847834292216,-0.0014518825600642153,5.079360496935677e-05,-0.17546395827451255,0.08730789705453354,0.07581753928286877,0.001045616704487933,0.0003115583865564986,-0.00012175732706509734,0.024680193746462464,5366,897000000,1.22,0,2,4,1.0461503638486083,0.9118827158641317,4.9301891605670445,1.0461503638486083,0.9118827158641317,4.9301891605670445,13.663365364074707
-0.6024571693927263,1.6795245500406104,5.0,-0.9402584457508681,0.26921270947406445,4.9275451310494205,-0.9840486095526588,-0.0014821515689428348,5.448139654719666e-05,-0.1778936038647348,0.08829519695786696,0.0762589699855792,0.0009492297772028516,0.000259987768913561,-0.00012389329100415125,0.024689684687473346,5367,92000000,1.5,0,2,4,1.0260741924325765,0.9185701345114683,4.930237962932298,1.0260741924325765,0.9185701345114683,4.930237962932298,13.86315369606018
-0.6024571693927263,1.6795245500406104,5.0,-0.9290686990811017,0.28973991947105354,4.927782074461678,-0.9836110932558642,-0.0015076927984183264,5.811541385561934e-05,-0.18029681280884535,0.08870138667356975,0.07643293710752556,0.0008657775234228596,0.00021718045388752216,-0.00011052952189061216,0.024261092039523646,5367,277000000,1.82,0,2,4,1.00274250799818,0.9257835788975062,4.93030588188203,1.00274250799818,0.9257835788975062,4.93030588188203,14.092398405075073
-0.6384112904057448,1.7340783135511595,5.0,-0.915914735230425,0.3145131006644766,4.928046443578864,-0.9830973665071318,-0.0015328898873141594,6.063394142885744e-05,-0.1830770726739438,0.08331743361256802,0.07740768094678727,0.0007302394739221541,0.00017838636381384276,-3.0999443723089826e-05,0.01888426522782538,5367,488000000,2.15,0,2,4,0.9785906238852097,0.9328053116921854,4.930373535761333,0.9785906238852097,0.9328053116921854,4.930373535761333,14.346337795257568
-0.6384112904057448,1.7340783135511595,5.0,-0.9094706644155165,0.33043371878651356,4.928189802383699,-0.9829217522647666,-0.0015459451359458487,5.439533061993545e-05,-0.18401748835245346,0.06518319640103015,0.07900128769853923,0.0005093793869815262,0.00016364879087404915,5.526334021510593e-05,0.007357840195254539,5367,724000000,2.52,0,2,4,0.9498659237090034,0.9415849055507525,4.930457771838338,0.9498659237090034,0.9415849055507525,4.930457771838338,14.513723850250244
-0.6753316260889739,1.7880730419968338,5.0,-0.9076752309623877,0.34674670664164214,4.92826339781119,-0.9829877947944484,-0.0015848868441746384,-7.056188928446531e-06,-0.1836640502903294,0.01716819925296868,0.08286630637841327,-0.00028865149966119313,0.0006766402123048465,0.001104573743759829,-0.014570193616236793,5367,885000000,2.66,0,2,4,0.9338423721501642,0.9488828635279721,4.9304956131829325,0.9338423721501642,0.9488828635279721,4.9304956131829325,14.70548415184021
-0.6753316260889739,1.7880730419968338,5.0,-0.9148673517769057,0.3603634594104687,4.928170861238356,-0.9833561120517234,-0.001631068006949087,-0.0001421345021948502,-0.1816812491851006,-0.03349330152345815,0.0866502321199188,-0.0012125291392816985,0.0007661385950541444,0.001578324713591428,-0.02778687521640677,5368,62000000,2.64,0,2,4,0.9217235441667174,0.9597075575252196,4.930473195234589,0.9217235441667174,0.9597075575252196,4.930473195234589,14.898185729980469
-0.6753316260889739,1.7880730419968338,5.0,-0.9281026836860504,0.37046132826512607,4.927951357242675,-0.9838155032265341,-0.0016764761917538588,-0.0002782692049617156,-0.17917635894545136,-0.0730161297827985,0.08974893638586438,-0.0020411987377799536,0.0008517297601429163,0.001624823323709279,-0.03474068616924342,5368,237000000,2.42,0,2,4,0.9171846081720288,0.9738801661540426,4.930349721491489,0.9171846081720288,0.9738801661540426,4.930349721491489,15.084140539169312
-0.7132125248877181,1.8414897076674175,5.0,-0.9552966148611807,0.3817758434443976,4.927445238735384,-0.984596605641672,-0.0017438986616048835,-0.00046902013667738903,-0.1748320994453456,-0.11871634314482134,0.09227517021347784,-0.0031247177305168705,0.0006730004940891376,0.0016871651951078093,-0.04439311560417991,5368,413000000,2.15,0,2,4,0.9188013863772478,0.988145845346955,4.930145465287956,0.9188013863772478,0.988145845346955,4.930145465287956,15.3149094581604
-0.7132125248877181,1.8414897076674175,5.0,-0.9868088165219968,0.3900732425743661,4.926850995843957,-0.9854110537509455,-0.001763250461349797,-0.0006342653100145939,-0.17018091491344745,-0.14659009432082784,0.09266473975476139,-0.0035716254145600444,0.00034708068596955854,0.0016218918290178408,-0.048676748701836914,5368,627000000,1.73,0,2,4,0.9274468844299352,1.008624100553532,4.929740052923028,0.9274468844299352,1.008624100553532,4.929740052923028,15.520801544189453
-0.7132125248877181,1.8414897076674175,5.0,-1.0136191521823175,0.3962961189289659,4.926385047559922,-0.9859881683738052,-0.0017504104284515,-0.0007424607348900763,-0.16680442632693387,-0.14390419778916244,0.09206154621090147,-0.003188522817027246,8.625965630670862e-06,0.0013002926380067947,-0.03895343543263152,5368,821000000,1.3,0,2,4,0.9387368522334336,1.0270443031540275,4.929293270427205,0.9387368522334336,1.0270443031540275,4.929293270427205,15.698508977890015
-0.7520479560913946,1.8943092462609985,5.0,-1.0385078161145436,0.4031875736729824,4.925990196649749,-0.9864124628336775,-0.0017037565298494424,-0.0007814366678210922,-0.16427702132927724,-0.1201379857900314,0.0908973289615741,-0.0026794695903415338,-0.0006856227855678299,7.818990011010385e-06,-0.02572806533862604,5368,988000000,1.02,0,2,4,0.9496531982527997,1.0416112635311878,4.928898417437199,0.9496531982527997,1.0416112635311878,4.928898417437199,15.861852884292603
-0.7520479560913946,1.8943092462609985,5.0,-1.0568008834215412,0.4103199405385442,4.925711714960305,-0.9866638963193686,-0.0016720911065007803,-0.0007486093619362944,-0.16276055847543947,-0.09602155425823497,0.08990074268259196,-0.0021798930732588756,-0.0004373807826141274,-0.0005854302912666753,-0.019433156376180705,5369,141000000,0.85,0,2,4,0.961983839142746,1.0560653673290141,4.928481740877613,0.961983839142746,1.0560653673290141,4.928481740877613,16.025890350341797
-0.7918315053403964,1.9465125635026175,5.0,-1.0738773237950585,0.4196814434565575,4.925471420071005,-0.9868896109589178,-0.0016501400278255561,-0.00068338909592791,-0.1613868203992752,-0.07089487629007746,0.08944276936053763,-0.001641198498081406,-0.00038942578726164356,-0.0008057479533363221,-0.016025025615817867,5369,293000000,0.78,0,2,4,0.9737720236843382,1.068653810497896,4.928121093461238,0.9737720236843382,1.068653810497896,4.928121093461238,16.199849843978882
-0.7918315053403964,1.9465125635026175,5.0,-1.0873622728528105,0.4302430720536912,4.925302505352267,-0.987072359534988,-0.0016418714276236332,-0.0006114417979407319,-0.16026567767046718,-0.048908773830581544,0.08926751980649814,-0.0012281527360305344,-0.00017233887916745516,-0.0008704286699412478,-0.012442106617527315,5369,456000000,0.72,0,2,4,0.9900911907687027,1.0848004738893635,4.927674903664157,0.9900911907687027,1.0848004738893635,4.927674903664157,16.364977598190308
-0.7918315053403964,1.9465125635026175,5.0,-1.0998995216796046,0.4449228662881841,4.925168108229815,-0.9872318072004604,-0.001640007610999613,-0.0005239231489758853,-0.159280867436369,-0.025673417419010146,0.08968382529355297,-0.0008027864913879022,-0.00014811227231348312,-0.0008016072058580903,-0.007855653075239388,5369,613000000,0.76,0,2,4,1.0035285875507827,1.0973443919567818,4.927359183762789,1.0035285875507827,1.0973443919567818,4.927359183762789,16.56445622444153
-0.8325563702020884,1.99808054193334,5.0,-1.106250817623787,0.4560774184621095,4.925125447672576,-0.9872936503400966,-0.00164954733940709,-0.00046861525731181793,-0.1588971597966513,-0.011695929597705481,0.09006696899945757,-0.0004642694680966954,2.7508116673402583e-05,-0.0007726205012659193,-0.003936459097531042,5369,797000000,0.81,0,2,4,1.0236514163583237,1.11528363652941,4.926964086600446,1.0236514163583237,1.11528363652941,4.926964086600446,16.73262071609497
-0.8325563702020884,1.99808054193334,5.0,-1.1119021868470587,0.47132315792396423,4.925135239882802,-0.9873142590546891,-0.001661587024478856,-0.00040443067077483563,-0.1587691072963598,0.0039026767601463923,0.09042707697757899,-7.464281794043772e-05,1.0864313271241599e-05,-0.0006721286467836762,0.0008257575757397717,5369,953000000,0.89,0,2,4,1.0382765838643842,1.1278722038337277,4.926742117653624,1.0382765838643842,1.1278722038337277,4.926742117653624,16.920866012573242
-0.8325563702020884,1.99808054193334,5.0,-1.1151609353188734,0.4874576534726052,4.925202895457335,-0.9872676240428461,-0.001683532826576442,-0.00034963029676399714,-0.15905873755525268,0.016860014683011255,0.09114530911805184,0.00017906087227095356,0.00016823474311422615,-0.0006181117214509868,0.005099925829199492,5370,127000000,1.04,0,2,4,1.0576026694835976,1.1441301047155392,4.926527813250906,1.0576026694835976,1.1441301047155392,4.926527813250906,17.117288827896118
-0.8742153558203847,2.048994047871031,5.0,-1.1164489083434819,0.5043625405577621,4.925312021737257,-0.9871648785352636,-0.0017048188485051796,-0.00030209288343781163,-0.159695037239864,0.027755550175410638,0.0915905651270369,0.0003911757554973812,0.0001338638895731492,-0.0005256625684069149,0.008677521691424772,5370,312000000,1.24,0,2,4,1.0773666527196366,1.1605033777617166,4.926396242667095,1.0773666527196366,1.1605033777617166,4.926396242667095,17.30586886405945
-0.8742153558203847,2.048994047871031,5.0,-1.1160786661020226,0.5218808010745873,4.925465459554337,-0.9870136849062212,-0.00170979600724817,-0.00025808276968757266,-0.16062688379826118,0.03692317161141881,0.09173324190736666,0.0006684997931249242,-6.602316844350753e-05,-0.0004921421577819274,0.011879499015776673,5370,483000000,1.47,0,2,4,1.0930581277972027,1.176164158443592,4.926323545615297,1.0930581277972027,1.176164158443592,4.926323545615297,17.498809337615967
-0.8742153558203847,2.048994047871031,5.0,-1.1143798657337252,0.539911557491828,4.925659825864018,-0.9868217844174236,-0.00172309072921349,-0.0002243345860047383,-0.16180156498484227,0.044095233537824394,0.09217306393708427,0.0008293808617116406,0.00010309617834991514,-0.00035396273858623317,0.014169301084621111,5370,662000000,1.71,0,2,4,1.1016494745866823,1.1905953508830684,4.926313893511147,1.1016494745866823,1.1905953508830684,4.926313893511147,17.69046139717102
-0.916800870643431,2.099233938543985,5.0,-1.1116584600397543,0.5583852110130985,4.925881489896795,-0.9865989249205482,-0.0017352995035411704,-0.00020117859926661462,-0.1631548638822093,0.04986952716987663,0.0925271028391996,0.0009663933411848562,8.074830262216892e-05,-0.0002616070986505292,0.01600113646418322,5370,842000000,1.96,0,2,4,1.1038236299030306,1.2040049464164797,4.926395743719265,1.1038236299030306,1.2040049464164797,4.926395743719265,17.878925323486328
-0.916800870643431,2.099233938543985,5.0,-1.1076808526252302,0.5793016139025187,4.926145316508788,-0.9863217458827516,-0.0017319455053750072,-0.00017677195936914754,-0.16482227614992273,0.0549766229041936,0.09252339625997208,0.0010052247221728626,-2.032566305265604e-05,-0.00025341681180179876,0.017507585835119244,5371,19000000,2.21,0,2,4,1.1004601486414871,1.2165522435038152,4.92657379844731,1.1004601486414871,1.2165522435038152,4.92657379844731,18.092332363128662
-0.9603049222340583,2.148781069398533,5.0,-1.103962380690725,0.5962675849395828,4.926368976061187,-0.986087219826672,-0.0017400111831086657,-0.00016426893474696057,-0.1662195544191608,0.05794222914547124,0.09274090757494222,0.0011101391891104216,7.624557909480245e-05,-0.00016465173473534378,0.017854486395663116,5371,219000000,2.5,0,2,4,1.0912333737840678,1.2295319093371688,4.926867812799746,1.0912333737840678,1.2295319093371688,4.926867812799746,18.279366731643677
-0.9603049222340583,2.148781069398533,5.0,-1.0993662207505506,0.6155699898373261,4.926633178777332,-0.9858140179411256,-0.0017364307404509093,-0.00015129414635453218,-0.16783230901450075,0.06066981793589686,0.09293213563965505,0.0011319621413241245,-0.00010671564893982577,-0.00017431845691362469,0.018454567361914087,5371,392000000,2.73,0,2,4,1.0802888172412128,1.2392734113471748,4.927162782623409,1.0802888172412128,1.2392734113471748,4.927162782623409,18.47818922996521
-0.9603049222340583,2.148781069398533,5.0,-1.0944744993567346,0.6350708596755555,4.92689898680326,-0.9855326813770187,-0.001754983491623797,-0.00014197204352715473,-0.16947635178604387,0.06242421510471926,0.0933491840787142,0.0011342240571165666,0.0002450856385394218,-0.0001616869482745642,0.018566736980574206,5371,574000000,2.99,0,2,4,1.0647714188923743,1.2496528422114437,4.927537574499804,1.0647714188923743,1.2496528422114437,4.927537574499804,18.66414213180542
-1.00471911316775,2.1976163015816503,5.0,-1.0894140167096025,0.6547413094740657,4.9271588195644105,-0.9852491954454276,-0.001765198036197149,-0.0001297729480122324,-0.17111659799391876,0.063777351564103,0.09363403758852101,0.0010490274136958494,4.090185221627962e-05,-0.00020374261993083564,0.018430238742439542,5371,747000000,3.25,0,2,4,1.0464313761316426,1.2595164193130453,4.927932117969908,1.0464313761316426,1.2595164193130453,4.927932117969908,18.851669311523438
-1.00471911316775,2.1976163015816503,5.0,-1.084813111900888,0.6723226831427735,4.927376587429688,-0.9849961728489938,-0.0017709093086552318,-0.00011677032175666524,-0.1725670586112757,0.06465777374889821,0.0936697029749634,0.0009719250270885614,3.757159774409047e-05,-0.0002015103689245734,0.018390546028967947,5371,917000000,3.51,0,2,4,1.0257778385918235,1.268983578051022,4.928331864781049,1.0257778385918235,1.268983578051022,4.928331864781049,19.04162859916687
-1.0500346370229905,2.245720509599518,5.0,-1.0790258024735617,0.6944005761223158,4.927642394016015,-0.9846810068930782,-0.0017903200411470983,-0.00010800725131177697,-0.17435623806625727,0.06506426176618205,0.09407636826489421,0.0009814930724297939,0.00019639539203808454,-0.00010881717571464833,0.01797024506231537,5372,94000000,3.74,0,2,4,1.0058647393170905,1.2771092220596674,4.92868583838885,1.0058647393170905,1.2771092220596674,4.92868583838885,19.258507013320923
-1.0500346370229905,2.245720509599518,5.0,-1.0738719966172845,0.7143505322456076,4.927886627557375,-0.9843992239210366,-0.0018073458999004286,-0.00010622517585951808,-0.17594001864462455,0.065130934880902,0.09423180905297632,0.0010019030478276608,0.00016434367466899857,-6.796360310090677e-05,0.01781248502084054,5372,293000000,4.02,0,2,4,0.9793088163444349,1.286970788570507,4.929114526136896,0.9793088163444349,1.286970788570507,4.929114526136896,19.44881534576416
-1.0500346370229905,2.245720509599518,5.0,-1.069935105257005,0.7299062005708115,4.928079598401336,-0.9841814690443096,-0.0018184506968582153,-0.00010634641637557237,-0.17715393847523525,0.06481362819755453,0.09460793618463091,0.0010165179224423762,0.00014294963648353587,-5.096132440485235e-05,0.01743723732943181,5372,465000000,4.27,0,2,4,0.9541096501390881,1.295645405800457,4.929469603292824,0.9541096501390881,1.295645405800457,4.929469603292824,19.604394912719727
-1.096242274468954,2.293074589152906,5.0,-1.0644970893565913,0.752187326110569,4.928359451431391,-0.9838799126576852,-0.0018317242995385592,-0.0001075122335312096,-0.17882100183120436,0.06418066711662941,0.09496675644476957,0.0010355061653193496,0.0001171439556912901,-3.724733446119899e-05,0.016414688252552878,5372,611000000,4.47,0,2,4,0.933819808238186,1.3022928201736075,4.929728889458127,0.933819808238186,1.3022928201736075,4.929728889458127,19.808019161224365
-1.096242274468954,2.293074589152906,5.0,-1.0608232372500543,0.7677843050627939,4.928557867662404,-0.9836768293578324,-0.0018395310039051875,-0.00010856538780739885,-0.1799347096136929,0.063618683445993,0.09499064000564111,0.0010475362117763844,0.00010191306500928476,-3.284692589033966e-05,0.016008449529181235,5372,798000000,4.74,0,2,4,0.9039612783999623,1.311698368912991,4.930071565311829,0.9039612783999623,1.311698368912991,4.930071565311829,19.977254390716553
-1.096242274468954,2.293074589152906,5.0,-1.0557983086954268,0.79006300253762,4.928844556567196,-0.9833951235980205,-0.0018489406583079519,-0.0001101651742436892,-0.18146790395469425,0.06252967753996438,0.09546272261877883,0.0010630617459795834,8.33899719054898e-05,-2.7564009741354312e-05,0.01516848260507686,5372,955000000,4.92,0,2,4,0.882569427429442,1.3182400997704844,4.930286503700203,0.882569427429442,1.3182400997704844,4.930286503700203,20.18436288833618
-1.143332389455625,2.3396594651501514,5.0,-1.0518947615850318,0.8100337025253207,4.92910557629715,-0.9831879011711979,-0.0018559274243515973,-0.00011151880913507569,-0.18258722323187176,0.057738510363683104,0.09616000924723281,0.0010754648970824217,6.987514709067e-05,-2.2668682397863904e-05,0.010949567786155967,5373,150000000,5.19,0,2,4,0.8526913071024224,1.3272829915721631,4.930548882995987,0.8526913071024224,1.3272829915721631,4.930548882995987,20.379894733428955
-1.143332389455625,2.3396594651501514,5.0,-1.0507211726430525,0.8314299247684243,4.929348944906951,-0.9832135000739364,-0.0018770243592186732,-0.00011823072965947009,-0.1824491054332933,0.030006949486210754,0.09931140423440651,0.000579714803541589,0.0002709135543454977,5.670085982956152e-05,-0.011258460654062219,5373,334000000,5.44,0,2,4,0.8277523808711315,1.334960318517451,4.930726494168187,0.8277523808711315,1.334960318517451,4.930726494168187,20.581572771072388
-1.1912949255115115,2.385456099898427,5.0,-1.0561105049759008,0.8468924828774932,4.929395705375792,-0.9835928629456193,-0.001958631107677928,-0.0001981752119607201,-0.18039180816547484,-0.020054764812304813,0.10476816312963215,-0.0006915686762667242,0.0012637477311727707,0.0013242648378763988,-0.036362220271257684,5373,522000000,5.53,0,2,4,0.7992260896546294,1.3443728966518846,4.930880434030269,0.7992260896546294,1.3443728966518846,4.930880434030269,20.752849102020264
-1.1912949255115115,2.385456099898427,5.0,-1.0688318714806802,0.8604419903886698,4.92925292496159,-0.9842210240275346,-0.0020505406621470863,-0.0003366335731208297,-0.17693122342599987,-0.06565265289620581,0.10918747330317802,-0.001852150641423678,0.0014727416896676004,0.0017391399524058215,-0.049469334771856666,5373,684000000,5.36,0,2,4,0.7756667869094478,1.3523819951280371,4.930986828170471,0.7756667869094478,1.3523819951280371,4.930986828170471,20.922855615615845
-1.1912949255115115,2.385456099898427,5.0,-1.0880816073636246,0.8723278293616148,4.928943227684446,-0.9849818168516842,-0.002136393415527794,-0.0004859596862569485,-0.17264420099705813,-0.10568749723201207,0.11271022898401442,-0.0029000787792126193,0.0013019148468629282,0.001752608602600958,-0.058337739028502256,5373,846000000,5.03,0,2,4,0.7518111738137794,1.360405567758528,4.931074893513336,0.7518111738137794,1.360405567758528,4.931074893513336,21.10368323326111
-1.2401194021542623,2.4304455014738875,5.0,-1.1163877390126804,0.8840668575025203,4.928413700331358,-0.9859520491728275,-0.0022311226936130983,-0.0006517874478685744,-0.16701243665233684,-0.14374497212018125,0.11498644607336686,-0.004038128906664007,0.0013005200685256568,0.001800181064481876,-0.06782650016248226,5374,14000000,4.62,0,2,4,0.7280441329133432,1.3680972393205835,4.931135238070737,0.7280441329133432,1.3680972393205835,4.931135238070737,21.289347171783447
-1.2401194021542623,2.4304455014738875,5.0,-1.158686450560697,0.8964585959158686,4.927516466601726,-0.9872745277614136,-0.0023458371562149133,-0.0008502024071875089,-0.15900560064784208,-0.1797208460587741,0.11480680414155302,-0.005316827988272531,0.0008764413109929592,0.001748457088979194,-0.07757083294563927,5374,187000000,4.1,0,2,4,0.7023118509489052,1.3758768856404222,4.931168086496678,0.7023118509489052,1.3758768856404222,4.931168086496678,21.527339935302734
-1.2401194021542623,2.4304455014738875,5.0,-1.2059854927379245,0.9075311893085848,4.926451875850998,-0.9886006499167435,-0.0023870971704590196,-0.0010212209082044968,-0.15053907751526802,-0.19576461607742762,0.11235146002140872,-0.005794322602236442,-5.8956194326498235e-05,0.0015589718032060773,-0.0768924415751826,5374,408000000,3.35,0,2,4,0.6751456565243753,1.3862486786164994,4.931133352193857,0.6751456565243753,1.3862486786164994,4.931133352193857,21.75404381752014
-1.2897949114195773,2.4746087322711814,5.0,-1.2539396607502376,0.9183880198426273,4.925403102352101,-0.989764346578559,-0.002330062052655563,-0.0011433492035700923,-0.1426877773509257,-0.1910176787514462,0.10861430555726159,-0.005386974896886512,-0.0007764706140278577,0.0011015032100658573,-0.06747090592398308,5374,621000000,2.45,0,2,4,0.6585808071652081,1.4029198482047214,4.930958544987689,0.6585808071652081,1.4029198482047214,4.930958544987689,21.99056887626648
-1.2897949114195773,2.4746087322711814,5.0,-1.298744079576212,0.9299244016190684,4.924479688184816,-0.9906974443829054,-0.0022312168359160797,-0.0011936475060993952,-0.13605943763753536,-0.17130510072415184,0.10492290076343629,-0.004657930725098599,-0.0011736777196347248,0.00037413234679206653,-0.055485201301053166,5374,844000000,1.53,0,2,4,0.6525643091216324,1.425640842734712,4.930643970898199,0.6525643091216324,1.425640842734712,4.930643970898199,22.235562086105347
-1.3403101145139145,2.5179269177327237,5.0,-1.3311881512316948,0.9403659044256172,4.923855168437478,-0.9913026014670037,-0.0021270810656984435,-0.0011677200086718624,-0.13157987794823306,-0.1474460848352322,0.10277781695669294,-0.003860689992039421,-0.0011598838455029181,-0.00025431298524836166,-0.046720779573661275,5375,74000000,0.71,0,2,4,0.6559116634571048,1.4530719509313277,4.930202708601876,0.6559116634571048,1.4530719509313277,4.930202708601876,22.424778938293457
-1.3403101145139145,2.5179269177327237,5.0,-1.3590171380588363,0.951938626011664,4.923351134091544,-0.9917934240612027,-0.0020438556300845685,-0.0010878817113970645,-0.12782974284766668,-0.11964761424222317,0.10117098478270396,-0.0031484669280301336,-0.0009889616876535001,-0.0009722262575451168,-0.03829079796560109,5375,249000000,0.27,0,2,4,0.6643088668262522,1.478015048808932,4.929743618507927,0.6643088668262522,1.478015048808932,4.929743618507927,22.608266592025757
-1.3916532385966196,2.560381255257994,5.0,-1.3796724272951355,0.9632559560418439,4.922997745604427,-0.9921474107643251,-0.001996293977690221,-0.0009852841142725132,-0.12505422559519558,-0.09668194209919416,0.10065680788441689,-0.0025056864849266856,-0.0006911099774242757,-0.0012026954095745168,-0.03247302411182318,5375,419000000,0.56,0,2,4,0.6767974666723466,1.504580482009395,4.929194448361749,0.6767974666723466,1.504580482009395,4.929194448361749,22.791234254837036
-1.3916532385966196,2.560381255257994,5.0,-1.398869601095742,0.9770610425779146,4.922712262575111,-0.9924703275937854,-0.0019433485433481789,-0.0008607949644187176,-0.12246685786102418,-0.07424846218067484,0.10046840819434533,-0.00176982770384655,-0.0007677433700337133,-0.0012434271866368363,-0.026124921532755252,5375,588000000,0.94,0,2,4,0.6856502050906447,1.5274395908428926,4.9287214896627844,0.6856502050906447,1.5274395908428926,4.9287214896627844,22.977785348892212
-1.3916532385966196,2.560381255257994,5.0,-1.4128704565595824,0.9901784427825878,4.922550492204415,-0.9926951556671821,-0.001933917573125938,-0.0007565555213021948,-0.12063173505123909,-0.057516080826880665,0.10089856838837523,-0.001263911762953924,-0.00016067149175569284,-0.0012055764045726391,-0.02082302307826467,5375,763000000,1.32,0,2,4,0.6898726680739982,1.5510766494953632,4.928258746223222,0.6898726680739982,1.5510766494953632,4.928258746223222,23.157068490982056
-1.4438120736971953,2.601953023293036,5.0,-1.4244384045905034,1.004003988963215,4.922463896179421,-0.9928678282817417,-0.001923896790955309,-0.000657867087325471,-0.11920294205736293,-0.04303523402694288,0.10133553515200495,-0.0007493003106735719,-0.00032293635285896016,-0.0011410614320084278,-0.015560100655420683,5375,930000000,1.59,0,2,4,0.6888217509600195,1.5703230897979328,4.9279043958044,0.6888217509600195,1.5703230897979328,4.9279043958044,23.335394620895386
-1.4438120736971953,2.601953023293036,5.0,-1.4359795062296516,1.022110951528807,4.922462274319444,-0.9930117535626097,-0.001907140679944123,-0.0005465537919329793,-0.11799881940040818,-0.02774822015801731,0.1017801968130366,-0.0001638660328977725,-0.00028473438362652814,-0.0009793537742552871,-0.0092805298663734,5376,95000000,1.8,0,2,4,0.6837952383389605,1.5880815289904107,4.927608722640286,0.6837952383389605,1.5880815289904107,4.927608722640286,23.55051040649414
-1.496773969773539,2.6426235906001962,5.0,-1.4432858988662425,1.0371630187921197,4.922530028879041,-0.9930747152669781,-0.0019064180616787207,-0.0004759054240889483,-0.11746807643616086,-0.017912978510650275,0.10246146206057079,0.00015887068496374496,-8.796606536520812e-05,-0.0007681632723688381,-0.004901658712697099,5376,293000000,1.99,0,2,4,0.6727382490115013,1.6083839608902186,4.927310013411348,0.6727382490115013,1.6083839608902186,4.927310013411348,23.72298502922058
-1.496773969773539,2.6426235906001962,5.0,-1.4491840158169504,1.0526565823925436,4.922649394408701,-0.993103451099077,-0.0018970880146372206,-0.00041738985621397765,-0.11722526288251789,-0.009394212829875088,0.102997507274233,0.0005124114018354686,-0.0002622656950279634,-0.0006677017097445059,-0.0014192420849212795,5376,455000000,2.08,0,2,4,0.6606020471591113,1.623290321526817,4.927117042657714,0.6606020471591113,1.623290321526817,4.927117042657714,23.894015073776245
-1.496773969773539,2.6426235906001962,5.0,-1.453901251667646,1.0685252184882683,4.9228161946715225,-0.9931014032005159,-0.001900951058101264,-0.00036807175517324065,-0.11724271350247695,-0.0025039278902033732,0.10364262074944822,0.0007174494977650375,0.0001127556274127528,-0.0005733186412726354,0.0016342176650141482,5376,610000000,2.13,0,2,4,0.6459869925987387,1.6371516841590181,4.926961461719358,0.6459869925987387,1.6371516841590181,4.926961461719358,24.06716537475586
-1.550525833917094,2.682374425708024,5.0,-1.4581019231871455,1.086764242073563,4.923032424989323,-0.9930664153164211,-0.0019154173999527675,-0.00032349182537798956,-0.11753859493721996,0.003801922783480019,0.1042467528109224,0.0008687901882967906,9.10879336402104e-05,-0.0004680527467826323,0.0047047005409694975,5376,773000000,2.14,0,2,4,0.6292806074560195,1.6500672815091086,4.926840037775048,0.6292806074560195,1.6500672815091086,4.926840037775048,24.24462080001831
-1.550525833917094,2.682374425708024,5.0,-1.4606891104615876,1.1011680439827636,4.923223100955336,-0.9930181303404768,-0.0019155212842050947,-0.00029212047215055,-0.1179459124299908,0.00798731408543784,0.10441967187661731,0.0010426153886746302,-0.00010105250041192448,-0.0004491483309720934,0.006768918046873296,5376,938000000,2.1,0,2,4,0.6083576020652257,1.6636705893853416,4.926741047092774,0.6083576020652257,1.6636705893853416,4.926741047092774,24.40880298614502
-1.550525833917094,2.682374425708024,5.0,-1.4630496039659875,1.1178130761742702,4.9234670875596525,-0.9929459151364051,-0.001920019520145943,-0.0002614276074783973,-0.11855232935111454,0.011733264891378044,0.10480687317757889,0.0011695679210277676,8.004774727510267e-05,-0.0003477297269682822,0.00831061470307759,5377,90000000,2.05,0,2,4,0.5907943450858135,1.6736685903140256,4.926689181996704,0.5907943450858135,1.6736685903140256,4.926689181996704,24.571130990982056
-1.6050541277109547,2.7211871065411257,5.0,-1.4647246323245773,1.1325274999483474,4.923693683956591,-0.9928710855023707,-0.001927510434653835,-0.00024207844916311041,-0.11917732030421091,0.014362123723778805,0.10506022882338051,0.0012472857010509043,6.749764196456454e-05,-0.000271731815359999,0.00961614850893966,5377,238000000,1.96,0,2,4,0.5695803826141826,1.6845579416763345,4.926654384110887,0.5695803826141826,1.6845579416763345,4.926654384110887,24.730915069580078
-1.6050541277109547,2.7211871065411257,5.0,-1.4662681766146655,1.1494587808690793,4.923965599736898,-0.9927734839090938,-0.0019343691190179884,-0.0002253805053584366,-0.1199875704676911,0.016913585397422548,0.1050598753165991,0.0013275986765523945,5.410959076357358e-05,-0.00021021874658799788,0.010642911365721375,5377,389000000,1.88,0,2,4,0.5501374571179374,1.6937017163355181,4.926642339415601,0.5501374571179374,1.6937017163355181,4.926642339415601,24.901540279388428
-1.6050541277109547,2.7211871065411257,5.0,-1.4675092445695948,1.1664766074532953,4.924249927678178,-0.9926680181201,-0.0019397712622004552,-0.00021282482860776521,-0.12085693109853124,0.018620457960889382,0.10526267349549423,0.0013997335914132261,4.280974366110968e-05,-0.00016541417693360927,0.011152727165608667,5377,546000000,1.76,0,2,4,0.5270936798156842,1.7037628184453042,4.926627587958094,0.5270936798156842,1.7037628184453042,4.926627587958094,25.083535194396973
-1.6603448647470773,2.7590433302296336,5.0,-1.4685708661656858,1.1835766166348476,4.924545488545561,-0.9925584002207551,-0.001944000194242462,-0.00020327624016126854,-0.12175385699529173,0.01984370865452344,0.10536369221259431,0.0014645237860407229,3.342974714826141e-05,-0.00013212674616625009,0.011393192107789218,5377,715000000,1.63,0,2,4,0.5033334825208303,1.713459236933284,4.926606690540152,0.5033334825208303,1.713459236933284,4.926606690540152,25.250192165374756
-1.6603448647470773,2.7590433302296336,5.0,-1.4696045154520712,1.202866115299483,4.924889870596356,-0.9924312525815223,-0.001947650228984367,-0.00019518366433315699,-0.12278590090638686,0.020928724604187772,0.10533826092173074,0.0015295495688720487,2.496719542222081e-05,-0.00010427260903611568,0.011706528312060982,5377,872000000,1.49,0,2,4,0.47976678909265946,1.7231696252117326,4.926586799971315,0.47976678909265946,1.7231696252117326,4.926586799971315,25.430806159973145
-1.6603448647470773,2.7590433302296336,5.0,-1.4705578187036075,1.22219941392278,4.925245464228902,-0.99230378049573,-0.0019503592812061437,-0.0001892444135743025,-0.1238118229375052,0.021278961233661995,0.10556313395488685,0.001587153800590975,1.79538734101925e-05,-8.18170917682437e-05,0.011274990993115352,5378,41000000,1.34,0,2,4,0.4547369195487712,1.7346214490516814,4.926569261036238,0.4547369195487712,1.7346214490516814,4.926569261036238,25.631701707839966
-1.7163836083088557,2.795924923097814,5.0,-1.471636426921646,1.2437255847873536,4.925652159528291,-0.9921639215623408,-0.0019524789479646852,-0.00018463920951185492,-0.12492760497326905,0.020846144507023105,0.10569720744857307,0.001636913829667641,1.2031249596589078e-05,-1.8766619014343178e-05,0.010719924739532871,5378,229000000,1.2,0,2,4,0.43334660236037176,1.7474235544620014,4.926542671864778,0.43334660236037176,1.7474235544620014,4.926542671864778,25.837137937545776
-1.7163836083088557,2.795924923097814,5.0,-1.4760485546810644,1.26223737987339,4.925987643769689,-0.9922022488810666,-0.0019422880654010922,-0.0002758580098312258,-0.12462282589792018,-0.01456510854763674,0.10572763222703985,0.0012856668710086957,1.5492308591547044e-05,0.0016131442180267186,-0.012696101930487202,5378,426000000,1.06,0,2,4,0.4168179545687517,1.7644226107245875,4.926445503691883,0.4168179545687517,1.7644226107245875,4.926445503691883,26.040212631225586
-1.7731554692254243,2.8318138508311876,5.0,-1.4896022996767517,1.2807197589272015,4.926190388471732,-0.9925544305938154,-0.0019815624323099657,-0.0004685401547620271,-0.12178487668441002,-0.06880302119645762,0.10652450373606855,-0.00010275229033697734,0.0006998515743816824,0.002033729219874658,-0.04008966534456704,5378,616000000,1.17,0,2,4,0.4086731531990594,1.7846576489991222,4.926260017168528,0.4086731531990594,1.7846576489991222,4.926260017168528,26.245983123779297
-1.7731554692254243,2.8318138508311876,5.0,-1.5197042497859161,1.2997728986299808,4.926063361064036,-0.9932899752918258,-0.0020662065445375267,-0.0007013252466684657,-0.1156298573819814,-0.1306009610975088,0.10654811631465466,-0.001794830231857856,0.0005922365289734444,0.001854360834840918,-0.05729485746996943,5378,808000000,1.47,0,2,4,0.40768375703622206,1.8053660225341819,4.9260269650290045,0.40768375703622206,1.8053660225341819,4.9260269650290045,26.508362293243408
-1.7731554692254243,2.8318138508311876,5.0,-1.5497590266256493,1.3124583345221197,4.925775674367003,-0.9938748513816499,-0.002097177795796574,-0.0008550150322517135,-0.11048823731823532,-0.16067357559053028,0.1057571102419079,-0.002576906892382494,0.00046781503613146924,0.0017017042068800947,-0.0577617043745704,5379,54000000,2.19,0,2,4,0.4175679637523211,1.8360719972714168,4.925548244888799,0.4175679637523211,1.8360719972714168,4.925548244888799,26.69510579109192
-1.8306451039041485,2.866692228821392,5.0,-1.5784974222344277,1.323336474166798,4.925476273232185,-0.9943017952227482,-0.0020821121191123716,-0.0009462679158050494,-0.10657724617841718,-0.1572173191781277,0.1045412914052245,-0.002413585745752055,-0.00026570987188279105,0.0008720475591417198,-0.04098747049283702,5379,230000000,2.75,0,2,4,0.4358003241066059,1.8609179721380118,4.925029428512016,0.4358003241066059,1.8609179721380118,4.925029428512016,26.869163990020752
-1.8306451039041485,2.866692228821392,5.0,-1.60831068438676,1.3361072395261544,4.925210519480415,-0.9946275516781511,-0.002050015960066941,-0.0009561313455555305,-0.10349355868913018,-0.13587529602251852,0.10348617766602794,-0.0018558943450406682,-0.00039930007176280924,-0.00036117353090503457,-0.02980805111292284,5379,389000000,3.12,0,2,4,0.45416496139548485,1.8816629652624182,4.924490760980298,0.45416496139548485,1.8816629652624182,4.924490760980298,27.05729365348816
-1.888836712547877,2.900542332687862,5.0,-1.6312502011760859,1.3482122684066569,4.925062367827966,-0.9948602216719225,-0.0020163122209696928,-0.0008940677498259995,-0.10123376147698787,-0.11568960949235878,0.1031313768266681,-0.0012661952633465246,-0.0005324547942109348,-0.000856004641036634,-0.027658933140628505,5379,565000000,3.3,0,2,4,0.46869796476542774,1.8996135506514304,4.923773717542439,0.46869796476542774,1.8996135506514304,4.923773717542439,27.224948406219482
-1.888836712547877,2.900542332687862,5.0,-1.6511536929759343,1.3609769514191623,4.924996836992016,-0.9950743961562897,-0.0019856865680658404,-0.0008112580933400768,-0.09910774451754356,-0.09779089485847192,0.10283366289489422,-0.0007271676573320075,-0.00047565373506586184,-0.0009695858352642972,-0.025868249031191226,5379,721000000,3.3,0,2,4,0.4734650304914034,1.9089904909046314,4.923042130272633,0.4734650304914034,1.9089904909046314,4.923042130272633,27.398357391357422
-1.888836712547877,2.900542332687862,5.0,-1.6684214374005146,1.3743135060659881,4.924995196209032,-0.9952675031191894,-0.001979534094497061,-0.0007298365971660847,-0.0971501210406055,-0.08274738594173507,0.10287677650925069,-0.00039570784623070365,-7.368909322735817e-05,-0.0009266927975204453,-0.02345614047953859,5379,881000000,3.19,0,2,4,0.47111248575215686,1.9123492819316599,4.922260382320581,0.47111248575215686,1.9123492819316599,4.922260382320581,27.568286657333374
-1.9477140375636162,2.9333466089752442,5.0,-1.6852056602579504,1.3899245163762586,4.925048014267638,-0.9954526157833103,-0.0019704890574820037,-0.0006433967715078628,-0.09523546053668103,-0.06826754475217912,0.10308340607801325,-1.767124872339767e-05,-0.00023933804413900361,-0.000876425303886208,-0.019573304962250404,5380,41000000,2.97,0,2,4,0.4629872159889755,1.9103091870384663,4.921490457260732,0.4629872159889755,1.9103091870384663,4.921490457260732,27.76390290260315
-1.9477140375636162,2.9333466089752442,5.0,-1.6995875359196326,1.4060792389509595,4.925162483326848,-0.9955957872729173,-0.0019583565955483403,-0.0005647541676052625,-0.09372766004011068,-0.05593057884597056,0.10326660110663173,0.00032958408146542,-0.00021080203964629618,-0.0007675964809550351,-0.014877144167257939,5380,222000000,2.58,0,2,4,0.4488505431086997,1.9026295453815827,4.920658928926563,0.4488505431086997,1.9026295453815827,4.920658928926563,27.96117854118347
-1.9477140375636162,2.9333466089752442,5.0,-1.7119988575929854,1.4226914463869986,4.925323317761949,-0.9957082468677858,-0.001960417936482252,-0.0005028808221680941,-0.09252562343412518,-0.04619846276258386,0.10367455346679191,0.0005375987895089773,-1.8000415202834574e-05,-0.0005721380603063153,-0.012409792907419614,5380,401000000,2.09,0,2,4,0.4328060576170768,1.892293457471895,4.919879247153907,0.4328060576170768,1.892293457471895,4.919879247153907,28.17267942428589
-2.0072603621694096,2.9650876860252895,5.0,-1.7239261777245438,1.4415958750234317,4.925550236595437,-0.9958052443932717,-0.001948606419713752,-0.0004457956968354905,-0.0914763326662929,-0.03714492555579212,0.10400459191752012,0.0008394661940990996,-0.0001878247061881666,-0.0005007029585613054,-0.00921936616578023,5380,596000000,1.56,0,2,4,0.4118818378811558,1.880919743770537,4.9191594268304435,0.4118818378811558,1.880919743770537,4.9191594268304435,28.376918077468872
-2.0072603621694096,2.9650876860252895,5.0,-1.733252936841995,1.4589185385456482,4.925801640791553,-0.9958667847560971,-0.0019368494486480096,-0.0004018384858709824,-0.09080437302023342,-0.030386788191217245,0.10408415196658416,0.0010813368731684642,-0.00016685234243141167,-0.0004209193321003113,-0.00631776861155231,5380,784000000,1.04,0,2,4,0.38996134958843287,1.8727718423744169,4.918701059396563,0.38996134958843287,1.8727718423744169,4.918701059396563,28.575770139694214
-2.0674585092062747,2.995748385021807,5.0,-1.7406456183447399,1.4745128892916535,4.9260517864638755,-0.9959122277111754,-0.0019386127056360356,-0.0003732302475171927,-0.0903046907714295,-0.0257916589596748,0.10432016916836831,0.0011879324631427985,2.110393459986426e-05,-0.00028635534476961766,-0.00631621928732784,5380,966000000,0.61,0,2,4,0.36584567612279967,1.8669888245173034,4.9184217657756415,0.36584567612279967,1.8669888245173034,4.9184217657756415,28.754912614822388
-2.0674585092062747,2.995748385021807,5.0,-1.7473723475615555,1.4902608398610615,4.926316523977425,-0.9959553690274958,-0.0019419389570916172,-0.00035314097788814985,-0.08982765203344173,-0.021971279950499415,0.10439462409859919,0.001275992193482977,1.4763503308756754e-05,-0.00020936614220090632,-0.005607953153230483,5381,129000000,0.29,0,2,4,0.3429741102604129,1.8638154035224195,4.9183086327655525,0.3429741102604129,1.8638154035224195,4.9183086327655525,28.917680263519287
-2.0674585092062747,2.995748385021807,5.0,-1.7528186913152055,1.5041383770887102,4.926558947210213,-0.9959910089692539,-0.0019440605546460826,-0.00033964329797756454,-0.08943162373231123,-0.01954001964155722,0.10460297295369099,0.0013453197949968986,9.475090934074615e-06,-0.00016373997908658566,-0.005915734482186963,5381,280000000,0.22,0,2,4,0.3190314900728695,1.8623901961610954,4.918302317310884,0.3190314900728695,1.8623901961610954,4.918302317310884,29.078972816467285
-2.1282908401621645,3.0253117312070743,5.0,-1.7593901677741757,1.5220974666232878,4.926883987332919,-0.9960382419418976,-0.0019459766520525546,-0.0003258352892760236,-0.08890403587873474,-0.01709181233033679,0.10468189603832723,0.0014250870220648677,4.391047525587055e-06,-0.0001272128244522719,-0.0057067970828939,5381,430000000,0.41,0,2,4,0.2974250729627956,1.862456635416073,4.918369493449318,0.2974250729627956,1.862456635416073,4.918369493449318,29.260998964309692
-2.1282908401621645,3.0253117312070743,5.0,-1.7662058745015623,1.542123080489683,4.927260564466652,-0.9960854587952745,-0.0019473653798214507,-0.00031371941665418095,-0.08837345825988757,-0.014884403442295857,0.1044968530581378,0.0015027930546719888,5.566998778627763e-07,-9.738449762153323e-05,-0.005232929470366798,5381,598000000,0.66,0,2,4,0.2693237183012125,1.8642930802532975,4.918531248535397,0.2693237183012125,1.8642930802532975,4.918531248535397,29.477429151535034
-2.1282908401621645,3.0253117312070743,5.0,-1.7714285297266503,1.5581837554257603,4.92757221789073,-0.9961283944146783,-0.0019480095499075432,-0.00030594309379700037,-0.08788818747961391,-0.014196575296906086,0.104608890042352,0.0015576782420963873,-2.8902432225308416e-06,-7.750461676891973e-05,-0.006649417719017947,5381,800000000,0.92,0,2,4,0.23988973238011402,1.868908543056878,4.918751417470415,0.23988973238011402,1.868908543056878,4.918751417470415,29.654059171676636
-2.1897392544150174,3.053760965267927,5.0,-1.7759075339518098,1.5722646066734935,4.92785172952008,-0.9961697709872399,-0.0019483241634799709,-0.00029994900039133734,-0.08741796974753613,-0.013733963260748255,0.10462788527553968,0.001600989750199664,-4.628306227161261e-06,-6.837749424448702e-05,-0.006707831562380306,5381,961000000,1.07,0,2,4,0.21927239671353135,1.8747688211174172,4.918924405791597,0.21927239671353135,1.8747688211174172,4.918924405791597,29.818031311035156
-2.1897392544150174,3.053760965267927,5.0,-1.7815552353544575,1.5903748516000822,4.928219364993766,-0.9962214262979552,-0.0019485083624533567,-0.00029314706749022923,-0.08682734111341833,-0.013166054793360402,0.10440513647266354,0.0016508775563814776,-5.892257037842796e-06,-5.729385854635893e-05,-0.006458307507273275,5382,114000000,1.18,0,2,4,0.20407024539263038,1.8815716784145178,4.919056956415681,0.20407024539263038,1.8815716784145178,4.919056956415681,30.000192403793335
-2.1897392544150174,3.053760965267927,5.0,-1.7871456559674963,1.6084633853830204,4.92859522987735,-0.9962776218865437,-0.001948476345153831,-0.0002873567157669572,-0.08618016589763017,-0.013453876714177537,0.10432097440043131,0.0016949501360969898,-7.59955565143855e-06,-4.482510504999482e-05,-0.00790825579315424,5382,281000000,1.26,0,2,4,0.18935256485794766,1.892782530350304,4.919182707687767,0.18935256485794766,1.892782530350304,4.919182707687767,30.195548057556152
-2.251785188702036,3.081079554889556,5.0,-1.7927818520215977,1.626528277164275,4.928978430300353,-0.9963427646877269,-0.0019482820179266137,-0.0002820803954690416,-0.08542376649531425,-0.013900305107880923,0.10417370915925692,0.0017339008538103794,-8.531196105110439e-06,-3.9414102559476305e-05,-0.00878783357620705,5382,462000000,1.29,0,2,4,0.18052093908427724,1.9067744624546312,4.919257407121248,0.18052093908427724,1.9067744624546312,4.919257407121248,30.389063596725464
-2.251785188702036,3.081079554889556,5.0,-1.798962574936506,1.6444774106337754,4.929359553739652,-0.9964172282441877,-0.0019325641755850364,-0.000300613986432869,-0.08455106199870405,-0.01983927370850643,0.10403517727264303,0.0016757007578502875,-0.00017338267213062863,0.00042970825688826153,-0.010440880123496754,5382,641000000,1.26,0,2,4,0.17726281347707093,1.9233855607627766,4.919257789269106,0.17726281347707093,1.9233855607627766,4.919257789269106,30.587534427642822
-2.314409616822441,3.107251206474837,5.0,-1.8076241057122706,1.6641275791328154,4.92978125543037,-0.9965276541195742,-0.0019260917721626398,-0.00037016043326882015,-0.08323934001826827,-0.03198311325041862,0.10417862853195366,0.001707094694537117,1.3066785964355176e-05,0.0008811663292362937,-0.01507823699284927,5382,827000000,1.17,0,2,4,0.17892254392927248,1.9423137509637103,4.9191645464391565,0.17892254392927248,1.9423137509637103,4.9191645464391565,30.797779083251953
-2.314409616822441,3.107251206474837,5.0,-1.817110377251146,1.6815349405812703,4.930148858004444,-0.9966428301324721,-0.0019218129279944221,-0.00044101761429517585,-0.08184852646242141,-0.03954540088562875,0.10396658578301374,0.0015421112574738973,1.5186784452225766e-05,0.000759191863153319,-0.015814107973710634,5383,20000000,0.99,0,2,4,0.18543024547444803,1.9656468197617276,4.918978025286384,0.18543024547444803,1.9656468197617276,4.918978025286384,30.996896505355835
-2.314409616822441,3.107251206474837,5.0,-1.827142601261764,1.6988343633736194,4.930498444580155,-0.9967546101111071,-0.0019078919226175395,-0.00046692045729558184,-0.0804760160293308,-0.03906175835748368,0.10378118750738166,0.0014950298734545384,-0.00014923910356401393,2.995148928874869e-05,-0.01490212716817041,5383,202000000,0.78,0,2,4,0.1935474330660415,1.9880062225011494,4.918802052903735,0.1935474330660415,1.9880062225011494,4.918802052903735,31.204277753829956
-2.377593049581021,3.132259877026839,5.0,-1.8369093564599401,1.7161391323996544,4.930840467901301,-0.9968641800754827,-0.0018972598757672314,-0.00045235592790677907,-0.07910753606018739,-0.03757332494749218,0.10334409519062489,0.0014602349711231267,-0.00012356832854720778,-0.00021160977894396638,-0.015529826487181708,5383,394000000,0.58,0,2,4,0.19849011826363874,2.009948230092642,4.918679344444951,0.19849011826363874,2.009948230092642,4.918679344444951,31.406671285629272
-2.377593049581021,3.132259877026839,5.0,-1.8463554123900725,1.7334155180233057,4.931175478514439,-0.9969770101205364,-0.0018895881992695481,-0.00042667858549070344,-0.0776729598569384,-0.036195654959145965,0.10269647917913163,0.0014298089465355854,-0.00010217429107228782,-0.0002624549210850091,-0.016352096099581104,5383,576000000,0.38,0,2,4,0.19646894367465187,2.0326039743304083,4.918632344789744,0.19646894367465187,2.0326039743304083,4.918632344789744,31.591623306274414
-2.4413155349798927,3.1560897861919237,5.0,-1.8555607418364486,1.7506504554299451,4.931504223616388,-0.9970930336068223,-0.0018836962547580977,-0.0004000250978834475,-0.07616937705590743,-0.03563807311867345,0.1022969347806717,0.001402724163397751,-8.44122027388039e-05,-0.00024937020270954235,-0.01706996827124385,5383,749000000,0.33,0,2,4,0.18943810817385806,2.0494319459350514,4.9186562714933375,0.18943810817385806,2.0494319459350514,4.9186562714933375,31.77873206138611
-2.4413155349798927,3.1560897861919237,5.0,-1.8626241259249414,1.7640312126081372,4.931756088202245,-0.997183220887184,-0.001879991473269397,-0.0003807811473169004,-0.07497962802548214,-0.03533555261595103,0.10191167617866866,0.0013836403509606158,-7.2216661095581e-05,-0.00022639269019464336,-0.016985240290523507,5383,921000000,0.35,0,2,4,0.17651698306361024,2.0671108101225357,4.918750298168686,0.17651698306361024,2.0671108101225357,4.918750298168686,31.938684225082397
-2.4413155349798927,3.1560897861919237,5.0,-1.8706408025656927,1.7792818214821824,4.932036427933465,-0.9972838883429449,-0.0018848734481103431,-0.00036346770475076016,-0.07362853519450835,-0.0357014136147978,0.10151304429806132,0.0013001804921888229,0.0001164906059614168,-0.00014316794789692722,-0.016904925178096164,5384,69000000,0.43,0,2,4,0.16325363779635754,2.080009405357986,4.918868909590762,0.16325363779635754,2.080009405357986,4.918868909590762,32.10630393028259
-2.505556658665967,3.1787254284606545,5.0,-1.8797176693646038,1.7963720470689208,4.932331923481776,-0.9973940638487921,-0.0018960737040426446,-0.0003518002465085683,-0.07212047240753977,-0.03643639288654205,0.10105323101541433,0.0011858881643664267,0.00010517585096181392,-8.092048844332567e-05,-0.016696693091944326,5384,225000000,0.55,0,2,4,0.14524382800549765,2.09392781260002,4.919031860611397,0.14524382800549765,2.09392781260002,4.919031860611397,32.29663372039795
-2.505556658665967,3.1787254284606545,5.0,-1.8878306512812586,1.8114995952052877,4.932578289095544,-0.9974885953782191,-0.0019048577041310402,-0.00034465390247011675,-0.07080081087955059,-0.0369367620850227,0.10060856606695431,0.001095478227212469,9.490100296716264e-05,-5.3719854520295485e-05,-0.016418944687757175,5384,402000000,0.69,0,2,4,0.12267390322618595,2.1088810615831526,4.91925695302114,0.12267390322618595,2.1088810615831526,4.91925695302114,32.4650673866272
-2.505556658665967,3.1787254284606545,5.0,-1.8960178229936495,1.8265704392792896,4.932816116805691,-0.9975808138293554,-0.0019023843008809651,-0.0003406526058936445,-0.06948945797266415,-0.03807780183327623,0.10029586797769792,0.0010883040883271863,-8.996976248454303e-05,1.9229410241905498e-05,-0.016480385966133326,5384,560000000,0.83,0,2,4,0.10267867854951628,2.122125556579143,4.919478478144623,0.10267867854951628,2.122125556579143,4.919478478144623,32.63760566711426
-2.5702955446416795,3.2001515855234994,5.0,-1.9064621457488264,1.8453318144298707,4.933115022489011,-0.9976935947651834,-0.0018939404643109436,-0.00034111736428559544,-0.06785121659179938,-0.03956495618704804,0.0998662091879025,0.0010933706578563358,-0.00015416250533917264,6.092384303713061e-05,-0.0163386433996493,5384,720000000,0.97,0,2,4,0.08429980958825768,2.1357541894941003,4.919695775417006,0.08429980958825768,2.1357541894941003,4.919695775417006,32.84779238700867
-2.5702955446416795,3.2001515855234994,5.0,-1.9149530082961599,1.8602578421499876,4.933346618815617,-0.997780753549841,-0.0018752235440231868,-0.00034540527205819587,-0.06655773491765926,-0.04051229152934656,0.09931459707016542,0.0010152834799115422,-0.00022749767651930597,0.0001225100163537718,-0.016120477994263638,5384,917000000,1.17,0,2,4,0.06604748089531688,2.1540041490787436,4.919910202987893,0.06604748089531688,2.1540041490787436,4.919910202987893,33.036834955215454
-2.635510856246645,3.220353338778097,5.0,-1.9246786203751778,1.8769644387057252,4.933592358709399,-0.9978784093213133,-0.0018564096869259352,-0.0003532377694268001,-0.065077716435949,-0.04220438608766694,0.09896156023504449,0.0009366388597768221,-0.0001889787668574172,0.00013350682621648957,-0.016831590073707048,5385,93000000,1.34,0,2,4,0.05607116540726927,2.169859055565594,4.9200041303214155,0.05607116540726927,2.169859055565594,4.9200041303214155,33.22626972198486
-2.635510856246645,3.220353338778097,5.0,-1.9357718058216922,1.8954243531065125,4.933849188182555,-0.9979873428305721,-0.0018392819499911174,-0.00036160765457025727,-0.06338572261784697,-0.044031901113461544,0.09835825104209485,0.0008594894409832798,-0.00015312208603290856,0.00011778964079667276,-0.01702452082099626,5385,270000000,1.56,0,2,4,0.04959787436393436,2.1889987521772087,4.920022778120424,0.04959787436393436,2.1889987521772087,4.920022778120424,33.432251930236816
-2.635510856246645,3.220353338778097,5.0,-1.9449493020075856,1.9100977232947547,4.934043793095501,-0.9980747336382467,-0.001828032346175853,-0.000367112402776913,-0.061994754610110725,-0.04661834840050037,0.09800819610647944,0.0008047430504512986,-0.00012967264808594337,0.0001020007466934203,-0.01769372793205548,5385,460000000,1.83,0,2,4,0.04782850174810111,2.211783119052883,4.919944300145246,0.04782850174810111,2.211783119052883,4.919944300145246,33.621848344802856
-2.701180797417952,3.2393160819846116,5.0,-1.9544278360339533,1.924696559842669,4.934229880489392,-0.9981619955097634,-0.0018186294248381,-0.0003713417084633071,-0.06057380136921858,-0.04841151500543388,0.0976261756865726,0.000755563732765986,-0.00010938050181152903,8.49163846794454e-05,-0.017835684775491245,5385,637000000,2.13,0,2,4,0.05032869977675438,2.2335049745636555,4.919810334823756,0.05032869977675438,2.2335049745636555,4.919810334823756,33.79097628593445
-2.701180797417952,3.2393160819846116,5.0,-1.9641021100172067,1.9392215058978532,4.9344082302967935,-0.9982472565646441,-0.001810815419211698,-0.0003744218624872019,-0.05915230779055075,-0.04981623880059333,0.09708214584857291,0.0007114002238019339,-9.19085962891586e-05,7.033336615336339e-05,-0.01773601779859746,5385,794000000,2.31,0,2,4,0.05387694757011265,2.2508998326092264,4.919682025237238,0.05387694757011265,2.2508998326092264,4.919682025237238,33.95430588722229
-2.701180797417952,3.2393160819846116,5.0,-1.9739632481081568,1.9536598509551504,4.934579576266842,-0.9983310036853286,-0.0018043432338309463,-0.00037659034297327055,-0.05772182954353361,-0.05154877364168624,0.09661081788399961,0.0006717470704943668,-7.751288819690672e-05,5.961841438306692e-05,-0.018166100562666543,5385,947000000,2.55,0,2,4,0.05583302237948518,2.2701925923005146,4.919575213728332,0.05583302237948518,2.2701925923005146,4.919575213728332,34.11671686172485
-2.767283114236859,3.2570255340654644,5.0,-1.9840618793822555,1.9680227753845074,4.934744712865726,-0.9984143440620272,-0.0017989946799369626,-0.00037792774796296914,-0.05626205079759111,-0.0532993064790749,0.09615244406647304,0.0006361624943030277,-6.5141721705686e-05,4.882091246827258e-05,-0.018316839850740507,5386,98000000,2.78,0,2,4,0.0527868823607889,2.2880555577854524,4.919514804788946,0.0527868823607889,2.2880555577854524,4.919514804788946,34.2870934009552
-2.767283114236859,3.2570255340654644,5.0,-1.9930674317274084,1.9805203481280584,4.934884559036132,-0.9984860762701477,-0.0017951096942638292,-0.0003785030551664301,-0.05497444689369285,-0.054598337984977055,0.09558828523233985,0.0006080391133140804,-5.589472067413226e-05,4.1374357095946834e-05,-0.018526563508203253,5386,258000000,2.99,0,2,4,0.04440291790052939,2.3044276729958555,4.9194967327846815,0.04440291790052939,2.3044276729958555,4.9194967327846815,34.4525830745697
-2.767283114236859,3.2570255340654644,5.0,-2.0035508203319967,1.9947178680277533,4.935039561707602,-0.9985668490512513,-0.0017914414069698918,-0.0003785905250274185,-0.05348733852749843,-0.05646508309074834,0.09511313952416617,0.0005790078720923199,-4.683277374795125e-05,3.389169194178976e-05,-0.01868172657850664,5386,411000000,3.17,0,2,4,0.033138229785110954,2.317635282116572,4.919504966155331,0.033138229785110954,2.317635282116572,4.919504966155331,34.61658978462219
-2.8337950967697747,3.273467752045494,5.0,-2.0129358464811977,2.0070745329563935,4.9351714295280456,-0.9986361239391628,-0.0017888104263520475,-0.0003782422498317181,-0.05217805145675852,-0.05808509668501174,0.09455961013085588,0.0005560740896201153,-4.0004527335213425e-05,2.841376200990453e-05,-0.0187670662853634,5386,563000000,3.36,0,2,4,0.016278369614913742,2.3315868240792765,4.919528996170859,0.016278369614913742,2.3315868240792765,4.919528996170859,34.77938461303711
-2.8337950967697747,3.273467752045494,5.0,-2.0238618636417773,2.021099459740058,4.935318140009042,-0.9987129818204312,-0.0017863746615106191,-0.00037744491098338053,-0.05068576076424858,-0.059594448115032964,0.09391489897083487,0.0005324056174030062,-3.305042071133357e-05,2.279328334964248e-05,-0.018524631559557747,5386,712000000,3.52,0,2,4,-0.0015378544618809302,2.342927238094835,4.919558249764256,-0.0015378544618809302,2.342927238094835,4.919558249764256,34.948387145996094
-2.8337950967697747,3.273467752045494,5.0,-2.036401816876207,2.0367730722165818,4.935472691269122,-0.9987963740958665,-0.0017732490999461813,-0.00037825527358470435,-0.04901546290230696,-0.06169736922437179,0.09329916227923521,0.0004317817916156986,-0.0001953863915105103,7.947354490056568e-05,-0.018712877135840245,5386,869000000,3.7,0,2,4,-0.024327438812855515,2.355127463141361,4.919609911124583,-0.024327438812855515,2.355127463141361,4.919609911124583,35.14065766334534
-2.900693581211407,3.288629144128325,5.0,-2.047826087589781,2.0506103127378816,4.935592186926606,-0.9988689978630491,-0.001759192545212869,-0.0003822319654814858,-0.04751299031192702,-0.06361700812786651,0.09266787628403061,0.00033315864544691235,-0.00016436788570217686,9.740840454242061e-05,-0.018867531980504282,5387,51000000,3.88,0,2,4,-0.052291810825461846,2.3680900706403656,4.919693371705766,-0.052291810825461846,2.3680900706403656,4.919693371705766,35.31134295463562
-2.900693581211407,3.288629144128325,5.0,-2.0624121498328516,2.0677786454209492,4.935720156438621,-0.9989567188388417,-0.0017448278227254368,-0.0003878606924109609,-0.0456319956465599,-0.06545595703323351,0.0918874681347403,0.00022375416692117767,-0.0001315513159738657,9.281600767963027e-05,-0.018782166080200113,5387,211000000,4.04,0,2,4,-0.0779487008128567,2.379037875989088,4.919785409717358,-0.0779487008128567,2.379037875989088,4.919785409717358,35.512758016586304
-2.900693581211407,3.288629144128325,5.0,-2.0758441965914374,2.0831093929347237,4.935817353319301,-0.999033886018217,-0.001734467144763514,-0.0003922789645490147,-0.04391050362131865,-0.06776826132136068,0.09118032887003417,0.00013712929013722384,-0.00010800663261534282,8.223406595675442e-05,-0.01939058147399919,5387,398000000,4.22,0,2,4,-0.10959287330856086,2.3921116757016194,4.919917029363404,-0.10959287330856086,2.3921116757016194,4.919917029363404,35.71822214126587
-2.9679549523380278,3.3024964829044703,5.0,-2.091131453599521,2.100013145017594,4.93590783483413,-0.9991173097477302,-0.0017251054032205266,-0.00039605480636851294,-0.04196985244667961,-0.07003532283291723,0.09039446105701043,4.930719189123307e-05,-0.00012554594235325567,9.291648979115052e-05,-0.0194921885849908,5387,587000000,4.37,0,2,4,-0.1359490812595989,2.4035025009394335,4.920042566716806,-0.1359490812595989,2.4035025009394335,4.920042566716806,35.94132113456726
-2.9679549523380278,3.3024964829044703,5.0,-2.105713855006639,2.115031534767934,4.9359654808038735,-0.9991918766760299,-0.001702906423866769,-0.0004262056166472796,-0.040156095964589966,-0.07716820081958074,0.08929364308687204,-0.00011785193202664111,-0.0002336878281994359,0.000542877779707851,-0.020630491781048477,5387,796000000,4.51,0,2,4,-0.1631900910823758,2.4158473861253076,4.920186852308587,-0.1631900910823758,2.4158473861253076,4.920186852308587,36.1365532875061
-3.035555146278904,3.3150569186864494,5.0,-2.1240004945274396,2.1313598038475265,4.935988611297181,-0.9992808718394685,-0.0016934993969893119,-0.0005090017281703473,-0.037876274272753974,-0.09223990306258648,0.08779683552609886,-0.0003867235468801158,-2.730937236350428e-05,0.0010962667033709295,-0.024674991072970442,5387,977000000,4.67,0,2,4,-0.18843534479958463,2.427577781393625,4.920334482686905,-0.18843534479958463,2.427577781393625,4.920334482686905,36.3404335975647
-3.035555146278904,3.3150569186864494,5.0,-2.1483120704603875,2.1487004525423234,4.935946085277714,-0.9993931283803061,-0.0016701232659939449,-0.000644625888348116,-0.03478749907603623,-0.11572660119470626,0.08554940876579552,-0.000781301271337378,-0.00018372216459283663,0.0014068540508560545,-0.030857325327815488,5388,166000000,4.75,0,2,4,-0.20935831681050582,2.4371902691185254,4.920461360320979,-0.20935831681050582,2.4371902691185254,4.920461360320979,36.57882761955261
-3.1034696536139035,3.3262979929658782,5.0,-2.174941299812057,2.1638458477383185,4.935846256295149,-0.9995043764234877,-0.001650537906425179,-0.0007890836938457911,-0.03142697220284951,-0.13817172113081408,0.08330911603545955,-0.0011018708256609726,-0.0001581229625458036,0.0015174092368397396,-0.03545536419551354,5388,387000000,4.9,0,2,4,-0.23210726236784412,2.4477541889954155,4.92059019195782,-0.23210726236784412,2.4477541889954155,4.92059019195782,36.78819179534912
-3.1034696536139035,3.3262979929658782,5.0,-2.2087404833462836,2.1799117455864465,4.935681325536749,-0.9996239128027229,-0.0016335084481238467,-0.0009381836356034626,-0.027358443204793914,-0.15741480244276476,0.08070727429200514,-0.0014100707239777643,-0.00013242770648957958,0.0012480444411266944,-0.03758846360142343,5388,578000000,5.14,0,2,4,-0.24725169461860305,2.459919026266054,4.920631577987173,-0.24725169461860305,2.459919026266054,4.920631577987173,37.034384965896606
-3.1034696536139035,3.3262979929658782,5.0,-2.2452972973038188,2.1955920501902972,4.935467404225235,-0.9997268091342086,-0.0016220435958351888,-0.0010362927656976937,-0.023293822576175405,-0.16505615360497133,0.07863702872316447,-0.0016262862939010348,-0.00010233775782353405,0.000652768028430728,-0.03596193710109219,5388,797000000,5.53,0,2,4,-0.2574223751589073,2.47695377037332,4.9205912472445785,-0.2574223751589073,2.47695377037332,4.9205912472445785,37.283814668655396
-3.171673522805388,3.3362076519872628,5.0,-2.285216602847408,2.212580215877865,4.935222141583464,-0.9998135640535916,-0.001615151992285556,-0.0010597908454116364,-0.019212112373716894,-0.1599681537356347,0.07709105766652517,-0.0015927151916917133,-7.514002575703671e-05,-0.00014407580408715148,-0.032417392867500894,5389,28000000,5.99,0,2,4,-0.26101999119540253,2.497407904510694,4.920449184286045,-0.26101999119540253,2.497407904510694,4.920449184286045,37.540459394454956
-3.171673522805388,3.3362076519872628,5.0,-2.3166205349992315,2.226811897803613,4.935020077790819,-0.9998685476470055,-0.0016128666361812497,-0.001005765239620426,-0.016102003718931945,-0.14959134481746716,0.07629784372649787,-0.0015522145257219685,-5.463966772367712e-05,-0.0006748988027993619,-0.03025543537660269,5389,263000000,6.5,0,2,4,-0.25861736548223,2.522566016266641,4.920159904221355,-0.25861736548223,2.522566016266641,4.920159904221355,37.75516319274902
-3.240141363972521,3.344774260432901,5.0,-2.343029831701088,2.2397133505009204,4.934837933096737,-0.9999082948213416,-0.0016121287069320468,-0.0009363584854224023,-0.013413658013228635,-0.14024919489918997,0.07570599109208229,-0.0015165684019565861,-4.2363457453120645e-05,-0.0007329941752232116,-0.02959435460070381,5389,460000000,6.93,0,2,4,-0.2529096808952782,2.544967099966827,4.919838724349695,-0.2529096808952782,2.544967099966827,4.919838724349695,37.95316505432129
-3.240141363972521,3.344774260432901,5.0,-2.3704357973647197,2.254141239862239,4.934645459064809,-0.9999427596475712,-0.001596630016464812,-0.0008570116743682545,-0.010544843857542119,-0.13101933142669786,0.07514360401916906,-0.001375984862005636,-0.00019566894451372718,-0.0007334522081237083,-0.027948870047111996,5389,644000000,7.29,0,2,4,-0.2506836813602946,2.564590305266544,4.919578197803011,-0.2506836813602946,2.564590305266544,4.919578197803011,38.1703143119812
-3.3088473530161293,3.3519866152130127,5.0,-2.3911317937168777,2.2657404215635606,4.934505646519453,-0.9999631343820372,-0.0015846088128662408,-0.0007975726939949479,-0.00840135522161406,-0.125371158141292,0.07475541395859034,-0.0012746428484310135,-0.00016556541879708675,-0.0006621729255584796,-0.0260199782132986,5389,848000000,7.68,0,2,4,-0.2566669431785111,2.5842950573136148,4.919377328449753,-0.2566669431785111,2.5842950573136148,4.919377328449753,38.34283757209778
-3.3088473530161293,3.3519866152130127,5.0,-2.41335134386976,2.2788389454218314,4.93435538441461,-0.9999794924596996,-0.0015620240348599285,-0.0007362343522435476,-0.006167065747544775,-0.11980617918804079,0.0743804935633429,-0.0012540920567493026,-0.0003047811787837418,-0.000623748638872712,-0.023762742966937367,5390,7000000,7.95,0,2,4,-0.2677831711970503,2.5983727114783046,4.919269747488366,-0.2677831711970503,2.5983727114783046,4.919269747488366,38.53867983818054
-3.3777652361022836,3.357833959354922,5.0,-2.4369815629425124,2.2934264236397963,4.934183069749119,-0.9999909391380342,-0.0015365736163349046,-0.0006745494307752794,-0.003912232919855041,-0.1154328500891888,0.07388577493886138,-0.0012568188711737781,-0.0002468371036457029,-0.0005359194744869455,-0.021643219042744022,5390,187000000,8.21,0,2,4,-0.28613656270743587,2.612525328442578,4.919196882816503,-0.28613656270743587,2.612525328442578,4.919196882816503,38.74950623512268
-3.3777652361022836,3.357833959354922,5.0,-2.457518276063906,2.306553194236108,4.9340233864981835,-0.9999965022742953,-0.0015178210298545237,-0.000627666298032952,-0.0020730879177545125,-0.11214399360289244,0.07337119083570583,-0.001261176583130391,-0.00020361557773185268,-0.00044670467787000234,-0.019647436238301452,5390,384000000,8.46,0,2,4,-0.31275720991795475,2.626321290250098,4.9191442538354275,-0.31275720991795475,2.626321290250098,4.9191442538354275,38.95185852050781
-3.3777652361022836,3.357833959354922,5.0,-2.477536658576734,2.319673858378674,4.933859845733361,-0.9999986303051122,-0.0015022906182286491,-0.0005888477571044676,-0.0003684686100108303,-0.11014783710924217,0.07298423918387972,-0.0012668774307909502,-0.00016873206476475389,-0.00036459981913594675,-0.018448943774274085,5390,572000000,8.65,0,2,4,-0.3413204616349401,2.6372571398436313,4.91910424116824,-0.3413204616349401,2.6372571398436313,4.91910424116824,39.14760756492615
-3.4468683345128004,3.3623059959848027,5.0,-2.495012403432501,2.331328651706968,4.933711588570057,-0.999998175969483,-0.0014907458782897358,-0.0005602307330779255,0.0010544552901198267,-0.10851981487647877,0.07256203484661368,-0.0012726694763389387,-0.00014250739752696973,-0.00030285932268725446,-0.017252769248443656,5390,753000000,8.81,0,2,4,-0.373246475944637,2.646997358556733,4.919055919484729,-0.373246475944637,2.646997358556733,4.919055919484729,39.31774687767029
-3.4468683345128004,3.3623059959848027,5.0,-2.514331611410007,2.3444095207961864,4.933541736732289,-0.9999955312016642,-0.0014799035826577414,-0.0005336423911360927,0.0025421817177207484,-0.10676888529211184,0.07201198882229928,-0.0012796711578565972,-0.0001176729568896917,-0.0002442336580088522,-0.015886234177742153,5390,910000000,8.92,0,2,4,-0.40387743845599433,2.6547933134255803,4.919002227961328,-0.40387743845599433,2.6547933134255803,4.919002227961328,39.49569487571716
-3.4468683345128004,3.3623059959848027,5.0,-2.529160611902998,2.35454979703808,4.933407561574633,-0.9999922130770085,-0.0014728022050543898,-0.0005164679888474909,0.003624624094674178,-0.10609828031964912,0.07156537718126728,-0.0012852867709790094,-0.00010168886745987038,-0.00020521188588418227,-0.01515580142950057,5391,78000000,9.03,0,2,4,-0.439995396776884,2.662852975634313,4.918932134740368,-0.439995396776884,2.662852975634313,4.918932134740368,39.667264461517334
-3.5161295498708305,3.365392902395171,5.0,-2.5501707619856346,2.3689675848340452,4.9332130562941545,-0.9999858777179795,-0.0014643305082583798,-0.0004963017426377469,0.0050846617728995125,-0.10529462257072768,0.07077382019966391,-0.0012932508941882273,-8.331557026508563e-05,-0.0001598500176669404,-0.014103937428444624,5391,236000000,9.09,0,2,4,-0.4682048276646908,2.66889244366735,4.9188700542167565,-0.4682048276646908,2.66889244366735,4.9188700542167565,39.87637233734131
-3.5161295498708305,3.365392902395171,5.0,-2.5668203256966966,2.380423382040167,4.933062495223146,-0.999979830247161,-0.0014462899806045682,-0.0004863775593354745,0.006165288397197821,-0.10448553407403252,0.07012282065019546,-0.0012120036775002522,-0.00024050296758559853,-6.805610084370528e-05,-0.013098778072162531,5391,428000000,9.17,0,2,4,-0.5075264675902376,2.6773384073372677,4.918765554887412,-0.5075264675902376,2.6773384073372677,4.918765554887412,40.049948930740356
-3.5855213697497295,3.3670853441910054,5.0,-2.587509914132432,2.3946513917553958,4.932890389991537,-0.999971086721037,-0.0014249287774333798,-0.00048068123275022594,0.007454142840052136,-0.10449268180223811,0.06936263938330763,-0.0011210667852572843,-0.0002017063536641217,-2.2510104358275385e-05,-0.012786593561031623,5391,591000000,9.21,0,2,4,-0.5351010203555342,2.683990490672691,4.9186513131121545,-0.5351010203555342,2.683990490672691,4.9186513131121545,40.25623178482056
-3.5855213697497295,3.3670853441910054,5.0,-2.6040369635427933,2.4059539791030278,4.932764128107052,-0.9999631522700794,-0.001410430160901464,-0.00047816374796072724,0.008454356763052118,-0.10432848014578418,0.06867038577376593,-0.0010573796285633374,-0.00017488858503611482,-1.0367427805135776e-05,-0.012312234503042419,5391,781000000,9.18,0,2,4,-0.5641503167993444,2.6904943128324463,4.918460426751146,-0.5641503167993444,2.6904943128324463,4.918460426751146,40.431729555130005
-3.5855213697497295,3.3670853441910054,5.0,-2.6247093191617843,2.419970657516962,4.932618792711496,-0.9999521507089161,-0.0013950394039040615,-0.00047591415513294606,0.009670763330349552,-0.10497489844925212,0.06776508269235763,-0.0009874268986736214,-0.0001466936083716064,-4.872120573651273e-06,-0.012044883897033287,5391,944000000,9.06,0,2,4,-0.5831812309865629,2.6930894002255528,4.91826495029807,-0.5831812309865629,2.6930894002255528,4.91826495029807,40.637017488479614
-3.6550158736733924,3.36737448950702,5.0,-2.6413175437098384,2.431098416175936,4.93251140724393,-0.999942618341713,-0.00138460070110831,-0.00047437170037318926,0.010612157005404244,-0.10537125701082468,0.06714256649719977,-0.0009382172521397721,-0.00012712979469142738,-3.7442687617073034e-06,-0.011584816820686683,5392,137000000,8.82,0,2,4,-0.6022969060979243,2.6934752461005202,4.917977363682052,-0.6022969060979243,2.6934752461005202,4.917977363682052,40.811054944992065
-3.6550158736733924,3.36737448950702,5.0,-2.657950924784519,2.4421497052912042,4.932410953954376,-0.9999325608267553,-0.0013755921202553544,-0.00047294977195320287,0.011522059853992517,-0.10550748507685817,0.0663880612757274,-0.0008942947895003274,-0.00011027951956066318,-3.0693392050196167e-06,-0.01120493088819785,5392,297000000,8.55,0,2,4,-0.6140697371333191,2.691667002893297,4.9177182922963665,-0.6140697371333191,2.691667002893297,4.9177182922963665,40.995805740356445
-3.6550158736733924,3.36737448950702,5.0,-2.674626340162457,2.4531098307050114,4.932316647561831,-0.9999216871855391,-0.0013677981275451666,-0.000471605757479758,0.012430857263943218,-0.10619645983604702,0.06563086753953534,-0.0008550764545777395,-9.653166230805255e-05,-2.304274726583344e-06,-0.011550461022125091,5392,465000000,8.25,0,2,4,-0.6240683207195803,2.6890951380840153,4.917425068345124,-0.6240683207195803,2.6890951380840153,4.917425068345124,41.16693115234375
-3.724584739516201,3.36625202328831,5.0,-2.6913911063258817,2.4639843099056105,4.932227866447305,-0.9999097401182384,-0.0013610416830042594,-0.0004701919726596647,0.013358072530222531,-0.10671200381977977,0.06489563318930527,-0.0008200264742473627,-8.421449351203592e-05,-3.659688330159838e-06,-0.011578990688576596,5392,627000000,7.94,0,2,4,-0.632682413358555,2.686044173718241,4.917099162810391,-0.632682413358555,2.686044173718241,4.917099162810391,41.34224987030029
-3.724584739516201,3.36625202328831,5.0,-2.71450983597277,2.4787908918504526,4.932113365947249,-0.9998922933571412,-0.0013520253911885032,-0.0004682859694761151,0.014606656721820155,-0.10717843771744626,0.06379141873454156,-0.0007920101010595743,-0.00019255285081953843,1.0958250129533553e-05,-0.011320510839141207,5392,788000000,7.63,0,2,4,-0.640292107392119,2.682819893986604,4.916743215337533,-0.640292107392119,2.682819893986604,4.916743215337533,41.57094764709473
-3.7941992503107094,3.3637101616261953,5.0,-2.733545621030442,2.4907539274946218,4.932013686449488,-0.9998762672572078,-0.0013317672014040464,-0.00047150718750689177,0.015666979698915395,-0.10817399178139375,0.06275109389248607,-0.0008591233567202587,-0.00021925838211700466,6.896910917930654e-05,-0.012077369410690153,5392,999000000,7.22,0,2,4,-0.650047371602351,2.678715418026398,4.916238419296985,-0.650047371602351,2.678715418026398,4.916238419296985,41.763856410980225
-3.7941992503107094,3.3637101616261953,5.0,-2.752710147021558,2.5025916183353614,4.931902095188492,-0.9998587875993028,-0.0013144080124761737,-0.0004772116766826725,0.016746625362880352,-0.10885290221379802,0.06187776022222672,-0.0009190740104175041,-0.00018340026315399882,7.873363685462209e-05,-0.011928131607419346,5393,178000000,6.94,0,2,4,-0.6595918712745943,2.6770852249286183,4.915903704736577,-0.6595918712745943,2.6770852249286183,4.915903704736577,41.968310594558716
-3.7941992503107094,3.3637101616261953,5.0,-2.7698731938763177,2.5130183091180194,4.931794059575529,-0.9998414682112857,-0.0013014328960359112,-0.00048236449468361253,0.017751395494774336,-0.10997998692026474,0.06103909421604248,-0.0009667057702909369,-0.00015796202319506847,7.524611262965664e-05,-0.013025333828409202,5393,364000000,6.72,0,2,4,-0.6721035290856878,2.676906007800356,4.915642864028431,-0.6721035290856878,2.676906007800356,4.915642864028431,42.155771017074585
-3.8638303014711917,3.359741666140802,5.0,-2.787173260980691,2.5233499734525657,4.931678593022517,-0.9998222543402784,-0.0012903973992048536,-0.0004868040336487713,0.018803127992663538,-0.11072804925869247,0.060158879667689215,-0.0010094263760862291,-0.00013514547418935763,6.507680083700507e-05,-0.013157151443010662,5393,534000000,6.57,0,2,4,-0.6867251999243202,2.67788240151743,4.915468500303777,-0.6867251999243202,2.67788240151743,4.915468500303777,42.32175326347351
-3.8638303014711917,3.359741666140802,5.0,-2.804550920784654,2.5335780444344476,4.931560699962404,-0.9998023981068537,-0.0012718292211273108,-0.0004886535081191404,0.01983200463810808,-0.11119553950588287,0.05924483558637794,-0.0009800207980255615,-0.0002897624000297583,4.984511435546235e-07,-0.012492913992900867,5393,685000000,6.47,0,2,4,-0.7047508979256335,2.679935225274976,4.915345959350145,-0.7047508979256335,2.679935225274976,4.915345959350145,42.50221586227417
-3.8638303014711917,3.359741666140802,5.0,-2.8242109077134705,2.5449450902299247,4.931436660372549,-0.9997788112246868,-0.0012484050128836741,-0.0004913421686107418,0.02098877542756661,-0.11225965354859116,0.05807966009520269,-0.0009257717625311543,-0.0002481811350207863,8.823664927604113e-05,-0.013344842591322958,5393,854000000,6.4,0,2,4,-0.7256859628907009,2.6830543488879544,4.9152719188382195,-0.7256859628907009,2.6830543488879544,4.9152719188382195,42.68496537208557
-3.933448408441069,3.3543398584014965,5.0,-2.841825815013972,2.554918628370719,4.931339305303828,-0.9997555517281087,-0.0012198036324457973,-0.0004966498589494585,0.02207039208624506,-0.112994838910295,0.057068304331344966,-0.0008059204146965637,-0.00038797792285549804,5.546007812995413e-05,-0.01361114127576002,5394,26000000,6.36,0,2,4,-0.7513577979366652,2.687725277599872,4.915240711929295,-0.7513577979366652,2.687725277599872,4.915240711929295,42.865567445755005
-3.933448408441069,3.3543398584014965,5.0,-2.8617365679226396,2.566010562981162,4.931252883503284,-0.9997280802206504,-0.001188353018590976,-0.0004993927100501909,0.023283127847373852,-0.11352357829955158,0.05609640547440751,-0.0006721973027579779,-0.00033056136885534215,2.675938013396717e-05,-0.013315516844158992,5394,194000000,6.36,0,2,4,-0.7747845031195546,2.6927643557376886,4.91525218438164,-0.7747845031195546,2.6927643557376886,4.91525218438164,43.0443172454834
-4.003023714772229,3.347498634375969,5.0,-2.8817646372456314,2.5769676641572037,4.931188215143975,-0.9996988060186236,-0.0011616106888186113,-0.0005002810677581493,0.024509133489358625,-0.11456779640309904,0.054926482062059155,-0.0005541345804164396,-0.00028243317160558945,1.205624977629327e-05,-0.013926970041211462,5394,359000000,6.38,0,2,4,-0.8006375587619499,2.6992692919230334,4.915296326199249,-0.8006375587619499,2.6992692919230334,4.915296326199249,43.244420289993286
-4.003023714772229,3.347498634375969,5.0,-2.904197947352213,2.588976279616277,4.9311387434979554,-0.9996639423074525,-0.0011365749859126267,-0.0004998911643110215,0.025893256968703593,-0.11547425626589784,0.05378184869426261,-0.0004391631597211445,-0.00023622143601187418,8.672136099507899e-07,-0.013774035323876888,5394,546000000,6.42,0,2,4,-0.8248209221456559,2.7065048247425674,4.915353045542598,-0.8248209221456559,2.7065048247425674,4.915353045542598,43.46823740005493
-4.003023714772229,3.347498634375969,5.0,-2.926858752851198,2.600806146984126,4.931109849289565,-0.9996274782963924,-0.001115721485681884,-0.0004986722143206586,0.02726556668005642,-0.11697770482618804,0.052417656045039354,-0.00033916960117544087,-0.00019765003145266746,-4.946292753160719e-06,-0.013688199123862432,5394,750000000,6.5,0,2,4,-0.8492078815341665,2.7152912625234484,4.9154099505414495,-0.8492078815341665,2.7152912625234484,4.9154099505414495,43.67596483230591
-4.07252600064417,3.339212478898365,5.0,-2.9451596000973024,2.610145924576978,4.931099729831146,-0.9995976201635453,-0.0011016006325219171,-0.0004973591806823811,0.028339669604076467,-0.11784334466859858,0.051511870943231286,-0.00026866025372591885,-0.00017088760131400704,-7.577250249468648e-06,-0.013259106435725698,5394,942000000,6.59,0,2,4,-0.870703961633875,2.724775238627228,4.915454622766318,-0.870703961633875,2.724775238627228,4.915454622766318,43.863120317459106
-4.07252600064417,3.339212478898365,5.0,-2.9681666452183912,2.621682382923729,4.931101273356981,-0.9995602083971664,-0.0010866791135853812,-0.0004955707386327351,0.029630445949395234,-0.1184257918386793,0.05038836911843845,-0.00019101808007114743,-0.0001430529735557684,-8.350177838067907e-06,-0.01262358427993604,5395,116000000,6.67,0,2,4,-0.8860145954768833,2.7327881170000117,4.915482292447814,-0.8860145954768833,2.7327881170000117,4.915482292447814,44.064388036727905
-4.14192469183082,3.3294764801465,5.0,-2.9866764345949033,2.630786753620137,4.931105128802172,-0.9995304305697804,-0.0010643796670876285,-0.0004976738550783377,0.030619238750289823,-0.11931589848317656,0.04935961627560941,-0.00022292812540530886,-0.00028982413482481206,5.677963237360473e-05,-0.012188698383397423,5395,305000000,6.77,0,2,4,-0.9032973223013284,2.743221984465073,4.915515135726899,-0.9032973223013284,2.743221984465073,4.915515135726899,44.24211668968201
-4.14192469183082,3.3294764801465,5.0,-3.0076377939636383,2.6408882584633333,4.931102802789143,-0.9994971593769644,-0.0010413139393106207,-0.0005036381525571731,0.031687385680585045,-0.12003868440821348,0.048220974648117323,-0.0002577802594142481,-0.00024306925752171082,7.76630692200797e-05,-0.011595327941904543,5395,469000000,6.86,0,2,4,-0.9162546820968142,2.751775159360736,4.915550231479053,-0.9162546820968142,2.751775159360736,4.915550231479053,44.44048285484314
-4.14192469183082,3.3294764801465,5.0,-3.026399093049918,2.6497322112028576,4.9310954412220624,-0.9994680294677185,-0.0010240792606061124,-0.0005095667005787131,0.03259370606975415,-0.1210608620457703,0.04710403415053464,-0.00028571027295348496,-0.00020773303930354814,7.811179543182334e-05,-0.011140398055431433,5395,653000000,6.96,0,2,4,-0.9310808011399566,2.7613864428855854,4.915603124839994,-0.9310808011399566,2.7613864428855854,4.915603124839994,44.61193227767944
-4.211188869122791,3.3182863441177943,5.0,-3.0500530873993816,2.6606153771329706,4.931080086569848,-0.9994322621283496,-0.0010061332078605944,-0.0005165446111470458,0.03367304997535214,-0.122054004183241,0.04591915881447706,-0.00031677309375627527,-0.0001704623372233982,7.085841815523963e-05,-0.010492830006114673,5395,816000000,7.08,0,2,4,-0.9469772585755781,2.770822032203056,4.915681786390084,-0.9469772585755781,2.770822032203056,4.915681786390084,44.82177472114563
-4.211188869122791,3.3182863441177943,5.0,-3.069070845967543,2.6691952035280653,4.931063388070604,-0.9994047164023637,-0.0009942078512750164,-0.0005215289874238047,0.03448118894374852,-0.12238517155668638,0.044966466456842775,-0.00033880435409331446,-0.00014523800189181202,6.400369372272507e-05,-0.00984153148237965,5396,8000000,7.15,0,2,4,-0.9622573966817146,2.780479941843462,4.915777634178697,-0.9622573966817146,2.780479941843462,4.915777634178697,44.991334676742554
-4.211188869122791,3.3182863441177943,5.0,-3.0905649293849717,2.6786989971827566,4.931040418619882,-0.9993743983891057,-0.0009829390951788418,-0.0005264967484136277,0.03534923586616867,-0.12327044004595411,0.043741547561525866,-0.00036090562546877477,-0.00012172037884283782,5.666628979383859e-05,-0.009523295921098907,5396,171000000,7.26,0,2,4,-0.9721938624955077,2.7899135409805944,4.915863133694146,-0.9721938624955077,2.7899135409805944,4.915863133694146,45.1747350692749
-4.280287278212759,3.305638409093179,5.0,-3.1073877891698065,2.6859795188352016,4.931019827429728,-0.9993514310766133,-0.0009755145461956453,-0.0005298860980447964,0.03599284369452194,-0.12378608284742801,0.042949771212037635,-0.0003763169597335793,-0.00010555933371847459,5.094367558911017e-05,-0.008911124950827798,5396,338000000,7.36,0,2,4,-0.9804916253368305,2.800389965847808,4.915947500853015,-0.9804916253368305,2.800389965847808,4.915947500853015,45.3371901512146
-4.280287278212759,3.305638409093179,5.0,-3.126670673382451,2.6942039188212896,4.9309895721815495,-0.9993264042975152,-0.0009594224849515426,-0.0005318384173641577,0.03668152573424449,-0.1239776173242098,0.04212993931768753,-0.00045596071070540657,-0.0002628766708312469,-6.466772362045958e-06,-0.008368819089810131,5396,489000000,7.41,0,2,4,-0.9863982549100504,2.8072637174881634,4.915989610424422,-0.9863982549100504,2.8072637174881634,4.915989610424422,45.499133586883545
-4.349188340051508,3.29152966007783,5.0,-3.1460026380061805,2.7023204995273007,4.930947998309429,-0.9993023847558559,-0.0009307650668023207,-0.0005323977976789099,0.03733087261550272,-0.12459259504246853,0.04120625152249703,-0.0004811710172695105,-0.00039886776050934714,1.986528257447162e-05,-0.007917686798464274,5396,644000000,7.42,0,2,4,-0.992765675055702,2.813939451110109,4.916014514458916,-0.992765675055702,2.813939451110109,4.916014514458916,45.66961121559143
-4.349188340051508,3.29152966007783,5.0,-3.1654366417485145,2.7103202690692596,4.930905062298535,-0.9992792404461088,-0.0009017123542915168,-0.0005354482214180086,0.037946011957515735,-0.12508380665029373,0.040297716040222135,-0.00048480392550024145,-0.0003428442028052814,3.8086998799258254e-05,-0.007509456736443099,5396,801000000,7.41,0,2,4,-0.9989235077326646,2.8196021880056352,4.91601653886845,-0.9989235077326646,2.8196021880056352,4.91601653886845,45.84253215789795
-4.349188340051508,3.29152966007783,5.0,-3.184985298798896,2.718195519487444,4.930861158045257,-0.9992572004283432,-0.0008768737040709062,-0.000539166806536583,0.0385225620094477,-0.12611745768732655,0.0392197091605697,-0.0004884731105289142,-0.0002937596036645118,4.2109881803753524e-05,-0.006946512667127536,5396,958000000,7.38,0,2,4,-1.004941625457681,2.8243350274139294,4.915998039451581,-1.004941625457681,2.8243350274139294,4.915998039451581,46.01127004623413
-4.417860161682086,3.2759577432071714,5.0,-3.2046940986465904,2.7259263789285946,4.93081638952025,-0.9992367708413163,-0.0008556440212787057,-0.0005428953244386419,0.03904931416291607,-0.1268802645016637,0.038100741382893835,-0.0004920141866411098,-0.00025149060434159765,4.1303462339215e-05,-0.006289329849096248,5397,118000000,7.32,0,2,4,-1.0108351296306999,2.828172050588451,4.915961269868663,-1.0108351296306999,2.828172050588451,4.915961269868663,46.20119023323059
-4.417860161682086,3.2759577432071714,5.0,-3.2244980558364675,2.7335223451070734,4.930770792576373,-0.9992179266806467,-0.0008375006243369069,-0.0005464261222732008,0.039528913610507255,-0.12728969173367352,0.037209627528378184,-0.0004953583293659849,-0.00021534998921879378,3.897868303681662e-05,-0.005775086947323871,5397,288000000,7.24,0,2,4,-1.016527064321623,2.831138851273817,4.915908402044544,-1.016527064321623,2.831138851273817,4.915908402044544,46.369033098220825
-4.417860161682086,3.2759577432071714,5.0,-3.2443906776651947,2.7410012214226,4.9307196888243014,-0.9992003082820673,-0.0008124301882114788,-0.000552210215637062,0.039972227234526425,-0.1280436392635595,0.03626114918324346,-0.0005683499671204807,-0.0003566178548908283,9.260115731990481e-05,-0.005352901644073427,5397,446000000,7.13,0,2,4,-1.0218887459629575,2.83325196308215,4.9158417235143474,-1.0218887459629575,2.83325196308215,4.9158417235143474,46.53674650192261
-4.4862705475593625,3.2589209801061942,5.0,-3.2644056831351933,2.7483544846198145,4.930654475753143,-0.999183800677514,-0.0007867049109927808,-0.0005615394167425218,0.04038314292504014,-0.12862290226700587,0.03533468720440913,-0.0006532663326426515,-0.00030534666848325287,0.00011546122422601002,-0.004959408624927164,5397,600000000,7.0,0,2,4,-1.0289439866981562,2.834353830610448,4.915777875994982,-1.0289439866981562,2.834353830610448,4.915777875994982,46.72361660003662
-4.4862705475593625,3.2589209801061942,5.0,-3.2869912015703475,2.7564800509465734,4.9305726778030925,-0.9991665432615192,-0.0007741523076645892,-0.000569237332641585,0.04080803210019257,-0.12875040869491772,0.03436093390893368,-0.0006543300440273513,-8.744104675884046e-05,5.124543562828876e-05,-0.004536368760454934,5397,772000000,6.85,0,2,4,-1.0406893083344633,2.8342017399902795,4.915743183841397,-1.0406893083344633,2.8342017399902795,4.915743183841397,46.918660163879395
-4.4862705475593625,3.2589209801061942,5.0,-3.3121756680617622,2.7653103536122146,4.930475103420675,-0.9991484830314383,-0.000752540028732538,-0.0005768163397811094,0.04124814932079496,-0.12949878335409906,0.03305984577891353,-0.0007373451792458322,-0.00023605422825312417,8.76890275947062e-05,-0.004308349616621854,5397,951000000,6.68,0,2,4,-1.0590774454363687,2.8339659941747275,4.915752364350455,-1.0590774454363687,2.8339659941747275,4.915752364350455,47.13357067108154
-4.554387011362157,3.2404183821897035,5.0,-3.332429003327803,2.7722219165057136,4.930384148628832,-0.999135168256389,-0.0007356725103725159,-0.0005846780605115543,0.04156961018340455,-0.1299109305242409,0.03216721204443161,-0.0008049444908651051,-0.00020140599019669025,9.412029697841717e-05,-0.003827955015367479,5398,148000000,6.52,0,2,4,-1.0848634920636475,2.8347734516340113,4.915808719094191,-1.0848634920636475,2.8347734516340113,4.915808719094191,47.296385526657104
-4.554387011362157,3.2404183821897035,5.0,-3.3527328923186173,2.7790195630770245,4.930282985764537,-0.9991228320102761,-0.0007213365178990137,-0.0005924828990149508,0.0418652026557616,-0.13001786412823862,0.031415191101852404,-0.000865636938779352,-0.00017203333300130907,9.025786198435526e-05,-0.0036090402772970265,5398,300000000,6.43,0,2,4,-1.1088439827314496,2.8366122001379708,4.915862538355391,-1.1088439827314496,2.8366122001379708,4.915862538355391,47.46328115463257
-4.554387011362157,3.2404183821897035,5.0,-3.3730774895786735,2.785700324967269,4.930172676611697,-0.9991103424052488,-0.0007091167935592582,-0.0005996929922086996,0.04216231991428404,-0.13043759054278908,0.030474944387625363,-0.0009200095769643233,-0.00014767334164389467,8.203337031886804e-05,-0.0038485537970700534,5398,456000000,6.37,0,2,4,-1.1354093721634573,2.8394478721295355,4.915896850717885,-1.1354093721634573,2.8394478721295355,4.915896850717885,47.658284187316895
-4.622176788304897,3.2204496648906975,5.0,-3.396045376597235,2.7930540434746094,4.930046089584909,-0.9990965447188913,-0.000685028025773453,-0.0006042274508726307,0.04248835106901533,-0.13070076775187273,0.029431529216358315,-0.0008868902690046777,-0.000292963670744939,6.3581464093687146e-06,-0.0033922288594112615,5398,635000000,6.33,0,2,4,-1.1643305729089126,2.8430004933905453,4.9158844512262245,-1.1643305729089126,2.8430004933905453,4.9158844512262245,47.84885025024414
-4.622176788304897,3.2204496648906975,5.0,-3.4215961896765665,2.801033637663294,4.929914296677638,-0.9990832686182429,-0.0006586088410673089,-0.0006038186860647804,0.04279981313599884,-0.13064800209110697,0.028376062233006226,-0.0008394804682625402,-0.00024252788648482237,-2.433398496037853e-05,-0.0029119762757545686,5398,815000000,6.3,0,2,4,-1.1996252297357124,2.847435037855181,4.915806466806004,-1.1996252297357124,2.847435037855181,4.915806466806004,48.059783697128296
-4.689606847955658,3.199015261803648,5.0,-3.442081457317529,2.8072693362257657,4.929814840616409,-0.9990732459475904,-0.0006407288168214467,-0.0006022156505472222,0.04303342926886966,-0.13112795002325595,0.027403017225215105,-0.000805904135898656,-0.00020897158776733704,-2.957110787349393e-05,-0.0029301049380592303,5399,10000000,6.27,0,2,4,-1.241899146364576,2.852599242695636,4.9156254910957236,-1.241899146364576,2.852599242695636,4.9156254910957236,48.2304949760437
-4.689606847955658,3.199015261803648,5.0,-3.462637188599562,2.813371664985336,4.929720098039642,-0.9990634222222696,-0.0006253263736494276,-0.0006003607954760627,0.04326114782768231,-0.13137078007522945,0.02650109233917487,-0.0007759051088247952,-0.00017980676574325116,-2.9283986258121786e-05,-0.002751082297436369,5399,168000000,6.25,0,2,4,-1.2777690336233407,2.856573711989044,4.915391517276482,-1.2777690336233407,2.856573711989044,4.915391517276482,48.39578652381897
-4.689606847955658,3.199015261803648,5.0,-3.485841717822548,2.8200678078118124,4.929624733950386,-0.9990537152737533,-0.0005993582996048568,-0.0006015316518170982,0.043485088559305274,-0.1319749467144465,0.02530751330919302,-0.0006660791685209744,-0.000322644109473913,3.3887801009768737e-05,-0.00223766180624807,5399,325000000,6.22,0,2,4,-1.3150687793974993,2.860221039674841,4.915069409886358,-1.3150687793974993,2.860221039674841,4.915069409886358,48.591522455215454
-4.756643907567153,3.176116338729032,5.0,-3.5039696855798246,2.8251384252149734,4.929565572237609,-0.9990476025598394,-0.0005785155490928018,-0.0006056535803391941,0.04362552375544637,-0.13227024901136414,0.024395460803471814,-0.000575120075747086,-0.00028337163371361385,5.442461947779975e-05,-0.0018339382904741797,5399,501000000,6.17,0,2,4,-1.357694307762034,2.8639333677845813,4.914616365730393,-1.357694307762034,2.8639333677845813,4.914616365730393,48.751404762268066
-4.756643907567153,3.176116338729032,5.0,-3.5247279828358056,2.8307975169299677,4.929512562644373,-0.9990421507675202,-0.0005578631880690031,-0.0006110522944405396,0.043750387353299613,-0.13231704052563262,0.02350166579587288,-0.0004816458965899963,-0.000243681597567047,5.726711123088535e-05,-0.001282172956962313,5399,650000000,6.13,0,2,4,-1.3904207022364483,2.866631873811043,4.914228279109629,-1.3904207022364483,2.866631873811043,4.914228279109629,48.91554069519043
-4.756643907567153,3.176116338729032,5.0,-3.5507310826086123,2.8376766600928756,4.929465856189289,-0.9990380064660184,-0.0005360814680554272,-0.0006173869488895209,0.04384510333456226,-0.13279194890530427,0.022306937127320035,-0.0003784994946563852,-0.00020172103205595704,5.06160574786918e-05,-0.0006699794312226004,5399,800000000,6.09,0,2,4,-1.4267960794198429,2.8696313764065406,4.91376318073473,-1.4267960794198429,2.8696313764065406,4.91376318073473,49.127851724624634
-4.823254445927119,3.1517548076050006,5.0,-3.571607602184507,2.8430161160596086,4.929442406085099,-0.9990365125408712,-0.0005213775735537863,-0.0006217581905876712,0.04387924557637113,-0.13299201301541702,0.021390817447272836,-0.00030561003329842077,-0.00017340488938089038,4.327351916799671e-05,-0.0002631135458841527,5400,0,6.02,0,2,4,-1.469170328246584,2.8734137859118647,4.913181420092397,-1.469170328246584,2.8734137859118647,4.913181420092397,49.29775309562683
-4.823254445927119,3.1517548076050006,5.0,-3.5925016123327422,2.8482179736968445,4.9294298854660275,-0.9990362952315108,-0.0005087194297947136,-0.0006254604287413009,0.043884288918600134,-0.13283258369363576,0.020544384366681007,-0.00024028031322147124,-0.00014901655305266104,3.596407722739059e-05,0.00010440548834367291,5400,158000000,5.97,0,2,4,-1.4997790925353078,2.8765695876822823,4.912728042986724,-1.4997790925353078,2.8765695876822823,4.912728042986724,49.4737012386322
-4.823254445927119,3.1517548076050006,5.0,-3.613414342670826,2.853271797790115,4.9294271407556725,-0.999037077233975,-0.0004978166139197152,-0.0006285424386481439,0.043866563859259744,-0.1331680852134958,0.019509866814783162,-0.00018171702335015774,-0.00012823298050079757,2.9342089469253096e-05,0.0003042574491018968,5400,323000000,5.92,0,2,4,-1.5274382108997928,2.8798813187860555,4.912287692657116,-1.5274382108997928,2.8798813187860555,4.912287692657116,49.645917654037476
-4.889404717734269,3.125933340311662,5.0,-3.6343881771962594,2.8581688790384168,4.929428107562966,-0.9990383731524577,-0.0004783181988758408,-0.0006292712934702144,0.043837246699925225,-0.1332961636413907,0.01857986141931244,-0.00020062811710373497,-0.0002823880151936464,-3.2863171028907345e-05,0.0004127940485432191,5400,482000000,5.88,0,2,4,-1.5505560926688264,2.883263561093526,4.911873946326104,-1.5505560926688264,2.883263561093526,4.911873946326104,49.81623315811157
-4.889404717734269,3.125933340311662,5.0,-3.6579855966454033,2.863513909194583,4.929422337638304,-0.999041684928456,-0.00045486827154386794,-0.0006258007539456022,0.043762006850498636,-0.13305574692160738,0.01771060784469549,-0.0002373674055243603,-0.0002369796348489217,-5.851367070874858e-05,0.0012509787325143407,5400,640000000,5.83,0,2,4,-1.5696182333470114,2.8867341999144287,4.91146992136429,-1.5696182333470114,2.8867341999144287,4.91146992136429,50.0099356174469
-4.889404717734269,3.125933340311662,5.0,-3.6789829061994106,2.868114599301957,4.92940454353067,-0.9990469039058854,-0.00042523819339001476,-0.0006254761712366859,0.04364300342669525,-0.13342655773748313,0.016730499226405383,-0.0003515468496223038,-0.0003712606286399023,7.232329535256099e-06,0.0016498754916938196,5400,817000000,5.81,0,2,4,-1.5893449540783402,2.8914329769606253,4.910893535283007,-1.5893449540783402,2.8914329769606253,4.910893535283007,50.18356513977051
-4.955060768505769,3.0986553823329843,5.0,-3.7052991045778927,2.8736598956315627,4.929356956711123,-0.9990546789831489,-0.00039167898025432163,-0.0006297366719492817,0.04346491022856713,-0.13348789119451113,0.015684299872716936,-0.00048361320477873133,-0.00030587620756250544,3.931248961919209e-05,0.0019098829739050416,5400,981000000,5.8,0,2,4,-1.6059707062469308,2.8963574017135825,4.910266831256972,-1.6059707062469308,2.8963574017135825,4.910266831256972,50.417014360427856
-4.955060768505769,3.0986553823329843,5.0,-3.726340449325039,2.8779345341359592,4.929300837993959,-0.9990622716415363,-0.00036921189911619397,-0.0006343223251499483,0.04329016863231633,-0.13319448678136078,0.014827528660712899,-0.0005773244736262526,-0.00026142409126350685,4.7459091234713924e-05,0.0023724098355160095,5401,194000000,5.86,0,2,4,-1.627069213662131,2.9049436521053584,4.909292373790201,-1.627069213662131,2.9049436521053584,4.909292373790201,50.58317446708679
-5.020188450021896,3.0699251662608846,5.0,-3.7500070265685364,2.88257229501978,4.929220786721135,-0.9990720299051962,-0.00034780085992825973,-0.0006397309905977469,0.04306447305996197,-0.1333225503022094,0.013867622486603327,-0.0006713099083302772,-0.00021946137138684207,4.942170939159496e-05,0.0026040672992166947,5401,350000000,5.97,0,2,4,-1.6451698881076686,2.9139242356625146,4.908357394338829,-1.6451698881076686,2.9139242356625146,4.908357394338829,50.76250958442688
-5.020188450021896,3.0699251662608846,5.0,-3.771071854371576,2.8865355756780775,4.929136265788046,-0.999081866381629,-0.0003316727275234644,-0.0006444201468187309,0.042835720879621564,-0.13324128229665214,0.0129560028719311,-0.0007456985595132744,-0.00018748157657455522,4.860062112754804e-05,0.003078553095292591,5401,520000000,6.12,0,2,4,-1.6669995707671916,2.92478967604878,4.90718008516499,-1.6669995707671916,2.92478967604878,4.90718008516499,50.94381141662598
-5.020188450021896,3.0699251662608846,5.0,-3.794810350973081,2.8908014960646553,4.929027852593278,-0.9990954341981584,-0.00031630346310388465,-0.0006495015697264428,0.04251813100576657,-0.1336527562824696,0.011832003515444653,-0.0008202154389981726,-0.0001565323941576935,4.786535718892537e-05,0.003926423960365355,5401,687000000,6.24,0,2,4,-1.6874474812778772,2.933879423073625,4.906051259865237,-1.6874474812778772,2.933879423073625,4.906051259865237,51.14501404762268
-5.084753436313343,3.039747725125622,5.0,-3.82658050709626,2.896166717110015,4.92886416577443,-0.9991175667194286,-0.00029958917435884746,-0.0006560539678821351,0.041994853400929455,-0.1338200565576056,0.010467491029430263,-0.0009063302419994081,-0.00012344712416734183,4.6747666715418745e-05,0.004651800372812431,5401,873000000,6.33,0,2,4,-1.7106942654378992,2.942633780019515,4.904717674551055,-1.7106942654378992,2.942633780019515,4.904717674551055,51.399202823638916
-5.084753436313343,3.039747725125622,5.0,-3.847766878820438,2.8995588832262245,4.9287443553178765,-0.9991334914600913,-0.0002903961361597312,-0.0006601942481001156,0.041614253043954774,-0.1336394463283302,0.009729342005753783,-0.0009563416945512287,-0.00010572202384651064,4.444988448426557e-05,0.004837828782910947,5402,110000000,6.32,0,2,4,-1.7383979198134099,2.9499534024598386,4.902918644706709,-1.7383979198134099,2.9499534024598386,4.902918644706709,51.56644582748413
-5.148721240196228,3.008128905536137,5.0,-3.8689562635690886,2.9028070846884324,4.928621670680874,-0.999150716089143,-0.0002730804994885321,-0.0006665211122635566,0.04119863729785689,-0.13372925782509867,0.008830333881389454,-0.0009325558901906439,-0.0002632024035165159,9.676350245513277e-05,0.005603763656836236,5402,267000000,6.31,0,2,4,-1.7551321382835894,2.9546462781704084,4.9017936759327965,-1.7551321382835894,2.9546462781704084,4.9017936759327965,51.74159073829651
-5.148721240196228,3.008128905536137,5.0,-3.892817474263491,2.906269815729321,4.928498140362247,-0.9991724860355888,-0.0002398530453020958,-0.0006752585298738087,0.040667304384422065,-0.13360440582965255,0.007908523995368205,-0.0008054216183107029,-0.00039247749157311773,5.539699579060198e-05,0.006109789546826505,5402,427000000,6.34,0,2,4,-1.7706028370953237,2.9605680101575262,4.900751641518013,-1.7706028370953237,2.9605680101575262,4.900751641518013,51.94247007369995
-5.148721240196228,3.008128905536137,5.0,-3.9167231835999954,2.90952600578391,4.928399443286356,-0.9991967815501314,-0.00020732943014656902,-0.0006801760844718458,0.04006602194953335,-0.13408507354538665,0.006790543305000356,-0.0006743217371857249,-0.00032998308086007455,2.785138804028975e-05,0.007137155762393377,5402,610000000,6.41,0,2,4,-1.786310827926044,2.969127943642326,4.899648867595911,-1.786310827926044,2.969127943642326,4.899648867595911,52.13124203681946
-5.212057230359671,2.9750753806135473,5.0,-3.93804280389212,2.912241610024913,4.928330446886462,-0.9992202900575153,-0.00018265809159139559,-0.0006829748619535077,0.0394754622358538,-0.13421973236704027,0.005942725561198062,-0.000570461507172712,-0.00028310680875165417,1.6822610326983067e-05,0.007557848357464536,5402,787000000,6.52,0,2,4,-1.8011685318979738,2.9793893801382785,4.898624262338983,-1.8011685318979738,2.9793893801382785,4.898624262338983,52.30152177810669
-5.212057230359671,2.9750753806135473,5.0,-3.9593725448002286,2.91480758868478,4.928277112659275,-0.9992443378776402,-0.00016138756945999503,-0.0006849369132558155,0.03886203848170611,-0.13405177259813358,0.0052278486618928715,-0.00047733806618325495,-0.0002431129047408831,9.973436743138109e-06,0.007753443424007855,5402,944000000,6.65,0,2,4,-1.814703427822283,2.989532803371634,4.897806841865971,-1.814703427822283,2.989532803371634,4.897806841865971,52.467766523361206
-5.212057230359671,2.9750753806135473,5.0,-3.9806980476600717,2.9172209398829874,4.928237788887679,-0.9992694327242259,-0.00014306030955615358,-0.0006863341225693905,0.0382113766072848,-0.13409798501248035,0.0043384594924680536,-0.000393872550994275,-0.0002077867165439784,6.264517704579475e-06,0.008542049272364238,5403,98000000,6.79,0,2,4,-1.829876466328532,3.000141003105985,4.897119194027005,-1.829876466328532,3.000141003105985,4.897119194027005,52.65020561218262
-5.274726649010381,2.9405946627005166,5.0,-4.002039451915532,2.9194599886704857,4.928211034768179,-0.9992964081912474,-0.00012729222898115694,-0.0006874634756636039,0.037499330217081905,-0.1339974272800525,0.003454423263771835,-0.0003191094697409089,-0.00017760453232540385,5.3429642932201205e-06,0.009180772212857846,5403,268000000,6.93,0,2,4,-1.8482035060934625,3.0106132099650136,4.896581375303104,-1.8482035060934625,3.0106132099650136,4.896581375303104,52.83227896690369
-5.274726649010381,2.9405946627005166,5.0,-4.026021976411695,2.921789632197065,4.928194283233979,-0.9993280047706696,-0.00011214759473724052,-0.0006885572584585291,0.03664767650057715,-0.13364484916318262,0.0026979886249759357,-0.00024428982843497374,-0.00014894904154516553,4.7461492069800215e-06,0.009697797577246092,5403,432000000,7.05,0,2,4,-1.8706583325559685,3.02030002370551,4.896168215590769,-1.8706583325559685,3.02030002370551,4.896168215590769,53.027440309524536
-5.3366946300784015,2.9046951158287793,5.0,-4.052659958515588,2.9241493407647603,4.928180800371437,-0.9993644624879103,-8.388066277677854e-05,-0.0006940655924036745,0.03563961774819724,-0.1337862942231584,0.0016399810372254736,-0.0002710332840653674,-0.0002869499866164915,7.477888033236013e-05,0.010388585542386863,5403,611000000,7.16,0,2,4,-1.9007276783825264,3.029889589446997,4.895822279095604,-1.9007276783825264,3.029889589446997,4.895822279095604,53.244022369384766
-5.3366946300784015,2.9046951158287793,5.0,-4.07932384667565,2.9262452155582532,4.928160384207526,-0.9994020161793357,-5.750148530553052e-05,-0.0007037241561969145,0.034570385050935015,-0.13367921074491265,0.0006392125298229436,-0.0003057541380595124,-0.0002362746457151843,9.193396337536797e-05,0.010918120733549586,5403,810000000,7.23,0,2,4,-1.9387486489785677,3.0386859007333302,4.895571907431383,-1.9387486489785677,3.0386859007333302,4.895571907431383,53.45108509063721
-5.3366946300784015,2.9046951158287793,5.0,-4.100688665778954,2.927727795191069,4.928139702800494,-0.9994336911953592,-3.975132536093663e-05,-0.000711720162297851,0.03364206857287577,-0.1339971750929651,-0.0002733251950074548,-0.00033039697387356496,-0.00020090904087055605,9.139760948073672e-05,0.01207389532282832,5404,4000000,7.26,0,2,4,-1.979453802828682,3.0456623837693892,4.8954447401343115,-1.979453802828682,3.0456623837693892,4.8954447401343115,53.62982106208801
-5.397926217987752,2.8673859679266163,5.0,-4.122094401226334,2.9290389541063284,4.928115652747972,-0.9994665010688594,-2.4495965504379383e-05,-0.000719360066757806,0.032652644030975675,-0.13401785183320772,-0.0010322720461741035,-0.0003524387082953904,-0.0001715719548656125,8.63105050541435e-05,0.012576001336128684,5404,168000000,7.26,0,2,4,-2.0122434184117264,3.0501925229865563,4.895405240915532,-2.0122434184117264,3.0501925229865563,4.895405240915532,53.80376076698303
-5.397926217987752,2.8673859679266163,5.0,-4.14615765476525,2.9303293630909684,4.928084959537812,-0.9995032276214247,-9.81528122146006e-06,-0.0007271817827219263,0.03150823836188488,-0.13368710836724734,-0.0017426597866021683,-0.0003743769789741554,-0.00014404543122736868,7.723931645386983e-05,0.012820144456782145,5404,334000000,7.23,0,2,4,-2.043949453604291,3.054023837142353,4.895391295970293,-2.043949453604291,3.054023837142353,4.895391295970293,54.001168966293335
-5.397926217987752,2.8673859679266163,5.0,-4.167527614417817,2.931300339320524,4.928060666506499,-0.9995358474780283,1.2153650843740708e-05,-0.000736194251524316,0.030455664115106085,-0.1337214575867942,-0.002658629629812706,-0.0003146740214906216,-0.0002935609614951318,0.00012812345033808015,0.013470012072502868,5404,515000000,7.18,0,2,4,-2.077375628700534,3.0576742079459875,4.895409786579579,-2.077375628700534,3.0576742079459875,4.895409786579579,54.17046761512756
-5.458386386995352,2.82867732274762,5.0,-4.1942600776202905,2.932251800850487,4.928046005876953,-0.9995766527221395,3.931841455402809e-05,-0.0007506904285610584,0.029085223924627035,-0.1336649306688687,-0.0036667208346682864,-0.0002355487142581975,-0.00023956415589054814,0.00013840601411629905,0.013866873996448703,5404,675000000,7.12,0,2,4,-2.1048242780536652,3.060463884525783,4.895456999806863,-2.1048242780536652,3.060463884525783,4.895456999806863,54.369359731674194
-5.458386386995352,2.82867732274762,5.0,-4.215608850493188,2.9328329548555376,4.928038033771674,-0.9996082151824477,4.532869986298839e-05,-0.0007582967321937914,0.027979261447293735,-0.13320717173707258,-0.0042477266148865205,-0.0002660844950237596,-3.9426004505571655e-05,6.302257631318753e-05,0.013805700109514873,5404,857000000,7.03,0,2,4,-2.1365896214903457,3.0635242703986316,4.895527604946719,-2.1365896214903457,3.0635242703986316,4.895527604946719,54.54149103164673
-5.518040061101152,2.7885801715016205,5.0,-4.234260282714115,2.9332135999305518,4.928031414133037,-0.9996356615529731,5.734844882431786e-05,-0.0007636344254054314,0.02698069171035672,-0.13320176530660774,-0.004941074224590525,-0.00022612351244509938,-0.0002066370612396895,8.790609626885271e-05,0.014756160362594528,5405,17000000,6.95,0,2,4,-2.160255994455667,3.065740334831323,4.895574089726865,-2.160255994455667,3.065740334831323,4.895574089726865,54.710686683654785
-5.518040061101152,2.7885801715016205,5.0,-4.26090472074711,2.9335268733698965,4.928034574049187,-0.9996755278896816,7.699546405372454e-05,-0.0007737712092023433,0.02546044556366084,-0.13298713297407086,-0.00582298888350029,-0.0001575967228555953,-0.00017257501809808673,0.0001002502514779735,0.015496891865041107,5405,174000000,6.89,0,2,4,-2.179100327420625,3.0678357569071406,4.895542024629818,-2.179100327420625,3.0678357569071406,4.895542024629818,54.91234040260315
-5.518040061101152,2.7885801715016205,5.0,-4.282228274043192,2.9335732002378085,4.928039366142697,-0.9997070434544424,0.00010284022082924452,-0.0007790133168307996,0.024191110551578632,-0.13324422209263226,-0.00674955489640053,-0.0001958628756045013,-0.0003132849826670281,3.218265689497457e-05,0.016129454161273316,5405,359000000,6.79,0,2,4,-2.201645004122398,3.071181752052506,4.895241091046719,-2.201645004122398,3.071181752052506,4.895241091046719,55.08008933067322
-5.576852134532016,2.7471064041681794,5.0,-4.303588197191346,2.9334299399259582,4.928038449123729,-0.9997374133519379,0.00012696109556067264,-0.0007807387113244524,0.022901499346570153,-0.1333434479941184,-0.0075367826782838515,-0.00023093175471545235,-0.0002693798393238467,6.7571674478017485e-06,0.01606445530342171,5405,518000000,6.62,0,2,4,-2.217289648166484,3.0705493153264345,4.894858529919925,-2.217289648166484,3.0705493153264345,4.894858529919925,55.262290716171265
-5.576852134532016,2.7471064041681794,5.0,-4.327604459534856,2.933072037356744,4.9280312485340385,-0.9997692138929422,0.0001502765628031143,-0.0007810953284562559,0.021468261665326505,-0.13303217218140573,-0.008200946956228531,-0.0002657238082246534,-0.00022752534647452194,-2.930588771654641e-06,0.015814991638762876,5405,688000000,6.34,0,2,4,-2.231354231616136,3.0661458730353863,4.894394123388682,-2.231354231616136,3.0661458730353863,4.894394123388682,55.44678854942322
-5.576852134532016,2.7471064041681794,5.0,-4.351605860117942,2.9325055406521665,4.928018257887265,-0.9997990508032462,0.00017011552173821435,-0.0007809035697912272,0.02003045838846007,-0.13319290498740924,-0.009107478900654798,-0.0002963541379798005,-0.0001913321725055539,-3.713477592093284e-06,0.016129191863001324,5405,861000000,5.92,0,2,4,-2.245458229298415,3.0567793810351893,4.893812730995555,-2.245458229298415,3.0567793810351893,4.893812730995555,55.65108633041382
-5.634787492801395,2.704268820472575,5.0,-4.372955564578657,2.9318067383567126,4.9280024565672,-0.9998243613303566,0.00018524560899691172,-0.0007807509895052934,0.018724385231591534,-0.13313262008022922,-0.00989357204579296,-0.0003205744523590725,-0.00016385630345894242,-1.0540691403049252e-06,0.016474846597702708,5406,47000000,5.42,0,2,4,-2.2580616212670486,3.0440884192318025,4.893156355916092,-2.2580616212670486,3.0440884192318025,4.893156355916092,55.824299573898315
-5.634787492801395,2.704268820472575,5.0,-4.394275144726537,2.93093972312037,4.927983028098749,-0.9998481980516172,0.0001983774860714013,-0.0007807464319626084,0.017404939940033393,-0.13275702116164037,-0.01049179685869723,-0.0003422948027645422,-0.00014084870656461135,1.3844218882397286e-06,0.01647357603360433,5406,211000000,4.95,0,2,4,-2.2683903483358527,3.0320947503633713,4.892461735350336,-2.2683903483358527,3.0320947503633713,4.892461735350336,55.9887113571167
-5.634787492801395,2.704268820472575,5.0,-4.418211690868135,2.929769887370236,4.927957294717533,-0.9998728853340944,0.00021113449548128038,-0.0007808374060445404,0.01592353254911716,-0.1327231955219954,-0.011358767777410657,-0.0003640483854573651,-0.00011888326696407603,2.877756521968422e-06,0.0164605811733054,5406,366000000,4.49,0,2,4,-2.27799340946439,3.0200213629774693,4.891662091977324,-2.27799340946439,3.0200213629774693,4.891662091977324,56.17796993255615
-5.691811034346381,2.660081140503768,5.0,-4.4394783765100625,2.928538072279238,4.927931413557501,-0.9998929929366891,0.00022094468234203389,-0.0007809567980532476,0.014606298847989752,-0.13250744085939264,-0.012080431511668039,-0.0003812510261281965,-0.00010223319009128318,3.7656721962875395e-06,0.016476603013870772,5406,542000000,3.99,0,2,4,-2.2885002703926434,3.0064771585198526,4.890666026401836,-2.2885002703926434,3.0064771585198526,4.890666026401836,56.367624282836914
-5.691811034346381,2.660081140503768,5.0,-4.463335006016196,2.9269573183864037,4.92789921239303,-0.9999133398639091,0.00023053735061854202,-0.0007810783676223656,0.013139616863367065,-0.13196983606641782,-0.012769980608826639,-0.00039846089931073775,-8.693290354244709e-05,3.3179553549089746e-06,0.016120697546284646,5406,714000000,3.56,0,2,4,-2.302094275232588,2.9941452559019504,4.8897960414977195,-2.302094275232588,2.9941452559019504,4.8897960414977195,56.54130983352661
-5.747887692743202,2.6145580149533583,5.0,-4.481843387583034,2.9255815157457064,4.927867886669209,-0.9999273189929687,0.00024616952061342506,-0.0007831341066854127,0.012028417729350427,-0.13192036230172396,-0.013505070572589668,-0.00047709676442300264,-0.00025120781117493607,5.6558471328571613e-05,0.015661765246477444,5406,878000000,3.08,0,2,4,-2.3230941733271604,2.9801819780869616,4.888853753255703,-2.3230941733271604,2.9801819780869616,4.888853753255703,56.70523500442505
-5.747887692743202,2.6145580149533583,5.0,-4.5029870345858045,2.923838246343624,4.927825650949736,-0.9999414047543653,0.0002657840879812207,-0.0007851499771984352,0.010793514543397331,-0.13177057682757182,-0.01422549727211905,-0.00044282635546596515,-0.0002174773200636082,-2.5355539889915235e-05,0.015247035025822697,5407,28000000,2.74,0,2,4,-2.343232123432944,2.96971415331389,4.888127750620232,-2.343232123432944,2.96971415331389,4.888127750620232,56.8722460269928
-5.747887692743202,2.6145580149533583,5.0,-4.52411820341936,2.921916106646893,4.927791303023595,-0.9999536716276658,0.0002924352150667558,-0.0007824546693158355,0.009589413156469995,-0.1318878709825192,-0.015176736677647787,-0.00043218757288225043,-0.00036059874730653974,-2.3388570902227457e-05,0.014889572867105016,5407,182000000,2.39,0,2,4,-2.369799570710166,2.95874644634495,4.887260113139448,-2.369799570710166,2.95874644634495,4.887260113139448,57.061001777648926
-5.802982459501712,2.567715034954065,5.0,-4.54526442641954,2.9197937083447965,4.927755721700795,-0.9999642567593338,0.00032009159875230235,-0.0007810410291905847,0.008412652377954744,-0.13188143783592854,-0.016015376875799858,-0.0004423645593591921,-0.00031122238510761235,-1.151394855014587e-05,0.01456200952816289,5407,357000000,2.08,0,2,4,-2.4034085858924517,2.9478824038001714,4.886195520312544,-2.4034085858924517,2.9478824038001714,4.886195520312544,57.222174406051636
-5.802982459501712,2.567715034954065,5.0,-4.566384984267018,2.91750045799797,4.927718728225596,-0.9999733206428607,0.00034400495235006173,-0.0007801551118349965,0.0072547240529556856,-0.131600710472038,-0.01671806498340322,-0.00045154194649972887,-0.0002676674881740837,-6.464839863440375e-06,0.014420355273614405,5407,507000000,1.86,0,2,4,-2.431310323703274,2.9406628895901723,4.885243666750726,-2.431310323703274,2.9406628895901723,4.885243666750726,57.395694732666016
-5.802982459501712,2.567715034954065,5.0,-4.590110691539093,2.914712991926376,4.9276756286570285,-0.9999817748707333,0.00036708151520840036,-0.0007793776509903561,0.005975596038571784,-0.13166885831607167,-0.017718540287742213,-0.00046072354205654447,-0.00022644840527163979,-4.674672959836812e-06,0.014008106609253446,5407,666000000,1.68,0,2,4,-2.464246611051482,2.9337024625686743,4.884016947078354,-2.464246611051482,2.9337024625686743,4.884016947078354,57.587677001953125
-5.857060407438873,2.519568741495847,5.0,-4.611202826369572,2.912028072316158,4.9276362337412944,-0.9999877567509725,0.000384706312899558,-0.0007786736671652707,0.004871551757995196,-0.13159076402566933,-0.018624982649849662,-0.00046794574067202273,-0.00019529378363358774,-4.927088959050252e-06,0.01365266798529774,5407,841000000,1.54,0,2,4,-2.5010736769876387,2.9272483614934224,4.882504533286909,-2.5010736769876387,2.9272483614934224,4.882504533286909,57.76174807548523
-5.857060407438873,2.519568741495847,5.0,-4.6322614244782105,2.9091671784469795,4.927595884373884,-0.9999924242076924,0.00040000303577532456,-0.0007778949642816983,0.0037929413676308643,-0.13130839606848918,-0.019335805801265475,-0.0004743671650104717,-0.0001684333298612728,-5.542194081442631e-06,0.013341157682589255,5408,4000000,1.46,0,2,4,-2.532520353426712,2.922476018066625,4.881081957522224,-2.532520353426712,2.922476018066625,4.881081957522224,57.94164228439331
-5.857060407438873,2.519568741495847,5.0,-4.653284373673424,2.906137792315635,4.927559767865789,-0.9999958739196031,0.00042329069898426174,-0.000779300357982743,0.0027323359430044825,-0.13128069441537094,-0.020224137899932514,-0.0004086636133211117,-0.00031698940858859714,5.0433194687116156e-05,0.013207357824285282,5408,171000000,1.42,0,2,4,-2.5622203578954004,2.9185559453638197,4.879570144480769,-2.5622203578954004,2.9185559453638197,4.879570144480769,58.10942053794861
-5.910086714630622,2.4701366343972957,5.0,-4.682154967383788,2.9016736541292127,4.927530895824695,-0.9999987650721086,0.00045573342261768927,-0.0007860640626501612,0.0012822888108930952,-0.13095133538004453,-0.021296831860553762,-0.00030781710517187603,-0.00025674963808342,7.278060536464181e-05,0.013173900879337452,5408,328000000,1.41,0,2,4,-2.589679607074329,2.9154906698512475,4.8779386591553875,-2.589679607074329,2.9154906698512475,4.8779386591553875,58.34005832672119
-5.910086714630622,2.4701366343972957,5.0,-4.705688673377156,2.8978198165067024,4.927523200806657,-0.9999995677136515,0.0004777579385829127,-0.0007918682969808276,9.62520772695985e-05,-0.13051129960092472,-0.021836079495363096,-0.00023589382505220615,-0.00021546216686374464,6.690405243148234e-05,0.013183393275539856,5408,543000000,1.43,0,2,4,-2.623390501460778,2.912589441086706,4.875545812971744,-2.623390501460778,2.912589441086706,4.875545812971744,58.54213762283325
-5.962026688940954,2.4194371808094957,5.0,-4.7265624416861405,2.8942312516857513,4.92752702882439,-0.999999083991135,0.000494462856565503,-0.000796336949470622,-0.000976407106176358,-0.13047412497876826,-0.02274263676333125,-0.00017882806883223767,-0.0001836386473996754,5.8546320147456754e-05,0.01358667177555617,5408,724000000,1.46,0,2,4,-2.646962424650466,2.9110747172284652,4.8734458431524255,-2.646962424650466,2.9110747172284652,4.8734458431524255,58.71833395957947
-5.962026688940954,2.4194371808094957,5.0,-4.750015435571996,2.8899825974839457,4.927542090629676,-0.9999971233244753,0.0005105244463862837,-0.0008004891797612542,-0.0022027084775440575,-0.1302418722570898,-0.023549255525408173,-0.0001214786454699421,-0.00015395468437873205,4.833370823575933e-05,0.013618722459796118,5408,887000000,1.5,0,2,4,-2.663326401858912,2.909956298936569,4.871425754281041,-2.663326401858912,2.909956298936569,4.871425754281041,58.915600061416626
-5.962026688940954,2.4194371808094957,5.0,-4.770831038022794,2.8860159933736793,4.927564036601428,-0.9999940934409128,0.0005227441514011138,-0.0008033949963697714,-0.003300663314929897,-0.1302434477531405,-0.024548284268128724,-7.593501160823032e-05,-0.0001312770265826657,4.007322225163534e-05,0.013816998944093939,5409,67000000,1.56,0,2,4,-2.67898052923716,2.9098804147442303,4.868799332675719,-2.67898052923716,2.9098804147442303,4.868799332675719,59.09130096435547
-6.012845793126372,2.367489823229123,5.0,-4.794223932594063,2.8813237067428097,4.9275973439971805,-0.9999891395716967,0.0005345187448183073,-0.0008059351888451168,-0.0045591114091141915,-0.1300527780030196,-0.025448212384241338,-3.015984072279633e-05,-0.00010942980495087795,3.288192758077457e-05,0.014132117121334886,5409,233000000,1.64,0,2,4,-2.6927011448514584,2.9118347488687353,4.865969062073611,-2.6927011448514584,2.9118347488687353,4.865969062073611,59.278560161590576
-6.012845793126372,2.367489823229123,5.0,-4.8149569784100965,2.8769881202874426,4.927633710951281,-0.9999833422184574,0.0005435021276367191,-0.0008076658659375172,-0.005689250116615641,-0.1296582558476397,-0.026024062612858095,6.175297761690059e-06,-9.351587664241379e-05,2.695680283437696e-05,0.0141005447403586,5409,409000000,1.77,0,2,4,-2.7091170272760943,2.917885448106425,4.862157113711997,-2.7091170272760943,2.917885448106425,4.862157113711997,59.46019673347473
-6.012845793126372,2.367489823229123,5.0,-4.838220841724099,2.8719248363245398,4.927675184904568,-0.9999751424732499,0.0005635419044418012,-0.0008117571712820435,-0.006981253928913522,-0.12960292475605778,-0.02695948057548968,-3.82869850755232e-05,-0.00024841486094828724,8.483741069653661e-05,0.014644356815551873,5409,576000000,1.99,0,2,4,-2.72825581093785,2.9295580350667403,4.857607647451166,-2.72825581093785,2.9295580350667403,4.857607647451166,59.64730906486511
-6.062509670513252,2.314314986997085,5.0,-4.858871498261251,2.867230329026094,4.927703408383982,-0.9999661484980277,0.0005829286864261157,-0.000818790997296176,-0.008166494564360804,-0.12936787960081647,-0.02773412893481824,-9.13045643781555e-05,-0.00021348843404211948,0.00010505122247650434,0.014931977511878358,5409,749000000,2.25,0,2,4,-2.747374953347741,2.942234916945665,4.853118344319283,-2.747374953347741,2.942234916945665,4.853118344319283,59.82707738876343
-6.062509670513252,2.314314986997085,5.0,-4.882020830389601,2.8617628922149057,4.92772625337289,-0.9999542544648586,0.0006017097943966978,-0.0008273216390820905,-0.009510124176762225,-0.12887643177821115,-0.02838460731177961,-0.00014439838950284923,-0.0001803105092790247,0.00010312352074492992,0.014891450064169476,5409,916000000,2.55,0,2,4,-2.768236190236542,2.9556296652142566,4.848317411683867,-2.768236190236542,2.9556296652142566,4.848317411683867,60.00738763809204
-6.062509670513252,2.314314986997085,5.0,-4.905088499927954,2.8560862185035867,4.927740823214141,-0.9999400052853489,0.0006177191925443674,-0.0008352770542292661,-0.010904428695618806,-0.1287213122540421,-0.02942485972144789,-0.0001911053744399142,-0.00015012773246780853,9.662638760232767e-05,0.01604851258889539,5410,81000000,2.89,0,2,4,-2.7915764566843864,2.968729093880155,4.842752069376171,-2.7915764566843864,2.968729093880155,4.842752069376171,60.19891381263733
-6.110984171244919,2.259934087258609,5.0,-4.928103318291202,2.850180095118108,4.927748220900296,-0.9999228230985392,0.0006313662117442932,-0.0008425601626570164,-0.012378986861867669,-0.12846971897961268,-0.03015200272142001,-0.0002321620147117571,-0.00012572879626304712,8.888059142009297e-05,0.016604750999249518,5410,257000000,3.17,0,2,4,-2.8136032138483746,2.9785640654288423,4.837294985007992,-2.8136032138483746,2.9785640654288423,4.837294985007992,60.39808368682861
-6.110984171244919,2.259934087258609,5.0,-4.951013986384261,2.844100466719551,4.927749194216789,-0.9999031834820375,0.0006430891641378943,-0.000848979087149947,-0.013874052519838698,-0.12781927414767646,-0.030646434242888626,-0.000268200756432238,-0.00010617509076382703,7.824212175933098e-05,0.016613743537163828,5410,446000000,3.41,0,2,4,-2.8358248929519454,2.9865848395523487,4.832526480405299,-2.8358248929519454,2.9865848395523487,4.832526480405299,60.5896098613739
-6.158235379094583,2.204369535360273,5.0,-4.97129658316391,2.8385399464733188,4.9277453483225395,-0.9998827143132685,0.0006521595564665586,-0.0008595351699446959,-0.015277221761016035,-0.1276780999796343,-0.03140785865075467,-0.00029751960331105286,-8.796152428658388e-05,0.000197203017648917,0.018313596592633985,5410,624000000,3.62,0,2,4,-2.857663441493221,2.993844062411556,4.828411587498567,-2.857663441493221,2.993844062411556,4.828411587498567,60.7671537399292
-6.158235379094583,2.204369535360273,5.0,-4.991526541515532,2.832805668845971,4.927737746162657,-0.9998585738878254,0.0006601551816841957,-0.0008761877728760847,-0.016781797076795835,-0.12733980773677517,-0.03206616536890889,-0.0003248987973127494,-7.367234857724725e-05,0.00023345044581901675,0.01913782998599345,5410,791000000,3.78,0,2,4,-2.8767085960031324,3.000043382724473,4.825254202247291,-2.8767085960031324,3.000043382724473,4.825254202247291,60.93705892562866
-6.158235379094583,2.204369535360273,5.0,-5.011691758679002,2.8268967531984224,4.927722335487654,-0.999830926055397,0.0006766995197812079,-0.0008955778081473199,-0.018353727723721402,-0.1272351873027241,-0.03288755718879046,-0.00041862359623377754,-0.0002350840091480677,0.0002852767721606142,0.020158641018497292,5410,946000000,3.93,0,2,4,-2.8958816752074212,3.0059808652525084,4.822547476820212,-2.8958816752074212,3.0059808652525084,4.822547476820212,61.15556025505066
-6.204229638839507,2.147644744659009,5.0,-5.0343272454519505,2.82002273302126,4.9276858035780045,-0.999795099388861,0.0006982673424468628,-0.0009203336942292832,-0.020209518713395824,-0.12700382936151855,-0.033650806602943686,-0.0005360389044731556,-0.00019804289479452564,0.0002925367681427815,0.020963545466656797,5411,102000000,4.07,0,2,4,-2.915443336917372,3.011518610176147,4.820231347174001,-2.915443336917372,3.011518610176147,4.820231347174001,61.37826108932495
-6.204229638839507,2.147644744659009,5.0,-5.056862334415182,2.8129549688084072,4.927630914576377,-0.9997549842840128,0.000716879872206286,-0.0009438562132856406,-0.022103543108983104,-0.12651040012087872,-0.03416458215951643,-0.0006394188454715774,-0.000167218527735713,0.0002662748357806777,0.021094623662065715,5411,294000000,4.19,0,2,4,-2.9386156612166126,3.0168074766947224,4.818069783878225,-2.9386156612166126,3.0168074766947224,4.818069783878225,61.61454653739929
-6.24893358419099,2.0897841357178186,5.0,-5.074323753355358,2.807316218592,4.927577014406,-0.9997203817134247,0.0007295730177982917,-0.0009602341226545634,-0.023615758730253344,-0.12640763410943562,-0.03489642668145343,-0.0007109831617152721,-0.00014472721971969804,0.00024236020408352488,0.022114920102467295,5411,459000000,4.28,0,2,4,-2.9634352291262203,3.020829263689736,4.816341352622152,-2.9634352291262203,3.020829263689736,4.816341352622152,61.79997253417969
-6.24893358419099,2.0897841357178186,5.0,-5.094229505603036,2.8006888577619304,4.9275048199753435,-0.9996764678738776,0.0007424159400211542,-0.000976887483584455,-0.025405788486568326,-0.12612922350863778,-0.03554976107115317,-0.0007842988992652469,-0.00012407644760514813,0.00021489220642934015,0.022465480651590042,5411,604000000,4.34,0,2,4,-2.983942369884796,3.0230052745559917,4.815266516197453,-2.983942369884796,3.0230052745559917,4.815266516197453,61.97029376029968
-6.24893358419099,2.0897841357178186,5.0,-5.114073830921227,2.793877518745553,4.927422503354774,-0.9996281687026349,0.0007537501360728668,-0.000991370098999251,-0.02723918835566913,-0.12612700936714677,-0.03641263386997178,-0.0008494974616200105,-0.00010510036787536592,0.00019024716806370634,0.02340802257094765,5411,758000000,4.37,0,2,4,-3.0086082903941196,3.0243423716566085,4.81429883214758,-3.0086082903941196,3.0243423716566085,4.81429883214758,62.1586229801178
-6.2923141662739965,2.030813140862436,5.0,-5.13636698950905,2.7859688387146693,4.92731931662943,-0.9995678731173991,0.0007649541526111634,-0.0010054332380818399,-0.029367856249762514,-0.12613712898515894,-0.03721738643858395,-0.0009142775031639027,-8.83174607224646e-05,0.0001652166545795808,0.023799006339686457,5411,929000000,4.39,0,2,4,-3.0343163840630543,3.024501704965704,4.813575669097551,-3.0343163840630543,3.024501704965704,4.813575669097551,62.348525047302246
-6.2923141662739965,2.030813140862436,5.0,-5.156120499131616,2.7787582234452177,4.9272191649444155,-0.9995101811850331,0.0007737943761722426,-0.0010160438653463624,-0.03126925973842648,-0.1257803285271586,-0.03772474740557393,-0.0009650949708372907,-7.646553683571256e-05,0.00014321546046858202,0.023745647740724962,5412,101000000,4.38,0,2,4,-3.0638145914735757,3.0233605931170944,4.813000402365821,-3.0638145914735757,3.0233605931170944,4.813000402365821,62.529226541519165
-6.3343386826493955,1.9707582080728947,5.0,-5.175804027810828,2.7713751453561324,4.927111978714806,-0.999447873360364,0.0007817056607041822,-0.0010250375924310104,-0.033200702848581065,-0.12576179361952156,-0.03851294161355723,-0.0010102684105533252,-6.433186783283418e-05,0.00012617206408549464,0.024595785180281382,5412,268000000,4.35,0,2,4,-3.0899736084615332,3.021390775477979,4.812642761506912,-3.0899736084615332,3.021390775477979,4.812642761506912,62.71337294578552
-6.3343386826493955,1.9707582080728947,5.0,-5.1954460264793285,2.7637933924377864,4.926998637779063,-0.9993799831147882,0.0007888031425215245,-0.0010327977085600988,-0.03518466239686224,-0.1256324627158653,-0.03917548824444507,-0.0010504646970618584,-5.5031562595786454e-05,0.00011185285018200375,0.024921459043980576,5412,431000000,4.3,0,2,4,-3.115659059477386,3.0187117774011516,4.8123819173709785,-3.115659059477386,3.0187117774011516,4.8123819173709785,62.88712549209595
-6.3343386826493955,1.9707582080728947,5.0,-5.217492063750797,2.755028258156452,4.926870742845206,-0.999297387038018,0.0008071702208119476,-0.0010424178838362203,-0.037456562845244123,-0.1258101818846539,-0.040173749091971474,-0.0010124252237688348,-0.00021481504859366396,0.00015796874492934876,0.025607655334169976,5412,590000000,4.24,0,2,4,-3.1405368804743525,3.0154016740762266,4.81218280303747,-3.1405368804743525,3.0154016740762266,4.81218280303747,63.093350648880005
-6.374974806870911,1.9096468041835581,5.0,-5.2395090303014715,2.745988583906557,4.926753906857594,-0.9992079700052571,0.0008277776381470781,-0.0010546374408712438,-0.039769777495268444,-0.12581686988791105,-0.04100278426044067,-0.0009592551416182863,-0.00017957038949134585,0.00016409718455179245,0.025777008158911485,5412,770000000,4.16,0,2,4,-3.1671673651440675,3.011129276923119,4.811987805939547,-3.1671673651440675,3.011129276923119,4.811987805939547,63.280343770980835
-6.374974806870911,1.9096468041835581,5.0,-5.25901623935699,2.7377629026023045,4.926652320596996,-0.999124694334415,0.0008324234957597988,-0.0010626820936347904,-0.04180936437035404,-0.12558699694375022,-0.04153823173324012,-0.0009954724953682142,1.4954503235742322e-05,8.71710938099568e-05,0.025283763898187317,5412,941000000,4.08,0,2,4,-3.19227247258436,3.006443755065363,4.8117922286558,-3.19227247258436,3.006443755065363,4.8117922286558,63.457279920578
-6.374974806870911,1.9096468041835581,5.0,-5.27846203752326,2.729360941492858,4.926549498822682,-0.9990373714489209,0.0008439319885724692,-0.0010680058829601882,-0.04384606699195576,-0.12562663450481942,-0.04228415875326948,-0.0009638958585536619,-0.00015752897581933212,0.00010643383490105407,0.025749800079211127,5413,105000000,4.0,0,2,4,-3.2109390755286253,3.002047939913373,4.811400766286515,-3.2109390755286253,3.002047939913373,4.811400766286515,63.63678741455078
-6.414190618568051,1.847507417364816,5.0,-5.300279029991502,2.719673211498245,4.926443175479713,-0.9989322175900501,0.0008597892393536673,-0.0010754333567308935,-0.04617931210167381,-0.12544032436641164,-0.04304892712987422,-0.0009152740928340894,-0.0001313580014539184,0.00011134479009911047,0.026084161072503775,5413,267000000,3.91,0,2,4,-3.225757233457695,2.997691350526736,4.810705614115312,-3.225757233457695,2.997691350526736,4.810705614115312,63.82348108291626
-6.414190618568051,1.847507417364816,5.0,-5.319578603557686,2.7108883857916988,4.9263561710840404,-0.9988333684735173,0.000872080719897662,-0.0010817012917078439,-0.04826977751533573,-0.1251015085449551,-0.043453837671603705,-0.0008766666062755137,-0.00011147095690944298,0.00010173705931038057,0.026210904252366163,5413,441000000,3.89,0,2,4,-3.2408744094453454,2.996322919762544,4.809247231120987,-3.2408744094453454,2.996322919762544,4.809247231120987,63.99968647956848
-6.414190618568051,1.847507417364816,5.0,-5.3387987324451665,2.701937679006981,4.926275535039122,-0.9987291070296995,0.0008828929543612234,-0.0010870562117866397,-0.0503806468843207,-0.12505806540765796,-0.0442248203646258,-0.0008418290244437647,-9.390866964054112e-05,8.966218842942908e-05,0.026624786914908327,5413,601000000,3.95,0,2,4,-3.2537600693200712,2.9988434975850526,4.807340800214815,-3.2537600693200712,2.9988434975850526,4.807340800214815,64.18144655227661
-6.4519546340452365,1.7843695588594015,5.0,-5.357957877220003,2.692795426768476,4.9262007309063405,-0.9986192789532918,0.0008924408464085797,-0.0010914415649076116,-0.05251236052067465,-0.12488298962175474,-0.04474462832382092,-0.0008103729903724552,-7.97138753227955e-05,7.704976496825111e-05,0.02668773813638836,5413,775000000,4.13,0,2,4,-3.267471586121793,3.0079740100075756,4.804801645683768,-3.267471586121793,3.0079740100075756,4.804801645683768,64.34843182563782
-6.4519546340452365,1.7843695588594015,5.0,-5.377030505728236,2.6835071865755715,4.9261310572397035,-0.9985054753219829,0.0009009363506378614,-0.0010948100226584843,-0.05463337310405908,-0.12457176245966935,-0.04514384641098461,-0.0007819481543232677,-6.851059239920687e-05,6.348187611138201e-05,0.026373442779004108,5413,930000000,4.45,0,2,4,-3.282773373838962,3.0233640094907344,4.8017141812950985,-3.282773373838962,3.0233640094907344,4.8017141812950985,64.51752161979675
-6.488235837386567,1.720263763945857,5.0,-5.396019513778415,2.674064601085646,4.926061421268739,-0.9983871156792639,0.0009181548643307801,-0.001098763427684921,-0.05675488486654873,-0.12450988125876701,-0.04576537680635546,-0.0008260266545984746,-0.00023140335940752266,0.00010986166429916011,0.026847279150388204,5414,88000000,4.85,0,2,4,-3.2996220581385294,3.0418343326722646,4.798251380074161,-3.2996220581385294,3.0418343326722646,4.798251380074161,64.70210862159729
-6.488235837386567,1.720263763945857,5.0,-5.414945909394266,2.6644445898625313,4.925987478790008,-0.9982623106478479,0.0009284152527756633,-0.0011040173010179392,-0.05890906832514736,-0.12434317973469888,-0.04629339025357896,-0.0008153270368626477,-2.589315464263109e-05,7.226755016631614e-05,0.02701797548070317,5414,256000000,5.32,0,2,4,-3.3179920738694917,3.0620192613190214,4.794497611371566,-3.3179920738694917,3.0620192613190214,4.794497611371566,64.87207365036011
-6.488235837386567,1.720263763945857,5.0,-5.43380139011895,2.6546451953664603,4.925914384750742,-0.9981304304856027,0.0009419663179374026,-0.0011077077695880292,-0.06110261386862503,-0.12438884447589274,-0.0471160134056829,-0.0008524139968090021,-0.00019334814140847811,0.00010063116491210167,0.02803973839036189,5414,410000000,5.78,0,2,4,-3.3363737060208987,3.081078981756334,4.790571459041084,-3.3363737060208987,3.081078981756334,4.790571459041084,65.04082775115967
-6.523003712054525,1.6552215921015208,5.0,-5.457300282117547,2.6420981539712565,4.9258112880720875,-0.9979521520800712,0.0009633805379503072,-0.0011152949936766964,-0.06394787075243702,-0.12438433342201968,-0.04793158680407121,-0.0009228530568826953,-0.00016010187522397246,0.00012003612326338953,0.028787805058527738,5414,569000000,6.18,0,2,4,-3.3547313263292766,3.0975544711085385,4.786650972803052,-3.3547313263292766,3.0975544711085385,4.786650972803052,65.2595283985138
-6.523003712054525,1.6552215921015208,5.0,-5.476009652323082,2.6318748520357556,4.925720034515302,-0.9978033334539111,0.0009784209093110403,-0.0011216711028825834,-0.06622908949037348,-0.12412246021168705,-0.048353910276798445,-0.0009725464052470736,-0.00013905761306887143,0.00011333505938182498,0.028437575929274317,5414,768000000,6.52,0,2,4,-3.3814441622630778,3.109748737492854,4.782810756416043,-3.3814441622630778,3.109748737492854,4.782810756416043,65.42776584625244
-6.523003712054525,1.6552215921015208,5.0,-5.494639634055023,2.6214880339644124,4.925621924489757,-0.9976453473820246,0.000991752349918512,-0.001127456283692423,-0.06856752960843848,-0.12415164387333674,-0.04898443475646277,-0.0010168326799093242,-0.00011530961288030994,0.00010877117233576428,0.03032975782844005,5414,925000000,6.67,0,2,4,-3.406067218969338,3.113597304343417,4.780616515275697,-3.406067218969338,3.113597304343417,4.780616515275697,65.60178017616272
-6.55622827296996,1.5892756263370473,5.0,-5.515523521288856,2.6095829118329874,4.9255044058921404,-0.9974501723078387,0.0010049201557993442,-0.0011336112127529776,-0.0713502545486796,-0.12404859929225849,-0.049541530568552844,-0.001060961435333426,-9.505436935342004e-05,0.000104249240706622,0.03138866159133613,5415,85000000,6.74,0,2,4,-3.4333561959195458,3.113426382636239,4.779096497986313,-3.4333561959195458,3.113426382636239,4.779096497986313,65.80549788475037
-6.55622827296996,1.5892756263370473,5.0,-5.5339779058122085,2.5988490987295427,4.9253941656236355,-0.99726784236434,0.0010153683308838702,-0.0011384958656724753,-0.07385474555023519,-0.12363982280983601,-0.04976896714896696,-0.0010956570371293962,-8.208911950191577e-05,9.446218882658286e-05,0.031358369597001,5415,273000000,6.75,0,2,4,-3.4667766420825976,3.109744990223304,4.778059245211008,-3.4667766420825976,3.109744990223304,4.778059245211008,65.96579337120056
-6.55622827296996,1.5892756263370473,5.0,-5.554608413020706,2.5865985024886315,4.925264416760837,-0.9970496920579073,0.0010258567333374113,-0.0011431640646538835,-0.07674341900851211,-0.12350438238978372,-0.050429435150887957,-0.0011301422232340955,-6.50796231127515e-05,8.89474080167929e-05,0.03315535141155124,5415,422000000,6.71,0,2,4,-3.4976133426117464,3.104317483394874,4.777580459744969,-3.4976133426117464,3.104317483394874,4.777580459744969,66.1611053943634
-6.587880099059713,1.5224594716742677,5.0,-5.5773901525827005,2.5727349460422837,4.925114141577487,-0.9967876555522932,0.0010361851329813072,-0.001147788671913339,-0.08007483150214956,-0.12318322986815759,-0.050827697415569514,-0.0011635685714429926,-5.325992731286533e-05,8.136456699503469e-05,0.03351013547217008,5415,601000000,6.63,0,2,4,-3.5326798945324893,3.096462571651742,4.777408565354172,-3.5326798945324893,3.096462571651742,4.777408565354172,66.38906121253967
-6.587880099059713,1.5224594716742677,5.0,-5.595482592324141,2.5614948694802413,4.9249897337747575,-0.9965704999057989,0.0010437127505444905,-0.0011507396692493146,-0.08273345864530085,-0.12280402869552003,-0.05108361473410522,-0.0011870053502230269,-4.673927840315173e-05,7.077559445178849e-05,0.03323450655443594,5415,804000000,6.49,0,2,4,-3.5710562771649,3.086183782691838,4.777520223540248,-3.5710562771649,3.086183782691838,4.777520223540248,66.58582186698914
-6.617930366256996,1.4548077527390042,5.0,-5.613462006174023,2.5501030808597736,4.9248621005940425,-0.9963446562700551,0.001050638530032961,-0.0011529398204578522,-0.08541014465831859,-0.12267003490085238,-0.051662935791077266,-0.0012078233506538287,-3.85842838568351e-05,6.370205198891199e-05,0.03398614135221578,5415,969000000,6.37,0,2,4,-3.600418438678292,3.077121312615297,4.777742447504025,-3.600418438678292,3.077121312615297,4.777742447504025,66.79468107223511
-6.617930366256996,1.4548077527390042,5.0,-5.633567188149416,2.5370809533056082,4.924715191551897,-0.9960784740005888,0.0010578125240346013,-0.0011547970162680845,-0.088460279838883,-0.122382361360316,-0.052053509383532204,-0.0012285095009310608,-3.30250049529468e-05,5.564782412648128e-05,0.0339224687195383,5416,136000000,6.22,0,2,4,-3.627846797775248,3.0675975859397906,4.778004454084767,-3.627846797775248,3.0675975859397906,4.778004454084767,66.99228835105896
-6.617930366256996,1.4548077527390042,5.0,-5.653552135921608,2.523851106771384,4.924572428087566,-0.995801743836056,0.0010768450049746493,-0.0011578487347062053,-0.09152260247726973,-0.12247358006277771,-0.05275595187764063,-0.0011620570745519896,-0.0001938024780656633,0.00011185976873662185,0.03441159497015178,5416,308000000,6.04,0,2,4,-3.655478007020443,3.056734414565871,4.778254676388461,-3.655478007020443,3.056734414565871,4.778254676388461,67.18228816986084
-6.6463508809387175,1.3863561104401976,5.0,-5.671238763852986,2.5118807829568794,4.924457795208224,-0.9955464256396014,0.0010951172931903026,-0.0011630689111139503,-0.09425901752636578,-0.12245682484840426,-0.05333586564625568,-0.0010981790825195768,-0.00016506052560316675,0.00012154492594618205,0.03427817900956143,5416,478000000,5.84,0,2,4,-3.679764135992492,3.045822345008487,4.778433026535922,-3.679764135992492,3.045822345008487,4.778433026535922,67.36731958389282
-6.6463508809387175,1.3863561104401976,5.0,-5.6888210320207255,2.4997455036438523,4.924347946313447,-0.9952859225068763,0.001100619200927125,-0.0011668012626075623,-0.09697092178495581,-0.12215748364950255,-0.05368265543672825,-0.0011149448401480849,2.888308241466575e-05,5.227193824453025e-05,0.033850170075311325,5416,644000000,5.66,0,2,4,-3.6986938955868136,3.0361150051045747,4.778533147176463,-3.6986938955868136,3.0361150051045747,4.778533147176463,67.55777859687805
-6.673114113782642,1.3171411977066247,5.0,-5.708479260242001,2.485903689409619,4.924225724704595,-0.9949854552192979,0.0011137730311356685,-0.0011678750110509172,-0.10000669717393984,-0.1222533941695573,-0.05431827996666623,-0.0010651707424355298,-0.00014375934256349865,7.542601139221006e-05,0.03400276000320446,5416,800000000,5.48,0,2,4,-3.7152866724365374,3.026452814537058,4.7785814796809944,-3.7152866724365374,3.026452814537058,4.7785814796809944,67.77846813201904
-6.673114113782642,1.3171411977066247,5.0,-5.730198890799521,2.470271937757102,4.924104120150786,-0.9946414965759978,0.0011314669160802958,-0.0011706724419091226,-0.10337138190868417,-0.12208512291288343,-0.05478681796725714,-0.0009978373467329838,-0.00011794035259526936,7.883879078462996e-05,0.03370933118276298,5416,986000000,5.27,0,2,4,-3.7313078125980583,3.015768655829417,4.778569305718363,-3.7313078125980583,3.015768655829417,4.778569305718363,68.00547695159912
-6.673114113782642,1.3171411977066247,5.0,-5.751788069910464,2.4543411258817414,4.9239960473897275,-0.9942851207657384,0.001146712736651899,-0.0011730967228606982,-0.10674459011041004,-0.12231013025422313,-0.05580068090635041,-0.0009389060202757273,-9.508198814955904e-05,6.95428560959499e-05,0.034053067793138325,5417,191000000,5.04,0,2,4,-3.746607457855656,3.0039455266537614,4.778513449399255,-3.746607457855656,3.0039455266537614,4.778513449399255,68.2442684173584
-6.698193234026185,1.2472006742522705,5.0,-5.7689689589944795,2.441357735393149,4.923918295203124,-0.993992056882989,0.0011574127939336602,-0.0011742782141390073,-0.1094398114025461,-0.122310777151701,-0.056476090252342424,-0.0008970183878599855,-8.127117610001733e-05,5.8266579472388e-05,0.03378176443220582,5417,393000000,4.82,0,2,4,-3.760056097150786,2.992048269503612,4.778453587612725,-3.760056097150786,2.992048269503612,4.778453587612725,68.41653323173523
-6.698193234026185,1.2472006742522705,5.0,-5.788175829128628,2.4265461859708006,4.923838894383884,-0.9936579334731845,0.0011681277577100945,-0.0011745723069218682,-0.11243294491935057,-0.12210189384563594,-0.05688983570848556,-0.0008548099541324551,-6.909216310191368e-05,4.371002937375579e-05,0.03312883018224966,5417,552000000,4.65,0,2,4,-3.77025850018604,2.982255669712282,4.778445785708113,-3.77025850018604,2.982255669712282,4.778445785708113,68.59373235702515
-6.721562144107404,1.1765732003413591,5.0,-5.805137490512416,2.413224021782535,4.923774677579186,-0.9933555358474018,0.0011766088906819412,-0.001173934592404059,-0.11507396260845537,-0.1220997119589698,-0.05738517512023465,-0.0008211969350467778,-5.7811195830481665e-05,3.460744011363204e-05,0.03336943227623124,5417,719000000,4.47,0,2,4,-3.782182357054432,2.9706336412142043,4.778533955758048,-3.782182357054432,2.9706336412142043,4.778533955758048,68.77303314208984
-6.721562144107404,1.1765732003413591,5.0,-5.82410578927541,2.398040499056308,4.923708893115682,-0.9930064598680299,0.0011851452355487616,-0.0011725400788326669,-0.11804825810191627,-0.12197991715628495,-0.05788941920647593,-0.000787352664370507,-4.842952208150564e-05,2.611342555525198e-05,0.033155520213767886,5417,882000000,4.31,0,2,4,-3.7943060384775387,2.9594405230393006,4.7787569983090465,-3.7943060384775387,2.9594405230393006,4.7787569983090465,68.96757984161377
-6.721562144107404,1.1765732003413591,5.0,-5.8408631903681085,2.384347475234562,4.9236556239480915,-0.9926893717227103,0.0011919927262027832,-0.0011707867791204433,-0.12068562333778293,-0.12209331960125339,-0.05869389881377353,-0.0007604467873197946,-4.076833306498884e-05,2.060519133095795e-05,0.03325289289932698,5418,58000000,4.15,0,2,4,-3.810726707779788,2.9455092097561475,4.779234553897948,-3.810726707779788,2.9455092097561475,4.779234553897948,69.1482789516449
-6.74319551466748,1.1052984295239994,5.0,-5.857529794770078,2.3704554907747704,4.923606807809606,-0.9923661859835798,0.0011982606529956927,-0.0011686616735833797,-0.12331484629882616,-0.12207214429718441,-0.05925142591519696,-0.0007362377751346705,-3.527286054350043e-05,1.50670296683586e-05,0.032963173362077214,5418,223000000,4.03,0,2,4,-3.8281444935758153,2.9318759665994225,4.779869563165489,-3.8281444935758153,2.9318759665994225,4.779869563165489,69.32470178604126
-6.74319551466748,1.1052984295239994,5.0,-5.876145216793862,2.354645473371747,4.923556480113966,-0.992000340294352,0.0012047559864520883,-0.0011657494719313356,-0.12622406445314355,-0.12180156629385075,-0.059678200344865304,-0.0007118780964874017,-3.1179996540231514e-05,7.086664233213469e-06,0.032228900090558454,5418,386000000,3.92,0,2,4,-3.8480108534888777,2.9171289978273447,4.780681021933133,-3.8480108534888777,2.9171289978273447,4.780681021933133,69.54003882408142
-6.74319551466748,1.1052984295239994,5.0,-5.896671714163275,2.336829252595618,4.923505710821293,-0.99158641035967,0.0012113256591130225,-0.001161956702495753,-0.12943559532367155,-0.12194655257878459,-0.060563060883115874,-0.0006879827286523433,-2.4642230656013453e-05,3.5804191611532588e-06,0.03250568661314901,5418,566000000,3.82,0,2,4,-3.8727537697080145,2.899385250149087,4.78176434773911,-3.8727537697080145,2.899385250149087,4.78176434773911,69.80368900299072
-6.763068819892748,1.0334170003132817,5.0,-5.912987890277505,2.322384858699579,4.923468606323128,-0.991249352995035,0.0012161850710674278,-0.0011587217395706388,-0.13199203932331444,-0.12184270561939373,-0.06092303073750123,-0.000671034673248221,-2.2041756508883736e-05,9.514679044642094e-08,0.0320540762913879,5418,760000000,3.75,0,2,4,-3.9018966261040537,2.8787585511626443,4.783091175948683,-3.9018966261040537,2.8787585511626443,4.783091175948683,70.02426266670227
-6.763068819892748,1.0334170003132817,5.0,-5.929191446344175,2.30781188773845,4.923434147358822,-0.9909106555115001,0.0012207663309337872,-0.0011552353778980658,-0.13451114435077827,-0.12161838831894581,-0.06123949268853031,-0.0006557930762015803,-2.0092546471062178e-05,-4.139875309228103e-06,0.031523236611974426,5418,920000000,3.72,0,2,4,-3.9252473150470752,2.8619362729222098,4.784170130058722,-3.9252473150470752,2.8619362729222098,4.784170130058722,70.2010645866394
-6.781158373172982,0.9609705267747856,5.0,-5.947278134724559,2.2912470152340223,4.923405193504739,-0.9905247280259817,0.0012369948438718497,-0.0011464803093744153,-0.13732413697421003,-0.12152216232024442,-0.061888305426898715,-0.0005565551179788417,-0.00018391352654134607,-6.916808032997324e-05,0.03163245928590186,5419,80000000,3.71,0,2,4,-3.9477019108084153,2.8451573282427356,4.785208774129888,-3.9477019108084153,2.8451573282427356,4.785208774129888,70.41149115562439
-6.781158373172982,0.9609705267747856,5.0,-5.965217509821555,2.2744918532314515,4.923395949844678,-0.9901351572031389,0.0012541415095665605,-0.001133324819836473,-0.14010536454483796,-0.12129576880367794,-0.062303279037881874,-0.00045336430688132774,-0.00015486857165569745,-9.334942348004915e-05,0.03089406200160738,5419,258000000,3.73,0,2,4,-3.970779411327051,2.826740060436307,4.786263392099476,-3.970779411327051,2.826740060436307,4.786263392099476,70.62930059432983
-6.797441363051352,0.8880015879993646,5.0,-5.981049743569748,2.2594194799770055,4.923402609159469,-0.989785081900487,0.0012671018572845238,-0.0011211416856371117,-0.14255745908737993,-0.12142385167208784,-0.06313558187369078,-0.00037147006664051704,-0.0001309112093395015,-9.288831535059217e-05,0.031024911368149333,5419,439000000,3.79,0,2,4,-3.991190588678263,2.808914359672662,4.787171632115594,-3.991190588678263,2.808914359672662,4.787171632115594,70.85526847839355
-6.797441363051352,0.8880015879993646,5.0,-5.998733075464888,2.2422408334689594,4.92342502735974,-0.9893850794197221,0.0012796565433713099,-0.001108118211578526,-0.14530760191672787,-0.12125878707537625,-0.0637726058738884,-0.00028941565397325284,-0.00010931670573199881,-8.54964014251891e-05,0.030725079341209494,5419,616000000,3.87,0,2,4,-4.008845233005522,2.791781134521278,4.787933144307136,-4.008845233005522,2.791781134521278,4.787933144307136,71.07614803314209
-6.81189588944001,0.8145537164302753,5.0,-6.014333341256142,2.2267825181768397,4.923451206571707,-0.989024759227086,0.0013002726749549644,-0.001098277652823064,-0.14774007145311802,-0.12142809174863847,-0.06461291281712177,-0.0003016587943165946,-0.000265495961571105,-1.6152510440292644e-05,0.03077892179135233,5419,784000000,3.95,0,2,4,-4.02241059071645,2.777073281169829,4.788490976424579,-4.02241059071645,2.777073281169829,4.788490976424579,71.28178071975708
-6.81189588944001,0.8145537164302753,5.0,-6.027911848946087,2.2130886417739695,4.923474980700999,-0.9887052645349521,0.0013114486125441942,-0.0010926091295948564,-0.1498632249375968,-0.12150148153291566,-0.06517733362883553,-0.00026182587312481717,-5.795007567144239e-05,-3.7843687294980555e-05,0.030531780066667125,5419,940000000,4.05,0,2,4,-4.034256681779465,2.76276930069892,4.788949981894897,-4.034256681779465,2.76276930069892,4.788949981894897,71.48440074920654
-6.81189588944001,0.8145537164302753,5.0,-6.0452635805570845,2.1952584549051086,4.923511865844117,-0.9882902309446837,0.0013289270872542313,-0.0010846150503341788,-0.15257613503524364,-0.12174529318375624,-0.06628349714869759,-0.0002681689596037276,-0.00021927530866605593,2.6117708773476522e-06,0.030525783586199395,5420,94000000,4.15,0,2,4,-4.0435517264462355,2.7505041710074813,4.789296053539268,-4.0435517264462355,2.7505041710074813,4.789296053539268,71.66587448120117
-6.824501000073965,0.7406713850157627,5.0,-6.062490620878957,2.177144239600409,4.923544262663412,-0.9878682452827241,0.0013500857806647748,-0.0010797720246374075,-0.15528471052486464,-0.12178924528432152,-0.06711181923889431,-0.0002997440366451112,-0.0001864780742266703,2.7383389245017042e-05,0.03039297753275605,5420,267000000,4.29,0,2,4,-4.054622213734911,2.734839141857293,4.789702139208881,-4.054622213734911,2.734839141857293,4.789702139208881,71.86456298828125
-6.824501000073965,0.7406713850157627,5.0,-6.079575548424482,2.158822700531634,4.92358023989651,-0.9874450632444335,0.0013550802025511957,-0.00107498351118244,-0.15795333248238796,-0.12171282560533292,-0.0676845449085954,-0.00023420865953874384,9.657713295752046e-06,-3.7629780180736816e-05,0.029734469171671662,5420,447000000,4.45,0,2,4,-4.065702063907804,2.7188770353364986,4.790125480570497,-4.065702063907804,2.7188770353364986,4.790125480570497,72.06143164634705
-6.835236727174377,0.6663999931584091,5.0,-6.094645983949105,2.1423608320211374,4.9236166769712755,-0.9870658176483995,0.0013679565096377886,-0.0010687993944836723,-0.16030613835077762,-0.12179298026758838,-0.06843923449241625,-0.00025686149970604634,-0.00016189919733733404,5.158951754680174e-06,0.029867591365473345,5420,623000000,4.62,0,2,4,-4.077727131236469,2.7023496230159862,4.7906139118081486,-4.077727131236469,2.7023496230159862,4.7906139118081486,72.23206877708435
-6.835236727174377,0.6663999931584091,5.0,-6.109605766343546,2.125715351997902,4.923648840089793,-0.9866813861959807,0.0013825996220588827,-0.0010649251228379126,-0.16265545329667147,-0.12174954874096358,-0.06911380672568351,-0.00028596156920013667,-0.0001408478411235592,2.3876281041168568e-05,0.0296186955893063,5420,785000000,4.78,0,2,4,-4.08984038381714,2.686964720745019,4.791141685045502,-4.08984038381714,2.686964720745019,4.791141685045502,72.40207505226135
-6.835236727174377,0.6663999931584091,5.0,-6.124445776110518,2.108886118021588,4.923672236846006,-0.9862921364971542,0.0014052689190760424,-0.0010582824203189932,-0.1649991719417488,-0.12181371844239672,-0.06998060841515656,-0.0003840837334063934,-0.000295831011953851,-2.5667925918071433e-05,0.029826449645042885,5420,940000000,4.95,0,2,4,-4.103709118657566,2.670778445335671,4.7917804016784995,-4.103709118657566,2.670778445335671,4.7917804016784995,72.61905694007874
-6.8440841242909745,0.5917858514327947,5.0,-6.14282430424618,2.0875681045425942,4.923678172755585,-0.9857973984562634,0.0014344806702527592,-0.0010455394983038945,-0.16792956353551064,-0.12174334275945402,-0.07094176579410583,-0.0005132030153098729,-0.00025024336878232134,-4.7552095594483035e-05,0.029560119037341792,5421,102000000,5.13,0,2,4,-4.119531657022469,2.653770974087788,4.79252738089202,-4.119531657022469,2.653770974087788,4.79252738089202,72.87244200706482
-6.8440841242909745,0.5917858514327947,5.0,-6.159189380678088,2.0681958130717253,4.92366352462664,-0.985351785634937,0.0014570329518682071,-0.0010339409536784662,-0.17052468022876455,-0.12149850745459748,-0.0712883144513432,-0.0006147178880571681,-0.00021563301260130174,-4.685923542524506e-05,0.02906266145146219,5421,305000000,5.38,0,2,4,-4.141628856078045,2.631438292126702,4.793594910839655,-4.141628856078045,2.631438292126702,4.793594910839655,73.06074023246765
-6.851025303291818,0.5168761650432264,5.0,-6.173610520202693,2.050824044217761,4.923636540954809,-0.9849510892994675,0.001474639333005985,-0.0010243980698627325,-0.17282397905158975,-0.12160633060779229,-0.07205106157718809,-0.0006948285345886507,-0.00018749714740806667,-3.844755269710731e-05,0.02928269313997589,5421,486000000,5.6,0,2,4,-4.162761758384162,2.610666038348683,4.794628512186895,-4.162761758384162,2.610666038348683,4.794628512186895,73.22447419166565
-6.851025303291818,0.5168761650432264,5.0,-6.18791556906692,2.0332822451053807,4.92359797615476,-0.9845447117021362,0.0014903188769387072,-0.0010158385969367275,-0.17512412078565132,-0.12147170876250642,-0.07259331358614936,-0.0007665299573679574,-0.00016417805284163478,-3.0190442856792288e-05,0.02906866338889813,5421,639000000,5.81,0,2,4,-4.181819814301557,2.591941859194319,4.795562945751899,-4.181819814301557,2.591941859194319,4.795562945751899,73.41564059257507
-6.851025303291818,0.5168761650432264,5.0,-6.203852214345158,2.0133570046188005,4.923542245689503,-0.9840829774316304,0.001505991670997023,-0.0010072437616916838,-0.1777003404003163,-0.12150178571739745,-0.07350433301827308,-0.0008382461961804573,-0.00014088277566770557,-2.141962909263384e-05,0.029124187130946666,5421,815000000,6.01,0,2,4,-4.20060735129059,2.5731524413901607,4.796482797275014,-4.20060735129059,2.5731524413901607,4.796482797275014,73.60553288459778
-6.856043471467056,0.44171901599366026,5.0,-6.217886199291149,1.9954589318548024,4.923483043033857,-0.9836684628863301,0.0015184186620124478,-0.0010004102478167606,-0.179980689816845,-0.12142140654709643,-0.07409323977993203,-0.00089491130679577,-0.00012393768145102513,-1.614801306004665e-05,0.02881967739085667,5421,989000000,6.25,0,2,4,-4.220554052273824,2.5521689349224888,4.797456169931761,-4.220554052273824,2.5521689349224888,4.797456169931761,73.78547215461731
-6.856043471467056,0.44171901599366026,5.0,-6.2300545838118735,1.979691963090194,4.9234278063204435,-0.983306958826535,0.0015202401288018817,-0.0009947317218099553,-0.18194538769109625,-0.12118202568159082,-0.07446294028849385,-0.0008800221029944419,6.492083599596299e-05,-6.510608798748763e-05,0.028234209639776964,5422,141000000,6.46,0,2,4,-4.236989585746477,2.533783514303571,4.7982530678228414,-4.236989585746477,2.533783514303571,4.7982530678228414,73.96140646934509
-6.856043471467056,0.44171901599366026,5.0,-6.243821394191711,1.961561201486769,4.923366429275125,-0.9828951940718563,0.0015250658080092692,-0.0009857639192089474,-0.1841568351004773,-0.12099245446418927,-0.07506882336530321,-0.0009046089361053325,-0.00011814490505912545,-4.163579809812745e-05,0.02814319286699174,5422,293000000,6.65,0,2,4,-4.250217573872818,2.5179748169313174,4.798887818279045,-4.250217573872818,2.5179748169313174,4.798887818279045,74.13319540023804
-6.859122968711804,0.366363343942322,5.0,-6.2591329653773355,1.9409870622367928,4.923294285073559,-0.9824277345036072,0.0015257076063584164,-0.0009774135723922607,-0.18663457170931136,-0.12072414112581564,-0.07576351647709298,-0.0008810526446404692,6.930172773422782e-05,-7.428386510355267e-05,0.02784970656648511,5422,453000000,6.85,0,2,4,-4.263878942512078,2.50023245426993,4.799530701170622,-4.263878942512078,2.50023245426993,4.799530701170622,74.32694816589355
-6.859122968711804,0.366363343942322,5.0,-6.274253510756532,1.920272818201873,4.92322969583983,-0.9819639708293545,0.001521079273150057,-0.0009671579011418939,-0.18905954330973518,-0.12037407450190665,-0.07608948162088791,-0.000837467593677599,5.7701060995896114e-05,-9.149042199396717e-05,0.027090097501059063,5422,626000000,7.09,0,2,4,-4.277553956044352,2.4805773243930083,4.800160078134835,-4.277553956044352,2.4805773243930083,4.800160078134835,74.54009938240051
-6.859122968711804,0.366363343942322,5.0,-6.289193457602753,1.8994109781502646,4.923172220081706,-0.9814995965929673,0.001542841704382052,-0.0009513753111755306,-0.19145562517809378,-0.12022683262637082,-0.07689102795729252,-0.0008014906483392733,-0.00028511463199265563,-8.698994022893203e-05,0.027177845731785055,5422,808000000,7.31,0,2,4,-4.289648612235778,2.4612142557107632,4.800713281686729,-4.289648612235778,2.4612142557107632,4.800713281686729,74.75717949867249
-6.860249304751699,0.2908589257138678,5.0,-6.302313045842592,1.8807153568818233,4.923132883669807,-0.9810850710096115,0.0015526151247107355,-0.0009369697109791031,-0.19356857936168487,-0.11991264372993378,-0.0774569036563335,-0.0006917448932243291,-7.329042830406252e-05,-0.00014163151718094014,0.02668502875167178,5422,980000000,7.54,0,2,4,-4.300681881944619,2.4419518606125283,4.801215354185617,-4.300681881944619,2.4419518606125283,4.801215354185617,74.9366180896759
-6.860249304751699,0.2908589257138678,5.0,-6.315273720934918,1.861930591868195,4.923106089057854,-0.9806745968922906,0.0015478550531279394,-0.000924993173533172,-0.1956376332470483,-0.11948078504590162,-0.07764199259719308,-0.0006568582274584136,0.00010906729741577692,-9.896895818428675e-05,0.026093318774655927,5423,141000000,7.75,0,2,4,-4.310086973963659,2.42475957168348,4.801646154360303,-4.310086973963659,2.42475957168348,4.801646154360303,75.10874605178833
-6.85940919637302,0.2152563534425758,5.0,-6.328075000818048,1.8430649018813747,4.923086908057465,-0.9802655246191712,0.0015500422003339083,-0.0009127015470177613,-0.19767717518258016,-0.11914204851830923,-0.07827061024861738,-0.0005684357080370525,-7.628421414551667e-05,-0.00012718159467794976,0.02597821094241226,5423,300000000,7.95,0,2,4,-4.319698234455043,2.4073634617388824,4.802098496254152,-4.319698234455043,2.4073634617388824,4.802098496254152,75.2883358001709
-6.85940919637302,0.2152563534425758,5.0,-6.340712675297553,1.8240805830550635,4.923083389576875,-0.9798541291548821,0.00155525893779229,-0.0008978954716089955,-0.19970643587898168,-0.11879605973008382,-0.07869093066736192,-0.00047363717552239664,-6.387651581007958e-05,-0.00013574385491210705,0.02578800922492519,5423,461000000,8.15,0,2,4,-4.330219832855659,2.3895826461624408,4.802601340622636,-4.330219832855659,2.3895826461624408,4.802601340622636,75.47882986068726
-6.85940919637302,0.2152563534425758,5.0,-6.35629416743061,1.8001804826241155,4.923090074784508,-0.9793371914582438,0.0015746602115106164,-0.000880691727433796,-0.20222613642647302,-0.11858056208414844,-0.07965747784353917,-0.00046562885487687306,-0.0002190859021311553,-5.6857264496557036e-05,0.025684437605377752,5423,635000000,8.35,0,2,4,-4.342030913511133,2.3712381399775015,4.803173201099752,-4.342030913511133,2.3712381399775015,4.803173201099752,75.67411780357361
-6.856590604617711,0.1396070113204253,5.0,-6.367053470470221,1.783308115727537,4.923094245117503,-0.9789751594947167,0.0015896930298683685,-0.0008721478006816221,-0.2039714424290277,-0.11833236858474579,-0.0802940975135917,-0.0004719133349022895,-0.00019321932711591217,-3.0399707107164886e-05,0.025310665660072118,5423,819000000,8.61,0,2,4,-4.358927076248925,2.34742929527621,4.80400120691158,-4.358927076248925,2.34742929527621,4.80400120691158,75.84206628799438
-6.856590604617711,0.1396070113204253,5.0,-6.379199121512136,1.7639202793330782,4.923102366326063,-0.9785641917427281,0.0015961232609613368,-0.0008642214448110014,-0.20593403834900864,-0.11796370256592921,-0.08066699707921228,-0.0004132606332170956,8.539445062183404e-06,-7.193785762638072e-05,0.024808970374579076,5423,973000000,8.78,0,2,4,-4.372064959207491,2.330208873240435,4.80464658881697,-4.372064959207491,2.330208873240435,4.80464658881697,76.00876784324646
-6.8517827719018864,0.06396305092467663,5.0,-6.391183871687381,1.7444475474714722,4.923118694713577,-0.9781540248020081,0.0016050086330357642,-0.0008544388199576059,-0.20787351357309392,-0.11759807079842677,-0.08130140206860194,-0.0004026331626857939,-0.00016459935778811996,-3.9567298770748494e-05,0.024849701367202215,5424,129000000,8.99,0,2,4,-4.387895884362461,2.310103045306129,4.805417106491517,-4.387895884362461,2.310103045306129,4.805417106491517,76.23239207267761
-6.8517827719018864,0.06396305092467663,5.0,-6.402999418975141,1.724854613242691,4.9231381940623775,-0.9777404584653846,0.001608419761623328,-0.0008467829831378552,-0.20981013279712996,-0.11728241917229239,-0.0818330869641855,-0.00034544729108943015,3.160246642153197e-05,-7.017871368475426e-05,0.024612874221929815,5424,287000000,9.19,0,2,4,-4.404242639634495,2.2896913396815015,4.806208263250522,-4.404242639634495,2.2896913396815015,4.806208263250522,76.43735408782959
-6.8517827719018864,0.06396305092467663,5.0,-6.411757088874403,1.7100822857373632,4.923158229619399,-0.9774298357008134,0.0016131360418446367,-0.000839931963332339,-0.21125247593410157,-0.11711646438037922,-0.08249850966692637,-0.0003399566449575067,-0.0001462103156768535,-4.084985114616302e-05,0.024614007634227164,5424,439000000,9.39,0,2,4,-4.420360513298037,2.2691664055407235,4.806992236514377,-4.420360513298037,2.2691664055407235,4.806992236514377,76.63288950920105
-6.844976259014825,-0.01162263489980088,5.0,-6.423283000705487,1.690237064862577,4.923182872922734,-0.9770128945315494,0.0016253561650744958,-0.0008328080060063057,-0.21317239166281665,-0.11685239589659782,-0.08334224930356703,-0.0003600040411350149,-0.00013125157209969984,-7.1477736174330175e-06,0.02440786502120318,5424,570000000,9.54,0,2,4,-4.431968719872268,2.253801001985772,4.807559483479647,-4.431968719872268,2.253801001985772,4.807559483479647,76.8212378025055
-6.844976259014825,-0.01162263489980088,5.0,-6.43604312596048,1.667774465470543,4.923213581537133,-0.9765482780796533,0.0016261956701563837,-0.0008267156607676032,-0.21529080939167505,-0.1163786180911415,-0.08390960394851774,-0.000299032751265736,6.0086370723411164e-05,-5.841221089042392e-05,0.023818302724976093,5424,733000000,9.74,0,2,4,-4.446477131665213,2.233505334757019,4.808261861143082,-4.446477131665213,2.233505334757019,4.808261861143082,77.02287316322327
-6.844976259014825,-0.01162263489980088,5.0,-6.447204747501243,1.6476801979932922,4.923246615821519,-0.9761372304733431,0.001633433915437297,-0.0008191747845311258,-0.21714688146539785,-0.11619291076841805,-0.08486266799365609,-0.0003117583919625416,-0.000119448974800207,-1.7408402186447347e-05,0.02375529111304786,5424,916000000,10.01,0,2,4,-4.462685411274641,2.208525315079931,4.809033454028946,-4.462685411274641,2.208525315079931,4.809033454028946,77.19570350646973
-6.836162981953649,-0.08709643962752353,5.0,-6.459555336023173,1.6248899589038903,4.923279879353532,-0.9756738412018718,0.0016448131607510413,-0.0008132115937102217,-0.21921949929455298,-0.11577486863532434,-0.08569965007403628,-0.00033748681127599095,-0.00010294629788631937,4.479517690114676e-06,0.02340602131880587,5425,76000000,10.15,0,2,4,-4.472539391883357,2.1913896368721053,4.8095051398963715,-4.472539391883357,2.1913896368721053,4.8095051398963715,77.36956596374512
-6.836162981953649,-0.08709643962752353,5.0,-6.470344833633667,1.6045373283324167,4.923311676788272,-0.9752683952752869,0.0016429634151979423,-0.0008089336256487086,-0.22101629685335922,-0.11530894480227975,-0.08606556493728233,-0.00028047006514807986,8.290993633863764e-05,-5.3010657552476914e-05,0.022689057914249133,5425,240000000,10.36,0,2,4,-4.483492299472551,2.1697269066987603,4.810039194658599,-4.483492299472551,2.1697269066987603,4.810039194658599,77.5573205947876
-6.825336248547242,-0.1624040721318142,5.0,-6.4809625236520905,1.5840964368734356,4.923343543409732,-0.9748647982162914,0.0016573244259309415,-0.0007974705862995096,-0.22278968224565643,-0.11495707482930713,-0.08687129308624766,-0.0003650867067800425,-0.00027478893969146156,-7.366705077060942e-05,0.022863922458782326,5425,408000000,10.54,0,2,4,-4.491859345221455,2.1507451882302164,4.810454954364444,-4.491859345221455,2.1507451882302164,4.810454954364444,77.73533940315247
-6.825336248547242,-0.1624040721318142,5.0,-6.492695958412472,1.5609637392845275,4.923359014319768,-0.9744058718587205,0.0016798696675028517,-0.0007825068472062411,-0.2247882617224058,-0.11449017024579647,-0.08742406101883425,-0.000484274423574465,-0.0002380392842837864,-7.034323132870668e-05,0.022656129476672504,5425,573000000,10.72,0,2,4,-4.499410682033356,2.1318930823595506,4.810834127102375,-4.499410682033356,2.1318930823595506,4.810834127102375,77.94228219985962
-6.825336248547242,-0.1624040721318142,5.0,-6.505472700785573,1.5351009963502635,4.923353501038179,-0.9738932492703134,0.0017014664198341137,-0.0007675622158476859,-0.22699879930514583,-0.11410349571529226,-0.08855312631019649,-0.0006002591793379633,-0.00020150380635186593,-5.6297067274613255e-05,0.022737891777069308,5425,752000000,10.91,0,2,4,-4.507528567448007,2.110625350765906,4.811262587141224,-4.507528567448007,2.110625350765906,4.811262587141224,78.1596429347992
-6.81249079482118,-0.23749058727900846,5.0,-6.516728479456751,1.5116572418233551,4.9233307217924365,-0.973431276756333,0.001718368261004498,-0.0007558572072302238,-0.22897166925831003,-0.11364401374792746,-0.08926423776314484,-0.0006917422141773397,-0.00017459263403907244,-4.5056307129698325e-05,0.022369070757122245,5425,942000000,11.13,0,2,4,-4.517355025501389,2.0865476518975226,4.811780603478754,-4.517355025501389,2.0865476518975226,4.811780603478754,78.35946297645569
-6.81249079482118,-0.23749058727900846,5.0,-6.528975927654199,1.4855011915492398,4.923298401265923,-0.9729245733228091,0.001719509689833951,-0.0007436141720187465,-0.2311152633406532,-0.11302539260888496,-0.08974466186982057,-0.0006743420834704808,-9.818374486769699e-05,-0.00010839620330216349,0.021801633192808367,5426,124000000,11.33,0,2,4,-4.52769756088586,2.064163194600719,4.81232688773194,-4.52769756088586,2.064163194600719,4.81232688773194,78.57477760314941
-6.797622821053677,-0.3123004180587462,5.0,-6.538576837242185,1.464481976985313,4.923275717795452,-0.9725198197269413,0.0017428901767727156,-0.0007259707862988607,-0.23281244712971555,-0.11267053899903035,-0.09049149794909503,-0.0006599986274943029,-0.00031820925983083725,-0.00011458054558488584,0.021817028209625278,5426,322000000,11.55,0,2,4,-4.541388712430505,2.038345865059914,4.813041376230865,-4.541388712430505,2.038345865059914,4.813041376230865,78.75482654571533
-6.797622821053677,-0.3123004180587462,5.0,-6.547997519182396,1.443366568080129,4.92326093100519,-0.9721134393637784,0.0017544118222523161,-0.0007089438155841481,-0.23450347640525415,-0.11216706025978526,-0.09105482042349995,-0.0005723831558705006,-9.916297116774331e-05,-0.00016501365678323054,0.021656316494045313,5426,477000000,11.73,0,2,4,-4.553975797023113,2.0169768841246314,4.813685037153033,-4.553975797023113,2.0169768841246314,4.813685037153033,78.92741107940674
-6.797622821053677,-0.3123004180587462,5.0,-6.558367080571915,1.4194958785065832,4.923255980601347,-0.9716578804440061,0.001772522583652623,-0.000688419012718764,-0.23638389880449678,-0.11170962540167662,-0.092017021129595,-0.0005536730466065344,-0.0002518273191753906,-0.00011316447512399463,0.021371290677052457,5426,637000000,11.91,0,2,4,-4.567631149363618,1.995065584034335,4.814376307291597,-4.567631149363618,1.995065584034335,4.814376307291597,79.12347888946533
-6.780730027470835,-0.38677740927057114,5.0,-6.567381179403212,1.3981643853723584,4.923252607040792,-0.9712535286453923,0.0017899889057350063,-0.0006735785718611671,-0.23803975576676017,-0.11121630807517198,-0.09262425081565495,-0.0005515200219104023,-0.00021700691803516747,-8.173413164058729e-05,0.021264506904117297,5426,817000000,12.11,0,2,4,-4.583538516492759,1.9700503566030991,4.815189951710799,-4.583538516492759,1.9700503566030991,4.815189951710799,79.31351852416992
-6.780730027470835,-0.38677740927057114,5.0,-6.576212401949058,1.3767729032982798,4.923255373635119,-0.9708545475288648,0.0017944546747891243,-0.0006612434778515675,-0.23966182472810776,-0.11064443184206856,-0.09299126462425408,-0.0004726805091400661,-1.4059547392974991e-05,-0.00012638475226367518,0.02050955572485691,5426,992000000,12.29,0,2,4,-4.59719612271322,1.9477605634004418,4.8159019007432695,-4.59719612271322,1.9477605634004418,4.8159019007432695,79.48759007453918
-6.780730027470835,-0.38677740927057114,5.0,-6.5848575305656345,1.355324904535912,4.923267631289634,-0.9704617733258183,0.0018033808890506185,-0.0006472380144822788,-0.24124733244873348,-0.11011965607538254,-0.0937024630543246,-0.0004567626380685607,-0.00018454271781820353,-8.386966285911512e-05,0.020443371249712072,5427,155000000,12.47,0,2,4,-4.609773030592212,1.9256616360011496,4.816578010358949,-4.609773030592212,1.9256616360011496,4.816578010358949,79.66005420684814
-6.761811649527623,-0.46086485278605455,5.0,-6.594339530352549,1.3310802540553046,4.923286393130358,-0.9700191612734509,0.00180697851725038,-0.0006349406072116369,-0.2430209012439345,-0.10947575828195308,-0.09452033058360841,-0.00038748397379687375,1.6292988647137463e-05,-0.00010879159404453276,0.020135916020080913,5427,314000000,12.63,0,2,4,-4.620791636475359,1.9039629613179816,4.817198948036008,-4.620791636475359,1.9039629613179816,4.817198948036008,79.87598156929016
-6.761811649527623,-0.46086485278605455,5.0,-6.603572097171322,1.3067701319625573,4.9233206040926065,-0.969584250367604,0.001804106918997728,-0.0006218617918380774,-0.2447503624618928,-0.10872402417472274,-0.09485759829818474,-0.00030230659074793653,1.5970902111916985e-05,-0.0001203057962584353,0.01955658390215831,5427,488000000,12.82,0,2,4,-4.630999146701972,1.8800771463645558,4.817803048808288,-4.630999146701972,1.8800771463645558,4.817803048808288,80.08833193778992
-6.740868492719295,-0.53450552440425,5.0,-6.6135577003556785,1.2796803734955218,4.923364972348281,-0.9691077194621468,0.0018163237732095271,-0.0006077078319100378,-0.2466304112189307,-0.10817146876106369,-0.0957459297014269,-0.0003230693541080378,-0.00014985474052764403,-4.192291811477844e-05,0.019295196580060292,5427,675000000,13.0,0,2,4,-4.6388179032413195,1.8568288717029107,4.818313317102207,-4.6388179032413195,1.8568288717029107,4.818313317102207,80.28768420219421
-6.740868492719295,-0.53450552440425,5.0,-6.622290713469225,1.2552109207687498,4.9234097468025935,-0.9686847078199036,0.0018142420111631017,-0.0005990086162355869,-0.24828670232308114,-0.10741213889835444,-0.09626065958370958,-0.0002475934055355158,3.819120344417115e-05,-8.540653837485479e-05,0.018793256458593532,5427,860000000,13.19,0,2,4,-4.645232652424725,1.8315433030930346,4.818771081921898,-4.645232652424725,1.8315433030930346,4.818771081921898,80.49346232414246
-6.740868492719295,-0.53450552440425,5.0,-6.631687318323554,1.2279154399375467,4.923474746719332,-0.9682129265563366,0.0018412705971849238,-0.0005885082486645601,-0.25011995568095496,-0.10669200764050388,-0.09736837930256984,-0.00017806556837110762,-0.00027518601370957185,4.9984615557718826e-05,0.01902332041936461,5428,51000000,13.36,0,2,4,-4.649655589610147,1.8090775362226112,4.819130144186965,-4.649655589610147,1.8090775362226112,4.819130144186965,80.69111657142639
-6.717902966866081,-0.6076417223171494,5.0,-6.638070161674154,1.2087329011434829,4.923522895455752,-0.9678857288512439,0.001850329806724795,-0.0005861558771053677,-0.2513830714009801,-0.10611926932064737,-0.09788837627379794,-0.0002109413547159311,-8.645383999805745e-05,1.6900777133344036e-05,0.018380517394689377,5428,238000000,13.54,0,2,4,-4.65419024100258,1.7840650955289459,4.8195326236582945,-4.65419024100258,1.7840650955289459,4.8195326236582945,80.85958886146545
-6.717902966866081,-0.6076417223171494,5.0,-6.646927672905769,1.1812911728181943,4.923591695530051,-0.9674347575354356,0.0018464880323538356,-0.000581295285201192,-0.25311310216994015,-0.10517293439357893,-0.09827194064215025,-0.00016447545374192047,9.605304143178728e-05,-7.043934431294474e-05,0.017420115727873053,5428,395000000,13.67,0,2,4,-4.657960878223739,1.7662364810709532,4.819846507990005,-4.657960878223739,1.7662364810709532,4.819846507990005,81.09910774230957
-6.692919119812252,-0.6802153072003038,5.0,-6.654625769263523,1.156553361210981,4.923655481895539,-0.967036480962939,0.0018522749200621106,-0.0005729075050203548,-0.25463048784744186,-0.10439154561864498,-0.09909616203909784,-0.00020467490058534888,-8.494963168459435e-05,-2.696636904886418e-05,0.017447141362936236,5428,588000000,13.85,0,2,4,-4.665449064376775,1.7399756197420555,4.8203937324243045,-4.665449064376775,1.7399756197420555,4.8203937324243045,81.30701518058777
-6.692919119812252,-0.6802153072003038,5.0,-6.661249405892268,1.1345053157455036,4.923712545127495,-0.966682018324587,0.0018471411850352608,-0.0005676506617145907,-0.2559729307760323,-0.1037228406644372,-0.09964458900910586,-0.0001567198287927305,9.837261387701801e-05,-7.28862623589066e-05,0.017275531899940688,5428,757000000,14.01,0,2,4,-4.675162772670654,1.715288677974629,4.821014589002185,-4.675162772670654,1.715288677974629,4.821014589002185,81.49117064476013
-6.692919119812252,-0.6802153072003038,5.0,-6.667673771251958,1.1124000049592433,4.923778184028815,-0.9663283582367659,0.0018608861751042093,-0.0005598651471342189,-0.2573047370747319,-0.10313419561653969,-0.10041540891464337,-0.00010774650795616599,-0.00025633791267409833,3.0005896611839944e-05,0.017191670121974312,5428,923000000,14.15,0,2,4,-4.685925709631996,1.69251603814298,4.821669501100869,-4.685925709631996,1.69251603814298,4.821669501100869,81.66746759414673
-6.66592267047879,-0.7521677439422926,5.0,-6.673891398348269,1.0902264155801753,4.923851762311759,-0.9659791821194996,0.0018604310089199165,-0.000557702462310448,-0.25861254315320253,-0.10242573573598705,-0.10105538269673442,-6.234423039515484e-05,0.0001244742463768489,-4.265710877859874e-05,0.016638975648675114,5429,89000000,14.29,0,2,4,-4.69812463599472,1.6691541226309066,4.822396995573028,-4.69812463599472,1.6691541226309066,4.822396995573028,81.84518957138062
-6.66592267047879,-0.7521677439422926,5.0,-6.679903766844235,1.0680250560187958,4.923932096590718,-0.9656411511548482,0.00185074264082935,-0.0005523618748761915,-0.25987196240528915,-0.10163738621692056,-0.10145596889371715,-1.974781411086001e-05,0.00010837591730705753,-8.512360025747512e-05,0.01599521183379693,5429,254000000,14.43,0,2,4,-4.710707846370966,1.645486296120601,4.823149568264942,-4.710707846370966,1.645486296120601,4.823149568264942,82.01440143585205
-6.636921041207126,-0.8234401450252024,5.0,-6.685712290429303,1.0458007588123936,4.924018468747241,-0.9653120482487354,0.0018604748727210716,-0.000544009940683088,-0.26109173137474717,-0.10091190497744369,-0.10217654503185662,1.5586427786554203e-05,-0.00025366911700075434,1.349928346883189e-05,0.01565904531162232,5429,411000000,14.57,0,2,4,-4.722842250118434,1.6218157836942892,4.823894759327804,-4.722842250118434,1.6218157836942892,4.823894759327804,82.18249559402466
-6.636921041207126,-0.8234401450252024,5.0,-6.691305566380274,1.0235193058721863,4.9241105729804575,-0.9649891292055157,0.001861072355596945,-0.000541396181994137,-0.26228271733959424,-0.10015612961549665,-0.10278994967799152,4.798130177259468e-05,0.00012744899038352742,-4.409798144422439e-05,0.015188015095191076,5429,565000000,14.7,0,2,4,-4.733715523419875,1.598438910044599,4.82459612521684,-4.733715523419875,1.598438910044599,4.82459612521684,82.36358404159546
-6.636921041207126,-0.8234401450252024,5.0,-6.697340518749432,0.9983864539028442,4.924220282903856,-0.9646292857212467,0.0018947694400843276,-0.0005233542749658732,-0.26360287759808065,-0.0993821316891599,-0.10383362832401037,7.666327613816462e-05,-0.000568777045373281,-8.259815729161346e-05,0.01528689535916783,5429,736000000,14.83,0,2,4,-4.742398287443354,1.5756358661685752,4.825198297253737,-4.742398287443354,1.5756358661685752,4.825198297253737,82.55516052246094
-6.605923389329609,-0.8939733155664553,5.0,-6.703086750097963,0.9731560446811769,4.924336383718436,-0.9642716977237773,0.001938651570053177,-0.0005008608805762692,-0.2649076890869199,-0.09848853973349811,-0.10472114016352922,0.00010062575207574307,-0.0004803188517144008,-8.731775267278863e-05,0.014786577958147973,5429,912000000,14.97,0,2,4,-4.749377950270192,1.5508038438961758,4.825750787102204,-4.749377950270192,1.5508038438961758,4.825750787102204,82.74175000190735
-6.605923389329609,-0.8939733155664553,5.0,-6.709752619001838,0.9422582115308376,4.924485596966317,-0.9638518943697152,0.0019516581205508681,-0.00047539570440183123,-0.26643102437482025,-0.09749883743208901,-0.10547466779131007,0.00013259870819576992,-0.0003072744561904983,-0.00019583206807283204,0.014062117315916112,5430,89000000,15.1,0,2,4,-4.753400759183717,1.5268166697302812,4.826184497550408,-4.753400759183717,1.5268166697302812,4.826184497550408,82.97653484344482
-6.605923389329609,-0.8939733155664553,5.0,-6.714906134529365,0.91690417945278,4.924612970243425,-0.9635170275130298,0.0019834326745362227,-0.00045189267710242596,-0.26763930854844437,-0.09665946367571958,-0.10650333699609671,0.00015207596084165943,-0.00037826610252977844,-9.126273852189115e-05,0.013847639002051437,5430,307000000,15.25,0,2,4,-4.7546305882764415,1.4985773118775956,4.826573985741317,-4.7546305882764415,1.4985773118775956,4.826573985741317,83.16807198524475
-6.572940637900542,-0.9637078000306676,5.0,-6.719256616391786,0.8943120273142303,4.924723577361198,-0.9632208903255881,0.0019977702326765797,-0.00043738938282194433,-0.26870305924013316,-0.09587294962107747,-0.10711280786739967,8.846577502754092e-05,-0.0001573381311459343,-0.00011232684045126007,0.013771824433206348,5430,484000000,15.35,0,2,4,-4.753478639921297,1.476159578392607,4.826807504714021,-4.753478639921297,1.476159578392607,4.826807504714021,83.34458088874817
-6.572940637900542,-0.9637078000306676,5.0,-6.723405498344362,0.8717244806646596,4.924828437339521,-0.9629318322807248,0.0019968569464216606,-0.00042373873674824683,-0.2697371301625055,-0.09491492831465966,-0.10733109272437684,9.734012649958912e-05,3.589320236585536e-05,-0.00017310663196212772,0.01304369279750972,5430,647000000,15.45,0,2,4,-4.752218986501519,1.4562924599755482,4.827012587099011,-4.752218986501519,1.4562924599755482,4.827012587099011,83.52051615715027
-6.5379855055198695,-1.0325839306182591,5.0,-6.727349542075131,0.8491632545083576,4.924932083847693,-0.9626519343283704,0.0020007455544621593,-0.00040760839160484117,-0.27073434249550216,-0.09401599902321915,-0.10788933353056677,5.154343252184872e-05,-0.0001435066565136367,-0.0001311118197122596,0.012957758644915884,5430,810000000,15.54,0,2,4,-4.752356772413372,1.435902658098494,4.827288771694207,-4.752356772413372,1.435902658098494,4.827288771694207,83.69189381599426
-6.5379855055198695,-1.0325839306182591,5.0,-6.73107895430484,0.8265911323383496,4.925030540666327,-0.9623771958893967,0.0019993817208211174,-0.00039469626778809296,-0.27170936590344535,-0.09310910680066094,-0.10833914812334564,6.154088643453174e-05,4.7645297840404055e-05,-0.00015302721152465892,0.01230479192599887,5430,973000000,15.63,0,2,4,-4.7553361821080005,1.4145172978389051,4.827681944338672,-4.7553361821080005,1.4145172978389051,4.827681944338672,83.84869813919067
-6.5379855055198695,-1.0325839306182591,5.0,-6.734591826346497,0.8040086367610025,4.925133374135373,-0.9621130133629758,0.0020117273159570613,-0.00038033242968807694,-0.27264327942948335,-0.09221956083089806,-0.10917288412201545,8.828966565650415e-05,-0.000304901621461795,-4.949927294717327e-05,0.012060633252986008,5431,120000000,15.73,0,2,4,-4.761966855221526,1.3918094540940544,4.828213250451143,-4.761966855221526,1.3918094540940544,4.828213250451143,84.03576850891113
-6.501072535179841,-1.100541877335473,5.0,-6.737866969661507,0.7813805357876028,4.92524073380005,-0.9618542398246401,0.002012362948867794,-0.0003724262098369057,-0.27355480808321353,-0.09129249762930909,-0.10988703192308977,0.00011350501311359745,8.05317561969332e-05,-0.00010546729001248423,0.01163818160421215,5431,291000000,15.82,0,2,4,-4.771897411064073,1.3678980362891628,4.828871042339085,-4.771897411064073,1.3678980362891628,4.828871042339085,84.19377827644348
-6.501072535179841,-1.100541877335473,5.0,-6.740923849425366,0.7587476161113443,4.92535178066554,-0.961605432815275,0.0020041931449145517,-0.000362746070036947,-0.274428211387375,-0.090334203850142,-0.1103365395275923,0.0001378225928336775,7.008876963254806e-05,-0.000133283236891657,0.011077568433393026,5431,442000000,15.92,0,2,4,-4.784025026568174,1.343068728568069,4.829625637111003,-4.784025026568174,1.343068728568069,4.829625637111003,84.36329984664917
-6.501072535179841,-1.100541877335473,5.0,-6.74410345768457,0.7332855419123018,4.9254738568905365,-0.9613340215276318,0.0020079439667322688,-0.00035030101238660337,-0.2753774582345799,-0.0892850326664216,-0.11114766337424598,7.681964672190751e-05,-0.00011331516276413822,-6.759178674542454e-05,0.010933142038993537,5431,601000000,16.02,0,2,4,-4.797302706171642,1.3176576932172301,4.830440518905049,-4.797302706171642,1.3176576932172301,4.830440518905049,84.56999158859253
-6.462218122063195,-1.1675216997484856,5.0,-6.746991984789539,0.7077938418449382,4.925591570488926,-0.9610691037115093,0.0020021029308195486,-0.00034196740947382213,-0.2763006560493498,-0.08820423890016424,-0.11190951859768676,0.00010245205759229171,7.025293342621808e-05,-0.00010167961548290805,0.01047870619004243,5431,794000000,16.12,0,2,4,-4.811644567889795,1.289083139896219,4.831349817720946,-4.811644567889795,1.289083139896219,4.831349817720946,84.75769400596619
-6.462218122063195,-1.1675216997484856,5.0,-6.7496171156851315,0.6823201515652502,4.925714105720617,-0.9608163215788368,0.0019941987877328377,-0.0003325627673366341,-0.2771784781704991,-0.08710869050214795,-0.11219805753616238,0.0001305009900376477,5.935091849096352e-05,-0.00010714365856756558,0.009884423980111023,5431,968000000,16.22,0,2,4,-4.8229502910110424,1.2614625712180385,4.832152990497284,-4.8229502910110424,1.2614625712180385,4.832152990497284,84.9499614238739
-6.462218122063195,-1.1675216997484856,5.0,-6.7519794747532,0.656873000053231,4.92584082001589,-0.9605734421702833,0.001987181198682806,-0.0003232285004758495,-0.27801907997717235,-0.08598533088307359,-0.11295802314487176,0.00015510187325547432,5.056360805610893e-05,-9.914050309589584e-05,0.00961558962444542,5432,148000000,16.31,0,2,4,-4.830122319196039,1.2352072549458037,4.832794197694946,-4.830122319196039,1.2352072549458037,4.832794197694946,85.13527584075928
-6.421440540219725,-1.2334634004219198,5.0,-6.753837305362979,0.6342455862885727,4.925956666597922,-0.9603652006866275,0.001981732006922367,-0.0003155250529937696,-0.2787376086794299,-0.08496470482856447,-0.11357643775239021,0.00017434924790262865,4.338058801067746e-05,-9.028433893831789e-05,0.009137623601418454,5432,321000000,16.39,0,2,4,-4.832827051734552,1.2104478441694053,4.833244805772625,-4.832827051734552,1.2104478441694053,4.833244805772625,85.32072281837463
-6.421440540219725,-1.2334634004219198,5.0,-6.755679214230204,0.6088237603392382,4.926090005957248,-0.9601444488386184,0.0019764180269732402,-0.00030755755550209265,-0.279497113660442,-0.08380077142974683,-0.11383062768090124,0.00019339482751089105,3.617315940118715e-05,-8.152997423849229e-05,0.008494338271702873,5432,494000000,16.44,0,2,4,-4.831599956091545,1.1896964513733777,4.833484630358485,-4.831599956091545,1.1896964513733777,4.833484630358485,85.50797486305237
-6.421440540219725,-1.2334634004219198,5.0,-6.757100384342305,0.5862675709572545,4.926210847747299,-0.9599581110461167,0.001972324684160984,-0.0003010628149909386,-0.28013647447858825,-0.08274293214080662,-0.11444382256687906,0.00020827934317600065,3.121748264334201e-05,-7.320246950826004e-05,0.008212611646740697,5432,669000000,16.5,0,2,4,-4.826553257179903,1.1675940030631462,4.833594917264363,-4.826553257179903,1.1675940030631462,4.833594917264363,85.67436575889587
-6.378759968046356,-1.298306980039814,5.0,-6.758300255007322,0.5637160356538526,4.926333753925619,-0.9597807791699766,0.0019687548597465254,-0.00029510807625293667,-0.2807434644856363,-0.08173566290079795,-0.11497473486694701,0.00022146389753622801,2.625349360130258e-05,-6.718025957752616e-05,0.007580703913845355,5432,823000000,16.53,0,2,4,-4.8191924400553106,1.1489510200222148,4.833566860313289,-4.8191924400553106,1.1489510200222148,4.833566860313289,85.84032654762268
-6.378759968046356,-1.298306980039814,5.0,-6.759185268458624,0.5440127798854831,4.926442706234604,-0.9596370734548363,0.001966001211183229,-0.0002902143601655829,-0.281234311324027,-0.08077469837012521,-0.11517547540379827,0.00023176526321829985,2.2516891462487365e-05,-6.307898061663764e-05,0.0070855462581675965,5432,978000000,16.56,0,2,4,-4.809611254018511,1.131044240581362,4.833444184780117,-4.809611254018511,1.131044240581362,4.833444184780117,86.00607872009277
-6.334198512494224,-1.3619924942046309,5.0,-6.760004561293488,0.521543540968844,4.926568598446072,-0.959481616804013,0.0019632129105808353,-0.00028496901974930434,-0.28176424826951046,-0.0796419624046889,-0.11571780438518937,0.00024228252291788005,1.927973727333665e-05,-5.7591044821947435e-05,0.006782561194995651,5433,132000000,16.59,0,2,4,-4.801528368709517,1.1152591211672018,4.8333608264832275,-4.801528368709517,1.1152591211672018,4.8333608264832275,86.17626309394836
-6.334198512494224,-1.3619924942046309,5.0,-6.7605951405836,0.49909401693445427,4.926695929698364,-0.9593370526416363,0.0019607683548532985,-0.0002800806014408619,-0.2822560829657594,-0.07848765307364333,-0.11619619132568507,0.00025160304774503084,1.555704400857394e-05,-5.485480834011014e-05,0.00598685119257425,5433,291000000,16.61,0,2,4,-4.795893609471155,1.0959279234778192,4.833403933695783,-4.795893609471155,1.0959279234778192,4.833403933695783,86.36556434631348
-6.334198512494224,-1.3619924942046309,5.0,-6.760984911944888,0.4738628298143412,4.926840803984818,-0.9591928633243181,0.001978081455479825,-0.0002635685678256441,-0.2827455900152311,-0.07717482003116025,-0.11709327953967011,0.00025816197587449376,-0.00032913166592152265,-0.0001719689734613894,0.005463420575324562,5433,447000000,16.65,0,2,4,-4.795430376340962,1.0747337460480002,4.833636803294334,-4.795430376340962,1.0747337460480002,4.833636803294334,86.55514764785767
-6.287780231924655,-1.4244601119072358,5.0,-6.761067511898366,0.4542285997227752,4.92695487057292,-0.9590902738249969,0.0019949592558939277,-0.00024360808378171288,-0.2830932840018663,-0.0761284047419802,-0.11779032730019823,0.0002625235270673703,-0.00028951683361810865,-0.00020844181420898167,0.00494786690978799,5433,622000000,16.69,0,2,4,-4.800576758622561,1.048820957297369,4.8341226742709775,-4.800576758622561,1.048820957297369,4.8341226742709775,86.71134376525879
-6.287780231924655,-1.4244601119072358,5.0,-6.760945768547782,0.43180066943807677,4.92708651438866,-0.9589837091221738,0.002010809692102069,-0.00022065107987031163,-0.2834539708590455,-0.07500104151243328,-0.11829062996241924,0.00026759789138064503,-0.00024920522037064075,-0.00020783795804391048,0.00448635250904772,5433,771000000,16.72,0,2,4,-4.808098382374734,1.0273264128578206,4.834642461651114,-4.808098382374734,1.0273264128578206,4.834642461651114,86.8905999660492
-6.287780231924655,-1.4244601119072358,5.0,-6.760659013989325,0.41219978856190076,4.92720267891681,-0.9588973578163471,0.0020224972589252066,-0.00020199027707271968,-0.28374588257381567,-0.07390756103482723,-0.11895110665447077,0.0002718651959319496,-0.00021830945797773893,-0.00019220016440613108,0.004254174382367637,5433,934000000,16.76,0,2,4,-4.81946796764488,1.001642945645458,4.835352215293591,-4.81946796764488,1.001642945645458,4.835352215293591,87.04167532920837
-6.239531157534259,-1.4856501756582063,5.0,-6.760086697541948,0.3898027510889003,4.927336585408129,-0.9588037039795811,0.002033935477149828,-0.00018292338778594396,-0.2840621179963012,-0.07257360201075552,-0.11969105332307765,0.0002764207974866559,-0.0001876927655075633,-0.00016940519032004886,0.00397640706069069,5434,75000000,16.79,0,2,4,-4.8306517958801996,0.9786352605618347,4.836043671628832,-4.8306517958801996,0.9786352605618347,4.836043671628832,87.2088668346405
-6.239531157534259,-1.4856501756582063,5.0,-6.759154385933306,0.36464917921259016,4.927488418296255,-0.9587094029465941,0.002044830741707529,-0.00016432934768463277,-0.28438015466077804,-0.07117685401912788,-0.12020574726201891,0.0002811123108416389,-0.00015885925535030765,-0.00014589850962920536,0.0034038684816550813,5434,231000000,16.83,0,2,4,-4.843509633863839,0.9521723199034112,4.836861124994155,-4.843509633863839,0.9521723199034112,4.836861124994155,87.4091465473175
-6.239531157534259,-1.4856501756582063,5.0,-6.75760123313764,0.3339528624179927,4.927675603519555,-0.9586174489792025,0.0020558079066911893,-0.00014510299011894097,-0.28468989991142774,-0.06933115510514648,-0.1213347490119366,0.0002862618559314297,-0.00012984291117845714,-0.00012283032901905244,0.0025763205712792114,5434,416000000,16.95,0,2,4,-4.856651873079504,0.9198853012098263,4.837793585744704,-4.856651873079504,0.9198853012098263,4.837793585744704,87.62783312797546
-6.189479313267984,-1.5455032632678436,5.0,-6.755791732341361,0.3060671408047517,4.927847534063657,-0.958551812268303,0.0020626476891952637,-0.0001313766356699405,-0.28491077800224046,-0.06852341195282664,-0.1219512719974011,0.0003124401310232841,0.00012948522893907466,-1.5075268744446646e-05,0.002473831773386337,5434,619000000,16.91,0,2,4,-4.863962741572542,0.8895127808713242,4.838514626711967,-4.863962741572542,0.8895127808713242,4.838514626711967,87.84685730934143
-6.189479313267984,-1.5455032632678436,5.0,-6.754901043792149,0.2806372769539943,4.928035869469181,-0.9584365939787147,0.0020387782749178344,-0.00017914439129573096,-0.28529827656842416,-0.07692963403485678,-0.12022688126568834,0.0006129204524531083,0.0004188723096376634,0.0007086705750225519,0.00582585703341465,5434,826000000,16.92,0,2,4,-4.864804619489799,0.8613170348759688,4.838992260800107,-4.864804619489799,0.8613170348759688,4.838992260800107,88.03350162506104
-6.137654734137321,-1.603960251259457,5.0,-6.755756932380949,0.25733497249945236,4.928266629969504,-0.9582211734669005,0.0020211645987906514,-0.00027194948489904264,-0.28602101960670334,-0.09095292374116504,-0.11777864875214976,0.0010904995564735957,0.0005657167264416785,0.0013123406120030268,0.012297834291530307,5435,4000000,16.94,0,2,4,-4.860541828928356,0.8376884025531106,4.839217118713143,-4.860541828928356,0.8376884025531106,4.839217118713143,88.21294403076172
-6.137654734137321,-1.603960251259457,5.0,-6.759854127368964,0.2268856259990509,4.9286651079309,-0.9577763785483487,0.002010856054761826,-0.00041957783905150826,-0.28750685053955494,-0.10954871227570613,-0.11429532717301907,0.0016364261623169301,0.0005071768271136534,0.001430578890904144,0.017911088070832193,5435,175000000,17.0,0,2,4,-4.853264619036456,0.8178909692803986,4.839268913278921,-4.853264619036456,0.8178909692803986,4.839268913278921,88.40827989578247
-6.137654734137321,-1.603960251259457,5.0,-6.76556607432083,0.19854950376318736,4.929107508109904,-0.9573499544078827,0.0020160377424965,-0.0005304992544627663,-0.2889233790429333,-0.1164815525147769,-0.11333033885836855,0.0019673511117719996,0.0002783421109597839,0.0010623593425407307,0.015443891788891051,5435,361000000,17.11,0,2,4,-4.840158924194371,0.7945853445145686,4.839163156929743,-4.840158924194371,0.7945853445145686,4.839163156929743,88.61420392990112
-6.08408948285958,-1.660962379897295,5.0,-6.770756075825424,0.17322850549679072,4.9295300843855,-0.957054942291441,0.002045313222022497,-0.0005692795177285226,-0.28989882726596367,-0.11274142755757532,-0.11424010346866147,0.001976897560479575,-0.0002760856119721211,0.00025075675438301914,0.010734550141933141,5435,553000000,17.21,0,2,4,-4.825293527257431,0.7747998835993599,4.83894668646987,-4.825293527257431,0.7747998835993599,4.83894668646987,88.78171944618225
-6.08408948285958,-1.660962379897295,5.0,-6.775069692876293,0.14822586473025978,4.929939692482659,-0.956835730526634,0.0020726490687620574,-0.0005529008625441333,-0.2906213743241132,-0.10539474367007559,-0.11571206454923284,0.0017787031988605304,-0.0004241060793219731,-0.0003586859378401641,0.008557996170566184,5435,707000000,17.26,0,2,4,-4.810994886716439,0.7576397127252561,4.838717423556052,-4.810994886716439,0.7576397127252561,4.838717423556052,88.94063091278076
-6.08408948285958,-1.660962379897295,5.0,-6.777790167097152,0.12675626575924476,4.930264307068871,-0.956668821018651,0.002089788113477232,-0.0005101662424256766,-0.2911702927958656,-0.09813827512678479,-0.11742339041686098,0.0015679476445587888,-0.0003836987758631949,-0.000577330564510703,0.008047708615777083,5435,856000000,17.29,0,2,4,-4.799294609050401,0.7396568802555351,4.8385829199304045,-4.799294609050401,0.7396568802555351,4.8385829199304045,89.11067461967468
-6.028817664732745,-1.716451319807343,5.0,-6.779710932749757,0.102644699102068,4.930599445335405,-0.9564896072827691,0.0021035095944382486,-0.00045384969172196376,-0.29175846247863557,-0.09047345761758654,-0.11921191877652956,0.0013519448897033534,-0.00034207795636120863,-0.0006162102522466739,0.007281480156962061,5436,15000000,17.31,0,2,4,-4.793208953417797,0.7225196550155528,4.838619620696125,-4.793208953417797,0.7225196550155528,4.838619620696125,89.27555465698242
-6.028817664732745,-1.716451319807343,5.0,-6.78050871956098,0.07896888476147096,4.930900107252974,-0.956335453229601,0.002114496737777331,-0.000399519783656613,-0.2922633575794643,-0.08368062348977563,-0.12053339522403403,0.0011582193802463323,-0.0003069456539606108,-0.0005738276058764313,0.005897368873775122,5436,170000000,17.34,0,2,4,-4.79105847430328,0.7012034596382564,4.838854650309258,-4.79105847430328,0.7012034596382564,4.838854650309258,89.44673871994019
-6.028817664732745,-1.716451319807343,5.0,-6.780316298736233,0.05569270978740464,4.93116541565323,-0.9562185702852225,0.0021327144608897022,-0.0003457868196237966,-0.29264548143135316,-0.07755375893698184,-0.12196552754297114,0.0009144940321603083,-0.0004529064341340927,-0.0005651376113746664,0.004171737373326323,5436,320000000,17.37,0,2,4,-4.7933478718488,0.6782281540261192,4.839273547968763,-4.7933478718488,0.6782281540261192,4.839273547968763,89.61474442481995
-5.971875440659106,-1.7703692401658633,5.0,-6.779209444917756,0.03274797197567291,4.931395367347744,-0.9561469491661434,0.002142023367726221,-0.00029416292315428364,-0.29287938951784054,-0.07201642464558976,-0.12331452537891763,0.0007508806073426328,-0.00023133293041155412,-0.0005853371135344787,0.0021152824047021568,5436,476000000,17.4,0,2,4,-4.7992990188905695,0.6538169442555676,4.839854863565526,-4.7992990188905695,0.6538169442555676,4.839854863565526,89.79368615150452
-5.971875440659106,-1.7703692401658633,5.0,-6.777579854422658,0.01292473190265534,4.93158141219911,-0.956125410449989,0.0021369853169725004,-0.00025543491828053746,-0.29294976965103986,-0.06772194462114514,-0.12421843944455158,0.0007014449781501113,-3.4980725516220446e-05,-0.0005078367962596531,0.00015304506320035216,5436,647000000,17.41,0,2,4,-4.808247840970876,0.6282335197911533,4.840572741737432,-4.808247840970876,0.6282335197911533,4.840572741737432,89.94835662841797
-5.971875440659106,-1.7703692401658633,5.0,-6.77540211661546,-0.006684664345238531,4.931759333098571,-0.9561378460514559,0.00213534826872253,-0.00022053283550670577,-0.29290921972707185,-0.06372763546613279,-0.1252934437176809,0.0006200517562793223,-0.00021139897654620654,-0.00048084727382047276,-0.0012271637160665705,5436,793000000,17.42,0,2,4,-4.818127629073426,0.605088766543818,4.841290895555405,-4.818127629073426,0.605088766543818,4.841290895555405,90.10836839675903
-5.9133010382297755,-1.8226588784270257,5.0,-6.77183111404187,-0.031641971183893364,4.931966132530783,-0.9561941052476185,0.0021404925046227064,-0.0001755469591505981,-0.2927255037826547,-0.05904524713164094,-0.12650515760704273,0.0004871383046947812,-0.00019233224577419605,-0.00044685986608783423,-0.003026346553269832,5436,927000000,17.41,0,2,4,-4.8293263930951715,0.5814285891830923,4.842075065199689,-4.8293263930951715,0.5814285891830923,4.842075065199689,90.29559016227722
-5.9133010382297755,-1.8226588784270257,5.0,-6.768541222721688,-0.05084056473259732,4.932110843328485,-0.9562720271867235,0.00214399426152126,-0.0001438240884532344,-0.29247084063788686,-0.05577483615725938,-0.12702971642651648,0.00039433596462357166,-0.0001757778989031067,-0.0004076067966707342,-0.004395256337375031,5437,102000000,17.4,0,2,4,-4.844527628481967,0.5505974496795957,4.843147545954591,-4.844527628481967,0.5505974496795957,4.843147545954591,90.44890666007996
-5.9133010382297755,-1.8226588784270257,5.0,-6.764287377018392,-0.07257485935472788,4.932260774811915,-0.9563920481826338,0.0021477281813468236,-0.00011155317478261256,-0.2920781145388584,-0.052245333081066506,-0.12803682808643976,0.000298420230340443,-0.00015846361947069454,-0.0003609650690350463,-0.005829915198773961,5437,244000000,17.38,0,2,4,-4.855332474176961,0.5268824986780276,4.843962088948042,-4.855332474176961,0.5268824986780276,4.843962088948042,90.61883640289307
-5.853134760780966,-1.8732636115574528,5.0,-6.75823219306773,-0.09951435390995438,4.9324278502273105,-0.9565914903037682,0.002152127796863908,-7.681832750604765e-05,-0.2914242322170652,-0.048153083865813046,-0.1291474375813792,0.00019215205878702425,-0.00013945096810630275,-0.00030928558487630653,-0.007663602400498348,5437,403000000,17.34,0,2,4,-4.865306968971405,0.5005489232306578,4.844813954610485,-4.865306968971405,0.5005489232306578,4.844813954610485,90.82982277870178
-5.853134760780966,-1.8732636115574528,5.0,-6.750265205318617,-0.1315290216742888,4.93260816460873,-0.9568655203682748,0.002145684845043022,-5.474014871758768e-05,-0.29052326751985347,-0.05021434436977225,-0.12859007349872306,0.0002720415897740776,0.0005644191617193428,0.0002574305923985776,-0.004402102376843686,5437,598000000,17.26,0,2,4,-4.871783262494357,0.46973027076356827,4.845647550834291,-4.871783262494357,0.46973027076356827,4.845647550834291,91.09687995910645
-5.791418994331977,-1.9221275287416824,5.0,-6.745947119748242,-0.16215453133556162,4.932871292927667,-0.956816984220745,0.00211051754527386,-0.0001635675432438866,-0.2906832944427113,-0.07235613686308563,-0.12453085219529927,0.0009092118469933533,0.0005701739439700759,0.0012645765991692315,0.0076046758749725996,5437,847000000,17.15,0,2,4,-4.86974761283447,0.4362627887709242,4.846241966844788,-4.86974761283447,0.4362627887709242,4.846241966844788,91.33244609832764
-5.791418994331977,-1.9221275287416824,5.0,-6.74773312359588,-0.19538706986647242,4.9332966605373185,-0.9562494213360853,0.0021048215847358637,-0.00034822815904402156,-0.2925448558044519,-0.10771570689192926,-0.11758843885917827,0.0016507245581988735,0.000538130581162477,0.001817832139749953,0.02523003968235571,5438,62000000,17.13,0,2,4,-4.859559438964812,0.4086104110694786,4.846424968034108,-4.859559438964812,0.4086104110694786,4.846424968034108,91.56553792953491
-5.728198212313908,-1.9691955055186912,5.0,-6.75550945297657,-0.22832546561705258,4.933826553291924,-0.955322720211063,0.002111028058937861,-0.0005362499100718733,-0.2955566887165695,-0.13822840257594718,-0.11173750121621244,0.002214817630161785,0.0005751172693635453,0.0018153638166040764,0.034376775147393346,5438,280000000,17.28,0,2,4,-4.842716197955848,0.3834400354951505,4.84629664684962,-4.842716197955848,0.3834400354951505,4.84629664684962,91.77343726158142
-5.728198212313908,-1.9691955055186912,5.0,-6.764166263553087,-0.2558089175972557,4.934327917946363,-0.9546309204260648,0.0021002301347774676,-0.0006607995300278037,-0.297783408107044,-0.1450283606116044,-0.11016817541656196,0.0025333510063826,0.0005942459779362252,0.0012622137660400767,0.025732259746291675,5438,479000000,17.54,0,2,4,-4.822656251074456,0.3623478897436058,4.845950409609296,-4.822656251074456,0.3623478897436058,4.845950409609296,91.95115041732788
-5.728198212313908,-1.9691955055186912,5.0,-6.772437691033876,-0.2832090459544271,4.9348427812737174,-0.9541719106810602,0.002123130173265996,-0.0006961649696525084,-0.2992506851117591,-0.13298931808687495,-0.11285466502872812,0.0023060838565343096,-0.00038783110198892246,-0.00011447519625562563,0.013321260030352278,5438,647000000,17.72,0,2,4,-4.8053941315359925,0.3460419465591933,4.845643809672208,-4.8053941315359925,0.3460419465591933,4.845643809672208,92.12353587150574
-5.6635189779972706,-2.014413279305643,5.0,-6.778269784995657,-0.30964923619771406,4.935299949602685,-0.9539310565291241,0.002149193090804609,-0.0006422368379326366,-0.3000175126390643,-0.11669155879539657,-0.1163991644554981,0.0019420420442334755,-0.000538221598844757,-0.0007859257038944634,0.008142310616676696,5438,809000000,17.8,0,2,4,-4.790815461271887,0.3289432144684372,4.84546784077984,-4.790815461271887,0.3289432144684372,4.84546784077984,92.29396486282349
-5.6635189779972706,-2.014413279305643,5.0,-6.781678131991545,-0.33507033189533175,4.935689854445599,-0.9537609190300426,0.0021570601465994914,-0.0005608940669302206,-0.30055805066631935,-0.10147993223814974,-0.11935759228779137,0.001533573429422798,-0.00031344179944881034,-0.001007341825243202,0.006448623526011943,5438,968000000,17.82,0,2,4,-4.780958840273066,0.3102089322763568,4.845493949859316,-4.780958840273066,0.3102089322763568,4.845493949859316,92.46633458137512
-5.6635189779972706,-2.014413279305643,5.0,-6.7828682277523304,-0.3565347696595071,4.935970150328285,-0.9536457250876698,0.0021632052863619993,-0.0004819569836940715,-0.3009234442218942,-0.089380543477656,-0.12192637109199352,0.0011350816930730228,-0.00047363546400447376,-0.001056429994150676,0.0044671378873317735,5439,129000000,17.83,0,2,4,-4.775814860499755,0.28976307397314527,4.845718786730574,-4.775814860499755,0.28976307397314527,4.845718786730574,92.63656377792358
-5.59742994452607,-2.057727526260811,5.0,-6.78236794521666,-0.3802930019512076,4.936222177485701,-0.9535749541640375,0.002165216023931197,-0.00039250931005071425,-0.30114774541255457,-0.0770549044155662,-0.12456997001362913,0.0007591245854348648,-0.0002610527985780209,-0.0010514530345062667,0.0012945916182616202,5439,275000000,17.83,0,2,4,-4.77463722674327,0.2706000190801068,4.846064552340954,-4.77463722674327,0.2706000190801068,4.846064552340954,92.81137299537659
-5.59742994452607,-2.057727526260811,5.0,-6.780138913585181,-0.4033055206118725,4.936422683512984,-0.9535913331513082,0.0021678807191690885,-0.0003041712126263772,-0.3010959599725164,-0.06626633692124498,-0.12670174271220608,0.0005176255119965554,-0.0004174545182422662,-0.0010381781748947105,-0.002465010402374901,5439,432000000,17.82,0,2,4,-4.7764781890851475,0.24745759027508887,4.846622807371164,-4.7764781890851475,0.24745759027508887,4.846622807371164,93.00659894943237
-5.59742994452607,-2.057727526260811,5.0,-6.776937546481078,-0.4228965247485083,4.936568859291935,-0.9536780813841848,0.0021731495592314685,-0.0002290890690393331,-0.30082111300002184,-0.05764100345519109,-0.12864455029027483,0.00034524745585028327,-0.0003816150695001852,-0.000976950695985579,-0.005585396183960256,5439,582000000,17.79,0,2,4,-4.781177968035814,0.22325570774684012,4.847326478121342,-4.781177968035814,0.22325570774684012,4.847326478121342,93.20442938804626
-5.529981852465275,-2.0990859394333827,5.0,-6.77196598914535,-0.4447460119175415,4.936706546317911,-0.9538558148462339,0.00217829235344999,-0.00015101379206821372,-0.30025708438150894,-0.04876375943418992,-0.1305326468001618,0.00016639968292958684,-0.00034327341325024463,-0.0008808831239548454,-0.009073471028386848,5439,726000000,17.74,0,2,4,-4.7871883318242805,0.20136847069919286,4.848041578511109,-4.7871883318242805,0.20136847069919286,4.848041578511109,93.3872458934784
-5.529981852465275,-2.0990859394333827,5.0,-6.764943231288089,-0.4686818218803689,4.9368279803380215,-0.954156113550314,0.0021836661818954712,-7.381575162704887e-05,-0.299301415178413,-0.040065301003009354,-0.13208362337063717,-1.3778201072879454e-05,-0.0003045184143957158,-0.0007723409339632781,-0.012801295270037372,5439,881000000,17.67,0,2,4,-4.795801559157433,0.17569666787236607,4.8489547572689,-4.795801559157433,0.17569666787236607,4.8489547572689,93.58340716362
-5.461227524768241,-2.1384373081434203,5.0,-6.758546199830293,-0.48687852098486356,4.936900669562099,-0.9544568992359638,0.0021876956196219986,-2.1139220684430462e-05,-0.2983408135704503,-0.03368344196151536,-0.1334589333910075,-0.00013989953481662458,-0.0002772432424080762,-0.0006951984232728137,-0.015547169823548757,5440,61000000,17.55,0,2,4,-4.807298016321734,0.14617883761849315,4.850073830508248,-4.807298016321734,0.14617883761849315,4.850073830508248,93.7436044216156
-5.461227524768241,-2.1384373081434203,5.0,-6.750316557818513,-0.5072834304729454,4.936963090424418,-0.9548590031842907,0.0021921751918943804,3.185263774616509e-05,-0.2970513043082626,-0.02721050087680695,-0.13470783665366187,-0.0002703809237046246,-0.0002483126706920302,-0.0006139757886103325,-0.018090045341523364,5440,214000000,17.43,0,2,4,-4.8172623390215605,0.12284854741689136,4.851000835142347,-4.8172623390215605,0.12284854741689136,4.851000835142347,93.91200375556946
-5.461227524768241,-2.1384373081434203,5.0,-6.740017706210452,-0.5297854234959005,4.937009848212519,-0.9553842425793438,0.0021970473463976503,8.335572435118127e-05,-0.29535760539704115,-0.020332182175234154,-0.136136768255598,-0.00040134596128498727,-0.00021977558617436443,-0.0005373707438138808,-0.021136782743269578,5440,371000000,17.28,0,2,4,-4.829025786199235,0.09601117130266193,4.852098071123461,-4.829025786199235,0.09601117130266193,4.852098071123461,94.10547804832458
-5.391221859070367,-2.1757315985306627,5.0,-6.7260726340760035,-0.5567103202634016,4.937037870152639,-0.9561113676578703,0.0022026386970826844,0.00013644605033390515,-0.2929951917705169,-0.013168841633345233,-0.13736232645730967,-0.0005207423245072891,-0.000187175388077776,-0.00047444405595342687,-0.02332144922547741,5440,555000000,17.09,0,2,4,-4.840880582668211,0.06622818353742864,4.853311443312485,-4.840880582668211,0.06622818353742864,4.853311443312485,94.33807420730591
-5.391221859070367,-2.1757315985306627,5.0,-6.712551703855015,-0.5807580269788071,4.937066003188555,-0.9567974608333134,0.002203158028136835,0.00018486955760396847,-0.290746850130614,-0.009961453613613804,-0.13747470559487193,-0.00039709389948399727,1.2827370943213623e-05,-0.00046771728534622525,-0.022818464822194073,5440,768000000,16.82,0,2,4,-4.849294275836406,0.03184725974589532,4.854584330172234,-4.849294275836406,0.03184725974589532,4.854584330172234,94.54086542129517
-5.320021817215077,-2.210920035206205,5.0,-6.704157715413504,-0.6009997671680244,4.9371668037020076,-0.9569534561426251,0.002148750753260288,0.00012405224343541867,-0.29023344097110215,-0.040842504610782634,-0.13170124431536362,0.0003978267962430418,0.000951374767055313,0.001142318649272056,0.004047933839501638,5440,960000000,16.56,0,2,4,-4.848576792489218,0.003588961305161143,4.855404218375368,-4.848576792489218,0.003588961305161143,4.855404218375368,94.71607804298401
-5.320021817215077,-2.210920035206205,5.0,-6.701008418826795,-0.6265011950397178,4.937408689929074,-0.9564277002571728,0.002157935020787666,-2.134662797238264e-05,-0.29196129373864443,-0.08658821051799226,-0.12335781677292097,0.0010066666398550364,0.00020817651744664545,0.00192423631233396,0.03322285338072106,5441,124000000,16.49,0,2,4,-4.842241524347327,-0.016856757129020895,4.855802677343406,-4.842241524347327,-0.016856757129020895,4.855802677343406,94.90715146064758
-5.320021817215077,-2.210920035206205,5.0,-6.706145729915257,-0.6587318035262043,4.9377995452364685,-0.9551860125163827,0.0021966808563967247,-0.0002124807995259974,-0.2959979914428097,-0.13330593207771055,-0.11494242182669705,0.0015433002147399238,0.00018086912945136646,0.0020499143147389987,0.048141562729142606,5441,303000000,16.64,0,2,4,-4.829540999419153,-0.03772745297082748,4.855992921329464,-4.829540999419153,-0.03772745297082748,4.855992921329464,95.12610220909119
-5.247686411918379,-2.2439551839362215,5.0,-6.718842049752703,-0.6944906449772084,4.938295089627147,-0.9536426548315998,0.002251974990705931,-0.00040178300831530944,-0.3009326404110949,-0.17099541309176725,-0.10723164701653157,0.0018946841656927488,0.00024323135718873345,0.0020165017531326157,0.05321986573108006,5441,507000000,17.02,0,2,4,-4.80942610049269,-0.058542147450452664,4.85590815442959,-4.80942610049269,-0.058542147450452664,4.85590815442959,95.34375500679016
-5.247686411918379,-2.2439551839362215,5.0,-6.7329179375961505,-0.7279263587328144,4.938819991610363,-0.9525490965459396,0.002225261311242503,-0.0005611496506329678,-0.30437633283926707,-0.17109524071529952,-0.10611306532405636,0.002281964068740168,0.0008616602599431644,0.0014040739301890426,0.031743637373438105,5441,710000000,17.47,0,2,4,-4.784354825663329,-0.07735231877547563,4.855588015316998,-4.784354825663329,-0.07735231877547563,4.855588015316998,95.52739143371582
-5.174276690478312,-2.274791035281989,5.0,-6.745755080693696,-0.7638678333972081,4.939402920983677,-0.9519552999866991,0.002245522699158333,-0.0005763491116122043,-0.3062282355968218,-0.14173264380884937,-0.11186064055226344,0.0018799700623156313,-0.000341111064017241,-0.0006221597061539796,0.0105349708974245,5441,884000000,17.74,0,2,4,-4.760778338099428,-0.09369265579295781,4.855304068842502,-4.760778338099428,-0.09369265579295781,4.855304068842502,95.75452280044556
-5.174276690478312,-2.274791035281989,5.0,-6.7522037878410055,-0.7939623012883054,4.939841954088736,-0.9517540572954322,0.0022470919957364383,-0.0004819511149641032,-0.3068532755607613,-0.11388512301564895,-0.11742079259780691,0.0015123148326317858,-0.0003169256416413191,-0.0011702427968884876,0.005106476419314276,5442,93000000,17.83,0,2,4,-4.7390185641756615,-0.11328647851134359,4.8552053646293425,-4.7390185641756615,-0.11328647851134359,4.8552053646293425,95.94847321510315
-5.174276690478312,-2.274791035281989,5.0,-6.754230041598728,-0.8220936029209557,4.940201617153148,-0.9516539103588245,0.002250748437959714,-0.0003620218920803196,-0.30716386175847077,-0.08896030412965682,-0.12270162819243782,0.0010974486172391836,-0.0004596712670945635,-0.0012710192208942317,0.0025660337996669114,5442,266000000,17.8,0,2,4,-4.725328801317178,-0.1329415033407436,4.855404070045931,-4.725328801317178,-0.1329415033407436,4.855404070045931,96.13985991477966
-5.09985571543612,-2.3033830891153344,5.0,-6.752735290738316,-0.8456346774260036,4.940447905171417,-0.9516546786301806,0.002242126497090203,-0.0002577801113850056,-0.3071616497212385,-0.06957475188981238,-0.1266051624043887,0.0006772786784925294,-0.00025549865654284076,-0.0012583729471771221,-0.0021353930605982896,5442,445000000,17.76,0,2,4,-4.716685841056872,-0.1543854490292891,4.855863084710224,-4.716685841056872,-0.1543854490292891,4.855863084710224,96.30736184120178
-5.09985571543612,-2.3033830891153344,5.0,-6.747160960689738,-0.873338873319586,4.940659189248792,-0.9518360629326164,0.0022296366410353937,-0.00013691197910436093,-0.30659928127198116,-0.04861704106873722,-0.13047464824880975,0.00020716736325089588,-0.0003279947634382552,-0.0011485453683235392,-0.00947781554714311,5442,600000000,17.7,0,2,4,-4.712521885596397,-0.17476107158108556,4.856457687675994,-4.712521885596397,-0.17476107158108556,4.856457687675994,96.52175259590149
-5.09985571543612,-2.3033830891153344,5.0,-6.741104858241935,-0.8917178505376739,4.940757513670385,-0.952114833030048,0.0022325404872847094,-5.441239252698422e-05,-0.3057324934095622,-0.03535721921862789,-0.13304393347810567,-1.6731372875598243e-05,-0.0004091194597322101,-0.001115579357247043,-0.015424576486111619,5442,799000000,17.58,0,2,4,-4.711184312458887,-0.20165404768046574,4.857419860435429,-4.711184312458887,-0.20165404768046574,4.857419860435429,96.68285751342773
-5.0244885420965195,-2.3296884399234474,5.0,-6.729779552990943,-0.9167185850380093,4.940845365164742,-0.9526936971843079,0.002236528116665043,5.41469576282171e-05,-0.3039238627606992,-0.018905301572696872,-0.13594079102490897,-0.0002999473682599669,-0.00031631819581434684,-0.001013707765196159,-0.022185665511642583,5442,945000000,17.44,0,2,4,-4.712340209730696,-0.22124162058457825,4.858220325972035,-4.712340209730696,-0.22124162058457825,4.858220325972035,96.900465965271
-5.0244885420965195,-2.3296884399234474,5.0,-6.7173322834807205,-0.9380890249402225,4.94088788728968,-0.9534000410101061,0.002224505092710628,0.00013992703256324548,-0.3017008349332929,-0.006243319637702335,-0.13762466783392158,-0.0004266217340005976,-0.00015388526009019188,-0.000980299500952242,-0.0283876952380524,5443,148000000,17.19,0,2,4,-4.716255103828255,-0.2500598410463196,4.859502163498156,-4.716255103828255,-0.2500598410463196,4.859502163498156,97.09084701538086
-4.948242192815196,-2.3536658628116753,5.0,-6.703045123510893,-0.9585301934278759,4.940900435325663,-0.9542462515976275,0.0022237947648446168,0.00022536992754494645,-0.2990135369128239,0.005325286929540237,-0.13933901771651264,-0.0006329343735900267,-0.000310082782561949,-0.0009619949992156762,-0.03346956582390703,5443,324000000,16.91,0,2,4,-4.721556101799943,-0.276627456925174,4.860758994990807,-4.721556101799943,-0.276627456925174,4.860758994990807,97.29467248916626
-4.948242192815196,-2.3536658628116753,5.0,-6.687146806361187,-0.9781473216653688,4.9408773222973865,-0.9552137863095029,0.0022248323042365183,0.00030544718917136133,-0.2959080588079613,0.01543939182659449,-0.14025347013160122,-0.0008244382874545896,-0.0002729094347841965,-0.0008864729636570701,-0.03807210305240005,5443,512000000,16.58,0,2,4,-4.728058237523641,-0.3036322078987391,4.862107362450744,-4.728058237523641,-0.3036322078987391,4.862107362450744,97.4862973690033
-4.948242192815196,-2.3536658628116753,5.0,-6.6678472384434135,-0.999091889174451,4.940815247542806,-0.9564065704091916,0.0022259081324312304,0.0003835345810267347,-0.2920297421707915,0.025764208495229375,-0.14135527024212188,-0.0010113853117739717,-0.00023553754431304696,-0.0007843784260330722,-0.042485019366722554,5443,690000000,16.21,0,2,4,-4.735491394130507,-0.33092040276961715,4.863524976153925,-4.735491394130507,-0.33092040276961715,4.863524976153925,97.69116044044495
-4.871185627962738,-2.375275900107432,5.0,-6.647053957050082,-1.0192474928919986,4.940720082209581,-0.9576987534334496,0.0022277469531035883,0.0004501514610211929,-0.28776367418281207,0.03460588321531515,-0.141609024144503,-0.0011680597858660209,-0.00027061788046012225,-0.0006908261809712712,-0.045946877798996866,5443,882000000,15.75,0,2,4,-4.7445189340068,-0.36144879269279767,4.865153907881678,-4.7445189340068,-0.36144879269279767,4.865153907881678,97.91134262084961
-4.871185627962738,-2.375275900107432,5.0,-6.62309254603874,-1.0407163878476482,4.940599145276681,-0.9591472254903777,0.0022409926498956735,0.0005191421553880172,-0.2828980527990179,0.036693426076729305,-0.14037993684534295,-0.0011235976134940787,8.725004647658352e-05,-0.0005911538210057188,-0.03998477586719673,5444,84000000,15.26,0,2,4,-4.754030666750807,-0.39210556454990875,4.866807532949796,-4.754030666750807,-0.39210556454990875,4.866807532949796,98.13815522193909
-4.793389713475383,-2.394480948462829,5.0,-6.605936030076718,-1.0592511733240588,4.940554946542524,-0.959739246563144,0.0022112502500863905,0.0005412568573072107,-0.2808832426823547,0.014101860034339603,-0.13632789313897226,-0.0006543484408903496,0.0002629751577387651,-0.00021552872055963235,-0.012496286763052922,5444,299000000,14.7,0,2,4,-4.762448511222975,-0.42502766280748444,4.868576368992476,-4.762448511222975,-0.42502766280748444,4.868576368992476,98.33697366714478
-4.793389713475383,-2.394480948462829,5.0,-6.594702310415893,-1.0803440325256444,4.940620975795314,-0.9595982344336385,0.0021791944657888794,0.00046570425840604585,-0.2813649990721438,-0.032775508663958126,-0.12879025964927315,0.0001456143783260378,0.0006164659509977355,0.00135684997530916,0.018324955271964427,5444,484000000,14.47,0,2,4,-4.763315264304913,-0.44972067421725576,4.869787605073315,-4.763315264304913,-0.44972067421725576,4.869787605073315,98.53683757781982
-4.7149271849044485,-2.411245346347941,5.0,-6.590860109342839,-1.1047209759534504,4.940828805455721,-0.9589272815734473,0.002156830352612341,0.0003054900339478033,-0.28364365568936606,-0.07473497589786918,-0.12247018533745324,0.0009531587264976086,0.0007493374823752674,0.0018714763086791208,0.03181901738571469,5444,668000000,14.5,0,2,4,-4.756654176059621,-0.4715749245292778,4.870667409070006,-4.756654176059621,-0.4715749245292778,4.870667409070006,98.72777056694031
-4.7149271849044485,-2.411245346347941,5.0,-6.593869558556449,-1.1351460427099398,4.941210537945826,-0.9579079777100469,0.0021570068962713305,0.00011341588803872411,-0.2870673103951996,-0.11369083360798796,-0.11619939819044492,0.0016282378919179733,0.0004825058965707285,0.001898297637126234,0.03840414574369788,5444,848000000,14.71,0,2,4,-4.742543454613924,-0.4905839968313737,4.871203044282554,-4.742543454613924,-0.4905839968313737,4.871203044282554,98.94275283813477
-4.7149271849044485,-2.411245346347941,5.0,-6.606642941151111,-1.1788503375143071,4.9418818155755435,-0.9563798803440893,0.0021812384376664294,-0.0001261690149852036,-0.29211770017115163,-0.14842667833627415,-0.10979658653606014,0.002214706278048953,0.0006300239419942955,0.0018428271005177521,0.0392217596527189,5445,49000000,15.01,0,2,4,-4.719267985485546,-0.5087472973734728,4.871412321583713,-4.719267985485546,-0.5087472973734728,4.871412321583713,99.20376396179199
-4.6358726078780785,-2.425535461820819,5.0,-6.617286369568113,-1.2070161653453237,4.942374277206767,-0.955517759867272,0.0021762519649909003,-0.0002678737172664142,-0.29492541896094104,-0.15842134808295466,-0.10718072139421168,0.0025274041058570597,0.0005769452798176644,0.0016477308804496715,0.03509084854158573,5445,298000000,15.44,0,2,4,-4.679403971894332,-0.5284729358924023,4.871180586058398,-4.679403971894332,-0.5284729358924023,4.871180586058398,99.39240741729736
-4.6358726078780785,-2.425535461820819,5.0,-6.628179150602974,-1.2381697133619296,4.942938039764995,-0.9549521889573915,0.002191802245911839,-0.00033986442112820994,-0.2967514065688251,-0.13410321516831245,-0.11056475703138251,0.0022495314130378747,-8.06678180254039e-05,0.00014991150720788937,0.008550513393856818,5445,472000000,15.65,0,2,4,-4.652994942620988,-0.5396702909293739,4.870956781318088,-4.652994942620988,-0.5396702909293739,4.870956781318088,99.57955718040466
-4.556302334890787,-2.437319780454559,5.0,-6.633707289779115,-1.2668367973115422,4.9434109066131695,-0.9549301680339801,0.002197325003908572,-0.0002837781766640877,-0.2968222791694854,-0.0988789425421269,-0.11676133423436008,0.0016653732739835003,-0.00028518483645711967,-0.0010787123983391211,-0.004284341912352829,5445,643000000,15.74,0,2,4,-4.6252738648119,-0.5527290584034659,4.870823828557026,-4.6252738648119,-0.5527290584034659,4.870823828557026,99.77292108535767
-4.556302334890787,-2.437319780454559,5.0,-6.633250135287021,-1.2956563366031992,4.943804622147929,-0.9551461511061992,0.0021854281573608207,-0.00015277668183997627,-0.2961267137393517,-0.06326939401336464,-0.12286478318392284,0.0010611041256688883,-0.00032284631856782653,-0.0013970966278975538,-0.00952229693211848,5445,829000000,15.63,0,2,4,-4.602749488611389,-0.5674173276681134,4.870945306810745,-4.602749488611389,-0.5674173276681134,4.870945306810745,99.98191499710083
-4.556302334890787,-2.437319780454559,5.0,-6.6266959877336395,-1.3216580416740324,4.944065731128305,-0.9555414558705637,0.002184455226984649,-7.153775894557781e-06,-0.29484869715999773,-0.03190693284796604,-0.12825981656893334,0.00042153340200739404,-0.0004243706371198641,-0.001398873143898527,-0.01640504069655435,5446,21000000,15.45,0,2,4,-4.583421464792784,-0.5856013095623109,4.871352574616772,-4.583421464792784,-0.5856013095623109,4.871352574616772,100.19316411018372
-4.476294458338724,-2.446568993295677,5.0,-6.616315961290434,-1.3429543660319563,4.944195015042188,-0.956091380476584,0.002184094391799366,0.0001151323922066981,-0.29306055458659014,-0.007644970611129608,-0.13193963636842576,-8.85075511848223e-05,-0.00039188539062706695,-0.001283374501781509,-0.02373659808654338,5446,218000000,15.21,0,2,4,-4.569058680722522,-0.6054742611856971,4.872013885422916,-4.569058680722522,-0.6054742611856971,4.872013885422916,100.39263892173767
-4.476294458338724,-2.446568993295677,5.0,-6.602371246202619,-1.3625060288202235,4.944246489527553,-0.9568507636805353,0.0021968480992459916,0.00023208118646470292,-0.2905713957717241,0.013221529740868671,-0.13452257746408502,-0.00044837574630263817,-0.0005219996239702596,-0.001232829106356803,-0.03253966897318605,5446,401000000,14.94,0,2,4,-4.559562817224842,-0.6245662437138831,4.872811586706306,-4.559562817224842,-0.6245662437138831,4.872811586706306,100.58715629577637
-4.3959287597209284,-2.4532560847220677,5.0,-6.587378726807521,-1.3785773274134248,4.944228912366536,-0.9577180711281924,0.0022063546426442037,0.00033423619884240176,-0.2876996985049666,0.030240243028545943,-0.13632122440521321,-0.0009001088545050183,-0.0004754013019692138,-0.0012867518876191752,-0.04115312731300946,5446,580000000,14.59,0,2,4,-4.552778756312921,-0.6445840694166266,4.87377661287468,-4.552778756312921,-0.6445840694166266,4.87377661287468,100.79509592056274
-4.3959287597209284,-2.4532560847220677,5.0,-6.565674913063303,-1.3971319449469892,4.9441122572924945,-0.9590286227748035,0.002214925211832374,0.0004577406234855042,-0.2833001681582475,0.04840638391578705,-0.13750694469113228,-0.001413328385905102,-0.00041999666109404643,-0.0012234166320013173,-0.04955368385708425,5446,755000000,14.21,0,2,4,-4.548573932022843,-0.6629961411572249,4.8747375218246125,-4.548573932022843,-0.6629961411572249,4.8747375218246125,100.99625968933105
-4.3959287597209284,-2.4532560847220677,5.0,-6.543754668080871,-1.4125612096114137,4.943928620868973,-0.9603841064221256,0.002221753957021247,0.0005585636266780912,-0.27867027101541464,0.06304958088930931,-0.13810022485429885,-0.0018192764673179295,-0.0003724831088902647,-0.0011270334994151199,-0.0563466215680819,5446,938000000,13.66,0,2,4,-4.545192852077377,-0.6866383924321736,4.876041010502111,-4.545192852077377,-0.6866383924321736,4.876041010502111,101.19690227508545
-4.315286654929753,-2.457356420062667,5.0,-6.519926606867292,-1.4269443538936684,4.943680129202799,-0.9618521139084074,0.0022285126511294748,0.0006479046870379298,-0.2735600938017245,0.0754932828869302,-0.13780401572977496,-0.0021777977998009707,-0.00032711812707475474,-0.0010157367910323956,-0.06096625220379792,5447,125000000,13.09,0,2,4,-4.5434606670178335,-0.7083572474766463,4.8773008932875905,-4.5434606670178335,-0.7083572474766463,4.8773008932875905,101.39665150642395
-4.315286654929753,-2.457356420062667,5.0,-6.494573739521265,-1.4404361050536996,4.943374697375806,-0.9633904832462487,0.002235462654992219,0.0007256345847787741,-0.2680918740874606,0.08584915702497764,-0.13697291544048792,-0.002493788366596992,-0.0002851683291282825,-0.0009059202739081229,-0.06467667335527949,5447,309000000,12.47,0,2,4,-4.5426178135927895,-0.7303630364752294,4.878623728616734,-4.5426178135927895,-0.7303630364752294,4.878623728616734,101.59990572929382
-4.234451135556854,-2.4588478328347407,5.0,-6.4649123901185455,-1.4545367316240778,4.942987190214866,-0.9651645016365846,0.0022562070145474623,0.0008071145345823075,-0.2616328398283336,0.0963482442190493,-0.13576687024868633,-0.0027024468411029844,-0.0003996455632204743,-0.0008679618247242615,-0.06867806368973106,5447,496000000,11.88,0,2,4,-4.542516201237129,-0.7550175732443222,4.880147874756696,-4.542516201237129,-0.7550175732443222,4.880147874756696,101.80478835105896
-4.234451135556854,-2.4588478328347407,5.0,-6.431487690835533,-1.4694254740089452,4.942564943548429,-0.9670402402882398,0.0022234917743690717,0.0008752316603247431,-0.25461237934777137,0.09690025562336084,-0.13301248193005605,-0.0024433345643766354,0.00042015230121705827,-0.0007569764193249284,-0.060904115889570676,5447,688000000,11.06,0,2,4,-4.542897096059467,-0.7772779519267576,4.881562325757461,-4.542897096059467,-0.7772779519267576,4.881562325757461,102.04694890975952
-4.234451135556854,-2.4588478328347407,5.0,-6.400920142950988,-1.4853415564439862,4.942277786520301,-0.968357025981496,0.002153697779899775,0.0009075491859275331,-0.24955802566261065,0.07339128297145694,-0.1289169208271378,-0.0015234132443132868,0.0008932033949804463,-0.0002350207992662945,-0.03495682612992823,5447,904000000,10.24,0,2,4,-4.543626078026037,-0.8044507924099558,4.883343357720134,-4.543626078026037,-0.8044507924099558,4.883343357720134,102.2952983379364
-4.153506706144404,-2.457710711448501,5.0,-6.379770996083311,-1.5025562676416466,4.94220394961167,-0.9688184329233008,0.002068415721871761,0.0008477005047447153,-0.2477616739697549,0.03224170414634184,-0.12425862173749555,-0.0005005876997035798,0.0009271645126318617,0.0006852366254861408,-0.007964228780110716,5448,133000000,9.65,0,2,4,-4.5443128393664125,-0.8314653847871075,4.885170671520075,-4.5443128393664125,-0.8314653847871075,4.885170671520075,102.5007336139679
-4.153506706144404,-2.457710711448501,5.0,-6.368626063315283,-1.518741849740636,4.9422801352779455,-0.9688174210448071,0.002035845517716687,0.0007400649973790388,-0.24776624531383695,-0.004109556550340408,-0.12043857283621943,0.000305748009816023,0.0006766274168512609,0.0015196270396700129,0.005549849674935103,5448,318000000,9.42,0,2,4,-4.543953994459221,-0.855516732652994,4.88681587825414,-4.543953994459221,-0.855516732652994,4.88681587825414,102.68514108657837
-4.072539317315207,-2.4539280852224348,5.0,-6.362443636266584,-1.5370284761035446,4.942471056918282,-0.9686216970128119,0.0019990180617136867,0.0005904904021967089,-0.2485310107891851,-0.035232246789867395,-0.11745666779196165,0.0010249657505710338,0.0009658452995608968,0.0018331015780859161,0.013028065495745977,5448,488000000,9.39,0,2,4,-4.539571136515226,-0.873120401016569,4.887979409587791,-4.539571136515226,-0.873120401016569,4.887979409587791,102.85118865966797
-4.072539317315207,-2.4539280852224348,5.0,-6.360478184575406,-1.557135980440416,4.942766346257248,-0.9682886544962533,0.0019839271418670757,0.0004330423158004482,-0.24982585550996028,-0.06223535936295689,-0.1147291665913321,0.0016591734146199368,0.0005235474475284718,0.0019255363895354094,0.019945771964557935,5448,640000000,9.43,0,2,4,-4.5288333643389045,-0.888251065777444,4.8888701763810625,-4.5288333643389045,-0.888251065777444,4.8888701763810625,103.01998782157898
-3.991636294719297,-2.447485709546427,5.0,-6.3625128784501355,-1.581587860052698,4.9431983214032815,-0.9677570548133065,0.001983585133225613,0.00025731821611259904,-0.2518775139555524,-0.08721569078667182,-0.11200966153559991,0.0021168057633968057,0.0004740750597420629,0.0019192606714568683,0.026329963657190092,5448,797000000,9.52,0,2,4,-4.511403366221343,-0.9008067855590636,4.889429596521483,-4.511403366221343,-0.9008067855590636,4.889429596521483,103.22603178024292
-3.991636294719297,-2.447485709546427,5.0,-6.368216198585006,-1.6076130794098955,4.943696352645924,-0.967078786901904,0.0020001695654081534,9.289683751157113e-05,-0.25446927244016826,-0.10796742958828402,-0.10925025696714523,0.0023877118932579414,0.00026027899195923965,0.001801501571208064,0.032148330137715675,5448,986000000,9.67,0,2,4,-4.484875732726219,-0.9122591330640301,4.889689188659153,-4.484875732726219,-0.9122591330640301,4.889689188659153,103.41688656806946
-3.991636294719297,-2.447485709546427,5.0,-6.374846907617062,-1.6313817420445313,4.944174965078463,-0.9665364025126707,0.002004960714925284,-4.150971689064289e-05,-0.25652165800832394,-0.10941945387434263,-0.10833501007429698,0.002518816448083279,0.000392489752698566,0.0015772664937685477,0.021638464386342093,5449,164000000,9.89,0,2,4,-4.452802272818473,-0.9215326014691474,4.88965928432304,-4.452802272818473,-0.9215326014691474,4.88965928432304,103.5997359752655
-3.9108862637393114,-2.438372150023384,5.0,-6.379736249524582,-1.6569158156978208,4.944671213036055,-0.9663816478321194,0.002036883543780308,-9.430688239647094e-05,-0.2571037785504486,-0.07501247384933363,-0.1114201575289366,0.0018264612017045846,-0.0004147836619949885,-0.00020696947586884562,-0.007515867218899075,5449,333000000,10.04,0,2,4,-4.423160304353604,-0.9291665781369693,4.889574375049994,-4.423160304353604,-0.9291665781369693,4.889574375049994,103.78331589698792
-3.9108862637393114,-2.438372150023384,5.0,-6.378494773300532,-1.6770783807627685,4.944985429983338,-0.9667011292517318,0.0020524533687167803,-2.7239101541930762e-05,-0.25589981124773664,-0.039165511674451106,-0.11485375133860778,0.0011368713743924797,-0.00040534847016715503,-0.0011804065138676378,-0.020990631310269237,5449,503000000,10.02,0,2,4,-4.390097944272796,-0.9376542238779022,4.889495427198401,-4.390097944272796,-0.9376542238779022,4.889495427198401,103.9544403553009
-3.9108862637393114,-2.438372150023384,5.0,-6.371180428044246,-1.6970936929365426,4.945210600177601,-0.9672798237742061,0.0020549393056190834,9.718025677405329e-05,-0.2537035874791461,-0.002474457213755066,-0.1184149291044108,0.00044514344669732133,-0.0003775556166374372,-0.0014720353647135198,-0.028217505678185262,5449,660000000,9.81,0,2,4,-4.358637468899499,-0.9442452093815576,4.889303733616027,-4.358637468899499,-0.9442452093815576,4.889303733616027,104.15174865722656
-3.8303790699016456,-2.4265788654137266,5.0,-6.359978995430246,-1.7127805351966683,4.945303465024786,-0.9679329277973447,0.0020648061565368987,0.0002195039460745451,-0.2512001904442222,0.026393169633264664,-0.12080948611915351,-0.000193266825118291,-0.0005254486097783229,-0.001521187391517742,-0.035373037098906934,5449,837000000,9.49,0,2,4,-4.3204640062106066,-0.9503020694470211,4.8888852866121875,-4.3204640062106066,-0.9503020694470211,4.8888852866121875,104.33033037185669
-3.8303790699016456,-2.4265788654137266,5.0,-6.347018228044034,-1.7250635108627248,4.945301298277351,-0.9686146343634972,0.002064645858887125,0.0003235476064565991,-0.2485584893969468,0.04869304191383051,-0.12211265565269865,-0.0007672801836557219,-0.0003138083513931633,-0.0015159699728428677,-0.0420990811107913,5450,1000000,9.12,0,2,4,-4.287745348199808,-0.9549522730569591,4.888398935991972,-4.287745348199808,-0.9549522730569591,4.888398935991972,104.50093746185303
-3.7502056949456506,-2.412100289200765,5.0,-6.324089932689779,-1.740531867941456,4.9451671499476975,-0.9697771096489496,0.0020811342826657694,0.00047537866874688007,-0.24398319715945177,0.0768418732865594,-0.12301074225523638,-0.001523653043836694,-0.000629046064659633,-0.001548358909531089,-0.05174298494239338,5450,155000000,8.74,0,2,4,-4.260218169821652,-0.9586176390395124,4.887892243957607,-4.260218169821652,-0.9586176390395124,4.887892243957607,104.71931791305542
-3.7502056949456506,-2.412100289200765,5.0,-6.302557243195111,-1.7513465288646899,4.944962144709458,-0.9708582858498198,0.0020999842127285796,0.0005957711572820748,-0.23964436968095798,0.0957684054956334,-0.12261706119664342,-0.0020621323183698465,-0.0005590219302575861,-0.0014887802080920665,-0.05876057184650563,5450,354000000,8.09,0,2,4,-4.221909048695393,-0.9633199783609026,4.887029296820793,-4.221909048695393,-0.9633199783609026,4.887029296820793,104.88650035858154
-3.7502056949456506,-2.412100289200765,5.0,-6.278646535647146,-1.7609662373548118,4.944681157740522,-0.9720315527881691,0.0021166596650506846,0.0007067592219013443,-0.23483969133748578,0.11270334197325863,-0.12179352300602786,-0.002544987423832006,-0.0004928106875468075,-0.0013848055687049055,-0.06456506962422282,5450,513000000,7.49,0,2,4,-4.1920136004242075,-0.9666951278322177,4.886253891418776,-4.1920136004242075,-0.9666951278322177,4.886253891418776,105.05873274803162
-3.6704581685088824,-2.39493390958863,5.0,-6.252675744081032,-1.7695292927459132,4.944332915098946,-0.9732793215824487,0.0021318923942894308,0.0008069447286510183,-0.22961307901561806,0.1272025119889691,-0.12027611787907026,-0.0029770500964731413,-0.00043120175234889757,-0.001271018004445068,-0.06933002296136692,5450,673000000,6.83,0,2,4,-4.16269292019024,-0.9697536827533463,4.88541477971463,-4.16269292019024,-0.9697536827533463,4.88541477971463,105.22022128105164
-3.6704581685088824,-2.39493390958863,5.0,-6.2250405675236875,-1.7771785162581986,4.943920479557094,-0.9745741270028725,0.0021367055377557722,0.0008961410224926511,-0.22405334721289338,0.1392873213913765,-0.11810940440175144,-0.0034285960566429892,-0.0002028183416769025,-0.001210803623052925,-0.07303449674509466,5450,824000000,6.13,0,2,4,-4.133880885219436,-0.9725009275048848,4.884516176432256,-4.133880885219436,-0.9725009275048848,4.884516176432256,105.38710713386536
-3.6704581685088824,-2.39493390958863,5.0,-6.192297462645515,-1.7848220270975768,4.943377098654171,-0.9760617741663077,0.00213636898140875,0.0009876026957158265,-0.21748074300914622,0.15160806039921776,-0.11529004234055873,-0.0039037585960659768,-0.00017423061962063002,-0.001115832833420427,-0.07631837070221081,5450,980000000,5.4,0,2,4,-4.105554837450696,-0.9749110404213436,4.883542817388746,-4.105554837450696,-0.9749110404213436,4.883542817388746,105.58583450317383
-3.5912294753923018,-2.375080347738145,5.0,-6.161912784689413,-1.7908508162395986,4.942838255522523,-0.9773894611278218,0.0021245457958267147,0.001060358199020108,-0.21143368516373368,0.16087282966025412,-0.11240052296248351,-0.004192267245310019,2.2909829944239846e-05,-0.0010727667699939047,-0.07813125994289294,5451,162000000,4.54,0,2,4,-4.074207533698601,-0.9772191960645765,4.882356269147733,-4.074207533698601,-0.9772191960645765,4.882356269147733,105.76229643821716
-3.5912294753923018,-2.375080347738145,5.0,-6.13056150616668,-1.7962739262132184,4.9422603540226735,-0.9786975033632079,0.0021124578535301644,0.0011267865708355692,-0.2052936062922181,0.16863040669128565,-0.10933347158247826,-0.004445695232800666,2.4994684899581898e-05,-0.0009760701459526899,-0.07864011859055609,5451,324000000,3.78,0,2,4,-4.046727076532019,-0.9789308310694107,4.881217420944561,-4.046727076532019,-0.9789308310694107,4.881217420944561,105.93613290786743
-3.5912294753923018,-2.375080347738145,5.0,-6.102453881653961,-1.8005816783116286,4.94172607303658,-0.9798123503983239,0.0021039367966474713,0.0011781040309421485,-0.19990483617901822,0.17505090265929107,-0.10660715775381965,-0.0046444328275281836,2.65451614467338e-05,-0.0008767127326336777,-0.0785298201662954,5451,483000000,3.05,0,2,4,-4.019541901332797,-0.9803370882222647,4.88000650243172,-4.019541901332797,-0.9803370882222647,4.88000650243172,106.09604001045227
-3.5126134583758732,-2.352543434039778,5.0,-6.069608338300325,-1.8050483265743338,4.941086353654463,-0.9810451701272866,0.0020964740098129153,0.001228546467652754,-0.19376395340781533,0.18156123589753248,-0.10346176685649344,-0.004847589700265555,2.804691998647968e-05,-0.0007635012991613621,-0.07798789229127578,5451,629000000,2.47,0,2,4,-3.9959219970053157,-0.9813372919847627,4.878902019463685,-3.9959219970053157,-0.9813372919847627,4.878902019463685,106.27416706085205
-3.5126134583758732,-2.352543434039778,5.0,-6.03191718075712,-1.8095633316280049,4.9403334298658175,-0.9823696756557408,0.0020906814552200527,0.0012752236748569627,-0.18693267025233007,0.18757271467629405,-0.09970371286297744,-0.005048605544731968,2.930338514062214e-05,-0.0006423020749934949,-0.07667656100238673,5451,795000000,1.95,0,2,4,-3.969069834603948,-0.9822165451178586,4.877594333170033,-3.969069834603948,-0.9822165451178586,4.877594333170033,106.45929718017578
-3.5126134583758732,-2.352543434039778,5.0,-6.0021312353836,-1.8127417742098935,4.939721882730241,-0.9833526188946282,0.0020786780221520237,0.0013049939089815653,-0.18169095465006957,0.19225422489868071,-0.09694923339036646,-0.005251953727630268,0.00020240282481154281,-0.0006125628431163932,-0.07580056844744831,5451,968000000,1.73,0,2,4,-3.938993929297759,-0.9828629693023793,4.876070611545299,-3.938993929297759,-0.9828629693023793,4.876070611545299,106.62020540237427
-3.434704716561925,-2.3273302822166575,5.0,-5.963230235917478,-1.8164615617650095,4.938900494931952,-0.9845574954842009,0.0020517251313946494,0.0013397209852302851,-0.17504437625226538,0.19747756702753,-0.09358778678720342,-0.005430650686738814,0.00034965196107350494,-0.000599444916815628,-0.07424133509630337,5452,115000000,1.91,0,2,4,-3.915671977790824,-0.9831261316129671,4.874850777190124,-3.915671977790824,-0.9831261316129671,4.874850777190124,106.80563187599182
-3.434704716561925,-2.3273302822166575,5.0,-5.928214180677278,-1.8194810203244003,4.93815029413199,-0.985565652715374,0.0020058170551278728,0.0013597917253961053,-0.16927631804869692,0.20110019962757955,-0.09050974828140809,-0.005541315435916511,0.0006483660229150701,-0.00042163298132891214,-0.07232907009893097,5452,288000000,2.46,0,2,4,-3.8857455943199226,-0.9831625680422007,4.873242283905283,-3.8857455943199226,-0.9831625680422007,4.873242283905283,106.97642588615417
-3.434704716561925,-2.3273302822166575,5.0,-5.892855616551308,-1.8222625232820728,4.937383479440571,-0.9865150307094381,0.0019614998527832765,0.001368143485056771,-0.16365321532462557,0.20477777280999745,-0.0875545183347655,-0.005637096760761716,0.0005609160552921821,-0.00029732052837516676,-0.07035383969196118,5452,445000000,3.11,0,2,4,-3.8591790845889915,-0.982890258209172,4.871778054580239,-3.8591790845889915,-0.982890258209172,4.871778054580239,107.1479856967926
-3.357598499230817,-2.2994513610445213,5.0,-5.857145087060722,-1.8248175298647735,4.9366017544900735,-0.9874054442897862,0.0019248577197027994,0.0013705223536591492,-0.15819262049200328,0.2080232758132808,-0.08463597059495115,-0.005721694635411899,0.0004840877295464452,-0.00021433053518649103,-0.06810215490986593,5452,600000000,3.81,0,2,4,-3.8331931772504233,-0.9827077237746604,4.870368572156747,-3.8331931772504233,-0.9827077237746604,4.870368572156747,107.32142543792725
-3.357598499230817,-2.2994513610445213,5.0,-5.825675065699474,-1.8268979791235456,4.9359065614837325,-0.9881341350418718,0.0018980459524172945,0.001369301016669986,-0.15357556316465176,0.21028239177656585,-0.08221599181696149,-0.0057878615833863835,0.00042445620636044623,-0.00015687531913499697,-0.06559262037626468,5452,759000000,4.52,0,2,4,-3.8099054726046497,-0.9841105922301998,4.869335107010225,-3.8099054726046497,-0.9841105922301998,4.869335107010225,107.49224638938904
-3.357598499230817,-2.2994513610445213,5.0,-5.784948564338509,-1.8293953430744456,4.935004213758514,-0.9890026946529537,0.0018589587483228932,0.001365011850429225,-0.14787951509325625,0.2132952870800668,-0.07921351954919363,-0.005788940699192127,0.000533386128154234,-0.00015425750063968735,-0.06265395350055769,5452,915000000,5.13,0,2,4,-3.791966151048249,-0.9868531162883832,4.868749142557974,-3.791966151048249,-0.9868531162883832,4.868749142557974,107.67398023605347
-3.2813905952014384,-2.2689205634695666,5.0,-5.734768824703827,-1.8321928980530813,4.933904996115648,-0.9899693013767346,0.0018133804780876594,0.0013600584758298288,-0.1412644478410754,0.21621519954012675,-0.07581020511985986,-0.005760454675635973,0.0004381730235536452,-0.00011684247169796436,-0.05915978181292303,5453,87000000,5.88,0,2,4,-3.7718486616004925,-0.9922179547134885,4.868397716176198,-3.7718486616004925,-0.9922179547134885,4.868397716176198,107.91563677787781
-3.2813905952014384,-2.2689205634695666,5.0,-5.688911589546383,-1.8345867261223106,4.932909075647886,-0.9907670228442456,0.001780167795258966,0.0013532315756896274,-0.13555702199175518,0.2179027603889001,-0.0731076477748148,-0.005726588577075373,0.00041175823923822463,-7.394991499154457e-05,-0.05643020122079179,5453,305000000,6.75,0,2,4,-3.7511602652569667,-1.0011592472613509,4.868507438748433,-3.7511602652569667,-1.0011592472613509,4.868507438748433,108.13967299461365
-3.2061772176970886,-2.2357552728992647,5.0,-5.643396492678757,-1.8371150846926998,4.931951926692235,-0.9914738025412059,0.0017370279360634897,0.0013449299081748308,-0.13028765395068354,0.21469939117190182,-0.0713294198048877,-0.00537721583390762,0.00047905139979320666,-6.494146731483852e-05,-0.05105846757942345,5453,514000000,7.51,0,2,4,-3.735359801050945,-1.0111235072848928,4.869050790098876,-3.735359801050945,-1.0111235072848928,4.869050790098876,108.34978532791138
-3.2061772176970886,-2.2357552728992647,5.0,-5.591319300861094,-1.841222861508861,4.930983119679172,-0.9921532530179966,0.001656383720628006,0.0013222830082563223,-0.12500972156765666,0.19511823714817692,-0.07201172925468291,-0.004088968754311169,0.0006974143957449996,0.00015194127911399846,-0.03812415016000159,5453,708000000,8.21,0,2,4,-3.7217792074335274,-1.0224468003182912,4.869943648003345,-3.7217792074335274,-1.0224468003182912,4.869943648003345,108.61489844322205
-3.1320548847261422,-2.1999764264355766,5.0,-5.552452645701761,-1.8465293090137176,4.9304534149864505,-0.9925555521215754,0.0016005903243066627,0.001277560219815748,-0.12177553901803462,0.170539385093081,-0.07447279588494041,-0.0026253670322869886,0.0006014538882936904,0.00043686004289611446,-0.028975999703106936,5453,951000000,8.93,0,2,4,-3.7077964074887233,-1.0374252416052272,4.871377143507811,-3.7077964074887233,-1.0374252416052272,4.871377143507811,108.82850170135498
-3.1320548847261422,-2.1999764264355766,5.0,-5.519425857666577,-1.8542411419843388,4.930227725078558,-0.9928244508126575,0.0015567630607619344,0.0011959402914630435,-0.11956486141060363,0.1342615068581399,-0.07921284467749398,-0.0009076290821478236,0.0004748064043269551,0.0009112781640396861,-0.017779418703867123,5454,149000000,9.4,0,2,4,-3.6975244041950117,-1.05073048542439,4.872824638003582,-3.6975244041950117,-1.05073048542439,4.872824638003582,109.04086685180664
-3.0591202949960317,-2.1616085748145166,5.0,-5.495870581141536,-1.8636636387012104,4.930303529074457,-0.9929558488369785,0.0015562696602956071,0.0010732693232104323,-0.11846986274213195,0.0982574208017588,-0.08399649523679995,0.0006469238897557599,0.00015406518940608294,0.0015709051353951509,-0.008599922966823215,5454,344000000,9.74,0,2,4,-3.6882228147716276,-1.0645960446838405,4.874467579790064,-3.6882228147716276,-1.0645960446838405,4.874467579790064,109.24540305137634
-3.0591202949960317,-2.1616085748145166,5.0,-5.479942811394155,-1.8740107647327782,4.930593885353019,-0.9930000997712836,0.0015611313215483326,0.0009231239466388099,-0.1180995874903748,0.06730680501868833,-0.088172576686346,0.0020412998523018596,0.0001773902582158371,0.002046205872829887,-0.0017436320831620833,5454,531000000,9.95,0,2,4,-3.6803806696371795,-1.0773552712735808,4.876064939268349,-3.6803806696371795,-1.0773552712735808,4.876064939268349,109.42371201515198
-3.0591202949960317,-2.1616085748145166,5.0,-5.468383142690062,-1.8860550570343035,4.931087952542116,-0.9929841683304024,0.0015846295522307118,0.0007538934343517882,-0.11823435219533635,0.04017770755941609,-0.09176614129865734,0.003296004992322987,-0.00014500039924314478,0.0021890920606892905,0.004840249403059715,5454,695000000,10.06,0,2,4,-3.673719183824051,-1.0888324040661086,4.877560069466051,-3.673719183824051,-1.0888324040661086,4.877560069466051,109.59362125396729
-2.987470199388719,-2.1206799388106825,5.0,-5.459892487968942,-1.9013226072679645,4.931851467254857,-0.9928889501381,0.0016169593810507442,0.0005601605104762278,-0.11903194678834667,0.013685824967827132,-0.09501910259151283,0.004391144807724098,-7.20989845603981e-05,0.00218117497752246,0.012562660231196787,5454,855000000,10.11,0,2,4,-3.6671156734196595,-1.1002998281184158,4.879112399186055,-3.6671156734196595,-1.1002998281184158,4.879112399186055,109.79052305221558
-2.987470199388719,-2.1206799388106825,5.0,-5.455842052279951,-1.9161875288254868,4.932676955540801,-0.9927308903486141,0.0016614755441165842,0.0003936573853142749,-0.12034310898645989,-0.0069197143560672195,-0.09730190574391127,0.005208132144334438,-0.00036008148356359015,0.0021277498944982653,0.01970052981050685,5455,31000000,10.09,0,2,4,-3.6574912965640447,-1.1121357013890116,4.880844025184715,-3.6574912965640447,-1.1121357013890116,4.880844025184715,109.96078062057495
-2.987470199388719,-2.1206799388106825,5.0,-5.454681252055509,-1.9361543862908235,4.933873853140435,-0.9924436573841886,0.0017027137265410233,0.00019741336436088902,-0.12268923633238543,-0.028112404386263466,-0.09901696166216511,0.006014934413441503,-0.00010654768800577585,0.0019425657683314057,0.026880361656367313,5455,188000000,10.0,0,2,4,-3.6451320204076216,-1.1208673702763103,4.882279885413064,-3.6451320204076216,-1.1208673702763103,4.882279885413064,110.18566465377808
-2.917201268036015,-2.0772224618603534,5.0,-5.456723614837075,-1.9551461829510377,4.935069775684927,-0.9921010540740192,0.0017420985077556787,3.879526373684887e-05,-0.1254291118239168,-0.04449837648209376,-0.09985866143122042,0.006531818620553557,-0.0001926826627141054,0.0017567629924997163,0.033192470436915755,5455,396000000,9.8,0,2,4,-3.6238554308913606,-1.1290391675690974,4.883865610891439,-3.6238554308913606,-1.1290391675690974,4.883865610891439,110.3743040561676
-2.917201268036015,-2.0772224618603534,5.0,-5.459893357619137,-1.9723739066348505,4.936197616269748,-0.9917941664954059,0.0017506878584962735,-8.615915210757929e-05,-0.1278329338406402,-0.04616768381057458,-0.09849854686047295,0.006790066504385054,0.00018897270877005212,0.0014819959346823453,0.02709008094825549,5455,566000000,9.54,0,2,4,-3.6005651696907126,-1.1343768587448444,4.885147346468542,-3.6005651696907126,-1.1343768587448444,4.885147346468542,110.54785752296448
-2.8484099530437836,-2.0312718586519574,5.0,-5.460671163134552,-1.9903360872724105,4.937396085099947,-0.9916328314605733,0.0016865381706553237,-0.00013304839842212285,-0.12907929910178734,-0.008756155606334422,-0.09191466494006258,0.005655196988054743,0.0009304241530116997,-0.0005656956375332811,0.0008736022465427595,5455,725000000,9.32,0,2,4,-3.57919303017598,-1.1386503663966832,4.886269139246642,-3.57919303017598,-1.1386503663966832,4.886269139246642,110.7419126033783
-2.8484099530437836,-2.0312718586519574,5.0,-5.45513181888214,-2.003520398223204,4.9382379791875,-0.9917095598903787,0.0015988117438638138,-5.659623361392921e-05,-0.12848964713121952,0.030495532323053336,-0.08564909315097921,0.0044032309460936845,0.0008959795138707705,-0.0014220034927348024,-0.013138516169419745,5455,903000000,9.23,0,2,4,-3.5565541120892745,-1.1438592616566816,4.887592505491674,-3.5565541120892745,-1.1438592616566816,4.887592505491674,110.92755126953125
-2.8484099530437836,-2.0312718586519574,5.0,-5.440523967008086,-2.016625370553433,4.93900632805112,-0.9919387006601257,0.001487333519502617,9.469601001287986e-05,-0.12670987729600675,0.07442145554935961,-0.07861320511693444,0.0029061809991366,0.0008432139964043017,-0.0018031612398772268,-0.02121475281455787,5456,76000000,9.35,0,2,4,-3.53801648000536,-1.1490175712493695,4.888836722347396,-3.53801648000536,-1.1490175712493695,4.888836722347396,111.13112258911133
-2.781192346925178,-1.982867659428194,5.0,-5.4159614633286415,-2.027336734198854,4.939522031312196,-0.9922569453950085,0.0013823042408203918,0.0002735789510160488,-0.12419407677063465,0.11432567313755304,-0.07171993474410143,0.0014318581447340397,0.0007691868290748971,-0.0017012146258821303,-0.024286695042974316,5456,264000000,9.63,0,2,4,-3.509500256406864,-1.1530024143834177,4.8896470197650705,-3.509500256406864,-1.1530024143834177,4.8896470197650705,111.36653184890747
-2.781192346925178,-1.982867659428194,5.0,-5.396510373934046,-2.03246265237739,4.9396864975869725,-0.9924714563508252,0.001316670307240882,0.0003792915905497406,-0.12246848919645775,0.1352446739936774,-0.0676594135601109,0.0005319043509411216,0.0006977126361107366,-0.0015927133745208266,-0.02524293104215758,5456,477000000,10.0,0,2,4,-3.467115266964664,-1.1526417181088906,4.889016234837656,-3.467115266964664,-1.1526417181088906,4.889016234837656,111.54028415679932
-2.715644036814797,-1.9320532497399265,5.0,-5.367882112468937,-2.0374093574424132,4.939722273793949,-0.9927507358545988,0.0012558164965861996,0.0005067947966827817,-0.12018378652760586,0.1582638258066501,-0.06255591542646599,-0.0005845060617660807,0.00039004848986223806,-0.0014650383150183188,-0.025770815045689233,5456,634000000,10.24,0,2,4,-3.4361376760986495,-1.150831081911726,4.8879202462766145,-3.4361376760986495,-1.150831081911726,4.8879202462766145,111.7260890007019
-2.715644036814797,-1.9320532497399265,5.0,-5.3358949601032535,-2.0407336421615683,4.939572132420558,-0.993026223920267,0.0012114761917868726,0.0006238807352864102,-0.11788579942011851,0.17668742691810047,-0.05767807786750303,-0.0015972123476851966,0.0003083797338376826,-0.0013075145943730604,-0.025638742226874456,5456,801000000,10.55,0,2,4,-3.3922997594173165,-1.147180513704636,4.88582762786229,-3.3922997594173165,-1.147180513704636,4.88582762786229,111.92311453819275
-2.715644036814797,-1.9320532497399265,5.0,-5.3011621650426815,-2.042645979949297,4.939249965701783,-0.993291515531209,0.0011618488390372325,0.00072954865722173,-0.115629075235193,0.19249237142299763,-0.05283230385650277,-0.002586040929933389,0.00041070402403420303,-0.001215663644416054,-0.02495805802027462,5456,980000000,10.85,0,2,4,-3.3443168105616317,-1.142454244129062,4.883080130838259,-3.3443168105616317,-1.142454244129062,4.883080130838259,112.11926364898682
-2.651859954547784,-1.8788759053881385,5.0,-5.268361815987204,-2.0433117072012488,4.9388286346937,-0.9935148765123096,0.001123072503409808,0.0008158639955736654,-0.11369372552090545,0.20381582172291773,-0.048976806107800926,-0.003372287553350108,0.0003425210422847158,-0.0011040259323635837,-0.023907688773761038,5457,160000000,11.12,0,2,4,-3.2931594357208565,-1.1365584919522216,4.879857508857672,-3.2931594357208565,-1.1365584919522216,4.879857508857672,112.29764366149902
-2.651859954547784,-1.8788759053881385,5.0,-5.229747038026369,-2.043100972158093,4.938227620941435,-0.9937470754512023,0.0010751705239604296,0.0008986508608537424,-0.11164580810382857,0.21389231410600978,-0.04506683176553739,-0.004072172391898691,0.0004502727932731432,-0.0009081975349545246,-0.022010958127793856,5457,320000000,11.36,0,2,4,-3.245534366125036,-1.1303602737965408,4.876717395221961,-3.245534366125036,-1.1303602737965408,4.876717395221961,112.49447274208069
-2.651859954547784,-1.8788759053881385,5.0,-5.194183366925086,-2.0421535265823962,4.937608718572807,-0.993930913575155,0.001024278415819687,0.0009610310345280735,-0.10999711956562919,0.22167270363020367,-0.04155190764881682,-0.004525780830864593,0.0005533141688829346,-0.0008342704916231014,-0.019797998720605392,5457,502000000,11.61,0,2,4,-3.1899792575839894,-1.1223276004788267,4.873036295671362,-3.1899792575839894,-1.1223276004788267,4.873036295671362,112.67360877990723
-2.589934222700604,-1.8233868222867717,5.0,-5.15763310248657,-2.040563334646693,4.936921911496796,-0.9940933639155596,0.0009685580326394205,0.0010143420517769372,-0.10851920025777012,0.22796716319229912,-0.03851164434354385,-0.004997539310871929,0.0006444416214890225,-0.0006876661473143031,-0.017530846525914967,5457,665000000,11.81,0,2,4,-3.1391409266433388,-1.1142387031811778,4.869733933619501,-3.1391409266433388,-1.1142387031811778,4.869733933619501,112.84433579444885
-2.589934222700604,-1.8233868222867717,5.0,-5.115609593664237,-2.0381531510879767,4.9360730846069965,-0.9942495952817714,0.0009001718078284238,0.0010584943342121995,-0.10707852988575511,0.23326989178319524,-0.035618687272115514,-0.00540098001497852,0.0007103498717242474,-0.0004999188945475908,-0.014909916353644803,5457,825000000,11.99,0,2,4,-3.087123027140382,-1.1053592839475619,4.866442743340077,-3.087123027140382,-1.1053592839475619,4.866442743340077,113.03906917572021
-2.5299599967034996,-1.7656411409762818,5.0,-5.077615712572544,-2.0355226630868013,4.935267116645744,-0.994365537004736,0.0008454833983244094,0.0010869794546951213,-0.10599661527978638,0.2374808644802918,-0.033028173212391584,-0.005701537979915239,0.0006089035196055193,-0.0003956632326662657,-0.01262391779164318,5458,1000000,12.18,0,2,4,-3.0273730690734886,-1.0945482507328788,4.862800335481185,-3.0273730690734886,-1.0945482507328788,4.862800335481185,113.22676753997803
-2.5299599967034996,-1.7656411409762818,5.0,-5.034282230481947,-2.0320516056545572,4.934316244440873,-0.9944730901728205,0.000805659634853037,0.0011107684033316522,-0.10498280825081813,0.24096927213292862,-0.030448843566508333,-0.005915659998991582,0.00034374069741716085,-0.0002557811512815533,-0.010279252273903694,5458,169000000,12.31,0,2,4,-2.9732987437167417,-1.0843218246229174,4.859652903664764,-2.9732987437167417,-1.0843218246229174,4.859652903664764,113.4341242313385
-2.5299599967034996,-1.7656411409762818,5.0,-4.9953546399297934,-2.0285596027032553,4.93344474916477,-0.9945473856988623,0.0007569757873575184,0.0011221579929370702,-0.10427686871331837,0.24381758134009884,-0.02826188297468487,-0.006068392402653911,0.0006354650111006777,-0.00018184704515533667,-0.007772106255288236,5458,343000000,12.44,0,2,4,-2.91152040860862,-1.0722683272678097,4.856217145788892,-2.91152040860862,-1.0722683272678097,4.856217145788892,113.61028814315796
-2.472029303148281,-1.7056979655151356,5.0,-4.956105082968241,-2.024706206938236,4.932556323278515,-0.9946025356608619,0.0007197259569555383,0.0011281031829048112,-0.10374972498633217,0.2458596688563739,-0.026236992554885825,-0.006131324819186241,0.0003748032213479746,-7.860816992888431e-05,-0.0056785425385896815,5458,507000000,12.53,0,2,4,-2.8558700017888947,-1.0611757457571447,4.85326529296788,-2.8558700017888947,-1.0611757457571447,4.85326529296788,113.7893750667572
-2.472029303148281,-1.7056979655151356,5.0,-4.911726036846669,-2.0199982371093452,4.9315491936390545,-0.9946447087127461,0.0006891061276788722,0.001128321943043028,-0.10334483756856927,0.24720528241414969,-0.024277014087440943,-0.006173389096703882,0.0003164523036502942,-1.6080184828126676e-05,-0.0035717499031306943,5458,670000000,12.59,0,2,4,-2.7996085094700898,-1.0498365183005072,4.850399414391593,-2.7996085094700898,-1.0498365183005072,4.850399414391593,113.99014735221863
-2.472029303148281,-1.7056979655151356,5.0,-4.872157452145349,-2.015514677793268,4.93066005243335,-0.9946648346344016,0.000643864688384411,0.0011233663461851923,-0.10315129775254356,0.24826894355914136,-0.022560171761356863,-0.006046976388805959,0.0006153078516035748,1.5587422019791575e-05,-0.0015353635603787552,5458,853000000,12.63,0,2,4,-2.7356689582180334,-1.0368971449192157,4.847265650295647,-2.7356689582180334,-1.0368971449192157,4.847265650295647,114.15102910995483
-2.416232874429461,-1.6436203764744557,5.0,-4.832507780928959,-2.010757011044457,4.929792703441646,-0.9946701693564266,0.0005987934905308977,0.0011163333551474195,-0.10310019126390252,0.2488428136750617,-0.02099966993490846,-0.005913529506661117,0.0005316673252764303,3.968946060695089e-05,0.00012998455645174545,5459,4000000,12.64,0,2,4,-2.6783260674691074,-1.0253227206893007,4.844540764385564,-2.6783260674691074,-1.0253227206893007,4.844540764385564,114.33097267150879
-2.416232874429461,-1.6436203764744557,5.0,-4.792875203830072,-2.0057667059560975,4.928944729449925,-0.9946619751649335,0.0005599796782971892,0.0011083473926389207,-0.10317951904234679,0.24870639039727313,-0.019698982543038764,-0.005793680455424449,0.00045837088293865236,5.832925182858162e-05,0.0017194476981785556,5459,166000000,12.62,0,2,4,-2.620569435382975,-1.0137243252312715,4.8418631833334524,-2.620569435382975,-1.0137243252312715,4.8418631833334524,114.53607511520386
-2.3626599798714096,-1.579475437759419,5.0,-4.753307474937674,-2.0005682458602583,4.928113948221975,-0.9946410632181342,0.0005265628092953926,0.0010996932252171803,-0.1033811818790904,0.24872074306947836,-0.01836818194414589,-0.005686097199631724,0.0003953070887519061,7.23591746520924e-05,0.003230521883779147,5459,318000000,12.58,0,2,4,-2.562459746007712,-1.0021248719565754,4.839226087112461,-2.562459746007712,-1.0021248719565754,4.839226087112461,114.73401379585266
-2.3626599798714096,-1.579475437759419,5.0,-4.708873082510352,-1.9944518690053834,4.927204590127435,-0.9946024229227279,0.00048265831719459916,0.0010851198877610913,-0.1037526379038946,0.2483435571862199,-0.01693162904401062,-0.005491496319876402,0.0005042587076786731,0.00014943071988682277,0.004876290768152103,5459,490000000,12.51,0,2,4,-2.5040556763328823,-0.9905529850993066,4.836604549763007,-2.5040556763328823,-0.9905529850993066,4.836604549763007,114.92365741729736
-2.3626599798714096,-1.579475437759419,5.0,-4.664545943065645,-1.9880461293164522,4.9263288908896055,-0.9945484307819433,0.00041660402850598853,0.0010631933181608185,-0.10426943411290546,0.24826767260223975,-0.015418217277773672,-0.005303521786600234,0.0007626140018146543,0.00018063584548144718,0.006448490921684424,5459,666000000,12.42,0,2,4,-2.4380560348618485,-0.9775923628741391,4.833664770890721,-2.4380560348618485,-0.9775923628741391,4.833664770890721,115.1200807094574
-2.311398253509508,-1.5133341969800527,5.0,-4.610537457949351,-1.9798269950484486,4.925298601268889,-0.9944639736518036,0.0003439898847118775,0.0010356530561660112,-0.10507242360567759,0.24743394760780082,-0.01382355708345943,-0.005088748472430334,0.0004982560028565786,0.00016986433735155515,0.007988214747456368,5459,848000000,12.3,0,2,4,-2.371803790672797,-0.9647145047358683,4.830733873741563,-2.371803790672797,-0.9647145047358683,4.830733873741563,115.34772610664368
-2.311398253509508,-1.5133341969800527,5.0,-4.576341156553912,-1.9744087916869637,4.924670493931419,-0.994402586110753,0.0003157907172096767,0.0010232658376257847,-0.10565202288406345,0.24652344665655143,-0.012939799297778313,-0.0049007292732232725,0.0003789981121826713,0.00011646408140109088,0.008560134119761642,5460,62000000,12.12,0,2,4,-2.290548077405093,-0.9490685762417025,4.827161985790507,-2.290548077405093,-0.9490685762417025,4.827161985790507,115.51033735275269
-2.26253351870906,-1.445271679093754,5.0,-4.532586027896145,-1.9672250716901356,4.923892604718436,-0.994315984172758,0.0002750035460504909,0.0010077195327439898,-0.10646423104945696,0.2456364551173662,-0.011562575154402975,-0.004757126578418391,0.0004936945856570674,0.00015099602279633473,0.009625885923014721,5460,216000000,11.95,0,2,4,-2.23129094141542,-0.9377686179827401,4.824570566549394,-2.23129094141542,-0.9377686179827401,4.824570566549394,115.70150518417358
-2.26253351870906,-1.445271679093754,5.0,-4.493905362976144,-1.9606115839753038,4.923216332951847,-0.9942284369465181,0.00023922243482877155,0.000991104989549263,-0.10727896182574448,0.24438927462301593,-0.010514486211667307,-0.004666458296609458,0.00042574885412705044,0.0001683954664599696,0.010743473558250116,5460,393000000,11.8,0,2,4,-2.1719174448256364,-0.926548115903397,4.8219839280761425,-2.1719174448256364,-0.926548115903397,4.8219839280761425,115.87109565734863
-2.26253351870906,-1.445271679093754,5.0,-4.45065902080061,-1.9529245941774187,4.9224757086321205,-0.9941181887865049,0.00019439081925045379,0.0009686764198313809,-0.10829612459382676,0.24341311565372034,-0.009034266589277374,-0.004497184024502905,0.0005319482056620473,0.00022880085026599772,0.01191759683933924,5460,553000000,11.63,0,2,4,-2.112440611642161,-0.9154076512233575,4.8194016035231195,-2.112440611642161,-0.9154076512233575,4.8194016035231195,116.05477023124695
-2.216149609821941,-1.3753668730420945,5.0,-4.407672567810937,-1.9449358428009391,4.921765135153521,-0.9939968946641964,0.00015200542110609138,0.0009425134549855541,-0.10940412222888796,0.24212726990105438,-0.007783864306871684,-0.0043245323982386615,0.00045100481429471984,0.0002453395921975243,0.012722944484266918,5460,724000000,11.41,0,2,4,-2.0454259128334,-0.902966214080914,4.816501032846804,-2.0454259128334,-0.902966214080914,4.816501032846804,116.25934624671936
-2.216149609821941,-1.3753668730420945,5.0,-4.3650181178293,-1.9367228512456691,4.921081058812484,-0.9938653573885616,0.0001163200940799443,0.0009169859152649557,-0.11059293372260875,0.2403833600181012,-0.006884502067512272,-0.004172125320333327,0.000381315143727079,0.0002358667742896614,0.013708497499465011,5460,914000000,11.17,0,2,4,-1.978329524764536,-0.8906126014156974,4.813604557938027,-1.978329524764536,-0.8906126014156974,4.813604557938027,116.44118309020996
-2.216149609821941,-1.3753668730420945,5.0,-4.327378686530213,-1.9292326632434413,4.920498313798123,-0.9937396580280331,7.826384520970514e-05,0.0008970949963857081,-0.11171696897815325,0.2392896890234817,-0.005779191328645824,-0.003975979570131341,0.0005004196680147288,0.0001626732526460728,0.014483985796687193,5461,84000000,10.91,0,2,4,-1.9111620055893792,-0.8783442126483333,4.810711717544806,-1.9111620055893792,-0.8783442126483333,4.810711717544806,116.62104964256287
-2.1723281910977024,-1.303702711105489,5.0,-4.289981559968942,-1.9215305066824793,4.919945458029674,-0.9936073497037938,4.164895681858674e-05,0.0008817578408977462,-0.11288779997447412,0.23787196364432703,-0.00479084128909193,-0.003790026547949693,0.0004320155881032406,0.0001277336991734046,0.0148966951201146,5461,253000000,10.67,0,2,4,-1.8514047429093607,-0.8675076798672217,4.808143027997974,-1.8514047429093607,-0.8675076798672217,4.808143027997974,116.7869827747345
-2.1723281910977024,-1.303702711105489,5.0,-4.252882663277808,-1.9136556170505177,4.919423694330131,-0.9934696592984495,9.532963960358506e-07,0.0008656047692415531,-0.11409332487440776,0.2361582408809077,-0.003963068254184433,-0.003556190709253626,0.000545964871889737,0.00017012941668781423,0.015437699039466679,5461,410000000,10.42,0,2,4,-1.7916041243450715,-0.8567327984902604,4.805576177483564,-1.7916041243450715,-0.8567327984902604,4.805576177483564,116.95823645591736
-2.1723281910977024,-1.303702711105489,5.0,-4.206936957438139,-1.9035727902036468,4.918823281242842,-0.9932874053925191,-4.756816945302795e-05,0.0008412424821383144,-0.11566944426663728,0.2343419358484995,-0.0027633857376559014,-0.0032698601801267645,0.0004538221418215471,0.0001962939464306146,0.016237403542618267,5461,569000000,10.17,0,2,4,-1.7317810985598927,-0.8460222741140245,4.803001046177987,-1.7317810985598927,-0.8460222741140245,4.803001046177987,117.1667160987854
-2.1311485730830233,-1.230366040701051,5.0,-4.175045157287685,-1.8963367617564635,4.918433659272281,-0.9931530010405728,-7.636696774085129e-05,0.0008240045743371591,-0.11681794258011668,0.23293235205524007,-0.001941666843197311,-0.003091443943721534,0.00039833816174450476,0.00019689991006544005,0.016714133744244464,5461,758000000,9.83,0,2,4,-1.6569830794815052,-0.8327198018615845,4.799766190793534,-1.6569830794815052,-0.8327198018615845,4.799766190793534,117.33255887031555
-2.1311485730830233,-1.230366040701051,5.0,-4.1388902787102895,-1.8879125287475356,4.918015764523433,-0.9929950022934391,-0.00010492095362922755,0.0008050492255909664,-0.11815357086263117,0.23112393168955267,-0.0012070218276717187,-0.0029076694509279867,0.00034349560849022964,0.0001893936740771096,0.016834509006002918,5461,917000000,9.56,0,2,4,-1.5971308626835823,-0.8221389102357933,4.79716692939727,-1.5971308626835823,-0.8221389102357933,4.79716692939727,117.50188732147217
-2.0926875267610416,-1.1554475883514095,5.0,-4.094155867347747,-1.877154084929442,4.91752981819225,-0.9927899557431421,-0.00013508022571136875,0.0007830286984229484,-0.11986439168877383,0.22915856490999778,4.111690630713156e-05,-0.0027050975039870284,0.00028494944785961707,0.0001761098545216555,0.017679398115433287,5462,76000000,9.27,0,2,4,-1.537267793936022,-0.8116055591072788,4.794564693365733,-1.537267793936022,-0.8116055591072788,4.794564693365733,117.69775080680847
-2.0926875267610416,-1.1554475883514095,5.0,-4.063126326603156,-1.8694388495172574,4.9172110484180696,-0.9926390211012487,-0.00015309373550058934,0.000768715449706404,-0.12110804856003654,0.22773343975879756,0.0008556023359916857,-0.002579306957618489,0.00025029935386555735,0.00016661805091189308,0.01804879957489902,5462,259000000,8.94,0,2,4,-1.4699109799137773,-0.7998060505755311,4.791644587811499,-1.4699109799137773,-0.7998060505755311,4.791644587811499,117.85997915267944
-2.0926875267610416,-1.1554475883514095,5.0,-4.023562961991141,-1.8592769004770313,4.9168294544297515,-0.9924376603914511,-0.0001836697998136157,0.0007526825979612285,-0.12274726054398827,0.2262688520301372,0.0023369218801183598,-0.0023613312699802417,0.0003838782333787094,9.741570323740234e-05,0.018657293549040332,5462,411000000,8.68,0,2,4,-1.4175194630452639,-0.7906709225788112,4.789387006483217,-1.4175194630452639,-0.7906709225788112,4.789387006483217,118.05392551422119
-2.057019095700143,-1.0790419155556983,5.0,-3.988702166706405,-1.8499763048742806,4.916529809184648,-0.9922513623554257,-0.00022293931690902134,0.0007385470399989683,-0.12424427049217313,0.22476743826544104,0.0034467994237308576,-0.002088275610892212,0.0005015778242523083,0.00013035293306984386,0.018997340157511644,5462,594000000,8.34,0,2,4,-1.3501627305621622,-0.7789714654406961,4.786503220708158,-1.3501627305621622,-0.7789714654406961,4.786503220708158,118.20979571342468
-2.057019095700143,-1.0790419155556983,5.0,-3.9584543393735796,-1.841681466506867,4.916302104688973,-0.9920844272309032,-0.0002551918182976538,0.0007244164523680106,-0.1255702964234381,0.22327255052462833,0.004145471864087898,-0.0018635684437662673,0.00043974187917683594,0.00014589621031291244,0.019161339878337458,5462,740000000,8.03,0,2,4,-1.290306100301937,-0.7685992337488727,4.783955389162593,-1.290306100301937,-0.7685992337488727,4.783955389162593,118.3797960281372
-2.057019095700143,-1.0790419155556983,5.0,-3.9199274133075632,-1.8308112416354434,4.916051623694829,-0.9918638084572746,-0.00029065984343779516,0.0007060325530707708,-0.12730122743917266,0.22158701224201627,0.005447475391828323,-0.0016044326105323747,0.0003707542020947585,0.00015075011390308646,0.019645996871986426,5462,896000000,7.72,0,2,4,-1.2304700378295323,-0.7582409645931733,4.7814203182184505,-1.2304700378295323,-0.7582409645931733,4.7814203182184505,118.5705053806305
-2.024214406500245,-1.0012473662980699,5.0,-3.8817983246548993,-1.8196595993281441,4.915843488197334,-0.9916350153648281,-0.0003204580566067962,0.0006882010031177174,-0.1290713755579062,0.21973475768098635,0.006546841429886455,-0.0013754764798337318,0.0003126301550082644,0.00014810418207389375,0.019961290490755346,5463,75000000,7.4,0,2,4,-1.1706658576347255,-0.7478851924749109,4.778896362507048,-1.1706658576347255,-0.7478851924749109,4.778896362507048,118.74601554870605
-2.024214406500245,-1.0012473662980699,5.0,-3.852431965952415,-1.8108343933574305,4.9157075704069255,-0.9914530050266998,-0.0003403159682357476,0.0006749896593721098,-0.1304621301279726,0.21819787075349079,0.00725178305327958,-0.0012161007437292194,0.0002737487477588729,0.00014300451454118956,0.02009316121984739,5463,238000000,7.04,0,2,4,-1.1034414539009312,-0.7362389447432093,4.776068454510911,-1.1034414539009312,-0.7362389447432093,4.776068454510911,118.90967535972595
-2.024214406500245,-1.0012473662980699,5.0,-3.8150433184903565,-1.7992776311322338,4.915562502219719,-0.9912137767006941,-0.00036223400666517103,0.0006590195283908753,-0.13226746901083503,0.2164947719576702,0.008554178549378833,-0.0010327042151557233,0.0002307302224835439,0.00013461938408454444,0.020386398500704672,5463,390000000,6.76,0,2,4,-1.0511968125711466,-0.7271846121453355,4.7738764452525055,-1.0511968125711466,-0.7271846121453355,4.7738764452525055,119.10192012786865
-1.994341477843458,-0.9221660059343091,5.0,-3.7821502382472483,-1.7887679808037307,4.915458625191758,-0.9909945418875516,-0.00037880253533942526,0.0006457943327053245,-0.13390017702527685,0.21485931166012445,0.009592227866331949,-0.0008879100650990753,0.00019800353356913547,0.00012692046453821604,0.02075646370940376,5463,569000000,6.39,0,2,4,-0.9840792579854873,-0.7155498096047908,4.771066609064977,-0.9840792579854873,-0.7155498096047908,4.771066609064977,119.25954723358154
-1.994341477843458,-0.9221660059343091,5.0,-3.7536462675201743,-1.779422409487935,4.91538496342963,-0.9907991403733309,-0.00039137506309650725,0.0006349526663508766,-0.13533849081521515,0.2132598972695944,0.010364222786183307,-0.0007738166536142519,0.00017351844263657767,0.00011966225699211464,0.020648239478759933,5463,717000000,6.07,0,2,4,-0.9244783294632257,-0.705197343368424,4.768575852509686,-0.9244783294632257,-0.705197343368424,4.768575852509686,119.4151861667633
-1.994341477843458,-0.9221660059343091,5.0,-3.7213942518782757,-1.7685726170639615,4.915318417126,-0.990572660975485,-0.0004209862314220898,0.0006172968201927701,-0.13698629509252158,0.21171398543388995,0.011458702536177263,-0.0006555207432351693,0.0004970752172539505,0.00021709769271183177,0.02103129700117279,5463,861000000,5.8,0,2,4,-0.8723730972247653,-0.6961319943134575,4.766401137997414,-0.8723730972247653,-0.6961319943134575,4.766401137997414,119.59375214576721
-1.9674650284751696,-0.8419035512031989,5.0,-3.693438194333798,-1.7589040727742749,4.915274068943638,-0.990368271480546,-0.00045179205670054266,0.0005952248885341538,-0.13845623292544418,0.21025214970361902,0.012376934747220571,-0.000560458818529774,0.00043745989160015597,0.00025863315045171476,0.021320710038708057,5464,24000000,5.48,0,2,4,-0.8128746711282997,-0.6857628103835152,4.7639199107737795,-0.8128746711282997,-0.6857628103835152,4.7639199107737795,119.7498664855957
-1.9674650284751696,-0.8419035512031989,5.0,-3.657886129466678,-1.7462710670468482,4.915233849271508,-0.9901011852769894,-0.0004853289980880675,0.0005661362915665265,-0.1403534355068065,0.20825801956193385,0.013384627535696155,-0.00045046336202377425,0.00036916696330990817,0.00025485776689038175,0.021171922890061978,5464,174000000,5.21,0,2,4,-0.7608671449326817,-0.6766796066317105,4.761743898022389,-0.7608671449326817,-0.6766796066317105,4.761743898022389,119.93283295631409
-1.9674650284751696,-0.8419035512031989,5.0,-3.630532939320372,-1.7362795415409762,4.9152142631336035,-0.9898909813557029,-0.0005262759195572412,0.0005463406982095288,-0.14182831020688802,0.20695814961466202,0.014464912063009903,-0.00037564239351587557,0.0006704978773086623,0.00012605991344116774,0.021415176888694987,5464,343000000,4.87,0,2,4,-0.6940786702034385,-0.6649799122893753,4.758932498235093,-0.6940786702034385,-0.6649799122893753,4.758932498235093,120.09434938430786
-1.943646284461102,-0.7605692911164427,5.0,-3.59572109797172,-1.723178293343333,4.915207783451754,-0.9896140476691448,-0.0005707782248867874,0.000529834517316361,-0.14374780048228125,0.2052763401126184,0.01572897959259079,-0.00021917731738191446,0.0003936900100143248,0.0001020961612141491,0.021644445951096714,5464,494000000,4.61,0,2,4,-0.6422015901710518,-0.6558607546473564,4.756727111340952,-0.6422015901710518,-0.6558607546473564,4.756727111340952,120.27598595619202
-1.943646284461102,-0.7605692911164427,5.0,-3.5651414707080336,-1.7113387061922232,4.91522747540255,-0.9893639699519527,-0.0005991843341395462,0.0005164649566597139,-0.1454589605455559,0.20342613300190235,0.016599666588366424,-7.14187088433564e-05,0.00033677690964850626,0.00010278262152496609,0.02157882190658711,5464,664000000,4.3,0,2,4,-0.5755875544352215,-0.644107133273912,4.753868405560401,-0.5755875544352215,-0.644107133273912,4.753868405560401,120.45897769927979
-1.943646284461102,-0.7605692911164427,5.0,-3.5349054345050086,-1.6993199995017785,4.915263883140765,-0.9891095518604072,-0.0006337187089312915,0.0005045968308321549,-0.1471789325995428,0.20200857607680786,0.017771959302585117,-1.2019411718013955e-05,0.00046100745407784416,3.971704352068173e-05,0.02191470848629251,5464,834000000,4.04,0,2,4,-0.5164516576142354,-0.6336312983805832,4.751309330682937,-0.5164516576142354,-0.6336312983805832,4.751309330682937,120.62185764312744
-1.9229427860856978,-0.6782759984892262,5.0,-3.504980817546808,-1.6870816075099677,4.9153149839859775,-0.9888500435983385,-0.0006674645022686691,0.0004929681245231625,-0.1489123995815333,0.20048454482267536,0.018867329350569156,0.0001566351124535699,0.00039556824447117833,0.0001173666753118141,0.02182525695388904,5464,988000000,3.8,0,2,4,-0.4573810049236468,-0.623116864782822,4.748745811635168,-0.4573810049236468,-0.623116864782822,4.748745811635168,120.77914524078369
-1.9229427860856978,-0.6782759984892262,5.0,-3.479078842407253,-1.67623088824978,4.9153859704961915,-0.9886218746822069,-0.0006921577386739829,0.00047808137469671283,-0.15041968373754427,0.19890328128898171,0.019581777069423146,0.0003312679470439459,0.0003450597347409712,0.00016054187597092096,0.021749958796135616,5465,139000000,3.59,0,2,4,-0.39837513179438966,-0.6125550955339538,4.746183028711666,-0.39837513179438966,-0.6125550955339538,4.746183028711666,120.93063306808472
-1.9229427860856978,-0.6782759984892262,5.0,-3.449805246160006,-1.6636818047972413,4.915490753626851,-0.9883579480632005,-0.0007249907549457786,0.00046021212461136874,-0.1521441063383826,0.1973693264047454,0.020699187519814928,0.00044720716113224554,0.0004695539303156693,0.00011683426706099453,0.021898756676819175,5465,282000000,3.43,0,2,4,-0.3468077292692078,-0.6032723263609973,4.743949172209412,-0.3468077292692078,-0.6032723263609973,4.743949172209412,121.10053372383118
-1.9054081947771935,-0.5951398318827819,5.0,-3.4244606510724998,-1.652530771621642,4.915597174806531,-0.9881235350953601,-0.0007464054448335029,0.0004472227013280883,-0.1536591105708211,0.19597741205942404,0.02163008113058241,0.0005783317810982008,0.0002364588894465669,0.000136346800161391,0.021872848992643412,5465,441000000,3.28,0,2,4,-0.2879438660158339,-0.5926183245894853,4.741405612952561,-0.2879438660158339,-0.5926183245894853,4.741405612952561,121.26151013374329
-1.9054081947771935,-0.5951398318827819,5.0,-3.3958176209621747,-1.6396294960772897,4.915742251972939,-0.987853296216437,-0.0007624782388077812,0.00043182948475746247,-0.15538692771450074,0.19428006727923045,0.022532736117407727,0.0007328467069536543,0.00020026340621370764,0.0001473506344495945,0.021857672254554927,5465,591000000,3.19,0,2,4,-0.23649619638404296,-0.5832532275510355,4.739187302999627,-0.23649619638404296,-0.5832532275510355,4.739187302999627,121.41955804824829
-1.9054081947771935,-0.5951398318827819,5.0,-3.3675146830564824,-1.6265547100244864,4.915901044580483,-0.9875799215319645,-0.0007944369816795327,0.0004138257164655087,-0.15711491401225192,0.19283707317986268,0.02372115591644689,0.0007352111023183969,0.0005187673025375261,0.00013925581612284077,0.021883940644329414,5465,738000000,3.12,0,2,4,-0.17776335502712576,-0.572499856168658,4.7366594665104405,-0.17776335502712576,-0.572499856168658,4.7366594665104405,121.60595464706421
-1.8910921004649763,-0.5112802277408883,5.0,-3.343014367373998,-1.6149386887744535,4.9160347245522615,-0.9873378053627824,-0.0008271531145217801,0.00039817555712529735,-0.15862917567507911,0.19153738552516675,0.02472820885392573,0.0006995769880510696,0.00045616892805355747,0.00012293264575191643,0.021928197020315565,5465,911000000,3.11,0,2,4,-0.11909944880485847,-0.5616895485885738,4.73413704611955,-0.11909944880485847,-0.5616895485885738,4.73413704611955,121.7592670917511
-1.8910921004649763,-0.5112802277408883,5.0,-3.3118887827501116,-1.5998050298077584,4.916203848974573,-0.9870233117374609,-0.0008537735629731767,0.0003801408121133394,-0.16057430881209217,0.18971932542210362,0.025766867630829665,0.0007273424952946629,0.00021090797304168518,0.00015623658100594184,0.021821440168423578,5466,56000000,3.13,0,2,4,-0.0678351535404688,-0.5521800534993043,4.731925073788285,-0.0678351535404688,-0.5521800534993043,4.731925073788285,121.94645500183105
-1.8910921004649763,-0.5112802277408883,5.0,-3.2845736734424884,-1.58616077840557,4.91636188568654,-0.986740710656577,-0.0008887330950817143,0.00035974875891551177,-0.16230172724672187,0.18841469892151247,0.02706704082188991,0.0007771926347224592,0.0005224560936767375,0.00016480777276228764,0.021954576550342608,5466,228000000,3.22,0,2,4,-0.0020201943379491174,-0.5398759807340963,4.729072378972047,-0.0020201943379491174,-0.5398759807340963,4.729072378972047,122.11334466934204
-1.8800398297952032,-0.42681978251394254,5.0,-3.2575670629623636,-1.5722924530102318,4.91652711620775,-0.9864532436297831,-0.0009253744640157549,0.00033926468267794926,-0.16403971078326174,0.18706831419262263,0.028259225454866393,0.0008216432150122283,0.0004489094095561086,0.00015297335096420284,0.022070391969464254,5466,384000000,3.35,0,2,4,0.05638301134799008,-0.5288604442922945,4.726528986029931,0.05638301134799008,-0.5288604442922945,4.726528986029931,122.27534627914429
-1.8800398297952032,-0.42681978251394254,5.0,-3.2342019353607556,-1.5600078824378332,4.91668059999407,-0.9862006197807243,-0.0009446041033669111,0.00032268294982957727,-0.1655516268205086,0.1857050865466702,0.02909992554519142,0.0009185881104588455,0.00021735033897130052,0.00018962016383738955,0.021682409351342358,5466,537000000,3.52,0,2,4,0.11469422141559214,-0.5177619503134536,4.723982936427645,0.11469422141559214,-0.5177619503134536,4.723982936427645,122.43085479736328
-1.8800398297952032,-0.42681978251394254,5.0,-3.2110924784536827,-1.5475917486550104,4.916845948113142,-0.985949293428479,-0.0009639049499873677,0.00030539347661214916,-0.16704181635133847,0.18447512087029158,0.03021420297800369,0.0009695741503164129,0.0003635560659631665,0.00015317218213795059,0.021577793086180463,5466,678000000,3.69,0,2,4,0.16563447319873345,-0.5079800080466315,4.72176106445161,0.16563447319873345,-0.5079800080466315,4.72176106445161,122.58807253837585
-1.8722922556511628,-0.341884124577298,5.0,-3.184992521073941,-1.5331982522872971,4.917039041621604,-0.9856601387259902,-0.0009893514530694416,0.00028913341417149925,-0.16873952860024444,0.18298399044560584,0.031440651776850854,0.0009935483542538642,0.0003143604800470712,0.00010850318190591679,0.021453716908581555,5466,823000000,3.89,0,2,4,0.21650380208458012,-0.49812363428643824,4.719544455224905,0.21650380208458012,-0.49812363428643824,4.719544455224905,122.75430178642273
-1.8722922556511628,-0.341884124577298,5.0,-3.1624394935847917,-1.5204697179362587,4.917214514057029,-0.9854060699420897,-0.0010002699685810721,0.00027732803306195283,-0.1702169200474421,0.18152481693849662,0.03222184047255644,0.0010745404918307004,9.938913692053575e-05,0.00013731807797512374,0.021393174392869696,5466,979000000,4.14,0,2,4,0.2745582881144146,-0.48675753335527333,4.717016095456699,0.2745582881144146,-0.48675753335527333,4.717016095456699,122.9123044013977
-1.8722922556511628,-0.341884124577298,5.0,-3.1369839670434803,-1.5057769736054398,4.917422562573613,-0.9851133947157817,-0.0010230328371033997,0.0002598818962819207,-0.17190254627771595,0.1801150048161759,0.033481330603674794,0.0010487780470451679,0.0004324399242250365,0.00014748284797860833,0.021388639470387716,5467,129000000,4.37,0,2,4,0.32527579596477474,-0.47672014679201574,4.714799119265787,0.32527579596477474,-0.47672014679201574,4.714799119265787,123.07403635978699
-1.8678856084453814,-0.256601775764857,5.0,-3.1149807232637015,-1.4927433655102245,4.917595268351446,-0.9848547042431787,-0.0010496623055087897,0.00024363817101547805,-0.17337834460960544,0.1788661774336237,0.034605948014951426,0.0009843270270463989,0.0003817273807271704,0.00013555057023495465,0.021420475968625396,5467,280000000,4.65,0,2,4,0.3831486842872689,-0.465133920608909,4.7122571506479085,0.3831486842872689,-0.465133920608909,4.7122571506479085,123.23126554489136
-1.8678856084453814,-0.256601775764857,5.0,-3.0932362979676986,-1.4795741170615604,4.917761973493192,-0.984594626503984,-0.0010794953366074773,0.0002265720877336589,-0.17484909154578743,0.17750822622248238,0.035481060672109904,0.0009776105167477052,0.0005102229465592245,0.00016362830876914813,0.021190587904129643,5467,425000000,4.91,0,2,4,0.4337138762169946,-0.45488488455591536,4.710026109570598,0.4337138762169946,-0.45488488455591536,4.710026109570598,123.38589978218079
-1.8678856084453814,-0.256601775764857,5.0,-3.0717503431305317,-1.4662878294785948,4.917930977225178,-0.9843337720721448,-0.00111064340401326,0.0002071479642631367,-0.1763115104557067,0.1762608708295952,0.03654888625379067,0.00099816567805011,0.0004492979996939539,0.000175994715334582,0.021395522526290733,5467,570000000,5.17,0,2,4,0.48421371576617034,-0.4445219972553478,4.707789244666106,0.48421371576617034,-0.4445219972553478,4.707789244666106,123.53983426094055
-1.866851289671012,-0.17110400235464246,5.0,-3.0475014339035202,-1.4509077907798646,4.918127394580394,-0.9840294450515057,-0.0011411796478596262,0.00018580242480194925,-0.17800200689345053,0.1749424288444143,0.037824913606960976,0.0010195354121625912,0.00038537002637895057,0.00016595068643709965,0.021418981486931443,5467,713000000,5.44,0,2,4,0.5346390443253979,-0.4340409220110009,4.70555410122205,0.5346390443253979,-0.4340409220110009,4.70555410122205,123.70979499816895
-1.866851289671012,-0.17110400235464246,5.0,-3.0235788372789987,-1.4353512848823238,4.918326890582948,-0.9837246320243715,-0.0011672390387000972,0.00016648711155839609,-0.1796787638636888,0.17344572778644715,0.03885173854974674,0.0010385170575364822,0.00033061461692796,0.0001460077342585464,0.021188167011132464,5467,873000000,5.76,0,2,4,0.5921743230799913,-0.4219083667623754,4.703005471022319,0.5921743230799913,-0.4219083667623754,4.703005471022319,123.8670597076416
-1.866851289671012,-0.17110400235464246,5.0,-2.999991085864447,-1.4196280158643897,4.918533577031563,-0.9834206492071877,-0.0011989875915195199,0.0001497920093313324,-0.18133495720357556,0.17211058579541175,0.040196098047013885,0.0011215151821861963,0.0004560109630347142,7.0476605174008e-05,0.020921540817653295,5468,20000000,6.08,0,2,4,0.6496108073965823,-0.4096087452923822,4.700462200345778,0.6496108073965823,-0.4096087452923822,4.700462200345778,124.0472469329834
-1.869215688220526,-0.08552465536015895,5.0,-2.9796240025283076,-1.4056972765565883,4.918723808076967,-0.9831548238932246,-0.0012191250132078295,0.00013922477783873328,-0.18277058463042112,0.17088072720248534,0.041347780578993104,0.0011427586341028594,0.00022448681562536876,8.248905274399476e-05,0.020820102690777276,5468,189000000,6.4,0,2,4,0.706947745411736,-0.39713054031583767,4.697921335788394,0.706947745411736,-0.39713054031583767,4.697921335788394,124.20460605621338
-1.869215688220526,-0.08552465536015895,5.0,-2.953816816250645,-1.3875998038599675,4.9189697146901565,-0.9828131921928909,-0.0012359600170372288,0.00012582751198411397,-0.18459871565613123,0.16919226550791255,0.04247796304584338,0.0011485908602202467,0.00018751886443624244,8.802262527751736e-05,0.020459787810978014,5468,334000000,6.69,0,2,4,0.7570248469126895,-0.38605808733744434,4.6956909555715445,0.7570248469126895,-0.38605808733744434,4.6956909555715445,124.38853430747986
-1.869215688220526,-0.08552465536015895,5.0,-2.934036902188261,-1.373388453423042,4.919161769688424,-0.982548083410026,-0.0012648790115146202,0.00011261422501722992,-0.18600443862017596,0.1680299586360055,0.04366144033984208,0.0011516898138970414,0.0005113933582379104,8.024056228350673e-05,0.020451958880585153,5468,505000000,7.06,0,2,4,0.821274834575739,-0.37159175532014865,4.6928124277809475,0.821274834575739,-0.37159175532014865,4.6928124277809475,124.54055738449097
-1.875,-5.204748896376251e-16,5.0,-2.9089739099842435,-1.3548966086298588,4.919414808763997,-0.9822034733180167,-0.0013145625202793032,9.185177808008755e-05,-0.18781533614339146,0.16649515560844735,0.045065992168360484,0.0012257332499188635,0.0006038887931936188,0.00012439377883310954,0.02050891980616143,5468,648000000,7.34,0,2,4,0.8711212786375815,-0.36014870955752964,4.690565409328092,0.8711212786375815,-0.36014870955752964,4.690565409328092,124.72367143630981
-1.875,-5.204748896376251e-16,5.0,-2.8870534740969833,-1.3383058878374259,4.919648444659314,-0.9818966384908815,-0.0013448716036444696,7.01807338977802e-05,-0.18941271793451786,0.16494784979674731,0.045963065384755405,0.001231490659117914,0.0003485326516283749,0.00019853669357416948,0.02017949900618987,5468,820000000,7.71,0,2,4,0.9350335897645526,-0.3451910022826298,4.6876763638018355,0.9350335897645526,-0.3451910022826298,4.6876763638018355,124.90881061553955
-1.875,-5.204748896376251e-16,5.0,-2.865469695368796,-1.3215706728637955,4.919886955159518,-0.9815908931254107,-0.0013776410375661709,4.716628914404905e-05,-0.1909906238896853,0.16357492298589102,0.04732541137215206,0.0013021728405056827,0.00046945211522597674,0.00015079534847473042,0.02003971785597969,5468,991000000,8.03,0,2,4,0.9916763058808379,-0.33165417834352834,4.685113332804587,0.9916763058808379,-0.33165417834352834,4.685113332804587,125.06368851661682
-1.8842200513874472,0.08533146576184128,5.0,-2.846858737564805,-1.306772387161699,4.920106557188653,-0.9813230649035753,-0.0014059463600652918,3.032082354416821e-05,-0.19236180671779285,0.16237020726382176,0.0483995176038229,0.001369987435640632,0.00040958851741379476,0.00011736267779838272,0.01986802053579595,5469,139000000,8.35,0,2,4,1.0481684738674069,-0.31786895032375606,4.682554111326264,1.0481684738674069,-0.31786895032375606,4.682554111326264,125.22198963165283
-1.8842200513874472,0.08533146576184128,5.0,-2.823302468903798,-1.2875945589763607,4.920402390062079,-0.9809814854012353,-0.0014371881636486515,1.2279491191237012e-05,-0.19409600624274104,0.16068811272338593,0.04941110480061504,0.0014477572018711047,0.00034309510112962016,9.062656474156938e-05,0.019399885422899388,5469,287000000,8.63,0,2,4,1.0974753116864937,-0.3055901424769906,4.680317354660847,1.0974753116864937,-0.3055901424769906,4.680317354660847,125.41479086875916
-1.8842200513874472,0.08533146576184128,5.0,-2.805274509006633,-1.2725608416485392,4.920641977204102,-0.980718589259308,-0.0014579600680625486,3.338289156497006e-07,-0.19541986345702161,0.15948472488522691,0.05062490572179934,0.0015017813937272075,0.00029849289830963244,7.558740549029608e-05,0.01920767917908961,5469,464000000,8.99,0,2,4,1.1606859924129775,-0.2894955151055193,4.677444293232031,1.1606859924129775,-0.2894955151055193,4.677444293232031,125.57149481773376
-1.896886127103417,0.170329203690781,5.0,-2.784988417693844,-1.2552105948140964,4.92092508346985,-0.9804178179837796,-0.0014784074933721658,-1.1587263365712454e-05,-0.19692312296158387,0.15806411824225627,0.05189917733471087,0.0015573953169672628,0.0002543070252158941,6.257672353626731e-05,0.019139295000059064,5469,613000000,9.26,0,2,4,1.2096973581063724,-0.2767299029917393,4.675211212201762,1.2096973581063724,-0.2767299029917393,4.675211212201762,125.73003029823303
-1.896886127103417,0.170329203690781,5.0,-2.762578579911299,-1.2355351733737905,4.921254117049514,-0.9800802854544003,-0.001497797485191148,-2.3250544811290858e-05,-0.19859604760852279,0.15630045066442777,0.052959308211414424,0.0016130205268582638,0.00021240265795086088,5.170121788466986e-05,0.018766122047964018,5469,760000000,9.57,0,2,4,1.2655467010536703,-0.2618645666297352,4.672660257853878,1.2655467010536703,-0.2618645666297352,4.672660257853878,125.92970728874207
-1.896886127103417,0.170329203690781,5.0,-2.740610351722184,-1.2156823945260748,4.921584332527069,-0.9797454261376066,-0.0015267768109817402,-3.960791624841827e-05,-0.20024127283410387,0.15472215015685073,0.05458807547015635,0.001566664460170082,0.0003449478015227214,0.00010693454512988865,0.018591695334180258,5469,948000000,9.91,0,2,4,1.328169239846005,-0.24478156906808066,4.669791451305582,1.328169239846005,-0.24478156906808066,4.669791451305582,126.1186466217041
-1.9130028030815405,0.2548508388341953,5.0,-2.719076696269738,-1.1956343144099704,4.921914877910654,-0.9794134729024727,-0.0015645711498365779,-6.366094757585502e-05,-0.2018583591569051,0.15305158420666193,0.0558058327189046,0.001613448633982657,0.0004567184021198045,0.00017718728884119628,0.01814935003494611,5470,122000000,10.24,0,2,4,1.3905603274294522,-0.2272889625502993,4.6669230600017695,1.3905603274294522,-0.2272889625502993,4.6669230600017695,126.31460618972778
-1.9130028030815405,0.2548508388341953,5.0,-2.700292759645946,-1.1777184388254407,4.922217007690566,-0.9791244481989255,-0.0015944840961332884,-8.708279144934274e-05,-0.2032554180734284,0.15144747810596582,0.056550267320813384,0.0016584127333294052,0.00039110434784106474,0.0001826643284630336,0.017602869411348365,5470,298000000,10.56,0,2,4,1.445284354909343,-0.2105164137450141,4.6646869869563625,1.445284354909343,-0.2105164137450141,4.6646869869563625,126.50188517570496
-1.9130028030815405,0.2548508388341953,5.0,-2.6818488427024207,-1.1597020037418908,4.922526195088815,-0.9788380575757063,-0.0016197115743391995,-0.00010888921016974861,-0.20462996290615454,0.14997015944400344,0.057870746776607675,0.0016988245776019995,0.00033426253480683954,0.0001658365277990015,0.017552708050061483,5470,469000000,10.82,0,2,4,1.4803535556495329,-0.19741085069570802,4.66385988163877,1.4803535556495329,-0.19741085069570802,4.66385988163877,126.66097402572632
-1.9325687849456785,0.33875237418948145,5.0,-2.665998606022751,-1.143817359270316,4.922802100348199,-0.9785875918505829,-0.0016386148212997678,-0.00012602939575911173,-0.2058242554562888,0.14861854290650284,0.058860132089399365,0.0017306259647982907,0.0002912572938384983,0.0001472482793474228,0.017276783546549268,5470,617000000,11.07,0,2,4,1.5036570873834019,-0.18590958481615966,4.664066614525893,1.5036570873834019,-0.18590958481615966,4.664066614525893,126.82443857192993
-1.9325687849456785,0.33875237418948145,5.0,-2.6504133608379226,-1.127862111206185,4.923082444899991,-0.9783403854546722,-0.0016550224831618212,-0.00014128578342372737,-0.20699596886729738,0.14720934008726033,0.05963513584843606,0.001759368865249376,0.00025379119108492887,0.0001278850049857283,0.016950095232459716,5470,766000000,11.27,0,2,4,1.515467509261574,-0.17697902547628366,4.665027430709347,1.515467509261574,-0.17697902547628366,4.665027430709347,126.9794409275055
-1.9325687849456785,0.33875237418948145,5.0,-2.632924729931868,-1.10954704404029,4.9234077779581575,-0.9780618377003183,-0.0016711635377275147,-0.00015652594487051356,-0.20830800355803653,0.14566986217933867,0.060808269471428575,0.0017888161302107891,0.0002165228764283711,0.00010710511304523607,0.01659679583099205,5470,911000000,11.47,0,2,4,1.5200960683022045,-0.1690148144962446,4.666678366892941,1.5200960683022045,-0.1690148144962446,4.666678366892941,127.13946604728699
-1.9555767527187298,0.4218884164988501,5.0,-2.615789339251977,-1.091104322022267,4.923738045705124,-0.977787461930942,-0.0016848991854537094,-0.0001696591146963817,-0.20959201230286928,0.14412354316476877,0.061952625995986485,0.0018150083859230718,0.00018447268814725248,8.878820949576038e-05,0.01625325039640302,5471,60000000,11.68,0,2,4,1.5174873828771158,-0.16097282809909583,4.669343173276087,1.5174873828771158,-0.16097282809909583,4.669343173276087,127.30941963195801
-1.9555767527187298,0.4218884164988501,5.0,-2.6010785387886233,-1.0748940797788733,4.9240306187037755,-0.9775508033106945,-0.0016952290847706058,-0.00017963984448530286,-0.2106929540219415,0.1427208402610554,0.06274085153535958,0.0018355468426084944,0.00016035303076478158,7.491890201549722e-05,0.015944578444759827,5471,219000000,11.89,0,2,4,1.507412373958837,-0.15385334432864903,4.6727684269746,1.507412373958837,-0.15385334432864903,4.6727684269746,127.47645306587219
-1.9555767527187298,0.4218884164988501,5.0,-2.5845913350561136,-1.0562848628362231,4.924364808978423,-0.9772830498852675,-0.001713483671741924,-0.00019312726893623805,-0.21193127915084709,0.14115622195626332,0.06402654681568362,0.001792812306207095,0.0003121851051446356,0.00011255883336502848,0.015770000754855573,5471,373000000,12.06,0,2,4,1.4932630103276194,-0.14829158154121988,4.676309676367793,1.4932630103276194,-0.14829158154121988,4.676309676367793,127.64492058753967
-1.982013212405946,0.5041124131538817,5.0,-2.56846872887699,-1.037542138539871,4.924689555405116,-0.9770166845996155,-0.0017338202382715072,-0.00020977243078074495,-0.21315568929044265,0.13957478883565283,0.06526201380553558,0.0017294316490540338,0.00027041662633564556,0.00012505002189300285,0.015552395598206203,5471,527000000,12.24,0,2,4,1.4718950969860396,-0.14253491570494073,4.680875208321446,1.4718950969860396,-0.14253491570494073,4.680875208321446,127.8223865032196
-1.982013212405946,0.5041124131538817,5.0,-2.5507515515367434,-1.0163496162319778,4.925044160275581,-0.976724036079774,-0.0017530174140533196,-0.00022748072932557146,-0.21449249993065073,0.13775991167290288,0.06634282483751994,0.0016661847946212948,0.00022907671990424205,0.00011286779297847715,0.014867452864564257,5471,691000000,12.43,0,2,4,1.4459567412692842,-0.13723415023123825,4.685873269078054,1.4459567412692842,-0.13723415023123825,4.685873269078054,128.00659489631653
-1.982013212405946,0.5041124131538817,5.0,-2.5353808858881726,-0.9974070771667841,4.925356990568916,-0.976468021636494,-0.001777684544685619,-0.0002461863790351038,-0.21565477493261676,0.1361867825798111,0.06778596363005655,0.0016941523006345604,0.0003662926019387669,0.00015479591581879504,0.01493374829806271,5471,861000000,12.62,0,2,4,1.4124562153647036,-0.1316543233031136,4.6918690871474205,1.4124562153647036,-0.1316543233031136,4.6918690871474205,128.1939239501953
-2.011858355112553,0.5852769001628508,5.0,-2.5185246922521918,-0.9759425845906754,4.925716938263727,-0.9761781920496944,-0.0018035992309098645,-0.0002691510987110952,-0.21696269714881827,0.1344215188289765,0.06916335804307791,0.0017341295803247024,0.00030702428546192095,0.0001589628155329592,0.014823739456915064,5472,35000000,12.79,0,2,4,1.3796889720491547,-0.12685839718030043,4.697422962632245,1.3796889720491547,-0.12685839718030043,4.697422962632245,128.3812916278839
-2.011858355112553,0.5852769001628508,5.0,-2.502109632694377,-0.9543831067776082,4.926084331831023,-0.9758925553475821,-0.0018248631787313634,-0.0002902822904052952,-0.2182436849664547,0.1325636861971588,0.07013196699827932,0.0017696375191231714,0.0002570615350805383,0.00014208279992544703,0.014373878457263345,5472,209000000,12.98,0,2,4,1.3402487708630213,-0.12151543286738897,4.703816949698527,1.3402487708630213,-0.12151543286738897,4.703816949698527,128.5816822052002
-2.0450859243716706,0.6652337611022429,5.0,-2.4861365676630602,-0.9327373531508941,4.926458366755476,-0.9756117613263529,-0.0018424801003052269,-0.0003086766481412823,-0.21949533286040052,0.1307727885905071,0.07147958162220278,0.0018009286706690511,0.00021480067999846142,0.00011936256498756848,0.014178168203216046,5472,395000000,13.16,0,2,4,1.2987721965845815,-0.11619391228204032,4.710252697546133,1.2987721965845815,-0.11619391228204032,4.710252697546133,128.75181126594543
-2.0450859243716706,0.6652337611022429,5.0,-2.474016736699204,-0.9158205665409795,4.926753509017357,-0.9753963992391366,-0.0018540852045211731,-0.00032110786704065504,-0.22045027468596828,0.1294338807501882,0.072419067783913,0.0018226270702768389,0.00018664113667909987,0.00010308341558129541,0.013801386012346484,5472,557000000,13.34,0,2,4,1.2557906608510376,-0.11081949299994799,4.716640600384166,1.2557906608510376,-0.11081949299994799,4.716640600384166,128.90882468223572
-2.0450859243716706,0.6652337611022429,5.0,-2.4621635261292516,-0.8988296766185239,4.927052049382433,-0.9751849220410278,-0.001864128630141865,-0.0003320243119407139,-0.22138379030123406,0.1280326573032165,0.07368733170710753,0.0018422419315063186,0.00016182600575120887,8.750585962502555e-05,0.013591328297479777,5472,703000000,13.48,0,2,4,1.221550894758987,-0.10651696514334569,4.72154414802364,1.221550894758987,-0.10651696514334569,4.72154414802364,129.0680284500122
-2.081663092373604,0.7438344969402783,5.0,-2.4489779108974927,-0.8792854424022462,4.927397246427233,-0.9749457246677329,-0.0018739356345012712,-0.00034285003764740485,-0.22243472024663408,0.12636856343044922,0.07509620532273811,0.0018623627844684136,0.00013719549372126494,7.226204630228494e-05,0.013346620653464925,5472,856000000,13.58,0,2,4,1.1816879164757816,-0.10138016788993244,4.727086553727517,1.1816879164757816,-0.10138016788993244,4.727086553727517,129.24211525917053
-2.081663092373604,0.7438344969402783,5.0,-2.4361632871539594,-0.8596505283630034,4.9277462183987994,-0.9747129346905915,-0.0018822139186919172,-0.0003521677687049489,-0.22345251888372497,0.12467223532596808,0.07621256993039763,0.001880297279793524,0.00011625872886611432,5.990107467823691e-05,0.012722229803330265,5473,15000000,13.76,0,2,4,1.1462743117395762,-0.09662443568065676,4.731888200379797,1.1462743117395762,-0.09662443568065676,4.731888200379797,129.39921307563782
-2.081663092373604,0.7438344969402783,5.0,-2.4252513066166625,-0.8424028980038274,4.92805145733848,-0.9745149084734244,-0.001895179334296152,-0.0003621668752184085,-0.22431444512888282,0.12321762888594603,0.0774906484412631,0.0018391925443506049,0.00027742762824800593,9.539673868630416e-05,0.012664998757827561,5473,164000000,13.9,0,2,4,1.1052917864330474,-0.09082350900242327,4.737327406815869,1.1052917864330474,-0.09082350900242327,4.737327406815869,129.55218124389648
-2.12155034580164,0.8209305065850954,5.0,-2.4131425904818937,-0.8225758163351254,4.9283909579124625,-0.974288501338332,-0.001913062191397405,-0.00037722478900010777,-0.22529561481399774,0.12149769195333626,0.0788389427419423,0.0017701960719874617,0.00024219232841460325,0.00011439122005185709,0.012434887321433052,5473,308000000,14.02,0,2,4,1.0690809619121815,-0.08537452339374198,4.742044009302239,1.0690809619121815,-0.08537452339374198,4.742044009302239,129.72977352142334
-2.12155034580164,0.8209305065850954,5.0,-2.4014092555623394,-0.8026822522196524,4.928720895061399,-0.9740673498622472,-0.001928150845733121,-0.00039187654672467333,-0.22624969966704173,0.11971546262457526,0.07986897730852581,0.001708654566113205,0.00020941409957231372,0.00010730964419281008,0.012076566326868488,5473,474000000,14.15,0,2,4,1.0274054651809554,-0.07866357823825344,4.747383436446273,1.0274054651809554,-0.07866357823825344,4.747383436446273,129.88397598266602
-2.12155034580164,0.8209305065850954,5.0,-2.390049353378182,-0.7827296469542573,4.929038010206095,-0.973848934678246,-0.0019505153413705623,-0.00040513512233650284,-0.22718777207737434,0.11793822932121101,0.08121072960304627,0.0015855701751451591,0.00035669851854436274,3.605522032046338e-05,0.012060111748724012,5473,621000000,14.26,0,2,4,0.985491959397376,-0.07138946071277155,4.752673447908905,0.985491959397376,-0.07138946071277155,4.752673447908905,130.0659418106079
-2.1647013819922893,0.8963733779731449,5.0,-2.3790789076993373,-0.7626819472387769,4.929339694466952,-0.9736319971132614,-0.0019653048537437295,-0.0004137661196544953,-0.22811554215281316,0.11620626429578658,0.08251164796913957,0.0015266413233126263,0.00013668365568264562,5.120668511437998e-05,0.011745144183805678,5473,792000000,14.37,0,2,4,0.9434587757545246,-0.06352220639490325,4.757909556600562,0.9434587757545246,-0.06352220639490325,4.757909556600562,130.22970867156982
-2.1647013819922893,0.8963733779731449,5.0,-2.3671760812202285,-0.7400582771022248,4.929672595809449,-0.9733962401339176,-0.0019746536444143438,-0.0004232918173547938,-0.2291193602910377,0.1142157078785968,0.08359934054832592,0.0014861138159775191,0.00011527241170483649,5.718985072178384e-05,0.011183856531715719,5473,948000000,14.47,0,2,4,0.9013700224070441,-0.05502307597646378,4.76309550750312,0.9013700224070441,-0.05502307597646378,4.76309550750312,130.41434025764465
-2.1647013819922893,0.8963733779731449,5.0,-2.358244937878881,-0.722420323605112,4.92992276934364,-0.973220234700374,-0.0019906663039275753,-0.0004304202201632823,-0.22986567111217204,0.112622804836598,0.08479221460304882,0.0013871879657033096,0.0002764888591855197,-4.635113826090276e-06,0.010780515094666043,5474,118000000,14.59,0,2,4,0.8563571134433752,-0.04481903256923402,4.7684182948793765,0.8563571134433752,-0.04481903256923402,4.7684182948793765,130.5709044933319
-2.2110630161493177,0.9700151894744863,5.0,-2.3483927868771244,-0.7021883739492166,4.930192342054631,-0.9730252553696813,-0.002010856369865284,-0.00043482408823790027,-0.23068944448638884,0.11094129490547602,0.085978168920989,0.0012742986494448732,0.00024160395071248786,-3.9926400674517026e-05,0.010403361739008687,5474,267000000,14.68,0,2,4,0.8250369032700996,-0.03658398708815838,4.7718182876343835,0.8250369032700996,-0.03658398708815838,4.7718182876343835,130.7408971786499
-2.2110630161493177,0.9700151894744863,5.0,-2.3388887505001588,-0.6819175378721475,4.930450951424512,-0.9728381026754176,-0.0020188017695700194,-0.00043677360786785707,-0.2314773415501486,0.1092029969670848,0.08682974252675281,0.0012450243344126937,3.547898153044571e-05,5.236173272749056e-06,0.009860112913884223,5474,424000000,14.82,0,2,4,0.7932847284927141,-0.027783131329958948,4.774988079875719,0.7932847284927141,-0.027783131329958948,4.774988079875719,130.905859708786
-2.2110630161493177,0.9700151894744863,5.0,-2.3297454724013678,-0.6616169533254321,4.930703895122528,-0.9726584563680166,-0.0020308348657190997,-0.00044059939451708584,-0.23223093858852784,0.10736887768412137,0.08811229345303159,0.0011652670342545037,0.00020425941897883604,-2.9858335892640753e-05,0.009567607412463985,5474,579000000,15.01,0,2,4,0.7662002638509025,-0.02123104941640189,4.7774464958550755,0.7662002638509025,-0.02123104941640189,4.7774464958550755,131.09499835968018
-2.2605751003508394,1.0417088213510084,5.0,-2.3209908026463237,-0.6412533393743339,4.930943346788556,-0.9724834126195533,-0.0020461401658143697,-0.0004423431376008088,-0.23296272195953993,0.10551440878697538,0.08927252833686179,0.0010757617937654953,0.00017884416791957847,-5.0824339581367894e-05,0.009265434255212313,5474,753000000,15.25,0,2,4,0.743257348663438,-0.016789933425910654,4.779262195974064,0.743257348663438,-0.016789933425910654,4.779262195974064,131.25749802589417
-2.2605751003508394,1.0417088213510084,5.0,-2.312602552765119,-0.6208634467081652,4.931174800312476,-0.972316259824429,-0.0020503513301986425,-0.0004424902361014482,-0.23365934850300069,0.10368219140177941,0.09018741085333941,0.0010636658698698587,-1.986186592972672e-05,-4.2359158819449405e-07,0.008617300227342639,5474,905000000,15.57,0,2,4,0.7244269261320131,-0.01509230481017285,4.780527128842676,0.7244269261320131,-0.01509230481017285,4.780527128842676,131.43688678741455
-2.2605751003508394,1.0417088213510084,5.0,-2.304583034381453,-0.6004534257089733,4.931408621722872,-0.9721623179935113,-0.0020673504685167305,-0.0004494213930014982,-0.23429885094881414,0.10177079709453171,0.09139354259969962,0.001073883026752731,0.00032635342392950406,2.743533507043594e-05,0.007886713956395397,5475,73000000,15.93,0,2,4,0.7085953645763211,-0.015268170003886602,4.781340401110849,0.7085953645763211,-0.015268170003886602,4.781340401110849,131.59291291236877
-2.313170455097037,1.1113082769611964,5.0,-2.296020425834864,-0.5774457232983827,4.931675056701959,-0.9720025702987223,-0.0020925481688731573,-0.0004599147003134499,-0.23496044997681315,0.09963434618583762,0.09259124422756347,0.0010834089244709912,0.00027516866509813553,3.277484665886732e-05,0.0073066172717517475,5475,221000000,16.31,0,2,4,0.6939173639299071,-0.016287318928336136,4.78185209216067,0.6939173639299071,-0.016287318928336136,4.78185209216067,131.78837299346924
-2.313170455097037,1.1113082769611964,5.0,-2.2896736865759593,-0.5595531126910326,4.931889693979704,-0.9718877087482779,-0.0020985803641112113,-0.0004671860202990802,-0.2354350425949806,0.09800913290891458,0.0932263824187606,0.0011655903566014129,6.536297760817433e-05,8.933921904485942e-05,0.006729544520567288,5475,404000000,16.77,0,2,4,0.6782617770967335,-0.018307305613177675,4.78213471958865,0.6782617770967335,-0.018307305613177675,4.78213471958865,131.94832730293274
-2.313170455097037,1.1113082769611964,5.0,-2.281906795997903,-0.5365550047668627,4.932173182322652,-0.9717540530661519,-0.0021207136468225033,-0.00048335575674318123,-0.23598586671736638,0.09585263787560429,0.09443915815042687,0.0011204870547778603,0.00039969156659935834,0.00010798633098829669,0.005862646457899245,5475,552000000,17.13,0,2,4,0.6664101005143845,-0.02044824056574754,4.782181638832303,0.6664101005143845,-0.02044824056574754,4.782181638832303,132.1397566795349
-2.368774814152509,1.178669013360757,5.0,-2.2746220293327,-0.5135322074812464,4.9324415351731545,-0.9716420904199228,-0.002150497787909206,-0.0005012969565284681,-0.23644612956237626,0.09364312666716827,0.09556910698993418,0.0010252463607104275,0.0003411618195059418,9.767437205709939e-05,0.004801783506991342,5475,732000000,17.62,0,2,4,0.6514975132693386,-0.0240325628302865,4.782060074630135,0.6514975132693386,-0.0240325628302865,4.782060074630135,132.34100532531738
-2.368774814152509,1.178669013360757,5.0,-2.2670391655301714,-0.4879652144431996,4.932732330528468,-0.9715438565485688,-0.002163339093161328,-0.0005184491968702474,-0.2368492895854492,0.09143047365198984,0.09651674461336743,0.0010344750617001556,0.00011657744494186772,0.00014699838288834144,0.0036676760373666184,5475,916000000,18.13,0,2,4,0.6366563408414522,-0.028729917501095735,4.781796045928753,0.6366563408414522,-0.028729917501095735,4.781796045928753,132.5458905696869
-2.427306783441804,1.2436482809025367,5.0,-2.26068645743127,-0.46493757534425995,4.932989393736042,-0.9714867266010074,-0.002183805644390352,-0.0005339636998640663,-0.2370832889803372,0.08920344944398462,0.09801820556896572,0.0009530921062921346,0.00026573962657039374,7.702532442976917e-05,0.001996386345126666,5476,102000000,18.68,0,2,4,0.6170716061637298,-0.033630861659166934,4.78181517510691,0.6170716061637298,-0.033630861659166934,4.78181517510691,132.74650526046753
-2.427306783441804,1.2436482809025367,5.0,-2.2554403016272704,-0.44444637611405574,4.933213963082907,-0.9714599670594015,-0.0021894430378462215,-0.0005433834831956456,-0.23719284026825216,0.0871711614418717,0.09901119703711965,0.0009713270340116296,5.7852956203419126e-05,0.00010677361501620908,0.0009963573688764882,5476,283000000,19.12,0,2,4,0.5948713551012149,-0.03632522916733348,4.782406580922753,0.5948713551012149,-0.03632522916733348,4.782406580922753,132.93472504615784
-2.427306783441804,1.2436482809025367,5.0,-2.2500014090728793,-0.4213751254709696,4.933465304739814,-0.9714569761490532,-0.0022037811415741917,-0.0005541344467861082,-0.23720493202088466,0.0847213543572801,0.100634768478933,0.0009112175461570644,0.00021912617711450366,4.561609152631263e-05,-0.00062748699747317,5476,456000000,19.46,0,2,4,0.5690799766692007,-0.03692610131341864,4.7834681171397495,0.5690799766692007,-0.03692610131341864,4.7834681171397495,133.12531328201294
-2.4886778147590656,1.3061054713914066,5.0,-2.2450685376898654,-0.39827301228183765,4.933705041236498,-0.9714846627540445,-0.002195577134029145,-0.0005604355287761827,-0.23709157595057434,0.0823688362011363,0.1017897049542706,0.0008445382864228161,-0.00015036938378898412,0.00013649280390382046,-0.0017889580817609385,5476,632000000,19.8,0,2,4,0.5437731216617133,-0.03548436465088988,4.784733881523316,0.5437731216617133,-0.03548436465088988,4.784733881523316,133.31579995155334
-2.4886778147590656,1.3061054713914066,5.0,-2.2415377389522497,-0.3803242041005298,4.933883852346415,-0.9715213399774922,-0.002183667778280462,-0.0005680236845421802,-0.23694133221636476,0.08063056393804498,0.10252397969879856,0.0007992139798472433,-0.00013052476077746178,0.00015672931965582393,-0.002541283151913376,5476,799000000,20.08,0,2,4,0.5132409741278071,-0.03169059455101267,4.786455362109241,0.5132409741278071,-0.03169059455101267,4.786455362109241,133.50939464569092
-2.4886778147590656,1.3061054713914066,5.0,-2.2373979625597697,-0.3572614822484999,4.934105119510554,-0.9715930280864754,-0.0021890481574232496,-0.0005877643644630852,-0.2366471009223855,0.07818638202492215,0.10386941931295121,0.000744561327041685,0.00023539521265547592,0.0002647318893878037,-0.0042455732000235,5476,951000000,20.26,0,2,4,0.48828452514726745,-0.02724228910858846,4.787983813916494,0.48828452514726745,-0.02724228910858846,4.787983813916494,133.70389032363892
-2.5527921950528976,1.365902474300486,5.0,-2.23375053013185,-0.3342072221716476,4.934318158839269,-0.9717022342781012,-0.002202238949624783,-0.000616216997931463,-0.23619809126909946,0.07567793953302915,0.10492057883435868,0.0006955875819171491,0.0002002864164296625,0.00028741703488321946,-0.005781377285529743,5477,133000000,20.45,0,2,4,0.45497437593206097,-0.019804184596693097,4.790183479269929,0.45497437593206097,-0.019804184596693097,4.790183479269929,133.8868842124939
-2.5527921950528976,1.365902474300486,5.0,-2.2308797572358627,-0.3137600544144972,4.9345012711369405,-0.9718216986046655,-0.002211757140857359,-0.0006400473100944839,-0.2357059282048996,0.07357968799726625,0.1056931007775399,0.0006569958081427288,0.00017279834736427802,0.0002623690164682557,-0.006747842417098582,5477,303000000,20.59,0,2,4,0.4205614722501854,-0.010588802889002867,4.792623661712066,0.4205614722501854,-0.010588802889002867,4.792623661712066,134.0619456768036
-2.6195470520451885,1.422904040504092,5.0,-2.228366836513446,-0.29334792897428497,4.934679264917794,-0.9719633666781566,-0.002219961125350127,-0.0006607446243837382,-0.23512092425985093,0.07120424954545064,0.1068030964266525,0.0006223061569779452,0.00014867921578343157,0.00022811575917103255,-0.008251012150140014,5477,466000000,20.67,0,2,4,0.38927075117751414,-0.001101294329268226,4.7949728653152075,0.38927075117751414,-0.001101294329268226,4.7949728653152075,134.231924533844
-2.6195470520451885,1.422904040504092,5.0,-2.226244789177858,-0.27296216903245296,4.934852875526556,-0.972127501243724,-0.0022272162349694404,-0.0006779377048033149,-0.23444125326815696,0.0688783241814154,0.10771335107230366,0.000591042947640028,0.00012816769157097951,0.00019027576882990616,-0.009068151030078297,5477,625000000,20.73,0,2,4,0.3574256932800958,0.009497795744873536,4.797456524459444,0.3574256932800958,0.009497795744873536,4.797456524459444,134.395024061203
-2.6195470520451885,1.422904040504092,5.0,-2.2247069674001905,-0.25515497443799084,4.935001596144615,-0.9722848631122458,-0.0022329437737510223,-0.000690309439133239,-0.233787686582897,0.06657343538995183,0.10880064339019946,0.0005662314587285224,0.00011229227041553713,0.00016244812144350362,-0.010156950884265825,5477,777000000,20.75,0,2,4,0.3251824563762187,0.02102870078040744,4.800059274670108,0.3251824563762187,0.02102870078040744,4.800059274670108,134.56506991386414
-2.688832376937758,1.4769781529302695,5.0,-2.2233650482700185,-0.23482135997242734,4.935168567752922,-0.9724843458485919,-0.0022388739916428,-0.0007017261253464104,-0.23295641674598877,0.06390720971292699,0.10995522498827644,0.0005405098727149413,9.658745625529264e-05,0.00013285285547226522,-0.011087416260124883,5477,935000000,20.75,0,2,4,0.2967295160477636,0.031747645116513803,4.802431890291752,0.2967295160477636,0.031747645116513803,4.802431890291752,134.72992992401123
-2.688832376937758,1.4769781529302695,5.0,-2.2224211099667355,-0.21453349996437632,4.935332568243842,-0.9726983547824879,-0.0022442532068025853,-0.0007106077722877633,-0.23206113196220274,0.06151589082353477,0.11078249962200182,0.0005173566020129129,8.319115423205403e-05,0.00010812407182925199,-0.011878418627020437,5478,90000000,20.73,0,2,4,0.26395027061896575,0.04467814966287699,4.805236706913712,0.26395027061896575,0.04467814966287699,4.805236706913712,134.89033246040344
-2.688832376937758,1.4769781529302695,5.0,-2.221904466451512,-0.19682601289311602,4.935473888164169,-0.9728989735234232,-0.0022485504335391076,-0.0007166411735414079,-0.23121854978233342,0.059150529312197754,0.11172442080653011,0.0004990211636520875,7.275288922414802e-05,9.106106304557215e-05,-0.012870777391071897,5478,239000000,20.69,0,2,4,0.2309571148978379,0.05823217774614379,4.808118388114367,0.2309571148978379,0.05823217774614379,4.808118388114367,135.0731565952301
-2.760531064952948,1.527996403481804,5.0,-2.221721767706352,-0.17662535097563406,4.935633428106204,-0.9731466539121146,-0.0022530414945910425,-0.000721807818970675,-0.23017383165153904,0.05644809183303001,0.11279165296167518,0.0004800596652035214,6.236296385964124e-05,7.345957371285294e-05,-0.013887705790693872,5478,390000000,20.64,0,2,4,0.20196232200241382,0.07050603874919577,4.8106933729711,0.20196232200241382,0.07050603874919577,4.8106933729711,135.26668453216553
-2.760531064952948,1.527996403481804,5.0,-2.221929699524335,-0.15648804530094254,4.935790981090019,-0.9734105409678759,-0.0022571546133962873,-0.0007253610152088037,-0.22905522879226264,0.05391869245449099,0.11342328101681735,0.0004630321608894125,5.3546868272746906e-05,5.856745630694604e-05,-0.01477337718824856,5478,543000000,20.56,0,2,4,0.16865890864973473,0.0849619027083388,4.81368824508275,0.16865890864973473,0.0849619027083388,4.81368824508275,135.45094513893127
-2.760531064952948,1.527996403481804,5.0,-2.2225201542894477,-0.13642718861195918,4.935941675498249,-0.9736918773959107,-0.002270346087449673,-0.0007321086384562568,-0.2278561770916276,0.05114940072291113,0.11447383760872468,0.0003738394535006349,0.00022101162358012516,0.00010443986013797257,-0.015951287787174806,5478,703000000,20.47,0,2,4,0.1352056258857699,0.09980660229086177,4.816722237207499,0.1352056258857699,0.09980660229086177,4.816722237207499,135.62910747528076
-2.8345189744435983,1.5758343755192035,5.0,-2.223690425323538,-0.1139198568072638,4.936093797977469,-0.9740302595802472,-0.002287090809107552,-0.0007428657204933269,-0.2264051032732886,0.04802226701219083,0.1154462732203714,0.00026621609330968637,0.0001909901769181488,0.00011551184684321925,-0.01702791178104235,5478,870000000,20.36,0,2,4,0.10166111930609852,0.11494613016779374,4.819787081735898,0.10166111930609852,0.11494613016779374,4.819787081735898,135.83110880851746
-2.8345189744435983,1.5758343755192035,5.0,-2.224936514965794,-0.09649066839250205,4.936200465850213,-0.9743033931001309,-0.002298494131496255,-0.0007505140677155044,-0.22522666770818478,0.045730863381704755,0.11592119550598841,0.00019145913856267495,0.0001704140018432554,0.00010625630224581073,-0.017458868569519836,5479,48000000,20.21,0,2,4,0.0637847571291881,0.1323204452800263,4.823253906449975,0.0637847571291881,0.1323204452800263,4.823253906449975,136.0340416431427
-2.9106650052939886,1.6203720311424952,5.0,-2.2267117589688232,-0.07665338556887068,4.93631127031143,-0.9746260163925458,-0.0023101858445052858,-0.0007578184538683965,-0.22382630972106893,0.04287554996167084,0.11684786576966615,0.00011453385052638933,0.00014919326218887363,9.370951445930586e-05,-0.018622421339387074,5479,192000000,20.09,0,2,4,0.034219881097005855,0.1460533224047986,4.825950586979066,0.034219881097005855,0.1460533224047986,4.825950586979066,136.22139191627502
-2.9106650052939886,1.6203720311424952,5.0,-2.2289194187783634,-0.056878991108737835,4.936411759885513,-0.9749699320150258,-0.0023206744686324566,-0.0007634132961989415,-0.22232333061729137,0.039989989309334166,0.11759625858329767,4.573682517425844e-05,0.00013056575909331514,7.838423954353857e-05,-0.01979638655029703,5479,342000000,19.93,0,2,4,0.00028271703869703753,0.16192031486704875,4.829010850030923,0.00028271703869703753,0.16192031486704875,4.829010850030923,136.4420816898346
-2.9106650052939886,1.6203720311424952,5.0,-2.231203660120522,-0.039645714174839024,4.936495868330117,-0.9752854914914586,-0.0023367522412177048,-0.0007704208864265392,-0.2209347327309244,0.03711969350613507,0.11852525102831853,5.220060541814628e-05,0.0002881451848679717,0.0001179907847870254,-0.02082162900478579,5479,499000000,19.76,0,2,4,-0.03381527084723457,0.17794064639069512,4.832034146782826,-0.03381527084723457,0.17794064639069512,4.832034146782826,136.59908628463745
-2.988831197316232,1.6614941024508862,5.0,-2.2342674606688337,-0.02001748280163623,4.9365973537803285,-0.9756626551684775,-0.0023565514995113313,-0.0007811799114651128,-0.21926290094900297,0.03387293317396829,0.11936696489950112,7.723048818784093e-05,0.00024612602942397643,0.00013380483494529471,-0.02197401463490678,5479,644000000,19.6,0,2,4,-0.06374662255542114,0.19210892986934253,4.834647166637122,-0.06374662255542114,0.19210892986934253,4.834647166637122,136.8005335330963
-2.988831197316232,1.6614941024508862,5.0,-2.2377604893618805,-0.0005008909219289733,4.936704042701555,-0.9760534487338381,-0.0023733229321016066,-0.0007910542085933472,-0.21751645176004403,0.030843045192611683,0.11985653659842388,0.00010008975683716535,0.0002090882617267198,0.00012485100882031475,-0.022644618911726866,5479,812000000,19.4,0,2,4,-0.09601736986327448,0.20870726745297535,4.837410054307024,-0.09601736986327448,0.20870726745297535,4.837410054307024,136.96123814582825
-2.988831197316232,1.6614941024508862,5.0,-2.2416785713098113,0.018899375583022557,4.936815475908549,-0.9764569089872724,-0.002387725248558602,-0.0007991690453491081,-0.2156978557797823,0.0274398486340885,0.12064288072943533,0.0001209003304500505,0.00017692298115434824,0.00011181229169210383,-0.023978593162610196,5479,967000000,19.18,0,2,4,-0.12346583370624185,0.22595170383483185,4.839686339948224,-0.12346583370624185,0.22595170383483185,4.839686339948224,137.14377069473267
-3.0688728493258006,1.6990904859004263,5.0,-2.2455041179125605,0.03579746116646789,4.936916769326707,-0.9768263460422268,-0.002398724898629471,-0.0008046362197424081,-0.2140184299475309,0.024505753044297116,0.12134120138835096,0.00013754611111193527,0.00015266997479557176,9.735953696576871e-05,-0.025044730864465237,5480,117000000,19.05,0,2,4,-0.14717714633713386,0.24024445771728228,4.841573301267898,-0.14717714633713386,0.24024445771728228,4.841573301267898,137.2978973388672
-3.0688728493258006,1.6990904859004263,5.0,-2.250905179623634,0.05740089732203939,4.9370459094669545,-0.9773176660357797,-0.0024002733938507485,-0.0008095913875196688,-0.21176345979369493,0.021029840770471556,0.12178590693504751,8.286173226658408e-05,-4.214151871906324e-05,0.00013732194616977722,-0.026138593966607004,5480,264000000,19.05,0,2,4,-0.16583689939671825,0.24827905846100512,4.842971293106672,-0.16583689939671825,0.24827905846100512,4.842971293106672,137.48676896095276
-3.0688728493258006,1.6990904859004263,5.0,-2.255480700616011,0.07409098600834041,4.937137706133507,-0.9777145331649839,-0.002397006650848013,-0.0008143819234443158,-0.20992351649869034,0.017922168866246424,0.12236499208395106,2.705244672278694e-05,-3.597183315662278e-05,0.0001459972665429632,-0.0274770129180979,5480,439000000,19.23,0,2,4,-0.1872904670740977,0.2516138990254013,4.844530659085275,-0.1872904670740977,0.2516138990254013,4.844530659085275,137.6412537097931
-3.150638659555576,1.7330566388201085,5.0,-2.2618808426750148,0.09542112838422666,4.937245623546213,-0.9782418609545767,-0.0023936490354900678,-0.0008200034857180087,-0.20745230660251668,0.01415106938537298,0.12294695530670037,-3.738194740634097e-05,-2.8349826841633785e-05,0.00013123374884571604,-0.02852903835446341,5480,585000000,19.54,0,2,4,-0.20189874884594947,0.2485142161496463,4.845621586940485,-0.20189874884594947,0.2485142161496463,4.845621586940485,137.82737612724304
-3.150638659555576,1.7330566388201085,5.0,-2.268000879702708,0.11423099780140357,4.937332804969935,-0.9787208290205761,-0.002391566966975586,-0.000823554558106,-0.20518075203734,0.011045358632344189,0.12301205480048383,-8.845808235759649e-05,-2.2767678231616628e-05,0.00011271201785234553,-0.02938650650321506,5480,758000000,20.08,0,2,4,-0.21838168522394788,0.2390093179763356,4.8468803242897325,-0.21838168522394788,0.2390093179763356,4.8468803242897325,138.00804686546326
-3.150638659555576,1.7330566388201085,5.0,-2.274531338225683,0.13290512717546987,4.937407343449153,-0.9792162364665771,-0.0024000869781076587,-0.0008301221647247143,-0.20280313784535436,0.007511653002436511,0.12363646373465702,-0.00021067448870263993,0.00015596037457044076,0.0001562737566018768,-0.031258337912731804,5480,930000000,20.65,0,2,4,-0.23166815791429388,0.22694777307865388,4.84787312740055,-0.23166815791429388,0.22694777307865388,4.84787312740055,138.19408655166626
-3.2339708880394786,1.7632939770863434,5.0,-2.2824199711140385,0.1537847797158103,4.937473981258273,-0.9797980695902049,-0.0024019542051454245,-0.000835191137391377,-0.19997318795045588,0.0037480391737718887,0.12401108915298124,-0.00026848133373962696,-3.689480934099265e-05,9.875231086198255e-05,-0.03274667360528838,5481,89000000,21.26,0,2,4,-0.24424988959908006,0.21359220546852575,4.8486888779834985,-0.24424988959908006,0.21359220546852575,4.8486888779834985,138.38199067115784
-3.2339708880394786,1.7632939770863434,5.0,-2.2898431356893623,0.17218652523735592,4.937528427935029,-0.9803262143725476,-0.00240027023460627,-0.0008342965854391981,-0.1973678192259264,0.0006050510441087792,0.12395869443592737,-0.0002953996223262495,-3.159974468758264e-05,6.131348158078254e-05,-0.03358357644174248,5481,267000000,21.91,0,2,4,-0.2585011336756903,0.1992522909776221,4.849330518006996,-0.2585011336756903,0.1992522909776221,4.849330518006996,138.54533982276917
-3.3187055415643685,1.7897102728947218,5.0,-2.297653426954002,0.19043204774637923,4.937574298726456,-0.980876736207928,-0.002408661421041925,-0.0008353650478476856,-0.19461328033173492,-0.0029360046753743453,0.12415515308175498,-0.0003915659953794036,0.0001469532818987318,0.00010519697184463439,-0.03674139152280986,5481,421000000,22.39,0,2,4,-0.27109805193958947,0.19006638823203928,4.849719874067444,-0.27109805193958947,0.19006638823203928,4.849719874067444,138.73142075538635
-3.3187055415643685,1.7897102728947218,5.0,-2.308015538290504,0.21303480152771004,4.937608635239148,-0.9816140494600214,-0.0024230041519211097,-0.0008398667208151052,-0.1908593240516943,-0.00718546801570834,0.12422575795743063,-0.0005211220874755007,0.00012589626123826747,0.00011307670675364534,-0.039299787385971285,5481,595000000,22.7,0,2,4,-0.2829646386783057,0.18577283174347017,4.849952899367512,-0.2829646386783057,0.18577283174347017,4.849952899367512,138.93012690544128
-3.3187055415643685,1.7897102728947218,5.0,-2.3156799660192946,0.22872471150834656,4.937619060891812,-0.9821608705870667,-0.002432025366041792,-0.0008421542740452056,-0.18802499917950455,-0.010761091225048184,0.12453027114018962,-0.000601551753662736,0.00011093609515455682,0.00010873018538859469,-0.04261309513822198,5481,780000000,22.86,0,2,4,-0.2942639085224001,0.18746829068894505,4.849911011093231,-0.2942639085224001,0.18746829068894505,4.849911011093231,139.10351300239563
-3.404672581752349,1.8122200515066011,5.0,-2.326067101386449,0.2487432433267949,4.9376180598090915,-0.9828954450549575,-0.0024427820457492175,-0.0008429395642311162,-0.18414631779914792,-0.015032419023298918,0.12461047606912135,-0.0006939306963344512,9.57798235390328e-05,8.829755344663681e-05,-0.04473828412301373,5481,934000000,22.81,0,2,4,-0.29907498182810477,0.19321262774517822,4.849584514801732,-0.29907498182810477,0.19321262774517822,4.849584514801732,139.28297662734985
-3.404672581752349,1.8122200515066011,5.0,-2.3357312507787844,0.26636727114225817,4.937604770758782,-0.9835569135478909,-0.002451741979659391,-0.0008415888612600844,-0.18057983968760294,-0.018452375472844597,0.12433485979695014,-0.0007667160887212384,8.467038128401327e-05,7.131641055480031e-05,-0.04578078442136757,5482,101000000,22.57,0,2,4,-0.3011124882333518,0.20558748759884757,4.84881577185765,-0.3011124882333518,0.20558748759884757,4.84881577185765,139.461079120636
-3.404672581752349,1.8122200515066011,5.0,-2.3470797555693936,0.28600214395680207,4.937577468570408,-0.9843181580653639,-0.0024611306597845883,-0.0008383089107788831,-0.17638311647335964,-0.022791170180946875,0.12425018742313379,-0.0008392857665170296,7.171699323293979e-05,6.25634086759419e-05,-0.0488693913212046,5482,264000000,22.23,0,2,4,-0.29920364961302576,0.2206229609892522,4.847935058501914,-0.29920364961302576,0.2206229609892522,4.847935058501914,139.6532599925995
-3.4916961567944793,1.8307449857865232,5.0,-2.3576352434909778,0.3032903842708774,4.937543453447985,-0.9850148534136224,-0.0024449885720778356,-0.0008352912755870654,-0.17245017504748172,-0.026596648510480124,0.12401575923325134,-0.0008929498881887638,-0.0002783725193467035,0.00017180133369265604,-0.0506718013639329,5482,439000000,21.71,0,2,4,-0.2946763938991631,0.24113073053672196,4.846923317784499,-0.2946763938991631,0.24113073053672196,4.846923317784499,139.8428611755371
-3.4916961567944793,1.8307449857865232,5.0,-2.3685674654335447,0.32041338900183386,4.937500830241263,-0.9857126740940573,-0.002425525882867682,-0.0008367350513257725,-0.16841597557532395,-0.029942348175065393,0.12346466809690515,-0.0009407006930046644,-0.00023965421291904931,0.00019572556197999802,-0.05152372286829632,5482,603000000,21.19,0,2,4,-0.29188982805823566,0.26032858415096305,4.846324089877154,-0.29188982805823566,0.26032858415096305,4.846324089877154,140.0064525604248
-3.5795948573113288,1.8452142872850619,5.0,-2.3784266736903064,0.33525386316559064,4.937457089720582,-0.9863229750714195,-0.002410885450713502,-0.0008386517160925694,-0.16480434806432237,-0.0332958379864501,0.12309552147312512,-0.0009787754708506275,-0.00021085433843381907,0.00018980920089006759,-0.0531502919329796,5482,761000000,20.67,0,2,4,-0.29327652512068836,0.2791480673451653,4.846198292491968,-0.29327652512068836,0.2791480673451653,4.846198292491968,140.16504216194153
-3.5795948573113288,1.8452142872850619,5.0,-2.3900875849362877,0.35205292417987816,4.937400594581131,-0.9870244848457632,-0.0023967795372710735,-0.0008398135692561822,-0.16054973209561618,-0.03707317905637976,0.12253871334547214,-0.0010183140821795078,-0.00018192741322309303,0.0001666589014348574,-0.05446141913125757,5482,911000000,20.22,0,2,4,-0.2989201533466913,0.29496329784698105,4.846503755344045,-0.2989201533466913,0.29496329784698105,4.846503755344045,140.32483220100403
-3.5795948573113288,1.8452142872850619,5.0,-2.4006444224005685,0.36660469357605524,4.937346000218752,-0.9876354321601427,-0.0023865535040707626,-0.0008394176897271807,-0.1567477364498845,-0.04092045885187901,0.12218912666094309,-0.0010496818448962025,-0.00015988824202395335,0.00014475577643224824,-0.055517113287351094,5483,61000000,19.73,0,2,4,-0.31033023858312747,0.3118463437677332,4.847303629075233,-0.31033023858312747,0.3118463437677332,4.847303629075233,140.48141169548035
-3.5795948573113288,1.8452142872850619,5.0,-2.413189359186253,0.3830730907542872,4.937278494700686,-0.9883280609774012,-0.0023769943583932655,-0.0008373264258183217,-0.15231970544524837,-0.045196838479299624,0.12167850075717315,-0.0010821318039222424,-0.00013778651037910095,0.00012062536569601434,-0.056425496586598456,5483,209000000,19.32,0,2,4,-0.3243214611300744,0.32546585326674976,4.848311759206316,-0.3243214611300744,0.32546585326674976,4.848311759206316,140.65573048591614
-3.668181996765292,1.8555650925605742,5.0,-2.4261686585183195,0.3993627189028718,4.937205872479101,-0.989008213728624,-0.002369411994077161,-0.0008336430031211509,-0.1478392508891384,-0.0490006880910566,0.1209112034808304,-0.0011112766781201356,-0.00011831314168375684,9.882399467642244e-05,-0.05677000117429998,5483,368000000,18.87,0,2,4,-0.34446476306083607,0.33973847134072727,4.849729553538018,-0.34446476306083607,0.33973847134072727,4.849729553538018,140.81449818611145
-3.668181996765292,1.8555650925605742,5.0,-2.43782616055996,0.41346987997798607,4.937138404793494,-0.9895888617289031,-0.0023641680292375935,-0.000829355185187509,-0.1439013815833602,-0.05203462476861319,0.12013181580281822,-0.0011343212492960111,-0.00010347009649080974,8.355313880770154e-05,-0.056938071065815166,5483,517000000,18.44,0,2,4,-0.36850085768873997,0.3528038708304737,4.851391314147198,-0.36850085768873997,0.3528038708304737,4.851391314147198,140.98746633529663
-3.668181996765292,1.8555650925605742,5.0,-2.4532383562739057,0.43141302496546063,4.937035807029315,-0.9903194644903623,-0.002358505185963931,-0.0008275971542554916,-0.13878440397883313,-0.056480666910277214,0.11926082766525206,-0.0013118920046204443,-8.242406579483941e-05,0.0001885524341105338,-0.05800785147584975,5483,668000000,18.07,0,2,4,-0.38978071491372135,0.36425526363407873,4.853068053206365,-0.38978071491372135,0.36425526363407873,4.853068053206365,141.1688916683197
-3.757265916794269,1.8617428433729168,5.0,-2.4673951823742546,0.4471710159307799,4.936912379304791,-0.9909568060142333,-0.0023543188424110105,-0.0008325773638920398,-0.13415801359512808,-0.060315622564472315,0.11825409823160189,-0.0014958737472931763,-6.443969056135757e-05,0.00022197104243559806,-0.05863377336936537,5483,839000000,17.55,0,2,4,-0.41408199642209353,0.3796688453255999,4.855549096394497,-0.41408199642209353,0.3796688453255999,4.855549096394497,141.33897066116333
-3.757265916794269,1.8617428433729168,5.0,-2.481915246566271,0.4627422299775793,4.936766420229994,-0.9915762985648537,-0.002341327205238778,-0.0008345465864984496,-0.12950006117116936,-0.06372549868001798,0.11709539108331565,-0.0015843888423640526,-0.00022417323748413764,0.00015397811665707195,-0.05878764022781979,5483,999000000,17.12,0,2,4,-0.43194033263772136,0.39146623268796227,4.85800144564711,-0.43194033263772136,0.39146623268796227,4.85800144564711,141.51854062080383
-3.8466503177757674,1.863701659322577,5.0,-2.496808965649783,0.4781274784577317,4.936603461282581,-0.992178452437551,-0.0023376103742065524,-0.000835314589722738,-0.12480286994256562,-0.06775991825449913,0.11602676389700957,-0.001724884392002182,-1.760282195562013e-05,0.00017051030596348937,-0.059605902060866356,5484,167000000,16.74,0,2,4,-0.44627923742722575,0.40118521867691154,4.860624992867535,-0.44627923742722575,0.40118521867691154,4.860624992867535,141.6811978816986
-3.8466503177757674,1.863701659322577,5.0,-2.512130449846011,0.4933282321729788,4.936426512805582,-0.9927659577529535,-0.002319301198139223,-0.0008351522925412242,-0.12004031193503839,-0.07153533933793813,0.11485311194162995,-0.001722335891972717,-0.0003625241674853896,0.00016653246888154172,-0.0602832868025871,5484,320000000,16.39,0,2,4,-0.4562057777391247,0.40910653091372584,4.863312783268737,-0.4562057777391247,0.40910653091372584,4.863312783268737,141.87365460395813
-3.8466503177757674,1.863701659322577,5.0,-2.527878217805195,0.5083421937512667,4.936249565709821,-0.9933378191051767,-0.0023050499906804305,-0.000836834760531091,-0.11521268848306315,-0.07582867179128884,0.11367466099084984,-0.001758251144054375,-0.0001435729856780199,0.0002073540358082937,-0.0611964103882201,5484,495000000,16.07,0,2,4,-0.46261882413116967,0.41560750371505745,4.8660738389874325,-0.46261882413116967,0.41560750371505745,4.8660738389874325,142.0384042263031
-3.9361346148648746,1.8614047014503705,5.0,-2.5440954130728546,0.523173640250047,4.9360645637262985,-0.993892697768044,-0.0022967248612913048,-0.0008410799314121884,-0.11032371894937154,-0.07986975178554571,0.11246949036731498,-0.0018061161531578152,-0.00012397950825970838,0.00020873120973874393,-0.06172138237161562,5484,648000000,15.76,0,2,4,-0.46630574366076494,0.4210344178085872,4.868922159995369,-0.46630574366076494,0.4210344178085872,4.868922159995369,142.20954179763794
-3.9361346148648746,1.8614047014503705,5.0,-2.5628210621408685,0.539657006794737,4.935853782927329,-0.9944894122066305,-0.0022782671357460477,-0.0008409777543781752,-0.1048089274069014,-0.08389023025979007,0.11098412001639572,-0.0017721187339125402,-0.0002780645530719994,0.00012284927706218696,-0.061472118250094354,5484,807000000,15.45,0,2,4,-0.4683190839641387,0.4257725265438598,4.871897375384129,-0.4683190839641387,0.4257725265438598,4.871897375384129,142.405859708786
-3.9361346148648746,1.8614047014503705,5.0,-2.579894631871761,0.5541254985699338,4.935673374187064,-0.9949971616183529,-0.0022609419178608063,-0.0008353638893377321,-0.09987411416496916,-0.08798335923085876,0.10961091852169129,-0.001727156589748925,-0.00024441721677703754,7.951790976790107e-05,-0.06249194120755419,5484,984000000,15.1,0,2,4,-0.4700904631783812,0.430516089278972,4.8754151530041545,-0.4700904631783812,0.430516089278972,4.8754151530041545,142.5890383720398
-4.025514319678319,1.8548245252560556,5.0,-2.597405638803343,0.5684195702911123,4.935493950982369,-0.9954859792755264,-0.002236430959283624,-0.000828671519776463,-0.09487874759883014,-0.09182995730600382,0.10815495554313448,-0.0017573089742015414,-0.00038426717594575166,0.0001097313763409602,-0.06287953146966174,5485,154000000,14.81,0,2,4,-0.47467404340331215,0.43380565321900777,4.878367595522482,-0.47467404340331215,0.43380565321900777,4.878367595522482,142.75855708122253
-4.025514319678319,1.8548245252560556,5.0,-2.615287573309398,0.5825445312617852,4.9353061027154626,-0.995950432459559,-0.0022114213286777264,-0.0008240700868801419,-0.0898730582978905,-0.09508554185577386,0.10655337970424686,-0.0018017660395124875,-0.00033063916475839505,0.00011660705752092326,-0.06273496765061282,5485,312000000,14.52,0,2,4,-0.4832844931526486,0.4365579767121421,4.881078271287955,-0.4832844931526486,0.4365579767121421,4.881078271287955,142.92064809799194
-4.025514319678319,1.8548245252560556,5.0,-2.6312120070555918,0.5947631473127648,4.9351320133181655,-0.9963374473234126,-0.0021854395755046916,-0.00081832510539555,-0.08547657725335966,-0.09835497275938161,0.10512341641734176,-0.0018930133129541557,-0.0004638058271666523,6.335220170683442e-05,-0.06351592528517358,5485,463000000,14.23,0,2,4,-0.4960662480194776,0.43962862929934826,4.883568682538848,-0.4960662480194776,0.43962862929934826,4.883568682538848,143.12708187103271
-4.11458144772037,1.8439434215393662,5.0,-2.652156533212809,0.6102666783327362,4.934884884579952,-0.9968120073810642,-0.0021517902917714184,-0.0008058596195163715,-0.07975300828023268,-0.10251373281728156,0.10315083615116478,-0.0020242486619790816,-0.0003890841895781705,1.6762969767825098e-05,-0.06391256029019132,5485,612000000,13.95,0,2,4,-0.5101598238732139,0.4430241680173317,4.885572420289098,-0.5101598238732139,0.4430241680173317,4.885572420289098,143.34344363212585
-4.11458144772037,1.8439434215393662,5.0,-2.6783507327765523,0.6289040463858172,4.934550265495973,-0.997345704717385,-0.0021193085499620202,-0.0007885754572661769,-0.07277658938010761,-0.10688524420545817,0.10062282867399466,-0.0021647077841084514,-0.0003108189531531025,-2.0054431448812693e-07,-0.06346907757688314,5485,789000000,13.55,0,2,4,-0.5318323426779549,0.44881392109983925,4.8878702991705705,-0.5318323426779549,0.44881392109983925,4.8878702991705705,143.5736072063446
-4.203124951564095,1.8287537434143732,5.0,-2.6978380117285083,0.6422488391649558,4.934287008015697,-0.9977036891763107,-0.002100475120899507,-0.0007761892392696065,-0.06769294009356236,-0.11060541597432447,0.09880061253652901,-0.0022548244855050558,-0.0002651726134672572,-2.480766925216926e-07,-0.063864318508422,5486,1000000,13.02,0,2,4,-0.5630261381994669,0.4578716411434019,4.890193417340845,-0.5630261381994669,0.4578716411434019,4.890193417340845,143.75588178634644
-4.203124951564095,1.8287537434143732,5.0,-2.7202036144417328,0.6570798834331154,4.933973196390466,-0.9980759360132452,-0.0020832230002110442,-0.0007627608448051386,-0.061963733982945746,-0.1141927970478174,0.09685697175819556,-0.0023454849872765744,-0.00022113469810847164,4.5898445044656455e-07,-0.0636877965007443,5486,170000000,12.6,0,2,4,-0.5882230755860131,0.46545375766437186,4.8915399287788635,-0.5882230755860131,0.46545375766437186,4.8915399287788635,143.95790243148804
-4.203124951564095,1.8287537434143732,5.0,-2.740487565977997,0.6700954711580851,4.933686270108557,-0.9983794216550177,-0.002059339307740113,-0.0007533286833649775,-0.056865824827419253,-0.11805930810037493,0.09485068992385741,-0.0023370418287889686,-0.0003632956264709719,6.242470611539375e-05,-0.06398319019353949,5486,354000000,12.11,0,2,4,-0.6181745610270973,0.4746290101249061,4.892722432055843,-0.6181745610270973,0.4746290101249061,4.892722432055843,144.1215271949768
-4.290931179713607,1.809258217798236,5.0,-2.7664132964202315,0.6861122538536305,4.933329608185018,-0.9987225350918925,-0.0020305864207512646,-0.0007460561192255574,-0.05048383918322846,-0.12216639733892451,0.09226243260161868,-0.00231717971827695,-0.0003046684923901921,8.086223814984805e-05,-0.06373155629262328,5486,504000000,11.66,0,2,4,-0.6454026521819983,0.48317793260549413,4.893476429676252,-0.6454026521819983,0.48317793260549413,4.893476429676252,144.33812046051025
-4.290931179713607,1.809258217798236,5.0,-2.7901589082199174,0.7002914156742491,4.933009998718656,-0.9989934236649014,-0.002009312390369826,-0.0007403956731471587,-0.044805735706979044,-0.1252234513569754,0.08985274250555166,-0.00230217544987085,-0.0002591199745438644,7.504768220201186e-05,-0.0627955756499432,5486,698000000,11.09,0,2,4,-0.6793869654272318,0.49418339183452514,4.894062721261352,-0.6793869654272318,0.49418339183452514,4.894062721261352,144.54040908813477
-4.3777843609793425,1.7854702396286055,5.0,-2.8143042185703493,0.7142561912447227,4.932682425745982,-0.9992300113351127,-0.0019778966649768946,-0.0007377072122869918,-0.03917815922273499,-0.12882760810899824,0.08743086441600571,-0.0023842957707831966,-0.00038478814303744,0.00013369294151743816,-0.06244909964152612,5486,881000000,10.56,0,2,4,-0.7093606728398635,0.5042409387704478,4.894289960781345,-0.7093606728398635,0.5042409387704478,4.894289960781345,144.76228713989258
-4.3777843609793425,1.7854702396286055,5.0,-2.8388593154945774,0.7280106432638694,4.932347458078987,-0.9994328148302806,-0.0019362957410918773,-0.0007339074850950758,-0.03361191424225163,-0.1319075491167982,0.08499290531015792,-0.0023642266957038926,-0.0004924700988340192,6.932782099511314e-05,-0.06148454049252905,5487,63000000,10.03,0,2,4,-0.7367399054220529,0.5144319812139321,4.894282554190672,-0.7367399054220529,0.5144319812139321,4.894282554190672,144.9689404964447
-4.3777843609793425,1.7854702396286055,5.0,-2.8638380375548547,0.7415519798364838,4.932014776059075,-0.9996026884571121,-0.0018995099952161872,-0.0007267324405588343,-0.028112789812672512,-0.13558505063069107,0.08245152124113217,-0.002341940993557894,-0.0004177944134653444,3.946075786132042e-05,-0.06088856935093645,5487,243000000,9.49,0,2,4,-0.7602667639937372,0.5247454446472408,4.894096213103198,-0.7602667639937372,0.5247454446472408,4.894096213103198,145.18991661071777
-4.463467114098955,1.757414147020783,5.0,-2.8864183583177385,0.753405248175338,4.931720629563793,-0.9997267778240653,-0.0018720231477445692,-0.0007193283955132902,-0.023288361846762362,-0.1384317949094912,0.08017026574779108,-0.0023246722272583613,-0.00036036213089118974,2.568518784329399e-05,-0.05990049212414306,5487,426000000,8.91,0,2,4,-0.7808034091267506,0.5359656795645955,4.8939383333636775,-0.7808034091267506,0.5359656795645955,4.8939383333636775,145.38092422485352
-4.463467114098955,1.757414147020783,5.0,-2.9121489112534538,0.7665553743361171,4.931397445884961,-0.999836652702484,-0.0018344558342405903,-0.0007131733371480084,-0.017966470668324852,-0.1409373986123598,0.0777378382154513,-0.0022261160208974532,-0.0004776367546810434,7.668678634331627e-05,-0.05846394124091603,5487,595000000,8.37,0,2,4,-0.7971397045902272,0.546862906936593,4.893868435638907,-0.7971397045902272,0.546862906936593,4.893868435638907,145.5769989490509
-4.54776098223119,1.7251254755365253,5.0,-2.9352928416051602,0.7780799167739231,4.931113811376936,-0.9999092388361397,-0.0017808772934782625,-0.0007107840903378879,-0.013335567186060937,-0.14360047213536056,0.0754089656189449,-0.002283579895765755,-0.0007535880968134734,9.004062420103764e-05,-0.05745943526562769,5487,768000000,7.74,0,2,4,-0.8134356875958476,0.5599996574665846,4.893843098263901,-0.8134356875958476,0.5599996574665846,4.893843098263901,145.74980545043945
-4.54776098223119,1.7251254755365253,5.0,-2.958736292708538,0.7894332620181712,4.930815653912447,-0.9999596463933621,-0.0017283702378901116,-0.0007093099730416816,-0.008787218020790744,-0.1460169561357574,0.07306925208241807,-0.002360331257563539,-0.0006466257275405951,8.701875344740984e-05,-0.056301880977116525,5487,925000000,7.16,0,2,4,-0.8266079380028755,0.5721933141996371,4.893859088936549,-0.8266079380028755,0.5721933141996371,4.893859088936549,145.9315242767334
-4.54776098223119,1.7251254755365253,5.0,-2.985475630214844,0.8019889918868329,4.930464371680619,-0.9999910918895638,-0.0016787212044287317,-0.0007079149232040647,-0.003807478574772205,-0.1492020594611529,0.07028106108365999,-0.0024382569724361192,-0.000542913807066725,7.881136099285868e-05,-0.054484497741214,5488,89000000,6.59,0,2,4,-0.8388383634569703,0.5844299069098303,4.893871030241845,-0.8388383634569703,0.5844299069098303,4.893871030241845,146.15359020233154
-4.630446991838981,1.6886511897017635,5.0,-3.000517843321098,0.8088620545121258,4.930262632031534,-0.9999977614741482,-0.0016548780616476016,-0.0007071806458551356,-0.0011127986465060968,-0.15076448473545095,0.06879093080320414,-0.002477980729740629,-0.0004925300970626267,7.458312225594455e-05,-0.05341004616639111,5488,258000000,5.97,0,2,4,-0.8516724251084121,0.5979476665659798,4.893855748152067,-0.8516724251084121,0.5979476665659798,4.893855748152067,146.38261675834656
-4.630446991838981,1.6886511897017635,5.0,-3.0248024416723616,0.8197285400493546,4.929932658438979,-0.9999936304032231,-0.0016163817093580173,-0.0007069054425600498,0.003102700089766819,-0.152796439063763,0.06651491537655485,-0.002494950494814566,-0.0005971344933186629,0.00010655131816861285,-0.05197075734031387,5488,369000000,5.64,0,2,4,-0.8581997798543876,0.604758803657188,4.893806607067645,-0.8581997798543876,0.604758803657188,4.893806607067645,146.57372498512268
-4.711306235361156,1.6480498898808675,5.0,-3.0431680870835423,0.82776220119201,4.929686345470122,-0.9999794384501663,-0.0015844580258942342,-0.0007095065040319584,0.006173230124890017,-0.1545073147970518,0.06461418825740589,-0.0024709637949321796,-0.000541128207487418,0.0001316495456649136,-0.050406803711666726,5488,519000000,5.16,0,2,4,-0.867726592281689,0.6142917503399307,4.893655556288481,-0.867726592281689,0.6142917503399307,4.893655556288481,146.77904796600342
-4.711306235361156,1.6480498898808675,5.0,-3.06480780868088,0.8369899458094978,4.929399819432125,-0.9999520410480104,-0.0015464480696568243,-0.0007147727699924698,0.009644335237498525,-0.15647181039667368,0.06242349075743344,-0.0024879674154046688,-0.0006488409496796521,0.0001753931002212994,-0.04887416944256984,5488,649000000,4.82,0,2,4,-0.8763308099028395,0.6209287471616395,4.893569414971485,-0.8763308099028395,0.6209287471616395,4.893569414971485,147.02052545547485
-4.711306235361156,1.6480498898808675,5.0,-3.096114646019667,0.8498922052658149,4.928977736280984,-0.9998946681900742,-0.0014906896102515861,-0.000728026896570025,0.014418749820452437,-0.1595851821456075,0.05910276935926282,-0.002561720858020055,-0.0005428695203590905,0.00020648846401627452,-0.046734147690585814,5488,791000000,4.45,0,2,4,-0.8886549180504532,0.6284513057465347,4.893537883562375,-0.8886549180504532,0.6284513057465347,4.893537883562375,147.23750019073486
-4.790120476949589,1.6033919925910052,5.0,-3.131121506600947,0.8636889540152637,4.928496460790229,-0.9998100511357764,-0.0014401865286703015,-0.000743591140325411,0.019422527715384164,-0.1624533287430104,0.055697791035834956,-0.0026214552355732163,-0.0005514016208962857,0.00017906125435729336,-0.04455556445464026,5488,992000000,3.92,0,2,4,-0.9088923989537776,0.640017102406108,4.8936243181090395,-0.9088923989537776,0.640017102406108,4.8936243181090395,147.48209595680237
-4.790120476949589,1.6033919925910052,5.0,-3.160083655594276,0.8747203532973252,4.928102390492001,-0.9997261753690392,-0.0013919991079859098,-0.0007507249904279761,0.023346799191000855,-0.16414635223193658,0.05319239310279393,-0.002573080841843018,-0.0005344430235254549,9.57067904039377e-05,-0.0429938761953963,5489,207000000,3.3,0,2,4,-0.9321719420948608,0.6546658267705483,4.893861956013917,-0.9321719420948608,0.6546658267705483,4.893861956013917,147.73284482955933
-4.866672780420349,1.5547598823221744,5.0,-3.192577466080983,0.8867131647381681,4.927682830856369,-0.9996194697908689,-0.0013321277627889572,-0.0007577864514076559,0.027542091611563013,-0.16633741767903604,0.05021547925583405,-0.002423910138382823,-0.0006100109999351844,0.00012317130995143089,-0.041209941991837695,5489,394000000,2.82,0,2,4,-0.9489183679876786,0.6662107029950581,4.89405234173041,-0.9489183679876786,0.6662107029950581,4.89405234173041,147.950918674469
-4.866672780420349,1.5547598823221744,5.0,-3.2155095922407457,0.8949273299064563,4.927405990466627,-0.9995384230559057,-0.0012946893981019667,-0.0007637501366016365,0.030342730595718848,-0.16739475148373728,0.04814925153245825,-0.0023260942133470396,-0.0005352296057026251,0.00011874021907942733,-0.039195312274387106,5489,579000000,2.28,0,2,4,-0.9677076357483455,0.680344963149544,4.894313287350492,-0.9677076357483455,0.680344963149544,4.894313287350492,148.1087999343872
-4.940748158433628,1.502248032917247,5.0,-3.2418821719355444,0.9041296808492323,4.9270968021561465,-0.9994414140597228,-0.001240532421021591,-0.0007707010157186939,0.03338752703568315,-0.1689361775633552,0.045707181024201494,-0.0023516007598531337,-0.0008073596575286501,0.00010721808578750824,-0.03699772169056814,5489,729000000,1.86,0,2,4,-0.9826535852720266,0.6923827438182795,4.894561842603531,-0.9826535852720266,0.6923827438182795,4.894561842603531,148.2834770679474
-4.940748158433628,1.502248032917247,5.0,-3.268462614328359,0.913109901591589,4.9267753108809815,-0.9993420597130755,-0.0011833814567416224,-0.0007775079272167581,0.036241451104761346,-0.17013938004539395,0.04330052247558881,-0.0024251077241264356,-0.0006927376773546712,9.904389912662737e-05,-0.03454964353295509,5489,892000000,1.39,0,2,4,-1.0034165271157593,0.7077039313055508,4.894846327888843,-1.0034165271157593,0.7077039313055508,4.894846327888843,148.45497250556946
-4.940748158433628,1.502248032917247,5.0,-3.2952165407103813,0.9218678877570523,4.92644175870412,-0.9992419149281645,-0.0011347441522987878,-0.0007840212778964628,0.03890620923502508,-0.17155649831501432,0.04084549187248443,-0.002491640355355979,-0.0005922732043472934,9.406483982843383e-05,-0.032262890817946754,5490,54000000,0.97,0,2,4,-1.027965876323774,0.7246448354475209,4.895113661486117,-1.027965876323774,0.7246448354475209,4.895113661486117,148.6255669593811
-5.012134241778318,1.4459630965622292,5.0,-3.325552192113621,0.9314369827570856,4.926059470910784,-0.99912904048466,-0.0010778467943316414,-0.0007940820013497754,0.041705732702654486,-0.1727964345677204,0.038124507168424256,-0.0024815942492272787,-0.0006698321897147252,0.00014788771522944444,-0.03020992335223127,5490,216000000,0.7,0,2,4,-1.0564905001466924,0.7441879881953442,4.895327626787088,-1.0564905001466924,0.7441879881953442,4.895327626787088,148.8140046596527
-5.012134241778318,1.4459630965622292,5.0,-3.356038629430332,0.9407161314478278,4.925689119108914,-0.9990168189376374,-0.001012875607856763,-0.0008052556081067515,0.04431389315025419,-0.17344396181421734,0.03565866230721977,-0.0023640378282122087,-0.0007338486341268435,9.459870895511813e-05,-0.028052760717400815,5490,390000000,0.82,0,2,4,-1.0793289448934251,0.7612311878157015,4.895398816780065,-1.0793289448934251,0.7612311878157015,4.895398816780065,148.99522304534912
-5.012134241778318,1.4459630965622292,5.0,-3.3832533786274936,0.9487217224193609,4.925377786413223,-0.9989202381721375,-0.0009607646843854045,-0.0008117566499292077,0.04644109981990552,-0.1743789499996628,0.03329231016979474,-0.0022597571619557867,-0.0006294973445619689,6.516597323980022e-05,-0.02547024723753566,5490,560000000,1.22,0,2,4,-1.0949706717747039,0.7803759216046874,4.89530037752855,-1.0949706717747039,0.7803759216046874,4.89530037752855,149.1812973022461
-5.080621967492752,1.3860239584408682,5.0,-3.4105966785960207,0.9564878828418583,4.925081489517475,-0.9988285392903538,-0.0009161629129087617,-0.0008166903263656263,0.04837398848064861,-0.17496408113279419,0.031133185959872994,-0.0021665340713309207,-0.0005395883931669232,5.139453449487519e-05,-0.023143695034377743,5490,731000000,1.66,0,2,4,-1.1024488269881092,0.7969350459249874,4.894711353478502,-1.1024488269881092,0.7969350459249874,4.894711353478502,149.34154105186462
-5.080621967492752,1.3860239584408682,5.0,-3.434570785468752,0.9631038717557652,4.924833253725,-0.9987519849350832,-0.0008824700211702489,-0.0008203454768260117,0.049930159905528015,-0.17504573532571674,0.02941691136512121,-0.002093197034141381,-0.0004716916805591609,4.475498691647317e-05,-0.021493149688467383,5490,881000000,2.07,0,2,4,-1.108512391700933,0.8115694742692381,4.892867785289384,-1.108512391700933,0.8115694742692381,4.892867785289384,149.5009343624115
-5.146006284404249,1.3225617551199518,5.0,-3.4654201119823114,0.9713440624117723,4.924522212047581,-0.998660694240509,-0.0008353415325991218,-0.0008273792940654292,0.05172461142523882,-0.17531117799426793,0.0268871140956299,-0.0020829532330114337,-0.0005663138722411531,9.873686366290713e-05,-0.018419173647998832,5491,29000000,2.43,0,2,4,-1.10783507813698,0.8241789596000734,4.890329175581773,-1.10783507813698,0.8241789596000734,4.890329175581773,149.6892671585083
-5.146006284404249,1.3225617551199518,5.0,-3.49288730405272,0.9783849252158145,4.924236766153265,-0.9985890113880207,-0.000783966168020593,-0.0008355916837868224,0.05309118117617012,-0.1753146575183011,0.024874886793574073,-0.0021775137125302326,-0.0006539183004861115,6.497066067367996e-05,-0.016145125482580625,5491,203000000,2.93,0,2,4,-1.0952977523862462,0.8420976363633569,4.885951659211739,-1.0952977523862462,0.8420976363633569,4.885951659211739,149.8521978855133
-5.146006284404249,1.3225617551199518,5.0,-3.5203943941682594,0.9851583679809711,4.9239400493278005,-0.9985252920875307,-0.0007272027664116999,-0.0008445172345873115,0.05427705802904348,-0.17566058072219726,0.02249600482975949,-0.002199473573502024,-0.0007314810034131369,0.0001076188489435026,-0.013692909033125034,5491,358000000,3.49,0,2,4,-1.0643236989640474,0.8631221148399756,4.881148287184841,-1.0643236989640474,0.8631221148399756,4.881148287184841,150.02966213226318
-5.20808687451648,1.2557198547530424,5.0,-3.54796739654209,0.991622848883464,4.923647572520066,-0.9984706841492237,-0.0006641035260091572,-0.0008545503608624084,0.05527315446732306,-0.17570372833610623,0.02030129205819893,-0.002127917829854837,-0.0007988701725025749,6.784561392692012e-05,-0.011499615175125655,5491,523000000,4.11,0,2,4,-1.0171429965034189,0.8874662170742689,4.875603834678818,-1.0171429965034189,0.8874662170742689,4.875603834678818,150.20471692085266
-5.20808687451648,1.2557198547530424,5.0,-3.5755416441525054,0.9978177530485626,4.923367645294705,-0.9984238484139321,-0.0006061746478500673,-0.0008615432545465477,0.05611336038619125,-0.17541303430426888,0.018479748607551926,-0.0020493688983905757,-0.0006852181513750111,4.35125137698833e-05,-0.009721716014610138,5491,689000000,4.71,0,2,4,-0.9592361169158589,0.9123306751054687,4.869444508283348,-0.9592361169158589,0.9123306751054687,4.869444508283348,150.3833339214325
-5.20808687451648,1.2557198547530424,5.0,-3.6065466181112154,1.0044657205954566,4.9230661990849525,-0.9983823607960509,-0.000550845493365544,-0.0008676299907155201,0.05684721135416848,-0.17527013308026224,0.01610440213250138,-0.00197083706882293,-0.00057383106764064,3.423766585797239e-05,-0.006703379403916188,5491,847000000,5.21,0,2,4,-0.906927906179883,0.9345187516230467,4.862874202988681,-0.906927906179883,0.9345187516230467,4.862874202988681,150.57896399497986
-5.266668888515909,1.1856537972215457,5.0,-3.6341038352393955,1.0100575348580807,4.922808892614549,-0.9983574808743206,-0.0005091893896648666,-0.0008725385110166286,0.057282805317061425,-0.17491135131657026,0.014251338693814012,-0.0019090317048409758,-0.0004903471108264057,3.465723388274e-05,-0.004545186720861238,5492,29000000,5.62,0,2,4,-0.8684857357699707,0.9540147612576997,4.855226119944894,-0.8684857357699707,0.9540147612576997,4.855226119944894,150.7601752281189
-5.266668888515909,1.1856537972215457,5.0,-3.668471728938996,1.0166847861974928,4.922499645224102,-0.9983371370828742,-0.00046527834384618163,-0.0008784455489481245,0.057636555853473714,-0.17408744267708903,0.01228347195814044,-0.0018410963026957363,-0.00043541759282561543,3.808098263391457e-05,-0.002718844689297839,5492,190000000,5.83,0,2,4,-0.8503051992115456,0.9654692932901641,4.848613483901494,-0.8503051992115456,0.9654692932901641,4.848613483901494,150.96809673309326
-5.266668888515909,1.1856537972215457,5.0,-3.6993272897677345,1.02226385832686,4.922231695904765,-0.9983338344765511,-0.00040433862607034717,-0.0008931478023981498,0.057693966206396274,-0.1736405234664742,0.010013531247988122,-0.0017893177678925734,-0.0006645236283020495,0.00017638553515553212,0.0007178855639722315,5492,384000000,5.89,0,2,4,-0.8443943455861617,0.9710429671894723,4.840807933786842,-0.8443943455861617,0.9710429671894723,4.840807933786842,151.16328620910645
-5.321563693507126,1.112531192373411,5.0,-3.7301212346312287,1.027466162832038,4.921972545834856,-0.9983441959286172,-0.0003507502067208911,-0.0009141582802650305,0.05751441336372559,-0.17292311072442915,0.008207613989692759,-0.001745553741017938,-0.0005569456902776437,0.00020781327378927017,0.002889803226935328,5492,564000000,5.75,0,2,4,-0.8496457238447546,0.9672796050693883,4.834333133840774,-0.8496457238447546,0.9672796050693883,4.834333133840774,151.36168789863586
-5.321563693507126,1.112531192373411,5.0,-3.7573859729316865,1.0318176382361872,4.921748804551598,-0.998360688464133,-0.00031044493136168585,-0.0009330313304473023,0.057227343166559086,-0.1719162572838135,0.006903303753150873,-0.0017112764383545721,-0.0004765966792774634,0.00020076135882618473,0.004098814224562375,5492,741000000,5.49,0,2,4,-0.860918283577088,0.9576871870009629,4.828211377287524,-0.860918283577088,0.9576871870009629,4.828211377287524,151.53321313858032
-5.372589630922011,1.0365315745723227,5.0,-3.7845358112057172,1.035892758072013,4.921530644039153,-0.9983840766964616,-0.0002759241382425553,-0.0009504610275625467,0.056817742727591325,-0.17113567255332612,0.00508714794741816,-0.0016804048405287702,-0.0004061696728285824,0.00018361430846880467,0.006076790805309429,5492,901000000,5.22,0,2,4,-0.873161307797168,0.9472134392844843,4.822862648305111,-0.873161307797168,0.9472134392844843,4.822862648305111,151.71965408325195
-5.372589630922011,1.0365315745723227,5.0,-3.8149539914964725,1.0400885094408503,4.921291200945795,-0.9984194856760159,-0.00024294109944828797,-0.0009680507155334424,0.0561919431936132,-0.16996034926712356,0.0032583008267488534,-0.0016491957967792454,-0.0003399966715278424,0.0001633041534887525,0.007614665992150549,5493,72000000,4.92,0,2,4,-0.8871031346120403,0.934899977318446,4.817563711603726,-0.8871031346120403,0.934899977318446,4.817563711603726,151.9053122997284
-5.372589630922011,1.0365315745723227,5.0,-3.8485797901960965,1.0442563607238429,4.921031839234257,-0.998465712791968,-0.00018386954049935808,-0.0009943693638390227,0.05536422852697753,-0.16892836652520388,0.0008171168702935031,-0.0016157444094217922,-0.0006615950439936569,0.00027195333132112864,0.008805433662928408,5493,245000000,4.54,0,2,4,-0.9046180239173484,0.9188358535316714,4.811616752395816,-0.9046180239173484,0.9188358535316714,4.811616752395816,152.13135719299316
-5.419572782380206,0.9578462118343007,5.0,-3.8787025697771798,1.047528179486982,4.920814191197293,-0.9985118475023751,-0.00011947564919409699,-0.001019537835306074,0.05452555974554546,-0.16782319443829058,-0.0012304957504152474,-0.0014944524127599112,-0.0006764075237697398,0.0002128937339307413,0.009685729946795618,5493,452000000,4.09,0,2,4,-0.9303733420920183,0.8985041216378676,4.80606500821587,-0.9303733420920183,0.8985041216378676,4.80606500821587,152.3255853652954
-5.419572782380206,0.9578462118343007,5.0,-3.9086498419801416,1.0504005635561133,4.92061780489603,-0.9985606181477701,-6.390899603276354e-05,-0.0010396166546770794,0.053624686453111914,-0.16648534546575258,-0.0028264933428664807,-0.0013862473365384247,-0.0005690589318874117,0.00016950354506661824,0.010275731710862601,5493,631000000,3.67,0,2,4,-0.960770087263534,0.8786233199063489,4.802512212326879,-0.960770087263534,0.8786233199063489,4.802512212326879,152.53509545326233
-5.419572782380206,0.9578462118343007,5.0,-3.9384018751648697,1.052864208567655,4.92044022512235,-0.9986111035817129,-1.6888306675686316e-05,-0.0010557120577947589,0.052675886230315105,-0.16522222455514946,-0.004949856696128352,-0.0012898442431469885,-0.0004789380852798786,0.00013567996148822203,0.010775256305350922,5493,816000000,3.26,0,2,4,-0.9970397755383029,0.8580266070093566,4.800281634995445,-0.9970397755383029,0.8580266070093566,4.800281634995445,152.72073698043823
-5.46234774110858,0.8766778679051002,5.0,-3.9646869491222487,1.0546801107730093,4.9202964214051494,-0.998656717627781,1.8843383157097246e-05,-0.001067327124028261,0.051803675493575396,-0.16397800382330377,-0.0066070069088344004,-0.0012130843513526225,-0.000411132299404926,0.00011109558997191016,0.011021113914466696,5493,987000000,2.89,0,2,4,-1.0382540552107027,0.8372654739789402,4.799198334493653,-1.0382540552107027,0.8372654739789402,4.799198334493653,152.8852915763855
-5.46234774110858,0.8766778679051002,5.0,-3.987533647847107,1.0560131450364767,4.92018026563993,-0.9986971272840282,4.607718851735738e-05,-0.0010757549398640717,0.051018512158152785,-0.16266813836704047,-0.007846203864662275,-0.0011521478357631113,-0.00035905650292988867,9.330695007747636e-05,0.01145415153587237,5494,141000000,2.61,0,2,4,-1.0783383031800047,0.8190190629710238,4.799003151060348,-1.0783383031800047,0.8190190629710238,4.799003151060348,153.04595184326172
-5.500758386356226,0.7932405157210881,5.0,-4.013452351075009,1.0572439195424865,4.920057438163311,-0.9987437134505273,9.030351157860307e-05,-0.0010846187537036684,0.05009800685143079,-0.16135808980119487,-0.009572469427588607,-0.0010891755755279304,-0.0006576463306373626,7.624570059761027e-05,0.011478474789328175,5494,290000000,2.42,0,2,4,-1.1155540418238783,0.8033149664559167,4.7993127678938095,-1.1155540418238783,0.8033149664559167,4.7993127678938095,153.21205615997314
-5.500758386356226,0.7932405157210881,5.0,-4.039194921083561,1.0581181626626397,4.919944228310654,-0.9987895075895843,0.00013975100567634245,-0.001092381844922404,0.04917628188991835,-0.15996286852355532,-0.011318474382772049,-0.001032602078994518,-0.0005673689429386286,6.162455221669916e-05,0.011624546823441051,5494,445000000,2.29,0,2,4,-1.1600948362434786,0.7856982265325029,4.8000511924054345,-1.1600948362434786,0.7856982265325029,4.8000511924054345,153.37641429901123
-5.500758386356226,0.7932405157210881,5.0,-4.064753331549157,1.0586192255799851,4.91983467161116,-0.9988354304179343,0.00019223393757887135,-0.0011014235168156621,0.048234146143262435,-0.15872821074960028,-0.013475834973731338,-0.001053878350833969,-0.0006598077220587584,0.00010843645412705882,0.01194872538690106,5494,598000000,2.27,0,2,4,-1.2062993829985336,0.768397956047921,4.801097037655994,-1.2062993829985336,0.768397956047921,4.801097037655994,153.57216954231262
-5.53465865806953,0.7077590007991627,5.0,-4.096465327146936,1.0586781946196748,4.919689897095306,-0.9988930466394486,0.0002528037967608714,-0.0011161528405391357,0.047025223746805345,-0.15709080363536154,-0.015906493994547095,-0.0010994959866413322,-0.0005464157197820896,0.0001262064856177858,0.01221631673615775,5494,776000000,2.38,0,2,4,-1.2597878326746839,0.7493004572310783,4.802517339574112,-1.2597878326746839,0.7493004572310783,4.802517339574112,153.79439210891724
-5.53465865806953,0.7077590007991627,5.0,-4.124744476014922,1.0582625361023148,4.919571303684902,-0.998944471684448,0.0002987859373941298,-0.0011213250791712215,0.04591944956235139,-0.15546029461907243,-0.017708359441465905,-0.000939126269311317,-0.0004596255251954062,-2.0752646356925197e-05,0.01236413463630015,5494,966000000,2.61,0,2,4,-1.3146341736317673,0.7306689691356579,4.804038402818561,-1.3146341736317673,0.7306689691356579,4.804038402818561,154.03668117523193
-5.53465865806953,0.7077590007991627,5.0,-4.152785396038622,1.0573988889502322,4.919472379109666,-0.9989951881420049,0.0003510215727820351,-0.0011221163437181163,0.0448021395458611,-0.1540664963734198,-0.019952963893488034,-0.0008845323476931668,-0.0005542904204958177,-2.012808297813251e-06,0.012481929570640204,5495,151000000,2.92,0,2,4,-1.3706176214221006,0.7125785453960486,4.8055898974238955,-1.3706176214221006,0.7125785453960486,4.8055898974238955,154.22876620292664
-5.563913328919968,0.6204686532182451,5.0,-4.177521650204448,1.0562402572671203,4.919391045203158,-0.9990395935234136,0.0003930414752463684,-0.0011238131057843118,0.043800378252638716,-0.1527211592641573,-0.021685359805837825,-0.0008484031255933655,-0.0004760913611789874,6.316838474518249e-06,0.012577511006384157,5495,328000000,3.29,0,2,4,-1.427491636678097,0.6950265725087276,4.8071254158645615,-1.427491636678097,0.6950265725087276,4.8071254158645615,154.45071578025818
-5.563913328919968,0.6204686532182451,5.0,-4.205101189883575,1.0545589388620396,4.919312344360114,-0.9990890602122633,0.00042214273358321585,-0.001122495158968013,0.042656905235929354,-0.15102296995581144,-0.02324283836135143,-0.0007306770325477253,-0.0002296613274666015,-5.359936352533623e-05,0.012854111173510319,5495,486000000,3.66,0,2,4,-1.478676569959222,0.6798733271490796,4.808435222468685,-1.478676569959222,0.6798733271490796,4.808435222468685,154.73027873039246
-5.588398770606261,0.5316148469865358,5.0,-4.22937521835329,1.0527256055646457,4.919261671666306,-0.9991320130841946,0.0004629625078922749,-0.001123701170357537,0.04163824434003727,-0.14950931731426345,-0.0250498748756649,-0.0006218054678716004,-0.0005371823817768018,4.498181880308039e-05,0.012643871741602197,5495,666000000,4.09,0,2,4,-1.5369241422075575,0.6633305240849344,4.809793606907392,-1.5369241422075575,0.6633305240849344,4.809793606907392,154.94884514808655
-5.588398770606261,0.5316148469865358,5.0,-4.2534248250437345,1.0505468287337854,4.919227525126846,-0.9991734442547918,0.0005035318633612622,-0.0011302619537510677,0.04063123502423227,-0.14793229373596256,-0.026658332627310388,-0.0005255859549316953,-0.00046116183511912823,7.993052122401423e-05,0.012575431446748553,5495,819000000,4.49,0,2,4,-1.5891988973877178,0.6490856909088467,4.810882276089127,-1.5891988973877178,0.6490856909088467,4.810882276089127,155.14297914505005
-5.608003711183438,0.44145250573565586,5.0,-4.277244415850359,1.0480135812367606,4.919208268234734,-0.9992140768488156,0.0005594726480532073,-0.0011337755990160044,0.039618558409113325,-0.14643250950010606,-0.02871307013718618,-0.0004392655030171379,-0.0007383995978216262,-3.361384237621223e-05,0.01277060209758929,5495,984000000,4.9,0,2,4,-1.6419114001068356,0.6353966949937973,4.811870777567133,-1.6419114001068356,0.6353966949937973,4.811870777567133,155.34591054916382
-5.608003711183438,0.44145250573565586,5.0,-4.300842279717491,1.045091536218705,4.919202442833635,-0.9992542743477542,0.0006153621872827454,-0.0011300391632447092,0.03859066647016052,-0.14486556698697337,-0.03058417977786289,-0.00036050657498286153,-0.0006340029983675777,-8.478550910240301e-05,0.012924322254548315,5496,146000000,5.3,0,2,4,-1.6950048666417104,0.622347063708922,4.812768970831244,-1.6950048666417104,0.622347063708922,4.812768970831244,155.5359606742859
-5.62262998000515,0.3502455538454226,5.0,-4.327113843865862,1.0413311895316717,4.919210204065776,-0.9992986923862843,0.0006690988958547773,-0.0011229174397011164,0.0374221158962591,-0.14313871639282688,-0.033187266304615846,-0.00028093230833298475,-0.000533153155402033,-9.560048113144148e-05,0.013051963287580293,5496,298000000,5.69,0,2,4,-1.7482688727602715,0.609992364708238,4.813568374234999,-1.7482688727602715,0.609992364708238,4.813568374234999,155.74540638923645
-5.62262998000515,0.3502455538454226,5.0,-4.350216493424682,1.0375312052454992,4.919228507799444,-0.9993373624377488,0.0007098574555511799,-0.0011161874895935057,0.036374252759942494,-0.14148782607235283,-0.03529092731592746,-0.00021784656979239765,-0.00045693691959058924,-9.010028989564489e-05,0.01315266745223198,5496,477000000,6.14,0,2,4,-1.8057584185307156,0.5963165408970038,4.814097678411036,-1.8057584185307156,0.5963165408970038,4.814097678411036,155.9643518924713
-5.62262998000515,0.3502455538454226,5.0,-4.373080534609846,1.0333105835143674,4.919256399865811,-0.9993757110141694,0.0007449439894314975,-0.0011098614574829864,0.0353044119186377,-0.1399143535758715,-0.03769042722920958,-0.00016133370684493032,-0.0003906806199438506,-7.892155124977762e-05,0.013602188937511528,5496,646000000,6.49,0,2,4,-1.8531198019551829,0.5854355312546516,4.814341443232831,-1.8531198019551829,0.5854355312546516,4.814341443232831,156.15570425987244
-5.6321932367033956,0.25826631228190566,5.0,-4.401324900484402,1.0274281071151985,4.919303312005151,-0.9994234436552618,0.0007820086424174385,-0.0011029422975570445,0.033925687215276945,-0.13788620591560377,-0.040315394863685405,-9.898606403803828e-05,-0.0003213607755014891,-6.396972835887027e-05,0.013929155011283001,5496,813000000,6.68,0,2,4,-1.892461207401771,0.5805162536735616,4.814905962256548,-1.892461207401771,0.5805162536735616,4.814905962256548,156.388836145401
-5.6321932367033956,0.25826631228190566,5.0,-4.423633301555453,1.0223093219799197,4.919349295287285,-0.9994605117835955,0.0008070850520850326,-0.001098147918393335,0.032815058588109514,-0.13622189513403632,-0.041977625406802575,-5.497501377646666e-05,-0.000275393134074875,-5.462519752086337e-05,0.013868745645595482,5497,0,6.74,0,2,4,-1.9323476332487117,0.5810679466163176,4.81547159436687,-1.9323476332487117,0.5810679466163176,4.81547159436687,156.58251476287842
-5.6366236804729155,0.16579483862679936,5.0,-4.4456879503822355,1.016831405856565,4.919401985038144,-0.9994960639702419,0.0008494457169852822,-0.001089835353339546,0.031712912336628485,-0.1345785654303412,-0.044072086891790624,-1.5782213050439065e-05,-0.0005805053035601304,-0.00016303886241075816,0.013704699631489348,5497,162000000,6.76,0,2,4,-1.9597647022121016,0.5821252217763891,4.814258358425676,-1.9597647022121016,0.5821252217763891,4.814258358425676,156.76412081718445
-5.6366236804729155,0.16579483862679936,5.0,-4.467482590045615,1.0109587923607672,4.919460776882072,-0.999530125082162,0.0008940221003769366,-0.0010751228063758443,0.030619828357988377,-0.13285271860788556,-0.045994629558678876,2.0346764117948546e-05,-0.0004992727951957932,-0.00020103929614379012,0.01365424823234207,5497,319000000,6.63,0,2,4,-1.9688713153834623,0.5962175319912524,4.790784731020614,-1.9688713153834623,0.5962175319912524,4.790784731020614,156.95732259750366
-5.6366236804729155,0.16579483862679936,5.0,-4.489000019163144,1.0046945019454308,4.919530470528234,-0.9995637941101211,0.0009428058453127437,-0.001061977738046535,0.029499234305339628,-0.13103700078556038,-0.04823535566856008,0.00012680340166011938,-0.0005971244206648407,-0.00013505153617643373,0.014379865751834586,5497,487000000,6.53,0,2,4,-1.942884949386677,0.6416426180967013,4.716957656855071,-1.942884949386677,0.6416426180967013,4.716957656855071,157.17113208770752
-5.635866735777037,0.07311821098866865,5.0,-4.507592033059341,0.9988732695901111,4.919606721823355,-0.9995934104261697,0.0009829590219037464,-0.0010542815551430993,0.02847694004879814,-0.12939628073047535,-0.050009516327895055,0.00022242403188213656,-0.0005200913392400253,-9.553275646112525e-05,0.014769087465538178,5497,638000000,7.58,0,2,4,-1.8927448346335995,0.7054447996588064,4.598640699429671,-1.8927448346335995,0.7054447996588064,4.598640699429671,157.3794515132904
-5.635866735777037,0.07311821098866865,5.0,-4.531151855403896,0.9909909598834975,4.919723596012321,-0.9996303083068956,0.0010272234904698035,-0.0010469291219996828,0.027149502123883174,-0.1272154368845421,-0.05179954598407197,0.00033237215346253537,-0.00043581363229350245,-6.953337745585486e-05,0.014654600272479001,5497,793000000,9.63,0,2,4,-1.8342332469555869,0.7720070045686116,4.464769388079171,-1.8342332469555869,0.7720070045686116,4.464769388079171,157.61339211463928
-5.629883710449162,-0.01947024428380043,5.0,-4.551743267295873,0.9836250812281159,4.919837621824177,-0.9996640182210061,0.0010711135709546597,-0.0010548780149086468,0.025876449183061923,-0.12506575524583058,-0.053706885326831585,0.00033884784936108134,-0.0005387757539665472,0.0002533105174507,0.017108146130340174,5497,970000000,12.6,0,2,4,-1.7677925421276062,0.8507662399534267,4.295343698085035,-1.7677925421276062,0.8507662399534267,4.295343698085035,157.80841422080994
-5.629883710449162,-0.01947024428380043,5.0,-4.574490925653009,0.974904875255994,4.91996615909767,-0.9997044262458807,0.0011162073325543071,-0.0010848201792524846,0.024261850522246275,-0.12265262374299676,-0.05557304587380989,0.0003288879243016586,-0.0004498892565152346,0.00038555018022634613,0.018485929285816383,5498,122000000,15.03,0,2,4,-1.7226103825878787,0.9100692328265657,4.1573214786350015,-1.7226103825878787,0.9100692328265657,4.1573214786350015,157.99924778938293
-5.629883710449162,-0.01947024428380043,5.0,-4.596738713433166,0.9657303845030651,4.920069519149871,-0.9997486718884185,0.0011664672411273054,-0.001166221618552984,0.02235782499830785,-0.11971940307715678,-0.05763435061615345,2.9411552098045534e-05,-0.0005369605162286462,0.0012765415476678754,0.023133940885600168,5498,301000000,17.47,0,2,4,-1.6845782826729028,0.966898163099105,4.014312084480774,-1.6845782826729028,0.966898163099105,4.014312084480774,158.19461369514465
-5.61865242203085,-0.11167178091919192,5.0,-4.616055470297263,0.9571949041057835,4.920119917175576,-0.9997898785757442,0.0012057847540806515,-0.0012829107314831871,0.020422999796316177,-0.11716071985559888,-0.05915352274291371,-0.0002293991580673887,-0.0004574562353809597,0.0015825997138563253,0.024881486569938716,5498,483000000,19.61,0,2,4,-1.6577013560400888,1.015151797594625,3.8827275456645785,-1.6577013560400888,1.015151797594625,3.8827275456645785,158.37014603614807
-5.61865242203085,-0.11167178091919192,5.0,-4.634951404498899,0.948350743439086,4.920136006212101,-0.9998286222513919,0.001239764425886305,-0.0014077886713688452,0.01841757970278035,-0.11473820400451973,-0.06036409878487016,-0.00046199569856078895,-0.0003924520996179126,0.00155293979560156,0.02508780235075392,5498,645000000,21.31,0,2,4,-1.641592599023693,1.0521340254518465,3.774280395613667,-1.641592599023693,1.0521340254518465,3.774280395613667,158.55163025856018
-5.60216778806488,-0.2031831166393795,5.0,-4.6556525385810374,0.9380369391171005,4.920105043942936,-0.9998703765243095,0.0012950278764790402,-0.0015943304511574809,0.015969068925482943,-0.11127048955872401,-0.06204247529326712,-0.0008663713113748276,-0.000656697847034593,0.002633003441587789,0.02941280290542636,5498,814000000,22.83,0,2,4,-1.631812371193395,1.0844549118520708,3.673249583178578,-1.631812371193395,1.0844549118520708,3.673249583178578,158.7407305240631
-5.60216778806488,-0.2031831166393795,5.0,-4.673477765831278,0.9285166751081676,4.920021450963594,-0.9999060652129146,0.0013438725031394605,-0.001821236887303907,0.01351805656601851,-0.10816568715152682,-0.06335794267494418,-0.0012268900610537107,-0.0005536950368423277,0.0029764774126306293,0.031436572317034006,5498,985000000,24.31,0,2,4,-1.6300898242613333,1.1156615625000441,3.572965039138469,-1.6300898242613333,1.1156615625000441,3.572965039138469,158.90520095825195
-5.60216778806488,-0.2031831166393795,5.0,-4.690754106685049,0.918666443215299,4.9198862878518845,-0.9999374256288789,0.0013960857885898343,-0.0020726456093648326,0.010904123593351522,-0.10487419650479883,-0.06496671459305206,-0.001624557543779993,-0.0006338454170418117,0.0033574569897609763,0.03380409616511315,5499,139000000,25.41,0,2,4,-1.6371856612338098,1.138568231959916,3.4971377499722416,-1.6371856612338098,1.138568231959916,3.4971377499722416,159.1014723777771
-5.5804423759517086,-0.2936973719598432,5.0,-4.707458971646563,0.9084647307919034,4.919696671029325,-0.9999629166601796,0.001446026102603942,-0.0023363910092845893,0.008161837417445528,-0.10169727538107409,-0.06636795560760896,-0.001998777003752772,-0.0005363846867112443,0.0032625068342895247,0.03448878233029973,5499,313000000,26.35,0,2,4,-1.6517267730921759,1.1567438334953988,3.4332379508518964,-1.6517267730921759,1.1567438334953988,3.4332379508518964,159.27388405799866
-5.5804423759517086,-0.2936973719598432,5.0,-4.72561549991135,0.896633012508012,4.919425697306494,-0.9999826376874009,0.0014957846499750968,-0.002608423791773892,0.005067847408074422,-0.09851566225221613,-0.06761940186034586,-0.002367962092706096,-0.0004483715144942835,0.0028755600169461104,0.03416318249946926,5499,474000000,27.14,0,2,4,-1.6728527671034807,1.1705038828061987,3.3802917555694547,-1.6728527671034807,1.1705038828061987,3.3802917555694547,159.45400524139404
-5.5804423759517086,-0.2936973719598432,5.0,-4.741195691397022,0.8857991390640353,4.919127989700304,-0.999992168851928,0.0015352367220185373,-0.0028430781489305317,0.002285211076304694,-0.09538507433593743,-0.06917417711155491,-0.0028110865024427263,-0.00037656238305316947,0.0030843620606901823,0.035389591721468605,5499,640000000,27.89,0,2,4,-1.703054357817669,1.1816304878388626,3.332417447191354,-1.703054357817669,1.1816304878388626,3.332417447191354,159.64316296577454
-5.553506907881683,-0.38290506286009296,5.0,-4.756224931439133,0.8746430558765804,4.91877616505519,-0.9999938469677843,0.0015709704101303495,-0.003085503325173298,-0.0005636912028263996,-0.09244258461969163,-0.07044519218898995,-0.0030843059053445717,-0.0003158432889449614,0.00304522607166291,0.03567917556210887,5499,814000000,28.45,0,2,4,-1.7337642582180683,1.1887415821408467,3.2990672334353306,-1.7337642582180683,1.1887415821408467,3.2990672334353306,159.80328845977783
-5.553506907881683,-0.38290506286009296,5.0,-4.77074514976369,0.8632241904322787,4.9183892416623864,-0.9999874132399981,0.0015944636994971145,-0.0033114127470814485,-0.0034154930400266403,-0.08980541027050273,-0.0714441293725473,-0.003361332059819617,-9.29179080344511e-05,0.002704290182009572,0.03557202289812267,5499,963000000,28.9,0,2,4,-1.7652559626391804,1.1936682042545526,3.2734688414160105,-1.7652559626391804,1.1936682042545526,3.2734688414160105,159.98997497558594
-5.553506907881683,-0.38290506286009296,5.0,-4.784767800386619,0.851540352991922,4.917961787654376,-0.9999727633275455,0.0016117699711263066,-0.0035201837481078713,-0.006283558467331751,-0.08698577507294762,-0.07287293405047439,-0.003627864515369124,-7.096924363736434e-05,0.0026634430014382815,0.03616534158936702,5500,136000000,29.31,0,2,4,-1.799698339332883,1.1970359675260023,3.252954128025789,-1.799698339332883,1.1970359675260023,3.252954128025789,160.1592893600464
-5.5214107162752395,-0.47049514599288356,5.0,-4.798275726749786,0.8395589101764627,4.917497796425515,-0.9999496940808157,0.0016289174550911743,-0.0037204303166425813,-0.009171386692648553,-0.08431064664817602,-0.07410097182886113,-0.0038647670575261577,-5.937317055781932e-05,0.0024456902110614465,0.03586214625102002,5500,296000000,29.5,0,2,4,-1.8256563420200747,1.198368746744509,3.2424223457670625,-1.8256563420200747,1.198368746744509,3.2424223457670625,160.3305470943451
-5.5214107162752395,-0.47049514599288356,5.0,-4.811304062756681,0.8273377801463084,4.917005369714924,-0.9999189377406978,0.0016371243063113166,-0.0039003094834845486,-0.012009386222989027,-0.08188517396388192,-0.0750554466708234,-0.004007319843030933,0.00012206170936224225,0.002185501216445118,0.03508002446324099,5500,456000000,29.71,0,2,4,-1.8579316497339418,1.1987606688864236,3.2349963926617398,-1.8579316497339418,1.1987606688864236,3.2349963926617398,160.4947793483734
-5.484222145100808,-0.5561561147666688,5.0,-4.825400749615893,0.8133037360801235,4.9164381260338565,-0.9998752395250698,0.0016524052513549109,-0.004083773772646935,-0.015168972718782092,-0.07897144033767475,-0.07657518716369281,-0.004045869230844034,-5.788238830461978e-05,0.0020365641603348195,0.03530548856360838,5500,610000000,29.77,0,2,4,-1.8821405831732212,1.1982321500712003,3.2333897958801097,-1.8821405831732212,1.1982321500712003,3.2333897958801097,160.69550442695618
-5.484222145100808,-0.5561561147666688,5.0,-4.8388825474622,0.7989394113484654,4.915862414166944,-0.9998216012210754,0.0016602390544835297,-0.004254036452246508,-0.018327916190054916,-0.07624689890012257,-0.0777718480547325,-0.004143726069122708,0.00012112227096849892,0.0018513889244786697,0.03490418785077054,5500,793000000,29.8,0,2,4,-1.9119878219689188,1.1966730255638733,3.235822512592784,-1.9119878219689188,1.1966730255638733,3.235822512592784,160.8951277732849
-5.484222145100808,-0.5561561147666688,5.0,-4.84895539294729,0.7875470266394851,4.915407094829665,-0.9997733224967,0.0016742838046078941,-0.0043738878411291645,-0.020769436747391568,-0.0739852531075075,-0.07916979692783209,-0.0041513419653352,-6.282928595169324e-05,0.001699809320143686,0.03489241425995715,5500,961000000,29.77,0,2,4,-1.9402942439565443,1.1943251822850123,3.2425610946831176,-1.9402942439565443,1.1943251822850123,3.2425610946831176,161.05740451812744
-5.442028892397166,-0.6395771442850378,5.0,-4.860009116746575,0.774244134331216,4.9148880578905425,-0.9997113478841735,0.001694036233113565,-0.0044959746098275945,-0.023540122454168477,-0.07153159683247785,-0.0806768083668021,-0.0041445347111759645,-5.505858311494194e-05,0.0014808473679295275,0.03427403207751922,5501,113000000,29.7,0,2,4,-1.9612506549024378,1.19207715349392,3.250368381576927,-1.9612506549024378,1.19207715349392,3.250368381576927,161.22799634933472
-5.442028892397166,-0.6395771442850378,5.0,-4.871909103739342,0.7589810751410214,4.914305702627048,-0.9996347526951828,0.0016936870677567663,-0.004612329665073954,-0.026574782091634164,-0.06916845511766294,-0.08189482109045403,-0.004132781286910336,0.0002916522618079398,0.001226767449225008,0.03324421777506359,5501,271000000,29.59,0,2,4,-1.9840811920046661,1.1891772811093613,3.2616724990543116,-1.9840811920046661,1.1891772811093613,3.2616724990543116,161.42491602897644
-5.442028892397166,-0.6395771442850378,5.0,-4.882028094526703,0.7451772308567451,4.9137949753435,-0.9995603173257673,0.0016978819586439548,-0.004700112867892411,-0.029226668703337233,-0.0668148744966347,-0.08324860600889672,-0.004043568749146439,8.549419447945183e-05,0.0010860974953175173,0.03314878013043199,5501,451000000,29.41,0,2,4,-2.00835291717928,1.1856167795709331,3.277011599013182,-2.00835291717928,1.1856167795709331,3.277011599013182,161.58589553833008
-5.394938289305385,-0.7204492827602554,5.0,-4.891692267226319,0.7311325727781978,4.913302697844345,-0.9994793577133849,0.0016969650136024405,-0.004774446929729288,-0.03186437620756327,-0.0645805393009219,-0.08447622459409745,-0.0038835291865503122,0.00025109303578574327,0.0008769160672272847,0.03279223710705992,5501,603000000,29.23,0,2,4,-2.0287438810451732,1.1822747945263432,3.2926741938715227,-2.0287438810451732,1.1822747945263432,3.2926741938715227,161.77379250526428
-5.394938289305385,-0.7204492827602554,5.0,-4.900934246850581,0.7168889507107576,4.912836196209296,-0.9993929008748561,0.0016927910608610475,-0.004832976461313077,-0.034461666789181944,-0.06260209452891137,-0.08538955105882108,-0.0037171093317999978,0.0002191804043150114,0.0007007618137322424,0.0322095937008271,5501,758000000,29.01,0,2,4,-2.0481059996243824,1.1788229256128682,3.310016711968403,-2.0481059996243824,1.1788229256128682,3.310016711968403,161.96619987487793
-5.394938289305385,-0.7204492827602554,5.0,-4.910828466776634,0.7006244581317859,4.912346033546623,-0.9992892309939869,0.0017024995645605022,-0.004880886630759366,-0.03734047750600916,-0.06007517644399464,-0.08693187444429797,-0.0034650222389496143,2.2203064276027362e-05,0.0004874937985732686,0.031872454565018415,5501,933000000,28.76,0,2,4,-2.0665065083835565,1.175312145915816,3.3288544100995843,-2.0665065083835565,1.175312145915816,3.3288544100995843,162.16452980041504
-5.343077510917503,-0.7984666866361086,5.0,-4.921181339660358,0.6822263967475343,4.9118508406733685,-0.9991663513457343,0.0016885645090909678,-0.004909339350395565,-0.04049258543849271,-0.05759401162206085,-0.0882899012632934,-0.003198978341585102,0.00035244335094830603,0.00020262457383068977,0.03128523203486111,5502,115000000,28.46,0,2,4,-2.086133783154374,1.1713433655053085,3.351628584059446,-2.086133783154374,1.1713433655053085,3.351628584059446,162.3691644668579
-5.343077510917503,-0.7984666866361086,5.0,-4.929986851610027,0.6654481657630222,4.911444001324675,-0.999050392957846,0.0016737593647868343,-0.004917874598911255,-0.04325881840493878,-0.055614015725773215,-0.08920111280360762,-0.0029871669094315265,0.0002962702666309269,8.577150509836429e-05,0.03041492927877698,5502,304000000,28.1,0,2,4,-2.110199278333024,1.1652353973274059,3.3799101204836894,-2.110199278333024,1.1652353973274059,3.3799101204836894,162.57624340057373
-5.286593714276308,-0.8733278962592992,5.0,-4.939202802928866,0.6465500134397428,4.911039780578037,-0.9989152706363644,0.001676549601572016,-0.004914350273055708,-0.04627440364073793,-0.0531952954016345,-0.09068337798393208,-0.0026780820181160243,8.992750011316275e-05,-4.131077098179503e-05,0.030036873249628115,5502,495000000,27.76,0,2,4,-2.136671758196013,1.1569819879888175,3.408745248599067,-2.136671758196013,1.1569819879888175,3.408745248599067,162.81001567840576
-5.286593714276308,-0.8733278962592992,5.0,-4.94613761970759,0.6312386502740476,4.910763343609806,-0.9988024766630463,0.001668715456359734,-0.004903051050145839,-0.04864964635934954,-0.05136348981148299,-0.09153725588838967,-0.0023659651809769407,0.000248906169986185,-0.00014206203786670812,0.02950958805740811,5502,678000000,27.38,0,2,4,-2.1708260746304817,1.1452470472829555,3.443909552144688,-2.1708260746304817,1.1452470472829555,3.443909552144688,163.00012302398682
-5.286593714276308,-0.8733278962592992,5.0,-4.953464959743335,0.613811451874263,4.910504780452891,-0.9986710694228353,0.0016600885921670787,-0.00488507550435988,-0.05127840911176201,-0.04904910688160695,-0.09296821461726329,-0.002051566482192665,0.00021603769653211202,-0.0001729250442394914,0.029045222800050396,5502,853000000,27.07,0,2,4,-2.2010602051794534,1.13433341442946,3.4738567959072384,-2.2010602051794534,1.13433341442946,3.4738567959072384,163.20075225830078
-5.2256540989155775,-0.9447371485293901,5.0,-4.958797892871155,0.6000934079128439,4.910337646455074,-0.9985664824574656,0.0016551547068512978,-0.0048702847015931845,-0.05327777118410343,-0.047297506684263156,-0.0938646354158895,-0.0018327838003618462,0.00018857269594718673,-0.0001746043921002638,0.02820474710460985,5503,19000000,26.71,0,2,4,-2.2374304743441176,1.120850813204323,3.508879164733255,-2.2374304743441176,1.120850813204323,3.508879164733255,163.3797791004181
-5.2256540989155775,-0.9447371485293901,5.0,-4.964529873273326,0.5842907621747349,4.9101829343450705,-0.9984458339126708,0.0016425129579721125,-0.004852366534015463,-0.05549480545630947,-0.045514039983230434,-0.09460594927782942,-0.0015429080194641963,0.0003383839668913424,-0.0002203867481398447,0.02736008282226976,5503,171000000,26.44,0,2,4,-2.266995826384942,1.1096811498388888,3.5367484097518225,-2.266995826384942,1.1096811498388888,3.5367484097518225,163.55843925476074
-5.160445885414503,-1.0124057225364496,5.0,-4.970520713464917,0.5663661091084016,4.910055251661729,-0.9983087758499289,0.001635648368454115,-0.004820626290859361,-0.05791091673937526,-0.0432167339634285,-0.09574911788326315,-0.0013031739405051296,0.00011551781540219963,-0.00041668749872769695,0.026497214457776863,5503,333000000,26.12,0,2,4,-2.3017990507763098,1.096391931850072,3.5689632118625605,-2.3017990507763098,1.096391931850072,3.5689632118625605,163.77557110786438
-5.160445885414503,-1.0124057225364496,5.0,-4.975407129623835,0.5502795717433041,4.9099748293003165,-0.9981855492750645,0.0016240131586337406,-0.004779743997093199,-0.06000104871600531,-0.0412543880497493,-0.09665101679327923,-0.0010534715633804018,0.00027219061564665026,-0.0005251864251931693,0.02593063491076464,5503,500000000,25.76,0,2,4,-2.3418217497743594,1.0809079662335914,3.6053770609444973,-2.3418217497743594,1.0809079662335914,3.6053770609444973,163.96037817001343
-5.160445885414503,-1.0124057225364496,5.0,-4.979871287747197,0.534045074901621,4.909935391683478,-0.9980612984626,0.0016211455101380842,-0.0047322308783305286,-0.062037266133329494,-0.03893775626055671,-0.09795004408808519,-0.0007450483188636894,6.462595720790887e-05,-0.0005843317751441646,0.025118532539636362,5503,668000000,25.45,0,2,4,-2.377812183910161,1.066850363551373,3.637666609121791,-2.377812183910161,1.066850363551373,3.637666609121791,164.15440011024475
-5.091176207556139,-1.076053313764426,5.0,-4.98435705030152,0.5155815568698757,4.909944644845731,-0.9979214478922591,0.001622882403998377,-0.004677239604182407,-0.06425164215025697,-0.03655785928205292,-0.09914727041382554,-0.0004208134799780718,5.7485689453073974e-05,-0.0005579503010721965,0.024270289031846914,5503,833000000,25.14,0,2,4,-2.4139160524356416,1.0526514393496866,3.669716712270961,-2.4139160524356416,1.0526514393496866,3.669716712270961,164.36501479148865
-5.091176207556139,-1.076053313764426,5.0,-4.987926071321218,0.49904874689019835,4.910001259027227,-0.9977972381824296,0.001613549016024138,-0.00463035384023237,-0.06615608632924858,-0.034730197622153194,-0.09986589953056263,-8.586066253767099e-05,0.00022584854235674356,-0.0005617502324639645,0.023530148610007018,5504,11000000,24.8,0,2,4,-2.454346736230187,1.036585432491294,3.7053204676277494,-2.454346736230187,1.036585432491294,3.7053204676277494,164.55271100997925
-5.018071913829636,-1.1354094319985468,5.0,-4.991106595953701,0.48242442195111707,4.910102181534416,-0.9976731991664631,0.0016112323289829457,-0.004578497631278547,-0.06800462451022699,-0.03252923308562374,-0.10074317816016054,0.00015697298077597236,2.3521272396465065e-05,-0.0006856286063339212,0.022825418272987008,5504,170000000,24.5,0,2,4,-2.489987730639477,1.0223011481342303,3.736476275816661,-2.489987730639477,1.0223011481342303,3.736476275816661,164.7544572353363
-5.018071913829636,-1.1354094319985468,5.0,-4.9938537938595,0.4656960125116823,4.910237472807508,-0.9975506722666931,0.0016042058602203741,-0.00451813890861647,-0.069783015158624,-0.030423896227338182,-0.10158629001206762,0.0004230714771844307,0.00019194313551906816,-0.0007583215278827993,0.021759962328360416,5504,326000000,24.2,0,2,4,-2.5252169970953284,1.0080217657977149,3.767104592575665,-2.5252169970953284,1.0080217657977149,3.767104592575665,164.95411777496338
-5.018071913829636,-1.1354094319985468,5.0,-4.996415998735696,0.4467470915426866,4.910436407432309,-0.9974155991431988,0.0015916951306601578,-0.004443704375127786,-0.07169269547067642,-0.02757015677922216,-0.10281612044998974,0.0007123563798988995,0.00016542504965855187,-0.0008431788387497363,0.020912732361466624,5504,491000000,23.91,0,2,4,-2.559998429781388,0.9937710058689474,3.7971496583129722,-2.559998429781388,0.9937710058689474,3.7971496583129722,165.15559554100037
-4.941379274201433,-1.1902148176291472,5.0,-4.998181128756863,0.4297815524918014,4.910649813073875,-0.9972975617786985,0.0015818969299127967,-0.004375817478618678,-0.07332068666999603,-0.025156220666521935,-0.10374714746831551,0.0009407240189897345,0.00014231727618607692,-0.0008051154338772903,0.019996112860098947,5504,658000000,23.59,0,2,4,-2.598605493331734,0.9778139673170324,3.830221212269037,-2.598605493331734,0.9778139673170324,3.830221212269037,165.378680229187
-4.941379274201433,-1.1902148176291472,5.0,-4.999655825888658,0.41060682085521544,4.910933457797418,-0.9971677555312293,0.0015602095459164359,-0.004303912522850229,-0.07507003005180485,-0.022797389851196066,-0.10445739594889114,0.0012562798113117798,0.00029271613470882585,-0.0007725100260813633,0.01910090577439405,5504,831000000,23.31,0,2,4,-2.632417345088986,0.9636696067462317,3.858961451775456,-2.632417345088986,0.9636696067462317,3.858961451775456,165.59683680534363
-4.861363588304209,-1.2402228705937084,5.0,-5.000585686791511,0.3913543427995972,4.911267669215022,-0.9970407807116026,0.0015632062406469654,-0.004229194146750182,-0.07674211295707228,-0.019974697972488704,-0.10539958179333794,0.001544932284027449,-8.412827767756426e-05,-0.0008154421095696307,0.018276574155606795,5505,2000000,23.0,0,2,4,-2.669868519321583,0.9477896567062111,3.890523698334706,-2.669868519321583,0.9477896567062111,3.890523698334706,165.81525230407715
-4.861363588304209,-1.2402228705937084,5.0,-5.0009571826106995,0.37202077276112133,4.911646387125691,-0.9969176388139368,0.0015712711481198022,-0.004155605141782494,-0.07832932703993867,-0.017554016485507078,-0.10613993438347102,0.0017989273399587054,-6.937016294727982e-05,-0.0007496710793475359,0.017266672330151778,5505,188000000,22.71,0,2,4,-2.7066507832801014,0.9319086681034386,3.921248554486432,-2.7066507832801014,0.9319086681034386,3.921248554486432,166.02151584625244
-4.861363588304209,-1.2402228705937084,5.0,-5.0007084767913,0.35043713155114004,4.9121226085833944,-0.9967865105836841,0.0015630543361838678,-0.004072540031793138,-0.07998514610372631,-0.01427270817349972,-0.1073387554841037,0.002150169396450308,0.00011196864875273604,-0.0008459208686417696,0.016125083857332356,5505,373000000,22.42,0,2,4,-2.742755582695922,0.9160167906244195,3.951125649215119,-2.742755582695922,0.9160167906244195,3.951125649215119,166.26043510437012
-4.778308691455196,-1.2852010857470126,5.0,-4.999866442954064,0.3309362487235463,4.91260394229498,-0.9966744607358491,0.0015534009212438424,-0.003997477441178108,-0.08137337670632355,-0.011603952733812435,-0.10797902690159755,0.002434780368388138,9.78730554379581e-05,-0.0007857702144065115,0.015041802362247836,5505,567000000,22.12,0,2,4,-2.7820079550394783,0.8983176253112155,3.9833335229422664,-2.7820079550394783,0.8983176253112155,3.9833335229422664,166.53926253318787
-4.778308691455196,-1.2852010857470126,5.0,-4.998519217676832,0.3114224686601423,4.913129185104664,-0.9965673471002107,0.0015449860414138855,-0.003930432682191647,-0.08267821605907255,-0.009313078450198199,-0.10833669131455095,0.0026857980255083113,8.633074344288616e-05,-0.0006821245904120588,0.014178670517139835,5505,756000000,21.85,0,2,4,-2.816553627336589,0.8823488273996004,4.011434379910985,-2.816553627336589,0.8823488273996004,4.011434379910985,166.8108732700348
-4.692516355220243,-1.3249324879979623,5.0,-4.99641723198307,0.28972281058785093,4.91375754692852,-0.9964544604535766,0.0015359338742358326,-0.00385212592732737,-0.08403160283575078,-0.006189573619406961,-0.10914746617483036,0.0029302567137043196,7.380091986419757e-05,-0.0008366675956494873,0.013111716998537304,5505,937000000,21.57,0,2,4,-2.854128113023317,0.8646156230885121,4.041664324385567,-2.854128113023317,0.8646156230885121,4.041664324385567,167.06473302841187
-4.692516355220243,-1.3249324879979623,5.0,-4.994249653450349,0.27234027440100644,4.91428969772808,-0.9963692365627994,0.001528721562174356,-0.0037849225505296093,-0.08503929563993423,-0.003951943741174233,-0.10956759621797137,0.0031027586975554333,6.469796929309268e-05,-0.0008083425598215399,0.01231309697686811,5506,123000000,21.34,0,2,4,-2.887154006421037,0.8486523376996952,4.067968664021259,-2.887154006421037,0.8486523376996952,4.067968664021259,167.26217031478882
-4.604305579587888,-1.3592170601044367,5.0,-4.991648898953387,0.2549531932546639,4.914844742213174,-0.9962885124406258,0.0015218890801389291,-0.0037184152209850225,-0.08598288911589752,-0.0011656567624709713,-0.11014465350552152,0.0032570118811071384,5.5549923771991416e-05,-0.0008380608790048427,0.011406911107769702,5506,295000000,21.15,0,2,4,-2.9158518739440007,0.8344513631633129,4.090635436440354,-2.9158518739440007,0.8344513631633129,4.090635436440354,167.4747838973999
-4.604305579587888,-1.3592170601044367,5.0,-4.988559275610073,0.23756929661325119,4.915419611915389,-0.9962135034774542,0.0015154072374320524,-0.0036522673477927085,-0.08685056115708706,0.0015235788358702394,-0.11048978298924172,0.003394898642305095,4.619703410924103e-05,-0.0007891727193509723,0.010401199051557342,5506,451000000,20.97,0,2,4,-2.94391118969314,0.8202392879177721,4.112637244100362,-2.94391118969314,0.8202392879177721,4.112637244100362,167.69066047668457
-4.514011774210335,-1.3878731555776789,5.0,-4.9849843415132185,0.2202108007102815,4.916016426505597,-0.9961457104559359,0.0014997844777106814,-0.003586812323407733,-0.08762767236504349,0.004628805305004065,-0.11099916422593677,0.003587766121175251,0.00021229992341886827,-0.0008666338089824421,0.009147003038378898,5506,602000000,20.8,0,2,4,-2.9712719387138677,0.8060016888980073,4.133981869953604,-2.9712719387138677,0.8060016888980073,4.133981869953604,167.87934470176697
-4.514011774210335,-1.3878731555776789,5.0,-4.980881762370077,0.20286842289386212,4.916641586558269,-0.9960858080263727,0.0014803963587267162,-0.0035182989694744413,-0.08830907681224176,0.007558731546056932,-0.1113697224012761,0.0037812581504311138,0.00018459325730191267,-0.0008458556521873106,0.008079504550551064,5506,758000000,20.64,0,2,4,-2.9979468530568423,0.7917690920750339,4.154677610470307,-2.9979468530568423,0.7917690920750339,4.154677610470307,168.0951509475708
-4.421985826607609,-1.4107388887183527,5.0,-4.9762489833254335,0.18556076650782527,4.917292131132479,-0.9960336354419509,0.0014836160042409584,-0.003447954702580177,-0.08889829897254209,0.01105568759384359,-0.11180802068685902,0.0039511021639388666,-0.0001858868714066375,-0.0008785387137777434,0.006806692226746236,5506,928000000,20.5,0,2,4,-3.0238528851371793,0.7775272446734441,4.174727672840046,-3.0238528851371793,0.7775272446734441,4.174727672840046,168.37544226646423
-4.421985826607609,-1.4107388887183527,5.0,-4.970360214557768,0.1661436047428945,4.9180442868415115,-0.9959843035504896,0.0014825406283504677,-0.0033678399910711397,-0.08945237173002085,0.014655046094745472,-0.11209235507824959,0.004040658900473714,9.621926277958437e-06,-0.0008727038846245705,0.0056841367040760815,5507,93000000,20.38,0,2,4,-3.0490383906151557,0.7632859565111714,4.19414533817012,-3.0490383906151557,0.7632859565111714,4.19414533817012,168.63626790046692
-4.328593055717535,-1.4276734933920339,5.0,-4.965295388713734,0.151093579830666,4.918638954727498,-0.9959526240926209,0.001468723700510387,-0.0033076453746234686,-0.08980686441352664,0.017928674731213658,-0.11238661523238543,0.0041561625667441765,0.0001800468737656047,-0.0008611550811110646,0.004565542303680559,5507,266000000,20.26,0,2,4,-3.0764772790874324,0.7472444903703155,4.215266138944115,-3.0764772790874324,0.7472444903703155,4.215266138944115,168.8957290649414
-4.328593055717535,-1.4276734933920339,5.0,-4.9581133975396785,0.131806465701735,4.919423967897442,-0.995922039741577,0.001448445458029518,-0.0032349162309387963,-0.09014836703851248,0.021794409341713866,-0.11273761447205992,0.0043047672038722855,0.00015038089031804702,-0.0007762832865410019,0.0030922196401661495,5507,411000000,20.18,0,2,4,-3.097132391348576,0.7347610992062654,4.2311732150110215,-3.097132391348576,0.7347610992062654,4.2311732150110215,169.17935752868652
-4.234212049709711,-1.4385586417559681,5.0,-4.95110358854398,0.11472936641754287,4.920138946045803,-0.995904539454961,0.0014544045764595301,-0.003170729403521065,-0.09034367424108564,0.025753707738830428,-0.11299752465889501,0.004418634142655884,-0.00021391566207284995,-0.0007975873927534849,0.0019654173229355365,5507,582000000,20.1,0,2,4,-3.1225954193930745,0.7188222833962475,4.2508995711313435,-3.1225954193930745,0.7188222833962475,4.2508995711313435,169.43793892860413
-4.234212049709711,-1.4385586417559681,5.0,-4.942489460616935,0.09560660856615338,4.920953316791665,-0.9958949646672759,0.0014542603817149992,-0.0030982656430369715,-0.0904516734345599,0.02975046311530512,-0.1132388971146688,0.00444929096505015,-1.802372668890939e-05,-0.0007939951217394992,0.0005636498997318995,5507,748000000,20.05,0,2,4,-3.1428599947407214,0.7051432690694596,4.267436682215704,-3.1428599947407214,0.7051432690694596,4.267436682215704,169.66010403633118
-4.13923338756614,-1.4432997137763375,5.0,-4.930933568538984,0.07239452455668227,4.921949022537006,-0.9958992106734215,0.001448196805813207,-0.003007048599884848,-0.09040808904509401,0.034802448790214366,-0.11330370429156596,0.004622419682685857,-1.707417975893577e-05,-0.0008331914955306274,-0.0005085904234647387,5507,933000000,20.0,0,2,4,-3.16145513915461,0.6907941412479812,4.284494303721078,-3.16145513915461,0.6907941412479812,4.284494303721078,169.89993715286255
-4.13923338756614,-1.4432997137763375,5.0,-4.921089655998757,0.05341712415468856,4.9229239475525635,-0.9958881577225133,0.0014394292794577303,-0.0029373682890453147,-0.09053218885535774,0.03472751235560034,-0.11379756044036635,0.006003718197692496,7.073612309227428e-05,-0.0007196015474164597,0.00260041231285868,5508,140000000,19.98,0,2,4,-3.1763719876272134,0.6754936795138795,4.302524162589593,-3.1763719876272134,0.6754936795138795,4.302524162589593,170.1278157234192
-4.044058244565728,-1.4418270080303621,5.0,-4.914507829222454,0.03329690924092487,4.92519929882123,-0.9957316262262375,0.0015590324595567754,-0.0029766096506511136,-0.09223468840750759,-0.0024097007237393253,-0.11913919507069717,0.018492189482694123,-0.0010036095659415878,0.0014723292906637653,0.031053851489559747,5508,323000000,19.96,0,2,4,-3.181628215315397,0.6651455188117927,4.31474941251854,-3.181628215315397,0.6651455188117927,4.31474941251854,170.3680226802826
-4.044058244565728,-1.4418270080303621,5.0,-4.915060348555249,0.010743026085594779,4.930010684666997,-0.9953568741288217,0.001676537845577409,-0.003140854811859828,-0.09618740757710409,-0.047957949133119036,-0.12544325681818622,0.033044963442492734,-0.0005236046092704782,0.002230962809335324,0.05337030452210456,5508,516000000,19.87,0,2,4,-3.1810202553420863,0.6566474679169879,4.324867461250943,-3.1810202553420863,0.6566474679169879,4.324867461250943,170.60475635528564
-3.9490968824942665,-1.4340968839754855,5.0,-4.929514227041302,-0.029204849787370167,4.942429986918754,-0.994488760604372,0.0017182161593878205,-0.00340896725606664,-0.10477371668055274,-0.10595632671367394,-0.13264524714243744,0.05228831356253923,0.00020610762021533446,0.0020319859004303,0.06847510521765798,5508,692000000,19.64,0,2,4,-3.17534567302427,0.6497654335781127,4.333201890543032,-3.17534567302427,0.6497654335781127,4.333201890543032,170.92273616790771
-3.9490968824942665,-1.4340968839754855,5.0,-4.951930888967043,-0.0671917796121371,4.956905948410985,-0.9935458395122265,0.0016744386408252244,-0.0036170103671507863,-0.11336127327789947,-0.13717332349113512,-0.13474420184812405,0.06327087776238714,0.002020701754190668,0.0010599165420899226,0.06876084298710339,5508,968000000,19.17,0,2,4,-3.1579309641977216,0.6418668922600002,4.343208810621882,-3.1579309641977216,0.6418668922600002,4.343208810621882,171.2161099910736
-3.8547670261357823,-1.4200928255936496,5.0,-4.969930998590105,-0.09611704245208542,4.968585729031666,-0.9929179331774859,0.0015239137867628905,-0.0036571349530981306,-0.11873618246033868,-0.13286729238034972,-0.13240417781509278,0.06379687054985225,0.0017467643829149893,-0.00014317079859438309,0.054559355339733884,5509,216000000,18.71,0,2,4,-3.1358417110924375,0.6374930548449415,4.349357838876016,-3.1358417110924375,0.6374930548449415,4.349357838876016,171.44018840789795
-3.8547670261357823,-1.4200928255936496,5.0,-4.985162378184846,-0.12394311338426138,4.979698441945378,-0.9924339394581339,0.0013049025412520067,-0.003528232292228075,-0.12272214395885861,-0.10538380200958897,-0.12745103030840846,0.05686660757550048,0.002206582530561718,-0.002825873934853007,0.036237974563846365,5509,385000000,18.45,0,2,4,-3.1164042706788186,0.6351074224474986,4.353020413690369,-3.1164042706788186,0.6351074224474986,4.353020413690369,171.67804288864136
-3.761492128384366,-1.399826416087859,5.0,-4.995050815096604,-0.14963598782662582,4.989273821004044,-0.9920844165821052,0.0011146116569027303,-0.0032384091361189727,-0.12552601611644226,-0.0744265074514169,-0.12275677267602474,0.0484440718309077,0.0013811427947985067,-0.003649270570349472,0.02816577034536749,5509,572000000,18.27,0,2,4,-3.1000023716780345,0.631179596636323,4.357684651403742,-3.1000023716780345,0.631179596636323,4.357684651403742,171.89509963989258
-3.761492128384366,-1.399826416087859,5.0,-5.000219947488281,-0.1758642921858167,4.998126112412961,-0.9917662596272094,0.001002115102774785,-0.0029062690885889274,-0.12802435561392222,-0.04445813402675024,-0.11860401919589207,0.03960962996537999,0.00038981824559414235,-0.0030968028340794262,0.02300197429576656,5509,754000000,18.17,0,2,4,-3.089016409795221,0.6246397010796836,4.36421148943673,-3.089016409795221,0.6246397010796836,4.36421148943673,172.15179300308228
-3.669699527147076,-1.3733382131263714,5.0,-4.999744132211829,-0.20229972773271643,5.00590766874715,-0.991499911016318,0.0009254985365318278,-0.0026049052037774717,-0.13007799343459914,-0.015497548435214167,-0.11521213014364584,0.031117796649199926,0.00037755288246899,-0.0024604990358056966,0.015222302226902684,5509,937000000,18.08,0,2,4,-3.0829231848787946,0.6144380189753748,4.373632029700788,-3.0829231848787946,0.6144380189753748,4.373632029700788,172.41240429878235
-3.669699527147076,-1.3733382131263714,5.0,-4.995215315883452,-0.2223208790312106,5.010949382916818,-0.9913595179135481,0.0008842765681485169,-0.0024149619299314562,-0.13114759721796387,0.004550334437598087,-0.112960164267268,0.02505374553384306,2.3817941130488407e-05,-0.001876126850675064,0.009805982517718803,5510,164000000,18.0,0,2,4,-3.0823276117877483,0.6002540563733361,4.38619968143634,-3.0823276117877483,0.6002540563733361,4.38619968143634,172.6168451309204
-3.5798184980862184,-1.340698514002861,5.0,-4.986379697193069,-0.24309246404674212,5.015324646906469,-0.9912864726803918,0.0008666894540503564,-0.002251469610653683,-0.1317015900239975,0.024882731134223218,-0.11082257938916489,0.01902935964470717,-0.0001705105191263101,-0.001446089390810812,0.002438362002976646,5510,349000000,17.95,0,2,4,-3.0855516622835513,0.5868168119782319,4.397815733120496,-3.0855516622835513,0.5868168119782319,4.397815733120496,172.86514973640442
-3.5798184980862184,-1.340698514002861,5.0,-4.9726550192996255,-0.2643654473141759,5.0188272526320885,-0.9913136390332193,0.0008835524724444372,-0.0021097851624770495,-0.1314991909036427,0.04362744693040814,-0.1086144175830682,0.013291609272813375,-0.00034730681761629967,-0.0011192932902304165,-0.005050444769949536,5510,551000000,17.93,0,2,4,-3.092097615120742,0.5704252696438497,4.41177192799805,-3.092097615120742,0.5704252696438497,4.41177192799805,173.09435367584229
-3.4922782081715784,-1.3020080000147989,5.0,-4.958718148826911,-0.280683944716396,5.020816236067289,-0.9914078859033731,0.0009034197869643547,-0.0020118254381261544,-0.13078814992077537,0.05751790859999382,-0.10689701383875376,0.009289167750821382,-0.0004477522850265814,-0.000996240066797327,-0.009908340598485665,5510,760000000,17.94,0,2,4,-3.101875957486881,0.5511555706248533,4.4280212675571455,-3.101875957486881,0.5511555706248533,4.4280212675571455,173.32825756072998
-3.4922782081715784,-1.3020080000147989,5.0,-4.940813281952237,-0.29780838184664377,5.0222296184387805,-0.9915696109583915,0.0009110562717301665,-0.0019264451891592514,-0.12955757565355575,0.07018107957980288,-0.10491695069191467,0.005389458501966473,-0.00024054133405115863,-0.0007360714050719253,-0.014135750552668469,5510,952000000,17.98,0,2,4,-3.1112380534931985,0.5347792158932771,4.441754663662531,-3.1112380534931985,0.5347792158932771,4.441754663662531,173.57442688941956
-3.4075055759769564,-1.2573982493631848,5.0,-4.920721919941999,-0.3139519322952685,5.02292105995369,-0.9917806300089611,0.0009158324856422307,-0.0018637183212580797,-0.12793306743725474,0.08189546839705356,-0.10264530585502048,0.002104470859482254,-0.00021130618677034363,-0.0005544270322843659,-0.017874968398245983,5511,150000000,18.06,0,2,4,-3.122580406314269,0.516178328517299,4.457274186342545,-3.122580406314269,0.516178328517299,4.457274186342545,173.82377409934998
-3.4075055759769564,-1.2573982493631848,5.0,-4.901019040578741,-0.32771475311430176,5.023031877761145,-0.9920001624392686,0.0009308610053288557,-0.0018233759246302533,-0.1262199925467068,0.09067850653881868,-0.10068138025527226,-0.0002930753162253174,-0.0002960501376492175,-0.0003658255849359193,-0.020069094171049073,5511,337000000,18.18,0,2,4,-3.1344629244438034,0.4973707222334922,4.472890139854589,-3.1344629244438034,0.4973707222334922,4.472890139854589,174.12447452545166
-3.4075055759769564,-1.2573982493631848,5.0,-4.87754643394617,-0.34220700386147807,5.022680761804129,-0.9922615873619425,0.0009556926604495585,-0.0017881887416303353,-0.1241484243900059,0.09901951849671639,-0.09833555168443414,-0.0023374171527396825,-0.00040094624580433447,-0.00031055121780809714,-0.020271038374630734,5511,521000000,18.31,0,2,4,-3.1453554107729635,0.48040610161606523,4.486881899577967,-3.1453554107729635,0.48040610161606523,4.486881899577967,174.45653367042542
-3.3259230456575875,-1.2070321079509267,5.0,-4.857207200481475,-0.35548483171971423,5.022609588398277,-0.9923765531697225,0.0009844601942327548,-0.001767573236008926,-0.12322614674638677,0.08499998065584118,-0.10002742229742996,0.0016379517794210385,-0.0002393127658706362,-8.676983043187647e-05,-0.00388857806683518,5511,722000000,18.49,0,2,4,-3.155996455156006,0.46231302769518573,4.501888293071062,-3.155996455156006,0.46231302769518573,4.501888293071062,174.72089171409607
-3.247946282581665,-1.151103907610978,5.0,-4.841798907973869,-0.37081506411445553,5.023961066890306,-0.992260287472617,0.0010804165966435734,-0.0018148497692579237,-0.12415740382696511,0.040786277498267895,-0.10685540829331526,0.013119047347999954,-0.0007759686411645816,0.0012096410841877514,0.020932556435582228,5511,909000000,18.59,0,2,4,-3.1613274426355833,0.44811053249283656,4.514130781702588,-3.1613274426355833,0.44811053249283656,4.514130781702588,174.98368954658508
-3.247946282581665,-1.151103907610978,5.0,-4.833038351005188,-0.39136401136292315,5.027906285044983,-0.9919101166241839,0.0011644544874043422,-0.0019410808708956741,-0.12692201065771602,-0.0038142588977966283,-0.11341138983725267,0.025227833965210406,-0.00027616170967803555,0.0014062503851164365,0.03244660074415151,5512,91000000,18.57,0,2,4,-3.160373390461324,0.4370169215590078,4.524528254911881,-3.160373390461324,0.4370169215590078,4.524528254911881,175.20110416412354
-3.173981799655357,-1.08983952153489,5.0,-4.83134285500161,-0.4100141240364705,5.032709565736137,-0.991550851694889,0.0011706228338164738,-0.002051352789920173,-0.12969707050297008,-0.03278041187102145,-0.1171441602541788,0.03355349764661712,0.00042927467802655883,0.00134162629592538,0.0367805430869339,5512,278000000,18.42,0,2,4,-3.151169446767711,0.4287994672971724,4.533647992757881,-3.151169446767711,0.4287994672971724,4.533647992757881,175.42771863937378
-3.173981799655357,-1.08983952153489,5.0,-4.83407894660565,-0.43290709680729444,5.039596940036149,-0.991063912468418,0.0011733652594638566,-0.0021969904001323164,-0.13336460493677177,-0.06094730190216189,-0.12025632219111868,0.04145190247351582,0.0003746402597926135,0.0018787220597005216,0.04489056009333581,5512,444000000,18.25,0,2,4,-3.1382268889852214,0.42509161418958497,4.539269768413633,-3.1382268889852214,0.42509161418958497,4.539269768413633,175.6656460762024
-3.104424524471549,-1.0234962470043503,5.0,-4.842788138460421,-0.46298209274584023,5.049703771701967,-0.9903065487110827,0.0011808917646116148,-0.0024540487992178567,-0.13887232524543985,-0.0844013960441746,-0.12094432704412506,0.04797776358017412,0.0009862247054570616,0.0023745919861539733,0.05159252541488968,5512,621000000,18.03,0,2,4,-3.1184166326674005,0.4236746824431119,4.544007501837352,-3.1184166326674005,0.4236746824431119,4.544007501837352,175.93300914764404
-3.104424524471549,-1.0234962470043503,5.0,-4.8521787888441965,-0.4905224275847821,5.059465454285805,-0.9896606113445215,0.0011118959859623835,-0.0026449348130093316,-0.14340028716965325,-0.08113788227836292,-0.11729142117221195,0.04780020513753006,0.0016831582115628407,0.0010770197320653097,0.03996122941316571,5512,840000000,17.67,0,2,4,-3.0882312047268377,0.4251799876997178,4.547941624945242,-3.0882312047268377,0.4251799876997178,4.547941624945242,176.18063616752625
-3.0396553185209894,-0.9523625059581973,5.0,-4.856872132386003,-0.5108668984959961,5.066583728743994,-0.9893542564397623,0.0009359550476774982,-0.0025942573329330735,-0.14550102776806828,-0.05086592589622992,-0.11041076895427529,0.04074967995480305,0.0018381387235422153,-0.002096244202220987,0.01757965910655912,5513,38000000,17.39,0,2,4,-3.058617386238148,0.4278770285200635,4.550776964151521,-3.058617386238148,0.4278770285200635,4.550776964151521,176.42258501052856
-3.0396553185209894,-0.9523625059581973,5.0,-4.856942414817624,-0.5309321789585841,5.073170374012745,-0.98921793833873,0.0007544156740176839,-0.002354414104985606,-0.1464300449364323,-0.016751789399814056,-0.10338923193904566,0.032325175009015536,0.0013120736525706889,-0.003390535698599706,0.005465179629027261,5513,197000000,17.29,0,2,4,-3.0372964361041315,0.42897724599635656,4.553669996578569,-3.0372964361041315,0.42897724599635656,4.553669996578569,176.65376043319702
-2.980038460824571,-0.8767573544618206,5.0,-4.852483567459704,-0.5463340724163286,5.077731988618134,-0.98919417103369,0.0006364323264929035,-0.002085005351073049,-0.14659515578473453,0.011638677102846915,-0.09757207190092267,0.025104612682883644,0.0006982213960782246,-0.003548329937075323,-0.0002735243469942361,5513,379000000,17.29,0,2,4,-3.0175163880048865,0.4282059652321225,4.558133613353371,-3.0175163880048865,0.4282059652321225,4.558133613353371,176.85989594459534
-2.980038460824571,-0.8767573544618206,5.0,-4.842929327134474,-0.5612166324950532,5.081532051200612,-0.9892345839536107,0.0005435694348676547,-0.0018038274603234318,-0.14632630880634268,0.039639866351658115,-0.09194549112613158,0.017761915694462012,0.0003727303038658647,-0.0029287915140230325,-0.005169200221644132,5513,546000000,17.34,0,2,4,-3.003602649347515,0.4257621109436497,4.563202409474371,-3.003602649347515,0.4257621109436497,4.563202409474371,177.10804414749146
-2.9259191094683263,-0.7970297927898848,5.0,-4.830854113079057,-0.5724942113668093,5.083842207513957,-0.9893229614926004,0.00048595754568680984,-0.0016010486069351253,-0.1457301559462988,0.062179898402614654,-0.08701006614802707,0.011854071587707894,0.0002059311995594726,-0.0023620938236490474,-0.00932284647205961,5513,728000000,17.43,0,2,4,-2.9914121177809605,0.42138726247939046,4.570010914538905,-2.9914121177809605,0.42138726247939046,4.570010914538905,177.36128187179565
-2.9259191094683263,-0.7970297927898848,5.0,-4.813746481003348,-0.5832020940111,5.085374160775839,-0.9894687366207582,0.0004433970781180747,-0.0014283464958989496,-0.14473901504238307,0.0837878520802451,-0.08194817168922017,0.006009177689984563,9.393369353460912e-05,-0.0016282048022731033,-0.01256130226465757,5513,895000000,17.53,0,2,4,-2.983191284825292,0.4162969353310585,4.576880353650743,-2.983191284825292,0.4162969353310585,4.576880353650743,177.65643310546875
-2.87762075564036,-0.7135578685927886,5.0,-4.791037982483468,-0.5929264328020285,5.085930084510784,-0.9896679087348643,0.00041251751716122253,-0.0013042655218170618,-0.14337210028839903,0.10454125839533521,-0.07635152446325327,0.00043169637463554174,3.430732569142947e-05,-0.0010267243510497792,-0.014710469986312091,5514,72000000,17.66,0,2,4,-2.9763010189548345,0.4095361721226417,4.585346788111136,-2.9763010189548345,0.4095361721226417,4.585346788111136,177.93968749046326
-2.87762075564036,-0.7135578685927886,5.0,-4.76232054519549,-0.6013182842061515,5.085343297536832,-0.9899125213910669,0.0004063508329768545,-0.0012265763879002348,-0.14167402860985373,0.12300878193609792,-0.07083655708745593,-0.004844437785425134,-0.00014117952673586842,-0.0005253744859601284,-0.01613316999282688,5514,277000000,17.79,0,2,4,-2.9706028392373294,0.4001621473931472,4.596520822446595,-2.9706028392373294,0.4001621473931472,4.596520822446595,178.21182823181152
-2.835442685871385,-0.6267475664967088,5.0,-4.736400917262217,-0.6065895821428069,5.084072348608506,-0.990117874167231,0.0004157979931348139,-0.00118827325836441,-0.14023198769630024,0.13615183390209668,-0.06616219259108139,-0.008417967572284819,-0.00021562710372791116,-0.000357519877525192,-0.016231050358328503,5514,484000000,18.04,0,2,4,-2.967394389531917,0.39095515547318155,4.607266169435725,-2.967394389531917,0.39095515547318155,4.607266169435725,178.45053005218506
-2.835442685871385,-0.6267475664967088,5.0,-4.705500637336128,-0.6109607746289611,5.081972977496104,-0.990339575906288,0.00040481803342906213,-0.0011704099406383934,-0.13865781859197213,0.14782904299758076,-0.06152920753479714,-0.011684266565541588,8.175172609981018e-05,-0.00010710315692108452,-0.015633032126061153,5514,674000000,18.22,0,2,4,-2.9656981753912808,0.38236412348934185,4.61726300068461,-2.9656981753912808,0.38236412348934185,4.61726300068461,178.70884013175964
-2.7996574692572436,-0.5370314784908558,5.0,-4.670110126766915,-0.6144924711589348,5.0791885190881905,-0.9905315402413042,0.00038003246472904483,-0.0011688221401615325,-0.1372798500047252,0.14979339161836774,-0.05814618154421094,-0.012224672154564548,8.295562423654701e-05,-6.755309343020599e-05,-0.00915314958547242,5514,857000000,18.43,0,2,4,-2.964786231829023,0.3726862901617585,4.628620879453286,-2.964786231829023,0.3726862901617585,4.628620879453286,179.006413936615
-2.7996574692572436,-0.5370314784908558,5.0,-4.633834806643711,-0.6189324010359707,5.076691097980633,-0.9905928074868107,0.000377082589236646,-0.0011573643213895375,-0.13683715895891235,0.1281832928710041,-0.06016452091862871,-0.007293929931295924,-0.00047819556527883833,-9.147440209744673e-05,0.0018593460595184297,5515,86000000,18.64,0,2,4,-2.9645497450290645,0.3621511032996879,4.64127637834925,-2.9645497450290645,0.3621511032996879,4.64127637834925,179.29140543937683
-2.7705084874816763,-0.44486725058763915,5.0,-4.609173742492525,-0.6249892818942326,5.075995193209131,-0.9904920174626208,0.00041803012482699787,-0.001151097703374661,-0.13756476135885526,0.0951963116514535,-0.06477699699714076,0.00027441183823581844,-0.00030223130238482554,0.0001116572775572422,0.01087637101591099,5515,332000000,18.8,0,2,4,-2.964854185509122,0.3510067132076056,4.655144348952752,-2.964854185509122,0.3510067132076056,4.655144348952752,179.50176239013672
-2.7705084874816763,-0.44486725058763915,5.0,-4.592902643757332,-0.6330766709257512,5.076833769441334,-0.990320395436767,0.0004769560061439713,-0.0011827683293709828,-0.13879440894363354,0.057114201498956595,-0.0706220274643888,0.008700629186878708,-0.0004547074723859623,0.0006610697141695709,0.015774228268128354,5515,520000000,18.84,0,2,4,-2.9653303038770495,0.3421359281623544,4.666654430751079,-2.9653303038770495,0.3421359281623544,4.666654430751079,179.71618127822876
-2.7482075264478603,-0.350735802504131,5.0,-4.582484413432279,-0.6437430708280097,5.079121882037956,-0.9900869851191898,0.0005281876215763529,-0.0012627303124802057,-0.14044888190223265,0.023982146030736118,-0.07487061428769173,0.016255288683121864,-0.0002688202613398971,0.001139045093623281,0.020567299543472473,5515,701000000,18.82,0,2,4,-2.963035304894647,0.33617949090750593,4.676275295770924,-2.963035304894647,0.33617949090750593,4.676275295770924,179.9142348766327
-2.7482075264478603,-0.350735802504131,5.0,-4.577910100393062,-0.6535286913566728,5.081780533503622,-0.9898600010382335,0.000553651276251013,-0.001359255562110655,-0.14203881243930921,0.0016153564369720624,-0.0773699062423304,0.021227371850226065,-2.5239125633902404e-05,0.001606306477697217,0.02474848533893237,5515,880000000,18.75,0,2,4,-2.9547904069263415,0.33412160788822265,4.684363706947666,-2.9547904069263415,0.33412160788822265,4.684363706947666,180.08592534065247
-2.732932449255116,-0.255139318509243,5.0,-4.575919807685917,-0.6676656757253574,5.086143056456086,-0.9895024095310503,0.0005806125087744322,-0.001514900360225703,-0.14450726451724977,-0.022962194295480087,-0.07913901980723778,0.026554346055958338,4.054468121239552e-05,0.0018724329152064456,0.030531458287441637,5516,36000000,18.67,0,2,4,-2.9431495434679986,0.3358511658513947,4.689262577500724,-2.9431495434679986,0.3358511658513947,4.689262577500724,180.265780210495
-2.732932449255116,-0.255139318509243,5.0,-4.578098123329218,-0.6849687617398983,5.091993922726437,-0.9889959744279848,0.0006289433887998496,-0.0017172911794717924,-0.14793112554989607,-0.04631536961390549,-0.0800203232532412,0.031191986993485615,-8.127802999524647e-05,0.002200537483076914,0.037867452192585915,5516,203000000,18.51,0,2,4,-2.922166382586885,0.3419484152159674,4.69389700837365,-2.922166382586885,0.3419484152159674,4.69389700837365,180.49114274978638
-2.732932449255116,-0.255139318509243,5.0,-4.583416036328974,-0.7016344289758419,5.097970342735533,-0.98844732560301,0.0006651558660698205,-0.001914212324586306,-0.15155123842155532,-0.06377529152376463,-0.07940606603761516,0.034425410573842186,7.402269801559669e-05,0.0021714078457080177,0.042551062870188616,5516,398000000,18.25,0,2,4,-2.8926086768288726,0.35286662081563713,4.697234117684589,-2.8926086768288726,0.35286662081563713,4.697234117684589,180.7038609981537
-2.724824971108223,-0.15859900911057498,5.0,-4.589669062779211,-0.7194869744475806,5.104622650982486,-0.9879235393618335,0.0005865619586531028,-0.0020429171488470883,-0.15492760505919895,-0.05021752988008503,-0.0722503870641256,0.03154389769047104,0.0009816881288315926,0.0005041393478677492,0.028289834517636336,5516,596000000,17.94,0,2,4,-2.860858893759606,0.36555400839850594,4.69977162757964,-2.860858893759606,0.36555400839850594,4.69977162757964,180.9242067337036
-2.724824971108223,-0.15859900911057498,5.0,-4.591069311309069,-0.7325219279052497,5.109560388215,-0.9876529879647209,0.00040329172065123244,-0.0019662026580112507,-0.15664465125644872,-0.011834118068445712,-0.061610518878231234,0.023495719317336537,0.0017397745409652998,-0.002142436142094084,0.013170400143280858,5516,782000000,17.7,0,2,4,-2.8344403975740526,0.37612912810838617,4.702386158544256,-2.8344403975740526,0.37612912810838617,4.702386158544256,181.13460755348206
-2.7239885575064235,-0.06165264491862666,5.0,-4.586598944064007,-0.7416865802023829,5.113030890936297,-0.9875203081924426,0.0001879640281642075,-0.0017532670077714013,-0.15748184540392635,0.024515174747270337,-0.05142128457565748,0.01567944904159666,0.0018148196090805868,-0.0029867296461816295,0.006926723153810599,5516,963000000,17.6,0,2,4,-2.8116911416514436,0.38490258139633443,4.705738039954718,-2.8116911416514436,0.38490258139633443,4.705738039954718,181.3920738697052
-2.7239885575064235,-0.06165264491862666,5.0,-4.575465278676918,-0.7477879032046733,5.115280776263803,-0.9874340598158504,8.471638652265208e-06,-0.0014876311008067268,-0.15802456896801464,0.05947637829338128,-0.04199248159173706,0.007684493844420444,0.0011533990118550719,-0.0027531015575732454,0.0046308950913953595,5517,146000000,17.6,0,2,4,-2.792665123856536,0.39187543213171777,4.709887242408326,-2.792665123856536,0.39187543213171777,4.709887242408326,181.6417989730835
-2.730486467711441,0.03514813417843812,5.0,-4.5606693157847795,-0.7500405559088162,5.116001267803557,-0.9873651844785493,-0.0001234715431372471,-0.001285768909317933,-0.15845606341421525,0.08662311746125204,-0.033860233294185076,0.0012514365499662074,0.0009658675139689876,-0.0022177913024279405,0.004979777804692276,5517,339000000,17.63,0,2,4,-2.775343726517571,0.3978185037237687,4.715324544508084,-2.775343726517571,0.3978185037237687,4.715324544508084,181.87164282798767
-2.730486467711441,0.03514813417843812,5.0,-4.542078874217068,-0.7496290467286214,5.115648389505824,-0.9872795907682408,-0.00022311971550356636,-0.0011384140279612396,-0.15898950872176587,0.1091020431560555,-0.027129092953234568,-0.004242940578122465,0.0007412798254335939,-0.0015005328236838977,0.006731559869876946,5517,525000000,17.67,0,2,4,-2.7626697662797453,0.4018845515872134,4.7208273944621,-2.7626697662797453,0.4018845515872134,4.7208273944621,182.07977318763733
-2.7443399660226797,0.1312407294709807,5.0,-4.522910282414101,-0.7473205001519266,5.114558812531387,-0.98717543740871,-0.0003014237504588822,-0.0010565070096687607,-0.15963536172660148,0.12597616056448316,-0.021321977488330528,-0.008494071915129244,0.0007772411265705159,-0.0009393203981744591,0.009292056256526848,5517,701000000,17.7,0,2,4,-2.752333074231281,0.4049944226723827,4.726779803296896,-2.752333074231281,0.4049944226723827,4.726779803296896,182.28072452545166
-2.7443399660226797,0.1312407294709807,5.0,-4.493271749350148,-0.7415402892737325,5.112059402434637,-0.9869804247942872,-0.00040339358411430623,-0.0010068418564339668,-0.16083676388183388,0.14465341973593782,-0.014532564386576774,-0.013265123700976256,0.0010315212421119213,-0.0003289093967850931,0.012791256267519202,5517,868000000,17.71,0,2,4,-2.7447974684864005,0.407178699403677,4.732369110205668,-2.7447974684864005,0.407178699403677,4.732369110205668,182.54723048210144
-2.7443399660226797,0.1312407294709807,5.0,-4.463759059360752,-0.7340169865421632,5.108971069822943,-0.9867410670326748,-0.0005087208212065373,-0.0010117089391197935,-0.16229844201151922,0.15803950388846721,-0.008810691561488938,-0.01676609340630079,0.0009549887693083292,-3.828265313643442e-05,0.016168395268323366,5518,87000000,17.69,0,2,4,-2.736583505332365,0.4095011457254482,4.740405586763135,-2.736583505332365,0.4095011457254482,4.740405586763135,182.82693314552307
-2.765526723775945,0.22605470640676142,5.0,-4.425893587005853,-0.7226232700288782,5.104464265386608,-0.9863890407400911,-0.0005909557847986143,-0.0010370963998248862,-0.16442395053689884,0.1693595234268875,-0.0037405211157951457,-0.019728700786245983,0.0005271842326237675,0.00015809537785571592,0.019261618035670836,5518,296000000,17.63,0,2,4,-2.7304490361529257,0.4112368413871123,4.748723914817449,-2.7304490361529257,0.4112368413871123,4.748723914817449,183.10820531845093
-2.765526723775945,0.22605470640676142,5.0,-4.390291451972898,-0.7109006032679343,5.099944835968596,-0.9860195545893928,-0.0006319268090082715,-0.0010707432270439018,-0.16662500456049467,0.16899483590312184,-0.0018134677679710956,-0.020240828044083364,0.0002764457065040915,0.00013275324874939542,0.02116452142217895,5518,521000000,17.55,0,2,4,-2.726011271459361,0.41267451774893343,4.75720524794918,-2.726011271459361,0.41267451774893343,4.75720524794918,183.3522334098816
-2.793979435212246,0.31901512081565536,5.0,-4.348599390516536,-0.6970525630773013,5.094694539024698,-0.9854988383284241,-0.0006410056208714534,-0.0010516933077071482,-0.1696777024429167,0.13976370211525954,-0.004860620602596687,-0.01586173539089867,-0.0003680176860143547,-0.0004436047447597957,0.022173176876094658,5518,746000000,17.45,0,2,4,-2.7229802270948533,0.4140301596503065,4.765771466066109,-2.7229802270948533,0.4140301596503065,4.765771466066109,183.68137288093567
-2.829584670417623,0.40954603682440355,5.0,-4.321003540058821,-0.6891631069618267,5.0915917910903525,-0.9850506849562334,-0.0006016148738498368,-0.0009894665275305798,-0.17226086927329065,0.09930370193654113,-0.01051912501346373,-0.009604870043803612,-0.0006311990659924049,-0.00039200081403123477,0.021747937717009336,5519,30000000,17.31,0,2,4,-2.720769497297273,0.415894528515508,4.776680478323213,-2.720769497297273,0.415894528515508,4.776680478323213,183.94012999534607
-2.829584670417623,0.40954603682440355,5.0,-4.305443793916088,-0.6863109938340236,5.090293687961379,-0.9846715929266177,-0.0005427525368747243,-0.0009562365607509324,-0.17441515162015292,0.059787154055776524,-0.015350665487784696,-0.0035110022067126384,-0.000569498519098488,-9.942923000494375e-05,0.02196802342950832,5519,271000000,17.2,0,2,4,-2.7200674533062164,0.4178205742676405,4.785927998968087,-2.7200674533062164,0.4178205742676405,4.785927998968087,184.22286581993103
-2.8721819883953725,0.497074222526359,5.0,-4.297478926386136,-0.6866454858534136,5.090139660152905,-0.9843156071008178,-0.00047840512331319125,-0.000973950725921059,-0.17641317458248384,0.024817380855518135,-0.01839322711551239,0.0015979214572718157,-0.0005964107856470946,0.0005559825808632013,0.02294773730682209,5519,472000000,17.09,0,2,4,-2.720080361002767,0.4196696523349173,4.7934980774676434,-2.720080361002767,0.4196696523349173,4.7934980774676434,184.4362781047821
-2.8721819883953725,0.497074222526359,5.0,-4.294883363683067,-0.6890237503527928,5.090725961021355,-0.9839809734167946,-0.0004228147247807564,-0.0010346485466535612,-0.17827000500317114,-0.0025284496015732516,-0.020551827301499567,0.005481397798623098,-0.0004697245714169185,0.0010699765425670194,0.02411552868579747,5519,652000000,16.98,0,2,4,-2.719511504549311,0.42227625631403004,4.80000160019947,-2.719511504549311,0.42227625631403004,4.80000160019947,184.60760354995728
-2.9215633329804627,0.5810330070037255,5.0,-4.296410603067025,-0.6936810394468044,5.09206435025816,-0.9835765744099396,-0.0003643359809434945,-0.0011402600931417197,-0.18048736614572597,-0.02952859508034079,-0.021512253167279963,0.009027776130010896,-0.0003492650677117126,0.0013834695664627361,0.025920035295712296,5519,811000000,16.85,0,2,4,-2.7169071385801575,0.42643576022134266,4.80522494144241,-2.7169071385801575,0.42643576022134266,4.80522494144241,184.79871487617493
-2.9215633329804627,0.5810330070037255,5.0,-4.303899251739218,-0.7016480035984416,5.094463254974204,-0.9830312247077815,-0.0003141645800977675,-0.0013074661586436023,-0.18343337505039742,-0.05791503272221297,-0.02147377437017417,0.012302065929500294,-7.488315532100387e-05,0.0016763503822403436,0.02830471221386688,5519,984000000,16.68,0,2,4,-2.7089448671999348,0.4349964342763643,4.809939189698233,-2.7089448671999348,0.4349964342763643,4.809939189698233,185.03581762313843
-2.9215633329804627,0.5810330070037255,5.0,-4.316692192789512,-0.7115343753652504,5.097478483289667,-0.9824380646120164,-0.00027269384165582485,-0.0014929558877890422,-0.18658281250474562,-0.07932104357741297,-0.019562283308573035,0.01437581843650132,0.00024259948219196303,0.001673931353707303,0.029204986458353233,5520,200000000,16.42,0,2,4,-2.691307377617122,0.4516503681854132,4.8138280191271186,-2.691307377617122,0.4516503681854132,4.8138280191271186,185.30456066131592
-2.977472733724384,0.6608662797593143,5.0,-4.330505970057145,-0.7207587563284409,5.100410879903702,-0.98190664478172,-0.0002698692635606332,-0.0016563592556332074,-0.18935819120941572,-0.08093453650100302,-0.015077810863147148,0.014223758333631323,0.0008394045096338232,0.0013219703419053985,0.027342120847606566,5520,423000000,16.11,0,2,4,-2.6669292383717913,0.473689953556758,4.81604881782831,-2.6669292383717913,0.473689953556758,4.81604881782831,185.5389542579651
-2.977472733724384,0.6608662797593143,5.0,-4.339047316895044,-0.7258683045172513,5.102268054828621,-0.9815338527823284,-0.00041058247648611125,-0.001682025664280143,-0.19128067872624455,-0.04510367355742164,-0.005173725420251643,0.009046040761744274,0.0018004129856308282,-0.0008523169640284323,0.022567366613657214,5520,617000000,15.83,0,2,4,-2.643054200248386,0.4955340075877811,4.817418224139066,-2.643054200248386,0.4955340075877811,4.817418224139066,185.72824001312256
-3.039606333049361,0.7360326110174092,5.0,-4.343230633978245,-0.7274871449485928,5.103351919628702,-0.9811721320653639,-0.0005994757709157118,-0.0015858855598458897,-0.1931278665912795,-0.007386262006616147,0.005318146578075802,0.0031838440912055252,0.0018067197629534348,-0.001849523573582701,0.019754779532377142,5520,789000000,15.65,0,2,4,-2.625677791682553,0.5122156491998502,4.818630032459264,-2.625677791682553,0.5122156491998502,4.818630032459264,185.92159819602966
-3.039606333049361,0.7360326110174092,5.0,-4.342168183088671,-0.7250712537386894,5.103410584192914,-0.9808369445448686,-0.0007767978228600037,-0.001443699494218736,-0.1948235112423517,0.025858538235113127,0.01421666374621609,-0.0021150160182446588,0.0015290897295017203,-0.0019649845171443303,0.018891948093369137,5520,968000000,15.48,0,2,4,-2.609567202341711,0.5289612596037414,4.820437036143201,-2.609567202341711,0.5289612596037414,4.820437036143201,186.11760759353638
-3.1076127598771013,0.8060094687197145,5.0,-4.336598712898667,-0.7191352640161364,5.102557841904769,-0.9804829152320915,-0.0009441246122598381,-0.0013150091691699088,-0.19659764067144936,0.05430193087955578,0.022253715748811652,-0.006895409084251888,0.0015053840570544708,-0.001631105487831519,0.02115157894877484,5521,148000000,15.34,0,2,4,-2.596967965988708,0.5437523421040402,4.822712852093823,-2.596967965988708,0.5437523421040402,4.822712852093823,186.32633137702942
-3.1076127598771013,0.8060094687197145,5.0,-4.325980252402002,-0.7089751106226987,5.100682468933291,-0.9800158929489897,-0.001107139214332806,-0.0012061052734920967,-0.19891246597491913,0.08089374618210032,0.029529582554148455,-0.01136729040605286,0.001324885408848786,-0.0012661233313338016,0.02546916057326598,5521,336000000,15.2,0,2,4,-2.5866823966898864,0.5582783470710857,4.825713381000773,-2.5866823966898864,0.5582783470710857,4.825713381000773,186.52474522590637
-3.1076127598771013,0.8060094687197145,5.0,-4.311612530455764,-0.6956593124338827,5.0979889122467075,-0.9794402532320297,-0.0012303132347886514,-0.0011376687349454822,-0.20172749536930046,0.1018485776256747,0.03589455495317044,-0.015128159317061083,0.0010278821264364524,-0.0007560113317595096,0.031081729684956372,5521,523000000,15.0,0,2,4,-2.580298077421235,0.569884548937865,4.828756340485783,-2.580298077421235,0.569884548937865,4.828756340485783,186.7544903755188
-3.1810938685625367,0.8702975053934883,5.0,-4.2924723031498315,-0.6780387817886521,5.0942514752788455,-0.9786818459287678,-0.0013436887655890926,-0.0011012323469710857,-0.20537484324346728,0.1201424564082624,0.04104298556732911,-0.018444794948109765,0.0008312966656376375,-0.00045353799578151666,0.03591240274545271,5521,735000000,14.76,0,2,4,-2.5759663326333633,0.5814357218479355,4.832447091437472,-2.5759663326333633,0.5814357218479355,4.832447091437472,186.98226833343506
-3.1810938685625367,0.8702975053934883,5.0,-4.272709374492594,-0.659898810098537,5.090302781274972,-0.9778921099070204,-0.0014156108810486872,-0.001097726927645107,-0.2091023969805743,0.13302097341218883,0.044247552065393096,-0.020721504461974172,0.000774937882397353,-0.0001323278041809317,0.039777950587449595,5521,937000000,14.44,0,2,4,-2.5741360844026224,0.5928251535132844,4.836805961643922,-2.5741360844026224,0.5928251535132844,4.836805961643922,187.2253544330597
-3.2596058602927536,0.928424885430785,5.0,-4.251324665470453,-0.640123699204939,5.0859661829524585,-0.9770045745520006,-0.0014931219855224625,-0.0011133960241831544,-0.21321020669867924,0.1426678220060883,0.047158976225964454,-0.022388285977967753,0.0007489409881600295,-5.699032783468283e-05,0.04353105687187053,5522,145000000,14.11,0,2,4,-2.5748338747246415,0.6022287397666436,4.840949507781851,-2.5748338747246415,0.6022287397666436,4.840949507781851,187.44646501541138
-3.2596058602927536,0.928424885430785,5.0,-4.226510979207053,-0.6168714202574537,5.080884569629351,-0.9759343903020627,-0.0015487648585509556,-0.001140133106647289,-0.2180558810251465,0.1495086595884006,0.04916439271540006,-0.023496191636306535,0.0005375666887630359,6.23037692548678e-05,0.04590385578921996,5522,343000000,13.75,0,2,4,-2.577484294858295,0.6109060973664707,4.845201910889156,-2.577484294858295,0.6109060973664707,4.845201910889156,187.68235754966736
-3.3426608021318156,0.97995162071707,5.0,-4.199582673600833,-0.5907609217968249,5.075231230046878,-0.9747309243364577,-0.0015912496598947457,-0.0011535315836154684,-0.22337359385477962,0.14310443422848482,0.04975746073242719,-0.023135773252504665,-6.657451230296374e-05,-0.000302488703596282,0.04306411610741634,5522,562000000,13.32,0,2,4,-2.582260783618717,0.6197385953124787,4.849958592156312,-2.582260783618717,0.6197385953124787,4.849958592156312,187.95223999023438
-3.3426608021318156,0.97995162071707,5.0,-4.173518283568066,-0.5628323721039521,5.069132019722167,-0.9735294290838719,-0.0015827606550270028,-0.0010715702328606828,-0.22855370772222355,0.10743521523876112,0.04696411949783104,-0.020056661709516012,-0.0002102450721963578,-0.0009287301850235963,0.03202714287908748,5522,807000000,12.86,0,2,4,-2.589482709409107,0.6287453322251773,4.855168157424114,-2.589482709409107,0.6287453322251773,4.855168157424114,188.27240443229675
-3.4297285565919866,1.0244738800151723,5.0,-4.159603827375351,-0.5426673702710987,5.064484231244775,-0.9727170779232355,-0.0015688006560685567,-0.000946144054377612,-0.23198734877663463,0.05769428134688218,0.04347183327262886,-0.015788181252369755,-0.0006256873348320369,-0.0008063755046805454,0.022616502974415198,5523,96000000,12.42,0,2,4,-2.600270675779243,0.6386637941106101,4.861202771044035,-2.600270675779243,0.6386637941106101,4.861202771044035,188.58994436264038
-3.4297285565919866,1.0244738800151723,5.0,-4.157291432184348,-0.5321591312793736,5.061758067996036,-0.972271235537987,-0.0015167388440509647,-0.0008784156513867158,-0.2338494653289982,0.014000559557680817,0.03999238178952198,-0.011963213678061895,-0.0006479792602931411,-0.0003773783646465745,0.016865691395651083,5523,353000000,12.15,0,2,4,-2.6121745429384498,0.6474420781005062,4.866674419693798,-2.6121745429384498,0.6474420781005062,4.866674419693798,188.82042002677917
-3.5202391319817106,1.0616282350796522,5.0,-4.161529779394029,-0.5264637594982124,5.059940424904088,-0.9719690126362915,-0.001459764320114736,-0.0008689911753457128,-0.23510285497479433,-0.023989612530664416,0.03794796939023491,-0.008745529130816915,-0.0006166818479869107,0.0002844571270088636,0.012600837635545759,5523,549000000,12.0,0,2,4,-2.622194193699333,0.6541506634071506,4.870754175792734,-2.622194193699333,0.6541506634071506,4.870754175792734,189.0366723537445
-3.5202391319817106,1.0616282350796522,5.0,-4.172703424000306,-0.5238645809447924,5.058530933463273,-0.9717375048714916,-0.0014006714526394314,-0.0009214696054155086,-0.23605806624509929,-0.06059520129118312,0.036454690553768584,-0.00591395093048349,-0.00040214444254615955,0.0008543195292531891,0.007776140864734771,5523,735000000,11.9,0,2,4,-2.628624310446284,0.6626398923493237,4.8739026644391,-2.628624310446284,0.6626398923493237,4.8739026644391,189.2569146156311
-3.613585460813739,1.091095804182873,5.0,-4.200458311672106,-0.5260228846901763,5.057307507799366,-0.971580399672945,-0.0013270440165058098,-0.0010798127125528844,-0.23670361199196843,-0.10660421956586694,0.035822052504027604,-0.0029801712901693393,-0.00020959399051889704,0.0014038782296665886,0.0018615575413605256,5523,924000000,11.81,0,2,4,-2.6288646054401967,0.6778246373751866,4.876251195564497,-2.6288646054401967,0.6778246373751866,4.876251195564497,189.62819600105286
-3.613585460813739,1.091095804182873,5.0,-4.224967904792841,-0.530691711652508,5.056930973833007,-0.9715607480826429,-0.0012733774428914432,-0.0012157046646394955,-0.23678389589909044,-0.12870488183335344,0.035782798468791,-0.0016114188130270882,-0.00011046800736380646,0.0014404815829038853,0.0007468403509847121,5524,216000000,11.73,0,2,4,-2.615108982284362,0.7125513649546383,4.877312417537041,-2.615108982284362,0.7125513649546383,4.877312417537041,189.91201782226562
-3.7091266102495677,1.112606251616039,5.0,-4.24813999224123,-0.5350624278558883,5.056675713782588,-0.9714864301131226,-0.0012410293205789337,-0.0013444156058178005,-0.23708810282037585,-0.12269815060544983,0.03932708968747613,-0.0019066067331324251,1.1647778475065707e-05,0.0014539589074047399,0.005227056726653245,5524,417000000,11.71,0,2,4,-2.599866797170503,0.7412516143480694,4.8768559174983075,-2.599866797170503,0.7412516143480694,4.8768559174983075,190.12242102622986
-3.806191424908657,1.125941599827035,5.0,-4.26817568633896,-0.5367152496566224,5.056108221568858,-0.9713022598190432,-0.001300399026345536,-0.0014088306345881438,-0.23784079597292596,-0.08532232666322515,0.04655729646573676,-0.004950106147281459,0.0009127628572969115,-8.381717790939547e-05,0.01095596662707976,5524,602000000,11.66,0,2,4,-2.5864523219913127,0.7672532549100919,4.876282259658811,-2.5864523219913127,0.7672532549100919,4.876282259658811,190.36323165893555
-3.806191424908657,1.125941599827035,5.0,-4.2815964938994,-0.5346948105010788,5.05513812843396,-0.9710801918224767,-0.0013759606677352719,-0.0013934263149973846,-0.2387455259169622,-0.05422706472265595,0.05290859249675027,-0.007587454445425812,0.0008598662759595754,-0.0006471862661783234,0.012065924602211453,5524,783000000,11.57,0,2,4,-2.576221448151599,0.79098659707012,4.875965888379476,-2.576221448151599,0.79098659707012,4.875965888379476,190.61204838752747
-3.9040825983866703,1.1309398092152152,5.0,-4.292389818017415,-0.5288921406242288,5.053570659916331,-0.970813671193179,-0.0014757620768098552,-0.001346781885127634,-0.23982665433447664,-0.024493959390405926,0.059347060934519046,-0.010157176382161353,0.000981095774932328,-0.0008752986332183355,0.012599220644915476,5524,956000000,11.47,0,2,4,-2.5705790545248686,0.8095021198496478,4.87601402518166,-2.5705790545248686,0.8095021198496478,4.87601402518166,190.81123518943787
-3.9040825983866703,1.1309398092152152,5.0,-4.2998891690469625,-0.5187131709735382,5.051311249107514,-0.9704599216186364,-0.00157270624911513,-0.0012845492373146357,-0.24125384361759028,0.0035533819354473585,0.0650682082201269,-0.012745086785213503,0.0007490280552246986,-0.0008348197525265277,0.016533299640286714,5525,137000000,11.39,0,2,4,-2.56791213285462,0.8294754333066108,4.876506729074477,-2.56791213285462,0.8294754333066108,4.876506729074477,191.0166676044464
-3.9040825983866703,1.1309398092152152,5.0,-4.303290110595912,-0.506741168053468,5.04887746228515,-0.9700440083999702,-0.0016504262988286601,-0.0012400511802959967,-0.24292048109087278,0.02393265239709977,0.06960719995887236,-0.014607787480351903,0.0007194248269115633,-0.0006475408554251771,0.020855094589933287,5525,326000000,11.21,0,2,4,-2.569308754978884,0.8448131233537638,4.877303626559066,-2.569308754978884,0.8448131233537638,4.877303626559066,191.20804643630981
-4.002081165514412,1.1274980792667018,5.0,-4.304104760938868,-0.4925602840414562,5.046137824643658,-0.9695236334659898,-0.001734332974197553,-0.00121268695579734,-0.24498866428956773,0.04127318429277739,0.07302287625358436,-0.016159238889755644,0.0008522286293555226,-0.000512859929813203,0.02584167341410648,5525,503000000,11.04,0,2,4,-2.573875240912557,0.857991617554281,4.878378213470005,-2.573875240912557,0.857991617554281,4.878378213470005,191.4066562652588
-4.002081165514412,1.1274980792667018,5.0,-4.30272744997342,-0.4765761100400246,5.043146715882395,-0.9688842913499945,-0.0017993439025079327,-0.0011929325772788105,-0.24750468530637015,0.055792743412684066,0.07534905530452625,-0.01742744410958915,0.0006177631917125836,-0.00040571325428118143,0.031004111224319786,5525,682000000,10.82,0,2,4,-2.581284871820075,0.8692777117914229,4.879697414027756,-2.581284871820075,0.8692777117914229,4.879697414027756,191.60858583450317
-4.099451402761684,1.1155758237290432,5.0,-4.299652158640075,-0.4591730403937219,5.039968993160512,-0.9681410829674648,-0.001842194534350596,-0.0011780002320364437,-0.25039581087816787,0.06646287142109474,0.07724375971395478,-0.01825887929409425,0.000402251751552285,-0.0003084727836721868,0.0346880540746497,5525,869000000,10.56,0,2,4,-2.5912037260972927,0.8788988020899228,4.881198127937364,-2.5912037260972927,0.8788988020899228,4.881198127937364,191.80653858184814
-4.099451402761684,1.1155758237290432,5.0,-4.2953216345663074,-0.4406710939384222,5.036670529915828,-0.9673203869814435,-0.0018786718870407158,-0.001167387375873621,-0.2535475827704255,0.075106175973352,0.07845367356965939,-0.018796010641441308,0.0003708124296508686,-0.000282949787333564,0.03728783340193331,5526,52000000,10.27,0,2,4,-2.6033856463214358,0.8870372071286913,4.882837901854652,-2.6033856463214358,0.8870372071286913,4.882837901854652,191.9990246295929
-4.099451402761684,1.1155758237290432,5.0,-4.290706630491719,-0.42352065898394364,5.0336716901783465,-0.9665406624820322,-0.0019182278800508818,-0.001164132885307534,-0.2565036314854424,0.08023395147785528,0.0793453361443473,-0.019126360040021183,0.0005100334135477169,-0.00021636626001964032,0.03891134801961016,5526,228000000,9.95,0,2,4,-2.617465142834256,0.8939080539444506,4.884588483547324,-2.617465142834256,0.8939080539444506,4.884588483547324,192.18074440956116
-4.195446119266206,1.0951972719395262,5.0,-4.284977945577103,-0.40364856463771726,5.030254533508094,-0.965620129269319,-0.001937952567181546,-0.0011590283167986555,-0.2599474311146619,0.08472060250095928,0.07998238829867291,-0.019281293438964793,0.00010215216548203898,-0.0001843119505906543,0.0401508037612075,5526,396000000,9.65,0,2,4,-2.6313581757876756,0.8991074639635922,4.886199168960578,-2.6313581757876756,0.8991074639635922,4.886199168960578,192.3696858882904
-4.195446119266206,1.0951972719395262,5.0,-4.278803301929397,-0.3833174669656696,5.026818216267999,-0.9646612981407605,-0.0019462119904169158,-0.0011530959200396385,-0.26348332489565635,0.08834291324620658,0.08007601124472345,-0.01937948168696444,9.046115465594085e-05,-0.0001701787965657786,0.04113078539376147,5526,569000000,9.3,0,2,4,-2.6483942709899817,0.904041303056265,4.8880439485231975,-2.6483942709899817,0.904041303056265,4.8880439485231975,192.57136583328247
-4.289312315771843,1.0664536482861005,5.0,-4.271686296826225,-0.36038931021549975,5.022981106411787,-0.9635682541220758,-0.0019538712073297066,-0.0011477423987250137,-0.26745295796237906,0.0899305366769267,0.08028147018541108,-0.01947418429728743,7.855776900100864e-05,-0.00015397677515238684,0.04116800373594742,5526,755000000,8.95,0,2,4,-2.6666554046064816,0.908139779686407,4.889920014529306,-2.6666554046064816,0.908139779686407,4.889920014529306,192.78602695465088
-4.289312315771843,1.0664536482861005,5.0,-4.263873587023183,-0.33497670957733766,5.018796449824015,-0.9623543143029569,-0.0019597965231979847,-0.0011429060208773024,-0.2717885698588158,0.08926007729767578,0.08001695798027016,-0.019037492401827304,4.678573226613025e-05,-0.0002187579283940977,0.03935630011255853,5526,956000000,8.59,0,2,4,-2.690393659715756,0.9121442959038655,4.892212185342287,-2.690393659715756,0.9121442959038655,4.892212185342287,193.01639127731323
-4.289312315771843,1.0664536482861005,5.0,-4.258250911172277,-0.30910107728700636,5.014439731819947,-0.9613564748986805,-0.001974028341290972,-0.0010779635945121276,-0.27529741985165623,0.06046117299413103,0.0783314950625767,-0.017755453244743598,-0.00019460535156667902,-0.0008683761222982866,0.02031627591350116,5527,173000000,8.12,0,2,4,-2.713199648213127,0.9149458681926329,4.894243333447182,-2.713199648213127,0.9149458681926329,4.894243333447182,193.25897884368896
-4.380297183323266,1.0295048821430575,5.0,-4.2598970402094665,-0.29375557953828174,5.0114345785243035,-0.961131475171042,-0.00197492166595107,-0.0009889986664677148,-0.27608225042835977,0.017918396488793606,0.0760296369233058,-0.01634634019418756,-0.0002830763691008542,-0.0009876619060378289,0.0016965742474894796,5527,400000000,7.79,0,2,4,-2.7412108409642193,0.9179912230777024,4.896569144605171,-2.7412108409642193,0.9179912230777024,4.896569144605171,193.45954847335815
-4.380297183323266,1.0295048821430575,5.0,-4.268405023937299,-0.2832602786180184,5.008716034044506,-0.961286225900166,-0.001950823466756591,-0.0009240413243758315,-0.27554334020267496,-0.03275154738533372,0.07301762174655205,-0.014620875463727284,-0.0004929935471409408,-0.0003079679601114549,-0.011786218874476617,5527,581000000,7.72,0,2,4,-2.7592169008522895,0.9228989590094427,4.897939045628022,-2.7592169008522895,0.9228989590094427,4.897939045628022,193.65847086906433
-4.467654407923079,0.984580801534397,5.0,-4.284068098085436,-0.2778043464208979,5.006295759849527,-0.9616999093449525,-0.0019078800865993352,-0.0009147789184672613,-0.27409634718291137,-0.07926245731164691,0.07048091651040574,-0.013074793899927679,-0.0004902945988760621,0.00032893791797050653,-0.020176756515866145,5527,765000000,7.79,0,2,4,-2.7716720220276225,0.9324511778246588,4.898733216705851,-2.7716720220276225,0.9324511778246588,4.898733216705851,193.85268378257751
-4.467654407923079,0.984580801534397,5.0,-4.311702776493529,-0.27702363545364217,5.003692439849193,-0.9624201918413845,-0.0018411346751201604,-0.0009681580597493261,-0.27155671088940514,-0.12716620951162766,0.06744854774782066,-0.01146627909036101,-0.0002281289042116441,0.0009487560532761563,-0.026963205709762406,5527,948000000,7.94,0,2,4,-2.778172324778285,0.9469822265334024,4.898893092333869,-2.778172324778285,0.9469822265334024,4.898893092333869,194.07852411270142
-4.550650741557703,0.9319817652840376,5.0,-4.347093939437569,-0.281605665908669,5.001397070902177,-0.9632909714298497,-0.0017918036217340848,-0.0010827069352861024,-0.2684513392538947,-0.16189677399042504,0.06454085697696024,-0.010312760728113806,-0.00042646376527955,0.001377924650114437,-0.028264163302083034,5528,157000000,8.2,0,2,4,-2.7793303406857,0.9704531035643138,4.898350741593972,-2.7793303406857,0.9704531035643138,4.898350741593972,194.32260417938232
-4.550650741557703,0.9319817652840376,5.0,-4.374746610629635,-0.28626384635552665,4.999883593248379,-0.9638016312785866,-0.0017247726961099746,-0.0011872629985592558,-0.26661213608996465,-0.16409073349444017,0.06376528292198062,-0.009583874324055733,-0.00045813231679403543,0.0015960240034473827,-0.020964902978448663,5528,383000000,8.51,0,2,4,-2.7744924213403346,0.9989738390181518,4.897139798759501,-2.7744924213403346,0.9989738390181518,4.897139798759501,194.50420379638672
-4.550650741557703,0.9319817652840376,5.0,-4.401326989578297,-0.2901611811045679,4.998416991633288,-0.964136854317606,-0.0016799358541679252,-0.00126622494868883,-0.26539725061962594,-0.14343810071502947,0.0649740736940441,-0.00986867030193567,-0.0001968615265468543,0.0006395714308382594,-0.010901940822805045,5528,551000000,8.69,0,2,4,-2.768490538031388,1.0217682788802158,4.8959747841782155,-2.768490538031388,1.0217682788802158,4.8959747841782155,194.67753410339355
-4.62857279409085,0.8720786905599872,5.0,-4.424560037963947,-0.291692463002291,4.996868355460558,-0.9643050393914882,-0.0016540009094906413,-0.0012781111760988778,-0.2647856146337889,-0.11734852619440328,0.06687694552833359,-0.010385371483645904,-0.00030889305548953416,-5.4371826152532776e-05,-0.006082676873120363,5528,710000000,8.8,0,2,4,-2.763968239945314,1.043227382138228,4.8948687668812,-2.763968239945314,1.043227382138228,4.8948687668812,194.84988522529602
-4.62857279409085,0.8720786905599872,5.0,-4.446727270109021,-0.2906136076317164,4.995023418277375,-0.9644170855594625,-0.0016374667752253765,-0.0012490233972609424,-0.2643774644785469,-0.09040494185984768,0.0688786347754567,-0.010918408754595958,-0.0002307664445311275,-0.0003778511427299236,-0.003743092611330212,5528,872000000,8.86,0,2,4,-2.763098778328308,1.061517387772795,4.893997880646455,-2.763098778328308,1.061517387772795,4.893997880646455,195.03248238563538
-4.700733994569124,0.8053124355523127,5.0,-4.463371849301917,-0.2875233554997801,4.993301698620758,-0.964472906080847,-0.0016315630491276836,-0.001210677238722202,-0.2641739686240983,-0.07069855469529295,0.07018491467409216,-0.011339255193048008,-0.00017461722308098615,-0.00047312966842127935,-0.001739771937536716,5529,41000000,8.9,0,2,4,-2.7668341100029705,1.0780314067414978,4.893327398155153,-2.7668341100029705,1.0780314067414978,4.893327398155153,195.210294008255
-4.700733994569124,0.8053124355523127,5.0,-4.477605202935553,-0.2827872587908373,4.991516807607654,-0.9644794300568136,-0.0016199262722485896,-0.001169238988967592,-0.2641504073749325,-0.05364227648759854,0.07122177562900309,-0.011643304523100412,-0.0003022766264848542,-0.0004386492946650833,0.0009816104295623518,5529,207000000,8.92,0,2,4,-2.773979989045785,1.0894183279810428,4.892977294156411,-2.773979989045785,1.0894183279810428,4.892977294156411,195.38948678970337
-4.700733994569124,0.8053124355523127,5.0,-4.4897827034719775,-0.2766814909706251,4.989698847166553,-0.9644258597176164,-0.0016175540157763323,-0.0011318280977988347,-0.2643461056874098,-0.03980005612106982,0.0718236199832328,-0.011690452841937845,-7.666063766009756e-05,-0.0004631077587191612,0.0038977276744844858,5529,368000000,8.92,0,2,4,-2.7843107927288635,1.0980619938083134,4.892834334460169,-2.7843107927288635,1.0980619938083134,4.892834334460169,195.56490993499756
-4.766481664549914,0.7321925005821849,5.0,-4.5014662853380685,-0.2685377164393394,4.98765153009792,-0.9642889674343595,-0.0016223207962827002,-0.0010907536684094108,-0.2648451729143751,-0.026719400383435406,0.0720801333651169,-0.0116776237099939,-5.806008331887824e-05,-0.0004594947995428811,0.007329571826630854,5529,534000000,8.9,0,2,4,-2.7974065037164513,1.1043072752900702,4.892877580696914,-2.7974065037164513,1.1043072752900702,4.892877580696914,195.74204301834106
-4.766481664549914,0.7321925005821849,5.0,-4.510294117326239,-0.26035473655719105,4.985830782886654,-0.9640997313450826,-0.0016270706328128594,-0.0010563341535918883,-0.26553332148649644,-0.016628787499963917,0.07214436024201454,-0.011668236174327152,-4.626609388935776e-05,-0.00043373775611144083,0.010172436850552913,5529,699000000,8.86,0,2,4,-2.8150520769171146,1.108744478474726,4.893105086380729,-2.8150520769171146,1.108744478474726,4.893105086380729,195.93157076835632
-4.766481664549914,0.7321925005821849,5.0,-4.518794494204378,-0.2503257274704852,4.983788679159478,-0.9638294323424164,-0.001619768141641257,-0.0010207979142166689,-0.2665129634244474,-0.00818327035022456,0.0718382835796148,-0.011573578517953698,-0.00021006069772511182,-0.0003301753196183199,0.012098609749955358,5529,873000000,8.79,0,2,4,-2.832958301176801,1.1106744501256565,4.8934393117730055,-2.832958301176801,1.1106744501256565,4.8934393117730055,196.11748027801514
-4.825204140223434,0.6532950152558216,5.0,-4.525352654947141,-0.2408991722399233,4.981993014644746,-0.9635507285175167,-0.0016000333070324074,-0.0009898537236995811,-0.2675190715750651,-0.001980324631835405,0.07130875197438417,-0.011407087203931758,-0.0003574027203967489,-0.0003344906104985057,0.01381342399326968,5530,46000000,8.69,0,2,4,-2.8552587536082057,1.1108399462826775,4.893937874183608,-2.8552587536082057,1.1108399462826775,4.893937874183608,196.2989537715912
-4.825204140223434,0.6532950152558216,5.0,-4.531767684992501,-0.22984051896285057,4.980002596602217,-0.9631927865562327,-0.0015779110425051355,-0.0009556414856653776,-0.26880523222610886,0.003961855478084457,0.07067342424039938,-0.011228561410336445,-0.00030864229927374254,-0.0003159093381555067,0.01569631913298508,5530,215000000,8.59,0,2,4,-2.876703569239471,1.1094221585029846,4.894465057875544,-2.876703569239471,1.1094221585029846,4.894465057875544,196.48832511901855
-4.825204140223434,0.6532950152558216,5.0,-4.537384335326912,-0.21847742358793953,4.97804015453425,-0.9628040395302406,-0.0015588517457239715,-0.0009251498449308322,-0.2701945512834225,0.007776711764093279,0.06957849217276219,-0.011071366991130038,-0.00027008392748939514,-0.00027995791640478274,0.016201933794945944,5530,389000000,8.47,0,2,4,-2.9022786300303016,1.1063693637582526,4.895126132876765,-2.9022786300303016,1.1063693637582526,4.895126132876765,196.67620420455933
-4.876337874442031,0.5692599843818492,5.0,-4.541890233305639,-0.20829017063930322,4.976322668879661,-0.9624486052467128,-0.0015321498271000534,-0.0009009774637103834,-0.2714581422893302,0.010334920103765948,0.06844570244435348,-0.010866831249202638,-0.0004138797407904349,-0.00018604636693453358,0.016569890976825263,5530,563000000,8.33,0,2,4,-2.9291583217567077,1.101944756492408,4.895835414215888,-2.9291583217567077,1.101944756492408,4.895835414215888,196.84847927093506
-4.876337874442031,0.5692599843818492,5.0,-4.545511511255091,-0.1993461180737745,4.974852600531701,-0.9621298041007067,-0.0015076881698638154,-0.0008846034430727602,-0.27258610458764515,0.012329796115647749,0.06750149040466613,-0.010574734851847511,-0.0003752548650481913,-0.00013899294941666085,0.016900832088140305,5530,725000000,8.21,0,2,4,-2.9539808059884085,1.0969797912064088,4.896488592718712,-2.9539808059884085,1.0969797912064088,4.896488592718712,197.00596976280212
-4.91937444438218,0.48078777128475003,5.0,-4.549355303000702,-0.18914635747762734,4.973220472591945,-0.9617615025938033,-0.001474474592455235,-0.0008657829009072089,-0.2738829831755787,0.013425290828077373,0.06611925056105586,-0.01029493080125075,-0.0005126049302361935,-0.00015706799558756757,0.016666246665408835,5530,869000000,8.1,0,2,4,-2.9760825677232527,1.092130918007443,4.897064138690685,-2.9760825677232527,1.092130918007443,4.897064138690685,197.18040084838867
-4.91937444438218,0.48078777128475003,5.0,-4.553925087582938,-0.1766327089945959,4.971239149583795,-0.9613111289611576,-0.0014429460184371087,-0.0008460907038623632,-0.2754598253334468,0.013770797270899707,0.06431760446041668,-0.009931440234936244,-0.00035554424755446234,-9.624524892615227e-05,0.016182168292289134,5531,27000000,7.98,0,2,4,-3.0008596901718025,1.0868014195924607,4.897700216057897,-3.0008596901718025,1.0868014195924607,4.897700216057897,197.400865316391
-4.91937444438218,0.48078777128475003,5.0,-4.558405926864339,-0.16453909884155735,4.9693270886037215,-0.9608712826313089,-0.0013873609158454592,-0.0008251048333245138,-0.27699056418254775,0.012542228929892787,0.062078387866916086,-0.009592879407089368,-0.0005652033962633141,-5.8802379498956725e-05,0.015728223297628574,5531,233000000,7.84,0,2,4,-3.0289765289320396,1.082210830909939,4.898384084946098,-3.0289765289320396,1.082210830909939,4.898384084946098,197.60688948631287
-4.953867385546926,0.3886348038838938,5.0,-4.563324881271191,-0.1547282259551291,4.967687080748423,-0.9605833956544728,-0.0013597995321304017,-0.0007954507112028209,-0.27798751446120884,0.0002319046018855792,0.05945137146566746,-0.009033757596418984,-0.0003472229963108475,-0.0003623765110205568,0.008717507716937689,5531,425000000,7.7,0,2,4,-3.052334007680268,1.081227901605849,4.898849433412277,-3.052334007680268,1.081227901605849,4.898849433412277,197.7973608970642
-4.953867385546926,0.3886348038838938,5.0,-4.57254756413507,-0.14846565428827388,4.966159975305473,-0.9605986521808931,-0.0012986445399429617,-0.000799668417283537,-0.2779350706208783,-0.04866438722137513,0.05426020436340541,-0.00835190644512012,-0.0006796046420731727,0.0006860399309971399,-0.007796073214194621,5531,602000000,7.63,0,2,4,-3.0678939249787995,1.084526830120814,4.898986917901005,-3.0678939249787995,1.084526830120814,4.898986917901005,197.99336409568787
-4.953867385546926,0.3886348038838938,5.0,-4.596546643471949,-0.14934947274187274,4.964250379722641,-0.9611160010550368,-0.0011892070872605136,-0.000884054682611436,-0.2761409726023938,-0.1197241858758332,0.046333132878470434,-0.00805650162097055,-0.0009225223720932263,0.0011192113106517354,-0.020335434419394005,5531,783000000,7.66,0,2,4,-3.0782334154864666,1.0917591630974843,4.898852067969499,-3.0782334154864666,1.0917591630974843,4.898852067969499,198.24574661254883
-4.979438768275345,0.2936084964698319,5.0,-4.629260421856771,-0.15861093746639898,4.962566982123728,-0.9617857632112675,-0.001061438501041148,-0.0009814713230873351,-0.2737992982943346,-0.1703384345415427,0.03999045896743826,-0.007783118341220779,-0.0008200105241940037,0.001282848234041012,-0.021862384710402694,5532,19000000,7.88,0,2,4,-3.085075472454686,1.1064839458460973,4.898315068619975,-3.085075472454686,1.1064839458460973,4.898315068619975,198.48853850364685
-4.979438768275345,0.2936084964698319,5.0,-4.664272700221883,-0.17129675482894768,4.961143580084368,-0.9623002839276447,-0.0009535284138630872,-0.001091501982011844,-0.2719854094611725,-0.19140489138653433,0.03620194810158606,-0.00721401392421861,-0.0006568688036168169,0.001358754332159151,-0.016586994024692103,5532,247000000,8.14,0,2,4,-3.0855610272389735,1.1240050859910118,4.897535029573348,-3.0855610272389735,1.1240050859910118,4.897535029573348,198.709623336792
-4.995785428973118,0.19656138848925678,5.0,-4.692157925824567,-0.18165392542050182,4.960079378392522,-0.9625350379506391,-0.0008989554021441886,-0.0011476930251082952,-0.2711534167169328,-0.17482472433773685,0.03566564937536946,-0.006889296945540496,-0.0004203841768912753,0.0005543672898511431,-0.006979810086704674,5532,452000000,8.31,0,2,4,-3.0821661215563125,1.1423607394637385,4.896633268698556,-3.0821661215563125,1.1423607394637385,4.896633268698556,198.88668656349182
-4.995785428973118,0.19656138848925678,5.0,-4.720534324216498,-0.1914580183059509,4.95893236980453,-0.9626380380430217,-0.0008527286552013514,-0.0011461742842971375,-0.2707876785436003,-0.15113170966459838,0.03596045047914782,-0.00662414081962773,-0.0005187061674405413,-0.00024235184810095234,-0.0023695921072430792,5532,614000000,8.38,0,2,4,-3.0783433625192025,1.1574566179408607,4.895856345947048,-3.0783433625192025,1.1574566179408607,4.895856345947048,199.06637692451477
-5.002684765033148,0.09838451082574427,5.0,-4.740045014687127,-0.1974808155671725,4.9580635998635385,-0.9626617339093171,-0.0008281323484205218,-0.0011091311592180881,-0.2707036573295458,-0.13315336037060085,0.03580542221423934,-0.006447891183730385,-0.00045308578080494044,-0.0005194736445446324,-0.0004216354227537522,5532,780000000,8.4,0,2,4,-3.0773000991105626,1.171248095205891,4.895118584209587,-3.0773000991105626,1.171248095205891,4.895118584209587,199.23246550559998
-5.002684765033148,0.09838451082574427,5.0,-4.759853852701838,-0.20289047583130468,4.957092496965249,-0.9626546758759187,-0.0008084761135931894,-0.0010552046780554264,-0.2707290304413086,-0.11490329479322112,0.03552238540050598,-0.006264784799266268,-0.0003901643168546798,-0.0006152589321573032,0.0008975857667792297,5532,934000000,8.4,0,2,4,-3.0802692777894114,1.1784725972945018,4.894699759314143,-3.0802692777894114,1.1784725972945018,4.894699759314143,199.40463495254517
-5.002684765033148,0.09838451082574427,5.0,-4.779345440063579,-0.20740472952419386,4.956024944833456,-0.9626053561549904,-0.0007923649562032764,-0.0009931101242805689,-0.27090462194613985,-0.09755705474188354,0.034470037766906894,-0.006082657615766982,-0.00033042822167317354,-0.0006080098785332666,0.0031348199172498425,5533,93000000,8.38,0,2,4,-3.0875623523909463,1.1831399022193132,4.894376003983174,-3.0875623523909463,1.1831399022193132,4.894376003983174,199.595773935318
-5.0,6.123233995736766e-16,5.0,-4.79451502467369,-0.2103280539439795,4.955101690041842,-0.9625187571429095,-0.0007713167396498327,-0.0009362723934703686,-0.2712124086625846,-0.08438249890882844,0.033357437871659186,-0.005862134534561899,-0.00045879938852522173,-0.0006210925789673638,0.004634474862541538,5533,268000000,8.36,0,2,4,-3.100174928071341,1.184356682094106,4.894166476751943,-3.100174928071341,1.184356682094106,4.894166476751943,199.76478099822998
-5.0,6.123233995736766e-16,5.0,-4.8079249296401185,-0.2123754130595938,4.954213427447965,-0.9624034939602303,-0.0007414408361580145,-0.0008801218430631789,-0.2716214101726312,-0.07287445570333013,0.032469098321026395,-0.005584746172925925,-0.0005722601940760796,-0.0005308367633460875,0.005891808405067422,5533,427000000,8.33,0,2,4,-3.114785327307249,1.182197337885995,4.89411143420193,-3.114785327307249,1.182197337885995,4.89411143420193,199.93516635894775
-5.0,6.123233995736766e-16,5.0,-4.819803978006016,-0.21371016454615172,4.9533659154382335,-0.9622577963522667,-0.0007106197819550376,-0.000831500679707674,-0.27213734948629237,-0.06330049779008526,0.030948920759312566,-0.005318442558653205,-0.0004975580395694124,-0.0004505900591311729,0.007438045486196643,5533,585000000,8.28,0,2,4,-3.1320643085154534,1.1774273653074478,4.894167846691298,-3.1320643085154534,1.1774273653074478,4.894167846691298,200.11620378494263
-4.987684824072758,-0.09764700864012206,5.0,-4.830346020260122,-0.2145478915271451,4.952555180191572,-0.9620810547046361,-0.0006835597511954746,-0.0007898664754330642,-0.27276171475379746,-0.055095454504635044,0.02931528411050629,-0.005081208536184021,-0.00043299812091390777,-0.00038709611374088126,0.008640255782665918,5533,754000000,8.23,0,2,4,-3.151539948147306,1.1704461650406612,4.894312770028183,-3.151539948147306,1.1704461650406612,4.894312770028183,200.28648614883423
-4.987684824072758,-0.09764700864012206,5.0,-4.839713635095176,-0.2149646165465904,4.951777467837621,-0.9618811895376872,-0.0006598442133512346,-0.0007539793425961716,-0.27346585405554535,-0.04784839002845782,0.027889268075608292,-0.004869678163947067,-0.0003769039494727622,-0.0003344721591247435,0.009581531503499718,5533,914000000,8.17,0,2,4,-3.1728116360266,1.1614948561551492,4.894524387541082,-3.1728116360266,1.1614948561551492,4.894524387541082,200.44919276237488
-4.987684824072758,-0.09764700864012206,5.0,-4.847053227270263,-0.21505883365052114,4.951124420038086,-0.9616900061384797,-0.0006347544926495958,-0.0007231745903283867,-0.27413756801762273,-0.042559259208770184,0.02612872592553327,-0.004647222636572702,-0.0005108712116452807,-0.0003428255695325788,0.010334127546229865,5534,61000000,8.11,0,2,4,-3.195536088147378,1.1508798755084773,4.894782566391017,-3.195536088147378,1.1508798755084773,4.894782566391017,200.6086642742157
-4.9657873146656355,-0.19359716638148772,5.0,-4.855450520983661,-0.21500188090926337,4.950329723748117,-0.9614264902324167,-0.0006014755900714226,-0.0006826840725145993,-0.27506049525322285,-0.03680253686801254,0.023858295864747223,-0.004362791435523502,-0.00044029401067291474,-0.00032986386031552684,0.010886486143135699,5534,208000000,8.05,0,2,4,-3.2163774772411684,1.1404405584968693,4.895032237288396,-3.2163774772411684,1.1404405584968693,4.895032237288396,200.79599976539612
-4.9657873146656355,-0.19359716638148772,5.0,-4.862056797136553,-0.2148080579530798,4.949661833297252,-0.961181405998967,-0.000576289252400844,-0.0006500716540294114,-0.27591583872512815,-0.03232822540941173,0.02207141055422746,-0.004138450731833367,-0.0003837807327045084,-0.0002975713186970097,0.011301563336019171,5534,381000000,7.96,0,2,4,-3.2442257025456285,1.1255746194858027,4.895368869848781,-3.2442257025456285,1.1255746194858027,4.895368869848781,200.98858523368835
-4.9657873146656355,-0.19359716638148772,5.0,-4.867252671454744,-0.21458642753841325,4.949104042277008,-0.9609577761746817,-0.0005405194671912261,-0.0006199632004696255,-0.27669383060297165,-0.029232341107662485,0.020074362386745186,-0.003961360780938522,-0.0006898719107084617,-0.0002652164539540536,0.011808359158749226,5534,544000000,7.88,0,2,4,-3.2697493400319946,1.1112236825956672,4.895679499928123,-3.2697493400319946,1.1112236825956672,4.895679499928123,201.2024974822998
-4.934453042581679,-0.2868863210573869,5.0,-4.872598661151269,-0.21438325255760887,4.948493863544054,-0.9606915287835034,-0.0004960038072996713,-0.0005873617877807813,-0.2776169942744288,-0.02622631028147156,0.017813219714375765,-0.0037790455542092522,-0.0006004749934618303,-0.00022815814162413517,0.012146330573159503,5534,687000000,7.82,0,2,4,-3.291953578403331,1.0983760620598073,4.8959579458182745,-3.291953578403331,1.0983760620598073,4.8959579458182745,201.41571974754333
-4.934453042581679,-0.2868863210573869,5.0,-4.877939935927381,-0.2142286883674208,4.947838628445305,-0.9603871980975944,-0.00045284711106683366,-0.0005560675001162464,-0.2786681098523493,-0.023245823304757437,0.015519123327565892,-0.00359711259773166,-0.0005113479119245312,-0.00019118527916361927,0.012132994288549526,5534,853000000,7.73,0,2,4,-3.316076891719599,1.084240326483202,4.896275557576404,-3.316076891719599,1.084240326483202,4.896275557576404,201.59874534606934
-4.893927271527632,-0.3765554849144581,5.0,-4.8826404924424285,-0.2142197137597888,4.947220261173558,-0.9600772752428224,-0.00040476752567136093,-0.0005230947083393039,-0.27973413824110566,-0.021005396390587322,0.012691325633611167,-0.0033485063337297402,-0.000604615394195207,-0.00022385901559118793,0.01251904732271214,5535,21000000,7.64,0,2,4,-3.3399851511370793,1.0704550039851277,4.896587791666432,-3.3399851511370793,1.0704550039851277,4.896587791666432,201.7867043018341
-4.893927271527632,-0.3765554849144581,5.0,-4.887187672165994,-0.21447497233671076,4.946583135592874,-0.9597264352983741,-0.00035608808691447254,-0.0004867387068325787,-0.28093558990662104,-0.018863375184069026,0.009763416455084056,-0.0030940285291435323,-0.0006902305756284477,-0.0001919903127145517,0.012531484844657825,5535,197000000,7.55,0,2,4,-3.359391987082282,1.059863712224466,4.896811687021698,-3.359391987082282,1.059863712224466,4.896811687021698,202.00911951065063
-4.893927271527632,-0.3765554849144581,5.0,-4.890699593298347,-0.21501091948860432,4.946049283470838,-0.9594059360284456,-0.00028920829846611684,-0.00045824774163034617,-0.28202828985927886,-0.017315975489676956,0.006572304558219473,-0.002893405732918489,-0.00075583387797451,-4.2066140437668764e-05,0.012732705727103166,5535,403000000,7.45,0,2,4,-3.375106044455936,1.0522583218309414,4.896928371235705,-3.375106044455936,1.0522583218309414,4.896928371235705,202.2100908756256
-4.844556162327864,-0.4616612813243391,5.0,-4.895393450309055,-0.21704513714059698,4.945527667070019,-0.9590554800347401,-0.0001925727375496128,-0.00048697742009694197,-0.28321778189949,-0.03303567173244624,0.002067260185306648,-0.0023882008509098643,-0.0008252394820829068,0.0009335078289041121,0.012151329610787798,5535,591000000,7.36,0,2,4,-3.383907366549325,1.0490991551430549,4.896901899252894,-3.383907366549325,1.0490991551430549,4.896901899252894,202.41323828697205
-4.844556162327864,-0.4616612813243391,5.0,-4.902666566439728,-0.22188512584690262,4.945145539765052,-0.9587512830640973,-6.81177864714867e-05,-0.0005736261951563628,-0.28424574497413746,-0.061730203159965226,-0.0027815176171535174,-0.0019816691084750754,-0.0010001475402532378,0.0015109187643247424,0.011766607258323347,5535,779000000,7.26,0,2,4,-3.3881210583141677,1.0492250876473634,4.896716821312321,-3.3881210583141677,1.0492250876473634,4.896716821312321,202.61439180374146
-4.786786898395479,-0.5412867784393244,5.0,-4.918432251272778,-0.23408543721797442,4.944754155129908,-0.9583239593078995,0.00012399637381288648,-0.000720710314449638,-0.2856827860021903,-0.09904730065761455,-0.00984379438050407,-0.0015016684167905438,-0.0009515441888652276,0.0016121761973408866,0.013052940812485758,5535,971000000,7.16,0,2,4,-3.3874400990558935,1.0521688910742453,4.896434991257423,-3.3874400990558935,1.0521688910742453,4.896434991257423,202.86651182174683
-4.786786898395479,-0.5412867784393244,5.0,-4.935167308519993,-0.24792480733959882,4.944534248667752,-0.9579392437142262,0.00024695007032436505,-0.000838357408614098,-0.2869697571604614,-0.11464595984479424,-0.01366419016757808,-0.00108568690942545,-0.0007026595142178849,0.0012958020761288935,0.013750343805440934,5536,205000000,7.0,0,2,4,-3.380741580019914,1.0594714651882446,4.8958992537585635,-3.380741580019914,1.0594714651882446,4.8958992537585635,203.083801984787
-4.721166655891902,-0.6145526050955212,5.0,-4.950264430178276,-0.26107524199613513,4.94438007526857,-0.9575661367121128,0.00030987655805108445,-0.000879644185783908,-0.2882121163741461,-0.10650941101788891,-0.01570358791783256,-0.0010313102172922024,-0.0004687040615181104,0.00022878790559843765,0.014844490488030715,5536,406000000,6.84,0,2,4,-3.370853707270049,1.0680404002740487,4.895332752867003,-3.370853707270049,1.0680404002740487,4.895332752867003,203.27619338035583
-4.721166655891902,-0.6145526050955212,5.0,-4.964805640942198,-0.2746596182489944,4.944227711960077,-0.9571187232650079,0.00032929482520394223,-0.0008429473136685004,-0.2896945470323967,-0.09036350957029018,-0.01690142513928815,-0.0008650412828736489,-0.0002672762533961759,-0.0006355983771300089,0.01596286201674957,5536,585000000,6.69,0,2,4,-3.361151509947108,1.0756072162110593,4.894841606445155,-3.361151509947108,1.0756072162110593,4.894841606445155,203.4903106689453
-4.721166655891902,-0.6145526050955212,5.0,-4.974335115840334,-0.28444352177077503,4.944116743293873,-0.9567353966032612,0.00034025080998626193,-0.0007739815038934564,-0.29095818611686813,-0.07771424363876597,-0.018463321567040218,-0.0008229184111570676,-0.0003574792884819544,-0.0008595216058893129,0.016859158131410368,5536,782000000,6.51,0,2,4,-3.3541874110179495,1.0800178720632978,4.8944538954974375,-3.3541874110179495,1.0800178720632978,4.8944538954974375,203.72501516342163
-4.648340350641419,-0.6806282316581954,5.0,-4.98299706914507,-0.2944497602858786,4.943993955137748,-0.9562867934012746,0.00034687315637513575,-0.000690252149928286,-0.29242943079876627,-0.06516844170209643,-0.019974093227449412,-0.0007811860725534397,-0.0003032407448699814,-0.0008484268619213253,0.0172320475030574,5536,956000000,6.36,0,2,4,-3.353428809023726,1.0789449899003987,4.894284078720898,-3.353428809023726,1.0789449899003987,4.894284078720898,203.9329013824463
-4.648340350641419,-0.6806282316581954,5.0,-4.991028172457819,-0.30542340404538765,4.94384683507726,-0.9557441462507441,0.0003538217093061669,-0.0005971241275843146,-0.29419830924125034,-0.052156201782017984,-0.021698197237017065,-0.0007391626397601818,-0.000496349576906141,-0.000726652717730758,0.01640905102249235,5537,128000000,6.19,0,2,4,-3.3571224643190676,1.0732893890253241,4.894233099677483,-3.3571224643190676,1.0732893890253241,4.894233099677483,204.15874433517456
-4.569047104336048,-0.7387432862955571,5.0,-4.995702753828001,-0.3135951242547949,4.9437289235809585,-0.9553162994962596,0.0003856147223457097,-0.0005241554303271768,-0.2955847500787942,-0.042694949331406565,-0.023859242587962407,-0.0007119038614845826,-0.0005356396286515519,-0.0006151618322292052,0.015931479538267013,5537,339000000,5.99,0,2,4,-3.3672705051799396,1.0609171785021154,4.8943529162014086,-3.3672705051799396,1.0609171785021154,4.8943529162014086,204.3700978755951
-4.569047104336048,-0.7387432862955571,5.0,-4.998567175572802,-0.32037226837213056,4.94363308012545,-0.9549494337689304,0.0003981840959801485,-0.00046936261638080693,-0.2967679229508457,-0.03538330049015102,-0.025589335670477425,-0.0006054916607708345,-0.00029294068042418075,-0.0005885469420263689,0.015161429746513022,5537,533000000,5.84,0,2,4,-3.379310162746417,1.047057398659138,4.894572949528874,-3.379310162746417,1.047057398659138,4.894572949528874,204.53372192382812
-4.484115384919367,-0.7881987655942971,5.0,-5.000609892211052,-0.32831651820875557,4.943519347322825,-0.9545115284421399,0.0004319529212474087,-0.0004008381016774878,-0.2981734307689731,-0.027104609491085674,-0.02814580311182805,-0.0006613442256613695,-0.0005818184263262083,-0.0005108228265271464,0.014313082283479162,5537,684000000,5.72,0,2,4,-3.392219045550058,1.0324123110821866,4.894835259381868,-3.392219045550058,1.0324123110821866,4.894835259381868,204.75380873680115
-4.484115384919367,-0.7881987655942971,5.0,-5.001093575623469,-0.33433999740624765,4.943413757640189,-0.9541822026087722,0.00046221464662033303,-0.00035123000463394813,-0.2992256459927459,-0.021289482917192598,-0.03009437429023305,-0.0007365395874190446,-0.0005034700791384239,-0.0004427585849953175,0.013427731209958438,5537,890000000,5.57,0,2,4,-3.4106215223549614,1.0115762135792894,4.895223499005896,-3.4106215223549614,1.0115762135792894,4.895223499005896,204.91777348518372
-4.484115384919367,-0.7881987655942971,5.0,-5.000637463433492,-0.3401261299208635,4.943300873841631,-0.9538694287758115,0.0004967197340016762,-0.00030358651384384085,-0.3002212083641681,-0.015750868768166684,-0.03246396493499148,-0.0007362507371760386,-0.0006082139236696094,-0.0004347941626292595,0.01270446255148272,5538,37000000,5.47,0,2,4,-3.42652447380377,0.9933684442280536,4.89557777063409,-3.42652447380377,0.9933684442280536,4.89557777063409,205.09491539001465
-4.394456790301289,-0.8283779877478669,5.0,-4.999476691345942,-0.3450405431930933,4.943204536572689,-0.9536115090235724,0.0005260140629998527,-0.00026292714785821014,-0.3010394393369507,-0.01132040716461434,-0.034369402334745544,-0.0007182939860654308,-0.0005350624292077555,-0.0004098863854551382,0.011865771830343874,5538,200000000,5.37,0,2,4,-3.4425786808226553,0.9745854304246548,4.8959622706131345,-3.4425786808226553,0.9745854304246548,4.8959622706131345,205.25679540634155
-4.394456790301289,-0.8283779877478669,5.0,-4.997393228525222,-0.3504961204560633,4.943097348629485,-0.9533360359436887,0.0005546525435333236,-0.00022097794471390568,-0.30191065913690046,-0.00698338056176871,-0.03623612009509087,-0.0006998838120693281,-0.00046120658225845546,-0.00036565594427884207,0.011028585686290171,5538,351000000,5.29,0,2,4,-3.4555374405715584,0.9586166546654186,4.896302037070368,-3.4555374405715584,0.9586166546654186,4.896302037070368,205.42141246795654
-4.394456790301289,-0.8283779877478669,5.0,-4.994156766780439,-0.3564686247347384,4.942980234062113,-0.9530487215140044,0.0005819201766800554,-0.0001799490090820035,-0.3028163856329172,-0.0021247822561063405,-0.0386581242879115,-0.0006815257981697413,-0.00039033362781992764,-0.0003133858967885317,0.010164682953472948,5538,504000000,5.21,0,2,4,-3.468004807641953,0.9418405764531017,4.896665282131666,-3.468004807641953,0.9418405764531017,4.896665282131666,205.6099452972412
-4.301058460725572,-0.8587571270304252,5.0,-4.9894522287194345,-0.3629563712645824,4.9428436421738455,-0.9527563528960858,0.0006203594602385991,-0.0001328397433223617,-0.3037349659224169,0.0026388754537011038,-0.041256837192874346,-0.0007680409235506283,-0.0004896523194020119,-0.00033079133459068544,0.009227927330357488,5538,678000000,5.13,0,2,4,-3.4782080358976954,0.9256100762934539,4.897011669074507,-3.4782080358976954,0.9256100762934539,4.897011669074507,205.82658576965332
-4.301058460725572,-0.8587571270304252,5.0,-4.984374620269667,-0.3686693674827738,4.9427064499378055,-0.952515686693223,0.0006502975455962825,-9.278422424174323e-05,-0.30448880949474627,0.0062659174395237865,-0.04301806658967839,-0.0008417304379389774,-0.0004155774689706959,-0.0003025186657623635,0.008505707410222385,5538,881000000,5.05,0,2,4,-3.4837844605135,0.9117735001657705,4.897259426978901,-3.4837844605135,0.9117735001657705,4.897259426978901,206.01694679260254
-4.301058460725572,-0.8587571270304252,5.0,-4.980675063044816,-0.37484675374726883,4.942602942145268,-0.9522431974857044,0.0007352613995799131,-0.00010259486941666427,-0.30533971524708164,-0.013294798584511444,-0.046520665501814794,-0.0005697027847930255,-0.0010266571848660533,0.0009997524216487363,0.013291218601807486,5539,61000000,4.99,0,2,4,-3.483222628275723,0.9033293187915205,4.897324877691503,-3.483222628275723,0.9033293187915205,4.897324877691503,206.19991493225098
-4.204974123151435,-0.8789151602050683,5.0,-4.979888323573869,-0.3838562992563602,4.942549036344518,-0.9518263690025173,0.0008414218612989192,-0.0001853773948560473,-0.3066363007146358,-0.04402771492062553,-0.05053339975304995,-0.00030854839194612666,-0.0008659188210913271,0.0016801146102807252,0.02044222655968042,5539,226000000,4.91,0,2,4,-3.478516257525272,0.8988328541516374,4.897261356364626,-3.478516257525272,0.8988328541516374,4.897261356364626,206.3849847316742
-4.204974123151435,-0.8789151602050683,5.0,-4.984455526703252,-0.4002378570217149,4.942531869075005,-0.9510739364165219,0.0009958518281892596,-0.0003219675764188593,-0.30896160293019803,-0.08676290898476764,-0.05509731595166606,-0.00021559133675631446,-0.0010277735896124796,0.0018154586314267362,0.027519712602952495,5539,396000000,4.77,0,2,4,-3.470138289273316,0.8968546334392594,4.897086419273276,-3.470138289273316,0.8968546334392594,4.897086419273276,206.59894680976868
-4.107313790845381,-0.8885430492071804,5.0,-4.9949558940074725,-0.4234528669981253,4.942570597634727,-0.9501327301883451,0.0011167031242191462,-0.00047717195877681096,-0.3118434227395142,-0.11012799186611281,-0.05840870845676893,4.6778124355789194e-05,-0.00029765132865122723,0.0014643755775978207,0.026676408197090495,5539,595000000,4.5,0,2,4,-3.4550685840133406,0.8974858031777749,4.8967113504911675,-3.4550685840133406,0.8974858031777749,4.8967113504911675,206.84434032440186
-4.107313790845381,-0.8885430492071804,5.0,-5.001093747478944,-0.43671549143129446,4.9426111879986045,-0.9496880681003941,0.001144395846186116,-0.0005303508859104324,-0.31319479943611167,-0.10404422062814622,-0.05869620401287545,5.8361372110337124e-05,-0.00011257547711807092,0.0006952617411570827,0.021690841458621435,5539,799000000,4.15,0,2,4,-3.434071960588837,0.9009301272921427,4.8961612628082785,-3.434071960588837,0.9009301272921427,4.8961612628082785,207.05674839019775
-4.009232162892936,-0.887451980204179,5.0,-5.008024435656983,-0.4535973978365342,4.942664591919634,-0.9491937872655434,0.0011523679404244886,-0.0005448107397975585,-0.31468957632225775,-0.08929242834026567,-0.059026023050887666,3.065776051157525e-05,7.260371077677519e-05,-0.0003027069226391177,0.018208659639640246,5539,934000000,3.99,0,2,4,-3.422650600174567,0.9024768654988534,4.895891368882323,-3.422650600174567,0.9024768654988534,4.895891368882323,207.22458124160767
-4.009232162892936,-0.887451980204179,5.0,-5.012889337415039,-0.47052167640514875,4.942702218736293,-0.9486998856308615,0.001117468775036053,-0.0004883854572922119,-0.31617564698624734,-0.06802133956220972,-0.059209626544677776,-0.00010292556251472,0.00022753811919073996,-0.0009398614110978087,0.01700505872577196,5540,95000000,3.82,0,2,4,-3.41037028850606,0.901847839842518,4.895644558509802,-3.41037028850606,0.901847839842518,4.895644558509802,207.39668440818787
-4.009232162892936,-0.887451980204179,5.0,-5.014640264208191,-0.4837509197711923,4.942712335223905,-0.9482855048471737,0.0010859456022551234,-0.0004091956125859396,-0.3174165316706747,-0.05019627830447328,-0.05984176862535954,-0.00015193334745402097,1.7961161269397508e-05,-0.0011060055271627789,0.015774716302985325,5540,261000000,3.65,0,2,4,-3.4011753315544504,0.8969082937081744,4.895543862253328,-3.4011753315544504,0.8969082937081744,4.895543862253328,207.5759983062744
-3.9119157913707925,-0.8755804772778834,5.0,-5.013939553020807,-0.4968144109742414,4.942710923368751,-0.9478647029263167,0.0010540358236169195,-0.00031468660847747815,-0.31867113915010586,-0.03254911284811745,-0.060590890505911196,-0.00018973094323239165,7.866533024980527e-06,-0.0010629753319335578,0.01377045600747806,5540,430000000,3.51,0,2,4,-3.3966250052605886,0.8891883856254992,4.895608161865901,-3.3966250052605886,0.8891883856254992,4.895608161865901,207.77354884147644
-3.9119157913707925,-0.8755804772778834,5.0,-5.011253265504855,-0.5070061162703625,4.942693982519886,-0.9475507465019232,0.0010381039530648023,-0.00023108942463048087,-0.31960358530765653,-0.01893681779061047,-0.06111928313957503,-0.00030228634680088795,-0.00017212240379649302,-0.0010187044608755969,0.011110096693300875,5540,606000000,3.37,0,2,4,-3.3948572769370293,0.8773174804554995,4.895825064218701,-3.3948572769370293,0.8773174804554995,4.895825064218701,207.95386028289795
-3.9119157913707925,-0.8755804772778834,5.0,-5.006149902846497,-0.5170550594121616,4.942649908191125,-0.9472853359161726,0.0010243453518877206,-0.0001432160862587148,-0.3203894857262591,-0.004629068510357891,-0.06206098919069815,-0.0004275273477437927,-0.0001546658538131851,-0.0009133158300755895,0.0075452146120369434,5540,770000000,3.28,0,2,4,-3.39583928103098,0.8643563919572438,4.896131323983553,-3.39583928103098,0.8643563919572438,4.896131323983553,208.1551115512848
-3.8165691082559876,-0.8530002098206052,5.0,-4.999892857182993,-0.5248586452764702,4.942591271260958,-0.9471370684863365,0.001013508017127795,-7.393898718173171e-05,-0.3208275873949024,0.0065558791732848705,-0.06286504260670925,-0.0005279059090216924,-0.0001399184199613046,-0.0008098824991975562,0.004418045136844739,5540,944000000,3.2,0,2,4,-3.399298367835207,0.8475542559121169,4.896589792706286,-3.399298367835207,0.8475542559121169,4.896589792706286,208.33798360824585
-3.8165691082559876,-0.8530002098206052,5.0,-4.992243443395522,-0.5317326653374862,4.942516642503788,-0.9470598207605863,0.0010041158102087827,-1.2969000303862449e-05,-0.321055583169287,0.016291020711319163,-0.06340781835757545,-0.000618647179280338,-0.00012572257190868186,-0.0007110879550964455,0.0018426358224132855,5541,109000000,3.16,0,2,4,-3.403959949621558,0.8310481866962455,4.897085086366306,-3.403959949621558,0.8310481866962455,4.897085086366306,208.512868642807
-3.724399429526773,-0.81992031658865,5.0,-4.983338424268549,-0.537755665332142,4.942427920295658,-0.9470509939925869,0.0009960710377911472,4.039382159193788e-05,-0.32108164224769986,0.025698977540182265,-0.06404277731802027,-0.0007004457865123556,-0.00011299790685370681,-0.0006243432892460987,-0.0010212334700554493,5541,271000000,3.15,0,2,4,-3.4098292855315715,0.8133526830972831,4.897641184769668,-3.4098292855315715,0.8133526830972831,4.897641184769668,208.67814373970032
-3.724399429526773,-0.81992031658865,5.0,-4.973236328479127,-0.5429902987229465,4.942331373875166,-0.9471130269323578,0.0009973936553950469,9.211761050399562e-05,-0.320898599148187,0.03402608947715653,-0.06462712725101663,-0.0007065816648177351,-0.0002729099691123338,-0.0006048566092431429,-0.003600787727009447,5541,424000000,3.16,0,2,4,-3.416663696616734,0.7947107850418736,4.898240594063153,-3.416663696616734,0.7947107850418736,4.898240594063153,208.85447788238525
-3.724399429526773,-0.81992031658865,5.0,-4.960566703578363,-0.5480285641337793,4.94221939207843,-0.94725871588504,0.0010122153536039462,0.00015503320358176408,-0.3204682145932868,0.04325171873540364,-0.06532430490422715,-0.0007739258016577664,-0.0004035475427599522,-0.0006203263978932227,-0.006222645379239111,5541,590000000,3.2,0,2,4,-3.424081743772098,0.7754044587976899,4.898877914516333,-3.424081743772098,0.7754044587976899,4.898877914516333,209.04358673095703
-3.636601080010044,-0.776690076510659,5.0,-4.941712307517637,-0.5534551652970137,4.942050788494533,-0.9475524815634032,0.0010276109266698424,0.00023463548074172992,-0.3195984725323492,0.05296714027257171,-0.06586268081309077,-0.0008458147725796212,-0.00016026837101890123,-0.0005818195802476112,-0.008418899778916966,5541,763000000,3.27,0,2,4,-3.4322363245553755,0.7536678142555743,4.899629509900079,-3.4322363245553755,0.7536678142555743,4.899629509900079,209.30793976783752
-3.636601080010044,-0.776690076510659,5.0,-4.923206758021331,-0.5576668968747917,4.941898784056683,-0.9478440413730722,0.0010243839792039612,0.0002963879326520531,-0.3187327030996637,0.05317005222426716,-0.06659599635503441,-0.000769748671758308,-0.0004515244484082359,-0.00032771313556168025,-0.0054455501413031016,5542,10000000,3.39,0,2,4,-3.439420227918882,0.7273761974524559,4.900579473300625,-3.439420227918882,0.7273761974524559,4.900579473300625,209.58973264694214
-3.636601080010044,-0.776690076510659,5.0,-4.912032510628349,-0.5628160424277493,4.941823593225863,-0.9477522117505266,0.0010765630387766906,0.000291305555490053,-0.3190054878447733,0.021888953703385235,-0.06889669353633944,-0.00048153933903761256,-0.0005737493268043181,0.0006550933449034346,0.009616545139579102,5542,217000000,3.51,0,2,4,-3.4386840963187013,0.7089875012957755,4.901243731905931,-3.4386840963187013,0.7089875012957755,4.901243731905931,209.82593631744385
-3.5543388089763526,-0.7237997670733144,5.0,-4.905100959789142,-0.5716929690605571,4.941783770577873,-0.9473196773307515,0.001142781402312056,0.0002261285922406244,-0.3202874831436396,-0.019081767607713348,-0.07174171299737381,-0.0003723808480046018,-0.00047847813107182446,0.0013647858850163175,0.023018160936771892,5542,393000000,3.48,0,2,4,-3.432308542352659,0.7002705845366141,4.901521877102282,-3.432308542352659,0.7002705845366141,4.901521877102282,210.00196933746338
-3.5543388089763526,-0.7237997670733144,5.0,-4.9034841144924775,-0.5908340183345587,4.941745840199254,-0.946316457932632,0.001255612886900599,8.655496563489808e-05,-0.323239195318812,-0.07130083635352831,-0.0747906416626931,-0.00038057033562767593,-0.0006329812777039479,0.0016575181689404417,0.03207621266483329,5542,556000000,3.34,0,2,4,-3.4211247961701146,0.6953770586090998,4.901621801591523,-3.4211247961701146,0.6953770586090998,4.901621801591523,210.2162094116211
-3.4787306928416317,-0.6618795656421455,5.0,-4.907917923541081,-0.611552075873626,4.941730077244059,-0.9452955555280849,0.001359201570876871,-3.171351782224011e-05,-0.32621229937602264,-0.10612796302114207,-0.07638059006259265,-0.0003230432329809537,-0.0005974908617645269,0.0016250572343778913,0.03688157521537505,5542,758000000,3.0,0,2,4,-3.3988420157855135,0.6941351246692259,4.901474595107514,-3.3988420157855135,0.6941351246692259,4.901474595107514,210.42966222763062
-3.4787306928416317,-0.6618795656421455,5.0,-4.917326481513378,-0.6385001066401258,4.941737614688274,-0.944056145596323,0.0014334414579295013,-0.00017142762955762525,-0.32978160928100353,-0.13241857947124994,-0.0766837996237044,-0.0002690485300193465,-0.00015000322406422129,0.0015591705050610472,0.038404044971684925,5542,956000000,2.66,0,2,4,-3.375602114564905,0.6971421267692385,4.901140895523115,-3.375602114564905,0.6971421267692385,4.901140895523115,210.6276090145111
-3.4108307471117234,-0.5916963676169309,5.0,-4.925454328553977,-0.6623852845988708,4.941758197613731,-0.9432715427823479,0.0014159417737762965,-0.0002442410370600965,-0.3320191741936269,-0.10514012336284406,-0.07438739680930764,-0.00020745199073393723,0.0005047881472819427,0.000167883817425718,0.01806620384741109,5543,139000000,2.26,0,2,4,-3.3466267965806797,0.7030689048170261,4.9006786427902,-3.3466267965806797,0.7030689048170261,4.9006786427902,210.82044339179993
-3.4108307471117234,-0.5916963676169309,5.0,-4.929164526108601,-0.6804366217421394,4.94176495622623,-0.9429250367409545,0.0013723059105728841,-0.0002281047308535706,-0.33300216190257537,-0.07470235115324791,-0.07244540524121301,-0.00031476779933791506,0.00041645558326308674,-0.0007008677130215801,0.00958589789661346,5543,319000000,2.01,0,2,4,-3.321449587683471,0.7077614173297919,4.900367724066286,-3.321449587683471,0.7077614173297919,4.900367724066286,211.03610920906067
-3.4108307471117234,-0.5916963676169309,5.0,-4.929340141648048,-0.6952913830378243,4.941740061205509,-0.9427322200184463,0.0013099298773648893,-0.00017232821950940872,-0.3335479211834375,-0.045823897692390335,-0.07074695489314191,-0.0004899595670759267,0.0005176713102628128,-0.0010335766205571417,0.005604837315331679,5543,480000000,1.91,0,2,4,-3.302559417470564,0.7091803228980894,4.900256608040717,-3.302559417470564,0.7091803228980894,4.900256608040717,211.24280452728271
-3.3516114943543616,-0.5141484180143086,5.0,-4.926259341198039,-0.7072008360529661,4.941683594463543,-0.9426328876250722,0.0012351662716315408,-0.00010492680774295616,-0.33382885214172897,-0.020063375699284583,-0.06932730265547123,-0.0005893345053957055,0.0006088256952807569,-0.0011370648962838459,0.002157490530407813,5543,643000000,1.86,0,2,4,-3.2871820924556587,0.7078351447015138,4.900306731100078,-3.2871820924556587,0.7078351447015138,4.900306731100078,211.41560006141663
-3.3516114943543616,-0.5141484180143086,5.0,-4.919388118517202,-0.7175192111468808,4.941590858046722,-0.9426371563298082,0.0011648626226630678,-1.99866783194986e-05,-0.3338170669723999,0.005209553239790027,-0.06792080588920424,-0.0007603146840577115,0.0003347923950514087,-0.001146924842032604,-0.002067012155748671,5543,801000000,1.83,0,2,4,-3.274823110465679,0.7041464912519214,4.90050317230009,-3.274823110465679,0.7041464912519214,4.90050317230009,211.61149168014526
-3.3019467579008337,-0.4302576799951901,5.0,-4.910575528222128,-0.72422103203049,4.941477332369055,-0.9427666362056841,0.001112269346335926,5.527227146588133e-05,-0.3334513899495642,0.026034331892532424,-0.06658769324445006,-0.0009136505179606488,0.000279212076748081,-0.0010722187425926677,-0.006926128298800904,5543,982000000,1.84,0,2,4,-3.2640104558264253,0.6976329344474396,4.900878227609876,-3.2640104558264253,0.6976329344474396,4.900878227609876,211.78441619873047
-3.3019467579008337,-0.4302576799951901,5.0,-4.89947510660807,-0.7288131961569321,4.94133822756727,-0.9430093211056216,0.0010644520421852607,0.00012885860241975463,-0.33276458742664455,0.04431215592959843,-0.06532181799612366,-0.0010537467811559899,0.0002344971335332957,-0.0010843718996511598,-0.010881950584007427,5544,139000000,1.88,0,2,4,-3.2566745436871978,0.6901647924871329,4.90132281448077,-3.2566745436871978,0.6901647924871329,4.90132281448077,211.969575881958
-3.3019467579008337,-0.4302576799951901,5.0,-4.884589600550083,-0.7317250037387326,4.94114818342642,-0.943401472195348,0.0010256541908273777,0.00021762662998898324,-0.3316512670438344,0.06290536785363043,-0.06359899599685306,-0.0012832948409631302,2.3223150158457884e-05,-0.0010777048942145484,-0.014869961523800157,5544,312000000,1.96,0,2,4,-3.2511563781902484,0.6813709928075229,4.901861168494752,-3.2511563781902484,0.6813709928075229,4.901861168494752,212.15136742591858
-3.2625949715173483,-0.34115989501771693,5.0,-4.865500263332986,-0.7324580871990648,4.940889312148454,-0.9439486116481177,0.000990028812924468,0.000312110968779318,-0.33009080719899436,0.08017092079427367,-0.06143775061579211,-0.001519429453716744,7.879175143443717e-05,-0.000976001831531903,-0.01776537628757069,5544,482000000,2.09,0,2,4,-3.246806229600284,0.6701888347162885,4.902573572192463,-3.246806229600284,0.6701888347162885,4.902573572192463,212.393399477005
-3.2625949715173483,-0.34115989501771693,5.0,-4.848664904146078,-0.7314593243556824,4.940659254511952,-0.9444415270964768,0.0009518768128581295,0.0003781287204851897,-0.3286778861512876,0.09140700591973841,-0.05980849664566017,-0.00160192642265882,0.00018046583960540374,-0.0009254787244117324,-0.019343335952726193,5544,691000000,2.27,0,2,4,-3.243787859958112,0.6566184598445863,4.90345354451902,-3.243787859958112,0.6566184598445863,4.90345354451902,212.6388590335846
-3.2341833127527586,-0.2480923246165849,5.0,-4.8283317692218874,-0.7288769949505005,4.940381309854982,-0.9450340505391907,0.0009015671483029696,0.00044442271109235046,-0.32697038548868795,0.10292834038826473,-0.057640400334536254,-0.001762934908458555,0.000323367780197259,-0.0008781547819580737,-0.02070300433842931,5544,855000000,2.43,0,2,4,-3.2424568183406564,0.6451419200800396,4.904214053271728,-3.2424568183406564,0.6451419200800396,4.904214053271728,212.8347737789154
-3.2341833127527586,-0.2480923246165849,5.0,-4.804276166740548,-0.7243509130575237,4.940038830700149,-0.9457267672188081,0.0008478888665906321,0.0005111143236880035,-0.3249613848020721,0.11351060382599099,-0.05512154753274824,-0.0019430951556052311,0.0002681536187765232,-0.0007731356106432941,-0.021630914488923736,5545,33000000,2.64,0,2,4,-3.241821150398485,0.6318898383834598,4.905122243563168,-3.241821150398485,0.6318898383834598,4.905122243563168,213.07133102416992
-3.2171929813418867,-0.15237920310723663,5.0,-4.778963704140835,-0.7182427478719856,4.939665506037454,-0.9464300880138223,0.0008027248939964446,0.0005683923391745202,-0.3229072948464338,0.1229643642758251,-0.05200271967108744,-0.002094417894871676,0.0002884192241481287,-0.0006509496188300545,-0.02163269127777312,5545,228000000,2.89,0,2,4,-3.241993733830456,0.6168667788056197,4.906189016840744,-3.241993733830456,0.6168667788056197,4.906189016840744,213.2982177734375
-3.2171929813418867,-0.15237920310723663,5.0,-4.755898018491839,-0.712072280534898,4.939326336312038,-0.9469915208106995,0.0007417101208819786,0.0006014958498860469,-0.3212571362343216,0.12203292209043033,-0.05011012984610441,-0.002017091014794626,0.0005198288477004098,-0.0005246239481948578,-0.017899983868119307,5545,418000000,3.14,0,2,4,-3.242846825776519,0.6017706005458164,4.907284609133278,-3.242846825776519,0.6017706005458164,4.907284609133278,213.52272987365723
-3.2171929813418867,-0.15237920310723663,5.0,-4.732713481317574,-0.7068333198725457,4.939007915134592,-0.9473133467678825,0.0006894214762518575,0.0006093726793403659,-0.32030700335521756,0.09518971866244837,-0.04927841549034371,-0.001511417190986419,0.0004355024316282652,-5.187891822799884e-05,-0.004629374916476081,5545,616000000,3.32,0,2,4,-3.244161868498531,0.5868542770896489,4.90839223965191,-3.244161868498531,0.5868542770896489,4.90839223965191,213.73839569091797
-3.211945953178299,-0.05541497349941108,5.0,-4.716992398730619,-0.7060713924605828,4.938809234980315,-0.9472682497161451,0.0006836534970898793,0.0005571342547417778,-0.32044045515357267,0.051761769220888224,-0.049982878787377644,-0.0009963971080765499,0.00020841388561620988,0.0009044385933520971,0.0057849587847158546,5545,815000000,3.49,0,2,4,-3.245371899691211,0.5739608809658575,4.90941544238652,-3.245371899691211,0.5739608809658575,4.90941544238652,213.92022323608398
-3.211945953178299,-0.05541497349941108,5.0,-4.708032719912942,-0.7093592583961079,4.938707011769921,-0.947051054845264,0.0007098059985708976,0.0004636038902948716,-0.32108189105483625,0.014929034972087588,-0.050643386313216986,-0.0005107287073735519,1.9028538211784962e-05,0.0014412015161724412,0.010377474245615304,5545,983000000,3.49,0,2,4,-3.2453075520021795,0.5625789492857849,4.910404150804779,-3.2453075520021795,0.5625789492857849,4.910404150804779,214.09669876098633
-3.21859354421624,0.04135457483112127,5.0,-4.703409683327305,-0.7160329633466089,4.938671784386967,-0.9467409202827476,0.0007379581916929078,0.0003431499924372112,-0.32199529115806336,-0.017036188269043663,-0.05057968011603884,-0.00014024583929201463,0.00020033887295767272,0.0015990665019671724,0.01336578352493234,5546,146000000,3.43,0,2,4,-3.241452645832261,0.5559229299007336,4.911116647661097,-3.241452645832261,0.5559229299007336,4.911116647661097,214.2705180644989
-3.21859354421624,0.04135457483112127,5.0,-4.702562297455747,-0.7255596202446513,4.938684090005383,-0.9463505005032695,0.0007737146722102495,0.0002212118900814908,-0.32314096402052866,-0.04495070515352191,-0.050170687626230115,9.79814589259586e-05,1.0470767275450044e-05,0.0015823785588509054,0.0167131571288337,5546,305000000,3.34,0,2,4,-3.2320859026553213,0.5542068785297354,4.911556945730296,-3.2320859026553213,0.5542068785297354,4.911556945730296,214.48120498657227
-3.21859354421624,0.04135457483112127,5.0,-4.704560796395007,-0.7359000795557589,4.938723363612031,-0.9459390445356223,0.0007926991098386215,0.00011235817350948142,-0.32434346459701635,-0.06608954318144614,-0.04900675853242492,0.0002672079135871995,0.00036743294344887545,0.0015692518672949518,0.019369849178474396,5546,458000000,3.21,0,2,4,-3.2173809110316234,0.5572539100495986,4.9117397403916305,-3.2173809110316234,0.5572539100495986,4.9117397403916305,214.75781774520874
-3.2371071164773877,0.13645309916067708,5.0,-4.712164329853014,-0.7551715648916124,4.938816489950484,-0.9451740240350802,0.0008114226112199249,-6.0118335696554873e-05,-0.3265660764201713,-0.09199934317389047,-0.046477483071426476,0.0003269231399262995,0.0005191270531668124,0.0015227393305394799,0.02197369722125586,5546,613000000,3.07,0,2,4,-3.2006771990020155,0.5633506338307757,4.911697662486272,-3.2006771990020155,0.5633506338307757,4.911697662486272,214.991690158844
-3.2371071164773877,0.13645309916067708,5.0,-4.720054600095993,-0.7716774189183196,4.938917505755776,-0.9446287101447799,0.0008008472750937359,-0.0001977304022633722,-0.32814009129720656,-0.09046265693508244,-0.043628220966248014,0.000511302879369094,0.0005870531367691001,0.0013142345551386825,0.016269013758574147,5546,819000000,2.8,0,2,4,-3.169673557674884,0.5775026818833413,4.911397658947755,-3.169673557674884,0.5775026818833413,4.911397658947755,215.206116437912
-3.267271249411667,0.22839620850894257,5.0,-4.725582018653723,-0.785490698795586,4.9390040259641586,-0.9443538291190617,0.0007552493436432374,-0.00025158794812236345,-0.3289304056029164,-0.05440826596148294,-0.03892891175486904,0.00020984325802878343,0.0006418098791982629,-0.00022463592159738255,0.004315933210818912,5547,16000000,2.59,0,2,4,-3.14153197543745,0.5910629833901881,4.91114902478036,-3.14153197543745,0.5910629833901881,4.91114902478036,215.44514155387878
-3.267271249411667,0.22839620850894257,5.0,-4.726157939521964,-0.7952555961760077,4.939018588794423,-0.944329598793572,0.0006629241330353443,-0.00020361235116767067,-0.3290001944011211,-0.013302458134677822,-0.03434796629670011,-0.00019360618498247853,0.000694799120992684,-0.0010953104606414854,-0.0016673163486302656,5547,191000000,2.52,0,2,4,-3.121720935343416,0.6002255735425736,4.911067979994801,-3.121720935343416,0.6002255735425736,4.911067979994801,215.64558219909668
-3.308679683530565,0.3157154098814325,5.0,-4.721918192603358,-0.7992470461126382,4.938966487451351,-0.9444214326387028,0.0005622960021141478,-0.00012877163387092238,-0.32873671047470826,0.019955466316262042,-0.03002828826006838,-0.00042932161135377753,0.0007357618869718863,-0.001163116189673019,-0.004067898316861829,5547,380000000,2.51,0,2,4,-3.1011060948488653,0.6089364495150763,4.911132820345844,-3.1011060948488653,0.6089364495150763,4.911132820345844,215.8446180820465
-3.308679683530565,0.3157154098814325,5.0,-4.713785297423449,-0.799217573227494,4.938861317195026,-0.9445569028851583,0.0004557234603315531,-4.8224623201192885e-05,-0.3283474489051358,0.0487652985041574,-0.026109075422922734,-0.0007371925588763633,0.0007835928613530996,-0.0012613746775969048,-0.0049268109250988346,5547,564000000,2.55,0,2,4,-3.086199056075419,0.6144609195545633,4.911339679471942,-3.086199056075419,0.6144609195545633,4.911339679471942,216.04311680793762
-3.36073431890886,0.39698317216108925,5.0,-4.700894378259454,-0.795038734463991,4.938680927759551,-0.9447230939173341,0.0003489551688500933,4.2687848458827196e-05,-0.32786910837603694,0.07613056576279237,-0.02132034314056491,-0.0010478198722165349,0.0006469957895660627,-0.0011461237818366499,-0.00514422667947656,5547,750000000,2.6,0,2,4,-3.074293756340866,0.6181738677054588,4.911670543186116,-3.074293756340866,0.6181738677054588,4.911670543186116,216.29503965377808
-3.36073431890886,0.39698317216108925,5.0,-4.686448670329299,-0.7880600049831623,4.9384698054864815,-0.9448690084844885,0.000267271340147013,0.00011559619788478111,-0.3274484264874228,0.09626912134323727,-0.017485366349170833,-0.0012957992298693365,0.00054549797710024,-0.0009893066248878313,-0.004822000528292847,5547,939000000,2.67,0,2,4,-3.064125951957361,0.6206139678987751,4.912166270146416,-3.064125951957361,0.6206139678987751,4.912166270146416,216.5336036682129
-3.36073431890886,0.39698317216108925,5.0,-4.669870996840715,-0.7785037041883358,4.938219205976645,-0.9449870179701905,0.0001698109460856859,0.00017570314204673246,-0.3271077439628343,0.11276258969020996,-0.013321482667584417,-0.0015163152878065799,0.0007932148434974806,-0.0009663542300586414,-0.0034279871670150897,5548,117000000,2.73,0,2,4,-3.0573586325312747,0.6216024641921751,4.912713935709566,-3.0573586325312747,0.6216024641921751,4.912713935709566,216.783052444458
-3.4226475183504643,0.4708387324053992,5.0,-4.651642914343957,-0.7667673236502391,4.93793466476598,-0.9450629042024472,8.12413291955592e-05,0.00023180464020691106,-0.3268884316810416,0.12594564951682014,-0.009643475265330128,-0.0017123443446368804,0.0006701100517148006,-0.0008554332339372195,-0.0019931623228330864,5548,298000000,2.78,0,2,4,-3.052587633130269,0.621712763149393,4.913335954171308,-3.052587633130269,0.621712763149393,4.913335954171308,217.0178017616272
-3.4226475183504643,0.4708387324053992,5.0,-4.629896523283644,-0.7516593723494799,4.937584352190288,-0.9450931828382018,-2.1815287623714783e-06,0.00028550941671486507,-0.32680084796764397,0.1373956357298198,-0.006113361897853543,-0.0019103532979419112,0.0006342452934404719,-0.0007197082538823452,-1.90673400624064e-05,5548,480000000,2.82,0,2,4,-3.0495683788049215,0.621134474243363,4.914026987137841,-3.0495683788049215,0.621134474243363,4.914026987137841,217.22587752342224
-3.4934479233798426,0.5360142196544851,5.0,-4.604740783602251,-0.7329533560998027,4.937149315395369,-0.9450322258647614,-9.734508961171739e-05,0.0003322580869965794,-0.3269770209136897,0.14587473665454107,-0.0018733423764138528,-0.002158664710152197,0.000744836700050655,-0.0006239430376808741,0.0028995241336815525,5548,683000000,2.85,0,2,4,-3.0479543004891125,0.6198035366077085,4.914873834186701,-3.0479543004891125,0.6198035366077085,4.914873834186701,217.47116875648499
-3.4934479233798426,0.5360142196544851,5.0,-4.5794637429281275,-0.7131312092310136,4.936711346171104,-0.9448925938941806,-0.00019047963531747115,0.00036061936659696476,-0.3273802371480417,0.14382874245232657,0.0012272157061766914,-0.0019929487324890456,0.0006498237041796529,-0.0004401771519724207,0.004802695457328809,5548,903000000,2.85,0,2,4,-3.0480803419396714,0.6178002986285468,4.915867361468799,-3.0480803419396714,0.6178002986285468,4.915867361468799,217.7459740638733
-3.5719899405559112,0.5913606251811727,5.0,-4.5531680383557935,-0.6913912208540314,4.936310998229369,-0.9446304638204743,-0.0002698617502349224,0.0003757425811681985,-0.32813575363630193,0.1136789033733763,0.004311958216228068,-0.001381640137863518,0.0003338838297395341,-2.0906820008548266e-05,0.006946496569071314,5549,123000000,2.83,0,2,4,-3.0499720430832,0.615469439186047,4.916890868056946,-3.0499720430832,0.615469439186047,4.916890868056946,218.04363346099854
-3.5719899405559112,0.5913606251811727,5.0,-4.538053048992707,-0.6780090996692861,4.936067729809165,-0.944368837324405,-0.0002925373802385732,0.0003385851839747059,-0.328887973134479,0.07113742087364108,0.005808600795589918,-0.0010050334100192698,0.00038572742653286696,0.0005181396943498839,0.007376493931587902,5549,387000000,2.77,0,2,4,-3.0542147076303596,0.6125461087364493,4.918108780605293,-3.0542147076303596,0.6125461087364493,4.918108780605293,218.30420517921448
-3.6569669959055218,0.635873106918289,5.0,-4.5318693709006,-0.671559477959211,4.935928825046676,-0.9441518854381923,-0.0003011734581763146,0.0002509726335405455,-0.3295103390347441,0.030554715686099253,0.007480623446192198,-0.0006465806287704954,0.00038273547602329927,0.0010882744732043648,0.007279507099156035,5549,602000000,2.71,0,2,4,-3.0592608756716784,0.6100435239728634,4.9191347976611794,-3.0592608756716784,0.6100435239728634,4.9191347976611794,218.51081562042236
-3.6569669959055218,0.635873106918289,5.0,-4.531659535240444,-0.6692616617811918,4.935817216556488,-0.9439304850728687,-0.00028811686594587777,0.00010754776197470183,-0.3301441272720886,-0.011489982439333362,0.009083685271715596,-0.0005105762427129016,0.000325624068864272,0.0015576469877487398,0.006283076345425798,5549,793000000,2.66,0,2,4,-3.063923760494733,0.6083334198985555,4.9199715637829495,-3.063923760494733,0.6083334198985555,4.9199715637829495,218.72072052955627
-3.746928586755153,0.6687150811805102,5.0,-4.536984007573829,-0.6711302527470107,4.935724504534694,-0.9437698690203844,-0.00027901624457833684,-4.127566095761442e-05,-0.330603016888082,-0.04497216035641147,0.011403109834871774,-0.0005185292807892676,0.00043432289942302305,0.0015730098652966262,0.004809152051166166,5549,985000000,2.6,0,2,4,-3.065386744407212,0.6103240487022228,4.9207595511466256,-3.065386744407212,0.6103240487022228,4.9207595511466256,218.92020344734192
-3.746928586755153,0.6687150811805102,5.0,-4.546928934534098,-0.6762065219634806,4.935631727273039,-0.9436655880508461,-0.0002662034760355022,-0.00018601780432202903,-0.33090051746973226,-0.0742130571285559,0.013354293334182116,-0.000532706086202817,0.00036639565905716154,0.0015267088770087867,0.0025220663701475132,5550,171000000,2.55,0,2,4,-3.060181776387303,0.6183690951347366,4.921200588712731,-3.060181776387303,0.6183690951347366,4.921200588712731,219.13021612167358
-3.840301083373493,0.6892405284284435,5.0,-4.559216102587042,-0.6830580205867074,4.935538937688699,-0.9436341613674668,-0.0002725976476069495,-0.00031629380661354553,-0.3309900227334171,-0.09732718110003638,0.015594340940622948,-0.0007055492027220553,0.0006563740441833943,0.001483321682371752,0.00010121035742827189,5550,344000000,2.52,0,2,4,-3.0488863050096517,0.6322997006868063,4.921358744912776,-3.0488863050096517,0.6322997006868063,4.921358744912776,219.39941906929016
-3.840301083373493,0.6892405284284435,5.0,-4.571817365764823,-0.6901407748377949,4.935448497691007,-0.9436405509678627,-0.0002717816080518001,-0.0004230967393095491,-0.33097168714706565,-0.10314390921691834,0.017724704591663216,-0.00067795509670526,0.0004004954064384947,0.0014068313021198264,-0.0004001119634722272,5550,509000000,2.51,0,2,4,-3.0346176651013024,0.6488235674142446,4.921296796779572,-3.0346176651013024,0.6488235674142446,4.921296796779572,219.62196254730225
-3.93541214837569,0.6970139234065245,5.0,-4.5858028600064555,-0.6973713257105706,4.935354792891476,-0.9436355858559803,-0.00028895637115610747,-0.0005098171409990856,-0.330985706182214,-0.08324710054696298,0.021060877726462333,-0.0007010014159174598,0.0006966421324250405,0.00027519351419869054,0.0013877664628125785,5550,649000000,2.51,0,2,4,-3.020019105842356,0.6655154892420766,4.921146383607728,-3.020019105842356,0.6655154892420766,4.921146383607728,219.79153037071228
-3.93541214837569,0.6970139234065245,5.0,-4.596355602098528,-0.7010923647499833,4.935257213046827,-0.9435764452840606,-0.0003443309727947116,-0.0005085928767968161,-0.3311542158489952,-0.050758412158824075,0.024739957085777243,-0.0006340953392736902,0.0006049720582268492,-0.0005910348136239918,0.0027287024749966804,5550,806000000,2.51,0,2,4,-3.004502120152561,0.683967553366888,4.92100457151869,-3.004502120152561,0.683967553366888,4.92100457151869,219.9743685722351
-3.93541214837569,0.6970139234065245,5.0,-4.60467927191808,-0.7008160368615545,4.935145469881836,-0.9434721140988073,-0.00043571701830412066,-0.00045361875954386534,-0.3314513151258084,-0.015369135906985715,0.02917475685349455,-0.0006018455756661186,0.0006679993930447381,-0.0009461530510179728,0.003455945852692821,5550,974000000,2.48,0,2,4,-2.9920802618294786,0.7001713674198734,4.920942764908914,-2.9920802618294786,0.7001713674198734,4.920942764908914,220.17702198028564
-4.030518550843147,0.6918271952261162,5.0,-4.608040973746036,-0.6971802405798716,4.9350557536498165,-0.9433657265450917,-0.0005075334828523524,-0.00039797131202985774,-0.33175396004968793,0.008940452055343228,0.032285946617019494,-0.0005958241691927149,0.0005744576981214777,-0.000942779286106088,0.0044113594412920065,5551,162000000,2.44,0,2,4,-2.9813039368500807,0.7168922215967595,4.92097473474437,-2.9813039368500807,0.7168922215967595,4.92097473474437,220.36779975891113
-4.030518550843147,0.6918271952261162,5.0,-4.608867274229123,-0.6909303512443367,4.934966467857356,-0.943219871402287,-0.0005712751138968545,-0.0003445391869723981,-0.3321683746676463,0.030127119777306883,0.0348373986581104,-0.0005927028932800222,0.000494207108658884,-0.0008506404412855773,0.00653174956823932,5551,321000000,2.4,0,2,4,-2.976201078952535,0.7277392162876393,4.9210690340444145,-2.976201078952535,0.7277392162876393,4.9210690340444145,220.5718183517456
-4.123837055971175,0.673713131509541,5.0,-4.6075422323365665,-0.6824419316869007,4.93488350335357,-0.9430038928572233,-0.0006368514534223134,-0.0002987909811087443,-0.3327809537823619,0.04763670073338828,0.037254203971610014,-0.000518738673705362,0.0005964316301287909,-0.0007893155554938858,0.009524055531073827,5551,481000000,2.35,0,2,4,-2.9738843025616806,0.7366192114809791,4.921224080508697,-2.9738843025616806,0.7366192114809791,4.921224080508697,220.76712155342102
-4.123837055971175,0.673713131509541,5.0,-4.6039789313777,-0.670670595553121,4.934794218570422,-0.94266307144433,-0.0007069345756092958,-0.0002479543699506749,-0.33374507112057566,0.06394687830188801,0.03938002759759326,-0.0005985537920979642,0.000503979930499554,-0.000805614678256461,0.012825062549381983,5551,651000000,2.28,0,2,4,-2.974137044803827,0.7437351176650934,4.921424850327951,-2.974137044803827,0.7437351176650934,4.921424850327951,220.97340559959412
-4.123837055971175,0.673713131509541,5.0,-4.59935687551442,-0.6586038886235878,4.934707421197183,-0.9422820201490549,-0.000771989112096326,-0.0002090607284161482,-0.33481928682535367,0.07482933480760276,0.041204595262101684,-0.000609961965244435,0.0006033567387930816,-0.0006762531143067463,0.015342902952397708,5551,834000000,2.16,0,2,4,-2.977118114051531,0.7499034842702171,4.921702634638608,-2.977118114051531,0.7499034842702171,4.921702634638608,221.19247603416443
-4.213577971504894,0.6429546640999306,5.0,-4.592952333225218,-0.6436049254797339,4.93460690661635,-0.9417843600277694,-0.0008273532376678872,-0.00016966380952474516,-0.33621645692603497,0.08474886603676669,0.04275904019954604,-0.0006863764557111639,0.000337610967449109,-0.0006034472392002499,0.01740852585498942,5551,992000000,2.04,0,2,4,-2.9818695252999,0.7539344882379563,4.9219984450986844,-2.9818695252999,0.7539344882379563,4.9219984450986844,221.38777422904968
-4.213577971504894,0.6429546640999306,5.0,-4.585524356914187,-0.627405396895069,4.934492686771291,-0.9412284943915901,-0.0008702501498299817,-0.00013293303779789162,-0.3377693685620775,0.09255555920978578,0.043862610152904796,-0.0007749614099014179,0.00028435383683245163,-0.0005194895493332297,0.01900374445540365,5552,162000000,1.87,0,2,4,-2.9894099925231226,0.7569928305461773,4.922369365513013,-2.9894099925231226,0.7569928305461773,4.922369365513013,221.58468794822693
-4.297980831351451,0.6000895134453678,5.0,-4.578330558852017,-0.6122485076073355,4.934387622316801,-0.9406973645403276,-0.000912863754575294,-0.00011216735837619145,-0.33924566680376494,0.0969839247105421,0.044810044986925104,-0.0007612540143807519,0.0004126236063939359,-0.0003794068874185541,0.020045137716806494,5552,337000000,1.69,0,2,4,-2.9989519243912772,0.7587175279698328,4.922775824043101,-2.9989519243912772,0.7587175279698328,4.922775824043101,221.77502584457397
-4.297980831351451,0.6000895134453678,5.0,-4.568868391805712,-0.5925962765260823,4.93426327912594,-0.9399960457704223,-0.000958361979209843,-9.678487697658953e-05,-0.34118397692590186,0.1010204025728549,0.045579120079207856,-0.0007337470428742585,0.00029395665990250563,-0.0002680507748209493,0.021024976558692288,5552,506000000,1.52,0,2,4,-3.0088989636507097,0.7592572544182928,4.923158750917283,-3.0088989636507097,0.7592572544182928,4.923158750917283,221.99917578697205
-4.297980831351451,0.6000895134453678,5.0,-4.559194627699875,-0.5724721613409777,4.934158080729971,-0.939272953481729,-0.0009780206183988079,-8.629308805538659e-05,-0.34316957162149797,0.10231227590406744,0.046265151523135865,-0.0006008944012231136,0.00011705149063345743,-0.0001309239038960186,0.021173681125219446,5552,711000000,1.3,0,2,4,-3.0230937724049394,0.7587508699929241,4.923650682447839,-3.0230937724049394,0.7587508699929241,4.923650682447839,222.2213544845581
-4.375351597002221,0.545909725712853,5.0,-4.5485047816926025,-0.5487832245664513,4.934063858584478,-0.9384894772991894,-0.0009930189907840087,-8.30104586119247e-05,-0.34530639730714774,0.0890072522830789,0.04678968307730632,-0.0005120569374188512,9.233262971974909e-05,-1.675613638951745e-05,0.014901878057571594,5552,907000000,1.08,0,2,4,-3.039027938010291,0.7570787354420792,4.924145824111569,-3.039027938010291,0.7570787354420792,4.924145824111569,222.47646021842957
-4.375351597002221,0.545909725712853,5.0,-4.54387071484933,-0.533678152454517,4.9339852989873645,-0.9381885957802115,-0.000998749272414904,-9.062559631864284e-05,-0.346123031644597,0.06133319425664663,0.047478588247346645,-0.0006130280586055556,8.125177544116013e-05,7.8832164973619e-05,0.006254247318793205,5553,141000000,0.84,0,2,4,-3.060073366737298,0.7537801138614217,4.924728909643152,-3.060073366737298,0.7537801138614217,4.924728909643152,222.68622422218323
-4.4441006615415,0.4814557117933096,5.0,-4.545233562944547,-0.5222434116772938,4.933830799874087,-0.9382317356923112,-0.0009854923509603946,-0.00014943130916908692,-0.34600609332048327,0.005656000585789044,0.04826063626466557,-0.0011308690929286561,7.766598884018094e-05,0.0009161644868527219,-0.006487910286523402,5553,335000000,0.76,0,2,4,-3.076047687355562,0.751325264437226,4.925158262317985,-3.076047687355562,0.751325264437226,4.925158262317985,222.8895239830017
-4.4441006615415,0.4814557117933096,5.0,-4.553684910172483,-0.5179328385075417,4.933583351675712,-0.9385524152214737,-0.0009531021747603036,-0.00025687747199305675,-0.3451353205514429,-0.042216318082303264,0.049000154224073764,-0.0017561831063014513,7.497013854163015e-05,0.0014325370557344286,-0.012897907163278433,5553,521000000,0.77,0,2,4,-3.0902850692422366,0.7518849057000774,4.925535119134926,-3.0902850692422366,0.7518849057000774,4.925535119134926,223.08172059059143
-4.502780852147916,0.40800449104564396,5.0,-4.5683908826426896,-0.5187969021642244,4.93322994324046,-0.9390419187999244,-0.0009375944825573408,-0.0003972138124402624,-0.3438011603737395,-0.08519389301339705,0.049273276853231976,-0.002322775891096938,0.00040182170835123543,0.001572985331677046,-0.017846322771220002,5553,698000000,0.87,0,2,4,-3.0972402144022753,0.7577050777988023,4.925720771115999,-3.0972402144022753,0.7577050777988023,4.925720771115999,223.28637266159058
-4.502780852147916,0.40800449104564396,5.0,-4.593694293067308,-0.5259532658668216,4.932663118565498,-0.9398275832059373,-0.0008979798724945782,-0.0005734551026855233,-0.34164744785623763,-0.12844205807136128,0.04893336893376793,-0.003027163880555433,0.00017083138175166823,0.0016705683606232924,-0.022843016085971612,5553,888000000,1.02,0,2,4,-3.098624120663334,0.7685364122726623,4.925776112663478,-3.098624120663334,0.7685364122726623,4.925776112663478,223.51782965660095
-4.502780852147916,0.40800449104564396,5.0,-4.618795839503507,-0.5355374605030331,4.932119830142934,-0.9405579025424144,-0.0008614118088432147,-0.0007173004722619007,-0.3396315288879139,-0.15201408987318166,0.04796766416718857,-0.0033624583344184383,0.00014167097930339878,0.0016250862131528265,-0.02449618750688387,5554,100000000,1.27,0,2,4,-3.093937353385866,0.7874646158816069,4.9256680191614155,-3.093937353385866,0.7874646158816069,4.9256680191614155,223.7428252696991
-4.55012454847181,0.3270519548461499,5.0,-4.6391031962892075,-0.5437073483890272,4.931700571455514,-0.94104443042813,-0.000809446687620338,-0.0007997214745754865,-0.3382810742589943,-0.14509051627959157,0.04722042591259995,-0.0030754871978372375,-0.0003921755563851548,0.0011856711807922693,-0.017340366503049154,5554,286000000,1.5,0,2,4,-3.0859721961803714,0.8065693820361897,4.9254525512708955,-3.0859721961803714,0.8065693820361897,4.9254525512708955,223.94649863243103
-4.55012454847181,0.3270519548461499,5.0,-4.663052272230578,-0.5525038792997917,4.931235854478544,-0.9414533620412722,-0.0007601105352153434,-0.000842855004186834,-0.3371413337587091,-0.11959603401605545,0.046556352924743825,-0.002547315288906845,-0.0003330722108785267,5.396025883896982e-05,-0.009993234107241733,5554,432000000,1.66,0,2,4,-3.0783109604252084,0.8226790218604285,4.925246520127133,-3.0783109604252084,0.8226790218604285,4.925246520127133,224.11934399604797
-4.585078969668523,0.2402890951575203,5.0,-4.6807906727151165,-0.5575027008124697,4.930902284840962,-0.9416743488400081,-0.0007255984357073381,-0.0008016100961218144,-0.3365237757795285,-0.09356700718862102,0.04579941257984933,-0.0020636609944832645,-0.0006331667577796907,-0.0005848136481745314,-0.007040613718345412,5554,600000000,1.79,0,2,4,-3.07056709150254,0.8414023447550835,4.925010823235692,-3.07056709150254,0.8414023447550835,4.925010823235692,224.30295300483704
-4.585078969668523,0.2402890951575203,5.0,-4.693763281884857,-0.5598919482147404,4.930669712089241,-0.9418225990556505,-0.0007120219424335464,-0.0007422786402322131,-0.33610881267118387,-0.07326983663836978,0.04523612867615648,-0.0016162905229050607,-0.0003873379085916895,-0.0008191299457394052,-0.005762103546658182,5554,762000000,1.87,0,2,4,-3.0675893445234492,0.8543956620976022,4.924844292843022,-3.0675893445234492,0.8543956620976022,4.924844292843022,224.48634791374207
-4.585078969668523,0.2402890951575203,5.0,-4.707400292601752,-0.5606339664819115,4.930454292017802,-0.9419672918041436,-0.0007079184849223334,-0.0006584910154376974,-0.3357032713754341,-0.051301818519516006,0.0442188028597303,-0.0010837763731591356,-0.00033337007323552825,-0.0008598606711984758,-0.003805041092164174,5554,910000000,1.91,0,2,4,-3.0680420176360492,0.8629131013810183,4.924736484140111,-3.0680420176360492,0.8629131013810183,4.924736484140111,224.7304184436798
-4.6068386358912825,0.14957229017972345,5.0,-4.718133224154793,-0.5592419255340156,4.930323466288967,-0.9420349488575195,-0.0007067059422632766,-0.0005793630091575035,-0.3355135169202949,-0.032822423697893136,0.043251002617061884,-0.0006160440823260312,-0.0002875418914527472,-0.0007768741113522992,-0.0010292420824953297,5555,95000000,1.96,0,2,4,-3.0724084236479476,0.8702545559784566,4.924645966619424,-3.0724084236479476,0.8702545559784566,4.924645966619424,224.92530465126038
-4.6068386358912825,0.14957229017972345,5.0,-4.725577851447887,-0.5564715061743062,4.930264875762078,-0.9420311594598878,-0.0007169089631832899,-0.0005189854454153437,-0.33552423355445643,-0.01860409535503333,0.04246550464747324,-0.0003257091921229015,-7.999511524303671e-05,-0.0007320093061480293,0.0010680627156034461,5555,260000000,1.99,0,2,4,-3.0805174738640235,0.8740083825160886,4.924591792468293,-3.0805174738640235,0.8740083825160886,4.924591792468293,225.11317229270935
-4.614873984444279,0.056887900766473605,5.0,-4.731334602563401,-0.5525252841159158,4.930246321611004,-0.9419784182686712,-0.0007296511687534599,-0.000465102488010137,-0.3356723265401835,-0.007100026302632449,0.04126015432812427,-7.906073090018122e-05,-7.215041009089873e-05,-0.0006479809940174164,0.0026675132403397583,5555,433000000,1.99,0,2,4,-3.090450149520757,0.8746847990237873,4.924569536933015,-3.090450149520757,0.8746847990237873,4.924569536933015,225.28186702728271
-4.614873984444279,0.056887900766473605,5.0,-4.73566742979783,-0.5476790355695819,4.930268136807451,-0.9418859084208899,-0.0007323415657388942,-0.0004134552020887768,-0.3359318803697882,0.002610101288021487,0.03999365087878875,0.00020866926675196782,-0.00024007201204767625,-0.000607070779778951,0.0041410387893847656,5555,586000000,1.97,0,2,4,-3.1026290837274604,0.8730951782394895,4.924569847611825,-3.1026290837274604,0.8730951782394895,4.924569847611825,225.45259928703308
-4.614873984444279,0.056887900766473605,5.0,-4.738457562093058,-0.5428535413048355,4.930324854632885,-0.941774994201255,-0.0007159043612930501,-0.0003648742624299076,-0.3362427912163235,0.009387553169934244,0.03863586806614684,0.0004551399376820118,-0.0005653829703078372,-0.0005502486828845576,0.005184928750168183,5555,747000000,1.95,0,2,4,-3.116707744679418,0.8695590248654907,4.924588471648842,-3.116707744679418,0.8695590248654907,4.924588471648842,225.616446018219
-4.608955120236752,-0.03568839499673635,5.0,-4.740686562880004,-0.536872332663875,4.930428681516772,-0.9416219758251536,-0.000689694020237878,-0.00031269342890140117,-0.33667117665180646,0.015842283795526015,0.03692343916974641,0.000709142885387928,-0.0004929650799567753,-0.0004708187844926215,0.006129024450274301,5555,897000000,1.93,0,2,4,-3.1323637077018556,0.8643620872355237,4.9246136695397205,-3.1323637077018556,0.8643620872355237,4.9246136695397205,225.7814655303955
-4.608955120236752,-0.03568839499673635,5.0,-4.742020306114451,-0.530497157576619,4.930570013161685,-0.9414464483321006,-0.0006666914700620317,-0.0002684182253641374,-0.33716178371371414,0.021339357741913388,0.03540700337213877,0.0009361379114296242,-0.00042655190668483556,-0.0003931330525119847,0.006817679377491004,5556,47000000,1.87,0,2,4,-3.1471541568180825,0.8585620161428171,4.924639323866507,-3.1471541568180825,0.8585620161428171,4.924639323866507,225.95312523841858
-4.608955120236752,-0.03568839499673635,5.0,-4.742565372020793,-0.5246808305254244,4.930717906247584,-0.9412825626052657,-0.0006407025113189459,-0.00023441756955149736,-0.33761912250931364,0.024945942525474944,0.03373324740514165,0.0010557418463989852,-0.000549972776298091,-0.0002821808493536082,0.006987167898842017,5556,205000000,1.81,0,2,4,-3.16507578842343,0.8506834401250677,4.924663577172395,-3.16507578842343,0.8506834401250677,4.924663577172395,226.1435203552246
-4.589169708118952,-0.12603691933330227,5.0,-4.742550503890458,-0.5170719411830336,4.930926806649401,-0.9410688892796022,-0.0006046872659735106,-0.00020020510583829214,-0.3382143401768794,0.028616937756135073,0.0315414836586079,0.0011700506756569767,-0.00046582212007706403,-0.00018758361761683773,0.007054475872791954,5556,353000000,1.76,0,2,4,-3.1814991886138237,0.8427589237893597,4.9246872991442405,-3.1814991886138237,0.8427589237893597,4.9246872991442405,226.33224630355835
-4.589169708118952,-0.12603691933330227,5.0,-4.741957045534927,-0.5102421906348475,4.931128087861207,-0.9408774007458384,-0.0005765316204584332,-0.00017682922108941483,-0.33874673888979656,0.031239449596674258,0.029689224044308755,0.0012602430750541552,-0.00040034360893059784,-0.00013950226787073916,0.007084833987391903,5556,518000000,1.7,0,2,4,-3.2034087466653216,0.8313977198362549,4.924724682265475,-3.2034087466653216,0.8313977198362549,4.924724682265475,226.50850582122803
-4.555934074211958,-0.21204316808162715,5.0,-4.740906897908583,-0.5034435455102587,4.931342414179814,-0.9406898548541349,-0.0005519246604379698,-0.00015795412978828605,-0.3392672507097741,0.03282638890207606,0.027481716479832146,0.0013408713929787452,-0.0003437200007283536,-0.00010820360074603741,0.006742529421899235,5556,678000000,1.64,0,2,4,-3.2230486985316813,0.820774045550205,4.924763429615415,-3.2230486985316813,0.820774045550205,4.924763429615415,226.68725609779358
-4.555934074211958,-0.21204316808162715,5.0,-4.739277843487257,-0.49596273147000874,4.931597359882546,-0.9404876600834122,-0.000528143323001699,-0.00014063056723092254,-0.3398274010707521,0.034068532705979,0.025092036193779144,0.001421403485387579,-0.0002891787318048955,-8.452336217601442e-05,0.006534018393722363,5556,843000000,1.58,0,2,4,-3.2415638728830936,0.8107268971468188,4.924805095228613,-3.2415638728830936,0.8107268971468188,4.924805095228613,226.87066197395325
-4.555934074211958,-0.21204316808162715,5.0,-4.737901944874153,-0.48821647725074935,4.931897815467906,-0.9403242287984063,-0.00047102582056652426,-0.00011688814465783212,-0.340279457514732,0.014468268159813166,0.021210438003662506,0.0011600436000347124,-0.0005523187212475023,0.00037799661356530123,0.001534699481453572,5557,17000000,1.52,0,2,4,-3.2595516694763895,0.8014101438638268,4.924847887943966,-3.2595516694763895,0.8014101438638268,4.924847887943966,227.11078429222107
-4.509996677017998,-0.29164985758713996,5.0,-4.740292970287803,-0.4865836345571747,4.932021328006291,-0.9403595208342705,-0.0004132318607744403,-0.00017109177931159855,-0.3401819682807616,-0.022403327421000513,0.018799803379245125,0.0006140098992062235,-0.0004804450099982205,0.0013919837442699645,-0.003525580336827261,5557,237000000,1.49,0,2,4,-3.274821575688814,0.7952877704709741,4.924868634083506,-3.274821575688814,0.7952877704709741,4.924868634083506,227.28273391723633
-4.509996677017998,-0.29164985758713996,5.0,-4.748986201724663,-0.48975829888128825,4.93204154661393,-0.9405378094472449,-0.0003255268009042158,-0.0002980129935024441,-0.33968873137143596,-0.07269283888296516,0.01603440217752142,-0.00047667952394214096,-0.0004012041074474837,0.0018100192392012104,-0.007669914475627593,5557,392000000,1.51,0,2,4,-3.2800916805584976,0.7949312819803036,4.924854332354821,-3.2800916805584976,0.7949312819803036,4.924854332354821,227.5166630744934
-4.509996677017998,-0.29164985758713996,5.0,-4.768295437595822,-0.5018161802167812,4.931794627068834,-0.9408338596386656,-0.00018874492970546113,-0.00046834660217359773,-0.33886781137225647,-0.12707824862962663,0.01179011128877427,-0.001747292746911644,-0.0006461698717430409,0.0018789128603202698,-0.007567540069430834,5557,557000000,1.58,0,2,4,-3.28214348390966,0.7981030832857946,4.924802167731732,-3.28214348390966,0.7981030832857946,4.924802167731732,227.77683806419373
-4.452433238747426,-0.36291068388312064,5.0,-4.797295797952063,-0.5227714068652803,4.931318073536897,-0.9411002771871093,-5.296307815375994e-05,-0.0006431683048640443,-0.33812697586526536,-0.16185655208338937,0.007908158580942877,-0.002330707280454603,-0.0005134364300829475,0.0015473517464670294,-0.005124074004925205,5557,793000000,1.68,0,2,4,-3.278360680380811,0.806702148100801,4.924654299978571,-3.278360680380811,0.806702148100801,4.924654299978571,228.02768182754517
-4.452433238747426,-0.36291068388312064,5.0,-4.822901942865168,-0.5421473069739337,4.930927928055905,-0.941207632921062,3.336600054369812e-05,-0.0007469116829607852,-0.337827815226602,-0.15842180421030674,0.005667653083347459,-0.002012460600531785,-0.0004222434142775455,0.00100688805559912,-0.0018292632944394427,5558,27000000,1.77,0,2,4,-3.2674540505995457,0.820868323154248,4.924380087597244,-3.2674540505995457,0.820868323154248,4.924380087597244,228.24258971214294
-4.3846329938375295,-0.42404446706870175,5.0,-4.843384444978503,-0.5579758419915662,4.930648642963043,-0.9411973294648404,6.927224156224855e-05,-0.000744807918205118,-0.33785651905916275,-0.13127629855211265,0.003524815548296306,-0.001544610432116101,-0.0003510204948042883,-0.00043293948692735285,0.001752628213580465,5558,227000000,1.8,0,2,4,-3.2543790915354878,0.8351563102906575,4.924091460484402,-3.2543790915354878,0.8351563102906575,4.924091460484402,228.4396321773529
-4.3846329938375295,-0.42404446706870175,5.0,-4.861554832600703,-0.5722991461736001,4.9304325077287725,-0.9411032139845759,8.780103273614093e-05,-0.0006581731904465112,-0.3381187657124809,-0.10204030896223866,0.0017073355530135988,-0.0009724628070832438,-0.00046915743610043137,-0.0009281849827402766,0.0034838450574170565,5558,410000000,1.79,0,2,4,-3.2445576462285386,0.8455512651002434,4.923865098092689,-3.2445576462285386,0.8455512651002434,4.923865098092689,228.64371514320374
-4.308275714869883,-0.4734882085347663,5.0,-4.872789720959504,-0.5814650633376052,4.930322694902033,-0.9409840425325504,0.00010437527737887034,-0.0005671479220974607,-0.33845043824485616,-0.08100374286110842,-0.0004598355343035018,-0.0006486804877840077,-0.0005562189073771151,-0.0010268236792398966,0.005022182176617207,5558,600000000,1.75,0,2,4,-3.2393085599599662,0.8514260143673447,4.923689359852061,-3.2393085599599662,0.8514260143673447,4.923689359852061,228.81595921516418
-4.308275714869883,-0.4734882085347663,5.0,-4.880453701953348,-0.5880478007043257,4.930261957804159,-0.9408599051601638,0.00011485821087833762,-0.0004884870260126085,-0.3387954944358383,-0.06476627443347631,-0.002093907507054256,-0.0003953816829421708,-0.00048746800302978954,-0.0009790627018446685,0.005321759317666874,5558,762000000,1.7,0,2,4,-3.239084854006683,0.8520606424216076,4.923589620918031,-3.239084854006683,0.8520606424216076,4.923589620918031,228.97911953926086
-4.308275714869883,-0.4734882085347663,5.0,-4.887647525479249,-0.5947924052119219,4.930232930672566,-0.9406954443700889,0.0001335771815951841,-0.00039151455607458013,-0.3392519857198327,-0.04594683523650568,-0.004637365392791444,-3.391208071069848e-05,-0.0005834934313497797,-0.0009157804811366077,0.005439113328975509,5558,915000000,1.66,0,2,4,-3.2414050901362974,0.8499960282224095,4.923534967063689,-3.2414050901362974,0.8499960282224095,4.923534967063689,229.17040395736694
-4.225299414513357,-0.5099474716281459,5.0,-4.891727375682418,-0.5994010902994267,4.930258759222859,-0.940552037687073,0.00015073298131924775,-0.00031147963647472197,-0.33964944378388007,-0.03134254552227542,-0.006948731489592791,0.0002733841040580091,-0.0005017343539748254,-0.0008212823900066724,0.005125178813614184,5559,82000000,1.6,0,2,4,-3.247300323565484,0.8441395566915837,4.923496363127699,-3.247300323565484,0.8441395566915837,4.923496363127699,229.37765336036682
-4.225299414513357,-0.5099474716281459,5.0,-4.894067621449532,-0.6032470165890031,4.930333583500489,-0.9404016705478236,0.00017674765918742225,-0.00022656650649015655,-0.3400656046393776,-0.017123604736283486,-0.009095491334846988,0.0004950739533498307,-0.0005918214185385295,-0.000760353486839449,0.004746257309307111,5559,252000000,1.55,0,2,4,-3.2548767904141562,0.8363186811729214,4.923476008157026,-3.2548767904141562,0.8363186811729214,4.923476008157026,229.582093000412
-4.137858892742297,-0.5324424153764127,5.0,-4.894286369525297,-0.6058779580019039,4.930441388215238,-0.9402694141543648,0.00020086743720633152,-0.00014975565178038144,-0.3404311472696427,-0.004425894229755655,-0.011691060783922206,0.0006739121829501995,-0.0004984102304206317,-0.0006631141047819256,0.0039679692235949915,5559,423000000,1.5,0,2,4,-3.265583517953863,0.8250661280029145,4.923476211431259,-3.265583517953863,0.8250661280029145,4.923476211431259,229.7938072681427
-4.137858892742297,-0.5324424153764127,5.0,-4.892285452341759,-0.6076057901047963,4.930595476306187,-0.9401509460272617,0.00022312062028087765,-7.75630345831616e-05,-0.3407581882878375,0.0077879645995303625,-0.014210600471849869,0.0008470015032039371,-0.0004763950556707641,-0.000553769172029206,0.003115646336482314,5559,608000000,1.46,0,2,4,-3.2780706173076153,0.8116437307249532,4.923492515254833,-3.2780706173076153,0.8116437307249532,4.923492515254833,230.01846361160278
-4.137858892742297,-0.5324424153764127,5.0,-4.889130972522106,-0.6082147314391223,4.930742033456034,-0.9400801638087285,0.00025988804452427815,-1.4239665990450109e-05,-0.3409533954498626,0.016825030496577388,-0.016684263356611766,0.0009680561222567641,-0.0006862453744815866,-0.0005957589451099921,0.0022472006094176322,5559,804000000,1.42,0,2,4,-3.2935042037726925,0.7946597060272065,4.9235205083581794,-3.2935042037726925,0.7946597060272065,4.9235205083581794,230.22749710083008
-4.048275596775072,-0.5403477738975248,5.0,-4.884712758510523,-0.6082407386545314,4.9309072498371105,-0.940029629803852,0.0002917290813809308,4.651118843720226e-05,-0.34109266749914974,0.02467366090800811,-0.018788787023077905,0.00107589010698386,-0.00058810758787331,-0.0005546903253161872,0.0015109703213056491,5559,977000000,1.39,0,2,4,-3.30835795036545,0.7778752207371853,4.923554041130754,-3.30835795036545,0.7778752207371853,4.923554041130754,230.40430283546448
-4.048275596775072,-0.5403477738975248,5.0,-4.8784512485995855,-0.6076756189195293,4.931113280286765,-0.9399985508727864,0.0003213101575127464,0.00010668760487371613,-0.34117826679699137,0.0320739485050557,-0.020857622678150174,0.001183545494468352,-0.0004938587437663955,-0.00047999654952946,0.0005429841394288815,5560,132000000,1.38,0,2,4,-3.3203481306075138,0.7640243226268152,4.923585174408705,-3.3203481306075138,0.7640243226268152,4.923585174408705,230.59890913963318
-3.9589795805588652,-0.5334250886383893,5.0,-4.870046616486252,-0.6064334834051495,4.931364663492722,-0.940007486896073,0.00034840709614224023,0.00016289920692278965,-0.3411535968675588,0.03983956564393094,-0.02337389255632664,0.0012884792832868579,-0.00040619327705826436,-0.0003976114442139078,-0.0009014206796109647,5560,302000000,1.38,0,2,4,-3.336181606534336,0.7453995977306407,4.923631124775686,-3.336181606534336,0.7453995977306407,4.923631124775686,230.82980132102966
-3.9589795805588652,-0.5334250886383893,5.0,-4.861290941466049,-0.6048425972444658,4.931608941192335,-0.9400525568086542,0.00036865174936758774,0.00020487895667623888,-0.34102934266425317,0.04566715120723809,-0.025286266953931536,0.001371462139272278,-0.00034029060884677165,-0.00033203481279997504,-0.0018428174030304945,5560,509000000,1.39,0,2,4,-3.3539967449258374,0.7240185008035405,4.923690455853421,-3.3539967449258374,0.7240185008035405,4.923690455853421,231.04822254180908
-3.8724446829733865,-0.5118455734870044,5.0,-4.8515073415879355,-0.6028560860486327,4.931860550911741,-0.9401264541652145,0.0003967098247137486,0.00024737802112429196,-0.3408255148960687,0.051527821339778034,-0.02732647860819522,0.0013542194232490444,-0.00045301524380647606,-0.0003418049999481809,-0.002846204279194353,5560,680000000,1.42,0,2,4,-3.3685029363770984,0.7055927617900639,4.923762091630821,-3.3685029363770984,0.7055927617900639,4.923762091630821,231.2808701992035
-3.8724446829733865,-0.5118455734870044,5.0,-4.8432576325830095,-0.601901108688895,4.932074114628824,-0.9401368755886623,0.0004317840124210324,0.00028444476427097665,-0.34079669571774135,0.03579927804476753,-0.02942866830548082,0.0012470539193288129,-0.0005577725914918119,-0.00024013741324324656,0.0014454087477133726,5560,865000000,1.45,0,2,4,-3.379896222187622,0.6894165194404809,4.9238267350504605,-3.379896222187622,0.6894165194404809,4.9238267350504605,231.46239686012268
-3.8724446829733865,-0.5118455734870044,5.0,-4.838010882267773,-0.6039468816946919,4.932236592713438,-0.9400052087235612,0.0004901499808502068,0.00027366568406930357,-0.34115962896078955,-0.003921460880128154,-0.03219174379196734,0.0006518435665498667,-0.0006571812207312178,0.001025967560508434,0.008094735585473245,5561,28000000,1.47,0,2,4,-3.385912233192523,0.6782618515712507,4.923844934704334,-3.385912233192523,0.6782618515712507,4.923844934704334,231.6379256248474
-3.7911183791804586,-0.47620212986063115,5.0,-4.8378342440147675,-0.6108063398235951,4.9322850843924275,-0.939713889506214,0.0005833906646421299,0.000188169381510671,-0.34196115293512386,-0.04616066245791346,-0.034711957393274,-8.036177717489333e-05,-0.0007445207245382335,0.0016363075701519847,0.012561885068862466,5561,192000000,1.43,0,2,4,-3.3867763875668886,0.6712350650797099,4.9237953151004925,-3.3867763875668886,0.6712350650797099,4.9237953151004925,231.81884050369263
-3.7911183791804586,-0.47620212986063115,5.0,-4.844019270895098,-0.6254396075144392,4.932191268696967,-0.9392164336802868,0.0007057334838973107,5.1377971393466824e-05,-0.343324904435197,-0.09176046388569203,-0.0371839453436683,-0.0009250417108404619,-0.0006212433220298408,0.0017144164189630828,0.01599935258127516,5561,355000000,1.34,0,2,4,-3.3826049672618232,0.6681946879989555,4.923671195117671,-3.3826049672618232,0.6681946879989555,4.923671195117671,232.028959274292
-3.7911183791804586,-0.47620212986063115,5.0,-4.856065487586006,-0.64568256814888,4.9319499911983655,-0.9385861180600155,0.0007892583751957772,-0.00010075863308839475,-0.3450441506589348,-0.1278747218689129,-0.03919656967347736,-0.0016610478060234512,-0.00024714410216120086,0.0017013314277392055,0.019856147810060065,5561,548000000,1.18,0,2,4,-3.3710799995204472,0.6693696436435906,4.923414704538877,-3.3710799995204472,0.6693696436435906,4.923414704538877,232.2464940547943
-3.717348085883062,-0.427509234340068,5.0,-4.871915569344648,-0.6696438682483891,4.9316311976763165,-0.9378860379310785,0.0008941418853255803,-0.0002407330030148215,-0.3469422465077631,-0.14550479894194118,-0.0400030754162198,-0.0018611438969241025,-0.00034388545202546084,0.00159307676312892,0.02010112439165823,5561,746000000,0.97,0,2,4,-3.353305437637762,0.6754340364363424,4.923014159965834,-3.353305437637762,0.6754340364363424,4.923014159965834,232.46863961219788
-3.717348085883062,-0.427509234340068,5.0,-4.884200601614067,-0.6886222176119826,4.9313940191987,-0.9374430046133508,0.000920899072720968,-0.00032024234434762744,-0.3481374189759437,-0.12715152174591243,-0.0398610489115087,-0.0015615804125991206,8.433086122749955e-05,0.0006972179562581005,0.013165981545171235,5561,948000000,0.74,0,2,4,-3.330728599697991,0.6852449273813374,4.922508398378173,-3.330728599697991,0.6852449273813374,4.922508398378173,232.64752793312073
-3.653306005244452,-0.36718969756849185,5.0,-4.894681823047247,-0.7071272693030959,4.931179477065391,-0.9371167569502916,0.0009168391412283001,-0.000327417822504116,-0.349014664515012,-0.09495149315361336,-0.03967284875797156,-0.0012439168700170155,6.980723341598605e-05,-0.0004876402044828865,0.008205524045479251,5562,114000000,0.6,0,2,4,-3.3115305790363614,0.6938959498457319,4.922115969462594,-3.3115305790363614,0.6938959498457319,4.922115969462594,232.83038067817688
-3.653306005244452,-0.36718969756849185,5.0,-4.900121774129146,-0.7202146646188861,4.931021726372349,-0.936921113433449,0.0008801288328330176,-0.0002736431434225222,-0.3495396654105137,-0.06582759127654658,-0.03950731826946034,-0.001060542557051415,0.00023119780081515273,-0.0009666968708188506,0.006194274419613066,5562,283000000,0.5,0,2,4,-3.2928668924673703,0.7009741381662498,4.921757371460753,-3.2928668924673703,0.7009741381662498,4.921757371460753,233.01059651374817
-3.600914859085754,-0.2970476397843563,5.0,-4.902197185305412,-0.7303709096063491,4.930888085655549,-0.9367786836347297,0.0008437898922592153,-0.00019571476164525694,-0.3499213448790065,-0.039006322784997924,-0.03940483267316395,-0.0008367498064348619,2.7052761808477044e-05,-0.0011243384392400912,0.004120672747376375,5562,449000000,0.44,0,2,4,-3.279771743385997,0.7041482794305263,4.921532528566354,-3.279771743385997,0.7041482794305263,4.921532528566354,233.19034624099731
-3.600914859085754,-0.2970476397843563,5.0,-4.901218107317696,-0.7378649966224516,4.930790073709884,-0.9367002885720013,0.0008009420832819471,-0.00011367849620375791,-0.3501312824614622,-0.015171144103509929,-0.03934990585547039,-0.0005539701946973906,0.000197525184830738,-0.001153759274075128,0.0015742634218440799,5562,612000000,0.4,0,2,4,-3.269735376115528,0.7046389011956081,4.921393397669775,-3.269735376115528,0.7046389011956081,4.921393397669775,233.36545252799988
-3.600914859085754,-0.2970476397843563,5.0,-4.896874949848223,-0.7434452694847128,4.930723920166622,-0.9367052156347768,0.0007598616862026341,-1.9082848930641405e-05,-0.3501182103928171,0.009203713171949518,-0.039072230361768816,-0.00033111953373666543,-2.329998416428225e-06,-0.001128374151448952,-0.0016888743061826972,5562,772000000,0.39,0,2,4,-3.262372983526744,0.7027864928387395,4.92134184752046,-3.262372983526744,0.7027864928387395,4.92134184752046,233.54197216033936
-3.56177707900695,-0.2192274424343797,5.0,-4.8904288479270255,-0.7460878223330752,4.930685639246457,-0.9367971223782074,0.0007184925235380337,6.043376923329662e-05,-0.3498723075925882,0.02835347092510218,-0.038719250781288836,-0.00025453505063000135,0.00016857272129300327,-0.0010935856266769406,-0.004519130152402795,5562,937000000,0.39,0,2,4,-3.2568754350740914,0.6983002468144721,4.921379643745322,-3.2568754350740914,0.6983002468144721,4.921379643745322,233.73798489570618
-3.56177707900695,-0.2192274424343797,5.0,-4.8818750015641665,-0.7468243855471256,4.930656503841032,-0.9369596090514207,0.0006776277951796343,0.0001339883189629855,-0.34943699557131924,0.044955331080767005,-0.03830669751808964,-0.00019816397571002466,0.00014564667907279727,-0.0009939957294591295,-0.0068265041591075715,5563,113000000,0.42,0,2,4,-3.25404027531779,0.6925910327135748,4.921478596633646,-3.25404027531779,0.6925910327135748,4.921478596633646,233.9143316745758
-3.56177707900695,-0.2192274424343797,5.0,-4.870064287922,-0.7456362233046151,4.930634110350529,-0.9372135196764295,0.0006374654102555922,0.00020716072201788544,-0.34875545767486554,0.06172206019433728,-0.037546431438700734,-0.00014324646482954628,0.00012381006229134073,-0.0008593462666794949,-0.009181724635709543,5563,276000000,0.47,0,2,4,-3.252836124847996,0.685511456984815,4.9216304120832115,-3.252836124847996,0.685511456984815,4.9216304120832115,234.09312200546265
-3.537110163093061,-0.13615891042552986,5.0,-4.857868399508049,-0.7429569042567373,4.930622932008052,-0.9374927080847638,0.0006033469609325246,0.0002725196586338103,-0.3480042873203951,0.0744590868926924,-0.03670069580381394,-0.00010148063820179794,0.00010819473743595154,-0.000979173898940644,-0.010636340812197886,5563,438000000,0.55,0,2,4,-3.253137472951532,0.6761956054452408,4.921857887324511,-3.253137472951532,0.6761956054452408,4.921857887324511,234.26782608032227
-3.537110163093061,-0.13615891042552986,5.0,-4.844346337508864,-0.7389889256283005,4.930619610969063,-0.9378052047803855,0.0005688696704130791,0.00034248844793809146,-0.34716128380880823,0.0850764231260959,-0.03592051350058846,-6.590183135046004e-05,9.50377156527793e-05,-0.0009568327527631482,-0.011704669395840028,5563,601000000,0.64,0,2,4,-3.254564046796948,0.6670376024940642,4.922105161197991,-3.254564046796948,0.6670376024940642,4.922105161197991,234.4515242576599
-3.537110163093061,-0.13615891042552986,5.0,-4.829703155437716,-0.7338878669827927,4.930623778554359,-0.9381411227951755,0.0005373551510653705,0.0004076911975731949,-0.3462524783419412,0.09468917760201911,-0.03469901109873088,-3.450199562214525e-05,8.364591295162427e-05,-0.0008608956875377771,-0.012419140148267616,5563,766000000,0.74,0,2,4,-3.256890291444129,0.6572379489152845,4.922388623314506,-3.256890291444129,0.6572379489152845,4.922388623314506,234.6369128227234
-3.527690969900185,-0.05048940568249943,5.0,-4.808038308330729,-0.7251838756615314,4.930640911499758,-0.9386232140995378,0.0005004796345127458,0.0004844590587504567,-0.34494343996227694,0.10558645684908259,-0.03291150755870707,3.9337457248467555e-06,7.017306060674855e-05,-0.0007036533304471959,-0.01282214707316598,5563,934000000,0.85,0,2,4,-3.259952583358912,0.646949311252071,4.922693863940183,-3.259952583358912,0.646949311252071,4.922693863940183,234.88039326667786
-3.527690969900185,-0.05048940568249943,5.0,-4.785007297104652,-0.7149076330081202,4.9306701510720945,-0.9391064095533974,0.00046838388268572665,0.0005453439100143715,-0.3436257189912955,0.11325310454831658,-0.03120199183272303,3.846467900924779e-05,0.00031038905774494197,-0.0005884730569505336,-0.012455378509912407,5564,147000000,1.01,0,2,4,-3.2650620756227364,0.6323861049949732,4.923141912049163,-3.2650620756227364,0.6323861049949732,4.923141912049163,235.1270308494568
-3.5338116804435082,0.03499572415445523,5.0,-4.759578974452192,-0.7028975603241718,4.930712954934619,-0.9395698911856958,0.0004038710450776352,0.0005958016457384643,-0.34235639542131757,0.10852799686517726,-0.029114170457283893,5.113540783726765e-05,0.00020145442221064513,-0.0004621544889005236,-0.008715721560292877,5564,376000000,1.18,0,2,4,-3.2709230729774084,0.6176515347475459,4.9236183905556254,-3.2709230729774084,0.6176515347475459,4.9236183905556254,235.38356137275696
-3.5338116804435082,0.03499572415445523,5.0,-4.743180534592246,-0.6959037285929213,4.930736091997173,-0.9397147653698172,0.00038418787960659207,0.0006112761567434,-0.341958533285956,0.0830689905284999,-0.028587630997440976,-1.8951482281908615e-05,0.00013125740423447496,-9.212807370317933e-05,-0.0020946768245266867,5564,614000000,1.34,0,2,4,-3.2778484567274977,0.6017695484502931,4.924165490308568,-3.2778484567274977,0.6017695484502931,4.924165490308568,235.58708024024963
-3.5552500057415717,0.1174625157534436,5.0,-4.7314827587008885,-0.6927422608246213,4.930734876591705,-0.9396720766622177,0.00038087765411184174,0.0005526879849175334,-0.3420759240424835,0.03995038240579902,-0.028069398977791826,-0.00016137442050877593,0.00027351989331236837,0.0011536499755493423,0.004131967079956667,5564,796000000,1.38,0,2,4,-3.282992477749556,0.5895230706630169,4.924632390556936,-3.282992477749556,0.5895230706630169,4.924632390556936,235.7892770767212
-3.5552500057415717,0.1174625157534436,5.0,-4.725582307721849,-0.6950371770847945,4.930685328668784,-0.9394640516638918,0.0004199680834229655,0.00041360123244628774,-0.3426469731255387,-0.006223841819214661,-0.02747646518524351,-0.00041149036329530506,6.0282514979803636e-05,0.0015820680346223526,0.007386674815279548,5564,975000000,1.4,0,2,4,-3.2838049697982146,0.5829293395504156,4.924922832190585,-3.2838049697982146,0.5829293395504156,4.924922832190585,235.99812722206116
-3.5552500057415717,0.1174625157534436,5.0,-4.725958290930094,-0.7016357369985337,4.930594038614431,-0.9392053774992967,0.0004398186245623882,0.00026283545175817097,-0.3433554955924055,-0.04133199703220421,-0.025985015802838036,-0.0006278209137405349,0.0003803478591635212,0.0016598354932284565,0.009067183509614551,5565,165000000,1.33,0,2,4,-3.277762962129445,0.5811853205190143,4.9250838276125535,-3.277762962129445,0.5811853205190143,4.9250838276125535,236.19989466667175
-3.5912559407229514,0.19412507309907312,5.0,-4.7326560530563135,-0.7145255446893807,4.930420773107109,-0.9388262012455142,0.00045266486721286085,7.865620543967254e-05,-0.3443909882134495,-0.0780493053105062,-0.024235487858628953,-0.0009798584454232466,0.00020821057375997043,0.0015718614008619625,0.010862280305445893,5565,345000000,1.25,0,2,4,-3.2654108859873037,0.5859225758838661,4.925005075417195,-3.2654108859873037,0.5859225758838661,4.925005075417195,236.4436423778534
-3.5912559407229514,0.19412507309907312,5.0,-4.746517491529742,-0.733618589526702,4.930156215618278,-0.938339577056942,0.0005003192392961684,-9.770173516212243e-05,-0.3457145907589507,-0.10875721460236473,-0.0220140796137755,-0.0012719757051812036,0.00039334846633209963,0.0014330184399113932,0.011882974649779499,5565,567000000,1.12,0,2,4,-3.242796427210915,0.5987801690676816,4.924644862837129,-3.242796427210915,0.5987801690676816,4.924644862837129,236.7071406841278
-3.640556958431398,0.26234652631188454,5.0,-4.7614949515947025,-0.75183214529334,4.929917032230806,-0.9379462174766864,0.0005082333178990881,-0.00023433736833056902,-0.3467803049569979,-0.12116704695423333,-0.019333532114695302,-0.0013016580443632568,0.0003731181607236067,0.0011542706602085673,0.01077966189768631,5565,807000000,0.95,0,2,4,-3.2108604848498525,0.6198021602776358,4.9239920102572725,-3.2108604848498525,0.6198021602776358,4.9239920102572725,236.92830848693848
-3.640556958431398,0.26234652631188454,5.0,-4.774178949721542,-0.7673699465100541,4.929697552390325,-0.9377360827839835,0.00048398527346256686,-0.0002658010377765152,-0.3473481454578581,-0.07937939600617545,-0.01628183394286499,-0.001095925021020357,0.00038259354653291666,-0.0003626292198077863,0.003020468307113333,5566,7000000,0.82,0,2,4,-3.1835052681696516,0.6386852038744162,4.923471491855143,-3.1835052681696516,0.6386852038744162,4.923471491855143,237.14668250083923
-3.7013829998418393,0.3197407343716797,5.0,-4.7809490574747,-0.776968610361761,4.929509467921679,-0.9377034788869671,0.0004031310738476896,-0.0002199519986759266,-0.34743628882103655,-0.03779716648289973,-0.012727132280499195,-0.0009066891707088489,0.000572620939465196,-0.0008981425821730227,-0.00039498036983331986,5566,208000000,0.74,0,2,4,-3.1598658925357235,0.6549921422569766,4.923081686665528,-3.1598658925357235,0.6549921422569766,4.923081686665528,237.3599181175232
-3.7013829998418393,0.3197407343716797,5.0,-4.782395685863367,-0.7808805944462588,4.92936395018911,-0.9377341579441599,0.0003294172255347456,-0.00015689077137754547,-0.3473535891484848,-0.005371092606922813,-0.010006449959855755,-0.0007601285090167943,0.0004835124059354712,-0.000946367799770087,-0.001374135251808184,5566,398000000,0.73,0,2,4,-3.1415824034855664,0.6673801082691334,4.922859239123198,-3.1415824034855664,0.6673801082691334,4.922859239123198,237.57272005081177
-3.771511948538038,0.3642707925968209,5.0,-4.779616380779742,-0.7806558047336782,4.929226733973581,-0.9377914067843058,0.00022474191009252335,-9.019586730960119e-05,-0.34719910529448633,0.025493548405553835,-0.006639608338851646,-0.0006216160035599813,0.000726398639017134,-0.000989304896847898,-0.0018193896153206879,5566,589000000,0.74,0,2,4,-3.129328216015489,0.6755193654482644,4.92278905063754,-3.129328216015489,0.6755193654482644,4.92278905063754,237.78133487701416
-3.771511948538038,0.3642707925968209,5.0,-4.7737663647878446,-0.7768617769591765,4.929123826531763,-0.9378433723057567,0.00013919378985828373,-3.156749130129931e-05,-0.3470587682954404,0.04933633141335016,-0.0039153480414650076,-0.0005158142168821061,0.0006131477732651547,-0.000887968059259947,-0.0015623240415152395,5566,779000000,0.76,0,2,4,-3.119815845104227,0.6817294116390367,4.922829354950675,-3.119815845104227,0.6817294116390367,4.922829354950675,237.99206972122192
-3.771511948538038,0.3642707925968209,5.0,-4.765314955997283,-0.770143302141028,4.929039143514517,-0.9378787092723218,3.779613599504193e-05,1.723039478066669e-05,-0.3469632905196875,0.0689099099097101,-0.0007709772590880109,-0.0004248979455868789,0.000849309725481362,-0.0008881714336439472,-0.0008237698978064145,5566,968000000,0.78,0,2,4,-3.1144819708555476,0.6851724322860127,4.922959846889598,-3.1144819708555476,0.6851724322860127,4.922959846889598,238.19569158554077
-3.848335497212682,0.3943401179112721,5.0,-4.753518826211878,-0.7598069331466288,4.928964996855116,-0.9378787978387356,-3.851331603900248e-05,8.637174794474652e-05,-0.3469630407135803,0.08645487314745026,0.002233241430955082,-0.00033912535640130334,0.00037442848963564757,-0.000909964006723385,0.0006290508395068173,5567,151000000,0.8,0,2,4,-3.111866627508059,0.686917315687871,4.923158854635788,-3.111866627508059,0.686917315687871,4.923158854635788,238.41880226135254
-3.848335497212682,0.3943401179112721,5.0,-4.742617806917309,-0.7497615411448959,4.9289197761585,-0.9378398424094884,-8.85198535508483e-05,0.000141821769688186,-0.3470682959305952,0.09774985288363384,0.004219498242195119,-0.00027962745073764346,0.0003213233327414855,-0.0008211864212626097,0.00192272680124006,5567,352000000,0.8,0,2,4,-3.111763798445144,0.6871998423767892,4.923442784363427,-3.111763798445144,0.6871998423767892,4.923442784363427,238.58548593521118
-3.928944433310108,0.40887174815873295,5.0,-4.7306961630498465,-0.7384036904341439,4.928877338703378,-0.9377685656622168,-0.00014929088675170484,0.00018425799218562463,-0.3472607968329448,0.10682856108567126,0.006439324350563572,-0.0003607505077786406,0.0006230453152511473,-0.0007077733698679367,0.0031675738227932015,5567,505000000,0.8,0,2,4,-3.1134880306051222,0.6863431226057992,4.9237124249624475,-3.1134880306051222,0.6863431226057992,4.9237124249624475,238.75366377830505
-3.928944433310108,0.40887174815873295,5.0,-4.718037719480924,-0.725940790526766,4.928818814309326,-0.937659859059166,-0.00021066462625626213,0.00021685154182049125,-0.3475541645628328,0.11398323498507631,0.008465483708039557,-0.00047594347930784276,0.0005367705568914971,-0.000598450446887,0.004557614420264144,5567,657000000,0.78,0,2,4,-3.1166749864836443,0.6846764328452303,4.924015865706167,-3.1166749864836443,0.6846764328452303,4.924015865706167,238.93093061447144
-3.928944433310108,0.40887174815873295,5.0,-4.704879521074883,-0.7125818964890022,4.928756497013419,-0.9375107371778598,-0.0002828286272116013,0.00023650707935582126,-0.34795614917485607,0.11899577593840374,0.010769210367769547,-0.00042787709625496603,0.000803613272637449,-0.0004988383864201751,0.006016450333845569,5567,818000000,0.75,0,2,4,-3.1211727634424937,0.6823268637556028,4.924349850707496,-3.1211727634424937,0.6823268637556028,4.924349850707496,239.1207492351532
-4.010231421210636,0.40737153560357,5.0,-4.686354129448788,-0.6930545113621644,4.928693342737094,-0.9372496322061701,-0.00037410728921110584,0.0002534733057623379,-0.34865874824019283,0.12398027240784848,0.01346110407868589,-0.00033192103810316656,0.0006512914353606902,-0.00038104535065031087,0.0074340425271657296,5567,996000000,0.71,0,2,4,-3.1267868536568444,0.6793952810377594,4.924711436679089,-3.1267868536568444,0.6793952810377594,4.924711436679089,239.35999584197998
-4.010231421210636,0.40737153560357,5.0,-4.665781481041735,-0.6706278606924386,4.9286509766819435,-0.9369124137568068,-0.0004531075718844194,0.00026556002936959375,-0.34956380407558346,0.12647829746375255,0.015632072108852785,-0.00024040867518250299,0.0005167729568711366,-0.0002811211146536152,0.008430127854808234,5568,216000000,0.63,0,2,4,-3.136194029112642,0.674600673535299,4.925245551037825,-3.136194029112642,0.674600673535299,4.925245551037825,239.62043237686157
-4.089008373582524,0.3899711648727302,5.0,-4.64616878101714,-0.6482194077449981,4.928630726562391,-0.9365539232001632,-0.0005126170140702763,0.00027282228026656314,-0.3505230544916882,0.1152796747424019,0.017953806434283015,-0.0001833779712284291,0.00025769271871922683,-0.00013808579524265951,0.007885999457357684,5568,452000000,0.52,0,2,4,-3.1484382109006765,0.6685361474044262,4.925849022540029,-3.1484382109006765,0.6685361474044262,4.925849022540029,239.87696290016174
-4.089008373582524,0.3899711648727302,5.0,-4.633688376104452,-0.6323584917591344,4.9286094044638,-0.9363278479208503,-0.0005322839031003892,0.00026641159941261257,-0.3511264827759579,0.08472067580058332,0.019502533793218462,-0.00023630541557291088,0.00015254525038699285,0.00010142028550319537,0.005405976435213233,5568,687000000,0.42,0,2,4,-3.162543358114703,0.6617239380291179,4.926467764283481,-3.162543358114703,0.6617239380291179,4.926467764283481,240.0853786468506
-4.162134528420906,0.357447401296653,5.0,-4.628536525121667,-0.6235598588901221,4.928556979305498,-0.9362387337048784,-0.0005133047720941751,0.00021282500406242423,-0.35136409141290204,0.039971205760926026,0.020872095164213355,-0.0005285381089632302,-4.313554091694982e-06,0.0010697508514567744,0.0016706253063603071,5568,878000000,0.35,0,2,4,-3.1751849672157744,0.6557982750311091,4.9269893103448865,-3.1751849672157744,0.6557982750311091,4.9269893103448865,240.27123856544495
-4.162134528420906,0.357447401296653,5.0,-4.629094801562712,-0.6188661983129973,4.928431342952901,-0.9362398473038455,-0.00048224048976944217,9.59307350705141e-05,-0.3513612194905352,-0.007042134881204126,0.022380500597926435,-0.000909387654554405,0.00016927798611732214,0.0014939207630959572,-0.0013560949128077482,5569,46000000,0.33,0,2,4,-3.1831473101019183,0.6533210256271678,4.927353240359095,-3.1831473101019183,0.6533210256271678,4.927353240359095,240.4689118862152
-4.162134528420906,0.357447401296653,5.0,-4.635890063579197,-0.619263203926517,4.9282264398318025,-0.9363316501754277,-0.0004591238550976657,-4.354450993422607e-05,-0.3511165450230472,-0.04939245523358654,0.02383611272461184,-0.0013608740112157726,0.00031389416506044654,0.0015381687262561172,-0.004040688190798392,5569,225000000,0.33,0,2,4,-3.186656057994217,0.6556727128501529,4.927629586972572,-3.186656057994217,0.6556727128501529,4.927629586972572,240.6592080593109
-4.226650431644696,0.31121468769207083,5.0,-4.6516149568910174,-0.6257732789856927,4.927871593764868,-0.9365693491827498,-0.0004256572258447773,-0.0002217981138793884,-0.35048198782950757,-0.09383421039889991,0.025293705317932957,-0.001903192672023594,0.000257649199397747,0.0016754144894548517,-0.008055517264438095,5569,397000000,0.36,0,2,4,-3.1841061556510253,0.663717790214135,4.9277663475806515,-3.1841061556510253,0.663717790214135,4.9277663475806515,240.90539360046387
-4.226650431644696,0.31121468769207083,5.0,-4.674161726351167,-0.6378483416328994,4.927388025319902,-0.9369486244069842,-0.00038622413033393874,-0.0004010059286508209,-0.34946668689164967,-0.1287616179732567,0.02610321431577887,-0.0025165831799679474,0.00021159715544172286,0.0015898571064099087,-0.01096206588044879,5569,625000000,0.44,0,2,4,-3.174062266780742,0.6801013778944086,4.92774526948851,-3.174062266780742,0.6801013778944086,4.92774526948851,241.14955067634583
-4.279912224566699,0.25328915598209495,5.0,-4.698454394696743,-0.6518878306724614,4.926896703739597,-0.9373471229986111,-0.000353190239994506,-0.0005454437695804445,-0.3483962524970313,-0.1446926687756171,0.026508415786218726,-0.0026069080950970507,0.0001732695594114375,0.0013328824820746377,-0.011549939972610446,5569,849000000,0.56,0,2,4,-3.157712732966111,0.7024654770283056,4.92751438646429,-3.157712732966111,0.7024654770283056,4.92751438646429,241.3649959564209
-4.279912224566699,0.25328915598209495,5.0,-4.719243974312266,-0.6634460860462051,4.926503027968272,-0.9375932386942185,-0.0003475904535727162,-0.0006028475469681087,-0.3477332807060574,-0.11643265504061921,0.026909779251162592,-0.0020790804536855202,0.00014847032474563093,0.00017739493216595292,-0.005448846150102327,5570,46000000,0.7,0,2,4,-3.1391926738433744,0.7262851149063687,4.927185761602353,-3.1391926738433744,0.7262851149063687,4.927185761602353,241.56475067138672
-4.319720011453268,0.1862232914442295,5.0,-4.739131224109029,-0.6726784248551331,4.926151371780764,-0.9377478492577975,-0.0003592393449516199,-0.0005696346383167561,-0.34731616385628633,-0.07763858887586952,0.027229751591245254,-0.001370745716223993,7.878678545125695e-05,-0.0006305247723048524,-0.0031615020816389006,5570,228000000,0.78,0,2,4,-3.1228795806065843,0.747524481628422,4.926879331581651,-3.1228795806065843,0.747524481628422,4.926879331581651,241.8009488582611
-4.319720011453268,0.1862232914442295,5.0,-4.750874533918518,-0.6762655521383646,4.925976628727979,-0.9378324415470716,-0.000393424977410455,-0.0005097814417978101,-0.3470877366337329,-0.049631826333587495,0.027474584231805526,-0.0007706486270566931,0.0001179327036027189,-0.0008119367748804507,-0.002380384466960095,5570,441000000,0.83,0,2,4,-3.109149334632411,0.7680089050993948,4.926604315824246,-3.109149334632411,0.7680089050993948,4.926604315824246,242.01703691482544
-4.319720011453268,0.1862232914442295,5.0,-4.75987675124041,-0.6767683167392214,4.925884738263566,-0.9378877481254398,-0.00041834306668420455,-0.0004287828944454224,-0.346938341857021,-0.024047468082208007,0.02729967270142041,-0.00029178357299745644,-7.272181719031323e-05,-0.0008425765940955898,-0.001017049032725481,5570,635000000,0.86,0,2,4,-3.1032652427297016,0.7800197474208667,4.926450256999942,-3.1032652427297016,0.7800197474208667,4.926450256999942,242.2300775051117
-4.344433696010581,0.11301185359284438,5.0,-4.76530019485178,-0.674247166927727,4.9258887505561715,-0.937882044871819,-0.0004264177027396424,-0.00034242050955846234,-0.34695384537888124,-0.0024345024794167258,0.027150135454458758,0.0002262718113611989,-0.00022513308124416653,-0.0008087687604074745,0.0009642020586397848,5570,831000000,0.87,0,2,4,-3.1017390755860843,0.7888574099100046,4.9263557777784275,-3.1017390755860843,0.7888574099100046,4.9263557777784275,242.4407560825348
-4.344433696010581,0.11301185359284438,5.0,-4.7675904269318305,-0.6697877929992808,4.925973726472589,-0.9378224020396617,-0.00043230341111241043,-0.0002724341971827578,-0.347115083403081,0.014021269242672834,0.027036883717637617,0.0006345763340418744,-0.00019402969826387562,-0.0006979123952532973,0.0025417227789148455,5571,24000000,0.87,0,2,4,-3.1048079101085264,0.7935232011987359,4.926332910742798,-3.1048079101085264,0.7935232011987359,4.926332910742798,242.63942790031433
-4.353069585607864,0.03697117415894612,5.0,-4.76784720866265,-0.6636652739614497,4.926118505581241,-0.9377122855056442,-0.0004506799404642197,-0.0002149183095985196,-0.3474124642402635,0.026986497415338095,0.026458631834973996,0.0009002868600573892,3.181560487286461e-07,-0.0006413340543076629,0.00423799601776409,5571,205000000,0.85,0,2,4,-3.1109196156382057,0.7946697871140234,4.926357886646811,-3.1109196156382057,0.7946697871140234,4.926357886646811,242.84657955169678
-4.353069585607864,0.03697117415894612,5.0,-4.766422783355826,-0.6562507696252088,4.926298725373827,-0.9375587553407445,-0.00045777918732204824,-0.00015728551634020427,-0.3478266033290091,0.03781991649197297,0.025743132632179734,0.0010358162527513161,-0.0001680032937656506,-0.0006106344358158822,0.005378903006203473,5571,389000000,0.82,0,2,4,-3.119773781147645,0.7932373068254558,4.926403260880416,-3.119773781147645,0.7932373068254558,4.926403260880416,243.04449033737183
-4.345371320201593,-0.03840444221973282,5.0,-4.763611907214395,-0.647870156681121,4.926500999876133,-0.9373776997416228,-0.0004625044940692193,-0.0001046915762642434,-0.3483142591918551,0.04584102163282551,0.024475278184981256,0.0011486327284216502,-0.00014275254187623432,-0.0005276539354781562,0.006062770671633189,5571,572000000,0.77,0,2,4,-3.130997633559277,0.7895279448080478,4.926457466376685,-3.130997633559277,0.7895279448080478,4.926457466376685,243.2407386302948
-4.345371320201593,-0.03840444221973282,5.0,-4.7596972984501384,-0.6388167483942143,4.926722911468595,-0.9371820465058733,-0.0004664419679743545,-6.039553914816671e-05,-0.3488403510079247,0.052254209590645216,0.02334750785303718,0.001248270347878245,-0.00012120060972620195,-0.00043706432677481644,0.006352132413667277,5571,752000000,0.71,0,2,4,-3.14419072522417,0.78385522180905,4.926537954058737,-3.14419072522417,0.78385522180905,4.926537954058737,243.43899750709534
-4.345371320201593,-0.03840444221973282,5.0,-4.754884131511602,-0.6293014761178156,4.926969981132061,-0.936986990653639,-0.00045630251842581314,-2.2587532273538063e-05,-0.34936395152283856,0.05689402176351577,0.021678732538602502,0.00142618116449838,-0.00027111059921480773,-0.00029125114338057756,0.006070012796044466,5571,931000000,0.65,0,2,4,-3.158990628782231,0.7764509529406689,4.926646448263932,-3.158990628782231,0.7764509529406689,4.926646448263932,243.63850498199463
-4.321849329598748,-0.10960387327479358,5.0,-4.74999168449536,-0.6206300852832538,4.927216799862063,-0.9368166133993401,-0.00044439221769802323,2.6904794481310613e-06,-0.34982057596332033,0.06000840923121274,0.020275258999291317,0.0015765127542546123,-0.00023367795165540883,-0.00021300484007724663,0.006127951610324089,5572,111000000,0.59,0,2,4,-3.175083355727622,0.7675606904058745,4.926762928130122,-3.175083355727622,0.7675606904058745,4.926762928130122,243.82262325286865
-4.321849329598748,-0.10960387327479358,5.0,-4.744627366936056,-0.6118185935733925,4.92748651209311,-0.9366465239014089,-0.00043337846931260917,2.2344279118791842e-05,-0.3502757498703598,0.06260756954849092,0.01899962743450253,0.0017114390097524666,-0.0002010657027540219,-0.0001623217215751538,0.0059959269947285065,5572,275000000,0.53,0,2,4,-3.1902672808929076,0.7585574980973763,4.926858204996003,-3.1902672808929076,0.7585574980973763,4.926858204996003,243.9883337020874
-4.321849329598748,-0.10960387327479358,5.0,-4.73811813099049,-0.6018390383130955,4.927814302362382,-0.9364644415001129,-0.00040243341211272963,4.723581182484039e-05,-0.35076229218946614,0.06442439429994017,0.017151721808984097,0.0018471784263889364,-0.0005122820823544316,-0.0001238142544934817,0.0055315770168817835,5572,426000000,0.48,0,2,4,-3.2061138200450148,0.7487061403258791,4.926937271437648,-3.2061138200450148,0.7487061403258791,4.926937271437648,244.183251619339
-4.283784081748948,-0.1732710158852498,5.0,-4.729644122984517,-0.5897654621200299,4.928245271720148,-0.9362688803300545,-0.0003578068159980976,7.645895618500276e-05,-0.35128400170491153,0.06483534736219666,0.015075735880175115,0.001975578018897822,-0.0005488381873419712,-0.00011009931242256243,0.004528105546341976,5572,604000000,0.42,0,2,4,-3.2245216342008285,0.7367876762284546,4.927008854296919,-3.2245216342008285,0.7367876762284546,4.927008854296919,244.42795586585999
-4.283784081748948,-0.1732710158852498,5.0,-4.72290233047589,-0.5804589132343951,4.928607454725156,-0.9361479477230472,-0.0003160504343902835,0.00010529365922704784,-0.3516061845293612,0.060012031344448394,0.013620838530581922,0.0019814059730937934,-0.0005092448475352285,-0.0001527407377466261,0.003364412646078563,5572,829000000,0.37,0,2,4,-3.2468405061399466,0.7218319488339112,4.927077957083658,-3.2468405061399466,0.7218319488339112,4.927077957083658,244.62969970703125
-4.233189858539408,-0.22637908444547392,5.0,-4.718823930052037,-0.5741863474901812,4.928885789630314,-0.9361165404225902,-0.0002894604672558905,0.00010901919156630069,-0.3516898165638221,0.02957336198452154,0.011914700150025827,0.0014299808072474889,-0.00026257849299327063,0.00025478008183199563,-0.0008022158851872518,5573,13000000,0.33,0,2,4,-3.262232013289961,0.7117159586186096,4.927126577169045,-3.262232013289961,0.7117159586186096,4.927126577169045,244.80653190612793
-4.233189858539408,-0.22637908444547392,5.0,-4.719495708209568,-0.5721506879942503,4.929060662032513,-0.936198491571111,-0.00024425626146748356,4.959491872674468e-05,-0.35147165214167564,-0.020294209714058858,0.010150343775600814,0.0004954053466070432,-0.00021716956695172485,0.0013351049005905224,-0.003985339162682067,5573,174000000,0.33,0,2,4,-3.2713839603384964,0.7063466479945292,4.9271393130814465,-3.2713839603384964,0.7063466479945292,4.9271393130814465,244.99361300468445
-4.233189858539408,-0.22637908444547392,5.0,-4.725726863588195,-0.5756578567168066,4.929062632180007,-0.9363277429981585,-0.000174585696093176,-5.96451665978051e-05,-0.3511272186177867,-0.06362062430156518,0.00814688789607552,-0.000406968351262373,-0.00035568039322697587,0.0017177564927806088,-0.0049631696128926706,5573,348000000,0.35,0,2,4,-3.2759101540346687,0.7050037741920877,4.92710578323352,-3.2759101540346687,0.7050037741920877,4.92710578323352,245.17288851737976
-4.1727376602558985,-0.2663981057164597,5.0,-4.7417858769587085,-0.5876914932990634,4.928846129585141,-0.9365136994441058,-4.6974558312190114e-05,-0.0002223168341539522,-0.35063091581052996,-0.11433096268755101,0.0054822580870753325,-0.0015262997866248896,-0.00039457455898173066,0.001826188815812202,-0.004482938902583555,5573,511000000,0.39,0,2,4,-3.2751392855145784,0.7077274018991593,4.927024034784245,-3.2751392855145784,0.7077274018991593,4.927024034784245,245.39834880828857
-4.1727376602558985,-0.2663981057164597,5.0,-4.764994481355149,-0.6066526008012425,4.928415973679578,-0.9366644139427245,4.917152777601208e-05,-0.0003999685570293453,-0.3502279447169321,-0.1519775017917357,0.0030141326059324133,-0.0023926473298032974,-0.00046850252601871034,0.0017605696484679356,-0.0031435361051990185,5573,721000000,0.45,0,2,4,-3.2676078849268295,0.7165418109072024,4.9268182659033,-3.2676078849268295,0.7165418109072024,4.9268182659033,245.64154648780823
-4.105638041562169,-0.2914457139415669,5.0,-4.791444627611079,-0.6292055053986914,4.927908776598383,-0.9367336772238049,0.00016285615506357,-0.0005465080522238077,-0.35004241566071675,-0.15826380076350474,0.00021456130761448715,-0.0024379236481231427,-0.0004612477397358816,0.0012164483223386924,-0.000719514707725466,5573,945000000,0.49,0,2,4,-3.2535975391541117,0.7302744879660107,4.926497945068248,-3.2535975391541117,0.7302744879660107,4.926497945068248,245.87894225120544
-4.105638041562169,-0.2914457139415669,5.0,-4.810838687309095,-0.6462139145701887,4.927549856533382,-0.9367228653736819,0.00021215061554991497,-0.0005702815752699831,-0.35007128310839813,-0.13061169524856162,-0.0014187413390674391,-0.0019268488394382603,-0.00038624565377176623,-4.6820705179584365e-05,0.0010361310046391736,5574,165000000,0.51,0,2,4,-3.234977527977796,0.747233120671884,4.926099252850153,-3.234977527977796,0.747233120671884,4.926099252850153,246.08847069740295
-4.035487133954632,-0.30041124034177896,5.0,-4.827453386389993,-0.6613367059841139,4.927256517895884,-0.9366490384215492,0.00024050717305721013,-0.0005037031364257075,-0.35026884997589647,-0.0961259790371928,-0.003602604393957013,-0.0013078616793333905,-0.0004802496533784506,-0.0008187751291188761,0.0028697008247036138,5574,355000000,0.5,0,2,4,-3.220123737034886,0.7602461204732515,4.9257861327353245,-3.220123737034886,0.7602461204732515,4.9257861327353245,246.3009271621704
-4.035487133954632,-0.30041124034177896,5.0,-4.838847904673108,-0.6724673846151924,4.9270816751089095,-0.9365340881244117,0.00023304066800922308,-0.00040377668974605525,-0.3505762177293381,-0.06531118103828995,-0.005429235809151036,-0.0006509661000177975,-0.0002344765960060613,-0.001020589547806594,0.0035389167578614433,5574,554000000,0.47,0,2,4,-3.2086860552665666,0.7697069866002001,4.925525935898706,-3.2086860552665666,0.7697069866002001,4.925525935898706,246.51134657859802
-4.035487133954632,-0.30041124034177896,5.0,-4.845145488977539,-0.6794905090499551,4.927022675002689,-0.9364224902136071,0.00021964431224423124,-0.00031266157117685814,-0.3508742991745973,-0.04070972093761706,-0.00729386968095318,-0.00013374941673679835,-0.00019702728906167977,-0.0009635251899453579,0.0035295865245643654,5574,744000000,0.43,0,2,4,-3.202599399251759,0.7738539288791189,4.925355693684344,-3.202599399251759,0.7738539288791189,4.925355693684344,246.72577452659607
-3.96608169213925,-0.2930435946951636,5.0,-4.848139522292415,-0.6840597617353269,4.927037914727707,-0.9363224722434377,0.0002177350901813505,-0.00022293959312407168,-0.35114118365880265,-0.019457948208606912,-0.008964616005228724,0.0002265669537673814,-0.0003323506007291144,-0.0009082633141588303,0.002886265701818047,5574,933000000,0.39,0,2,4,-3.2010410406735788,0.7736456665755204,4.925274160583456,-3.2010410406735788,0.7736456665755204,4.925274160583456,246.92425560951233
-3.96608169213925,-0.2930435946951636,5.0,-4.84828443086272,-0.6865215944859134,4.927110118947399,-0.9362468805637071,0.0002165058379678388,-0.00014165867313985453,-0.3513427268249193,-0.0012305477977682363,-0.010465739591282847,0.0005363484932061704,-0.0002795594525650813,-0.0007936721658552415,0.001994507238123333,5575,113000000,0.36,0,2,4,-3.2025697109890867,0.7702541523606001,4.925243261937141,-3.2025697109890867,0.7702541523606001,4.925243261937141,247.1192843914032
-3.901211562810278,-0.26999461971974986,5.0,-4.845496562556118,-0.687117555860955,4.92724979714561,-0.9362026070323677,0.0002122864776895811,-5.784943502507325e-05,-0.3514607092886662,0.016977502395582208,-0.012261023540215892,0.000832983404818731,-0.00026936357926388155,-0.0007973239974035096,0.0006763681824395462,5575,287000000,0.33,0,2,4,-3.2067368317401326,0.7641522396106285,4.925251346832516,-3.2067368317401326,0.7641522396106285,4.925251346832516,247.32776618003845
-3.901211562810278,-0.26999461971974986,5.0,-4.841261187236318,-0.686163377869513,4.927393707245202,-0.936197919693587,0.00021777653110867482,1.2617013563676052e-05,-0.3514731960983559,0.029645250488697806,-0.013489922683926566,0.000954759629740365,-0.00036371091596265614,-0.0007860266407533345,-0.0001756133542585303,5575,477000000,0.32,0,2,4,-3.2138883014565764,0.7547311435005362,4.925288673084516,-3.2138883014565764,0.7547311435005362,4.925288673084516,247.52938103675842
-3.901211562810278,-0.26999461971974986,5.0,-4.834612874716764,-0.6837576306564113,4.927578053099221,-0.9362210319950691,0.0002223081178994948,8.560832573203967e-05,-0.3514116140659026,0.04260717795195478,-0.014909831943550144,0.0010755980081661714,-0.0003054113449252327,-0.0006961014435091784,-0.0011858509083140234,5575,656000000,0.32,0,2,4,-3.221089811962822,0.7455706464727514,4.925337980391762,-3.221089811962822,0.7455706464727514,4.925337980391762,247.7269778251648
-3.844440334754514,-0.23281149144471475,5.0,-4.826204390927745,-0.6801233120037553,4.9277839361315445,-0.9362773774403528,0.00022557197684455038,0.00014831296397575355,-0.3512614405453054,0.05338582558572933,-0.016032952378719868,0.0011818918018889385,-0.00025609463421005785,-0.000589924025007349,-0.002256584593851585,5575,835000000,0.33,0,2,4,-3.23041857739701,0.7338820722077325,4.925412194629438,-3.23041857739701,0.7338820722077325,4.925412194629438,247.92469882965088
-3.844440334754514,-0.23281149144471475,5.0,-4.816347714238869,-0.6754689748394461,4.928009191362713,-0.9363646136898092,0.00022834047467298383,0.00020084918119113782,-0.35102879903188633,0.062374771367516416,-0.01694272777824002,0.0012758239791605573,-0.00021449755394087333,-0.0004905528214749211,-0.0031456761689696577,5576,10000000,0.35,0,2,4,-3.2406851072793152,0.7210620628489847,4.925504349988524,-3.2406851072793152,0.7210620628489847,4.925504349988524,248.12406158447266
-3.798886890464102,-0.18387432439794807,5.0,-4.806523249889667,-0.6705855646990072,4.928211919412757,-0.936467433619844,0.00022876019294528553,0.0002449200407364396,-0.3507543776667807,0.06973121654320688,-0.01769086242135072,0.0011917556995487521,-0.00018390504408216657,-0.0005356056817618082,-0.004074195521752699,5576,192000000,0.38,0,2,4,-3.2516353783685026,0.7073783579082841,4.925612559386492,-3.2516353783685026,0.7073783579082841,4.925612559386492,248.2926061153412
-3.798886890464102,-0.18387432439794807,5.0,-4.794408713447648,-0.664343332328854,4.928422712285891,-0.9366080814841329,0.0002264665010702489,0.00029443800640636307,-0.35037860054203684,0.07671340820049513,-0.018313192001686445,0.0010852152197589507,-0.00015503057539945075,-0.0005067167080596846,-0.00475449255645799,5576,345000000,0.41,0,2,4,-3.2617236833887073,0.6947235166436977,4.925720752839032,-3.2617236833887073,0.6947235166436977,4.925720752839032,248.48534202575684
-3.798886890464102,-0.18387432439794807,5.0,-4.779822768732666,-0.6565690214837685,4.928638238438387,-0.9367900074547053,0.00022273099897813603,0.0003431838252392721,-0.3498918612211168,0.08324513634488759,-0.018652459255415775,0.000989953611269339,-4.036733844969831e-05,-0.00044494782400761324,-0.005372609530240879,5576,517000000,0.46,0,2,4,-3.273365380915642,0.6800870447629432,4.9258545066024695,-3.273365380915642,0.6800870447629432,4.9258545066024695,248.71434807777405
-3.767021934800574,-0.12627834785081793,5.0,-4.763592824845192,-0.6480085817002487,4.928869857506343,-0.9369688245720385,0.00020244735876915506,0.0003862158847790947,-0.3494126952937595,0.0754504726612921,-0.019233386751058505,0.0009643533147917785,-7.614956842871834e-05,-0.00030911122053112194,-0.0033316143117190222,5576,724000000,0.52,0,2,4,-3.286218854086367,0.6637439536339467,4.926016078981526,-3.286218854086367,0.6637439536339467,4.926016078981526,248.95479321479797
-3.767021934800574,-0.12627834785081793,5.0,-4.753360612550138,-0.6438282758821524,4.929025395243186,-0.9369893446617092,0.00021208878612396124,0.000391924167148096,-0.34935765256283496,0.043512707608908616,-0.020031484921288336,0.0006906289345162286,-0.00012011324770355714,0.0001539100836112084,0.00109263569356699,5576,944000000,0.59,0,2,4,-3.2983725027524344,0.6473573929570704,4.926200893165604,-3.2983725027524344,0.6473573929570704,4.926200893165604,249.16229510307312
-3.750494125694988,-0.06366371562587049,5.0,-4.748187561138985,-0.6447415313630906,4.929098209557894,-0.9368714592959958,0.0002543596393620542,0.0003104784249674189,-0.34967371599951946,-0.007724989290073696,-0.02067806129293469,1.3148440289797832e-05,-0.00010538090080558504,0.001408992056894931,0.00498400167998625,5577,136000000,0.6,0,2,4,-3.3045748652920364,0.6371155649601301,4.926325280904646,-3.3045748652920364,0.6371155649601301,4.926325280904646,249.36654114723206
-3.750494125694988,-0.06366371562587049,5.0,-4.749809888259135,-0.651124694200129,4.9290473238433705,-0.9366828762902626,0.00031169305899081753,0.00018209953504068306,-0.35017861007177015,-0.04902442201248674,-0.02101183820651528,-0.0005524145402111321,-9.224076151781446e-05,0.0016161207781806297,0.006676293787677423,5577,319000000,0.56,0,2,4,-3.3047035472212336,0.6316194168412512,4.9263507787422425,-3.3047035472212336,0.6316194168412512,4.9263507787422425,249.5796434879303
-3.75,-1.1943401194869635e-15,5.0,-4.757575231207149,-0.663417802164301,4.928891591642967,-0.93641725226312,0.0003615575639422689,2.9081190454384063e-05,-0.35088829859999665,-0.08720810798971551,-0.020707777406965607,-0.001007564815660534,7.380699322823148e-05,0.0015671149185436661,0.008218644416047027,5577,512000000,0.5,0,2,4,-3.2979724143535663,0.6326752459272318,4.926242469944892,-3.2979724143535663,0.6326752459272318,4.926242469944892,249.7989866733551
-3.75,-1.1943401194869635e-15,5.0,-4.775311576878841,-0.6859737070735934,4.928558998575824,-0.9359787361030184,0.00044100288355796975,-0.00016276691774208746,-0.3520562236154664,-0.12429592312153077,-0.019909934055598086,-0.0015525926946887438,8.526505652639571e-05,0.00157370495799114,0.010060999375127722,5577,711000000,0.41,0,2,4,-3.283823532969711,0.6397531829994917,4.925988309989741,-3.283823532969711,0.6397531829994917,4.925988309989741,250.07186031341553
-3.75,-1.1943401194869635e-15,5.0,-4.790896072454324,-0.7042737632952395,4.928289784847039,-0.9356642809683011,0.0004813439882856181,-0.000291960194363709,-0.3528909695462353,-0.1387892027137315,-0.01875213257764094,-0.0016576574652412274,8.546884515681086e-05,0.0014259854879128397,0.009820422474149382,5577,960000000,0.26,0,2,4,-3.2567177046030613,0.6568066263872248,4.925432629448466,-3.2567177046030613,0.6568066263872248,4.925432629448466,250.28265070915222
-3.7652103438835645,0.060663558919057906,5.0,-4.805768793255734,-0.721702112224897,4.928051406379961,-0.9354537995373171,0.0004898095576109828,-0.00037179084472056145,-0.35344845563301264,-0.11344011713086624,-0.017488761397131573,-0.0012649117142590142,0.00023605481231925296,0.0004553625188918886,0.004268936754669994,5578,155000000,0.16,0,2,4,-3.2347935887837718,0.6716164892670521,4.924991512968965,-3.2347935887837718,0.6716164892670521,4.924991512968965,250.466872215271
