x_ref,y_ref,z_ref,x,y,z,eta,e1,e2,e3,u,v,w,p,q,r,sec,nanosec,angle2,angle3,control_mode,std_test,x2,y2,z2,real_x2,real_y2,real_z2,time
0.0,0.0,5.0,-1.0318261286250896,-0.2515105348885448,4.925740409963389,-0.9497931604537148,-0.0016382921241515013,0.00015961644326359988,0.3128741646043197,-0.14987230452625414,0.07743053887079726,-0.0007211040091639599,0.0005437077220449282,0.0015494280432903906,-0.046332994315889664,13764,884000000,4.14,0,2,2,0.46185926339511485,-1.5246368542705038,4.942773498307354,0.46185926339511485,-1.5246368542705038,4.942773498307354,5.1021575927734375e-05
-0.002291386001864737,0.07066929128722992,5.08972966070103,-1.0648987870115838,-0.19208161674331153,4.925193784590114,-0.9470952719739969,-0.0017613115345683362,-3.7461455818080464e-05,0.3209477250002226,-0.18157230046393333,0.07463789347814825,-0.00255863806872993,-7.566594248942238e-05,0.0011080443755417946,-0.043958553942502476,13765,233000000,3.3,0,2,2,0.4952149246855621,-1.520287133867091,4.943232869396475,0.4952149246855621,-1.520287133867091,4.943232869396475,0.3972134590148926
-0.009160726391858276,0.14123938972314432,5.179278617806867,-1.0938639591536328,-0.1420885286787107,4.9246064352324135,-0.9451485482624993,-0.0017508866920927376,-0.0001498602349347762,0.32663608749645445,-0.16161328467353323,0.07009022174603707,-0.0011454725281516674,-0.0009561492220200307,-0.00014757577844193293,-0.03225026011932641,13765,587000000,2.3,0,2,2,0.544574368525299,-1.5268797055809102,4.943411932030854,0.544574368525299,-1.5268797055809102,4.943411932030854,0.7301919460296631
-0.009160726391858276,0.14123938972314432,5.179278617806867,-1.1108428810547868,-0.10610974771350509,4.9249732640637855,-0.9440246612252741,-0.0016150295653647169,-9.421327139733549e-05,0.3298709168779039,-0.11492584148934082,0.0665468457771733,0.0036065361459212976,-0.0006894871376061928,-0.0009003223453873943,-0.02279705004184507,13765,882000000,1.59,0,2,2,0.5918656625570216,-1.5374397872669894,4.9433720037950515,0.5918656625570216,-1.5374397872669894,4.9433720037950515,1.0335826873779297
-0.020593580356818464,0.21161144053362013,5.268466531635311,-1.1193833752193494,-0.07583455456671048,4.92710288433106,-0.9430622818494827,-0.0014828083738070174,-5.996797548049279e-06,0.33261288880049666,-0.0709740167353126,0.06439384893188822,0.010613309560603221,-0.0006983804894389323,-0.000894681289764776,-0.018608842037792783,13766,150000000,1.19,0,2,2,0.6233059871834291,-1.539460643147935,4.943959405882264,0.6233059871834291,-1.539460643147935,4.943959405882264,1.3422138690948486
-0.03656591995530789,0.28168726406152494,5.357113789597273,-1.1197401835302974,-0.05426215910014066,4.93073540902383,-0.9423422042968881,-0.0013703254256097754,7.561463197377962e-05,0.33464800386605836,-0.03827204409971422,0.06326298979202002,0.017135137707699276,-0.00035299861451676406,-0.0007828912714558101,-0.013906302774557844,13766,418000000,0.87,0,2,2,0.6446627490544852,-1.5320216011704166,4.946091903351979,0.6446627490544852,-1.5320216011704166,4.946091903351979,1.6476807594299316
-0.03656591995530789,0.28168726406152494,5.357113789597273,-1.114335456694199,-0.03750240988391622,4.936332534560132,-0.9418585435563809,-0.0012903526048946103,0.00014259776108741765,0.33600714067693005,-0.01324739549802613,0.06320544395078827,0.02572238996824907,-0.0004811060136944434,-0.0006735726742590487,-0.008060104210017016,13766,679000000,0.66,0,2,2,0.6547270660667007,-1.5175867204127453,4.949520153348765,0.6547270660667007,-1.5175867204127453,4.949520153348765,1.9586434364318848
-0.05704419012769257,0.3513696907347439,5.445041867912629,-1.1036087455059063,-0.023359307163022695,4.945099142951896,-0.9416162921308455,-0.0011887913970608556,0.00020618993357444351,0.33668576247665066,0.006864405420314966,0.06359408110485511,0.03586140046147808,-0.00046519324428118125,-0.0007253319552091853,-0.0022937456151339575,13766,953000000,0.54,0,2,2,0.6570883335896418,-1.4971308734553541,4.954820403201968,0.6570883335896418,-1.4971308734553541,4.954820403201968,2.2697341442108154
-0.0819853924892815,0.4205628929340893,5.53207369113335,-1.0901825759169619,-0.012977925686393213,4.955561478373459,-0.9416149559912009,-0.0010976236455734305,0.000273085080578056,0.33668976120541616,0.020858249444748157,0.06389698220523862,0.044323182592959774,-0.000411865153182589,-0.0007136037709187804,0.002202699965891952,13767,224000000,0.49,0,2,2,0.6526397707822321,-1.4695527652509959,4.963072474083404,0.6526397707822321,-1.4695527652509959,4.963072474083404,2.5830860137939453
-0.0819853924892815,0.4205628929340893,5.53207369113335,-1.073094457700856,-0.003774386494538953,4.969494080066204,-0.9418137516845853,-0.0010060349255645953,0.0003383671244419131,0.3361335010665009,0.03057416712179457,0.06453387069365553,0.054886072832769195,-0.0004256213657072294,-0.0007011259583578067,0.0057565396218706155,13767,483000000,0.47,0,2,2,0.6435495361057096,-1.440060654889417,4.97285539031236,0.6435495361057096,-1.440060654889417,4.97285539031236,2.9084665775299072
-0.1113371926862321,0.4891727127417653,5.618033988749895,-1.055686258252687,0.0037362126219619564,4.985167035543036,-0.9421061613808757,-0.0009211927488344449,0.00040270382028981467,0.335313241494791,0.03602489456340125,0.06504689679404393,0.06461371170154409,-0.00026358034972417954,-0.0007229583900425496,0.00759777644816495,13767,757000000,0.46,0,2,2,0.6298594219153081,-1.4051743605464013,4.985860642771863,0.6298594219153081,-1.4051743605464013,4.985860642771863,3.2231671810150146
-0.1113371926862321,0.4891727127417653,5.618033988749895,-1.0359179193284243,0.011128163221608313,5.00456329822017,-0.9424947512578901,-0.0008480983365507851,0.0004777465796271972,0.33421953314961256,0.03948361281429136,0.06528518603807128,0.07353927620797691,-0.00026578470340155036,-0.0006178723310767964,0.008606100618635537,13768,37000000,0.49,0,2,2,0.6132044160545448,-1.367870036487349,5.001623509670566,0.6132044160545448,-1.367870036487349,5.001623509670566,3.538511037826538
-0.14503805103201373,0.5571069845630509,5.702749648162685,-1.015711541489942,0.01828505792480093,5.026522997149299,-0.9429003334021209,-0.0007808422331887438,0.0005308152522290666,0.3330736702153809,0.040398060415672295,0.06542185847816173,0.0822786838322141,-0.0002718415572644517,-0.0005107839513129875,0.008816062290861737,13768,313000000,0.54,0,2,2,0.5959391546423534,-1.331772187974917,5.01830450823109,0.5959391546423534,-1.331772187974917,5.01830450823109,3.8514723777770996
-0.1830173760811178,0.6242758516287834,5.786050063307847,-0.9997863876206526,0.023870094645246694,5.045289962361343,-0.9432266537295662,-0.0007312043647972735,0.0005705895497184853,0.3321484900791625,0.04037470994309693,0.06528850563138912,0.08784553487461638,-0.0002346255612906134,-0.0004456088447568618,0.008903171692509204,13768,584000000,0.62,0,2,2,0.5760371367270004,-1.291803777639812,5.038432622567509,0.5760371367270004,-1.291803777639812,5.038432622567509,4.110578775405884
-0.1830173760811178,0.6242758516287834,5.786050063307847,-0.9826167392481253,0.030154752939750423,5.067266688215869,-0.9435697668098235,-0.0006926958840011971,0.0005991091719308889,0.33117254777995647,0.0384511533516445,0.06542541171406754,0.09481139979357384,-2.896693853671195e-05,-0.0002586527870107602,0.008170314322342165,13768,812000000,0.71,0,2,2,0.5598013856493326,-1.2599559045050834,5.055504917469764,0.5598013856493326,-1.2599559045050834,5.055504917469764,4.381877660751343
-0.22519570073643536,0.6905920754040427,5.867767478235116,-0.9646605620004022,0.03757337054414703,5.093060094595192,-0.9438691130849267,-0.0006740875351248932,0.0006037484860150418,0.33031845007210003,0.031360536392023304,0.06574827369471967,0.1028090254560492,-0.0003699384194533195,0.0007132578048185678,0.0036317330341262277,13769,55000000,0.81,0,2,2,0.5430819192928478,-1.2259338820739614,5.075526725645063,0.5430819192928478,-1.2259338820739614,5.075526725645063,4.668426513671875
-0.22519570073643536,0.6905920754040427,5.867767478235116,-0.950854803125377,0.04678665837198047,5.118584673500813,-0.9438081976977202,-0.0007144006272803773,0.0003805806284416243,0.3304927090704266,0.003563645139991355,0.0666327491540851,0.10951651079699602,0.0005810866468891618,0.004641125042326166,-0.009914296060742345,13769,308000000,0.9,0,2,2,0.5301723413135317,-1.1930245376678292,5.099410727434154,0.5301723413135317,-1.1930245376678292,5.099410727434154,4.939029216766357
-0.27148488042758245,0.7559713369490784,5.947737324945997,-0.9467492113613198,0.06430100993889779,5.145822525107406,-0.9429191996682256,-0.001092434716863152,-0.0005044399125164146,0.3330194213913009,-0.06373308244529799,0.06864335487098062,0.11653612890530722,0.0005598624625235971,0.00934847585085663,-0.030322223756229505,13769,545000000,0.87,0,2,2,0.5272643043002545,-1.1696671737769722,5.1238743937628195,0.5272643043002545,-1.1696671737769722,5.1238743937628195,5.2203052043914795
-0.32178831283960463,0.8203325293019702,6.0257985548118125,-0.9559129491643336,0.09669268973256764,5.1794905450818955,-0.9412495036243496,-0.0015667385745271305,-0.0016195020590869863,0.3377044484016089,-0.12883604193608367,0.0694480902646432,0.12288970812856859,0.0006643820199769834,0.00769571915952838,-0.039246354572242126,13769,791000000,0.59,0,2,2,0.5337382370068476,-1.153744805561089,5.15039874360826,0.5337382370068476,-1.153744805561089,5.15039874360826,5.532909631729126
-0.32178831283960463,0.8203325293019702,6.0257985548118125,-0.9804990558941896,0.14599853463032877,5.22026104492567,-0.9389775235967386,-0.001974053160712566,-0.0024591848793284244,0.3439640471095546,-0.18032214832247853,0.06853301988882808,0.12953164223185198,0.0004591338012005508,0.003933072684958461,-0.04275705505278893,13770,68000000,0.37,0,2,2,0.5507599067356034,-1.1425614528500434,5.183972195663023,0.5507599067356034,-1.1425614528500434,5.183972195663023,5.8956618309021
-0.3760011786149793,0.8835980399786463,6.101793962904205,-1.0089027854241834,0.19510171454121192,5.257605095125156,-0.9369610601160797,-0.002071033636336165,-0.002665623110377567,0.3494174825323749,-0.18960343403352425,0.06615633591291334,0.13408989897453477,-0.0009967689720724593,-0.002700409777389723,-0.03489255250315182,13770,383000000,0.94,0,2,2,0.5792829015466606,-1.1368373860907108,5.2254383736385295,0.5792829015466606,-1.1368373860907108,5.2254383736385295,6.232689142227173
-0.3760011786149793,0.8835980399786463,6.101793962904205,-1.030390969362232,0.234492845265405,5.290469660170803,-0.9357599990694432,-0.0017678541179548153,-0.002104734778889746,0.35262681254391803,-0.16235069579625475,0.06418734824260501,0.13734809028306869,-0.0005330232681899361,-0.006520901297335513,-0.02440617281536106,13770,672000000,1.56,0,2,2,0.609797467020595,-1.136218234006338,5.263738364545203,0.609797467020595,-1.136218234006338,5.263738364545203,6.508849143981934
-0.4340107023969413,0.9456940227146827,6.175570504584947,-1.0470755074577316,0.2711221031243628,5.326852466346345,-0.9347692133256832,-0.0014168512623456257,-0.0013220083466997372,0.3552502816957571,-0.1240687118853268,0.06265032899747516,0.14058294357992038,-0.000505888328916626,-0.006015126564307138,-0.01949200341186952,13770,912000000,1.93,0,2,2,0.634985365741797,-1.1350119456990242,5.29766737664703,0.634985365741797,-1.1350119456990242,5.29766737664703,6.810379505157471
-0.4956964335288987,1.006550657604654,6.246979603717467,-1.0570228907887902,0.30153880056434745,5.363753660065104,-0.9339388686188757,-0.001140749778853789,-0.0007452404456748237,0.3574301791812133,-0.09235007909282193,0.06156249390819653,0.14253052101468014,-0.0003650134004828942,-0.0038620300529146334,-0.01636013330426067,13771,175000000,2.24,0,2,2,0.6542480405796762,-1.1274469357318149,5.3352542951230255,0.6542480405796762,-1.1274469357318149,5.3352542951230255,7.101569890975952
-0.4956964335288987,1.006550657604654,6.246979603717467,-1.0615124984580282,0.3252738059173049,5.398315106350228,-0.9333015288990281,-0.000979815347811804,-0.00042523919660285964,0.35909207076771615,-0.07030240171102613,0.060915366156289584,0.14500327677589625,-0.00014912980930148478,-0.0022067895542932092,-0.013285385466588195,13771,431000000,2.51,0,2,2,0.6629888796087188,-1.1115421509396666,5.373858696327719,0.6629888796087188,-1.1115421509396666,5.373858696327719,7.387360572814941
-0.5609305456733971,1.066102398828617,6.315877451879425,-1.0626736305613804,0.34749562024684694,5.436503041755565,-0.9327741699282427,-0.0008884520913373252,-0.00024195399152408012,0.360460122656897,-0.05294240896558803,0.06028497565549292,0.14801116835090886,-0.0002945017712363551,-0.0011620366308306984,-0.00931562917685369,13771,671000000,2.73,0,2,2,0.6631997722189946,-1.0906211217364736,5.410243273886567,0.6631997722189946,-1.0906211217364736,5.410243273886567,7.673568487167358
-0.5609305456733971,1.066102398828617,6.315877451879425,-1.0612015187141863,0.3655808031290176,5.472273729647509,-0.9324449096045756,-0.0008209432212686746,-0.00015185776117353846,0.36131121425159585,-0.040962602495570474,0.05985740009124567,0.14983518888452518,-0.00010066276132647545,-0.0006238013554593635,-0.006191209058670211,13771,928000000,2.93,0,2,2,0.6566661476306069,-1.062651415674214,5.450047612636341,0.6566661476306069,-1.062651415674214,5.450047612636341,7.951186656951904
-0.6295781545646726,1.1242882091915054,6.3821252979737295,-1.0573982576815613,0.3846016989136209,5.514632021497042,-0.9322072803658685,-0.0007879631308040897,-0.00011234457864031774,0.3619239601431092,-0.03167499993412798,0.059204123992989674,0.15204610761209364,-0.00024610003777070233,-0.00023978718957096135,-0.003295048213658447,13772,174000000,3.06,0,2,2,0.6457688397953678,-1.033130576783004,5.486738118208904,0.6457688397953678,-1.033130576783004,5.486738118208904,8.276196718215942
-0.7014976530615584,1.1810517807396756,6.445589727654783,-1.0529156381947464,0.39958513718185923,5.551250267892718,-0.9321055642503182,-0.0007568209212299216,-0.00010222540683526074,0.36218591063934985,-0.026028494101239162,0.05856117998657112,0.15297028548635452,-0.00018047923049380188,-2.7049894057995516e-05,-0.0016353219962184085,13772,446000000,3.16,0,2,2,0.628563999554773,-0.9953958835438901,5.529097214950425,0.628563999554773,-0.9953958835438901,5.529097214950425,8.555017232894897
-0.7014976530615584,1.1810517807396756,6.445589727654783,-1.0473805731625514,0.4149432489565766,5.591263450711733,-0.9320530720989253,-0.0007427327562180653,-0.00013236437293027536,0.36232099251724437,-0.023213582644843262,0.057736521857465264,0.15466119439143391,-0.0003004821707008887,0.0003856508470789777,-0.0009585896805219818,13772,688000000,3.22,0,2,2,0.6107288152415657,-0.9608731844515214,5.56508685997714,0.6107288152415657,-0.9608731844515214,5.56508685997714,8.851008176803589
-0.7765410626225826,1.2363417407594561,6.506142932007222,-1.0425748925863192,0.4275906528201695,5.625501753669728,-0.9320121921229337,-0.0007347037265934965,-0.0001952275258104385,0.36242612465280566,-0.022572780540815622,0.05698122040341412,0.15620150107259106,-0.00024420265560820553,0.000533634670318861,-0.0009145155956957751,13772,947000000,3.26,0,2,2,0.5889495412485498,-0.921828371940706,5.603609240276107,0.5889495412485498,-0.921828371940706,5.603609240276107,9.093936443328857
-0.7765410626225826,1.2363417407594561,6.506142932007222,-1.037385381407559,0.4411638683569811,5.663080937437508,-0.9319944299528093,-0.0007302431547157373,-0.00025596648432002175,0.36247176960838184,-0.022562013548463277,0.055986541914338904,0.15680924224813253,-0.0003089857443683286,0.0005140612870491168,-0.00023636047927766413,13773,161000000,3.29,0,2,2,0.5689379630281182,-0.8878062127447742,5.63572273178718,0.5689379630281182,-0.8878062127447742,5.63572273178718,9.371086597442627
-0.854554400282348,1.2901118425052371,6.56366296493606,-1.0321309137421337,0.4557883469284367,5.703983518736065,-0.9319782851979412,-0.0007286392748870952,-0.0003426988714703009,0.3625132101893607,-0.02389225632917099,0.054719384713401806,0.1573697187161464,-0.0001888506645286725,0.0006259986264467443,-0.00040582830820312665,13773,402000000,3.32,0,2,2,0.5458587205173687,-0.8499972400394623,5.670262558480366,0.5458587205173687,-0.8499972400394623,5.670262558480366,9.677865266799927
-0.854554400282348,1.2901118425052371,6.56366296493606,-1.027657073660592,0.469285068585818,5.741737700972335,-0.9319589796543368,-0.000736815255049513,-0.0004137584482683246,0.36256274787803777,-0.02517022038188796,0.053738359263283554,0.15718836551847665,-0.00023831150031128345,0.0006176757381126663,-0.0005257457871721272,13773,668000000,3.35,0,2,2,0.520880107664709,-0.8093479573310961,5.707289720803104,0.520880107664709,-0.8093479573310961,5.707289720803104,9.952193260192871
-0.9353780601682047,1.34232114004921,6.618033988749895,-1.0227852513840523,0.48632900079519575,5.788960697027398,-0.9319197913425759,-0.0007489676566069381,-0.0005211438892003499,0.36266330109414935,-0.02795321508635803,0.05236108585152995,0.1570543083482376,-0.00011095758338797168,0.0006583849426533561,-0.0009327060638497642,13773,908000000,3.38,0,2,2,0.5013963373159659,-0.7748647240057658,5.742112029304423,0.5013963373159659,-0.7748647240057658,5.742112029304423,10.293824434280396
-1.0188472085586238,1.392934146691272,6.669146507442605,-1.019480542254063,0.5028728527844518,5.83282040972632,-0.9318212023191659,-0.000791197818011565,-0.0007069853911107675,0.3629161350589602,-0.043112821936002695,0.05065008357797206,0.156251384821326,-0.0005040720225224504,0.004413504166222992,-0.005565397123064031,13774,200000000,3.44,0,2,2,0.486076699051216,-0.7392982764048548,5.787389194560816,0.486076699051216,-0.7392982764048548,5.787389194560816,10.632483959197998
-1.0188472085586238,1.392934146691272,6.669146507442605,-1.0246794063015374,0.5288912119474792,5.882856355828266,-0.9311953250848503,-0.0011684889247252778,-0.0017676371473761099,0.3645144395393246,-0.09633166177239207,0.04698576821390316,0.15596521441834943,0.00012923160852551518,0.009865422362054233,-0.017122619101428427,13774,486000000,3.52,0,2,2,0.4823132582813726,-0.7149581392378243,5.831305492854596,0.4823132582813726,-0.7149581392378243,5.831305492854596,10.99650764465332
-1.1047921914498087,1.4419209764156529,6.716897587203732,-1.0446787145238932,0.5670127896730571,5.932883472910817,-0.9299530018617765,-0.0017614579567686469,-0.0031534313659356585,0.36766066891191623,-0.15491072949924797,0.04265949105568937,0.15458917363251728,0.00031149840538091667,0.007925235240691109,-0.02338268095627427,13774,807000000,3.77,0,2,2,0.48855517018175254,-0.6961826229855121,5.882862302068061,0.48855517018175254,-0.6961826229855121,5.882862302068061,11.35443377494812
-1.1930389535650132,1.4892574679304111,6.761191063713476,-1.0804000881833562,0.6207710142656605,5.98850262286646,-0.9284718872076241,-0.0020647577719748247,-0.0038034411327415446,0.37137747007055505,-0.18161146717527515,0.038877935442044924,0.15142787851760586,-0.00010344317260546632,-0.0017606953633730882,-0.017220116751559544,13775,127000000,4.21,0,2,2,0.5024711396074629,-0.6842769065856736,5.935506312696018,0.5024711396074629,-0.6842769065856736,5.935506312696018,11.758022785186768
-1.1930389535650132,1.4892574679304111,6.761191063713476,-1.1050459479192196,0.6569359037431408,6.024960776749164,-0.9278141773128213,-0.001907428304824238,-0.0034056792497653846,0.37302227204745064,-0.17419858650231534,0.03753753216941709,0.14942876644073938,-0.00023177492067816274,-0.005250002141110599,-0.012562142546812538,13775,482000000,4.69,0,2,2,0.5242260915703368,-0.6766108970296425,5.995135742597858,0.5242260915703368,-0.6766108970296425,5.995135742597858,12.04909086227417
-1.2834094677117545,1.5349252908769102,6.801937735804838,-1.128360830695811,0.6926911187680602,6.063791878471605,-0.9273138088709036,-0.0015837478784361879,-0.002646878226626697,0.37427207437323995,-0.1489736231006514,0.036767186030487994,0.14677137253495265,-8.447444201920007e-05,-0.006472058521467261,-0.008876145784597611,13775,733000000,4.9,0,2,2,0.5400497675128418,-0.673153414234253,6.034854406441664,0.5400497675128418,-0.673153414234253,6.034854406441664,12.340703964233398
-1.3757221733659124,1.5789120338486013,6.839055545102902,-1.1484989789541584,0.7263016758353104,6.104499966812605,-0.9269021027304017,-0.0012912301830042398,-0.0019195300313619898,0.37529606990086195,-0.12496207954061855,0.03608007839493699,0.14275630311856413,5.239935632062043e-05,-0.004548824654193595,-0.007015059054538142,13775,994000000,5.05,0,2,2,0.5515027237840474,-0.665397599101422,6.077313611709246,0.5515027237840474,-0.665397599101422,6.077313611709246,12.636502027511597
-1.3757221733659124,1.5789120338486013,6.839055545102902,-1.1625630695258848,0.7518077171763673,6.1385097364023915,-0.926614792427823,-0.0011372493023207642,-0.0015216628401785812,0.3760072042663107,-0.10980695668910616,0.035128754497499616,0.13988344429243146,-0.0001882421727827932,-0.002696297383408819,-0.005717964540963294,13776,257000000,5.19,0,2,2,0.5508914041448615,-0.6471554569352996,6.121915184471231,0.5508914041448615,-0.6471554569352996,6.121915184471231,12.920895099639893
-1.4697924233383954,1.6212112739117432,6.872469741279474,-1.1755263018974882,0.7768815490053647,6.174631516368733,-0.9263738775441792,-0.0010278783142570831,-0.0012950912325111802,0.3766015204544883,-0.09808829238041197,0.0339287391133397,0.13721510990995753,-6.035280968319512e-05,-0.0014616965131608595,-0.00407090510634589,13776,509000000,5.3,0,2,2,0.5411747797420104,-0.6244584021589684,6.159182647082556,0.5411747797420104,-0.6244584021589684,6.159182647082556,13.230500936508179
-1.5654329373598825,1.6618226273749341,6.902113032590307,-1.1867812596826623,0.7999294081707787,6.20999150944351,-0.9262157102467883,-0.0009699723604697701,-0.0011592310898933887,0.3769909460835064,-0.08950311388461318,0.03279566424551424,0.13437943497685909,-0.00010780997143911009,-0.0007819390361873957,-0.002515759229027026,13776,776000000,5.4,0,2,2,0.5229276578980493,-0.5940134996146899,6.198228165663447,0.5229276578980493,-0.5940134996146899,6.198228165663447,13.520858764648438
-1.5654329373598825,1.6618226273749341,6.902113032590307,-1.1954975095630525,0.8182847282294156,6.239385439700005,-0.9261336195407294,-0.000943931385975375,-0.0011122251675287377,0.3771927765812898,-0.08498153863745608,0.03156250153830209,0.13241936074443514,-9.021972928735522e-05,-0.00024231823232412353,-0.001596559491190419,13777,35000000,5.48,0,2,2,0.4983700149593653,-0.5588944818182398,6.235456836223674,0.4983700149593653,-0.5588944818182398,6.235456836223674,13.767174005508423
-1.6624542614021296,1.7007517816093567,6.9279257213917065,-1.2046996731595465,0.8375004845579982,6.270974320716748,-0.9260841343832251,-0.0009283666066361194,-0.0011158640740595912,0.3773142841537866,-0.08269099475772743,0.029767461362311665,0.1303328703183259,-0.000330410685478455,5.624367744871961e-05,-0.0006218698501925246,13777,252000000,5.53,0,2,2,0.47372286010201897,-0.5263942616238249,6.265305551448142,0.47372286010201897,-0.5263942616238249,6.265305551448142,14.028753757476807
-1.6624542614021296,1.7007517816093567,6.9279257213917065,-1.2146113286643927,0.8576368631200633,6.3045618074541885,-0.926082099558419,-0.0008955093769507603,-0.0011315848820460026,0.37731931100340044,-0.08128152540645073,0.027946166626033265,0.1276530866670355,-0.00018214916934766734,8.136320772678118e-05,0.00038532325845608284,13777,480000000,5.58,0,2,2,0.4434974825242373,-0.48865984273632856,6.296107888142652,0.4434974825242373,-0.48865984273632856,6.296107888142652,14.341434001922607
-1.760665231540428,1.7380105077773131,6.949855824363647,-1.2247864749839497,0.8773304620799832,6.337467562550484,-0.926114653797067,-0.0008855816316120532,-0.001158514717445111,0.3772393426077956,-0.08125109523762235,0.026048293660727,0.12493986088976498,-0.0003482343203131677,0.0001608780721085168,0.0009074478896309301,13777,751000000,5.61,0,2,2,0.4075733817194661,-0.4457221871865666,6.327463303347393,0.4075733817194661,-0.4457221871865666,6.327463303347393,14.64438796043396
-1.760665231540428,1.7380105077773131,6.949855824363647,-1.234453720696411,0.8952100581574246,6.3671401614088765,-0.9261646932608217,-0.000859226956099015,-0.0011863803661456757,0.3771164477820511,-0.08139379457456171,0.024483018283815515,0.12198410053560638,-0.0003365933878285432,0.00018153294831790845,0.0012829035085815121,13778,15000000,5.64,0,2,2,0.3698140504874345,-0.40178423443019207,6.356939165306074,0.3698140504874345,-0.40178423443019207,6.356939165306074,14.901808023452759
-1.8598734411511666,1.77361665438275,6.967859177197259,-1.2445692639943169,0.9129449358091127,6.3961082136634335,-0.9262318254338323,-0.0008402627681899863,-0.0012315712939569604,0.3769514328718476,-0.08272821199071684,0.022699229151172163,0.11896823299947104,-0.000335441401944081,0.00027614038913270633,0.0016705167467989668,13778,247000000,5.66,0,2,2,0.3374052356792566,-0.3636129199361912,6.383591913008895,0.3374052356792566,-0.3636129199361912,6.383591913008895,15.178826093673706
-1.8598734411511666,1.77361665438275,6.967859177197259,-1.2569888519488526,0.9335248506295531,6.428921105139513,-0.926333025945834,-0.000813092330286886,-0.0012716273643913244,0.3767025973984561,-0.08434002009626876,0.020715993121478773,0.11505862570622445,-0.00031954582766502426,0.00024047141238270342,0.0022415214971260866,13778,492000000,5.68,0,2,2,0.3095980484224255,-0.3295762049579613,6.410278343002562,0.3095980484224255,-0.3295762049579613,6.410278343002562,15.49431586265564
-1.9598857102310134,1.8075941216139089,6.981899523535869,-1.2702897102229436,0.9541076370734285,6.460670663758222,-0.9264687598200732,-0.0007954049291556851,-0.001324537046034553,0.3763685029463384,-0.0869701783325895,0.01862510296723043,0.11126686088540047,-0.00029104509451371996,0.0002872403086939812,0.002955301852125558,13778,763000000,5.7,0,2,2,0.2849737113604829,-0.2967363372743388,6.4417940499136295,0.2849737113604829,-0.2967363372743388,6.4417940499136295,15.828638553619385
-2.060508555620081,1.8399728165048486,6.991948587990478,-1.2857115988206853,0.976449095898262,6.493498078943056,-0.9266522554628895,-0.000774083969822352,-0.001391572190151442,0.3759162962234898,-0.09317244116164491,0.016374341165378586,0.10705913752850263,-0.0004409716837017186,0.0007701077834099124,0.003418463370508107,13779,48000000,5.72,0,2,2,0.26953438270851515,-0.2719158223866866,6.4735875456049845,0.26953438270851515,-0.2719158223866866,6.4735875456049845,16.169402599334717
-2.060508555620081,1.8399728165048486,6.991948587990478,-1.3025907472048703,0.9986551498601661,6.522985337897647,-0.9268375774561186,-0.0007743738954932246,-0.0015440110377715423,0.3754585481651181,-0.1048979104393288,0.01359358794614977,0.10296557119078205,-0.0005434314118701877,0.0012733668427244993,0.003776340372496634,13779,344000000,5.72,0,2,2,0.2611066174071113,-0.252750748226216,6.507691736063934,0.2611066174071113,-0.252750748226216,6.507691736063934,16.49652075767517
-2.161548660910534,1.8707885889991491,6.997986133082629,-1.3240789964801531,1.024491313806999,6.553292523877103,-0.9270655006816662,-0.0007843484185265678,-0.0017291682352023434,0.3748945881452867,-0.11619878260876537,0.010841749330991957,0.09826619193297666,-0.00026955617613566574,0.0005819767807224707,0.004321271080698352,13779,630000000,5.71,0,2,2,0.2586399885204652,-0.2400990828400063,6.539366787276146,0.2586399885204652,-0.2400990828400063,6.539366787276146,16.833264350891113
-2.262813344824469,1.90008314905552,7.0,-1.345943908931061,1.049430724865374,6.580269772682643,-0.9273059002087578,-0.0007644273314089723,-0.0017503119787263303,0.3742995050716169,-0.11915229368611376,0.008888877838993064,0.09361770867655601,-0.00010401345633681558,-0.00034708262148797075,0.005031940145272529,13779,918000000,5.69,0,2,2,0.25986110895885617,-0.23068735421192735,6.572830972819184,0.25986110895885617,-0.23068735421192735,6.572830972819184,17.166918992996216
-2.262813344824469,1.90008314905552,7.0,-1.3666815779570578,1.0722841750057035,6.604144445054841,-0.9275714391360637,-0.0007259717799307994,-0.0016983301963385948,0.37364129046261857,-0.1185354732137566,0.007121533892203423,0.0892094134337149,-0.0003398425207024047,-0.00043425077080883057,0.006031284783603041,13780,206000000,5.66,0,2,2,0.2636674038709038,-0.22495092704871586,6.6033949368881215,0.2636674038709038,-0.22495092704871586,6.6033949368881215,17.456765174865723
-2.364111026850532,1.9279039649910998,6.997986133082629,-1.386096076819984,1.093002541493998,6.625117933136402,-0.9278660634643286,-0.0006807573178654401,-0.00167915491320488,0.3729092185498529,-0.11831571226301074,0.005507581142877132,0.08490775320309872,-0.0002131644052383308,-0.0002534732942649498,0.006908270779604209,13780,462000000,5.61,0,2,2,0.26758215031557414,-0.22075855147619705,6.630971128734629,0.26758215031557414,-0.22075855147619705,6.630971128734629,17.75757384300232
-2.4652516889375873,1.9543041433138177,6.991948587990478,-1.407362345464849,1.1150617331422108,6.646690509731212,-0.9282110208405376,-0.0006437666799963637,-0.0016555186335417509,0.37204992354881977,-0.11807154694345157,0.003930581027940726,0.08031613439807524,-0.00027102371120690805,-0.0002593420788343792,0.007474033918697387,13780,714000000,5.55,0,2,2,0.2655187721999373,-0.21301049126216148,6.655302169563703,0.2655187721999373,-0.21301049126216148,6.655302169563703,18.05912208557129
-2.4652516889375873,1.9543041433138177,6.991948587990478,-1.429119235029458,1.1368225321296699,6.667033410627376,-0.9285953567582612,-0.0006113340851785481,-0.001639699425671934,0.37108974799019667,-0.11937086849925813,0.001726400515808927,0.07545512998396821,2.9710094651136387e-05,-0.00016108554348193138,0.008487253126077121,13780,964000000,5.48,0,2,2,0.2515165720869103,-0.19577666023128698,6.67972749254212,0.2515165720869103,-0.19577666023128698,6.67972749254212,18.357659816741943
-2.566047332055854,1.9793422903500921,6.981899523535869,-1.455265058683388,1.1617558479088819,6.688910480875175,-0.9290959725761239,-0.0005981921877501202,-0.001626068411221578,0.3698346546910592,-0.12173593551232272,-0.0007988103948144082,0.06977141904132793,-0.0002371335199313762,-0.00011857108290769247,0.00931137110455893,13781,220000000,5.4,0,2,2,0.22587264562243703,-0.16976716612828513,6.702035877119748,0.22587264562243703,-0.16976716612828513,6.702035877119748,18.71160054206848
-2.566047332055854,1.9793422903500921,6.981899523535869,-1.4768570498738671,1.181625350400646,6.705229042951366,-0.929515005834106,-0.0005687364635700503,-0.001625397086839737,0.3687802713708624,-0.12329406187163887,-0.0023051981431762027,0.06552987494430221,-0.0003012061540630384,-0.00010931511553735618,0.009766163566382602,13781,534000000,5.3,0,2,2,0.18511751978760066,-0.13145090835164105,6.725103269171191,0.18511751978760066,-0.13145090835164105,6.725103269171191,18.97378373146057
-2.666312426451162,2.0030823560282602,6.967859177197259,-1.4991289258351295,1.2014718312637758,6.720497680065694,-0.9299715936087711,-0.0005289827845366869,-0.0016191489442129552,0.3676274386041835,-0.12540660056447758,-0.004097411309672868,0.061074159896202865,-0.00022291085741699135,-0.0002554386981046264,0.010681828916858649,13781,765000000,5.21,0,2,2,0.1467544761784375,-0.09670009197104526,6.74154972686842,0.1467544761784375,-0.09670009197104526,6.74154972686842,19.24283504486084
-2.765864354436398,2.025593460231259,6.949855824363647,-1.5239487216577958,1.2229148873627909,6.735850781281597,-0.9304937218023811,-0.0004842525989214721,-0.0015891178061172235,0.3663040729917856,-0.12729265711233767,-0.005744605263626393,0.056290609338739514,-0.00031494162442413653,-0.0003615467562667618,0.011431554776208941,13782,1000000,5.11,0,2,2,0.10738785594612502,-0.061654247733585854,6.756603532898666,0.10738785594612502,-0.061654247733585854,6.756603532898666,19.537602424621582
-2.765864354436398,2.025593460231259,6.949855824363647,-1.5516360961775437,1.2460544447695103,6.7509508113561205,-0.9311096348630437,-0.00043091092645708385,-0.0015622224513112,0.3647358244565446,-0.13060122206352895,-0.007798144498178098,0.05072643338729417,-0.00021518466013503712,-0.0003006316575238088,0.012579090071085375,13782,257000000,4.99,0,2,2,0.06729861987516084,-0.02626779546361475,6.771769103865599,0.06729861987516084,-0.02626779546361475,6.771769103865599,19.863945960998535
-2.8645238445856744,2.046949702184108,6.9279257213917065,-1.5826760351865283,1.2710097615654212,6.765343906995429,-0.931816832323821,-0.0003902169269951052,-0.001537220410254884,0.36292544094091866,-0.13418975487101528,-0.009980268654507076,0.04470151118579182,-0.00013859877157074152,-0.00023478439032942333,0.013183851024223259,13782,540000000,4.85,0,2,2,0.030596169105469206,0.0061027727400611315,6.787181465752832,0.030596169105469206,0.0061027727400611315,6.787181465752832,20.20006489753723
-2.8645238445856744,2.046949702184108,6.9279257213917065,-1.6105125773806,1.2926878748269799,6.776441510515683,-0.9324459931039676,-0.00036374218453110027,-0.0015188530878243772,0.3613060070373536,-0.1367142833634579,-0.011640838923329174,0.03988760656310258,-9.907175098078369e-05,-0.00025464868542712793,0.013816325099469395,13782,837000000,4.7,0,2,2,-0.0006072359595616102,0.033495621069650025,6.802718327230388,-0.0006072359595616102,0.033495621069650025,6.802718327230388,20.508557319641113
-2.9621153962212468,2.067229953392476,6.902113032590307,-1.639293611905869,1.3144123758758017,6.786253320040024,-0.9331175014051756,-0.00033352489248154133,-0.001490149860141005,0.35956834786435615,-0.13942076365421172,-0.013336394607811714,0.03498280966491912,-0.00024420842805739085,-0.00032861870522538084,0.014717867452418432,13783,111000000,4.55,0,2,2,-0.021622555458346453,0.05170232774133812,6.81529947479327,-0.021622555458346453,0.05170232774133812,6.81529947479327,20.80819272994995
-3.0584676931106722,2.086517634697958,6.872469741279474,-1.668798257467082,1.3361569313103978,6.794836459944937,-0.933818061780032,-0.0002863573657708844,-0.001459650841532211,0.3577451815360537,-0.14146456486025177,-0.014476625972313856,0.030292232859048217,-0.0002119696418390049,-0.0004014714562572408,0.01543528323963983,13783,371000000,4.4,0,2,2,-0.038288401524373655,0.06561659282969994,6.82693576693777,-0.038288401524373655,0.06561659282969994,6.82693576693777,21.085880279541016
-3.0584676931106722,2.086517634697958,6.872469741279474,-1.6943967115117058,1.3546039774444876,6.801108788509394,-0.9344406013087057,-0.0002450079171308514,-0.0014238512974237521,0.35611609798551375,-0.14389394696030441,-0.015741908879289272,0.026042334522243405,-0.00032446568809518794,-0.0004535140618600053,0.016261008931905963,13783,618000000,4.22,0,2,2,-0.051452895689013234,0.07597452039142782,6.837630993898188,-0.051452895689013234,0.07597452039142782,6.837630993898188,21.3407883644104
-3.153414005322026,2.1049004780634597,6.839055545102902,-1.7255743853997045,1.3764942581307575,6.80724601098341,-0.9352174184366764,-0.0001880051324386902,-0.0013783482490052482,0.3540712429198576,-0.14705623741255397,-0.017409917575446368,0.020648466655193633,3.520438376369839e-05,-0.0005289094474392186,0.017090549772547092,13783,844000000,4.07,0,2,2,-0.060673597375858646,0.08263815854458992,6.845883433634936,-0.060673597375858646,0.08263815854458992,6.845883433634936,21.64804434776306
-3.153414005322026,2.1049004780634597,6.839055545102902,-1.7601170700326854,1.4001247478480783,6.812366413933259,-0.9360685519352685,-0.00015647028106515468,-0.0013088571321336218,0.3518151908145357,-0.14985439744147475,-0.018885997078542483,0.015177378200622635,-0.00016351414586779356,-0.0005535524223887478,0.017587711954547558,13784,107000000,3.87,0,2,2,-0.07138330814096744,0.08964015696270444,6.8544907920737765,-0.07138330814096744,0.08964015696270444,6.8544907920737765,21.96782374382019
-3.2467925782181,2.1224702737481547,6.801937735804838,-1.7931360592605496,1.4221120822005275,6.815708005902364,-0.936886978594109,-0.00011526402617699407,-0.001253547084306204,0.3496300969234675,-0.15250227273541667,-0.020263473828779268,0.010064090585731371,7.942544621997172e-06,-0.0004898203599168482,0.01817236770875752,13784,377000000,3.66,0,2,2,-0.08639037381980677,0.09908528472553435,6.862136300160859,-0.08639037381980677,0.09908528472553435,6.862136300160859,22.28883171081543
-3.3384470076063275,2.139322603575742,6.761191063713476,-1.8268681581061197,1.4440992115325477,6.817805700607252,-0.9377171788788171,-8.747978477372789e-05,-0.001200397214486745,0.34739752997015827,-0.15453934291951082,-0.02127373357745824,0.00539862709235783,-0.00019445546683982684,-0.00048818761797519983,0.018635663582244888,13784,656000000,3.45,0,2,2,-0.1080729939613211,0.11335973441921855,6.867462769011555,-0.1080729939613211,0.11335973441921855,6.867462769011555,22.58200716972351
-3.3384470076063275,2.139322603575742,6.761191063713476,-1.8587087296287954,1.4643961768761002,6.818602682613264,-0.9385094986363526,-4.1803033337656724e-05,-0.0011483721831940475,0.3452515032019082,-0.15705723044714748,-0.022533788568335468,0.000643554179178837,-5.008952079776918e-05,-0.0005932454200774373,0.01951404301507864,13784,907000000,3.24,0,2,2,-0.14131136626865443,0.13615940993663925,6.870527188979494,-0.14131136626865443,0.13615940993663925,6.870527188979494,22.8519184589386
-3.4282266000996273,2.155556561042014,6.716897587203732,-1.8913561730676787,1.48474127775472,6.818205212347325,-0.9393360800993809,-7.026306384124597e-06,-0.0010782080027778138,0.3429964519374264,-0.15982266513168258,-0.023756447053942593,-0.00431469706337523,-6.914003876090646e-05,-0.0006669542642612214,0.02027169794018846,13785,152000000,3.03,0,2,2,-0.18173749837274847,0.1643167511984707,6.871222976471237,-0.18173749837274847,0.1643167511984707,6.871222976471237,23.117010831832886
-3.4282266000996273,2.155556561042014,6.716897587203732,-1.9302802768185785,1.508474273181492,6.816344139361564,-0.9403110443179117,4.178055217757639e-05,-0.000989453414827386,0.3403147942274675,-0.16223785160817014,-0.024846528138803455,-0.009621570384144726,-0.00011196327491802549,-0.0008138892837905587,0.020728445269924123,13785,390000000,2.81,0,2,2,-0.22853290026463507,0.1969051589675994,6.870005727438922,-0.22853290026463507,0.1969051589675994,6.870005727438922,23.43044352531433
-3.5159867177842017,2.1712744590479565,6.669146507442605,-1.9672497438944723,1.530521073189982,6.813223484903913,-0.9412396550939767,9.63431587298327e-05,-0.0008959786483332308,0.33773821166523266,-0.16459801607440228,-0.02581562694113067,-0.014589485055054969,-0.00014929249516626442,-0.0007665090379305184,0.02119784548995085,13785,666000000,2.55,0,2,2,-0.28642561251230003,0.23682748677322524,6.866621472406597,-0.28642561251230003,0.23682748677322524,6.866621472406597,23.732943534851074
-3.601589106333697,2.1865815260826293,6.618033988749895,-1.9990170984296178,1.5491308693610788,6.809672295446926,-0.9420246940952159,0.00014015659048515492,-0.0008307571947828784,0.3355424949442741,-0.16594504279625533,-0.026390463712326406,-0.018135014920246918,-0.0001669993409336712,-0.0006614947722027864,0.021284829017531592,13785,926000000,2.3,0,2,2,-0.33901537816428085,0.27244581389199324,6.862170814507124,-0.33901537816428085,0.27244581389199324,6.862170814507124,23.989962100982666
-3.601589106333697,2.1865815260826293,6.618033988749895,-2.0342043068216853,1.569405666382674,6.8048054760649705,-0.942890618377778,0.0001932013927673557,-0.000751576161405848,0.33310160549247814,-0.16815428732006926,-0.027165258890695588,-0.022816074205094804,-0.00019428928652587274,-0.0008548216783310636,0.0218296696402831,13786,149000000,2.1,0,2,2,-0.38046395436938785,0.2998203082329816,6.85757613224735,-0.38046395436938785,0.2998203082329816,6.85757613224735,24.25664520263672
-3.6849022057545957,2.201585591715769,6.56366296493606,-2.0731169490706547,1.5913993461910938,6.798184290857061,-0.943842582945958,0.00025656711102971263,-0.0006455618673847364,0.33039475788985334,-0.17076139592515738,-0.028114819382151,-0.028166442405264825,-5.536565979014085e-05,-0.0009288827698128443,0.022226561486604623,13786,383000000,1.89,0,2,2,-0.4213527090780523,0.3258538742290187,6.851756229944455,-0.4213527090780523,0.3258538742290187,6.851756229944455,24.55566930770874
-3.6849022057545957,2.201585591715769,6.56366296493606,-2.115774308622267,1.6150037399500194,6.789624890451481,-0.9448713511326272,0.0003089626687148721,-0.0005339232351676663,0.32744121499415996,-0.17282829667207475,-0.029022863591998634,-0.033350054670147164,-0.00011228466547663629,-0.0009104171454055177,0.02250992965855403,13786,643000000,1.68,0,2,2,-0.45997350663736336,0.3490825278326274,6.844590191972523,-0.45997350663736336,0.3490825278326274,6.844590191972523,24.8904447555542
-3.7658014429954756,2.2163967622933605,6.506142932007222,-2.1592623797727573,1.6385299439158416,6.779547692574493,-0.945904751179458,0.0003632781231904221,-0.0004233336631959118,0.3244439713012741,-0.17493521778013782,-0.029823068289373013,-0.03847358094184468,8.218880953592134e-06,-0.000814708442931078,0.022644912496616598,13786,930000000,1.5,0,2,2,-0.4952842231426419,0.36862656177609343,6.836021362025928,-0.4952842231426419,0.36862656177609343,6.836021362025928,25.20323133468628
-3.7658014429954756,2.2163967622933605,6.506142932007222,-2.196983119595744,1.6585867297143488,6.769895526571617,-0.9467812465239226,0.00039209285861840134,-0.00033717850772756034,0.32187731172676914,-0.17601310310233967,-0.03017401252472076,-0.04214752943136628,0.00012076745576905523,-0.0007969507805682952,0.022647295554634184,13787,200000000,1.37,0,2,2,-0.525528042375406,0.3835199249545168,6.826316456212161,-0.525528042375406,0.3835199249545168,6.826316456212161,25.500118732452393
-3.8441695057023733,2.23112708776023,6.445589727654783,-2.231947897177292,1.676881746785036,6.760205922615441,-0.9475839441299652,0.0004141417914645897,-0.0002419043938017412,0.3195065551689659,-0.17728832575269024,-0.030662201493469744,-0.04578914184762484,5.297592302611065e-05,-0.0008981695259535627,0.022750171774532646,13787,446000000,1.32,0,2,2,-0.5483808269290462,0.39329595986317245,6.816839627808253,-0.5483808269290462,0.39329595986317245,6.816839627808253,25.749577045440674
-3.9198965964540973,2.245890220561861,6.3821252979737295,-2.27359666693747,1.6983263593241449,6.747857684919234,-0.9485150706960941,0.0004521954863875878,-0.00012167923026480248,0.3167316551527339,-0.17785762176056558,-0.030957107914375993,-0.049334094710523184,-1.4961293004489562e-05,-0.0010683265486477467,0.022385070042219013,13787,664000000,1.31,0,2,2,-0.5679926916057796,0.4006679081349807,6.807019251085947,-0.5679926916057796,0.4006679081349807,6.807019251085947,26.049663543701172
-3.9198965964540973,2.245890220561861,6.3821252979737295,-2.318878789292122,1.721213576546242,6.733377975493708,-0.9495011525863777,0.0005025626849488307,2.6295328070920248e-05,0.3137631399263523,-0.17934197901438195,-0.031510977424431506,-0.05419730576614149,8.389429027033657e-05,-0.0011546294103936816,0.022329602325044107,13787,928000000,1.36,0,2,2,-0.5916041593611719,0.40907110562665416,6.794032209035955,-0.5916041593611719,0.40907110562665416,6.794032209035955,26.365689039230347
-3.992880666864581,2.2608010676031918,6.315877451879425,-2.3615236781947337,1.7423682225536752,6.718585525125019,-0.9504068659509642,0.000542593264484684,0.00016302874053937915,0.3110087911417371,-0.1809600101693942,-0.03199380374194176,-0.059012591415865547,-1.3922547026368193e-05,-0.0010466502089911955,0.022130648540041875,13788,197000000,1.48,0,2,2,-0.6202885810230294,0.41998972278610947,6.778587514080376,-0.6202885810230294,0.41998972278610947,6.778587514080376,26.676995754241943
-3.992880666864581,2.2608010676031918,6.315877451879425,-2.4045388605464937,1.7633611383731551,6.702695676003764,-0.9512894650813304,0.0005869758692149108,0.00028356872624753395,0.30829844091948094,-0.1817495262843099,-0.03225490990834104,-0.06299674766252819,-7.52139527548934e-05,-0.0009980882055060647,0.021813375860801898,13788,473000000,1.65,0,2,2,-0.6536056680896885,0.4346236692838053,6.762686798803252,-0.6536056680896885,0.4346236692838053,6.762686798803252,26.965254068374634
-4.063027630994201,2.2759754362648694,6.246979603717467,-2.4412449267069984,1.7809959222569536,6.688360741030559,-0.95202511582485,0.0006288542136019534,0.00038731516633765237,0.30601900818089783,-0.18267196648336045,-0.03258005359728324,-0.06670184032392025,0.0001132268792503055,-0.0009526609062504576,0.02168451883335365,13788,728000000,1.86,0,2,2,-0.696012723488341,0.45562995081505064,6.745146054989371,-0.696012723488341,0.45562995081505064,6.745146054989371,27.21308159828186
-4.1302515575682675,2.2915296754973697,6.175570504584947,-2.4814816523999306,1.800052516192328,6.671915373001803,-0.952807664833367,0.0006386614804381079,0.0004975905116792933,0.3035735468547646,-0.18278757829456166,-0.03267746561676959,-0.06993535418295307,0.00015243121254115977,-0.0009033535548041982,0.021170315631025005,13788,951000000,2.06,0,2,2,-0.7389961467640995,0.4783684869539703,6.728986829262067,-0.7389961467640995,0.4783684869539703,6.728986829262067,27.48397445678711
-4.1302515575682675,2.2915296754973697,6.175570504584947,-2.52868430747263,1.8220569299317089,6.651582220565537,-0.9536942872258338,0.0006663731607411423,0.0006348238874046077,0.30077626146066,-0.18368532801292198,-0.032999394758514995,-0.07496289072323423,3.517007520770221e-05,-0.001091013962195575,0.020849767133768182,13789,190000000,2.28,0,2,2,-0.791378589747292,0.5069224368020536,6.7102178033594075,-0.791378589747292,0.5069224368020536,6.7102178033594075,27.793047189712524
-4.19447484055845,2.307580313030434,6.101793962904205,-2.566091267825268,1.8392114428824322,6.634502145322664,-0.9543800897482325,0.0007010123571620319,0.0007469337461797369,0.29859269074076333,-0.18456476318492093,-0.03329704878544035,-0.07935504717972178,-5.046147428799941e-05,-0.0009480386211180303,0.02064198870357359,13789,458000000,2.56,0,2,2,-0.8557254564433936,0.5422146633229373,6.6872542347450015,-0.8557254564433936,0.5422146633229373,6.6872542347450015,28.039270162582397
-4.19447484055845,2.307580313030434,6.101793962904205,-2.6036566880941514,1.8562278675025838,6.616569762117786,-0.9550432730320153,0.0007325462523479203,0.000828206378764897,0.2964643723729336,-0.1846954124670086,-0.03329303858410098,-0.08292593775802844,-9.319280991348933e-05,-0.0007206755412880739,0.020036283422086854,13789,680000000,2.79,0,2,2,-0.9063038852780814,0.5695985993158578,6.668433604257643,-0.9063038852780814,0.5695985993158578,6.668433604257643,28.30372142791748
-4.255628347741508,2.3242436897493723,6.0257985548118125,-2.651645600960982,1.8776425897731632,6.59250052611764,-0.9558626611716317,0.0007673271518102373,0.0009283177186706914,0.2938113721644235,-0.1848099312795695,-0.033469439801261505,-0.08774818841726759,0.00020101983437825766,-0.0006565518333445652,0.01937255492521217,13789,914000000,3.02,0,2,2,-0.9552247252317455,0.5953903883271886,6.648830699982205,-0.9552247252317455,0.5953903883271886,6.648830699982205,28.60791563987732
-4.255628347741508,2.3242436897493723,6.0257985548118125,-2.696256534985146,1.8972456761678564,6.569127066165053,-0.9565822194704228,0.0007649877809271126,0.0010025240851931855,0.2914598894053748,-0.18451761230562638,-0.03345257957401319,-0.09138734085500491,0.00011684411092005575,-0.0005155800067768723,0.0186523220691015,13790,179000000,3.31,0,2,2,-1.0131159557108695,0.6244691700073425,6.622768145592356,-1.0131159557108695,0.6244691700073425,6.622768145592356,28.929941415786743
-4.313651546909344,2.3416355923008934,5.947737324945997,-2.7409451331913055,1.9166212253005817,6.544677077825659,-0.9572798942348942,0.0007716512246820351,0.001065363527785725,0.28915994475129303,-0.1843737743031723,-0.033457957332926655,-0.09546448684098083,3.141444473442334e-05,-0.0003733477910827787,0.018093837206833996,13790,452000000,3.58,0,2,2,-1.0608483138708653,0.6466087239040613,6.597718124594615,-1.0608483138708653,0.6466087239040613,6.597718124594615,29.224440574645996
-4.368492609464751,2.3598708849992414,5.867767478235116,-2.7855897781606567,1.9356887637534725,6.519314878992993,-0.9579375685631295,0.0007750658395564195,0.00110314864205131,0.286973512839386,-0.1835770991932386,-0.033509040058984495,-0.09878914127138867,0.0001489808482801891,-0.0003167304214457545,0.017102847959904466,13790,708000000,3.84,0,2,2,-1.1026766344507926,0.6639720099596143,6.5716543674020595,-1.1026766344507926,0.6639720099596143,6.5716543674020595,29.508957862854004
-4.368492609464751,2.3598708849992414,5.867767478235116,-2.826768227250117,1.9530241564795292,6.495042798180155,-0.958512621137056,0.0007765062785628429,0.0011521227706357848,0.28504670629932055,-0.18323957539155325,-0.03355340649706031,-0.10263892726413822,-9.482445193498279e-05,-0.0004903889021079522,0.016483596482430585,13790,957000000,4.08,0,2,2,-1.13950919055898,0.6772327005283714,6.5442973468092465,-1.13950919055898,0.6772327005283714,6.5442973468092465,29.788858890533447
-4.420108491198272,2.379063142108453,5.786050063307847,-2.8645435666820616,1.9687544302919162,6.471868280122568,-0.9590213119087116,0.0008052746255584691,0.0012062214801359561,0.283330231121587,-0.18308548558769552,-0.03349089342762106,-0.10672071585790029,-0.00015027473665440993,-0.0004723706780396242,0.016014547691156622,13791,202000000,4.3,0,2,2,-1.1702679559160447,0.6867181739849614,6.517673517347899,-1.1702679559160447,0.6867181739849614,6.517673517347899,30.043238401412964
-4.420108491198272,2.379063142108453,5.786050063307847,-2.90908129881504,1.987093640960172,6.4435064452542985,-0.9595899054699839,0.000833113728368541,0.0012389522846593668,0.28139826623285896,-0.18205234322048325,-0.03335447361612666,-0.11057756023717231,-0.0001633915388765672,-0.00026311777503451594,0.015026567143650027,13791,423000000,4.49,0,2,2,-1.1967053568857566,0.693821698685312,6.491967870630808,-1.1967053568857566,0.693821698685312,6.491967870630808,30.34374475479126
-4.468464990103014,2.399324281578565,5.702749648162685,-2.9534917860227705,2.005159516529207,6.4140176409243725,-0.9601237040425579,0.0008540698622161098,0.001266037711320827,0.27957135162384295,-0.18119136370771124,-0.03326054578911717,-0.11487605856391787,0.00015445183407791774,-0.00011854588422011147,0.014198461940395646,13791,695000000,4.72,0,2,2,-1.227409400229384,0.7015148237725323,6.4600520374041865,-1.227409400229384,0.7015148237725323,6.4600520374041865,30.627060174942017
-4.468464990103014,2.399324281578565,5.702749648162685,-2.997683237953082,2.022919184327678,6.383562883267366,-0.9606211318091176,0.0008291315125302258,0.0012729600059466558,0.27785739730215586,-0.17987234571741445,-0.03310155396000365,-0.11848883256556046,0.00027931385773172224,-3.5681602028603265e-05,0.0133720476696908,13791,942000000,4.93,0,2,2,-1.2600689214558805,0.7104200169183756,6.426870626396523,-1.2600689214558805,0.7104200169183756,6.426870626396523,30.932018041610718
-4.513536781146049,2.4207642013125206,5.618033988749895,-3.048388852446393,2.0430735773371858,6.347147809140955,-0.961163724646288,0.0008049470020927268,0.001291228204727809,0.2759745988567096,-0.17835889840443986,-0.032772610025953816,-0.12264823923507062,6.502236839234232e-07,6.618735781671603e-05,0.012685087313002441,13792,209000000,5.14,0,2,2,-1.2978818479985992,0.722944342271718,6.392575086962592,-1.2978818479985992,0.722944342271718,6.392575086962592,31.27105689048767
-4.555307427976892,2.443490419036353,5.53207369113335,-3.095295819101369,2.0615373045085232,6.312292069265614,-0.9616390581530159,0.0007920523339563739,0.001272956075316104,0.27431382406016463,-0.17659183700290418,-0.03239625196966851,-0.12559166415467188,0.0001580809637857783,0.0001169573948800462,0.011779142823797883,13792,511000000,5.38,0,2,2,-1.35028950967559,0.7437722528895047,6.352322896390954,-1.35028950967559,0.7437722528895047,6.352322896390954,31.578142642974854
-4.555307427976892,2.443490419036353,5.53207369113335,-3.1318964871561747,2.075821097947304,6.284197850028145,-0.9619803085439104,0.0007730744598310441,0.0012706546718552428,0.27311476299597437,-0.175475476557916,-0.03218039774461394,-0.12878833979722096,0.00023596790441615667,2.079139287403109e-05,0.010973564712912776,13792,783000000,5.6,0,2,2,-1.4072160970026162,0.7689094136975545,6.314093201525753,-1.4072160970026162,0.7689094136975545,6.314093201525753,31.8408784866333
-4.593769371615339,2.4676077168380504,5.445041867912629,-3.1716020365686375,2.0912320722367785,6.252639282214995,-0.9623248406667095,0.0007479390296745513,0.0012840222219662992,0.2718983135474235,-0.17428484737467487,-0.03178666707830487,-0.1328231363098505,4.492509866338423e-05,1.3403425969116256e-05,0.010098771690536523,13793,10000000,5.77,0,2,2,-1.4557230688304494,0.7912944809486345,6.283533732614761,-1.4557230688304494,0.7912944809486345,6.283533732614761,32.102118492126465
-4.593769371615339,2.4676077168380504,5.445041867912629,-3.2142275573035373,2.1076832459288255,6.217561351851748,-0.9626605624080233,0.0007402772218626929,0.0012660341483075057,0.2707073895028324,-0.17236921573531197,-0.03134283515313524,-0.13619960104039266,-6.433648236381373e-06,0.00017957419515823858,0.008931213051255327,13793,241000000,5.94,0,2,2,-1.5098230799223045,0.8164418019345874,6.249743721295546,-1.5098230799223045,0.8164418019345874,6.249743721295546,32.4082555770874
-4.62892389622261,2.4932177914302063,5.357113789597274,-3.2596854765775753,2.1251407636943624,6.178671295880929,-0.9629777541321332,0.0007397819354724941,0.0012374851943816412,0.2695770138563642,-0.17047474890142728,-0.030830218233793682,-0.1401564517453677,-0.00020164816163514843,0.0003215538470158208,0.007888822801760398,13793,506000000,6.12,0,2,2,-1.5668030417837393,0.8423391410553026,6.212533543275397,-1.5668030417837393,0.8423391410553026,6.212533543275397,32.7284631729126
-4.62892389622261,2.4932177914302063,5.357113789597274,-3.2981984118958474,2.1398790484938273,6.144632035686637,-0.9632213173716473,0.0007438075260113234,0.0011876826928589482,0.26870565665987267,-0.16858400309317131,-0.030323758774487043,-0.14271662332224877,1.8761387041155153e-06,0.00035310300177116005,0.007123874001990771,13793,780000000,6.3,0,2,2,-1.623231059675817,0.8664618727058461,6.171257206006522,-1.623231059675817,0.8664618727058461,6.171257206006522,33.01275110244751
-4.660781072120873,2.520418911178268,5.268466531635311,-3.333170683177889,2.153238073774645,6.112791196175083,-0.9634185217953485,0.0007318211375483964,0.0011605078097607793,0.26799789088929715,-0.16709159359626172,-0.029887309278409064,-0.14555023534892195,0.0001528083700463867,0.00027831019338009355,0.006258895746213966,13794,18000000,6.44,0,2,2,-1.6666331937020449,0.8834019928299309,6.134593034809783,-1.6666331937020449,0.8834019928299309,6.134593034809783,33.271923542022705
-4.689359676286962,2.549305580919973,5.179278617806867,-3.370888204312971,2.1676106957888974,6.077539503364049,-0.9636016105274197,0.0007044448959329123,0.001124075887772173,0.2673390663553494,-0.16488861926450377,-0.029395414583197742,-0.14752878388474788,-0.0001538551003932298,0.0003367013675870112,0.005235355683907983,13794,246000000,6.56,0,2,2,-1.7020147991862746,0.8957166611303589,6.099732709917201,-1.7020147991862746,0.8957166611303589,6.099732709917201,33.55157208442688
-4.689359676286962,2.549305580919973,5.179278617806867,-3.414318780129326,2.1841611817190545,6.035593722225417,-0.9637790808281983,0.0007132974885671837,0.0010882058542756828,0.2666986883594755,-0.1628422099433376,-0.028657362196629975,-0.15148221433469466,1.693031919103305e-05,9.31818334493073e-05,0.004285109571355861,13794,491000000,6.68,0,2,2,-1.7361477303336121,0.9059463068070254,6.060488045350223,-1.7361477303336121,0.9059463068070254,6.060488045350223,33.86232876777649
-4.7146870906059775,2.57996821558224,5.08972966070103,-3.454169261249621,2.199407481319576,5.995520763813706,-0.9639149160068083,0.0007090328551309404,0.001083411079698701,0.2662073593881847,-0.16112872671352205,-0.027954557942068775,-0.15557166206096307,1.504637223703753e-05,0.00014887982189293325,0.003477553150332824,13794,771000000,6.8,0,2,2,-1.7708658434345097,0.914267695971616,6.013472786216268,-1.7708658434345097,0.914267695971616,6.013472786216268,34.170138359069824
-4.7146870906059775,2.57996821558224,5.08972966070103,-3.4904960399898335,2.2133487102997154,5.957756127822504,-0.9640119407058896,0.0006973995289349495,0.001051318561787809,0.26585595073205104,-0.15922373003318513,-0.027320081877725673,-0.15840004009342992,2.1823278650856537e-05,0.0003148182287304735,0.0027129018008054118,13795,32000000,6.9,0,2,2,-1.7992566828912224,0.9193010086019261,5.968535437445612,-1.7992566828912224,0.9193010086019261,5.968535437445612,34.44395184516907
-4.736799178229539,2.612492823579744,5.0,-3.5293378276694565,2.228350735021708,5.915973754210218,-0.9640947210556043,0.0006799171602073326,0.0010189997442108967,0.2655557722680731,-0.1571807596686245,-0.026438671572909127,-0.16181692997741853,0.00020861258178683784,0.00033483825347957463,0.001976156954697217,13795,271000000,6.99,0,2,2,-1.8244594993009193,0.9233403269813952,5.92596964665841,-1.8244594993009193,0.9233403269813952,5.92596964665841,34.723297357559204
-4.75574013844148,2.6469607009543825,4.910270339298971,-3.561708449529339,2.24092791554462,5.880101248901115,-0.9641401995619638,0.000647398477829967,0.0009830219845694068,0.2653908252589096,-0.1550410459901001,-0.025738281728496393,-0.16368672520673994,6.281020290543893e-05,0.00039006304461963737,0.0011398345463931037,13795,517000000,7.08,0,2,2,-1.8542642549869515,0.9297831835318701,5.878921319136562,-1.8542642549869515,0.9297831835318701,5.878921319136562,34.983479022979736
-4.75574013844148,2.6469607009543825,4.910270339298971,-3.5964947799004974,2.2545603626223847,5.840357319739815,-0.9641586891352654,0.00062956141400905,0.000947101254381797,0.2653238187886768,-0.15301479418337277,-0.02476472542516049,-0.1668845562098605,0.00021022392218128516,0.0002660929226294684,5.881570324106633e-05,13795,748000000,7.14,0,2,2,-1.8840389834721298,0.9388460830364976,5.838840751044267,-1.8840389834721298,0.9388460830364976,5.838840751044267,35.23983883857727
-4.771562340490563,2.683448137187101,4.820721382193133,-3.6335919993475083,2.269307194037607,5.796323143064398,-0.9641406190103652,0.0005974216308464251,0.0009243919392754318,0.26538962934004634,-0.15089182960111577,-0.023620181057824718,-0.17074612441873072,5.602363621903805e-05,0.00030492936673454096,-0.0009574914713539329,13795,979000000,7.21,0,2,2,-1.9232530378370531,0.9540387429401151,5.795433032600773,-1.9232530378370531,0.9540387429401151,5.795433032600773,35.54454469680786
-4.771562340490563,2.683448137187101,4.820721382193133,-3.6700267287243693,2.2839950389818333,5.751482568081814,-0.9640969357968405,0.0005809198921094977,0.0008794396310798677,0.26554846545434413,-0.14859034633214505,-0.022582772839088015,-0.1737241964009278,-8.871608727645253e-05,0.0003536938862680472,-0.0016184398646146292,13796,243000000,7.27,0,2,2,-1.9734120469917413,0.9765605071756669,5.748805979113095,-1.9734120469917413,0.9765605071756669,5.748805979113095,35.842522621154785
-4.784326136905276,2.722026133583131,4.731533468364689,-3.7031191736334113,2.297528095547989,5.709302890836412,-0.9640351942925556,0.0005782206250353963,0.0008393687761345257,0.26577265714569015,-0.1467001359460232,-0.021620072626276653,-0.17675474695895282,-3.630762286377376e-05,0.000390841071862269,-0.0022575404727831483,13796,507000000,7.32,0,2,2,-2.0294308105256538,1.0037481668008126,5.702410954122869,-2.0294308105256538,1.0037481668008126,5.702410954122869,36.095640420913696
-4.784326136905276,2.722026133583131,4.731533468364689,-3.7356359261581162,2.3110153102075746,5.666639767272231,-0.9639511840382065,0.0005629532725729808,0.0007837404521466894,0.266077401569273,-0.14436972827380073,-0.0205562343168739,-0.1783932821894308,3.5913683404942276e-05,0.00044659680327185924,-0.0030061858296903665,13796,738000000,7.36,0,2,2,-2.0820506052755667,1.029726289407578,5.65955854969998,-2.0820506052755667,1.029726289407578,5.65955854969998,36.37524080276489
-4.794099656859685,2.762760135098598,4.642886210402727,-3.7701721415522744,2.325620998438008,5.619853804744448,-0.9638331386289507,0.0005414804082799153,0.0007416459579477246,0.2665048548167673,-0.1419495633619537,-0.019274362084751258,-0.18062864413481927,0.00010789429154556274,0.0003924476601468996,-0.0038184548657227424,13796,984000000,7.39,0,2,2,-2.1321234430442426,1.053988857662476,5.6161775618311225,-2.1321234430442426,1.053988857662476,5.6161775618311225,36.682193994522095
-4.794099656859685,2.762760135098598,4.642886210402727,-3.806552285045842,2.341295190696552,5.56902484508703,-0.9636754954814328,0.000513659760449621,0.0006874338588934616,0.2670745270462067,-0.1392376032190687,-0.01805877111295328,-0.18219950708932747,-1.3500150242151676e-05,0.0003644508069555741,-0.004642508247343358,13797,248000000,7.42,0,2,2,-2.180369842941947,1.076058692761446,5.56794903017605,-2.180369842941947,1.076058692761446,5.56794903017605,37.005486488342285
-4.8009585802116845,2.8057097764408754,4.554958132087371,-3.8395975416183123,2.3558505296893966,5.521325279113786,-0.9635024781061565,0.000500209350189127,0.0006514739041297902,0.26769815101276545,-0.1369072079233339,-0.01684678227575223,-0.18392124120496814,6.761752260331377e-05,0.0003314542624366368,-0.005332257842383115,13797,532000000,7.45,0,2,2,-2.2232717343614663,1.0934999278158062,5.514161432836783,-2.2232717343614663,1.0934999278158062,5.514161432836783,37.30533456802368
-4.804985892885419,2.850928643237058,4.46792630886665,-3.8743933253225227,2.3714763713956044,5.469696288654216,-0.963287656123613,0.0004727714620508979,0.0006037843449453558,0.26847030281110285,-0.13424755993567386,-0.015698878960541424,-0.18469452558918076,0.0001340084040180045,0.00035256976786968153,-0.006133072702141362,13797,794000000,7.46,0,2,2,-2.2545926888451673,1.1038094835833232,5.4628946681427,-2.2545926888451673,1.1038094835833232,5.4628946681427,37.6049325466156
-4.804985892885419,2.850928643237058,4.46792630886665,-3.903571697805104,2.384879452604992,5.425155295530943,-0.9630788216608983,0.00044819246760703223,0.0005750065514698932,0.2692185947501269,-0.1322267367638626,-0.014424053742356946,-0.18623912857941965,2.9716999705442504e-05,0.00019875990346918115,-0.006951056684556534,13798,61000000,7.46,0,2,2,-2.280047109091563,1.1093533678519825,5.406309591587406,-2.280047109091563,1.1093533678519825,5.406309591587406,37.88361930847168
-4.806271624318301,2.898464049024539,4.381966011250105,-3.9321401935202376,2.3984006570314933,5.380142986033674,-0.9628355313063455,0.0004420250586955312,0.0005609207687771102,0.2700874481270204,-0.13024573985160764,-0.012823349600263398,-0.1881656873197179,-0.00020182045403771554,0.00016075957063321766,-0.007805186578480061,13798,303000000,7.44,0,2,2,-2.2959523420998287,1.1102451823052486,5.356636734094566,-2.2959523420998287,1.1102451823052486,5.356636734094566,38.16535973548889
-4.806271624318301,2.898464049024539,4.381966011250105,-3.960049196939013,2.412006850382384,5.334860720161413,-0.9625793250127797,0.0004529157343105758,0.0005273207138861166,0.2709991879289373,-0.1279886047190441,-0.011342684857192037,-0.18897210824036054,-8.635072958895762e-05,0.00025597642547836585,-0.008124629403027939,13798,551000000,7.42,0,2,2,-2.3076206285112866,1.1085476034666288,5.305893205515691,-2.3076206285112866,1.1085476034666288,5.305893205515691,38.438750982284546
-4.804912567739545,2.9483568287751334,4.297250351837315,-3.987299173240123,2.4257390738112243,5.289278867544695,-0.9623008592061755,0.00044658997542635476,0.0005007238800066702,0.2719864081237255,-0.12591331930197974,-0.009678069173926225,-0.19033150939332816,6.118135722488205e-05,0.0002598256656938247,-0.008812034047878115,13798,795000000,7.39,0,2,2,-2.3191708865871217,1.1074156444313128,5.254656867221375,-2.3191708865871217,1.1074156444313128,5.254656867221375,38.707194328308105
-4.801011984091487,3.000641149619494,4.213949936692153,-4.011670906772297,2.4383852363527674,5.247341649877403,-0.9620326136362107,0.0004251877811925894,0.0004674184614767101,0.27293378507545296,-0.12365130501289304,-0.00840159574101837,-0.19070473479962632,0.0001500139262589073,0.00035226715056069224,-0.00911517854547128,13799,30000000,7.36,0,2,2,-2.337453660516183,1.1120236989743952,5.20400472163654,-2.337453660516183,1.1120236989743952,5.20400472163654,38.95826601982117
-4.801011984091487,3.000641149619494,4.213949936692153,-4.0397243423656874,2.453468464292652,5.197525242909769,-0.961694611359176,0.0003961459476209893,0.0004367979982036483,0.2741224667162833,-0.12149165672010898,-0.006279962591126874,-0.19234492481128124,-6.10078917162582e-05,0.00016737689492174468,-0.009895101447909838,13799,252000000,7.33,0,2,2,-2.3632203145471635,1.1237178781348147,5.158350658853829,-2.3632203145471635,1.1237178781348147,5.158350658853829,39.23845028877258
-4.794679290446997,3.055344339391937,4.132232521764884,-4.067000416637281,2.4688600549174917,5.147188042079518,-0.9613277397995479,0.0003913512770584227,0.0004289066230210866,0.2754063172390558,-0.11962142321267792,-0.004073847019382499,-0.19425423027544247,0.00010881656464789558,0.00010929455172004054,-0.01058242187355063,13799,507000000,7.28,0,2,2,-2.403309290753503,1.1455989598632232,5.105248852694841,-2.403309290753503,1.1455989598632232,5.105248852694841,39.54042363166809
-4.794679290446997,3.055344339391937,4.132232521764884,-4.091521697406774,2.4832612537796996,5.100440299670955,-0.960969568794653,0.00037239023060989924,0.00041130292836727834,0.27665353785201396,-0.11774255981071031,-0.002406153089691115,-0.1951462351986279,-0.00010477867036229327,0.00019655640386417872,-0.011025000640074722,13799,765000000,7.24,0,2,2,-2.4513753410583443,1.1742441695148296,5.0533846697587155,-2.4513753410583443,1.1742441695148296,5.0533846697587155,39.81025695800781
-4.786029733815932,3.112486733567247,4.052262675054003,-4.115377242084949,2.4978825502914903,5.053409993901506,-0.9605954128145462,0.00037181885507275186,0.0003900031798941152,0.2779499280948097,-0.1158348719265837,-0.00041202219146265346,-0.19624767239377688,4.51342813789779e-05,0.00017559487872631507,-0.011449532212282065,13800,6000000,7.18,0,2,2,-2.4999950563268887,1.2044897424917764,5.006427070023668,-2.4999950563268887,1.2044897424917764,5.006427070023668,40.08737826347351
-4.786029733815932,3.112486733567247,4.052262675054003,-4.1404688986835625,2.513899718980706,5.00236204067195,-0.9601709029223098,0.0003509791342380659,0.0003698049277468364,0.27941291530514306,-0.1136558081960926,0.001428305211193483,-0.19638821477221902,0.00018414597917626452,0.00021757067543148878,-0.01212863116961671,13800,241000000,7.13,0,2,2,-2.5473918017400696,1.2342479382083569,4.9597296065863485,-2.5473918017400696,1.2342479382083569,4.9597296065863485,40.40275573730469
-4.775184051270693,3.1720815411108556,3.9742014451881884,-4.164774867669479,2.5301705213537087,4.951190731612252,-0.9597152459641544,0.0003149584901801138,0.00034822558762077254,0.28097406678206494,-0.11162088741087853,0.0035034719517245184,-0.19674052539427866,0.00014523599958238265,0.00029218061854408006,-0.012581602641148493,13800,502000000,7.06,0,2,2,-2.5927852965249953,1.2624351347874936,4.908643866212959,-2.5927852965249953,1.2624351347874936,4.908643866212959,40.718793630599976
-4.775184051270693,3.1720815411108556,3.9742014451881884,-4.1900735651518755,2.5479018450645294,4.896162069663717,-0.9592190598644548,0.000282951530356716,0.00031443285210928706,0.2826634328369417,-0.10942384934037526,0.0055147269409339394,-0.1963433326008547,8.91530930857698e-05,0.00021161256995583244,-0.012952454562764615,13800,766000000,7.0,0,2,2,-2.6288380454407276,1.284074621911027,4.856192755763558,-2.6288380454407276,1.284074621911027,4.856192755763558,41.050034523010254
-4.762268117355413,3.2341347297119416,3.8982060370957945,-4.219750125497482,2.5699092799356342,4.82941504574045,-0.9585729269374501,0.00024578326687099326,0.0002984675351902162,0.28484696637016516,-0.10826409259284427,0.008057139373055678,-0.19558744567560313,0.0002637233137647854,0.00024100658180259416,-0.013526461862056749,13801,48000000,6.93,0,2,2,-2.656926390637119,1.2999672956060049,4.797931469224523,-2.656926390637119,1.2999672956060049,4.797931469224523,41.43215560913086
-4.747412579775129,3.2986449308157644,3.824429495415054,-4.245433403021732,2.5899607563369185,4.770949488394315,-0.9579874970069269,0.00019932495116399443,0.0002726767118165453,0.2868097653417292,-0.10891498134440065,0.010204078485530343,-0.1943250822081083,0.0001893976218525495,0.00020303586580894262,-0.014049572018848266,13801,380000000,6.85,0,2,2,-2.678028531365286,1.310546790256346,4.725012169683663,-2.678028531365286,1.310546790256346,4.725012169683663,41.787036418914795
-4.7307524843902575,3.3656033648170482,3.7530203962825333,-4.270917299457177,2.6109082084178112,4.712716300881632,-0.9573653482038862,0.0001609685177225681,0.0002552134828460663,0.28887973105371384,-0.10899943262407703,0.012709337357772845,-0.19383177438307164,0.0001640851962747547,0.000193912867985091,-0.01472428903070977,13801,689000000,6.78,0,2,2,-2.6868844560405845,1.31357305349648,4.65954530349458,-2.6868844560405845,1.31357305349648,4.65954530349458,42.12867069244385
-4.7307524843902575,3.3656033648170482,3.7530203962825333,-4.2938166052953655,2.6308701092769837,4.658456283906676,-0.9567583741619828,0.0001335892057741305,0.00024272641767702572,0.2908837168160655,-0.10642974262723255,0.015277820066109948,-0.19381717525326203,-2.2135883703811032e-05,7.051514998579478e-05,-0.015276739759428892,13801,994000000,6.7,0,2,2,-2.6882531657920694,1.3121243973073824,4.593355349174876,-2.6882531657920694,1.3121243973073824,4.593355349174876,42.45026731491089
-4.712426890567834,3.4349937867204927,3.684122548120575,-4.315568128766609,2.6511629800685004,4.604102005412546,-0.9561226018461157,0.00012022634611761386,0.00024517026782367644,0.29296671428027293,-0.10362096068032382,0.01798708710998161,-0.1939116752523508,0.00019867871827727868,6.340715081876169e-05,-0.01564141311973799,13802,275000000,6.61,0,2,2,-2.684769655230223,1.3084952919390536,4.531053479531023,-2.684769655230223,1.3084952919390536,4.531053479531023,42.77065324783325
-4.692578477964153,3.5067924525178915,3.6178747020262714,-4.336182383342942,2.671631439218209,4.549967518165192,-0.9554767860100992,8.764915665397361e-05,0.00024058548066242488,0.29506617195480506,-0.10073488530579917,0.02027379612480785,-0.19276669666292645,0.00014907886907167267,9.608183546561122e-05,-0.01600197392690461,13802,546000000,6.52,0,2,2,-2.689354920992132,1.3125898067931443,4.469767505758,-2.689354920992132,1.3125898067931443,4.469767505758,43.09017729759216
-4.692578477964153,3.5067924525178915,3.6178747020262714,-4.355699402004676,2.6923681693978847,4.49609850924743,-0.9547981379073631,6.041016593451462e-05,0.0002425594831883254,0.2972548626417082,-0.09836515392621299,0.023018987737243195,-0.19206281819305843,0.00014721114354188103,8.759226011179067e-06,-0.016675824190315325,13802,829000000,6.43,0,2,2,-2.707899455300646,1.3288483212260693,4.410485734053684,-2.707899455300646,1.3288483212260693,4.410485734053684,43.404940128326416
-4.671353145833668,3.580968106473816,3.554410272345218,-4.37158250411824,2.7104711923208686,4.450032469965907,-0.9541944286952571,3.729819147889423e-05,0.0002518303871645052,0.299187111081398,-0.09658201437337405,0.025435032124251123,-0.19150414823256262,0.00014459685075962625,1.623991181531892e-05,-0.01699576278042514,13803,102000000,6.35,0,2,2,-2.7390418384871733,1.3562295188404556,4.35315392191906,-2.7390418384871733,1.3562295188404556,4.35315392191906,43.67767930030823
-4.671353145833668,3.580968106473816,3.554410272345218,-4.38549773617697,2.7272766008637523,4.408062904247592,-0.9536311279485576,1.78709426744369e-05,0.00025111211870354716,0.30097775404653143,-0.09492332864287314,0.027340063197842112,-0.19006486946052337,9.772963025511672e-05,7.197421751925503e-05,-0.01711455170152476,13803,341000000,6.26,0,2,2,-2.7734365909797742,1.3867428501879493,4.305690022426757,-2.7734365909797742,1.3867428501879493,4.305690022426757,43.929442167282104
-4.648899605976141,3.6574819894536956,3.493857067992778,-4.399978601666323,2.745908038294464,4.362602010677996,-0.9530093490881988,-1.29864701472416e-06,0.0002488308222690725,0.3029407840354659,-0.09336249691565521,0.029874020846527388,-0.18858371419757733,0.00022481057442291785,7.792265392936315e-05,-0.017197580928041134,13803,569000000,6.18,0,2,2,-2.80964157286568,1.4190854612572552,4.263965231419191,-2.80964157286568,1.4190854612572552,4.263965231419191,44.213913440704346
-4.625368970448108,3.7362878683694305,3.4363370350639406,-4.41486658117142,2.7664052867905293,4.313899127097021,-0.9523273113836657,-2.8108331347436098e-05,0.0002462602799779858,0.3050780728904566,-0.09167490498018367,0.03227181851892174,-0.18626744948017698,-0.00017377212628844063,7.064521412303293e-05,-0.017443648175685667,13803,816000000,6.14,0,2,2,-2.854132355296227,1.4594337672325524,4.21625213144291,-2.854132355296227,1.4594337672325524,4.21625213144291,44.49689340591431
-4.625368970448108,3.7362878683694305,3.4363370350639406,-4.42790469402063,2.7857096163296795,4.269350976193793,-0.9516765383404835,-1.5329596307084902e-05,0.00023715097649849376,0.3071021163989133,-0.0906426904055762,0.03501330493695558,-0.1850544014250296,-0.00014974349085150607,-1.955612720649924e-05,-0.017954954819288105,13804,60000000,5.96,0,2,2,-2.8921009647267795,1.4949850300000793,4.172548948801473,-2.8921009647267795,1.4949850300000793,4.172548948801473,44.76335620880127
-4.6009143351756405,3.8173320867587197,3.381966011250105,-4.4402905859677295,2.8055101875030335,4.225032182800393,-0.9510045209260944,-1.46554709775481e-05,0.00024723247634211794,0.30917687468413474,-0.09001900009529563,0.037842397375835835,-0.18403396847125342,0.0004056098163118804,-3.1043261294882996e-05,-0.01831707158999052,13804,302000000,5.88,0,2,2,-2.9225816819592336,1.5253869737785368,4.127939134174652,-2.9225816819592336,1.5253869737785368,4.127939134174652,45.04922413825989
-4.6009143351756405,3.8173320867587197,3.381966011250105,-4.455268649011018,2.8311265046797365,4.1701853194939345,-0.9501368537085613,-8.355043425312619e-05,0.0002705825057488658,0.31183309482674915,-0.09443733790968172,0.04113525476518674,-0.18163157953277614,0.0005459315048028657,-0.00029769587683858845,-0.01953051942109596,13804,550000000,5.8,0,2,2,-2.944755698108153,1.549828228063855,4.082334830537637,-2.944755698108153,1.549828228063855,4.082334830537637,45.37817096710205
-4.5756903606132395,3.9005536364550437,3.330853492557395,-4.469564450288886,2.8555636076575133,4.123235900348151,-0.949306403637763,-0.00013035900054027814,0.00034262394384425884,0.314352060002318,-0.10688387863776608,0.044232452603251406,-0.179245831279873,0.0002799333572056639,-0.0006074875102513033,-0.021441313765535597,13804,841000000,5.72,0,2,2,-2.9608750009276465,1.57195148594136,4.02413323929237,-2.9608750009276465,1.57195148594136,4.02413323929237,45.676159143447876
-4.5756903606132395,3.9005536364550437,3.330853492557395,-4.486417276987922,2.8830144786604452,4.077063202610767,-0.9483854398947495,-0.0001488261137491334,0.0004259103581117201,0.3171196207218927,-0.12174751793883229,0.04687286318624275,-0.17601694383793395,0.0005157875023087399,-0.00021683505906366918,-0.0231516654821462,13805,105000000,5.65,0,2,2,-2.9659992197261658,1.585110535558037,3.972881122745112,-2.9659992197261658,1.585110535558037,3.972881122745112,45.98427724838257
-4.54985285059824,3.9858842502461127,3.283102412796268,-4.509304377978333,2.919868393954355,4.021327475655096,-0.947183686885889,-0.0002492888510003323,0.00038828994290014115,0.3206912072122384,-0.12785446425794705,0.0494927526201339,-0.17214089948520248,0.0004972115903001395,0.0012655763725888391,-0.023385509484796785,13805,376000000,5.58,0,2,2,-2.9643455506310703,1.5940231375682428,3.921086539096682,-2.9643455506310703,1.5940231375682428,3.921086539096682,46.3432674407959
-4.523558330551639,4.073248515359478,3.2388089362865244,-4.527333768384155,2.9502562202603198,3.9770153734311293,-0.9462127667223246,-0.00035873583050308536,0.00022125216970201374,0.32354477657314296,-0.12369687686286221,0.05090571521192584,-0.1689727198347899,7.13620231351797e-05,0.0015278231558113475,-0.023217767375172116,13805,692000000,5.47,0,2,2,-2.9545124088484864,1.6005171775368014,3.8570692353154685,-2.9545124088484864,1.6005171775368014,3.8570692353154685,46.63789772987366
-4.523558330551639,4.073248515359478,3.2388089362865244,-4.542295839702725,2.977683241263541,3.936763750040568,-0.9452997906942544,-0.0004192682335126595,7.851876544460743e-05,0.3262025808640247,-0.11561267618752469,0.052550256512860306,-0.16667302958863134,0.00025083998878017155,0.0009946033401320165,-0.02383041883149417,13805,945000000,5.39,0,2,2,-2.941936713637759,1.6034926714697482,3.8053475374021017,-2.941936713637759,1.6034926714697482,3.8053475374021017,46.92970633506775
-4.496963626174488,4.162564007555353,3.198062264195162,-4.556390140124374,3.0066282267879063,3.893764998278702,-0.9442590316059439,-0.0004844086919132952,2.100148544003112e-05,0.32920304697520864,-0.10778934754631667,0.0546428921163725,-0.1641677173599736,0.0004767829096863352,0.0003223970026056122,-0.024478773775626905,13806,197000000,5.41,0,2,2,-2.935124802057354,1.61229257820962,3.7552896056956198,-2.935124802057354,1.61229257820962,3.7552896056956198,47.215513944625854
-4.470225443784154,4.253741445548371,3.160944454897099,-4.567662104200016,3.0326878521373763,3.8547521363320696,-0.9433017822737364,-0.0005369042799113885,2.2805221413228175e-05,0.331935925703905,-0.10157856422263196,0.05618542973697731,-0.16130812650405482,0.0001182850432712712,-2.063544957131569e-06,-0.023911355492600705,13806,451000000,5.28,0,2,2,-2.9401461919356504,1.6306096749225891,3.7113764978186383,-2.9401461919356504,1.6306096749225891,3.7113764978186383,47.48319625854492
-4.470225443784154,4.253741445548371,3.160944454897099,-4.5767254793831125,3.0562424237410206,3.8195485223155243,-0.9424294643087967,-0.0005444002850561243,3.862863393895192e-05,0.3344045557985012,-0.09733863118556704,0.058269519737720474,-0.15905149287821785,0.00024506970675020057,-0.0001921393732118304,-0.0236627172853332,13806,689000000,5.25,0,2,2,-2.954888023266045,1.6577468690551231,3.669587657526846,-2.954888023266045,1.6577468690551231,3.669587657526846,47.73472261428833
-4.44349995342669,4.346684865422453,3.1275302587205256,-4.5853756358588855,3.0819101673284406,3.7816872186801054,-0.941489095853565,-0.0005746249849454947,8.328706845124855e-05,0.3370429427509608,-0.09389852635363477,0.06119612961748365,-0.1566467025339699,0.0003949653546442278,-0.00024192778766973788,-0.023042950124363415,13806,911000000,5.23,0,2,2,-2.9752483433145875,1.688952636444052,3.633227783387794,-2.9752483433145875,1.688952636444052,3.633227783387794,48.01961970329285
-4.44349995342669,4.346684865422453,3.1275302587205256,-4.594040757669149,3.11186730579901,3.7383492084476218,-0.9404119206403624,-0.0006174517115962547,0.00012685678898413687,0.3400367953299225,-0.09052119076674772,0.06399070892034064,-0.15332322365981127,0.0003952534882500913,-0.00018856163279679095,-0.022729919692210387,13807,152000000,5.22,0,2,2,-3.0031601760546067,1.7285509779831334,3.5958047985043535,-3.0031601760546067,1.7285509779831334,3.5958047985043535,48.360838651657104
-4.416942375890457,4.441291814646157,3.0978869674096927,-4.600924662296286,3.139893428776948,3.698875234366621,-0.9393983461450259,-0.0006497818105734434,0.0001733505345405756,0.3428269169612866,-0.0885219588895175,0.06667828862067328,-0.15050440085700972,7.454867940737131e-05,-0.00023604789873843401,-0.02261817589896964,13807,436000000,5.26,0,2,2,-3.043438384331617,1.7837136447367732,3.5521966234110924,-3.043438384331617,1.7837136447367732,3.5521966234110924,48.64063549041748
-4.416942375890457,4.441291814646157,3.0978869674096927,-4.6064572237340755,3.1659163345135006,3.6631636336684097,-0.9384800422093629,-0.0006520797095470564,0.00020416646218886494,0.34533280105257985,-0.08696569701104401,0.06866626884532394,-0.1474570808097709,0.00039178558495223115,-0.00023046622885658508,-0.022271130183071364,13807,685000000,5.13,0,2,2,-3.0764725973586775,1.8292763551339382,3.5192803915295476,-3.0764725973586775,1.8292763551339382,3.5192803915295476,48.90461206436157
-4.3907065747319,4.537453565240048,3.0720742786082935,-4.611282139697644,3.192200302824292,3.628165719939136,-0.9375386370108995,-0.0006888701869334905,0.00025231230128699734,0.3478803902322073,-0.08602773503900027,0.07089471615058883,-0.14436411847658198,0.00040651134156632907,-0.00023345318851397678,-0.022719921253155917,13807,919000000,5.09,0,2,2,-3.1053860684844,1.8721179731929685,3.4867948769259605,-3.1053860684844,1.8721179731929685,3.4867948769259605,49.19608807563782
-4.3907065747319,4.537453565240048,3.0720742786082935,-4.616179521001341,3.2231194909213454,3.588400917127003,-0.9364308452792288,-0.0007284432665035507,0.0002988916050626621,0.35085132470014246,-0.08539613296086125,0.07285753669436104,-0.1400767519150478,0.0004719291354149391,-0.00016684517305520785,-0.02287673305545468,13808,175000000,5.08,0,2,2,-3.1273923567897266,1.9098826787943632,3.453946540088562,-3.1273923567897266,1.9098826787943632,3.453946540088562,49.510557413101196
-4.3649446544071155,4.635055345592884,3.050144175636353,-4.620588991153828,3.2546884568531906,3.549810398886361,-0.935278704445548,-0.0007755217388552546,0.0003440742541699959,0.3539110413502203,-0.08928148576798997,0.0751114799212996,-0.13570095619953348,0.00036904681053329114,-0.00021012126865116443,-0.024256654432974756,13808,455000000,5.1,0,2,2,-3.142109117221733,1.9455114873379074,3.414615608974825,-3.142109117221733,1.9455114873379074,3.414615608974825,49.81205630302429
-4.339806565582618,4.7339765903700695,3.0321408228027407,-4.6259456016508365,3.2859140756375944,3.5152028319826707,-0.934104546859275,-0.0008083177155012642,0.0003901485073451608,0.3569984452955519,-0.10217817767553235,0.07664353306079717,-0.1308953629747446,0.0005683868096184597,-0.00042281219521100866,-0.027118945581605658,13808,721000000,5.15,0,2,2,-3.146116846812329,1.9728376754797365,3.3745471979616584,-3.146116846812329,1.9728376754797365,3.3745471979616584,50.12174582481384
-4.339806565582618,4.7339765903700695,3.0321408228027407,-4.635203277321365,3.325823340807214,3.476828486810137,-0.932539989664208,-0.0008566501024699834,0.00048469722365880217,0.3610653665145439,-0.11987046113107266,0.07901786417165386,-0.1253494681787663,0.0005648526325785497,-0.00013958322711005167,-0.030312716808111873,13808,988000000,5.23,0,2,2,-3.141923334091547,1.9924810903324146,3.3370472504341593,-3.141923334091547,1.9924810903324146,3.3370472504341593,50.4604070186615
-4.315439718675568,4.834091207905732,3.018100476464131,-4.646554869459338,3.3690459696759545,3.4400763352298056,-0.9308666245983965,-0.0009322788630215558,0.0004791200797827609,0.36535767202682146,-0.12741373350971122,0.08098809084250329,-0.12012025621706268,0.00035145672256930993,0.0007213700428110315,-0.030088653147686273,13809,288000000,5.38,0,2,2,-3.1293314589313392,2.0101312296905856,3.2937830970681246,-3.1293314589313392,2.0101312296905856,3.2937830970681246,50.78448534011841
-4.291988606647645,4.93526786441942,3.0080514120095216,-4.655363643007617,3.4041203375476816,3.411774724723613,-0.9295674528977242,-0.0010010404869965981,0.00039828698071246965,0.3686504981668431,-0.12484225912151144,0.08203441098801098,-0.11624152336321054,0.0003532141079176654,0.0008907322580853361,-0.029480328885256313,13809,580000000,5.55,0,2,2,-3.109970249835427,2.0236461808770483,3.2509210496038867,-3.109970249835427,2.0236461808770483,3.2509210496038867,51.058945178985596
-4.291988606647645,4.93526786441942,3.0080514120095216,-4.662201593906433,3.435769627156781,3.3866359367286525,-0.9283513498319613,-0.0010616944248777653,0.0003373551927111555,0.3717022064255166,-0.11862463931858427,0.08354305141047187,-0.11282829925417345,0.00025198929449743446,0.0005794538083137013,-0.030288607558759395,13809,824000000,5.71,0,2,2,-3.0913346129802095,2.0328072069770258,3.2172766184970567,-3.0913346129802095,2.0328072069770258,3.2172766184970567,51.324974060058594
-4.269594438048033,5.037370284349661,3.0020138669173706,-4.668537205707183,3.4724687831588033,3.3579390130034823,-0.9268440244413023,-0.001103431420918731,0.0003120886101458736,0.3754448553346405,-0.1124928013929676,0.08548680360206592,-0.1085068417542473,0.00030472309902052075,0.00018788839497574372,-0.03130015866190661,13810,54000000,5.88,0,2,2,-3.0757776733852853,2.043261942204355,3.187484942297396,-3.0757776733852853,2.043261942204355,3.187484942297396,51.607232332229614
-4.269594438048033,5.037370284349661,3.0020138669173706,-4.672921231467833,3.5057408513914337,3.332450366269516,-0.9254314574367177,-0.001132732809054311,0.00031693029218721566,0.37891322761039353,-0.10784026891778287,0.08696499289069981,-0.10453338058875017,0.00017366092350812323,-2.3568618701119703e-05,-0.031137944824877195,13810,300000000,6.1,0,2,2,-3.0694421028557777,2.06678927841884,3.154958653565608,-3.0694421028557777,2.06678927841884,3.154958653565608,51.8866012096405
-4.248394781269408,5.140257566049799,3.0,-4.676332720575105,3.541472335246311,3.3059048624156575,-0.9238968140633178,-0.0011472058926662498,0.00034745237325748833,0.38263983085813125,-0.10450342602442417,0.08895043834702843,-0.10025413740959813,0.0004119612611930279,-0.0001353070601339823,-0.030457195498456713,13810,549000000,6.34,0,2,2,-3.0743203161690222,2.098760633889276,3.1274047222554375,-3.0743203161690222,2.098760633889276,3.1274047222554375,52.18342423439026
-4.248394781269408,5.140257566049799,3.0,-4.678753963221269,3.5796652680827945,3.278580778234719,-0.9222963323851173,-0.0011811106564710808,0.0003825371842964906,0.3864814793905148,-0.1017569993300318,0.09054099970104108,-0.09557918673880447,0.0002236243616948741,-0.00012874577350885374,-0.02940263493655948,13810,809000000,6.61,0,2,2,-3.0888573753711834,2.142704384307018,3.100149738987265,-3.0888573753711834,2.142704384307018,3.100149738987265,52.49577617645264
-4.2285232209468075,5.243784512046629,3.0020138669173706,-4.679809773026029,3.606933151702348,3.2598510006748445,-0.9211578003544973,-0.0011897054834385872,0.00040915259216063024,0.38918726089259753,-0.10063084106565297,0.09194831452638758,-0.09239692588511218,0.00029563773864538234,-0.00018670166497258833,-0.02925838725786889,13811,78000000,6.9,0,2,2,-3.1125273434620127,2.198115849736742,3.0739602897262017,-3.1125273434620127,2.198115849736742,3.0739602897262017,52.72862792015076
-4.210109027392585,5.347801973019649,3.0080514120095216,-4.680467557846091,3.639659028198419,3.238252863959533,-0.9198059470173419,-0.0012265804339795388,0.00043682074921814725,0.392371411445333,-0.09957456833802496,0.0931032187024863,-0.08825988809108513,0.00028515798646822077,2.8675952989942743e-05,-0.0286847878669505,13811,291000000,7.1,0,2,2,-3.1331998392726486,2.241691314692856,3.057301777182123,-3.1331998392726486,2.241691314692856,3.057301777182123,53.00513458251953
-4.210109027392585,5.347801973019649,3.0080514120095216,-4.680560007875864,3.675304904935292,3.21600150792092,-0.9183271061470589,-0.0012547944627333335,0.00044332853649636464,0.3958201044240085,-0.09971046912927484,0.09497055236712001,-0.0835645174580731,0.000272725534955498,9.483444927127493e-05,-0.029126044864824507,13811,534000000,7.33,0,2,2,-3.1591568815809237,2.2955344358965797,3.0390955318350854,-3.1591568815809237,2.2955344358965797,3.0390955318350854,53.295610427856445
-4.193276839921718,5.4521572046181594,3.0181004764641304,-4.680161673727893,3.7086338490763975,3.1965725995726086,-0.9169255564012365,-0.001278527535189458,0.0004478667446152827,0.3990559970743498,-0.10049844001501713,0.09678535392669285,-0.07910809803522242,0.00011209891326302568,9.533067313327592e-05,-0.02935666652774671,13811,780000000,7.57,0,2,2,-3.185538270381262,2.352805969638317,3.02087496985075,-3.185538270381262,2.352805969638317,3.02087496985075,53.57613658905029
-4.193276839921718,5.4521572046181594,3.0181004764641304,-4.679310216589366,3.745133019812472,3.176713743522601,-0.9154060083676677,-0.0012889137452877415,0.00044234956826817224,0.4025294807496588,-0.10136629375956543,0.09823291106376349,-0.07434360883527144,0.00011050066532902747,0.0001141349009969872,-0.02938159814220853,13812,25000000,7.81,0,2,2,-3.2039393169644192,2.4008287191314133,3.0043834858645946,-3.2039393169644192,2.4008287191314133,3.0043834858645946,53.87346887588501
-4.178146364880431,5.5566942361953435,3.0321408228027407,-4.678109063654545,3.782177995298104,3.1581210790212704,-0.913838093142926,-0.001303634528498679,0.0004396302415454129,0.40607640510520615,-0.10361253251705749,0.09972945490578326,-0.06943149749177835,0.00028069736401903356,0.0001789617158465262,-0.030188205710146576,13812,288000000,8.07,0,2,2,-3.215510399130305,2.445854957722097,2.9864363844977477,-3.215510399130305,2.445854957722097,2.9864363844977477,54.17347192764282
-4.178146364880431,5.5566942361953435,3.0321408228027407,-4.677093046149912,3.8231310279280515,3.1395517253691847,-0.9120793456418774,-0.0013383623447759548,0.00041570786070500236,0.4100113452414376,-0.11121725131122892,0.10034615255208798,-0.0637768790858915,1.349967204689051e-05,0.0004627444411653414,-0.0322830346703995,13812,544000000,8.35,0,2,2,-3.2181862771237437,2.48344844095202,2.9683564034263092,-3.2181862771237437,2.48344844095202,2.9683564034263092,54.485507011413574
-4.164832089147639,5.66125425050276,3.050144175636353,-4.677713004647272,3.8665231357203846,3.12267107769774,-0.9101316871209597,-0.0013655685896393184,0.00034771706593443965,0.41431669820757205,-0.1235933762106777,0.10045854200609797,-0.057721411705992244,0.00010347987782211021,0.0006536029161452461,-0.034562215296318755,13812,821000000,8.66,0,2,2,-3.2125507997191236,2.5169040680851342,2.949029607141454,-3.2125507997191236,2.5169040680851342,2.949029607141454,54.81266212463379
-4.153443009833245,5.765675973355503,3.0720742786082935,-4.680125448169329,3.915507091941975,3.106398211776915,-0.9079451119995622,-0.0013985573046938976,0.0002620119857792135,0.41908668433068474,-0.13223605316437512,0.10038404789156699,-0.05164671128850558,-0.0001793564990748564,0.0006651151807091082,-0.035368594399187714,13813,110000000,9.02,0,2,2,-3.199844505454304,2.5447158640306466,2.9301767757211725,-3.199844505454304,2.5447158640306466,2.9301767757211725,55.15248513221741
-4.153443009833245,5.765675973355503,3.0720742786082935,-4.682535805643404,3.958957689636283,3.09375486426338,-0.9059930653318635,-0.00140583693195394,0.00018888220573128338,0.42329015286988025,-0.1337840550779991,0.10098960624451603,-0.04653582622612182,-3.6447182605314765e-06,0.00047049814781985333,-0.036067738255951554,13813,404000000,9.43,0,2,2,-3.1800721406568293,2.5701033920881677,2.910875032836327,-3.1800721406568293,2.5701033920881677,2.910875032836327,55.45150709152222
-4.144082380849918,5.869796072247862,3.0978869674096927,-4.684154461138081,4.002352001650216,3.082440015455646,-0.9039774704844428,-0.0014162164910295535,0.00015449604872929854,0.4275777161152922,-0.13103564649900562,0.10192500333799215,-0.041536752954008875,-1.1940699184975756e-05,0.00026032235780348856,-0.03656926601252053,13813,661000000,9.8,0,2,2,-3.158868589782605,2.589161246407857,2.895043540517621,-3.158868589782605,2.589161246407857,2.895043540517621,55.75771689414978
-4.136847476985778,5.973449562871589,3.127530258720525,-4.684755960935521,4.045217733858955,3.0723776201403434,-0.9019360042322002,-0.0014183911605414492,0.0001313061493569312,0.4318673583345505,-0.12808142527267488,0.10232119297744562,-0.036741679229671045,-3.1768136921073165e-05,0.0002143734391779617,-0.03666096745291725,13813,932000000,10.19,0,2,2,-3.1355353805982213,2.6068878220923133,2.880332600539615,-3.1355353805982213,2.6068878220923133,2.880332600539615,56.04725623130798
-4.136847476985778,5.973449562871589,3.127530258720525,-4.684510954121499,4.084476196186276,3.0642530970537467,-0.900016255119453,-0.0014153346637502606,0.00010822031783944272,0.43585401872290697,-0.12666705877500295,0.10311384975255562,-0.03191917866046302,-0.0002143567229495602,0.00024704592931357183,-0.03712062789418269,13814,185000000,10.6,0,2,2,-3.118257402308284,2.6307130897948476,2.867752019616996,-3.118257402308284,2.6307130897948476,2.867752019616996,56.321125507354736
-4.131829376054615,6.076470222463971,3.1609444548970984,-4.6836376129422845,4.123741911644428,3.057320612244644,-0.8980520347984358,-0.001401137827400714,6.861307598424811e-05,0.43988700242155776,-0.126402181817431,0.10404627538660102,-0.02696978130218807,-8.29578951311305e-05,0.0003388291730743731,-0.03723085465026088,13814,435000000,11.0,0,2,2,-3.1134735905653375,2.663586121599105,2.8587823660084117,-3.1134735905653375,2.663586121599105,2.8587823660084117,56.583123207092285
-4.131829376054615,6.076470222463971,3.1609444548970984,-4.682390773566475,4.159740618036907,3.051959649395161,-0.896274154732483,-0.0014110444702548218,2.9312298263258255e-05,0.4434981935170258,-0.12612501856370184,0.10437713490215014,-0.022768783812168025,-6.121355689003849e-05,0.0004429163936947589,-0.03627829719334841,13814,666000000,11.42,0,2,2,-3.117769726167536,2.7057734651488423,2.852281796148922,-3.117769726167536,2.7057734651488423,2.852281796148922,56.83278179168701
-4.129112759647949,6.178691008890939,3.1980622641951615,-4.680488840536598,4.202385030437392,3.046890520861406,-0.8941720314158202,-0.0014242837652131079,-2.8900089235982316e-05,0.44772128474559525,-0.12661619735120225,0.10482182583144077,-0.0173853761784409,-0.00023463225176101332,0.0005570139990140888,-0.03591168497223407,13814,887000000,11.8,0,2,2,-3.127950564264493,2.7510543058090966,2.8483931938893394,-3.127950564264493,2.7510543058090966,2.8483931938893394,57.128573417663574
-4.129112759647949,6.178691008890939,3.1980622641951615,-4.678001070687354,4.248391011519425,3.042918003470856,-0.8919416348074252,-0.0014250054872586594,-0.00011295158943361869,0.4521482906064749,-0.12710625581515772,0.10503614606514529,-0.011926844340142222,-0.0002458687418993577,0.0006097941479765723,-0.03540070974850096,13815,150000000,12.26,0,2,2,-3.1453722105178223,2.8102464462631684,2.8461008829894343,-3.1453722105178223,2.8102464462631684,2.8461008829894343,57.45815420150757
-4.12877573295956,6.279944484351441,3.2388089362865236,-4.675780241031935,4.284719364476997,3.0409053783626305,-0.8901648930294785,-0.001421894005807995,-0.00017961097446310295,0.4556362685027951,-0.12804279660636472,0.10534810468299091,-0.0075794900901822075,-0.0003962951666380832,0.0005307150729549903,-0.03557294730853755,13815,435000000,12.74,0,2,2,-3.167047760656082,2.8774298459862377,2.8459496346975333,-3.167047760656082,2.8774298459862377,2.8459496346975333,57.698683977127075
-4.130889664098318,6.3800632425732875,3.283102412796268,-4.672917750912192,4.327775373661806,3.0396709543897273,-0.8880871168264224,-0.0014120608403333883,-0.00026645902794576997,0.45967293591280955,-0.12882411080089778,0.1050820593672546,-0.00289132049590236,-0.00018148733005318718,0.0006707156671836856,-0.03469674957159441,13815,655000000,13.12,0,2,2,-3.1824032947517966,2.9289501518406644,2.8468417423570416,-3.1824032947517966,2.9289501518406644,2.8468417423570416,57.97685480117798
-4.130889664098318,6.3800632425732875,3.283102412796268,-4.669629817955858,4.374399854096617,3.0398158183553265,-0.8858339755331976,-0.001436913990435526,-0.000358334060447712,0.46399997270036025,-0.13073563192712007,0.10518004256582543,0.002932215134372653,-2.4165306911072548e-05,0.0007544007701199007,-0.03512733164825477,13815,904000000,13.56,0,2,2,-3.195796594711652,2.985629031409248,2.8486094565037496,-3.195796594711652,2.985629031409248,2.8486094565037496,58.303287744522095
-4.13551904324917,6.47888033835782,3.3308534925573943,-4.665963533528144,4.424924185929855,3.0418384551843864,-0.8833676495967353,-0.001459029993650426,-0.0004603469023325426,0.46867819978973446,-0.13309601883643374,0.10512163377969393,0.009162663385585697,-0.0004661015566398419,0.0006830586585238052,-0.03483716463961173,13816,187000000,14.02,0,2,2,-3.2028536227114137,3.039922330289001,2.851092374210858,-3.2028536227114137,3.039922330289001,2.851092374210858,58.64667224884033
-4.13551904324917,6.47888033835782,3.3308534925573943,-4.661937022149562,4.479232904551194,3.0459321012239577,-0.8807684913098872,-0.0014417849503275356,-0.0005774256952836574,0.47354456237130216,-0.13523759622197934,0.10472115693611439,0.015450567636512553,-0.0004463997271386688,0.0006803183623560471,-0.03452565797488205,13816,481000000,14.51,0,2,2,-3.2011654352557337,3.089491661801295,2.8543837193476516,-3.2011654352557337,3.089491661801295,2.8543837193476516,59.018219232559204
-4.142721361985436,6.576229718320881,3.381966011250105,-4.658059503491028,4.530621666329889,3.0516387482695784,-0.8783088154390901,-0.001426675312766006,-0.0006851397401497555,0.4780911209205527,-0.13716913791816038,0.10422621988901934,0.021017770030117244,-0.00040475484297530784,0.0005930043641910743,-0.03382486756891012,13816,805000000,15.01,0,2,2,-3.190263124156221,3.1339395400168293,2.858899235946999,-3.190263124156221,3.1339395400168293,2.858899235946999,59.36397624015808
-4.152547012978048,6.671946651670999,3.43633703506394,-4.654376493158338,4.578755029394164,3.0582951890325156,-0.8760680595551747,-0.001417826884058086,-0.0007732958066229852,0.482184764180447,-0.13848226372071032,0.10337137151725377,0.025449307606932932,-0.0003184594760341497,0.0006167317621930124,-0.03324640529172029,13817,104000000,15.47,0,2,2,-3.173388224447323,3.1692546544984808,2.8641636281824314,-3.173388224447323,3.1692546544984808,2.8641636281824314,59.69090294837952
-4.152547012978048,6.671946651670999,3.43633703506394,-4.650658538624493,4.627111199113752,3.0662847847178183,-0.8738086856964574,-0.0014242397061928203,-0.000870095883091631,0.48626699998647116,-0.14033274564411555,0.10266281061285801,0.030531903966276957,-0.00027974901684046927,0.000807163814897649,-0.033286485268035904,13817,385000000,15.88,0,2,2,-3.153224517691593,3.1982046947806606,2.870282794290377,-3.153224517691593,3.1982046947806606,2.870282794290377,60.01829528808594
-4.165039210289305,6.765868159862174,3.493857067992778,-4.646962390178168,4.675801409918733,3.0757844951600224,-0.8715492330717448,-0.0014415892673629682,-0.0009916781788458229,0.4903048773231068,-0.1421584006133469,0.10176740584333174,0.035719545833403143,-0.00042788149414718646,0.0008243270883667719,-0.032277772334055044,13817,665000000,16.28,0,2,2,-3.1302834460439155,3.2248473863765654,2.877954514836616,-3.1302834460439155,3.2248473863765654,2.877954514836616,60.347577810287476
-4.1802339303802745,6.857833443958347,3.5544102723452164,-4.643542751833004,4.721116610256105,3.0857731957467767,-0.8695307621909654,-0.001444385553917973,-0.001097217370291672,0.49387545339691924,-0.1432858904588447,0.10072198252131656,0.03989999549317429,-0.00032531362421650556,0.0007473544997083081,-0.031129771741689183,13817,955000000,16.69,0,2,2,-3.1105699510028377,3.255206232613401,2.887999613620138,-3.1105699510028377,3.255206232613401,2.887999613620138,60.64213514328003
-4.1802339303802745,6.857833443958347,3.5544102723452164,-4.639647223508536,4.773641815579887,3.098818708727762,-0.8672287300549117,-0.001457649912981639,-0.001222410045155323,0.4979063272722666,-0.14545101434941524,0.09970224778526438,0.04580201260148745,-0.00046418734029884945,0.0008999395618047856,-0.030852178679197095,13818,208000000,17.07,0,2,2,-3.102250081175206,3.2934735902811925,2.8997873930092917,-3.102250081175206,3.2934735902811925,2.8997873930092917,60.99074411392212
-4.198159873902308,6.947684308549583,3.6178747020262705,-4.6368717290303385,4.81240989760181,3.109554243366578,-0.8655361482980939,-0.0014614710784206907,-0.0013280606288137492,0.5008425664283669,-0.1470665091946684,0.0989283427221449,0.050129770371258306,-0.000435573744539397,0.0007890498409324209,-0.030545296976924874,13818,510000000,17.52,0,2,2,-3.105046650582402,3.3504382065467766,2.9163459625245842,-3.105046650582402,3.3504382065467766,2.9163459625245842,61.23571014404297
-4.218838448284354,7.035265581066037,3.684122548120574,-4.633896802166296,4.8548451718236345,3.122229363142125,-0.863753930855236,-0.0014682821569700097,-0.001416834026256104,0.5039096979231279,-0.14828202377706784,0.09787271347432933,0.054092987742466236,-0.00026842779732305644,0.0006662143391622521,-0.028916907467646524,13818,728000000,17.87,0,2,2,-3.1137176774861817,3.3993064943085045,2.9303764822524987,-3.1137176774861817,3.3993064943085045,2.9303764822524987,61.498082399368286
-4.218838448284354,7.035265581066037,3.684122548120574,-4.63079190281607,4.900971897170333,3.137170771639238,-0.8618826756456857,-0.0014947892440927253,-0.0015069880529162067,0.507103291267132,-0.15010828871118462,0.0965967945398243,0.059440099276368154,-2.5502162692703223e-05,0.0008226371676300914,-0.028050533728674054,13818,959000000,18.24,0,2,2,-3.1268644878516163,3.4566287094239296,2.9470341589365465,-3.1268644878516163,3.4566287094239296,2.9470341589365465,61.80733275413513
-4.242283771069134,7.12042552534505,3.7530203962825324,-4.627893433238025,4.947379532005022,3.153595947721964,-0.860053732674157,-0.0015371989448659282,-0.0016040878573977532,0.5101986288052912,-0.15205112393876125,0.09532322174078868,0.06496784733886667,-0.000375434910893091,0.0007475564132164436,-0.027031981153413653,13819,225000000,18.64,0,2,2,-3.141871708317371,3.5196862766334944,2.96613978015213,-3.141871708317371,3.5196862766334944,2.96613978015213,62.106882095336914
-4.242283771069134,7.12042552534505,3.7530203962825324,-4.625350452529966,4.99033739629825,3.169894693513698,-0.8584328674190667,-0.00154080246057762,-0.0016877689385034697,0.5129208413570916,-0.15317074115685653,0.09407865725471751,0.06924178698953681,-0.0002782477935170391,0.0006034149635070207,-0.025960350649256725,13819,483000000,19.02,0,2,2,-3.15334093184488,3.5793871445069323,2.9861650190436,-3.15334093184488,3.5793871445069323,2.9861650190436,62.377593994140625
-4.268502693892854,7.203016248319119,3.8244294954150533,-4.623148355759364,5.029804667550326,3.185791219256259,-0.8569821787815175,-0.0015532099879432308,-0.0017582724933950763,0.5153407040662081,-0.15432997821826586,0.09286428930402882,0.07334629639240828,-0.00020413220340742555,0.0006082213587887964,-0.025157414165732916,13819,723000000,19.35,0,2,2,-3.1586993077690626,3.6292653369619146,3.005438460272108,-3.1586993077690626,3.6292653369619146,3.005438460272108,62.63598704338074
-4.268502693892854,7.203016248319119,3.8244294954150533,-4.62067892260548,5.07644885643525,3.205570818016802,-0.8553663619815379,-0.001583965447159321,-0.0018333018086893879,0.518017873097453,-0.1550921048272651,0.09133425106881006,0.07723865509879754,-4.11046052306574e-05,0.000696757768992029,-0.023334227626037318,13819,951000000,19.63,0,2,2,-3.1589402011873386,3.6701282362773444,3.0235657341860565,-3.1589402011873386,3.6701282362773444,3.0235657341860565,62.9249427318573
-4.297494846945124,7.2828940987080575,3.8982060370957945,-4.618406507534688,5.123130309189889,3.226474496963714,-0.8538239766851279,-0.0016275108135112705,-0.0019137981674258158,0.5205557659105509,-0.15611274519513635,0.08973693909796406,0.08149256903968775,-0.00013176024253880314,0.0006369414222717751,-0.02208516361861257,13820,206000000,19.93,0,2,2,-3.1539231929071025,3.7127445096617007,3.0454762657104495,-3.1539231929071025,3.7127445096617007,3.0454762657104495,63.244723320007324
-4.329252703688477,7.359920056617248,3.9742014451881875,-4.616001063261328,5.176882163525821,3.251791775221219,-0.8521712031479354,-0.0016487557565224554,-0.0019925929509045435,0.5232566786035198,-0.15663878527983668,0.08790444591869227,0.08573604775872416,-0.0003586187261817031,0.0005702189923795231,-0.020261717691028025,13820,468000000,20.2,0,2,2,-3.144031215893934,3.7500929621237526,3.068232384018115,-3.144031215893934,3.7500929621237526,3.068232384018115,63.59266710281372
-4.329252703688477,7.359920056617248,3.9742014451881875,-4.613956461206042,5.2270232194590855,3.2767125154152916,-0.8507223751356342,-0.0016576524106069537,-0.0020804173596657926,0.5256085658507482,-0.15768258203353064,0.08637264157120082,0.09059473212510225,-0.0002179613815656012,0.0006496313858406211,-0.01923754061863292,13820,758000000,20.47,0,2,2,-3.1279882712906786,3.7882833654429846,3.096047215106307,-3.1279882712906786,3.7882833654429846,3.096047215106307,63.91281509399414
-4.363761665560097,7.433960112965551,4.052262675054003,-4.612315628638438,5.273661548651952,3.3011508635115496,-0.8494359320576436,-0.0016766815656108058,-0.002160951417882597,0.5276846751207195,-0.15870610523036843,0.0847534019755403,0.09515730389600466,-0.00026883928683218983,0.0005052671440353151,-0.017935631876753177,13821,37000000,20.7,0,2,2,-3.109874585691098,3.8205670511209746,3.123793710972253,-3.109874585691098,3.8205670511209746,3.123793710972253,64.23552203178406
-4.363761665560097,7.433960112965551,4.052262675054003,-4.610829771328849,5.323802956622964,3.3286192938730186,-0.8481797147008802,-0.0016794655018820585,-0.0022227482652224114,0.5297012463225955,-0.15919024850248625,0.08286047919551519,0.09926200438328595,-0.00026329076092679315,0.00044517211392758327,-0.016155739831447136,13821,317000000,20.95,0,2,2,-3.090689713456492,3.851480741939634,3.153049995076449,-3.090689713456492,3.851480741939634,3.153049995076449,64.54308104515076
-4.401000166322823,7.504885637691123,4.132232521764883,-4.60979872912742,5.366706154947732,3.3531560064443053,-0.8471870175834958,-0.0016866011615791429,-0.0022856845332391122,0.5312871994135729,-0.15961571998671903,0.08130677736792888,0.10295808946343832,-0.00027084718681180675,0.00039548286281387846,-0.01493333757025539,13821,585000000,21.09,0,2,2,-3.0773420748815474,3.8844161716996783,3.1818531857243095,-3.0773420748815474,3.8844161716996783,3.1818531857243095,64.828045129776
-4.44093979567767,7.5725737357109155,4.213949936692153,-4.608953739202558,5.40945527592838,3.378420124429418,-0.8462850546973252,-0.0016826684198284524,-0.0023223247596357056,0.5327226122764502,-0.15953440089761614,0.07977398970123938,0.10567922506554286,-8.079402604721508e-05,0.00022145872122791843,-0.013370110173127614,13821,835000000,21.25,0,2,2,-3.073208887182784,3.922714292211596,3.2098573918144235,-3.073208887182784,3.922714292211596,3.2098573918144235,65.09905099868774
-4.44093979567767,7.5725737357109155,4.213949936692153,-4.608356101679054,5.44851342726674,3.4022369523000826,-0.8455496867365402,-0.001697920372161483,-0.002353494973347642,0.5338888511549564,-0.15977873062093167,0.07835100877771892,0.10888638467531227,-0.00019191462286016758,0.0003962577920901822,-0.011902213009307161,13822,68000000,21.4,0,2,2,-3.0770291236926774,3.968833647380915,3.2392351640420616,-3.0770291236926774,3.968833647380915,3.2392351640420616,65.35119223594666
-4.483545441696767,7.63690758964005,4.297250351837314,-4.607961001743434,5.498133129499158,3.4337504753679187,-0.844722681685807,-0.0017086621363943803,-0.0024293844592703753,0.5351960104582166,-0.16033073581367133,0.076252034367516,0.11374939108158122,-0.0002530711753934156,0.00040724973757733096,-0.010194198239332763,13822,289000000,21.54,0,2,2,-3.0861873194507745,4.016694426212507,3.267093767429709,-3.0861873194507745,4.016694426212507,3.267093767429709,65.66083765029907
-4.483545441696767,7.63690758964005,4.297250351837314,-4.607918710183627,5.544016282564464,3.4640429595185447,-0.844060755705457,-0.0017096144462109462,-0.002470776227636509,0.5362391380356445,-0.16034542307829844,0.07447775509445922,0.11746994897778804,-4.492242915432598e-05,0.00029819196356584143,-0.00875960886332905,13822,560000000,21.7,0,2,2,-3.1026027144053376,4.082213975885912,3.303344332696551,-3.1026027144053376,4.082213975885912,3.303344332696551,65.96461200714111
-4.528775451583464,7.697776788310476,4.381966011250105,-4.6081822644629185,5.5862325247083335,3.4929882551944247,-0.8435378830841873,-0.0017267109448715896,-0.0025045243641952718,0.5370610632217439,-0.1605326501187276,0.0728195299989883,0.12132416814205946,-6.255754954054282e-05,0.00022747482546492392,-0.00741003477742197,13822,825000000,21.84,0,2,2,-3.118733851759744,4.143865603849152,3.33788560121546,-3.118733851759744,4.143865603849152,3.33788560121546,66.24204087257385
-4.576581810215823,7.755077640164158,4.467926308866649,-4.608712511257043,5.628246506100852,3.522665340520146,-0.8431129078449211,-0.0017278153601349034,-0.002516836970791343,0.5377279096448546,-0.16022360600646424,0.07115264157460169,0.12403740262927307,-0.0001907871009620976,9.244223022619735e-05,-0.005918376382396673,13823,71000000,21.95,0,2,2,-3.131326858249937,4.198358233598642,3.3703283585857613,-3.131326858249937,4.198358233598642,3.3703283585857613,66.5079882144928
-4.576581810215823,7.755077640164158,4.467926308866649,-4.609724740230388,5.676972780114826,3.5582972433097453,-0.8427257558641402,-0.0017235379980889373,-0.0025567495078151277,0.5383342761258444,-0.16019582477981398,0.06891616739466104,0.12859909953838364,-0.00017750892453705092,0.0003579874572778863,-0.004320169091442949,13823,309000000,22.05,0,2,2,-3.1399746772035706,4.2486237685827755,3.4033733125715107,-3.1399746772035706,4.2486237685827755,3.4033733125715107,66.81618618965149
-4.626910335880682,7.8087134706344985,4.55495813208737,-4.611252108734524,5.7254742723772205,3.5953145688600228,-0.8424547375101679,-0.0017311918074969298,-0.0026089168817393232,0.5387580271089274,-0.16023582775344067,0.06679795482193568,0.13327262101609913,-0.00014610368737066892,0.0002027205809440602,-0.0027932171178690623,13823,583000000,22.12,0,2,2,-3.1439987449469236,4.300605799601071,3.4429333082137705,-3.1439987449469236,4.300605799601071,3.4429333082137705,67.14029216766357
-4.626910335880682,7.8087134706344985,4.55495813208737,-4.613202112551412,5.773647995122831,3.6334259399371334,-0.8422966528847856,-0.001725112752242498,-0.002628307612054659,0.5390050691080518,-0.15980569968136699,0.06477585288341672,0.13703650934870015,-9.244831389310093e-05,0.00018963796293292035,-0.0013158079809727496,13823,865000000,22.16,0,2,2,-3.142016087368131,4.3457904070371445,3.4838117784759257,-3.142016087368131,4.3457904070371445,3.4838117784759257,67.46822357177734
-4.6797008925584365,7.858594902670625,4.642886210402726,-4.615643196045755,5.821484878894111,3.6726734995606547,-0.8422490086268741,-0.0017303611062524918,-0.00266446144494041,0.5390793206594908,-0.1593853645771992,0.06263610877992411,0.1407286631705824,-0.00021427365908266438,0.00012127163628861126,0.0001305142582452845,13824,153000000,22.17,0,2,2,-3.1351661792645955,4.385206531929731,3.5261456641451066,-3.1351661792645955,4.385206531929731,3.5261456641451066,67.78747248649597
-4.734887618073344,7.904640119602524,4.731533468364688,-4.618281386620775,5.865515142006116,3.7098140899895644,-0.8423039969528742,-0.0017088006385663492,-0.0026782456206048705,0.5389933985847931,-0.15853861565978783,0.06084285277275905,0.14309709449863922,-0.00028754759284765896,2.045274218043236e-06,0.0014829332144472573,13824,429000000,22.15,0,2,2,-3.1246426191647476,4.419973326214325,3.5696162047628914,-3.1246426191647476,4.419973326214325,3.5696162047628914,68.08090209960938
-4.734887618073344,7.904640119602524,4.731533468364688,-4.621287358004876,5.909161204183844,3.74772639925078,-0.8424578021998783,-0.0016851336383896917,-0.002701691180477153,0.5387529236133544,-0.1579144787349096,0.058889938738202904,0.14657608486854337,-0.00019538241531336098,0.00010508994350288958,0.0029270004688441986,13824,691000000,22.1,0,2,2,-3.1126692605669612,4.4492296624865215,3.6111143433702146,-3.1126692605669612,4.4492296624865215,3.6111143433702146,68.37366890907288
-4.792399167380991,7.946775109590542,4.820721382193133,-4.624766947360976,5.952460304890935,3.786633803522209,-0.8427131943462569,-0.0016710407138561779,-0.002726658355829483,0.5383532715901993,-0.15741605653885374,0.0567938051716412,0.15025892575812375,-0.00027682381187332794,3.866857554157832e-05,0.004321100777815445,13824,946000000,22.03,0,2,2,-3.1009883644330816,4.478048817885357,3.653943963382514,-3.1009883644330816,4.478048817885357,3.653943963382514,68.65580415725708
-4.792399167380991,7.946775109590542,4.820721382193133,-4.62834443282919,5.992078523090228,3.8232269536946055,-0.8430283239081117,-0.001645003845809772,-0.0027392556902523096,0.537859680148355,-0.15664288616572705,0.055084301880585815,0.15277265597036138,-0.00017158036058617654,-2.9569837067811022e-05,0.005431078443507431,13825,199000000,21.95,0,2,2,-3.093826598937405,4.510517514034671,3.698047694045601,-3.093826598937405,4.510517514034671,3.698047694045601,68.93885540962219
-4.8521589702234715,7.984933890950487,4.91027033929897,-4.6319563044778995,6.028101118940816,3.857389716371639,-0.8433802078654068,-0.001631876789889331,-0.002745534347428546,0.5373077553880946,-0.15604721340086627,0.053396236441510904,0.1555017726008412,4.662516772668823e-05,-7.035127467247548e-05,0.006450965292970068,13825,442000000,21.86,0,2,2,-3.0947672058824276,4.547083908651217,3.739295173618453,-3.0947672058824276,4.547083908651217,3.739295173618453,69.19042015075684
-4.914085502344078,8.019058717695309,4.999999999999999,-4.636227607600313,6.067018209641768,3.895148477137171,-0.8438451838450362,-0.0016282834168053221,-0.0027194391287692606,0.5365773560685138,-0.15494835820446862,0.051625704617327337,0.15729867532202454,1.3444613156110563e-05,-0.00020377877518740206,0.007911871580290608,13825,670000000,21.77,0,2,2,-3.10229799199326,4.586498342469689,3.7771984784139874,-3.10229799199326,4.586498342469689,3.7771984784139874,69.4630811214447
-4.914085502344078,8.019058717695309,4.999999999999999,-4.641322289088283,6.108729143218015,3.9367189097837936,-0.8444544655912607,-0.0016182700211239583,-0.002710521852050643,0.5356180447076127,-0.15422097372495402,0.049310677042579375,0.16069646971864487,-9.670071960954374e-05,2.2564305801608953e-05,0.009480705193709582,13825,905000000,21.66,0,2,2,-3.1165132684647223,4.6347595996691435,3.8186971507063485,-3.1165132684647223,4.6347595996691435,3.8186971507063485,69.77497625350952
-4.978092569416851,8.049100264685944,5.089729660701029,-4.646545848429311,6.146856252212994,3.9760039275861647,-0.8450998792000055,-0.00161375517271311,-0.002722414574445657,0.5345990819569968,-0.15365721447948483,0.04717165482498149,0.1643142049085898,-6.839492217025622e-06,-3.592417527897851e-05,0.010542034033278469,13826,161000000,21.54,0,2,2,-3.1368185785152494,4.691218122188108,3.863762420994203,-3.1368185785152494,4.691218122188108,3.863762420994203,70.05671191215515
-4.978092569416851,8.049100264685944,5.089729660701029,-4.652223381400496,6.1845964068745,4.01596655282461,-0.8458046085319094,-0.0015978913763394242,-0.0027045327983244616,0.5334835484170767,-0.15280989201317652,0.04520468169114207,0.16683318028521216,-0.00022520978291140636,-0.00020513187024562285,0.011459121469670208,13826,409000000,21.41,0,2,2,-3.1561008070167915,4.743502281066884,3.905642615320685,-3.1561008070167915,4.743502281066884,3.905642615320685,70.3213152885437
-5.044089602812401,8.07501779183718,5.179278617806866,-4.659424960622556,6.228100473498956,4.063467639926368,-0.8467066451756102,-0.001562870619512781,-0.0027078838965295814,0.5320508263462174,-0.1516509110773393,0.04287353325238828,0.17000847376516717,-0.00010803958900851285,-0.0001397576184558602,0.012656090711971046,13826,646000000,21.29,0,2,2,-3.1733539963405804,4.793473140256426,3.9481748353874035,-3.1733539963405804,4.793473140256426,3.9481748353874035,70.62887382507324
-5.044089602812401,8.07501779183718,5.179278617806866,-4.667125120388394,6.270977604103852,4.111599437251035,-0.8476846057085888,-0.0015354101416434228,-0.0026967427552919386,0.530491450768891,-0.15030424372959397,0.04085030265484431,0.17218739078948256,-0.00014603436824245364,-0.00014688863529954688,0.01381696847602143,13826,922000000,21.13,0,2,2,-3.1884725274204446,4.84630704609218,3.9987899525944863,-3.1884725274204446,4.84630704609218,3.9987899525944863,70.97546982765198
-5.1119819662900525,8.096779286879451,5.26846653163531,-4.6753925129940095,6.313276522042111,4.160465676662668,-0.8487544383778721,-0.001504169106963039,-0.002689811449033877,0.5287782197892886,-0.14912822496168232,0.038794334889168745,0.1744708352172331,-0.00017308059483411853,-0.0002608286166605467,0.014981479307607515,13827,197000000,20.95,0,2,2,-3.1972170416514487,4.892049693744126,4.050241273751584,-3.1972170416514487,4.892049693744126,4.050241273751584,71.3058180809021
-5.181671272677615,8.11436158623374,5.357113789597273,-4.6822069473943,6.3460812194506016,4.199128751875394,-0.849643672195834,-0.0014686785275490287,-0.002672111366673226,0.527348398216781,-0.1479774143920291,0.03744881411025978,0.1752962366540955,-0.00033745152165920445,-0.0002787573777141006,0.01561132576171076,13827,480000000,20.75,0,2,2,-3.2004359562925115,4.931271470929974,4.102733232418664,-3.2004359562925115,4.931271470929974,4.102733232418664,71.57843661308289
-5.181671272677615,8.11436158623374,5.357113789597273,-4.690009375843557,6.381432224683005,4.241626553123707,-0.8506565131525975,-0.0014205111081504553,-0.0026769687130755618,0.5257131467043273,-0.14693826374032284,0.03548329410756855,0.17715930953924625,-0.00022499384613183793,-7.414550680095999e-05,0.016455412151117343,13827,713000000,20.57,0,2,2,-3.199763997359973,4.958084550473227,4.1448740252666925,-3.199763997359973,4.958084550473227,4.1448740252666925,71.84556412696838
-5.2530557095740935,8.12775047361449,5.445041867912629,-4.698310439903532,6.41630069814241,4.284686947472502,-0.8517263079704386,-0.0013985236001719777,-0.0026916935367406287,0.5239781438463721,-0.14591735149571242,0.033231591574998776,0.17959714097098214,-0.0003586253512821713,5.320664220320737e-06,0.017320233382633887,13827,947000000,20.36,0,2,2,-3.1966157626332756,4.984001203964218,4.191852729829458,-3.1966157626332756,4.984001203964218,4.191852729829458,72.12591552734375
-5.2530557095740935,8.12775047361449,5.445041867912629,-4.707803657487375,6.453511588167561,4.331802403293332,-0.8529207693525693,-0.0013501168407528423,-0.002711828789569876,0.5220315932739639,-0.14463752858928813,0.03113845378839853,0.1812641512070427,-0.0005215963710725191,-8.715761197208849e-05,0.018019919116341043,13828,194000000,20.13,0,2,2,-3.191850808464489,5.007283965667957,4.239953197554466,-3.191850808464489,5.007283965667957,4.239953197554466,72.42194890975952
-5.326030373087438,8.136940756034273,5.53207369113335,-4.717847788768237,6.490142263421425,4.379480910941504,-0.854181205529416,-0.001291507166790776,-0.002730219364201682,0.5199666778090446,-0.14346486603088876,0.02889282187793036,0.1833829028369785,-0.00028092018453662604,-0.00017132503558059398,0.019043031716137193,13828,453000000,19.87,0,2,2,-3.186696491375323,5.031358359249316,4.293215974636648,-3.186696491375323,5.031358359249316,4.293215974636648,72.71565675735474
-5.400487608599136,8.141936316943644,5.618033988749894,-4.728377658007118,6.5261669234757465,4.427485677603805,-0.8554879091240248,-0.0012511048529011484,-0.0027207783369418313,0.5178141263469862,-0.14206676626201087,0.026894349712313515,0.18436697313117298,-7.447562850870781e-05,-0.0002201039421834139,0.01972251629922539,13828,715000000,19.61,0,2,2,-3.184737003465901,5.0574581706399995,4.346975223315313,-3.184737003465901,5.0574581706399995,4.346975223315313,73.00137734413147
-5.400487608599136,8.141936316943644,5.618033988749894,-4.739443777626493,6.561586320581301,4.475877307361994,-0.8568392935524032,-0.0012265370387582564,-0.0027042630979614087,0.5155750261529433,-0.14093104878636029,0.024517379725091226,0.18637105506021573,-0.000230699330927564,-0.00018082508859151858,0.02058443660644116,13828,974000000,19.33,0,2,2,-3.190334427798304,5.089564976355348,4.400595407571931,-3.190334427798304,5.089564976355348,4.400595407571931,73.30092906951904
-5.47631735752994,8.142750146300394,5.702749648162685,-4.751151720688446,6.596380797082556,4.524906411821499,-0.8582491124484996,-0.001192465532427514,-0.002695272605716376,0.513224877137593,-0.13979178347997268,0.021976911770085816,0.18869725799740047,-2.200227040560776e-05,-0.00024436647549919144,0.021390957044786774,13829,220000000,19.04,0,2,2,-3.204746233601142,5.128782997015042,4.453664649687812,-3.204746233601142,5.128782997015042,4.453664649687812,73.60487031936646
-5.47631735752994,8.142750146300394,5.702749648162685,-4.764375494377594,6.6331444212368345,4.578134879620823,-0.8597983867974823,-0.001156804446431527,-0.0026710741188033784,0.5106253628904183,-0.13836949020157288,0.019601191267747637,0.19008308389219758,-0.00036781030132715387,-0.0002299515898585014,0.021949192887404934,13829,484000000,18.75,0,2,2,-3.2263471157290025,5.173818412287623,4.505765100339053,-3.2263471157290025,5.173818412287623,4.505765100339053,73.92777466773987
-5.553407509066662,8.139404347423483,5.786050063307846,-4.775222465872871,6.661496638626442,4.620292803747705,-0.861043685969427,-0.001115457994412882,-0.002670410316748282,0.5085227581086078,-0.13727684923114802,0.017684925333117402,0.1913648106075973,-0.00015753229973825,-0.00022165506976534743,0.022485638328362256,13829,759000000,18.43,0,2,2,-3.254727204821713,5.2261618546840545,4.561105318373681,-3.254727204821713,5.2261618546840545,4.561105318373681,74.1829559803009
-5.631644255798397,8.131930120548828,5.867767478235116,-4.788478965748334,6.694399990669744,4.670269178284655,-0.8625538794763448,-0.0010716997099134242,-0.0026443119761587496,0.5059571761268058,-0.13578064855297936,0.01566226701790522,0.19169887238280883,-0.00030697777049226715,-0.0003590911063611202,0.023235635308083147,13829,987000000,18.18,0,2,2,-3.277534544377622,5.267098998677543,4.604739784474276,-3.277534544377622,5.267098998677543,4.604739784474276,74.46608686447144
-5.631644255798397,8.131930120548828,5.867767478235116,-4.803367026836377,6.729067295504398,4.724317972576459,-0.864221146362143,-0.0010145908117817634,-0.002626501584964016,0.5031042459326023,-0.13442635711154466,0.012849572141816026,0.19310819402892107,-0.00021056220305126772,-0.00022071706240467392,0.02420242853986565,13830,243000000,17.88,0,2,2,-3.3022324575659368,5.3126549046213,4.656856953889115,-3.3022324575659368,5.3126549046213,4.656856953889115,74.79581356048584
-5.71091245220216,8.12036772306612,5.947737324945997,-4.819044329107716,6.762926372915482,4.778879218248534,-0.8659584192665667,-0.0009765018058342744,-0.00261777589830793,0.500108198088092,-0.13323138619212788,0.009994873623143106,0.19472058806311926,-0.0002841690019295129,-0.0002668046761300502,0.02506268137949519,13830,535000000,17.55,0,2,2,-3.3235289438206563,5.355860874062132,4.713837535383035,-3.3235289438206563,5.355860874062132,4.713837535383035,75.11666631698608
-5.71091245220216,8.12036772306612,5.947737324945997,-4.835379327046468,6.796004165303426,4.8336501069144555,-0.867719457158346,-0.000915652761272205,-0.002598251688339028,0.497046631954196,-0.13185077151883767,0.007570490394861763,0.19517757816980366,-0.0003852688905681134,-0.00025988091465478647,0.025340962383779697,13830,813000000,17.22,0,2,2,-3.3390117207810137,5.392422937646819,4.771969955882064,-3.3390117207810137,5.392422937646819,4.771969955882064,75.4133768081665
-5.791095974912476,8.104766406478063,6.025798554811812,-4.849900726253479,6.823716439463063,4.880738448247033,-0.8692319445510669,-0.000868263746556786,-0.0025997796791084535,0.49439691932257934,-0.13063662924848737,0.00546329384387855,0.19553822240728858,-0.0003040561750822235,-0.00017442349076191022,0.025556164655426983,13831,81000000,16.87,0,2,2,-3.349191329612594,5.422559080652068,4.8313362159786175,-3.349191329612594,5.422559080652068,4.8313362159786175,75.7062017917633
-5.791095974912476,8.104766406478063,6.025798554811812,-4.864793007143586,6.850835902411032,4.92773274749732,-0.8707552498293245,-0.0008223519257808684,-0.002595589775834571,0.4917091432398797,-0.12920085243293383,0.0037610342757986976,0.19482897125709736,-0.0004149748775716944,-0.00018826491867685036,0.026025250372185837,13831,336000000,16.57,0,2,2,-3.3544142640809684,5.443934300408074,4.882852692946852,-3.3544142640809684,5.443934300408074,4.882852692946852,75.96777749061584
-5.872078083707181,8.085184330185637,6.101793962904205,-4.880090742650237,6.8773421864280975,4.97462749251419,-0.8723138385827455,-0.000767139599539246,-0.002605249527751646,0.4889388419718447,-0.12787962018027557,0.0016769446556014627,0.194449079975623,-0.0005139491179306788,-0.00016127798829757012,0.02677747961570276,13831,576000000,16.29,0,2,2,-3.35739985036425,5.463340537123514,4.939125039121123,-3.35739985036425,5.463340537123514,4.939125039121123,76.23564791679382
-5.953741782142302,8.061688452265003,6.175570504584946,-4.895756608473218,6.903230948804033,5.021278383702098,-0.8738900208932273,-0.000695986407132827,-0.002609127025834279,0.48611617895552384,-0.1264503254332028,-0.0001150633092858737,0.1931956738614872,-0.00047800374716189253,-0.00026806671371559787,0.027102470812678803,13831,815000000,15.94,0,2,2,-3.3589106011700065,5.477734324145611,4.987133391628267,-3.3589106011700065,5.477734324145611,4.987133391628267,76.51180410385132
-5.953741782142302,8.061688452265003,6.175570504584946,-4.91322039920812,6.9305880081675415,5.071640206725346,-0.8756124923622924,-0.0006249711611979836,-0.0026081840218743343,0.4830068012008214,-0.12526227240981924,-0.002694125605699459,0.193063736554407,-0.0005352235064037814,-0.00021302397925637706,0.027644230613077525,13832,55000000,15.61,0,2,2,-3.3615029416785256,5.49316700145777,5.039828029313404,-3.3615029416785256,5.49316700145777,5.039828029313404,76.78706169128418
-6.035970176772812,8.034354397463265,6.246979603717467,-4.9299144231057985,6.955153392771809,5.118185476319657,-0.8772278354584453,-0.0005641353640586163,-0.0026162069359622134,0.4800668306699074,-0.12415039163397976,-0.0052865241315589616,0.1932962010503819,-0.0003961326910939533,-0.00014227963305302183,0.028090532396163326,13832,302000000,15.24,0,2,2,-3.369837296655387,5.513632185819606,5.096552095505208,-3.369837296655387,5.513632185819606,5.096552095505208,77.06941413879395
-6.035970176772812,8.034354397463265,6.246979603717467,-4.948521889725443,6.981046844689571,5.16850808823693,-0.8789770233285177,-0.0005126534679800038,-0.002623224267597286,0.47685663290070956,-0.1228499517091997,-0.007642844403684536,0.19270124673118288,-0.00031073602997366834,-0.00010602441449236721,0.02830484081641771,13832,551000000,14.9,0,2,2,-3.385449445465425,5.538679705231264,5.147519333235051,-3.385449445465425,5.538679705231264,5.147519333235051,77.3665201663971
-6.118646833902687,8.003266302701505,6.315877451879425,-4.972206059571869,7.011844570183152,5.230340081915372,-0.8811488952358097,-0.00046473294297605947,-0.0026237891232453884,0.47283139085581044,-0.12134854626912064,-0.010716272006490985,0.19212312241140422,-0.0001677684679179947,-0.00019511487039380881,0.028652054970734753,13832,811000000,14.52,0,2,2,-3.4103006416402266,5.571945132041343,5.201138244152685,-3.4103006416402266,5.571945132041343,5.201138244152685,77.72181105613708
-6.118646833902687,8.003266302701505,6.315877451879425,-4.990451322860594,7.034252476550173,5.276466880871901,-0.8827704131696009,-0.00043382445224122686,-0.0026092350319051358,0.46979719169154743,-0.12036384402567493,-0.012585344682687674,0.1911476193892229,-0.00015054134223646543,-0.00020210506335160972,0.028811206175305415,13833,127000000,14.05,0,2,2,-3.4490729102039106,5.619139324990255,5.26466502930125,-3.4490729102039106,5.619139324990255,5.26466502930125,78.00178623199463
-6.201656132817683,7.968516640433846,6.382125297973729,-5.009151174021508,7.056043214356229,5.3224172591122185,-0.8844045779475518,-0.00040627467235596483,-0.0025943840018224267,0.46671366662864583,-0.11933537988379046,-0.01484808414125773,0.19033534892324291,-0.00011195863507396098,-0.0002190482049968523,0.02920175866165664,13833,373000000,13.71,0,2,2,-3.480650587294446,5.655968581979537,5.311277231200376,-3.480650587294446,5.655968581979537,5.311277231200376,78.27651834487915
-6.284883614466956,7.930206020270921,6.445589727654783,-5.03146195121751,7.080690419234997,5.375534909655212,-0.8863065307279763,-0.00035755106921593204,-0.0025739080510282647,0.46309176276793823,-0.11798445429389157,-0.017141428772581117,0.18817195462009584,-0.00047610369051653834,-0.0002686886602987215,0.02942453411378665,13833,612000000,13.36,0,2,2,-3.5109824219333654,5.690826869850354,5.357907334953933,-3.5109824219333654,5.690826869850354,5.357907334953933,78.58173251152039
-6.284883614466956,7.930206020270921,6.445589727654783,-5.052712005541513,7.1027646610305615,5.42445891770927,-0.8880884861346802,-0.00028642473119686864,-0.002572775681892477,0.4596652473063151,-0.11676802412609535,-0.019886249299091358,0.18715844377761473,-0.0005281357914554974,-0.00023590816624619038,0.03005621001648251,13833,878000000,12.97,0,2,2,-3.5419785012799974,5.726443731306148,5.412809459790602,-3.5419785012799974,5.726443731306148,5.412809459790602,78.90469431877136
-6.368216324575463,7.888442969334668,6.506142932007221,-5.076277169788189,7.125580607168576,5.476933152765041,-0.8900348185067349,-0.00021809658833105193,-0.0025661065707918516,0.4558852809387782,-0.11553214558951246,-0.022885845070615172,0.1861802167112569,-0.00018534866939035055,-0.00026250529572280357,0.030472535036096815,13834,146000000,12.6,0,2,2,-3.5650242756969717,5.7532328371281665,5.4643643922444785,-3.5650242756969717,5.7532328371281665,5.4643643922444785,79.2243435382843
-6.368216324575463,7.888442969334668,6.506142932007221,-5.102180031043725,7.14904967339326,5.532661376862268,-0.8921116073934436,-0.00016801804184564243,-0.0025468795694171638,0.4518078851993206,-0.11438155861339352,-0.025579971386558868,0.1843650233816988,-0.00030437484497269907,-0.00017551539315263653,0.03064204029215034,13834,431000000,12.2,0,2,2,-3.5840513812862245,5.7753348129692155,5.5205932564201285,-3.5840513812862245,5.7753348129692155,5.5205932564201285,79.558762550354
-6.451543150187733,7.8433436918687205,6.563662964936059,-5.126992930528191,7.170050268125511,5.584239400380457,-0.8940488094642007,-0.00012793781544828925,-0.0025414386353615932,0.447962332141022,-0.11335962845443018,-0.028059820587101346,0.18257613610197668,-6.198740933882618e-05,-0.00020345536313470802,0.03074576125072781,13834,725000000,11.76,0,2,2,-3.5990798238777355,5.792121651374922,5.581651871501251,-3.5990798238777355,5.792121651374922,5.581651871501251,79.88357877731323
-6.534755148665063,7.795031808684679,6.618033988749895,-5.1522795139179545,7.190233910755628,5.635123251718332,-0.8959672889994013,-8.194841980772622e-05,-0.0025231147532839993,0.444112873287255,-0.11218031664520993,-0.030177646653354644,0.17990217552438134,-0.000626037711981553,-0.0001967480983466885,0.030811101896688342,13835,10000000,11.35,0,2,2,-3.609426730433286,5.802470374126798,5.639328257736707,-3.609426730433286,5.802470374126798,5.639328257736707,80.2030143737793
-6.534755148665063,7.795031808684679,6.618033988749895,-5.178072187882782,7.209516616971416,5.68533185700953,-0.8978872256066446,-3.5512491584714905e-06,-0.002537149443946486,0.44021823332580157,-0.11097031471839433,-0.032955446589059155,0.17779214421187312,-0.0003180502574195998,-0.00010996268642315954,0.03142172863590531,13835,285000000,10.93,0,2,2,-3.6173823365446824,5.809037958277031,5.697137053796011,-3.6173823365446824,5.809037958277031,5.697137053796011,80.51890707015991
-6.61774586818253,7.743638077079121,6.669146507442605,-5.202596457874505,7.226531995150117,5.731492842738887,-0.8996970511564861,3.2931059160341055e-05,-0.00253513982019544,0.4365074891934391,-0.10995861497369948,-0.035629972604096595,0.17596576191192775,-6.752046601832262e-05,-0.00012187547469011406,0.0318091522785835,13835,565000000,10.51,0,2,2,-3.6264248988506367,5.815082156680977,5.754608299548132,-3.6264248988506367,5.815082156680977,5.754608299548132,80.82247304916382
-6.700411658799133,7.689300091909045,6.716897587203731,-5.229493691524122,7.243990850174431,5.780519023056225,-0.9016282069562082,6.335196152505588e-05,-0.0025238109036399736,0.43250456967063877,-0.10883445360769954,-0.038027223473161904,0.17325385598727547,-0.0002734253456537772,-0.00015735440115349775,0.03190991119481623,13835,822000000,10.12,0,2,2,-3.641617398822997,5.825446035740181,5.8066022478384705,-3.641617398822997,5.825446035740181,5.8066022478384705,81.1538782119751
-6.700411658799133,7.689300091909045,6.716897587203731,-5.254962897012154,7.259347288581099,5.825423922449429,-0.903428166842806,0.00010961637207641166,-0.002518845989924918,0.4287320733910359,-0.10786907444447472,-0.04076247225922603,0.17116240782458203,-0.0004027241544690696,-0.0001658630225165325,0.032464372634422034,13836,107000000,9.69,0,2,2,-3.6681083547285502,5.844548042818615,5.860090824897885,-3.6681083547285502,5.844548042818615,5.860090824897885,81.45167517662048
-6.7826519732040484,7.632161968564601,6.761191063713475,-5.276968353893189,7.271659845612417,5.863027153845388,-0.9049663105414134,0.00015349529056791936,-0.0025136260087641575,0.4254757747610851,-0.10718838504657716,-0.0432499530343888,0.16952034711397698,5.944545797831324e-05,-0.00020818304875547256,0.03280736564192921,13836,368000000,9.29,0,2,2,-3.7012435225211653,5.868853755689617,5.9072901945507965,-3.7012435225211653,5.868853755689617,5.9072901945507965,81.69832611083984
-6.864369656274056,7.572374008627096,6.801937735804837,-5.303417670881235,7.28544909001299,5.9068525159643865,-0.9067588355639904,0.00016291974772294896,-0.00246533492149327,0.42164239552909843,-0.10621815639932959,-0.045695246135639044,0.16665117066174642,-7.112812525633672e-05,-0.0003948314969193234,0.03271025743742939,13836,595000000,8.94,0,2,2,-3.7345057631533662,5.893151449753149,5.94539461431565,-3.7345057631533662,5.893151449753149,5.94539461431565,81.9857702255249
-6.864369656274056,7.572374008627096,6.801937735804837,-5.334600184838622,7.3002815818896325,5.956586483871493,-0.9088469300407026,0.0002124023072503495,-0.002418640952439527,0.4171227191328629,-0.10526170943875938,-0.049402608142963704,0.16403979156001258,-0.0002285611316210634,-0.0003163830257335576,0.03347583806316834,13836,845000000,8.53,0,2,2,-3.7768363256471416,5.9235740290504655,5.988791964955192,-3.7768363256471416,5.9235740290504655,5.988791964955192,82.32362747192383
-6.945471222611875,7.510092349047391,6.839055545102902,-5.362316055131744,7.312089719551699,5.999131120133265,-0.910658482568716,0.0002431566189171157,-0.0023912079972883875,0.4131529391458032,-0.10449898675350885,-0.05257373612503695,0.16196598494609327,0.00017200744792944533,-0.0002669045926495528,0.033470952257630415,13837,139000000,8.05,0,2,2,-3.8244443728488644,5.956427532330229,6.037823656756004,-3.8244443728488644,5.956427532330229,6.037823656756004,82.63660168647766
-6.945471222611875,7.510092349047391,6.839055545102902,-5.3927332715379,7.323875925054946,6.044213612424365,-0.9125790023820699,0.0002482632861413722,-0.002344175666835759,0.4088936385138921,-0.10374441818435295,-0.055296848167889975,0.15903685296352793,7.625147802059473e-05,-0.00027366914423510025,0.03360272567078937,13837,412000000,7.65,0,2,2,-3.861168995234171,5.979647512605642,6.080380150822628,-3.861168995234171,5.979647512605642,6.080380150822628,82.95776343345642
-7.025867121271975,7.445478595724748,6.872469741279475,-5.428165369395963,7.336129936917954,6.094712062847785,-0.9147850768696197,0.0002561007641738646,-0.0023008575187212655,0.4039342812930349,-0.10275335338342764,-0.05831910801470415,0.15529389587761963,0.00016359806380705777,-0.00022190273654132397,0.03400447822059505,13837,694000000,7.24,0,2,2,-3.894531649563856,5.99769377625303,6.126694575760782,-3.894531649563856,5.99769377625303,6.126694575760782,83.3143789768219
-7.10547198691976,7.378699442408728,6.902113032590307,-5.459620305436961,7.345896939016373,6.137805917812823,-0.9166987480667015,0.00026182455062668,-0.002270184445278896,0.3995725003093064,-0.10198689573929157,-0.060544971161307595,0.15157901878461566,-2.9320624594930678e-06,-0.0001424283055939668,0.034136459726141766,13838,5000000,6.77,0,2,2,-3.924561204316443,6.009550826019631,6.179995121660064,-3.924561204316443,6.009550826019631,6.179995121660064,83.6444923877716
-7.10547198691976,7.378699442408728,6.902113032590307,-5.4915407159679,7.3547362593865735,6.1798881529713015,-0.9186075120570915,0.00028432720567864254,-0.0022592379560163692,0.3951645907646312,-0.10124605816816064,-0.06328524777065078,0.14803173681154738,-0.0002772422135421948,-9.474973268197573e-05,0.034599319405970164,13838,293000000,6.38,0,2,2,-3.94494256266782,6.013126116402867,6.22669831338014,-3.94494256266782,6.013126116402867,6.22669831338014,83.96823835372925
-7.184204876711098,7.309926275887015,6.9279257213917065,-5.523992907165846,7.362544954553153,6.220969053599679,-0.9205227049626763,0.00032101918693753226,-0.0022540989010145784,0.39068243578771683,-0.10047106731826154,-0.06601616326237286,0.14425605903162617,2.4327852266026184e-05,-0.00015235614654329765,0.03467881942924578,13838,568000000,5.99,0,2,2,-3.96133760674165,6.0113832809536225,6.27332791543999,-3.96133760674165,6.0113832809536225,6.27332791543999,84.28808426856995
-7.261989492222686,7.239334768459573,6.949855824363647,-5.554463534954918,7.368994498194644,6.258091589544205,-0.9222645148044464,0.00034089019479069415,-0.002231656784030477,0.3865528013536987,-0.09976829261287139,-0.06795312755103662,0.14039625988352875,-0.0001446009193273312,-0.000227758840765091,0.034515220613684505,13838,853000000,5.62,0,2,2,-3.9751789104934083,6.005421580777645,6.319704942185862,-3.9751789104934083,6.005421580777645,6.319704942185862,84.58161759376526
-7.261989492222686,7.239334768459573,6.949855824363647,-5.585286496029338,7.3746142548003135,6.294238644950509,-0.9240007804764188,0.0003781905407624365,-0.002204643809315368,0.3823840401959236,-0.0990698316480775,-0.07059359902738617,0.13671672235473112,-8.153972501645512e-05,-0.00028512108372069633,0.03495176715659909,13839,114000000,5.28,0,2,2,-3.9894262464062513,5.99970475362979,6.361895699413835,-3.9894262464062513,5.99970475362979,6.361895699413835,84.87154197692871
-7.338754385808782,7.16710445873456,6.967859177197259,-5.611751664146342,7.378648817168345,6.324079821841025,-0.9254713261282917,0.00040119149393381644,-0.0021755352233269612,0.3788112070757913,-0.0986929098097473,-0.07311521131274343,0.13360019616765995,0.0001211736574191491,-0.0002644653136485431,0.03515707649057731,13839,364000000,4.97,0,2,2,-4.010554934803474,5.998900180601896,6.4021434539493045,-4.010554934803474,5.998900180601896,6.4021434539493045,85.11064124107361
-7.338754385808782,7.16710445873456,6.967859177197259,-5.6385271328048425,7.382093035259275,6.353188380015339,-0.9269228716523361,0.00040410601050367724,-0.0021426996174487697,0.3752455669884296,-0.09837813092430028,-0.07506598310973493,0.13012433461256018,0.0001384792511771593,-0.0002697544829288745,0.03505431777739432,13839,578000000,4.7,0,2,2,-4.036109645808525,6.004035140763823,6.4341471960163545,-4.036109645808525,6.004035140763823,6.4341471960163545,85.39934754371643
-7.414433150806786,7.093418321813691,6.981899523535869,-5.673049102251776,7.385609939345088,6.38912801676919,-0.9287718443959947,0.0004163143778617062,-0.0020865687086629343,0.37064583360753534,-0.09796794984071108,-0.07776092414827782,0.12562239636789424,0.00011107478741223531,-0.0004173420336428535,0.035447211485006846,13839,811000000,4.44,0,2,2,-4.0681898594806665,6.014082445362209,6.46418341704069,-4.0681898594806665,6.014082445362209,6.46418341704069,85.70787286758423
-7.414433150806786,7.093418321813691,6.981899523535869,-5.700456739832324,7.387762402242379,6.416469478659101,-0.9302065263614885,0.0004289833781913288,-0.002038910444698905,0.36703062151808624,-0.09770216096747372,-0.07943526419111757,0.1220669179675606,0.00034721265080861485,-0.0003957533976972627,0.035363403367227875,13840,77000000,4.12,0,2,2,-4.11647363876681,6.0323853151159055,6.499629800084656,-4.11647363876681,6.0323853151159055,6.499629800084656,85.95511651039124
-7.488964595062717,7.018462329964086,6.991948587990478,-5.730676244225871,7.389441929204386,6.445403559248176,-0.9317606799832208,0.00041606280625272976,-0.001977610376618092,0.3630674196153456,-0.09736207218044883,-0.08174834889285199,0.11812877158475055,0.0001645062909005901,-0.0004217195311184696,0.03549076463968959,13840,302000000,3.88,0,2,2,-4.1583509082705605,6.049291190395471,6.52553838131555,-4.1583509082705605,6.049291190395471,6.52553838131555,86.25487780570984
-7.562292897297591,6.942425004900163,6.997986133082629,-5.768819683084264,7.390632716528996,6.480187078787172,-0.9336779538221182,0.00043915297621152324,-0.001908951111794267,0.3581084215665119,-0.0969828641447775,-0.08410198604749307,0.11295083543947648,3.5246015883672044e-05,-0.0004535735200761337,0.03553275455487892,13840,556000000,3.68,0,2,2,-4.2081241386160135,6.068365646705844,6.554837339117117,-4.2081241386160135,6.068365646705844,6.554837339117117,86.58498191833496
-7.562292897297591,6.942425004900163,6.997986133082629,-5.80488882033746,7.390771057348279,6.51128800878482,-0.9354564760126729,0.0004735954013670951,-0.001855713677354833,0.35343671784365394,-0.09682304408505601,-0.08703254724603288,0.10833729977594504,-0.00018113506285999392,-0.00035404630409630045,0.03600723575800657,13840,840000000,3.4,0,2,2,-4.258408728941457,6.084706975673681,6.585627695326839,-4.258408728941457,6.084706975673681,6.585627695326839,86.90676212310791
-7.6343677458871,6.865496962822616,7.0,-5.84150352202058,7.389876775949248,6.541101872669727,-0.9372385386506097,0.0005089018447679855,-0.001820577725813456,0.3486837366206314,-0.09669580284175133,-0.08984755121845595,0.10367098260528333,0.00016524518429150703,-0.00026108695010407246,0.03632531334005762,13841,130000000,3.27,0,2,2,-4.301444699916602,6.093780835620995,6.616304076046307,-4.301444699916602,6.093780835620995,6.616304076046307,87.20790243148804
-7.6343677458871,6.865496962822616,7.0,-5.8758477439014225,7.38826026649208,6.567568404981971,-0.9388744839978497,0.0005154740381789636,-0.0017848340936099305,0.34425463243294996,-0.09679189573357032,-0.09183443384096604,0.0990643563131613,4.3913558300801014e-05,-0.00023759081670959858,0.03641022776719183,13841,402000000,3.23,0,2,2,-4.336584908200752,6.0949543657839245,6.646926331223267,-4.336584908200752,6.0949543657839245,6.646926331223267,87.52241039276123
-7.705144459679417,6.78787045338199,6.997986133082629,-5.913347313486605,7.385768300833908,6.594721251073275,-0.9406223915502128,0.0005371849103174899,-0.001752486002834674,0.33944978529900394,-0.09754746850174072,-0.09400740690547782,0.09404285608907635,-7.195090105938107e-05,-0.0002451805130476714,0.036427724626264535,13841,676000000,3.28,0,2,2,-4.363173056357181,6.08963223914462,6.675140609877019,-4.363173056357181,6.08963223914462,6.675140609877019,87.83857822418213
-7.774584090529587,6.709738893751633,6.991948587990478,-5.951255606435586,7.382650580668591,6.6204641780206215,-0.9423346399697659,0.000571338963758077,-0.0017222805939540683,0.33466719832453845,-0.0978745552653901,-0.09563042775977396,0.08896472273559446,-2.3484240507798404e-05,-0.00028952642878721235,0.03630405080912169,13841,956000000,3.43,0,2,2,-4.386837693669712,6.078033892300855,6.70499036593365,-4.386837693669712,6.078033892300855,6.70499036593365,88.15438508987427
-7.774584090529587,6.709738893751633,6.991948587990478,-5.983993246479386,7.379291841159253,6.64138036541738,-0.9437880329518007,0.0006013826244481018,-0.0016893938390438066,0.33054641602105733,-0.0975446234957182,-0.09765852963749956,0.0845222764660438,-0.000275001232807881,-0.00032313723181687237,0.036597811049432494,13842,232000000,3.66,0,2,2,-4.406706111321464,6.061329186444969,6.734019006126413,-4.406706111321464,6.061329186444969,6.734019006126413,88.42095756530762
-7.842653507283326,6.631296399009046,6.981899523535869,-6.014219959186936,7.375561275070544,6.6595913595277745,-0.9451210354415043,0.0006542362736129858,-0.0016613246152015126,0.32671553428234684,-0.09731847856796398,-0.09968418665698629,0.08027163610065544,-0.0002260457975467034,-0.0003812618217580166,0.03696823951031547,13842,464000000,3.91,0,2,2,-4.421363823945569,6.043696267408683,6.758091584634838,-4.421363823945569,6.043696267408683,6.758091584634838,88.67923784255981
-7.909325460998192,6.552737310035547,6.967859177197259,-6.047384244080249,7.3708492746988785,6.678390956225309,-0.9465550620450762,0.0007023578388736873,-0.0016174620461773073,0.32253744747988117,-0.09712723919481651,-0.10142486592328015,0.07557689576993329,-0.0001221414237306817,-0.0004765755477365019,0.03672702659969218,13842,688000000,4.18,0,2,2,-4.435912359801192,6.027619838800019,6.7790951614302895,-4.435912359801192,6.027619838800019,6.7790951614302895,88.94940423965454
-7.909325460998192,6.552737310035547,6.967859177197259,-6.080786158187389,7.365422462095843,6.696039728581174,-0.9479674134137361,0.0007471573051515344,-0.0015634659759178097,0.31836265552946674,-0.09703033296538452,-0.10382651538463335,0.07072013223518174,-0.0002158902688620401,-0.0005053475092609006,0.03685799383674748,13842,928000000,4.49,0,2,2,-4.458310859288829,6.014897870363116,6.80007865835118,-4.458310859288829,6.014897870363116,6.80007865835118,89.22470092773438
-7.974578631245801,6.47425572015198,6.949855824363647,-6.117359725795492,7.358646684030836,6.71383811465541,-0.9494921384082242,0.0008077305246548059,-0.0015116109816613315,0.31378614007730965,-0.09714282193935878,-0.10662231393310062,0.06540020778555174,-0.0003247787049076578,-0.00046208449759888026,0.03704099508468062,13843,171000000,4.82,0,2,2,-4.4903133664869035,6.00977341904016,6.818530631761195,-4.4903133664869035,6.00977341904016,6.818530631761195,89.52416038513184
-7.974578631245801,6.47425572015198,6.949855824363647,-6.154232388215368,7.351052744066054,6.7302575433412395,-0.9509836738538369,0.0008763858596421356,-0.0014692760182478883,0.30923635821045775,-0.0971851082978087,-0.10871982905625603,0.06008065362814633,-0.0002723941321391976,-0.0004316541350135594,0.0369468514691107,13843,432000000,5.18,0,2,2,-4.534538067212993,6.011322848925482,6.835728943215764,-4.534538067212993,6.011322848925482,6.835728943215764,89.82462668418884
-8.038397653394853,6.396045001712609,6.9279257213917065,-6.1885402094218795,7.343311280972427,6.744176683660923,-0.9523554512803327,0.0009308308819243969,-0.0014270128834099399,0.3049855596659184,-0.09732684224700534,-0.11078188453918278,0.055166051072477115,-6.938922609833753e-05,-0.00041639551966454746,0.03716216851898935,13843,689000000,5.55,0,2,2,-4.586462874677585,6.018176926696544,6.8501007261729665,-4.586462874677585,6.018176926696544,6.8501007261729665,90.09433031082153
-8.038397653394853,6.396045001712609,6.9279257213917065,-6.220146844791519,7.335691461335024,6.755922562976059,-0.9535824566590759,0.0009606469342127121,-0.0013840553153516074,0.30112731510175783,-0.09745013040230306,-0.11201423209511234,0.0507939639127468,-6.0859796491286033e-05,-0.0004042846711627135,0.03671928934636526,13843,924000000,5.91,0,2,2,-4.637792114334203,6.026546024851321,6.861363121315479,-4.637792114334203,6.026546024851321,6.861363121315479,90.34943461418152
-8.10077312683108,6.318297333880579,6.902113032590307,-6.257712077123014,7.326026061330376,6.768496223347901,-0.9550199622128674,0.001000120226732247,-0.0013300902239447617,0.29653684829117166,-0.097659715380807,-0.11387960377459823,0.04525084588268571,-0.0002297436395792829,-0.00045119378739855165,0.036948424894944765,13844,149000000,6.24,0,2,2,-4.683940443991078,6.032728731907868,6.870595149647243,-4.683940443991078,6.032728731907868,6.870595149647243,90.64370369911194
-8.10077312683108,6.318297333880579,6.902113032590307,-6.29833941555903,7.314886624400379,6.780510984117326,-0.9565305771476733,0.001063192091050849,-0.0012788374172850012,0.291627312127956,-0.09783211711031145,-0.11538443646375877,0.03964049240234987,-0.00024606165993645845,-0.0004549334960302076,0.036557854400598444,13844,409000000,6.66,0,2,2,-4.733995751813438,6.035320039796992,6.880674211847714,-4.733995751813438,6.035320039796992,6.880674211847714,90.96984887123108
-8.161701604126613,6.241203232806258,6.872469741279475,-6.34211419900833,7.302095236849196,6.791599139914402,-0.9581117600981776,0.0011331120193665122,-0.0012224076714128763,0.2863897291073977,-0.09817501125762958,-0.11710842390912612,0.03357052056528391,-0.00027708978791451955,-0.00047081142611204996,0.03624338787631132,13844,691000000,7.12,0,2,2,-4.7801411437992,6.030527441801813,6.890838972373261,-4.7801411437992,6.030527441801813,6.890838972373261,91.31701040267944
-8.221185561227667,6.164951085424454,6.839055545102902,-6.383125123052031,7.2894604424658125,6.800383776707902,-0.959546279509523,0.0012068411531469432,-0.0011718838562461338,0.28154592467675854,-0.0985440800238792,-0.11835430513567576,0.028200021331475433,-0.0004607705420767161,-0.0004279750498881185,0.0360933587217005,13844,993000000,7.62,0,2,2,-4.820428046578292,6.016925352894462,6.901108488972749,-4.820428046578292,6.016925352894462,6.901108488972749,91.64934158325195
-8.221185561227667,6.164951085424454,6.839055545102902,-6.427315071789616,7.275160862415007,6.808033950809163,-0.9610619831270465,0.0013088874769303918,-0.0011344583742139897,0.2763274586530954,-0.09921170871729343,-0.12016789934082768,0.021818477254746855,-0.0006439832304749871,-0.0003439395243276522,0.03641651783254929,13845,276000000,8.17,0,2,2,-4.8527700176245006,5.995658406323198,6.910442142538626,-4.8527700176245006,5.995658406323198,6.910442142538626,91.98500204086304
-8.279233348785443,6.08972668807787,6.801937735804838,-6.462899725869675,7.263094700751563,6.812743073215764,-0.9622639789238314,0.0014005641387543296,-0.0011165254534713643,0.272111790734398,-0.09970375695033559,-0.12159577047070798,0.016674016867135585,-0.0004505101060203742,-0.0003070196129328906,0.03643023046606686,13845,568000000,8.63,0,2,2,-4.877438842336502,5.970023801383114,6.9179407066454965,-4.877438842336502,5.970023801383114,6.9179407066454965,92.26126146316528
-8.335859124810902,6.015712791162399,6.7611910637134764,-6.501571444589556,7.249479315040272,6.816528142264363,-0.9635301106845776,0.0014806026802517886,-0.0010799532557261519,0.2675936608382833,-0.10006164844166161,-0.1225750893296014,0.011488548560390091,-0.0005708197932108305,-0.00046462475040698337,0.03583595716918353,13845,813000000,9.06,0,2,2,-4.895332255187826,5.944314058646445,6.9232170172665946,-4.895332255187826,5.944314058646445,6.9232170172665946,92.5463457107544
-8.335859124810902,6.015712791162399,6.7611910637134764,-6.537363831266483,7.236416374262045,6.818791150104135,-0.9646669393541132,0.0015769315450196572,-0.0010337820846003211,0.2634656347584468,-0.10043629137010782,-0.12377594610617768,0.006340109698489799,-0.000719971723128765,-0.0005871417158687109,0.03566315208445303,13846,64000000,9.53,0,2,2,-4.9138837040789145,5.914931464469404,6.927592193698285,-4.9138837040789145,5.914931464469404,6.927592193698285,92.82769012451172
-8.391082768889193,5.94308865097476,6.716897587203732,-6.576316195754786,7.221618326599386,6.819751302237866,-0.9658799607636078,0.0017001056942452077,-0.000974718601902335,0.2589827425902488,-0.10090663349954405,-0.12542079059104372,0.0002909961101208215,-0.0007117667621514556,-0.0005935094634423876,0.03553770329745021,13846,306000000,9.97,0,2,2,-4.936372345147194,5.891658141776905,6.929771212010885,-4.936372345147194,5.891658141776905,6.929771212010885,93.12444591522217
-8.391082768889193,5.94308865097476,6.716897587203732,-6.6123946223086385,7.207439480810638,6.8193397632127,-0.966966696694127,0.0018069590763438571,-0.0009306620797904337,0.2548946375493954,-0.10135878667820239,-0.1264542899381931,-0.004731023366977966,-0.0006719645341490832,-0.0004813906116396538,0.03503125153656583,13846,568000000,10.44,0,2,2,-4.972455131386416,5.875363128558008,6.9293394851756025,-4.972455131386416,5.875363128558008,6.9293394851756025,93.38761806488037
-8.444929778243836,5.8720295899248365,6.669146507442606,-6.645577398249484,7.193992220949357,6.817865180554549,-0.9679363516913034,0.001899401501590861,-0.0008924929453213156,0.2511868125615023,-0.10178174885414523,-0.12760733693210266,-0.009548220145376471,-0.0006472293080150848,-0.00048185941068368265,0.03454024154052604,13846,798000000,10.88,0,2,2,-5.015427645276707,5.867416588098403,6.926481322058184,-5.015427645276707,5.867416588098403,6.926481322058184,93.6568534374237
-8.444929778243836,5.8720295899248365,6.669146507442606,-6.684867925737263,7.177626796979368,6.814838042031967,-0.9690357956151217,0.0020022572766960948,-0.0008404694235777791,0.2469107356789369,-0.10224183180104107,-0.1284755487673405,-0.014922206249198999,-0.0005935950582625082,-0.0005525001085970871,0.033640973197179846,13847,23000000,11.28,0,2,2,-5.061353395537357,5.864761484699047,6.922000659974265,-5.061353395537357,5.864761484699047,6.922000659974265,93.97856211662292
-8.497431145994403,5.8027065662537485,6.618033988749895,-6.727317026733646,7.159389429818839,6.809941706955359,-0.9701825104114257,0.0021136697833728075,-0.0007822275822110145,0.2423650490723443,-0.1028180279821592,-0.1296477618991197,-0.02086602424856553,-0.0006098473932070192,-0.00046778081070897315,0.033240198172279634,13847,296000000,11.84,0,2,2,-5.125576063910459,5.865112356643236,6.914074944199802,-5.125576063910459,5.865112356643236,6.914074944199802,94.29466032981873
-8.548623222003824,5.735285754374287,6.56366296493606,-6.766786918299824,7.141985924354131,6.804044345455643,-0.9712132264196522,0.0022102158747969434,-0.0007436585760003325,0.2382004003884935,-0.10326565883563284,-0.13028367413385494,-0.02575866689269952,-0.0005722601542856864,-0.00037928490428384976,0.03279626580479089,13847,568000000,12.27,0,2,2,-5.185712658875358,5.865145241625937,6.905238923773812,-5.185712658875358,5.865145241625937,6.905238923773812,94.57710552215576
-8.548623222003824,5.735285754374287,6.56366296493606,-6.800239234328469,7.126870031923087,6.797989158925151,-0.9720625969845607,0.0022922497592527545,-0.000712555277183383,0.23470949149885328,-0.10368151065903,-0.1312627355494832,-0.03046094321504499,-0.0007283747549990949,-0.00039446863695502543,0.032588609610684216,13847,820000000,12.74,0,2,2,-5.24128501751649,5.860743627939203,6.895331048462601,-5.24128501751649,5.860743627939203,6.895331048462601,94.83919954299927
-8.59854755676286,5.6699281369230485,6.506142932007222,-6.839919672741505,7.108441200719765,6.789397417708921,-0.9730454829868773,0.0024118755173988117,-0.0006693575792174295,0.2305997026358766,-0.10432498809456148,-0.1326887220534531,-0.03648250708466209,-0.000761108793767562,-0.0005047090496645978,0.03210067952750251,13848,51000000,13.13,0,2,2,-5.2825623909420445,5.851847232207036,6.886149552626604,-5.2825623909420445,5.851847232207036,6.886149552626604,95.1209089756012
-8.59854755676286,5.6699281369230485,6.506142932007222,-6.879742399799572,7.089555400743187,6.779413043024069,-0.9739841526456852,0.0025281003669448436,-0.0006183516348774752,0.22660118434124982,-0.10602269313795798,-0.13332689930858516,-0.041754828415396336,-0.0007145724225665617,-0.00046883485538273817,0.03157059363729786,13848,297000000,13.59,0,2,2,-5.323814712479939,5.834674085151434,6.874296867919421,-5.323814712479939,5.834674085151434,6.874296867919421,95.41481518745422
-8.647250728809183,5.6067891095832305,6.4455897276547836,-6.920240701513813,7.070568762847653,6.767957122358576,-0.97491061640574,0.0026338019429295225,-0.0005850711148642023,0.22258034683793454,-0.1098840596106569,-0.13367530696923965,-0.0473462935664148,-0.0005339549090876972,-0.0002163788408893197,0.03146928283968009,13848,562000000,14.03,0,2,2,-5.3576494698168755,5.810919618885296,6.861280909406975,-5.3576494698168755,5.810919618885296,6.861280909406975,95.717946767807
-8.694784156227092,5.546018099703973,6.3821252979737295,-6.96137865484116,7.051624916649333,6.755199475773207,-0.9757994515323287,0.0027151352339500998,-0.0005771767865790514,0.21864977771958682,-0.11233306760810839,-0.1336800055266542,-0.05220484987320366,-0.0006727759682689793,-0.00017509332650433862,0.0305927107547177,13848,826000000,14.47,0,2,2,-5.3853438782535905,5.781845434414998,6.8471881551919935,-5.3853438782535905,5.781845434414998,6.8471881551919935,96.01410865783691
-8.694784156227092,5.546018099703973,6.3821252979737295,-7.002632483048443,7.032339843253842,6.741100576293142,-0.9766521538536515,0.002814678766843791,-0.0005491396693229123,0.2148076963287997,-0.1122657717509373,-0.1344741668969085,-0.05769720416193437,-0.000510061551040053,-0.0004551166426836062,0.030023524959688075,13849,91000000,14.89,0,2,2,-5.4080842366092075,5.7483243596442,6.8317257675216725,-5.4080842366092075,5.7483243596442,6.8317257675216725,96.2906231880188
-8.741203892820776,5.487758199706242,6.315877451879426,-7.040576051686406,7.013976412063863,6.7267443983508395,-0.9774142566650097,0.002900590426338429,-0.0004874625232110267,0.2113119017553282,-0.11153373474780828,-0.13544879243507774,-0.06297509362624518,-0.0005561287537148019,-0.0005956196787337831,0.02949645513581345,13849,339000000,15.3,0,2,2,-5.4272873713024765,5.711456912821605,6.814760062562513,-5.4272873713024765,5.711456912821605,6.814760062562513,96.57633113861084
-8.741203892820776,5.487758199706242,6.315877451879426,-7.08140484307329,6.993510432531403,6.709964900895581,-0.9782046918013988,0.0029929994390253,-0.00042241165686691647,0.20762091527705018,-0.11062820065193373,-0.13607963261793393,-0.0676128753611254,-0.000532475490899742,-0.0005495408970546123,0.02855500624718843,13849,596000000,15.68,0,2,2,-5.4456941429437284,5.677699608420886,6.797880547700793,-5.4456941429437284,5.677699608420886,6.797880547700793,96.85952520370483
-8.786570409599188,5.43214581622669,6.246979603717468,-7.118869306236182,6.974107770225794,6.693324198299075,-0.9788982565357813,0.003075027644850445,-0.000363139311020159,0.2043247799118651,-0.11002592760507286,-0.1367402392827895,-0.07225388783909026,-0.000379937358729876,-0.0004826722374673409,0.027526046869752463,13849,843000000,16.08,0,2,2,-5.4769390496861,5.649731347000272,6.777801903803829,-5.4769390496861,5.649731347000272,6.777801903803829,97.14583086967468
-8.786570409599188,5.43214581622669,6.246979603717468,-7.162305991187556,6.950988208878912,6.672651552163266,-0.979657991140841,0.003137351212234276,-0.0003069583371737201,0.20064965287246822,-0.10946985747181733,-0.13705929191067806,-0.07699429448020889,-0.00018600735671725488,-0.00042827508934806247,0.026139228793908842,13850,94000000,16.46,0,2,2,-5.516503679784634,5.631943760866913,6.75779764131306,-5.516503679784634,5.631943760866913,6.75779764131306,97.46434926986694
-8.830948362253947,5.379310335909869,6.175570504584947,-7.202431982143149,6.929065330552939,6.652199602613055,-0.980321085659861,0.003189629416040663,-0.00024854621318652495,0.19738372146567645,-0.10906142152272111,-0.13747631091265436,-0.08149613745805583,-0.000417685805587098,-0.00039627674937037227,0.025060116058739368,13850,375000000,16.91,0,2,2,-5.573417964066697,5.618662563513879,6.732670294144383,-5.573417964066697,5.618662563513879,6.732670294144383,97.7460925579071
-8.874406345352918,5.329373808715595,6.101793962904206,-7.2361877882375865,6.9102429308099405,6.6341037691464395,-0.980849410700956,0.0032465793037392866,-0.0002138960634593388,0.19474046189450678,-0.10860816609708482,-0.1374668414140354,-0.08455007335663905,-0.00037978192324317206,-0.00031512035434388963,0.024034853959165048,13850,623000000,17.33,0,2,2,-5.634017946766392,5.61144301487514,6.707875857552707,-5.634017946766392,5.61144301487514,6.707875857552707,97.99239134788513
-8.874406345352918,5.329373808715595,6.101793962904206,-7.2728367960420535,6.88941447078139,6.613472374597048,-0.9813931677367418,0.003300574304849215,-0.00017089811986553032,0.19198053891666755,-0.108327674788781,-0.13793822212667017,-0.08895036142749912,-0.00020073810560461425,-0.00039257133437331504,0.0229657065574429,13850,844000000,17.69,0,2,2,-5.688128479420009,5.607063507861755,6.686225715930431,-5.688128479420009,5.607063507861755,6.686225715930431,98.27149176597595
-8.917016634011365,5.282450649562469,6.0257985548118125,-7.318521217893977,6.8628598435297565,6.586067210920045,-0.9820330172800011,0.00335542297816422,-0.0001159966348052014,0.18867930637289115,-0.10814244624132893,-0.13857464350125775,-0.0948489217301823,-0.00030866807207985403,-0.0002393665667455025,0.021728880710725207,13851,94000000,18.07,0,2,2,-5.746345454112414,5.60115848991776,6.661877116391704,-5.746345454112414,5.60115848991776,6.661877116391704,98.59237265586853
-8.917016634011365,5.282450649562469,6.0257985548118125,-7.363968199262744,6.835914434787011,6.557096695592782,-0.9826266228820271,0.003412879257436516,-9.448972923319695e-05,0.18556202017203666,-0.10788404838429785,-0.13872734655151595,-0.10001717138274249,-0.00035425913438302814,-0.00015532795600847749,0.020640309594455175,13851,383000000,18.53,0,2,2,-5.811760386603857,5.587426312641281,6.6299972497549415,-5.811760386603857,5.587426312641281,6.6299972497549415,98.93172192573547
-8.95885491383951,5.238647359080432,5.947737324945998,-7.406404955415734,6.810495086163437,6.5285918874679005,-0.9831560246427821,0.003456080653822775,-7.460664786858784e-05,0.18273554976786366,-0.11159348989426701,-0.13812480840466843,-0.10477341381680776,0.00016821821304802143,-3.900116745114701e-05,0.021158271556487307,13851,684000000,18.96,0,2,2,-5.864927185200496,5.563845975479525,6.596285185944845,-5.864927185200496,5.563845975479525,6.596285185944845,99.26523327827454
-9.0,5.198062264195162,5.867767478235117,-7.457425658714983,6.782972189647386,6.49459616369882,-0.9838084511345064,0.0034117211120558164,-6.763039240536271e-05,0.1791906444586518,-0.12682142065063942,-0.1344146052253859,-0.10945645575223521,0.000556202348889201,-8.356152605415446e-05,0.024871161076589487,13851,976000000,19.42,0,2,2,-5.906494287560417,5.531342769212911,6.561149688651149,-5.906494287560417,5.531342769212911,6.561149688651149,99.60218548774719
-9.0,5.198062264195162,5.867767478235117,-7.509394938947526,6.759697305702069,6.4611987379218885,-0.9845055361101827,0.003338560626514016,-4.660965574636495e-05,0.17532170775144967,-0.14172351524173266,-0.13094118790411116,-0.11476531406463379,0.00047075697295895225,0.00029575939493042824,0.025901173285092227,13852,279000000,19.74,0,2,2,-5.938717933745376,5.491674349932137,6.524458348114339,-5.938717933745376,5.491674349932137,6.524458348114339,99.94411659240723
-9.040533546240905,5.160785279215,5.786050063307848,-7.556508183858569,6.740633492032846,6.4309063227289,-0.9850706461475449,0.0032948398457585118,-0.00010323317143839657,0.17211901542758473,-0.14534184756053692,-0.12993669729380602,-0.11901612579470922,-0.00015768293053497473,0.0008575570461744064,0.022975996216700878,13852,581000000,20.17,0,2,2,-5.963691000391312,5.446397318536203,6.485906957187017,-5.963691000391312,5.446397318536203,6.485906957187017,100.24511170387268
-9.080539744799685,5.126897688037298,5.702749648162686,-7.60256100665541,6.720840060591741,6.399810382043219,-0.9855294979100326,0.003293835660616733,-0.00021298397303068112,0.16947186797125496,-0.1373990621816134,-0.131112580347205,-0.12175072111929638,0.0001834330319638866,0.0007481006150555913,0.019201536451873835,13852,843000000,20.5,0,2,2,-5.981553385456687,5.404342770508859,6.450932217220533,-5.981553385456687,5.404342770508859,6.450932217220533,100.5479907989502
-9.080539744799685,5.126897688037298,5.702749648162686,-7.649987289149931,6.698128345996352,6.365407792436042,-0.9859611419095383,0.0032728527384376293,-0.000264982981493982,0.1669426394406507,-0.12915680002015967,-0.1325866942756136,-0.12566217509103192,5.3915680808813704e-05,0.0001398815953734811,0.017511864461994264,13853,110000000,20.76,0,2,2,-6.002521333994024,5.365100240321886,6.415236916451102,-6.002521333994024,5.365100240321886,6.415236916451102,100.86517238616943
-9.120105018100498,5.096471948035492,5.618033988749896,-7.695481357757953,6.674139133276239,6.329813964615872,-0.9863498373428785,0.0032972787751568942,-0.0002523267363531618,0.16463007822865744,-0.12247990069246462,-0.13373289477707226,-0.12967436446153702,-0.00042230533665588155,-0.00010105822809691745,0.015643953702237923,13853,389000000,21.04,0,2,2,-6.038097620102319,5.33291372324687,6.375991031529509,-6.038097620102319,5.33291372324687,6.375991031529509,101.19576263427734
-9.120105018100498,5.096471948035492,5.618033988749896,-7.742404722986698,6.647359873908268,6.290676065097394,-0.986704301536264,0.003348048222664779,-0.00023629551658907216,0.16249109534790152,-0.1166425221228113,-0.13437459772001697,-0.13310202416657568,-1.9134806095166823e-05,-0.00018198462043983454,0.013254444729682291,13853,665000000,21.34,0,2,2,-6.086798584888715,5.310548930406862,6.336181874721802,-6.086798584888715,5.310548930406862,6.336181874721802,101.5528016090393
-9.159317703191736,5.069571516131274,5.532073691133351,-7.781841281625402,6.623472954020579,6.255822924842758,-0.9869656697690024,0.003374069851069977,-0.00020654076761745122,0.16089543092013314,-0.11262305305530276,-0.13460768945352086,-0.13624842975550303,-0.0003828324111054826,-0.00016284678849842749,0.01140478616434848,13853,970000000,21.65,0,2,2,-6.150402261637464,5.29472287253095,6.292953617080812,-6.150402261637464,5.29472287253095,6.292953617080812,101.84172940254211
-9.198267729892216,5.046250697497813,5.44504186791263,-7.814411634329941,6.602937195885054,6.2258355611045655,-0.9871495380055046,0.003416229469569176,-0.000198408188140321,0.15976257266932392,-0.10958588354882921,-0.13437161539326498,-0.13806556170213075,-0.00013218757501931577,-7.699862081267383e-05,0.009640663029131247,13854,222000000,21.92,0,2,2,-6.212588314039875,5.285961245068413,6.255282415975718,-6.212588314039875,5.285961245068413,6.255282415975718,102.08083629608154
-9.198267729892216,5.046250697497813,5.44504186791263,-7.84922554876975,6.580275732720298,6.192533408993446,-0.9873156724460256,0.003425674894789137,-0.00018515733339714564,0.15873245859221552,-0.10688645085984497,-0.1342339594170865,-0.14119953641983946,0.0001430617302844439,-0.00015112748457113412,0.007727623051323462,13854,442000000,22.15,0,2,2,-6.26888177110238,5.281257563454025,6.223787225605094,-6.26888177110238,5.281257563454025,6.223787225605094,102.35672354698181
-9.237046293633338,5.026554517280455,5.357113789597274,-7.891931375971604,6.551643474670508,6.149686518689776,-0.9874700295843242,0.0034278332544284574,-0.00015072380909480587,0.15776935036389855,-0.10422081396173119,-0.13400360882857484,-0.14558651341528628,-9.323478451506162e-05,-0.00015291547299511876,0.005510693745236495,13854,688000000,22.39,0,2,2,-6.330920418101864,5.27642627071826,6.189448192365091,-6.330920418101864,5.27642627071826,6.189448192365091,102.67916178703308
-9.237046293633338,5.026554517280455,5.357113789597274,-7.933831422816041,6.522810863986885,6.105736171606196,-0.9875822514840688,0.003437847382592684,-0.00013147278695189914,0.15706514722858544,-0.1020273311862446,-0.13352899382837094,-0.1493316311517165,0.00010396051166594589,-0.00017197279618130779,0.003805453866334574,13854,977000000,22.66,0,2,2,-6.402837856603133,5.265818605760118,6.145368242021946,-6.402837856603133,5.265818605760118,6.145368242021946,103.02582931518555
-9.275745524000433,5.010518615660784,5.268466531635312,-7.972728585037662,6.49602935195878,6.0635851610778815,-0.9876676428694874,0.0034209910529818628,-8.114614784634848e-05,0.1565276891292683,-0.10835508153234111,-0.1309026106895099,-0.15287270888582566,0.0007179239617016719,-0.0008995768894237699,0.0066834224980993895,13855,289000000,22.88,0,2,2,-6.461512454191276,5.245177574107197,6.098881631621875,-6.461512454191276,5.245177574107197,6.098881631621875,103.34651494026184
-9.314458149989589,4.998169166528449,5.179278617806868,-8.0160228135653,6.4724079944116255,6.020646288398452,-0.9879133736632028,0.0033223414591504177,0.00014052925118007123,0.15497131488164972,-0.13798161207431037,-0.12185636753107727,-0.1554486709465695,0.0013330477031558985,-0.00276772932465974,0.018305352386960294,13855,561000000,23.04,0,2,2,-6.5038665620862455,5.216971987493165,6.053732268808737,-6.5038665620862455,5.216971987493165,6.053732268808737,103.66170167922974
-9.314458149989589,4.998169166528449,5.179278617806868,-8.068238906450999,6.4547257904793405,5.976775477115993,-0.9884304019098133,0.003167200493419566,0.0006067542871527928,0.15164082982717636,-0.17655443711007374,-0.11038681597729667,-0.15887307637814785,0.0019445500811343663,-0.002602665153972339,0.026920844175037928,13855,843000000,23.27,0,2,2,-6.53633628779557,5.18181352061969,6.006869810198361,-6.53633628779557,5.18181352061969,6.006869810198361,103.98855924606323
-9.353277163006274,4.989522819963038,5.089729660701031,-8.136767957771413,6.44024524029251,5.925335439613636,-0.9890504986476384,0.0028990334274782564,0.0007954762914856015,0.14754685339753515,-0.19592849578612898,-0.10352127947874505,-0.16220314932139776,0.0014342980648507364,0.0021322390239220113,0.019596221682149917,13856,131000000,23.63,0,2,2,-6.561005205357711,5.141339163941342,5.958158916268224,-6.561005205357711,5.141339163941342,5.958158916268224,104.34778237342834
-9.392295478639225,4.9845866686656395,5.000000000000001,-8.192557669751736,6.428749099853083,5.883007312866743,-0.9893373422279201,0.0026743509453143804,0.0003917815700255846,0.14561702382488728,-0.18694793862128103,-0.10465299927376219,-0.1637957411820207,0.0010193027037530555,0.0040205055938713485,0.011174030260008294,13856,451000000,24.01,0,2,2,-6.581886253008622,5.090390376695872,5.900362519141169,-6.581886253008622,5.090390376695872,5.900362519141169,104.63865900039673
-9.392295478639225,4.9845866686656395,5.000000000000001,-8.244419478198678,6.415011341861002,5.8402278064578725,-0.9894924267560328,0.002514031039920691,-8.605262242153866e-05,0.14456282245215674,-0.16635551741372565,-0.10914570076751662,-0.16607410193721112,0.0003931106050458766,0.003338407032060786,0.006228978963918053,13856,705000000,24.14,0,2,2,-6.598674455248458,5.049790805993034,5.852607545990838,-6.598674455248458,5.049790805993034,5.852607545990838,104.93409156799316
-9.431605598247117,4.983358238416682,4.910270339298971,-8.291777232588863,6.398729376967609,5.796822691960254,-0.9895872935974206,0.002449192394446564,-0.0004144775634911985,0.1439125359914712,-0.14825818037216296,-0.1128292566727545,-0.16846412179162057,-7.17696423180314e-05,0.001984025607271178,0.003908185954060173,13856,969000000,24.19,0,2,2,-6.624647554059133,5.016975785074687,5.804959402856501,-6.624647554059133,5.016975785074687,5.804959402856501,105.23411583900452
-9.47129927139662,4.985825502573428,4.820721382193134,-8.335217888058041,6.380412728371146,5.753012547906783,-0.9896394775170662,0.0024485886952067075,-0.0006003461563081741,0.14355259850536506,-0.13314386451123555,-0.11533715653212626,-0.16993165041519787,-0.00030590511812533805,0.0009427292980035418,0.0015661033557989867,13857,235000000,24.25,0,2,2,-6.662308284674731,4.993410047546017,5.757505387731107,-6.662308284674731,4.993410047546017,5.757505387731107,105.53196883201599
-9.47129927139662,4.985825502573428,4.820721382193134,-8.375507479053972,6.360593439648781,5.708675381846639,-0.9896436194911732,0.0024869255746389975,-0.0006750645677700411,0.14352305002829746,-0.121448701482643,-0.11696768891290392,-0.17255369353988556,-0.0003164660796528551,0.00018674769108883993,-0.001176760008547717,13857,495000000,24.32,0,2,2,-6.709668809135888,4.977228786067547,5.709999107167474,-6.709668809135888,4.977228786067547,5.709999107167474,105.81981635093689
-9.511467160188488,4.991966920557292,4.73153346836469,-8.41050077069843,6.341329578676855,5.667030806622403,-0.9895994069480083,0.0025379401072149655,-0.0006763765643770478,0.14382668439098917,-0.11285768472158278,-0.11786993681037501,-0.17548394813652532,-0.000625156411615535,-0.00019826580910375924,-0.0037427354754981934,13857,743000000,24.39,0,2,2,-6.764477769660461,4.966730221151525,5.662829503232696,-6.764477769660461,4.966730221151525,5.662829503232696,106.09655261039734
-9.511467160188488,4.991966920557292,4.73153346836469,-8.441018083095196,6.323113200976705,5.628381495229204,-0.9895237172847189,0.0026103906931134405,-0.0006576583432880776,0.14434530223378977,-0.10615724387243544,-0.11805544426988816,-0.17723704394747397,-0.0005132176170263847,-0.00035972636851511197,-0.005600835856967024,13857,990000000,24.45,0,2,2,-6.820042409869204,4.960907993611737,5.61992718220739,-6.820042409869204,4.960907993611737,5.61992718220739,106.34567832946777
-9.552198506503384,5.001751500218027,4.642886210402727,-8.472893654296225,6.302849031821654,5.5856744889281,-0.989406386720274,0.002674881422505714,-0.000617549824309248,0.1451463590956435,-0.10023091775799224,-0.11784392366023236,-0.17968350471882485,-0.0006205216209309583,-0.0004389688172068418,-0.00775582084315829,13858,209000000,24.49,0,2,2,-6.874068594556237,4.958096120354626,5.581301693130698,-6.874068594556237,4.958096120354626,5.581301693130698,106.62307739257812
-9.552198506503384,5.001751500218027,4.642886210402727,-8.506046187805412,6.280636721656102,5.538952950011132,-0.9892383425905295,0.0027484083195666183,-0.0005765561476780796,0.1462860737850996,-0.0950335774938141,-0.11725181149214133,-0.18128528810870875,-0.0001956088809151879,-0.0004455758926269482,-0.009775948001333745,13858,444000000,24.53,0,2,2,-6.935379780885105,4.957176143510076,5.540095326793876,-6.935379780885105,4.957176143510076,5.540095326793876,106.92871975898743
-9.593580803191154,5.015138883899101,4.554958132087372,-8.538085041336666,6.258338988995116,5.49168358125037,-0.9890378713156416,0.002776783917731923,-0.0005209833909936533,0.14763504716294368,-0.09103798932782986,-0.11643950207032935,-0.18330833597879076,-8.793013606123168e-06,-0.0004933091759085073,-0.011159290443174541,13858,711000000,24.56,0,2,2,-7.002761645104365,4.957227118280677,5.496070422055057,-7.002761645104365,4.957227118280677,5.496070422055057,107.21477460861206
-9.635699470216313,5.032079457966313,4.467926308866651,-8.573895659784924,6.232665946501023,5.436724054275321,-0.9887743662815571,0.0027915320547832138,-0.0004502557999289099,0.14938961544567486,-0.0872498807994376,-0.11511218488020347,-0.184695365735388,-0.00013483280554282828,-0.0005721433979033463,-0.012327492822805652,13858,968000000,24.58,0,2,2,-7.065463691073509,4.953828928087306,5.451469417462693,-7.065463691073509,4.953828928087306,5.451469417462693,107.55934119224548
-9.635699470216313,5.032079457966313,4.467926308866651,-8.609386784409002,6.207682095909832,5.381156839090687,-0.9885156817373998,0.0027893401237626897,-0.0002913423164709881,0.15109229517276013,-0.09780569392139879,-0.10985357676504234,-0.18720378483490913,0.0010306980129826115,-0.0029540150990214897,-0.006894707621540874,13859,274000000,24.57,0,2,2,-7.125697688340828,4.941044125809939,5.397856291027402,-7.125697688340828,4.941044125809939,5.397856291027402,107.8940486907959
-9.678637536758645,5.052514485500042,4.381966011250106,-8.64906311077404,6.189338150231499,5.328488835331453,-0.9884825592768975,0.002701711882424883,0.0002867375503561296,0.15131043764352947,-0.13744807694329803,-0.09683997954617904,-0.18943359126446987,0.0013334241657503298,-0.005781769186796737,0.005549775460167439,13859,570000000,24.54,0,2,2,-7.171187796835167,4.917755712145155,5.341320681943705,-7.171187796835167,4.917755712145155,5.341320681943705,108.21739268302917
-9.678637536758645,5.052514485500042,4.381966011250106,-8.708717769744576,6.17847268810186,5.267732282060441,-0.9887699194503721,0.0025424774295188354,0.0012937927653853226,0.14941856745031695,-0.1954941049879056,-0.07810260144419466,-0.19036405938772202,0.002375998315073957,-0.005309480457071913,0.015035882097436115,13859,846000000,24.59,0,2,2,-7.202205894869425,4.888236841127742,5.28601725726223,-7.202205894869425,4.888236841127742,5.28601725726223,108.58540153503418
-9.722475330250953,5.076376261790822,4.297250351837315,-8.786078866037684,6.17666692863833,5.202731011222169,-0.9891073058940929,0.002140128968529127,0.0017246232304413312,0.14717059132055105,-0.2241990239505895,-0.06776637184826477,-0.19024123248925034,0.0027469300221127924,0.0028993479418204515,0.006713485572618083,13860,163000000,24.79,0,2,2,-7.226970628269125,4.847678003395755,5.220742940611917,-7.226970628269125,4.847678003395755,5.220742940611917,108.9975368976593
-9.76729017331638,5.103588292218058,4.213949936692154,-8.8510823746711,6.176459552668326,5.1494554300965705,-0.9891597063261801,0.0017152902445196983,0.0010983554913923253,0.14682958412832364,-0.21418822460451564,-0.06926658001852293,-0.1894125617800536,0.0015508568139921408,0.0067039883106190246,-0.002166983972529124,13860,513000000,24.9,0,2,2,-7.243851383541044,4.799172326764209,5.14955155154197,-7.243851383541044,4.799172326764209,5.14955155154197,109.31647610664368
-9.813156089545181,5.134065492033123,4.132232521764885,-8.913851693031322,6.1723384314541345,5.0926354138987096,-0.9890279396915115,0.001418750352883201,9.722618097442789e-05,0.14772173910454034,-0.1803178677720715,-0.07726163338336381,-0.1893189283935444,0.0005170439351331879,0.006115570158726769,-0.008266594068118138,13860,793000000,24.79,0,2,2,-7.254939774160391,4.758566620877702,5.089980065311388,-7.254939774160391,4.758566620877702,5.089980065311388,109.6474335193634
-9.813156089545181,5.134065492033123,4.132232521764885,-8.961462238326419,6.164983619468395,5.043430941576302,-0.9888505366008646,0.0013010014170033715,-0.0005173946897182514,0.14890485540179665,-0.15503582715619732,-0.08263389096031586,-0.18981531269819207,-5.7399024200321946e-05,0.0036017160482515465,-0.01011793519865023,13861,86000000,24.57,0,2,2,-7.279603938329765,4.726440773162887,5.027231227636314,-7.279603938329765,4.726440773162887,5.027231227636314,109.94326901435852
-9.860143519025664,5.167714407510702,4.052262675054004,-9.003829030301228,6.154930067994993,4.994030931676152,-0.9886363810998431,0.0012872302233293087,-0.0008471799922128134,0.1503187655957115,-0.13441927163220452,-0.08614494896411162,-0.19055606940980183,-0.0005440519373678399,0.0017453703549108468,-0.011974327844654908,13861,346000000,24.39,0,2,2,-7.313457766384652,4.7090336910505535,4.973738975806559,-7.313457766384652,4.7090336910505535,4.973738975806559,110.24127507209778
-9.908319044516041,5.204433457876391,3.9742014451881884,-9.041814670265726,6.142891686071237,4.944660894727003,-0.9883814783619296,0.0013433169681124337,-0.0010050672796169655,0.15198433659549626,-0.1176601464638434,-0.0880790603541947,-0.1903092858022981,-0.0007631973062416364,0.0005965665536677989,-0.013928852604294661,13861,601000000,24.24,0,2,2,-7.356856183078059,4.699457483564325,4.920889339973054,-7.356856183078059,4.699457483564325,4.920889339973054,110.54077696800232
-9.908319044516041,5.204433457876391,3.9742014451881884,-9.073801494737946,6.130598179924943,4.899032138874987,-0.9881110716401851,0.001425671492599034,-0.0010401987231484625,0.1537315697880446,-0.10591294335379978,-0.08873675147689623,-0.19097235227102533,-0.0006972066614707728,-0.00022201773930419222,-0.015524994341831189,13861,862000000,24.11,0,2,2,-7.407500004271154,4.695916550296204,4.869306731556179,-7.407500004271154,4.695916550296204,4.869306731556179,110.83534383773804
-9.957745129113496,5.24411319736433,3.898206037095796,-9.108282678989283,6.115419307656492,4.845470540928037,-0.9877542326726083,0.0015233958025887416,-0.0009789660409318345,0.1560073611342298,-0.09551006168462703,-0.08851399336197825,-0.19208689336198015,-0.0005628783071642829,-0.0007227643436635844,-0.01729449322738219,13862,115000000,23.99,0,2,2,-7.45916414447983,4.6968734086574395,4.823042993718953,-7.45916414447983,4.6968734086574395,4.823042993718953,111.14299774169922
-9.957745129113496,5.24411319736433,3.898206037095796,-9.140308912271141,6.099706197628027,4.791807790572462,-0.9873588046985862,0.0016100257976997146,-0.000879327769695596,0.15849045833671743,-0.0874115461398025,-0.08778324557535262,-0.1922985269099673,-0.0005540012125493377,-0.0009807512128645612,-0.01847097919380758,13862,384000000,23.85,0,2,2,-7.523613181620752,4.701917898394205,4.771054286566942,-7.523613181620752,4.701917898394205,4.771054286566942,111.47090196609497
-10.008479866243734,5.286636596706112,3.824429495415054,-9.166305223121046,6.0860953703160545,4.745664304950001,-0.9869985285133561,0.0016839347406397208,-0.0007647551800389909,0.1607186492780891,-0.08233573142305703,-0.08676252101684441,-0.1927436739439437,-0.00038014563017441105,-0.0010532869396229216,-0.019277612591395155,13862,667000000,23.72,0,2,2,-7.591247717813577,4.710275309877096,4.7209377144154345,-7.591247717813577,4.710275309877096,4.7209377144154345,111.75473260879517
-10.060576742758828,5.331879343301653,3.7530203962825333,-9.189141121558595,6.073627803465509,4.703438416695961,-0.9866446477405176,0.0017289837728845605,-0.0006691069946394801,0.1628769535444844,-0.07825926128134851,-0.08560415361599928,-0.19198348355389602,-0.00018243818686869417,-0.0009233131379460247,-0.020273915288271382,13862,914000000,23.61,0,2,2,-7.650947273468178,4.71946278691911,4.6791426508302125,-7.650947273468178,4.71946278691911,4.6791426508302125,111.99725580215454
-10.060576742758828,5.331879343301653,3.7530203962825333,-9.21522729183621,6.059087012383899,4.653644104267763,-0.9862060452460436,0.0017619798044243738,-0.0005571067467948304,0.16551199769019675,-0.07555656427748474,-0.08375459273149169,-0.1919188154533648,-0.0001615612248428988,-0.00100490531167452,-0.020805175336136017,13863,125000000,23.51,0,2,2,-7.705682579160301,4.728360050532389,4.641509591138324,-7.705682579160301,4.728360050532389,4.641509591138324,112.298495054245
-10.114084415893515,5.379710159274142,3.684122548120575,-9.244627409111839,6.042929565630319,4.59611086559819,-0.985678656565661,0.0017925352995613408,-0.00041091215350273357,0.16862444650558706,-0.07393546518946177,-0.08123949483782003,-0.19197708293065655,7.295465849210814e-05,-0.0009349209676656756,-0.021195820772845764,13863,391000000,23.4,0,2,2,-7.766218749295059,4.736042052017752,4.596709621499076,-7.766218749295059,4.736042052017752,4.596709621499076,112.63977313041687
-10.114084415893515,5.379710159274142,3.684122548120575,-9.274146950609472,6.02795141417177,4.538717957505939,-0.9851594204818345,0.001781550423672851,-0.00019693183388743557,0.17163246642706131,-0.08801783639975802,-0.07483891056639581,-0.19141283451974703,0.0008990016681309498,-0.0038284471884253435,-0.016466863962705247,13863,696000000,23.25,0,2,2,-7.823709576765116,4.73572737347288,4.542625097568081,-7.823709576765116,4.73572737347288,4.542625097568081,112.97056746482849
-10.169046504790035,5.429991136564798,3.6178747020262714,-9.3095690605868,6.020355478873356,4.485202340112455,-0.9848620893722166,0.001759724757284991,0.0005430140727546938,0.17332995535073376,-0.13534048423893977,-0.059975681909256305,-0.19074436745699846,0.0006534770705002302,-0.007079175065882737,-0.007770502043058514,13863,988000000,23.08,0,2,2,-7.866099134737241,4.724480325028757,4.485677368916004,-7.866099134737241,4.724480325028757,4.485677368916004,113.27845001220703
-10.225501397259645,5.482578088179083,3.5544102723452173,-9.358063882718772,6.022769676348127,4.4319805383039075,-0.9847522766978437,0.0017633408056995593,0.0015716889039327669,0.17394646866667218,-0.1933742495050886,-0.042218012489522186,-0.18885138561746986,0.0015847884696995607,-0.006560899873875314,-0.0030041086120036198,13864,257000000,22.98,0,2,2,-7.893903925926614,4.705876088666359,4.430749901787739,-7.893903925926614,4.705876088666359,4.430749901787739,113.59746980667114
-10.225501397259645,5.482578088179083,3.5544102723452173,-9.431794977868407,6.0371338661061795,4.3678676819013225,-0.9846204000853928,0.0014639138893183308,0.0021993585161085493,0.17468739941370448,-0.23048981281795528,-0.030399306007413012,-0.18646821112559958,0.0029861067787351203,0.0016874289485713234,-0.008974609954748303,13864,543000000,22.9,0,2,2,-7.912755697594267,4.681547173014287,4.374537014253163,-7.912755697594267,4.681547173014287,4.374537014253163,113.99648857116699
-10.283482072404862,5.53732091465431,3.4938570679927787,-9.49535763651015,6.051576714622653,4.315658189150572,-0.9843311657066898,0.0010141405055076518,0.001711969218236121,0.17631845308685068,-0.2247659373803125,-0.03119502990275483,-0.18440830654898477,0.0017745568811733392,0.006619048826905782,-0.014867565187159926,13864,895000000,22.69,0,2,2,-7.926313610298892,4.64661065979756,4.305195860783217,-7.926313610298892,4.64661065979756,4.305195860783217,114.31672716140747
-10.343015939680622,5.5940639847794555,3.436337035063941,-9.549403120868957,6.061949639815611,4.267902080622682,-0.9839384921667251,0.0006907512006809616,0.0007692622385013422,0.17850483111405752,-0.19484399669146263,-0.03832435968919744,-0.18193086067816458,0.0004844985596719198,0.00734262553123699,-0.018419820480630733,13865,174000000,22.36,0,2,2,-7.931664322116041,4.6148900489067985,4.247820973991973,-7.931664322116041,4.6148900489067985,4.247820973991973,114.61080884933472
-10.343015939680622,5.5940639847794555,3.436337035063941,-9.59693146210393,6.068291333209232,4.220920904008817,-0.9834942385768478,0.0005401644837603975,-2.711211392556151e-06,0.18093863849693925,-0.1668088682699091,-0.04425027044390963,-0.17942108572788984,-0.0004282556773205215,0.00468547241325723,-0.019455112669675145,13865,431000000,21.98,0,2,2,-7.942683988484567,4.591641932474929,4.195240324558377,-7.942683988484567,4.591641932474929,4.195240324558377,114.9069151878357
-10.40412469492493,5.652646529561425,3.3819660112501055,-9.638831440794931,6.071401450512198,4.1745827720894075,-0.9830269958940142,0.0005315385146076319,-0.0004425371690946772,0.18345966033777283,-0.14415938320640256,-0.04807819327278133,-0.1771285405650827,-0.0006168315508148225,0.0023749066713207867,-0.019896811318176333,13865,687000000,21.64,0,2,2,-7.9664693941080325,4.579699562491704,4.144056678258268,-7.9664693941080325,4.579699562491704,4.144056678258268,115.19505572319031
-10.40412469492493,5.652646529561425,3.3819660112501055,-9.673364049052068,6.07207137039346,4.13244566622998,-0.9825838949530544,0.0005672980474931705,-0.0006541408099552639,0.18581749016605242,-0.1272151705708171,-0.05031666866098485,-0.1746017830890842,-0.0006178179262406047,0.0010460956559654733,-0.020007652710773982,13865,938000000,21.33,0,2,2,-8.00136652522193,4.577344070029467,4.094184164758822,-8.00136652522193,4.577344070029467,4.094184164758822,115.48250007629395
-10.466824193840418,5.71290304839822,3.330853492557395,-9.707254372923805,6.0711698073619385,4.08741198789979,-0.9820973778460318,0.000626089288426895,-0.0007294573065073431,0.18837148492324812,-0.11327045703564416,-0.05126686500825648,-0.1721535391723864,-0.0005044225304118299,7.840569224981664e-05,-0.02010896678257268,13866,181000000,21.08,0,2,2,-8.041448888232868,4.58193076460044,4.049611720399648,-8.041448888232868,4.58193076460044,4.049611720399648,115.77036142349243
-10.531124343357522,5.774663726388456,3.2831024127962682,-9.735894779711124,6.069285999394729,4.046483249355792,-0.9816361337575275,0.0006872428870958337,-0.000716031423439636,0.1907603624912373,-0.1030209088278228,-0.05142844268055217,-0.1695629926406076,-0.0006945555298898398,-0.000504491288211284,-0.020400389803398866,13866,436000000,20.85,0,2,2,-8.091439930254467,4.59263864925352,4.003317239102037,-8.091439930254467,4.59263864925352,4.003317239102037,116.06149339675903
-10.531124343357522,5.774663726388456,3.2831024127962682,-9.760441380303705,6.067043931216188,4.009439546968233,-0.9812035755108827,0.000766991968581496,-0.0006508879850076324,0.1929728775574705,-0.09635025893744456,-0.05087920604244436,-0.1677380937030692,-0.0005104882745854411,-0.00094569861630589,-0.020571225468302146,13866,688000000,20.66,0,2,2,-8.142296590948575,4.606798306208031,3.962529156467157,-8.142296590948575,4.606798306208031,3.962529156467157,116.31984686851501
-10.597029011258085,5.837754861678575,3.2388089362865244,-9.788009441185258,6.064208503332504,3.966102290999786,-0.9806816343254658,0.0008425640494445448,-0.0005162479644026196,0.1956081687215417,-0.0914157917699091,-0.04958713934920902,-0.16587312269845528,-0.00026382371629551926,-0.0011583203672671516,-0.020813888841075823,13866,913000000,20.5,0,2,2,-8.19185401193643,4.622614512727638,3.9268577190894316,-8.19185401193643,4.622614512727638,3.9268577190894316,116.62238383293152
-10.597029011258085,5.837754861678575,3.2388089362865244,-9.814373183113632,6.061358756072031,3.9233454408032578,-0.9801439879846836,0.0008975927748683961,-0.0003870623683860779,0.1982846623604913,-0.0876126157894452,-0.048252904320674285,-0.1634715748280668,-0.00040559727949585067,-0.00109218162833713,-0.021124239538039546,13867,167000000,20.32,0,2,2,-8.2530161014161,4.6440333623872645,3.886835159122589,-8.2530161014161,4.6440333623872645,3.886835159122589,116.92415928840637
-10.664535954385098,5.901999301723967,3.198062264195162,-9.837999312452606,6.058948933120399,3.8843849381529423,-0.979636143555759,0.0009580496539711551,-0.00026584155563162893,0.20077857880841826,-0.08574211676560137,-0.0466917364402826,-0.16140499537350733,-0.00018688194955984727,-0.0010196313269261736,-0.021330182789824903,13867,429000000,20.16,0,2,2,-8.315966383947,4.6675604142073395,3.8487498737146795,-8.315966383947,4.6675604142073395,3.8487498737146795,117.17600607872009
-10.733636765710141,5.967216887318114,3.1609444548970993,-9.862997080386357,6.056646482836396,3.8428304819601857,-0.9790717862345182,0.0009897451435436602,-0.0001607388831387099,0.2035127317076562,-0.08427069381650354,-0.04501117782825077,-0.15862223660999816,2.332552302419799e-05,-0.0008840629732276284,-0.02140431934094522,13867,656000000,20.01,0,2,2,-8.373156178983473,4.688986400911484,3.8146946723156527,-8.373156178983473,4.688986400911484,3.8146946723156527,117.47853183746338
-10.733636765710141,5.967216887318114,3.1609444548970993,-9.889576254959845,6.054781857399821,3.798810763190624,-0.9784620002776476,0.0010061254694890553,-2.9992310607561054e-05,0.20642456448946628,-0.08478231284815924,-0.042702095006092955,-0.15607825519321147,4.5424286554407445e-05,-0.001049136903930048,-0.021172935703361873,13867,920000000,19.86,0,2,2,-8.429320217633103,4.707794021210225,3.7776775315306197,-8.429320217633103,4.707794021210225,3.7776775315306197,117.81384062767029
-10.804316840475156,6.033224903224885,3.127530258720526,-9.918378950419685,6.05400597087209,3.7524033646268147,-0.9778053933807875,0.0010014385146516112,0.0001356082113723021,0.2095127475996567,-0.09210786457928657,-0.03889835831107482,-0.15317905703950496,0.0006708251817144628,-0.0012568195643325453,-0.02058332829619758,13868,214000000,19.69,0,2,2,-8.479272594970642,4.719807780946265,3.736621937847618,-8.479272594970642,4.719807780946265,3.736621937847618,118.14555525779724
-10.804316840475156,6.033224903224885,3.127530258720526,-9.948458620168317,6.056513567208203,3.709995692827543,-0.9772153991807452,0.0009391222816789904,0.00035400625475811583,0.21224762974631284,-0.11628823803978336,-0.0317642842424652,-0.14973784177150895,0.0008336332314229367,-0.0026659731702238787,-0.018902744159277063,13868,506000000,19.48,0,2,2,-8.519281314808646,4.722311404927001,3.6910362887506336,-8.519281314808646,4.722311404927001,3.6910362887506336,118.47958183288574
-10.876555361569489,6.0998385342332115,3.097886967409693,-10.00196914837946,6.07073756188682,3.6540150936490177,-0.9764922430043856,0.0008757483305433544,0.0009723171892648298,0.21554857229035074,-0.16906522133106347,-0.01835469018712256,-0.1442940107653109,0.0011149293641210534,-0.0027430928639660124,-0.017304472021351103,13868,795000000,19.27,0,2,2,-8.546083454015115,4.716943238914509,3.6474853809684498,-8.546083454015115,4.716943238914509,3.6474853809684498,118.89786386489868
-10.950325304246979,6.166871325440744,3.0720742786082935,-10.065138198329649,6.09471369799307,3.6028847788560876,-0.9757937135346816,0.0006918118780657012,0.0012204142060072034,0.2186885013247991,-0.19760318461224838,-0.011404670605502184,-0.13895498108055815,0.0014003195133227564,0.001046078898525593,-0.019308786067995243,13869,162000000,18.94,0,2,2,-8.569595925801385,4.7008014355411865,3.587840570410241,-8.569595925801385,4.7008014355411865,3.587840570410241,119.32867312431335
-10.950325304246979,6.166871325440744,3.0720742786082935,-10.120789607668199,6.117631108756061,3.561692276103998,-0.975128947043665,0.0004801756835686593,0.0009715236184657224,0.22163565193958396,-0.19664346694136683,-0.011414752443776304,-0.134655421939611,0.0002018277413640135,0.0028743307666445617,-0.021000018750783056,13869,536000000,18.56,0,2,2,-8.58228847082493,4.677966084549389,3.528219601201478,-8.58228847082493,4.677966084549389,3.528219601201478,119.67157578468323
-11.025593460231256,6.234135645563602,3.050144175636353,-10.172714051000776,6.1381427401748,3.5219449749547116,-0.9744080247696467,0.0003801197157159617,0.0005455342203939918,0.22478558487129868,-0.17517658698176317,-0.01583844954907527,-0.12959335216905166,-9.073122200220496e-05,0.002604331234579149,-0.021902230946579948,13869,835000000,18.09,0,2,2,-8.58701819843477,4.658670694463996,3.4846530136358203,-8.58701819843477,4.658670694463996,3.4846530136358203,120.02106785774231
-11.102320481200636,6.301443152063106,3.0321408228027407,-10.216353083457848,6.154003060197486,3.4863875336933674,-0.9737104893071317,0.00034929564977769834,0.0002722553521536708,0.2277886891020674,-0.1563573312909345,-0.01928851822852678,-0.12428055361785872,-0.00040230001445706876,0.0013653048313244653,-0.022066925157560036,13870,132000000,17.64,0,2,2,-8.595811361622028,4.642451055654617,3.4393743695737484,-8.595811361622028,4.642451055654617,3.4393743695737484,120.3395459651947
-11.180460941587125,6.368605256877436,3.018100476464131,-10.25341925832137,6.1665560627108755,3.4547010644886127,-0.9730550313097599,0.00037920032888663684,0.00015026643659109745,0.23057263426059654,-0.1433034708453837,-0.021006557466867002,-0.1195491634020908,-0.0005471678321100626,0.00047345675966425915,-0.021643261425197124,13870,405000000,17.26,0,2,2,-8.617824864293175,4.639910193573386,3.3991738611534785,-8.617824864293175,4.639910193573386,3.3991738611534785,120.65112447738647
-11.180460941587125,6.368605256877436,3.018100476464131,-10.290581903686668,6.178626528168241,3.4219069211537367,-0.972369235966845,0.00044068723527327487,0.00011397754090020516,0.23344777092346392,-0.13371540309680158,-0.021531751881351743,-0.11479299540492609,-0.00041231544400943676,-0.00015533060349071093,-0.02055955264950171,13870,674000000,16.95,0,2,2,-8.650981252618807,4.648736641548988,3.363792246540165,-8.650981252618807,4.648736641548988,3.363792246540165,120.96825456619263
-11.25996342056738,6.435433591546413,3.008051412009522,-10.323335276935163,6.189102351352154,3.3926196809950384,-0.9717545978910493,0.0004953816836766561,0.00014857303990655353,0.23599308040839623,-0.1276903195562809,-0.021509125127487184,-0.11058585920595498,-0.00028059677958935936,-0.0004346575821045917,-0.0198350311620743,13870,954000000,16.66,0,2,2,-8.697849197220199,4.66799560034592,3.3279317289591592,-8.697849197220199,4.66799560034592,3.3279317289591592,121.25123763084412
-11.340770603066856,6.501740470521191,3.0020138669173706,-10.349967555532269,6.197584940867182,3.3686789896422025,-0.971242159587375,0.0005344236730565379,0.00018659382693362466,0.2380931477681218,-0.12336458995663509,-0.0213174852799742,-0.10713822923431057,-0.00045315743477658543,-0.00043213739502334647,-0.01950350015249569,13871,204000000,16.44,0,2,2,-8.749467286649944,4.692947240481106,3.2970731468476777,-8.749467286649944,4.692947240481106,3.2970731468476777,121.50544023513794
-11.340770603066856,6.501740470521191,3.0020138669173706,-10.37824124718248,6.206691128325808,3.3434239609031353,-0.9706874614259765,0.0005981400626460783,0.00022053167563084976,0.24034443164891284,-0.12113633910833603,-0.020707729199297163,-0.10335573805176626,-0.00023237655710772742,-0.0004043646271156831,-0.01916160326800309,13871,428000000,16.28,0,2,2,-8.797613961714948,4.718078526234468,3.2730357562490564,-8.797613961714948,4.718078526234468,3.2730357562490564,121.7819311618805
-11.42281939954245,6.567339351457388,3.0,-10.410777450882955,6.217523518070831,3.3151188687930175,-0.9700448656259786,0.0006302192973147934,0.0002669382395762079,0.24292486542198727,-0.12049357265394263,-0.019797520863592377,-0.09878656085617607,-7.590147390601487e-05,-0.0003363087699881362,-0.018909321079263464,13871,672000000,16.11,0,2,2,-8.85368746470644,4.748774036280421,3.249007455303315,-8.85368746470644,4.748774036280421,3.249007455303315,122.09953737258911
-11.42281939954245,6.567339351457388,3.0,-10.436085335050347,6.226221049356309,3.293783486882003,-0.9695380364380065,0.0006445311296193892,0.00029772666154928107,0.2449397718591083,-0.11997864890543877,-0.01919174656637503,-0.09519267705779291,-0.00013415116200121702,-0.0003029607228199893,-0.01883933146018535,13871,946000000,15.94,0,2,2,-8.921911157138295,4.787286894848546,3.2235849523414,-8.921911157138295,4.787286894848546,3.2235849523414,122.35216951370239
-11.50604108425346,6.632045291300239,3.0020138669173706,-10.463622516108321,6.236023173607124,3.271421317926955,-0.9689856056251054,0.0006716361108850279,0.0003234866500223343,0.2471160463277708,-0.12067193736690474,-0.01832270263416818,-0.09114451158472708,-0.0002506788320033593,-0.00020564203424555672,-0.01863991165009793,13872,165000000,15.81,0,2,2,-8.974681112111588,4.816963887917775,3.204905481661811,-8.974681112111588,4.816963887917775,3.204905481661811,122.63064479827881
-11.50604108425346,6.632045291300239,3.0020138669173706,-10.49567126530713,6.247870875185366,3.246565256477848,-0.9683381702875019,0.0007043065652278068,0.00033180334653191556,0.24964090574874576,-0.12129279060341784,-0.017442507691128605,-0.08632327854915853,-0.0001422535575557049,-0.00011587461870021798,-0.0186123908861191,13872,409000000,15.67,0,2,2,-9.027689481699259,4.8454968592746885,3.185091376756831,-9.027689481699259,4.8454968592746885,3.185091376756831,122.97696280479431
-11.59036145167595,6.695675396983499,3.0080514120095216,-10.532490664484955,6.2621217132413065,3.2198091396162116,-0.9675914676832832,0.0007223672659877402,0.0003438500281249991,0.25251952720374116,-0.12295093578727578,-0.01642089248925084,-0.08089019796381447,-3.12249465395098e-05,5.2998960331507305e-06,-0.01847361127147451,13872,697000000,15.54,0,2,2,-9.084006741087268,4.872729787098024,3.1604883365213396,-9.084006741087268,4.872729787098024,3.1604883365213396,123.33342814445496
-11.675700990661799,6.758049269580246,3.0181004764641304,-10.569511895972878,6.277140049942578,3.194747641596595,-0.9668424842312866,0.0007102626749232417,0.00033629137430459335,0.2553722638042714,-0.12619559455427032,-0.015091105805300903,-0.0754924305534579,0.00022622220114953961,7.842560734161452e-05,-0.01853071189543698,13873,8000000,15.29,0,2,2,-9.128470987210067,4.889989360422757,3.135903067837386,-9.128470987210067,4.889989360422757,3.135903067837386,123.71054124832153
-11.675700990661799,6.758049269580246,3.0181004764641304,-10.605345767961502,6.292678784928577,3.172882368307952,-0.9661279202544014,0.0006720844793155829,0.00032829367591457757,0.25806255487889074,-0.1333827769496248,-0.013339454096905193,-0.07009310224384793,0.0002543434419521873,0.00024032964063280815,-0.018376098705630284,13873,326000000,15.06,0,2,2,-9.164572737140444,4.8990761486093515,3.109980477089179,-9.164572737140444,4.8990761486093515,3.109980477089179,124.0692241191864
-11.761975075891066,6.818989440763117,3.0321408228027407,-10.64042123817557,6.308907064407653,3.1539683031283308,-0.9654673110513283,0.0006254853223354866,0.0002914066747711614,0.26052331016931896,-0.14084554715021744,-0.011844250425442859,-0.06490823063104682,0.000263453785009915,0.0004099904998611237,-0.01801469570636982,13873,618000000,14.83,0,2,2,-9.190100476640568,4.90102221812295,3.0862842112525,-9.190100476640568,4.90102221812295,3.0862842112525,124.39374780654907
-11.849094176114601,6.878321800454076,3.0501441756363525,-10.676684752992536,6.326439136199205,3.1365051390036642,-0.964810795354383,0.0005819924244011511,0.00024104610853683945,0.26294435219116985,-0.14483621537649916,-0.011077130102367657,-0.059720945349837275,7.07500937835448e-05,0.00046149825720931403,-0.01795948646758916,13873,907000000,14.59,0,2,2,-9.208437106371536,4.8987059812137534,3.0649843036648465,-9.208437106371536,4.8987059812137534,3.0649843036648465,124.72245192527771
-11.849094176114601,6.878321800454076,3.0501441756363525,-10.710612247326464,6.343169261766486,3.121608433053977,-0.9641918838940573,0.0005626204018434472,0.0001876823515216523,0.2652049382391797,-0.1453228838732265,-0.011042969999420726,-0.05483300204527811,-9.498783910544262e-05,0.0003673465982956259,-0.017997190479945857,13874,196000000,14.33,0,2,2,-9.222482945806743,4.893255797571628,3.0446077681515415,-9.222482945806743,4.893255797571628,3.0446077681515415,125.0230860710144
-11.936964078633872,6.93587601456928,3.072074278608293,-10.747148003421113,6.361403059729866,3.107015496192284,-0.9635246770129995,0.0005638168686777786,0.00014463041177256491,0.26761886700974064,-0.14530826800310237,-0.011121365816857163,-0.049471459322739435,-6.362749687127689e-05,0.00029759032713627676,-0.017827359806688037,13874,451000000,14.08,0,2,2,-9.232665263410874,4.88620433790276,3.026662400192942,-9.232665263410874,4.88620433790276,3.026662400192942,125.33266472816467
-12.025486129416084,6.9914859317930045,3.0978869674096927,-10.783494790412993,6.379740196552149,3.09388641855333,-0.9628564063850571,0.0005585572528728688,0.00010033071427265945,0.2700133675039012,-0.14501015332786854,-0.011173591437857932,-0.0442471009095318,-2.7174773720162193e-05,0.00036683579480722983,-0.01753556298353942,13874,726000000,13.81,0,2,2,-9.243271626841073,4.878760686304531,3.008682211486642,-9.243271626841073,4.878760686304531,3.008682211486642,125.64835047721863
-12.025486129416084,6.9914859317930045,3.0978869674096927,-10.817260554046843,6.3969768826099935,3.083047438020121,-0.9622471551135383,0.0005514995784532624,4.856859177860553e-05,0.27217660804192695,-0.14598969226362593,-0.011194463042229989,-0.039096099542546045,-0.0001736981147359984,0.0004795628512965777,-0.016980402142507955,13874,999000000,13.55,0,2,2,-9.264193140182318,4.881020028934915,2.99285705505601,-9.264193140182318,4.881020028934915,2.99285705505601,125.96285581588745
-12.114557488195874,7.044989978345844,3.127530258720525,-10.85389557789626,6.415923054751987,3.0729266174178664,-0.9616091295277475,0.0005452902635813586,-2.708550798420238e-05,0.27442227302788547,-0.14744521534945843,-0.01124112732106499,-0.03340709431335532,5.981376602903765e-05,0.0005565457911416161,-0.016414117635576986,13875,269000000,13.34,0,2,2,-9.296492745226887,4.894973565766891,2.9803256139273406,-9.296492745226887,4.894973565766891,2.9803256139273406,126.27926588058472
-12.204071397869395,7.0962315397463875,3.1609444548970984,-10.882778925530411,6.431004577961659,3.066048596700916,-0.9611169372793251,0.0005253578948556533,-8.288291366486338e-05,0.2761411776688057,-0.14798937042475627,-0.011341334887688036,-0.029253687063993266,-0.000209623782154722,0.0005568483402385027,-0.016064944975369144,13875,541000000,13.15,0,2,2,-9.343634617925769,4.921207293640159,2.9692295647512714,-9.343634617925769,4.921207293640159,2.9692295647512714,126.54168343544006
-12.204071397869395,7.0962315397463875,3.1609444548970984,-10.917095529691458,6.449089916883855,3.059165789747257,-0.960550456263384,0.000531900933966385,-0.0001798279940772488,0.27810520619990853,-0.1496301805513302,-0.01145159491375212,-0.02379706713299241,-0.00022045399816761346,0.0008410574082517996,-0.015451665967702866,13875,770000000,13.01,0,2,2,-9.38755041873544,4.948079881463136,2.962187206887395,-9.38755041873544,4.948079881463136,2.962187206887395,126.83238959312439
-12.293917467443427,7.145059328602193,3.198062264195161,-10.951798141007448,6.467556642124781,3.0537675677275,-0.9599982583812212,0.0005169170941310904,-0.00029933577695322015,0.28000533405603606,-0.1515563620931247,-0.011628758406136646,-0.01816032323080715,2.3155829964593977e-05,0.0009250985613107332,-0.01493006520831841,13876,26000000,12.87,0,2,2,-9.443822222837573,4.9837331604240545,2.9556571607496305,-9.443822222837573,4.9837331604240545,2.9556571607496305,127.12763333320618
-12.293917467443427,7.145059328602193,3.198062264195161,-10.986755357227809,6.4863195794653175,3.049748475122919,-0.9594645818934822,0.00048329752729949686,-0.00041108110440432534,0.28182851794627023,-0.1528383439922299,-0.011829066209514618,-0.012986348559043515,-0.00012508539981581634,0.0009738717722029833,-0.014267647111410042,13876,282000000,12.73,0,2,2,-9.500622038028752,5.019650136845867,2.950854167254167,-9.500622038028752,5.019650136845867,2.950854167254167,127.43267464637756
-12.383981967760793,7.191327737505053,3.2388089362865236,-11.02203016634515,6.505370812248402,3.047126573667885,-0.9589511569704834,0.00045800746336999127,-0.0005435661843485194,0.28357040273966877,-0.1542689548456097,-0.012159580522339598,-0.007766362071699883,-8.325383120677543e-05,0.001061859052242653,-0.013794157439406263,13876,542000000,12.61,0,2,2,-9.553538423598333,5.051728536300353,2.947445191689638,-9.553538423598333,5.051728536300353,2.947445191689638,127.71946668624878
-12.474148139184196,7.234897176147173,3.2831024127962674,-11.054725044891953,6.5231180717867545,3.0458287860957785,-0.9584837494580194,0.00043250609583878595,-0.0006659315243333606,0.2851460529247747,-0.15484303010136352,-0.012388923294421208,-0.003438437189379746,-0.00021320583698525297,0.0010448887110214855,-0.013502353976946324,13876,800000000,12.49,0,2,2,-9.600299269906452,5.077996880724372,2.9450627901199375,-9.600299269906452,5.077996880724372,2.9450627901199375,127.99820876121521
-12.474148139184196,7.234897176147173,3.2831024127962674,-11.090312694178312,6.542552113325554,3.0456810608481595,-0.9579929249341321,0.0004158790642231733,-0.000805073000585465,0.286790401998069,-0.15616659712642714,-0.012638772190477219,0.0018305919940108412,-0.00015732207145902066,0.0011141133882119902,-0.012872368552052649,13877,50000000,12.38,0,2,2,-9.63748008104008,5.096671559136496,2.943749170693651,-9.63748008104008,5.096671559136496,2.943749170693651,128.28908801078796
-12.564296510383741,7.275634391818853,3.3308534925573943,-11.126238361366475,6.562263462569691,3.046976064701224,-0.9575236911514051,0.00038820454097971324,-0.0009488771666190087,0.28835278707365664,-0.15770938817273772,-0.013053807213290905,0.007271444152225989,-9.45817674846694e-05,0.001055657173765212,-0.012279184102226282,13877,305000000,12.25,0,2,2,-9.671694842833277,5.111290948324414,2.9433337096478955,-9.671694842833277,5.111290948324414,2.9433337096478955,128.58387851715088
-12.564296510383741,7.275634391818853,3.3308534925573943,-11.165160961291457,6.583670159847757,3.049849869970892,-0.9570370106779102,0.0003630301597427938,-0.0010825422980791954,0.28996354340496877,-0.15862812900893,-0.013585384050508718,0.012702764732357147,-0.00021776026954967165,0.001020959041397873,-0.011682802778523182,13877,562000000,12.12,0,2,2,-9.700570577941583,5.120993256752077,2.9441320556107184,-9.700570577941583,5.120993256752077,2.9441320556107184,128.90264248847961
-12.654305227338881,7.313412772494321,3.3819660112501047,-11.201552979716388,6.603697562915489,3.0539581621967558,-0.9566058796271413,0.0003454993840989771,-0.0012145410977773218,0.2913822173415537,-0.15944245821269637,-0.014076107748690387,0.017816309398746705,-0.00014113195732079475,0.0009475489548549376,-0.011158027245983249,13877,838000000,11.97,0,2,2,-9.726886860634478,5.12710813221624,2.946539387527205,-9.726886860634478,5.12710813221624,2.946539387527205,129.22048568725586
-12.654305227338881,7.313412772494321,3.3819660112501047,-11.249206930168985,6.629965133250027,3.0611462628132617,-0.9560660586072643,0.0003171749980282458,-0.0013585844435924413,0.29314799202365516,-0.15969741122906297,-0.014710492654332025,0.023777058392555107,-6.314280369679182e-05,0.0009002727324514126,-0.010474683131178608,13878,116000000,11.83,0,2,2,-9.747795292114526,5.129674647912889,2.9500950121789593,-9.747795292114526,5.129674647912889,2.9500950121789593,129.58285427093506
-12.744050391633541,7.348112631760663,3.4363370350639397,-11.28860677324166,6.651628130221739,3.0686378021102914,-0.9556447948920772,0.0002859423884018048,-0.0014705205875550078,0.2945178802752584,-0.15987105069568625,-0.015342893392693846,0.028489590084803722,-1.1869316818291509e-05,0.0007501158791001217,-0.010003033639804926,13878,438000000,11.65,0,2,2,-9.772900690399009,5.131079506680503,2.9569951786744113,-9.772900690399009,5.131079506680503,2.9569951786744113,129.92081451416016
-12.83340640709367,7.379621474894889,3.493857067992778,-11.330736144435237,6.674765793736162,3.077981418515418,-0.9552127840356069,0.00025968067033225865,-0.0015703575549775427,0.2959155348372976,-0.1593668101869175,-0.015897852554249272,0.03293492044756541,-0.0001489555245370866,0.0007957363493460434,-0.009313700957136462,13878,737000000,11.53,0,2,2,-9.798611942576807,5.135719147962238,2.965584914447018,-9.798611942576807,5.135719147962238,2.965584914447018,130.25974011421204
-12.922246333789698,7.4078342454461295,3.5544102723452164,-11.370050968847385,6.696277218212888,3.0880044567309426,-0.9548419265220494,0.00023722626575671828,-0.0016884820841723785,0.2971093874444415,-0.15942761861277774,-0.016626723688611164,0.03775145844054561,-7.32027608307817e-05,0.000960595968990674,-0.008529361730325036,13879,30000000,11.38,0,2,2,-9.832121045942653,5.149163680716318,2.975582818136466,-9.832121045942653,5.149163680716318,2.975582818136466,130.5683557987213
-12.922246333789698,7.4078342454461295,3.5544102723452164,-11.403859696340058,6.714687581572038,3.0977829451098016,-0.9545482964405294,0.0002083393268272741,-0.0018031803439564507,0.29805075892850025,-0.15991529041130348,-0.017344614859566294,0.042590459564109125,-0.00017615913492363688,0.0010132591910405608,-0.007831520179024665,13879,302000000,11.28,0,2,2,-9.87710145742073,5.173505022651318,2.9874310868355023,-9.87710145742073,5.173505022651318,2.9874310868355023,130.84158372879028
-13.010442248402331,7.432653551733569,3.61787470202627,-11.437878343682941,6.733095645477501,3.108808874068011,-0.9542840330449172,0.00019018610316177183,-0.0019243328318227049,0.29889504018622576,-0.1605756986787094,-0.01814757981986455,0.04771256674745123,-0.00026524639338276756,0.0009251419214706402,-0.007028503023320809,13879,542000000,11.22,0,2,2,-9.923565910901969,5.201754297103138,2.9990151667470455,-9.923565910901969,5.201754297103138,2.9990151667470455,131.11552333831787
-13.010442248402331,7.432653551733569,3.61787470202627,-11.474833586708913,6.752985810301535,3.1219988145531534,-0.9540207937885745,0.00019034142589331705,-0.0020341995953923296,0.299733466301589,-0.16063139134510437,-0.018866649367789926,0.05253295380098185,-0.00034734839289285446,0.0007907632266324072,-0.006599505150006735,13879,778000000,11.17,0,2,2,-9.974408807333164,5.233890927644077,3.0118939743833772,-9.974408807333164,5.233890927644077,3.0118939743833772,131.43658423423767
-13.097865609928817,7.453989872725822,3.684122548120574,-11.514794402052143,6.774304338280293,3.137700781837779,-0.9537486498397908,0.00018880573418643366,-0.0021420363158336907,0.30059755315303593,-0.16080574612950427,-0.019851039189138654,0.05785726352515712,-2.977052471209163e-05,0.0006324574655991455,-0.0062151455949788215,13880,55000000,11.15,0,2,2,-10.030701522147785,5.269484663190442,3.0271392783615907,-10.030701522147785,5.269484663190442,3.0271392783615907,131.74785828590393
-13.184387629688551,7.471761742823902,3.7530203962825324,-11.554799617756581,6.7954542428638085,3.1547262189398726,-0.953499793300979,0.00017503975698574675,-0.0022170674448092308,0.3013854643940525,-0.1604734419785792,-0.020765503015115046,0.06243084948453751,-0.00030608359224970627,0.0005997002801905182,-0.005535560740099754,13880,326000000,11.12,0,2,2,-10.088379504290454,5.304617997916547,3.0447389113570478,-10.088379504290454,5.304617997916547,3.0447389113570478,132.05506825447083
-13.184387629688551,7.471761742823902,3.7530203962825324,-11.58629672075663,6.8119224046896925,3.1690714848612034,-0.9533250285735291,0.0001807350775221506,-0.0022917239347389393,0.3019372537987299,-0.160442419360652,-0.021659420420296987,0.06646110604722057,-0.00033488310577922675,0.0006666287106327218,-0.004902416367258411,13880,599000000,11.1,0,2,2,-10.140359821846138,5.333885322640476,3.0636119809025324,-10.140359821846138,5.333885322640476,3.0636119809025324,132.31718492507935
-13.269879644571253,7.485895915127626,3.8244294954150533,-11.62364988007608,6.831225844401419,3.1872778517120612,-0.953157879372584,0.0001866971572452795,-0.002392734818983019,0.302463711797326,-0.1603634779839383,-0.022680068449826587,0.07164527884989647,-0.00021635590314872388,0.0006637070612214302,-0.003864492737193359,13880,829000000,11.08,0,2,2,-10.176575597012055,5.352163751242982,3.0794238532338323,-10.176575597012055,5.352163751242982,3.0794238532338323,132.60185527801514
-13.269879644571253,7.485895915127626,3.8244294954150533,-11.660995172776486,6.850292241561352,3.206670108272514,-0.9530125595335149,0.0001924024872847444,-0.0024707507638102692,0.3029206492521176,-0.15972151508450977,-0.023607627998974135,0.07606375952392497,-0.0004457550801362231,0.0005994102423301229,-0.0035805081552098272,13881,81000000,11.07,0,2,2,-10.214171487653713,5.368546919703653,3.0991745885694337,-10.214171487653713,5.368546919703653,3.0991745885694337,132.91181302070618
-13.354213492458666,7.496327502823981,3.898206037095794,-11.704156699293351,6.8719794486389105,3.2306007349309356,-0.9528553391184209,0.00020548971862109546,-0.0025720706323178882,0.3034139827696749,-0.15923414331547386,-0.024845167786325326,0.08133420036611104,-7.676404294443273e-05,0.0005586890267750277,-0.00317138192258426,13881,352000000,11.06,0,2,2,-10.246508348543502,5.37975273271432,3.1199891730126814,-10.246508348543502,5.37975273271432,3.1199891730126814,133.24390053749084
-13.354213492458666,7.496327502823981,3.898206037095794,-11.741528115770409,6.890478614020236,3.252438750000318,-0.9527408863661398,0.00019351729636825723,-0.0026346814826008974,0.3037726525722867,-0.158466454524764,-0.025745216071046722,0.08509205975962274,-0.00015818885543694705,0.0005286225530198863,-0.0024894314947232488,13881,642000000,11.03,0,2,2,-10.278552908341302,5.387411922935744,3.145589014611558,-10.278552908341302,5.387411922935744,3.145589014611558,133.5490083694458
-13.437261888741183,7.503000098395525,3.9742014451881866,-11.778885866788904,6.908694060717622,3.2753615013470525,-0.9526578892420611,0.00018373035202888955,-0.002705784332494193,0.3040322203963991,-0.15766284437611447,-0.02666328684707058,0.08912156791503881,-4.8372738348234634e-05,0.00043218553287260875,-0.001938136756507447,13881,911000000,11.01,0,2,2,-10.303145578288415,5.390716007187368,3.1694251062381356,-10.303145578288415,5.390716007187368,3.1694251062381356,133.8388557434082
-13.518898802844385,7.505865870407254,4.052262675054002,-11.81607227073823,6.9265768960406,3.2991509105460612,-0.9525822647409479,0.00018198939031880508,-0.002744663616777816,0.3042687341849289,-0.15626283891874343,-0.027416360977854264,0.09225642520758584,-0.00032003908927435987,0.00028457425571559725,-0.0017307465213889373,13882,164000000,10.99,0,2,2,-10.326619553636665,5.3925953755804095,3.195029951542234,-10.326619553636665,5.3925953755804095,3.195029951542234,134.13450002670288
-13.518898802844385,7.505865870407254,4.052262675054002,-11.853155133944822,6.944103969488485,3.3238874761665738,-0.9525254293865079,0.0002040352761712549,-0.0027980438366110453,0.3044461129532502,-0.15544263468217356,-0.028593177517088404,0.09642306738593029,-0.0003438774058395211,0.0004580428509370904,-0.0010076055446006649,13882,418000000,10.99,0,2,2,-10.352326383723,5.396463849930549,3.2220673433546527,-10.352326383723,5.396463849930549,3.2220673433546527,134.42821431159973
-13.598999833677176,7.504885637691124,4.132232521764883,-11.884587443913395,6.958649635859014,3.34577220538768,-0.9525039571254335,0.00021396835602514766,-0.0028594011208512094,0.3045127086069859,-0.15501265395988553,-0.02976217749288118,0.1004273455065791,-0.00018145302504990468,0.0004448499254294802,-0.00040223864061772474,13882,681000000,10.99,0,2,2,-10.384103279380197,5.406195778914283,3.250234832190391,-10.384103279380197,5.406195778914283,3.250234832190391,134.678218126297
-13.677442582912931,7.500028920808715,4.213949936692152,-11.918870532581085,6.974200539049083,3.3705209423106846,-0.9524949959609229,0.0002193291121085259,-0.00289657127019605,0.3045403822796223,-0.154043276826993,-0.03087198962180563,0.10403773312725302,-0.0002127686684616492,0.00022104317878302027,-1.1085634987750836e-05,13882,902000000,11.01,0,2,2,-10.417543550412367,5.420768067022459,3.274857618067314,-10.417543550412367,5.420768067022459,3.274857618067314,134.9532573223114
-13.677442582912931,7.500028920808715,4.213949936692152,-11.95887246754988,6.991879466840416,3.4006544956412355,-0.9525105150707609,0.00023255801250541349,-0.0029362967819461664,0.30449144939983563,-0.15323685775604184,-0.03250969955573279,0.10949734754604061,-0.0002091887765232059,0.00034979437373294786,0.0007754074260901689,13883,144000000,11.04,0,2,2,-10.460618248055187,5.443018252700335,3.3022681345769294,-10.460618248055187,5.443018252700335,3.3022681345769294,135.28006529808044
-13.75410702501791,7.491273970733897,4.297250351837314,-11.998997559037605,7.009064682492809,3.4324235654057835,-0.9525558085411926,0.00022532453912932566,-0.0029851284471237097,0.30434925636748467,-0.15257526917840972,-0.03404796518426087,0.11504626217420785,0.00016646351213012167,0.00024402735903095163,0.0011518614087435708,13883,429000000,11.1,0,2,2,-10.51706148754359,5.474809220297544,3.3346738822566206,-10.51706148754359,5.474809220297544,3.3346738822566206,135.60495018959045
-13.75410702501791,7.491273970733897,4.297250351837314,-12.033388890890711,7.023431727786303,3.460716397399169,-0.9525980406421453,0.00020408438059441058,-0.0029938984088114066,0.3042169750139346,-0.15170971619795398,-0.03508094723026463,0.11883823174425034,-0.0002169527476780786,8.4523121302027e-05,0.001333874138254032,13883,712000000,11.18,0,2,2,-10.576072474481046,5.508560637267209,3.36791839960805,-10.576072474481046,5.508560637267209,3.36791839960805,135.86846375465393
-13.828875872947062,7.478607774758877,4.381966011250104,-12.067784613495958,7.03742286169083,3.4900156677463157,-0.9526614166329067,0.0002269006034976964,-0.0030134175447670084,0.30401824466600724,-0.15075256085390867,-0.036388524414789805,0.1229905261360988,-0.0002802890719522111,4.9834270399173874e-05,0.0020475990595514304,13883,947000000,11.25,0,2,2,-10.625189896696114,5.535480036467244,3.3975207122097095,-10.625189896696114,5.535480036467244,3.3975207122097095,136.13216972351074
-13.828875872947062,7.478607774758877,4.381966011250104,-12.107791079488178,7.053228856469467,3.5251935309896765,-0.9527599318577967,0.00026246552179365963,-0.0030224318643560016,0.3037092495525969,-0.14913239308273696,-0.03763988260976499,0.12666473004906184,-0.000288969835082753,3.0824099006565575e-05,0.00247373591264477,13884,179000000,11.32,0,2,2,-10.670782444620333,5.558486434090007,3.4280751906063966,-10.670782444620333,5.558486434090007,3.4280751906063966,136.4737193584442
-13.90163493843648,7.462026039688312,4.467926308866649,-12.147687997599874,7.068461883428287,3.561542393037136,-0.9528683286004117,0.0002799419281429565,-0.0030331064541294127,0.3033688682907535,-0.1477062387128933,-0.03894514970888931,0.13062361876760273,8.858134208367119e-05,-2.013046707105559e-05,0.0026040550210382207,13884,472000000,11.41,0,2,2,-10.718187912554756,5.579176534933998,3.4648923846253776,-10.718187912554756,5.579176534933998,3.4648923846253776,136.79239153862
-13.972273485833556,7.441533152447317,4.55495813208737,-12.184594336947189,7.082122389446613,3.5960866098112882,-0.9529734418338759,0.00028388782110155483,-0.003024254726231413,0.3030385989446761,-0.14625447145174023,-0.04001023040667286,0.1333730107130022,-0.0005110271104058484,-5.2578823073190506e-05,0.0028628547852349584,13884,748000000,11.49,0,2,2,-10.759234749572368,5.593164605877774,3.5031505138055854,-10.759234749572368,5.593164605877774,3.5031505138055854,137.08680605888367
-13.972273485833556,7.441533152447317,4.55495813208737,-12.218562132283807,7.094287263237535,3.628717566980885,-0.9530865329667524,0.00033653030142760903,-0.003038785732932664,0.3026825287426432,-0.1449959948600273,-0.0412814437245472,0.1367283442000234,-0.0004715621287232352,5.187317846377937e-05,0.0033247846431549988,13885,9000000,11.56,0,2,2,-10.792244736811416,5.600702812716462,3.5401526638608205,-10.792244736811416,5.600702812716462,3.5401526638608205,137.34332942962646
-14.040684578421265,7.417142118289708,4.642886210402725,-12.249670168125643,7.105020599805174,3.659429887371848,-0.9532036310454547,0.0003737887590295403,-0.0030640322436420817,0.30231326426429594,-0.14386886477548314,-0.042632069840761136,0.14027779628176598,-0.00040333022468530544,0.0001171058414684012,0.003647890548563737,13885,237000000,11.62,0,2,2,-10.81900392042688,5.603610642673646,3.5757170361315,-10.81900392042688,5.603610642673646,3.5757170361315,137.61440634727478
-14.040684578421265,7.417142118289708,4.642886210402725,-12.286300042262445,7.117202926056813,3.6965350430664277,-0.9533500047820358,0.00042083557776116513,-0.0030862145518475714,0.30185106685126795,-0.1421755266439893,-0.043855755611061024,0.14342666609135407,-0.0005607687512565462,6.321039194290279e-05,0.0037804112707817694,13885,473000000,11.68,0,2,2,-10.84107468907573,5.6034751554822915,3.609603378078187,-10.84107468907573,5.6034751554822915,3.609603378078187,137.91169118881226
-14.106765416210758,7.388874476852862,4.731533468364688,-12.322831366638315,7.128805727674869,3.7345989239903497,-0.9534991701168947,0.00047231384426523783,-0.003111010038247585,0.3013792148151025,-0.14067491329333504,-0.04538961689276753,0.14712190959106422,-0.0002948945336811448,-6.7654443158815525e-06,0.003755071475097793,13885,732000000,11.75,0,2,2,-10.865254486601106,5.600955389845163,3.651222644655131,-10.865254486601106,5.600955389845163,3.651222644655131,138.20640468597412
-14.106765416210758,7.388874476852862,4.731533468364688,-12.36199866636103,7.14067687033511,3.7764727071704227,-0.9536556949970767,0.0005092376963120239,-0.003107646340546987,0.30088352997602436,-0.1388079867233645,-0.04674523074072205,0.15033248296812873,-0.0002569890540371489,-0.00011557688495145158,0.0038829550248919986,13885,981000000,11.82,0,2,2,-10.889519172328393,5.598229641756993,3.6940443957031714,-10.889519172328393,5.598229641756993,3.6940443957031714,138.52634239196777
-14.170417664197668,7.356760196364748,4.820721382193132,-12.400991281766599,7.151888642541887,3.819351400076636,-0.9538265939342673,0.0005288241843111137,-0.003091595583207914,0.3003414574871176,-0.13704011895162233,-0.04807431632983337,0.15358542318873064,0.00013030990686502264,-0.00026245956519233005,0.004072096089657862,13886,260000000,11.9,0,2,2,-10.92058224902134,5.6000524966117595,3.741144555222684,-10.92058224902134,5.6000524966117595,3.741144555222684,138.85939478874207
-14.231547770101251,7.32083754636694,4.910270339298969,-12.437004463394924,7.161778005492211,3.859766328813368,-0.9539852544245548,0.0005370262471403665,-0.003048702264276274,0.299837541608504,-0.13542612182660135,-0.04909172259183669,0.15565850562480474,-0.000312435574301162,-0.0003181279282671312,0.004229331671012915,13886,539000000,11.99,0,2,2,-10.960693575987696,5.610833152939099,3.788638064447665,-10.960693575987696,5.610833152939099,3.788638064447665,139.16163516044617
-14.231547770101251,7.32083754636694,4.910270339298969,-12.47011579877549,7.17044009944677,3.897655404531769,-0.9541451927185145,0.0005800556528609247,-0.00302728865297137,0.2993283318882461,-0.13400325107410854,-0.05038598863675224,0.15841673318081378,-0.0004530758019427594,-0.000196596832324758,0.004645175567929982,13886,804000000,12.08,0,2,2,-11.005500426762332,5.628366687830282,3.83247975206088,-11.005500426762332,5.628366687830282,3.83247975206088,139.4327380657196
-14.290067270632257,7.281152949374527,4.999999999999999,-12.50316337445142,7.17855303230679,3.936333183501546,-0.9543180845723839,0.000621732429681049,-0.0030231750636385583,0.2987766177588479,-0.13249504502906073,-0.052043282745272035,0.16172545244510356,-4.571116924978469e-05,-0.0001664032282633343,0.004802724424735061,13887,45000000,12.17,0,2,2,-11.051972686045259,5.649501284593682,3.8725957565575952,-11.051972686045259,5.649501284593682,3.8725957565575952,139.69729566574097
-14.345893085364855,7.237760811949752,5.089729660701029,-12.541562248648203,7.187357498646053,3.982212928738735,-0.9545108558115902,0.0006330507502447995,-0.0029879806267685436,0.2981605227999628,-0.13057846871229778,-0.053616026519150206,0.16448492775739504,-2.8535058227419086e-05,-0.00025974097184189304,0.004511673296292429,13887,278000000,12.28,0,2,2,-11.100516243391017,5.6722351648659,3.912865647933044,-11.100516243391017,5.6722351648659,3.912865647933044,140.01423025131226
-14.345893085364855,7.237760811949752,5.089729660701029,-12.579837684363131,7.195393673935271,4.029034610371115,-0.954700436177129,0.0006523726985391512,-0.002959945254447342,0.2975531722182652,-0.12872509100449495,-0.05570183881662004,0.16840120307582562,-0.00031972368503829784,-0.00017511209762233193,0.004762514936373918,13887,558000000,12.4,0,2,2,-11.155932084302739,5.6967173235098745,3.9606290612435973,-11.155932084302739,5.6967173235098745,3.9606290612435973,140.34041786193848
-14.398947797320005,7.190723335720643,5.179278617806866,-12.612582269622362,7.201592613801301,4.0701235333708725,-0.9548769349726969,0.0006789480675538722,-0.0029465901990782814,0.29698635607190443,-0.1270794567789153,-0.057507209941804825,0.17190475938970312,-3.9812024255070355e-05,-0.00025097528748574405,0.004939610789733706,13887,845000000,12.52,0,2,2,-11.2066223076394,5.715650848908746,4.009500539834036,-11.2066223076394,5.715650848908746,4.009500539834036,140.6287546157837
-14.398947797320005,7.190723335720643,5.179278617806866,-12.647900270367295,7.207675496414752,4.115364685924267,-0.9550606046214127,0.0006959886352468133,-0.0028991187328360683,0.29639560086238464,-0.12513453997681412,-0.05893911202470783,0.17448244340726957,-0.00020311613866397238,-0.00037932412340069277,0.004660082777263597,13888,96000000,12.67,0,2,2,-11.248007054541105,5.72690083393814,4.056214307982672,-11.248007054541105,5.72690083393814,4.056214307982672,140.90636467933655
-14.449159919402483,7.140110308928806,5.26846653163531,-12.68032829828745,7.2126988393374045,4.157785905716043,-0.9552251207135614,0.0007244770505981533,-0.0028680482391095254,0.29586520273608197,-0.12323678184707007,-0.06037537201517714,0.17701068797144937,-0.00018038453504232166,-0.00032965579066512873,0.004612563361661159,13888,340000000,12.72,0,2,2,-11.281221553381778,5.731804193230802,4.100617116071131,-11.281221553381778,5.731804193230802,4.100617116071131,141.18132185935974
-14.449159919402483,7.140110308928806,5.26846653163531,-12.712549420779995,7.217170305558232,4.200628243498291,-0.9553887383665951,0.0007548360401108073,-0.002829684121073375,0.29533672598004707,-0.12124338741226381,-0.06162443407248088,0.17852211368639523,-0.00019411644558431362,-0.00034683534124724247,0.004610749238054268,13888,581000000,12.8,0,2,2,-11.310013208376805,5.731806948556174,4.146352102879495,-11.310013208376805,5.731806948556174,4.146352102879495,141.45875000953674
-14.496464145870778,7.085998879141749,5.357113789597272,-12.747215058112907,7.2213631145591135,4.247563697146781,-0.9555652507915912,0.0007789139323077011,-0.0027972062357729424,0.2947653650108232,-0.1190386904316744,-0.0630674722316145,0.18058657107319892,-1.1278801587133458e-06,-0.0003377778625690553,0.004520589209278114,13888,830000000,12.88,0,2,2,-11.334948170371533,5.727519100711101,4.193331865684022,-11.334948170371533,5.727519100711101,4.193331865684022,141.75137567520142
-14.540801588058912,7.028473307814418,5.445041867912628,-12.781599824118334,7.224940175839261,4.2948522086744285,-0.9557336068117124,0.0007962636357963446,-0.002746657669502177,0.2942194668041935,-0.116913793063894,-0.06425077012593788,0.18182284783211694,-0.00022304836306830111,-0.0004032731794723077,0.004249596031513647,13889,93000000,12.96,0,2,2,-11.358444877068974,5.719018774151689,4.245255709574219,-11.358444877068974,5.719018774151689,4.245255709574219,142.04763531684875
-14.540801588058912,7.028473307814418,5.445041867912628,-12.81574741041836,7.227870003507636,4.342622629356301,-0.9558915708848096,0.0008339849468753446,-0.002709224242003015,0.29370609337309583,-0.11482844828428287,-0.06590633246952297,0.18423755314500642,-0.0003478845457038915,-0.0003029772784657325,0.00421022277805605,13889,355000000,13.04,0,2,2,-11.37980651048222,5.707930558016456,4.298309550580987,-11.37980651048222,5.707930558016456,4.298309550580987,142.3383903503418
-14.582119993610817,6.967624707432082,5.532073691133349,-12.849711554248955,7.230056183628877,4.391132792889928,-0.9560593405808024,0.0008705617547779482,-0.0026837879335733913,0.293159643697354,-0.11267479127148709,-0.06773582360993609,0.1869664171782809,-7.036670268689704e-05,-0.00027650507377074973,0.004356471299615805,13889,610000000,13.12,0,2,2,-11.402782233045649,5.698085180242453,4.3521399415059445,-11.402782233045649,5.698085180242453,4.3521399415059445,142.62618255615234
-14.582119993610817,6.967624707432082,5.532073691133349,-12.886009973779947,7.231650177731843,4.4439068078991,-0.9562304222284708,0.0008937869087157269,-0.002645912271992582,0.29260140105264537,-0.11027406446628245,-0.06942675468322228,0.18869870030105945,-0.00023003690330369864,-0.00034216605513393006,0.004068810130775091,13889,865000000,13.2,0,2,2,-11.432659961548477,5.695446856310673,4.405316446946939,-11.432659961548477,5.695446856310673,4.405316446946939,142.95159077644348
-14.620373948532228,6.903550762011855,5.618033988749894,-12.922071780870239,7.2323629364504445,4.497254931103704,-0.9563949955540957,0.0009155175679994565,-0.00259880296192167,0.29206338443877045,-0.10792854019251215,-0.07135151156481812,0.19044452202024442,0.00020361554362580137,-0.0004239256384153123,0.003908240023520193,13890,155000000,13.28,0,2,2,-11.473268350232122,5.701241070647231,4.461707152186326,-11.473268350232122,5.701241070647231,4.461707152186326,143.2555718421936
-14.655525061410888,6.836355431783316,5.702749648162684,-12.952745451317531,7.23238135139382,4.543168086113379,-0.9565277209165312,0.0009083328502498486,-0.0025401482871361463,0.2916289452306463,-0.10594013133818367,-0.07250307526898822,0.19090987110947835,0.00010173974160920807,-0.0004399519525577489,0.0036426669566935743,13890,417000000,13.36,0,2,2,-11.520987631012995,5.71395504292755,4.517305898963464,-11.520987631012995,5.71395504292755,4.517305898963464,143.5439395904541
-14.655525061410888,6.836355431783316,5.702749648162684,-12.980661414990914,7.231892030572661,4.585437823063261,-0.9566402104176626,0.0009087225628719124,-0.002492624425441019,0.29126013949531004,-0.10397230858870184,-0.07389383269420427,0.19202607168685087,-4.110495055442698e-05,-0.0003885997927000062,0.0034227206015202682,13890,666000000,13.43,0,2,2,-11.565953918298126,5.728767456054525,4.563923566851544,-11.565953918298126,5.728767456054525,4.563923566851544,143.8009958267212
-14.68754212920409,6.76614864290927,5.786050063307846,-13.010902272327508,7.230700661862037,4.631928432754317,-0.956758400047363,0.0009264487977963865,-0.002446744643500819,0.2908719977448572,-0.10157629448835474,-0.07574477438025344,0.19374995039621928,7.501052508018802e-05,-0.0004153342757717837,0.003358290996402502,13890,894000000,13.49,0,2,2,-11.607971588470996,5.742690406791614,4.6064528403896245,-11.607971588470996,5.742690406791614,4.6064528403896245,144.0772271156311
-14.68754212920409,6.76614864290927,5.786050063307846,-13.045867425647813,7.228517982621484,4.686447511883694,-0.9568929257101795,0.0009367933098818716,-0.0023854443056047737,0.2904296141917562,-0.09897181724845408,-0.07743611255918914,0.1946454609905789,-0.00013288978522041361,-0.000515046116333906,0.003095323768320668,13891,134000000,13.56,0,2,2,-11.652071100472703,5.7555276591792195,4.6531208760562395,-11.652071100472703,5.7555276591792195,4.6531208760562395,144.38466453552246
-14.716401284042247,6.69304596314603,5.867767478235115,-13.080525540599826,7.225463868210282,4.741365854300404,-0.9570075700459404,0.0009618613302759469,-0.002309705007938213,0.29005215213875246,-0.09637171887496415,-0.07924081443075699,0.19591600631450937,8.19095355097943e-05,-0.0005988422003611049,0.002476214490343409,13891,402000000,13.63,0,2,2,-11.697874128356803,5.764047576662822,4.7084963892890555,-11.697874128356803,5.764047576662822,4.7084963892890555,144.71002388000488
-14.716401284042247,6.69304596314603,5.867767478235115,-13.117260733746509,7.221353191114955,4.800357339669544,-0.9571033595906027,0.0009822402937630591,-0.0022315815557381485,0.2897364566431823,-0.09384239329583538,-0.08074548365821244,0.1963538143860291,-0.0001561410030603838,-0.0004365246354609553,0.0020455504909477895,13891,685000000,13.69,0,2,2,-11.73615976309762,5.764231433259361,4.765316526687315,-11.73615976309762,5.764231433259361,4.765316526687315,145.05397057533264
-14.742086120548693,6.617168264378271,5.947737324945996,-13.153724860200969,7.216477257061506,4.859544196649839,-0.957189724110585,0.000997394950718624,-0.002183139744832982,0.28945132779323834,-0.09224414800752342,-0.08212046965251665,0.19649074066761063,0.00017757101460347258,-0.0002775387230258275,0.001953709079316468,13891,982000000,13.75,0,2,2,-11.769388241585888,5.75575190511073,4.827898776355607,-11.769388241585888,5.75575190511073,4.827898776355607,145.41020321846008
-14.76458780322894,6.538641372996565,6.025798554811812,-13.19008624788624,7.2111220340476,4.91849753112905,-0.9572729309747977,0.0009903787175313576,-0.0021423404754911685,0.2891763564854547,-0.09079339792463294,-0.08322024948398249,0.1956140698451631,1.3424065237188643e-05,-0.0002889481635293123,0.0017958072930923663,13892,296000000,13.8,0,2,2,-11.796246366863933,5.739998247761453,4.892213292616452,-11.796246366863933,5.739998247761453,4.892213292616452,145.75753045082092
-14.76458780322894,6.538641372996565,6.025798554811812,-13.223699968081126,7.205441810417652,4.9734141613130864,-0.957340373046481,0.0010045211679868822,-0.002101989567738293,0.28895325350704126,-0.08786554792938918,-0.08479580665904257,0.19569428107585,-0.0002173104718394825,-0.000376155338699391,0.0014992509363764839,13892,595000000,13.85,0,2,2,-11.818210817341642,5.718831126299231,4.9574513669583835,-11.818210817341642,5.718831126299231,4.9574513669583835,146.0845432281494
-14.783905153536903,6.457595709116016,6.101793962904204,-13.256768070846777,7.19875868350163,5.028443148988233,-0.9573931648719506,0.0010291117303150303,-0.0020502303618190917,0.28877857493411796,-0.0840158226711318,-0.08662914234905611,0.19580535248339134,0.00015898738325859085,-0.00043624470151826245,0.0010068537676488631,13892,873000000,13.89,0,2,2,-11.835687495946672,5.695605822712037,5.01890671622886,-11.835687495946672,5.695605822712037,5.01890671622886,146.4152774810791
-14.800044716281226,6.37416591566196,6.175570504584945,-13.289211120970798,7.191152053751456,5.083241967446968,-0.957420984333978,0.001028010151583183,-0.001988546037736668,0.28868676387520914,-0.08047361879965646,-0.08808054638614013,0.19476993826364514,2.4804219478369305e-05,-0.00048625266231283604,0.00031964346476343053,13893,154000000,13.93,0,2,2,-11.857375849067845,5.676743222761559,5.079841241360968,-11.857375849067845,5.676743222761559,5.079841241360968,146.7374086380005
-14.81302080509144,6.288490478373291,6.246979603717467,-13.321127180330908,7.182597999561951,5.137887202963157,-0.9574196607368025,0.0010430330147970252,-0.0019160448321607843,0.2886915899172623,-0.07695695148561255,-0.09012557188124878,0.19469281291967572,-4.831848854358611e-06,-0.0005683812901224883,-0.0004275579527757145,13893,424000000,13.94,0,2,2,-11.887650494783324,5.667170262720367,5.139056372947035,-11.887650494783324,5.667170262720367,5.139056372947035,147.0691466331482
-14.81302080509144,6.288490478373291,6.246979603717467,-13.35031626840297,7.173682847853796,5.188702428921837,-0.9573917848942308,0.0010559090753439408,-0.0018455091137031816,0.2887844340839283,-0.07344346482525804,-0.09236729606709959,0.19528929237285786,2.1215248935391173e-05,-0.0006104994383804296,-0.001095159336728102,13893,704000000,13.94,0,2,2,-11.925830003164558,5.6658499448875945,5.196567854399874,-11.925830003164558,5.6658499448875945,5.196567854399874,147.3685600757599
-14.822855526721316,6.200711337795645,6.315877451879425,-13.374673111927283,7.165334434506261,5.231871344762191,-0.9573480960476826,0.0010599635360131236,-0.0017729436001530147,0.28892967335005615,-0.07038307686207222,-0.09433863223892522,0.19594616007115329,0.0004800874762622698,-0.0006396973901701131,-0.0015575050611005281,13893,963000000,13.93,0,2,2,-11.966808338454786,5.670019286412145,5.248588551155342,-11.966808338454786,5.670019286412145,5.248588551155342,147.61386823654175
-14.822855526721316,6.200711337795645,6.315877451879425,-13.403039470969118,7.1546412843382505,5.2828390487321055,-0.9572824013352703,0.0010217746765618233,-0.001676338877217285,0.2891479724263297,-0.06693482001606264,-0.09608573662197106,0.19534296221760433,0.00022936683734542385,-0.0007207478915915999,-0.0022074151502238237,13894,179000000,13.91,0,2,2,-12.004636246505294,5.676570923204115,5.291271552122386,-12.004636246505294,5.676570923204115,5.291271552122386,147.91070413589478
-14.829578784024937,6.110973494355408,6.382125297973729,-13.433035057096548,7.142134806245369,5.337616632608919,-0.9571711263820178,0.0010093562166165033,-0.0015628610429171768,0.2895167930983754,-0.06320083068166528,-0.09790443027810339,0.1947556939143215,0.0004678065494090333,-0.000709752259808738,-0.0031631253705199924,13894,442000000,13.88,0,2,2,-12.05067727078412,5.685277929067498,5.340621661153427,-12.05067727078412,5.685277929067498,5.340621661153427,148.23216819763184
-14.829578784024937,6.110973494355408,6.382125297973729,-13.464583949511626,7.127772077375372,5.395950534911884,-0.9570179204856957,0.0009876376691480074,-0.0014624537821327699,0.2900234226230772,-0.05960836627072721,-0.09958917176448215,0.1935522475966907,8.655350498543157e-05,-0.0006014742950810614,-0.004050558800372528,13894,720000000,13.83,0,2,2,-12.097219100657616,5.690712319891763,5.393899334081213,-12.097219100657616,5.690712319891763,5.393899334081213,148.56416249275208
-14.833228257500085,6.0194246076210405,6.445589727654783,-13.493863115933555,7.1137965508940875,5.450129117836668,-0.9568788530924027,0.0009157389368607426,-0.0014535511757126295,0.29048220103088396,-0.06570696704823642,-0.09933315004292897,0.1921472934597381,0.0014299626855063252,0.0025922772920239368,0.0003342859344002136,13895,19000000,13.78,0,2,2,-12.13844545908113,5.68651316403415,5.4526256884640905,-12.13844545908113,5.68651316403415,5.4526256884640905,148.89577198028564
-14.833849365352684,5.926214590870866,6.506142932007221,-13.526988072765915,7.103326030684551,5.5036388088403525,-0.957077321693182,0.0005959121089876529,-0.00200529027010324,0.28982516108905426,-0.09255205187068312,-0.0949495387985132,0.18920137440870147,0.0006921989495367598,0.006541931315950933,0.011005249780282611,13895,313000000,13.74,0,2,2,-12.168268359128149,5.672776040122188,5.509146968916504,-12.168268359128149,5.672776040122188,5.509146968916504,149.20151376724243
-14.833849365352684,5.926214590870866,6.506142932007221,-13.566756394473492,7.098908057829913,5.556376592850845,-0.9577434834090512,0.00027022042433895465,-0.0029607116473738017,0.28760838157981344,-0.12571025672766406,-0.08975921716133727,0.18630240807381532,-0.00010481003513973519,0.006736721707056859,0.019960452482337132,13895,583000000,13.84,0,2,2,-12.191195270404876,5.651448997562083,5.566580744666967,-12.191195270404876,5.651448997562083,5.566580744666967,149.52923250198364
-14.831495202095766,5.831495202095768,6.563662964936059,-13.612239001678473,7.099417240721726,5.608485365086694,-0.9585642271198354,0.00013769342638077502,-0.0036115470230045884,0.2848535768684912,-0.14206628930585516,-0.08757651636904557,0.183760628484592,-0.0007301920391000749,0.00042882776511987686,0.016030191727622878,13895,873000000,14.11,0,2,2,-12.208776771319734,5.6241475677724635,5.624579748399866,-12.208776771319734,5.6241475677724635,5.624579748399866,149.84054970741272
-14.82622645575601,5.735419632571633,6.618033988749894,-13.65440930262826,7.099416001093716,5.656227057863684,-0.9589482145027127,0.0003522314839819983,-0.0032565730994140183,0.28356232571815443,-0.12977085643817313,-0.09059418668448516,0.18154598820638188,-0.0011963404972448188,-0.005574915530814906,0.0062704554238735,13896,151000000,14.43,0,2,2,-12.222478271681998,5.592448658776541,5.6827633620401405,-12.222478271681998,5.592448658776541,5.6827633620401405,150.12211155891418
-14.82622645575601,5.735419632571633,6.618033988749894,-13.690146131762468,7.096033296016207,5.6998457921778565,-0.9590748792894829,0.0006841384782156966,-0.0025363482888605764,0.28314038003747133,-0.10785242251426179,-0.0956760505150766,0.18033624919776728,-0.000679898226962905,-0.006675632084807148,0.002060679139503918,13896,397000000,14.54,0,2,2,-12.235506646071322,5.5634667578156725,5.735995766764342,-12.235506646071322,5.5634667578156725,5.735995766764342,150.40768194198608
-14.818111303820551,5.638142094139395,6.669146507442605,-13.722296716922138,7.088878543664741,5.743164552264103,-0.9591147761058828,0.0009362798359584293,-0.0018609420327587276,0.28300972868468943,-0.08761477052724966,-0.10046668930020838,0.17924229058855665,-0.000218087458847549,-0.0052509073157125385,0.00033643155177287554,13896,651000000,14.54,0,2,2,-12.254093583915871,5.543962456901688,5.783524590460744,-12.254093583915871,5.543962456901688,5.783524590460744,150.68073153495789
-14.818111303820551,5.638142094139395,6.669146507442605,-13.753642101217732,7.0775300517809745,5.78959573989454,-0.9590903197252076,0.001102450042310925,-0.001318284725133145,0.2830950464750077,-0.06956753717511227,-0.1045775190108303,0.17716884902764296,0.00021193924055751268,-0.0036472142937782337,-0.0021686460968339816,13896,893000000,14.52,0,2,2,-12.278812878424883,5.530919863263273,5.829621544320193,-12.278812878424883,5.530919863263273,5.829621544320193,150.95103788375854
-14.807225288116157,5.5398174063306085,6.716897587203732,-13.779907204145832,7.064243532081343,5.832031294004255,-0.9589578210759067,0.0011660410540412424,-0.000957550608198974,0.2835447422232376,-0.05566150698639376,-0.10797289223699377,0.1755607042514743,0.0005344749695268547,-0.002541583330639696,-0.005543608267544187,13897,139000000,14.47,0,2,2,-12.311185064076469,5.522496453887005,5.877929735764407,-12.311185064076469,5.522496453887005,5.877929735764407,151.22552871704102
-14.793651168871804,5.440600584473202,6.761191063713476,-13.80409875742901,7.0487981726123135,5.873956870030478,-0.9587129992218224,0.001174922299800427,-0.0006982209446374511,0.2843721455561355,-0.044372174414373536,-0.11061205739771349,0.1732910654564823,0.0005294461175253673,-0.0018392529682387249,-0.008830562182993162,13897,380000000,14.4,0,2,2,-12.344984296473815,5.518542282880497,5.920940347308755,-12.344984296473815,5.518542282880497,5.920940347308755,151.49604725837708
-14.793651168871804,5.440600584473202,6.761191063713476,-13.826566254422053,7.031479864020309,5.915373725397544,-0.9583529749386441,0.0011727786866937715,-0.0004924256307082832,0.2855835386246916,-0.03434612750454814,-0.11333616706700526,0.1713874614148425,0.00036628799762183917,-0.001531890166006633,-0.012168035391368903,13897,622000000,14.28,0,2,2,-12.381563342269425,5.517307976218919,5.96224721514029,-12.381563342269425,5.517307976218919,5.96224721514029,151.76707768440247
-14.77747875827409,5.34064642990583,6.801937735804838,-13.847543031362944,7.012424002943063,5.956374906663516,-0.9578769033464979,0.0011721081223354196,-0.0003167767379855327,0.28717653777837004,-0.025385552289570956,-0.1158996418564335,0.16965555148583777,0.0007077406962707755,-0.0012897739111394912,-0.015217890268104384,13897,866000000,14.12,0,2,2,-12.420087691388186,5.51797512675878,6.001897027638896,-12.420087691388186,5.51797512675878,6.001897027638896,152.05963468551636
-14.77747875827409,5.34064642990583,6.801937735804838,-13.870446864112955,6.988442813043344,6.0035575607517835,-0.9572057657823871,0.0011221365531320906,-0.0001394070945379759,0.28940601812708006,-0.01676360518860491,-0.11794885624402747,0.16697725195884686,0.0007750384838800528,-0.0010977138117596041,-0.018086884847434703,13898,115000000,13.9,0,2,2,-12.459989847927604,5.5200085058827915,6.039802308733165,-12.459989847927604,5.5200085058827915,6.039802308733165,152.37188625335693
-14.758804733882657,5.240109123419744,6.839055545102901,-13.89188356235991,6.962836769648038,6.05001288409634,-0.9564178226096091,0.0010714968715279747,2.4553962482071223e-05,0.29199965733927014,-0.009166988909468285,-0.11972694817873694,0.16424844508510647,0.0005974870703084889,-0.0009904701414598094,-0.020411337027326226,13898,382000000,13.61,0,2,2,-12.507459258034926,5.523082999461485,6.082223946805793,-12.507459258034926,5.523082999461485,6.082223946805793,152.70656752586365
-14.758804733882657,5.240109123419744,6.839055545102901,-13.912415446061736,6.936204148488516,6.095602517253156,-0.955595853438142,0.0009955861970879073,9.688023796370514e-05,0.2946787476459273,-0.010835972511182738,-0.11973302813430889,0.16098866372595239,0.001180996446237259,0.002179397711188358,-0.015208343120320933,13898,673000000,13.27,0,2,2,-12.554123127517606,5.5250467355243265,6.123231439524699,-12.554123127517606,5.5250467355243265,6.123231439524699,153.0197377204895
-14.737732432329594,5.139141823034612,6.872469741279474,-13.93438989855045,6.914114467793003,6.137071214749419,-0.9552971571859266,0.000698090919738135,-0.00045662749951766554,0.2956461493625133,-0.03943169554010593,-0.11536679507757733,0.1573788119019382,0.0008464090740289976,0.008776186405157205,0.006155797882456682,13898,948000000,12.94,0,2,2,-12.594720429036105,5.52007215876479,6.164528436880239,-12.594720429036105,5.52007215876479,6.164528436880239,153.31044721603394
-14.71437162378238,5.037896267199173,6.902113032590307,-13.965210792369485,6.900341866142854,6.177403926057453,-0.956150202383842,0.00021375429093707513,-0.001891176722041938,0.2928705656788455,-0.0937149603792536,-0.10678109167702707,0.15245539941730063,-0.000171700915529982,0.012206317660456989,0.0324475815432379,13899,201000000,12.82,0,2,2,-12.623502202932222,5.505689637971876,6.203965759606077,-12.623502202932222,5.505689637971876,6.203965759606077,153.6001045703888
-14.71437162378238,5.037896267199173,6.902113032590307,-14.008719088631011,6.8948418446958115,6.219564903499825,-0.9576824177108192,-0.00013227896698265844,-0.003320094134636298,0.2878078287412838,-0.14013788998678606,-0.0996080192053991,0.14717996030745267,-0.0008592748599767219,0.008348147457581945,0.04084165884705726,13899,463000000,13.14,0,2,2,-12.64332781743224,5.481783443774788,6.244310318706611,-12.64332781743224,5.481783443774788,6.244310318706611,153.92881202697754
-14.68883826770475,4.936522384489025,6.9279257213917065,-14.071818937467823,6.896920935419519,6.268895142542507,-0.9596344702850803,-0.00022171069582127556,-0.004192127870872859,0.28121888334348144,-0.1707257553984643,-0.09416281837124765,0.14028163713710443,-0.0005367962899072154,0.0010761751013887988,0.03491218958515674,13899,757000000,13.78,0,2,2,-12.657297315830512,5.4447074738381485,6.291276609915907,-12.657297315830512,5.4447074738381485,6.291276609915907,154.29476523399353
-14.661254250502761,4.8351679108523635,6.949855824363647,-14.122340697037432,6.9002510936274275,6.305121003962825,-0.9607180117231422,-5.164027615511737e-05,-0.004048866982986583,0.27749685756809567,-0.16244989913736885,-0.09524425620915013,0.13598095022642898,-0.0014024010624780203,-0.005874052112631034,0.019564706599339843,13900,78000000,14.37,0,2,2,-12.664156263652764,5.39647695245326,6.341137571554362,-12.664156263652764,5.39647695245326,6.341137571554362,154.6024875640869
-14.661254250502761,4.8351679108523635,6.949855824363647,-14.16355013881674,6.898127274280598,6.33779656746509,-0.9610367251434615,0.0003865930696250611,-0.003058324511784424,0.2764035276954871,-0.12221706401503803,-0.10291434844929084,0.13404109681048412,-0.00106530096672941,-0.01020792951749172,0.0033816735822256305,13900,339000000,14.71,0,2,2,-12.667273382880769,5.354921227254479,6.380666056104318,-12.667273382880769,5.354921227254479,6.380666056104318,154.88270807266235
-14.631747105695233,4.733978015430124,6.967859177197259,-14.197627257312666,6.889257660729306,6.369906965389409,-0.9610463846829544,0.0007916718702694187,-0.0019617477285714044,0.2763790355459718,-0.08309747872524237,-0.11061175904231077,0.13201760908897442,-0.00019932375181497264,-0.008749187145440374,-0.0022461745402324595,13900,580000000,14.73,0,2,2,-12.673868232954165,5.3208660345068495,6.415714160974872,-12.673868232954165,5.3208660345068495,6.415714160974872,155.16400814056396
-14.631747105695233,4.733978015430124,6.967859177197259,-14.22538028102046,6.874493552092404,6.401367976294768,-0.9608994800496498,0.0010311948507975076,-0.0011166141896578902,0.27689326291956573,-0.05035046437901919,-0.11683037630738549,0.12932684984504988,0.00040762670323601924,-0.006268137667575502,-0.007357385038631037,13900,826000000,14.64,0,2,2,-12.686724281859936,5.293684107471142,6.449151408204087,-12.686724281859936,5.293684107471142,6.449151408204087,155.44752192497253
-14.600449717297618,4.633094935949802,6.981899523535869,-14.249538751969018,6.8529553605782585,6.434661875940851,-0.9604779694589699,0.0011616196181353552,-0.0004282149395728729,0.27835326018533035,-0.02103641912033146,-0.12247372641415695,0.12609832443387614,0.000518339430755077,-0.004623715585694299,-0.01621311912458623,13901,70000000,14.51,0,2,2,-12.704964578506923,5.272272552532592,6.481031129911332,-12.704964578506923,5.272272552532592,6.481031129911332,155.7437822818756
-14.567500007156669,4.532657624662312,6.991948587990478,-14.267449572963995,6.829033610617123,6.464566645073892,-0.9597937072209166,0.0012383426252669002,4.126374396095842e-05,0.28070358812094853,0.0006956044276924899,-0.1261695268188733,0.12257390402054388,0.0004440985321707558,-0.003535790369824099,-0.02445387071929872,13901,326000000,14.27,0,2,2,-12.729497550395592,5.25410573453169,6.513794015768117,-12.729497550395592,5.25410573453169,6.513794015768117,156.02677845954895
-14.567500007156669,4.532657624662312,6.991948587990478,-14.284018907609203,6.797123453009568,6.498300986261842,-0.958626448273955,0.0013172582129246837,0.00048616485704587034,0.2846635929376893,0.02235167545155161,-0.12977725792693176,0.11781953876864644,0.00030578548830817454,-0.0031203763001030893,-0.034395826514810324,13901,576000000,13.95,0,2,2,-12.755335306036054,5.240542776046081,6.542414480464666,-12.755335306036054,5.240542776046081,6.542414480464666,156.34783697128296
-14.533040607019544,4.4328014057587515,6.997986133082629,-14.297566270785712,6.758965271327988,6.532912820332512,-0.9569562918436858,0.0014077224418870373,0.0009003376810575159,0.2902272613149368,0.04128760076684749,-0.13227822078032297,0.11222991875567638,0.00027016445187655336,-0.0025290767780461465,-0.042442195262992755,13901,854000000,13.43,0,2,2,-12.788142302236015,5.227400511375857,6.573858945327991,-12.788142302236015,5.227400511375857,6.573858945327991,156.6719343662262
-14.533040607019544,4.4328014057587515,6.997986133082629,-14.306554431459935,6.723440346070546,6.561518833742318,-0.9552478457733977,0.001484566698418949,0.0011628662056249023,0.2958006033617721,0.054455554516027814,-0.13315433297061538,0.10704742729063428,-0.00017495189013061463,-0.0018671206362341763,-0.047478861233685166,13902,140000000,12.74,0,2,2,-12.82532665454908,5.2153813675054055,6.60526776525722,-12.82532665454908,5.2153813675054055,6.60526776525722,156.98498630523682
-14.497218516165216,4.333657645168838,7.0,-14.313437815537478,6.686063410210797,6.58874249161423,-0.9533094816660397,0.0015877544335344954,0.0013393207195913485,0.3019879425101199,0.0658468285025174,-0.1334045887598138,0.10151674209412323,-0.00023958849055816245,-0.0012895220152131515,-0.05193646175030153,13902,413000000,12.05,0,2,2,-12.858568089564693,5.205988157273038,6.630609168999421,-12.858568089564693,5.205988157273038,6.630609168999421,157.272554397583
-14.460184745468144,4.235353433605286,6.997986133082629,-14.319299637686504,6.6412495014162705,6.618324583681605,-0.9508269247703485,0.001694058483921448,0.0014529215708101654,0.30971467242693534,0.07677476008609416,-0.1326609858103,0.09474358169648875,-0.00037103933721027715,-0.0008709316944077727,-0.05639496412186418,13902,665000000,11.3,0,2,2,-12.892218236568848,5.197025844390497,6.6543055445551,-12.892218236568848,5.197025844390497,6.6543055445551,157.63548278808594
-14.460184745468144,4.235353433605286,6.997986133082629,-14.323989875806271,6.592208904927067,6.647730335624773,-0.948071105127296,0.0017319691685188923,0.0014690465169997255,0.3180503447692483,0.07565657214598515,-0.13068475285733877,0.08832929227297576,0.000645731762460855,0.001650656179208454,-0.04477709444472566,13902,974000000,10.36,0,2,2,-12.931171419978028,5.186834197327515,6.67976742724284,-12.931171419978028,5.186834197327515,6.67976742724284,158.00318264961243
-14.422093948803884,4.138011283678539,6.991948587990478,-14.331649933359497,6.5526345375155834,6.671952648826131,-0.9465367045108068,0.0015077411334897498,0.0010739991401484226,0.32259082481735685,0.044005387506779944,-0.12680337009098558,0.08381763237487087,0.0014107473930380365,0.006247875762710464,-0.016329341451637447,13903,290000000,9.37,0,2,2,-12.972326802452944,5.1755888568821256,6.704809421664095,-12.972326802452944,5.1755888568821256,6.704809421664095,158.31976127624512
-14.383104042743637,4.041748841864257,6.981899523535869,-14.353624804595087,6.519777793158443,6.698027234473685,-0.9466405592324396,0.0009385761366740458,-9.777353087956172e-05,0.3222898712824624,-0.02230505718788664,-0.1206707045998258,0.07853887930756911,0.0007420801182433934,0.007984894818946486,0.012734274241665844,13903,574000000,8.82,0,2,2,-13.007062029581732,5.164383116731073,6.725100524065235,-13.007062029581732,5.164383116731073,6.725100524065235,158.67000031471252
-14.383104042743637,4.041748841864257,6.981899523535869,-14.381701605548145,6.5024328881208096,6.717887092199155,-0.947347153870725,0.0006005685967397603,-0.0009170708251243956,0.3202064464552501,-0.06421764268466579,-0.11727108440010803,0.07372367190143245,9.037678552203943e-05,0.005596357232207083,0.02022009030042682,13903,878000000,8.83,0,2,2,-13.032638211439915,5.136902531477376,6.7477735127063285,-13.032638211439915,5.136902531477376,6.7477735127063285,158.98634123802185
-14.343375815519579,3.9466786160617637,6.967859177197259,-14.413820182193424,6.491871700919643,6.735049578866786,-0.9482115216348548,0.0004432618409339179,-0.0014298390583721136,0.3176360642592733,-0.09370882689005282,-0.1149017494289298,0.06867438959166047,-0.00036934803517851833,0.0036132312516201637,0.02563301422924269,13904,152000000,9.03,0,2,2,-13.040359812325908,5.100898929283291,6.765931776574479,-13.040359812325908,5.100898929283291,6.765931776574479,159.23624086380005
-14.303072526274946,3.852907719435575,6.949855824363647,-14.453717736310614,6.4849805474234765,6.752167224712335,-0.9494528772100923,0.00040384731590415476,-0.0018059260170934608,0.3139041406162773,-0.11777516605426878,-0.11185617351955575,0.06202754918433645,-0.00084586686170951,0.002149954684682598,0.033726943729561754,13904,379000000,9.27,0,2,2,-13.038816664496645,5.058442662637187,6.7821168143789725,-13.038816664496645,5.058442662637187,6.7821168143789725,159.5444815158844
-14.303072526274946,3.852907719435575,6.949855824363647,-14.499892384636961,6.480472433641682,6.768642153932542,-0.9508659809743476,0.0005005722917578135,-0.001969291262689423,0.30959612004189396,-0.11273312803494881,-0.11159129628511208,0.055113507181206375,-0.0010630382007548178,-0.0025685205173431314,0.015713150878582383,13904,653000000,9.63,0,2,2,-13.029771253203483,5.004727830562169,6.798639220241394,-13.029771253203483,5.004727830562169,6.798639220241394,159.85643696784973
-14.262359495642343,3.760537631184168,6.927925721391707,-14.537421275433134,6.467989498138161,6.78349819080604,-0.9506690861902707,0.0008612528592672632,-0.0012865698316938893,0.3102029844210656,-0.053627793593256035,-0.11831186971671452,0.05026212938126795,-0.000614867889225934,-0.006672487006653682,-0.016797531134216115,13904,929000000,10.06,0,2,2,-13.014973624422801,4.9415744777393344,6.815124171199849,-13.014973624422801,4.9415744777393344,6.815124171199849,160.17121815681458
-14.262359495642343,3.760537631184168,6.927925721391707,-14.561594416797732,6.4466508728523815,6.7960911826129955,-0.949758015337605,0.0011920551528201047,-0.0005259601879659052,0.31298245106134426,-0.0023474571519111007,-0.12393113496713268,0.0459458396521038,-0.0007226745708521776,-0.005791175271951943,-0.026779748623084743,13905,206000000,9.89,0,2,2,-13.004042925045898,4.883205519350032,6.829900198450086,-13.004042925045898,4.883205519350032,6.829900198450086,160.48341393470764
-14.221403688720377,3.669663974830505,6.902113032590307,-14.577709247333086,6.414486842944114,6.808306576323083,-0.9484019093055909,0.0014951859292024832,8.496138593212614e-05,0.31706714687288207,0.0441259019591302,-0.1285381477980497,0.040643027529248414,-0.0005395580274125678,-0.004050055031257216,-0.03653486601251643,13905,472000000,9.48,0,2,2,-13.000692358174623,4.837036574790942,6.841836762394263,-13.000692358174623,4.837036574790942,6.841836762394263,160.79791641235352
-14.180373291542491,3.58037631457762,6.872469741279475,-14.585434774713413,6.37470920570176,6.818991164079794,-0.946482946298171,0.0017360294405944188,0.00048810789874234096,0.32274878825364156,0.08183192638013854,-0.1306153046439425,0.03463094346711467,-0.0009966171774067334,-0.0027617611976893386,-0.04996999923605472,13905,747000000,8.91,0,2,2,-13.003771729230344,4.795051805628713,6.852662859506114,-13.003771729230344,4.795051805628713,6.852662859506114,161.1184995174408
-14.180373291542491,3.58037631457762,6.872469741279475,-14.586350222967825,6.328892419340053,6.82788289886113,-0.9439057605478904,0.0019912821044424885,0.0007299554013493183,0.33020814218489614,0.11289563556687146,-0.13069779917723423,0.027604646042686344,-0.001269659287572722,-0.0019510404172251583,-0.06297535583144054,13906,24000000,8.16,0,2,2,-13.012325816015847,4.759352126317833,6.861579788737102,-13.012325816015847,4.759352126317833,6.861579788737102,161.43550562858582
-14.139437282152723,3.49275797021996,6.839055545102902,-14.581873646370394,6.278397168660564,6.834767469394294,-0.9407038946211277,0.0022509828194628156,0.0008695456331771241,0.3392202228809187,0.13737003874833859,-0.12869545713222624,0.0202155919571061,-0.0013467134294842253,-0.001377069304453471,-0.07315072944038548,13906,304000000,7.21,0,2,2,-13.024845049335259,4.728022672667245,6.868599326415997,-13.024845049335259,4.728022672667245,6.868599326415997,161.76702785491943
-14.098764997420908,3.4068858510473015,6.801937735804839,-14.573361767229509,6.224645759497994,6.8396841302553515,-0.937007320618585,0.0024870981817037255,0.0009344235435984205,0.34929961680834365,0.1561104232954661,-0.1250059336619614,0.013104847411095789,-0.0010459538202667318,-0.0009439423990897922,-0.07998486180440523,13906,597000000,6.14,0,2,2,-13.041180528055124,4.6975461898484125,6.87395951263489,-13.041180528055124,4.6975461898484125,6.87395951263489,162.0770697593689
-14.098764997420908,3.4068858510473015,6.801937735804839,-14.562623187654477,6.172460083037175,6.8424643804286385,-0.9332052321666664,0.002663666541935145,0.0009563902220298499,0.35933269382990285,0.17100393878796158,-0.12099267463266714,0.006231673059473925,-0.0009768311656443984,-0.0006456208041072387,-0.08485030630254187,13906,866000000,4.84,0,2,2,-13.057035523662094,4.672973358457437,6.876952122307569,-13.057035523662094,4.672973358457437,6.876952122307569,162.3764193058014
-14.058525696744557,3.3228303091230633,6.761191063713478,-14.545217544255816,6.101450015658548,6.843394634612918,-0.9277934037571993,0.0028554138263893174,0.000939225695872596,0.3730822488562037,0.18721416713166042,-0.1146616214612403,-0.002659871480430236,-0.0007742402999610931,-0.0003929268899582894,-0.08779969939496368,13907,127000000,3.61,0,2,2,-13.073802702008413,4.649336790651232,6.87841610014826,-13.073802702008413,4.649336790651232,6.87841610014826,162.75468945503235
-14.058525696744557,3.3228303091230633,6.761191063713478,-14.525930021363962,6.029104860857439,6.841584294964352,-0.922380835860112,0.0029284232477853763,0.0009140118216010595,0.3862695723942969,0.18375628879199093,-0.10897679827561177,-0.010198708581056608,0.0004109548029873622,0.00032785589780814917,-0.07256846292875707,13907,461000000,1.98,0,2,2,-13.096426657608191,4.619274203021357,6.8782437195343435,-13.096426657608191,4.619274203021357,6.8782437195343435,163.15293407440186
-14.01888812379634,3.2406550122629065,6.716897587203733,-14.512402692585967,5.962326797834585,6.837341603590585,-0.9183128602842584,0.00282342683975675,0.0007928064293547788,0.39584452800991177,0.14481314804598724,-0.10678126673797228,-0.016795151363611545,0.0005950790239239723,0.0014573780504179012,-0.04361382088973187,13907,815000000,0.77,0,2,2,-13.11887929297831,4.589083257566688,6.87543901860204,-13.11887929297831,4.589083257566688,6.87543901860204,163.51376366615295
-13.980020067484556,3.160416836982813,6.669146507442608,-14.511183610382869,5.920306203407799,6.832581811851967,-0.9165592523104594,0.002679433583650093,0.0005861774467370174,0.39988950228252207,0.09817637077142767,-0.1073595615103152,-0.021640817673336272,0.0005254023733414215,0.0022635738787357695,-0.025953449403459672,13908,148000000,1.22,0,2,2,-13.14068926131667,4.558341997764593,6.870093570637564,-13.14068926131667,4.558341997764593,6.870093570637564,163.807110786438
-13.942087923299237,3.082165781628348,6.618033988749896,-14.519028303758539,5.8872787580771435,6.826384669340308,-0.9155352688819021,0.0025069159418741604,0.0002848254223599821,0.40222979213415133,0.05126551244767238,-0.10912710302290947,-0.02735583411039434,0.00011433947264549715,0.0027476268996906583,-0.01414265607309062,13908,410000000,1.66,0,2,2,-13.156687881145624,4.534262287802516,6.864319870319996,-13.156687881145624,4.534262287802516,6.864319870319996,164.09259462356567
-13.942087923299237,3.082165781628348,6.618033988749896,-14.53462103375752,5.861838464862633,6.81855910540206,-0.9150476789791204,0.002376373196055612,-4.2020654413671074e-05,0.4033386868124876,0.014969247869313109,-0.11116833170632785,-0.03384904715496552,-0.0002551925604166172,0.002499122933841136,-0.004614743374986574,13908,668000000,1.95,0,2,2,-13.170852165481323,4.508473531810961,6.857246725754404,-13.170852165481323,4.508473531810961,6.857246725754404,164.39542436599731
-13.905256256218784,3.0059448998392075,6.5636629649360625,-14.559948876209582,5.839551156083359,6.8073314521054025,-0.915089651006096,0.002297907164399966,-0.00036696733238777307,0.4032437421450978,-0.017034285053106415,-0.11308893021789154,-0.04151932901072635,-0.0004145059648408278,0.001799640369881672,0.006861842211947078,13908,936000000,2.04,0,2,2,-13.178438097103232,4.472691636818748,6.84810445099339,-13.178438097103232,4.472691636818748,6.84810445099339,164.72765445709229
-13.905256256218784,3.0059448998392075,6.5636629649360625,-14.593587474756381,5.822305852126472,6.793011006299287,-0.9158976405425445,0.002273425347264558,-0.0006143517844492477,0.4014049902002655,-0.043585881570399346,-0.1141344285632766,-0.0488728305048783,-0.0004921667539292685,0.001227137249770749,0.018370544785284437,13909,229000000,2.12,0,2,2,-13.174921558348117,4.424953306173742,6.837410579849883,-13.174921558348117,4.424953306173742,6.837410579849883,165.08389258384705
-13.869687366350743,2.9317902544446652,6.506142932007222,-14.626988153900074,5.811156322479819,6.778585390955139,-0.917041903271101,0.002270617462518511,-0.0007918344294095529,0.3987836066584128,-0.054801314954407265,-0.11404187702026043,-0.05458976113383666,-0.0002973085514668128,0.001446386329462257,0.017636060147196986,13909,540000000,1.91,0,2,2,-13.16002237133925,4.358235553514334,6.82306735819166,-13.16002237133925,4.358235553514334,6.82306735819166,165.39411807060242
-13.835540858476268,2.8597308918276463,6.445589727654781,-14.657455589810914,5.800455533750178,6.763986449737852,-0.9176299513445263,0.002228848696439556,-0.001000581714306214,0.39742836268334414,-0.03166767534072329,-0.112450372980561,-0.05869463227494166,-0.0003893851186376196,0.002103012820953154,-0.004400728084874572,13909,822000000,1.61,0,2,2,-13.144514431751798,4.297075650435718,6.808940738314143,-13.144514431751798,4.297075650435718,6.808940738314143,165.70887112617493
-13.835540858476268,2.8597308918276463,6.445589727654781,-14.678839067934764,5.7777008381029935,6.747036835592844,-0.9163076220467345,0.002164331977199189,-0.0012859113558228255,0.40046723196553274,0.04269939417255349,-0.10962919501456096,-0.06355387588154789,-0.00030553262888588506,0.0016365448800570448,-0.03619134513428435,13910,96000000,1.48,0,2,2,-13.133047878564978,4.243850693862044,6.794890639493862,-13.133047878564978,4.243850693862044,6.794890639493862,166.03143572807312
-13.802973216660124,2.789788836736497,6.38212529797373,-14.686760728743442,5.738124218250953,6.727218144603373,-0.9136854165295935,0.0021397426877263668,-0.001437960510246549,0.40641396800792207,0.11145797527374084,-0.10642967208244145,-0.06893821067864327,-4.919944700532142e-05,0.00019586152717465666,-0.04827567972824909,13910,376000000,1.78,0,2,2,-13.124797189134634,4.188533277468084,6.7776630788100825,-13.124797189134634,4.188533277468084,6.7776630788100825,166.36773109436035
-13.772137385077528,2.7219791074656707,6.315877451879423,-14.682963884919365,5.6896326611238095,6.707497262428558,-0.9107423794005287,0.002156604279830833,-0.001402916906343604,0.4129669469170599,0.16153588470744518,-0.10246144399836601,-0.07260872700942336,9.861459133730932e-05,-0.000666178220853908,-0.05486483387358021,13910,676000000,2.51,0,2,2,-13.120985369347864,4.138671627369251,6.759110996732821,-13.120985369347864,4.138671627369251,6.759110996732821,166.69079613685608
-13.772137385077528,2.7219791074656707,6.315877451879423,-14.670923956117546,5.632647876035339,6.68676929811529,-0.9073377982899153,0.0021578328250366568,-0.0013049442306350043,0.42039476765590567,0.19981956853570976,-0.09713915848012995,-0.07605442081416339,0.0008051510405948648,-0.0006346905649934342,-0.06201780488481745,13910,952000000,3.39,0,2,2,-13.120338863044337,4.098607122812903,6.74168954566931,-13.120338863044337,4.098607122812903,6.74168954566931,167.01273894309998
-13.743182356195256,2.65630975126882,6.2469796037174685,-14.654117915283187,5.574091662119322,6.6667132389629735,-0.9037625290203413,0.0020731981039184303,-0.001213400073282186,0.42802747651131096,0.22655870938954797,-0.09107984962387676,-0.0784060530784041,0.0012599455089912226,-0.00026404221955544926,-0.0670761670335196,13911,228000000,4.35,0,2,2,-13.121725104114098,4.057958097795263,6.721702258173647,-13.121725104114098,4.057958097795263,6.721702258173647,167.30955529212952
-13.716252767427495,2.5927818998102916,6.175570504584947,-14.629817353365349,5.501834200469579,6.6431598719393286,-0.8993028256709552,0.0018630987843082588,-0.0011586795667870408,0.4373209508642557,0.2488747942076716,-0.0832494947155357,-0.07927508716724321,0.0017113872218033066,0.0006883420212489,-0.06952104158699512,13911,480000000,5.35,0,2,2,-13.124406649765177,4.021840227860949,6.701927721340236,-13.124406649765177,4.021840227860949,6.701927721340236,167.66763496398926
-13.716252767427495,2.5927818998102916,6.175570504584947,-14.598062249192216,5.415933630142113,6.615965176426449,-0.8941622248130804,0.0015464648983419683,-0.0011678614971275109,0.44773894208920895,0.2600154388657939,-0.07614016412517174,-0.08178229425177631,0.0015645799635422009,0.00034270883588760626,-0.06399628036888316,13911,797000000,6.51,0,2,2,-13.129045329410282,3.9790351284959455,6.676283066188084,-13.129045329410282,3.9790351284959455,6.676283066188084,168.028892993927
-13.691488507366863,2.5313898444048584,6.101793962904209,-14.567428164827215,5.331017019207385,6.587359415465415,-0.8897183337645067,0.0013633549569083037,-0.0009973115564752494,0.4565067723443217,0.24118262523851794,-0.07447780362933235,-0.08707751764558433,0.001239526022800419,-0.002026669608312659,-0.04776517962454818,13912,119000000,7.96,0,2,2,-13.13453323353727,3.9373485590945503,6.649052639854379,-13.13453323353727,3.9373485590945503,6.649052639854379,168.4186692237854
-13.669024332667991,2.472121130739345,6.025798554811813,-14.545429563145202,5.25492886419797,6.556621477214333,-0.8866112601244616,0.001433704000762692,-0.000551308338709887,0.4625128257383444,0.19302985555285201,-0.07897367533031643,-0.0948653030990478,0.0003670078143613864,-0.0031562164394927095,-0.030217188577807974,13912,462000000,9.15,0,2,2,-13.140736480043417,3.8936179763955487,6.618163505037287,-13.140736480043417,3.8936179763955487,6.618163505037287,168.82866263389587
-13.648989496635002,2.4149566727154745,5.947737324946002,-14.537174829367181,5.193303601311868,6.522862520714265,-0.884704671664102,0.0016408585905389756,-0.0001624185526057267,0.46614903747515424,0.13361192168732852,-0.0867305333990702,-0.1045750714759534,-0.0003650808139354922,-0.0018715862097451463,-0.018384110990155023,13912,817000000,9.94,0,2,2,-13.147348695300757,3.8476178334591475,6.583409225389384,-13.147348695300757,3.8476178334591475,6.583409225389384,169.20883965492249
-13.648989496635002,2.4149566727154745,5.947737324946002,-14.540692039798476,5.153544904529045,6.492514929315554,-0.8837261773266476,0.0017843962913078036,-7.328767805108501e-05,0.4680009124632367,0.08960277176570619,-0.09307218744720205,-0.11289013386886573,-0.0007119898157270654,-0.0004611653338315591,-0.010728380857472075,13913,145000000,10.54,0,2,2,-13.152941475419343,3.8065209802300077,6.550339384992966,-13.152941475419343,3.8065209802300077,6.550339384992966,169.5446183681488
-13.631507390535248,2.3598708849992422,5.867767478235117,-14.551909948347165,5.12201530164062,6.45984866834252,-0.8832905169234201,0.001893464160016952,-0.00014073678785242807,0.46882220265233665,0.05393007701424644,-0.09836810647771348,-0.12061487379719227,-0.0009547381068841787,0.000196436535304656,-0.001395152196437266,13913,436000000,10.77,0,2,2,-13.157869812031826,3.7677350158658838,6.5177841957411715,-13.157869812031826,3.7677350158658838,6.5177841957411715,169.88448572158813
-13.616695198629978,2.30683183381018,5.786050063307852,-14.569270224736456,5.097241104671717,6.4253000273008,-0.8835399059194812,0.0020036313206695452,-0.00024550964798644053,0.4683515344635244,0.024840656532285506,-0.10231085307430199,-0.1269431828909286,-0.0010306915442015452,0.00026433801565417525,0.00881523292264319,13913,715000000,10.98,0,2,2,-13.161156957740404,3.7330933709464307,6.488389445165078,-13.161156957740404,3.7330933709464307,6.488389445165078,170.2067368030548
-13.616695198629978,2.30683183381018,5.786050063307852,-14.591458162779444,5.077871086353686,6.388888646116104,-0.8844017131203952,0.002102007910183228,-0.0003412476706978239,0.46672162467844,0.0017657053115330162,-0.10523394169612843,-0.13395491336628362,-0.0005528400151888491,0.0002746495965766371,0.017548338473716285,13913,978000000,10.94,0,2,2,-13.162133755364504,3.6929809912491485,6.455870273095708,-13.162133755364504,3.6929809912491485,6.455870273095708,170.52579951286316
-13.604663567877996,2.255801405432595,5.702749648162687,-14.6153500257783,5.063620717103579,6.353291342698562,-0.885632677748668,0.0021554477289203833,-0.00043132015169540505,0.4643812314378548,-0.013342556063128643,-0.10667915891385711,-0.13995978217050878,-0.0007910318458925758,0.0009151019867204013,0.021473558990692254,13914,262000000,10.74,0,2,2,-13.159995133198004,3.6493459462910773,6.42231568287101,-13.159995133198004,3.6493459462910773,6.42231568287101,170.8228724002838
-13.595516293231295,2.206735491881907,5.618033988749892,-14.640186520169777,5.0507144816053495,6.316504955680955,-0.8867736016811718,0.0021211066747801764,-0.000689012900745332,0.46219866456871017,0.0015609460599670555,-0.10336419902627958,-0.1433098504525271,-0.0002643661304091438,0.005043810006100102,0.0055465634886786574,13914,523000000,10.43,0,2,2,-13.156753976305692,3.607420911098353,6.390089881215371,-13.156753976305692,3.607420911098353,6.390089881215371,171.12132096290588
-13.595516293231295,2.206735491881907,5.618033988749892,-14.655475508746553,5.027957429114028,6.279117810956775,-0.8860585904985279,0.00168726485998029,-0.0014949861783251795,0.4635677861514762,0.07136695338228573,-0.09254709635554999,-0.14531597395582832,0.00034268054491803923,0.007302688618437969,-0.02345061548112426,13914,783000000,10.15,0,2,2,-13.153964108232739,3.5661340955896774,6.357107143549017,-13.153964108232739,3.5661340955896774,6.357107143549017,171.41631817817688
-13.589350019401854,2.159584193111267,5.532073691133351,-14.659070854423616,4.995760031850898,6.243960777380148,-0.8844113653053215,0.0012833829973596129,-0.0021131145051049532,0.4667016440874697,0.12869850023234913,-0.08360770623374598,-0.14759569220186386,0.0008570079671699204,0.004683189172283164,-0.033200960024259984,13915,38000000,10.34,0,2,2,-13.15230349328545,3.526348033204906,6.323515849843994,-13.15230349328545,3.526348033204906,6.323515849843994,171.69621014595032
-13.586253959936645,2.114292035098086,5.445041867912627,-14.653654257556566,4.950762962735166,6.205430740863314,-0.8822779588883972,0.0009576391670690664,-0.002406750410649158,0.47072167332661674,0.17801010274509063,-0.07515922677238177,-0.148289983184634,0.0015126382550079143,0.002163109002140118,-0.035813937211059965,13915,287000000,10.78,0,2,2,-13.15161692871715,3.49078032083839,6.291739727007598,-13.15161692871715,3.49078032083839,6.291739727007598,171.98701119422913
-13.586253959936645,2.114292035098086,5.445041867912627,-14.638258996649714,4.888794471072154,6.160827727584753,-0.8797389589506535,0.0005933902868650804,-0.00249786555428767,0.47545007378279025,0.2204066603499492,-0.06679405647665956,-0.14795443870713784,0.0021921880943409633,0.0016196454453165643,-0.03533424242050387,13915,537000000,11.36,0,2,2,-13.151555616830205,3.4531695307778114,6.256156205235774,-13.151555616830205,3.4531695307778114,6.256156205235774,172.34896421432495
-13.586309634393402,2.0707982031062557,5.357113789597275,-14.611358879059726,4.804997386488484,6.107391855901687,-0.8768980535003816,0.00021553511772905154,-0.0023731621651568594,0.48067049567577214,0.24226692763948304,-0.061212273718097024,-0.14786702077153407,0.0019482207562759868,-0.002206864769505046,-0.027674527336785104,13915,849000000,12.05,0,2,2,-13.152195157836157,3.4107701502911314,6.213670317597833,-13.152195157836157,3.4107701502911314,6.213670317597833,172.73619294166565
-13.586309634393402,2.0707982031062557,5.357113789597275,-14.586119355104097,4.7256872330354085,6.056434184345569,-0.8750362195415358,0.0002501843711366908,-0.0016138612564166603,0.48405469458531525,0.22194068611228776,-0.06413894991543129,-0.15236789092880526,0.0018917059605882969,-0.00672025271342136,-0.01553421825519763,13916,198000000,12.84,0,2,2,-13.153733114314445,3.3610420236397203,6.160870628218232,-13.153733114314445,3.3610420236397203,6.160870628218232,173.12320375442505
-13.589590624362929,2.029036789378015,5.268466531635312,-14.569738554319613,4.652521053724927,5.999918386673842,-0.8741354787859104,0.0007239559326874328,-0.0003994803080355151,0.4856814604563553,0.1663655360013919,-0.07418460006934297,-0.16117347743797453,3.1473471384657614e-06,-0.007352545526373433,-0.00523100402460841,13916,540000000,13.4,0,2,2,-13.15575601061414,3.315058067544302,6.1095714883563295,-13.15575601061414,3.315058067544302,6.1095714883563295,173.54820084571838
-13.59616234903493,1.9889370544701188,5.1792786178068715,-14.568278579458,4.598783238149429,5.943826370056393,-0.8739535792146891,0.0012687807458895643,0.0004261859182064152,0.4860075616066235,0.10828755794016928,-0.08441811553521408,-0.16928404313389606,-0.0007887690458119323,-0.004215389162709471,0.00107470474404181,13916,904000000,13.74,0,2,2,-13.158366900062926,3.267302932129114,6.053906781603315,-13.158366900062926,3.267302932129114,6.053906781603315,173.94180393218994
-13.606081860953598,1.950423701411545,5.089729660701031,-14.576492135406115,4.565034210837931,5.895590874455854,-0.874176207517788,0.0015796844668417415,0.0006917363788684094,0.4856057910564743,0.0674676733574878,-0.09148763941089115,-0.17583759941308666,-0.001026364998324425,-0.0016745909192650288,0.006701947859255597,13917,247000000,13.88,0,2,2,-13.161183316034794,3.222894408837526,5.999994620133539,-13.161183316034794,3.222894408837526,5.999994620133539,174.26249027252197
-13.619397662556434,1.9134171618254512,5.000000000000004,-14.59159056920739,4.539024863537719,5.8455128137706955,-0.8748804324260322,0.0017672467862128933,0.0007190690084653763,0.4843352028673911,0.034241858694261364,-0.09711916657894143,-0.18241215622119727,-0.0007832229186988116,-0.0004199380583713719,0.014733089119545184,13917,525000000,13.89,0,2,2,-13.163627443904613,3.1865924922932725,5.954275598933582,-13.163627443904613,3.1865924922932725,5.954275598933582,174.5883870124817
-13.619397662556434,1.9134171618254512,5.000000000000004,-14.613903509256417,4.518104591607135,5.789792647274181,-0.8762490735441808,0.0018970179700238555,0.0006586016452263395,0.4818542608296193,0.00529484988876353,-0.10174127763089606,-0.18955711932167696,-0.0010749182365543675,0.00010187581622744801,0.023058043916535098,13917,807000000,13.78,0,2,2,-13.165621424463803,3.1499686929325486,5.907806722705569,-13.165621424463803,3.1499686929325486,5.907806722705569,174.92933893203735
-13.63614954403571,1.877833893125572,4.910270339298972,-14.639117317938686,4.50359454813664,5.735915476618945,-0.8779362820916514,0.0020064494542464343,0.0004866771371861259,0.47877303797628334,-0.01094103387697295,-0.10352501305166395,-0.19458457962501408,-0.0015668119203837705,0.0023248017441801494,0.024037375078478362,13918,105000000,13.5,0,2,2,-13.166139326228432,3.108968069148128,5.857253713213581,-13.166139326228432,3.108968069148128,5.857253713213581,175.2418076992035
-13.656368443005908,1.8435866858678756,4.820721382193137,-14.662718140613116,4.490827309029703,5.685245021481333,-0.8791790043200923,0.0019051892065857982,-6.18909629348318e-05,0.47648782228544573,0.007871318132130569,-0.0985763914444844,-0.1950115385573432,-0.001059878900377953,0.008097481077129487,0.008407730365433963,13918,381000000,13.12,0,2,2,-13.165781537778102,3.069787411415398,5.80916333110383,-13.165781537778102,3.069787411415398,5.80916333110383,175.54743123054504
-13.656368443005908,1.8435866858678756,4.820721382193137,-14.678459002670316,4.461505540630399,5.623347804817447,-0.8786199787872273,0.0011459979570011794,-0.001505219928515877,0.4775179094835935,0.08805527234873428,-0.08348548551683473,-0.19294568622274627,0.0006387597181856108,0.009517441503703594,-0.017172105617646594,13918,649000000,12.85,0,2,2,-13.165881210588468,3.0339960366793854,5.764032716610855,-13.165881210588468,3.0339960366793854,5.764032716610855,175.90934467315674
-13.680076326403402,1.8105849803110527,4.73153346836469,-14.679234964242987,4.424877354777678,5.573293880332803,-0.8773223678718776,0.0005794569178392574,-0.0022729566571080013,0.479895781112313,0.14227619672667213,-0.07351925986874738,-0.1916140587854973,0.001145512976563623,0.005129814189785975,-0.022801962768426165,13918,959000000,13.06,0,2,2,-13.167114517953914,2.9914212126264488,5.707889522202203,-13.167114517953914,2.9914212126264488,5.707889522202203,176.23004698753357
-13.680076326403402,1.8105849803110527,4.73153346836469,-14.667859796875028,4.363495356471181,5.5086624785311615,-0.8754190155427102,0.00010003296005813489,-0.0025835859151262007,0.48335790290783276,0.19473928983000904,-0.063186795447677,-0.1870989037430318,0.0019178423144694534,0.0018805810213962104,-0.022439159693021793,13919,234000000,13.44,0,2,2,-13.168981184689631,2.957924101926966,5.661560468520834,-13.168981184689631,2.957924101926966,5.661560468520834,176.6082365512848
-13.707286094986122,1.7787351912154206,4.642886210402724,-14.648089854027196,4.295747006569252,5.449487746920716,-0.8737576076078838,-0.00026325638854357873,-0.002569483092121596,0.48635477955918194,0.2277770515441344,-0.055932425617848766,-0.18047132655940817,0.0019685629013110884,0.00021122225604131017,-0.019799457732005976,13919,563000000,14.01,0,2,2,-13.172431199910934,2.9154598080776197,5.600357221898981,-13.172431199910934,2.9154598080776197,5.600357221898981,176.9922902584076
-13.738001510741421,1.7479410398882975,4.554958132087372,-14.62090599695933,4.214025680481805,5.38524078855045,-0.8723831988502854,-0.00044801455066109934,-0.0019736446854234846,0.48881843088549914,0.221857415672395,-0.05702379492693464,-0.1781919482020194,0.0028358459758237586,-0.007860644564061658,-0.006882148318254622,13919,891000000,14.52,0,2,2,-13.176601163226517,2.876673789100696,5.541919842283537,-13.176601163226517,2.876673789100696,5.541919842283537,177.41459846496582
-13.77221714744992,1.71810389246541,4.467926308866647,-14.603266097868872,4.141804714298203,5.31966763614425,-0.8722886107054147,9.285324721660809e-05,-0.0003360014717206264,0.48899126588815756,0.16509749648584351,-0.06983532656983447,-0.18682350805220338,0.0007222352110147767,-0.0103819197647681,0.0041421822515985696,13920,251000000,14.98,0,2,2,-13.182233948095249,2.8342282281818107,5.475185770790174,-13.182233948095249,2.8342282281818107,5.475185770790174,177.8369562625885
-13.809918364591843,1.6891231034023886,4.3819660112501095,-14.601255137995404,4.097844009985621,5.26609823904615,-0.8727283829633367,0.000714079568136008,0.0007526798971441445,0.48820497041052546,0.11180914557515224,-0.08130848846621228,-0.19578027428140543,-0.000846181217184494,-0.007246269024108187,0.008326419174409239,13920,604000000,15.13,0,2,2,-13.188774547345341,2.7929774154488847,5.407551177322803,-13.188774547345341,2.7929774154488847,5.407551177322803,178.17356848716736
-13.809918364591843,1.6891231034023886,4.3819660112501095,-14.610096522031824,4.062348855346079,5.2060482073513885,-0.8734850937017763,0.0012494216180500275,0.001323890598063425,0.486847488788947,0.06103489365407842,-0.09195161213498035,-0.20471900867548215,-0.0013583940017269924,-0.0034810778061000747,0.013879008929507108,13920,894000000,15.12,0,2,2,-13.194382044517296,2.761630539813768,5.354589481402036,-13.194382044517296,2.761630539813768,5.354589481402036,178.51526737213135
-13.851081304720704,1.6608963631376414,4.297250351837316,-14.62689411684124,4.038260070106089,5.1477460577961365,-0.8746543538787078,0.001592610561399046,0.0014737682243993538,0.48474225402768456,0.02276440925213564,-0.09955628062095598,-0.21132318404889694,-0.0016633585346426116,-0.0012476945698836062,0.02106293959514005,13921,190000000,15.04,0,2,2,-13.200312031784424,2.7279365800242346,5.297351117303295,-13.200312031784424,2.7279365800242346,5.297351117303295,178.83670115470886
-13.895672914366806,1.6333200488784598,4.213949936692157,-14.652110452414647,4.020295313838226,5.083725223584189,-0.8764767531841466,0.0018515347051656186,0.001422044377638755,0.4814385222817135,-0.01078183421746689,-0.10530253802955798,-0.21557228867556405,-0.001624366109354014,-0.0002743499692314799,0.029756173535133712,13921,462000000,14.83,0,2,2,-13.202226335576256,2.692205432976787,5.24341137002347,-13.202226335576256,2.692205432976787,5.24341137002347,179.1924910545349
-13.895672914366806,1.6333200488784598,4.213949936692157,-14.678814402754497,4.010074426396472,5.027296225913293,-0.8785075581507416,0.002020232768296733,0.0012978926373104743,0.4777224135481664,-0.0326855944550161,-0.10845910295357768,-0.21840908533388093,-0.0015418948578371783,0.0011010447224180098,0.034106833481928334,13921,762000000,14.43,0,2,2,-13.196860102951403,2.6454171032499327,5.185583481095612,-13.196860102951403,2.6454171032499327,5.185583481095612,179.50448393821716
-13.943650988470747,1.6062895774554231,4.132232521764885,-14.707721710796344,4.002417722357646,4.970349184737723,-0.8805467802442007,0.002044282962064329,0.0009057928364651057,0.473953972710515,-0.02691340639489246,-0.10593504754654977,-0.21834911374825006,-0.0023921960519146523,0.007378173404504196,0.02259729681099998,13922,34000000,13.93,0,2,2,-13.187172585772828,2.5989183453455036,5.135511855536289,-13.187172585772828,2.5989183453455036,5.135511855536289,179.78828763961792
-13.994964238284453,1.5796997591868318,4.052262675054007,-14.728243801028357,3.98653592062511,4.9145076785585,-0.8809193603822023,0.0014984180491723572,-0.0004889170058718518,0.4732637702247262,0.03752765534109129,-0.09294876617301548,-0.212322463926359,-0.0006458400946485199,0.012360526216070866,-0.005157698478797101,13922,280000000,13.43,0,2,2,-13.177372062300368,2.5520014223756418,5.085279655450323,-13.177372062300368,2.5520014223756418,5.085279655450323,180.09262943267822
-13.994964238284453,1.5796997591868318,4.052262675054007,-14.737301948636901,3.9616941981874083,4.864153860187906,-0.8802869694750616,0.0008904068251711027,-0.001609012880984426,0.4744380566793168,0.08996701043244908,-0.08363977160552138,-0.2080925713761478,0.0007951415227580583,0.008544310094293905,-0.01508295690655359,13922,540000000,13.37,0,2,2,-13.170561418332264,2.508327875822015,5.035020156959875,-13.170561418332264,2.508327875822015,5.035020156959875,180.38445734977722
-14.049552382614877,1.5534451516941854,3.974201445188189,-14.738514976041921,3.9254975102938,4.810540715976568,-0.8792119929003405,0.0003870916546913053,-0.0022334626977275444,0.4764253701731679,0.13505792025818808,-0.07597532727319176,-0.20367383412506884,0.0011051644605686306,0.004162603636359563,-0.018157615158997942,13922,787000000,13.57,0,2,2,-13.167821648631094,2.472011233197094,4.988750378642797,-13.167821648631094,2.472011233197094,4.988750378642797,180.68528747558594
-14.049552382614877,1.5534451516941854,3.974201445188189,-14.732884522052883,3.881877097916857,4.758368437829034,-0.878099268650962,4.760037095571609e-05,-0.002463830144621014,0.4784721534947135,0.1685800847951797,-0.06977742387418548,-0.19700344016915483,0.0017586290709914465,0.0019105189835499914,-0.017703937373880763,13923,41000000,13.89,0,2,2,-13.168301575405001,2.43647705856512,4.938499331461409,-13.168301575405001,2.43647705856512,4.938499331461409,180.98748922348022
-14.107346262223295,1.527420412612428,3.898206037095793,-14.723231779709234,3.836660410242481,4.711716393481003,-0.877090185478433,-0.00022297699756748234,-0.0024955303069008686,0.48031919506423404,0.19146323261106069,-0.06549675646797928,-0.19043134443450133,0.0016193146507248457,0.0005589088516444463,-0.01721296284813434,13923,301000000,14.23,0,2,2,-13.171786585778378,2.404292873812881,4.888131304996953,-13.171786585778378,2.404292873812881,4.888131304996953,181.2832751274109
-14.168267977131398,1.501520650144207,3.824429495415055,-14.709263952699631,3.783867599883765,4.66311693453636,-0.8760455585567611,-0.0004091379035307198,-0.0023635145204529214,0.4822223820378516,0.20873504619121688,-0.0615959436122403,-0.18240782351145096,0.0017760412902134703,-0.0008739441796024039,-0.016183390653168317,13923,550000000,14.55,0,2,2,-13.177222603568353,2.377067927384264,4.841586369967458,-13.177222603568353,2.377067927384264,4.841586369967458,181.58673644065857
-14.168267977131398,1.501520650144207,3.824429495415055,-14.688853954697722,3.715244812004757,4.605783852422315,-0.874832341974015,-0.0005546970910881202,-0.0020318804852763224,0.48442123942813475,0.2220230349522799,-0.05889986590946709,-0.17490523253824125,0.0017130555988842389,-0.0017273092680625268,-0.015444273412867915,13923,806000000,14.88,0,2,2,-13.185217745075132,2.3497786181312144,4.790837129243267,-13.185217745075132,2.3497786181312144,4.790837129243267,181.96003341674805
-14.232231046524186,1.4756417704159197,3.7530203962825315,-14.664964015236386,3.6364100691903167,4.543308376729674,-0.8736897295024955,-0.0005555690250009139,-0.0013581624469680077,0.48648134938523824,0.20871471560159716,-0.06261640130425178,-0.17360083751894645,0.0017379556766172755,-0.007011688421698636,-0.0068729482791241026,13924,130000000,15.27,0,2,2,-13.1974987792968,2.318790773992633,4.728091006249172,-13.1974987792968,2.318790773992633,4.728091006249172,182.36452436447144
-14.29914059087924,1.449680820605077,3.684122548120576,-14.651671107642656,3.570658899753169,4.48305661707329,-0.8735606617825141,-6.616184853592061e-06,-2.9956601133359354e-05,0.486715285608459,0.1512807671434508,-0.07672901061496247,-0.18229790466680248,4.128128674452114e-05,-0.010333475529478164,0.005618276372842956,13924,484000000,15.67,0,2,2,-13.213980156735873,2.2866947054148854,4.657364935482439,-13.213980156735873,2.2866947054148854,4.657364935482439,182.7635006904602
-14.29914059087924,1.449680820605077,3.684122548120576,-14.654216759058631,3.5298860962004013,4.430538349814596,-0.8742093853453291,0.0007304032785194119,0.0010530706958958589,0.485547431387812,0.08867452891175404,-0.091625222437981,-0.19264119652916606,-0.001708303557279578,-0.007806293524481589,0.012920278823003173,13924,833000000,15.83,0,2,2,-13.231561966556653,2.258513275789688,4.590854604106469,-13.231561966556653,2.258513275789688,4.590854604106469,183.08099246025085
-14.368893535892646,1.423536326822833,3.6178747020262687,-14.667454351265913,3.5028227676089894,4.379359484012393,-0.875204077935915,0.001345939116776232,0.0015747073823230997,0.48374945034480266,0.0362353478432325,-0.10371016674390161,-0.20044671715905324,-0.0023878894353401847,-0.004244941146680503,0.019774122119997628,13925,101000000,15.78,0,2,2,-13.246814355529166,2.235952962142652,4.536240776351226,-13.246814355529166,2.235952962142652,4.536240776351226,183.3987066745758
-14.44137883771317,1.3971086257532077,3.554410272345218,-14.689399852843904,3.484610087212592,4.326645697142626,-0.8767214969186002,0.0018145189838190544,0.0017297341251595359,0.48099182153288444,-0.00701115638804538,-0.11266261642050927,-0.20495759024039323,-0.0027191112621949287,-0.0018314651129003323,0.029568543141067494,13925,366000000,15.64,0,2,2,-13.258210344862414,2.211601483591327,4.485682157664384,-13.258210344862414,2.211601483591327,4.485682157664384,183.70760250091553
-14.44137883771317,1.3971086257532077,3.554410272345218,-14.718538814934922,3.473728386603363,4.272934696972009,-0.8789171569227676,0.002171914705678123,0.0016944748358006393,0.47696650071922325,-0.04353219102836632,-0.11977958567109444,-0.20804957656459533,-0.001912883067234361,-0.0006663070109880209,0.041266797052230686,13925,622000000,15.31,0,2,2,-13.260716904146177,2.1771843834009452,4.435482908887195,-13.260716904146177,2.1771843834009452,4.435482908887195,184.01054406166077
-14.516477728939526,1.370300189070615,3.493857067992777,-14.756458078882613,3.468558462708374,4.2144081826767215,-0.8819773720134488,0.0024203675055968024,0.001550440644565942,0.471282986337504,-0.07098669157614061,-0.12400343543348147,-0.20883159318065564,-0.0026033803123937105,0.001828566053063696,0.04694718118116725,13925,887000000,14.77,0,2,2,-13.252408610834166,2.130283910164266,4.385691843997369,-13.252408610834166,2.130283910164266,4.385691843997369,184.32412958145142
-14.594063984779455,1.3430159396806216,3.436337035063941,-14.791049377720968,3.466447725475733,4.164607027746749,-0.8844864155166782,0.0024708725816643398,0.0010577116232144532,0.4665582030157279,-0.0668451847968043,-0.12144933389707672,-0.20571924247857337,-0.0028474013788581942,0.007360269546552445,0.03444432331889402,13926,164000000,13.95,0,2,2,-13.234620727350762,2.0690159671288413,4.33263020556171,-13.234620727350762,2.0690159671288413,4.33263020556171,184.6157248020172
-14.594063984779455,1.3430159396806216,3.436337035063941,-14.819234692452868,3.4580371146827495,4.116071160571448,-0.8854376862806326,0.0020509853039894503,-0.0002316583902486326,0.4647535298496108,-0.012742693935030466,-0.11124862902582214,-0.19974453406236364,-0.001115306463361776,0.012135760607634438,0.005531161241378868,13926,409000000,13.26,0,2,2,-13.218278286905901,2.0144016142897856,4.28754435035622,-13.218278286905901,2.0144016142897856,4.28754435035622,184.89314937591553
-14.674004208715575,1.3151635588544948,3.3819660112501038,-14.839930503190466,3.4388598224678075,4.065032670816946,-0.8853341264584997,0.001469604035500978,-0.00145866286750696,0.46495074695561334,0.03983131949448574,-0.1027239320184226,-0.19372629389181767,0.00011535917323612921,0.008311360215884633,-0.006384747393894941,13926,649000000,12.98,0,2,2,-13.207598072138543,1.965467469825267,4.24271104009459,-13.207598072138543,1.965467469825267,4.24271104009459,185.203143119812
-14.674004208715575,1.3151635588544948,3.3819660112501038,-14.851491287772157,3.4132498633238897,4.019361393869851,-0.8848404818300615,0.0010782603010165569,-0.002077784646259655,0.4658882289567224,0.07895177046835108,-0.09672328522138207,-0.187633882283253,0.0005175837429760577,0.004257947966834763,-0.010852641480596503,13926,905000000,13.0,0,2,2,-13.20375287897306,1.9206293916067476,4.194508996208223,-13.20375287897306,1.9206293916067476,4.194508996208223,185.51247572898865
-14.756158136970098,1.2866537833567335,3.330853492557395,-14.857754965279337,3.3786779034687795,3.9715066813332016,-0.8840682605830151,0.0008261048314583028,-0.0023471842209788416,0.46735117300244566,0.11156805757482724,-0.09202914897676572,-0.18056641428549064,0.0008274244407857623,0.001635315481962607,-0.014252386245061643,13927,154000000,13.12,0,2,2,-13.206554197714931,1.8858258308867704,4.150215427271913,-13.206554197714931,1.8858258308867704,4.150215427271913,185.80410957336426
-14.840378961010297,1.2574006916957472,3.283102412796267,-14.85914620227562,3.342018603183998,3.929092356376181,-0.8832021022263836,0.0006590910470415842,-0.002394826584731339,0.46898600941554447,0.13388145792841405,-0.08831817130632516,-0.17300841476286227,0.001051913375249569,0.00045109794371001044,-0.01646329492359655,13927,398000000,13.33,0,2,2,-13.215325845841859,1.8540843084531216,4.102454216157838,-13.215325845841859,1.8540843084531216,4.102454216157838,186.08953475952148
-14.840378961010297,1.2574006916957472,3.283102412796267,-14.857519652620127,3.3019567143605597,3.888426170167172,-0.8822197066449823,0.0005259425918995228,-0.0023321896579935053,0.4708318951420246,0.15020865525579763,-0.08606912309104513,-0.1658407540693671,0.0014209594837666373,-0.000423593681375678,-0.018245277715323027,13927,640000000,13.56,0,2,2,-13.227788620909816,1.8293629982940078,4.05874156482153,-13.227788620909816,1.8293629982940078,4.05874156482153,186.37017560005188
-14.926513667287587,1.2273219786613712,3.2388089362865244,-14.853934797779424,3.2594076653182205,3.849376267239345,-0.8811456083721101,0.00041899324571296516,-0.002163628067138952,0.47283988833937324,0.16140579898266622,-0.08482269716898164,-0.15922462085835584,0.001158045506599592,-0.0011764558166760253,-0.01950649111677194,13927,888000000,13.84,0,2,2,-13.243703677492993,1.8082508688858572,4.015474376021783,-13.243703677492993,1.8082508688858572,4.015474376021783,186.6465494632721
-14.926513667287587,1.2273219786613712,3.2388089362865244,-14.849037207521109,3.2151668030355527,3.8119373849702245,-0.8800131602859621,0.0003741899542837121,-0.0019536813173249815,0.4749451345520891,0.16891427158159003,-0.08357042119668384,-0.1525966027629886,0.000890031645894851,-0.0015795587842148961,-0.02036400510405656,13928,128000000,14.15,0,2,2,-13.26239914096136,1.790112938370116,3.9727441179426624,-13.26239914096136,1.790112938370116,3.9727441179426624,186.92566752433777
-15.014403393356975,1.1963392173488867,3.1980622641951637,-14.843892971473903,3.1736399841681515,3.77891258811437,-0.8789219457447522,0.00037425237242035665,-0.0017435417417755207,0.4769622975515101,0.17315291794769683,-0.08302548925547701,-0.14731936959339273,0.000904685992964005,-0.0017488667140241887,-0.02111907979269745,13928,369000000,14.48,0,2,2,-13.283419150535655,1.7744313799453855,3.930606215965826,-13.283419150535655,1.7744313799453855,3.930606215965826,187.18523168563843
-15.103883799479043,1.1643781079072553,3.1609444548970993,-14.836383360517834,3.1161599910661066,3.735781170527094,-0.8774036937586387,0.0003830466296696494,-0.0014535463624747473,0.4797504545666927,0.17598906583657556,-0.08248300083414765,-0.14028918195553441,0.0006185534857650055,-0.0017160328866339114,-0.021195283989072777,13928,586000000,14.81,0,2,2,-13.304346757185577,1.7618311747504973,3.892620226545647,-13.304346757185577,1.7618311747504973,3.892620226545647,187.5294153690338
-15.103883799479043,1.1643781079072553,3.1609444548970993,-14.8289335224719,3.054683474901128,3.6917055797777496,-0.8758567854391848,0.00044286558678482816,-0.0011384662029475675,0.48256957960994,0.16890718850574682,-0.08538132721546063,-0.13629571265081825,0.0004705018227468827,-0.0030059706659812946,-0.01644518724788213,13928,885000000,15.28,0,2,2,-13.335225479135437,1.7467988371019256,3.8417050196308877,-13.335225479135437,1.7467988371019256,3.8417050196308877,187.89944434165955
-15.194785454764899,1.131368712289839,3.1275302587205274,-14.826851064434882,3.0008748966629843,3.6507142112358464,-0.8750743844046839,0.0007281512259429894,-0.0005927587083850592,0.4839875413599709,0.12847636000865195,-0.09651645054748867,-0.13907024856411304,-0.0006442611834245326,-0.007244013704621466,0.0023644441512260528,13929,207000000,15.78,0,2,2,-13.37066253104837,1.732889266961459,3.78863826023439,-13.37066253104837,1.732889266961459,3.78863826023439,188.24404287338257
-15.194785454764899,1.131368712289839,3.1275302587205274,-14.838341311206312,2.9633384614508627,3.6107354764123594,-0.8759720091490526,0.0014530473397195887,0.00028471145047011964,0.48235966537449043,0.056801522504868626,-0.11461597286892766,-0.14664986202880104,-0.0026513330567468074,-0.00743256023270078,0.0215707119423314,13929,510000000,16.11,0,2,2,-13.405600092005237,1.721103194020778,3.7401430409782397,-13.405600092005237,1.721103194020778,3.7401430409782397,188.55323672294617
-15.286934236885259,1.0972456743280026,3.097886967409693,-14.861942156753694,2.9407788652462123,3.5718781211889428,-0.8776686935461401,0.0021584517898142245,0.0007536536028340098,0.47926238894902806,-0.00439097718682825,-0.12945305349585334,-0.1521648662477012,-0.0032242180623143213,-0.004184794534012326,0.03299675627204124,13929,778000000,16.01,0,2,2,-13.433656513266353,1.7047437429065555,3.6957565307261313,-13.433656513266353,1.7047437429065555,3.6957565307261313,188.85847640037537
-15.380151744327637,1.0619484244926003,3.0720742786082944,-14.895865318465333,2.9281875729319657,3.5319902694788543,-0.8800674040321919,0.0026953583751206595,0.0008551349175045158,0.4748403606977203,-0.05431807697070969,-0.14011638141278832,-0.15483079877477585,-0.0032698929544494604,-0.0015060915075082448,0.04634282595361583,13930,50000000,15.64,0,2,2,-13.449204620508283,1.677551208803672,3.6549824064563046,-13.449204620508283,1.677551208803672,3.6549824064563046,189.15205240249634
-15.380151744327637,1.0619484244926003,3.0720742786082944,-14.945415534113186,2.9236389310379884,3.4855257085329976,-0.8840781300852283,0.0031439469310283507,0.0007407420832472465,0.46732796492812917,-0.10222306034992312,-0.14892395148398663,-0.15496755962496137,-0.0027735537059925264,-0.0002044145986701551,0.06755432768841274,13930,303000000,15.03,0,2,2,-13.45419763021428,1.6378049001670871,3.6145495996158936,-13.45419763021428,1.6378049001670871,3.6145495996158936,189.49191045761108
-15.474255720151977,1.0254213687541995,3.050144175636353,-14.999305441006648,2.926552330838932,3.442478938658555,-0.8887413326364056,0.003409776948119736,0.00047175075665275147,0.45839611095214716,-0.12392539446358593,-0.1504404616604717,-0.15200121776773934,-0.0027658974886435317,0.004335719768278068,0.06507249636342749,13930,607000000,13.94,0,2,2,-13.450001165426583,1.5797298702619837,3.5688123821628785,-13.450001165426583,1.5797298702619837,3.5688123821628785,189.82190871238708
-15.569060486163298,0.9876140610008809,3.0321408228027416,-15.048063581755871,2.928256043108429,3.4039175966920814,-0.8919433900461162,0.0032464468072914586,-0.0003835312634282186,0.452135270068526,-0.10044515553227047,-0.14347116639691698,-0.1455779958330417,-0.0012203746109662461,0.008415002412220929,0.04085203581780661,13930,892000000,12.64,0,2,2,-13.439212980816952,1.516828173230597,3.5277676935732263,-13.439212980816952,1.516828173230597,3.5277676935732263,190.11542439460754
-15.569060486163298,0.9876140610008809,3.0321408228027416,-15.085660097944539,2.9227688121871105,3.3700362924298015,-0.8934449638050302,0.002834204705641297,-0.001337454463356264,0.44916174720324664,-0.052342145472026334,-0.13493486015464737,-0.1386492160648364,-0.00012619545657344133,0.008042225454119034,0.019286619499325752,13931,142000000,11.71,0,2,2,-13.431206824064143,1.4596268802301195,3.4910551435850836,-13.431206824064143,1.4596268802301195,3.4910551435850836,190.40735626220703
-15.664377386391834,0.9484813585216545,3.018100476464131,-15.117674101390303,2.9081323754351383,3.335184658076449,-0.894267243088811,0.002440225436964527,-0.0020535338184987833,0.4475219840823579,-0.007859638555333493,-0.1286721600478507,-0.1313190330475234,0.0003248373957376316,0.004670084399549523,0.00997897122942959,13931,389000000,11.25,0,2,2,-13.431786642472815,1.41501843536682,3.45811380419722,-13.431786642472815,1.41501843536682,3.45811380419722,190.6957676410675
-15.664377386391834,0.9484813585216545,3.018100476464131,-15.14067424790905,2.8879527346890734,3.304716601683575,-0.8946372898945779,0.0022130614675651625,-0.0023679056820524727,0.44678139499279335,0.02519880866804483,-0.1245558019992056,-0.1243608019471516,0.0003478017987390558,0.0021093920167913893,0.0035257191257187515,13931,641000000,10.99,0,2,2,-13.441396342125314,1.3760960642395168,3.423398712782026,-13.441396342125314,1.3760960642395168,3.423398712782026,190.98151850700378
-15.76001523874531,0.9079835601142272,3.0080514120095225,-15.158808958216813,2.8625683527451025,3.275906278013009,-0.8946252782054136,0.002096127724213265,-0.0024793051745229636,0.4468054060665579,0.0515396687651945,-0.12202751645689254,-0.11727765463378445,0.0002362607091299651,0.0005676905402651755,-0.0037485016491700662,13931,889000000,10.86,0,2,2,-13.457280135790333,1.3474717526225792,3.3923124650358725,-13.457280135790333,1.3474717526225792,3.3923124650358725,191.25183534622192
-15.85578079367589,0.8660865264278437,3.0020138669173706,-15.17313656633063,2.8331015536327686,3.248817454409795,-0.8942205367036364,0.0020536032401071752,-0.00246086745303073,0.44761519029471186,0.07195840574018544,-0.11981881858774612,-0.10988023138947671,0.00042990472479687014,-0.0004706091118578115,-0.01087690898202709,13932,124000000,10.86,0,2,2,-13.478661127601887,1.3246333437666318,3.3622156562292513,-13.478661127601887,1.3246333437666318,3.3622156562292513,191.5327799320221
-15.85578079367589,0.8660865264278437,3.0020138669173706,-15.184725126111353,2.8005357767736805,3.223491879829521,-0.8934671906914722,0.0020358082168473518,-0.002347379358326315,0.44911771781231336,0.0868969430135755,-0.11887720230577885,-0.10252967654615977,0.0004072939589150337,-0.0010525499419600237,-0.01659772424318362,13932,362000000,10.96,0,2,2,-13.504714945329559,1.3065553993266104,3.333182667015841,-13.504714945329559,1.3065553993266104,3.333182667015841,191.82827401161194
-15.951479198684485,0.8227617822048631,3.0,-15.195307794554292,2.762644521834794,3.1979851396824412,-0.8923575674950311,0.0020406166425920185,-0.0021872108712734446,0.45131920380887103,0.09838806141806568,-0.11867595062322422,-0.09495123568511465,0.0004976138825441012,-0.0012892938229924766,-0.020761421546922065,13932,615000000,11.17,0,2,2,-13.534609918721532,1.2923321856392767,3.305328132424295,-13.534609918721532,1.2923321856392767,3.305328132424295,192.12365436553955
-15.951479198684485,0.8227617822048631,3.0,-15.204501911648794,2.722851307801552,3.174408604046111,-0.8910553564293391,0.0020440206434017218,-0.002000644386170611,0.4538856366753999,0.1063932008276512,-0.1182574977076166,-0.08768861284298704,0.000588747678875734,-0.0014050796380615793,-0.023359828628599644,13932,870000000,11.49,0,2,2,-13.570365259521289,1.2804112576628686,3.2765754393311597,-13.570365259521289,1.2804112576628686,3.2765754393311597,192.42576241493225
-16.04691446746932,0.7779866001387802,3.0020138669173706,-15.214172458342789,2.6753729890054534,3.1494679277575397,-0.8893780810931342,0.0020527676058224096,-0.0017803958045953285,0.457164352511249,0.11214973423190766,-0.11815686910428017,-0.07981256512197957,0.00047884530545161397,-0.0014265446452554897,-0.025545680728100706,13933,121000000,11.88,0,2,2,-13.608897264414852,1.2713016415510285,3.249371244545719,-13.608897264414852,1.2713016415510285,3.249371244545719,192.79096961021423
-16.141889952512262,0.7317440661210041,3.008051412009522,-15.221511648907057,2.636659997850626,3.131165760563002,-0.8879445002936739,0.0020610794957304506,-0.001611768179642417,0.459943168829438,0.11509660680206857,-0.11800162875127687,-0.07396854264709146,0.0005230395458966086,-0.0012899289004053571,-0.026438252825755626,13933,423000000,12.39,0,2,2,-13.655949555466496,1.263346693754356,3.219967983929618,-13.655949555466496,1.263346693754356,3.219967983929618,193.06881856918335
-16.141889952512262,0.7317440661210041,3.008051412009522,-15.228862440789836,2.59753620335828,3.1142414036221573,-0.8864653471966608,0.002066370963086702,-0.0014588290151002136,0.46278806180416016,0.11644907412851568,-0.11877216791896081,-0.06832550232052392,0.00033490395310309395,-0.0011871016113218502,-0.02683001093828352,13933,659000000,12.82,0,2,2,-13.69531452467331,1.2583721507534327,3.1979791938868205,-13.69531452467331,1.2583721507534327,3.1979791938868205,193.3644368648529
-16.236208819886585,0.684023125704271,3.0181004764641304,-15.238089840976846,2.5517647344241996,3.0961683709755885,-0.8847960885596153,0.0021097300819797648,-0.0012928203561169273,0.46597184391775565,0.11190207493982582,-0.1212069925253912,-0.06249008743970348,-5.259551727476719e-05,-0.0017310999851360975,-0.020753752323798835,13933,903000000,13.28,0,2,2,-13.73587090115932,1.2542727797781463,3.17732591618237,-13.73587090115932,1.2542727797781463,3.17732591618237,193.69395422935486
-16.236208819886585,0.684023125704271,3.0181004764641304,-15.249617287306272,2.5114766312565555,3.0805657599035534,-0.8839698352298495,0.0022708124785619267,-0.0010766095628049156,0.46753718004694433,0.08268765561541173,-0.12874504029327255,-0.0599143770332598,-0.0017567865484124923,-0.003034920428035548,0.003505788777147245,13934,192000000,13.82,0,2,2,-13.783726463677489,1.2496091099783768,3.154858394207138,-13.783726463677489,1.2496091099783768,3.154858394207138,193.99504733085632
-16.32967452506349,0.6348186116661373,3.032140822802741,-15.270733667039577,2.483738751040852,3.066171791152333,-0.8853588430379555,0.0026859416171008173,-0.0008078126049080533,0.46489983029779364,0.013028946187234875,-0.14512884288242808,-0.061340616761861644,-0.0023778437252985896,-0.0032575243267274345,0.03892973327310756,13934,446000000,14.12,0,2,2,-13.825049642407983,1.2414457887921144,3.1353277408107076,-13.825049642407983,1.2414457887921144,3.1353277408107076,194.28754305839539
-16.42209128849096,0.5841312526123713,3.0501441756363525,-15.306638480294524,2.46556430853403,3.0503455001064803,-0.8882658169060103,0.003109240921387298,-0.0006803376140467818,0.4593187436605673,-0.0519140137696142,-0.1593387303594355,-0.06175115017478796,-0.0026917470449916436,-0.0012025075534438656,0.0564565350941848,13934,691000000,13.84,0,2,2,-13.853890671374696,1.22375833002446,3.118028002315856,-13.853890671374696,1.22375833002446,3.118028002315856,194.5924334526062
-16.42209128849096,0.5841312526123713,3.0501441756363525,-15.357729263405478,2.4569536705638413,3.033501144949223,-0.8923943418013001,0.003457131980515176,-0.0007997965042325504,0.45124244845209893,-0.10801176847340396,-0.17044646546384853,-0.06002751201061707,-0.00281432298834261,0.0006074203383832355,0.07549648871645331,13934,942000000,13.13,0,2,2,-13.874737257853972,1.1929521290486949,3.1001852466285835,-13.874737257853972,1.1929521290486949,3.1001852466285835,194.9405562877655
-16.513264569718935,0.5319676626161872,3.072074278608294,-15.427797763070723,2.4570679884168753,3.015287762129981,-0.8983157900081343,0.0036622294770448155,-0.0011139027100715646,0.4393336872106114,-0.14478047730375848,-0.1742081912871723,-0.055258589950631376,-0.0009530348506814335,0.0027446480771686765,0.08167652049451135,13935,235000000,12.05,0,2,2,-13.88783743285651,1.1486833781343357,3.082250284781987,-13.88783743285651,1.1486833781343357,3.082250284781987,195.31616306304932
-16.603001538847433,0.47834031194557486,3.0978869674096927,-15.495114139735275,2.4585930743898077,3.000086000262515,-0.9031595864405523,0.0034993389755974443,-0.0015322406890931827,0.42928797826835885,-0.12946144315397512,-0.16801590835579155,-0.048081001406498236,0.0006869188553082495,0.00379190394141915,0.057565246606827714,13935,544000000,10.44,0,2,2,-13.893936993480034,1.0873963460486942,3.0637616786629422,-13.893936993480034,1.0873963460486942,3.0637616786629422,195.70213389396667
-16.603001538847433,0.47834031194557486,3.0978869674096927,-15.552853384174943,2.4513758771253706,2.9873672146204715,-0.9059576674449381,0.0031572630732873566,-0.001897658305136907,0.4233522592127856,-0.07996861635781723,-0.15967180270223388,-0.03930783903549223,0.0012981064628547756,0.0026176441679126583,0.0355337506334763,13935,844000000,9.06,0,2,2,-13.89686391716248,1.0257168470727835,3.0487941663427236,-13.89686391716248,1.0257168470727835,3.0487941663427236,196.07085156440735
-16.69111154408141,0.42326747898706985,3.127530258720526,-15.596891888324556,2.4354135498271585,2.977873997460467,-0.9078190683384613,0.0028824304747856076,-0.0020318359793524195,0.4193472336837328,-0.03878849645737533,-0.15427556256051853,-0.031257539381769776,0.0012613260878424626,0.001068158474026859,0.02778417238005204,13936,148000000,8.23,0,2,2,-13.908819144339928,0.9728455686048119,3.0359095919451358,-13.908819144339928,0.9728455686048119,3.0359095919451358,196.41008138656616
-16.777406574185214,0.36677318353002347,3.1609444548970984,-15.633173028875424,2.412177913840653,2.9705011524619658,-0.9092358150041114,0.0026981741862976863,-0.0020064488519875158,0.41626785455145787,-0.00657637777626593,-0.15082548955670852,-0.023615743510050483,0.0011249893873355177,-4.180040384937911e-05,0.01924536809383426,13936,427000000,7.68,0,2,2,-13.931722933721465,0.9351844415653827,3.025614726393346,-13.931722933721465,0.9351844415653827,3.025614726393346,196.736882686615
-16.777406574185214,0.36677318353002347,3.1609444548970984,-15.66170289841299,2.3854658027697035,2.9656063781325073,-0.9100213405924122,0.002596165756929219,-0.0018966782100953575,0.41454893824676264,0.016162930115107957,-0.14972661161513362,-0.016089092406811566,0.0006418544785447011,-0.0007443430547482421,0.009124486768996576,13936,696000000,7.26,0,2,2,-13.964076833266931,0.9065824078819699,3.0171111693184387,-13.964076833266931,0.9065824078819699,3.0171111693184387,197.06916308403015
-16.861701714642972,0.308887101630705,3.1980622641951597,-15.686701956964823,2.35488933912677,2.9626926845217363,-0.9102357172101484,0.0025608800496362293,-0.001737023344719851,0.4140789342120629,0.03340976573081213,-0.14956279681293247,-0.008601207812723829,0.0007671300011224957,-0.0011986942922703747,-0.0012952930660503625,13936,959000000,7.03,0,2,2,-14.000685586187572,0.8864721656966227,3.010799426462924,-14.000685586187572,0.8864721656966227,3.010799426462924,197.40105533599854
-16.943815596347115,0.24964446233012608,3.2388089362865236,-15.709088870170847,2.321441586868197,2.9615779087977963,-0.9099215575624697,0.0025325195597777697,-0.0015406627063166629,0.4147697816695346,0.04628315261173038,-0.14935501705555457,-0.001858635238035632,0.0006643200777034508,-0.0014151527807371167,-0.009913047688314691,13937,225000000,6.97,0,2,2,-14.042204324603304,0.8711672846909109,3.0060862939301263,-14.042204324603304,0.8711672846909109,3.0060862939301263,197.73634719848633
-16.943815596347115,0.24964446233012608,3.2388089362865236,-15.729754522324386,2.285921652514407,2.9622543415025544,-0.909202312010351,0.0025180326850972796,-0.0013312790418284373,0.41634486071349786,0.05525943402113329,-0.14987461549960243,0.005239353928158965,0.0007742210186734155,-0.00148761561149513,-0.016427193259005435,13937,480000000,7.06,0,2,2,-14.087535256690687,0.8593065203371772,3.0031267230049314,-14.087535256690687,0.8593065203371772,3.0031267230049314,198.08133459091187
-17.023570835656578,0.18908592655329434,3.283102412796265,-15.74945761957003,2.2488708924950953,2.9648066877213917,-0.9081785047343097,0.0024910676555299632,-0.0011218460411693575,0.41857417452818135,0.06159153187773906,-0.15068431187111397,0.012254590012676297,0.0007098782589309849,-0.0013630326634483936,-0.02080242229567375,13937,747000000,7.28,0,2,2,-14.135489276090365,0.8499122903488493,3.001855395593879,-14.135489276090365,0.8499122903488493,3.001855395593879,198.41200518608093
-17.100794464688903,0.12725744857032972,3.330853492557394,-15.767091521503234,2.2137688767414305,2.9686539805637464,-0.9070631643834605,0.0024696727968619723,-0.0009521955987720487,0.4209862347612824,0.06570921623911766,-0.15100102105085864,0.018006354668577085,0.0005886118742637336,-0.0012338852343418694,-0.023241550115926657,13937,999000000,7.59,0,2,2,-14.185267120021539,0.8421618452325925,3.002271642189424,-14.185267120021539,0.8421618452325925,3.002271642189424,198.74101066589355
-17.100794464688903,0.12725744857032972,3.330853492557394,-15.787422848734794,2.17204853356956,2.9749566183623477,-0.9056271717560149,0.0024495271866666096,-0.0007674145348199082,0.42406701907681404,0.06880636006354043,-0.15212459522861474,0.0252435138892228,0.0007178407940955367,-0.001169184793070599,-0.025150981855404098,13938,256000000,7.93,0,2,2,-14.232421025806532,0.8358691384699052,3.004270032073781,-14.232421025806532,0.8358691384699052,3.004270032073781,199.07828998565674
-17.17531835073539,0.06421012045168248,3.3819660112501024,-15.804948245934064,2.1358009699916245,2.982005649413169,-0.9043154443440753,0.002411829782093178,-0.0006140254036084599,0.4268575677795618,0.07052998964958142,-0.15311366216054753,0.03140979333004454,0.0008217518541187019,-0.0009899643259814184,-0.025966218345274683,13938,517000000,8.38,0,2,2,-14.288370869010647,0.8291380299811851,3.008415595058479,-14.288370869010647,0.8291380299811851,3.008415595058479,199.4040493965149
-17.246979603717467,1.0099637174326102e-15,3.4363370350639393,-15.824334162990805,2.096508771919114,2.991157574771058,-0.9029998786935257,0.002357156151723125,-0.0004969637960672138,0.42963404883847345,0.06200345949777407,-0.15531380065623868,0.03715864316570336,0.0003221544488951622,0.0003079200325828424,-0.010374724297435023,13938,767000000,8.78,0,2,2,-14.335242264493633,0.8218884212853608,3.0135273926958837,-14.335242264493633,0.8218884212853608,3.0135273926958837,199.74385905265808
-17.246979603717467,1.0099637174326102e-15,3.4363370350639393,-15.84946428681667,2.061824256632715,3.0017811989468806,-0.9035128774008554,0.0022510742177534507,-0.0006650174621535728,0.42855451320394194,0.018109889109638327,-0.1642647557100687,0.04274732933987495,-0.0011489886901472346,0.002985958190038218,0.03067422021558741,13939,34000000,9.17,0,2,2,-14.380783851423189,0.8080612905591056,3.020902497593305,-14.380783851423189,0.8080612905591056,3.020902497593305,200.0698561668396
-17.315620970633162,-0.06531207730972893,3.493857067992775,-15.886728822981647,2.037141109454819,3.0138226657443994,-0.9064287791938825,0.0021345252753378697,-0.001188289736656611,0.42235163077516136,-0.04998967280003503,-0.1767212191395083,0.04785818835325926,-0.0008825933775824524,0.004692881657319958,0.06717941869283095,13939,282000000,9.06,0,2,2,-14.416848123622144,0.7839711274222163,3.030233665541315,-14.416848123622144,0.7839711274222163,3.030233665541315,200.39564204216003
-17.381091215977307,-0.131660701802711,3.554410272345216,-15.9445685620118,2.0207667856728313,3.0292619391457403,-0.911265115717458,0.001964110405606828,-0.0018245192497274854,0.41181148876187196,-0.11366611868402758,-0.18595991947779783,0.05300409584546374,-0.0008512378542491206,0.004415653029354871,0.08683822234161198,13939,537000000,8.27,0,2,2,-14.443096298995476,0.7493189479009341,3.0414194910926313,-14.443096298995476,0.7493189479009341,3.0414194910926313,200.82056307792664
-17.381091215977307,-0.131660701802711,3.554410272345216,-16.013876653979757,2.01332210234801,3.046393825340992,-0.9167417867746861,0.0017789671355051672,-0.0023002197651183403,0.39946969928408715,-0.14688396248129493,-0.188089713099209,0.058997251613542634,0.0009816567171583301,0.0022626749569099047,0.08324052469106391,13939,839000000,6.93,0,2,2,-14.464251231715396,0.6988983435624893,3.0568343649179006,-14.464251231715396,0.6988983435624893,3.0568343649179006,201.22899079322815
-17.443245487155217,-0.19897610786469808,3.617874702026267,-16.079754272317853,2.006960859722554,3.0642386085824747,-0.9208555882983389,0.001568636819203768,-0.0023157361284021688,0.3898937832851828,-0.13495171380404491,-0.18391050074820503,0.06544152851026573,0.002673312405931938,-0.0013747990010415378,0.05960794514976442,13940,154000000,5.37,0,2,2,-14.478337113175114,0.6403753913660002,3.0745513791815275,-14.478337113175114,0.6403753913660002,3.0745513791815275,201.5735445022583
-17.50194566394982,-0.2671844063214001,3.6841225481205737,-16.1338211764078,1.9951408434394562,3.082301694118809,-0.923142109441698,0.0014359389705297307,-0.0018314049277566875,0.38445185629776285,-0.09377735046483535,-0.17796703120930096,0.07124621669222646,0.002132186000380898,-0.003504014807731437,0.03675733314594254,13940,423000000,4.17,0,2,2,-14.488996431953874,0.5826699729857465,3.0930033402846773,-14.488996431953874,0.5826699729857465,3.0930033402846773,201.91709399223328
-17.557060691143427,-0.3362078302261458,3.753020396282529,-16.18290235027665,1.974720476641149,3.1034440458975108,-0.9248483967435848,0.0013660787905757502,-0.001313050181421788,0.38033124085299624,-0.05452467525548325,-0.17422909596925792,0.07806794829549976,0.001438060689906706,-0.0027708395919034956,0.027516779482539278,13940,694000000,3.46,0,2,2,-14.505632492072172,0.5355100626363313,3.111747838997676,-14.505632492072172,0.5355100626363313,3.111747838997676,202.2645456790924
-17.60846689344039,-0.4059649933050725,3.8244294954150524,-16.221676101314426,1.9497299587075296,3.1247982301013884,-0.9260232321628428,0.001315625925883923,-0.0009622033436495847,0.37746300055479626,-0.025834149612738343,-0.17289034065147918,0.08485011808348011,0.00118077185788934,-0.0020127255311308545,0.019146334125252906,13940,962000000,2.93,0,2,2,-14.534020022972424,0.49510604920424517,3.133355753498448,-14.534020022972424,0.49510604920424517,3.133355753498448,202.6023235321045
-17.60846689344039,-0.4059649933050725,3.8244294954150524,-16.255516699464245,1.92007609086785,3.147968201842147,-0.9267129215822579,0.001266782764272955,-0.0006912305958245629,0.3757673195398544,-0.0035144467351398583,-0.17290636429761105,0.09219604394433037,0.0007269501509199472,-0.0016887900756046292,0.008446106130577391,13941,218000000,2.57,0,2,2,-14.568407904519706,0.46537789224071596,3.1547543979793904,-14.568407904519706,0.46537789224071596,3.1547543979793904,202.95231938362122
-17.656048271882852,-0.4763711602713219,3.8982060370957967,-16.287939301417047,1.884047873506219,3.1750685255335123,-0.9268646950491866,0.001234492658580434,-0.00043762824628178063,0.37539328920583065,0.014619079037984466,-0.1734098442794922,0.09968006148116167,0.0009268717121813097,-0.001570015592733398,-0.0025768572186279926,13941,490000000,2.35,0,2,2,-14.608795199931432,0.44124637910840525,3.177560691825242,-14.608795199931432,0.44124637910840525,3.177560691825242,203.30719089508057
-17.699696781001236,-0.5473385281843403,3.9742014451881866,-16.315316327846187,1.847884358444471,3.2018234079644468,-0.9265301573872053,0.0011986972800690247,-0.00021372289480373573,0.3762185334342198,0.026944117766129715,-0.17347550040470053,0.10515660542919374,0.0005990979843772948,-0.0015233545582304941,-0.011022133639926324,13941,758000000,2.3,0,2,2,-14.65724246950467,0.41972570485953764,3.203800869118395,-14.65724246950467,0.41972570485953764,3.203800869118395,203.68786454200745
-17.699696781001236,-0.5473385281843403,3.9742014451881866,-16.34276907657108,1.8068316539612954,3.232274990412815,-0.9257538770629202,0.0011988453411234286,7.067947246942375e-06,0.3781247437326257,0.03682946195769758,-0.1738455677610482,0.11141913633675642,0.00021796121814077196,-0.0014827349446022708,-0.018093515245709568,13942,35000000,2.39,0,2,2,-14.705332612592684,0.4026809229120258,3.2293665054488114,-14.705332612592684,0.4026809229120258,3.2293665054488114,204.04459476470947
-17.739312585991428,-0.6187765179971543,4.0522626750540045,-16.368831074330245,1.7641995818130416,3.2644995365210874,-0.9246522736176006,0.0012285572055507343,0.00020262065319108372,0.3808104810609412,0.04396347659807542,-0.17393826200245768,0.11723573719451734,0.0002459862827208781,-0.001272573376809305,-0.022839543089503422,13942,305000000,2.62,0,2,2,-14.759190243648938,0.38633558969567816,3.2581472812238648,-14.759190243648938,0.38633558969567816,3.2581472812238648,204.4058482646942
-17.774804299263565,-0.6905920754040414,4.132232521764882,-16.390375835145026,1.726901682904295,3.2931920773675127,-0.923547009054125,0.001247749129634197,0.0003363183606298208,0.3834830531839045,0.04846091347314091,-0.17347554517944946,0.12098285298519407,0.00011825369199414126,-0.0010324800882699492,-0.025273431310779415,13942,584000000,2.96,0,2,2,-14.814320389668005,0.37112945589880453,3.288374589303028,-14.814320389668005,0.37112945589880453,3.288374589303028,204.74119806289673
-17.774804299263565,-0.6905920754040414,4.132232521764882,-16.411413191880733,1.6890973771822553,3.322874871325549,-0.9223263313250498,0.0012737096924640633,0.00044943247768237287,0.3864095162111582,0.05218986912139495,-0.1732883604473285,0.12536418542537567,-7.293121377927037e-05,-0.000925986654465305,-0.027297545602777973,13942,836000000,3.3,0,2,2,-14.862074691545024,0.3586695956537692,3.3151137732393194,-14.862074691545024,0.3586695956537692,3.3151137732393194,205.04304814338684
-17.80608919576169,-0.7626899800729106,4.2139499366921545,-16.435523988523325,1.6444724351129507,3.3588946465408567,-0.9207955678430281,0.0013098075873627009,0.0005604816699648226,0.39004293674545265,0.055779450309541526,-0.1729559039174985,0.1304372840968051,0.0003939697734267611,-0.0007587887694171513,-0.028774568818334956,13943,71000000,3.69,0,2,2,-14.91001881346609,0.3464612385423838,3.3426247803479976,-14.91001881346609,0.3464612385423838,3.3426247803479976,205.40637278556824
-17.833093406509576,-0.8349731623213645,4.297250351837313,-16.459476159446034,1.5997217047105785,3.39610109144005,-0.9193170249196905,0.0012760746179666493,0.0006128018570248717,0.39351518877962305,0.05217392337922526,-0.17313118936087285,0.13478987862256822,0.00022901812428699486,0.001536778825084184,-0.01610162598808529,13943,355000000,4.16,0,2,2,-14.96529317620385,0.33142971877435534,3.375994189184212,-14.96529317620385,0.33142971877435534,3.375994189184212,205.7525246143341
-17.833093406509576,-0.8349731623213645,4.297250351837313,-16.48278104875663,1.5635459113407264,3.429203187909816,-0.9191949697749886,0.0011045681723054366,0.00024400694273325632,0.39380112738554,0.026781159283048594,-0.17668103907734678,0.14041992542948895,-0.0015594539263474871,0.006838170975242974,0.016761566439527087,13943,624000000,4.61,0,2,2,-15.015094771037582,0.31074088730001076,3.4112950410179583,-15.015094771037582,0.31074088730001076,3.4112950410179583,206.06239914894104
-17.85575208989549,-0.9073430262727874,4.381966011250107,-16.514519981053137,1.5341152696298417,3.4639090620406727,-0.9211840370077992,0.0007283064541065457,-0.0009817024701090629,0.3891252700506388,-0.029511074685241223,-0.18374986442317215,0.14739928614758388,-0.0007134130328267929,0.01207848135891254,0.05860695273440797,13943,872000000,4.65,0,2,2,-15.049331608067092,0.2845489854284381,3.4435222954006965,-15.049331608067092,0.2845489854284381,3.4435222954006965,206.3766007423401
-17.874009580267376,-0.9796997785089396,4.467926308866648,-16.559351359984664,1.510562956895404,3.5031346435390334,-0.924614567533847,0.000218769775627643,-0.002341111284935074,0.38089680077671095,-0.0809090489776169,-0.1886997112019869,0.15296317138432874,-0.0006378752743785299,0.010046302486443892,0.07566057247458957,13944,113000000,4.09,0,2,2,-15.07526588875844,0.24998015018838587,3.477753191692611,-15.07526588875844,0.24998015018838587,3.477753191692611,206.7166392803192
-17.874009580267376,-0.9796997785089396,4.467926308866648,-16.625777477397275,1.49021672230297,3.553485301704907,-0.9294742385458123,-0.0001383393209154339,-0.003537501526420945,0.3688700405628855,-0.12478335803615614,-0.19069383451943595,0.15921403562699518,-0.0009071669524018944,0.005463717980092042,0.08433240873273462,13944,370000000,3.1,0,2,2,-15.096098109207468,0.20491990652567804,3.51704425555025,-15.096098109207468,0.20491990652567804,3.51704425555025,207.13882184028625
-17.887819513469868,-1.051942761218574,4.554958132087373,-16.689463020277735,1.4766614583670306,3.5991132949562736,-0.9336668571415103,-0.0002509363033477085,-0.003910922429817414,0.35812126660143173,-0.135488107229335,-0.18813873702789585,0.1633297438518432,0.0025239871320081875,-0.002420171131234383,0.06554178398801014,13944,696000000,1.7,0,2,2,-15.11500884946825,0.13754047304452538,3.5709398574764952,-15.11500884946825,0.13754047304452538,3.5709398574764952,207.4743332862854
-17.897144929015358,-1.1239707888274537,4.642886210402725,-16.740855237494408,1.4627797724345346,3.6389291628987497,-0.9356281404111658,-0.0001916286535191265,-0.003093255678251448,0.3529736221284979,-0.1080834669971219,-0.1839344681344442,0.1660558885354338,0.0017338761153951054,-0.009230165505869081,0.030864982181810774,13944,957000000,0.86,0,2,2,-15.126008627793329,0.08275568803844806,3.613505583965923,-15.126008627793329,0.08275568803844806,3.613505583965923,207.80175018310547
-17.90195834864297,-1.1956824870840976,4.731533468364684,-16.78869247221932,1.4417798963042319,3.682762292366192,-0.9364947571785943,0.00010185387855579978,-0.0017988951008865784,0.3506769501681125,-0.06668324891275024,-0.18094985768626587,0.16974043974130557,0.0011193991895197541,-0.0097339111562178,0.010742271570052253,13945,216000000,0.82,0,2,2,-15.139323621876796,0.035512296651112364,3.653748675084622,-15.139323621876796,0.035512296651112364,3.653748675084622,208.12981724739075
-17.90195834864297,-1.1956824870840976,4.731533468364684,-16.825846158581875,1.4168679583422197,3.7240911414843674,-0.9367357583637591,0.0003430886144741972,-0.0008138379352281866,0.3500361966435622,-0.03396685091733994,-0.17954323859492805,0.17389203502824419,0.0005767668824319117,-0.007161163375712931,0.0012486458217608742,13945,469000000,0.87,0,2,2,-15.161159662735287,-0.008016756846567054,3.69806707448186,-15.161159662735287,-0.008016756846567054,3.69806707448186,208.44621777534485
-17.902241831081568,-1.2669766335672648,4.820721382193131,-16.857554047891004,1.387521669750014,3.766460143488263,-0.9365968998733476,0.0005292570052366501,-0.00011735098141115547,0.35040826654547397,-0.007461449193486081,-0.17872695514027065,0.17816517078715016,0.0005060199725903658,-0.005084883241579519,-0.007552946908617741,13945,708000000,0.85,0,2,2,-15.187568741390887,-0.04179860616756366,3.739499874080602,-15.187568741390887,-0.04179860616756366,3.739499874080602,208.7774887084961
-17.897987002895686,-1.3377524985761562,4.9102703392989655,-16.884989583220424,1.354790390717233,3.8095562733849366,-0.9360905574833172,0.0006649016939980037,0.0003935413373129249,0.3517582567922544,0.013105945161505091,-0.1775524965951424,0.18055250718540633,0.00017291606155822592,-0.003847778543786262,-0.01601806070539169,13945,950000000,0.75,0,2,2,-15.218663322657685,-0.07090368502234626,3.7815847392271618,-15.218663322657685,-0.07090368502234626,3.7815847392271618,209.08577251434326
-17.897987002895686,-1.3377524985761562,4.9102703392989655,-16.910994921226145,1.3164421487721378,3.8569574835661866,-0.935147379601883,0.0008150596073373275,0.0008098185632301137,0.3542570511584251,0.03071345508746956,-0.17640888311534472,0.18365866303581763,-0.00042679673413204,-0.003124945078525343,-0.024662476425874047,13946,194000000,0.56,0,2,2,-15.253171905653895,-0.0965201921157008,3.82417576957099,-15.253171905653895,-0.0965201921157008,3.82417576957099,209.40210151672363
-17.88919506535624,-1.4079101853620766,4.999999999999998,-16.932359799231577,1.2790328091896874,3.901497844009373,-0.9339466407436252,0.0009773021500895968,0.0011123410996501572,0.3574094008577327,0.04346259101569436,-0.17509916146057697,0.1865008042834158,-0.00023457260738268815,-0.002527161518628418,-0.030797612998867407,13946,442000000,0.28,0,2,2,-15.293155362883073,-0.12136905735319109,3.8705947481529797,-15.293155362883073,-0.12136905735319109,3.8705947481529797,209.70385360717773
-17.88919506535624,-1.4079101853620766,4.999999999999998,-16.950213821769704,1.2435675239901267,3.9427325241914186,-0.9326499836229983,0.0010952616102609559,0.0013202794384898312,0.3607784158070303,0.052635886629640104,-0.17343747072486332,0.18769810684378413,-0.0007276393603206088,-0.001871914503226435,-0.0344493590091588,13946,685000000,0.33,0,2,2,-15.3315659252661,-0.14251077012509322,3.913900950854409,-15.3315659252661,-0.14251077012509322,3.913900950854409,210.00362014770508
-17.875876777341105,-1.4773509686611925,5.089729660701025,-16.966730874741955,1.207267202034168,3.9843056745667287,-0.9312034047490529,0.0012539225084085518,0.0014548837553068708,0.3644948970498389,0.06042866645278726,-0.1717646501279773,0.1892247066232019,-0.000593965762618609,-0.0014519797218781605,-0.037528062239289284,13946,916000000,0.72,0,2,2,-15.367513234191538,-0.1608368508959177,3.953970474050826,-15.367513234191538,-0.1608368508959177,3.953970474050826,210.30630230903625
-17.85805241433367,-1.5459776304919082,5.179278617806865,-16.98617252139784,1.1602493567984693,4.037439121338457,-0.929197246235052,0.0013974305172744388,0.0015693768964520644,0.3695782215354448,0.06844137135900893,-0.16905364322852184,0.1896240001488036,-0.0009996097219300282,-0.0009446622129871685,-0.040303899004356936,13947,135000000,1.19,0,2,2,-15.403839752605395,-0.1784172364918578,3.994202616111942,-15.403839752605395,-0.1784172364918578,3.994202616111942,210.63962578773499
-17.85805241433367,-1.5459776304919082,5.179278617806865,-17.001642403311156,1.119391067225976,4.0832305026246205,-0.9273592895519431,0.0015505694368375044,0.001601928414161723,0.37416544153822207,0.07458751280435712,-0.16698091435363024,0.1910094863271316,-0.0012042168691550614,-0.0006882247987505252,-0.04207109159324318,13947,401000000,1.85,0,2,2,-15.450143535486347,-0.20022662237451958,4.045930297912426,-15.450143535486347,-0.20022662237451958,4.045930297912426,210.94983506202698
-17.83575170365043,-1.6136947921872915,5.268466531635306,-17.018505850307015,1.0711246068967357,4.137233837346548,-0.9250858973513159,0.001722011682484113,0.0016214643562960408,0.3797505603034934,0.08109520934353985,-0.16451655278889327,0.19290394324266455,-0.0006492376655842236,-0.0004724034596392812,-0.04359342892712448,13947,641000000,2.44,0,2,2,-15.489618385362112,-0.21865138860328934,4.0907637599515105,-15.489618385362112,-0.21865138860328934,4.0907637599515105,211.31182217597961
-17.809013736091135,-1.6804092416428786,5.357113789597272,-17.033426741702083,1.0261536474378181,4.1876720497039015,-0.9230307565123741,0.0017968804129718714,0.001537420138260837,0.3847188974982825,0.07645576707441404,-0.1632046085496909,0.19478194301664678,-0.000798400526491605,0.004261829235474579,-0.026006165535363834,13947,934000000,3.16,0,2,2,-15.53523660139035,-0.24001528230220856,4.143501098587008,-15.53523660139035,-0.24001528230220856,4.143501098587008,211.64130210876465
-17.809013736091135,-1.6804092416428786,5.357113789597272,-17.049897393039604,0.9914315020110158,4.231306558884215,-0.9228419774466904,0.0014940969431395219,0.000653626368621774,0.3851753173675293,0.04409736864666074,-0.16617876008659455,0.20063231679607427,-0.000877819900324539,0.011174958490300924,0.01157627948487061,13948,187000000,3.8,0,2,2,-15.576313126015556,-0.2607456762541663,4.193403758440145,-15.576313126015556,-0.2607456762541663,4.193403758440145,211.93548226356506
-17.77788685426699,-1.746030254773022,5.445041867912624,-17.085814509746562,0.9508965326968463,4.297349327153449,-0.9248000420721815,0.000736732309562277,-0.0013236000310517459,0.380450505968586,-0.01875183784472422,-0.17193146405536713,0.21009401527497346,0.00033839486377473804,0.012547894675662974,0.04385579777590465,13948,414000000,3.88,0,2,2,-15.606826229294139,-0.2821767229836998,4.236796661013633,-15.606826229294139,-0.2821767229836998,4.236796661013633,212.33405351638794
-17.742428517923543,-1.8104699101848654,5.532073691133348,-17.121400708569467,0.9276434256410213,4.348522948418536,-0.9269863293654604,0.00020675333884803888,-0.0024535328256208985,0.3750870333659645,-0.05567618535715937,-0.17451385832455524,0.21501063061193867,0.00021774201854896091,0.008627605438960018,0.05162266606930643,13948,728000000,3.33,0,2,2,-15.637047274975654,-0.3267190451118214,4.302487748647624,-15.637047274975654,-0.3267190451118214,4.302487748647624,212.64351654052734
-17.742428517923543,-1.8104699101848654,5.532073691133348,-17.166014013135968,0.9074321779487728,4.405273652133652,-0.9296348798386306,-0.00011744859850862095,-0.00328826979606909,0.3684673169698901,-0.08464789864682529,-0.17518831916552766,0.21936404051402625,-0.0009632146429794375,0.005883941048523411,0.058783496206160635,13948,963000000,2.69,0,2,2,-15.650684378677173,-0.3687823411349546,4.353776928080747,-15.650684378677173,-0.3687823411349546,4.353776928080747,212.9567141532898
-17.702705146635417,-1.8736433960974619,5.618033988749897,-17.210692212371164,0.8919146958678958,4.458449840227902,-0.932288319647005,-0.0002447199424077131,-0.0038145795956870863,0.36169583650412906,-0.09688453721427848,-0.17307054316017095,0.22106442381357955,0.0017787521983336774,0.0003543183254350879,0.0516689626238076,13949,221000000,1.93,0,2,2,-15.658980147895992,-0.42044292171880315,4.410531209572402,-15.658980147895992,-0.42044292171880315,4.410531209572402,213.2859661579132
-17.65879194030898,-1.9354693085554475,5.702749648162684,-17.253607837725358,0.8756439294146836,4.511666562783309,-0.9337442640560368,-0.0001849280696169693,-0.003183623123985665,0.3579266400924407,-0.07688050394409837,-0.16864239264876615,0.22065208935456254,0.0015993546981007967,-0.009663541368354345,0.017271339675062336,13949,470000000,1.18,0,2,2,-15.663272225386809,-0.4708778149919783,4.463263761606844,-15.663272225386809,-0.4708778149919783,4.463263761606844,213.5982005596161
-17.65879194030898,-1.9354693085554475,5.702749648162684,-17.289798510614215,0.8545808621944644,4.564804071161505,-0.9337349647613742,0.00024212281406930708,-0.0016532626122772814,0.35796120415675375,-0.03474623774387502,-0.1646363064479486,0.22116804934485718,0.000920400924542264,-0.014176359854900511,-0.011759020435420098,13949,711000000,0.75,0,2,2,-15.668350568282186,-0.5197532673715615,4.515926736532794,-15.668350568282186,-0.5197532673715615,4.515926736532794,213.90335822105408
-17.61077267798752,-1.99586994001061,5.786050063307849,-17.31848638122907,0.827884451278957,4.618095132370624,-0.9329230005964433,0.0007131660785864636,-0.00017666380111657013,0.36007517984745135,0.0028488489111564174,-0.1614896872255382,0.22199198043328322,0.0007012809703610401,-0.01136480377681437,-0.023824382697057445,13949,943000000,0.66,0,2,2,-15.678603067837749,-0.5627254773502429,4.56811550634846,-15.678603067837749,-0.5627254773502429,4.56811550634846,214.21082663536072
-17.61077267798752,-1.99586994001061,5.786050063307849,-17.340964458687285,0.7965545464853554,4.671344422170993,-0.931736449311414,0.00107848621415324,0.0009030755213779941,0.3631324969575804,0.03306744148990935,-0.15833575278291778,0.2212382532254043,-4.027049982369135e-05,-0.008180306031135842,-0.030591081304010004,13950,182000000,0.9,0,2,2,-15.69384604711982,-0.6000763642853788,4.62005204834598,-15.69384604711982,-0.6000763642853788,4.62005204834598,214.51592993736267
-17.558739495509858,-2.054771557371984,5.867767478235115,-17.357185148953903,0.7646477852705562,4.7199938443350495,-0.930386571670808,0.0013972689784262885,0.0016277503994012407,0.36657362878783256,0.05530894227108353,-0.1553623324220889,0.2200641170716103,-0.0004985996383766178,-0.006342776941892225,-0.03604379999160301,13950,419000000,1.3,0,2,2,-15.712912664567925,-0.6330461438431139,4.672000906490418,-15.712912664567925,-0.6330461438431139,4.672000906490418,214.8142375946045
-17.502792642628673,-2.1121046686545992,5.947737324945999,-17.372155014778876,0.7241066813062957,4.7768734154328305,-0.9285200206597232,0.0017692182097335963,0.0022387560325710662,0.3712713685061374,0.0753619834835461,-0.15128689529757816,0.2165556618259284,-0.0013013704119657632,-0.004564826940622879,-0.04155214373895433,13950,646000000,1.77,0,2,2,-15.732817660515673,-0.6603713826713121,4.719673585462712,-15.732817660515673,-0.6603713826713121,4.719673585462712,215.12090253829956
-17.502792642628673,-2.1121046686545992,5.947737324945999,-17.38269533182022,0.6846777228561054,4.82865744105146,-0.9265545750628632,0.0021117481067351534,0.0025722314419543376,0.37614564144147605,0.09064324957336392,-0.14726942170439694,0.21372598162793716,-0.0017197646116073884,-0.0029394229386525694,-0.04584420385072008,13950,898000000,2.38,0,2,2,-15.758439193313373,-0.6899789134476745,4.775892570488838,-15.758439193313373,-0.6899789134476745,4.775892570488838,215.42991185188293
-17.443040220248328,-2.1678042773892896,6.025798554811811,-17.390565005363904,0.6437402313507536,4.8799025897582515,-0.9243839933461235,0.002417910543537354,0.002729185271786157,0.38144585212298404,0.10360112387178458,-0.14303341314204826,0.2112509619000107,-0.0012285568573133787,-0.001510574691110378,-0.04905077912553679,13951,144000000,3.02,0,2,2,-15.783345346170124,-0.7154257949461323,4.827626530311762,-15.783345346170124,-0.7154257949461323,4.827626530311762,215.74051332473755
-17.379597898493536,-2.221810123990574,6.101793962904207,-17.396595068151072,0.598119451433989,4.934600361810532,-0.9218805148043786,0.00263630344374534,0.00273954099297012,0.3874556248698865,0.11506167963955712,-0.13826244896165724,0.20757149595584892,-0.0015079533795869793,-0.00035656765646763233,-0.0509861005411949,13951,377000000,3.7,0,2,2,-15.808980044444649,-0.7395141404375908,4.879007058811581,-15.808980044444649,-0.7395141404375908,4.879007058811581,216.08176565170288
-17.379597898493536,-2.221810123990574,6.101793962904207,-17.40039712665261,0.5514725016726377,4.988498894465216,-0.9192545986587425,0.002851891741889638,0.0026506452060962877,0.393644285666943,0.12505443585844378,-0.13344652486018346,0.20480925289027735,-0.0015780479202476272,7.098557190943211e-05,-0.052328428500914015,13951,647000000,4.47,0,2,2,-15.836978837107932,-0.7646047253056607,4.934511907905035,-15.836978837107932,-0.7646047253056607,4.934511907905035,216.4406454563141
-17.31258861637016,-2.2740669133166804,6.175570504584945,-17.402665695773738,0.48941472427494054,5.058147213598914,-0.9157832208950893,0.0030382631908834044,0.0024394523628207565,0.4016539684304989,0.13172341456692313,-0.1279001006402442,0.2024461952134354,-0.0007544224274624867,0.0018598157680571603,-0.04675253585446626,13951,914000000,5.26,0,2,2,-15.864778516838598,-0.7890225976128209,4.98987550916097,-15.864778516838598,-0.7890225976128209,4.98987550916097,216.86179661750793
-17.242142263826878,-2.32452452769512,6.2469796037174685,-17.405184630504227,0.4359529092665467,5.119247334770733,-0.9134370972687227,0.00293012285884169,0.001857190459124628,0.40696515152641854,0.11332781351204677,-0.12763343464186955,0.204315519362803,-0.0005750961463490967,0.008685082593729021,-0.019894852630386595,13952,237000000,6.29,0,2,2,-15.9004382193195,-0.8203282060907424,5.061897518181437,-15.9004382193195,-0.8203282060907424,5.061897518181437,217.25887203216553
-17.242142263826878,-2.32452452769512,6.2469796037174685,-17.414031108088466,0.3956124612945983,5.173417657018259,-0.913109188402055,0.0023957090559954468,0.0005625218425330431,0.40770768229582827,0.07331826171699671,-0.13194353710996323,0.21041422639992322,-0.000195336882313768,0.012065008559147827,0.004288882928449311,13952,541000000,6.98,0,2,2,-15.931023250738539,-0.847638738468351,5.1249241017752984,-15.931023250738539,-0.847638738468351,5.1249241017752984,217.60277318954468
-17.168395347072096,-2.3731382247284643,6.315877451879424,-17.432920687437495,0.36061215404306984,5.233433991109767,-0.9137952336166112,0.0016905574360353282,-0.0008802113601721603,0.4061707008919767,0.02649021477280228,-0.13669833713345092,0.21615485694811784,0.0011602303288782423,0.010115285567735555,0.01744054607115686,13952,809000000,7.12,0,2,2,-15.956072997138168,-0.8717792945332918,5.179284489971664,-15.956072997138168,-0.8717792945332918,5.179284489971664,217.95874309539795
-17.091490638043396,-2.4198688192387743,6.382125297973731,-17.45792260565683,0.3349602027952502,5.29016370282511,-0.9148901289069491,0.001117824651409587,-0.0017791270220564365,0.40369745751455294,-0.00700840304510172,-0.13937825169182755,0.2189139944465476,0.0010497043717805354,0.006518143663925002,0.024001262318051886,13953,82000000,6.99,0,2,2,-15.976566810232622,-0.9028135252908132,5.238070141044855,-15.976566810232622,-0.9028135252908132,5.238070141044855,218.29628801345825
-17.01157680896766,-2.4646828487541175,6.445589727654782,-17.485554292770438,0.315661651754393,5.343049979608261,-0.9161776143000956,0.0007649929795661514,-0.0022937082589124923,0.400765184046156,-0.029354728057889006,-0.14009858405530012,0.220540244246984,0.0007233615747281874,0.004204617789582699,0.029430153699649964,13953,342000000,6.72,0,2,2,-15.985322402086851,-0.9406483243956583,5.293018169447984,-15.985322402086851,-0.9406483243956583,5.293018169447984,218.60930156707764
-17.01157680896766,-2.4646828487541175,6.445589727654782,-17.516019570281554,0.29941501495288353,5.396243065503149,-0.9177249523735715,0.0005376221926627982,-0.00265290052393645,0.3972072316462956,-0.04491644636934018,-0.13918299629779396,0.22142336895084097,0.0004069455883382034,0.0030640019758720882,0.0347082459484227,13953,589000000,6.38,0,2,2,-15.98492647909923,-0.9830780531533724,5.343965858754264,-15.98492647909923,-0.9830780531533724,5.343965858754264,218.9059693813324
-16.928808052987947,-2.5075527219881533,6.506142932007219,-17.550587787515315,0.28403203495753815,5.454000402552616,-0.9194749494353008,0.00037661577410788073,-0.0027971684703411246,0.3931384633561795,-0.04464936190447977,-0.13540475856784223,0.22070577793610338,0.002496438355592545,-0.0047022453600220615,0.020189027418382466,13953,824000000,5.95,0,2,2,-15.978338757197369,-1.0308382472012108,5.394847354085739,-15.978338757197369,-1.0308382472012108,5.394847354085739,219.22241020202637
-16.928808052987947,-2.5075527219881533,6.506142932007219,-17.57777821611593,0.26694713555523836,5.506645184772288,-0.919551804484218,0.0006635712734412874,-0.0015319092735222323,0.3929652552032571,-0.009808198641368598,-0.1280775877806956,0.2172743995050547,0.002119310602211044,-0.01441128842998296,-0.012243615856277756,13954,86000000,5.44,0,2,2,-15.968413116660724,-1.084487534182188,5.449605838853551,-15.968413116660724,-1.084487534182188,5.449605838853551,219.53034043312073
-16.84334369186872,-2.5484568498122657,6.563662964936059,-17.596877233825435,0.24405440243361903,5.558442023036935,-0.918471922032935,0.001233722102587327,0.0002761357729427529,0.3954841717640981,0.03501115646422918,-0.1202503806504462,0.21375386597413598,0.0011428839229665755,-0.015330501810240094,-0.029405118948488962,13954,331000000,5.42,0,2,2,-15.961698315213393,-1.1306844515428998,5.4995387568132,-15.961698315213393,-1.1306844515428998,5.4995387568132,219.8391134738922
-16.75534777182382,-2.5873797582702727,6.618033988749891,-17.608257894264963,0.2153631269441875,5.609264839508058,-0.9169008592911274,0.0018037185650619908,0.0017719597481974827,0.3991070294910635,0.07284333284319087,-0.11361438343353056,0.20908341463530325,0.00020637891822161691,-0.011614355025812984,-0.03533793533279095,13954,567000000,5.76,0,2,2,-15.95927135206892,-1.1717152869853797,5.548533132834376,-15.95927135206892,-1.1717152869853797,5.548533132834376,220.1491298675537
-16.75534777182382,-2.5873797582702727,6.618033988749891,-17.61327694447416,0.18194537720091994,5.658992345572181,-0.915115158764739,0.002319071464027664,0.0028437088906840564,0.40317586910215253,0.10361903920792295,-0.10693389012533108,0.20387808951117892,-0.0007416420032768656,-0.008304223774757702,-0.03832257352769375,13954,802000000,6.25,0,2,2,-15.960510218383945,-1.208087112822443,5.59658539066022,-15.960510218383945,-1.208087112822443,5.59658539066022,220.4574055671692
-16.664988648541065,-2.6243121832372855,6.669146507442605,-17.612949229138383,0.1448022665458565,5.707442242641686,-0.9131968088974777,0.0027705143009252656,0.003502149608539366,0.40749435262110245,0.12868149714636842,-0.0999718859077123,0.1975410752823285,-0.0010892774753301637,-0.004857755857301527,-0.040242375689558685,13955,39000000,6.81,0,2,2,-15.964407541040636,-1.2408347102361021,5.643896777457513,-15.964407541040636,-1.2408347102361021,5.643896777457513,220.77241969108582
-16.572438562504846,-2.659251146377299,6.7168975872037295,-17.608256436462977,0.10483452932902494,5.7542655787638175,-0.9111804444198032,0.003091309580582574,0.0037748249434996794,0.4119786307670007,0.1483749619134776,-0.09318138704909074,0.19004420612063908,-0.0011903182326022943,-0.0019472295548439433,-0.04146001665503718,13955,283000000,7.4,0,2,2,-15.970067246246469,-1.2708738988218478,5.690629213581336,-15.970067246246469,-1.2708738988218478,5.690629213581336,221.0877914428711
-16.572438562504846,-2.659251146377299,6.7168975872037295,-17.599048620572496,0.059059952032051714,5.80307226578734,-0.908931296029364,0.003324353074545746,0.0037940504275926117,0.41691540263747673,0.1660866034594116,-0.08577592330074943,0.18224125937686375,-0.0012368052011879627,-0.00019423991801659213,-0.041599645192036405,13955,527000000,8.01,0,2,2,-15.97697580586663,-1.2988200168425263,5.73665818608134,-15.97697580586663,-1.2988200168425263,5.73665818608134,221.41894936561584
-16.47787320574139,-2.692200012108084,6.761191063713476,-17.58504810313548,0.007492397866596655,5.853464354366073,-0.9065155187175189,0.003505114742419679,0.0036480406379181124,0.4221421801886824,0.1813883931582054,-0.07818417678874993,0.17405031641019228,-0.0012662911785810138,0.0008380144208786078,-0.040333810829906724,13955,794000000,8.67,0,2,2,-15.985247205052422,-1.3273605447625736,5.785793134633686,-15.985247205052422,-1.3273605447625736,5.785793134633686,221.75544023513794
-16.38147128113288,-2.7231685253367455,6.801937735804836,-17.564964890718386,-0.0535317185789118,5.908266272960001,-0.903857829282365,0.0036169498230054684,0.0033827055490781963,0.4278042770030671,0.1945869564332495,-0.07014286486476944,0.16486737215764047,-0.0007735380108897516,0.0012426487273842213,-0.03741179134522099,13956,56000000,9.37,0,2,2,-15.994591400920676,-1.3566133617004799,5.837731523871434,-15.994591400920676,-1.3566133617004799,5.837731523871434,222.18902134895325
-16.38147128113288,-2.7231685253367455,6.801937735804836,-17.541973526417042,-0.11561867241945101,5.960551879532517,-0.9015040305871407,0.0036305067714700635,0.003008964882329348,0.4327450154375656,0.19201895301866673,-0.06560758523130432,0.16018160440878443,-0.0008089753464446403,0.004628415445040446,-0.026177218569500837,13956,390000000,10.13,0,2,2,-16.00490817086907,-1.3888812426896542,5.896047910727715,-16.00490817086907,-1.3888812426896542,5.896047910727715,222.59751963615417
-16.283414055463837,-2.7521728297852173,6.839055545102901,-17.524127198860572,-0.16962781888202147,6.0092961474709945,-0.900252903637312,0.0033281616275786362,0.002090270772582372,0.43534958780371713,0.1596241149056991,-0.06846514024728545,0.162276837387021,-0.0007014305310804048,0.009238257825927576,-0.01102540445572231,13956,710000000,10.8,0,2,2,-16.01440164779494,-1.4203470480898681,5.953238101150018,-16.01440164779494,-1.4203470480898681,5.953238101150018,222.9821584224701
-16.183884907378264,-2.7792354667809693,6.872469741279472,-17.516652756941898,-0.20880386754581803,6.052253966841553,-0.8999408726438585,0.0028036247389255555,0.0009019483708572333,0.43600200908077213,0.11587960852832505,-0.07438176769004369,0.1657466001295958,8.87055499276812e-05,0.009804768706089817,-0.0016837977341310761,13957,7000000,11.19,0,2,2,-16.02223129200152,-1.449387025606159,6.00581583172155,-16.02223129200152,-1.449387025606159,6.00581583172155,223.32597732543945
-16.08306887143714,-2.804385354445228,6.902113032590306,-17.516835370299066,-0.2380532195327571,6.092478357575747,-0.8999853076471558,0.0023110160214767565,-1.3261399623071702e-05,0.43591410283258575,0.07852420196473021,-0.07877128973919613,0.1679636104125609,0.0009295224060679175,0.007423367787851021,0.003025633009201556,13957,273000000,11.33,0,2,2,-16.02807965825606,-1.474300630420461,6.050347616651917,-16.02807965825606,-1.474300630420461,6.050347616651917,223.6190733909607
-16.08306887143714,-2.804385354445228,6.902113032590306,-17.521815717790524,-0.2598904057626541,6.129657995212657,-0.9002402078584015,0.0019079755387095216,-0.0005746975911106925,0.4353890185880718,0.05179127232014104,-0.08094542356013032,0.169055889703504,0.0013066391716165526,0.005083598762212205,0.0071674700393487,13957,508000000,11.38,0,2,2,-16.032304674356638,-1.4973458042124144,6.090644488419208,-16.032304674356638,-1.4973458042124144,6.090644488419208,223.91877627372742
-15.981152179474375,-2.8276577472677515,6.927925721391707,-17.531040521679376,-0.2794230693170772,6.1703384080511485,-0.9007434892772659,0.0015548327438251997,-0.0009354754248369658,0.4343476417634657,0.0297199214102701,-0.08163087208484333,0.16912372732459413,0.0013801098816657031,0.003293144254712388,0.01202904413730721,13957,729000000,11.37,0,2,2,-16.03395150263745,-1.5196980705593932,6.126903872365583,-16.03395150263745,-1.5196980705593932,6.126903872365583,224.24156308174133
-15.878321800454078,-2.849094176114604,6.949855824363647,-17.54432679875546,-0.29661390913655655,6.2142395900404255,-0.9015786618938267,0.001249278298315669,-0.0011902243229419429,0.43261176485103936,0.011277052889033422,-0.08161393036536982,0.16798151897862568,0.0012558946423268935,0.002297048831678694,0.01695970458968077,13957,973000000,11.27,0,2,2,-16.03094829226477,-1.5477176034049056,6.1656505982694085,-16.03094829226477,-1.5477176034049056,6.1656505982694085,224.57369804382324
-15.878321800454078,-2.849094176114604,6.949855824363647,-17.5624537375162,-0.31252027006714983,6.264423072175125,-0.9027966790672985,0.000990180488201472,-0.001346331437112388,0.4300643709949934,-0.003484292201512848,-0.07977547064202135,0.16605119088094283,0.0011339503657836758,0.001354555615762365,0.020521405167528428,13958,230000000,11.08,0,2,2,-16.020874861788606,-1.5833614026598144,6.206653622420666,-16.020874861788606,-1.5833614026598144,6.206653622420666,224.96424412727356
-15.774764980033865,-2.8687423687722617,6.967859177197259,-17.580728187986367,-0.32463988787498027,6.3106663657418975,-0.9040567688921304,0.0008127910254200071,-0.0013778541361309888,0.4274094050311126,-0.009016199926198145,-0.07649558662029568,0.16334005492322815,0.0014513962469209218,-0.0007751868281502539,0.01883312925201608,13958,533000000,10.78,0,2,2,-16.002971581941264,-1.6289067254384855,6.252655158888875,-16.002971581941264,-1.6289067254384855,6.252655158888875,225.31660318374634
-15.670668781037511,-2.8866561511884625,6.981899523535869,-17.596818847417815,-0.33715710226519086,6.355735062347707,-0.9048790564039781,0.0008000802280020402,-0.0008458491550070824,0.4256671677405737,0.01716167280631223,-0.06773534334739437,0.15740990727517792,0.003030614425370004,-0.009317587318946607,0.0033281672813245677,13958,800000000,10.45,0,2,2,-15.985127460729146,-1.6713592259664014,6.294155063090299,-15.985127460729146,-1.6713592259664014,6.294155063090299,225.6847379207611
-15.670668781037511,-2.8866561511884625,6.981899523535869,-17.601025807935855,-0.3584156108942546,6.398612774417967,-0.9045233586836267,0.001268765270173944,0.0008721212060704548,0.42642129782057336,0.07798736232097683,-0.05337020052686699,0.14875863192500705,0.0017842661236500135,-0.01334155467702658,-0.011847031692013843,13959,88000000,10.24,0,2,2,-15.96905234257901,-1.7109227135497607,6.334139427207055,-15.96905234257901,-1.7109227135497607,6.334139427207055,226.04000067710876
-15.566219626035252,-2.9028953296266673,6.991948587990478,-17.59332469532783,-0.38697905394971344,6.4363405235123015,-0.9037193064864126,0.0017986741900333982,0.0023327970965602287,0.42811533248948397,0.12685471752315358,-0.04163090903450271,0.14050433782606347,0.0007247881114835764,-0.009959306680684676,-0.015086420808074763,13959,361000000,10.36,0,2,2,-15.955022927912816,-1.7471881751097609,6.372484345592532,-15.955022927912816,-1.7471881751097609,6.372484345592532,226.3903193473816
-15.461602843222426,-2.9175255540069984,6.997986133082629,-17.57654866052724,-0.42253576124026815,6.471942867697628,-0.9029181129899218,0.0021924995438063273,0.0032491391881694343,0.429794738538067,0.16544776474900605,-0.03194510233353425,0.13115923526542264,0.00020828879456757932,-0.005542749204323627,-0.012342271566012641,13959,621000000,10.62,0,2,2,-15.943123930214753,-1.7784843799460184,6.406593900591614,-15.943123930214753,-1.7784843799460184,6.406593900591614,226.74439334869385
-15.461602843222426,-2.9175255540069984,6.997986133082629,-17.550365139592653,-0.46681487293292895,6.507444182985323,-0.9023328916372806,0.002409810405254253,0.003711109808147894,0.43101713788120555,0.19748908079032262,-0.022560143726389436,0.1194581478171229,0.000547236271586371,-0.002156060554625583,-0.006665695400442928,13959,893000000,10.88,0,2,2,-15.931938273072554,-1.8079678547825453,6.439255351932755,-15.931938273072554,-1.8079678547825453,6.439255351932755,227.09874725341797
-15.357002216775566,-2.9306181627619963,7.0,-17.51749360233914,-0.5156771050838852,6.5396497083712655,-0.90210170065809,0.0024445663378059148,0.003874338157317603,0.43149917180574576,0.2213633670073797,-0.01477361997809334,0.10713242116219024,0.00027503306228027213,-0.00031696269218173256,-0.0008104675657705229,13960,170000000,11.09,0,2,2,-15.920139417014175,-1.8382227393919217,6.4728858914646175,-15.920139417014175,-1.8382227393919217,6.4728858914646175,227.4621603488922
-15.25259954285125,-2.9422500095898476,6.997986133082629,-17.474439741514953,-0.5749578772364213,6.572482899604362,-0.9022588613282899,0.0024075952559084388,0.003769984937664109,0.43117158748371975,0.2295929604519764,-0.010166729114430211,0.09575571423195878,-0.0004566982596543312,0.0027034954882765305,0.005671382632499444,13960,452000000,11.2,0,2,2,-15.908061306641907,-1.8673925746303608,6.504979877718662,-15.908061306641907,-1.8673925746303608,6.504979877718662,227.86637997627258
-15.148574192374907,-2.9525032725414264,6.991948587990478,-17.427782345245724,-0.6384564278787929,6.60637194730985,-0.9028901995426357,0.0021662473016102893,0.003043249732894793,0.4298550145962598,0.20217853033654198,-0.011763896373519479,0.09033683933859589,-0.0006500227982542128,0.006061515068722656,0.009998256155085983,13960,766000000,11.21,0,2,2,-15.893690581700968,-1.899729890680838,6.539768772435705,-15.893690581700968,-1.899729890680838,6.539768772435705,228.32218050956726
-15.148574192374907,-2.9525032725414264,6.991948587990478,-17.396063477243505,-0.6837134358943577,6.633535247068853,-0.9035869693616696,0.0018515950643240436,0.002177818472388463,0.4283951651246918,0.16521440093820744,-0.015176538544937368,0.08853103289875752,-0.0007118952169093973,0.006344389612422674,0.011609000921453116,13961,117000000,11.1,0,2,2,-15.876074954181504,-1.9352918956011969,6.576402407417261,-15.876074954181504,-1.9352918956011969,6.576402407417261,228.7267360687256
-15.045102681746993,-2.961465245929668,6.981899523535869,-17.372548152028003,-0.7203417631479477,6.660074677516425,-0.9043658691054566,0.001538790239394492,0.0013536778721010005,0.426753060302969,0.12468501262954246,-0.01871733845435859,0.08689665301451396,-0.00022687027865231357,0.005577564934355905,0.012402974971337244,13961,428000000,10.97,0,2,2,-15.8601023828552,-1.9644602655643244,6.604875110308333,-15.8601023828552,-1.9644602655643244,6.604875110308333,229.09335684776306
-14.942358252569695,-2.969228115601023,6.96785917719726,-17.3588193961322,-0.7451174981208158,6.682518519157967,-0.9050643505250862,0.0012743680488789062,0.0007666628622313124,0.4252720419011049,0.09242193804787438,-0.021048447471870107,0.08486559515726291,8.676681986230506e-05,0.00439432228631631,0.01297626486120862,13961,721000000,10.81,0,2,2,-15.842741006289922,-1.9933340755768436,6.631476685966913,-15.842741006289922,-1.9933340755768436,6.631476685966913,229.4362506866455
-14.840510461471446,-2.975888718158154,6.949855824363648,-17.350047516982816,-0.7643264800330248,6.704253631139035,-0.905809955327836,0.00104857976704031,0.00033978942445497535,0.42368279390671826,0.06685377798363515,-0.021521699256408403,0.08184902581514066,0.0004265012336190921,0.003138810438940709,0.01423648664058419,13961,984000000,10.66,0,2,2,-15.826405152018108,-2.0182093003826687,6.6529538999616795,-15.826405152018108,-2.0182093003826687,6.6529538999616795,229.76614665985107
-14.739724781076784,-2.9815482847712667,6.927925721391708,-17.344829916888813,-0.7790564012713622,6.7250512160308675,-0.9066360343133004,0.000858286689173127,5.945502556117609e-05,0.4219127410895657,0.04764427423712681,-0.02050662411452426,0.0779231766281356,0.0004668955313036349,0.002193395243921259,0.015672714289394207,13962,241000000,10.5,0,2,2,-15.809019253958668,-2.0429330271284747,6.67297167491257,-15.809019253958668,-2.0429330271284747,6.67297167491257,230.09578895568848
-14.739724781076784,-2.9815482847712667,6.927925721391708,-17.34185311571868,-0.7909386112629224,6.746190447132444,-0.9075898915047672,0.0006928068617240777,-0.0001449520460580672,0.41985722316749696,0.032322649283645095,-0.018117690920774032,0.07294918204595532,0.0006095533194638847,0.001582313757353404,0.016591431267443113,13962,504000000,10.3,0,2,2,-15.790392835825573,-2.0675918584912556,6.6914121533205355,-15.790392835825573,-2.0675918584912556,6.6914121533205355,230.46808171272278
-14.640162213137074,-2.986312170261556,6.902113032590307,-17.340281087113944,-0.8002875456523879,6.767178274060237,-0.9086454079940585,0.0005334218026601422,-0.0002488359534681805,0.41756816937257063,0.027205597101085093,-0.014130036404232469,0.06692424592955785,0.0010170132441089663,3.388407555926509e-05,0.016739662351028528,13962,788000000,10.06,0,2,2,-15.768953711239924,-2.0940904702896033,6.7094790869049215,-15.768953711239924,-2.0940904702896033,6.7094790869049215,230.84567761421204
-14.541978914802943,-2.9902895681847994,6.872469741279476,-17.335853547806774,-0.8104092908189854,6.786195566490426,-0.9096682144420609,0.00044599253214928474,-9.624456188236452e-06,0.41533545554385753,0.05299789989869258,-0.006363007974019341,0.059137122720991586,0.0017560065657562518,-0.0033693717796268174,0.015472660925297532,13963,77000000,9.78,0,2,2,-15.7445533798787,-2.1223573181385196,6.726839878023378,-15.7445533798787,-2.1223573181385196,6.726839878023378,231.24845147132874
-14.541978914802943,-2.9902895681847994,6.872469741279476,-17.323227044524028,-0.8254663984661857,6.800433407516527,-0.9104746943472404,0.0004910516888415504,0.0005804854201676439,0.4135640855517014,0.10018373492036252,0.003627179858255159,0.04997465917133828,0.0018178049117523187,-0.004908788332613767,0.015047120814415393,13963,386000000,9.51,0,2,2,-15.718802871693496,-2.150477563593103,6.742151613032776,-15.718802871693496,-2.150477563593103,6.742151613032776,231.61578226089478
-14.445325838981478,-2.993593212685567,6.839055545102902,-17.294314581200698,-0.8537639208426524,6.8135299568375505,-0.9114612170633478,0.0005736879224078434,0.0013442609789878083,0.41138341438855847,0.16441336939383747,0.01562854190882622,0.037263509657476004,0.001545194129448646,-0.0042411606045789085,0.017795351959648542,13963,653000000,9.3,0,2,2,-15.69535911060223,-2.174730188742088,6.753721523523296,-15.69535911060223,-2.174730188742088,6.753721523523296,232.0168821811676
-14.350348389681816,-2.9963390679327606,6.801937735804841,-17.248613690593423,-0.8954085490563205,6.823610677364799,-0.9127920261746822,0.0005954598740010619,0.0019096118439547191,0.40841977885756453,0.21368139775294942,0.02411797078828111,0.024861529916661275,0.0010906461739068618,-0.0022005914615874644,0.02376617212576093,13963,941000000,9.05,0,2,2,-15.666838699827265,-2.202668433614188,6.765037758079531,-15.666838699827265,-2.202668433614188,6.765037758079531,232.43233585357666
-14.257186093209897,-2.998646005985418,6.7611910637134764,-17.18302373101273,-0.9528980996144225,6.830988906174733,-0.914833091124245,0.0005500225543230833,0.0021320964417441577,0.40382615941022376,0.22832941024839007,0.027605666550043546,0.0132815916639794,0.0001680330683484499,0.0007534230235251016,0.028294538969930727,13964,274000000,8.71,0,2,2,-15.6350194849196,-2.23234021557963,6.774816058841783,-15.6350194849196,-2.23234021557963,6.774816058841783,232.933687210083
-14.165972286029167,-3.000635473973351,6.716897587203735,-17.125418675246774,-1.001722768723442,6.83448627029951,-0.9168132059283973,0.0004430692279359667,0.0019138570017207697,0.39931151533148923,0.2071390549902167,0.026524271906928732,0.005801116402084597,-0.00029682345541459654,0.002362042050663149,0.02974408052978106,13964,653000000,8.17,0,2,2,-15.595159649707757,-2.267451406383543,6.783118301105172,-15.595159649707757,-2.267451406383543,6.783118301105172,233.3401584625244
-14.076833820056732,-3.0024311515106303,6.669146507442607,-17.077790332777546,-1.0405514093797277,6.835515993555089,-0.918712903182884,0.00031133585149797254,0.0014945022157974428,0.39492312044041067,0.17206669680465803,0.024428385801796293,-0.0006434808658228417,-0.000469543965664343,0.003270519232501101,0.029646210714417975,13964,979000000,7.63,0,2,2,-15.557254965011394,-2.2987689782436,6.787180188600082,-15.557254965011394,-2.2987689782436,6.787180188600082,233.77583479881287
-14.076833820056732,-3.0024311515106303,6.669146507442607,-17.03848651401431,-1.0706733358522533,6.834368102863747,-0.9205374734783778,0.0001416125287315342,0.0009932470944628692,0.3906529832577061,0.13544282295792273,0.023313663893390582,-0.0073654731880115985,-8.058635145857806e-05,0.003327869717395515,0.02785576980386395,13965,303000000,7.11,0,2,2,-15.519917607611792,-2.328119427745352,6.788323058988854,-15.519917607611792,-2.328119427745352,6.788323058988854,234.19504594802856
-13.989890786116403,-3.0041585992905784,6.6180339887498985,-17.008372052415556,-1.0915736388225432,6.8312334222269575,-0.922094967610288,-2.7878520955040614e-05,0.0005688839488824835,0.38696323636958374,0.10598554294249973,0.023418257708957713,-0.013541653697220792,-0.0001500694679634762,0.0027001410899174516,0.024904287784011103,13965,621000000,6.6,0,2,2,-15.480825066486148,-2.357330878264695,6.786609488156066,-15.480825066486148,-2.357330878264695,6.786609488156066,234.59735441207886
-13.905256256218784,-3.005944899839202,6.563662964936061,-16.985193638012092,-1.1055867706843072,6.826710223236489,-0.9233618755743562,-0.0001483895499914115,0.0002643605373153997,0.3839306640916489,0.08354033857136585,0.024258542442856072,-0.01900919158297906,0.00013243480907476624,0.0020299786228861194,0.021921016741544008,13965,927000000,6.15,0,2,2,-15.442813499035768,-2.3845397489883076,6.782618686518323,-15.442813499035768,-2.3845397489883076,6.782618686518323,234.97007513046265
-13.823036045287,-3.0079182914293168,6.50614293200722,-16.96542193638825,-1.115378357619433,6.8204908633586285,-0.9244683456948082,-0.00026772686846813603,5.303593914747288e-05,0.3812587091697939,0.06787279529055468,0.026278226040736808,-0.025523064325987766,0.00037470139204742736,0.0013522838457902253,0.019498259644024074,13966,213000000,5.78,0,2,2,-15.40618694018845,-2.409758197651959,6.776896686718544,-15.40618694018845,-2.409758197651959,6.776896686718544,235.31690454483032
-13.743328492892093,-3.010207796180322,6.445589727654784,-16.948570186775743,-1.1219261183922116,6.812925267823171,-0.9253959492483972,-0.0003731780551594052,-4.395686598664223e-05,0.37900157772836623,0.06389103438854749,0.0292418883593809,-0.0327192914901529,0.000764677349707199,0.0005648814124015189,0.018659720080904663,13966,484000000,5.44,0,2,2,-15.36868587302216,-2.4347196127719153,6.769544804586103,-15.36868587302216,-2.4347196127719153,6.769544804586103,235.67314052581787
-13.743328492892093,-3.010207796180322,6.445589727654784,-16.92813844469578,-1.1295686141783168,6.8024607082028705,-0.9264270683046131,-0.0004886251664710464,-2.1151267872613185e-05,0.3764739671087366,0.08498111599958884,0.03404813814924424,-0.042068013989720744,0.000973708120000083,1.2313164488020334e-06,0.021792331972392276,13966,744000000,5.15,0,2,2,-15.333013659970689,-2.457684585877003,6.761170300157718,-15.333013659970689,-2.457684585877003,6.761170300157718,236.0625922679901
-13.666224265507282,-3.0129428433883514,6.382125297973728,-16.904249981380797,-1.1404679805619322,6.79129047937174,-0.9275092291131123,-0.0005925522475762689,3.7392676592910195e-05,0.3737997824954179,0.12191771881941608,0.03876822862850789,-0.050545055054611175,0.0010024964922195068,-8.265144799679547e-05,0.026654845896700863,13967,32000000,4.82,0,2,2,-15.293681057646408,-2.482213451294545,6.750404782517165,-15.293681057646408,-2.482213451294545,6.750404782517165,236.37638998031616
-13.591806179733467,-3.016252889148348,6.315877451879427,-16.855601941200305,-1.1670856432515702,6.772115270260525,-0.9295037887647035,-0.0007557477536632913,6.852664909960785e-05,0.36881178237888856,0.18974993534099158,0.044344219346682284,-0.06180188750301209,0.0008801377305189817,0.0004227553802138573,0.03600290619942825,13967,272000000,4.47,0,2,2,-15.259339258559072,-2.503019016858538,6.739847612082137,-15.259339258559072,-2.503019016858538,6.739847612082137,236.80389618873596
-13.591806179733467,-3.016252889148348,6.315877451879427,-16.794909602845134,-1.2033969919053946,6.750739587722623,-0.9317578268812545,-0.0008709734866676529,8.319459086927297e-05,0.3630793116240137,0.23589425643978795,0.04710649321677767,-0.07140883646998322,0.00039392029123064276,3.556907124391273e-05,0.04044505003548693,13967,603000000,3.84,0,2,2,-15.209476791594433,-2.5321934658852436,6.722494526090662,-15.209476791594433,-2.5321934658852436,6.722494526090662,237.22183895111084
-13.520149046890582,-3.0202670333435666,6.246979603717466,-16.730099223540027,-1.2428683584839868,6.728097864977337,-0.9339855390122236,-0.0009036963869217367,0.00013306518745671733,0.3573096395880502,0.25288831993428984,0.04746281360609723,-0.07836096273085023,9.710409543117748e-05,-0.00040595630252937553,0.041011137000168674,13967,925000000,3.14,0,2,2,-15.161513886744176,-2.5592775041186555,6.703856894825137,-15.161513886744176,-2.5592775041186555,6.703856894825137,237.61420965194702
-13.451319539310912,-3.0251136350888155,6.175570504584948,-16.65211822763902,-1.2892305766399847,6.698886212689889,-0.9365224903269866,-0.0008670709548321523,0.00020902119209469274,0.35060637417171936,0.23499295761433298,0.045955163373467334,-0.08406794947723686,-0.00021940598742276052,-0.0006535973454901978,0.03769522736547515,13968,231000000,2.45,0,2,2,-15.115627629891211,-2.584355816053209,6.68429678266238,-15.115627629891211,-2.584355816053209,6.68429678266238,238.06781911849976
-13.385376078610724,-3.030919927721646,6.101793962904203,-16.58927558273325,-1.324063372789926,6.6711020833645565,-0.9385378514126561,-0.0007950428948594404,0.00027126169318767985,0.3451753116745226,0.20402189646221838,0.0452297001106902,-0.08983769564100419,-0.00043333683379387367,-0.0004356709126795977,0.03465101835899986,13968,581000000,1.71,0,2,2,-15.059459179099472,-2.6140128340867608,6.658162386109483,-15.059459179099472,-2.6140128340867608,6.658162386109483,238.4745774269104
-13.322368746156728,-3.0378116344403696,6.025798554811814,-16.54052621334488,-1.3485000088526273,6.645172187914078,-0.9401419973205426,-0.0007425033233899909,0.0002831168958774612,0.34078203210817704,0.17513580457628192,0.045531979543845046,-0.0956221716521279,-0.00021751488930021878,-7.929535073003535e-05,0.031259025126928464,13968,906000000,1.23,0,2,2,-15.008680573547789,-2.6399080463764415,6.632565682215701,-15.008680573547789,-2.6399080463764415,6.632565682215701,238.84249138832092
-13.262339215882946,-3.045912585689532,5.9477373249459955,-16.494905014780798,-1.3682352560752546,6.615411243859964,-0.9416079621861279,-0.0007428227057624902,0.00026269833751830726,0.33671029795908936,0.14455699612027587,0.04676447306272699,-0.10301797452214856,0.00020066448485067667,0.0002132005761268374,0.026173252445005346,13969,195000000,1.03,0,2,2,-14.963505885090374,-2.6621979318747138,6.608204515010174,-14.963505885090374,-2.6621979318747138,6.608204515010174,239.21251463890076
-13.262339215882946,-3.045912585689532,5.9477373249459955,-16.452938324116367,-1.3826193545407472,6.581026261484814,-0.9428833954776832,-0.0007987083897059623,0.00022424711226832258,0.33312192108988475,0.11842985311294718,0.04878872566529191,-0.11208613560035963,0.00024246083967227605,0.00035420365804839093,0.021395476869656704,13969,488000000,1.08,0,2,2,-14.914634425151675,-2.685597094573631,6.580413904808896,-14.914634425151675,-2.685597094573631,6.580413904808896,239.60797810554504
-13.205320709553007,-3.0553443393919357,5.867767478235118,-16.42014039431438,-1.3909968380118032,6.548512051173161,-0.9438101628163111,-0.0008624160141046044,0.0001909724886755935,0.3304869079597183,0.10425983930303077,0.050680337520878624,-0.11963405148191653,0.00043689128972346225,0.0002603721441118978,0.01854520960478112,13969,798000000,1.28,0,2,2,-14.861926720438579,-2.7100834328149217,6.548582381922493,-14.861926720438579,-2.7100834328149217,6.548582381922493,240.00782203674316
-13.151337974501477,-3.0662258051218463,5.786050063307852,-16.38670908826677,-1.3977090594169372,6.511625002379459,-0.9446866438475789,-0.0009424150245848062,0.00016608836366246847,0.3279729092540637,0.10335809122819253,0.05219201906866829,-0.12624219597329173,0.00037317157932648115,0.0008655482702124573,0.017916091201186646,13970,94000000,1.5,0,2,2,-14.815473382884125,-2.7310751174146097,6.519033027404739,-14.815473382884125,-2.7310751174146097,6.519033027404739,240.39366793632507
-13.100407283827145,-3.0786728733062683,5.702749648162687,-16.350556428205756,-1.4059197858550885,6.472777253775614,-0.9456195465812096,-0.0010497255763701105,-2.1151598435510742e-05,0.32527307105318726,0.12499822898124051,0.052835583954400425,-0.13259892719118305,-6.201638456104774e-05,0.0026636806296664872,0.021830806144862436,13970,392000000,1.74,0,2,2,-14.76542132224484,-2.7530913481059645,6.485686076760205,-14.76542132224484,-2.7530913481059645,6.485686076760205,240.76047348976135
-13.100407283827145,-3.0786728733062683,5.702749648162687,-16.31308252654123,-1.4175306030895982,6.437593697521086,-0.946647431295418,-0.001183620799840846,-0.000413793520023243,0.32226862807060763,0.15905444177367553,0.05243499308439473,-0.13770200813335592,6.827602447856407e-05,0.0038669887544529047,0.027442470673122443,13970,678000000,2.04,0,2,2,-14.715302340125628,-2.774555064658723,6.450901372791745,-14.715302340125628,-2.774555064658723,6.450901372791745,241.1055884361267
-13.052536458950115,-3.0927980505305666,5.6180339887499,-16.256142410880518,-1.4400892111355958,6.392571233372822,-0.94821774738026,-0.001377447730542072,-0.0010155436867979079,0.31761639576992123,0.2081067773042895,0.05031075795086137,-0.1418994748160947,-0.00027329600698067225,0.00391178045902052,0.033312730374746025,13970,951000000,2.39,0,2,2,-14.67179048193811,-2.792755983241756,6.4194116998951865,-14.67179048193811,-2.792755983241756,6.4194116998951865,241.49034667015076
-13.007724914384157,-3.108710102010856,5.532073691133352,-16.188080479292445,-1.4712552975029074,6.346673287878382,-0.9499524444266343,-0.0014785899768846374,-0.0014965903565444915,0.31238746344379265,0.24454256291983478,0.04749698041779093,-0.14386348891981932,-0.0002999101781142599,0.0019599554434535094,0.03434834179643076,13971,259000000,2.97,0,2,2,-14.618230094465291,-2.8146516939208275,6.378925144668983,-14.618230094465291,-2.8146516939208275,6.378925144668983,241.92566180229187
-12.965963724516012,-3.126513702278765,5.445041867912634,-16.10895201711237,-1.509294064092531,6.296887709405599,-0.9517062963546031,-0.0014341712353631055,-0.001592496009871117,0.30700249606205177,0.2566578968760932,0.045582810914665775,-0.14774857773616987,-0.00044560118794834125,-0.0018083642771671293,0.030751407030038536,13971,594000000,3.65,0,2,2,-14.564736468735077,-2.8359681198235633,6.336645310461289,-14.564736468735077,-2.8359681198235633,6.336645310461289,242.34782338142395
-12.927235712123782,-3.1463090951045274,5.357113789597275,-16.039557124034236,-1.5419906998097175,6.251515204458688,-0.9530083808481837,-0.001226390917807181,-0.00117875541584915,0.3029391564887403,0.242229337315177,0.04556365721160484,-0.15369436224927088,-0.00044921244182205555,-0.00462161015093443,0.024995165767904837,13971,918000000,4.36,0,2,2,-14.508148116945117,-2.857949554245531,6.290119081425281,-14.508148116945117,-2.857949554245531,6.290119081425281,242.76644158363342
-12.927235712123782,-3.1463090951045274,5.357113789597275,-15.967822089858842,-1.5729705629258455,6.1975736773627945,-0.9541281769636003,-0.0009201963364870666,-0.00037442942148073217,0.2993967851621442,0.20675894065702508,0.04723154166739525,-0.16300911387141004,-8.979978360912355e-05,-0.005303978468873538,0.01866624461399624,13972,235000000,4.9,0,2,2,-14.458426601427568,-2.8768439099595633,6.247573412207562,-14.458426601427568,-2.8768439099595633,6.247573412207562,243.17795085906982
-12.891515558308496,-3.168191763661482,5.268466531635316,-15.909658900248472,-1.5943243580722177,6.14394441733608,-0.9549115108525235,-0.0007062678089532779,0.0003515311214398755,0.29688951489233095,0.1684347276494637,0.04949216193002395,-0.17136825662912114,0.0002311417915734637,-0.004372169178168406,0.013806112656311598,13972,557000000,5.4,0,2,2,-14.402255593639863,-2.8977859779393347,6.197134597518058,-14.402255593639863,-2.8977859779393347,6.197134597518058,243.6206407546997
-12.858769933455328,-3.1922521119096685,5.179278617806869,-15.863731923827327,-1.6072718642830834,6.091606695293858,-0.9554366439125861,-0.0006007568167777082,0.0008749962429304772,0.29519433080917357,0.134036785709378,0.051810047296685535,-0.17791533881847538,0.00046958306256783544,-0.002918334803325706,0.00931275080802152,13972,878000000,5.75,0,2,2,-14.34973298090989,-2.9170175778867633,6.147746273986065,-14.34973298090989,-2.9170175778867633,6.147746273986065,244.0136842727661
-12.828957648784899,-3.2185751581476683,5.089729660701035,-15.825341203068342,-1.6141147337436337,6.037285741674023,-0.9557578296946823,-0.0005901641088869801,0.0012024967724132266,0.29415162193186656,0.10458739963503816,0.05381283332931425,-0.18479567241411043,0.0006549323757099046,-0.0015364224736913457,0.004977234948455589,13973,194000000,6.0,0,2,2,-14.300833127125342,-2.934646213637979,6.099833978341687,-14.300833127125342,-2.934646213637979,6.099833978341687,244.4007625579834
-12.802029828000155,-3.2472402416509176,5.000000000000002,-15.79095511354927,-1.6162046847004143,5.976981721463339,-0.9559035263596716,-0.0006442627395640348,0.001361018747895012,0.2936770008812995,0.0841265178662364,0.05503492595113394,-0.19252640944569435,0.00040921366917245905,-0.00016120247039452806,0.0016020861266952124,13973,496000000,6.14,0,2,2,-14.249291557264584,-2.952977955904546,6.047473303488259,-14.249291557264584,-2.952977955904546,6.047473303488259,244.82534408569336
-12.802029828000155,-3.2472402416509176,5.000000000000002,-15.761222776133991,-1.6162880950452125,5.918280029412221,-0.9559684664312775,-0.0007359751752190051,0.001261933898113603,0.2934657681100292,0.08805080533480389,0.05408607634963941,-0.19863413617415274,0.00020293130802429005,0.0033695775982778287,0.003666231168608647,13973,815000000,6.28,0,2,2,-14.201510701846574,-2.969853090146496,5.996905043748675,-14.201510701846574,-2.969853090146496,5.996905043748675,245.2102973461151
-12.77793009848097,-3.2783207432808092,4.910270339298968,-15.731543024250591,-1.619776935016969,5.866273724870838,-0.9562088714470034,-0.0009418667076792788,0.0006574490445149199,0.2926828912217227,0.11967260249965847,0.050280528431732585,-0.20069980328311593,0.0002545979896240169,0.007225299714264111,0.0101871222796035,13974,105000000,6.35,0,2,2,-14.154288687149418,-2.9864497769821923,5.945117417168095,-14.154288687149418,-2.9864497769821923,5.945117417168095,245.55892205238342
-12.756594801426797,-3.3118838209127652,4.820721382193135,-15.68993558050063,-1.6317938110530326,5.810425798476987,-0.9567987271833552,-0.0012931513435962515,-0.0004867183997685205,0.290747805709885,0.17391971719382043,0.04351862150226745,-0.19813854478701773,-8.734653994535435e-06,0.00906492587091634,0.017475587446824647,13974,370000000,6.5,0,2,2,-14.113802832988958,-3.0006605100501194,5.899236458087782,-14.113802832988958,-3.0006605100501194,5.899236458087782,245.89781284332275
-12.737953220297717,-3.347990160492629,4.731533468364687,-15.64507474233637,-1.6499258324218389,5.763102346644679,-0.9574563342626938,-0.001546551836105463,-0.0014511639611341786,0.2885703905129912,0.2186444220775095,0.037418568018025726,-0.1953993439314258,-0.0005163290268228593,0.007417946699206368,0.019549609714886174,13974,638000000,6.81,0,2,2,-14.070660983565471,-3.0158223776931323,5.8485848350797704,-14.070660983565471,-3.0158223776931323,5.8485848350797704,246.24264216423035
-12.737953220297717,-3.347990160492629,4.731533468364687,-15.574689544129011,-1.6832205797438171,5.700735269334616,-0.9583098061507478,-0.0016324792740717204,-0.0022874429237839805,0.2857173744307589,0.2550557311550391,0.03109102015779603,-0.1934558116324397,-0.0014457369616138749,0.0010922182582362439,0.015661945144529454,13974,896000000,7.09,0,2,2,-14.031150229541923,-3.0297287144060685,5.800729997001475,-14.031150229541923,-3.0297287144060685,5.800729997001475,246.64080452919006
-12.721927826856154,-3.3866937434896096,4.642886210402729,-15.491362334129958,-1.7245798701376196,5.630262891131466,-0.9589348065674739,-0.0012761143713129492,-0.0018694031411009,0.2836175481478687,0.25076434742730136,0.02944028241638342,-0.1962901126790977,-0.0008369686270270904,-0.0068838169681839645,0.008062133929342963,13975,210000000,7.57,0,2,2,-13.98621842881458,-3.045659672405273,5.744401496315024,-13.98621842881458,-3.045659672405273,5.744401496315024,247.09334015846252
-12.708434544065298,-3.4280416314708004,4.5549581320873695,-15.426430555454761,-1.7557607376233102,5.570481171805188,-0.9591839024714777,-0.0008335928288113798,-0.0007573700343770448,0.2827807856860384,0.22108678078689023,0.031230203053690824,-0.20181109932907218,-0.0006215189728209225,-0.009435129322810099,0.003137928251817357,13975,561000000,7.89,0,2,2,-13.933291508179257,-3.064657213348115,5.675238452776212,-13.933291508179257,-3.064657213348115,5.675238452776212,247.49190211296082
-12.697383025056535,-3.4720737684766467,4.467926308866652,-15.371157097481577,-1.7795844769675986,5.508636517926732,-0.9592319984034141,-0.0004143538915940386,0.0005479889031172702,0.2826190037099538,0.17460636283388853,0.034601409042510106,-0.21030534993731437,0.00027996669302865484,-0.00854029085530783,-0.0008532107756309415,13975,864000000,8.04,0,2,2,-13.890005431777112,-3.080450972815592,5.616398842851583,-13.890005431777112,-3.080450972815592,5.616398842851583,247.88766598701477
-12.688676947336305,-3.518822801829515,4.381966011250103,-15.322227937538925,-1.7963590538425076,5.435538208514837,-0.9591094754832155,-0.00016076748400984167,0.0016586008681544308,0.28303045284083383,0.12225116126201845,0.03777321773157878,-0.220088079768234,0.0004654380120427959,-0.00489287162963592,-0.004201275487503153,13976,171000000,8.11,0,2,2,-13.847482452017056,-3.0963008934434817,5.5563323788484675,-13.847482452017056,-3.0963008934434817,5.5563323788484675,248.3334379196167
-12.688676947336305,-3.518822801829515,4.381966011250103,-15.290023824720008,-1.8032542940371776,5.368401904787485,-0.9588808236115179,-0.00010707382301414757,0.002137892548684686,0.2838009585268232,0.08374830347548194,0.039425989518016305,-0.22801432073668,0.0006426170671147702,-0.0018950004346152127,-0.006898784886288922,13976,511000000,8.11,0,2,2,-13.80034906889276,-3.1143201634223194,5.487179493934463,-13.80034906889276,-3.1143201634223194,5.487179493934463,248.72114181518555
-12.682214321363698,-3.5683139219579116,4.297250351837317,-15.267684359383763,-1.8043599339499345,5.303699372719443,-0.9585554957632466,-0.00015908756906652419,0.0022827727041295253,0.2848966921219037,0.05440926389644507,0.04010497203925372,-0.23396499603400756,0.0006706839656089869,-0.0004294703160212521,-0.009483977919444442,13976,814000000,8.07,0,2,2,-13.75972492481704,-3.130252310835096,5.425471360755523,-13.75972492481704,-3.130252310835096,5.425471360755523,249.07519841194153
-12.67788781259312,-3.6205647217681536,4.213949936692151,-15.251277573467526,-1.8015275768359755,5.2377580121275065,-0.9581352547325915,-0.0002328782876217393,0.00229494046170665,0.2863066758818108,0.035926573347629845,0.0395924216585973,-0.237137803740389,0.00018773610861444467,0.000994055528735771,-0.010969015511363978,13977,96000000,7.95,0,2,2,-13.719986210894387,-3.1463715930473213,5.363091211832706,-13.719986210894387,-3.1463715930473213,5.363091211832706,249.41104674339294
-12.6755850760423,-3.675585076042296,4.132232521764886,-15.23863850813648,-1.798714991055977,5.180715275288306,-0.9577679181851237,-0.00033045516778781793,0.002051603953797546,0.2875348615662681,0.046049124941423526,0.036072172333294975,-0.2377131106362526,0.0008279708197278524,0.006143502059785533,-0.008599235297879204,13977,358000000,7.88,0,2,2,-13.686291866319118,-3.1606001651688094,5.308412608907489,-13.686291866319118,-3.1606001651688094,5.308412608907489,249.7230794429779
-12.6755850760423,-3.675585076042296,4.132232521764886,-15.220029277563365,-1.801703701084469,5.124133151849779,-0.9575870152403527,-0.0007431405402308796,0.0008908077823597774,0.28814191372777503,0.0958361393638842,0.02784510523615813,-0.23424643754595692,0.0008508470727974782,0.012505221366154728,-0.0028624885317185544,13977,599000000,7.79,0,2,2,-13.65583488832819,-3.173902931943486,5.257746269196775,-13.65583488832819,-3.173902931943486,5.257746269196775,250.03905749320984
-12.675189102414187,-3.7333770412873593,4.052262675054001,-15.191777046090696,-1.8136425878367224,5.068447594046826,-0.957543488812981,-0.001217331387404306,-0.0005190956004023813,0.2882858228840177,0.1514040644936127,0.018898167602344407,-0.22972707422696037,0.00031405436686782195,0.011138828813272994,-0.00032513235055375844,13977,846000000,7.81,0,2,2,-13.62595867386677,-3.1874284391544667,5.206773921582403,-13.62595867386677,-3.1874284391544667,5.206773921582403,250.3543484210968
-12.676578574772654,-3.7939347764051536,3.9742014451881893,-15.13702485352213,-1.844238903733019,4.991615989841077,-0.9575105361267346,-0.0016065747777944167,-0.0018674486441433073,0.2883877680473599,0.21270084958010155,0.00862691519547964,-0.2210721515245539,-0.0003811427404798451,0.006106622231527581,-0.002317591111022921,13978,82000000,7.9,0,2,2,-13.596664650141436,-3.20121142099736,5.155441876479007,-13.596664650141436,-3.20121142099736,5.155441876479007,250.79031205177307
-12.676578574772654,-3.7939347764051536,3.9742014451881893,-15.07408560142339,-1.8839522566264943,4.921693607444121,-0.9573254044844447,-0.0016579352800298105,-0.0024251738820174843,0.28899730052535644,0.2467714868095058,0.00204364874179896,-0.2145667558794866,-0.0009128926876655896,-8.901765486402091e-05,-0.00623440269009734,13978,420000000,8.01,0,2,2,-13.556196104587794,-3.221115897571341,5.082439783030555,-13.556196104587794,-3.221115897571341,5.082439783030555,251.23530530929565
-12.679628234745822,-3.8572444844957245,3.8982060370957994,-14.999616734598753,-1.933239919263797,4.844482743112848,-0.9568992790426962,-0.0012338698205165738,-0.0017739723588770344,0.2904119494010255,0.23585925423230436,0.0007300254869710421,-0.21405323880776955,-0.001431748501090624,-0.010135102547792485,-0.010341332745156251,13978,751000000,8.03,0,2,2,-13.519236696833346,-3.2402285435226,5.013612804997455,-13.519236696833346,-3.2402285435226,5.013612804997455,251.69011616706848
-12.684209257207828,-3.9232843760496774,3.824429495415055,-14.936013586441653,-1.97489657584833,4.766298968281767,-0.9563084732776224,-0.00048509828416514296,0.00013264276108337388,0.29235911311771234,0.1827084094204492,0.003819929076206799,-0.22030024152036773,-0.0003649979532838188,-0.011681132127705496,-0.011975804500252707,13979,103000000,7.91,0,2,2,-13.478943130057424,-3.262245449505677,4.935983101226029,-13.478943130057424,-3.262245449505677,4.935983101226029,252.15094375610352
-12.690189632369744,-3.9920246537263036,3.753020396282537,-14.896011161429783,-2.000047637225797,4.699279516433047,-0.9557703022174023,-5.39129128332204e-05,0.0015317877040933324,0.2941101496362929,0.13252499609749413,0.006039088393586094,-0.22676927026000526,0.0004996304028281884,-0.007829040532669751,-0.0124631573271472,13979,465000000,7.68,0,2,2,-13.440048474273269,-3.285001873277537,4.85828986938965,-13.440048474273269,-3.285001873277537,4.85828986938965,252.5529956817627
-12.697434554193253,-4.063427518855471,3.684122548120576,-14.870955287484946,-2.014992426546416,4.639724604421909,-0.9552851782383311,9.993647805154986e-05,0.0022736496289814502,0.295677271308135,0.09246027206756018,0.006812688306159405,-0.23176633101239932,0.0008404464153954905,-0.0041762688852031715,-0.012669882562477142,13979,774000000,7.49,0,2,2,-13.408686595132092,-3.3045661315361916,4.793569151693936,-13.408686595132092,-3.3045661315361916,4.793569151693936,252.88931512832642
-12.705806814026612,-4.137447199741401,3.6178747020262745,-14.85372339141622,-2.0246461850464987,4.5790216639483186,-0.9547966895770431,0.00011958852887050957,0.0026424606166765745,0.2972478505779187,0.059035354837203145,0.006186160892882603,-0.2356162451799321,0.0004719347373338678,-0.0016468351532239467,-0.012679365408985177,13980,32000000,7.35,0,2,2,-13.382273631868044,-3.3221264427297754,4.737402916628094,-13.382273631868044,-3.3221264427297754,4.737402916628094,253.21895909309387
-12.705806814026612,-4.137447199741401,3.6178747020262745,-14.843116027502473,-2.0302067430779287,4.517394122625324,-0.9543038788922595,0.0001128723256739884,0.002744308734844658,0.2988253047527824,0.03188986927126809,0.004276324517416563,-0.2387663068988652,0.00017886517014176206,-0.00010195332080797925,-0.01268076730411849,13980,292000000,7.22,0,2,2,-13.356493493410017,-3.3402247983451563,4.68144257745154,-13.356493493410017,-3.3402247983451563,4.68144257745154,253.53816771507263
-12.715167198351548,-4.214030001786824,3.5544102723452182,-14.83790780229191,-2.032743503623837,4.450149470970763,-0.9537760251676245,0.00010056819041341972,0.00269259004344831,0.3005062955419465,0.007959790490506644,0.0016016594339160102,-0.24111844426454915,-0.00013444252857652828,0.0006280508330291923,-0.01245203020516783,13980,547000000,7.1,0,2,2,-13.33104349441219,-3.3591685822689246,4.625606136271336,-13.33104349441219,-3.3591685822689246,4.625606136271336,253.88229894638062
-12.725374889521806,-4.293114379395578,3.4938570679927814,-14.837577642474677,-2.0327395360227736,4.392247927944987,-0.9533291712550179,7.23490149566442e-05,0.0025438680784645915,0.3019221998049163,0.0004138640714658278,-0.0012920542333678022,-0.240696256079418,0.0004282273806666126,0.00400037934014108,-0.012455408432288095,13980,824000000,6.98,0,2,2,-13.304154989942283,-3.380480788841695,4.56562577887959,-13.304154989942283,-3.380480788841695,4.56562577887959,254.1938557624817
-12.725374889521806,-4.293114379395578,3.4938570679927814,-14.833989525322258,-2.036733215689395,4.330287886994077,-0.9528224543501793,-0.00027326729921201313,0.0015903091333482767,0.3035239145898461,0.0431879081089,-0.008914265904317325,-0.23546569092450903,0.0010325432299396198,0.011544785684236558,-0.014118833132670261,13981,72000000,6.88,0,2,2,-13.281827421890755,-3.39911985793037,4.514593219824341,-13.281827421890755,-3.39911985793037,4.514593219824341,254.51907777786255
-12.736287868369429,-4.3746310295518915,3.4363370350639415,-14.82236177510379,-2.0485127265245167,4.279320919938759,-0.9522998890195065,-0.0007721659573507432,0.0002274945097655462,0.30516269984946987,0.10030925619216843,-0.017031900391034326,-0.22831410716171158,0.00022631276550555413,0.012942033936269581,-0.016664210306771565,13981,326000000,6.82,0,2,2,-13.25843257004862,-3.419678657038112,4.459731181581984,-13.25843257004862,-3.419678657038112,4.459731181581984,254.8211271762848
-12.74776331755322,-4.4585030069142375,3.381966011250108,-14.797829864734211,-2.072745130639665,4.221135428353128,-0.9515946883746473,-0.0011845210489502482,-0.0010828368860681863,0.3073515469805225,0.15783461262058163,-0.02456254731631503,-0.21903923088772315,-0.00011759751288309417,0.008338570569321746,-0.01931310980580747,13981,555000000,6.79,0,2,2,-13.239312308280864,-3.437284243645559,4.413823293054795,-13.239312308280864,-3.437284243645559,4.413823293054795,255.14012551307678
-12.74776331755322,-4.4585030069142375,3.381966011250108,-14.757979356799579,-2.1120955371204637,4.156945398686235,-0.9505699229528366,-0.0014377223206718378,-0.001952099341978146,0.31050111729287844,0.20859634915345118,-0.03173480330838967,-0.2074801791378083,-0.00010019128779958919,0.004573264959617518,-0.025289196855737828,13981,799000000,6.72,0,2,2,-13.21746855809299,-3.458528382505985,4.360072359797411,-13.21746855809299,-3.458528382505985,4.360072359797411,255.52302980422974
-12.759658024525407,-4.544645860202418,3.3308534925573956,-14.70284376718184,-2.167294388444759,4.088121804634447,-0.9491093875839172,-0.0014667099637251033,-0.0022604591279855512,0.3149350877347496,0.23598395630466942,-0.03606430847655025,-0.19639839143687352,-0.0007975145763339242,-0.002825378601301054,-0.02820474073814694,13982,104000000,6.55,0,2,2,-13.193157633728442,-3.4837129706099397,4.298698430141738,-13.193157633728442,-3.4837129706099397,4.298698430141738,255.9707372188568
-12.771828782997277,-4.632967789596851,3.283102412796267,-14.647204976494644,-2.224723704754626,4.021993593480681,-0.9476270497772019,-0.0010586915119886221,-0.0013587178925432465,0.3193744003337266,0.2183198616029663,-0.0369207678875426,-0.19321461450182792,-0.0005133428487624769,-0.00996847029455239,-0.025174855727527756,13982,456000000,6.14,0,2,2,-13.165222165518047,-3.514930634411797,4.226159544207334,-13.165222165518047,-3.514930634411797,4.226159544207334,256.38397455215454
-12.784132791792203,-4.7233698248109635,3.238808936286525,-14.604958746613827,-2.2719458712319307,3.959474499337761,-0.9464420477421779,-0.00044692628959234077,0.00023917178371244357,0.3228733394372202,0.1678528448226212,-0.037269189091674926,-0.19734347116154022,-0.000388492122738171,-0.010651719276211224,-0.020990450866520405,13982,780000000,5.78,0,2,2,-13.141403522233897,-3.543782099928456,4.162497266913047,-13.141403522233897,-3.543782099928456,4.162497266913047,256.81840467453003
-12.784132791792203,-4.7233698248109635,3.238808936286525,-14.577144594674698,-2.308784136867259,3.8955582182298016,-0.9454242715789565,5.312153829200683e-05,0.0015240677343075432,0.32583833584316446,0.11281662373444598,-0.03856402065388775,-0.20208852096305555,-0.0002575974804130965,-0.006336955402730382,-0.018424098561808933,13983,112000000,5.38,0,2,2,-13.118533302736772,-3.573591209267788,4.099885014883056,-13.118533302736772,-3.573591209267788,4.099885014883056,257.2086772918701
-12.796428049985627,-4.815746023439489,3.198062264195161,-14.564350501296147,-2.3318215501851776,3.842706465405837,-0.9446757521049188,0.0002843176280738184,0.0020496009755750066,0.3279991489079398,0.07525417609176746,-0.04028248675791813,-0.20444892665063788,-0.00038890753728537675,-0.003057915682802559,-0.016072794278443325,13983,422000000,5.08,0,2,2,-13.096534974392732,-3.6042618007232345,4.038502612220031,-13.096534974392732,-3.6042618007232345,4.038502612220031,257.5666103363037
-12.808573747245086,-4.909983689128907,3.1609444548970993,-14.558833773760705,-2.349824676131265,3.789543219622776,-0.9440644805429725,0.00042155054455321125,0.002271038583668044,0.32975281842012655,0.04454343368194437,-0.04233275833551353,-0.20472792494703967,-0.0003218187146103446,-0.0011446360417721735,-0.012357969444565242,13983,689000000,4.94,0,2,2,-13.07927053208842,-3.6298601877286516,3.9895406895907506,-13.07927053208842,-3.6298601877286516,3.9895406895907506,257.8956837654114
-12.820430648300832,-5.005963609060587,3.127530258720525,-14.55937001710296,-2.363926810484908,3.7364245901104085,-0.9436173216849223,0.0004899528156810652,0.002311892784881296,0.3310298556235728,0.01983855771671216,-0.045400987451862954,-0.20400611141651045,-0.0003296277498066047,5.11830922533818e-05,-0.0085674430920335,13983,938000000,4.87,0,2,2,-13.062065800942147,-3.656643923651086,3.941387264965551,-13.062065800942147,-3.656643923651086,3.941387264965551,258.25902104377747
-12.820430648300832,-5.005963609060587,3.127530258720525,-14.566249770575096,-2.3766725408206577,3.675438866756746,-0.943280041191977,0.0005295277833400932,0.002205832591990143,0.3319903881014704,-0.0025987548958999163,-0.049932798229318426,-0.2025327748815641,-0.0006076479678540636,0.0008671350144595635,-0.004953038842359092,13984,211000000,4.87,0,2,2,-13.044469103645628,-3.684825123769543,3.8942484895428238,-13.044469103645628,-3.684825123769543,3.8942484895428238,258.63780999183655
-12.831861470496921,-5.103560310182758,3.0978869674096936,-14.576167212886917,-2.3860709795276,3.623059642362287,-0.9430754883201176,0.0005447544339530679,0.0019495763423343444,0.33257258715123156,-0.0004076099514259388,-0.05420732867920097,-0.1988171490482756,-0.0009382941641433717,0.0053218245739117265,-0.00861092448758427,13984,498000000,4.92,0,2,2,-13.024209667971174,-3.7185766074186706,3.841147342729411,-13.024209667971174,-3.7185766074186706,3.841147342729411,259.0063190460205
-12.842731253395911,-5.2026423335747065,3.0720742786082926,-14.580438284081112,-2.402960935867199,3.568839593693751,-0.9423721084455565,0.00028591575829560147,0.0008277330737087637,0.3345654529894171,0.056131991642841425,-0.058871914004009575,-0.1881701849052266,-0.0008762401364492689,0.010547022611717694,-0.022763935521652456,13984,767000000,5.0,0,2,2,-13.007380963484199,-3.7484450656826764,3.7961825134311384,-13.007380963484199,-3.7484450656826764,3.7961825134311384,259.3665473461151
-12.852907719435574,-5.303072526274943,3.050144175636353,-14.572112367223607,-2.4303389328148066,3.521512514940744,-0.9411051856225889,-6.94118780085796e-05,-0.00047913123264016185,0.3381135832963904,0.12249188241783675,-0.06313464008628517,-0.17643977256858825,-0.0006167569097215164,0.009175922059512231,-0.03363669056852814,13985,42000000,5.12,0,2,2,-12.990170320395046,-3.7811942155430214,3.748838965575849,-12.990170320395046,-3.7811942155430214,3.748838965575849,259.7147240638733
-12.852907719435574,-5.303072526274943,3.050144175636353,-14.54872418399682,-2.475353800802507,3.470521652301753,-0.9391840381512949,-0.000347069048264461,-0.0014637963807384395,0.34341094817297024,0.18510361812486942,-0.06694616102046229,-0.16289386171488857,-0.0004382187796636572,0.004769835231854813,-0.041628260441939346,13985,305000000,5.22,0,2,2,-12.974992623093106,-3.8120272070264174,3.7060226020195457,-12.974992623093106,-3.8120272070264174,3.7060226020195457,260.10034227371216
-12.86226162466454,-5.404708349855923,3.0321408228027407,-14.514200805382197,-2.5318559918350796,3.4236343117297707,-0.9368466356228891,-0.0004809250486952836,-0.0019157713160728655,0.34973487079991866,0.2313612875782244,-0.06866674850819689,-0.14820072839640341,-9.181668758628803e-05,0.0020180136743874755,-0.04860975459450856,13985,604000000,5.31,0,2,2,-12.958308479289714,-3.84822922712772,3.6580308789279132,-12.958308479289714,-3.84822922712772,3.6580308789279132,260.48516511917114
-12.870667098614804,-5.507402204979655,3.018100476464131,-14.469795639060223,-2.600257131746785,3.3782914754384765,-0.9340377080040017,-0.0005248553552370437,-0.001916339316124407,0.3571688846989791,0.2470556054940986,-0.06848384583225012,-0.13595151294176497,0.00033869511071316083,-0.0038851100271131145,-0.0465329438156914,13985,900000000,5.41,0,2,2,-12.942368080494482,-3.8853097673610857,3.611571225322149,-12.942368080494482,-3.8853097673610857,3.611571225322149,260.90558886528015
-12.87800197240249,-5.61100177112331,3.0080514120095225,-14.424260402943363,-2.67537754744449,3.3300696936934995,-0.9313140755421974,-0.00019238960438200777,-0.0008629845075621204,0.3642160223561861,0.21212395393176178,-0.0705716640410481,-0.1326753826300659,0.00018758670989882376,-0.008212504053517478,-0.03583324287319556,13986,232000000,5.57,0,2,2,-12.926110361846725,-3.9256423989603895,3.563799299386584,-12.926110361846725,-3.9256423989603895,3.563799299386584,261.3601562976837
-12.87800197240249,-5.61100177112331,3.0080514120095225,-14.39631363669707,-2.733189198605861,3.2874195692075645,-0.9294095238867572,0.00026810356047467465,0.0002592174931390948,0.3690498581971859,0.16160051538583717,-0.07464227658323017,-0.1338475307895008,-0.0005665481864980393,-0.0064939937146846205,-0.029955627178424038,13986,580000000,5.74,0,2,2,-12.908577309779522,-3.9723374595404963,3.5123233297661387,-12.908577309779522,-3.9723374595404963,3.5123233297661387,261.76847672462463
-12.884148094184555,-5.71535036061986,3.0020138669173706,-14.383559334857798,-2.772784375660267,3.252546094854319,-0.928039486181107,0.0005908974339740568,0.0008430768415539847,0.3724804050555796,0.1212233497708262,-0.07835671507458226,-0.13448185598724885,-0.0006607191664897982,-0.003922438872905332,-0.02598216069600312,13986,900000000,5.93,0,2,2,-12.893549110998364,-4.014949315981967,3.468645740593092,-12.893549110998364,-4.014949315981967,3.468645740593092,262.11666917800903
-12.888991631137213,-5.8202872861178125,3.0,-14.378869365710429,-2.80397944759144,3.2204067255190547,-0.926984801276384,0.000798509149155811,0.001125712245703593,0.3750963520985787,0.08909514958603301,-0.08168187031764837,-0.13379641427082672,-0.0008451910673556995,-0.0019731352949747816,-0.020904684242850635,13987,174000000,6.15,0,2,2,-12.881692807946072,-4.050459894403753,3.4346477106772575,-12.881692807946072,-4.050459894403753,3.4346477106772575,262.432505607605
-12.892423357163015,-5.92564824052489,3.0020138669173706,-14.380188710675409,-2.8331663975308916,3.185938096288695,-0.9261404330572722,0.000972031040362877,0.0012296769131381127,0.3771756106998887,0.06162691492979575,-0.08608548522143647,-0.1317932769917539,-0.0010511450113881438,-0.0006692205374747573,-0.014032786475581815,13987,414000000,6.37,0,2,2,-12.870969559362194,-4.084029920976513,3.4044838898785073,-12.870969559362194,-4.084029920976513,3.4044838898785073,262.75477409362793
-12.894338925575825,-6.03126568846405,3.0080514120095216,-14.387630055552586,-2.8606880202735936,3.149539155062709,-0.9255644679297594,0.0011261172540298742,0.0011889041453169553,0.37858649483673396,0.03909051229635367,-0.09116715901629051,-0.1286905337548816,-0.0013483178463502554,0.00022500876468711795,-0.007774552977934945,13987,673000000,6.59,0,2,2,-12.859443425724313,-4.121210008443705,3.3731649601822546,-12.859443425724313,-4.121210008443705,3.3731649601822546,263.10275530815125
-12.894338925575825,-6.03126568846405,3.0080514120095216,-14.399012905635125,-2.8836954262799916,3.116563793984191,-0.9253021268345218,0.0012637517100784717,0.0010604613267511552,0.379227177861635,0.023179928325978545,-0.09591486000325083,-0.12534547895050913,-0.0015453264495590702,0.000676338805760679,-0.002901365041907411,13987,947000000,6.78,0,2,2,-12.8469685122333,-4.1624236068322995,3.341074755720041,-12.8469685122333,-4.1624236068322995,3.341074755720041,263.43159890174866
-12.894639126058248,-6.136969268236469,3.01810047646413,-14.413391904380218,-2.905438147137675,3.0846468667287423,-0.9251888205541315,0.0013803425081056787,0.0008582757198144869,0.3795036288877932,0.026083350259905675,-0.09928372099690722,-0.11947903847882768,-0.0011854485251205915,0.002672828486538492,-0.008432528011326212,13988,200000000,6.92,0,2,2,-12.83550089397696,-4.201649381361719,3.3128019748668907,-12.83550089397696,-4.201649381361719,3.3128019748668907,263.76556634902954
-12.893230125232524,-6.242586203254562,3.0321408228027398,-14.421828283979329,-2.9278607796386136,3.059434856165438,-0.9244974392665266,0.0013189626500833941,0.0004410944081150369,0.38118571663020867,0.06344035365571464,-0.0988365422024742,-0.1104177167733992,-0.0010970937523779867,0.004559660555969458,-0.024827749439282343,13988,463000000,7.05,0,2,2,-12.82435422736553,-4.241395971475333,3.2860020875366143,-12.82435422736553,-4.241395971475333,3.2860020875366143,264.0512683391571
-12.893230125232524,-6.242586203254562,3.0321408228027398,-14.421362471723086,-2.964261503545953,3.0326998228788264,-0.9225588168590533,0.0011548392460550344,-0.0002672648924377719,0.3858546673961801,0.13284732006742292,-0.09584903028890732,-0.09643092501761091,-0.0008986676164113305,0.005219041531745461,-0.048495844021090306,13988,684000000,7.3,0,2,2,-12.8151561695173,-4.275540309328557,3.2645553205784963,-12.8151561695173,-4.275540309328557,3.2645553205784963,264.37063932418823
-12.890023690234493,-6.3479417218801215,3.050144175636352,-14.407821319847665,-3.0160640436529946,3.0078673020904763,-0.9195833629517121,0.0009977480834107769,-0.0008171394311931229,0.39289282936232306,0.19474074709496228,-0.09197680409384792,-0.08189600164651295,-0.00021902139764051753,0.0026675059416447766,-0.05888003361178562,13988,937000000,7.84,0,2,2,-12.804517609541287,-4.316585918699607,3.2407008092357987,-12.804517609541287,-4.316585918699607,3.2407008092357987,264.7460868358612
-12.890023690234493,-6.3479417218801215,3.050144175636352,-14.38010422613872,-3.0875237724474602,2.9842105947643525,-0.9156713999685169,0.0008739612934242627,-0.0010110303903558499,0.40192549221081214,0.2424165013155331,-0.08701963309630706,-0.06656147748287636,0.0005455214477478876,-6.069080811244021e-05,-0.06312351397355087,13989,229000000,8.62,0,2,2,-12.793333483712008,-4.361464192356658,3.216770454420831,-12.793333483712008,-4.361464192356658,3.216770454420831,265.1780731678009
-12.884937394730386,-6.452859484576475,3.0720742786082917,-14.343776247969231,-3.1711744672650894,2.963925559344749,-0.911395626060979,0.0007965070929907126,-0.000785293527219819,0.411529782260583,0.25340113864237046,-0.08422011413273253,-0.05480514071373568,0.0012752000884574954,-0.002736197484409786,-0.05591302069660742,13989,555000000,9.63,0,2,2,-12.780793015418107,-4.413892561949728,3.191759799558365,-12.780793015418107,-4.413892561949728,3.191759799558365,265.60622549057007
-12.877894806867692,-6.557162017261522,3.0978869674096923,-14.311956628049844,-3.2521198407170617,2.9464043950193246,-0.9078248323988065,0.0008529074678419134,-0.0002158771726809455,0.4193486611710791,0.22271406284408335,-0.08698510935757131,-0.04942110145827857,0.0007761443612253061,-0.003631881418186822,-0.044923785026185215,13989,885000000,10.74,0,2,2,-12.767752730644139,-4.4707023902369984,3.1678511715564412,-12.767752730644139,-4.4707023902369984,3.1678511715564412,266.0463469028473
-12.868825658704356,-6.660671149728165,3.1275302587205234,-14.29170362371471,-3.3239010155432442,2.930283111989078,-0.9048416639018869,0.0010043864726011,0.0002928725423425799,0.4257469538361395,0.17700232963966284,-0.09350074949933278,-0.046207507750567665,7.310949996508498e-05,-0.0024396624212386087,-0.03878267343679909,13990,225000000,11.69,0,2,2,-12.754937060824275,-4.528535912068034,3.1466498850183426,-12.754937060824275,-4.528535912068034,3.1466498850183426,266.4961552619934
-12.857665996714566,-6.763208457982669,3.160944454897098,-14.28458035900897,-3.375336258189883,2.9178213257284695,-0.902616576004651,0.001123759555103887,0.0005094597030966984,0.43044371796660413,0.14156310617380333,-0.09960227296534485,-0.04349006073265259,-0.00047401314873241063,-0.0013071847320134111,-0.03466131784080062,13990,565000000,12.5,0,2,2,-12.742381524889389,-4.587235462499441,3.128236651590956,-12.742381524889389,-4.587235462499441,3.128236651590956,266.8697452545166
-12.844358313024607,-6.864595709337353,3.1980622641951624,-14.284715732771812,-3.4177670613635485,2.9070558470166747,-0.900807742966147,0.0012339767791966036,0.0005841370770304911,0.43421601340510185,0.1142643648785929,-0.10525263661693589,-0.039995705433467976,-0.0006867021511425264,-0.0006493889202374703,-0.028735559499182273,13990,845000000,13.11,0,2,2,-12.73217164872584,-4.636472522036779,3.115261093913579,-12.73217164872584,-4.636472522036779,3.115261093913579,267.2219760417938
-12.844358313024607,-6.864595709337353,3.1980622641951624,-14.29021234183174,-3.4561698350223167,2.897388128501801,-0.8993921451007464,0.0013380985753165564,0.0005919914486891233,0.43714028454193643,0.09292147557049986,-0.11078277098442643,-0.035165005941275904,-0.0009536073946492252,-0.00026713179011039756,-0.02141181303159101,13991,108000000,13.61,0,2,2,-12.722836720974474,-4.682685447862646,3.1048592757290927,-12.722836720974474,-4.682685447862646,3.1048592757290927,267.56223821640015
-12.828851657088071,-6.964655309084123,3.238808936286523,-14.300855714743074,-3.4942526425106366,2.888528519724096,-0.8982925517495992,0.001447344958438174,0.0005540681607974894,0.43939514070166724,0.07633105620040959,-0.11597107088351917,-0.029188224501496766,-0.0007362773374097742,-3.4743091958944206e-05,-0.01428799605491804,13991,373000000,14.01,0,2,2,-12.713602545099668,-4.729404075359507,3.0961305951529847,-12.713602545099668,-4.729404075359507,3.0961305951529847,267.9083137512207
-12.81110172756657,-7.0632107475678865,3.2831024127962687,-14.31364826108529,-3.5277218255026925,2.8817940931447215,-0.8976058869886553,0.0015036040365302115,0.0005261703097750387,0.44079602307985477,0.07208066615665645,-0.11842581986897863,-0.023080503062255266,2.1121881843555457e-05,-0.0002257999099697372,-0.01285926755372202,13991,648000000,14.34,0,2,2,-12.703752043265215,-4.780365763978614,3.088670683456215,-12.703752043265215,-4.780365763978614,3.088670683456215,268.2525327205658
-12.81110172756657,-7.0632107475678865,3.2831024127962687,-14.324340034541395,-3.560200312534393,2.877339383530245,-0.8967480985828827,0.0015129042768619197,0.0005899442145394019,0.44253837209269997,0.09203088719903954,-0.11614680688456318,-0.014789735191824444,-0.00014135075048216095,-0.0007566466820208007,-0.022862710648041684,13991,911000000,14.56,0,2,2,-12.694731429849426,-4.828082690365454,3.0833697750032183,-12.694731429849426,-4.828082690365454,3.0833697750032183,268.5468330383301
-12.791070944239198,-7.160087046474805,3.3308534925573934,-14.328639220687455,-3.6023225035922977,2.8752732666768117,-0.8946933248721679,0.001566892997751159,0.0007013520261390644,0.4466776325056522,0.14567004459679697,-0.10569549238357304,-0.0027060476343710145,0.00010032177613084059,-0.001170037251085887,-0.04594422862282954,13992,138000000,14.82,0,2,2,-12.686496715912648,-4.8725224820132755,3.0799555258727236,-12.686496715912648,-4.8725224820132755,3.0799555258727236,268.87579679489136
-12.768728499821618,-7.255111203149934,3.381966011250106,-14.32224217630149,-3.6542180653768503,2.8763071373239404,-0.8915840482543484,0.0016093827115087373,0.0008488542583180485,0.4528516028812568,0.20035591100464306,-0.0930928074317128,0.008769977364429927,0.0002365001506632325,-0.00151898689182417,-0.057857962383423,13992,400000000,15.37,0,2,2,-12.67762869485944,-4.921092219318216,3.077901411226092,-12.67762869485944,-4.921092219318216,3.077901411226092,269.2079725265503
-12.768728499821618,-7.255111203149934,3.381966011250106,-14.303719844249953,-3.7245724268380185,2.8811531173184575,-0.8874720396652549,0.0016889481688715968,0.0010958364755880882,0.46085716378167985,0.24666024328640512,-0.08084992667623705,0.021079232961559915,0.0004016870690293217,-0.002253671300422866,-0.059515430621104315,13992,666000000,16.2,0,2,2,-12.668847787925714,-4.969958881832512,3.0774441408078785,-12.668847787925714,-4.969958881832512,3.0774441408078785,269.5880763530731
-12.744050391633543,-7.348112631760661,3.4363370350639393,-14.276520137357018,-3.8070826007529592,2.8900922126474513,-0.8832482654669098,0.0017797918533910162,0.001425067295751741,0.4689000992470107,0.26490745654699377,-0.0742272034103875,0.031134373652438152,0.0007239295200633933,-0.0018502426314626064,-0.05096303611935582,13992,967000000,17.29,0,2,2,-12.65879327296779,-5.026639263177309,3.078845463217241,-12.65879327296779,-5.026639263177309,3.078845463217241,270.0186200141907
-12.71701943311114,-7.4389236001286365,3.493857067992779,-14.248691338346097,-3.8946924877521094,2.902361085014746,-0.8795688989736681,0.0018064759118592312,0.001654497061268066,0.47576522702116786,0.2485393668241136,-0.07686568022497815,0.03783696223473207,0.00039518858443443605,-0.0007493720545426186,-0.04041624961246271,13993,296000000,18.43,0,2,2,-12.648178938618447,-5.087368830406801,3.0825982781257317,-12.648178938618447,-5.087368830406801,3.0825982781257317,270.43575382232666
-12.687625245218829,-7.527379661061074,3.5544102723452156,-14.22999764379277,-3.971203830320024,2.9156865645257426,-0.8767179447102684,0.0018271912916509158,0.0017156466889611832,0.48099829869909594,0.2158857489358998,-0.08479152811026307,0.04289264716302899,-0.0002942521916793339,-0.0002037645629116014,-0.034538110776338726,13993,620000000,19.47,0,2,2,-12.636950627933325,-5.152415330951589,3.089351684410764,-12.636950627933325,-5.152415330951589,3.089351684410764,270.8523783683777
-12.655864227872215,-7.613320077025024,3.617874702026272,-14.220765867492645,-4.0359292271578235,2.9296134697791114,-0.8743504686464644,0.0018784808874986996,0.0017012918200376551,0.485288403831584,0.18359312357998323,-0.09318154910662987,0.04788690881521205,-0.00042574941687689716,3.113392423870209e-05,-0.030124322438496165,13993,938000000,20.29,0,2,2,-12.62649182843641,-5.213885744860283,3.0981180656640985,-12.62649182843641,-5.213885744860283,3.0981180656640985,271.2586781978607
-12.655864227872215,-7.613320077025024,3.617874702026272,-14.219056510647409,-4.094217477181641,2.9451392390162305,-0.8723169975947187,0.001914135538082771,0.0016601577758132095,0.48893418337096906,0.15549251046493034,-0.10106387214976797,0.05390540030887605,-0.0002933100972768443,0.00018189324606510127,-0.02468966558808461,13994,251000000,20.97,0,2,2,-12.616682223127548,-5.271917205419708,3.108731011271804,-12.616682223127548,-5.271917205419708,3.108731011271804,271.64508032798767
-12.62173951154128,-7.696588237022761,3.6841225481205733,-14.223562358718537,-4.147217332932438,2.9626182024083922,-0.8707142183670235,0.0018954586783769586,0.0016183414989866531,0.4917830193700211,0.13303979011141454,-0.10768032949015571,0.060498475273854616,0.0003673371566037531,0.0005516906981029024,-0.018246129002363887,13994,554000000,21.55,0,2,2,-12.606896935485691,-5.3301161680758335,3.121387807825469,-12.606896935485691,-5.3301161680758335,3.121387807825469,272.0066387653351
-12.585260889259121,-7.777032064545336,3.753020396282529,-14.232805692662247,-4.196061385790469,2.981930109321739,-0.8695809639422476,0.001777581193396968,0.001575732464197652,0.4937846741461034,0.11849058520351541,-0.11189092765644423,0.06699859182148929,0.0008370565751647518,0.0003780074678161327,-0.012767772750521544,13994,846000000,22.02,0,2,2,-12.597107765612703,-5.388374391658066,3.1360175562550294,-12.597107765612703,-5.388374391658066,3.1360175562550294,272.4102988243103
-12.546444729317436,-7.854504415502291,3.8244294954150524,-14.243225365217567,-4.240101052942013,3.0019005782498844,-0.8687743405904239,0.0016554294623301752,0.0016400269177425902,0.4952027009181982,0.1192615444899564,-0.11138265734902206,0.07446361731877442,0.001338062327249645,-0.0009019555761824449,-0.012359329775790684,13995,152000000,22.37,0,2,2,-12.587407980202585,-5.446477152672787,3.152267022267779,-12.587407980202585,-5.446477152672787,3.152267022267779,272.77438497543335
-12.546444729317436,-7.854504415502291,3.8244294954150524,-14.251000892096418,-4.28638289309199,3.024205022986965,-0.8677555097093653,0.0016183940721662647,0.0019442093097112845,0.4969848853031914,0.1427867548282989,-0.10258826177683962,0.08325789015079857,0.0013812905081067584,-0.0031347448839369463,-0.019628323389042635,13995,429000000,22.63,0,2,2,-12.578362832677218,-5.500646376576727,3.16910144915293,-12.578362832677218,-5.500646376576727,3.16910144915293,273.12982535362244
-12.505313868984805,-7.928863465050148,3.8982060370957905,-14.250837292611651,-4.339167402500636,3.049035914058702,-0.8660177373762017,0.0017626684650396433,0.0024845840626816704,0.5000039983757347,0.18514122204222289,-0.08558207052569547,0.09122893166064137,0.0006846975622920581,-0.004544030252873199,-0.029518731025746092,13995,709000000,22.93,0,2,2,-12.569175962448469,-5.5548548314754,3.1878970956921813,-12.569175962448469,-5.5548548314754,3.1878970956921813,273.4919910430908
-12.461897489637368,-7.99997308226976,3.9742014451881857,-14.239128546902055,-4.404892176501607,3.077772795226897,-0.8635909037193529,0.002081116873434783,0.003070691813970539,0.5041795224099589,0.2317383685483072,-0.06512788940461524,0.09714797292359231,-0.00022688915493063178,-0.004248723553246236,-0.03225281252525747,13995,978000000,23.41,0,2,2,-12.55986552993333,-5.609015841370136,3.20852050631735,-12.55986552993333,-5.609015841370136,3.20852050631735,273.89744758605957
-12.416230973744334,-8.067703191672502,4.052262675053997,-14.217615425628754,-4.478380215820129,3.1083662861454755,-0.8613014190699246,0.0024207788818473817,0.003451223784924934,0.50807685874494,0.2609086610019583,-0.05127244491858769,0.10270217172836511,-0.0008402485264014103,-0.00224689304104686,-0.025068613649636973,13996,281000000,24.07,0,2,2,-12.549779556130002,-5.666957773574734,3.2325628898457106,-12.549779556130002,-5.666957773574734,3.2325628898457106,274.29393124580383
-12.416230973744334,-8.067703191672502,4.052262675053997,-14.188834378516956,-4.565192217145637,3.1452364007990394,-0.8596221978122078,0.0026326021027275057,0.0034833727906199968,0.5109115506119228,0.26243235848566215,-0.04911068333708539,0.10972086230884508,-0.0008438331747129268,0.0009163535253264854,-0.012911009071103763,13996,585000000,24.72,0,2,2,-12.539575206214497,-5.72456064823664,3.258318982883998,-12.539575206214497,-5.72456064823664,3.258318982883998,274.7364945411682
-12.3683557442016,-8.131930120548828,4.132232521764882,-14.163686141695928,-4.648989749349812,3.1845110739437685,-0.8588268233093517,0.002607794237827656,0.003098131537169312,0.5122500254314872,0.23879264875241918,-0.057754269948833245,0.11627357856347856,-0.0013291386380842596,0.003333045492581732,-0.005955457845630008,13996,924000000,25.28,0,2,2,-12.527778512210938,-5.789470727139353,3.2897653102533035,-12.527778512210938,-5.789470727139353,3.2897653102533035,275.1773293018341
-12.318319086556812,-8.192536931208004,4.213949936692147,-14.147888563332586,-4.721129439627756,3.2230969008936423,-0.8584677969823328,0.0024631648312537294,0.002531896377584132,0.5128553049974692,0.20630620020008875,-0.06964409369139249,0.1214759641866813,-0.0009859622082331043,0.0036484738302533515,-0.002861389157260419,13997,269000000,25.66,0,2,2,-12.515712616373643,-5.853943917260266,3.3235993164240196,-12.515712616373643,-5.853943917260266,3.3235993164240196,275.56611347198486
-12.266173954716844,-8.249413737196672,4.297250351837313,-14.141048863996186,-4.778004968079339,3.258205144622292,-0.8583297857711857,0.0023147549823013705,0.0020800044935151197,0.5130889731310441,0.17741997714744642,-0.07965341062674769,0.12669876154753923,-0.0009655075928094448,0.0030691044457853423,-0.0009394640244408947,13997,582000000,25.94,0,2,2,-12.504057050833014,-5.9142420709632395,3.3577210462164415,-12.504057050833014,-5.9142420709632395,3.3577210462164415,275.92305421829224
-12.211978760775317,-8.302458002624428,4.3819660112501,-14.140107228898898,-4.829356125607049,3.29484203542251,-0.8583304762406343,0.002189600461128813,0.0017233468016265244,0.5130896893157644,0.1523418818931193,-0.0877749564235335,0.1329278127166429,-0.00027641619340101897,0.002283318258378131,0.001283678284380585,13997,873000000,26.12,0,2,2,-12.493580831665604,-5.966724982632904,3.3894626355828654,-12.493580831665604,-5.966724982632904,3.3894626355828654,276.2851049900055
-12.155797149641744,-8.35157482376831,4.467926308866648,-14.144853755171711,-4.885850435276988,3.3418877548291412,-0.8585892435079597,0.0020240847578924756,0.0014722860012126825,0.5126580208942925,0.13095260682237453,-0.0938559913752681,0.14227219354101678,0.0003062131014530678,0.0012436838574103604,0.004703706008513109,13998,144000000,26.26,0,2,2,-12.482902001394166,-6.018794128556273,3.4226290184872754,-12.482902001394166,-6.018794128556273,3.4226290184872754,276.72994327545166
-12.155797149641744,-8.35157482376831,4.467926308866648,-14.152180106475537,-4.932191798947303,3.386134932738171,-0.8590263608328371,0.001873058281652035,0.001444194030728446,0.5119258904866669,0.12286000801931803,-0.09486695114410446,0.15127705235537964,0.0013571919680543942,-0.0002680213640360307,0.006572042639163556,13998,485000000,26.34,0,2,2,-12.469502445464364,-6.081369505362638,3.4650751464065475,-12.469502445464364,-6.081369505362638,3.4650751464065475,277.107439994812
-12.097697759196603,-8.396677192173357,4.554958132087373,-14.158415581098149,-4.975104235653398,3.429896964352779,-0.8595013874079999,0.0017392579249279965,0.001697908072949628,0.5111276329193809,0.1317822156559855,-0.08848458530196193,0.1587982525606489,0.0029197363801358733,-0.0028617305360967293,0.004870383691013558,13998,788000000,26.36,0,2,2,-12.457331277866592,-6.135958108410032,3.50433767930687,-12.457331277866592,-6.135958108410032,3.50433767930687,277.46310567855835
-12.03775396673645,-8.437686238514564,4.642886210402724,-14.1591221472197,-5.018002067586199,3.4719507574410957,-0.8596720663169489,0.0017389414071333716,0.0023240186797764246,0.5108380500846682,0.15980066360951986,-0.07296229852311367,0.16240959600511312,0.0025188909830831108,-0.005831785756527097,-0.00019581854076022864,13999,60000000,26.35,0,2,2,-12.445622195977952,-6.18637892675051,3.542495271332842,-12.445622195977952,-6.18637892675051,3.542495271332842,277.8175513744354
-11.976043622511344,-8.47453145653513,4.731533468364691,-14.149026877498017,-5.074549182085641,3.521371234227962,-0.8594716815954515,0.0020393238050464,0.0032897821947930435,0.5111687070107243,0.20335651331305052,-0.049229227374872356,0.16446258431984045,0.0010964194530060922,-0.006565357352883439,-0.0031655963539378718,13999,336000000,26.39,0,2,2,-12.434528353912581,-6.232666113388244,3.578901994334495,-12.434528353912581,-6.232666113388244,3.578901994334495,278.18709683418274
-11.976043622511344,-8.47453145653513,4.731533468364691,-14.125871958001847,-5.142760507425851,3.574987208493621,-0.859344575574964,0.0024389419428750675,0.0040459751389493185,0.5113751871935703,0.23893483956384562,-0.029246272144020192,0.1668870593648976,-0.00023436967211409865,-0.003875067386616138,0.0024072013275144855,13999,620000000,26.54,0,2,2,-12.421392201657726,-6.285452620708656,3.622184265943701,-12.421392201657726,-6.285452620708656,3.622184265943701,278.6001777648926
-11.912648771192371,-8.50715090642781,4.820721382193131,-14.090410023891865,-5.225202731823693,3.636534517475405,-0.8599977593706478,0.002724816158484702,0.004186154850024651,0.5102733633670675,0.2523663699032899,-0.02098897090536059,0.17005691199461098,-0.0014973280258345767,0.0016384578088946,0.01321899144386407,13999,946000000,26.7,0,2,2,-12.406807834042194,-6.341083805149264,3.670222226787385,-12.406807834042194,-6.341083805149264,3.670222226787385,279.0655381679535
-11.847655362139955,-8.535491397079774,4.910270339298972,-14.053220034239702,-5.31100669268635,3.7028935646984475,-0.8616428167962437,0.00271366059716789,0.003390058875199439,0.5074966007870602,0.23358808339756904,-0.028773108373975582,0.17552143299269002,-0.0028181391826365143,0.006041371352694114,0.02048129099421203,14000,314000000,26.72,0,2,2,-12.389685743201133,-6.402759768253632,3.7266320432229554,-12.389685743201133,-6.402759768253632,3.7266320432229554,279.5415737628937
-11.781152949374528,-8.559508646656381,4.999999999999998,-14.026384199310103,-5.385036345015821,3.768025667125335,-0.8636210149726511,0.002482274417366142,0.002233047585169432,0.5041305330068859,0.1994425250795831,-0.04274185078190272,0.18315083098229093,-0.001854347010521451,0.00634097341389861,0.022384106705430895,14000,688000000,26.57,0,2,2,-12.370874641546967,-6.466698614729792,3.788515342958869,-12.370874641546967,-6.466698614729792,3.788515342958869,280.009384393692
-11.713234382178594,-8.57916742105615,5.089729660701032,-14.01173460454477,-5.439931636609902,3.8243277366053148,-0.8653111348372889,0.0022253429523428265,0.0014208249181346885,0.501228160653309,0.16943593651402997,-0.05373364984892458,0.18991386273685984,-0.001248968476375012,0.005100190446682973,0.02195952311012661,14001,52000000,26.33,0,2,2,-12.352372100017828,-6.526069114036435,3.8489320646905147,-12.352372100017828,-6.526069114036435,3.8489320646905147,280.40826869010925
-11.64399548728488,-8.594441649827006,5.179278617806865,-14.004116859713942,-5.485511454857527,3.8786613070450033,-0.8668222776286141,0.002004288168509822,0.0008467237881074042,0.498612479681873,0.14293949327956365,-0.062078443600405875,0.19647039276286837,-0.0006199145616392343,0.0037955109519316466,0.021380764337664004,14001,355000000,26.12,0,2,2,-12.336313874921759,-6.5746324436345445,3.900959174753594,-12.336313874921759,-6.5746324436345445,3.900959174753594,280.76498579978943
-11.64399548728488,-8.594441649827006,5.179278617806865,-14.001239129358073,-5.52621238824597,3.9348040732013936,-0.8683162067116166,0.0018120429904613974,0.00045743690387627686,0.4960075326178313,0.12121601409894159,-0.0674299248039623,0.20338355018911197,-4.478265602791964e-06,0.0025229267976101255,0.02180412266170606,14001,630000000,25.91,0,2,2,-12.320928659782192,-6.61922624226301,3.950565284330307,-12.320928659782192,-6.61922624226301,3.950565284330307,281.10847306251526
-11.573534743627139,-8.605314519193234,5.268466531635313,-14.001610766265202,-5.5604367277181685,3.988694300653005,-0.8697478090068765,0.0016554742910131022,0.0002644128562342619,0.4934936050431159,0.10681203149977003,-0.06980215595291929,0.20956444894663245,0.0005833151476508647,0.0013206404673837824,0.02264107642986346,14001,901000000,25.69,0,2,2,-12.305063811615657,-6.663055877177041,4.00128836859471,-12.305063811615657,-6.663055877177041,4.00128836859471,281.4618740081787
-11.501952950650319,-8.611778541902554,5.357113789597271,-14.003370157045387,-5.594998303136249,4.048163929788596,-0.8713245503496636,0.0014971344998534297,0.0002803543351325514,0.49070480734112687,0.10307377455829618,-0.06767552710806898,0.21421347840891958,0.002202914538429468,-0.0012493942904256983,0.022703449758409988,14002,169000000,25.46,0,2,2,-12.2898671245481,-6.703059972287824,4.04944497047337,-12.2898671245481,-6.703059972287824,4.04944497047337,281.82837295532227
-11.429352891192822,-8.613835603663967,5.4450418679126305,-14.00309399716524,-5.6248497617128645,4.100098869035767,-0.8726342492141479,0.001418518573651459,0.0006790384673168726,0.4883717782696666,0.11422874624096824,-0.059576798854029625,0.2173007565792579,0.004105134621568141,-0.004662020000978373,0.021150575594219845,14002,445000000,25.19,0,2,2,-12.273044390352146,-6.745375904053889,4.102190154493199,-12.273044390352146,-6.745375904053889,4.102190154493199,282.1501929759979
-11.429352891192822,-8.613835603663967,5.4450418679126305,-13.995816077501717,-5.663124206337614,4.1612453100315845,-0.8739318568118029,0.001459833568769513,0.0018179058497325615,0.4860428723412651,0.1486431910966385,-0.039794593398041665,0.21777703636966392,0.0043698908484657295,-0.009302384478360182,0.017315718469035346,14002,694000000,24.97,0,2,2,-12.258151163697868,-6.780979773392663,4.148344768279137,-12.258151163697868,-6.780979773392663,4.148344768279137,282.50212264060974
-11.355838989967928,-8.61149698600856,5.532073691133348,-13.974027461240562,-5.714061637006324,4.2308913369891235,-0.8752271452223521,0.0017707102677570077,0.00334085698684095,0.48369737184077466,0.19285227996618967,-0.015536736740321041,0.21478235240052884,0.0018870057033382182,-0.008007357973838225,0.017628222485654987,14002,960000000,24.75,0,2,2,-12.24026649765747,-6.8217706685885195,4.2031693980977485,-12.24026649765747,-6.8217706685885195,4.2031693980977485,282.9124228954315
-11.28151696868165,-8.604783365467831,5.61803398874989,-13.940130561412236,-5.77149314576182,4.29954215947246,-0.8767499434850035,0.002081856644358979,0.004207847111081834,0.48092358696017956,0.22287458295717966,0.00047667937013375864,0.21113986146463554,0.00020151508266508245,-0.003075433573940245,0.024044480596785434,14003,286000000,24.55,0,2,2,-12.219218921996712,-6.867360799971322,4.2668268789316155,-12.219218921996712,-6.867360799971322,4.2668268789316155,283.3054664134979
-11.28151696868165,-8.604783365467831,5.61803398874989,-13.902153079460131,-5.828250795131933,4.363338963338072,-0.8787344072264749,0.0022523913421712595,0.00419676158874474,0.47728728820464594,0.22843318988595337,0.004313799987094575,0.2113887871201512,-0.0031073755508259637,0.0035428460250841454,0.03164800145896152,14003,600000000,24.29,0,2,2,-12.197423561122024,-6.911821576006519,4.331811206248563,-12.197423561122024,-6.911821576006519,4.331811206248563,283.69236993789673
-11.206493498832378,-8.593724789026602,5.702749648162683,-13.863746563271953,-5.88621564131741,4.432354320894474,-0.881324911401036,0.002191795082130944,0.003112090277042225,0.47249540894317826,0.2059166044101965,-0.004368417165804522,0.21606953983903252,-0.0032502746762475,0.008527190766471904,0.035262882738607004,14003,898000000,23.93,0,2,2,-12.17642609674876,-6.95250310484304,4.3935216534462755,-12.17642609674876,-6.95250310484304,4.3935216534462755,284.1118769645691
-11.13087585324229,-8.578360625870383,5.786050063307842,-13.832824232146532,-5.938031062533565,4.502657774656593,-0.8839740515453862,0.001857279579150877,0.0017417427897436202,0.4675290290870222,0.17281340185583943,-0.01635358405060641,0.22113870913839273,-0.0015551139199487807,0.008459855780529324,0.034451660758350044,14004,221000000,23.45,0,2,2,-12.153337415719864,-6.994719477273954,4.460315501149417,-12.153337415719864,-6.994719477273954,4.460315501149417,284.52918434143066
-11.054771557371982,-8.558739495509858,5.867767478235114,-13.81035205925813,-5.982708521027578,4.574523637240531,-0.8864804851301749,0.0014503486315631418,0.0006559913751108469,0.46276323930011176,0.13962961429838266,-0.026273004420434898,0.2267602368046074,-0.0007966840030348976,0.006208718787092948,0.03264302940806374,14004,555000000,22.95,0,2,2,-12.129596979785235,-7.035748299540264,4.527847359890384,-12.129596979785235,-7.035748299540264,4.527847359890384,284.91393971443176
-10.978288041468776,-8.534919172427735,5.947737324945993,-13.796762062982266,-6.01618529676977,4.638806706286965,-0.8885451578087312,0.0011805049097253354,8.849999820458856e-06,0.4587876511682637,0.11420531075490856,-0.0320284915617257,0.23173609077345705,-0.00047141867582922714,0.004123263761357521,0.031365655740955845,14004,864000000,22.48,0,2,2,-12.105208694465556,-7.075604083667941,4.595985445966132,-12.105208694465556,-7.075604083667941,4.595985445966132,285.2792634963989
-10.901532294594322,-8.506966467455548,6.025798554811811,-13.787538276219397,-6.045054438426697,4.704448706483131,-0.8905236312242324,0.0009951791285377494,-0.00039051053073826226,0.4549357310117932,0.09396573928680728,-0.03479083234661597,0.23663243047756805,0.00018590100978599366,0.0023773464818077628,0.030531478842021897,14005,141000000,22.08,0,2,2,-12.08342945569352,-7.109516191026151,4.655753326284724,-12.08342945569352,-7.109516191026151,4.655753326284724,285.6337547302246
-10.901532294594322,-8.506966467455548,6.025798554811811,-13.781076501634393,-6.070287041036994,4.771381439951685,-0.8924487500302158,0.0008421492708717968,-0.000543210269553322,0.4511476745775309,0.08141940387155024,-0.03428386654708618,0.24118850472793466,0.0010740007610365865,0.00042606619388152467,0.03038401573576266,14005,420000000,21.68,0,2,2,-12.061146917930731,-7.142400602583489,4.715752340061501,-12.061146917930731,-7.142400602583489,4.715752340061501,286.01907110214233
-10.824610521570174,-8.474957086149745,6.101793962904201,-13.774433928357373,-6.0951755837632176,4.844373583946839,-0.8944928284821443,0.0007067086632108344,-0.00030555365523510074,0.447081633478543,0.08360260709130155,-0.028333585891808916,0.24391967202001266,0.002927373293459823,-0.003875365177918866,0.029672660457435995,14005,713000000,21.28,0,2,2,-12.03833117794593,-7.1742751953607815,4.77594472923569,-12.03833117794593,-7.1742751953607815,4.77594472923569,286.39723920822144
-10.747627803869088,-8.438975464497581,6.175570504584945,-13.76267548258053,-6.121607523164854,4.917310905495004,-0.8964282712487719,0.0006818368841029213,0.0007304729065929176,0.44318772096453,0.10972336200271134,-0.014187446328584069,0.24094441752448947,0.005346532861949527,-0.009673215481598163,0.028305316845944617,14006,12000000,20.84,0,2,2,-12.01336868554307,-7.207328261473122,4.840533320002135,-12.01336868554307,-7.207328261473122,4.840533320002135,286.76499700546265
-10.747627803869088,-8.438975464497581,6.175570504584945,-13.741762101286001,-6.150947235606359,4.984017037171969,-0.8981717332566019,0.0008140093057584455,0.002351788838197963,0.4396377418476969,0.14798350875918556,0.004032377508006615,0.23454514481769753,0.004337440168455942,-0.011027387608919526,0.02908138994826004,14006,306000000,20.42,0,2,2,-11.987747026408728,-7.239180297266036,4.905471474187529,-11.987747026408728,-7.239180297266036,4.905471474187529,287.1192059516907
-10.670687765466973,-8.399114582343575,6.246979603717463,-13.710477472250549,-6.185215708490442,5.0489122036209855,-0.9000474456516365,0.0010035360378969386,0.0037623909181790484,0.4357745207168076,0.18274883222033939,0.019735235053398997,0.22642941771478992,0.0024533689611416776,-0.007765805457893293,0.03314057430543471,14006,578000000,20.05,0,2,2,-11.963342411822325,-7.267899928579089,4.966076265829794,-11.963342411822325,-7.267899928579089,4.966076265829794,287.49706196784973
-10.593892244653583,-8.355475754986642,6.315877451879423,-13.668053835263324,-6.226201480035953,5.115882744277721,-0.9023703666763133,0.0011620191893354339,0.004523862339867192,0.4309360807885424,0.20463372091409374,0.028860946814238564,0.2181722165622248,-0.0006223188904641574,-0.0011405665077290905,0.03872531888191588,14006,874000000,19.63,0,2,2,-11.938434830744145,-7.295629270047987,5.026661924832072,-11.938434830744145,-7.295629270047987,5.026661924832072,287.8874969482422
-10.517340972781431,-8.308168403456124,6.38212529797373,-13.613656275857123,-6.275961567045996,5.194447179296027,-0.9055223002873113,0.0011481278123113097,0.003998039169192278,0.4242782826962802,0.1976846593108925,0.02797028527174037,0.2163756562072568,-0.0022136512143333675,0.0065320914472977165,0.042058751205331646,14007,177000000,19.07,0,2,2,-11.90925708396315,-7.326020350224145,5.095940871980936,-11.90925708396315,-7.326020350224145,5.095940871980936,288.3531565666199
-10.517340972781431,-8.308168403456124,6.38212529797373,-13.569302593217252,-6.31604193644144,5.264512038434978,-0.9083512821174504,0.0009058147746491042,0.0027737128881459286,0.41819784108958724,0.1724671724936772,0.02206023637794976,0.21954185225060038,-0.0020830680114158895,0.008840729606163222,0.041061539013753645,14007,524000000,18.34,0,2,2,-11.877612973912948,-7.356870451305851,5.169190826882578,-11.877612973912948,-7.356870451305851,5.169190826882578,288.76558899879456
-10.441131260909902,-8.257309804031784,6.445589727654782,-13.534516352882628,-6.3477107255636955,5.331245320925769,-0.9108390845732681,0.0006040563878965963,0.0015117555295913899,0.4127584181150394,0.14087109427040598,0.015165882161103702,0.22339511626461867,-0.0019204336126676935,0.008266029908554628,0.03782045459956862,14007,849000000,17.66,0,2,2,-11.847085056274635,-7.38448754449109,5.238011945999855,-11.847085056274635,-7.38448754449109,5.238011945999855,289.14299178123474
-10.365357695277192,-8.203024817628188,6.506142932007223,-13.50883623986689,-6.371639874968668,5.394224310448599,-0.9129128063662713,0.0003523231433838899,0.0005107965261808043,0.40815416563814494,0.11099952986314762,0.009524134116206964,0.22579201940552443,-0.0008795304893283173,0.006337106242426671,0.034473566120141186,14008,141000000,17.05,0,2,2,-11.817930221438198,-7.409199742710273,5.302167895015819,-11.817930221438198,-7.409199742710273,5.302167895015819,289.5079469680786
-10.290111842505238,-8.145445599717654,6.563662964936058,-13.49027700058567,-6.389149620019114,5.453214099494029,-0.9146750121107903,0.00014135022372969224,-0.00013286263162858906,0.40419003524055447,0.08650759082491571,0.006672582261040484,0.22770444467070358,-0.00019004789635346242,0.004285051727492828,0.03230124966648873,14008,418000000,16.55,0,2,2,-11.790236190049015,-7.431150066620096,5.3616006014153905,-11.790236190049015,-7.431150066620096,5.3616006014153905,289.8468689918518
-10.215481965412536,-8.08471129151785,6.618033988749896,-13.475749176747707,-6.402578035151674,5.512607847485999,-0.9163193481221756,-2.951391422447759e-05,-0.0005312914860233406,0.4004479605582188,0.06661679533275018,0.00612704926438654,0.22915775829804413,0.0002914983468826904,0.0025449675376876257,0.03070755810767878,14008,686000000,16.12,0,2,2,-11.764181300998269,-7.450623925634683,5.416218623717553,-11.764181300998269,-7.450623925634683,5.416218623717553,290.1755392551422
-10.215481965412536,-8.08471129151785,6.618033988749896,-13.463105756363186,-6.413252236112525,5.576934058936267,-0.9180004459230418,-0.00017207360144131121,-0.0007163061778818474,0.39657866632136357,0.053162794533108404,0.008414889835582064,0.23028137264968276,0.0009262961839340278,0.0004338920035706906,0.029734521012869664,14008,948000000,15.72,0,2,2,-11.737707193769692,-7.469141238742383,5.470445660573634,-11.737707193769692,-7.469141238742383,5.470445660573634,290.5287289619446
-10.141552750277675,-8.020967693220346,6.669146507442604,-13.44981429496618,-6.422333203659334,5.645981939896531,-0.9197567315508579,-0.0002729013077743585,-0.00046860755355313845,0.39248854849373616,0.05731994789516824,0.015224611664743953,0.22889833026213546,0.002538403646212828,-0.004587526245813933,0.030102089294814505,14009,227000000,15.29,0,2,2,-11.708732840170455,-7.488014475405923,5.528347992364301,-11.708732840170455,-7.488014475405923,5.528347992364301,290.92731285095215
-10.068405046361017,-7.954366920084192,6.716897587203733,-13.4324768756532,-6.432180575641394,5.709352419900138,-0.9214477456860941,-0.00024123605258080205,0.0005316645052724315,0.3885018804433718,0.08355683122019243,0.02606963100697356,0.22291645222610518,0.004473316721487208,-0.00995782620520913,0.03282968464191072,14009,532000000,14.83,0,2,2,-11.67721344730087,-7.507084691833626,5.5896109838636905,-11.67721344730087,-7.507084691833626,5.5896109838636905,291.2942488193512
-9.996115618455198,-7.885067042264726,6.761191063713476,-13.402954112290775,-6.447759752710472,5.774761286619698,-0.9234986630112461,-9.777768277854145e-05,0.00233907875846544,0.38359449757071234,0.12840633605887056,0.041209110527232265,0.2123800260426152,0.0038418858821387403,-0.011800859465438407,0.03848738197120838,14009,810000000,14.39,0,2,2,-11.647256028460685,-7.523690252669573,5.646142591522208,-11.647256028460685,-7.523690252669573,5.646142591522208,291.6775095462799
-9.996115618455198,-7.885067042264726,6.761191063713476,-13.358080953430909,-6.470609541994644,5.84106564164611,-0.926021887226304,6.852637088444096e-05,0.003995406407193673,0.3774486672510738,0.17057070543644542,0.05464002520449257,0.20022765022432756,0.002296894899700419,-0.007680638509555138,0.04508525307755917,14010,114000000,13.85,0,2,2,-11.61470788058084,-7.540279281080768,5.705822667172246,-11.61470788058084,-7.540279281080768,5.705822667172246,292.0744390487671
-9.92475691319517,-7.813231709291097,6.801937735804839,-13.30258593343003,-6.497973074579101,5.903867703059239,-0.9288632288023375,0.0001587825473277774,0.004750802859076923,0.37039236876479115,0.19360413622159517,0.061557038667039946,0.189998515793868,-0.0004573798975116006,-0.00039893058101370116,0.04886958340648562,14010,429000000,13.17,0,2,2,-11.579435716729977,-7.556623472218871,5.768461259845489,-11.579435716729977,-7.556623472218871,5.768461259845489,292.50081181526184
-9.854396839817479,-7.739029760147331,6.839055545102901,-13.240709826644462,-6.527223706334715,5.967950106025482,-0.9318953272778236,0.00010910191078070727,0.004227711520254942,0.36270265169947735,0.18507775805532,0.06067132241169262,0.18517145750334502,-0.0021447631525006727,0.006996242245804751,0.04670457528845873,14010,757000000,12.34,0,2,2,-11.541297058818161,-7.572392939711693,5.833775776409348,-11.541297058818161,-7.572392939711693,5.833775776409348,292.92943501472473
-9.785098566014495,-7.662634819950148,6.872469741279472,-13.1909182107604,-6.5485976330624105,6.023881809520867,-0.93432139199818,-8.673909713199706e-05,0.0029821324920758364,0.35641918553398855,0.15681740856988996,0.057332343748794666,0.1854869260934583,-0.0021218791971477913,0.009249205413652817,0.04289058779249899,14011,90000000,11.44,0,2,2,-11.50484925522167,-7.585814185603089,5.89390476892989,-11.50484925522167,-7.585814185603089,5.89390476892989,293.3094482421875
-9.716920329484363,-7.584224884252885,6.902113032590306,-13.15151510786816,-6.562688038663972,6.076216271558129,-0.936359108366162,-0.0003074308912100704,0.0017277791674943168,0.3510392292110976,0.12264568524628597,0.05464282654865368,0.186937174001121,-0.0016985934394142532,0.008480884207529016,0.038868326737429015,14011,387000000,10.69,0,2,2,-11.470105036876467,-7.597037507982601,5.949198924686935,-11.470105036876467,-7.597037507982601,5.949198924686935,293.6758258342743
-9.716920329484363,-7.584224884252885,6.902113032590306,-13.119587855293624,-6.570403385091664,6.128856944701914,-0.9381528145666802,-0.0005033154990707792,0.0007010274756674586,0.3462203803281994,0.0889241886617497,0.053801449408832316,0.18820461134959676,-0.0006643634606007254,0.00617637060713605,0.034443699769326486,14011,670000000,10.05,0,2,2,-11.437267791009244,-7.60638162129269,5.999664984143382,-11.437267791009244,-7.60638162129269,5.999664984143382,294.02565002441406
-9.649915265730048,-7.503981892038007,6.927925721391706,-13.095652104121436,-6.5723231975663685,6.177856756170018,-0.9396079297810247,-0.0006503443011763442,6.97206713687766e-05,0.3422521153827028,0.06308900283417865,0.054503139428594506,0.1881479775780802,-0.0006974470466047933,0.003992505844507832,0.030335529481817503,14011,948000000,9.47,0,2,2,-11.40403539188904,-7.614634706176863,6.048948820147339,-11.40403539188904,-7.614634706176863,6.048948820147339,294.3571033477783
-9.58413125261237,-7.422091288490966,6.949855824363647,-13.076143397297082,-6.570031270837706,6.226578109013344,-0.940851093100025,-0.0007218099749963687,-0.00034559454580841914,0.33881939166354946,0.0423747745201387,0.05591001087758396,0.18655748495092114,-0.0002555755969524398,0.0026008643544628285,0.02591386019048514,14012,201000000,9.01,0,2,2,-11.372891975634804,-7.621382171036003,6.09356021852833,-11.372891975634804,-7.621382171036003,6.09356021852833,294.69896626472473
-9.58413125261237,-7.422091288490966,6.949855824363647,-13.060996788786918,-6.564782444945652,6.2711379477347515,-0.941831446603556,-0.0007834804382740296,-0.0005865020139728978,0.33608416856859397,0.029028239041863996,0.05867924767221867,0.18463325562494926,0.00031800805118109565,0.001351272726424213,0.0227704531425843,14012,459000000,8.61,0,2,2,-11.341409361977698,-7.627141660244466,6.137108410268594,-11.341409361977698,-7.627141660244466,6.137108410268594,295.02323174476624
-9.51961077211188,-7.338741578675988,6.9678591771972584,-13.04430708942652,-6.556329534172371,6.322309256425791,-0.9428668160472844,-0.0008372856044470385,-0.0005628898047413419,0.33316834979442506,0.03197309214109382,0.06410666786927346,0.1798661588714651,0.0010711253935369314,-0.0034482913633837597,0.02441672513668891,14012,713000000,8.3,0,2,2,-11.312058291931688,-7.631596540302131,6.176337848673395,-11.312058291931688,-7.631596540302131,6.176337848673395,295.3763816356659
-9.456390789702807,-7.2541238732583775,6.981899523535869,-13.025969566204314,-6.550447112756882,6.364576906255561,-0.9439739333618165,-0.0007281820928801632,0.00014872282887502434,0.3300191824209325,0.058563778012530474,0.07033395553524177,0.17197000047143773,0.002533819520067482,-0.008504723791702418,0.032632880538585596,14012,987000000,7.97,0,2,2,-11.277539944457597,-7.635814833535446,6.220830840013353,-11.277539944457597,-7.635814833535446,6.220830840013353,295.6982500553131
-9.456390789702807,-7.2541238732583775,6.981899523535869,-12.997057064227107,-6.548548416569999,6.407720462825109,-0.945672476802355,-0.0005739387619121414,0.0015620973383038664,0.3251165899561301,0.10529023800308812,0.07889312013946688,0.15971796432933288,0.0024083153448373196,-0.011226721107959747,0.04581070279527921,14013,222000000,7.66,0,2,2,-11.24763152728989,-7.638473969204813,6.257880948505095,-11.24763152728989,-7.638473969204813,6.257880948505095,296.05552554130554
-9.394502651690065,-7.16843142743993,6.9919485879904775,-12.950962258582981,-6.5526209605768555,6.453608965489608,-0.9481233464807024,-0.00039416168826153335,0.0030391639912086574,0.31788791731840266,0.15266976830773515,0.08625442133897283,0.14499825338000327,0.0015102662018762203,-0.007718545384705067,0.05516272140084766,14013,481000000,7.19,0,2,2,-11.214912082519177,-7.640423543688191,6.2968387672702,-11.214912082519177,-7.640423543688191,6.2968387672702,296.45975399017334
-9.333972000806504,-7.081859174291824,6.997986133082629,-12.89020908982194,-6.562556551789894,6.4980309338166276,-0.9510141358272304,-0.0003261084494861474,0.003861328693943542,0.3091231101855416,0.1838298430412639,0.08990554055371004,0.13122698519736192,0.0002736587873641838,-0.0017813526710597216,0.0585558322200086,14013,790000000,6.51,0,2,2,-11.17677700098715,-7.641545806951377,6.3401759755551135,-11.17677700098715,-7.641545806951377,6.3401759755551135,296.86120080947876
-9.274818710313482,-6.9946032536850655,7.0,-12.828813211155115,-6.573081549391757,6.536471394230577,-0.9536479315419253,-0.00038786194971029563,0.003760118364154727,0.3009008702858847,0.18382514026264193,0.09115967745135037,0.12348872370325699,-0.0007323028398786846,0.004033675350001431,0.05372190862544812,14014,100000000,5.69,0,2,2,-11.135593255669333,-7.641257804192028,6.384481704832905,-11.135593255669333,-7.641257804192028,6.384481704832905,297.256276845932
-9.274818710313482,-6.9946032536850655,7.0,-12.767279080937438,-6.5799974275396425,6.575825542019566,-0.956003516604546,-0.0005658286565455161,0.0028297344552924977,0.29334101090809916,0.15446223800579337,0.09223953501093755,0.12064337382950911,-0.0012248313851159764,0.007507468535550288,0.04469882514968049,14014,411000000,4.92,0,2,2,-11.096613032507449,-7.639751299457837,6.424196515426008,-11.096613032507449,-7.639751299457837,6.424196515426008,297.65490531921387
-9.217056836792455,-6.9068605380300525,6.997986133082629,-12.71829633362287,-6.57929856135631,6.612098639269009,-0.9578014249360026,-0.0007395957962043852,0.0017094036764949063,0.2874247054929199,0.1158903552624678,0.09369315896917782,0.1195966065737715,-0.0012044866139149235,0.0071241636305785505,0.037889618033659644,14014,717000000,4.23,0,2,2,-11.054533946573539,-7.636729206499231,6.464470966919117,-11.054533946573539,-7.636729206499231,6.464470966919117,298.0691599845886
-9.16069459176005,-6.8188281560460045,6.991948587990478,-12.676246580975096,-6.570651663274637,6.650249921288831,-0.9593944877170651,-0.0008646990294074721,0.0007364252705702136,0.2820654656485254,0.07732886014023851,0.09600872688486065,0.11773481294779939,-0.0008652590793190029,0.005057322323409608,0.031227798899635673,14015,35000000,3.76,0,2,2,-11.014679608677108,-7.632621716284896,6.500243044797145,-11.014679608677108,-7.632621716284896,6.500243044797145,298.4679925441742
-9.105734332182745,-6.73070301578608,6.98189952353587,-12.64501217746385,-6.555876520916152,6.685212753816895,-0.9605743227502099,-0.0009337364538279458,0.0001232613240134022,0.2780217319129142,0.04746562801587161,0.09974265815904064,0.1147592813244837,-0.0005056895076904766,0.0032983643677653163,0.023987431268324144,14015,349000000,3.45,0,2,2,-10.97174968699704,-7.626897830600292,6.536247828476437,-10.97174968699704,-7.626897830600292,6.536247828476437,298.840984582901
-9.052172569911487,-6.642681328146602,6.967859177197259,-12.619881575937548,-6.535534349434213,6.719107518304649,-0.9614073941817964,-0.0009832697090533548,-0.00027420419257800585,0.27512684421064354,0.024206523540100645,0.10470249012514983,0.11069945999537838,-0.0002604019982754835,0.0022210708038983284,0.015251153945428086,14015,639000000,3.34,0,2,2,-10.931250198202843,-7.620483080465299,6.567972679712108,-10.931250198202843,-7.620483080465299,6.567972679712108,299.2325255870819
-9.052172569911487,-6.642681328146602,6.967859177197259,-12.60007085498757,-6.512547997819778,6.749466993342763,-0.961884485666095,-0.0010079797277530072,-0.0004870260246296655,0.27345380417429166,0.0151229382805243,0.10973751702708001,0.10525707890631839,-0.00018961590626531688,-9.792340671666011e-06,0.0118224578727677,14015,941000000,3.35,0,2,2,-10.890461562095092,-7.612965487911801,6.597721740362833,-10.890461562095092,-7.612965487911801,6.597721740362833,299.5898163318634
-9.000000000000002,-6.554958132087373,6.949855824363648,-12.580203727954967,-6.49062653451488,6.775877516256531,-0.9623934838661997,-0.0009622541890221261,-0.00029709278350813873,0.27165744608722286,0.03481117422912267,0.11365932776920687,0.09667644183680425,0.000770298663610447,-0.004410328392623342,0.0246781402893248,14016,220000000,3.42,0,2,2,-10.852087353684873,-7.6048598253086235,6.623601915788042,-10.852087353684873,-7.6048598253086235,6.623601915788042,299.94935297966003
-8.949201547814672,-6.467726822785956,6.9279257213917065,-12.548610922727157,-6.472286306623315,6.8010436054401575,-0.9638414659324852,-0.0008566781184737698,0.0006121900570479694,0.2664742386705574,0.08921283523014657,0.11544185031866841,0.08281472089505876,0.0013161533729544317,-0.007327481534957769,0.04956596967531368,14016,491000000,3.55,0,2,2,-10.816151633020365,-7.596299422424359,6.645948597951775,-10.816151633020365,-7.596299422424359,6.645948597951775,300.30209398269653
-8.899756434788042,-6.381178683941173,6.902113032590307,-12.500225118187078,-6.460400969674867,6.823602428258231,-0.9661134137125529,-0.0008164867457717701,0.0016270540685545585,0.2581115221936612,0.14505461662975566,0.11629674505075731,0.06703055580208103,0.0016002834513528796,-0.005439873757495661,0.06398278128472157,14016,761000000,3.88,0,2,2,-10.777230388284654,-7.58611901521931,6.668234319779519,-10.777230388284654,-7.58611901521931,6.668234319779519,300.688271522522
-8.899756434788042,-6.381178683941173,6.902113032590307,-12.439317943142127,-6.454636321468866,6.841643813405496,-0.9686812452999725,-0.0009177030653355129,0.0022635789111561146,0.24829554775648238,0.18489895721555863,0.1162745552168831,0.05216550430771555,0.0014917349062670837,-0.0023725560822640546,0.0702274264767766,14017,60000000,4.48,0,2,2,-10.73529707869743,-7.574126838480475,6.689984068562363,-10.73529707869743,-7.574126838480475,6.689984068562363,301.0727815628052
-8.851638262612344,-6.295502425429958,6.872469741279474,-12.357587980064267,-6.450837705043752,6.858164680436729,-0.9716829795622456,-0.001112724918661366,0.002399663377692869,0.23627355054674515,0.19482758616359583,0.11624304040963425,0.039396016188380886,0.0005348065201360441,0.0016128563515849237,0.0625536085863132,14017,358000000,5.3,0,2,2,-10.6930122832865,-7.560930416809586,6.709348399763337,-10.6930122832865,-7.560930416809586,6.709348399763337,301.54874539375305
-8.804815115615014,-6.210883727508031,6.839055545102902,-12.287250273694271,-6.444467692199996,6.8699829320132455,-0.9738287191792733,-0.0012972883116158227,0.002043586898951402,0.22727024991687494,0.17392395759259666,0.11849201247442767,0.03316540579382736,0.0002241901754018727,0.003419287236283708,0.051020000682910904,14017,735000000,6.44,0,2,2,-10.641776160805588,-7.5435452810485435,6.729299537441416,-10.641776160805588,-7.5435452810485435,6.729299537441416,301.9510889053345
-8.759249681003741,-6.127504792727141,6.801937735804838,-12.229374668199283,-6.432276100472842,6.879603640167749,-0.9753627688738855,-0.001471624141286089,0.0014943767909717312,0.2205970767146767,0.13655275606875242,0.12372158908824013,0.02937129287969963,0.00018333154798710893,0.004183747205388499,0.03998442480224185,14018,51000000,7.38,0,2,2,-10.595826852059746,-7.526760337899843,6.7441045267664235,-10.595826852059746,-7.526760337899843,6.7441045267664235,302.3418664932251
-8.71489938661576,-6.045543906721693,6.761191063713477,-12.17913120917894,-6.410834011360998,6.888540996948097,-0.9765872260695228,-0.0016586821294017739,0.0008605903130983242,0.21511368630503785,0.09290951573324438,0.13142072371252628,0.024969324704087754,0.00032260531099836953,0.0038591769680351717,0.030187446463969536,14018,356000000,8.05,0,2,2,-10.549619862060938,-7.508883311317188,6.756269954527617,-10.549619862060938,-7.508883311317188,6.756269954527617,302.7565953731537
-8.71489938661576,-6.045543906721693,6.761191063713477,-12.139728068316382,-6.381187887724204,6.895818253636123,-0.9774695657987957,-0.0018382531432858677,0.00034680418284293527,0.21106811338843506,0.056579538022316446,0.13962222957784082,0.01921861342033188,0.0005004268643915566,0.0028090097202948527,0.02008019891945878,14018,674000000,8.77,0,2,2,-10.505963250214531,-7.490962119129415,6.765070256838755,-10.505963250214531,-7.490962119129415,6.765070256838755,303.16320061683655
-8.671716555753717,-5.965175008993652,6.716897587203731,-12.110520575332645,-6.347202577823755,6.900804898253328,-0.9779433042702628,-0.0019987834675126055,2.5229336674857357e-05,0.20886095341420524,0.029945067546839177,0.14643136297134102,0.013134861601770709,0.0006878661224618554,0.0018998159021066385,0.008091057407000335,14018,992000000,9.28,0,2,2,-10.459163405486981,-7.470729605065826,6.771799133699752,-10.459163405486981,-7.470729605065826,6.771799133699752,303.56312441825867
-8.629648578639825,-5.886567274798598,6.669146507442607,-12.087101457802099,-6.308660937190888,6.903986256554658,-0.9780030850414481,-0.002159794337193339,-0.0001734139433501741,0.20857917169610962,0.010022719228189664,0.15171186441386583,0.006794924159612181,0.0008662605409881508,0.0011245556834182935,-0.004858856391365407,14019,296000000,9.53,0,2,2,-10.41209922113582,-7.449391855812265,6.775808912588143,-10.41209922113582,-7.449391855812265,6.775808912588143,303.96334314346313
-8.588638099970249,-5.809884709205925,6.6180339887498985,-12.069474943910315,-6.272807090719805,6.9050595356181175,-0.9778096812589887,-0.0022917247043198435,-0.0002371442255260244,0.20948250284138425,0.012297056496517083,0.15371889790815085,-0.0005836574009516164,0.0006291636282185209,-0.0002811179030004496,0.004053290831507184,14019,595000000,9.71,0,2,2,-10.370688125713652,-7.429760013458874,6.776991887636249,-10.370688125713652,-7.429760013458874,6.776991887636249,304.29330039024353
-8.548623222003823,-5.735285754374288,6.563662964936061,-12.046646127685438,-6.243199862018264,6.903711833484517,-0.9784100240551562,-0.0023684702092703572,-7.301647489109408e-05,0.20665964735731646,0.06105438582820225,0.14894696635970725,-0.011791551264010002,0.0012073131756551447,-0.001691816646598454,0.040681987957214005,14019,837000000,9.68,0,2,2,-10.332153036497163,-7.410886463090318,6.7763645951002385,-10.332153036497163,-7.410886463090318,6.7763645951002385,304.6257379055023
-8.548623222003823,-5.735285754374288,6.563662964936061,-12.009459581234928,-6.218050498975312,6.898980576885708,-0.9798633507676531,-0.002510104378076937,0.000168113993714926,0.19965341203215908,0.12029132927953459,0.1424985465560415,-0.02534164186021649,0.0015577386648146785,-0.0015374917893495876,0.06440854995162226,14020,88000000,10.06,0,2,2,-10.296489442844285,-7.392890020340478,6.774247937828842,-10.296489442844285,-7.392890020340478,6.774247937828842,304.95609521865845
-8.509537722572645,-5.662922911048106,6.506142932007226,-11.964504427675463,-6.200385592206006,6.8915233243560925,-0.9814937282717715,-0.002670823161160794,0.0003450631384032696,0.1914753482781799,0.16550046567602048,0.13677500381310143,-0.03718904177416467,0.0011933721907553263,-0.0011142294283672527,0.07329251311603002,14020,339000000,10.92,0,2,2,-10.257733627650557,-7.372704926683621,6.770156477106436,-10.257733627650557,-7.372704926683621,6.770156477106436,305.28003668785095
-8.471311287357555,-5.592942375243218,6.445589727654784,-11.89735730771764,-6.183865359776756,6.878683573676215,-0.9836209352478843,-0.0028161571994045984,0.00046573725392425286,0.18022682400107926,0.20532387021133322,0.12926196961287806,-0.04903964351676928,0.0008291262361126428,-0.0003895228275041518,0.07772187818773091,14020,589000000,11.92,0,2,2,-10.221920247994703,-7.35355719922224,6.764901217810444,-10.221920247994703,-7.35355719922224,6.764901217810444,305.65289974212646
-8.471311287357555,-5.592942375243218,6.445589727654784,-11.813528850546927,-6.168454198089829,6.860292530783443,-0.9858402928859257,-0.002915980601490018,0.0004961066115585539,0.1676608715769835,0.21640510381139952,0.12640579175952704,-0.0598132082344565,0.0002332698429086122,-0.00024797739399673446,0.06642106964136474,14020,884000000,13.31,0,2,2,-10.177031186256697,-7.328859061550561,6.756199143906604,-10.177031186256697,-7.328859061550561,6.756199143906604,306.0961060523987
-8.433869755728779,-5.5254836910496365,6.382125297973733,-11.737122649917136,-6.150898820555177,6.840088173224429,-0.9873766153197896,-0.0029838591802488104,0.000549410727545498,0.1583610250405092,0.19315425151107848,0.13177506884045415,-0.06701511289674672,0.0006793506372559932,-0.0007940915793369641,0.047929769061738625,14021,235000000,14.9,0,2,2,-10.125960718344983,-7.2998737180072135,6.743398061958417,-10.125960718344983,-7.2998737180072135,6.743398061958417,306.4934470653534
-8.397135379411143,-5.460679420436296,6.315877451879427,-11.675207034008116,-6.12764412461952,6.819535772067194,-0.9883074544252627,-0.0030973353779806317,0.0006687453117728054,0.15244125039083578,0.15156752573660334,0.14198319592916242,-0.07177211630546503,0.00105707578086367,-0.000607336534130809,0.0327001547702821,14021,556000000,16.04,0,2,2,-10.074735572296056,-7.269847549216465,6.7275664382396565,-10.074735572296056,-7.269847549216465,6.7275664382396565,306.8724458217621
-8.361027093194929,-5.39865483089787,6.246979603717472,-11.62809252575897,-6.09887938891568,6.79903369106443,-0.9888855155191285,-0.003262828013323682,0.0007182842595937974,0.1486414316990568,0.11068750336392497,0.15305238115581932,-0.07681484110306953,0.001280843378026475,5.663276354539448e-05,0.021946751076029614,14021,848000000,16.95,0,2,2,-10.032382288300955,-7.244248932833955,6.712167798460733,-10.032382288300955,-7.244248932833955,6.712167798460733,307.2151093482971
-8.361027093194929,-5.39865483089787,6.246979603717472,-11.59290041523428,-6.066459287027186,6.778622080109036,-0.9892155660626856,-0.0034679966866965803,0.0006967857717777577,0.1464242170812246,0.07785258488856096,0.16285717338832054,-0.08250348417000704,0.001871621100235643,0.0005243433577106771,0.011514488869579509,14022,126000000,17.5,0,2,2,-9.99002201069472,-7.218010442829657,6.6949152874498035,-9.99002201069472,-7.218010442829657,6.6949152874498035,307.5396873950958
-8.325460796876843,-5.339527601736071,6.1755705045849485,-11.566452716231792,-6.032384718204496,6.758369407962394,-0.9893183640015053,-0.0037247009404323588,0.0006558727687153568,0.14572189637525518,0.052857458038540785,0.1707321572352016,-0.08835270206477233,0.002206626891165797,0.0005925041136833897,9.977827541973738e-05,14022,385000000,17.85,0,2,2,-9.950650381091956,-7.1930478150760635,6.677125946296809,-9.950650381091956,-7.1930478150760635,6.677125946296809,307.86125802993774
-8.290349647581815,-5.283407549718662,6.1017939629042095,-11.541591997807004,-5.9886443634513595,6.733133451878616,-0.9891602243617608,-0.0040405792796279275,0.0006460950062417968,0.146783196657244,0.028442946362280508,0.17783196241580085,-0.09467132660485858,0.002065177454824152,0.0002655508382076732,-0.015206452917482238,14022,625000000,18.0,0,2,2,-9.914142962620636,-7.1695756256902134,6.65915870367869,-9.914142962620636,-7.1695756256902134,6.65915870367869,308.2236006259918
-8.290349647581815,-5.283407549718662,6.1017939629042095,-11.522659564666055,-5.9452211967605235,6.70805353296562,-0.9888164427760657,-0.004284610768630014,0.0006310524735654117,0.14907476774767953,0.024543865398870036,0.17958738057879514,-0.1014179412987326,0.0006496278558643098,0.0016029418816287944,-0.008040488182814443,14022,901000000,17.94,0,2,2,-9.871236666642329,-7.141943698481752,6.636596958642105,-9.871236666642329,-7.141943698481752,6.636596958642105,308.5719265937805
-8.255604361584592,-5.230396374807732,6.025798554811814,-11.496089608758966,-5.901912622125405,6.6788873445126775,-0.9890214865674475,-0.004412279454992332,0.0002605250607168115,0.14770566348187197,0.07049254089520723,0.16855078425765285,-0.109356011132335,7.189479873659366e-05,0.0039515960907010594,0.030624548708146904,14023,171000000,17.73,0,2,2,-9.831384082615672,-7.11586856630997,6.614165798780346,-9.831384082615672,-7.11586856630997,6.614165798780346,308.9304406642914
-8.221133524721331,-5.180587426595802,5.947737324945996,-11.458930877212612,-5.869192910649461,6.649943659763898,-0.9899071276330857,-0.0044782202845231045,-0.00030467983264490265,0.1416465014551947,0.127825808258551,0.15342122388755386,-0.11571930995036235,-0.0003273990046182007,0.003842376645479817,0.05763765475421678,14023,446000000,17.95,0,2,2,-9.78875107358621,-7.087313814195561,6.588602635168916,-9.78875107358621,-7.087313814195561,6.588602635168916,309.2738802433014
-8.186843910454819,-5.134065492033124,5.867767478235118,-11.397410622291973,-5.837904517653492,6.611870979279212,-0.9913030146065119,-0.004404340131981071,-0.0008115902625317835,0.13152291184918752,0.1850368430630257,0.13768893712857927,-0.12351636277815507,-0.0016994213297039096,0.0021486720697794226,0.06726763676851988,14023,710000000,18.71,0,2,2,-9.749353728931029,-7.06028014130612,6.563283630087743,-9.749353728931029,-7.06028014130612,6.563283630087743,309.68980169296265
-8.186843910454819,-5.134065492033124,5.867767478235118,-11.322627127763596,-5.813609136741951,6.5714187648002085,-0.9926832460911055,-0.004138097763381997,-0.0011250733849169758,0.1206713855344535,0.22636096225698896,0.12480811880341398,-0.1296721766382986,-0.0020871841570624383,0.001396436016420921,0.06818322872277349,14024,32000000,20.01,0,2,2,-9.701170925121001,-7.0264344232478635,6.530236015273371,-9.701170925121001,-7.0264344232478635,6.530236015273371,310.10207295417786
-8.152640804633386,-5.090906604973298,5.7860500633078455,-11.23463831449355,-5.791773868241007,6.5264453581188455,-0.9939103150184048,-0.003790716202140437,-0.0011900558870237975,0.11012038838324162,0.23415201597836527,0.12122132106448584,-0.1350554532735261,-0.0017208108261002053,-0.0034128072002204135,0.04720745127997361,14024,345000000,21.44,0,2,2,-9.653303867563942,-6.991951311167859,6.495089019059442,-9.653303867563942,-6.991951311167859,6.495089019059442,310.5218892097473
-8.118428335962733,-5.051177878006392,5.702749648162688,-11.157496221055418,-5.767020595794027,6.482425842795661,-0.9945264561122964,-0.003541450965709946,-0.0004344684326153356,0.10442412295516146,0.19658284486398186,0.13353281427910704,-0.1412709178694979,-4.02501441953973e-05,-0.0065029833422158845,0.02330901952518616,14024,682000000,22.9,0,2,2,-9.602754870076456,-6.954681215513467,6.455329115041102,-9.602754870076456,-6.954681215513467,6.455329115041102,310.93741488456726
-8.084109811191693,-5.014937356989644,5.618033988749893,-11.10224668532422,-5.737681189621891,6.442167572473488,-0.9947629921110933,-0.00354749064541306,0.0004257457483582015,0.10214608938605096,0.14872718204851354,0.150035712547482,-0.14792517791246748,0.0013240226053312654,-0.005320909576767008,0.01117446963689872,14025,6000000,23.8,0,2,2,-9.5555470874757,-6.919152224892357,6.415902701077469,-9.5555470874757,-6.919152224892357,6.415902701077469,311.30979800224304
-8.049588053997939,-4.982233898625838,5.532073691133352,-11.06144965891998,-5.703993053140451,6.403177572506548,-0.9948628371530379,-0.003727847033948203,0.000973772991125977,0.10115873750922882,0.10905750376584882,0.1639464665884763,-0.154414875943466,0.0020020220063088345,-0.0030504888172799838,0.0031609201869287062,14025,281000000,24.25,0,2,2,-9.514432516147135,-6.887598854098826,6.37949546852707,-9.514432516147135,-6.887598854098826,6.37949546852707,311.6601028442383
-8.049588053997939,-4.982233898625838,5.532073691133352,-11.031246820929828,-5.6683543651962465,6.365678091570243,-0.9948470138891921,-0.003985655056163048,0.0012626464585305552,0.10130123016751452,0.07942163742323913,0.17429444427163884,-0.1608921420505523,0.0025889239623211324,-0.001545103611988452,-0.006186859172885306,14025,542000000,24.51,0,2,2,-9.476444700607377,-6.858021173097379,6.344383098704003,-9.476444700607377,-6.858021173097379,6.344383098704003,311.97086358070374
-8.01476574654723,-4.953107071378241,5.445041867912628,-11.006853633266465,-5.629268905992841,6.3265959571053605,-0.9946979956561146,-0.004309665901360078,0.0014334680656476013,0.10273884069246314,0.05467834879477125,0.18232086353339308,-0.16744462400990454,0.0028063526997357258,-0.0008026504360714171,-0.017784452575142495,14025,780000000,24.59,0,2,2,-9.439890384560227,-6.831449541103076,6.3108904911335735,-9.439890384560227,-6.831449541103076,6.3108904911335735,312.2814600467682
-7.979545772690739,-4.927587079949426,5.357113789597276,-10.98153006816506,-5.573191315070549,6.272512740805094,-0.9942889312089404,-0.0047412054365205195,0.0015525127221779277,0.10660502779249648,0.029917804965097817,0.1889939264978462,-0.17408575233419954,0.002521679721212422,0.0003704179249552908,-0.028045046201441437,14026,34000000,24.48,0,2,2,-9.400162028222331,-6.806460888838605,6.276183833855581,-9.400162028222331,-6.806460888838605,6.276183833855581,312.6716868877411
-7.979545772690739,-4.927587079949426,5.357113789597276,-10.96435952325905,-5.525984405606193,6.2270845860594335,-0.9939107954367292,-0.00507239763272949,0.0014062885961565773,0.11006190916464992,0.02931844779693859,0.187170140499491,-0.17873230398581977,0.0019028648239327595,0.004953714415023569,-0.014693926186737372,14026,337000000,24.06,0,2,2,-9.34228535921535,-6.77562443510087,6.228210928396873,-9.34228535921535,-6.77562443510087,6.228210928396873,312.995400428772
-7.943831561758462,-4.9056947134888,5.268466531635309,-10.944332323536274,-5.485511716659841,6.184306332813074,-0.9939161932427065,-0.0053134043586041384,0.0005184724280550787,0.11000954381502531,0.06310200630394028,0.17357766611940226,-0.18121923883117122,4.4671731513901136e-05,0.00911412134882994,0.015355510277004214,14026,597000000,23.65,0,2,2,-9.29430828625505,-6.751105439646263,6.1882068185466785,-9.29430828625505,-6.751105439646263,6.1882068185466785,313.3114938735962
-7.907527431903714,-4.887441317631105,5.179278617806869,-10.905361373237966,-5.444089121757124,6.130190328125271,-0.9944274918028659,-0.005285411733429098,-0.0008244785398099043,0.10528698022360877,0.12790587080993415,0.1494829880048763,-0.1827595964935658,-0.002323881835764041,0.00734295617803582,0.041632640204625204,14026,850000000,23.66,0,2,2,-9.251531585121285,-6.727668245198691,6.150412443554635,-9.251531585121285,-6.727668245198691,6.150412443554635,313.7009539604187
-7.907527431903714,-4.887441317631105,5.179278617806869,-10.859147275311605,-5.415963813946961,6.082676844477848,-0.9950342639138018,-0.0049962019288387885,-0.0015938157385820661,0.09939472498677204,0.1737337205678388,0.13222250570435684,-0.18438762506384104,-0.0031725898224976845,0.003993159180026851,0.04723299134639092,14027,154000000,24.24,0,2,2,-9.200879417307089,-6.696881256994243,6.101791935954308,-9.200879417307089,-6.696881256994243,6.101791935954308,314.0317847728729
-7.870538931953234,-4.872828790405048,5.089729660701028,-10.803795096268287,-5.393299076081261,6.0346405068471425,-0.9956214946306614,-0.004583876393560566,-0.002033925542457976,0.09334179478402932,0.20918038851767262,0.11793909127626474,-0.1848138342685608,-0.003557682521204697,0.002182501498282363,0.04473778753890656,14027,404000000,24.99,0,2,2,-9.159246100577102,-6.669180373625054,6.058637857298125,-9.159246100577102,-6.669180373625054,6.058637857298125,314.3692088127136
-7.832773180720472,-4.861849601988382,5.000000000000002,-10.731547423661265,-5.372280790175134,5.979574703976467,-0.9961841894595911,-0.004023546734451843,-0.002347984885168403,0.0871513551781744,0.23858046250521792,0.10433327032267417,-0.18188051005125852,-0.004050731149618514,0.0009496935376773763,0.03788487119891215,14027,675000000,25.81,0,2,2,-9.119343877785369,-6.640748673702522,6.014567975708762,-9.119343877785369,-6.640748673702522,6.014567975708762,314.77712750434875
-7.832773180720472,-4.861849601988382,5.000000000000002,-10.642509766378902,-5.352916264790097,5.917916893226943,-0.9966716112001883,-0.0033004547569231305,-0.0023749507079014387,0.08141969070902322,0.2541656883016506,0.09605405305770306,-0.18070745638694205,-0.004200250941721606,-0.0025719202085383586,0.02773313390207477,14027,977000000,26.61,0,2,2,-9.07219964435234,-6.6050884459171995,5.959382697963504,-9.07219964435234,-6.6050884459171995,5.959382697963504,315.20925998687744
-7.7941392027451935,-4.854486838222724,4.910270339298976,-10.55371132093763,-5.333282937601553,5.855767142024227,-0.9969630839089216,-0.0026351548578403246,-0.0016090222803929576,0.07781437096699567,0.23266391032704664,0.10388909752420288,-0.18507340770554345,-0.0024347426233362057,-0.00894163331395248,0.01063353674908285,14028,313000000,27.63,0,2,2,-9.026790353561992,-6.568956078646639,5.903150599788199,-9.026790353561992,-6.568956078646639,5.903150599788199,315.63420391082764
-7.75454825943156,-4.850714267738887,4.820721382193136,-10.478614062690156,-5.30526716875562,5.791458179612682,-0.9970103704147142,-0.002363275300046629,3.90065472243707e-05,0.07723169487885007,0.1757165237962355,0.12651203682275558,-0.19389483151043968,0.0008611704458871827,-0.009826156019698828,-0.002699927995308826,14028,645000000,28.33,0,2,2,-8.979842171813223,-6.530340687234556,5.841724845015874,-8.979842171813223,-6.530340687234556,5.841724845015874,316.069851398468
-7.713914174568618,-4.850496432481319,4.731533468364694,-10.425442975892391,-5.268608770305859,5.728201140286013,-0.9968440533460821,-0.002622637181727315,0.001330029205846405,0.07933023449529059,0.11963007541305166,0.148119016254093,-0.20286914837930387,0.0036847786759608425,-0.005790147770312615,-0.03911363164661452,14028,986000000,28.67,0,2,2,-8.933877935612928,-6.49172856237632,5.778629696045437,-8.933877935612928,-6.49172856237632,5.778629696045437,316.49078726768494
-7.67215365323178,-4.853788761358711,4.642886210402729,-10.38892328079579,-5.22660517262637,5.666496881068782,-0.9961022437387794,-0.0031917050054168063,0.0019856686141602412,0.08812599025192519,0.07572468367445281,0.164323063485703,-0.21065932407020846,0.004473149374462082,-0.0024903412850107998,-0.07687084143981338,14029,305000000,28.63,0,2,2,-8.89085185499495,-6.455801091506044,5.71785966196069,-8.89085185499495,-6.455801091506044,5.71785966196069,316.88130950927734
-7.629186593081786,-4.860537706687095,4.554958132087377,-10.362234097645416,-5.179148338973352,5.602624587907569,-0.9948664245202875,-0.0037923305011144885,0.0022945674820624663,0.10109970599195328,0.040447230869771526,0.1752126805073329,-0.21777254239433752,0.0035047305345869972,-0.0007622131704465573,-0.09007353874039836,14029,607000000,27.72,0,2,2,-8.84496096377847,-6.425687764185135,5.660001723369942,-8.84496096377847,-6.425687764185135,5.660001723369942,317.2824115753174
-7.629186593081786,-4.860537706687095,4.554958132087377,-10.343849663902072,-5.131501762525324,5.541246501485507,-0.9935606561482693,-0.0042261099439752006,0.002398267664669906,0.11319722108413449,0.017143080737830885,0.17976904345147932,-0.22344048824330026,0.0024316203280250193,0.0008767283475208387,-0.07237381796585396,14029,906000000,26.23,0,2,2,-8.787452265821539,-6.402298088017635,5.601189590712662,-8.787452265821539,-6.402298088017635,5.601189590712662,317.64673352241516
-7.5849363870979465,-4.87068090303198,4.467926308866652,-10.328037519188719,-5.083380800499802,5.478604134156386,-0.992679486267253,-0.004614298854325013,0.002093830546269369,0.12067212463493365,0.02652803857954992,0.17070633288214662,-0.22558861698897809,0.0032693925732019125,0.008126960437948583,-0.02735887246672064,14030,192000000,24.75,0,2,2,-8.723968297675203,-6.385973651062296,5.545307392737644,-8.723968297675203,-6.385973651062296,5.545307392737644,317.9993529319763
-7.539330216806069,-4.884147347997373,4.38196601125011,-10.304003175553651,-5.046570486773326,5.420825818562552,-0.9926115943692069,-0.0049673842836721206,0.0006591062779315129,0.1212316517915748,0.08184149277269369,0.1457154430082454,-0.22250720280075723,-0.00038382290483696124,0.01188188261949108,0.011434958742029266,14030,462000000,23.78,0,2,2,-8.658665595498624,-6.370917533437298,5.488569056095149,-8.658665595498624,-6.370917533437298,5.488569056095149,318.3620319366455
-7.492299335087338,-4.900857604452152,4.297250351837317,-10.268079293708336,-5.018860381000838,5.363575253193932,-0.9929290346600881,-0.004914992864943154,-0.0006762858200994913,0.1186057233509934,0.13261822337541854,0.12440418766355374,-0.22040795735523777,-0.0028985399922021315,0.008073388198681641,0.025609872136556078,14030,729000000,23.63,0,2,2,-8.602251493253808,-6.355112137794744,5.4357245449387825,-8.602251493253808,-6.355112137794744,5.4357245449387825,318.7052502632141
-7.492299335087338,-4.900857604452152,4.297250351837317,-10.22590710731816,-4.9998282957333,5.311017351002857,-0.9933167261752465,-0.004583517046105552,-0.0014642428058629896,0.11532011474579829,0.1707289344552064,0.1085917680382579,-0.21866309905486067,-0.0038791491078882245,0.00469524984509917,0.027698098892869893,14030,987000000,23.9,0,2,2,-8.551578546186477,-6.336802196026891,5.382929323899084,-8.551578546186477,-6.336802196026891,5.382929323899084,319.0351781845093
-7.443779337683475,-4.920724023628251,4.213949936692158,-10.172461078403659,-4.9847570405292645,5.254545916768217,-0.9936957423912426,-0.004102799360593605,-0.0020152980155860416,0.11201730743430816,0.20260289498341044,0.0945768582379019,-0.21520821456204606,-0.003949399115299457,0.0026472205036043306,0.02278134743392002,14031,222000000,24.29,0,2,2,-8.509168068068147,-6.318085177212511,5.334057674071765,-8.509168068068147,-6.318085177212511,5.334057674071765,319.3760690689087
-7.393710422544579,-4.943650988470749,4.132232521764886,-10.117729284304938,-4.974837701084811,5.203421086474356,-0.993964847755495,-0.0036316340812115586,-0.0022783912180460637,0.10961524343700102,0.22436254771704373,0.08416831700034463,-0.2102273106514676,-0.003960456115237321,0.0007535950885539933,0.017648797256697435,14031,482000000,24.72,0,2,2,-8.466957416071034,-6.296380092236599,5.280700532953767,-8.466957416071034,-6.296380092236599,5.280700532953767,319.7079060077667
-7.393710422544579,-4.943650988470749,4.132232521764886,-10.049067846932434,-4.967010478898081,5.145097129493916,-0.9941913078304991,-0.003080817636935299,-0.0023182698488188407,0.10755825222584187,0.2429605707473032,0.07431786978698966,-0.20518279048027505,-0.0035394591350268456,-0.0009361991203604703,0.011891811027453514,14031,734000000,25.07,0,2,2,-8.43081409906749,-6.27544474194182,5.231175400075213,-8.43081409906749,-6.27544474194182,5.231175400075213,320.0609006881714
-7.342037636200248,-4.96953517656723,4.052262675054002,-9.960800696589123,-4.961724036590753,5.076004826673828,-0.9943563928740303,-0.0024944260218908968,-0.0021218135768253095,0.10604074545434627,0.25797880764640446,0.06493125961619156,-0.19925794927876067,-0.0028419930231393664,-0.0020506964801825234,0.0063512172800983535,14032,10000000,25.42,0,2,2,-8.39138401288038,-6.250355044457506,5.173168473786725,-8.39138401288038,-6.250355044457506,5.173168473786725,320.49026823043823
-7.288711106370621,-4.998265841933026,3.9742014451881897,-9.870642356259564,-4.958784661317814,5.0085838357594366,-0.9944165337671306,-0.001839165760796953,-0.0015715243751107692,0.10549836563192605,0.2467674360673441,0.06709397758073496,-0.19894415160034423,-0.004020999313070206,-0.007607561792610795,-0.0026344420803070534,14032,345000000,25.77,0,2,2,-8.346326903271033,-6.219549576778474,5.102055175906295,-8.346326903271033,-6.219549576778474,5.102055175906295,320.9060208797455
-7.2336862600727105,-5.0297251148800814,3.898206037095794,-9.794926057521495,-4.95049469687944,4.943593051818032,-0.9943058372873224,-0.0012638974892557318,-0.00015269982841873927,0.10655646945284891,0.19830694409221222,0.08480435907515917,-0.2079604391237088,-0.001069788345375855,-0.011109515526186442,-0.01115112854677136,14032,681000000,26.03,0,2,2,-8.303320067112038,-6.188890171448254,5.029953004130603,-8.303320067112038,-6.188890171448254,5.029953004130603,321.2956371307373
-7.2336862600727105,-5.0297251148800814,3.898206037095794,-9.749396485250339,-4.937293798982418,4.892662304746245,-0.994133122156058,-0.0011455441627884807,0.0011034297517485939,0.10815177115332963,0.15097271257147118,0.10148808299747247,-0.21663798202754897,0.0013774051353721006,-0.009330175726063317,-0.015213607639452675,14032,997000000,26.1,0,2,2,-8.264294969166862,-6.1605347790639895,4.961721185051792,-8.264294969166862,-6.1605347790639895,4.961721185051792,321.6294379234314
-7.176924026518295,-5.063788319150504,3.8244294954150555,-9.708472612351226,-4.9146133426240555,4.830909526560969,-0.993865784401013,-0.001343043818385033,0.0021404840933930747,0.11056408620391434,0.10128916540031205,0.11736448773455936,-0.22471707870635563,0.0026389050617581233,-0.005420740171757643,-0.020443300309125334,14033,255000000,26.05,0,2,2,-8.23558676355899,-6.139783301574439,4.9103093633908514,-8.23558676355899,-6.139783301574439,4.9103093633908514,321.98081398010254
-7.1183910241422845,-5.100324305451515,3.753020396282532,-9.680459108175745,-4.887966491777625,4.7720557854157875,-0.993500544024254,-0.0016696418493107126,0.0026815800250597323,0.11378352450234253,0.06379228321200237,0.12779419206780934,-0.22931336993310275,0.003215694755454024,-0.0025283016157118254,-0.03550323017407209,14033,526000000,25.88,0,2,2,-8.200654307706515,-6.117242046984465,4.850085015656368,-8.200654307706515,-6.117242046984465,4.850085015656368,322.30826139450073
-7.058059731145688,-5.139195800486321,3.6841225481205764,-9.66150629744253,-4.859760984595911,4.716750986269822,-0.992842593950439,-0.00202194079842616,0.002916326070871486,0.11937751226851623,0.035425648394220945,0.1345467719298795,-0.23297634640906262,0.0026758073772725766,-0.0007269736329362786,-0.05123864393681288,14033,777000000,25.54,0,2,2,-8.16186267563969,-6.100710842600343,4.794166370939721,-8.16186267563969,-6.100710842600343,4.794166370939721,322.6370162963867
-7.058059731145688,-5.139195800486321,3.6841225481205764,-9.644919163430302,-4.821103732491173,4.646483129118283,-0.9919193858192183,-0.002371996775202333,0.0029672202656750254,0.12681285925022712,0.008515819437732575,0.13909496922501324,-0.2368093356390847,0.0020771060917468276,0.0006173728763769759,-0.04841452137043234,14034,30000000,24.85,0,2,2,-8.116913789851521,-6.091240993101739,4.742466032571616,-8.116913789851521,-6.091240993101739,4.742466032571616,323.0172960758209
-6.995908638983675,-5.1802597705360105,3.6178747020262696,-9.634367808188824,-4.783123803990284,4.580084044362064,-0.9910863855975426,-0.0027328275537730103,0.002754498690655584,0.1331642619989436,-8.521698661534492e-05,0.13671613633836394,-0.237680574946663,0.0033427929565732484,0.005667962568622897,-0.038047830094001256,14034,319000000,23.85,0,2,2,-8.049812216436765,-6.086326073934757,4.677791573640875,-8.049812216436765,-6.086326073934757,4.677791573640875,323.3952510356903
-6.931922388278014,-5.223367798610493,3.5544102723452182,-9.621547703777798,-4.748325649013858,4.5142614522803415,-0.9905416086965876,-0.0032378804867605475,0.0016256105962777962,0.1371648459369933,0.031255213471500246,0.12095165502264757,-0.23372606420247202,0.002195375691371737,0.012201505887787789,-0.015425853598571848,14034,605000000,22.95,0,2,2,-7.983027525127114,-6.084756306706754,4.618004872363872,-7.983027525127114,-6.084756306706754,4.618004872363872,323.7588951587677
-6.931922388278014,-5.223367798610493,3.5544102723452182,-9.598000977414738,-4.725179845423458,4.4544249875450594,-0.9904646300258244,-0.003544714040059853,-1.1940538131139907e-05,0.13772164509474982,0.09096462716659072,0.09800649683949106,-0.2284609647142574,-0.00043567974046254676,0.011917274787265342,0.0033004363103827927,14034,886000000,22.34,0,2,2,-7.9205575720029335,-6.081426484980598,4.558855797163098,-7.9205575720029335,-6.081426484980598,4.558855797163098,324.11195039749146
-6.866091886682804,-5.268366474152286,3.4938570679927774,-9.558861996343904,-4.710473814636439,4.391304377104775,-0.9906102146007747,-0.003518608026139498,-0.0013415468567148266,0.13666463470187384,0.14614835298783527,0.07760924506603284,-0.22259266336357703,-0.002096160983455775,0.0069080034336366225,0.009116384353546891,14035,155000000,22.19,0,2,2,-7.868704047234373,-6.07557151525013,4.504518098529598,-7.868704047234373,-6.07557151525013,4.504518098529598,324.465265750885
-6.798414408284236,-5.315097794245403,3.436337035063942,-9.508246037654924,-4.70413710775925,4.3300303224490975,-0.9907711403172895,-0.003234324595015608,-0.002050954543570794,0.13549125523166416,0.18831640224584337,0.06175726644270568,-0.21440918990793048,-0.002951366104753106,0.0034316853771088063,0.006587869484064868,14035,426000000,22.28,0,2,2,-7.818800301608982,-6.066792950349099,4.446566264843962,-7.818800301608982,-6.066792950349099,4.446566264843962,324.82492780685425
-6.728893674167487,-5.363399575253027,3.3819660112501087,-9.45332133203196,-4.704149247878652,4.27520712476836,-0.990850249376411,-0.0028677704797160854,-0.002431494367551353,0.1349134798243684,0.2184966473360813,0.04984490723214341,-0.20592705880330242,-0.0029006857175772893,0.001643905670789536,0.001816930887343915,14035,706000000,22.44,0,2,2,-7.77401135736689,-6.056132768295054,4.389414105346232,-7.77401135736689,-6.056132768295054,4.389414105346232,325.1866397857666
-6.728893674167487,-5.363399575253027,3.3819660112501087,-9.387692675856718,-4.7092142145119595,4.21860680802396,-0.9908276036792096,-0.002473617821341094,-0.0025939013837317105,0.135084464975808,0.24303599379150614,0.039563786996858114,-0.19643688700095405,-0.0025782371949389926,-9.758302610407554e-05,-0.004446710818228894,14035,971000000,22.56,0,2,2,-7.735910701030157,-6.045126429739829,4.336987011043163,-7.735910701030157,-6.045126429739829,4.336987011043163,325.5458459854126
-6.657539913838084,-5.413105873781844,3.3308534925573996,-9.311925322031122,-4.719198748771812,4.160835217897163,-0.990677847855767,-0.002099048327054983,-0.0025158700972899356,0.1361861452631638,0.261442891727238,0.0312789908912143,-0.18618763923770465,-0.0018929094608211017,-0.0015415534790008678,-0.010245827252219897,14036,245000000,22.62,0,2,2,-7.697561277430084,-6.032700589151967,4.281071902777896,-7.697561277430084,-6.032700589151967,4.281071902777896,325.94085931777954
-6.58436990723958,-5.4640474158483405,3.283102412796267,-9.227460972267762,-4.733395288444924,4.102496763917492,-0.9904069461471967,-0.0016906950845012687,-0.0022043231749518085,0.13815340579535307,0.2675297077964815,0.027628995688036895,-0.17741205832516446,-0.0028441255153666134,-0.0038409157923524617,-0.014589529200748075,14036,549000000,22.61,0,2,2,-7.658544204400589,-6.019322658836054,4.221641360192332,-7.658544204400589,-6.019322658836054,4.221641360192332,326.3720152378082
-6.509407007165512,-5.516052033102621,3.2388089362865253,-9.134974266131259,-4.7485990818924515,4.038886286417525,-0.9900081887250028,-0.0010551773860283577,-0.001285451661152732,0.14100007259625824,0.24019441898795374,0.03619820848615769,-0.17693589995319411,-0.002759066842372704,-0.008678216272528516,-0.017000460138660856,14036,874000000,22.52,0,2,2,-7.618744526955696,-6.005233028550441,4.15913095482084,-7.618744526955696,-6.005233028550441,4.15913095482084,326.8413817882538
-6.509407007165512,-5.516052033102621,3.2388089362865253,-9.060723595207183,-4.754654465798464,3.9776438803639875,-0.9895958833220655,-0.0006051284799725519,0.00018006626878764448,0.14387351774278012,0.18526089897622444,0.05317762370260183,-0.1833518957277799,8.457984712606503e-05,-0.008927807539294008,-0.016807177598821,14037,232000000,22.37,0,2,2,-7.575187621322183,-5.990173922814902,4.089942325474264,-7.575187621322183,-5.990173922814902,4.089942325474264,327.28393483161926
-6.432681141919438,-5.56894510494894,3.1980622641951646,-9.010206262274105,-4.750531223241519,3.921766910468822,-0.9892305558846219,-0.0005725438621746753,0.0013009602115990402,0.14635876126920233,0.13140032851598976,0.06823371511815504,-0.1888317159413845,0.0015821118608982943,-0.005905751049795072,-0.017194984138768632,14037,574000000,22.19,0,2,2,-7.534207100328619,-5.977241211566926,4.025587971496989,-7.534207100328619,-5.977241211566926,4.025587971496989,327.65944170951843
-6.354228798134396,-5.622550005388564,3.1609444548971024,-8.972820473599565,-4.738508851889168,3.864799347008792,-0.9888254806055335,-0.0007586691456281632,0.001953057379275832,0.1490630031001522,0.08600169603219182,0.07925534113623052,-0.1914058215344669,0.002003574763875804,-0.002657850905052328,-0.02027256923611276,14037,871000000,22.01,0,2,2,-7.497926410298008,-5.966912553478585,3.9697368995916453,-7.497926410298008,-5.966912553478585,3.9697368995916453,328.0455493927002
-6.274092983719844,-5.676688553400637,3.127530258720525,-8.947341720662749,-4.721994008380099,3.8111669838992075,-0.9883550613086567,-0.0010057650046955,0.0021967743900440815,0.15214609888063557,0.05385223335184094,0.0857400891958577,-0.192297837314585,0.0019420671378611587,-0.0005247678700470715,-0.02465717316226801,14038,166000000,21.78,0,2,2,-7.460392645277226,-5.958339572442813,3.914863497972161,-7.460392645277226,-5.958339572442813,3.914863497972161,328.4139277935028
-6.192323170961965,-5.731181465669575,3.0978869674096936,-8.931038197366272,-4.704979007299379,3.7651198443472382,-0.9878653667228605,-0.0012254177241516656,0.002220608472727614,0.155291933077414,0.0327309353578036,0.08903600771505625,-0.19219847202483026,0.0018293550056114327,0.0005482360108999274,-0.02843156471499242,14038,446000000,21.44,0,2,2,-7.420912718111522,-5.953845645418921,3.8647496256156373,-7.420912718111522,-5.953845645418921,3.8647496256156373,328.73059153556824
-6.108975219860335,-5.785848810464001,3.0720742786082953,-8.918673551710521,-4.686132397055476,3.719155603344845,-0.9872902089567833,-0.0014319287279963308,0.0021635032206944625,0.15890661450047594,0.016336873309729598,0.09064660192464158,-0.1915299376980696,0.0014238954236134305,0.0009813679071157821,-0.03221634542569518,14038,691000000,21.05,0,2,2,-7.38149244502343,-5.953996950205498,3.822729653842928,-7.38149244502343,-5.953996950205498,3.822729653842928,329.0442600250244
-6.108975219860335,-5.785848810464001,3.0720742786082953,-8.908567967108095,-4.664462572677459,3.669678972460706,-0.9865909162079741,-0.0016372244200927788,0.002020046904726635,0.16319192064134425,0.007744794987393612,0.08939584759482752,-0.18935655991641961,0.002133868201781297,0.003153577017656062,-0.03168268594890833,14038,928000000,20.57,0,2,2,-7.3375323463648305,-5.957443176125232,3.781603715561263,-7.3375323463648305,-5.957443176125232,3.781603715561263,329.36422777175903
-6.024111281841859,-5.84051046147144,3.0501441756363548,-8.898660411235902,-4.645831139194558,3.6248341761845135,-0.9860400104951019,-0.0019461836692303454,0.0014550816734932802,0.16649081899392665,0.027911880941377636,0.08046242372428605,-0.18458717502023728,0.0022289497337624198,0.008079352301137988,-0.021242375078145415,14039,181000000,19.98,0,2,2,-7.28758995129114,-5.96311930887628,3.738092308267457,-7.28758995129114,-5.96311930887628,3.738092308267457,329.68624329566956
-6.024111281841859,-5.84051046147144,3.0501441756363548,-8.876905927058203,-4.634213647656112,3.578135829701148,-0.9857944592903104,-0.0023129258078720743,0.0001300404792205609,0.1679402200076131,0.09660234413693713,0.058942567515219625,-0.17574382564400098,0.00028244226371043624,0.010783496600197395,-0.004683956922235666,14039,431000000,19.52,0,2,2,-7.242336885282605,-5.968280159779374,3.6989434281489983,-7.242336885282605,-5.968280159779374,3.6989434281489983,330.02624797821045
-5.937799684049354,-5.894986550396063,3.0321408228027407,-8.837733971248165,-4.633318942801365,3.5302498317274407,-0.9857700943772736,-0.002434530480458526,-0.0011092106161733938,0.16807785024972627,0.16090629996427233,0.03978464411348392,-0.1663249316395082,-0.0013413356441560609,0.006734646922268439,0.0005269112932637654,14039,692000000,19.31,0,2,2,-7.195719923917193,-5.972880454532422,3.657731776674643,-7.195719923917193,-5.972880454532422,3.657731776674643,330.36579179763794
-5.85011479445928,-5.9490979171324465,3.018100476464131,-8.789387626105169,-4.641180787650191,3.4881255072092294,-0.9857721576530548,-0.0023134211654205006,-0.0017603612963022354,0.16806190052078718,0.20747313890158448,0.02606121969271838,-0.1565032823914132,-0.001970713879018149,0.003513971614665934,-0.0020515383084784844,14039,959000000,19.29,0,2,2,-7.148541740137717,-5.976633958787151,3.614971147972123,-7.148541740137717,-5.976633958787151,3.614971147972123,330.7133367061615
-5.85011479445928,-5.9490979171324465,3.018100476464131,-8.717781480714361,-4.65968858162502,3.440006570102408,-0.9856101941906055,-0.0020581151196732705,-0.002209688362969149,0.16900717898080386,0.25080090193728,0.013503487277326096,-0.14217969195773883,-0.0018748448042060772,0.0018661537865227729,-0.0109122238427517,14040,232000000,19.32,0,2,2,-7.106873433471405,-5.97940137432299,3.576732756440563,-7.106873433471405,-5.97940137432299,3.576732756440563,331.10672903060913
-5.761136868138604,-6.002666556337735,3.0080514120095225,-8.626237374580818,-4.688662502677468,3.3912321976751096,-0.9851519676056593,-0.0017189353978930356,-0.002376815614849174,0.17165953725712096,0.2752740017132903,0.007170120668920593,-0.12730840599176113,-0.0021186093135838746,-0.0016241681237261218,-0.018473402087693103,14040,551000000,19.27,0,2,2,-7.057335613538408,-5.982416955695785,3.531482828920716,-7.057335613538408,-5.982416955695785,3.531482828920716,331.54201197624207
-5.670951875006609,-6.055516059236666,3.0020138669173706,-8.537977646046603,-4.717700207857476,3.3491876840505443,-0.984571532537144,-0.0012828609289862371,-0.001881964923166698,0.17496773929306003,0.26200477057404725,0.011841650995877034,-0.11946842013226613,-0.001994765125346021,-0.006032569581293501,-0.02007240673265187,14040,897000000,19.07,0,2,2,-7.002941578427953,-5.9859327402477085,3.482961075221717,-7.002941578427953,-5.9859327402477085,3.482961075221717,331.9734356403351
-5.579651309521315,-6.10747204950958,3.0,-8.467279853411364,-4.738482248831584,3.313537897256795,-0.9840560437434793,-0.0009129074842927888,-0.0009455365233400431,0.17785380325576333,0.2244488096925122,0.022438856136758327,-0.11738752766013043,-0.0006119835063600476,-0.007164339376686257,-0.01831612244131975,14041,244000000,18.78,0,2,2,-6.952247903126914,-5.989696314471962,3.4394806672387817,-6.952247903126914,-5.989696314471962,3.4394806672387817,332.35093998908997
-5.487331982763328,-6.158362612132099,3.0020138669173706,-8.404777312481043,-4.751975069686909,3.276006393985463,-0.9835697875761482,-0.000734899037702196,6.582456622473341e-05,0.18052680841897456,0.17301885194210354,0.03526486469910416,-0.11661255746799053,0.0007121657347397559,-0.005222602612775518,-0.015676811926823575,14041,545000000,18.52,0,2,2,-6.907415158566422,-5.993680578839202,3.4029806145424937,-6.907415158566422,-5.993680578839202,3.4029806145424937,332.7498195171356
-5.487331982763328,-6.158362612132099,3.0020138669173706,-8.358099815243138,-4.756822511645178,3.24127709582364,-0.9831610190689946,-0.0007671062172716748,0.0006485664431176251,0.18273861522085572,0.13192599226959695,0.04453821351959914,-0.11493051308060283,0.0011461844223958906,-0.0025516569394312683,-0.014563121021637926,14041,875000000,18.27,0,2,2,-6.859518477113344,-5.9986373233507715,3.3660712075373596,-6.859518477113344,-5.9986373233507715,3.3660712075373596,333.13028264045715
-5.394095797442429,-6.208018714056558,3.0080514120095216,-8.320807037400904,-4.755705084407306,3.207268830157013,-0.9827591761201928,-0.0008858813422526674,0.0009086846377269349,0.18488588712510362,0.09900777253752353,0.05102254191364031,-0.11217323628899376,0.0009494416303823527,-0.000964218565968622,-0.01512351909696008,14042,177000000,18.06,0,2,2,-6.814041001586616,-6.004188266731275,3.333419376414669,-6.814041001586616,-6.004188266731275,3.333419376414669,333.49869298934937
-5.300049506402166,-6.256274615650105,3.018100476464131,-8.291202115619495,-4.750083618352115,3.174196944624073,-0.9823143494678684,-0.00100870182097049,0.00101284282155056,0.18723374562181194,0.07291963758891012,0.05502734050667045,-0.10875432633847833,0.0010022384003605112,-0.00020352057958916703,-0.016951305224210955,14042,468000000,17.83,0,2,2,-6.768039603785354,-6.010542364243858,3.302653216132904,-6.768039603785354,-6.010542364243858,3.302653216132904,333.86129450798035
-5.205304455247262,-6.30296827183162,3.0321408228027407,-8.27032667345587,-4.742580063996539,3.1464304937926477,-0.9818788215762679,-0.001128393166477401,0.0010311524532526407,0.18950367593658862,0.05602965546283343,0.05714598202683228,-0.10521194072692704,0.000977322088147048,0.0002361282199103698,-0.018812653433997184,14042,757000000,17.55,0,2,2,-6.721358504851692,-6.017829943845553,3.2737854365358507,-6.721358504851692,-6.017829943845553,3.2737854365358507,334.2157337665558
-5.205304455247262,-6.30296827183162,3.0321408228027407,-8.24875226564217,-4.731325402004202,3.1137402783119166,-0.9812760384093775,-0.0012547161874438284,0.000991962163657575,0.1926000470974823,0.047855408610559445,0.05697438135693132,-0.09922810140834604,0.0004123452470139455,0.000520176530471872,-0.01979522203328088,14043,34000000,17.26,0,2,2,-6.680586878820347,-6.0247695737606035,3.2502875009804937,-6.680586878820347,-6.0247695737606035,3.2502875009804937,334.6350359916687
-5.109976309765509,-6.347941721880122,3.050144175636352,-8.229022696680547,-4.722703946882827,3.0869697489773893,-0.9807677830592443,-0.0012964844254980562,0.0008806611045407076,0.19517197359561728,0.0688897558221551,0.0507430523958885,-0.09187971738140609,-0.0002611974281307994,0.0022914707187737804,-0.015065917614265345,14043,339000000,16.87,0,2,2,-6.63007223085166,-6.034005920906769,3.223363653707932,-6.63007223085166,-6.034005920906769,3.223363653707932,334.9919853210449
-5.01418476886208,-6.391041466920087,3.0720742786082917,-8.1995598037398,-4.7215605087678085,3.0626902160145595,-0.980462325060754,-0.001324486791155704,0.0004409525333143267,0.1967020092222329,0.12508973015511585,0.03659725617640873,-0.08175318037846545,-0.00020884551901190207,0.0037752456137241097,-0.007211464571810211,14043,623000000,16.53,0,2,2,-6.585364766549161,-6.042798765015777,3.201692929484786,-6.585364766549161,-6.042798765015777,3.201692929484786,335.34658122062683
-4.918053263767082,-6.432118834125037,3.097886967409692,-8.155361856741763,-4.7314389881098595,3.0414513146172992,-0.980334956699543,-0.0013537436925038391,-6.021092775315522e-05,0.19733610015798947,0.18920271495254756,0.021071584821964178,-0.07034947475593903,-0.0006202845781899669,0.0028819097224186407,-0.0034804620781869744,14043,906000000,16.34,0,2,2,-6.540404796716015,-6.052094289491793,3.181751663990806,-6.540404796716015,-6.052094289491793,3.181751663990806,335.7062246799469
-4.918053263767082,-6.432118834125037,3.097886967409692,-8.09317041366523,-4.752895337069826,3.0221652256212628,-0.9802184648404333,-0.0012886959762253092,-0.00036972512521142917,0.19791403121526452,0.24387580805124093,0.008577100578710955,-0.058037054875335926,-0.001061788793776941,0.0009192014431391726,-0.006186094378790585,14044,194000000,16.28,0,2,2,-6.495058809931938,-6.061863481220835,3.1635857892284682,-6.495058809931938,-6.061863481220835,3.1635857892284682,336.0710048675537
-4.821708644319341,-6.471030326718811,3.1275302587205234,-8.014851362166658,-4.784397586991538,3.005565959999768,-0.9799285280136267,-0.0011064646733638826,-0.00040232694727933255,0.19934566424680633,0.2718549167962667,0.0032705790273498256,-0.04623330968977392,-0.0012899394050691626,-0.0013120979701852775,-0.012500267257564701,14044,485000000,16.23,0,2,2,-6.445831283709461,-6.072975069503401,3.1462143097783453,-6.445831283709461,-6.072975069503401,3.1462143097783453,336.45847487449646
-4.725280853168204,-6.507637958894582,3.160944454897095,-7.930278178967128,-4.81865644866444,2.9913702481162976,-0.9794419458476649,-0.0008836461804270122,-0.00010168453633369024,0.20172427603990184,0.25603749171363327,0.008706487034269217,-0.03768180100104119,-0.0005159163890766649,-0.002753013654910319,-0.014845187251921743,14044,802000000,16.11,0,2,2,-6.3924746415256255,-6.085583464813167,3.130082717451542,-6.3924746415256255,-6.085583464813167,3.130082717451542,336.90206360816956
-4.628902588772864,-6.541809574814725,3.1980622641951624,-7.858388109542523,-4.8451316930089146,2.980321622075367,-0.9789716611817902,-0.0007672928787478902,0.0003011341226231381,0.2039946253773473,0.2200275452408576,0.018136158480055814,-0.031620173164071244,0.0002520761711366504,-0.0023210707013276988,-0.013639909502671799,14045,149000000,15.87,0,2,2,-6.335114843073563,-6.09964508697037,3.115607854330192,-6.335114843073563,-6.09964508697037,3.115607854330192,337.29330110549927
-4.628902588772864,-6.541809574814725,3.1980622641951624,-7.80050639111861,-4.862992701155275,2.971697968333064,-0.9785786855428126,-0.0007558400657731247,0.0005821481746162725,0.20587094503741554,0.1827434177463693,0.026957473167711226,-0.02617453139148715,0.0004286422409904844,-0.0014971419091125426,-0.011654692661977606,14045,470000000,15.64,0,2,2,-6.280280896675638,-6.113576249937978,3.104695779952031,-6.280280896675638,-6.113576249937978,3.104695779952031,337.65487241744995
-4.532708958112899,-6.573419150899704,3.2388089362865227,-7.751432542524111,-4.874599812898088,2.9647799038464004,-0.9782444568791866,-0.0007921722663590563,0.0007633770413059921,0.2074525784456252,0.14903987587442571,0.03395314673334691,-0.0206732477979293,0.0006741360152773268,-0.0008108883207569306,-0.010093725086335326,14045,761000000,15.43,0,2,2,-6.228416321406757,-6.127115905642972,3.0967089531078944,-6.228416321406757,-6.127115905642972,3.0967089531078944,338.0300521850586
-4.436837120055821,-6.602347080661456,3.2831024127962647,-7.710319893986846,-4.880839105104237,2.95944535383578,-0.9779402829464454,-0.0008664125743352298,0.0008628852070188169,0.20888108518723447,0.12049976719588533,0.03909388834307396,-0.015273227327836352,0.0006419702174298436,-0.0003825636497367668,-0.00946921345530427,14046,57000000,15.25,0,2,2,-6.176256290790305,-6.140981892707267,3.090835468467568,-6.176256290790305,-6.140981892707267,3.090835468467568,338.41783809661865
-4.341425920357565,-6.628480441385833,3.3308534925573894,-7.677616300722199,-4.8829537590402925,2.9560320944634735,-0.9776629929349381,-0.0009287750977409874,0.0009175337396301172,0.21017461253480024,0.1006767803363153,0.04245963123498028,-0.009480786777710729,0.0004147807032950368,-0.00033894839646109176,-0.009743243845150573,14046,367000000,15.06,0,2,2,-6.123877865513127,-6.155077726955296,3.087012584520647,-6.123877865513127,-6.155077726955296,3.087012584520647,338.78961873054504
-4.24661551929798,-6.651713242019724,3.381966011250106,-7.646749505863595,-4.882515209133163,2.9543589127452115,-0.9773416572190441,-0.0009571066800777944,0.000991655171383033,0.2116633781057944,0.08910197002077067,0.044414119507494576,-0.002030623104139531,0.00018719806433864505,-0.000667607997684172,-0.010505312002351275,14046,656000000,14.88,0,2,2,-6.074583147893623,-6.168495429857042,3.085402730550487,-6.074583147893623,-6.168495429857042,3.085402730550487,339.1616656780243
-4.24661551929798,-6.651713242019724,3.381966011250106,-7.6188502970893035,-4.88160292406593,2.9549942772627698,-0.9770306594159917,-0.0009185814495644392,0.0011072291639122576,0.21309392486143586,0.09459980746115866,0.04325701933037935,0.006267492153432476,-0.0007063348277824844,-0.0012848627989114902,-0.009522618074697675,14046,949000000,14.65,0,2,2,-6.021569359404709,-6.183058700543964,3.0855602266917668,-6.021569359404709,-6.183058700543964,3.0855602266917668,339.5178315639496
-4.152547012978052,-6.671946651671,3.436337035063939,-7.58944720713986,-4.883365439105353,2.9578896888878825,-0.9768007161834696,-0.0007834414168267526,0.0012836407125400564,0.21414504278532387,0.12012834266008325,0.03807243089836396,0.015025227373241334,-0.0007014078391875955,-0.0018220493529952364,-0.006506351428470225,14047,234000000,14.42,0,2,2,-5.971962834843848,-6.196807823160917,3.0875211428569584,-5.971962834843848,-6.196807823160917,3.0875211428569584,339.84938049316406
-4.059362049326308,-6.689089208183685,3.4938570679927743,-7.545495660088763,-4.892919091897405,2.9640478697440287,-0.976667417306361,-0.0006234671611024076,0.0015571467292814663,0.2147508848756738,0.17341407237540374,0.026900181818415896,0.024961897533293524,-0.0005800448775516998,-0.002320784869880299,-0.002054455217148643,14047,495000000,14.25,0,2,2,-5.92569217107765,-6.209676723942523,3.091033779012367,-5.92569217107765,-6.209676723942523,3.091033779012367,340.2172837257385
-4.059362049326308,-6.689089208183685,3.4938570679927743,-7.492090780154098,-4.911024328815749,2.972547431196191,-0.9766365935415067,-0.0004883567056056583,0.0018518345935593472,0.21488903269363918,0.22333359552695278,0.01673310245809034,0.03408907082474766,-0.00040692627862881636,-0.002380135310886544,-0.0008632975777800311,14047,785000000,14.12,0,2,2,-5.872365761463245,-6.2245397487309235,3.0968806767346853,-5.872365761463245,-6.2245397487309235,3.0968806767346853,340.56755566596985
-3.9672024398808325,-6.703057006306124,3.5544102723452102,-7.419383634012423,-4.940274974447441,2.9853238267792284,-0.9765731104460708,-0.0003653096792393892,0.0021786917778758444,0.21517453335527825,0.2570099672794056,0.010293880264931268,0.042921911674108464,-0.00023337674548429277,-0.0019395655044718296,-0.004153281179242185,14048,73000000,14.06,0,2,2,-5.822557400519493,-6.2384012411195675,3.1041692168800545,-5.822557400519493,-6.2384012411195675,3.1041692168800545,340.9750533103943
-3.8762097684280574,-6.713773865026728,3.6178747020262714,-7.332770879945243,-4.9765093292822815,3.0025693288704467,-0.9763345661403304,-0.00029370470398300437,0.002440359344293159,0.2162516435622846,0.2572288306503039,0.011627219530452511,0.05027318847378141,0.0001305692137520964,-0.0011138669833599124,-0.0075562403253570665,14048,396000000,13.99,0,2,2,-5.765570058072491,-6.254143621492016,3.114717729950193,-5.765570058072491,-6.254143621492016,3.114717729950193,341.4175672531128
-3.786524997592367,-6.721171473709559,3.6841225481205733,-7.258791857102824,-5.006142530671968,3.020029669562008,-0.9760611517375607,-0.00030772771681228644,0.002562750011879678,0.21748095476334417,0.23612322629111687,0.017450822298077276,0.05637709374702127,0.0006327125333882577,-0.00015937224588924437,-0.007637300677743042,14048,755000000,13.84,0,2,2,-5.701520577993232,-6.2716542803371915,3.1292578979240915,-5.701520577993232,-6.2716542803371915,3.1292578979240915,341.8069233894348
-3.6982880744793807,-6.725189516720688,3.7530203962825284,-7.1963407820222125,-5.028478303602938,3.038184224566943,-0.9758293000924714,-0.00038872461214927486,0.002559173786625351,0.2185188243693052,0.20465028070505023,0.02507051537062473,0.062443270693403816,0.0005814412361360155,0.0003925059502307704,-0.006214836685103364,14049,61000000,13.68,0,2,2,-5.644857984528785,-6.287000129902372,3.144279029132569,-5.644857984528785,-6.287000129902372,3.144279029132569,342.1968080997467
-3.6982880744793807,-6.725189516720688,3.7530203962825284,-7.141647010698307,-5.044804088235617,3.058198247503223,-0.9756528533599755,-0.00047684002909969647,0.002509147772075182,0.21930569197260358,0.1731359594897926,0.03234064222471297,0.06921893668206511,0.0006794546095534315,0.0005808967500797735,-0.004288755189918447,14049,369000000,13.54,0,2,2,-5.591867677417465,-6.3011340670127485,3.1602359502043718,-5.591867677417465,-6.3011340670127485,3.1602359502043718,342.57228207588196
-3.6116375364826183,-6.725775776295651,3.8244294954150577,-7.0884869184724195,-5.056501002585232,3.08343540832503,-0.9755201688596487,-0.0005764272474749942,0.002419997207205491,0.21989591058768648,0.14170453505736158,0.03909077034563497,0.0771563568514386,0.00034468343983462546,0.0008121709129227384,-0.0034238918487972114,14049,674000000,13.41,0,2,2,-5.539038892724531,-6.315005318198833,3.1780741849291743,-5.539038892724531,-6.315005318198833,3.1780741849291743,342.98805141448975
-3.5267101183659015,-6.722886213458185,3.898206037095796,-7.047968364237095,-5.062107361961452,3.1077483063940416,-0.9754023285595477,-0.0006321673207354487,0.002317705027492836,0.22041897842176988,0.1213744887567721,0.04318651061909736,0.08377466460733597,0.0001861825822402352,0.00065067510490735,-0.0038798184505139943,14050,4000000,13.3,0,2,2,-5.479406101355489,-6.330346447727063,3.2004981541014805,-5.479406101355489,-6.330346447727063,3.2004981541014805,343.34751558303833
-3.4436403617338742,-6.716485026860802,3.9742014451881857,-7.016056619065344,-5.064537849700288,3.1305452251064447,-0.975284045580389,-0.0006512618832554525,0.0022565464411373843,0.22094233250436257,0.11115383940334438,0.04563626314351029,0.09047090204790055,-6.773553664629617e-05,0.00020430653364655882,-0.0043622395878628595,14050,298000000,13.18,0,2,2,-5.426782202816253,-6.343541408524496,3.2225138393962305,-5.426782202816253,-6.343541408524496,3.2225138393962305,343.68685388565063
-3.4436403617338742,-6.716485026860802,3.9742014451881857,-6.982865522197742,-5.066111048641532,3.1572024673976804,-0.9751484918647921,-0.0006093696214390579,0.0022753986659143762,0.22153977079386206,0.11234370277499765,0.046204967658887576,0.09873452442787856,-0.0005912354652082286,-0.0011148468388455512,-0.003668869476314285,14050,572000000,13.06,0,2,2,-5.381320885758228,-6.35468508488315,3.243019713172466,-5.381320885758228,-6.35468508488315,3.243019713172466,344.02074456214905
-3.3625602280003974,-6.7065446894783225,4.052262675053997,-6.949838419508344,-5.068983155209255,3.184090558956041,-0.975072341873233,-0.000479121309091486,0.002487314000645273,0.22187273790549772,0.12943656060522404,0.043573156362983236,0.1060783034630544,-0.0006904240365201986,-0.0026769075930133113,-0.001261886575321114,14050,841000000,12.92,0,2,2,-5.33249924812642,-6.366355329281428,3.266704016498059,-5.33249924812642,-6.366355329281428,3.266704016498059,344.33578538894653
-3.2835987159577487,-6.693045963146028,4.132232521764888,-6.911787803729495,-5.075478924516202,3.212605935385579,-0.9750782475088777,-0.0003077370383389646,0.0028705928654176567,0.22184245813083808,0.15787322681437646,0.038359032061782795,0.11136053393752772,-0.0007684756667458714,-0.003806420727414661,0.0020990653183616814,14051,102000000,12.81,0,2,2,-5.287265833672892,-6.376832332738682,3.290291361006655,-5.287265833672892,-6.376832332738682,3.290291361006655,344.6719217300415
-3.2835987159577487,-6.693045963146028,4.132232521764888,-6.855734267768151,-5.090104353068194,3.2495800627248825,-0.9752184136968526,-0.00010478027889949384,0.0034604187658198796,0.2212172238087552,0.19606192023164254,0.031628522919953383,0.11728693644407373,-1.885680429580816e-05,-0.0036614372447729693,0.005009836468161666,14051,370000000,12.75,0,2,2,-5.242246498961186,-6.386959838103669,3.3151999086509782,-5.242246498961186,-6.386959838103669,3.3151999086509782,345.0448434352875
-3.2068814850407197,-6.675977890994722,4.213949936692154,-6.791147837268273,-5.110647790972683,3.2884968035951654,-0.975394102466254,-2.3966805402219574e-05,0.003883453346762439,0.22043426024496804,0.22063953153663923,0.02756112097775054,0.12221971360641773,0.00013153588440673047,-0.0015231980910357379,0.004226110786476056,14051,679000000,12.75,0,2,2,-5.187162957655999,-6.398906467297383,3.3476159866246604,-5.187162957655999,-6.398906467297383,3.3476159866246604,345.4515554904938
-3.132530485366818,-6.655337767895037,4.297250351837312,-6.7224588641033725,-5.133874922230143,3.3288347568618954,-0.9755123975917792,-7.100858236537533e-05,0.003953419319706431,0.2199089074553408,0.22534082902146949,0.027549774550270727,0.12666835213301705,0.000764456001434155,0.0011393490808586648,0.0021483099544639117,14052,11000000,12.78,0,2,2,-5.132466701655184,-6.410239687435287,3.3819355201195247,-5.132466701655184,-6.410239687435287,3.3819355201195247,345.85289001464844
-3.060663595618906,-6.6311310890833415,4.3819660112501,-6.643163209485113,-5.159044230831933,3.3789347474017806,-0.9755624927472664,-0.00030285324802185464,0.0036018843186892795,0.21969241555867275,0.20738880867550233,0.032912868333285106,0.1339839807007418,0.000837965859545875,0.002763456654975016,0.0003753633279757196,14052,333000000,12.8,0,2,2,-5.077965097335019,-6.420939575631724,3.4184814989390295,-5.077965097335019,-6.420939575631724,3.4184814989390295,346.2974908351898
-3.060663595618906,-6.6311310890833415,4.3819660112501,-6.585300369171453,-5.174787064510479,3.420512034040418,-0.9755699259427945,-0.0004862078976293827,0.003223796323492384,0.2196649501743858,0.18688994744032889,0.03850274606965271,0.14068445321479978,0.0005682317919308844,0.002919862140515761,0.000218645118366112,14052,699000000,12.78,0,2,2,-5.013706328151958,-6.432805882994435,3.464450589103802,-5.013706328151958,-6.432805882994435,3.464450589103802,346.6762251853943
-2.9913942698176106,-6.603371477200641,4.467926308866647,-6.5361605548457105,-5.185353852339628,3.4611757211861747,-0.9755781702331625,-0.0006336867209939198,0.0028435770019541364,0.21963320849882456,0.16409142344983776,0.04421835065527621,0.14694245979630377,0.0006874422808778036,0.0032453079938932206,-2.365657785219355e-05,14053,6000000,12.76,0,2,2,-4.963413960216407,-6.441546259541273,3.50244782883949,-4.963413960216407,-6.441546259541273,3.50244782883949,347.0197947025299
-2.9248311940096183,-6.572080588034301,4.554958132087365,-6.492384457515051,-5.191680575379101,3.503267479156561,-0.9755682783937598,-0.0007856344888821711,0.002414103071673195,0.21968179049854158,0.14088535971349908,0.04944003298699577,0.15208801561687993,0.000115549195101039,0.002978982297463517,-0.0005519184071545169,14053,285000000,12.73,0,2,2,-4.916747872998405,-6.4491303695875555,3.5393592812484393,-4.916747872998405,-6.4491303695875555,3.5393592812484393,347.35929346084595
-2.8610779538735933,-6.537287995309999,4.642886210402717,-6.4532414088961225,-5.194318566246668,3.546882434924217,-0.9755461167442645,-0.0008698307835181002,0.002081209788077592,0.2197832706677459,0.12248366788701981,0.054024521049466666,0.1582159990254641,0.0003661775565433345,0.001966346940207586,-0.0011421690146562469,14053,562000000,12.68,0,2,2,-4.870324139372344,-6.456104327430529,3.577794371144208,-4.870324139372344,-6.456104327430529,3.577794371144208,347.69078946113586
-2.8610779538735933,-6.537287995309999,4.642886210402717,-6.415063957114184,-5.193911936158002,3.595651547237844,-0.9754959446366195,-0.0009338781319947098,0.0018899479854802693,0.22000731343697633,0.11028160878401172,0.05796764264271216,0.16584061948585713,1.8743270668863943e-05,0.0005481889786551619,-0.0017485091007074516,14053,840000000,12.63,0,2,2,-4.824237072074033,-6.462482294377039,3.6174310416822757,-4.824237072074033,-6.462482294377039,3.6174310416822757,348.0694668292999
-2.8002327142182644,-6.499031054937685,4.73153346836469,-6.375748492596915,-5.191813251938202,3.650160254494403,-0.9754402238167839,-0.0008590464170403256,0.0019152119703460583,0.2202543161044171,0.1108285571749372,0.0593224151901809,0.17272117651911803,-0.000951702145357558,-0.0015168471804827277,-0.0008184622970475175,14054,148000000,12.54,0,2,2,-4.775162422214984,-6.468576639030072,3.6615513949353913,-4.775162422214984,-6.468576639030072,3.6615513949353913,348.4636254310608
-2.742387911317235,-6.457354749170536,4.82072138219313,-6.3369132617081245,-5.19093709901054,3.7027563677347874,-0.9754481182308565,-0.0006547501940368076,0.0022145355983859607,0.22021724676815718,0.12498131943897099,0.05735783611686028,0.1764141189470236,-0.0008621565370958706,-0.0036663913988377317,0.0024846309315762483,14054,471000000,12.45,0,2,2,-4.723230173486134,-6.4742607371074135,3.7103608429818182,-4.723230173486134,-6.4742607371074135,3.7103608429818182,348.83016180992126
-2.687629958992159,-6.412311511189544,4.910270339298964,-6.295952083919727,-5.193340135215809,3.7527188055567837,-0.9755915730331963,-0.0004490168970075097,0.0027776434058551253,0.2195749660310789,0.14942496729490973,0.05318529128226411,0.17859535944245986,-8.752861759830921e-05,-0.005117950831845519,0.007623440797033254,14054,767000000,12.39,0,2,2,-4.674936797150579,-6.4788468480743,3.757695064957727,-4.674936797150579,-6.4788468480743,3.757695064957727,349.1746401786804
-2.687629958992159,-6.412311511189544,4.910270339298964,-6.252195374537073,-5.199554770371763,3.799579970331249,-0.9758747859022583,-0.00031822523359957273,0.003436468812485647,0.21830366844151589,0.176001467122971,0.04848611569482592,0.17965866217084853,0.00024154068540838125,-0.004963349283571006,0.011672074197122129,14055,38000000,12.41,0,2,2,-4.630289748170391,-6.482497097064504,3.802849961484039,-4.630289748170391,-6.482497097064504,3.802849961484039,349.5065040588379
-2.6360389693210795,-6.363961030678936,4.99999999999999,-6.191386603096409,-5.211866115662089,3.857711711662398,-0.9762984141570554,-0.0002645281858527663,0.004028021434489116,0.2163911079101457,0.19842032047026337,0.044743133937469724,0.180544171161037,0.0006104784802118957,-0.0016572389313296298,0.011231313055759529,14055,305000000,12.52,0,2,2,-4.589191477721039,-6.485311214435063,3.8457354394559085,-4.589191477721039,-6.485311214435063,3.8457354394559085,349.91484808921814
-2.587688488810457,-6.312370041007844,5.089729660701031,-6.119054655305469,-5.22798049654718,3.9235800758509285,-0.9766764688759982,-0.00042889276895164015,0.00401561090063646,0.2146782850313439,0.20178012852607075,0.045292442849633026,0.18284395934623363,0.0010497999824110593,0.0021727068542531924,0.007937565260363044,14055,627000000,12.7,0,2,2,-4.539073974096919,-6.48796625023224,3.8998980646466714,-4.539073974096919,-6.48796625023224,3.8998980646466714,350.3518524169922
-2.542645250829466,-6.257612088682768,5.179278617806864,-6.059771192876723,-5.23993361360841,3.9794999472723345,-0.9768952502889195,-0.000685353294675387,0.003592197030605495,0.21368738000711163,0.18870343564775444,0.049818999751327045,0.18765486417930372,0.0012631423260245356,0.004924490940538817,0.004904000479655224,14055,979000000,12.87,0,2,2,-4.483440219087391,-6.489905374702845,3.9623381834371902,-4.483440219087391,-6.489905374702845,3.9623381834371902,350.7322325706482
-2.542645250829466,-6.257612088682768,5.179278617806864,-6.002132013600491,-5.2475851681250365,4.04118529592353,-0.9770127273965006,-0.0010310759890122586,0.002740961079002101,0.2131608653574077,0.1595160626726827,0.05836676510360209,0.19563111947522369,0.000978329421741364,0.006341606331261573,0.002021227123805147,14056,292000000,12.97,0,2,2,-4.43769399581293,-6.490759344732563,4.015362644708719,-4.43769399581293,-6.490759344732563,4.015362644708719,351.1120226383209
-2.5009689450623167,-6.19976728578174,5.268466531635305,-5.95536053156628,-5.2485389702051695,4.101268249908429,-0.9770496221907766,-0.0012834270582520167,0.0018905912994185204,0.21299956398167763,0.12940722247108358,0.06643454652500005,0.20250937164415964,6.929670917088515e-05,0.0054594880566583015,6.109093106942964e-05,14056,601000000,13.03,0,2,2,-4.389399709825305,-6.490772517319471,4.073075608852738,-4.389399709825305,-6.490772517319471,4.073075608852738,351.49402117729187
-2.4627120046900064,-6.138922046126419,5.357113789597264,-5.915372405375342,-5.244004207174726,4.1629473846105665,-0.9770212485322487,-0.0014240989169251657,0.001223699460161018,0.21313365388504785,0.1027566547290849,0.0731675410715039,0.2076152076818356,0.000392022607798026,0.003928750038539874,-0.002289983376613236,14056,915000000,13.04,0,2,2,-4.344603466293943,-6.489862259973567,4.128308524491615,-4.344603466293943,-6.489862259973567,4.128308524491615,351.87302446365356
-2.4279194119657,-6.075168805990385,5.44504186791263,-5.881184106712108,-5.234713344123837,4.226166067791483,-0.9769064351690917,-0.0015340301444631945,0.0007701891327225144,0.2136606432767456,0.08136825995634264,0.07913638096627587,0.21311972215498748,-3.80659994192456e-05,0.002361153656238457,-0.004965315883964649,14057,210000000,13.01,0,2,2,-4.300330647534364,-6.488110832229839,4.184522314776114,-4.300330647534364,-6.488110832229839,4.184522314776114,352.2446618080139
-2.4279194119657,-6.075168805990385,5.44504186791263,-5.85085495269664,-5.221996135645406,4.291070302545133,-0.9767212618398481,-0.0015085734353485962,0.0005638684437788864,0.2145063703682074,0.07141198719544016,0.08298295341966419,0.21858029840786458,-0.0009175916886761115,-0.00044420386871024675,-0.005735830291087041,14057,514000000,12.93,0,2,2,-4.256598203591104,-6.485605833339055,4.241405058428725,-4.256598203591104,-6.485605833339055,4.241405058428725,352.60959029197693
-2.396628522799361,-6.008605730182392,5.5320736911333475,-5.824617310438057,-5.210420346728255,4.3484659476948275,-0.976587040354385,-0.0013052895420078404,0.0007633219156499443,0.2151173311723798,0.07945531044565429,0.0824884502810817,0.22103681402517467,-0.002187857899116352,-0.004681848440668546,-0.001197774508909788,14057,810000000,12.81,0,2,2,-4.21340177778853,-6.482283501636728,4.2990487525963275,-4.21340177778853,-6.482283501636728,4.2990487525963275,352.935791015625
-2.368868910916664,-5.939336404381105,5.61803398874989,-5.79394409812834,-5.2020370944181415,4.405705013105922,-0.9767064791592837,-0.0008848274031642875,0.001639666512828277,0.21457162473744895,0.1097062766343924,0.07592822216907033,0.21810658638390362,-0.001311418338900694,-0.009502661669102963,0.010453151207912015,14058,72000000,12.73,0,2,2,-4.1763854895028585,-6.478699351901351,4.349792231282183,-4.1763854895028585,-6.478699351901351,4.349792231282183,353.2521698474884
-2.344662232104967,-5.867469514633185,5.70274964816269,-5.755747670153215,-5.19928767816175,4.461938047560033,-0.9771643238364233,-0.0005286661412775618,0.0029288120140489064,0.21246417767144388,0.14751220430612527,0.0676013874738015,0.2134162141563764,0.0003161585880206985,-0.009809899529500399,0.020432666860870086,14058,329000000,12.79,0,2,2,-4.139821327125573,-6.474530013933966,4.40090127998848,-4.139821327125573,-6.474530013933966,4.40090127998848,353.5750777721405
-2.344662232104967,-5.867469514633185,5.70274964816269,-5.702943151461703,-5.202337899105522,4.525681275157156,-0.9778702597819586,-0.00040003402768310327,0.004107215505800614,0.20917152241050835,0.18135405728909956,0.0607230815914732,0.2092374420178829,0.0011082229775638552,-0.00579068928345805,0.02317094877071213,14058,588000000,13.04,0,2,2,-4.10369878569625,-6.469730244943659,4.452463759321397,-4.10369878569625,-6.469730244943659,4.452463759321397,353.92045998573303
-2.3240221090052797,-5.793118514959282,5.786050063307848,-5.635519270305657,-5.210613827644249,4.596875101642279,-0.9786148741116913,-0.0005482044637050796,0.004571379244700565,0.2056495322898284,0.19552686811596948,0.05890380563792654,0.20706063457383647,0.0014171850693855959,0.001958074312824465,0.015684884965594392,14058,877000000,13.43,0,2,2,-4.0625632408362335,-6.463323837800731,4.512711032326077,-4.0625632408362335,-6.463323837800731,4.512711032326077,354.3539798259735
-2.306954036853975,-5.716401284042254,5.867767478235114,-5.572343839349905,-5.21717351048323,4.6639149801754565,-0.9789945042105586,-0.0009399077744321612,0.003915158069464704,0.20384687595395995,0.1791022214563273,0.06492751507077399,0.2099733879284432,0.0017663700646153302,0.007930819720058935,0.0064636452407285105,14059,222000000,13.85,0,2,2,-4.0167041741916645,-6.455027789486775,4.581610510898631,-4.0167041741916645,-6.455027789486775,4.581610510898631,354.7627902030945
-2.306954036853975,-5.716401284042254,5.867767478235114,-5.519563107444879,-5.217476912886731,4.7282405364479105,-0.9790998526619017,-0.0014056724922209608,0.0026636696281920106,0.20335783109189126,0.14493991897499112,0.07541056284945431,0.21667208312654504,0.0014884825077388086,0.009727495307743084,0.0006203432747042825,14059,556000000,14.06,0,2,2,-3.9743214540983187,-6.4460537825645225,4.647411826003737,-3.9743214540983187,-6.4460537825645225,4.647411826003737,355.108158826828
-2.29345531052168,-5.637439771999615,5.947737324945992,-5.481309124472922,-5.211464932099446,4.785655665394737,-0.9790706324245946,-0.0017456882620068216,0.0014996429255632192,0.20350774031297103,0.10958039799508638,0.08533520410973008,0.2227086586135359,0.00022254716611769254,0.008694212465343298,-0.002931165636255173,14059,839000000,14.14,0,2,2,-3.935278271829994,-6.4367128639715565,4.709653370854042,-3.935278271829994,-6.4367128639715565,4.709653370854042,355.4368259906769
-2.2835149731391997,-5.556359638266128,6.025798554811816,-5.450105835144066,-5.199831920519832,4.844230897604534,-0.9789476947866371,-0.0019178064184393227,0.0005480873401799526,0.20410152495936468,0.07750956013199936,0.09377280268187607,0.22674525257919148,-9.349530145641438e-05,0.006285398831096245,-0.006833009138063062,14060,109000000,14.14,0,2,2,-3.901993414108752,-6.427864206385289,4.763975943083829,-3.901993414108752,-6.427864206385289,4.763975943083829,355.75376653671265
-2.2771137865418183,-5.4732898816341,6.101793962904206,-5.426693750349997,-5.184794544354931,4.8991838036088255,-0.9787245835786307,-0.0019948281524975898,-5.7943449300174835e-05,0.20516872764150623,0.0527485241571639,0.10053667281936582,0.23030611117733205,-0.00022191876070110084,0.004128398086322704,-0.011281767183390912,14060,368000000,14.09,0,2,2,-3.8692555556371304,-6.418397612930393,4.818364444785904,-3.8692555556371304,-6.418397612930393,4.818364444785904,356.0633716583252
-2.2771137865418183,-5.4732898816341,6.101793962904206,-5.404642373658316,-5.162902642683875,4.964358697773712,-0.9783145630790864,-0.002030843125085773,-0.0005080458363151447,0.20711405851126036,0.0293785972859891,0.10746651236262841,0.23439592555298364,-0.00025106786267770076,0.0026927610178972827,-0.017165016106446274,14060,616000000,13.92,0,2,2,-3.8370469891479724,-6.4081593594470565,4.873017145723269,-3.8370469891479724,-6.4081593594470565,4.873017145723269,356.4164674282074
-2.2742242237043486,-5.388362463517386,6.175570504584939,-5.3880353029295165,-5.139171817178205,5.025855179333876,-0.9777969050127917,-0.0019804114132222794,-0.0007709609153225732,0.2095440195694141,0.016587104427409648,0.11158871513827988,0.2369791475196144,-0.002116091195603076,-0.0001375294492511614,-0.018115084276359994,14060,896000000,13.78,0,2,2,-3.8053396795382293,-6.397164110660128,4.927934498680196,-3.8053396795382293,-6.397164110660128,4.927934498680196,356.72951006889343
-2.2748104832793112,-5.301711925520624,6.246979603717468,-5.3741003481701135,-5.11886187930421,5.077945675844511,-0.9774531643925743,-0.001705815898286622,-0.000560780779812025,0.2111447066255292,0.025101951652727016,0.10962848571402753,0.23552671370904715,-0.003083278943449841,-0.005651093852065969,-0.009377625519846333,14061,148000000,13.53,0,2,2,-3.774182923071313,-6.385483289666395,4.982902714346635,-3.774182923071313,-6.385483289666395,4.982902714346635,356.9986960887909
-2.2748104832793112,-5.301711925520624,6.246979603717468,-5.355487310722647,-5.10213295871943,5.129196997906323,-0.9775495412880744,-0.0011276844441495295,0.0006558666656834129,0.2107016670417836,0.06343383489566984,0.10075138620375972,0.2302379483853275,-0.002037627700701705,-0.014787535201321589,0.013019557081861421,14061,360000000,13.37,0,2,2,-3.7482651092959602,-6.375055550472633,5.029411414304355,-3.7482651092959602,-6.375055550472633,5.029411414304355,357.2851641178131
-2.2788285262904413,-5.213475002407638,6.315877451879423,-5.327973021269917,-5.089215036497611,5.1839308161473925,-0.9780262281967569,-0.0006054976341118835,0.0023372903454881864,0.20846790497743467,0.09992924104615386,0.09295727369813288,0.22502323245445618,-0.0008941766850512067,-0.013338629833015148,0.02273659010825213,14061,583000000,13.46,0,2,2,-3.7227580988400697,-6.36417656672969,5.075759089070505,-3.7227580988400697,-6.36417656672969,5.075759089070505,357.59590101242065
-2.2788285262904413,-5.213475002407638,6.315877451879423,-5.294216687189536,-5.080835343921178,5.23739523628208,-0.9786330611305853,-0.00030129993162133573,0.0036170634260885826,0.2055824840123852,0.12898036717488748,0.0864320773677233,0.2190552537592531,0.00022634055341086423,-0.008555784188502003,0.025400454251212068,14061,821000000,13.77,0,2,2,-3.695418672875802,-6.351700869248277,5.126271911995673,-3.695418672875802,-6.351700869248277,5.126271911995673,357.90401434898376
-2.286226134973271,-5.123790231571948,6.382125297973725,-5.248730437660718,-5.075240218712398,5.298073884880025,-0.9793547452652106,-0.0002225953806592189,0.004420997919047993,0.20210068816115057,0.15415406664670417,0.08109172789303966,0.21162730312092654,0.000550986555936106,-0.003412005867176049,0.025016392828547396,14062,75000000,14.15,0,2,2,-3.66858906955344,-6.338582286705435,5.17682272722003,-3.66858906955344,-6.338582286705435,5.17682272722003,358.235609292984
-2.286226134973271,-5.123790231571948,6.382125297973725,-5.184171944816029,-5.071939681996997,5.3732029091137905,-0.9801447139957576,-0.00044413835362573607,0.004483100781115546,0.19823229851536295,0.16288893636573196,0.08015296505712018,0.2051547248206679,0.001622076945295703,0.004448352547115064,0.014677916169603122,14062,352000000,14.6,0,2,2,-3.637939496121292,-6.322581048457885,5.235540331634315,-3.637939496121292,-6.322581048457885,5.235540331634315,358.66990423202515
-2.2969429936938752,-5.032797560119191,6.4455897276547764,-5.122292974408944,-5.065421326941191,5.4476338360824785,-0.9804375937338619,-0.0010101599293761531,0.0032817719495056453,0.19680023969279997,0.13339383482868125,0.08986262675839253,0.20706865898936266,0.0019183337144568213,0.011254461151111173,-0.0010874175075059611,14062,716000000,15.1,0,2,2,-3.5996621293194915,-6.3007314630157305,5.310911296332377,-3.5996621293194915,-6.3007314630157305,5.310911296332377,359.07043838500977
-2.3109107918163154,-4.940637950673698,6.506142932007222,-5.082967861787433,-5.053068358875197,5.5064300774911885,-0.9802831934233345,-0.0014896402947877155,0.0017527922046534912,0.19758433486243,0.09306988217921269,0.101523811599884,0.21125124841282678,0.0008282089140720927,0.011255992103542667,-0.009447018692299025,14063,60000000,15.3,0,2,2,-3.5626412889286643,-6.277548849447016,5.385949705086312,-3.5626412889286643,-6.277548849447016,5.385949705086312,359.4266264438629
-2.328053348328999,-4.8474529870219545,6.563662964936058,-5.051207692014631,-5.0315527140848255,5.570665181029512,-0.9799122839817259,-0.0017909593125837115,0.00032861126454721554,0.1994206613696149,0.04971892643957647,0.11374914015833062,0.21552780421862586,-0.0003265408281549753,0.00817153768366552,-0.015841069762245752,14063,356000000,15.24,0,2,2,-3.534691931752706,-6.258606647014905,5.444032402345492,-3.534691931752706,-6.258606647014905,5.444032402345492,359.7654495239258
-2.348286757980274,-4.753384480702025,6.618033988749891,-5.031142560410728,-5.006869607332971,5.62716363343441,-0.9794272038135833,-0.0018728342865327215,-0.0005203698865589823,0.20178843905640853,0.01935644430196077,0.12244196557242767,0.21802322394622853,-0.0006900054415837076,0.005429199836726184,-0.022065094526624307,14063,641000000,15.07,0,2,2,-3.5051028985133383,-6.237924663100808,5.505564073211687,-3.5051028985133383,-6.237924663100808,5.505564073211687,360.1006441116333
-2.348286757980274,-4.753384480702025,6.618033988749891,-5.0121586436540255,-4.965323441129789,5.706211783912532,-0.9784197431755144,-0.0018799352230095445,-0.001284091904686195,0.20661467304114195,-0.0134915626169932,0.13194723174712705,0.21985086249718652,-0.0008036522672227875,0.003583972079468367,-0.03331717089167796,14063,914000000,14.84,0,2,2,-3.476407694395154,-6.22182423389211,5.5582497965752236,-3.476407694395154,-6.22182423389211,5.5582497965752236,360.4954183101654
-2.3715195586141586,-4.6585740796424515,6.6691465074425995,-5.001830114771378,-4.925950247674914,5.772291669613415,-0.977333427933877,-0.0017310925963971932,-0.0016179733382525954,0.21169259817886,-0.02680773348146283,0.1350156343488346,0.21844765913633496,-0.0024156542622222332,-0.0009724044900849549,-0.031002770629129373,14064,259000000,14.33,0,2,2,-3.4269448183206244,-6.205658036846544,5.63000885850951,-3.4269448183206244,-6.205658036846544,5.63000885850951,360.8500859737396
-2.397652919338544,-4.563162879944184,6.716897587203733,-4.992092414257516,-4.889405380974805,5.832879320691971,-0.9765926846241268,-0.0012499501618649094,-0.0011641824898520595,0.21509023837069768,-0.010204772793367149,0.1299370570863224,0.21254448184960012,-0.004379835036161239,-0.010081038453790825,-0.010926303184533026,14064,565000000,13.77,0,2,2,-3.3788350375728253,-6.196449507340368,5.68848236898634,-3.3788350375728253,-6.196449507340368,5.68848236898634,361.1903703212738
-2.397652919338544,-4.563162879944184,6.716897587203733,-4.97224566732159,-4.857818971719302,5.895189475623257,-0.9766988066552381,-0.0003706561529250768,0.0006906735595092066,0.2146132024417048,0.0386703378739544,0.11827491010000743,0.2029552946309357,-0.0021787054492961033,-0.013494750146492152,0.012234277073730482,14064,856000000,13.41,0,2,2,-3.334838895612055,-6.186814994508517,5.742163133093269,-3.334838895612055,-6.186814994508517,5.742163133093269,361.5181324481964
-2.4265808491002945,-4.467291041887107,6.761191063713475,-4.944121639486914,-4.835719857927864,5.950875879355168,-0.9771864926446956,0.00015370524589558175,0.0022047312753899688,0.21237154735853525,0.0762123537205214,0.10991247905015367,0.1942250268318974,-0.0007952363318963762,-0.00917989664230845,0.019022878768737428,14065,140000000,13.53,0,2,2,-3.293136383098451,-6.172390187597393,5.798910685511996,-3.293136383098451,-6.172390187597393,5.798910685511996,361.8478741645813
-2.458190425185273,-4.37109741122714,6.801937735804835,-4.905956548878022,-4.818050244050316,6.007747764632824,-0.9778312193038071,0.0003732921799943368,0.00318673045278789,0.20937003595739168,0.1061278344921347,0.10320783116622756,0.1838638684660021,0.0005207867388890008,-0.004274284310668008,0.021398694298113696,14065,424000000,13.85,0,2,2,-3.259669731951005,-6.154878917062858,5.85122939383475,-3.259669731951005,-6.154878917062858,5.85122939383475,362.1929202079773
-2.458190425185273,-4.37109741122714,6.801937735804835,-4.864918569258364,-4.805443560877094,6.058066508549512,-0.9784666013621455,0.00031754546129450023,0.0035532342114177806,0.2063743775528622,0.125403985958831,0.09894739672198473,0.17420037339575406,0.0011198846664228768,-0.0008854987981976592,0.02212104227510281,14065,720000000,14.25,0,2,2,-3.2286332260257797,-6.1327315493023455,5.906329769046713,-3.2286332260257797,-6.1327315493023455,5.906329769046713,362.51657247543335
-2.492362041105416,-4.274719146831802,6.839055545102903,-4.820311212178822,-4.795283322237865,6.1057912065043105,-0.9791056748209711,0.0001420568920581784,0.0035613682219951225,0.20332086466862587,0.13852699086965928,0.0957632101361517,0.16472166626806065,0.0009414397652562911,0.0010822915555763757,0.022509872724185698,14065,999000000,14.64,0,2,2,-3.203322046342038,-6.109517056126587,5.956874549811145,-3.203322046342038,-6.109517056126587,5.956874549811145,362.84402799606323
-2.5289696732811873,-4.178291355680664,6.872469741279475,-4.773255095951685,-4.786851214362056,6.150834769271856,-0.9797474722737873,-6.197756997957586e-05,0.003379358613715632,0.2002085579271402,0.14738120753548242,0.09313266074765308,0.15535121063642987,0.0010996411219821312,0.001989676775338012,0.022736884238838684,14066,288000000,15.04,0,2,2,-3.1809177204732384,-6.084218779378504,6.006607413849578,-3.1809177204732384,-6.084218779378504,6.006607413849578,363.16549468040466
-2.5289696732811873,-4.178291355680664,6.872469741279475,-4.721254708423073,-4.778870601688063,6.19639398992607,-0.9804237470211485,-0.00031440628410806795,0.003097315354598592,0.19687453889036388,0.15214851530383802,0.09162003215363991,0.1466975188563568,0.0012697581951215398,0.0022683907445752993,0.0225569758185884,14066,562000000,15.43,0,2,2,-3.160787583090119,-6.05734489051846,6.055278450999546,-3.160787583090119,-6.05734489051846,6.055278450999546,363.51464200019836
-2.56788116587496,-4.081946736232923,6.902113032590306,-4.669189026730739,-4.77064334717288,6.239705979382058,-0.9810108401474007,-0.0006072583048192031,0.0027101172099098752,0.19393302456093114,0.14066349881317083,0.09519561309663635,0.14203511822599227,0.0013886413626096328,0.005495613913808484,0.010818246846611146,14066,865000000,15.86,0,2,2,-3.1413474586504764,-6.026987551228953,6.106273248464236,-3.1413474586504764,-6.026987551228953,6.106273248464236,363.85196256637573
-2.6089585330799085,-3.985815231137935,6.927925721391705,-4.629511836943393,-4.758863355120994,6.276937740852458,-0.9810806853215319,-0.0009405118174039763,0.0018573014282781677,0.1935881059310181,0.10353577232310311,0.1065685552071965,0.14367546231691414,0.0018234426875096688,0.009245133423974039,-0.006607184059248539,14067,163000000,16.25,0,2,2,-3.1238595066206702,-5.995140725174358,6.156026894032417,-3.1238595066206702,-5.995140725174358,6.156026894032417,364.155415058136
-2.6089585330799085,-3.985815231137935,6.927925721391705,-4.602246971152766,-4.740460856905421,6.312076227887007,-0.9807350620415161,-0.0013062316499013824,0.0006648196651554386,0.19533711848011115,0.05168899101978155,0.12165579883655393,0.1478269489274169,0.0005062139393885445,0.010329084761906415,-0.020917087931593414,14067,427000000,16.34,0,2,2,-3.1100680482277245,-5.966560073097191,6.197967865675475,-3.1100680482277245,-5.966560073097191,6.197967865675475,364.42736196517944
-2.652058278119881,-3.8900236902344916,6.949855824363648,-4.582237222367546,-4.709584277731321,6.354077362753577,-0.9799981824019834,-0.001525521052426975,-0.0005675718527461124,0.19899978174992788,-0.0012085938026682116,0.13636547281346967,0.150745278343009,-0.0007589489371184754,0.007595749548272579,-0.03259711265855003,14067,672000000,16.19,0,2,2,-3.0950978350949563,-5.941630987831592,6.235685423121681,-3.0950978350949563,-5.941630987831592,6.235685423121681,364.7578315734863
-2.6970317281683824,-3.7946955447527406,6.967859177197259,-4.572540913388443,-4.67058739264449,6.396525346413518,-0.9789210812114009,-0.0015777885850721163,-0.0014153617144675675,0.204227872961306,-0.042928035482581936,0.14664628469505392,0.15110026348400435,-0.00048423709699818573,0.005309589414537186,-0.04542703645711299,14067,952000000,15.8,0,2,2,-3.0663787745146496,-5.920147393425811,6.278300735078024,-3.0663787745146496,-5.920147393425811,6.278300735078024,365.07281160354614
-2.6970317281683824,-3.7946955447527406,6.967859177197259,-4.570723632573521,-4.62545133662223,6.438786254737878,-0.9774113003042384,-0.0016150445086013107,-0.0020277872129492325,0.2113301439639697,-0.07233069740001609,0.1522740288824402,0.148900756371924,-0.0010395904951110424,0.002969079037029587,-0.05548187946260441,14068,223000000,15.19,0,2,2,-3.0256045564947414,-5.906567784819297,6.319334733880439,-3.0256045564947414,-5.906567784819297,6.319334733880439,365.40027236938477
-2.7437253843499,-3.6999504935978362,6.981899523535869,-4.572435079389567,-4.581072218282292,6.4771296325150605,-0.9758754390364458,-0.0014667796262250944,-0.002200824020343073,0.2183120070371395,-0.07409013751868354,0.1501380818012769,0.144001963932203,-0.004153492955083493,-0.00355754693828203,-0.044357341539580375,14068,512000000,14.33,0,2,2,-2.975601419808285,-5.898839277615742,6.358599683746665,-2.975601419808285,-5.898839277615742,6.358599683746665,365.68005895614624
-2.7437253843499,-3.6999504935978362,6.981899523535869,-4.569456798379299,-4.544099331852503,6.5108656159068845,-0.9751258629345876,-0.0008768812267781733,-0.0013696236388054004,0.2216459037439642,-0.03841209211074002,0.13997999438492484,0.13655545594580448,-0.0029526404659918626,-0.009515288911643438,-0.018533458387537394,14068,759000000,13.48,0,2,2,-2.9253052576972878,-5.893939887173154,6.393479488443955,-2.9253052576972878,-5.893939887173154,6.393479488443955,365.9565978050232
-2.7919812859434368,-3.605904202557586,6.9919485879904775,-4.559656585043416,-4.512763304104868,6.542751703689189,-0.9747740880932936,-0.00038128550718625543,-0.00037916006861106943,0.2231931630693303,-0.0042889710891701755,0.13159871304678986,0.12917094828086811,-0.0017846917216957081,-0.007917896164144622,-0.0096935490546457,14069,7000000,13.07,0,2,2,-2.882222767641292,-5.8869621698875925,6.424585848230565,-2.882222767641292,-5.8869621698875925,6.424585848230565,366.24138355255127
-2.8416373878679044,-3.5126680172366744,6.997986133082629,-4.542394274035904,-4.4842660448170655,6.575273598670073,-0.974562333616489,-5.914993376689203e-05,0.00039033483009018175,0.22411626901229026,0.025474070354834222,0.12446006481883068,0.12120684732222002,-0.00027289217712223035,-0.004965758262187592,-0.0051028218877036124,14069,255000000,12.89,0,2,2,-2.8474465811469813,-5.874388367904585,6.454835193179327,-2.8474465811469813,-5.874388367904585,6.454835193179327,366.52395486831665
-2.8416373878679044,-3.5126680172366744,6.997986133082629,-4.521758323988358,-4.461736209758842,6.603475482175168,-0.9744754351010059,3.467287344114967e-05,0.0008465896064005674,0.22449255771302273,0.04542568422804083,0.12010823376224015,0.11393515039621685,0.0002442975826966176,-0.002958758796012262,-0.0014619742273680458,14069,502000000,12.8,0,2,2,-2.818555146266497,-5.854817206361844,6.486704643812975,-2.818555146266497,-5.854817206361844,6.486704643812975,366.80860018730164
-2.8925279504904227,-3.420348690478687,7.0,-4.495796173772062,-4.440162463456693,6.632069734178042,-0.9744880915607619,3.724849338037966e-05,0.0011287531186820663,0.22443636945738304,0.060576981789700016,0.11678638598597417,0.10602169416853487,0.0005464050502723694,-0.0014055607266527659,0.002501885683159344,14069,755000000,12.77,0,2,2,-2.798711240993338,-5.832128351146678,6.5152393551888546,-2.798711240993338,-5.832128351146678,6.5152393551888546,367.0900704860687
-2.8925279504904227,-3.420348690478687,7.0,-4.469480002521992,-4.4221756104898695,6.656658318642436,-0.9746074864883545,-2.2699984824068264e-05,0.0012484959862692387,0.22391669884877924,0.07053021296695795,0.11426191032491304,0.09879967126151853,0.0007227165838230576,-0.00037764696685371746,0.005769649214926176,14070,5000000,12.81,0,2,2,-2.783200428559454,-5.80356205568534,6.545084172565128,-2.783200428559454,-5.80356205568534,6.545084172565128,367.3686842918396
-2.9444839407633383,-3.3290481249933923,6.997986133082629,-4.44169812455131,-4.405410753735505,6.6795515245332275,-0.9747860378238842,-0.00011790071783563468,0.0012676249469233175,0.2231379835214698,0.07681764530608376,0.11256760799538401,0.09181825583348832,0.0006435172394958499,0.00028491482453318895,0.00750499975765706,14070,250000000,12.9,0,2,2,-2.7733927000021334,-5.774239450404581,6.571545550539814,-2.7733927000021334,-5.774239450404581,6.571545550539814,367.64330434799194
-2.9444839407633383,-3.3290481249933923,6.997986133082629,-4.410581484141693,-4.388215608305809,6.702514463685115,-0.9750302559723545,-0.00023058145210624013,0.0012321735271984171,0.22206852212566663,0.0810635220704209,0.11086616171500767,0.08459816547703652,0.0010303870340067078,0.0006455071286382008,0.008918817275116453,14070,490000000,13.03,0,2,2,-2.7670726463207527,-5.742717863887778,6.5968572228496205,-2.7670726463207527,-5.742717863887778,6.5968572228496205,367.9311752319336
-2.997333443662269,-3.2388631318613967,6.9919485879904775,-4.383880445264066,-4.374101802832877,6.720529186250855,-0.9752506075123475,-0.00036396384032508303,0.0011769340525844118,0.22109892560425531,0.0825786769169691,0.10999214052608337,0.07889036509065976,0.0007438152351824101,0.0008126542638819956,0.009116438195633236,14070,743000000,13.21,0,2,2,-2.7635672900572716,-5.7064276450511615,6.622887831563745,-2.7635672900572716,-5.7064276450511615,6.622887831563745,368.1986095905304
-3.050902082867557,-3.149885205540721,6.981899523535869,-4.35461284143923,-4.3589441780842515,6.738782190611596,-0.975492364285099,-0.00046738848963320974,0.001094592896406872,0.22003006757227128,0.0832206228585173,0.10928383519033295,0.07288267847222006,0.0006203640111834829,0.000901365876870841,0.008888194497558288,14070,977000000,13.3,0,2,2,-2.7629034665861805,-5.671299076496257,6.64550003222113,-2.7629034665861805,-5.671299076496257,6.64550003222113,368.45231676101685
-3.050902082867557,-3.149885205540721,6.981899523535869,-4.325524108895535,-4.343762290199319,6.755593782006395,-0.9757084906045993,-0.0005731716317934775,0.0009979452221676884,0.21906989054114423,0.08161027882442788,0.10919226343754758,0.06691116084575754,0.0007461481061454833,0.0010228873634332558,0.00752418027332169,14071,201000000,13.56,0,2,2,-2.7640891383239383,-5.638028592212742,6.665002461795729,-2.7640891383239383,-5.638028592212742,6.665002461795729,368.73827600479126
-3.1050134496039394,-3.062200315950648,6.967859177197259,-4.289968602949631,-4.3242667219353255,6.774680222025999,-0.9759234004407038,-0.0007119796391252535,0.0008727869564953406,0.21811063202002695,0.07739330303159261,0.10969185173273258,0.06010410922007907,0.0005113463657835382,0.0010142689461645205,0.005306625917000929,14071,455000000,13.74,0,2,2,-2.7670914812570127,-5.600752555109253,6.6849567840267285,-2.7670914812570127,-5.600752555109253,6.6849567840267285,369.0654649734497
-3.1050134496039394,-3.062200315950648,6.967859177197259,-4.255441548201172,-4.300994812145058,6.793078023153483,-0.9758281563768008,-0.000995331988901517,0.0005800855489860329,0.21853622591516048,0.03754822762341056,0.11821046881645998,0.055518131167091866,0.0024699177856746246,0.005603350837191101,-0.024366386423935182,14071,737000000,13.95,0,2,2,-2.7708174986748175,-5.554459362119333,6.70802253985794,-2.7708174986748175,-5.554459362119333,6.70802253985794,369.43867921829224
-3.159489538528554,-2.9758887181581546,6.949855824363648,-4.240387760789821,-4.27210058158334,6.807377945770416,-0.9747287654484558,-0.001452953846528568,-0.00017807916515931888,0.22338686402798963,-0.026645505146046494,0.13180543392793498,0.05383216572696028,0.0023045512307362515,0.006614208268729271,-0.04982289101462811,14072,71000000,13.98,0,2,2,-2.765264150303342,-5.511967518835807,6.730555235968016,-2.765264150303342,-5.511967518835807,6.730555235968016,369.7163836956024
-3.214151189536002,-2.8910247801396665,6.927925721391705,-4.239654748479193,-4.222688417021549,6.824320817409635,-0.9724753169954714,-0.001972839531706152,-0.0009731859783796997,0.23299553353613978,-0.10184340165767296,0.14551239961839857,0.05042015062170955,0.00183203396773024,0.00458901495221653,-0.07263630031957291,14072,328000000,13.43,0,2,2,-2.748233545233019,-5.486306719748462,6.7471871960021765,-2.748233545233019,-5.486306719748462,6.7471871960021765,370.06712675094604
-3.214151189536002,-2.8910247801396665,6.927925721391705,-4.256163736000058,-4.156621212473214,6.840861922613942,-0.9692438225683817,-0.002335445024634401,-0.001420805783933464,0.24608725976874973,-0.15553967506084243,0.15090756681322043,0.04440819021322258,0.0008056625063090905,0.0017908228073792998,-0.08277780216303654,14072,646000000,12.28,0,2,2,-2.7148619582486657,-5.463214197182878,6.765442204353798,-2.7148619582486657,-5.463214197182878,6.765442204353798,370.46094942092896
-3.2688185343304266,-2.807676829038037,6.9021130325903055,-4.277717952543952,-4.093107912022924,6.853610812735026,-0.9661711877960917,-0.0023976868529168188,-0.0014708622255871875,0.25788626084915306,-0.16137387812149834,0.14592111500582233,0.038056212054820474,-0.0016776244365246384,-0.0019123319134450867,-0.07007014646660537,14072,996000000,10.61,0,2,2,-2.6654032413755484,-5.445281988903078,6.782903005976882,-2.6654032413755484,-5.445281988903078,6.782903005976882,370.7925958633423
-3.323311446599366,-2.725907016280158,6.872469741279474,-4.291619475110596,-4.0426772925311605,6.862996411328048,-0.9641472755753351,-0.002132576548666752,-0.0010906815225563467,0.26535691724871074,-0.12773252682221303,0.1356704502065668,0.03208684530300085,-0.0014189871990311076,-0.003843424610749935,-0.05397975801315624,14073,285000000,9.23,0,2,2,-2.6219134875148997,-5.434767979281799,6.794160878559853,-2.6219134875148997,-5.434767979281799,6.794160878559853,371.1029050350189
-3.323311446599366,-2.725907016280158,6.872469741279474,-4.298705359423459,-3.995701460566813,6.871170613141342,-0.9621999257820837,-0.0018604773623685047,-0.0006199901726514685,0.27233702844292523,-0.09242255407860868,0.12630729972438473,0.02490665157277102,-0.0009061743753591145,-0.0033093284855567617,-0.05034078312746715,14073,556000000,8.3,0,2,2,-2.586415082154742,-5.421714274285829,6.803222007944959,-2.586415082154742,-5.421714274285829,6.803222007944959,371.41053342819214
-3.377449994611429,-2.645771201865616,6.8390555451029025,-4.2990060914090416,-3.955020953038253,6.877211639599338,-0.9603108090725623,-0.0016848913852020283,-0.0002564706060719978,0.2789269534165695,-0.06565884127748475,0.1198181217814881,0.017668952423465632,-0.0002315781955530838,-0.002249025033052021,-0.04621133266482502,14073,824000000,7.44,0,2,2,-2.560743510730517,-5.398967668726215,6.811695345866117,-2.560743510730517,-5.398967668726215,6.811695345866117,371.71785402297974
-3.377449994611429,-2.645771201865616,6.8390555451029025,-4.29459871975403,-3.921531453939018,6.8811186167256,-0.9587255688096161,-0.0016129647490326976,-2.4797666316267908e-05,0.28432847455095284,-0.04706937459303526,0.11587420964316317,0.011595370619801332,-6.7211129106681256e-06,-0.0014535399941451033,-0.0398307282011956,14074,99000000,6.64,0,2,2,-2.547967711550254,-5.367197210259385,6.8187104319889045,-2.547967711550254,-5.367197210259385,6.8187104319889045,372.02466773986816
-3.431054895051064,-2.567318858080564,6.8019377358048345,-4.286232506595863,-3.888687232853886,6.883485500373258,-0.9572720464482507,-0.0015852139943684507,0.00014292750272043065,0.28918453581942977,-0.03316671857070993,0.11322841654617359,0.004953265392903224,0.00015901919994121272,-0.0009228271608208161,-0.03228634304832667,14074,371000000,6.0,0,2,2,-2.545567804448321,-5.331158407371863,6.823931397816721,-2.545567804448321,-5.331158407371863,6.823931397816721,372.3503520488739
-3.4839479668973814,-2.4905929928344888,6.761191063713474,-4.275177584603665,-3.858296379812511,6.884114680287341,-0.9560913702439717,-0.0015943765835275165,0.0002572289642109063,0.2930642993296426,-0.023570139730606426,0.11131394263825967,-0.00114466211816268,0.0004122395210970353,-0.00048266459486967506,-0.026113483727385756,14074,643000000,5.43,0,2,2,-2.551326839974824,-5.286708127669174,6.827938909298161,-2.551326839974824,-5.286708127669174,6.827938909298161,372.6831545829773
-3.4839479668973814,-2.4905929928344888,6.761191063713474,-4.263414760200413,-3.8314706990986074,6.883118840130787,-0.9551613480280515,-0.0016412857236798265,0.0003186793578307996,0.29608107649405013,-0.018726251977996246,0.11029791387441892,-0.007109561987080565,0.0004280973399772847,-0.00021243421883809788,-0.02272842884849524,14074,927000000,4.99,0,2,2,-2.5637204941630043,-5.238089934951066,6.830235664467698,-2.5637204941630043,-5.238089934951066,6.830235664467698,372.9822428226471
-3.5359525841516604,-2.4156300927604164,6.716897587203732,-4.250937824561942,-3.805326668189322,6.8805472543911534,-0.954330787738889,-0.0016948313928080092,0.00036236972223886244,0.29874695614918945,-0.016762918565968756,0.10963906994564425,-0.013052065710725282,0.0004312623218538647,-9.170804844416125e-05,-0.020213654715917073,14075,189000000,4.66,0,2,2,-2.5798469773808357,-5.190175319803096,6.830674835051294,-2.5798469773808357,-5.190175319803096,6.830674835051294,373.28818583488464
-3.586894126218148,-2.3424600861619225,6.669146507442607,-4.238137361607791,-3.7796168001467465,6.876540845416985,-0.9535853238917846,-0.00175158404257944,0.00038771778164564577,0.3011176044114047,-0.016148129679154143,0.10887488800698383,-0.018412207632127676,0.00039966916745015624,5.646009507143113e-07,-0.01854992788139498,14075,456000000,4.4,0,2,2,-2.5995102415020743,-5.140158842305841,6.829379614107579,-2.5995102415020743,-5.140158842305841,6.829379614107579,373.57747507095337
-3.586894126218148,-2.3424600861619225,6.669146507442607,-4.227377333343363,-3.757937626604318,6.872024920203659,-0.9529727418373897,-0.001798195463302657,0.00040712958899739686,0.3030504150360154,-0.017489546537096223,0.10845630816680771,-0.023236500774078482,0.0004092109719522341,-1.6497386301495e-05,-0.01843557856773259,14075,708000000,4.18,0,2,2,-2.6218413352682193,-5.088605597468869,6.826611658336137,-2.6218413352682193,-5.088605597468869,6.826611658336137,373.82058787345886
-3.636600424746965,-2.271106325832519,6.6180339887498985,-4.216051539767954,-3.7340839286527023,6.865807907314328,-0.9522899965710327,-0.0018473244286525655,0.0004322871801086005,0.3051887333290526,-0.02055584348131692,0.10803144082871892,-0.028993113346253985,0.0005308631330080971,-4.011077656684847e-05,-0.018884258133766707,14075,928000000,4.01,0,2,2,-2.6424517838318113,-5.043936732707863,6.823083260852944,-2.6424517838318113,-5.043936732707863,6.823083260852944,374.09627079963684
-3.636600424746965,-2.271106325832519,6.6180339887498985,-4.201799688836658,-3.70185569133699,6.85553654134248,-0.9513489193520068,-0.0019379279463096245,0.0004731449634342315,0.3081091595796644,-0.024987620631860517,0.10731028367143407,-0.03602109191442387,0.0006919609916167246,-7.684080927106152e-05,-0.019798773246293422,14076,169000000,3.82,0,2,2,-2.6640770136649,-4.995918586286036,6.817929030113953,-2.6640770136649,-4.995918586286036,6.817929030113953,374.451988697052
-3.6849022057545895,-2.201585591715775,6.563662964936066,-4.189528465983527,-3.6710278456842635,6.843864747850436,-0.950406594416601,-0.002014960291016681,0.0005178807330627408,0.31100317847895054,-0.029537060734897997,0.10658401426201929,-0.04221709476650773,0.00026322496466946177,-9.230225757050903e-05,-0.020692121506726835,14076,480000000,3.55,0,2,2,-2.6851850440788154,-4.93777917850676,6.8088425731347275,-2.6851850440788154,-4.93777917850676,6.8088425731347275,374.7926297187805
-3.731633525847707,-2.133908113317202,6.506142932007231,-4.179631089750162,-3.641264290731258,6.831450501658459,-0.9493845228019806,-0.002067500557392763,0.000555584341255528,0.3141089693586295,-0.05061642745170551,0.10670761946260879,-0.0473855382687606,0.0007728613979907095,-0.00012865486240798418,-0.033436617377446964,14076,779000000,3.27,0,2,2,-2.691626430686223,-4.893655397348801,6.798116545045367,-2.691626430686223,-4.893655397348801,6.798116545045367,375.11897110939026
-3.731633525847707,-2.133908113317202,6.506142932007231,-4.17896134492487,-3.6040392376386947,6.817498839203646,-0.9474095218600427,-0.002189448553375567,0.0006215330678165319,0.320015652586874,-0.1061287617108166,0.10798774817829919,-0.05338598793058844,0.0014100109183345921,-0.0002550227435449415,-0.05504579094122164,14077,63000000,2.95,0,2,2,-2.6861906072779207,-4.861387990801685,6.786039141219645,-2.6861906072779207,-4.861387990801685,6.786039141219645,375.43982434272766
-3.7766322013895053,-2.0680776117219892,6.445589727654784,-4.191725954674543,-3.5529385450527897,6.800571725722093,-0.944364042701448,-0.002344543372495519,0.0007195975120459794,0.3288929007266236,-0.1639639359184461,0.10748507454488328,-0.05985643598162641,0.0006510758510103187,0.00014501318617021752,-0.0660528166918084,14077,344000000,2.35,0,2,2,-2.672037736787209,-4.835800612934285,6.771789886664411,-2.672037736787209,-4.835800612934285,6.771789886664411,375.78267765045166
-3.819740229463986,-2.0040913610163287,6.382125297973734,-4.220755964138444,-3.4774385298370936,6.776832268723351,-0.9402816948737232,-0.0024098730699552823,0.0006317209892135798,0.34038820150789145,-0.19004630668628986,0.10294427853529323,-0.066041334855798,-0.00040311732334430417,0.001174121450731036,-0.05736325983889401,14077,647000000,1.59,0,2,2,-2.6495983730593364,-4.81391144652691,6.754105438912605,-2.6495983730593364,-4.81391144652691,6.754105438912605,376.21648502349854
-3.819740229463986,-2.0040913610163287,6.382125297973734,-4.245435137206222,-3.4140878177655214,6.755100067914754,-0.9373156925790457,-0.002394075046083294,0.00045897301313317185,0.34847288301030066,-0.17785789027157303,0.09861084535110112,-0.07106566307786323,-0.0007413850710236147,0.000532522943785807,-0.050945905240951106,14078,33000000,1.41,0,2,2,-2.6130607647875954,-4.792518713180777,6.728461773625581,-2.6130607647875954,-4.792518713180777,6.728461773625581,376.565034866333
-3.860804199513675,-1.9419402688543215,6.315877451879432,-4.262559656268903,-3.3629660072768597,6.734743538100604,-0.9348895875174721,-0.0023064722700676405,0.00043959348106952867,0.35493090326801574,-0.15543874730933166,0.0951400157353807,-0.0749323618674244,-0.0006827808817888581,-0.000396418971604362,-0.047973091568564996,14078,339000000,1.99,0,2,2,-2.5785724609098097,-4.7775271372501935,6.704408121886988,-2.5785724609098097,-4.7775271372501935,6.704408121886988,376.89057898521423
-3.8996756945484794,-1.88160897585772,6.246979603717477,-4.275924872221103,-3.313079941521209,6.7119931162020245,-0.9323853995975266,-0.0021658916143219914,0.0005216653597400093,0.36145885436122266,-0.13494110846532403,0.09207944187965192,-0.07799203243331257,-0.0008318626100844995,-0.0010849585692085384,-0.044486482147476636,14078,624000000,2.65,0,2,2,-2.561858284974485,-4.754043314852382,6.682047225260336,-2.561858284974485,-4.754043314852382,6.682047225260336,377.2351710796356
-3.8996756945484794,-1.88160897585772,6.246979603717477,-4.284763565513533,-3.2701045257604457,6.689766559272066,-0.9302148272666262,-0.002010192421831838,0.0006595028714999908,0.36700939949231576,-0.1211415347338124,0.09013760502965082,-0.08182982133457205,-0.0005463303125452512,-0.001274858209399099,-0.040120514313457534,14078,926000000,3.4,0,2,2,-2.561053129694322,-4.71555608063042,6.657148424141237,-2.561053129694322,-4.71555608063042,6.657148424141237,377.5588688850403
-3.9362116808494942,-1.8230759734817077,6.1755705045849485,-4.2914708861302895,-3.22670721883442,6.66460000694952,-0.9281369105024921,-0.0018871108009613793,0.0008087634149979741,0.3722333408998342,-0.11087031716542177,0.08878092265909854,-0.08625098349331503,-0.00028037699451033404,-0.0008956063027198979,-0.03416037761780899,14079,208000000,4.07,0,2,2,-2.5732619950566775,-4.669223978531342,6.633022600157528,-2.5732619950566775,-4.669223978531342,6.633022600157528,377.8933160305023
-3.9702748851199168,-1.766313739927293,6.10179396290421,-4.295784087104153,-3.1880689277742684,6.6400616501284055,-0.9264760868239714,-0.0018134597676683353,0.0008975758438308638,0.3763481981684203,-0.10380675919664903,0.08780337647093292,-0.08986531269579959,-0.0002907378842564867,-0.000699850448881989,-0.029515418282244354,14079,497000000,4.72,0,2,2,-2.596897087518938,-4.611076567391054,6.606283122103096,-2.596897087518938,-4.611076567391054,6.606283122103096,378.221688747406
-3.9702748851199168,-1.766313739927293,6.10179396290421,-4.298452131977858,-3.1559578692743875,6.6181107221101065,-0.9251973257812507,-0.0017539747064203868,0.0009706802543698398,0.3794810795280778,-0.09993711450859519,0.08712437162902578,-0.09369920651288574,-0.0002767296422234722,-0.0007221457110517804,-0.026916481147054583,14079,787000000,5.23,0,2,2,-2.626143179906375,-4.551241831914825,6.58112168723571,-2.626143179906375,-4.551241831914825,6.58112168723571,378.5023310184479
-4.001734158066968,-1.711288893629383,6.0257985548118205,-4.3003718521567995,-3.127011815725207,6.5970618428910806,-0.9241242277067544,-0.0017005780248167627,0.0010429154097757187,0.3820869431519792,-0.09799851367559655,0.08665661452419535,-0.09787465159184013,-0.00010396248129040941,-0.0006853946160845226,-0.024628170649521053,14080,32000000,5.62,0,2,2,-2.6553273116372877,-4.496912010353128,6.559554492458502,-2.6553273116372877,-4.496912010353128,6.559554492458502,378.7486472129822
-4.030464823432771,-1.657962363799749,5.947737324945996,-4.3023253311990235,-3.090711681812372,6.569159397720781,-0.9228788105999888,-0.0016598951156294485,0.0011102110127138342,0.3850853322645023,-0.0961474270353505,0.08573797533542511,-0.10206532341283747,-0.00014219132111747967,-0.00046572499741159845,-0.022194989105628338,14080,250000000,5.94,0,2,2,-2.6846516888504564,-4.445187503451616,6.539714301676303,-2.6846516888504564,-4.445187503451616,6.539714301676303,379.0629954338074
-4.030464823432771,-1.657962363799749,5.947737324945996,-4.303660395740678,-3.0624370461808943,6.546323646133869,-0.9219560705407088,-0.0016296343401329516,0.0011561018142073407,0.38728931267677374,-0.0958405699977625,0.08521578405086386,-0.10597185709450382,-0.00013926711233125388,-0.0004496929221886603,-0.021339773229556158,14080,521000000,6.31,0,2,2,-2.7222307469828526,-4.379224145448234,6.5140487552236035,-2.7222307469828526,-4.379224145448234,6.5140487552236035,379.3141543865204
-4.05634901152925,-1.6062895774554242,5.867767478235119,-4.305092262663694,-3.031615967085101,6.520301904459598,-0.9209827322331775,-0.0015913521912170893,0.001205968048112576,0.3895982804987487,-0.09645539563489805,0.08470212007611297,-0.11088862538950439,-0.000313211586444595,-0.000420671253209548,-0.020306834267103113,14080,747000000,6.58,0,2,2,-2.7489418917957535,-4.329712342178675,6.493270650460467,-2.7489418917957535,-4.329712342178675,6.493270650460467,379.5954592227936
-4.05634901152925,-1.6062895774554242,5.867767478235119,-4.306790842886099,-2.9956986700802153,6.488681267275586,-0.9199170521847367,-0.0015368181067275766,0.0012395793273669467,0.3921080447184705,-0.09700184199363357,0.08392982618383597,-0.11551105488490176,-0.00015727514153240918,-0.0003596178999032418,-0.018835533410310745,14080,994000000,6.86,0,2,2,-2.7719646879696707,-4.2807777061955035,6.469371865851636,-2.7719646879696707,-4.2807777061955035,6.469371865851636,379.9224350452423
-4.079275976371747,-1.5562206623165327,5.786050063307853,-4.308984300319052,-2.954482536520796,6.450839910685483,-0.9187599376362232,-0.001497177204640669,0.0012847793249413976,0.3948117080295199,-0.09995669513208671,0.08294263277781797,-0.12074159116736002,-0.0001522576852153179,-0.00017699872927323668,-0.018045135038846638,14081,269000000,7.17,0,2,2,-2.789258925938508,-4.231741872518986,6.439507132065509,-2.789258925938508,-4.231741872518986,6.439507132065509,380.2980806827545
-4.099142395547844,-1.5077006649126659,5.702749648162695,-4.311591783406253,-2.9203556476687664,6.41907949446743,-0.9178283806309282,-0.0014741176887525106,0.0012881786487777358,0.396972582530855,-0.10702655054044122,0.08166572972837355,-0.1239832269372851,-0.00024270289031846914,-0.00016632162669338868,-0.01901019786600955,14081,586000000,7.49,0,2,2,-2.795842802460293,-4.187007491533079,6.402404563153358,-2.795842802460293,-4.187007491533079,6.402404563153358,380.60450506210327
-4.099142395547844,-1.5077006649126659,5.702749648162695,-4.317639252207258,-2.878291061900871,6.381236383715016,-0.9165952833445892,-0.0014117469222688671,0.0013132015190081266,0.39981166694188625,-0.1259170660450774,0.07929818568598353,-0.12869196574205363,-0.0005028896055137011,-0.0005278467142488807,-0.022103721858002245,14081,848000000,7.75,0,2,2,-2.792586523849722,-4.158015381367767,6.369853193938607,-2.792586523849722,-4.158015381367767,6.369853193938607,380.93226528167725
-4.115852652002626,-1.460669783193934,5.618033988749894,-4.32626098286615,-2.8387987824819354,6.347227982435996,-0.9154082370830348,-0.0013361225830242208,0.001340638874851256,0.4025222688800967,-0.1398026038246623,0.07719996973264756,-0.13259632934754004,-0.0003798753255068732,9.38324291155368e-05,-0.022279527365753893,14082,138000000,8.09,0,2,2,-2.781318259478305,-4.131028115435366,6.329716822894703,-2.781318259478305,-4.131028115435366,6.329716822894703,381.2444362640381
-4.129319096968019,-1.415063612902056,5.532073691133353,-4.336437816613158,-2.797985057733694,6.3124161602970545,-0.9142921559787693,-0.0013226746696204487,0.0012568318642856677,0.4050512614732566,-0.1431093302672498,0.07581894345548124,-0.13536714269306593,-0.0002982870199730314,0.0008768706152295636,-0.020120824228797574,14082,417000000,8.47,0,2,2,-2.764946585989399,-4.110948214353541,6.290202382461774,-2.764946585989399,-4.110948214353541,6.290202382461774,381.5512034893036
-4.129319096968019,-1.415063612902056,5.532073691133353,-4.346191186401943,-2.7576914953294955,6.2767922354222385,-0.9132948112137997,-0.0013361762680499114,0.0011409274047940177,0.4072953482763919,-0.13742776750086586,0.07531391495290252,-0.1389176704205475,-0.000327542048239593,0.0007098623541423876,-0.01807724402169697,14082,675000000,8.69,0,2,2,-2.747330585530173,-4.096859554778754,6.254679169331406,-2.747330585530173,-4.096859554778754,6.254679169331406,381.83311700820923
-4.139462293312903,-1.3708134069182165,5.445041867912635,-4.354080073657383,-2.72162662344659,6.24299642717866,-0.9124340260418176,-0.0013256359264438894,0.0010822489303808419,0.4092202579879974,-0.13099956988299585,0.07512338957568912,-0.14254636112433686,-0.00033214079167009913,0.00031887010436548735,-0.016975501421256922,14082,921000000,8.95,0,2,2,-2.7261865350948167,-4.083448666069599,6.214600709453379,-2.7261865350948167,-4.083448666069599,6.214600709453379,382.12294912338257
-4.139462293312903,-1.3708134069182165,5.445041867912635,-4.361373152804477,-2.6838018608667364,6.205604464044306,-0.911567934698295,-0.0013056544179238672,0.0010395853607760483,0.41114609928674173,-0.12466986859710356,0.07500387896987185,-0.1454260745845511,-0.00019475552193171097,0.00013607215976207954,-0.015572898701066151,14083,175000000,9.17,0,2,2,-2.7105454931283868,-4.068051422468891,6.176999282448513,-2.7105454931283868,-4.068051422468891,6.176999282448513,382.405668258667
-4.146211238641287,-1.327846346768223,5.357113789597283,-4.367138106556991,-2.6498559854068278,6.170326897619302,-0.9108284388093575,-0.0012905738826237412,0.0010358520695393724,0.4127818025127221,-0.11996665422716998,0.0748179719215428,-0.14849162238717048,-6.501609277620446e-05,-4.755133851119808e-05,-0.014202202237356687,14083,426000000,9.4,0,2,2,-2.706415119095703,-4.040579527269693,6.135920830381183,-2.706415119095703,-4.040579527269693,6.135920830381183,382.6876525878906
-4.146211238641287,-1.327846346768223,5.357113789597283,-4.372516649331897,-2.6140123762874636,6.131448285799126,-0.9101191885192701,-0.0012757922096491496,0.001038137757085581,0.4143432843829624,-0.11555344761062955,0.07447905229329621,-0.15096002216630178,-0.0003364082203916041,-5.968856022775526e-05,-0.01236876178154489,14083,673000000,9.62,0,2,2,-2.713484950625994,-4.0057614754642135,6.097494723978578,-2.713484950625994,-4.0057614754642135,6.097494723978578,382.9784719944
-4.149503567518681,-1.286085825431384,5.26846653163531,-4.377533981012617,-2.5762807324669468,6.08873929647289,-0.9094446555538023,-0.0012344945057551067,0.001034459988118304,0.4158218661884847,-0.11189912400685102,0.07416478910138516,-0.15389571284899392,-0.00020808848262277024,-9.905968880730143e-05,-0.010793518413265701,14083,922000000,9.84,0,2,2,-2.730502151689129,-3.9598160171501937,6.055761449664438,-2.730502151689129,-3.9598160171501937,6.055761449664438,383.29559540748596
-4.149285732261113,-1.2454517405684427,5.17927861780687,-4.381273620601144,-2.544556791825172,6.051643372885911,-0.9089340277621918,-0.0012059063820649765,0.0010392339232986989,0.41693692443659786,-0.10914778213271328,0.07400102387029908,-0.15565652443513298,-0.0002918090899584058,-0.00011546692277875081,-0.009729172052175272,14084,197000000,10.07,0,2,2,-2.757065527703092,-3.9031263426328313,6.011199606404656,-2.757065527703092,-3.9031263426328313,6.011199606404656,383.58012199401855
-4.149285732261113,-1.2454517405684427,5.17927861780687,-4.384592871407038,-2.513274051787307,6.013978777467102,-0.9084676254106568,-0.0011724601811096127,0.001037464258378269,0.41795229702175185,-0.1071245880402999,0.07390575121559692,-0.1585070904866882,-0.000325017458635557,-9.181558056070571e-05,-0.008936668837122852,14084,447000000,10.24,0,2,2,-2.784782608365932,-3.850319153233984,5.973904236897869,-2.784782608365932,-3.850319153233984,5.973904236897869,383.8435342311859
-4.145513161777275,-1.2058607972548092,5.089729660701036,-4.387825809860171,-2.4797467514472795,5.972276901360241,-0.9080065276788865,-0.001141258132111176,0.0010386666981324567,0.4189531768514206,-0.10533691676461528,0.07376952696149912,-0.16206734276954424,2.0551068014018625e-06,-5.757113541449144e-05,-0.007881414330768166,14084,683000000,10.41,0,2,2,-2.8133490933962952,-3.796725395743243,5.936788194717654,-2.8133490933962952,-3.796725395743243,5.936788194717654,384.14754915237427
-4.145513161777275,-1.2058607972548092,5.089729660701036,-4.391118288701211,-2.441582702876426,5.923243453500882,-0.9075510768652646,-0.001131205308440632,0.0010381652725852196,0.41993890682826174,-0.10315393478163318,0.07352263329324979,-0.16524593964521855,-0.00026485575688184326,7.290665982040423e-06,-0.006777887438147445,14084,949000000,10.57,0,2,2,-2.8411655583721767,-3.7412494056795946,5.895831308640104,-2.8411655583721767,-3.7412494056795946,5.895831308640104,384.4967579841614
-4.138150398011617,-1.167226819279526,4.999999999999996,-4.393990659777126,-2.4038734117148195,5.873162232298827,-0.9071449431186525,-0.001115842426298817,0.0010267817513777827,0.42081558049717166,-0.10127738291338981,0.07340858566043176,-0.16829418448541306,6.043157299018276e-05,8.293346454024686e-05,-0.005943114501860691,14085,244000000,10.75,0,2,2,-2.8636876002969753,-3.6854778716514076,5.846321630076284,-2.8636876002969753,-3.6854778716514076,5.846321630076284,384.84174275398254
-4.127171209594953,-1.129461068046768,4.910270339298969,-4.396834481432234,-2.363961888385411,5.819026164373876,-0.9067582494441658,-0.0011098736777013763,0.0010172638821496376,0.4216482069445634,-0.10370804270296222,0.07264704120684626,-0.17042267271399938,-0.00028464732224620093,-7.199959028980629e-05,-0.006074266548239393,14085,543000000,10.89,0,2,2,-2.8737896150253586,-3.640785773379448,5.794514059175786,-2.8737896150253586,-3.640785773379448,5.794514059175786,385.1994802951813
-4.127171209594953,-1.129461068046768,4.910270339298969,-4.40109035557934,-2.3251691843554494,5.76755355142151,-0.9063430150426823,-0.0010510031743836072,0.0010068500452883073,0.4225402001332581,-0.11418619222734949,0.07100748005391758,-0.17308956078741694,-0.0005978356796276785,-0.00030213712420845695,-0.007274449626493151,14085,856000000,11.02,0,2,2,-2.872260724476126,-3.6042512906272255,5.73664601635645,-2.872260724476126,-3.6042512906272255,5.73664601635645,385.5487217903137
-4.112558682368897,-1.0924725680962926,4.820721382193136,-4.408628005833297,-2.281037576996299,5.711718664215098,-0.9058245141293029,-0.00097618031813607,0.0009840749292869256,0.42365083296381223,-0.12571783903811645,0.06924266611626828,-0.1753668790845871,-0.00033230869860290113,0.0004924346967527526,-0.007471748722309712,14086,159000000,11.14,0,2,2,-2.861605161984824,-3.578438624079745,5.680036447870543,-2.861605161984824,-3.578438624079745,5.680036447870543,385.90913558006287
-4.094305286511201,-1.0561684382415397,4.731533468364695,-4.416632840420215,-2.2411424867328806,5.662505749846331,-0.9054055307836095,-0.0009871135970892866,0.0008558573281475226,0.4245457783813551,-0.12692268959565395,0.0688431306677648,-0.17650592602551768,-0.0002651536306075286,0.0012380381463117374,-0.005992844990032609,14086,480000000,11.27,0,2,2,-2.842447827033801,-3.5579886263315297,5.617285778288028,-2.842447827033801,-3.5579886263315297,5.617285778288028,386.2349684238434
-4.094305286511201,-1.0561684382415397,4.731533468364695,-4.423148464355177,-2.204931756637145,5.6164035581387735,-0.9051267776560842,-0.0010362442824986611,0.0006974152423770983,0.42513992541242207,-0.119537597974119,0.06974050612944692,-0.17844856780742466,-8.838494096607974e-05,0.0011573770620998403,-0.004559039234663942,14086,761000000,11.36,0,2,2,-2.8206588868216143,-3.5448198565322504,5.561137004056072,-2.8206588868216143,-3.5448198565322504,5.561137004056072,386.5517418384552
-4.072412920050574,-1.0204542273092634,4.642886210402723,-4.428442597887034,-2.1674961045521344,5.566117229931872,-0.9048691200271517,-0.0010958010942199972,0.0005875486188162592,0.4256880661092936,-0.11098527743250142,0.07071316862889089,-0.1805104993118902,0.0002476135250617517,0.0007188145616510155,-0.003980650308221811,14087,29000000,11.41,0,2,2,-2.799909432690288,-3.5334063523801382,5.50848740892313,-2.799909432690288,-3.5334063523801382,5.50848740892313,386.87273144721985
-4.046892928621759,-0.9852342534527732,4.55495813208737,-4.432304536523456,-2.129150233814452,5.511885057880438,-0.904642798204939,-0.0011345858522845405,0.0005216378005965794,0.42616880254763667,-0.10297723995497851,0.07149552376509742,-0.18170385257589822,-0.00041972246549448755,0.00035268517990516557,-0.0029647331530213705,14087,306000000,11.46,0,2,2,-2.789930239098554,-3.5106794230563017,5.452404344434592,-2.789930239098554,-3.5106794230563017,5.452404344434592,387.2070150375366
-4.046892928621759,-0.9852342534527732,4.55495813208737,-4.434324127368904,-2.09713080035707,5.464436246039266,-0.9045035848310279,-0.0011092864223398095,0.00048091505653433694,0.4264643047573397,-0.09721603573376103,0.07236194927090892,-0.18376291741729397,-0.00020584355695518752,6.03423519152102e-05,-0.0019808209799521137,14087,596000000,11.52,0,2,2,-2.7947791716064043,-3.472883591194673,5.393475908045131,-2.7947791716064043,-3.472883591194673,5.393475908045131,387.52073216438293
-4.017766101374163,-0.9504119460020631,4.4679263088666525,-4.435242068125997,-2.068402864640771,5.420087799702228,-0.9044257486988363,-0.0010973998955009876,0.0004817307017430329,0.42662938100832865,-0.09261637783535667,0.0730300559914616,-0.18578691629480165,0.00011997212681080782,-3.257128380340646e-05,-0.001108628009660606,14087,864000000,11.58,0,2,2,-2.809207439725814,-3.4309868223942925,5.343215398589187,-2.809207439725814,-3.4309868223942925,5.343215398589187,387.8158714771271
-3.985062643010358,-0.915890188808308,4.381966011250111,-4.43539720407234,-2.040413024303042,5.375462980414738,-0.904389827805032,-0.0011147043193694755,0.00048352671964256463,0.4267054757077489,-0.08847693584766923,0.07344356683409996,-0.1865657156403662,2.0177208526206414e-05,6.698612295963358e-05,-0.00034049857333684486,14088,116000000,11.71,0,2,2,-2.8306426311348654,-3.3827065912638905,5.293926543953884,-2.8306426311348654,-3.3827065912638905,5.293926543953884,388.0652403831482
-3.985062643010358,-0.915890188808308,4.381966011250111,-4.434759852353659,-2.0107779790562397,5.326741985401866,-0.9043959435678277,-0.0011135667121877852,0.00047756650076490596,0.4266925229687921,-0.08450790022548048,0.07437247832001712,-0.1887509262448192,-0.00022775495693849734,-1.5102441341952044e-05,0.0005497149857092154,14088,337000000,11.67,0,2,2,-2.8528200468037554,-3.338187944713189,5.253457452417233,-2.8528200468037554,-3.338187944713189,5.253457452417233,388.3775866031647
-3.948822121993608,-0.881571664037269,4.29725035183731,-4.433307244138943,-1.9817444326350109,5.277337856622064,-0.9044463388374144,-0.0010957804184910705,0.0004780260204302152,0.42658573689235696,-0.08090819530229813,0.0752640550851811,-0.19125837980542926,-3.3625165585249306e-05,-7.553607628274506e-06,0.0012028796390950447,14088,609000000,11.69,0,2,2,-2.880537166255256,-3.284061317847058,5.20658228893403,-2.880537166255256,-3.284061317847058,5.20658228893403,388.6695520877838
-3.948822121993608,-0.881571664037269,4.29725035183731,-4.4311512616509585,-1.9532741685368964,5.227474596778402,-0.9045271449686698,-0.0011023582908680214,0.000470812663699311,0.4264143608703408,-0.07762329275732738,0.07600054576221744,-0.19275128238105996,7.727365698428912e-05,0.00012869056007502877,0.001770415758528543,14088,868000000,11.71,0,2,2,-2.9065747745328134,-3.2311469798225176,5.159800395486471,-2.9065747745328134,-3.2311469798225176,5.159800395486471,388.956716299057
-3.9090933950267024,-0.8473591953666171,4.213949936692152,-4.428394136063546,-1.9251967423941412,5.177172723399995,-0.904636284073328,-0.001115533947848127,0.0004631698904394918,0.4261827478860032,-0.07786361108602477,0.07648715498327235,-0.19405908029114874,-0.0001886768899339586,-0.00015114384979142415,0.0016010104559427418,14089,122000000,11.71,0,2,2,-2.9252813817182104,-3.1843998135207605,5.111426542481179,-2.9252813817182104,-3.1843998135207605,5.111426542481179,389.2528667449951
-3.8659345079668777,-0.8131560895451824,4.1322325217648865,-4.426917168856783,-1.8958018945367303,5.126806312867534,-0.9046529979568081,-0.001053588593923392,0.0005242980165982305,0.4261473552075901,-0.09442105223718371,0.07480486253552934,-0.19382047434413058,-0.00028794343336357997,-0.0024059097540884977,-0.003485264437586011,14089,383000000,11.71,0,2,2,-2.9346880382686042,-3.1457507373145326,5.061118858186022,-2.9346880382686042,-3.1457507373145326,5.061118858186022,389.5568070411682
-3.8659345079668777,-0.8131560895451824,4.1322325217648865,-4.432898934159967,-1.8518991884187086,5.064807635093942,-0.9040083711859,-0.0007113577494016388,0.0010834164181568208,0.4275127892880314,-0.14238947514924166,0.06980993792442372,-0.19398796140723587,-0.0005761337661169819,-0.005347533760868828,-0.015253975197992986,14089,653000000,11.71,0,2,2,-2.9341036434807637,-3.1160582299054633,5.009072125031097,-2.9341036434807637,-3.1160582299054633,5.009072125031097,389.9190661907196
-3.8194125734041924,-0.7788664752786676,4.052262675053996,-4.452550919837925,-1.7894648738373244,4.994875805309729,-0.9025811933302483,-0.00026673984313348186,0.0017121036921222963,0.43051618668448244,-0.190070508649625,0.06445639327054957,-0.19346875075057302,-0.0008236552389462304,-0.002112575134560757,-0.01919184924190631,14089,972000000,11.86,0,2,2,-2.9220134588754436,-3.089628355292121,4.9428377813036795,-2.9220134588754436,-3.089628355292121,4.9428377813036795,390.32798075675964
-3.769603625192266,-0.7443956384154116,3.974201445188184,-4.476976319919114,-1.7267043970062614,4.933000027652854,-0.9013460231522041,-0.0001642476572818706,0.0016001589826099157,0.43309670867098893,-0.19956415656473234,0.0635208809162252,-0.19274265423523226,-0.0007620181634138135,0.0046093643959466135,-0.013154434873285936,14090,335000000,12.16,0,2,2,-2.896360028807059,-3.0703715488573615,4.865679086681843,-2.896360028807059,-3.0703715488573615,4.865679086681843,390.6690413951874
-3.769603625192266,-0.7443956384154116,3.974201445188184,-4.4944035421090955,-1.6776179833215958,4.882750736404075,-0.9007932889444774,-0.00044924524892781594,0.0008384943102115114,0.43424710211881595,-0.17771979793468234,0.06694832993494026,-0.19339997278982995,-0.00033977768794102303,0.006941237825230928,-0.007436715850417386,14090,637000000,12.34,0,2,2,-2.86552537304282,-3.0603903665179266,4.795764096069409,-2.86552537304282,-3.0603903665179266,4.795764096069409,390.9926643371582
-3.7165924502813406,-0.7096503524181865,3.898206037095794,-4.507133319635822,-1.63018761858563,4.828461009349689,-0.9004349762731432,-0.0008273389834784641,4.7326350199666345e-05,0.43498984674864194,-0.14591613169882856,0.07166506822974736,-0.19409115552192968,0.0003210661873254139,0.005310184951667907,-0.004829042063647648,14090,913000000,12.36,0,2,2,-2.8394900061593917,-3.0532321921265595,4.738820164962842,-2.8394900061593917,-3.0532321921265595,4.738820164962842,391.29516887664795
-3.6604723982639324,-0.6745392031231582,3.824429495415056,-4.513502346643576,-1.591258666127145,4.778143856734114,-0.9002022455383989,-0.0011016643199747332,-0.00041164787741614566,0.4354704743256135,-0.12045013640832476,0.07527096338986092,-0.19370998206524587,0.0001911773935603378,0.0031027012028062018,-0.003184513070664252,14091,181000000,12.34,0,2,2,-2.823609636742487,-3.0348776179890233,4.678842712708517,-2.823609636742487,-3.0348776179890233,4.678842712708517,391.60117530822754
-3.6604723982639324,-0.6745392031231582,3.824429495415056,-4.515337857402799,-1.5538860528734153,4.723953126062214,-0.9000753535647787,-0.0012741972288237186,-0.0006586535100593202,0.435731913568669,-0.09777617891625283,0.07929505802095697,-0.19423196644724722,0.0004818982233700808,0.0014029761359779513,-0.0007220721556677745,14091,448000000,12.33,0,2,2,-2.8206607550726934,-3.0073409746905475,4.624742281221416,-2.8206607550726934,-3.0073409746905475,4.624742281221416,391.91549277305603
-3.601345169102129,-0.6389729068050737,3.753020396282527,-4.512775900870457,-1.5203171410359666,4.66954716546253,-0.9001135772073671,-0.001404598575536386,-0.0007175220265855946,0.4356524536737284,-0.07929139183423695,0.08266504193034487,-0.19467002966602998,0.0008540436454040901,0.00034584302568418934,0.0022203190383152105,14091,721000000,12.33,0,2,2,-2.827360355563045,-2.968438776749338,4.56796998433979,-2.827360355563045,-2.968438776749338,4.56796998433979,392.22635889053345
-3.5393205795637037,-0.6028646205888604,3.6841225481205715,-4.507279957658816,-1.491987169486522,4.619110993310911,-0.900312262208983,-0.0014931972580798213,-0.0006721915745061957,0.435241483588799,-0.06530105385653989,0.08498028291522045,-0.19415718787367703,0.0004971357498106954,-0.00021989043546000175,0.004808059202332515,14092,1000000,12.3,0,2,2,-2.841534210526566,-2.9223268886184646,4.512988886980799,-2.841534210526566,-2.9223268886184646,4.512988886980799,392.5322549343109
-3.5393205795637037,-0.6028646205888604,3.6841225481205715,-4.498531485616866,-1.4639014877970689,4.56483745618468,-0.900680757780741,-0.0015380564761003758,-0.0005922061016370125,0.4344783725776455,-0.05280674621311775,0.08779596326422962,-0.19430806282158472,0.0006041973279025115,-0.0004792516278939729,0.0072646226726647,14092,268000000,12.25,0,2,2,-2.8595732611777662,-2.874869585786452,4.464022895480723,-2.8595732611777662,-2.874869585786452,4.464022895480723,392.8428020477295
-3.474516308950366,-0.5661302442712226,3.61787470202627,-4.4881157898978605,-1.4396092148268882,4.51435151507138,-0.9011423032551221,-0.0015867170597294918,-0.00048707851407738055,0.4335202352457691,-0.04318360953411989,0.09011899994661345,-0.194342000898748,0.0008510942052453174,-0.0005732924080348312,0.009003527429740643,14092,539000000,12.15,0,2,2,-2.8824983743931982,-2.8202868664557457,4.4135013782849555,-2.8824983743931982,-2.8202868664557457,4.4135013782849555,393.15694403648376
-3.474516308950366,-0.5661302442712226,3.61787470202627,-4.476953998528086,-1.418464254261004,4.467908257910335,-0.9016423873974965,-0.0016415623514969332,-0.0003847243804870477,0.4324790890995077,-0.035875520067316445,0.09159492301225472,-0.19343877144841184,0.0006192866521814722,-0.0005952587230240169,0.010241412837785902,14092,815000000,12.02,0,2,2,-2.9059519220945877,-2.767521866176844,4.368771356299189,-2.9059519220945877,-2.767521866176844,4.368771356299189,393.4282684326172
-3.407057624756786,-0.5286887126424467,3.554410272345219,-4.464514595585718,-1.3983295978382422,4.421621709112343,-0.9022128716623372,-0.0016738696500405172,-0.00029303162413933475,0.4312876609638405,-0.02951642511325443,0.09314716867955963,-0.19274821015390567,0.0005711896562843322,-0.0005614351664462447,0.011696920137183042,14093,56000000,11.95,0,2,2,-2.9305376493940716,-2.7135169896829794,4.325836038057093,-2.9305376493940716,-2.7135169896829794,4.325836038057093,393.6891939640045
-3.3370770889519026,-0.49046227742735693,3.4938570679927823,-4.448656678548037,-1.3759276158494524,4.368062363785419,-0.9029723879179988,-0.0017087961285505888,-0.00020437557750571298,0.4296951301842752,-0.023173196848756378,0.09459173145020508,-0.19066555807844282,0.0004701363394588043,-0.00043601606307674956,0.013327774831850547,14093,285000000,11.7,0,2,2,-2.9499569274381328,-2.668646822104631,4.289974663913684,-2.9499569274381328,-2.668646822104631,4.289974663913684,394.0051910877228
-3.3370770889519026,-0.49046227742735693,3.4938570679927823,-4.431134900380522,-1.3520023256946245,4.311219589794045,-0.9036992228826417,-0.001676438168503895,7.94379652086397e-06,0.428164575897251,-0.03861878667009118,0.09426336244779683,-0.18904283752300405,0.0002689583652681904,-0.004390601134218741,0.002894509907491738,14093,559000000,11.49,0,2,2,-2.9677388336125237,-2.6171667419097453,4.2434069033487205,-2.9677388336125237,-2.6171667419097453,4.2434069033487205,394.34757232666016
-3.264714245625722,-0.45137677799617903,3.4363370350639464,-4.422759968115586,-1.3268990115021555,4.266077479916814,-0.9034805924308713,-0.0014012546980353246,0.0006283723712702669,0.4286262483028724,-0.08290939614723915,0.09050601057484668,-0.1877222852862766,0.0002252883206210754,-0.007731257937848568,-0.014389504030987155,14093,857000000,11.3,0,2,2,-2.9717399797328756,-2.575060680017318,4.190706803482445,-2.9717399797328756,-2.575060680017318,4.190706803482445,394.63155460357666
-3.264714245625722,-0.45137677799617903,3.4363370350639464,-4.425463210081712,-1.2848461328210998,4.213869377836049,-0.9018147154101903,-0.0008494901878777321,0.0017801737865499518,0.43211841943771323,-0.15768086905032486,0.08304025997824079,-0.18538405580429823,-2.3664497206254964e-05,-0.008667048859933857,-0.03626069592428394,14094,100000000,11.34,0,2,2,-2.9636202109404794,-2.55121599000186,4.1463514914369135,-2.9636202109404794,-2.55121599000186,4.1463514914369135,394.9593484401703
-3.1901152907940897,-0.41136190002975215,3.381966011250113,-4.443618056057306,-1.2208140735215915,4.154964370852079,-0.8989986902111443,-0.0003345418287701704,0.0026531726222101017,0.4379431512827304,-0.21989702564095567,0.0760342792597207,-0.18115105364254472,-0.0009598922872555704,-0.003735443988261977,-0.041503387183183804,14094,382000000,11.71,0,2,2,-2.9433854846236036,-2.5325762846501343,4.092636803263468,-2.9433854846236036,-2.5325762846501343,4.092636803263468,395.3416705131531
-3.113432725201406,-0.3703514213601768,3.330853492557396,-4.46584446097942,-1.160545445459292,4.108232994859212,-0.8966846603470652,-0.00010127602569998356,0.0027625289088122036,0.442661245282962,-0.24030700802132032,0.0731758874424005,-0.17702685962425685,-0.0013662667583957955,0.003225975433451822,-0.033499042910989374,14094,716000000,12.37,0,2,2,-2.9061164859520057,-2.5205701098740128,4.0254964292256155,-2.9061164859520057,-2.5205701098740128,4.0254964292256155,395.63151359558105
-3.113432725201406,-0.3703514213601768,3.330853492557396,-4.485307897157729,-1.1023298252671185,4.062308081945692,-0.8953774779185841,-0.0004241330897567201,0.0017761162697224348,0.4453042078829639,-0.20548965569368255,0.07854348974827352,-0.1752153223789484,-0.0005519082776572759,0.01031295396387577,-0.015489423640246969,14094,972000000,12.7,0,2,2,-2.873214442035954,-2.5177183529018143,3.9777096751692387,-2.873214442035954,-2.5177183529018143,3.9777096751692387,395.9273738861084
-3.034824991006352,-0.32828344424628625,3.283102412796271,-4.496197596708556,-1.052002261651593,4.016828984073158,-0.8947226679367826,-0.0009903640391141879,0.0005952861800986841,0.4466206581580388,-0.15757979164264171,0.08638289106312437,-0.17426246105996246,0.00028485224277119414,0.008993130904855207,-0.008724950930627529,14095,234000000,12.84,0,2,2,-2.8377087943702946,-2.5143973317757435,3.9266421914569865,-2.8377087943702946,-2.5143973317757435,3.9266421914569865,396.2108647823334
-2.954456093278317,-0.28510061338424086,3.238808936286529,-4.498705649908873,-1.0126551622662214,3.975303445538599,-0.8943289670657726,-0.001430948179437733,-0.0001558708079085878,0.4474076740051152,-0.11960868226328684,0.09261930879843304,-0.17250448777990823,0.000634823555856201,0.005745734279116732,-0.005753248888140661,14095,482000000,12.83,0,2,2,-2.8114700845597347,-2.5027861471776385,3.877467652613939,-2.8114700845597347,-2.5027861471776385,3.877467652613939,396.4916136264801
-2.954456093278317,-0.28510061338424086,3.238808936286529,-4.4950159907751575,-0.9790698232557882,3.934212752664314,-0.8941224162439048,-0.0017504888411047186,-0.000579130028243687,0.44781883074228657,-0.08760941062001062,0.09856807847162877,-0.17095046148512738,0.0010497993343960843,0.003251126372560975,-0.0015447577879967866,14095,726000000,12.81,0,2,2,-2.796194743446564,-2.483643681844251,3.8336650185871024,-2.796194743446564,-2.483643681844251,3.8336650185871024,396.7652168273926
-2.8724952072728698,-0.24075031899626043,3.1980622641951673,-4.486008968916354,-0.9502246825078019,3.893470706686906,-0.8941928396912505,-0.002006288148207322,-0.0007658862370803162,0.4476768406686179,-0.06091744082910141,0.10406964354405208,-0.16943802418136275,0.0015409599086524395,0.0015934694715724618,0.0040672056456969585,14095,967000000,12.78,0,2,2,-2.787916014023326,-2.457594494007435,3.791305042525773,-2.787916014023326,-2.457594494007435,3.791305042525773,397.04311752319336
-2.8724952072728698,-0.24075031899626043,3.1980622641951673,-4.472646157055156,-0.9253145223720972,3.8532242123290494,-0.89457297198036,-0.0022254562690967056,-0.000787067800613372,0.4469156807171769,-0.0388831470935657,0.1083032041812115,-0.16707143108362757,0.0016564279121666914,0.0005089249100365123,0.009938738367054611,14096,201000000,12.71,0,2,2,-2.785139039937052,-2.4259984528008607,3.750593882584916,-2.785139039937052,-2.4259984528008607,3.750593882584916,397.3235421180725
-2.789116272491974,-0.19518488438498813,3.1609444548970997,-4.45564699463211,-0.9036087842786038,3.8135228188711263,-0.8952550863456099,-0.002405315142616963,-0.0007222115223554727,0.445546881081998,-0.020610500101016508,0.11210703707146019,-0.16467866758408273,0.00152257396166533,-8.531151109991697e-05,0.015288048416550737,14096,444000000,12.58,0,2,2,-2.78644481889361,-2.3901240800780763,3.7116525192931644,-2.78644481889361,-2.3901240800780763,3.7116525192931644,397.6042277812958
-2.789116272491974,-0.19518488438498813,3.1609444548970997,-4.43396189629774,-0.8830448568947441,3.771289545403045,-0.8962915434499539,-0.0025478276959274787,-0.0006163799666524446,0.44345754902794,-0.004493638126535265,0.1150617574927646,-0.1613263117056997,0.0012467249689507298,-0.00037634964940025384,0.020329898507043254,14096,691000000,12.38,0,2,2,-2.790790836536752,-2.351073067510838,3.6745911200216055,-2.790790836536752,-2.351073067510838,3.6745911200216055,397.89410185813904
-2.7044975745700466,-0.1483617373876593,3.127530258720528,-4.411416481849973,-0.8662379953478162,3.733051752620205,-0.8974743170591468,-0.0026449435989495877,-0.0005139757341284471,0.441058488549445,0.007877240300255172,0.11761230216555804,-0.15829496532732776,0.00103468634051751,-0.0005563560932841938,0.02397852931608213,14096,953000000,12.1,0,2,2,-2.7978437571233004,-2.30615712839331,3.636494617822527,-2.7978437571233004,-2.30615712839331,3.636494617822527,398.1706347465515
-2.7044975745700466,-0.1483617373876593,3.127530258720528,-4.386944711398103,-0.8511285756724596,3.695645080112329,-0.8988310706700933,-0.002708715804993976,-0.00040279985042706743,0.4382866721781784,0.018053909222786612,0.11927905534052081,-0.1546050891573768,0.001067122593667591,-0.0006910552713179641,0.02716794297157321,14097,189000000,11.79,0,2,2,-2.805772057078686,-2.2630040272742855,3.6031764248827725,-2.805772057078686,-2.2630040272742855,3.6031764248827725,398.43405652046204
-2.6188213160588383,-0.10024356521196076,3.097886967409696,-4.360824208494217,-0.8373667566394875,3.6590936357702386,-0.9003285973119458,-0.002780914605896141,-0.00028827603123995644,0.43520179258958513,0.026683137713881276,0.12101764851166685,-0.15101227318799343,0.001003271245281212,-0.0006249522868984059,0.02986006838909816,14097,422000000,11.44,0,2,2,-2.814384477079671,-2.2186734980312006,3.571367196866031,-2.814384477079671,-2.2186734980312006,3.571367196866031,398.70982694625854
-2.532273177214056,-0.050798452185331265,3.072074278608297,-4.328732632188856,-0.8226409239584102,3.6176402441911972,-0.902225204136028,-0.0028528271274153383,-0.00017776326343835538,0.4312557371204536,0.03465955066025122,0.12232981417703029,-0.1463123257277549,0.0008049274072163826,-0.0004785988522826301,0.032489206932950765,14097,668000000,11.06,0,2,2,-2.8232131598978754,-2.1735319380591998,3.5409014198832924,-2.8232131598978754,-2.1735319380591998,3.5409014198832924,399.0324740409851
-2.532273177214056,-0.050798452185331265,3.072074278608297,-4.292857037628998,-0.8078014090194652,3.5746156182037097,-0.9043170877258371,-0.002900134877000714,-5.667144531802974e-05,0.426851485710315,0.037382489993437074,0.12394914595403632,-0.14191368975609248,0.0006405268891285232,-0.0016610716784271062,0.029387190807028674,14097,956000000,10.58,0,2,2,-2.8331562524965803,-2.1206155733109227,3.50689031358937,-2.8331562524965803,-2.1206155733109227,3.50689031358937,399.3787715435028
-2.4450418679126313,-1.6055016990011418e-15,3.0501441756363534,-4.258562064108347,-0.7904637128657325,3.5327678062376813,-0.9056563362986093,-0.0027846688024707952,0.0004099894476908448,0.4240031580666509,0.0016172039172184377,0.12258289391372026,-0.13856223906724738,0.0008852011774251878,-0.007065200770739466,-0.0024734691351113725,14098,255000000,10.06,0,2,2,-2.839457056940831,-2.0670557683322524,3.471178352338469,-2.839457056940831,-2.0670557683322524,3.471178352338469,399.70533204078674
-2.4450418679126313,-1.6055016990011418e-15,3.0501441756363534,-4.2407366609219626,-0.762833245725406,3.4972322688767226,-0.9044221761417888,-0.002389053626745613,0.001448713519009036,0.42662948908257575,-0.07259545981545423,0.11762945767953026,-0.13619684781824332,0.0006707639101932727,-0.008223838267440442,-0.03542698505043518,14098,543000000,9.73,0,2,2,-2.831904219524715,-2.0254940370867973,3.434035520559773,-2.831904219524715,-2.0254940370867973,3.434035520559773,400.0141785144806
