x_ref,y_ref,z_ref,x,y,z,eta,e1,e2,e3,u,v,w,p,q,r,sec,nanosec,angle2,angle3,control_mode,std_test,x2,y2,z2,real_x2,real_y2,real_z2,time
0.0,0.0,5.0,1.2118307449576704,1.0243948508388176,4.926338019461499,-0.37825563014405356,-0.00042224570875001844,0.002080811934758257,0.9256987469984921,0.12435920256326709,-0.012167716796116692,0.0053830213544671015,-0.0008774227296726167,-0.0013196845770835353,-0.011867858574987622,10751,284000000,4.83,0,2,4,-0.6005368885900756,-0.4956327497781362,4.979089714021291,-0.6005368885900756,-0.4956327497781362,4.979089714021291,6.198883056640625e-05
0.0,0.0,5.0,1.1841186069184342,1.001856223831326,4.92790447798902,-0.37677228088870307,-0.0002277857374408716,0.0020457314124080854,0.9263036281104431,0.14688976415760135,-0.01269610367245943,0.006343573592642919,-0.0008488903461056907,-0.0011755080436159915,-0.012694070665020263,10751,557000000,4.65,0,2,4,-0.6062525715852884,-0.49903138843540457,4.978054504525707,-0.6062525715852884,-0.49903138843540457,4.978054504525707,0.2969844341278076
-0.007994025752217304,0.06280566511082372,5.0,1.150314493570306,0.9739988627128002,4.929802646199276,-0.37508878197240425,-4.6851341292009725e-05,0.001998826560814881,0.9269867356849231,0.1631203635946645,-0.01268039967394102,0.00684689868418159,-0.0008251021768046485,-0.000941042935664882,-0.013242874683783157,10751,828000000,4.46,0,2,4,-0.6052090684521761,-0.49727037250534756,4.977110801151671,-0.6052090684521761,-0.49727037250534756,4.977110801151671,0.6006791591644287
-0.01697820740838507,0.1255483960083878,5.0,1.113821525621818,0.943742132451751,4.931821949461425,-0.37334234834735436,0.000106866542332363,0.001936122702344169,0.9276916141363498,0.17298694908961673,-0.012757561673683235,0.0070647601599015935,-0.0009829313285081298,-0.00071432691015616,-0.013672549175680615,10752,104000000,4.24,0,2,4,-0.5985851799752163,-0.49119488900663894,4.976135347543521,-0.5985851799752163,-0.49119488900663894,4.976135347543521,0.9192488193511963
-0.01697820740838507,0.1255483960083878,5.0,1.0729498919592366,0.9101187230146771,4.93401768939548,-0.3714103189454906,0.00024234653895403564,0.0018503154994892663,0.928466958260506,0.17769213698501732,-0.013812091765045182,0.007052312251896106,-0.000739560334750422,-0.0005066947494469787,-0.014108491268416401,10752,391000000,4.02,0,2,4,-0.5875070327683977,-0.48150600641649804,4.975193793482863,-0.5875070327683977,-0.48150600641649804,4.975193793482863,1.248847484588623
-0.026955524430023026,0.18821223430714068,5.0,1.0254666017804368,0.872039894280249,4.9365081061945935,-0.36915130492045733,0.00035381953805281303,0.0017660461848865445,0.9293675645126263,0.17847015412675754,-0.015469348327562044,0.006970797411782477,-0.0006995695912337396,-0.00028733451813423017,-0.014429425209527835,10752,691000000,3.78,0,2,4,-0.5720350087393086,-0.4679307113051527,4.974199170693577,-0.5720350087393086,-0.4679307113051527,4.974199170693577,1.6162395477294922
-0.026955524430023026,0.18821223430714068,5.0,0.9780233357110668,0.8349978073081296,4.9389408225588,-0.36689141811999304,0.0004328595049534721,0.0016612468297785678,0.9302621889561672,0.17011380256042324,-0.016630030690862697,0.006652837659209532,-0.0008458005027023319,-5.610269795397471e-05,-0.013775902243651217,10753,25000000,3.48,0,2,4,-0.5514089813273007,-0.44937978473380336,4.973132397062162,-0.5514089813273007,-0.44937978473380336,4.973132397062162,1.9916026592254639
-0.03792871608951609,0.2507810623072051,5.0,0.9343626647721255,0.8026285594367525,4.941234394162255,-0.36484092505923615,0.00040672725631736,0.0015518870923361267,0.9310684859994522,0.108283947124965,-0.015656186102559682,0.005015932613992135,-0.00012338314832049946,0.0013214701994002098,-0.009146912998403423,10753,366000000,3.19,0,2,4,-0.5287334618469156,-0.428327254827533,4.9721807546548265,-0.5287334618469156,-0.428327254827533,4.9721807546548265,2.376906394958496
-0.04990027644803874,0.3132386055305398,5.0,0.9177743222654835,0.792852205889143,4.942348629112133,-0.3638642279140873,0.00019740989928492545,0.0014431788580353292,0.9314508585580885,0.026133751675788637,-0.01380976046002754,0.0027520942629706774,-0.00029588426002646884,0.00230066195854306,-0.005912289134357707,10753,718000000,2.92,0,2,4,-0.505455583537698,-0.405215024077148,4.971325847033097,-0.505455583537698,-0.405215024077148,4.971325847033097,2.69903826713562
-0.06287244931678915,0.37556843537659224,5.0,0.9194230309187547,0.7998499334041465,4.942748660624161,-0.3632196656564834,-0.00014316517698877325,0.0012488605956004486,0.9317026855877024,-0.06000174550848455,-0.013586071073188164,0.00010122591834474627,-0.0005953680158654606,0.0026353977091275738,-0.0033169247672049096,10754,6000000,2.8,0,2,4,-0.49340041645494864,-0.3910734120593117,4.970776976046837,-0.49340041645494864,-0.3910734120593117,4.970776976046837,3.0303032398223877
-0.06287244931678915,0.37556843537659224,5.0,0.9379418326551118,0.8226586167849207,4.942372768400369,-0.3629106266795849,-0.00045474990445345105,0.0010245499158277008,0.9318232775280004,-0.12914919602903638,-0.015210042761585293,-0.0024161773779490304,-0.0008158585330875212,0.0024131033569574356,-0.0008116350613818213,10754,303000000,2.72,0,2,4,-0.5022572387917771,-0.3929239607243715,4.97006496130813,-0.5022572387917771,-0.3929239607243715,4.97006496130813,3.359501838684082
-0.07684722320348403,0.4377539718994975,5.0,0.9772479097357689,0.8668666995238676,4.9410005631760505,-0.36301820094907417,-0.0007829283795936864,0.0007465342583612671,0.9317814204465826,-0.19220124299855565,-0.017801537369219127,-0.005182641531623647,-0.0007661811594061874,0.002096130947393249,0.002067452351184329,10754,598000000,2.69,0,2,4,-0.5318760292626908,-0.4105350914725043,4.969229717597264,-0.5318760292626908,-0.4105350914725043,4.969229717597264,3.7662081718444824
-0.09182632624610987,0.49977848670888325,5.0,1.027948810460869,0.9228501428326825,4.93892666928665,-0.3634438749010027,-0.0010543621178187826,0.0005005650651857667,0.9316153645964005,-0.20542557254835395,-0.021243560074611718,-0.005768313008495944,-0.0007227412993415783,0.001699323956927401,0.0022510650978802005,10754,974000000,2.7,0,2,4,-0.5881388205688739,-0.4465438024268152,4.968087809415521,-0.5881388205688739,-0.4465438024268152,4.968087809415521,4.1475300788879395
-0.10781122113602892,0.5616251059963305,5.0,1.06496020808081,0.9665033304016796,4.9375291970775095,-0.3637053466700867,-0.0011676642649901372,0.00033797050046197486,0.9315132544090271,-0.1610012675272098,-0.026204097212887235,-0.003786758088883186,-0.0008832059279484383,-0.0003668094990416648,0.0011531428981470526,10755,324000000,2.75,0,2,4,-0.6580298042101476,-0.49185067332981275,4.966726741780435,-0.6580298042101476,-0.49185067332981275,4.966726741780435,4.476610422134399
-0.10781122113602892,0.5616251059963305,5.0,1.0860877961058022,0.9979736446932788,4.936908073359228,-0.3637920479719648,-0.0009270898022141197,0.00028482019055364174,0.9314796858838745,-0.08868416190154171,-0.03249397349111411,-0.0008664738756191772,-0.0011614907521106943,-0.0018394669496046845,0.0005430791986782424,10755,627000000,2.77,0,2,4,-0.7106847705066827,-0.5236256650650944,4.965867502917353,-0.7106847705066827,-0.5236256650650944,4.965867502917353,4.806088924407959
-0.12480310003259198,0.6232768136895412,5.0,1.0914192638878688,1.0163393001659422,4.93702269598057,-0.36383778050836785,-0.0006379700157589268,0.00026048752486979585,0.9314620736322294,-0.03203828745785649,-0.037753475601916185,0.0014479190641037596,-0.000509608275933715,-0.0018365947312304343,-0.0005077894570604258,10755,928000000,2.77,0,2,4,-0.7482457950134688,-0.5416358579091023,4.965263721511173,-0.7482457950134688,-0.5416358579091023,4.965263721511173,5.132085084915161
-0.14280287947149173,0.6847164547362532,5.0,1.0845362352552101,1.0263795606064017,4.937765459305849,-0.36356669990475066,-0.0003659623313418256,0.0002690788504359183,0.9315680589138471,0.016792291816139338,-0.04240472355127507,0.003350687947583756,-0.0010433074749016669,-0.0016025888271542499,-0.004234744164932636,10756,216000000,2.77,0,2,4,-0.7705166142575096,-0.5456984605042557,4.964859412644107,-0.7705166142575096,-0.5456984605042557,4.964859412644107,5.454748153686523
-0.14280287947149173,0.6847164547362532,5.0,1.0686879777159604,1.0287353646107922,4.938877080782622,-0.36273561533845,-0.0001248694918147947,0.00022048428890722132,0.9318920587489328,0.052368268223463764,-0.04644691671247754,0.004545057023914635,-0.0009540319524603547,-0.0014171872408041963,-0.008775747301115189,10756,507000000,2.7,0,2,4,-0.7798646197765974,-0.5391731368291315,4.964607232713788,-0.7798646197765974,-0.5391731368291315,4.964607232713788,5.772864580154419
-0.16181119526917875,0.7459267385199392,5.0,1.0438040839239586,1.0256771706265497,4.940384796189364,-0.36119059745516896,0.00010687137572513833,0.0001715143171087531,0.9324919900306521,0.08116372244516622,-0.050035035421676845,0.005422834087559522,-0.0008668708630921174,-0.001215078486893617,-0.013389481136982795,10756,794000000,2.58,0,2,4,-0.7802325801858218,-0.5243588101790203,4.964449698953564,-0.7802325801858218,-0.5243588101790203,4.964449698953564,6.091461658477783
-0.18182839742572066,0.8068902424093126,5.0,1.0129491917854643,1.018477713095855,4.942117673308272,-0.3590679229220682,0.0003012689925904306,0.00011850567316674013,0.933311374580762,0.10112756088585204,-0.05259236666640606,0.005972825994290853,-0.0008055861314915091,-0.0009750111871653644,-0.016726598551031202,10757,88000000,2.37,0,2,4,-0.7727213308232769,-0.5007823029039403,4.964311439685775,-0.7727213308232769,-0.5007823029039403,4.964311439685775,6.410786151885986
-0.18182839742572066,0.8068902424093126,5.0,0.9804279327464661,1.0095007536908238,4.943861369270954,-0.356742985301044,0.0004504642800691725,6.315079948765166e-05,0.9342024596052014,0.11299022316791137,-0.05494908847316403,0.006249652807364196,-0.00077732914292028,-0.0007094223178683023,-0.018901165458373725,10757,381000000,2.1,0,2,4,-0.7590586273190274,-0.47119666905019597,4.964211783723302,-0.7590586273190274,-0.47119666905019597,4.964211783723302,6.72062873840332
-0.20285454502857725,0.867589415443657,5.0,0.9455064792887377,0.9994685583029067,4.945662857834834,-0.35415434101478666,0.0005619109864112592,2.9192634660840633e-06,0.9351868192975687,0.12010876892841105,-0.0569866466113074,0.006282171300262693,-0.000587817481800812,-0.0005661389650413184,-0.020502542065514717,10757,662000000,1.8,0,2,4,-0.7424526808949337,-0.43957901833617485,4.964131023073331,-0.7424526808949337,-0.43957901833617485,4.964131023073331,7.037588119506836
-0.20285454502857725,0.867589415443657,5.0,0.9064468158220782,0.9882167389885348,4.947569030898664,-0.35120962173729486,0.0006674319566716432,-5.598329129695559e-05,0.9362966159287345,0.12416225060626032,-0.058558778951073066,0.006104107119866231,-0.0007899538616129576,-0.0004048037737902632,-0.02126725776179228,10757,955000000,1.46,0,2,4,-0.7234331568364107,-0.4049658098145746,4.964022876287143,-0.7234331568364107,-0.4049658098145746,4.964022876287143,7.354569911956787
-0.22488940115985745,0.9280065821559788,5.0,0.8664643649917909,0.9771107523006262,4.949433121476428,-0.3482009191639239,0.0007428949035432522,-0.00013095216149676473,0.9374196236755938,0.12526557054141146,-0.059965619478102174,0.005901594595440576,-0.00042309184493660723,-0.0002724255836028533,-0.02150316195184132,10758,240000000,1.09,0,2,4,-0.7013685543493295,-0.36561367835467706,4.963870380284925,-0.7013685543493295,-0.36561367835467706,4.963870380284925,7.693573474884033
-0.24793242780967706,0.9881239465359675,5.0,0.8211223550636686,0.9654295007310452,4.951454967610548,-0.34485313274407825,0.0008003303629144629,-0.00018969472919724346,0.9386562950962483,0.11830895211325383,-0.0614246106933428,0.005535788635628888,-0.0004827212762847921,-4.4143233068894006e-05,-0.019338226047693752,10758,550000000,0.72,0,2,4,-0.6784249640358118,-0.3245571573619431,4.963686322842188,-0.6784249640358118,-0.3245571573619431,4.963686322842188,8.071359872817993
-0.24793242780967706,0.9881239465359675,5.0,0.7797322490593152,0.960064678497496,4.95331433093846,-0.34260059914404833,0.0007518734385888477,-0.00033046379194546496,0.9394807900889477,0.04873446983007895,-0.06493772037894725,0.003653336345772508,-0.0009116983960666403,0.0018199165083387925,0.0009634014304538141,10758,895000000,0.35,0,2,4,-0.652594407316995,-0.27674586978202664,4.963413114540548,-0.652594407316995,-0.27674586978202664,4.963413114540548,8.460038900375366
-0.2719827807983455,1.0479235961347382,5.0,0.7676897682414736,0.9744140875097768,4.953979780523978,-0.3437532959238677,0.0004956961122921761,-0.0005482510371351444,0.9390597027067248,-0.04412708373007174,-0.06850151709706746,0.0010237071730655751,-0.0007698482363593939,0.002549854389144457,0.014429380462388508,10759,249000000,0.25,0,2,4,-0.6350212335608828,-0.23286793938569758,4.963170755680413,-0.6350212335608828,-0.23286793938569758,4.963170755680413,8.767284393310547
-0.2970393047101876,1.1073875063133007,5.0,0.7725777078068565,1.0023676691397496,4.953955073445813,-0.3459617440067444,0.0002160437318042534,-0.0007634475692269113,0.9382482838549329,-0.11819972340622778,-0.07097997703870343,-0.00127075820392675,-0.0011733978567463055,0.00266602251031145,0.02202396444772603,10759,527000000,0.25,0,2,4,-0.6392520692745144,-0.21253862660545267,4.962864002525741,-0.6392520692745144,-0.21253862660545267,4.962864002525741,9.042793273925781
-0.3231005278418917,1.1664975446366894,5.0,0.7935039648008064,1.0490380276676965,4.95325094610883,-0.34971017969443435,-9.79102064107935e-05,-0.001061781074682453,0.9368573281202572,-0.18469965318413042,-0.07357599540742842,-0.003808473359642553,-0.0011330228630868078,0.002681154069250624,0.031272102569346316,10759,779000000,0.42,0,2,4,-0.6597339883783679,-0.20628954833687937,4.962417836687901,-0.6597339883783679,-0.20628954833687937,4.962417836687901,9.390856742858887
-0.3231005278418917,1.1664975446366894,5.0,0.8335241133590425,1.119876589064939,4.951558850367844,-0.35553328348616586,-0.0004579669605389336,-0.0014040928405260552,0.9346624541100942,-0.2310639746491662,-0.07500467272392725,-0.005998639449460738,-0.0010088479712067056,0.0024994591512950137,0.036247465322958305,10760,96000000,0.87,0,2,4,-0.702406727916208,-0.21166907921151829,4.961621970717095,-0.702406727916208,-0.21166907921151829,4.961621970717095,9.775465488433838
-0.35016465716835876,1.2252354754156587,5.0,0.8727842215417644,1.1875724667043754,4.94979890308722,-0.36065273707924017,-0.0006984349818662926,-0.0016088646243924598,0.9326985188046825,-0.21145778902687923,-0.0751531083100728,-0.005587071669246909,-5.337765500712521e-05,0.0004588178910580609,0.026355587942816783,10760,445000000,1.51,0,2,4,-0.7637528386319414,-0.22895655734517076,4.960414428175995,-0.7637528386319414,-0.22895655734517076,4.960414428175995,10.138184547424316
-0.37822957332913054,1.2835829643978252,5.0,0.8967296790733817,1.2401877190415074,4.948645641413317,-0.3635056498939818,-0.0006113247442722123,-0.0015826592852466299,0.9315904486236416,-0.14407758294275264,-0.07617953381523321,-0.003398080511623964,4.3522274006946304e-06,-0.0014599978385376744,0.016850682186486665,10760,773000000,2.13,0,2,4,-0.8294083383417641,-0.2502248416625349,4.959099441787638,-0.8294083383417641,-0.2502248416625349,4.959099441787638,10.45825982093811
-0.37822957332913054,1.2835829643978252,5.0,0.9051483793818547,1.2774090418590063,4.948095644029845,-0.3654490705208498,-0.00037124825988238755,-0.0014865869858030464,0.9308300753033876,-0.08447122767639693,-0.07842423723774697,-0.001510578586561231,4.825405675035199e-05,-0.001944680730048276,0.0127954980598588,10761,62000000,2.47,0,2,4,-0.8797521121155005,-0.2605279301059798,4.9580636891129455,-0.8797521121155005,-0.2605279301059798,4.9580636891129455,10.767454385757446
-0.40729282563855174,1.3415215836101098,5.0,0.9024375189676583,1.3032311372438539,4.9479818717292,-0.3667487605945714,-0.0001471014722646464,-0.001390738040340494,0.9303189726170296,-0.038794281399220816,-0.08100226601469387,1.913470328981171e-06,7.499088496842887e-05,-0.0017986461784857966,0.007489357403756003,10761,352000000,2.69,0,2,4,-0.9106372658555485,-0.2568268882310974,4.957368797857244,-0.9106372658555485,-0.2568268882310974,4.957368797857244,11.0410737991333
-0.43735162712291586,1.399032816354308,5.0,0.892490819465731,1.3209012875942518,4.948208417365383,-0.3671720151605443,4.4065005638336944e-05,-0.0013114352211787425,0.9301521324379581,-0.00382158365029849,-0.08317083500671286,0.0012947029888489797,-0.00023394871817572493,-0.0016167780358955497,-0.00014718636371924276,10761,601000000,2.84,0,2,4,-0.9276790890912413,-0.2434113468282061,4.956948623786738,-0.9276790890912413,-0.2434113468282061,4.956948623786738,11.307468891143799
-0.43735162712291586,1.399032816354308,5.0,0.8766258980488929,1.3338132587605267,4.948681629208653,-0.36668040533325064,0.00022202323750944734,-0.0012770949964526174,0.9303460646870576,0.024733226781218448,-0.08565099406830323,0.002177902431781615,-0.0005181325150260818,-0.0014119023035163991,-0.008096437613858143,10761,842000000,2.89,0,2,4,-0.9352284517786424,-0.2239470633904194,4.956718445257057,-0.9352284517786424,-0.2239470633904194,4.956718445257057,11.578231573104858
-0.46840284958794687,1.456098062357568,5.0,0.855882019813299,1.3430230667713698,4.949349019744946,-0.3653942673821655,0.0003929075593975778,-0.0012717511860217791,0.9308518988737255,0.04765741678062395,-0.0880234640280749,0.0028635210254750326,-0.00041936608852211066,-0.0013177277196518844,-0.014477654713118682,10762,85000000,2.82,0,2,4,-0.9362622835544955,-0.19878781258192973,4.956607419551475,-0.9362622835544955,-0.19878781258192973,4.956607419551475,11.845055103302002
-0.46840284958794687,1.456098062357568,5.0,0.8312943473604333,1.349322749357672,4.9501406930556,-0.3634684095834681,0.0005498898334136455,-0.001259973797497743,0.9316055094953362,0.0655504180583654,-0.08957604310999848,0.0032113737171244605,-0.00047418611472949124,-0.001225195217102737,-0.019391641581023578,10762,326000000,2.65,0,2,4,-0.9321952468609588,-0.16890288699597433,4.956564189161581,-0.9321952468609588,-0.16890288699597433,4.956564189161581,12.102515935897827
-0.5004430187200422,1.5126986430795495,5.0,0.8061531200052884,1.353254716017694,4.950927217982301,-0.3613063891918842,0.0006832868069341644,-0.0012603768406678915,0.9324460508246477,0.07774435048181376,-0.09098771168576898,0.0033858365996879704,-0.00039283008561596944,-0.0010798280527524184,-0.02245220912300283,10762,562000000,2.41,0,2,4,-0.9242849539823743,-0.13538603555537065,4.956556404176933,-0.9242849539823743,-0.13538603555537065,4.956556404176933,12.350796699523926
-0.5004430187200422,1.5126986430795495,5.0,0.7791810628869245,1.3559164747867718,4.951756184139721,-0.3588589693716896,0.0007948148687577825,-0.0012605727803396023,0.9333906038347924,0.08678841996022542,-0.0916992229515052,0.0035196219037341727,-0.0004447232157644976,-0.0008724553083538922,-0.02487978090357501,10762,782000000,2.14,0,2,4,-0.9145882381742624,-0.10224107642428928,4.956577502793809,-0.9145882381742624,-0.10224107642428928,4.956577502793809,12.604991436004639
-0.5334683092248316,1.568815807177966,5.0,0.748198254686104,1.3578777250696266,4.952683411159125,-0.3559642534922411,0.0008915293116475144,-0.0012805138894814601,0.9344982694983317,0.09387545090494737,-0.09266798826932324,0.0035353177697677587,-0.0003892099272206906,-0.0006245559802664502,-0.026484021509531885,10763,17000000,1.88,0,2,4,-0.9021470611893959,-0.06416320290174342,4.956628148490766,-0.9021470611893959,-0.06416320290174342,4.956628148490766,12.861798524856567
-0.5334683092248316,1.568815807177966,5.0,0.7214985466015001,1.3589966401520812,4.953464411475566,-0.3534499565768973,0.0009520765144550101,-0.001296328901533002,0.935452051832417,0.09816918996287245,-0.09281284418295097,0.0035478766022011875,-0.0003390626318378054,-0.0004930579677875357,-0.027170431712875143,10763,249000000,1.47,0,2,4,-0.8895919184935157,-0.02798211616616679,4.956696903356146,-0.8895919184935157,-0.02798211616616679,4.956696903356146,13.088791131973267
-0.5674745400066574,1.6244307361341979,5.0,0.6914615305747934,1.359969556483909,4.954317251822145,-0.35061758676203164,0.0010150839248438902,-0.0013265122814693658,0.9365172277235276,0.10112620243549253,-0.09368661800673028,0.00344173876938451,-0.00041600499400828994,-0.00046044969508329814,-0.027710087852028664,10763,457000000,1.21,0,2,4,-0.8763504753950231,0.009100120273802446,4.956772856696896,-0.8763504753950231,0.009100120273802446,4.956772856696896,13.312512874603271
-0.5674745400066574,1.6244307361341979,5.0,0.6582012464991218,1.3609581235296038,4.955227946166958,-0.34750979099816415,0.0010738986044468656,-0.0013573719818928214,0.9376747567485766,0.1021579453854489,-0.09403471721043072,0.0033153140961392864,-0.0004981201414011593,-0.0003471837374036113,-0.027144475643581245,10763,662000000,0.8,0,2,4,-0.8639833701403219,0.043362322915305375,4.9568345147708905,-0.8639833701403219,0.043362322915305375,4.9568345147708905,13.576286554336548
-0.6024571693927263,1.6795245500406104,5.0,0.6228599395951484,1.363158414629591,4.95615560518878,-0.34454033353566466,0.001117970762432666,-0.001407319542340923,0.9387697950830187,0.08302652875945322,-0.09557622612365865,0.0027580799872889278,-0.00043456625178350805,3.9902993909102236e-06,-0.014454380834649783,10763,899000000,0.42,0,2,4,-0.8493484445793483,0.0847275648267953,4.956907135074743,-0.8493484445793483,0.0847275648267953,4.956907135074743,13.87505316734314
-0.6024571693927263,1.6795245500406104,5.0,0.5975450609666931,1.3721898896662124,4.956760274652052,-0.34420144236706024,0.0011033603926721934,-0.0014740422758052236,0.9388940179102474,0.026609956688629244,-0.09833570562779866,0.0014046886383289067,-0.0008694131565789576,0.0009966719971998828,0.007519474138462101,10764,174000000,0.07,0,2,4,-0.8371426394198547,0.12700160037472089,4.9569784806003385,-0.8371426394198547,0.12700160037472089,4.9569784806003385,14.135870933532715
-0.6384112904057448,1.7340783135511595,5.0,0.584947542264107,1.3957807689783954,4.956898244943761,-0.34667185389193356,0.0008812988308294882,-0.0016855411672025032,0.9379845457055644,-0.06400042845629365,-0.10217062042028482,-0.0009265961594859534,-0.0010323157653147064,0.0028486174187491997,0.02888680846808711,10764,411000000,0.06,0,2,4,-0.8364704652083704,0.15794726952738078,4.956927854106889,-0.8364704652083704,0.15794726952738078,4.956927854106889,14.422408103942871
-0.6384112904057448,1.7340783135511595,5.0,0.5870950327026307,1.4304172540536546,4.95652103229407,-0.35050022672917136,0.0005939252266693306,-0.001921249483521022,0.9365604876974293,-0.13281400490357798,-0.10433631380596983,-0.0028763449100492524,-0.0012088651828889851,0.00302729340546648,0.0382640071620699,10764,670000000,0.3,0,2,4,-0.8512451206911279,0.17919394800882116,4.956642844294483,-0.8512451206911279,0.17919394800882116,4.956642844294483,14.69280743598938
-0.6753316260889739,1.7880730419968338,5.0,0.6042638642306878,1.4876470342976247,4.95549010764995,-0.3565573168036219,0.00025695372584457724,-0.0022477117993318233,0.9342707110898057,-0.19940648687572293,-0.10523730319480377,-0.005057863027048185,-0.0013589275908998388,0.002952919521703734,0.04780919298355002,10764,913000000,0.75,0,2,4,-0.8780321782151875,0.18864430844748376,4.956152820884913,-0.8780321782151875,0.18864430844748376,4.956152820884913,15.009313583374023
-0.6753316260889739,1.7880730419968338,5.0,0.6303675107156611,1.5507753041131092,4.954066765337807,-0.3629897249580475,-5.397065520125542e-05,-0.002497877078504897,0.9317897924275355,-0.2241759430538887,-0.10337979558200443,-0.006016221797504794,0.00034072945140906086,0.002530831466174277,0.04415821604197845,10765,203000000,1.47,0,2,4,-0.9259981602734059,0.18970347569037585,4.955181614505577,-0.9259981602734059,0.18970347569037585,4.955181614505577,15.315760374069214
-0.7132125248877181,1.8414897076674175,5.0,0.6511374699336708,1.6036182643552632,4.952964786548862,-0.36724423613340296,-0.00028661468878906846,-0.0025465237530860867,0.9301210158337399,-0.19699002140274174,-0.1019641906350817,-0.004990692327387676,0.0004885949124400213,0.0010311085077319149,0.031966737515176646,10765,488000000,2.25,0,2,4,-0.9813883463668951,0.1827674075439589,4.953948569930649,-0.9813883463668951,0.1827674075439589,4.953948569930649,15.571199178695679
-0.7520479560913946,1.8943092462609985,5.0,0.6628438158469169,1.6453312833758624,4.952215697335244,-0.36983146775088616,-0.00026313484584556345,-0.002482483975883479,0.9290955028922417,-0.14391789300994867,-0.10153811256131799,-0.0036125138471404293,0.000585868662028588,-0.0012166669876023661,0.020993903126509394,10765,723000000,2.76,0,2,4,-1.0309035284154175,0.17558426915254843,4.952881076990176,-1.0309035284154175,0.17558426915254843,4.952881076990176,15.828593015670776
-0.7520479560913946,1.8943092462609985,5.0,0.6661910127835764,1.6822933001074036,4.951698348954003,-0.37186672897151746,-9.574998075668941e-05,-0.0023460006220076567,0.928283158845967,-0.0922695112112901,-0.10269671938155833,-0.002151450189585415,0.00026208581402897835,-0.0018874293118642527,0.015740582966827787,10765,957000000,3.13,0,2,4,-1.0704739692279217,0.1763128029273706,4.952024485283806,-1.0704739692279217,0.1763128029273706,4.952024485283806,16.089382648468018
-0.7918315053403964,1.9465125635026175,5.0,0.6601587390550103,1.7139551236677144,4.951497351803097,-0.3733637557849895,0.00012532568796501647,-0.0022320360529158333,0.9276823314985886,-0.04604669929726888,-0.10510760229199971,-0.000667533301582949,0.00018665993337663167,-0.0018597158145894355,0.008488090770697454,10766,196000000,3.38,0,2,4,-1.0989181866232938,0.18608661553557185,4.951429573860054,-1.0989181866232938,0.18608661553557185,4.951429573860054,16.356098175048828
-0.7918315053403964,1.9465125635026175,5.0,0.6472318092377712,1.7368342522673175,4.951573510542843,-0.3738320389049439,0.0003194229066146465,-0.0021305234397231733,0.9274939167062239,-0.011091827952820786,-0.10700774455359771,0.0002729073649374701,0.0001792873902672909,-0.00172253876371542,-0.00017955183029272348,10766,437000000,3.5,0,2,4,-1.1178640980370114,0.20359301006802927,4.951091798226498,-1.1178640980370114,0.20359301006802927,4.951091798226498,16.629161596298218
-0.8325563702020884,1.99808054193334,5.0,0.6267052478772757,1.7561289201257206,4.951878761746786,-0.37321898129861103,0.0005058042126151115,-0.002040652171727162,0.9277408969638232,0.019786620857087104,-0.10914395051960553,0.0011188596192702393,-0.00017293141780783117,-0.0015307594139812863,-0.009941095959220547,10766,684000000,3.55,0,2,4,-1.1290254025365034,0.22767547556971807,4.950960229688524,-1.1290254025365034,0.22767547556971807,4.950960229688524,16.922210931777954
-0.8325563702020884,1.99808054193334,5.0,0.6028869791228008,1.7698056611678676,4.952336245171926,-0.3716656352821287,0.0006745936675457301,-0.0019981777326087352,0.9283642645855473,0.04298238596184377,-0.11039322647808088,0.0017146781414840537,-0.0004399022088819038,-0.0013792154277325608,-0.01729536452330649,10766,949000000,3.47,0,2,4,-1.134057629941894,0.25999684310338106,4.9510076756679915,-1.134057629941894,0.25999684310338106,4.9510076756679915,17.18313241004944
-0.8742153558203847,2.048994047871031,5.0,0.5753249240966846,1.7803956869463384,4.952897688262822,-0.3693853530538594,0.0008281925413128669,-0.0019856819380778875,0.9292738197719932,0.06129658488170446,-0.11149090594442843,0.0020045513124901746,-5.253455341858171e-05,-0.0012098053275622078,-0.023023066569294315,10767,184000000,3.28,0,2,4,-1.1336007503981782,0.29426472116001906,4.951155427471229,-1.1336007503981782,0.29426472116001906,4.951155427471229,17.462355136871338
-0.8742153558203847,2.048994047871031,5.0,0.5423050329805882,1.7892164181914159,4.953583098339003,-0.36632084956734967,0.0009644938901727779,-0.0019399524185428354,0.9304860780841403,0.07616417477804047,-0.11183075447882702,0.002206702077066274,-0.00032409561470103654,-0.0010801609505506349,-0.027226434394833632,10767,435000000,3.0,0,2,4,-1.1296077955191632,0.33177241942763086,4.951377422737311,-1.1296077955191632,0.33177241942763086,4.951377422737311,17.734445333480835
-0.916800870643431,2.099233938543985,5.0,0.5096554466582082,1.79565441642115,4.954233841814349,-0.36311920425084226,0.001081112910767392,-0.001935408113907681,0.9317400543577279,0.08615451222910182,-0.11220400426501267,0.0021618906274234405,-0.00027905282138362963,-0.0008888355068847886,-0.02982874557346804,10767,681000000,2.63,0,2,4,-1.1224363288650783,0.37500973267205995,4.9516902149028175,-1.1224363288650783,0.37500973267205995,4.9516902149028175,18.010838270187378
-0.916800870643431,2.099233938543985,5.0,0.47264635872802935,1.8013553427550402,4.954936450877591,-0.35937605394381184,0.0011802207566993896,-0.0019325357301788616,0.9331900793709669,0.09394042220498186,-0.11211779289872137,0.0021241554485862415,-0.00021382538051284428,-0.0006974735470066662,-0.031685130306868814,10767,931000000,2.25,0,2,4,-1.114044320556957,0.41670019339516046,4.952035429490227,-1.114044320556957,0.41670019339516046,4.952035429490227,18.29104256629944
-0.9603049222340583,2.148781069398533,5.0,0.437375463679533,1.8058923847914743,4.9555841549559965,-0.35576326851389845,0.0012500864431065615,-0.0019318261575201096,0.9345732727335452,0.09905102562576393,-0.11216639531851078,0.0020978796488282008,-0.00016690975712663203,-0.0005490093883508962,-0.03259779077779967,10768,178000000,1.8,0,2,4,-1.1037132497124094,0.4631077461490206,4.952435099339516,-1.1037132497124094,0.4631077461490206,4.952435099339516,18.56992268562317
-1.00471911316775,2.1976163015816503,5.0,0.39273188058096287,1.8112705459989846,4.956392433217202,-0.3513300467229717,0.0013133013932388577,-0.0019336992951385064,0.9362487566432978,0.09467036800893727,-0.11196240056647389,0.0020744031031510617,-0.00012865372696069244,-0.0003597927701548542,-0.026807482390722726,10768,430000000,1.37,0,2,4,-1.09358273374552,0.5067060999567984,4.952795549987361,-1.09358273374552,0.5067060999567984,4.952795549987361,18.89065980911255
-1.00471911316775,2.1976163015816503,5.0,0.3510848050868837,1.8229221980838763,4.9571746781126835,-0.3489434616904513,0.0012978194692014134,-0.0020056383413193956,0.9371407330934632,0.03135025890355135,-0.11445636274354162,0.0010492570749225806,-0.0008568624025429017,0.0017189934965244902,0.00658255603411817,10768,723000000,0.85,0,2,4,-1.0825974247263324,0.5600895031776413,4.953270230088866,-1.0825974247263324,0.5600895031776413,4.953270230088866,19.243443965911865
-1.0500346370229905,2.245720509599518,5.0,0.3351012974490557,1.8459396469587006,4.957340406373537,-0.35120143572333273,0.0010623476133428946,-0.0021968317326120446,0.9362967461727915,-0.051006691312911745,-0.11732754996778831,-0.0006963865124340119,-0.000766870516599738,0.0028225060077602393,0.02929420497821411,10769,40000000,0.59,0,2,4,-1.083983938751262,0.6069661475673415,4.953587818139665,-1.083983938751262,0.6069661475673415,4.953587818139665,19.518961906433105
-1.0500346370229905,2.245720509599518,5.0,0.3323080320981391,1.8813131738699018,4.957092643376762,-0.35517494700053487,0.00077830132278761,-0.0023989527886842297,0.9347964464501005,-0.12080806936660031,-0.11905601846278524,-0.0024372484213416945,-0.0008332093102580984,0.00296135608550685,0.04058341401105281,10769,287000000,0.87,0,2,4,-1.100358693180378,0.6301501201952933,4.953540944920924,-1.100358693180378,0.6301501201952933,4.953540944920924,19.794931888580322
-1.096242274468954,2.293074589152906,5.0,0.3445527991122537,1.9439423286780038,4.956188102964568,-0.3621970777915751,0.0003959396514632886,-0.002690705495458361,0.9320975700939107,-0.19175233873113628,-0.11943260531960061,-0.00460352844822292,-0.000862551456748406,0.003009146644217253,0.05284898725221865,10769,532000000,1.35,0,2,4,-1.1297128164763073,0.6431427152887806,4.95322553692629,-1.1297128164763073,0.6431427152887806,4.95322553692629,20.13589835166931
-1.143332389455625,2.3396594651501514,5.0,0.36573769932052375,2.0089260036999277,4.9549667845248635,-0.36931363779384935,7.14374416488871e-05,-0.0029054925190621647,0.9293002689924215,-0.22008757863658718,-0.11717081409863361,-0.005495239325308992,0.0002008354641702681,0.0026526958208705764,0.05006451756344177,10769,844000000,2.2,0,2,4,-1.1852018110909373,0.6478623745027802,4.952383031554732,-1.1852018110909373,0.6478623745027802,4.952383031554732,20.45579981803894
-1.143332389455625,2.3396594651501514,5.0,0.38351574217018924,2.064463405619316,4.954007048770037,-0.3742458657415845,-0.00017369079293006297,-0.0029797288498228827,0.927324712828695,-0.1999554964489721,-0.11571408821482587,-0.004694395455066977,0.000361047665364822,0.0012634068525585462,0.03740816573554184,10770,132000000,3.06,0,2,4,-1.2448459245115018,0.6434787378086417,4.951294869187365,-1.2448459245115018,0.6434787378086417,4.951294869187365,20.725172519683838
-1.1912949255115115,2.385456099898427,5.0,0.3931049264494033,2.1125880373056147,4.953298791360134,-0.37735210544542025,-0.00014469639527993957,-0.0029239157477075274,0.9260652343628724,-0.14047256238411115,-0.11639508876425404,-0.003373424448313897,0.00048563008476776304,-0.0012887232855973707,0.021777666552225128,10770,374000000,3.65,0,2,4,-1.2975652765178007,0.6385804874857398,4.950395945415423,-1.2975652765178007,0.6385804874857398,4.950395945415423,20.988554000854492
-1.1912949255115115,2.385456099898427,5.0,0.39264365858145595,2.1514335336802883,4.952858975990068,-0.37934513008535653,3.176092441795086e-05,-0.0027915283216284,0.9252510354716699,-0.0873826623887734,-0.11747502617451606,-0.0021196244927277424,0.0004568225392631575,-0.0019318616523378296,0.014637657932325965,10770,610000000,4.02,0,2,4,-1.3413602594582141,0.6408659398603461,4.949709669825475,-1.3413602594582141,0.6408659398603461,4.949709669825475,21.259380340576172
-1.2401194021542623,2.4304455014738875,5.0,0.3834935357331881,2.1823898933454857,4.952660225079661,-0.38058864694983197,0.00023018294388385172,-0.002658518255436227,0.9247405912521597,-0.04299560354723424,-0.1194362001490303,-0.001048342206733555,0.0002470184426783817,-0.0019184752318324172,0.00725228278497525,10770,854000000,4.26,0,2,4,-1.3740573425342393,0.6519553358242521,4.949309031758753,-1.3740573425342393,0.6519553358242521,4.949309031758753,21.525984048843384
-1.2401194021542623,2.4304455014738875,5.0,0.36546331739149224,2.208568809454629,4.9527014015996,-0.38075081444672926,0.0004541849983295265,-0.0025452282744762903,0.9246740684301524,-0.0032141083405572667,-0.12126821246753938,-4.054389261223491e-05,-0.00013651827259764104,-0.0018588999864732614,-0.004272554906492587,10771,96000000,4.41,0,2,4,-1.3973988416182581,0.6706652350889664,4.949156137395015,-1.3973988416182581,0.6706652350889664,4.949156137395015,21.79692816734314
-1.2897949114195773,2.4746087322711814,5.0,0.34259344204368325,2.2272417375230775,4.952910074531473,-0.37969796579040843,0.0006499776102314702,-0.0024780804645146886,0.9251069621513737,0.026946071807086486,-0.12309228182170884,0.0004973054968054487,5.438026171589172e-05,-0.0016555753632019332,-0.014476549858954968,10771,339000000,4.43,0,2,4,-1.414008636726771,0.6980367707281399,4.949247171289383,-1.414008636726771,0.6980367707281399,4.949247171289383,22.079292058944702
-1.3403101145139145,2.5179269177327237,5.0,0.3149220833324399,2.2416196007287765,4.953220756175025,-0.37755959788694626,0.0008166336650781075,-0.0024043058724277297,0.9259818046085874,0.051590661163870025,-0.12396386835982917,0.0008507255929440398,-0.00022139287381151007,-0.0015039268077998713,-0.023106264416128397,10771,594000000,4.31,0,2,4,-1.4229282943952104,0.7287485245401302,4.949518733152461,-1.4229282943952104,0.7287485245401302,4.949518733152461,22.346407890319824
-1.3403101145139145,2.5179269177327237,5.0,0.28339571734740476,2.2526396403355102,4.953612341664645,-0.37457683032247496,0.000983705530957338,-0.002370643557300414,0.927192326628149,0.07116168632077682,-0.12496944350385861,0.0011193341373043355,-0.00036438248400827433,-0.001408439538863604,-0.02974147482746048,10771,835000000,4.05,0,2,4,-1.427006976416749,0.7635052342228091,4.949913874392354,-1.427006976416749,0.7635052342228091,4.949913874392354,22.614420890808105
-1.3916532385966196,2.560381255257994,5.0,0.248806916505432,2.2612376570573187,4.954055948520479,-0.370963000465073,0.0011388849259202647,-0.0023537786571574803,0.9286439656580494,0.0861266590024908,-0.1259504210300229,0.0012349326696610412,-0.0003059768630464532,-0.0012469415537452733,-0.03447683702688664,10772,77000000,3.75,0,2,4,-1.427478065719491,0.8045968984636427,4.95042871519844,-1.427478065719491,0.8045968984636427,4.95042871519844,22.884231090545654
-1.3916532385966196,2.560381255257994,5.0,0.20881175563883286,2.2685497948462925,4.954576562687084,-0.3665717455927501,0.0012760831522572458,-0.002337187217575792,0.9303859760877645,0.09820320526749217,-0.12596739278437868,0.0013430462000378362,-0.00022328995328280143,-0.001008614970032795,-0.03786159468290862,10772,315000000,3.26,0,2,4,-1.4257109936938002,0.8414573043082213,4.950917840312002,-1.4257109936938002,0.8414573043082213,4.950917840312002,23.150558471679688
-1.4438120736971953,2.601953023293036,5.0,0.1701826528607638,2.2740373764979154,4.955088680793733,-0.3622118959934772,0.0013734432576008023,-0.002321791313522445,0.9320918760184131,0.10641952039772654,-0.12592297590180224,0.0013993179812100886,1.933165286530092e-06,-0.0008366654697056219,-0.039754871249897406,10772,557000000,2.73,0,2,4,-1.4218390043953382,0.8867040383859882,4.951520403715729,-1.4218390043953382,0.8867040383859882,4.951520403715729,23.4286105632782
-1.4438120736971953,2.601953023293036,5.0,0.12708447720824922,2.2790310869938066,4.95564602248639,-0.35733190387950264,0.00145634029020556,-0.002294957214833348,0.9339735128547229,0.11289567998913477,-0.12522968866851494,0.0013119920520979385,-0.00015435322495704895,-0.0007359208211710211,-0.04070773902640212,10772,805000000,2.21,0,2,4,-1.4172286828143068,0.9295856540527033,4.95204639418216,-1.4172286828143068,0.9295856540527033,4.95204639418216,23.730345487594604
-1.496773969773539,2.6426235906001962,5.0,0.07654035136629964,2.284348163768741,4.956254616041298,-0.3517247588938726,0.0015395832561818112,-0.002274900110494631,0.9360994330165635,0.11035931383673832,-0.1246973884132579,0.001223908738513035,0.0002218201686332577,-0.0005663039587489038,-0.035218662742408924,10773,75000000,1.64,0,2,4,-1.4115682984699398,0.9767694719698907,4.952596818796004,-1.4115682984699398,0.9767694719698907,4.952596818796004,24.056089401245117
-1.496773969773539,2.6426235906001962,5.0,0.03576870324414563,2.291878325344766,4.956781145751196,-0.3482503987409798,0.001562571142787047,-0.0022551106808121066,0.937397531799604,0.07474128940498051,-0.12522928104676417,0.0008947832050737461,-0.00037194135416029894,0.0006690603470360657,-0.01216666896652896,10773,370000000,0.98,0,2,4,-1.40535744075363,1.031302848011081,4.953187514891891,-1.40535744075363,1.031302848011081,4.953187514891891,24.35321617126465
-1.550525833917094,2.682374425708024,5.0,0.008931415852355082,2.312271559372585,4.956973216176523,-0.34937694216435633,0.0013574529308838187,-0.002386996268159573,0.9369782344613135,-0.01526219347579475,-0.12812190177410157,-0.0007621954985549413,-0.0002719049234656268,0.002566529906289361,0.02308528037247015,10773,634000000,0.6,0,2,4,-1.4058648390927517,1.073972120162153,4.953640763219846,-1.4058648390927517,1.073972120162153,4.953640763219846,24.624087810516357
-1.6050541277109547,2.7211871065411257,5.0,-0.0020420365764278105,2.3472738568236675,4.9567404044136145,-0.353204244279073,0.0010353392647076667,-0.002551818172128669,0.9355421840408225,-0.09217584182559432,-0.13003819076027262,-0.0022936117938966586,-0.0006015052235852636,0.0029587765766336815,0.03778798709390685,10773,888000000,0.74,0,2,4,-1.421702081091885,1.1044177841132352,4.9537421105470205,-1.421702081091885,1.1044177841132352,4.9537421105470205,24.904619455337524
-1.6050541277109547,2.7211871065411257,5.0,0.00010058787674281111,2.398306019702652,4.95609864418025,-0.35885042712521964,0.0007050334500294448,-0.0027781650445820602,0.9333906768759085,-0.15641243839829758,-0.13144771999171317,-0.0038091205654165973,-0.0008772263470291364,0.002897522949751874,0.0487471952510532,10774,144000000,1.2,0,2,4,-1.4541499649065874,1.1215788405522131,4.953432117587221,-1.4541499649065874,1.1215788405522131,4.953432117587221,25.223337173461914
-1.6603448647470773,2.7590433302296336,5.0,0.012747752424378369,2.4597785357446162,4.955095723062312,-0.36573989159783554,0.00039170016713162867,-0.0030092985840118993,0.9307121587188032,-0.19805233534283603,-0.1305506169964268,-0.004984423264331625,-0.0003500960701785516,0.0028067926677977084,0.054116788669489324,10774,425000000,1.89,0,2,4,-1.504211560650214,1.128282924590723,4.952728701001702,-1.504211560650214,1.128282924590723,4.952728701001702,25.539549589157104
-1.6603448647470773,2.7590433302296336,5.0,0.028343111463559986,2.520661799276228,4.954060685775859,-0.37205927226209573,0.00011660965880195152,-0.0031481531323203356,0.9282036271518457,-0.19500046340012012,-0.12813423024758527,-0.004967851274163234,0.000420422162505929,0.0014839707773717237,0.04226776436553337,10774,710000000,2.72,0,2,4,-1.5664863362934704,1.1258069124307268,4.951648118897753,-1.5664863362934704,1.1258069124307268,4.951648118897753,25.821287393569946
-1.7163836083088557,2.795924923097814,5.0,0.03537534676449255,2.566443725236039,4.9533293546687585,-0.37502605894863517,8.280097591065378e-05,-0.00311248018006846,0.9270090402582825,-0.14238087944441416,-0.12769637092001987,-0.003951448067170099,0.000649934520424722,-0.0006288994200076559,0.020560119446599856,10774,966000000,3.48,0,2,4,-1.6284007392115754,1.1203055464117226,4.950568485408232,-1.6284007392115754,1.1203055464117226,4.950568485408232,26.0634503364563
-1.7731554692254243,2.8318138508311876,5.0,0.03428727671973906,2.6009796087821315,4.952843988925524,-0.37648471101416237,0.00017949329939833053,-0.0029984556508079133,0.9264179615154534,-0.09407958099768403,-0.12778317443308146,-0.002930168244834713,0.0006767361014681228,-0.0016488746496179374,0.012308159148233244,10775,183000000,3.83,0,2,4,-1.6750423334377007,1.120028839960127,4.949829936261082,-1.6750423334377007,1.120028839960127,4.949829936261082,26.294713497161865
-1.7731554692254243,2.8318138508311876,5.0,0.02543157146740461,2.6318635895461506,4.952499154615819,-0.3773647368926428,0.0003382567249796387,-0.002862177924793812,0.9260602296124486,-0.04779753834899623,-0.12937692773182952,-0.001963577283925425,0.0003644336658226166,-0.0018364650259172777,0.00522543828083144,10775,392000000,4.0,0,2,4,-1.7094573694253277,1.125871047354877,4.9493772551583985,-1.7094573694253277,1.125871047354877,4.9493772551583985,26.528732776641846
-1.8306451039041485,2.866692228821392,5.0,0.009523365029396321,2.6564753656928217,4.952329544742035,-0.37733813270400457,0.000521169544166338,-0.0027643141086291533,0.9260712826544562,-0.008155436233570778,-0.13148702210704732,-0.0011702611548044593,5.517719117165143e-05,-0.00187241912499303,-0.005106612024974311,10775,601000000,4.1,0,2,4,-1.739238880069513,1.1384715035336226,4.949114937211932,-1.739238880069513,1.1384715035336226,4.949114937211932,26.79058074951172
-1.8306451039041485,2.866692228821392,5.0,-0.012331360795789937,2.6758007910521946,4.952297615092405,-0.37624607201423826,0.0007044077333128952,-0.0026879463703337074,0.9265156080973014,0.025233847169652945,-0.13290423131986123,-0.000603610896920153,-0.00015393784096318086,-0.0017824693827606097,-0.0150712549839227,10775,837000000,4.15,0,2,4,-1.7637659406623698,1.1585801916915268,4.949075476583717,-1.7637659406623698,1.1585801916915268,4.949075476583717,27.032381534576416
-1.888836712547877,2.900542332687862,5.0,-0.03920791347818566,2.6907545141048277,4.9523793426509,-0.374095286640942,0.0008909645537366843,-0.002645172723276199,0.9273860715777758,0.0535184077887809,-0.1344787295282907,-0.00013902180209068055,-0.0001672799569973904,-0.0017337608824163908,-0.025365421060996596,10776,56000000,4.01,0,2,4,-1.780297537526197,1.1819234567100045,4.949217159436489,-1.780297537526197,1.1819234567100045,4.949217159436489,27.266024827957153
-1.888836712547877,2.900542332687862,5.0,-0.07016574293882906,2.702141435392426,4.952546178136309,-0.3710519454537639,0.0010569107880085693,-0.0025871367049108782,0.9286079061898154,0.0763474547207527,-0.1348666694672665,0.00014824808055558504,-0.0002638620600237118,-0.0016248250290118449,-0.03315331487101503,10776,268000000,3.67,0,2,4,-1.7912773008878553,1.2065025095044368,4.949445859863678,-1.7912773008878553,1.2065025095044368,4.949445859863678,27.50789976119995
-1.9477140375636162,2.9333466089752442,5.0,-0.10435330417399577,2.7107444787887465,4.95277846419283,-0.3673171464541865,0.0012237033306633665,-0.0025620453585470772,0.9300914215250524,0.09455448888011629,-0.1351406962786206,0.00038661252936091414,-0.00030848988501475105,-0.0015300194377232401,-0.03894753899658099,10776,491000000,3.29,0,2,4,-1.799836610840628,1.2365588518130293,4.9497942166318625,-1.799836610840628,1.2365588518130293,4.9497942166318625,27.752943754196167
-1.9477140375636162,2.9333466089752442,5.0,-0.15134155839814128,2.7186436887337293,4.953155387921004,-0.36188342642673754,0.0014014350119797869,-0.0025259363387885353,0.9322188805764252,0.11203187459683443,-0.13428798265828917,0.0005978468079906224,-3.282510050439669e-05,-0.0012889891536360665,-0.04398178425617516,10776,709000000,2.82,0,2,4,-1.8055266881731313,1.2690573689682634,4.950231168091639,-1.8055266881731313,1.2690573689682634,4.950231168091639,28.058419704437256
-1.9477140375636162,2.9333466089752442,5.0,-0.19396024101897863,2.7234611631134196,4.953518166395367,-0.35679587825666054,0.0015215065207964688,-0.0024844218892376637,0.9341778277848611,0.12346338389670494,-0.13354536674065,0.0006657307202694002,-5.483279919005213e-06,-0.0010850697776731977,-0.046431657756329514,10776,986000000,2.15,0,2,4,-1.809849734812122,1.312975441529343,4.950870704142535,-1.809849734812122,1.312975441529343,4.950870704142535,28.321889400482178
-2.0072603621694096,2.9650876860252895,5.0,-0.23809211848608333,2.7269634710714583,4.9539039712357695,-0.3515118285545459,0.0016147102943553757,-0.002449128036786824,0.9361788444890026,0.13188250728976886,-0.13182660039533942,0.0006994551439773114,0.00017032551369311477,-0.0008362255016436393,-0.04745992046082392,10777,224000000,1.53,0,2,4,-1.811761648236382,1.3521666268789865,4.951440069033984,-1.811761648236382,1.3521666268789865,4.951440069033984,28.59891629219055
-2.0674585092062747,2.995748385021807,5.0,-0.29066042378342594,2.729838127827453,4.954347963316566,-0.3452692208626693,0.0016819783141072628,-0.002409479559714261,0.938499083900505,0.13795642687481752,-0.1292585077499692,0.000581452927221338,-2.5612368936833718e-05,-0.0005979234515507414,-0.04740344375022687,10777,477000000,0.95,0,2,4,-1.81267228562631,1.3956780059778602,4.952073975366223,-1.81267228562631,1.3956780059778602,4.952073975366223,28.888754844665527
-2.0674585092062747,2.995748385021807,5.0,-0.3532923744874785,2.7344050226152317,4.9548079777072065,-0.3387229776823358,0.001730718206462629,-0.0023801314816205383,0.9408815461994309,0.11139045568938974,-0.12920344534914546,0.00017776588744112376,0.00026637353585101664,-0.00013045651172660655,-0.02367486486036796,10777,743000000,0.18,0,2,4,-1.8129279434484429,1.439855308391363,4.952722928639513,-1.8129279434484429,1.439855308391363,4.952722928639513,29.267572164535522
-2.1282908401621645,3.0253117312070743,5.0,-0.3922369150187247,2.7462787370805373,4.955019962954773,-0.3371669144076438,0.001689004000051681,-0.0023731128551744305,0.9414403791157956,0.054860550524035025,-0.1319961333031286,-0.00040845440373564175,-2.9612820284796726e-05,0.0012710007808891532,0.0010834242829105278,10778,86000000,0.68,0,2,4,-1.813729251677841,1.4973984948101324,4.95357559003016,-1.813729251677841,1.4973984948101324,4.95357559003016,29.56289792060852
-2.1897392544150174,3.053760965267927,5.0,-0.41662250723122096,2.7713159199428716,4.954976799946715,-0.33897142215683823,0.0014189633709704743,-0.002488933369796543,0.9407923079588836,-0.026691942752198806,-0.13578632536589055,-0.001404543765328847,-0.00044570129773546796,0.0028314600967860315,0.02458948529238114,10778,345000000,0.86,0,2,4,-1.8225066595394936,1.5350845063013925,4.9540947946218985,-1.8225066595394936,1.5350845063013925,4.9540947946218985,29.836812019348145
-2.1897392544150174,3.053760965267927,5.0,-0.4271448530429403,2.809174969573604,4.954681064126601,-0.3428299499770124,0.0010925091648529887,-0.0026716189168717957,0.9393930456815436,-0.09270704864975729,-0.1392899122402464,-0.0024072765327509613,-0.0005809872163808905,0.0029715278060393757,0.038071586095611565,10778,597000000,0.63,0,2,4,-1.847524048034671,1.5597455402353475,4.954171524808851,-1.847524048034671,1.5597455402353475,4.954171524808851,30.149372100830078
-2.251785188702036,3.081079554889556,5.0,-0.42607537043232857,2.8655892698292487,4.954001493968828,-0.3490942546986273,0.0007345991140102234,-0.0028973010094724915,0.9370828497776555,-0.15201466121992782,-0.1412503434450308,-0.0037841817891710156,-0.0006590129714822979,0.0028364005856928998,0.05114039267937187,10778,876000000,0.08,0,2,4,-1.8928955294202834,1.5718714363759043,4.953698917385345,-1.8928955294202834,1.5718714363759043,4.953698917385345,30.469189167022705
-2.251785188702036,3.081079554889556,5.0,-0.41573069368033655,2.92718727776297,4.953074526659548,-0.35627319508163685,0.0004224969553048672,-0.003088627450708574,0.9343766330249892,-0.1827608766569678,-0.13981362226444324,-0.004537620511151799,8.672869711290332e-06,0.002679296881069604,0.05284746948746033,10779,172000000,0.61,0,2,4,-1.9536566422887565,1.572350738992255,4.952692498558148,-1.9536566422887565,1.572350738992255,4.952692498558148,30.771499156951904
-2.314409616822441,3.107251206474837,5.0,-0.4059158790140447,2.9808589865497908,4.9523021488255985,-0.3616431001047873,0.000165993096193313,-0.0031745740166564443,0.9323111941153037,-0.1674741707389529,-0.13722992099734027,-0.00408733214967971,0.0006907967474489851,0.001364951720006502,0.037847994099138305,10779,445000000,1.49,0,2,4,-2.025424642354157,1.5644060827817068,4.951200762727913,-2.025424642354157,1.5644060827817068,4.951200762727913,31.02825689315796
-2.377593049581021,3.132259877026839,5.0,-0.4038768602934759,3.019686661654738,4.951799960856542,-0.3638927633615092,0.00015428923835701116,-0.003105632773980662,0.9314356596206892,-0.11394181577822374,-0.13533167314812136,-0.003177762866350342,0.0006623635727009969,-0.000971852165321252,0.015129412167880218,10779,680000000,2.15,0,2,4,-2.087113063736239,1.557386345280249,4.949963214021292,-2.087113063736239,1.557386345280249,4.949963214021292,31.25265097618103
-2.377593049581021,3.132259877026839,5.0,-0.4094774518126014,3.051288229372528,4.951440911996547,-0.36475972526674383,0.00027292822024184947,-0.0029946516297756913,0.931096826541221,-0.06326412916178172,-0.13490171850954283,-0.0023625544126461818,0.000497060426596363,-0.0017700294051792298,0.005044558338340721,10779,880000000,2.42,0,2,4,-2.1333730862837346,1.5553203395446644,4.949134583725161,-2.1333730862837346,1.5553203395446644,4.949134583725161,31.48497176170349
-2.377593049581021,3.132259877026839,5.0,-0.42207723462366553,3.0764862141601106,4.951221626921931,-0.36480614045561616,0.0004357578925642048,-0.0028905793863309636,0.9310789088749394,-0.01892468941892498,-0.13553200466794768,-0.001570493142444324,0.00035096634860565246,-0.0019372121641936246,-0.002965453109027294,10780,85000000,2.53,0,2,4,-2.1718419408603324,1.5589905980394028,4.948551234311917,-2.1718419408603324,1.5589905980394028,4.948551234311917,31.714168787002563
-2.4413155349798927,3.1560897861919237,5.0,-0.4429030706744755,3.0978980522890915,4.951105316868157,-0.3638763080449431,0.0006232014973851963,-0.0027789024871493497,0.9314429245876755,0.022694499415908072,-0.1358140691227307,-0.0010490196770142565,0.00020376084250983695,-0.0019692385194503004,-0.01392050589856808,10780,294000000,2.53,0,2,4,-2.2034179709655946,1.5678362831130586,4.948210868472622,-2.2034179709655946,1.5678362831130586,4.948210868472622,31.946221590042114
-2.4413155349798927,3.1560897861919237,5.0,-0.46981149864743454,3.1137039898313863,4.951100029492706,-0.36180357370944766,0.000811207577178537,-0.002692651850860279,0.9322501089403792,0.05767603110921572,-0.1354834468688152,-0.0005364382714919553,-0.00012725809312996716,-0.0019192302261217264,-0.0252338313657674,10780,506000000,2.41,0,2,4,-2.231533583703638,1.5827093029606192,4.948088852223597,-2.231533583703638,1.5827093029606192,4.948088852223597,32.180301666259766
-2.505556658665967,3.1787254284606545,5.0,-0.4987167676951468,3.1240428831833635,4.951163398078213,-0.35896759604744627,0.0009950836555189236,-0.0026431448789756068,0.9333457497527828,0.08455379745153416,-0.13528577420476595,-0.00033023670100024285,-0.00010399627399237943,-0.0019751236777665326,-0.0340682589012431,10780,717000000,2.15,0,2,4,-2.253853185300287,1.6020809513284253,4.948213133807571,-2.253853185300287,1.6020809513284253,4.948213133807571,32.42121744155884
-2.505556658665967,3.1787254284606545,5.0,-0.5344036381740286,3.1318479584770516,4.951297724596789,-0.3550784188314857,0.0011812420880824754,-0.002572300882887569,0.9348322332993386,0.10793948804826008,-0.1340239999540126,-3.736693376599216e-05,-7.839813918053551e-05,-0.0018357064163865289,-0.04063293781655375,10780,932000000,1.8,0,2,4,-2.2700935076775552,1.6229432798655812,4.948495145595329,-2.2700935076775552,1.6229432798655812,4.948495145595329,32.66244864463806
-2.5702955446416795,3.2001515855234994,5.0,-0.5732784422334217,3.1367594840529427,4.951487080923593,-0.3506081605258484,0.0013527371516367545,-0.0025223571047421458,0.9365178725414243,0.12644066845646296,-0.1328222806991825,8.93275602108556e-05,1.2571964169705296e-05,-0.001643895450342825,-0.04539674882835243,10781,150000000,1.32,0,2,4,-2.284280153544934,1.6488045100388193,4.948945336846796,-2.284280153544934,1.6488045100388193,4.948945336846796,32.91173577308655
-2.5702955446416795,3.2001515855234994,5.0,-0.6184265472997257,3.139616385764926,4.951718789020293,-0.3453035635920071,0.0015090173285041506,-0.0024595631011834892,0.9384866127903552,0.1418916346335392,-0.1307895981272294,7.130740902362375e-05,-7.082098747446253e-05,-0.0014388525414688047,-0.04863671310886275,10781,370000000,0.77,0,2,4,-2.2954784392083947,1.6770950274202092,4.949521219734279,-2.2954784392083947,1.6770950274202092,4.949521219734279,33.19449043273926
-2.635510856246645,3.220353338778097,5.0,-0.6657402890623305,3.140533871813453,4.951943241187572,-0.3396627184254613,0.0016487677746853935,-0.0024233634389078094,0.9405427404356985,0.15389104972815723,-0.12876833863718068,-4.981152796044964e-05,-7.195496323220141e-05,-0.0012315744129409723,-0.05087409808766097,10781,613000000,0.16,0,2,4,-2.3050451554541396,1.7100455197007989,4.950272826528377,-2.3050451554541396,1.7100455197007989,4.950272826528377,33.45773696899414
-2.635510856246645,3.220353338778097,5.0,-0.7145791472699101,3.1400318990339717,4.952153240488492,-0.33387034486537337,0.0017610928678083685,-0.002396052568551705,0.9426143168356166,0.16273538295543005,-0.12629386787764524,-0.000147540285591232,-5.044950981414331e-05,-0.0009887052556223352,-0.05159584652574267,10781,845000000,0.58,0,2,4,-2.3127009129757687,1.7445855393504177,4.951129832999887,-2.3127009129757687,1.7445855393504177,4.951129832999887,33.72732400894165
-2.701180797417952,3.2393160819846116,5.0,-0.7687660888880172,3.138384641979918,4.952367018881103,-0.3275053421675569,0.0018523241796900044,-0.0023717150560445175,0.9448445346799321,0.1700874504693834,-0.12392220786713401,-0.000266191105093643,0.00013665653000316524,-0.0007939940530832246,-0.05184440888115205,10782,89000000,1.28,0,2,4,-2.3189854263916962,1.7801844742271447,4.952029825025392,-2.3189854263916962,1.7801844742271447,4.952029825025392,34.003910303115845
-2.701180797417952,3.2393160819846116,5.0,-0.8235042708384904,3.136233987455948,4.95254426655054,-0.3213129919056032,0.001914228600960873,-0.0023243537302996783,0.9469682646959554,0.1652873658632232,-0.12222116453867289,-0.0004190925837523539,0.0006218191572315845,-0.0005605519959317462,-0.043779709449154325,10782,342000000,2.05,0,2,4,-2.324908313245074,1.8194686066541605,4.953029903910622,-2.324908313245074,1.8194686066541605,4.953029903910622,34.29625988006592
-2.767283114236859,3.2570255340654644,5.0,-0.8699721398450884,3.1380014046477407,4.952680884377948,-0.31736394542613466,0.0019172903892834463,-0.002264329966623409,0.9482991737584306,0.12733588181251432,-0.12444924619826696,-0.0005490911828507641,0.00013954886242117936,0.0004200731950732006,-0.02174511882913066,10782,600000000,2.8,0,2,4,-2.3303074647565007,1.8590532625275005,4.954016083075056,-2.3303074647565007,1.8590532625275005,4.954016083075056,34.56044578552246
-2.8337950967697747,3.273467752045494,5.0,-0.9029888552876234,3.1481695882754104,4.9527022785007375,-0.31669894114407815,0.0017760561101627323,-0.002308989741966589,0.9485216364792552,0.060583865198230356,-0.1297328376367988,-0.0010255954956769034,-0.00014017403628940883,0.0020281309843994677,0.004191301218270382,10782,838000000,3.29,0,2,4,-2.335782739897,1.8951387677391893,4.954897800246439,-2.335782739897,1.8951387677391893,4.954897800246439,34.815194845199585
-2.8337950967697747,3.273467752045494,5.0,-0.9267004934271466,3.170293328445288,4.952569247317059,-0.3180994054105183,0.0014875647075806497,-0.002428059247961186,0.9480530892080904,-0.00837287515271981,-0.1359714912776686,-0.0016397354898657897,-0.00019298669400313884,0.0029174922474339837,0.018541319514042698,10783,71000000,3.38,0,2,4,-2.3448639805603833,1.9249162864551093,4.955638045435068,-2.3448639805603833,1.9249162864551093,4.955638045435068,35.073179483413696
-2.900693581211407,3.288629144128325,5.0,-0.939558843902196,3.2023853837588865,4.952255970489237,-0.3208459510271999,0.0011704477717895097,-0.0025678725812571207,0.9471271888146129,-0.06421442273884152,-0.14111864597584248,-0.002429633583689131,-0.0006825483524153242,0.002939014439107268,0.03028029386769049,10783,304000000,3.23,0,2,4,-2.3680942515413403,1.9468224914533383,4.956131548490973,-2.3680942515413403,1.9468224914533383,4.956131548490973,35.34391975402832
-2.900693581211407,3.288629144128325,5.0,-0.943514426763238,3.2500000449676563,4.951658990983989,-0.3259396118296352,0.000833318417800127,-0.002782216414247351,0.9453861297335526,-0.11721743947143297,-0.1445403001402453,-0.0034511400713330117,-0.000610923854083012,0.0028176766591059277,0.0460532490251353,10783,548000000,2.91,0,2,4,-2.4063432193787095,1.9569899739212373,4.956088789979001,-2.4063432193787095,1.9569899739212373,4.956088789979001,35.64875507354736
-2.9679549523380278,3.3024964829044703,5.0,-0.9380866304682668,3.309944872038823,4.950752703880142,-0.33314620013235857,0.0004943215676809869,-0.0029627529192779263,0.9428703978165276,-0.15008275152957956,-0.14447598549154253,-0.004146109633273442,5.7878375514519576e-05,0.002553586864451063,0.05066318663011771,10783,823000000,2.29,0,2,4,-2.467105506057,1.956591320918346,4.9554228935610425,-2.467105506057,1.956591320918346,4.9554228935610425,35.99079990386963
-2.9679549523380278,3.3024964829044703,5.0,-0.9311863384884363,3.363666298550892,4.9499699828737285,-0.3389093303507967,0.0002379077123473793,-0.0030265499899308846,0.9408141416859408,-0.13720883942574405,-0.14118874091108985,-0.0038452784760615428,0.0009181748168884951,0.0009357638532492274,0.03382582763151731,10784,131000000,1.4,0,2,4,-2.545107433650386,1.9463877561189917,4.954205046851572,-2.545107433650386,1.9463877561189917,4.954205046851572,36.2737295627594
-3.035555146278904,3.3150569186864494,5.0,-0.9352632419463591,3.410756120665281,4.949296407494814,-0.3407917489623554,0.0002894938811174241,-0.0028747832154260456,0.940134371062954,-0.059510503729543626,-0.13639654858040956,-0.0028811621235415802,0.0009433795810309675,-0.001568888501424226,0.0023870922632340807,10784,382000000,0.7,0,2,4,-2.61349223353212,1.9369096718506507,4.953198753557596,-2.61349223353212,1.9369096718506507,4.953198753557596,36.58235573768616
-3.1034696536139035,3.3262979929658782,5.0,-0.9507360701663494,3.4399530244779726,4.948890971396753,-0.34044703161640877,0.000456485116069653,-0.0027038769119614495,0.9402596978146833,-0.0012892764727929376,-0.13342197455729962,-0.0021077734685390178,0.0007919302788650384,-0.001882872754777054,-0.007581552108604228,10784,662000000,0.47,0,2,4,-2.677068841308885,1.9341853734114334,4.952418510184247,-2.677068841308885,1.9341853734114334,4.952418510184247,36.86150074005127
-3.1034696536139035,3.3262979929658782,5.0,-0.9782187497886111,3.461898609479218,4.94861479679504,-0.33894252379030965,0.0006502163564540206,-0.002548351892191295,0.9408034059717145,0.05246766108512826,-0.13167468758392847,-0.001463445343917335,0.00013666295330949652,-0.0019013998098671436,-0.018344102500122972,10784,906000000,0.49,0,2,4,-2.720889826608553,1.9396298964693208,4.952044464832072,-2.720889826608553,1.9396298964693208,4.952044464832072,37.149121046066284
-3.171673522805388,3.3362076519872628,5.0,-1.015224729566726,3.4755303910722177,4.948464667183627,-0.3359077975766169,0.0008776304811505215,-0.0024513401794273807,0.9418912740987091,0.09706027243789903,-0.12997720014089895,-0.0010547627652858463,0.00011157284589558003,-0.0019847446310450323,-0.030471129321085755,10785,163000000,0.67,0,2,4,-2.7591640055237985,1.9523438735636973,4.951934085149156,-2.7591640055237985,1.9523438735636973,4.951934085149156,37.433008909225464
-3.171673522805388,3.3362076519872628,5.0,-1.0524264615050816,3.481872291981337,4.948418764514733,-0.33233379606162594,0.001065847749245747,-0.0023735166865752936,0.9431582467340163,0.12679413270387202,-0.12787613178529664,-0.000791388184891931,-2.4749436811077885e-05,-0.0019068907931796275,-0.03783222855417989,10785,418000000,1.04,0,2,4,-2.7899672798499306,1.970753054889642,4.95209427249225,-2.7899672798499306,1.970753054889642,4.95209427249225,37.69735240936279
-3.240141363972521,3.344774260432901,5.0,-1.097721735422261,3.484643482458134,4.948425626292638,-0.3276364452457834,0.001269357641222034,-0.0023095486728844927,0.9448001981703926,0.1517953711745902,-0.12528426943325552,-0.0006633615111164318,-2.7171307159790103e-05,-0.0018019553863268811,-0.044039246131433174,10785,655000000,1.49,0,2,4,-2.811363371548386,1.989859046114101,4.952408323275656,-2.811363371548386,1.989859046114101,4.952408323275656,37.96094989776611
-3.240141363972521,3.344774260432901,5.0,-1.1465387760850547,3.48416940920441,4.948475516234635,-0.32241562500403315,0.0014453320952709141,-0.0022535612104165187,0.9465944206629702,0.1700049516662052,-0.12188590656760745,-0.0006039690507059367,2.2717266512373158e-06,-0.0015570289292554662,-0.04773476866830606,10785,888000000,2.07,0,2,4,-2.830930963641562,2.013588081190205,4.952886647475015,-2.830930963641562,2.013588081190205,4.952886647475015,38.2202410697937
-3.3088473530161293,3.3519866152130127,5.0,-1.1979610385844923,3.4813026759380037,4.9485230032095595,-0.31679885775492045,0.0016001238118182118,-0.0022048489418688777,0.9484888307039298,0.1840459755426426,-0.11864746031694215,-0.000760731892405733,1.285241726378672e-05,-0.0013801375189359533,-0.050311299855820835,10786,120000000,2.72,0,2,4,-2.8473242073117895,2.0396534811222384,4.953457370507668,-2.8473242073117895,2.0396534811222384,4.953457370507668,38.492760181427
-3.3088473530161293,3.3519866152130127,5.0,-1.2601885491410316,3.475790519323222,4.948556494287479,-0.3100660143497758,0.0017456416207739035,-0.0021546093751362424,0.9507109850732856,0.19561020892653808,-0.11454173586903789,-0.0008582672232123661,0.0001964729449355218,-0.0011184789173057652,-0.05077194837213028,10786,367000000,3.42,0,2,4,-2.8614113817770446,2.067438421543485,4.9541002944820125,-2.8614113817770446,2.067438421543485,4.9541002944820125,38.80174016952515
-3.3777652361022836,3.357833959354922,5.0,-1.32415160538633,3.4686603212747125,4.94860017536687,-0.30331478514590915,0.0018548827023893396,-0.002093775807908935,0.9528863083416182,0.20407636776939692,-0.11080801539874745,-0.0008763359149107502,0.0003412437621364006,-0.0009195377060677856,-0.05006899227737449,10786,646000000,4.26,0,2,4,-2.8756560124496886,2.1013516948886672,4.9549266850157405,-2.8756560124496886,2.1013516948886672,4.9549266850157405,39.104039669036865
-3.4468683345128004,3.3623059959848027,5.0,-1.39314184872631,3.4604584148583033,4.948638687548892,-0.2965346874184864,0.0019279830286166619,-0.001997403491651288,0.9550180482160289,0.19511027643709017,-0.10897832156573235,-0.0008603909276199527,0.0009450643915442924,-0.0005326997211341222,-0.03978700733568985,10786,921000000,5.11,0,2,4,-2.888462196244588,2.136268249955843,4.955821614445621,-2.888462196244588,2.136268249955843,4.955821614445621,39.43334984779358
-3.4468683345128004,3.3623059959848027,5.0,-1.4514875609805573,3.458217000064483,4.948696022637571,-0.29229425205321063,0.0019104512276021386,-0.0019159468984589552,0.956324604692488,0.1485756530437645,-0.11380174121448734,-0.0008415335021686926,-2.0978209569477713e-05,0.0007999144429504668,-0.01889563773147529,10787,225000000,5.96,0,2,4,-2.9011056602076413,2.1741843323865395,4.956841774924451,-2.9011056602076413,2.1741843323865395,4.956841774924451,39.7419912815094
-3.5161295498708305,3.365392902395171,5.0,-1.4900334116227185,3.4665031996699884,4.948654389531115,-0.29133147202803383,0.0017358450108644285,-0.0019820618904351035,0.9566185403172673,0.08232292582228481,-0.12236267055882796,-0.001181743866594829,-0.00025153502747343737,0.0021848476308150566,-0.0006075297449115169,10787,506000000,6.53,0,2,4,-2.9126917369345207,2.209566609640475,4.95782620685707,-2.9126917369345207,2.209566609640475,4.95782620685707,39.999677896499634
-3.5161295498708305,3.365392902395171,5.0,-1.5165755082865187,3.485295925456481,4.948487921383566,-0.2919817918413831,0.0014342893705277554,-0.0021033595046116393,0.9564204890767924,0.018905721848227662,-0.13036940968313254,-0.001614213524248756,-9.483458853765114e-05,0.0029374275072768796,0.011303615156066371,10787,739000000,6.69,0,2,4,-2.9251582670839356,2.237882294327177,4.9586274013800224,-2.9251582670839356,2.237882294327177,4.9586274013800224,40.28403115272522
-3.5855213697497295,3.3670853441910054,5.0,-1.531859457052593,3.5104428759930957,4.948221943185861,-0.2936859891554974,0.0011368107193769962,-0.0022049076024826452,0.9558987319887026,-0.028261954314901694,-0.13623984771570857,-0.0020855343574393936,-0.000297308940844232,0.002788651022456179,0.020575914641085546,10787,993000000,6.67,0,2,4,-2.9443147421702323,2.2609542659098065,4.959268946561419,-2.9443147421702323,2.2609542659098065,4.959268946561419,40.5286750793457
-3.6550158736733924,3.36737448950702,5.0,-1.5407552969745677,3.5480727204056386,4.947745707475512,-0.2972662769962603,0.0008382487317588758,-0.002357962325307024,0.9547913373682851,-0.07502932685299055,-0.14075986277218447,-0.0028736534988659675,-0.0005728991652631521,0.002514949983378756,0.03635212342487648,10788,215000000,6.48,0,2,4,-2.9755697430382324,2.2715199257761265,4.959369339547018,-2.9755697430382324,2.2715199257761265,4.959369339547018,40.80917739868164
-3.6550158736733924,3.36737448950702,5.0,-1.5412173775329108,3.5999059651830128,4.946960528316679,-0.3036027843238551,0.0005330074406700196,-0.0025455124283108683,0.9527951435751276,-0.11689005822414403,-0.143615244352448,-0.0038275708766437556,-0.0006428139101899433,0.0023247629769684863,0.05104246774862986,10788,466000000,6.05,0,2,4,-3.028479194144567,2.2717859093462134,4.9588822991380965,-3.028479194144567,2.2717859093462134,4.9588822991380965,41.13616728782654
-3.724584739516201,3.36625202328831,5.0,-1.5352468600146738,3.657307793746299,4.94597085998422,-0.3108120381094386,0.00026439474438060104,-0.0026639664522326413,0.9504676271943286,-0.119399845649696,-0.1410903898690938,-0.004022808514788883,0.0007311149829547503,0.0016153157389453554,0.03582669705792796,10788,763000000,5.24,0,2,4,-3.106258277306071,2.2597006914710187,4.95765153186775,-3.106258277306071,2.2597006914710187,4.95765153186775,41.47353672981262
-3.724584739516201,3.36625202328831,5.0,-1.5362060742234143,3.701119934904269,4.945260545006493,-0.31356390585310806,0.00011535894908668324,-0.0026091932594702544,0.9495635080124922,-0.06952703382780931,-0.13445486492960318,-0.003135670664416065,0.0011246683357057918,-5.299564849181593e-05,0.009447876618651208,10789,69000000,4.31,0,2,4,-3.1919750340316093,2.2416226879635555,4.95614060161149,-3.1919750340316093,2.2416226879635555,4.95614060161149,41.767613887786865
-3.7941992503107094,3.3637101616261953,5.0,-1.551556885000387,3.7351552980768354,4.944711118181407,-0.31324046307501324,0.0002245286807392114,-0.002409287509764346,0.9496707625346363,0.008018035255294723,-0.12667165597071411,-0.0022011877078114907,0.001278553656902659,-0.0018199088685832976,-0.010343365920562064,10789,336000000,3.94,0,2,4,-3.258755088493882,2.2312864168040876,4.9550498393906,-3.258755088493882,2.2312864168040876,4.9550498393906,42.06002879142761
-3.8638303014711917,3.359741666140802,5.0,-1.5765650052403921,3.7536088863142343,4.944394652554579,-0.31156177285055964,0.0004042664161141387,-0.0022128296285464804,0.9502232377983163,0.0646413983317901,-0.12117502162127691,-0.0015809915416227882,0.0005641709321935195,-0.002061399982267176,-0.019284254995000083,10789,598000000,3.95,0,2,4,-3.3181718132513542,2.2291750252291203,4.954247929669961,-3.3181718132513542,2.2291750252291203,4.954247929669961,42.343382120132446
-3.8638303014711917,3.359741666140802,5.0,-1.6109279435177617,3.763801089731352,4.94418522592826,-0.30882697777543655,0.0006184173911584598,-0.0020852939845391718,0.9511157484276128,0.11273549177775373,-0.11656969034058633,-0.0011598781648459774,0.0002804881404472326,-0.002117940516654926,-0.02796633998514153,10789,850000000,4.14,0,2,4,-3.359993466593129,2.233837904134665,4.953834569933745,-3.359993466593129,2.233837904134665,4.953834569933745,42.62031364440918
-3.933448408441069,3.3543398584014965,5.0,-1.6567652368107522,3.767397451571214,4.944083652322658,-0.304859920325188,0.0008672991851993056,-0.0019682263302170312,0.952394772589894,0.15354507885420082,-0.11186055026141047,-0.0007161905164417354,0.000403123320324994,-0.002172424706259335,-0.03509536400088109,10790,96000000,4.47,0,2,4,-3.3950866201356997,2.243303352093573,4.953661201141747,-3.3950866201356997,2.243303352093573,4.953661201141747,42.907036542892456
-3.933448408441069,3.3543398584014965,5.0,-1.7091874765565327,3.765145857569503,4.944084493031302,-0.3002368632362721,0.0011044727555225367,-0.0018458864071485843,0.9538622535761377,0.18333474508516798,-0.10680543744533515,-0.0004941090844125049,0.00019194203701999868,-0.0020431458096936694,-0.039302736695390195,10790,355000000,4.96,0,2,4,-3.4269214790552986,2.2579109501407393,4.953735928940123,-3.4269214790552986,2.2579109501407393,4.953735928940123,43.18447756767273
-4.003023714772229,3.347498634375969,5.0,-1.761888872449045,3.7592073223065023,4.9441369577417635,-0.29554863566830036,0.001313970097484526,-0.0017623111673333628,0.9553251654261696,0.20397999646795445,-0.10235332938921848,-0.0004277936381818661,0.00016230400063932393,-0.001831336089708202,-0.04183188939350657,10790,603000000,5.54,0,2,4,-3.4538380868336223,2.2760027761832347,4.9540463369883465,-3.4538380868336223,2.2760027761832347,4.9540463369883465,43.479493379592896
-4.003023714772229,3.347498634375969,5.0,-1.822175818644168,3.7497438048257727,4.944232736958046,-0.29030726636744314,0.0015027555978626285,-0.0016884173529905094,0.9569308136258952,0.219552777410101,-0.09734178254102076,-0.00043067368138925325,0.00014389536886483256,-0.0015129501093724684,-0.042388541623950005,10790,851000000,6.13,0,2,4,-3.4755064172867045,2.2949698772330565,4.954488524313286,-3.4755064172867045,2.2949698772330565,4.954488524313286,43.767399072647095
-4.07252600064417,3.339212478898365,5.0,-1.879877836989146,3.7389693582651913,4.944309942115049,-0.2854309450562743,0.0016517012290113407,-0.001632719516309494,0.958396463742596,0.2299866127575989,-0.0930168060560604,-0.0006225913629140298,0.00011888521385117201,-0.001291598096031521,-0.04201218034722842,10791,104000000,6.8,0,2,4,-3.4963075236842545,2.3173014505838716,4.955126672645278,-3.4963075236842545,2.3173014505838716,4.955126672645278,44.05054211616516
-4.14192469183082,3.3294764801465,5.0,-1.9437817327216755,3.7257433401152404,4.944364502007125,-0.2803099086540177,0.0017804028696287327,-0.0015827557170510634,0.9599065997066267,0.23751081308251432,-0.08856930975649921,-0.0008237260733277143,0.00026371978947281605,-0.0010299989980921964,-0.040126127350958996,10791,350000000,7.42,0,2,4,-3.5137765097379488,2.339038725253265,4.95582149496713,-3.5137765097379488,2.339038725253265,4.95582149496713,44.391302824020386
-4.14192469183082,3.3294764801465,5.0,-2.023174161471118,3.7085750199838254,4.944371769305949,-0.2744754179776461,0.0018894210692134371,-0.001500926232026295,0.9615910888909409,0.23163483020429307,-0.08675101858716187,-0.0009962601614838457,0.0005360647207908187,-0.0006341907408113912,-0.033369405718985945,10791,608000000,8.08,0,2,4,-3.5312620158881645,2.3633633593696937,4.9566609661556384,-3.5312620158881645,2.3633633593696937,4.9566609661556384,44.76076102256775
-4.211188869122791,3.3182863441177943,5.0,-2.092580063687414,3.697020960724941,4.9443749847463625,-0.27034112251750453,0.001909411577023016,-0.001430645200685188,0.9627616448933323,0.19389738089303152,-0.09176149397747062,-0.0009125961816135074,0.0003725758006112301,0.00033026623782461684,-0.02043807162408484,10791,932000000,8.85,0,2,4,-3.551554887653452,2.393755356318702,4.957758503512604,-3.551554887653452,2.393755356318702,4.957758503512604,45.12420725822449
-4.211188869122791,3.3182863441177943,5.0,-2.142295305370225,3.6961405831471024,4.944364045442754,-0.2686042354500232,0.0017911792602503416,-0.0014369932546567394,0.96324788680046,0.1354381339822427,-0.10120542881099837,-0.000854040202725151,-0.00025525579872009985,0.0017277190522690944,-0.007642528635187773,10792,232000000,9.42,0,2,4,-3.5700196913382336,2.4222270952041463,4.958829506474493,-3.5700196913382336,2.4222270952041463,4.958829506474493,45.437783002853394
-4.280287278212759,3.305638409093179,5.0,-2.178771926092658,3.7067030879733025,4.944300811630731,-0.2683935023639402,0.001479491856405528,-0.0015618444739267413,0.9633069602336025,0.06746073158469602,-0.11252784324029538,-0.000966103272455641,-0.00026554497480901773,0.002954861110993079,0.0035083394323009998,10792,494000000,9.72,0,2,4,-3.5858839322429885,2.4466678820822203,4.9597615821571654,-3.5858839322429885,2.4466678820822203,4.9597615821571654,45.738529443740845
-4.349188340051508,3.29152966007783,5.0,-2.2028876209518358,3.7277436196850418,4.944137056429189,-0.26942928655726966,0.0011221969433221162,-0.0016980339070471271,0.9630180252207698,0.011799980415877187,-0.12122027607403252,-0.00132939204278044,-0.000401325792154239,0.0028430489237507572,0.013163683433958795,10792,757000000,9.77,0,2,4,-3.6048605349172966,2.4712538844547383,4.960747985187204,-3.6048605349172966,2.4712538844547383,4.960747985187204,46.03605580329895
-4.349188340051508,3.29152966007783,5.0,-2.2155182620614067,3.7520614494151343,4.9439060248646145,-0.27129520944092156,0.0008532483334612381,-0.0018166276357887002,0.9624940940939433,-0.025896495235204143,-0.12675484787383115,-0.0017289244023537154,-0.00035849943174071086,0.0025080353225348517,0.021641342755174264,10793,11000000,9.79,0,2,4,-3.6330821208358337,2.482906045436754,4.96129623340032,-3.6330821208358337,2.482906045436754,4.96129623340032,46.287219524383545
-4.417860161682086,3.2759577432071714,5.0,-2.223132861952463,3.7868373757624485,4.9434927570814375,-0.27492309177708985,0.00058602805960605,-0.001944976019878673,0.9614640748603772,-0.06239208428524453,-0.13098659252638142,-0.002465075940764762,-0.0006475869497535314,0.0021751333406427875,0.03578855212253984,10793,231000000,9.58,0,2,4,-3.672348770831752,2.4832119618035224,4.961299348328761,-3.672348770831752,2.4832119618035224,4.961299348328761,46.56171941757202
-4.4862705475593625,3.2589209801061942,5.0,-2.2242799233974373,3.823575628035897,4.942938079932477,-0.2796831925148443,0.0003740481178181557,-0.0020762304436349162,0.9600900276431658,-0.08916062083706555,-0.13261453709652474,-0.0031850063681595963,-0.00022829666619372802,0.002016098073909234,0.04462467222765554,10793,481000000,9.13,0,2,4,-3.733852165544432,2.472173004223908,4.960652629724498,-3.733852165544432,2.472173004223908,4.960652629724498,46.83912420272827
-4.4862705475593625,3.2589209801061942,5.0,-2.2222175635011383,3.859555487178839,4.942331850234152,-0.28449623667702256,0.00018698879882895342,-0.0021413385678414718,0.9586747472531747,-0.09471929050049972,-0.13105265511768577,-0.00345354951319981,0.0010174547298902326,0.0013661813909493503,0.040349724076804705,10793,729000000,8.51,0,2,4,-3.7993974731402407,2.455370630136492,4.959715750084407,-3.7993974731402407,2.455370630136492,4.959715750084407,47.08955192565918
-4.554387011362157,3.2404183821897035,5.0,-2.2267028681320906,3.8894452127145147,4.941773544580712,-0.28636853946151547,0.00016823631529686424,-0.001972333051634835,0.9581174986428094,-0.024646401959931712,-0.1196237248578125,-0.002787439514290133,0.0015432219470312702,-0.0012191933365102159,0.0031715730074211024,10793,954000000,7.89,0,2,4,-3.8598441748411347,2.4395791188266642,4.958865914929963,-3.8598441748411347,2.4395791188266642,4.958865914929963,47.41752886772156
-4.554387011362157,3.2404183821897035,5.0,-2.2442926661704115,3.910558356309157,4.941269209224898,-0.2856025811643881,0.0003129814433110999,-0.0017505913100879875,0.9583464942832107,0.0457905703075925,-0.10877227894511346,-0.0022502441759740793,0.0010281945264978276,-0.001920640420394193,-0.013309607038536342,10794,174000000,7.62,0,2,4,-3.913705959364879,2.4285998166848226,4.9581858880810215,-3.913705959364879,2.4285998166848226,4.9581858880810215,47.70776033401489
-4.622176788304897,3.2204496648906975,5.0,-2.2679746534136993,3.9201710394741003,4.940947085825218,-0.2839560131040785,0.00046888631813292187,-0.001610921291308819,0.9588358398079674,0.09612828516585956,-0.10156504440090311,-0.0017152757567175385,0.0009001171179079392,-0.0019109274376205576,-0.01993410405702889,10794,399000000,7.69,0,2,4,-3.964347604112397,2.422554314964072,4.957637892734945,-3.964347604112397,2.422554314964072,4.957637892734945,47.967482805252075
-4.622176788304897,3.2204496648906975,5.0,-2.3019874814735495,3.9238140787769624,4.940690485638695,-0.28157685808836,0.0006498454220005385,-0.0014538666250339721,0.95953735568859,0.14188623551079474,-0.09443753718263906,-0.001349710420868377,0.000725584351357611,-0.0020821620182687184,-0.024454370213788934,10794,606000000,7.87,0,2,4,-4.000893870773642,2.421595248627325,4.95733717315969,-4.000893870773642,2.421595248627325,4.95733717315969,48.228687047958374
-4.689606847955658,3.199015261803648,5.0,-2.342682534526484,3.9216032007409205,4.9405019163775306,-0.2788334977553487,0.0008549923510690141,-0.0013245971629839272,0.9603381669807532,0.17765776637975852,-0.08802427377594838,-0.0011604583715263252,0.000561886679406598,-0.0021270926254146616,-0.026946091566060204,10794,824000000,8.15,0,2,4,-4.03625634448828,2.4240205497661997,4.957168259582407,-4.03625634448828,2.4240205497661997,4.957168259582407,48.48557209968567
-4.689606847955658,3.199015261803648,5.0,-2.388424430959709,3.914868852042461,4.940368274931258,-0.2759412213299519,0.0010448909386722128,-0.0012125330289715667,0.961173179160506,0.20457830978057218,-0.08217919622496186,-0.0010043473872821313,0.00047493262798070646,-0.0018773304987007577,-0.027684792075888254,10795,49000000,8.49,0,2,4,-4.067383644267378,2.4293948948343793,4.9571478145431325,-4.067383644267378,2.4293948948343793,4.9571478145431325,48.74289894104004
-4.756643907567153,3.176116338729032,5.0,-2.433342534029899,3.9056786363246383,4.940291602180351,-0.27325811778712594,0.0012088039185451645,-0.0011221825422562956,0.9619393330989564,0.22384194544996855,-0.07733793484506798,-0.0008863587999355871,0.0004201694906669218,-0.0017987869341595797,-0.028049185857526027,10795,272000000,8.86,0,2,4,-4.095199131282211,2.437074895370243,4.957256292239316,-4.095199131282211,2.437074895370243,4.957256292239316,49.111976623535156
-4.756643907567153,3.176116338729032,5.0,-2.480625996274583,3.89421120831555,4.940242746885204,-0.27061477388765365,0.001355784053030567,-0.001027970101428959,0.9626862153790332,0.23792441204964915,-0.07275445350713083,-0.0008935345590828167,0.0004685554046091056,-0.001604910323749209,-0.027068588860856835,10795,466000000,9.2,0,2,4,-4.118273780838053,2.4455589827547075,4.957452127649602,-4.118273780838053,2.4455589827547075,4.957452127649602,49.39146327972412
-4.823254445927119,3.1517548076050006,5.0,-2.539628773786895,3.8781392593426545,4.94018698519829,-0.2675703932829136,0.001513792074377127,-0.0009465098436332064,0.963536661051928,0.2507451551585017,-0.06785527498286416,-0.001067980320460769,0.0005519912861018383,-0.0013562382946474827,-0.025574057690391783,10795,674000000,9.54,0,2,4,-4.139581884059564,2.4551499604174505,4.957725850065778,-4.139581884059564,2.4551499604174505,4.957725850065778,49.672889947891235
-4.889404717734269,3.125933340311662,5.0,-2.6207127162938626,3.854016600382992,4.9400337648266754,-0.26385166307865066,0.0016669339579306454,-0.0008214274754313338,0.9645614788486592,0.25847926796658155,-0.06312883774504295,-0.001523391768330551,0.0004538944637033637,-0.0009867734434010345,-0.022428491502068937,10795,917000000,9.89,0,2,4,-4.165324196061082,2.468757574389447,4.95815696317568,-4.165324196061082,2.468757574389447,4.95815696317568,50.03310441970825
-4.889404717734269,3.125933340311662,5.0,-2.7011982761908913,3.8300482644313534,4.939788799073922,-0.2607127222905955,0.0017613701269777863,-0.000726425033212871,0.9654145463570422,0.2427275198230953,-0.06430244061515582,-0.0016427158297712765,0.0004898758447779983,-0.0003785157389302185,-0.016658834647387266,10796,219000000,10.45,0,2,4,-4.192957484079908,2.485500032533922,4.958737571625412,-4.192957484079908,2.485500032533922,4.958737571625412,50.41096568107605
-4.955060768505769,3.0986553823329843,5.0,-2.785300717186493,3.811676273634158,4.939535589585099,0.2584954189086511,-0.0017010658139236805,0.000714617915520569,-0.9660107215241309,0.17852003131884822,-0.07593682656090223,-0.0012655969023245349,-0.00017563560987809979,0.0012627518344743294,-0.006098793346609455,10796,543000000,10.89,0,2,4,-4.221213151297539,2.5037445640604585,4.959437290234177,-4.221213151297539,2.5037445640604585,4.959437290234177,50.84800887107849
-5.020188450021896,3.0699251662608846,5.0,-2.8462458051419444,3.8132815987851405,4.939331666596214,0.25809836266200586,-0.0013780610679027853,0.0008929312752942514,-0.9661172489985992,0.09470552851549059,-0.09142734341179701,-0.0010478846399980361,-0.000797350571701827,0.0027307776690577157,0.0019517928080858837,10796,927000000,11.26,0,2,4,-4.2539301866667865,2.525278395375681,4.960354384752449,-4.2539301866667865,2.525278395375681,4.960354384752449,51.272568464279175
-5.084753436313343,3.039747725125622,5.0,-2.880131440282329,3.832570145287108,4.939098258727334,-0.2608441285217207,0.000864616704895009,-0.0013096305262653113,0.9653796548102627,0.02324263307645285,-0.10790651795974485,-0.0010234489877606005,-0.002808254043884517,0.005635664547298802,0.05322541474015452,10797,302000000,11.44,0,2,4,-4.286713885073245,2.5458143743165484,4.961375134484121,-4.286713885073245,2.5458143743165484,4.961375134484121,51.665623903274536
-5.148721240196228,3.008128905536137,5.0,-2.8971560556686584,3.8657406053465664,4.938912266572164,-0.27366728022458847,6.742622622785371e-06,-0.0019246216732463853,0.961822496888292,-0.03381835760603215,-0.12213954310936674,-0.0009176416986173231,-0.0016945088646025397,0.006487939026555978,0.12281191884540021,10797,647000000,11.23,0,2,4,-4.323049422890407,2.5579392055941015,4.962200561224296,-4.323049422890407,2.5579392055941015,4.962200561224296,52.02848243713379
-5.148721240196228,3.008128905536137,5.0,-2.902912888262065,3.897724430812811,4.938839825811303,-0.28978486727053837,-0.0006208218136078392,-0.0022586498106532136,0.9570889424616216,-0.0665498802562847,-0.12612340415069623,-0.0010217671737137236,0.0007660454514279991,0.004640455608750926,0.12827077880501747,10797,964000000,9.83,0,2,4,-4.376477876788155,2.5536514132476738,4.962546260495105,-4.376477876788155,2.5536514132476738,4.962546260495105,52.306655168533325
-5.212057230359671,2.9750753806135473,5.0,-2.9045219280602232,3.932967724366999,4.938658707910581,-0.30021523912561643,-0.0008905700486262863,-0.0022474397435297056,0.9538684217942938,-0.08015386724821016,-0.12267481193924287,-0.001662436878388101,0.0012349961139079824,0.0007656043976567162,0.0626326866040472,10798,216000000,7.94,0,2,4,-4.432727892733199,2.539824437591118,4.962461173818307,-4.432727892733199,2.539824437591118,4.962461173818307,52.58045029640198
-5.274726649010381,2.9405946627005166,5.0,-2.9090408449577927,3.9668443109151363,4.938470763392467,-0.30445369942535905,-0.0008915375348383791,-0.002072330130300143,0.9525244645230209,-0.03412373425623059,-0.11007317412731972,-0.0010311201537846792,0.0019975828308815835,-0.0017792945527617121,0.011364299462002236,10798,453000000,6.82,0,2,4,-4.48389407582764,2.52512842171473,4.962295509797569,-4.48389407582764,2.52512842171473,4.962295509797569,52.86586117744446
-5.274726649010381,2.9405946627005166,5.0,-2.9282938305763313,3.988136415227444,4.938354870062731,-0.3034995550958411,-0.0005488108182970345,-0.0016981571042876623,0.9528299088115157,0.05326810127962698,-0.0949004224053683,-0.00037590841296743574,0.0015739539321657503,-0.003791101880779024,-0.018599428403831553,10798,706000000,6.35,0,2,4,-4.542243085651792,2.509128258524856,4.962127946969877,-4.542243085651792,2.509128258524856,4.962127946969877,53.17535877227783
-5.3366946300784015,2.9046951158287793,5.0,-2.957905856205375,3.993548100672633,4.938365927127407,-0.30080692231922723,-0.0001746205535327303,-0.0013955325727115992,0.9536840239205723,0.11752641182602594,-0.08478642414443024,0.00018428388671425306,0.001447516217467637,-0.0036640675034504966,-0.026155157866014633,10798,982000000,6.47,0,2,4,-4.596950835571657,2.497803671540855,4.962002556888884,-4.596950835571657,2.497803671540855,4.962002556888884,53.458786964416504
-5.3366946300784015,2.9046951158287793,5.0,-3.0012636339492844,3.988705168675022,4.938485948726483,-0.297474604747885,0.00019639319676802245,-0.0010992906598263769,0.9547290780739041,0.17271146301577955,-0.07553284989246563,0.0004792210848199821,0.001176514911094273,-0.0032984527706503286,-0.026696323220676277,10799,230000000,6.8,0,2,4,-4.637877182417238,2.4923538530124154,4.961931911260238,-4.637877182417238,2.4923538530124154,4.961931911260238,53.752634048461914
-5.397926217987752,2.8673859679266163,5.0,-3.0535573540339973,3.975351704455187,4.9386576890724445,-0.2942546219706105,0.0005433633126130925,-0.0008544429151577071,0.955726525807748,0.21313938836656893,-0.06745427630819995,0.00045556935965569906,0.0007612570698256604,-0.0029668454772036057,-0.025018500673468225,10799,486000000,7.22,0,2,4,-4.6771673994833725,2.489915625487357,4.961888523690026,-4.6771673994833725,2.489915625487357,4.961888523690026,54.04182267189026
-5.397926217987752,2.8673859679266163,5.0,-3.112076154768739,3.9557823694752092,4.938839819920501,-0.29125922272764565,0.0008560822242143216,-0.0006695319218758321,0.9566435511862914,0.2414450676057102,-0.060177118544316247,0.00024572371181573997,0.0005920022545069514,-0.0025365013016198645,-0.023250752929016016,10799,742000000,7.63,0,2,4,-4.712304775270733,2.490215345492166,4.9618759164874975,-4.712304775270733,2.490215345492166,4.9618759164874975,54.35067892074585
-5.458386386995352,2.82867732274762,5.0,-3.1848436558738547,3.9276008386361196,4.938993965952813,-0.2880610866380435,0.0011561881985264369,-0.0004929675989818068,0.95761121055296,0.26375326799732735,-0.05277700658071631,-0.00023099893268381145,0.000617158059412759,-0.0020377265400384204,-0.02089544705086155,10800,7000000,8.03,0,2,4,-4.744158805176502,2.4925568736392867,4.961934261187465,-4.744158805176502,2.4925568736392867,4.961934261187465,54.68439531326294
-5.518040061101152,2.7885801715016205,5.0,-3.2607887540813003,3.8955601972587104,4.939047480546642,-0.2852752822738065,0.0013841962425537807,-0.0003361902948669915,0.9584445650638578,0.27091862461108407,-0.04797631403531812,-0.0007592654126787813,0.0006300038307927025,-0.001491918669671577,-0.01707759001874365,10800,305000000,8.46,0,2,4,-4.777885208326581,2.4969329451780533,4.9621083021022105,-4.777885208326581,2.4969329451780533,4.9621083021022105,55.03150963783264
-5.518040061101152,2.7885801715016205,5.0,-3.330392825968424,3.866185737525706,4.93898358960299,-0.28326939503505294,0.0015182372835568579,-0.00020697077648253897,0.9590391555901789,0.25300257381664626,-0.04849084417847691,-0.001127462316151795,0.0008170678142960242,-0.0007111515742508345,-0.011709288082784042,10800,607000000,8.84,0,2,4,-4.809473878519409,2.5022290988594733,4.96237658811857,-4.809473878519409,2.5022290988594733,4.96237658811857,55.450403451919556
-5.576852134532016,2.7471064041681794,5.0,-3.4003498447308314,3.8407747939512067,4.938842452857739,-0.28204301251643665,0.0015031229527572645,-0.00014619033374392305,0.959400572409892,0.19508319516360761,-0.05606204599104433,-0.0011075648840840047,-0.00028168738595013565,0.0010325227322027786,-0.00399656005356519,10800,890000000,9.14,0,2,4,-4.837544139145391,2.507541777501091,4.9626961535691105,-4.837544139145391,2.507541777501091,4.9626961535691105,55.80206322669983
-5.634787492801395,2.704268820472575,5.0,-3.45078891837109,3.8300321334353455,4.938674996574772,-0.281845803072172,0.0012802537328828662,-0.0002688623048372853,0.959458822437963,0.1277265055460976,-0.06533027350163496,-0.0010690441654578786,-0.0005804820830235258,0.0022884318696014816,0.0009384363693243358,10801,205000000,9.36,0,2,4,-4.8685365252414075,2.5135708445288256,4.963121452624594,-4.8685365252414075,2.5135708445288256,4.963121452624594,56.148090839385986
-5.691811034346381,2.660081140503768,5.0,-3.4779809498735816,3.830496594342752,4.938491292798604,-0.28208300155899096,0.0010352571129741085,-0.0004004949504414109,0.9593893620829734,0.08139584533457352,-0.07144387748662011,-0.0011860582850097613,-0.00037976662383698567,0.002527071706026618,0.0036196071278027375,10801,514000000,9.47,0,2,4,-4.8969960780233235,2.5188418991556905,4.963530877395587,-4.8969960780233235,2.5188418991556905,4.963530877395587,56.40787625312805
-5.691811034346381,2.660081140503768,5.0,-3.4979661891410077,3.836997498625783,4.938272162748857,-0.2827544133370619,0.0007781997630743108,-0.0005068459056370299,0.9591918886493833,0.04233590626487383,-0.0762115072474572,-0.0012255135729768052,-0.0002411304961924543,0.002430869017189252,0.00859239025885472,10801,737000000,9.47,0,2,4,-4.919566626314256,2.522626640735969,4.963859539190345,-4.919566626314256,2.522626640735969,4.963859539190345,56.65577936172485
-5.747887692743202,2.6145580149533583,5.0,-3.5138944242556636,3.8509179644812823,4.937908908351785,-0.2843312630859153,0.0005099927414136566,-0.0006155093473191937,0.9587257657368006,0.004827208660143897,-0.07982422260396393,-0.0018022013571763148,-0.00020568166831935741,0.0020208926343912026,0.016341564150934573,10801,953000000,9.49,0,2,4,-4.939340045022053,2.524602490278079,4.96412645426231,-4.939340045022053,2.524602490278079,4.96412645426231,56.94793462753296
-5.747887692743202,2.6145580149533583,5.0,-3.5228442772760764,3.87023921750758,4.937400792428959,-0.2867858570195349,0.00029095915516440967,-0.0007005338966051028,0.9579944137669072,-0.026083431912300985,-0.08188383886999796,-0.0023371077725021275,1.7234955497491544e-06,0.0016612680951766379,0.0226028172619408,10802,200000000,9.37,0,2,4,-4.969260827823078,2.523148611011553,4.964442411283762,-4.969260827823078,2.523148611011553,4.964442411283762,57.25552988052368
-5.802982459501712,2.567715034954065,5.0,-3.5263005531879013,3.8976347840783006,4.936637773644175,-0.29040410851835335,7.632566219187617e-05,-0.000764986605189194,0.9569037896912873,-0.05322468427905104,-0.08270669399029293,-0.002965592816286515,-2.4961062106143572e-06,0.0014288669717643643,0.027451742971607018,10802,473000000,9.11,0,2,4,-5.0060755434612805,2.515436233264815,4.964707502023224,-5.0060755434612805,2.515436233264815,4.964707502023224,57.57871198654175
-5.802982459501712,2.567715034954065,5.0,-3.525486093509767,3.9219934571305206,4.9359173615987135,-0.2935823726716179,-6.933188339212801e-05,-0.0007706545069129853,0.9559334661686575,-0.050378544926604485,-0.07972336820857552,-0.0031040344718290475,0.0018297768406227988,0.00017356883006414137,0.022166451526572928,10802,758000000,8.7,0,2,4,-5.054367927198967,2.5010818783894253,4.964936883547287,-5.054367927198967,2.5010818783894253,4.964936883547287,57.877537965774536
-5.857060407438873,2.519568741495847,5.0,-3.5345818899767623,3.9404203923783743,4.935208890045279,-0.2950269390161218,3.8183028574064864e-05,-0.00047622748223304133,0.9554888157399954,0.029713232534037376,-0.06600618721329586,-0.0022685275752513763,0.0015928542893561826,-0.002029771167144645,0.0019128305211779661,10803,16000000,8.29,0,2,4,-5.096761038982514,2.487699327142684,4.965122789863736,-5.096761038982514,2.487699327142684,4.965122789863736,58.18219017982483
-5.910086714630622,2.4701366343972957,5.0,-3.560899558243285,3.9424584670410736,4.934655224463836,-0.29448354942748955,0.0002572018042135742,-0.0002028802354935959,0.9556564925764013,0.1121735421898599,-0.052819926303636314,-0.0018301103444442932,0.0012443170703591022,-0.0019997033859908697,-0.008023055033845594,10803,283000000,8.15,0,2,4,-5.136414573386848,2.476124142121309,4.965255421465561,-5.136414573386848,2.476124142121309,4.965255421465561,58.50248312950134
-5.910086714630622,2.4701366343972957,5.0,-3.595892582119775,3.932563542857186,4.9342802229469145,-0.29336056024776447,0.0004308153352493527,-6.595085628663747e-06,0.9560017761729156,0.17058039667291705,-0.04346212903354908,-0.001513223567546132,0.0011685861977639433,-0.001869267862275592,-0.010243815631838515,10803,565000000,8.22,0,2,4,-5.17524492991112,2.466277981688038,4.96537905271572,-5.17524492991112,2.466277981688038,4.96537905271572,58.78945732116699
-5.962026688940954,2.4194371808094957,5.0,-3.6439906287525345,3.912290647445269,4.933993927745181,-0.2922018459181975,0.0006325501276885268,0.0001985553654428763,0.9563564407155425,0.21850613970220195,-0.035048798962196724,-0.001204527570357007,0.0009451198138776817,-0.001988352778425906,-0.007853994156903354,10803,813000000,8.37,0,2,4,-5.205912404486615,2.4594643501866793,4.965486990539998,-5.205912404486615,2.4594643501866793,4.965486990539998,59.079999685287476
-6.012845793126372,2.367489823229123,5.0,-3.7041141534703153,3.882361040358145,4.933763099433486,-0.291419288997723,0.00085911848592621,0.0003880107856820879,0.956594955748314,0.2537407402508576,-0.02774991374041334,-0.0012684506138183655,0.000724191346535008,-0.0018688070326788875,-0.003958445859097992,10804,69000000,8.54,0,2,4,-5.237120310738338,2.4531603603530754,4.965606058370786,-5.237120310738338,2.4531603603530754,4.965606058370786,59.38162422180176
-6.012845793126372,2.367489823229123,5.0,-3.7744061641827775,3.844186586676187,4.93351026906187,-0.29111152907378435,0.0010719192879825577,0.0005594241839438073,0.9566883587009646,0.267046337254295,-0.023764352874517086,-0.0014758078033670669,0.000711298349642675,-0.0014567526591235946,1.843144170621258e-05,10804,339000000,8.67,0,2,4,-5.268817077087679,2.447253621099158,4.96573076463137,-5.268817077087679,2.447253621099158,4.96573076463137,59.74860692024231
-6.062509670513252,2.314314986997085,5.0,-3.8516390256456154,3.802392843563401,4.933220008580718,-0.2914078073993907,0.001217299577627318,0.0006883878556113437,0.9565978957172014,0.23762300441176526,-0.026818352177199734,-0.0015168194859767543,0.00016071227264546906,-0.0003688152958147839,0.003646444406513183,10804,656000000,8.76,0,2,4,-5.301150874020315,2.4414116926577023,4.965841830428467,-5.301150874020315,2.4414116926577023,4.965841830428467,60.10609483718872
-6.062509670513252,2.314314986997085,5.0,-3.9197564553059108,3.7698966768420754,4.932876618456958,-0.2922401441683501,0.00115239382390911,0.0006651368307240982,0.9563440425484612,0.17307042028289765,-0.03509204287349162,-0.0014689220968449796,-0.0002289016052259285,0.00140111261544007,0.005909246056035045,10804,978000000,8.8,0,2,4,-5.336314991602561,2.434873970517085,4.965936588819441,-5.336314991602561,2.434873970517085,4.965936588819441,60.50947856903076
-6.110984171244919,2.259934087258609,5.0,-3.964216553190606,3.7549197221796047,4.932507449507956,-0.29324889823851114,0.0008889138389955089,0.0005309401935544219,0.9560355702674441,0.11049106349727982,-0.04260935246129026,-0.0015445061418210989,-0.0005189691876239522,0.002341903359592834,0.007489641257052426,10805,341000000,8.79,0,2,4,-5.372374817794387,2.4276590173189594,4.965952618439951,-5.372374817794387,2.4276590173189594,4.965952618439951,60.88261532783508
-6.158235379094583,2.204369535360273,5.0,-3.990843840373779,3.7522521951637735,4.932073244410123,-0.29436249161978695,0.0005813081091743379,0.00037669934199642356,0.9556935930024217,0.06107334509766774,-0.04780575985945177,-0.0018238395207201244,-0.0002291768922191295,0.0023631984049643506,0.009715031046653166,10805,670000000,8.76,0,2,4,-5.404091488136223,2.4203828376152283,4.96593737549488,-5.404091488136223,2.4203828376152283,4.96593737549488,61.20299410820007
-6.204229638839507,2.147644744659009,5.0,-4.006944574803937,3.7568412468688326,4.931560658597676,-0.2957471769421127,0.0003181464972691774,0.00026893852227227787,0.9552661586100744,0.02413318817680261,-0.05073683715991717,-0.0021543077533545075,-0.00017987567701993612,0.0019775475266214926,0.012804175366909476,10805,954000000,8.71,0,2,4,-5.4317723055166205,2.413278234738219,4.965910174755456,-5.4317723055166205,2.413278234738219,4.965910174755456,61.47741389274597
-6.204229638839507,2.147644744659009,5.0,-4.015259711252438,3.764863862902078,4.931055236853325,-0.297260227921084,0.0001346854005944685,0.00019558697309382498,0.9547964707213176,-0.0011605515632631368,-0.051968704079129145,-0.002421175692899665,-6.32270022449255e-06,0.0016050752606133756,0.015868468472035602,10806,200000000,8.61,0,2,4,-5.458345473338161,2.40532106825927,4.965904354369765,-5.458345473338161,2.40532106825927,4.965904354369765,61.73077845573425
-6.24893358419099,2.0897841357178186,5.0,-4.01995057722072,3.7781323182954836,4.930364424139995,-0.2994827601829201,-3.8858452811426585e-05,0.00014588099202555326,0.954101699800381,-0.025882473515663147,-0.05234583851020894,-0.0028837106230524103,2.877374658538656e-05,0.001263712192667299,0.01977854062715778,10806,430000000,8.47,0,2,4,-5.48239666082747,2.396756659651991,4.965920736647313,-5.48239666082747,2.396756659651991,4.965920736647313,62.02031660079956
-6.24893358419099,2.0897841357178186,5.0,-4.020109940345775,3.7933206275134683,4.929603187029936,-0.30189498449397456,-0.0001732262950430872,0.00012315045562995156,0.9533411630491985,-0.037237501240786876,-0.051113046664614414,-0.003233124891806876,0.0011958301683989703,0.00039128617004280386,0.020367456636449788,10806,696000000,8.22,0,2,4,-5.514849344942996,2.3835771066245726,4.965967861666593,-5.514849344942996,2.3835771066245726,4.965967861666593,62.2828803062439
-6.2923141662739965,2.030813140862436,5.0,-4.023926868272067,3.805520604030458,4.928881243040735,-0.3038932569560125,-8.705738580410888e-05,0.00034201045332599503,0.9527060217226131,0.01402277437607779,-0.04178466795028419,-0.0022885915872412235,0.0015617417943758483,-0.001919008002460032,0.010989098245772766,10806,931000000,7.98,0,2,4,-5.540456914193495,2.3726434424524543,4.966020738034237,-5.540456914193495,2.3726434424524543,4.966020738034237,62.56411814689636
-6.3343386826493955,1.9707582080728947,5.0,-4.03950857694905,3.804890559476494,4.9284442049917185,-0.3045773695786296,9.573531341679128e-05,0.0005862271671364676,0.9524874136244641,0.09017584996455419,-0.030017036726970446,-0.0014386784746652909,0.0016104869928312837,-0.002083256754303875,0.002773858545879193,10807,185000000,7.76,0,2,4,-5.569854591669793,2.3599120747626436,4.966061434489963,-5.569854591669793,2.3599120747626436,4.966061434489963,62.83627009391785
-6.3343386826493955,1.9707582080728947,5.0,-4.07043102983064,3.790564340816736,4.928163681651445,-0.3047108646070263,0.00027952690172244443,0.0008453701036372337,0.9524444845787798,0.16187175954963667,-0.019094968488262132,-0.0009115998132335929,0.001307559966789995,-0.0018992036189047212,0.0007575935342174489,10807,431000000,7.7,0,2,4,-5.596177699598949,2.3482032314216954,4.966066425484139,-5.596177699598949,2.3482032314216954,4.966066425484139,63.13600015640259
-6.374974806870911,1.9096468041835581,5.0,-4.120718980357718,3.7597753902960935,4.928039204091793,-0.3049719184846697,0.0004897059369526368,0.001091399208580261,0.952360592407961,0.22401024347762655,-0.00926495996838345,-0.00043647780107879846,0.0009833241733758769,-0.0018172679574490758,0.0037605219631586806,10807,696000000,7.68,0,2,4,-5.626044290605704,2.3345334869663295,4.966055777561529,-5.626044290605704,2.3345334869663295,4.966055777561529,63.446698904037476
-6.374974806870911,1.9096468041835581,5.0,-4.181426289390791,3.718512411274108,4.928094037561365,-0.30579809617062037,0.0006941803933663226,0.001291353937600145,0.9520952551593842,0.25287580530748777,-0.004009026503397601,-0.0001885661936291103,0.0007305505960175651,-0.0016108232557598967,0.007978447138157208,10807,981000000,7.71,0,2,4,-5.655234899678351,2.3206239698456392,4.9660329945308845,-5.655234899678351,2.3206239698456392,4.9660329945308845,63.78148531913757
-6.414190618568051,1.847507417364816,5.0,-4.246598018768198,3.673296373427878,4.928209723213213,-0.30725269899166474,0.000860835580336051,0.001408449680311138,0.951626530837565,0.23120840372110307,-0.005819358256308011,-0.00030054256849287945,-0.00016026745868202852,-0.00043133713631959836,0.010782329900393961,10808,282000000,7.65,0,2,4,-5.685829974472069,2.3053810413860583,4.966022083981122,-5.685829974472069,2.3053810413860583,4.966022083981122,64.14696907997131
-6.4519546340452365,1.7843695588594015,5.0,-4.298531444883046,3.6388606015050846,4.9282346243328,-0.30885683376061723,0.0008404052722752857,0.0013731928814349071,0.9511071781348592,0.1812424814914021,-0.011199467475543859,-0.0005523889990516086,-0.0003010699032302,0.001071912356565008,0.01143891613537562,10808,608000000,7.53,0,2,4,-5.717899168871738,2.2885524825659314,4.96599491086001,-5.717899168871738,2.2885524825659314,4.96599491086001,64.47183322906494
-6.4519546340452365,1.7843695588594015,5.0,-4.333280976595042,3.6179584625244265,4.9281404197410374,-0.3102727922144072,0.0006590390161739177,0.001270074543982259,0.9506464889693241,0.13170368342978672,-0.01577378057935662,-0.000857056558489819,-0.0005804116028684803,0.002009356535381812,0.01146104577856022,10808,908000000,7.41,0,2,4,-5.7476035403549455,2.272099883950435,4.965954314056651,-5.7476035403549455,2.272099883950435,4.965954314056651,64.76419115066528
-6.488235837386567,1.720263763945857,5.0,-4.356904929766418,3.60585437576596,4.927919604936095,-0.31158408530032716,0.0004201388384935022,0.0011281399800792376,0.950217821644648,0.08961439140873576,-0.018922090692138682,-0.0012608082813528945,-0.0003256225312497918,0.00230150203606172,0.011655687740130816,10809,171000000,7.3,0,2,4,-5.773054026126658,2.257293772158012,4.965900591105538,-5.773054026126658,2.257293772158012,4.965900591105538,65.02628946304321
-6.523003712054525,1.6552215921015208,5.0,-4.372247399422104,3.600044885661041,4.927626877346936,-0.31283414405318744,0.00019768928273681088,0.0010269445236840606,0.9498071933915864,0.056588935588391176,-0.02098054590703142,-0.001508450336267171,-0.00010146878608452425,0.0020439117861315026,0.012264044107723748,10809,404000000,7.19,0,2,4,-5.796374176940115,2.2431060134324206,4.965814845459434,-5.796374176940115,2.2431060134324206,4.965814845459434,65.26017141342163
-6.523003712054525,1.6552215921015208,5.0,-4.382478477090758,3.598319981139955,4.927255312049236,-0.3141591204212478,7.43543166607883e-06,0.0009613046000494516,0.9493698556907779,0.029596713144239006,-0.02165801033795305,-0.001854002327786129,0.00010069493470155066,0.0016401805623900145,0.013060762103123125,10809,623000000,7.09,0,2,4,-5.8176745498824936,2.229636770220855,4.9657187895757255,-5.8176745498824936,2.229636770220855,4.9657187895757255,65.50294804573059
-6.523003712054525,1.6552215921015208,5.0,-4.388809311948165,3.60009515183621,4.926746202707706,-0.31570181102503564,-0.0001682149615811641,0.000920376062011505,0.9488579931302386,0.00547644372865516,-0.021674702606911286,-0.0022955534837280265,0.00012402729367977372,0.0013379087363318831,0.0139812485940638,10809,849000000,6.97,0,2,4,-5.839101772398373,2.2155116087725806,4.9656258875990895,-5.839101772398373,2.2155116087725806,4.9656258875990895,65.7616913318634
-6.55622827296996,1.5892756263370473,5.0,-4.390971728266559,3.6054414143216422,4.9260870169708735,-0.31747839147457746,-0.00031161054473926875,0.000903120146325547,0.9482650253065251,-0.011818695310911535,-0.020810405468862737,-0.002584599399766248,0.0006195758487592684,0.00040875481204238895,0.014518435818899889,10810,83000000,6.82,0,2,4,-5.86264823197543,2.1993774423762673,4.965528564016469,-5.86264823197543,2.1993774423762673,4.965528564016469,66.05230140686035
-6.587880099059713,1.5224594716742677,5.0,-4.391636562768945,3.6108384577880495,4.925469161262667,-0.3191076679679105,-0.0003060453584988716,0.0009902433053701027,0.9477179021198852,-0.002005770244877877,-0.017557592119997408,-0.002367625204156208,0.001164345383131149,-0.0010494789648873848,0.013459731599141378,10810,346000000,6.64,0,2,4,-5.8880949897578425,2.1812601704941015,4.9654269561520605,-5.8880949897578425,2.1812601704941015,4.9654269561520605,66.31013441085815
-6.587880099059713,1.5224594716742677,5.0,-4.397674559835677,3.610050318350242,4.925028876306739,-0.32035764796979943,-0.00016391541176736905,0.0011742902370934182,0.9472959260766589,0.050500362455874935,-0.010092694655769775,-0.0016755356885715636,0.0013272446153678175,-0.0021234141968307085,0.010973894586641109,10810,578000000,6.46,0,2,4,-5.911339801361797,2.1641644626678547,4.965323927129547,-5.911339801361797,2.1641644626678547,4.965323927129547,66.57132196426392
-6.617930366256996,1.4548077527390042,5.0,-4.415643392087133,3.5977386420669224,4.924692769566514,-0.3215225530970501,3.0406221512836685e-05,0.0013969158154964545,0.946900890036344,0.1253686299271753,-0.00032940828286370354,-0.001249575397987165,0.0009733397064337623,-0.0020852898160228506,0.009904006674332777,10810,811000000,6.33,0,2,4,-5.932427021763292,2.1481623874473303,4.965205626251553,-5.932427021763292,2.1481623874473303,4.965205626251553,66.82824420928955
-6.617930366256996,1.4548077527390042,5.0,-4.448231533061596,3.5712984632647307,4.924486127884845,-0.32277242448376403,0.00023104056358483642,0.0015907725314291683,0.9464752390083344,0.19185549067258714,0.00797590170284514,-0.0008527147022441737,0.00107910365159114,-0.0019040441998185997,0.011212718709430192,10811,40000000,6.2,0,2,4,-5.955200156396897,2.1303389556160885,4.965054159782825,-5.955200156396897,2.1303389556160885,4.965054159782825,67.13057565689087
-6.6463508809387175,1.3863561104401976,5.0,-4.502237012372007,3.5246013641038303,4.924384386481102,-0.3247403175418472,0.00045236155220324534,0.001826476410998438,0.9458013456935691,0.241671183435776,0.01444461521850288,-0.000577042050507933,0.00079722577766006,-0.0016988789525385073,0.014727887628396275,10811,314000000,6.07,0,2,4,-5.979630992746191,2.110558628886487,4.964867830541594,-5.979630992746191,2.110558628886487,4.964867830541594,67.46600842475891
-6.6463508809387175,1.3863561104401976,5.0,-4.558000364994961,3.4750832472688327,4.924444717064687,-0.3269790453724527,0.0006239969561415577,0.001978443675884959,0.9450293118606107,0.24330465955597735,0.015457990174856948,-0.00042161029329879085,0.0002396316702402146,-0.001000527004180185,0.016580309056735132,10811,617000000,5.86,0,2,4,-6.009368275476915,2.0854713383277965,4.964614709931194,-6.009368275476915,2.0854713383277965,4.964614709931194,67.79690670967102
-6.673114113782642,1.3171411977066247,5.0,-4.611975168807863,3.4265705341730257,4.924473929473091,-0.32951071320819664,0.0006738676262924638,0.002011205810127747,0.94414945365373,0.20228807998400397,0.012533506254086058,-0.0006290898933776266,-0.0001699053811421436,0.0005980403784633381,0.01641486924199853,10811,918000000,5.63,0,2,4,-6.036912346155886,2.0612694035309356,4.964398873983141,-6.036912346155886,2.0612694035309356,4.964398873983141,68.15617084503174
-6.698193234026185,1.2472006742522705,5.0,-4.648861332221452,3.393281215509543,4.924413262869042,-0.33161214208911344,0.0005328494125781112,0.0019353631263048154,0.9434136726061066,0.15291708873318882,0.00923220607743478,-0.000774563183895464,-0.00030045702317238465,0.0015923732121336798,0.01516627671662718,10812,237000000,5.36,0,2,4,-6.065930838395926,2.034676481200601,4.964221353796404,-6.065930838395926,2.034676481200601,4.964221353796404,68.47744512557983
-6.698193234026185,1.2472006742522705,5.0,-4.675390076967528,3.3690258279769596,4.924244537228527,-0.3335266561243328,0.00030357507973275636,0.0018117480220882203,0.9427388795768403,0.10576705294716104,0.00720550701255003,-0.0010288594025271718,-0.0003995327887196254,0.0020409522903719335,0.013910422421758994,10812,531000000,5.16,0,2,4,-6.091074082871701,2.0107392403584443,4.964108079106092,-6.091074082871701,2.0107392403584443,4.964108079106092,68.77147793769836
-6.721562144107404,1.1765732003413591,5.0,-4.690547726206727,3.354639678542597,4.92399827729717,-0.33505099251907433,7.701176391208147e-05,0.0016910806645944168,0.9421984752308596,0.07022558892232325,0.00639248280679076,-0.001339997050900945,-0.0001479406833482244,0.002056593348243041,0.012937844985572156,10812,799000000,4.97,0,2,4,-6.115982018040194,1.9862241799842595,4.9640362303945125,-6.115982018040194,1.9862241799842595,4.9640362303945125,69.0519380569458
-6.74319551466748,1.1052984295239994,5.0,-4.700649820967929,3.344172945528699,4.9235807713703545,-0.3366643878311422,-0.0001723252278556137,0.0015927685190862814,0.9416233447396802,0.035553859321559356,0.006178079383609559,-0.00173050315447211,8.41858351918745e-05,0.0017351848327962216,0.011657503364403965,10813,55000000,4.82,0,2,4,-6.137144194289512,1.9646823835616098,4.96398320687247,-6.137144194289512,1.9646823835616098,4.96398320687247,69.34915614128113
-6.74319551466748,1.1052984295239994,5.0,-4.703940156161704,3.3392428556515195,4.92310839049901,-0.3380415198662189,-0.000370237500678424,0.001538531400412138,0.9411298670703526,0.010085486766515227,0.007211280348210602,-0.0019832008254450344,0.00024944141330252023,0.0013588239198725205,0.010859428493859014,10813,327000000,4.67,0,2,4,-6.161575881028697,1.9390744748425974,4.96394529587233,-6.161575881028697,1.9390744748425974,4.96394529587233,69.62828063964844
-6.763068819892748,1.0334170003132817,5.0,-4.70285256735651,3.337358073207799,4.922564701738527,-0.3393312322712608,-0.0005026335107590699,0.001540362408792724,0.9406655566398032,0.0027041099483896642,0.009714153238090667,-0.0020875343712339367,0.0007338268176226848,-0.0002364715385283489,0.01044616165017942,10813,577000000,4.53,0,2,4,-6.184074902855734,1.9147037940472573,4.963903060783293,-6.184074902855734,1.9147037940472573,4.963903060783293,69.92080807685852
-6.763068819892748,1.0334170003132817,5.0,-4.703774725630272,3.332944472528903,4.92212371555288,-0.3405266144112253,-0.00038922370175918316,0.001673365647879573,0.940233307870949,0.03203183331529304,0.013903365038936638,-0.0016181462311476457,0.000923012834164183,-0.0019331896510266233,0.011258183349127648,10813,846000000,4.39,0,2,4,-6.206300652500571,1.8899536941084991,4.963825595559932,-6.206300652500571,1.8899536941084991,4.963825595559932,70.1913640499115
-6.781158373172982,0.9609705267747856,5.0,-4.7153671295715425,3.316801036886101,4.9218352179916645,-0.34220533136704206,-0.00014400565156643004,0.0019003985211597648,0.9396232643628006,0.10550606892163443,0.02101666581595777,-0.0008010457496706624,0.0010856615631382738,-0.0022429723458117223,0.014314600957732182,10814,96000000,4.24,0,2,4,-6.226557951763844,1.8666701345596142,4.963722268807105,-6.226557951763844,1.8666701345596142,4.963722268807105,70.48175048828125
-6.781158373172982,0.9609705267747856,5.0,-4.747194201599766,3.27957337904112,4.921755706310987,-0.3446316627059378,9.917258119459399e-05,0.002161076979191163,0.9387354989407983,0.19040874873809227,0.027940276789486646,-0.0003852039402338833,0.0009667539757174382,-0.0018019538856606232,0.018096693202096503,10814,362000000,4.04,0,2,4,-6.249887955162131,1.8388415943240428,4.963569791756076,-6.249887955162131,1.8388415943240428,4.963569791756076,70.84593534469604
-6.797441363051352,0.8880015879993646,5.0,-4.7919807838891835,3.229351311795263,4.921844419225182,-0.34737725242398065,0.0002764918943569739,0.002353846215844087,0.9377224682487832,0.2451447573668859,0.031971888509476715,-0.0001119779172650018,0.0005357809300221561,-0.001489150974975928,0.020847589985351078,10814,691000000,3.76,0,2,4,-6.276162462872291,1.806182836027651,4.9633881894539815,-6.276162462872291,1.806182836027651,4.9633881894539815,71.17044806480408
-6.81189588944001,0.8145537164302753,5.0,-4.84761833010766,3.1673873942253397,4.922094979637167,-0.35062168226247087,0.00044107999655341795,0.002486007125347637,0.9365137805416661,0.25681298245120765,0.03283310711151822,3.0306985407925177e-05,0.00020868327794687502,-0.0009991240517592814,0.02165623700420838,10814,989000000,3.45,0,2,4,-6.3004175159771165,1.774868054844332,4.963235564917729,-6.3004175159771165,1.774868054844332,4.963235564917729,71.53366827964783
-6.81189588944001,0.8145537164302753,5.0,-4.899235234661527,3.108298496780431,4.922329296126274,-0.3537982098972125,0.0005116225612826761,0.00253775689309298,0.9353181943626638,0.22201776018844815,0.032027220186542506,-0.00017608838990844554,-1.8119962774676424e-05,0.00022324013428942635,0.020445520385692362,10815,311000000,3.1,0,2,4,-6.325869449954547,1.7407214767208972,4.963104586058168,-6.325869449954547,1.7407214767208972,4.963104586058168,71.8761830329895
-6.824501000073965,0.7406713850157627,5.0,-4.9369907728308045,3.0621247484683507,4.922436310734106,-0.3565438368967632,0.0003967799568714346,0.002478712245907385,0.9342752222563766,0.16972818086381553,0.030937656835900895,-0.0004864894104756397,-0.0003516384879276302,0.001607750516541273,0.01837138224800583,10815,623000000,2.76,0,2,4,-6.350860222027192,1.7057928122312047,4.963006056458307,-6.350860222027192,1.7057928122312047,4.963006056458307,72.193039894104
-6.835236727174377,0.6663999931584091,5.0,-4.962484224947719,3.0269512795076516,4.922357575164472,-0.358946530517966,0.00011830910098513522,0.0023461844329364747,0.9333551680098409,0.11603220637751133,0.030378461799116702,-0.0009081575690943818,0.00010011007631760549,0.0022911669248060207,0.01575842616148293,10815,918000000,2.49,0,2,4,-6.3738780780574595,1.6724064950842328,4.962947269996134,-6.3738780780574595,1.6724064950842328,4.962947269996134,72.52814173698425
-6.835236727174377,0.6663999931584091,5.0,-4.976104405604183,3.0030199717018387,4.922132309098599,-0.3608552062668444,-0.0001836879000403583,0.00224616861821765,0.932619129706981,0.07394730281099544,0.03122728313230652,-0.0012470989283553074,9.453014868654463e-05,0.00208396077141515,0.013153161125956103,10816,221000000,2.27,0,2,4,-6.39645124698195,1.6384154283998502,4.962891020047245,-6.39645124698195,1.6384154283998502,4.962891020047245,72.84560704231262
-6.8440841242909745,0.5917858514327947,5.0,-4.981727039838513,2.9848281058333654,4.921762284878749,-0.36247641027505484,-0.00045161056493401154,0.002166349045142917,0.9319903191416863,0.03765850190715577,0.03293680920770666,-0.0016292119037361792,0.00025976569020258466,0.0016281152056762949,0.009661622061685193,10816,505000000,2.11,0,2,4,-6.417098351892734,1.6061739825877106,4.962836523112301,-6.417098351892734,1.6061739825877106,4.962836523112301,73.1703667640686
-6.851025303291818,0.5168761650432264,5.0,-4.980041672103586,2.9735582884086598,4.921289191210726,-0.36354167272026633,-0.0006537907168437005,0.002130437891241529,0.9315752712410528,0.010206370138600717,0.034623943158672774,-0.0020801854281892974,0.00038737978513836424,0.0012033562597935088,0.0066229029926034855,10816,801000000,1.97,0,2,4,-6.438755269586957,1.571167671430599,4.962774424851546,-6.438755269586957,1.571167671430599,4.962774424851546,73.48711562156677
-6.851025303291818,0.5168761650432264,5.0,-4.973977417141897,2.966520201283673,4.9207381736576385,-0.3642352913938893,-0.0007761941403055296,0.002136305990444948,0.9313041856571784,0.0015311198272272351,0.036983976160609625,-0.0022666917576137455,0.0004856746215864405,-0.0002239423565697507,0.006043660823706887,10817,86000000,1.9,0,2,4,-6.458548912873608,1.5379877081703006,4.962683681946946,-6.458548912873608,1.5379877081703006,4.962683681946946,73.77344489097595
-6.856043471467056,0.44171901599366026,5.0,-4.970182567381255,2.9574175859505027,4.920306496973492,-0.36505192211093707,-0.0006492201905970472,0.0022456794305740733,0.930984226289656,0.03257886024534051,0.03998335976618915,-0.0016720545879798994,0.0005473756402807339,-0.0019947202417824883,0.009681413848738885,10817,348000000,1.84,0,2,4,-6.4765123542820495,1.5069076620233626,4.96256638330046,-6.4765123542820495,1.5069076620233626,4.96256638330046,74.04162693023682
-6.859122968711804,0.366363343942322,5.0,-4.976135525056928,2.9371294814699764,4.9200536220078535,-0.3667221049366948,-0.0004072003338882976,0.0024188360520363546,0.9303272978747001,0.10531896815248769,0.042956144275008934,-0.0008865483104084692,0.0007646733195088018,-0.00227317852932174,0.017319642029178794,10817,594000000,1.75,0,2,4,-6.492751396690432,1.4779277498193593,4.962434712614296,-6.492751396690432,1.4779277498193593,4.962434712614296,74.31451177597046
-6.859122968711804,0.366363343942322,5.0,-4.993596518976801,2.906169316072552,4.919987156599989,-0.36897567767057066,-0.00021121314885802554,0.002594712476738912,0.9294354050409916,0.1722997134030762,0.045494318036822176,-0.0004967234747288579,0.0009421152071809047,-0.0019676806459756335,0.022481117412098683,10817,840000000,1.58,0,2,4,-6.509958148769869,1.4463668464435973,4.962272606399243,-6.509958148769869,1.4463668464435973,4.962272606399243,74.58351612091064
-6.860249304751699,0.2908589257138678,5.0,-5.026259910316774,2.857106118946641,4.920068236546534,-0.3721726351998691,-2.3119573640886576e-05,0.0027866003137379993,0.928159341887244,0.230048321177689,0.04758571463675583,-0.00022803263418808505,0.0003805119490607467,-0.0017606880192033714,0.02605382032925263,10818,86000000,1.37,0,2,4,-6.525499861056143,1.4170047471211702,4.962129213632018,-6.525499861056143,1.4170047471211702,4.962129213632018,74.88487553596497
-6.860249304751699,0.2908589257138678,5.0,-5.072746791823899,2.7909447721763456,4.92026255659201,-0.37615614683836657,0.00018845461749173462,0.0029308482887428315,0.9265516325650063,0.2548787524221582,0.04844643023362828,-0.00020527501249951487,0.000259732141216773,-0.001454662117339467,0.02692077814572258,10818,364000000,1.13,0,2,4,-6.5431583856008215,1.3825709711915863,4.961952840017385,-6.5431583856008215,1.3825709711915863,4.961952840017385,75.24012470245361
-6.85940919637302,0.2152563534425758,5.0,-5.119229836348389,2.7234847083747193,4.920503155757708,-0.3800627715375103,0.00033178070458389866,0.0030227292992773035,0.9249556977068543,0.23882988737379124,0.04912576005536012,-0.0002294159995294177,1.6332659313889053e-05,-0.0005391179911384825,0.02494390409992775,10818,685000000,1.0,0,2,4,-6.562735807404768,1.3426733446991546,4.961788701551934,-6.562735807404768,1.3426733446991546,4.961788701551934,75.58880496025085
-6.85940919637302,0.2152563534425758,5.0,-5.155470171092691,2.666420575618573,4.920694416381976,-0.38332667670835113,0.00032237758781391884,0.0030182529386980463,0.9236078416436382,0.19660688865108406,0.0502832896984189,-0.00034137905346053537,-0.00015259355308216982,0.0009402576040429267,0.021735075642936863,10819,3000000,1.11,0,2,4,-6.5816689432525886,1.3021228757083316,4.961698188070653,-6.5816689432525886,1.3021228757083316,4.961698188070653,75.9348680973053
-6.856590604617711,0.1396070113204253,5.0,-5.181481403558726,2.6167936224246566,4.920783816526574,-0.3862601999312489,8.965886686113588e-05,0.0029047686914206415,0.9223852840484872,0.1393293704371385,0.05253720339801624,-0.0006155744336943758,-9.040710153840337e-05,0.002111730600518058,0.01751260533637833,10819,316000000,1.34,0,2,4,-6.598804357090616,1.2638248186419627,4.96166784721236,-6.598804357090616,1.2638248186419627,4.96166784721236,76.26287364959717
-6.8517827719018864,0.06396305092467663,5.0,-5.193267845799776,2.5833105943290726,4.920702726743924,-0.3882818326215272,-0.0002043595708004155,0.0027890826531331066,0.9215364331979436,0.09320012660697881,0.05494465135876643,-0.0009962601705553159,0.0003062577945911471,0.002205410692113219,0.013545249930757564,10819,617000000,1.64,0,2,4,-6.616419266606769,1.2226574809228665,4.961680266307671,-6.616419266606769,1.2226574809228665,4.961680266307671,76.57331013679504
-6.844976259014825,-0.01162263489980088,5.0,-5.196182282913758,2.5592869203239776,4.92050646349657,-0.38968470117759196,-0.00047220116075199266,0.0027231289234654495,0.9209441868338497,0.05739744571312151,0.05784720874763405,-0.0013532840835951013,0.00043815163337512786,0.0019741911273740698,0.009405182754562702,10819,899000000,1.86,0,2,4,-6.631309779173494,1.1862571823068442,4.961695619601548,-6.631309779173494,1.1862571823068442,4.961695619601548,76.87296342849731
-6.844976259014825,-0.01162263489980088,5.0,-5.1920925577122965,2.5395066825404853,4.920166493058841,-0.3905743925652166,-0.0007337617338966737,0.002680045775490048,0.9205671745291981,0.026128829081786487,0.06148090665443586,-0.0017492774444148678,0.0005361356784305826,0.0016104907899716636,0.0043307984469720395,10820,171000000,2.02,0,2,4,-6.644656525515933,1.1522590230043124,4.961728618504679,-6.644656525515933,1.1522590230043124,4.961728618504679,77.18301367759705
-6.836162981953649,-0.08709643962752353,5.0,-5.183638433531408,2.5263982370898543,4.9198078532368115,-0.39084717473205927,-0.00090673359394071,0.002667915352012707,0.9204512730535122,0.00725371500362239,0.06468547701028335,-0.0019314437870230252,0.00029107051773280546,0.000845119387804516,0.0010893571698034066,10820,454000000,2.14,0,2,4,-6.658512139156913,1.1153622754978003,4.961761414501514,-6.658512139156913,1.1153622754978003,4.961761414501514,77.44231081008911
-6.836162981953649,-0.08709643962752353,5.0,-5.171453812037943,2.5105705763682757,4.919355123348168,-0.39100519221542307,-0.000885166397255862,0.002721844092159026,0.9203840218657465,0.026046457527376943,0.06660335438359831,-0.0015859742394458147,0.0003598128216708574,-0.001484179529143148,0.005484321809490211,10820,689000000,2.19,0,2,4,-6.669981454717665,1.0836220209387883,4.961802489126025,-6.669981454717665,1.0836220209387883,4.961802489126025,77.7722680568695
-6.825336248547242,-0.1624040721318142,5.0,-5.1680791167903095,2.492854879595895,4.919184535321882,-0.39194174548803706,-0.0007013632339886854,0.002837542856140884,0.9199853936796737,0.06878809773095149,0.0669300846608146,-0.0008567206181301735,0.0002653960308407477,-0.002181042646043352,0.012835398501920281,10820,990000000,2.21,0,2,4,-6.683735060531758,1.0435793348887432,4.961834524960875,-6.683735060531758,1.0435793348887432,4.961834524960875,78.02280902862549
-6.81249079482118,-0.23749058727900846,5.0,-5.17532563369181,2.4604607531424674,4.9191933700566,-0.3942691320325922,-0.0004714875840296513,0.002975518762254853,0.9189900845568575,0.14460525139698066,0.06508583799138239,-0.00021319452710121984,0.0005043610656230157,-0.0019391638488741592,0.024077630405372474,10821,216000000,2.31,0,2,4,-6.69340448634784,1.0138754110379415,4.961821021469881,-6.69340448634784,1.0138754110379415,4.961821021469881,78.29799675941467
-6.81249079482118,-0.23749058727900846,5.0,-5.196908784383663,2.4113540674634577,4.919377847212964,-0.3977887102568082,-0.0002864156799856504,0.0031278058614065104,0.9174716762869449,0.21082566875698996,0.06368125711496869,0.0001182327914200166,0.000382721069058789,-0.0016417003621427284,0.03004080444952706,10821,460000000,2.57,0,2,4,-6.7043702308526685,0.9784400576187307,4.961783676937737,-6.7043702308526685,0.9784400576187307,4.961783676937737,78.6329894065857
-6.797622821053677,-0.3123004180587462,5.0,-5.231528698328901,2.346192912569102,4.9197271405411795,-0.4021153505226103,-0.00010868900700951073,0.0032552099943678227,0.9155832221424063,0.2526937017191943,0.06263687193214426,0.00034954796033239593,9.254080026721567e-05,-0.00138323046030564,0.030836757650831714,10821,757000000,2.93,0,2,4,-6.7163930827671425,0.9371608248040738,4.961717774203582,-6.7163930827671425,0.9371608248040738,4.961717774203582,78.96041297912598
-6.797622821053677,-0.3123004180587462,5.0,-5.269192954935819,2.2769323070098233,4.9201541226953625,-0.4061363019562457,3.106183969083811e-05,0.0033354512025257467,0.9138064226266648,0.24862307001529485,0.0633429473294447,0.00033412344829605314,6.648713011259133e-05,-0.0007631198059243616,0.02726613893173635,10822,50000000,3.5,0,2,4,-6.727026998593348,0.8982510964954951,4.961648551638772,-6.727026998593348,0.8982510964954951,4.961648551638772,79.2876513004303
-6.780730027470835,-0.38677740927057114,5.0,-5.304561583538264,2.204184333552416,4.920580940873633,-0.4099901511481697,4.2904920911393226e-05,0.0033464629506681897,0.9120838093653391,0.20239663535601227,0.0674133617626583,7.017905445335513e-05,-0.00010308363087574435,0.0007765730686060124,0.021703620404878166,10822,346000000,4.0,0,2,4,-6.737824525636059,0.8562607911895473,4.961589578502124,-6.737824525636059,0.8562607911895473,4.961589578502124,79.65766787528992
-6.761811649527623,-0.46086485278605455,5.0,-5.323663658291707,2.1508902007288753,4.920825667301518,-0.4126751762849923,-0.00013948537848087052,0.0032744254812075,0.9108723607398284,0.148584355734959,0.07241941491683511,-0.00027745041368957895,0.00029608731324515247,0.001814431891489221,0.01760414852469694,10822,680000000,4.51,0,2,4,-6.749270986343857,0.8083430161990942,4.961581373094817,-6.749270986343857,0.8083430161990942,4.961581373094817,80.0106201171875
-6.761811649527623,-0.46086485278605455,5.0,-5.33058177223733,2.1085714108750544,4.920881807051199,-0.4148233055470948,-0.00044370675373154515,0.0031922044801919475,0.9098962787756936,0.09731502738727629,0.07839404329491675,-0.0008056967816327953,0.0004335364252483487,0.002167975890188245,0.01303002682107035,10822,996000000,4.82,0,2,4,-6.759210430629992,0.7628924067514766,4.961624764790998,-6.759210430629992,0.7628924067514766,4.961624764790998,80.32923722267151
-6.740868492719295,-0.53450552440425,5.0,-5.327287585050697,2.0775850137227034,4.920756817236718,-0.41612803140298815,-0.0007419594830394571,0.0031260047643587707,0.9093003569068981,0.05713226296118149,0.0838169503059365,-0.0012757925758600513,0.0005410953292539489,0.0019859967096635955,0.0064530663621553686,10823,280000000,5.16,0,2,4,-6.767296254690469,0.7229635883411932,4.961695378621621,-6.767296254690469,0.7229635883411932,4.961695378621621,80.64529156684875
-6.717902966866081,-0.6076417223171494,5.0,-5.318236965982709,2.056561292860251,4.92055603326301,-0.41649686188348223,-0.0009682158297439501,0.003095572546663394,0.9091313678616125,0.028283896888946808,0.08766086238068017,-0.0016062716190943633,0.0007862110464884609,0.001637141701849032,0.0001503785668433011,10823,559000000,5.36,0,2,4,-6.774785996700264,0.6828062432732336,4.961791323743838,-6.774785996700264,0.6828062432732336,4.961791323743838,80.92966890335083
-6.717902966866081,-0.6076417223171494,5.0,-5.304339488564972,2.0396719363154157,4.9202515833812335,-0.41614522305322144,-0.0011591953477274562,0.003103496151547736,0.909292130125279,0.005297858351152813,0.09167825325537342,-0.002072826861421325,0.0005247477929515298,0.0011176678412994079,-0.0061738750446238555,10823,811000000,5.43,0,2,4,-6.780756938838513,0.6483644665329702,4.9618899714217415,-6.780756938838513,0.6483644665329702,4.9618899714217415,81.20752716064453
-6.692919119812252,-0.6802153072003038,5.0,-5.287178511863926,2.025221526466242,4.919870353696599,-0.4151926652357798,-0.001241465958897116,0.003111876075378644,0.9097273359221287,0.00020324544422703,0.09423530862147772,-0.0022014280198406526,-0.000363432741323777,-0.00021961624128152835,-0.0072002396791504,10824,53000000,5.41,0,2,4,-6.786267448949009,0.6137464432056512,4.9619908578096865,-6.786267448949009,0.6137464432056512,4.9619908578096865,81.47621202468872
-6.692919119812252,-0.6802153072003038,5.0,-5.274379850208926,2.0086851291135597,4.9195948153615845,-0.41510634818969316,-0.001084836101634287,0.003128681702923885,0.909766868034911,0.038058597667705245,0.09202676167498125,-0.0015924829124214373,-0.00010339325910990738,-0.0019653623439808143,0.00515167544108408,10824,289000000,5.31,0,2,4,-6.791290246620956,0.5788602009177796,4.9620485305947515,-6.791290246620956,0.5788602009177796,4.9620485305947515,81.70945525169373
-6.66592267047879,-0.7521677439422926,5.0,-5.269894449192921,1.9864045706255247,4.919466661202303,-0.4163947529252643,-0.000897293399700362,0.003221485620440812,0.9091777750425161,0.09691802038568456,0.08787881493574429,-0.0010389543360843165,5.0903434356541766e-05,-0.0021613464241454494,0.02028176841122331,10824,497000000,5.31,0,2,4,-6.795488921287182,0.5467531129401966,4.962064596588112,-6.795488921287182,0.5467531129401966,4.962064596588112,81.94403052330017
-6.66592267047879,-0.7521677439422926,5.0,-5.275081352603452,1.9490189251526198,4.919464608686337,-0.4192088574705714,-0.0006896573759780584,0.0033250509656472275,0.9078834739254797,0.16252255310160488,0.08250509571733775,-0.0005115302968258613,0.00015747666282095452,-0.0019071880842602695,0.029726288266829215,10824,706000000,5.47,0,2,4,-6.7989529229507735,0.5174173076889375,4.962053299101287,-6.7989529229507735,0.5174173076889375,4.962053299101287,82.20413327217102
-6.636921041207126,-0.8234401450252024,5.0,-5.291418644363873,1.8973956730120318,4.9196070088427035,-0.4230337935780781,-0.0004965951357092701,0.003433455496073469,0.9061072642174146,0.2150312101924559,0.07804005140238024,-0.00019626654436272523,-6.086493513635105e-05,-0.0017366697193210712,0.033458148391218856,10824,939000000,5.83,0,2,4,-6.802675490266983,0.4821102637013318,4.962011728290143,-6.802675490266983,0.4821102637013318,4.962011728290143,82.51481747627258
-6.636921041207126,-0.8234401450252024,5.0,-5.324031008597163,1.8149693978241963,4.919946784020703,-0.42834134785975264,-0.00026577382833326067,0.0035502287991870793,0.9036099905121877,0.24026072820836686,0.07590195476676331,-6.42020734067647e-05,0.00010572644910666895,-0.001278622664813156,0.030232050448830705,10825,209000000,6.32,0,2,4,-6.806124093485069,0.4436879393107743,4.961937771294324,-6.806124093485069,0.4436879393107743,4.961937771294324,82.90837287902832
-6.605923389329609,-0.8939733155664553,5.0,-5.350810070715064,1.7453348154550674,4.920270184043812,-0.4321466154606274,-0.00015795772692770815,0.0036233205777722243,0.9017960686004746,0.22361242438233261,0.07868790903408454,-0.0001605915153211789,9.041127242426228e-05,-0.000370063139598642,0.024119009685819037,10825,558000000,7.0,0,2,4,-6.809930738473278,0.39032854820422014,4.961824175606093,-6.809930738473278,0.39032854820422014,4.961824175606093,83.26818585395813
-6.572940637900542,-0.9637078000306676,5.0,-5.370357039980564,1.6788058797778598,4.920527162409742,-0.43508025297327796,-0.00022174849697099552,0.0036353735807733074,0.9003843114799592,0.17345451644810503,0.08608640254962123,-0.0005281529760951819,0.00044488962771538354,0.0012766695135724149,0.016432118354714476,10825,868000000,7.51,0,2,4,-6.812264163301918,0.34574884392668576,4.961755124171785,-6.812264163301918,0.34574884392668576,4.961755124171785,83.64792680740356
-6.5379855055198695,-1.0325839306182591,5.0,-5.375947374529826,1.6278477361795398,4.920588631032286,-0.4369394988448684,-0.0005026417850593119,0.003587310286414111,0.8994836034666446,0.11830565535841457,0.09508963642564298,-0.0010743849885116198,0.0007245287861223915,0.002183007268286019,0.011376648217265029,10826,188000000,7.92,0,2,4,-6.813918164701488,0.29807692081034004,4.96172403982528,-6.813918164701488,0.29807692081034004,4.96172403982528,84.01431202888489
-6.5379855055198695,-1.0325839306182591,5.0,-5.369524854192907,1.5875751601644181,4.920423863296869,-0.43815660561287256,-0.0008591353475559213,0.0035419686358771204,0.8988912644488447,0.06972181516686847,0.10406807769770932,-0.0017361570347452105,0.0009436859386369179,0.0021971425667288713,0.00546410142305831,10826,489000000,8.19,0,2,4,-6.814658824682081,0.2533026329018339,4.961731481393238,-6.814658824682081,0.2533026329018339,4.961731481393238,84.33839774131775
-6.501072535179841,-1.100541877335473,5.0,-5.3542744922358025,1.5579248722511652,4.9200964524813795,-0.4383971806039761,-0.0011653805580166495,0.003525029768567735,0.898773680128524,0.03239461324987763,0.11140508666434201,-0.0022662938403340696,0.0007642973059773794,0.0018157905742555158,-0.002940902231785003,10826,778000000,8.38,0,2,4,-6.814682902263521,0.20851012603429572,4.961785919848441,-6.814682902263521,0.20851012603429572,4.961785919848441,84.65914463996887
-6.462218122063195,-1.1675216997484856,5.0,-5.331795298455899,1.5347180533433318,4.919632950540419,-0.43746038448479163,-0.0014083982901800178,0.0035259435063616897,0.8992296681844213,0.0012021358404648054,0.11694581939163788,-0.0028109701129067485,0.0009687514761935745,0.0013891750995753682,-0.012411645911925007,10827,71000000,8.45,0,2,4,-6.814040707873322,0.16664613919798937,4.961871898740872,-6.814040707873322,0.16664613919798937,4.961871898740872,84.95731496810913
-6.462218122063195,-1.1675216997484856,5.0,-5.307960255354637,1.5187949343429832,4.91911085446333,-0.43579030006011304,-0.0015533460258598788,0.0035425587867664024,0.900039916763075,-0.010099333948602917,0.11981520874575342,-0.003137955346571376,-0.0005302382305671927,8.824885764369128e-05,-0.013999613020132529,10827,338000000,8.38,0,2,4,-6.8128819724528995,0.12487045178349758,4.961985339956352,-6.8128819724528995,0.12487045178349758,4.961985339956352,85.2354691028595
-6.421440540219725,-1.2334634004219198,5.0,-5.2848773640837905,1.498333804861266,4.918616863635848,-0.4349148402065574,-0.0013741547427273554,0.003550323863605171,0.9004635409983632,0.03107059425482523,0.11566450365567853,-0.002423921338933876,-0.0002302677486909488,-0.0019641693370431312,0.0030376572112800204,10827,590000000,8.19,0,2,4,-6.811394373317633,0.08908628322995113,4.962098930451712,-6.811394373317633,0.08908628322995113,4.962098930451712,85.51123523712158
-6.421440540219725,-1.2334634004219198,5.0,-5.2741845278854855,1.4689921164448356,4.918369264322008,-0.4365429122354323,-0.0011403513659717739,0.003634816805440793,0.8996753711659335,0.10145362980334786,0.10655105497084907,-0.0015069574071650915,-0.00023361512262454198,-0.002098993581967079,0.023632389638805762,10827,837000000,8.11,0,2,4,-6.8091499068662955,0.05022684047021421,4.962210946475763,-6.8091499068662955,0.05022684047021421,4.962210946475763,85.77997255325317
-6.378759968046356,-1.298306980039814,5.0,-5.274803241868603,1.4282995893276427,4.918333711791104,-0.43970847850389516,-0.0009346942514581716,0.00370919050027909,0.8981324079356441,0.1636318033344495,0.09867338531645525,-0.0007763894708615763,-7.908926420441276e-05,-0.0017530436366541835,0.032896715856622905,10828,80000000,8.33,0,2,4,-6.806540683932367,0.01441251766276955,4.962299569613027,-6.806540683932367,0.01441251766276955,4.962299569613027,86.05515575408936
-6.334198512494224,-1.3619924942046309,5.0,-5.286766933374352,1.369355365225606,4.918500578619312,-0.4440711628309046,-0.0007506581370321907,0.0037926361668021175,0.8959831777244902,0.21498157562869774,0.09117408872795185,-0.00018557041689118143,-8.69691639593384e-05,-0.0015056682855174586,0.03514696436468512,10828,323000000,8.76,0,2,4,-6.8033800319136475,-0.021412772759990234,4.962376661580074,-6.8033800319136475,-0.021412772759990234,4.962376661580074,86.36436581611633
-6.334198512494224,-1.3619924942046309,5.0,-5.30689355341158,1.2981526201879308,4.918869748661177,-0.4486462411691176,-0.0005748013783771913,0.003862072452400561,0.8937009031463319,0.23386739202122486,0.0890893927327279,0.0001437952306406287,-0.0002566037267115462,-0.0011801849723269697,0.030916936884750612,10828,600000000,9.34,0,2,4,-6.79904640245571,-0.06312261368688477,4.962454151686477,-6.79904640245571,-0.06312261368688477,4.962454151686477,86.72716999053955
-6.287780231924655,-1.4244601119072358,5.0,-5.326349755176953,1.2226012767455292,4.919300810364514,-0.4525097905040506,-0.00047030366526160496,0.0039030946201277813,0.8917507690856391,0.20804463283617153,0.0951068998914053,-0.00012244382125856638,0.00018213544308309793,-3.5025056188686676e-05,0.021151406872377265,10828,913000000,9.97,0,2,4,-6.7936413535557,-0.10772014935996502,4.962525881132507,-6.7936413535557,-0.10772014935996502,4.962525881132507,87.08378171920776
-6.287780231924655,-1.4244601119072358,5.0,-5.334398769055591,1.1531313522077224,4.919554310754799,-0.4549911207568944,-0.0006133075009629393,0.003917424507121773,0.8904871462696837,0.14795007977144775,0.10758063060346539,-0.000871864128657185,0.000872028238063649,0.0016002220945665613,0.012394806890370091,10829,235000000,10.54,0,2,4,-6.786946746000648,-0.15516557979831422,4.9626275443540155,-6.786946746000648,-0.15516557979831422,4.9626275443540155,87.44774746894836
-6.239531157534259,-1.4856501756582063,5.0,-5.3284281197172225,1.1071658408539602,4.919528213483131,-0.45621917869533635,-0.0009123094958754026,0.0038978491003029136,0.8898584356257616,0.09568476809753793,0.11833404376401238,-0.0015779761746279035,0.0008976150240869174,0.002148939802282257,0.0064698436744947685,10829,562000000,10.94,0,2,4,-6.7788279797595425,-0.2054533807316206,4.962777304870192,-6.7788279797595425,-0.2054533807316206,4.962777304870192,87.76969265937805
-6.189479313267984,-1.5455032632678436,5.0,-5.312031539875953,1.0708971251452315,4.91928560356484,-0.45657221219348954,-0.0012384612792777474,0.0038782363608770827,0.8896770428358439,0.04960500341659481,0.12740988252480956,-0.0023234083635137186,0.0012721782809421711,0.002038020761574444,-0.0022255966541706584,10829,855000000,11.17,0,2,4,-6.771385417383163,-0.2467067590033793,4.962925474516725,-6.771385417383163,-0.2467067590033793,4.962925474516725,88.0571026802063
-6.137654734137321,-1.603960251259457,5.0,-5.286915123009384,1.0426802987892632,4.918835485514844,-0.45560032372596104,-0.0015387807710673268,0.0039058411231277872,0.8901745455693836,0.011779846038158613,0.13546142762115637,-0.0030690341037937687,0.001044630369051447,0.0016657180822221562,-0.013936504910816438,10830,120000000,11.28,0,2,4,-6.763238868807816,-0.28789584651871863,4.963063982895193,-6.763238868807816,-0.28789584651871863,4.963063982895193,88.3695240020752
-6.137654734137321,-1.603960251259457,5.0,-5.249402258087287,1.0182651368353122,4.918102529054939,-0.45270935059375006,-0.001807246082957945,0.003957041053985347,0.8916475310192238,-0.02383570023662741,0.14348124266305579,-0.003922782825880407,0.0011701347716552846,0.0012468260138120968,-0.027251310348219704,10830,401000000,11.21,0,2,4,-6.755142460855199,-0.32961712254698705,4.963183298142986,-6.755142460855199,-0.32961712254698705,4.963183298142986,88.73430180549622
-6.08408948285958,-1.660962379897295,5.0,-5.216283647302097,1.004166801067987,4.91738862449706,-0.44949347678753404,-0.0019507184778930523,0.004002955117704832,0.8932725146186913,-0.034431872080163094,0.14609627010019105,-0.004293265875312954,-0.0005365279918123633,0.00021461642347730958,-0.0257102861723979,10830,734000000,10.89,0,2,4,-6.745975189641691,-0.37817036826049305,4.963305819131717,-6.745975189641691,-0.37817036826049305,4.963305819131717,88.98697257041931
-6.08408948285958,-1.660962379897295,5.0,-5.189887664218333,0.9874020865162549,4.916853857885601,-0.44830426307455506,-0.0017903293584256952,0.00398170331801923,0.8938703644649237,0.013036415850013625,0.13758336299179705,-0.003135009426223255,-0.0007042211905172735,-0.0018951461811411718,-0.0009733315863513781,10830,968000000,10.51,0,2,4,-6.738503722806196,-0.41464771588433996,4.963409686006215,-6.738503722806196,-0.41464771588433996,4.963409686006215,89.24216175079346
-6.028817664732745,-1.716451319807343,5.0,-5.172082087517275,0.9586000241340605,4.916533222227747,-0.44978990482624565,-0.0015405069697782964,0.004021791653325662,0.8931240079331482,0.08588373684744699,0.12545841634185942,-0.0019433316436745676,-0.0007517944993651327,-0.002041198604274541,0.023463044453819748,10831,195000000,10.38,0,2,4,-6.731007215470267,-0.44773114212206466,4.9634764434635015,-6.731007215470267,-0.44773114212206466,4.9634764434635015,89.50011563301086
-6.028817664732745,-1.716451319807343,5.0,-5.166017515601442,0.9222501578022771,4.916478261138777,-0.45262207375303665,-0.0013361588464044466,0.004038141686889532,0.8916923048018046,0.14285449991816632,0.11563096502378514,-0.0009246940502286657,-0.00044414851743113104,-0.0016901044659789477,0.0325192762829829,10831,421000000,10.6,0,2,4,-6.722025572116747,-0.483457058473798,4.963513704675265,-6.722025572116747,-0.483457058473798,4.963513704675265,89.74622654914856
-5.971875440659106,-1.7703692401658633,5.0,-5.16822863362879,0.8737150212910074,4.916657838060435,-0.45637101603038144,-0.0011662152987990558,0.00408171072269307,0.889779453183119,0.1908733976885238,0.10717306700206201,-4.925775306675402e-05,-0.0003316234455041922,-0.0015670394191147352,0.03647189223556779,10831,639000000,10.98,0,2,4,-6.713152351277822,-0.5158306971124792,4.963519713342923,-6.713152351277822,-0.5158306971124792,4.963519713342923,90.02321743965149
-5.971875440659106,-1.7703692401658633,5.0,-5.18101106840977,0.7991117022964099,4.917152376527609,-0.46153886739517197,-0.000942083460304373,0.004148113863133001,0.8871097899999267,0.22605260662357574,0.09956320496803744,0.0005014397686462928,-0.0002802168893367707,-0.0015330353107856354,0.03435905309743248,10831,888000000,11.5,0,2,4,-6.702753249433753,-0.5507946564245196,4.96350048700111,-6.702753249433753,-0.5507946564245196,4.96350048700111,90.39536809921265
-5.9133010382297755,-1.8226588784270257,5.0,-5.196787103399604,0.7207580931846482,4.917780707619494,-0.46599718297083426,-0.0007501487313470025,0.004190626693987894,0.8847759611269055,0.221928254219167,0.1006003494364813,0.0006231765099151166,-0.0005526381642084743,-0.0009465057587476622,0.025598562933737412,10832,215000000,12.22,0,2,4,-6.687868580657877,-0.596828616824427,4.963458114120397,-6.687868580657877,-0.596828616824427,4.963458114120397,90.73149251937866
-5.853134760780966,-1.8732636115574528,5.0,-5.2054153216625885,0.6483223425533472,4.918373077009994,-0.4687761791806478,-0.0007166638320954607,0.004213311273858959,0.8833066445090598,0.17410856887959753,0.11189924380643154,2.619371954597206e-05,0.0008419919367952389,0.0008427235457020288,0.0123641445497924,10832,518000000,12.86,0,2,4,-6.671844558438093,-0.6422907068450172,4.963462993507996,-6.671844558438093,-0.6422907068450172,4.963462993507996,91.08741927146912
-5.853134760780966,-1.8732636115574528,5.0,-5.2011769897767035,0.5994707250783998,4.918601107936202,-0.4697133317855572,-0.0009359608163329936,0.004235378634522623,0.8828083435763864,0.12040622621119926,0.1251894926235266,-0.0009610513214766605,0.001422663763150922,0.001918055750138592,0.004516466378845507,10832,843000000,13.3,0,2,4,-6.654686611784877,-0.6872792313718381,4.963501543360794,-6.654686611784877,-0.6872792313718381,4.963501543360794,91.37190294265747
-5.791418994331977,-1.9221275287416824,5.0,-5.189063989947582,0.5657532511729733,4.918575527960151,-0.4698808862277605,-0.0012200968359864276,0.004250005129678519,0.8827187556509278,0.07561516264457475,0.13637118950995414,-0.001865318944150257,0.0011135425438624225,0.002314175185347267,-0.0013765754943051434,10833,102000000,13.48,0,2,4,-6.6399580817658075,-0.7235006356246565,4.963552668968825,-6.6399580817658075,-0.7235006356246565,4.963552668968825,91.61654829978943
-5.728198212313908,-1.9691955055186912,5.0,-5.172061273334324,0.5406317466361451,4.918380186723359,-0.4693696922766354,-0.0014649889771435837,0.004234221508528348,0.8829903833834488,0.04039360914075797,0.1443692330091797,-0.0026850691498083727,0.001163168690254679,0.002168280980185955,-0.009363743811263703,10833,321000000,13.56,0,2,4,-6.6270847826187245,-0.7539905634359054,4.963579560411189,-6.6270847826187245,-0.7539905634359054,4.963579560411189,91.84348917007446
-5.728198212313908,-1.9691955055186912,5.0,-5.147710209057653,0.5182256621192318,4.917982500452824,-0.4678100125769181,-0.0017284747076135557,0.004265910977106017,0.8838170662029016,0.006575655805874629,0.1524803630223277,-0.003612198229910767,0.0014211584016265988,0.0019292901242806693,-0.021403361279226374,10833,531000000,13.54,0,2,4,-6.616110031852384,-0.7826529020444929,4.963617481257703,-6.616110031852384,-0.7826529020444929,4.963617481257703,92.08449625968933
-5.6635189779972706,-2.014413279305643,5.0,-5.112295664885096,0.49770533390587984,4.917274697802576,-0.46444757839973067,-0.0020003105505055135,0.004320992789908086,0.8855878130923194,-0.028167480067180794,0.1604945640203042,-0.004678869077267701,0.0012485396723604936,0.0016432395682386414,-0.03615850982896518,10833,748000000,13.37,0,2,4,-6.606850464383118,-0.8174303984237671,4.963725714216787,-6.606850464383118,-0.8174303984237671,4.963725714216787,92.36726427078247
-5.6635189779972706,-2.014413279305643,5.0,-5.074429280889116,0.483571901138531,4.9164293776906645,-0.4601169823398587,-0.0021995138012900076,0.004367281334409221,0.8878448352923194,-0.04881981579490434,0.16399139676793376,-0.005200685280822863,0.0008715729336472577,0.0013694894391846901,-0.03877087110595312,10834,2000000,12.96,0,2,4,-6.601078210413273,-0.8642455874164137,4.963898233930782,-6.601078210413273,-0.8642455874164137,4.963898233930782,92.6394681930542
-5.59742994452607,-2.057727526260811,5.0,-5.0366279162976975,0.46943817462931164,4.915659936605199,-0.4569153736158539,-0.002335865876397227,0.004363890893603357,0.8894963977107276,-0.028277436471276524,0.15896418701254367,-0.004303225462847374,-0.0009804400235680077,0.00031420165669260314,-0.01688436186668696,10834,247000000,12.4,0,2,4,-6.598929147747614,-0.9111804859826274,4.964117850424051,-6.598929147747614,-0.9111804859826274,4.964117850424051,92.9103000164032
-5.59742994452607,-2.057727526260811,5.0,-5.008429845877573,0.4465353148434429,4.915192473018427,-0.457152547627637,-0.002165046073963185,0.004293936339448741,0.889375299231866,0.04214245947224607,0.1443500193385154,-0.0026221081912086463,-0.0011278403007963789,-0.0017165401800411928,0.014799667133047478,10834,491000000,11.99,0,2,4,-6.5962223764015535,-0.9577131165035281,4.964378587425418,-6.5962223764015535,-0.9577131165035281,4.964378587425418,93.19173240661621
-5.529981852465275,-2.0990859394333827,5.0,-4.9919860690186155,0.412518999067163,4.915091198250986,-0.4595617153401002,-0.0019137604906126428,0.004279604433308033,0.8881334653644932,0.10454277054290406,0.13244064155764024,-0.0010067722601282002,-0.001015273812754458,-0.001964787838915072,0.027518635943124536,10834,729000000,12.01,0,2,4,-6.590615303364013,-1.0014837347473196,4.96463973370273,-6.590615303364013,-1.0014837347473196,4.96463973370273,93.45818662643433
-5.529981852465275,-2.0990859394333827,5.0,-4.98519148051887,0.3691253116825801,4.91532886849983,-0.4627780776698963,-0.0016771244385823413,0.004278566041939427,0.886462256361994,0.15430294786204155,0.12252560611574306,0.0003153500046859547,-0.0007344644416207302,-0.0018135555023945926,0.032078568983706646,10834,962000000,12.32,0,2,4,-6.581725456356529,-1.0422326545652543,4.9648479774146885,-6.581725456356529,-1.0422326545652543,4.9648479774146885,93.72048115730286
-5.461227524768241,-2.1384373081434203,5.0,-4.985577444324299,0.31856454341094537,4.915841663924458,-0.4663187083757375,-0.0014733607766007405,0.004297256327577905,0.8846051237783222,0.1906439895809992,0.1146864118263693,0.0013225486644663814,-0.000629793134976353,-0.0016837144698911288,0.03414667080505751,10835,198000000,12.75,0,2,4,-6.57002577922754,-1.08025551158991,4.965001288759616,-6.57002577922754,-1.08025551158991,4.965001288759616,94.00426030158997
-5.461227524768241,-2.1384373081434203,5.0,-4.991830134106859,0.2581326429308145,4.916651268470412,-0.47030277539843146,-0.0012724314728816415,0.004326436288861871,0.882493604690548,0.21819879253800956,0.10714404275285741,0.0021314896348764386,-0.0003703203901750385,-0.001574410066496057,0.035078483415418305,10835,452000000,13.24,0,2,4,-6.555869573707911,-1.1160060651723664,4.965132695838449,-6.555869573707911,-1.1160060651723664,4.965132695838449,94.29653310775757
-5.391221859070367,-2.1757315985306627,5.0,-5.004591367660788,0.17877778282409565,4.917841574184101,-0.4751717078053354,-0.0010596294510483108,0.004368911373264093,0.8798816044788069,0.2317017845997269,0.10240521278992368,0.0024346650501446644,-0.0006260539919367147,-0.0012600770901372016,0.031576146648149006,10835,716000000,13.71,0,2,4,-6.536840048252214,-1.1552940377353638,4.965269148021744,-6.536840048252214,-1.1552940377353638,4.965269148021744,94.65510654449463
-5.320021817215077,-2.210920035206205,5.0,-5.016158816941975,0.10021396905296132,4.919070603025832,-0.47903067757157325,-0.0009090402586798677,0.0043698454900403805,0.8777868124103486,0.20913629154620791,0.1076669152886871,0.0021612082211163583,-0.00026604904803662066,-0.0003829868461480146,0.02010393436648883,10836,33000000,14.48,0,2,4,-6.513893457117863,-1.1950087197818422,4.965418048829615,-6.513893457117863,-1.1950087197818422,4.965418048829615,95.0063829421997
-5.320021817215077,-2.210920035206205,5.0,-5.015186436826078,0.02381332973539404,4.920165308472086,-0.48099734502302094,-0.0010067808303760037,0.004394278280674481,0.8767104600673796,0.13725547590303763,0.1280559037717957,0.0006954025844788721,0.00124854813066122,0.0016026685216274927,0.0036208566825735033,10836,356000000,15.05,0,2,4,-6.487019936454632,-1.2351738614375773,4.965579024701857,-6.487019936454632,-1.2351738614375773,4.965579024701857,95.39148569107056
-5.247686411918379,-2.2439551839362215,5.0,-4.999825349635392,-0.01840957691718661,4.920520558400267,-0.4809004105944361,-0.0013076226184882808,0.00441569997783874,0.8767631303875043,0.07635267855222896,0.14499143731894715,-0.0007885105813199474,0.0015916206166366464,0.0022280761413639993,-0.005376037324822391,10836,706000000,15.41,0,2,4,-6.454485155731782,-1.2781704277272183,4.965774387452043,-6.454485155731782,-1.2781704277272183,4.965774387452043,95.68439960479736
-5.174276690478312,-2.274791035281989,5.0,-4.975452802161839,-0.04804198020621191,4.920522393022092,-0.4798541194843263,-0.001635462931521353,0.004447261344214507,0.8773354952020679,0.025806449018858885,0.1580929310267206,-0.002120672583950054,0.0017244581727027253,0.0022854920871395734,-0.016206556574616116,10836,960000000,15.49,0,2,4,-6.429990227321178,-1.308291936132976,4.965882562222667,-6.429990227321178,-1.308291936132976,4.965882562222667,95.97239518165588
-5.174276690478312,-2.274791035281989,5.0,-4.945740795374456,-0.0683187538269305,4.920253999734334,-0.47758012787147963,-0.0019178403828028808,0.004498816568574907,0.8785745864751663,-0.014270255129206705,0.16792924064955952,-0.00339063067116879,0.0017482228486187523,0.0020142190351180034,-0.029760231700493023,10837,213000000,15.41,0,2,4,-6.411598707097647,-1.3406400904437379,4.9659968631392655,-6.411598707097647,-1.3406400904437379,4.9659968631392655,96.20963215827942
-5.09985571543612,-2.3033830891153344,5.0,-4.90646476041276,-0.08398099627785105,4.919662777839674,-0.4733875230488256,-0.00220279567201956,0.004585272971361375,0.88083958584109,-0.0531421681383091,0.1763234506220941,-0.0048496741492595275,0.0017950390997611976,0.0018655919916454877,-0.048242051707347855,10837,428000000,15.14,0,2,4,-6.402268806781585,-1.3784143338111907,4.966097315332563,-6.402268806781585,-1.3784143338111907,4.966097315332563,96.46379566192627
-5.09985571543612,-2.3033830891153344,5.0,-4.85382181892499,-0.09547703916086045,4.918631196048083,-0.466639973322153,-0.002479869730955623,0.0046674594679382946,0.8844315690691579,-0.07570243561261783,0.1782486451945572,-0.005578476308317479,0.0007449930933489668,0.001647552073791303,-0.04895588681392837,10837,663000000,14.57,0,2,4,-6.401196892196056,-1.429601010670876,4.966111863724538,-6.401196892196056,-1.429601010670876,4.966111863724538,96.75968933105469
-5.0244885420965195,-2.3296884399234474,5.0,-4.813360624797992,-0.10486559344024425,4.917916964555456,-0.4626879820190223,-0.002621828377500216,0.0046419531999760105,0.8865051661336288,-0.056738287953776556,0.17155792759006377,-0.004565790467946474,-0.001257926817288535,0.0007250141607073601,-0.02940460544778034,10837,937000000,13.62,0,2,4,-6.407612344024613,-1.4983088118376124,4.966049971886045,-6.407612344024613,-1.4983088118376124,4.966049971886045,97.01332449913025
-5.0244885420965195,-2.3296884399234474,5.0,-4.780739282000673,-0.12097769148679721,4.917518004983494,-0.4615418291460172,-0.0024694118590690237,0.00451915455891181,0.8871034997088509,0.002777484899922175,0.1566878232177406,-0.0026272248382655716,-0.0017046672610376845,-0.0013807923096464947,-0.0002833008250213709,10838,164000000,13.03,0,2,4,-6.412542442947802,-1.5527437160347752,4.966051314120011,-6.412542442947802,-1.5527437160347752,4.966051314120011,97.2619948387146
-4.948242192815196,-2.3536658628116753,5.0,-4.755894601575883,-0.1482208225984325,4.917495740559902,-0.46229498023627635,-0.0022163149647380018,0.004429256594768967,0.8867123664877667,0.06019933400550491,0.14404384346476656,-0.0007233003544306989,-0.0015360386555585137,-0.0016215148320952721,0.012213610261824215,10838,394000000,12.81,0,2,4,-6.412199274850734,-1.6017148768599785,4.966041491600595,-6.412199274850734,-1.6017148768599785,4.966041491600595,97.50769424438477
-4.871185627962738,-2.375275900107432,5.0,-4.740324025535544,-0.18403574391394872,4.91785811834177,-0.46399089206408306,-0.0019763114464883312,0.0043621464162372624,0.8858270248492569,0.10665626572693535,0.13383608107932937,0.0008710346927194577,-0.0013252975236355269,-0.00159023347805487,0.019006717047886923,10838,618000000,12.84,0,2,4,-6.40541740701008,-1.6484917484990782,4.9660539643225645,-6.40541740701008,-1.6484917484990782,4.9660539643225645,97.76778292655945
-4.871185627962738,-2.375275900107432,5.0,-4.732312843489647,-0.22280466693398693,4.918484398814163,-0.4660746509064222,-0.00177164910607454,0.0043194760436527195,0.8847330801821585,0.1391968537407108,0.12681351112634273,0.002086979959281314,-0.0010094721801578999,-0.0015309921650441538,0.02325184705114225,10838,861000000,13.02,0,2,4,-6.39294839717598,-1.6891836609752553,4.966091916005752,-6.39294839717598,-1.6891836609752553,4.966091916005752,98.0216007232666
-4.793389713475383,-2.394480948462829,5.0,-4.72830640059531,-0.27399064831122516,4.919514521501066,-0.4689648523362411,-0.0015618102773242617,0.004302419838751214,0.8832049689655488,0.16626704806610082,0.12062998548432494,0.0031078577751588532,-0.0008087680043900036,-0.0014129191072242975,0.026454309045220725,10839,93000000,13.27,0,2,4,-6.377246387216718,-1.721922928935549,4.9661252835040415,-6.377246387216718,-1.721922928935549,4.9661252835040415,98.30584239959717
-4.793389713475383,-2.394480948462829,5.0,-4.72848444630771,-0.3291635885801478,4.9207510802878325,-0.47209833915531807,-0.0013846436704317909,0.004296858888045232,0.8815343316810708,0.1848494646713392,0.11536940320406204,0.0037096517224637754,-0.0004930045520268322,-0.0011977300118815037,0.028112354993936606,10839,348000000,13.64,0,2,4,-6.354457634693027,-1.7558779018418795,4.9661392144824426,-6.354457634693027,-1.7558779018418795,4.9661392144824426,98.59037971496582
-4.7149271849044485,-2.411245346347941,5.0,-4.73103026638647,-0.3824461185575745,4.922009188736188,-0.47513322300177874,-0.001258714330714412,0.004304638752571742,0.8799024412532251,0.19605858514928742,0.11193558742597291,0.004054392715161882,-0.0005637333856611804,-0.0009827584790400579,0.02885226331272861,10839,604000000,14.06,0,2,4,-6.32787537415741,-1.785577013653919,4.966154604362328,-6.32787537415741,-1.785577013653919,4.966154604362328,98.86950302124023
-4.7149271849044485,-2.411245346347941,5.0,-4.735845253236733,-0.44627937011433794,4.923558121566828,-0.47863560011967243,-0.0011340503253150656,0.0042943493130769275,0.8780024116093975,0.20371480462703886,0.1083281098561711,0.0042803320499465915,-0.00045926481675451214,-0.0007565132762010762,0.027803638477053028,10839,852000000,14.49,0,2,4,-6.300707750361938,-1.8098877723299949,4.966175971184506,-6.300707750361938,-1.8098877723299949,4.966175971184506,99.17993187904358
-4.6358726078780785,-2.425535461820819,5.0,-4.741749079701051,-0.5153574878955677,4.925280766684272,-0.4821124107623931,-0.0010321629628050983,0.004269643824705625,0.8760983553061275,0.20058362510601097,0.10792482525515898,0.004374376968601141,-0.000694620439389837,-0.000510712322920881,0.02305904508830281,10840,133000000,15.01,0,2,4,-6.266334269844982,-1.8351507608399702,4.966235209397762,-6.266334269844982,-1.8351507608399702,4.966235209397762,99.52724313735962
-4.6358726078780785,-2.425535461820819,5.0,-4.743499458394337,-0.5849651982878515,4.92705732233644,-0.48453694880745635,-0.000980724681220326,0.004235561286600072,0.8747599919063785,0.16100982540940328,0.11857186163097863,0.0035928920864047283,0.00022983039968949015,0.0004248763445957593,0.005818152567371726,10840,434000000,15.54,0,2,4,-6.226739463926285,-1.8591843912201962,4.966289424859991,-6.226739463926285,-1.8591843912201962,4.966289424859991,99.89042544364929
-4.556302334890787,-2.437319780454559,5.0,-4.734678257563343,-0.6281877563688919,4.928082415553274,-0.48435395528608693,-0.0010846990238267918,0.004236664501161599,0.8748612004773417,0.1048972196163926,0.13474864351714594,0.0021621204508241393,0.0016551589055779914,0.001350029265267949,-0.008680211794853676,10840,752000000,15.96,0,2,4,-6.182171200793235,-1.8819419047722603,4.966344968249197,-6.182171200793235,-1.8819419047722603,4.966344968249197,100.15162181854248
-4.476294458338724,-2.446568993295677,5.0,-4.716018692414666,-0.6580954040114042,4.9286487239598396,-0.48279899760344464,-0.0013804923871218336,0.0042990127939013835,0.8757195559326489,0.039642819609743696,0.15223686599098213,0.00031511239708118135,0.0018462383195583243,0.002564218038969557,-0.022564195751328953,10840,979000000,16.03,0,2,4,-6.149285044223094,-1.899411453447061,4.966379748688587,-6.149285044223094,-1.899411453447061,4.966379748688587,100.39138555526733
-4.476294458338724,-2.446568993295677,5.0,-4.690338795074225,-0.6771856052924696,4.92883664463736,-0.4802456435465843,-0.0016880166445535838,0.004331333274031114,0.8771217201770822,-0.012275030742087557,0.16567807704588505,-0.001271358053383785,0.0019219908949708042,0.0026616027753334492,-0.034589676215546206,10841,198000000,15.89,0,2,4,-6.124480263459444,-1.9210380120431143,4.966358804815029,-6.124480263459444,-1.9210380120431143,4.966358804815029,100.62052989006042
-4.3959287597209284,-2.4532560847220677,5.0,-4.646393184198897,-0.6921112278625491,4.928619062229381,-0.4750151426496454,-0.002084938843563077,0.004424834718866375,0.8799640266063529,-0.07108314587670442,0.17882220936927273,-0.003526155670462611,0.002256810785183916,0.0024606102670077235,-0.056265504463226534,10841,411000000,15.57,0,2,4,-6.111272010056342,-1.9507613704524083,4.966224820136083,-6.111272010056342,-1.9507613704524083,4.966224820136083,100.89553666114807
-4.3959287597209284,-2.4532560847220677,5.0,-4.592763873164555,-0.6976154443210829,4.927887572120188,-0.4674901596854899,-0.002441440958990489,0.00453599513999992,0.8839832660810774,-0.11768529955832896,0.1860760237024403,-0.005516029887684117,0.0017452629776926187,0.002279812360939104,-0.07230036935652606,10841,662000000,14.84,0,2,4,-6.105712939133829,-2.0021560222276,4.96590117684763,-6.105712939133829,-2.0021560222276,4.96590117684763,101.19606590270996
-4.315286654929753,-2.457356420062667,5.0,-4.537758610547284,-0.6971821247834818,4.9268980379690674,-0.4595092974013047,-0.002699167442043183,0.004577765385609237,0.8881570605253069,-0.1342618239988637,0.1851580286327179,-0.006242526255958501,-0.0007480968235995533,0.0015650325053684355,-0.06778014067094773,10841,931000000,13.76,0,2,4,-6.109918684452304,-2.0647391128142814,4.9654523327062075,-6.109918684452304,-2.0647391128142814,4.9654523327062075,101.44108533859253
-4.315286654929753,-2.457356420062667,5.0,-4.491593364447593,-0.699871869923792,4.926149880758884,-0.45468431349396143,-0.0026745659625664305,0.004441306256984498,0.8906375786806712,-0.09107158329401585,0.17106863655556442,-0.004456196477991945,-0.001985669200621487,-0.00013765640289875591,-0.03709123557200655,10842,158000000,12.61,0,2,4,-6.117619803146663,-2.1271394417725533,4.964994430052119,-6.117619803146663,-2.1271394417725533,4.964994430052119,101.70909595489502
-4.234451135556854,-2.4588478328347407,5.0,-4.448248208444168,-0.7122472826701964,4.925780506762592,-0.45141018854787046,-0.0024272188192061227,0.004258644446669627,0.8923030954958389,-0.03267167184788257,0.1556268786747756,-0.0018658953574738082,-0.0022743615318177035,-0.0012933500784129137,-0.02260412602481665,10842,396000000,11.79,0,2,4,-6.121010019070276,-2.184913757046402,4.964662306516334,-6.121010019070276,-2.184913757046402,4.964662306516334,101.99482154846191
-4.234451135556854,-2.4588478328347407,5.0,-4.416020444837533,-0.7338875012171971,4.925991533658784,-0.4491937802885978,-0.0021373800071439507,0.00409712799759453,0.8934224045203453,0.015363536336120167,0.14399208156773463,0.0004264727287371516,-0.001945916301338002,-0.0013643958482134622,-0.015171451923379209,10842,648000000,11.35,0,2,4,-6.115392299717241,-2.23279825616019,4.9643905698256905,-6.115392299717241,-2.23279825616019,4.9643905698256905,102.29643845558167
-4.153506706144404,-2.457710711448501,5.0,-4.395609051036321,-0.7581432379650123,4.926535189366884,-0.4480498932456303,-0.0019139177127550165,0.00399032057795379,0.8939975992267837,0.04802762390961921,0.13714699150094636,0.0018582365993854769,-0.0015244624819388264,-0.00130512959231055,-0.007873834374549915,10842,902000000,10.97,0,2,4,-6.099662770757919,-2.274298102158849,4.964173170611929,-6.099662770757919,-2.274298102158849,4.964173170611929,102.55557346343994
-4.072539317315207,-2.4539280852224348,5.0,-4.380229788922424,-0.786815320402246,4.927335985180668,-0.447822130416331,-0.001717195667875401,0.003921771798639233,0.894112414886616,0.07474029619095338,0.13149458264975583,0.0029711614888033528,-0.0012523244549811352,-0.001269503957246343,0.001624502579034015,10843,134000000,10.76,0,2,4,-6.079745407488146,-2.302267760264774,4.964047649796426,-6.079745407488146,-2.302267760264774,4.964047649796426,102.78672313690186
-4.072539317315207,-2.4539280852224348,5.0,-4.369575966247319,-0.8158595965958473,4.928251760811761,-0.4482927835306155,-0.0015563907107274098,0.0038726030805871555,0.8938770389867435,0.09270854145203566,0.12804355999930944,0.0038399526223427093,-0.0010831414783751825,-0.0011702580877681612,0.007676803852518788,10843,349000000,10.68,0,2,4,-6.054848412729019,-2.3246630116789055,4.963961616272274,-6.054848412729019,-2.3246630116789055,4.963961616272274,103.01387453079224
-3.991636294719297,-2.447485709546427,5.0,-4.358194535372808,-0.8598491130583967,4.929792167178299,-0.44963745325761567,-0.0013707218249510073,0.0038071703411669757,0.893201985669354,0.10918681737226485,0.12490121737339703,0.00482439098860139,-0.0010582700156192004,-0.000899804371101709,0.01310110101258033,10843,554000000,10.71,0,2,4,-6.028551794996949,-2.340835092994449,4.963901323155563,-6.028551794996949,-2.340835092994449,4.963901323155563,103.31422066688538
-3.991636294719297,-2.447485709546427,5.0,-4.3512661671464965,-0.8962194379379627,4.931162543483971,-0.4510502448759346,-0.0012503142609402453,0.0037505395421225086,0.892489802050842,0.11831178989744766,0.12260978313319275,0.005377761928623414,-0.0007667339104955317,-0.0006951197406124265,0.015255145626724698,10843,826000000,10.87,0,2,4,-5.987029559538613,-2.3578136139708974,4.963834873181468,-5.987029559538613,-2.3578136139708974,4.963834873181468,103.55744051933289
-3.9108862637393114,-2.438372150023384,5.0,-4.345947505391951,-0.9301645612213938,4.9324927674353685,-0.45246060776344343,-0.0011761458604149008,0.003716115767522109,0.8917758718348756,0.12337945637230763,0.12132781688578838,0.005715648051120149,-0.0005975931173907156,-0.0004701238879079028,0.01617396865185583,10844,42000000,11.05,0,2,4,-5.951239820372737,-2.367288096099162,4.9637777283376225,-5.951239820372737,-2.367288096099162,4.9637777283376225,103.78669500350952
-3.9108862637393114,-2.438372150023384,5.0,-4.341218812589301,-0.964572588501722,4.933884300503971,-0.45392224470576603,-0.0011224250499275023,0.0036829157945217706,0.891032980340535,0.12650333261424915,0.11984341083835896,0.0060097372440698895,-0.0005282355914459913,-0.0003270387310294609,0.016523660815437324,10844,249000000,11.25,0,2,4,-5.916863121430248,-2.3735275923221213,4.963721956901646,-5.916863121430248,-2.3735275923221213,4.963721956901646,104.01357197761536
-3.8303790699016456,-2.4265788654137266,5.0,-4.335886965867071,-1.006035543188515,4.935606552097558,-0.4556319890714511,-0.0010729095613879814,0.0036267177214838247,0.890160202614358,0.12718582662679287,0.11886755582966495,0.006190330135529677,-0.0005660451108724374,-0.00014218819472944233,0.015628874280082528,10844,456000000,11.47,0,2,4,-5.881034710724769,-2.3779076730967685,4.963664847294471,-5.881034710724769,-2.3779076730967685,4.963664847294471,104.26439070701599
-3.8303790699016456,-2.4265788654137266,5.0,-4.330173331686245,-1.0507843309673008,4.937511969181465,-0.45739752057150146,-0.001038842528474295,0.0035724554597607243,0.8892545566614949,0.1263989623858251,0.11788549361004017,0.006355236611448875,-0.00044670502745702834,-6.82559864628729e-05,0.01472071844546008,10844,683000000,11.73,0,2,4,-5.8366117805153745,-2.3811685739523414,4.96359567554539,-5.8366117805153745,-2.3811685739523414,4.96359567554539,104.56530928611755
-3.7502056949456506,-2.412100289200765,5.0,-4.323028080166746,-1.0978619165011967,4.939575907130504,-0.45885435584225315,-0.0010262313172790904,0.0035326685207763497,0.8885038813798154,0.10644803636615656,0.12150205169700097,0.005936477739263158,3.451386021424696e-05,0.0002745855937291708,1.4755776334141046e-05,10844,950000000,12.02,0,2,4,-5.787449443499239,-2.3830917245907908,4.963520163123635,-5.787449443499239,-2.3830917245907908,4.963520163123635,104.88076639175415
-3.7502056949456506,-2.412100289200765,5.0,-4.310906844144922,-1.1288520536658013,4.94095493155627,-0.45775466099754375,-0.0010761817280250342,0.0035337952187288095,0.8890708770729496,0.057654367061054514,0.13197113306369668,0.004424443120267349,0.0016519668633918627,0.0008934386528380855,-0.02163350181945134,10845,224000000,12.28,0,2,4,-5.737721039315512,-2.388004954010326,4.963453727248123,-5.737721039315512,-2.388004954010326,4.963453727248123,105.12301874160767
-3.6704581685088824,-2.39493390958863,5.0,-4.287622434305705,-1.149579061286464,4.941811715804646,-0.4541833663187823,-0.0013664329580614096,0.003654795526480622,0.8908996829553647,-0.022486459725505056,0.14838160155628152,0.0014159975472599405,0.002362052669013792,0.0025261209657401196,-0.0466848516225582,10845,444000000,12.18,0,2,4,-5.706118799910878,-2.3994368823246592,4.963419109637914,-5.706118799910878,-2.3994368823246592,4.963419109637914,105.36278295516968
-3.6704581685088824,-2.39493390958863,5.0,-4.2523550503477185,-1.1592411350604805,4.942081418533516,-0.4488414746460099,-0.0017205678935730202,0.00376036825811477,0.8936018296278729,-0.0915775011912617,0.16064131402172388,-0.0012348769192596387,0.002430120548524428,0.0027078048333351035,-0.060954178115935065,10845,663000000,11.73,0,2,4,-5.684909789621452,-2.421473046393796,4.963337583142803,-5.684909789621452,-2.421473046393796,4.963337583142803,105.62958812713623
-3.5912294753923018,-2.375080347738145,5.0,-4.188407638956916,-1.1576950332848488,4.941616975820848,-0.43937133480074,-0.0021973625291260477,0.0039006017147438185,0.8982943766158142,-0.16711028337126604,0.16996316737277395,-0.0045137165519366276,0.0019114467136205349,0.0027369971576263197,-0.0786303928180132,10845,895000000,11.03,0,2,4,-5.672464176876347,-2.452720923709032,4.9631823384830245,-5.672464176876347,-2.452720923709032,4.9631823384830245,105.9650948047638
-3.5912294753923018,-2.375080347738145,5.0,-4.107257423667871,-1.1435408319487355,4.940357700961317,-0.42761189613484685,-0.0025897983501090224,0.003910281092223859,0.9039502579955637,-0.19965012636192786,0.16724600548565544,-0.0058305043613036565,-0.0004544788964722102,0.002216300731561205,-0.07483176523237489,10846,196000000,9.76,0,2,4,-5.666447661916394,-2.506956506141748,4.962880315383187,-5.666447661916394,-2.506956506141748,4.962880315383187,106.31706690788269
-3.5126134583758732,-2.352543434039778,5.0,-4.033525756799435,-1.131123129169626,4.939353831942726,-0.41855800766535134,-0.0026895808864066946,0.0036849528889029344,0.9081786066055914,-0.16863261933724003,0.1549512073825295,-0.0041732704193286115,-0.00274909612016927,4.575215391544596e-05,-0.056961858717841096,10846,510000000,8.16,0,2,4,-5.669718734429348,-2.5752907932343923,4.962415564987062,-5.669718734429348,-2.5752907932343923,4.962415564987062,106.67799139022827
-3.434704716561925,-2.3273302822166575,5.0,-3.9766329893978964,-1.1286409202191012,4.938944850538792,-0.41221694242916707,-0.0023931124198502424,0.0034428105366948103,0.9110760739054138,-0.11428990877243912,0.14173733725796483,-0.0018510912904321675,-0.002252891295029258,-0.0015505446185670735,-0.04568670810840558,10846,813000000,6.92,0,2,4,-5.669354157816722,-2.635622668964984,4.961983834041009,-5.669354157816722,-2.635622668964984,4.961983834041009,106.98603677749634
-3.434704716561925,-2.3273302822166575,5.0,-3.9342003490358874,-1.1344595726872313,4.939053007305021,-0.407068859749229,-0.0020674381582293745,0.0033022046851334573,0.9133891638103343,-0.07254731685512739,0.13294094140850046,0.00011843013353550044,-0.001854159495451313,-0.0016715228184693842,-0.04046326503157616,10847,78000000,6.03,0,2,4,-5.655257032620716,-2.6771708793519946,4.961631346349206,-5.655257032620716,-2.6771708793519946,4.961631346349206,107.29160070419312
-3.357598499230817,-2.2994513610445213,5.0,-3.9020560654643335,-1.1454143153164564,4.939520860124079,-0.40296099943850455,-0.001798059091333834,0.003199117386922159,0.9152097931966037,-0.04216008440401081,0.12736555897209564,0.0015995147031868501,-0.0017013356568895688,-0.0014735634636053874,-0.03341135125083383,10847,344000000,5.32,0,2,4,-5.630424902307881,-2.703114958859618,4.961344122415063,-5.630424902307881,-2.703114958859618,4.961344122415063,107.55342602729797
-3.2813905952014384,-2.2689205634695666,5.0,-3.877337804139565,-1.1592652509591068,4.94019717148993,-0.4000922548742753,-0.0015805113863992062,0.003106781318935024,0.9164682413936729,-0.019534913357569045,0.1236872794547332,0.0026516395320562857,-0.001441628955944907,-0.0012631998515644227,-0.024221769854193553,10847,578000000,4.74,0,2,4,-5.599029502259678,-2.7179215609009093,4.9610994992112225,-5.599029502259678,-2.7179215609009093,4.9610994992112225,107.81699705123901
-3.2813905952014384,-2.2689205634695666,5.0,-3.8543086693558477,-1.1775908582252217,4.941158219583238,-0.39795341965277603,-0.001388074665486805,0.003020115873326788,0.9173996010111929,-0.001307716472844,0.12119743844011752,0.0036200730607166337,-0.0011876943517563632,-0.0009805907097870659,-0.01571518096170621,10847,812000000,4.34,0,2,4,-5.564405304761862,-2.7249544609628016,4.960870587442019,-5.564405304761862,-2.7249544609628016,4.960870587442019,108.08293747901917
-3.2061772176970886,-2.2357552728992647,5.0,-3.831033284521037,-1.2019798616829929,4.9425285393125025,-0.3964267303300557,-0.0012195832186075151,0.00293756979100279,0.9180608535278676,0.013268327003847957,0.11933636288572373,0.004509947333273614,-0.0007739406044038333,-0.0007326010972974473,-0.008572720889787888,10848,53000000,4.04,0,2,4,-5.5215307104967195,-2.726678922737107,4.96059473833522,-5.5215307104967195,-2.726678922737107,4.96059473833522,108.382404088974
-3.2061772176970886,-2.2357552728992647,5.0,-3.811994310466945,-1.226654160628621,4.943975759857993,-0.395679054996903,-0.0011059070540494595,0.002888660292191075,0.9183836442620599,0.022919161645346565,0.11765169441830589,0.005091056771464949,-0.00062467804013977,-0.0004878951926912123,-0.004379269239507266,10848,320000000,3.82,0,2,4,-5.466229724311886,-2.7224037750373515,4.960210466233364,-5.466229724311886,-2.7224037750373515,4.960210466233364,108.6734721660614
-3.1320548847261422,-2.1999764264355766,5.0,-3.795862579188197,-1.2504423509945444,4.945425669400525,-0.39534095813176795,-0.0010376476072702966,0.0028400626934888405,0.9185294683105141,0.02819058597518508,0.11630733005641289,0.0054472296127563635,-0.000681358841347901,-0.00028508125353710057,-0.0018493331481295172,10848,577000000,3.72,0,2,4,-5.411224599110497,-2.7139194217863745,4.9597692002254945,-5.411224599110497,-2.7139194217863745,4.9597692002254945,108.95031118392944
-3.1320548847261422,-2.1999764264355766,5.0,-3.7819466171213594,-1.2727172946836607,4.946779472859311,-0.39525688832477535,-0.0009832837485295595,0.0027865731459360615,0.9185658715601119,0.031325052319581645,0.11495822665691632,0.005473385121894384,-0.0007072103130667529,-0.00021502991103261593,-0.0002892896048933835,10848,819000000,3.67,0,2,4,-5.358202985344222,-2.703164766360185,4.959293383009085,-5.358202985344222,-2.703164766360185,4.959293383009085,109.22028112411499
-3.0591202949960317,-2.1616085748145166,5.0,-3.769685032732337,-1.2930404753906533,4.948022226209735,-0.3952373258299868,-0.0009422439060266226,0.0027295213736461222,0.918574503325807,0.03187980940048343,0.11394973737510408,0.005580520915600052,-0.0007013442200332065,-0.00010159082322047652,-0.0001278891794243009,10849,41000000,3.67,0,2,4,-5.308283305928476,-2.691444575975298,4.958809742512035,-5.308283305928476,-2.691444575975298,4.958809742512035,109.46026659011841
-3.0591202949960317,-2.1616085748145166,5.0,-3.7552098506286686,-1.3172875213375286,4.949517758491951,-0.3952547987766179,-0.000905349087129719,0.002651350595678941,0.9185672510639078,0.031541783241134685,0.11273457486845795,0.005570506933408782,-0.0006503182362394,1.9058751554723585e-05,8.334963297329523e-05,10849,248000000,3.68,0,2,4,-5.262052383729712,-2.6795782605761587,4.958336970795693,-5.262052383729712,-2.6795782605761587,4.958336970795693,109.73123931884766
-2.987470199388719,-2.1206799388106825,5.0,-3.738237044904078,-1.3450060475034078,4.951252068719023,-0.3952045012010337,-0.0008783448981576072,0.002576672892152053,0.9185891309489183,0.02893936600840739,0.11145447349535054,0.005557963329640507,-0.000494310842213963,3.871464286930859e-05,-0.0006783060598536395,10849,488000000,3.69,0,2,4,-5.207469998179069,-2.6658494629006286,4.9577608284924635,-5.207469998179069,-2.6658494629006286,4.9577608284924635,110.04334568977356
-2.987470199388719,-2.1206799388106825,5.0,-3.7203385490986944,-1.3712855642353763,4.9529554676697005,-0.39482866042701964,-0.0009028057637291022,0.0025259506935321548,0.9187508549221881,0.005079766888843322,0.1117319839439596,0.005088850657366884,0.0003396316543557987,0.0016245585470642254,-0.013260654213809175,10849,773000000,3.69,0,2,4,-5.1516870160151536,-2.657089567962875,4.957163992486365,-5.1516870160151536,-2.657089567962875,4.957163992486365,110.3591697216034
-2.917201268036015,-2.0772224618603534,5.0,-3.693578517275765,-1.3860607768474613,4.954229983184055,-0.3917596475243172,-0.0012403424352660157,0.0024536749905203683,0.9200634867232296,-0.06780246637754425,0.1158539486977291,0.0030873267815574633,0.0013417461559583899,0.003129461651951715,-0.03848863525490742,10850,57000000,3.56,0,2,4,-5.107094718091102,-2.6620556784445872,4.956641667935116,-5.107094718091102,-2.6620556784445872,4.956641667935116,110.63895726203918
-2.8484099530437836,-2.0312718586519574,5.0,-3.6461715642829797,-1.385024534629975,4.954686745178974,-0.3850122040242619,-0.0016903965787355233,0.002470073247002891,0.9229066280236269,-0.16715333445947017,0.12039269455455374,-0.001166311572967173,0.001253194488981535,0.0029313188406376867,-0.06152149144327268,10850,310000000,3.23,0,2,4,-5.082750683613521,-2.6768663764770255,4.95629515822453,-5.082750683613521,-2.6768663764770255,4.95629515822453,110.94437217712402
-2.8484099530437836,-2.0312718586519574,5.0,-3.5653090264142007,-1.3629271445920448,4.953928487339458,-0.3745830217765907,-0.0021380437419374274,0.0024348087161466976,0.9271877157685984,-0.2464432753280089,0.1193483730057194,-0.004665069692450488,4.664036934443061e-07,0.0025353019964313717,-0.06622675573453307,10850,591000000,2.37,0,2,4,-5.06507963813537,-2.7044090654039996,4.95590057136031,-5.06507963813537,-2.7044090654039996,4.95590057136031,111.3336751461029
-2.781192346925178,-1.982867659428194,5.0,-3.489594770014635,-1.3363611781887166,4.952836800584899,-0.3662117055707319,-0.002387316289360121,0.0023027016496253573,0.9305256498286454,-0.26091176101200686,0.11395765929136936,-0.0052818174807538485,-0.0013788125102109916,0.001297049254844751,-0.05811514347442426,10850,937000000,1.01,0,2,4,-5.055102392714121,-2.7520091828047177,4.955296483560044,-5.055102392714121,-2.7520091828047177,4.955296483560044,111.65376305580139
-2.715644036814797,-1.9320532497399265,5.0,-3.4236953174047553,-1.3147186471409187,4.951982514701526,-0.3600482664171278,-0.0023470625838658645,0.0021322496206822926,0.9329282880579854,-0.22392445531275454,0.10678581118633894,-0.003928302462852288,-0.001842366452819988,-0.0006205310796758567,-0.04660051490645856,10851,212000000,0.21,0,2,4,-5.054549688008239,-2.7925618760464275,4.954731154043354,-5.054549688008239,-2.7925618760464275,4.954731154043354,111.93879985809326
-2.715644036814797,-1.9320532497399265,5.0,-3.3710323438861094,-1.3008679390854523,4.951499242383957,-0.3550684051533754,-0.0021105877405249397,0.002010213803933636,0.9348357781566183,-0.18272539150304482,0.10090188445438855,-0.002423213027664688,-0.0015592846352774359,-0.001725709830679989,-0.04245150885253679,10851,461000000,0.78,0,2,4,-5.0520460275677435,-2.83060755513034,4.954194890506801,-5.0520460275677435,-2.83060755513034,4.954194890506801,112.21446537971497
-2.651859954547784,-1.8788759053881385,5.0,-3.3258322591439162,-1.2925888624439683,4.95129244853097,-0.3505347740695238,-0.0018421727427027658,0.0019370502092333679,0.9365459019205095,-0.14824346679487493,0.096354564484555,-0.0011513867670899882,-0.0012725237411359558,-0.0017446230913265026,-0.03782329586101696,10851,707000000,1.39,0,2,4,-5.040094399181521,-2.8555213272832702,4.953726466291769,-5.040094399181521,-2.8555213272832702,4.953726466291769,112.47233557701111
-2.651859954547784,-1.8788759053881385,5.0,-3.286877380775904,-1.2889008568821863,4.951321265443218,-0.34666377693446515,-0.0016039649424674145,0.0018833542334153908,0.9379861971451531,-0.12004415732956682,0.09288014369935704,-9.231748434249882e-05,-0.0010332558417758264,-0.0014938996741875599,-0.031010263046482578,10851,939000000,1.95,0,2,4,-5.016415797170646,-2.868276313715726,4.9532368170099765,-5.016415797170646,-2.868276313715726,4.9532368170099765,112.75204753875732
-2.589934222700604,-1.8233868222867717,5.0,-3.2501814627125336,-1.28892867190682,4.95158089972105,-0.34333754702710445,-0.0013920347811811505,0.0018318010737544935,0.9392092607855849,-0.09668864343077294,0.09031443654368261,0.0008927518071738964,-0.0009980019058275502,-0.0012106892540941772,-0.02356722343392903,10852,188000000,2.44,0,2,4,-4.9825767710698505,-2.8705748340521224,4.952735497629602,-4.9825767710698505,-2.8705748340521224,4.952735497629602,113.02802991867065
-2.589934222700604,-1.8233868222867717,5.0,-3.222698237606149,-1.2915307382018997,4.9519778942565615,-0.3412040827240942,-0.001239654130673228,0.0017836314019128718,0.9399867317409686,-0.08091858820602779,0.08860812697373882,0.0016582049935188578,-0.0006922552074684063,-0.0009897832001115603,-0.01829182729125023,10852,437000000,2.87,0,2,4,-4.936664545570921,-2.86342739118951,4.952174969447418,-4.936664545570921,-2.86342739118951,4.952174969447418,113.28840708732605
-2.5299599967034996,-1.7656411409762818,5.0,-3.1977157241113003,-1.2958320418053395,4.9525038775805825,-0.33954929319477145,-0.0011260794486270508,0.0017533035697183939,0.9405859532028951,-0.0694255655425689,0.08693673473829079,0.0022069272254842754,-0.0008007171743429353,-0.0007575525785341597,-0.014094746711634798,10852,665000000,3.15,0,2,4,-4.892045273414372,-2.8511498046396118,4.951679823973849,-4.892045273414372,-2.8511498046396118,4.951679823973849,113.54434561729431
-2.472029303148281,-1.7056979655151356,5.0,-3.1707555814166204,-1.3025226649033586,4.9532550201781165,-0.33813235224897403,-0.0009978935043516348,0.001684222015564639,0.9410965306318644,-0.05880357368179491,0.08504541575653986,0.002723266494413576,-0.0008991159916149627,-0.000642212353341165,-0.009717571174405748,10852,894000000,3.37,0,2,4,-4.843556613347808,-2.8345024560518866,4.951148341742391,-4.843556613347808,-2.8345024560518866,4.951148341742391,113.83651328086853
-2.472029303148281,-1.7056979655151356,5.0,-3.1476356799563714,-1.3096501738875115,4.954032468855036,-0.33717596077524464,-0.0009021712401384237,0.0016114467811913541,0.9414398338723591,-0.05300770532885919,0.08334421740263595,0.0030508858748455807,-0.0008992416326236707,-0.00042141047629229433,-0.007566625890831347,10853,142000000,3.57,0,2,4,-4.782647544371293,-2.810476156107907,4.950453174020326,-4.782647544371293,-2.810476156107907,4.950453174020326,114.10433197021484
-2.416232874429461,-1.6436203764744557,5.0,-3.129188479409611,-1.315868316963126,4.954741468765803,-0.33651620869590576,-0.0008416242954007267,0.001544290256560675,0.9416760314041568,-0.05037740348100787,0.08185711725421012,0.0033688330190787515,-0.0007707508302701171,-0.0002681624266642757,-0.006550516718561994,10853,379000000,3.7,0,2,4,-4.724044328306337,-2.785151329446962,4.949744515592126,-4.724044328306337,-2.785151329446962,4.949744515592126,114.3358428478241
-2.416232874429461,-1.6436203764744557,5.0,-3.1095601310101277,-1.3227819443304873,4.95558361908326,-0.3359337283468266,-0.0007918124552310587,0.0014792476092938445,0.9418841303570977,-0.048306464629752285,0.07988076430197234,0.0036511607624982014,-0.0007690018776429497,-0.00016459259626344647,-0.0050442353312973864,10853,582000000,3.79,0,2,4,-4.674002539514925,-2.7622958627101,4.9491013242611,-4.674002539514925,-2.7622958627101,4.9491013242611,114.62577247619629
-2.3626599798714096,-1.579475437759419,5.0,-3.0904058483285084,-1.329491269746589,4.95646434468703,-0.3354426708691052,-0.0007534733780939825,0.00140633491806033,0.9420592704602866,-0.04803045886710308,0.07767276350459261,0.003779082251489838,-0.0007780394469136809,-6.821359690434292e-05,-0.004481190580918337,10853,811000000,3.87,0,2,4,-4.6186281708963595,-2.7363025556359895,4.948354281683739,-4.6186281708963595,-2.7363025556359895,4.948354281683739,114.85124397277832
-2.3626599798714096,-1.579475437759419,5.0,-3.0749899389691335,-1.334753562917576,4.957191433179892,-0.3350900166135127,-0.0007221873963357726,0.0013434550870869632,0.9421848833109927,-0.04783355032427468,0.07602512996559452,0.003780980031340195,-0.0007205677889032813,-9.531922344763188e-05,-0.0039492158521170495,10854,18000000,3.95,0,2,4,-4.564794739423711,-2.7113161676660997,4.947620358987052,-4.564794739423711,-2.7113161676660997,4.947620358987052,115.06697988510132
-2.311398253509508,-1.5133341969800527,5.0,-3.051215089986939,-1.3423062512450008,4.958317084781718,-0.3346152456650398,-0.0006793498244604904,0.001219442240967682,0.9423538023550189,-0.0497337563409191,0.07313079264923211,0.0037842631918871945,-0.0008486790989081783,7.174726022185496e-05,-0.0033120631542260526,10854,215000000,4.01,0,2,4,-4.524204565867379,-2.6938537801840328,4.947057306973087,-4.524204565867379,-2.6938537801840328,4.947057306973087,115.36969470977783
-2.311398253509508,-1.5133341969800527,5.0,-3.0274566052616616,-1.3488791471901929,4.959434134645025,-0.3341868051392074,-0.0006629159143610561,0.0011088749980486183,0.9425059735670531,-0.05447525360588691,0.07027884770128442,0.0037339304053607414,-0.0008208028134504275,0.0004782175778927922,-0.003681580847114674,10854,485000000,4.11,0,2,4,-4.469996411663671,-2.674642127227307,4.946274873380516,-4.469996411663671,-2.674642127227307,4.946274873380516,115.6771411895752
-2.26253351870906,-1.445271679093754,5.0,-3.00173773952268,-1.3527554501014905,4.960499724357485,-0.3335207307339159,-0.0007458721195986515,0.0009593867064869097,0.9427419824228913,-0.07960233227929084,0.06657310170555283,0.003280021897639593,-0.0009748928619046637,0.001857729500898131,-0.008862522827257635,10854,764000000,4.22,0,2,4,-4.42933169675477,-2.667555130450239,4.945624315554817,-4.42933169675477,-2.667555130450239,4.945624315554817,115.98170566558838
-2.26253351870906,-1.445271679093754,5.0,-2.9671948747547456,-1.347924067239277,4.961327850286542,-0.3317861179264456,-0.0010258345048850322,0.0007139297960124195,0.9433538095111045,-0.13520303417437557,0.0612766592168852,0.002012310681488276,-0.001263204728729761,0.0028094565550418338,-0.017216859487234615,10855,40000000,4.35,0,2,4,-4.401347559290573,-2.671681863211889,4.945085128314323,-4.401347559290573,-2.671681863211889,4.945085128314323,116.32606768608093
-2.216149609821941,-1.3753668730420945,5.0,-2.9133901753114007,-1.328693062595446,4.961822182730261,-0.32876320204550746,-0.0013774214899968497,0.0004208665736669155,0.94441128887903,-0.19510985108947965,0.05469847266777259,0.00044435225551424015,-0.0007439043940848933,0.0024213031565523124,-0.020679711451521143,10855,333000000,4.6,0,2,4,-4.3837832779752555,-2.684775254749662,4.944589697989879,-4.3837832779752555,-2.684775254749662,4.944589697989879,116.68780040740967
-2.1723281910977024,-1.303702711105489,5.0,-2.857894464264552,-1.3035913857979322,4.962011426172016,-0.3261353423170004,-0.0016015850708267366,0.00023125861455910437,0.9453217018224469,-0.215262520754243,0.05028697909736376,-0.00014607560406842678,-0.0010764694138742925,0.0010961356110783527,-0.01682866241026204,10855,643000000,4.99,0,2,4,-4.3736210938449895,-2.707862144824184,4.943972609134115,-4.3736210938449895,-2.707862144824184,4.943972609134115,117.01879072189331
-2.1723281910977024,-1.303702711105489,5.0,-2.814828398686328,-1.2837086219957068,4.962136494361931,-0.32466346763015463,-0.0016153389747615167,0.00011736758439311404,0.9458282136261372,-0.20394649157786726,0.04830768870628256,-7.665075448088225e-05,-0.0007552204351668479,-8.237649140596659e-05,-0.012301940842007753,10855,930000000,5.31,0,2,4,-4.371833474215913,-2.7336026130863607,4.943335626353151,-4.371833474215913,-2.7336026130863607,4.943335626353151,117.26984238624573
-2.1311485730830233,-1.230366040701051,5.0,-2.7683755822984684,-1.2632049297262458,4.9623061339582195,-0.323377180715792,-0.0014742909159711165,8.571725670023281e-05,0.9462689988112011,-0.17648926717904573,0.04632511286826206,0.0001658006758283679,-0.0005193817401050183,-0.0013963989204057725,-0.009074886020243866,10856,154000000,5.48,0,2,4,-4.37294733678501,-2.7553275484486695,4.942757667721408,-4.37294733678501,-2.7553275484486695,4.942757667721408,117.5450189113617
-2.0926875267610416,-1.1554475883514095,5.0,-2.7304852376984567,-1.2477567797949776,4.962483127002251,-0.32246240408777566,-0.0012862633870296216,8.9198168909928e-05,0.9465813940280665,-0.15396781337396004,0.044778389632114904,0.00033439113976211764,-0.0005752763513555692,-0.0014489031173070543,-0.006973469589865999,10856,399000000,5.64,0,2,4,-4.365249534087154,-2.771252624301177,4.942178835674415,-4.365249534087154,-2.771252624301177,4.942178835674415,117.81611013412476
-2.0926875267610416,-1.1554475883514095,5.0,-2.6965933329740848,-1.2349462714412665,4.962655683443344,-0.32180316067489895,-0.001117382082462874,7.758264711865757e-05,0.9468059311273138,-0.136559635229557,0.04285529478727998,0.0003980397904697557,-0.0006322649880985409,-0.001180120693788922,-0.004661671482608654,10856,641000000,5.75,0,2,4,-4.345366702125082,-2.7727302796830062,4.94168888592286,-4.345366702125082,-2.7727302796830062,4.94168888592286,118.10748076438904
-2.057019095700143,-1.0790419155556983,5.0,-2.6634114760408916,-1.2230899839693836,4.962853118283313,-0.3213834439294545,-0.0009610208357870252,4.833468546614687e-05,0.9469486554564372,-0.12239911937785171,0.04038290929354569,0.0005220219107423543,-0.0006767039508304151,-0.0009742356610331626,-0.0022739892983736354,10856,895000000,5.83,0,2,4,-4.314117843889613,-2.7625719561698556,4.941207857758045,-4.314117843889613,-2.7625719561698556,4.941207857758045,118.38647770881653
-2.057019095700143,-1.0790419155556983,5.0,-2.6354780990645246,-1.2135469392294023,4.963031286236863,-0.32123830023148,-0.0008356484402402024,9.89673951064566e-06,0.946998023259884,-0.11180611336873306,0.038178830970608715,0.0005425966803149601,-0.0007122858221464412,-0.0007737346038538817,-0.0003239614756012088,10857,141000000,5.9,0,2,4,-4.270139769453876,-2.741133610135735,4.940722656167137,-4.270139769453876,-2.741133610135735,4.940722656167137,118.65838742256165
-2.024214406500245,-1.0012473662980699,5.0,-2.6116543825353453,-1.2055333297665378,4.9632025778788496,-0.3212961277928805,-0.000744724553740782,-3.559965493856452e-05,0.9469784804224983,-0.10490220375615582,0.035942132184364504,0.0006461355439223512,-0.0005944770578025782,-0.0005542239534861437,0.0012117143569412292,10857,391000000,5.94,0,2,4,-4.222691268465885,-2.713942989433901,4.940269722533197,-4.222691268465885,-2.713942989433901,4.940269722533197,118.89636540412903
-2.024214406500245,-1.0012473662980699,5.0,-2.591228507138621,-1.1986622050504245,4.963370873963278,-0.32147440971690405,-0.0006817923565123065,-7.149318147905498e-05,0.946918018597743,-0.09944181864758332,0.03401199733260761,0.0007237803902861178,-0.0005436046990325849,-0.00042171598124696175,0.00234518186061905,10857,609000000,5.95,0,2,4,-4.175026238275501,-2.684191087213284,4.9398241645383765,-4.175026238275501,-2.684191087213284,4.9398241645383765,119.09984159469604
-1.994341477843458,-0.9221660059343091,5.0,-2.571765947436448,-1.1919623877004206,4.96354962842783,-0.32177361669217824,-0.0006222759017190627,-0.00013241472092226456,0.9468164208757044,-0.09598403975646062,0.031587228604486185,0.0007902969201877593,-0.0007265970111802744,-0.00032338776634333044,0.003706983216034132,10857,799000000,5.94,0,2,4,-4.1292848084144405,-2.654110815769764,4.939407423343618,-4.1292848084144405,-2.654110815769764,4.939407423343618,119.33886694908142
-1.994341477843458,-0.9221660059343091,5.0,-2.55127972303897,-1.1846317253180498,4.963756738989365,-0.3222086857825433,-0.0005694574021261863,-0.00019251661658322645,0.9466684749488101,-0.092640864330196,0.029226202989584164,0.0008514393342335041,-0.0008104459311653045,-0.00024219816054937837,0.004512813211476896,10858,11000000,5.93,0,2,4,-4.082646149742943,-2.6224960406340547,4.938990160807056,-4.082646149742943,-2.6224960406340547,4.938990160807056,119.58582973480225
-1.9674650284751696,-0.8419035512031989,5.0,-2.5333429182214515,-1.1778300538775133,4.963953351887693,-0.32266351798079473,-0.0005213521331556294,-0.0002678958513255109,0.9465135554169434,-0.09107656962972775,0.02661040908070687,0.0008990438011472831,-0.0008028171691876196,-0.00018722100207924086,0.00500443670716777,10858,232000000,5.9,0,2,4,-4.033151650981337,-2.5886754501589175,4.93852443308124,-4.033151650981337,-2.5886754501589175,4.93852443308124,119.80084490776062
-1.9674650284751696,-0.8419035512031989,5.0,-2.5125191029155727,-1.1693947879533442,4.964197644071845,-0.32328540609650575,-0.0004748696564720631,-0.0003457015296919322,0.9463013268479965,-0.08957361415598072,0.0238504088274811,0.0009213008692996818,-0.0007951342240630765,-0.00011072937198264299,0.005892054332434782,10858,429000000,5.87,0,2,4,-3.9923332417230437,-2.5613092531080386,4.93810084352437,-3.9923332417230437,-2.5613092531080386,4.93810084352437,120.07650399208069
-1.943646284461102,-0.7605692911164427,5.0,-2.4889636450580035,-1.1588897403605993,4.964465715825568,-0.32412532958845214,-0.000436020650362395,-0.0004390072915657114,0.9460139469784616,-0.08928733376720918,0.020205129875016128,0.000820195684349452,-0.0006287005419380876,-7.50323039255818e-06,0.006612356310142786,10858,675000000,5.83,0,2,4,-3.9502005840163714,-2.5342543724625735,4.937597942892182,-3.9502005840163714,-2.5342543724625735,4.937597942892182,120.37463903427124
-1.943646284461102,-0.7605692911164427,5.0,-2.4676731174935833,-1.1485096325822588,4.964690624941731,-0.32495826604880873,-0.00041155408782156996,-0.000516720174816516,0.9457281263397243,-0.08981735727154086,0.017254763600960604,0.0007405555952914743,-0.000833546943113106,8.66030646307081e-05,0.007037838895485038,10858,947000000,5.78,0,2,4,-3.912338466407074,-2.512307094190533,4.9370194309202615,-3.912338466407074,-2.512307094190533,4.9370194309202615,120.67433834075928
-1.9229427860856978,-0.6782759984892262,5.0,-2.444667194374904,-1.135984932767096,4.964916960463478,-0.32593063904488745,-0.00040542888936766675,-0.0006377574943822017,0.9453933823676708,-0.09692123297885319,0.013410637642631496,0.0007560230718235703,-0.0010045717999673798,0.0006785726952784898,0.007530981929448899,10859,213000000,5.72,0,2,4,-3.888029921878227,-2.5009699194606907,4.936430725652233,-3.888029921878227,-2.5009699194606907,4.936430725652233,120.98530673980713
-1.9229427860856978,-0.6782759984892262,5.0,-2.419719539189783,-1.1204578743891849,4.9651945491709935,-0.32694726004820435,-0.0004977572439276527,-0.000813700288413152,0.9450421044993385,-0.1111694561516279,0.009320160038860095,0.0009592627014971414,-0.0011264072327321628,0.0012210889508423861,0.008045253252930706,10859,493000000,5.65,0,2,4,-3.8720992707367445,-2.497167039118264,4.935741755701572,-3.8720992707367445,-2.497167039118264,4.935741755701572,121.30324149131775
-1.9054081947771935,-0.5951398318827819,5.0,-2.3926257154745323,-1.101679092306677,4.965533527690371,-0.32806765449035535,-0.0006045075014979531,-0.0009986538958714243,0.9446535086148113,-0.12116356440646932,0.005527456532107891,0.0010191996722157775,-0.0008670316958614421,0.0008686264209245564,0.00882432341313688,10859,762000000,5.56,0,2,4,-3.865014416274869,-2.500211499275529,4.935010342080436,-3.865014416274869,-2.500211499275529,4.935010342080436,121.62033581733704
-1.8910921004649763,-0.5112802277408883,5.0,-2.3689717834926824,-1.0842749567161163,4.965816339037633,-0.32909554294753124,-0.0006390389140096779,-0.0011094631090435851,0.9442957610478537,-0.12217834609710909,0.0031798184063604033,0.0009017929833493468,-0.0006856416177924984,0.00023424716317776983,0.009411005339643452,10860,47000000,5.44,0,2,4,-3.865132365797649,-2.508289176355135,4.934191900746721,-3.865132365797649,-2.508289176355135,4.934191900746721,121.89427256584167
-1.8910921004649763,-0.5112802277408883,5.0,-2.3462048327965492,-1.0667473787337851,4.966075647082223,-0.33021806266736153,-0.0005952912609662015,-0.0011755860378588558,0.943903752886912,-0.11756863197591456,0.0006021180874728458,0.0007917559741070944,-0.0007013564982116804,-0.00037720525085660483,0.010401699546491727,10860,288000000,5.32,0,2,4,-3.8700645345591322,-2.518495524454185,4.933418512703433,-3.8700645345591322,-2.518495524454185,4.933418512703433,122.16089367866516
-1.8800398297952032,-0.42681978251394254,5.0,-2.3247021522504228,-1.0492541106915831,4.966292739152286,-0.3314570991186094,-0.0005162129066594964,-0.0012312971470388647,0.9434693470778193,-0.11361012523167249,-0.0023847625509728146,0.0006003002634110885,-0.0005791306648461614,-0.0004787258717442455,0.011280975286354078,10860,527000000,5.19,0,2,4,-3.8759414838402013,-2.5283876861844625,4.932703166646835,-3.8759414838402013,-2.5283876861844625,4.932703166646835,122.42535161972046
-1.8800398297952032,-0.42681978251394254,5.0,-2.307701640841034,-1.0346830799986406,4.966438548552056,-0.33253655352058265,-0.0004545027627222757,-0.0012665502206369193,0.9430894071350975,-0.11044911258965776,-0.0045614159782605065,0.0004627877065722259,-0.000531719234686534,-0.00042286141024305834,0.011575238750083372,10860,768000000,5.05,0,2,4,-3.87342437689259,-2.5289448136454515,4.932121445622584,-3.87342437689259,-2.5289448136454515,4.932121445622584,122.66565465927124
-1.8722922556511628,-0.341884124577298,5.0,-2.2914252200422647,-1.0200186748676818,4.966556992781267,-0.3336744726389746,-0.0003918868074601527,-0.0013256518149334206,0.9426873476296889,-0.10846690590501548,-0.007089077903415028,0.0003413248386773595,-0.0007174809297794127,-0.00034158474875312095,0.012386915750539629,10860,971000000,4.92,0,2,4,-3.8612898564962275,-2.5189265557449163,4.931748298985993,-3.8612898564962275,-2.5189265557449163,4.931748298985993,122.87804555892944
-1.8722922556511628,-0.341884124577298,5.0,-2.2742707733143694,-1.0037221532865181,4.966660057819016,-0.3349657469907075,-0.000334387311591425,-0.00138482193769274,0.9422292283708269,-0.1062866191700739,-0.009589638065888776,0.00022400598888329583,-0.0008489701770031388,-0.00026133413939533057,0.012593871178978588,10861,163000000,4.78,0,2,4,-3.84112857019079,-2.5005249174876627,4.931472366707388,-3.84112857019079,-2.5005249174876627,4.931472366707388,123.12366056442261
-1.8678856084453814,-0.256601775764857,5.0,-2.2563147833295676,-0.9855804475366762,4.966744207501756,-0.33642592508521846,-0.000273584535005543,-0.001468946135370423,0.941708747054687,-0.10523097814587987,-0.012635271821404795,8.317984291379279e-05,-0.0006012204096350615,-0.00021762693194204985,0.013127539114066167,10861,380000000,4.63,0,2,4,-3.8113644129327056,-2.472204543499933,4.931251177886409,-3.8113644129327056,-2.472204543499933,4.931251177886409,123.40153884887695
-1.8678856084453814,-0.256601775764857,5.0,-2.241878496138076,-0.9701705149298891,4.966779242942585,-0.337671924796356,-0.00023276488692911446,-0.0015116536820662108,0.9412626264374766,-0.1042227651434772,-0.014673277599194531,-0.00010192926397268522,-0.0005125322672938637,-0.00021493256951998774,0.013318478704604786,10861,630000000,4.47,0,2,4,-3.77235566322832,-2.4341592707470485,4.931081227207277,-3.77235566322832,-2.4341592707470485,4.931081227207277,123.61093235015869
-1.866851289671012,-0.17110400235464246,5.0,-2.226491049752636,-0.9528120947120594,4.966778865641681,-0.3390878827963458,-0.00019221591361205214,-0.0015861650377925196,0.9407533443332567,-0.10408641560130442,-0.01766283799117156,-0.0002808915157705269,-0.0007077373993524816,-2.6413588116724895e-05,0.01391678133586538,10861,824000000,4.32,0,2,4,-3.736848374844363,-2.3987389146459357,4.930991083257941,-3.736848374844363,-2.3987389146459357,4.930991083257941,123.85257411003113
-1.866851289671012,-0.17110400235464246,5.0,-2.2102576476595392,-0.9333558208059342,4.966740071336424,-0.3406794954858588,-0.00016341693719245157,-0.0016610935362535296,0.9401780126224337,-0.10377183885988958,-0.02052119445884129,-0.00041929205551305616,-0.0007298870457361772,4.50359094461561e-06,0.014430036299017956,10862,40000000,4.17,0,2,4,-3.698022091270084,-2.359225257908889,4.930920307036004,-3.698022091270084,-2.359225257908889,4.930920307036004,124.1201720237732
-1.869215688220526,-0.08552465536015895,5.0,-2.195839508551874,-0.9149528313601647,4.966693776368337,-0.34221327340166985,-0.0001335315416814665,-0.001730068309558391,0.9396207024862135,-0.10402874819970742,-0.023381344548134154,-0.00043562919404040504,-0.0006079119259538857,-2.9260705858291658e-05,0.015051564059831435,10862,280000000,3.99,0,2,4,-3.659378325052943,-2.318833365863258,4.930832003014606,-3.659378325052943,-2.318833365863258,4.930832003014606,124.36048316955566
-1.869215688220526,-0.08552465536015895,5.0,-2.1818415064749357,-0.8960855100191824,4.9666464930230285,-0.3437728271552764,-0.00010564195356774545,-0.0017887570499882813,0.9390511341229837,-0.10393389648764435,-0.02575223455883014,-0.00044932829721981054,-0.0007728464822776004,-2.96588201109671e-05,0.015222635829559295,10862,500000000,3.82,0,2,4,-3.6302285021339786,-2.2869553034632952,4.930669481737131,-3.6302285021339786,-2.2869553034632952,4.930669481737131,124.60874271392822
-1.875,-5.204748896376251e-16,5.0,-2.1670153335962254,-0.8748623020756886,4.966594849540982,-0.3455229492251711,-6.83506980018292e-05,-0.0018748078441383612,0.9384084249315269,-0.10472285832083694,-0.028883879687936133,-0.0004632810205959908,-0.0006947628719444765,3.0406494566648234e-05,0.015741930110380054,10862,731000000,3.65,0,2,4,-3.6079838779314466,-2.2607337572963107,4.930426954136997,-3.6079838779314466,-2.2607337572963107,4.930426954136997,124.87144708633423
-1.875,-5.204748896376251e-16,5.0,-2.152516145738346,-0.8529148979781552,4.966543976408666,-0.3473123886969674,-5.102419735026904e-05,-0.001954084915498432,0.9377474519327049,-0.10646290780257488,-0.03156822485587812,-0.0004773845807047504,-0.0008610735108049994,0.00024722135947286006,0.01622952459001681,10862,971000000,3.46,0,2,4,-3.591851902677788,-2.2388124108270855,4.930072942417253,-3.591851902677788,-2.2388124108270855,4.930072942417253,125.13728666305542
-1.8842200513874472,0.08533146576184128,5.0,-2.1379252679973866,-0.8297982291109385,4.966496097937002,-0.34920339394726296,-5.868878322108054e-05,-0.0020635356962600262,0.9370446777138055,-0.11100868503379602,-0.03466690006413196,-0.0004958178588970122,-0.0007370819446350652,0.0004815561169380089,0.017124861915363,10863,211000000,3.27,0,2,4,-3.583454418864237,-2.223289184432046,4.929614569904936,-3.583454418864237,-2.223289184432046,4.929614569904936,125.38486647605896
-1.8842200513874472,0.08533146576184128,5.0,-2.1243816121846897,-0.8075864011153119,4.966455362424645,-0.35097755907769906,-7.727487273931832e-05,-0.0021515684835429825,0.9363813954823721,-0.11399575535165682,-0.03694520176166462,-0.0005293805827254815,-0.0007361240818681836,0.0004022127910729978,0.01738524169923039,10863,441000000,3.06,0,2,4,-3.5816253444174833,-2.2128165351391504,4.9290478508613935,-3.5816253444174833,-2.2128165351391504,4.9290478508613935,125.63372564315796
-1.896886127103417,0.170329203690781,5.0,-2.1097335874518635,-0.7824807976528045,4.9663946774808165,-0.3529678322404812,-7.188694826738644e-05,-0.002235002078834221,0.9356327853391146,-0.11504118486726767,-0.03974141528896139,-0.0006661090608639394,-0.00031050680888711213,9.959130551351336e-05,0.01788049121387303,10863,669000000,2.85,0,2,4,-3.584918071961649,-2.206633387588501,4.928443630126033,-3.584918071961649,-2.206633387588501,4.928443630126033,125.8956937789917
-1.896886127103417,0.170329203690781,5.0,-2.0968548358504413,-0.7591309779814388,4.96631663073339,-0.354808403976099,-5.517466040756312e-05,-0.0022632026858620076,0.9349362926623892,-0.11338574179616918,-0.041796097805299325,-0.000766495635433706,-0.0007092423572885309,-7.675933275663738e-05,0.017982267490879167,10863,907000000,2.61,0,2,4,-3.5932098975534315,-2.2028197117862955,4.927686185418989,-3.5932098975534315,-2.2028197117862955,4.927686185418989,126.13631272315979
-1.9130028030815405,0.2548508388341953,5.0,-2.0846392001980725,-0.7355487012248063,4.9662204418527365,-0.3566863296181777,-7.597134100983602e-06,-0.0023469774374352283,0.934221255325902,-0.11213772920784315,-0.04424466644555598,-0.0008548141042859387,-0.0007884745912178914,-9.857310985239565e-05,0.018453228767612018,10864,126000000,2.38,0,2,4,-3.603705205010322,-2.2008457719809624,4.926943375282218,-3.603705205010322,-2.2008457719809624,4.926943375282218,126.38219547271729
-1.9130028030815405,0.2548508388341953,5.0,-2.072039758470661,-0.7096244786001604,4.96609815730823,-0.3587686269202202,3.80229515469406e-05,-0.0024218002747397236,0.9334233797026215,-0.11052223330732514,-0.04638629983903532,-0.0009363893551952789,-0.0006293663147971529,-8.005405192079706e-05,0.018783796804200392,10864,349000000,2.15,0,2,4,-3.6108061273462684,-2.1944896206262,4.9263402658354485,-3.6108061273462684,-2.1944896206262,4.9263402658354485,126.64732146263123
-1.9325687849456785,0.33875237418948145,5.0,-2.059229858136641,-0.6811814053892672,4.965949474690099,-0.36108449291279127,7.79896928227487e-05,-0.0024860427968564037,0.9325297863804312,-0.10944067675778953,-0.0492663300459614,-0.0010104449877694544,-0.0004934446224069688,-5.205905999616789e-05,0.019216109285480343,10864,594000000,1.91,0,2,4,-3.608349410121089,-2.1768412013547636,4.9258613137272045,-3.608349410121089,-2.1768412013547636,4.9258613137272045,126.92040205001831
-1.9325687849456785,0.33875237418948145,5.0,-2.0463267496718482,-0.6501592054604065,4.965774128176507,-0.3635937292402077,0.00011204972324089439,-0.002540133307273724,0.9315541504522639,-0.10837493400514948,-0.05199162809447212,-0.0010763554521588676,-0.0003803525146395259,-3.145908742396841e-05,0.01934660795086529,10864,842000000,1.65,0,2,4,-3.5925596450092963,-2.143919728810322,4.925558326767406,-3.5925596450092963,-2.143919728810322,4.925558326767406,127.23847460746765
-1.9555767527187298,0.4218884164988501,5.0,-2.037662975504472,-0.6276675907844006,4.96564154969375,-0.36540561092420654,0.00013193773129784015,-0.002571168266185672,0.9308448373339615,-0.10795859165351851,-0.05415403767281424,-0.0011160305889661585,-0.00031604048729150236,-1.9546722995755772e-05,0.019536616673576646,10865,135000000,1.4,0,2,4,-3.563321621398858,-2.0954885841457718,4.925427216589706,-3.563321621398858,-2.0954885841457718,4.925427216589706,127.4539270401001
-1.9555767527187298,0.4218884164988501,5.0,-2.028619715652924,-0.6026728251335357,4.9654898934551,-0.36738221628206924,0.0001509601021561595,-0.002600015840784141,0.9300664085366968,-0.10718117968714491,-0.05592617943613293,-0.001144001883014514,-0.0003548660401975212,-2.4731728309745904e-05,0.019229688950872514,10865,335000000,1.25,0,2,4,-3.537037926026512,-2.0548314448426215,4.925420035799133,-3.537037926026512,-2.0548314448426215,4.925420035799133,127.67319989204407
-1.982013212405946,0.5041124131538817,5.0,-2.019344460631574,-0.5750831550387709,4.9653375516291085,-0.3695512333715505,0.00018184106426472253,-0.0026405838871186027,0.929206586375779,-0.10659266943292914,-0.058344436015302426,-0.001050870388651504,-0.0003578777693746815,-8.630919197116782e-05,0.019448274360911455,10865,538000000,1.12,0,2,4,-3.5067919843209157,-2.0080817505769106,4.9254605023597495,-3.5067919843209157,-2.0080817505769106,4.9254605023597495,127.94354128837585
-1.982013212405946,0.5041124131538817,5.0,-2.011366110528779,-0.5495507390627856,4.965218223580281,-0.37152522010907923,0.00021166714921032727,-0.0026748334045529187,0.9284189847725948,-0.1059076894607643,-0.06013084000550155,-0.0009975437054645787,-0.0007259242465806892,-6.733458590701957e-05,0.019348492423887365,10865,777000000,1.05,0,2,4,-3.476806315676186,-1.9591345816009769,4.925513674471218,-3.476806315676186,-1.9591345816009769,4.925513674471218,128.1937575340271
-2.011858355112553,0.5852769001628508,5.0,-2.003897751336982,-0.5236922515074477,4.965099364016932,-0.3735230320568039,0.000250705049121572,-0.0027511542574899656,0.9276167920107534,-0.10565489868749825,-0.06252223163756682,-0.0010559108711266426,-0.0006979578472510184,8.792784456090885e-06,0.019644766325654928,10866,7000000,1.06,0,2,4,-3.455646227846598,-1.9194378606530282,4.925517241727917,-3.455646227846598,-1.9194378606530282,4.925517241727917,128.43480134010315
-2.011858355112553,0.5852769001628508,5.0,-1.996309019614346,-0.4951604287701189,4.964961143437786,-0.37569090338382055,0.00028287143681896844,-0.002820722628131836,0.9267406911441054,-0.10511908801161782,-0.06461365003851555,-0.0011099235907652155,-0.0005577077729412849,2.7868125229701945e-05,0.019513963707140647,10866,230000000,1.13,0,2,4,-3.4413333797240537,-1.8856592126573732,4.925440296769812,-3.4413333797240537,-1.8856592126573732,4.925440296769812,128.69777035713196
-2.0450859243716706,0.6652337611022429,5.0,-1.989876612700967,-0.4686298908570398,4.964828811217069,-0.3777016395342785,0.00030632500952830813,-0.0028726197421693536,0.9259228508433752,-0.10520457028182803,-0.06707004816421595,-0.0011514512289576818,-0.0004538666757980536,7.554346126426026e-05,0.01985413928196067,10866,476000000,1.3,0,2,4,-3.4333390302476006,-1.8534581204471663,4.925221923398823,-3.4333390302476006,-1.8534581204471663,4.925221923398823,128.93610286712646
-2.0450859243716706,0.6652337611022429,5.0,-1.9831642496050979,-0.4391248969382742,4.964680646551842,-0.3799037712387942,0.0003037705795753377,-0.0029304770298805346,0.9250213211739251,-0.10725334830260387,-0.06900335794393285,-0.001172379776951633,-0.0005102929321765259,0.00036598418375888286,0.019935127784265205,10866,696000000,1.44,0,2,4,-3.433418483809878,-1.8337988814227948,4.924953637659965,-3.433418483809878,-1.8337988814227948,4.924953637659965,129.17767477035522
-2.081663092373604,0.7438344969402783,5.0,-1.976471018187518,-0.4087112550526836,4.964551661592344,-0.3821466637256691,0.00028873235577736643,-0.0030018197142747186,0.9240967660994003,-0.1100234237288499,-0.07129680095631194,-0.0010851365350542106,-0.00043429138258943567,0.00030768223666655103,0.020275023234717082,10866,919000000,1.66,0,2,4,-3.439710645348296,-1.8148876053636391,4.924502443727113,-3.439710645348296,-1.8148876053636391,4.924502443727113,129.43482279777527
-2.081663092373604,0.7438344969402783,5.0,-1.9701358731982792,-0.3778185073426063,4.964450147356841,-0.38438252489638475,0.000300085041145031,-0.003053343145441336,0.9231688153305895,-0.10933149904407975,-0.07325115323207197,-0.0009742298561637587,-0.0005100978341943119,1.2092675483188486e-05,0.020190428767818958,10867,158000000,1.92,0,2,4,-3.4518515714484224,-1.8001368070241601,4.9238922754235634,-3.4518515714484224,-1.8001368070241601,4.9238922754235634,129.71097803115845
-2.12155034580164,0.8209305065850954,5.0,-1.965012442095598,-0.3492991565395464,4.9643965765827085,-0.3864416063888411,0.00033255879624675467,-0.0030966107468043836,0.9223086171440347,-0.10786220313261623,-0.07560467523860526,-0.0008087110320083437,-0.00029809349371134886,-0.00011434690065925679,0.020276830582588445,10867,406000000,2.2,0,2,4,-3.4690199976565084,-1.7889269614994732,4.923147910393911,-3.4690199976565084,-1.7889269614994732,4.923147910393911,129.94514346122742
-2.12155034580164,0.8209305065850954,5.0,-1.9609425734715236,-0.3233288909075912,4.964368031211741,-0.38829250958090666,0.0003630661954418296,-0.00311122893802586,0.9215308543075453,-0.1062452051367438,-0.07704743205685172,-0.0007792080669465502,-0.0004567323458104511,-0.00018068302694018712,0.020000000040454324,10867,617000000,2.48,0,2,4,-3.486516272250765,-1.7792503618783533,4.9224396177270675,-3.486516272250765,-1.7792503618783533,4.9224396177270675,130.17826390266418
-2.1647013819922893,0.8963733779731449,5.0,-1.9574542224716636,-0.29728962204963866,4.964335390210787,-0.39015300042111783,0.0004081591501795469,-0.0031669106637698015,0.9207445032935875,-0.10488967303674064,-0.07923657111739955,-0.0008572763167588081,-0.0006147405429146602,-0.00010842238253871983,0.020304301324358676,10867,829000000,2.73,0,2,4,-3.4973399318177867,-1.7650561000619462,4.921961063254318,-3.4973399318177867,-1.7650561000619462,4.921961063254318,130.38996076583862
-2.1647013819922893,0.8963733779731449,5.0,-1.954522001826399,-0.27120236304282536,4.964302878396277,-0.39197828506466226,0.00044366744093709545,-0.003199979346355537,0.9199687969323476,-0.1033869082197649,-0.08068695699596488,-0.0008236028393991587,-0.0004535657609494592,-0.0001413912201542189,0.019538565175025724,10868,18000000,2.99,0,2,4,-3.4998762767650096,-1.74245925668111,4.921655373457655,-3.4998762767650096,-1.74245925668111,4.921655373457655,130.6356098651886
-2.2110630161493177,0.9700151894744863,5.0,-1.9517336603970377,-0.23977122387391991,4.9642595002923,-0.394114877319513,0.00048465025766803,-0.0032492146082588056,0.9190553145453119,-0.10203997548988433,-0.0832596383433924,-0.0009109477365550683,-0.00045290338732684177,-6.090790911628119e-05,0.01916771288961172,10868,237000000,3.29,0,2,4,-3.493543737705982,-1.708342335437409,4.921515966493809,-3.493543737705982,-1.708342335437409,4.921515966493809,130.88578128814697
-2.2110630161493177,0.9700151894744863,5.0,-1.9499935682907477,-0.21348659505139156,4.964211957398475,-0.3958522191192419,0.0005115089312580793,-0.003284288710933079,0.918308212107813,-0.10078949019702184,-0.08482586757573427,-0.000973451617693656,-0.00037807946853263275,-3.848507823533964e-05,0.01876600999821676,10868,468000000,3.56,0,2,4,-3.47954813437345,-1.6660896306388766,4.921544354480834,-3.47954813437345,-1.6660896306388766,4.921544354480834,131.11232471466064
-2.2605751003508394,1.0417088213510084,5.0,-1.9486300405897468,-0.18178806459085511,4.964144162437909,-0.39794253598887364,0.0005381863639175683,-0.0033189946997274258,0.9174041817434474,-0.09952169563012139,-0.08751616787785038,-0.0010374653088381953,-0.0003039866470544439,-2.0281245660669356e-05,0.01900601837405702,10868,675000000,3.81,0,2,4,-3.4616842315825926,-1.6222115851323,4.921697501157821,-3.4616842315825926,-1.6222115851323,4.921697501157821,131.36895298957825
-2.2605751003508394,1.0417088213510084,5.0,-1.9479713368865157,-0.14729609260899415,4.964061013443743,-0.4001856659575469,0.0005645866352174947,-0.0033525328211138246,0.9164277792208884,-0.09815806468084366,-0.089695604925042,-0.0010603327622001424,-0.00041100877012922865,-4.755076616902443e-05,0.01871631684480235,10868,911000000,4.13,0,2,4,-3.4378481087879496,-1.5664033364037202,4.921990668632193,-3.4378481087879496,-1.5664033364037202,4.921990668632193,131.64634442329407
-2.313170455097037,1.1113082769611964,5.0,-1.9482133347681794,-0.11260086867555864,4.9639948276134875,-0.402407673884592,0.0005993461341146237,-0.003387702044593148,0.9154541104052459,-0.09683156430709995,-0.09226195925985087,-0.0010108168571031646,-0.000159588572046232,-5.957052984228994e-05,0.018485126201994717,10869,169000000,4.48,0,2,4,-3.41598702352014,-1.5085375463483142,4.922326574002479,-3.41598702352014,-1.5085375463483142,4.922326574002479,131.92156291007996
-2.313170455097037,1.1113082769611964,5.0,-1.9492444553487127,-0.07780157036583078,4.963926708895963,-0.40457924304143633,0.0006230725638565345,-0.0034093673044435697,0.9144963773001957,-0.09552159248767143,-0.09426893218562818,-0.0010719955892319064,-0.00046686941743701027,-8.28227435079043e-05,0.01813001999835251,10869,419000000,4.82,0,2,4,-3.403394753700459,-1.4585154824740532,4.922551708458377,-3.403394753700459,-1.4585154824740532,4.922551708458377,132.22370505332947
-2.368774814152509,1.178669013360757,5.0,-1.9512854157243757,-0.04011642540143488,4.963842840782763,-0.4068887122191281,0.000669718885013877,-0.003455800913817651,0.9134709545384125,-0.09489154318278133,-0.09667475317812893,-0.001129013232990908,-0.0003748760093458259,7.425569603647375e-06,0.017835660582932178,10869,691000000,5.16,0,2,4,-3.401517839239864,-1.4175923661107797,4.922614910871143,-3.401517839239864,-1.4175923661107797,4.922614910871143,132.5229833126068
-2.368774814152509,1.178669013360757,5.0,-1.9537354717357265,-0.0019709992218000746,4.963754873754872,-0.4091509545608719,0.0006744610108192564,-0.0035062452325810784,0.9124597238939595,-0.09739219527944833,-0.09821652471424497,-0.0010870805782245397,-0.0002859118495734947,0.0004421861149239703,0.017912475050252397,10869,970000000,5.51,0,2,4,-3.410282551659185,-1.3828925086695951,4.922467768264146,-3.410282551659185,-1.3828925086695951,4.922467768264146,132.81609296798706
-2.427306783441804,1.2436482809025367,5.0,-1.955804199953919,0.03454971940032933,4.9637234182269125,-0.4113021940197588,0.0006278431721853618,-0.00356450080120677,0.9114918569803692,-0.10090021677892647,-0.09984897089995985,-0.0009538140904202409,-0.00021523491540165196,0.00043719051916468743,0.017811691395763773,10870,238000000,5.85,0,2,4,-3.4286101057155993,-1.3561572358829515,4.922125628630609,-3.4286101057155993,-1.3561572358829515,4.922125628630609,133.11757850646973
-2.4886778147590656,1.3061054713914066,5.0,-1.9581834502598416,0.07142875329090867,4.963696429465437,-0.4133501378417406,0.0006255027867080952,-0.003604768608645846,0.9105648125947741,-0.09955659208280994,-0.10126908891074773,-0.0010298504216912962,-0.000515754618390929,1.8775547161453687e-05,0.01707203937257873,10870,509000000,6.18,0,2,4,-3.452921797725481,-1.3370050725124956,4.921640271816684,-3.452921797725481,-1.3370050725124956,4.921640271816684,133.40161848068237
-2.4886778147590656,1.3061054713914066,5.0,-1.9612921637851943,0.10525374176176999,4.963660210409169,-0.4152123727705993,0.000667014619230208,-0.0036513733769214297,0.9097169384276454,-0.09614059172423454,-0.103435201364572,-0.0010873555706137296,-0.0004340139668101983,-0.00014973305866305964,0.017031292190949898,10870,765000000,6.49,0,2,4,-3.4829060518287966,-1.3223750869817803,4.920998796336233,-3.4829060518287966,-1.3223750869817803,4.920998796336233,133.66213846206665
-2.5527921950528976,1.365902474300486,5.0,-1.9655449099454678,0.13884713972731577,4.96361643810442,-0.4170638041342365,0.0007113489490391974,-0.003684355754659696,0.9088694641071537,-0.09273387154812983,-0.10605219063184557,-0.0011338290535235398,-0.00034987718038337334,-0.00016081354061725506,0.01666426978772506,10871,2000000,6.77,0,2,4,-3.5118314534714465,-1.3094496526410013,4.920460976191275,-3.5118314534714465,-1.3094496526410013,4.920460976191275,133.92596864700317
-2.5527921950528976,1.365902474300486,5.0,-1.9703515475060898,0.16938335916489344,4.963570911666308,-0.4186795016119234,0.0007489474474410636,-0.0037091849216425578,0.9081261784327823,-0.0897782529772592,-0.10777106155074538,-0.0011502867672470976,-0.00043161255973700463,-0.00016849889306058685,0.015666004219383467,10871,239000000,7.05,0,2,4,-3.531892319566139,-1.2878088740942837,4.920134763352844,-3.531892319566139,-1.2878088740942837,4.920134763352844,134.17090559005737
-2.6195470520451885,1.422904040504092,5.0,-1.9754711637501354,0.19695912771290588,4.9635410042136385,-0.4200458876642812,0.0007906649782194516,-0.003738561855388986,0.9074948210653719,-0.08719157991415993,-0.10978200069542646,-0.0010725244305861863,-0.00039455221951811836,-0.00021397815004320364,0.014616138923884137,10871,463000000,7.3,0,2,4,-3.5393248417579857,-1.2573813041712307,4.9200573877322284,-3.5393248417579857,-1.2573813041712307,4.9200573877322284,134.39457821846008
-2.6195470520451885,1.422904040504092,5.0,-1.981248776884662,0.22434724331839356,4.963528239745679,-0.4213159122676988,0.0008305082852799576,-0.0037609666894502947,0.9069057654770893,-0.08472438155900149,-0.11116147059528048,-0.0010064726301512346,-0.00035836573601955024,-0.00021313391869171028,0.013599554313259432,10871,668000000,7.52,0,2,4,-3.538409561719055,-1.2220548122982895,4.920160250591723,-3.538409561719055,-1.2220548122982895,4.920160250591723,134.60838389396667
-2.688832376937758,1.4769781529302695,5.0,-1.9883664661450497,0.2542966211770884,4.96351756425274,-0.42263270333418845,0.0008819147043278028,-0.003793727627613287,0.9062926833697696,-0.08208918792587172,-0.11340105587234561,-0.0010616914679056836,-0.000427280346571024,-0.000260522875805691,0.01279579028050648,10871,864000000,7.73,0,2,4,-3.531692091247176,-1.1808011571642523,4.920411357760756,-3.531692091247176,-1.1808011571642523,4.920411357760756,134.84710550308228
-2.688832376937758,1.4769781529302695,5.0,-1.9947541507831894,0.278644554853334,4.963503000402131,-0.42363031599425216,0.0009220229740248915,-0.003815039121245192,0.9058266670399745,-0.0799643600953174,-0.11457075765470329,-0.0011003843413175062,-0.00036450624065764714,-0.0002489660175797326,0.01186838080684538,10872,82000000,7.95,0,2,4,-3.5195397546624934,-1.1305225007276527,4.920827594141258,-3.5195397546624934,-1.1305225007276527,4.920827594141258,135.0479118824005
-2.760531064952948,1.527996403481804,5.0,-2.0032647333749507,0.3082338918454214,4.9634796165233315,-0.4247588959076941,0.0009654869782743335,-0.00383583843547942,0.905297870607055,-0.07733776271613226,-0.11685887949521208,-0.0011411490324895704,-0.0003007375113384114,-0.00021862763759372683,0.010900318284257082,10872,267000000,8.13,0,2,4,-3.5077224545436985,-1.0871441406928999,4.921236610555546,-3.5077224545436985,-1.0871441406928999,4.921236610555546,135.29163813591003
-2.760531064952948,1.527996403481804,5.0,-2.0151676846335684,0.34562869775313065,4.96344276136252,-0.42606779924384286,0.0010119463731957743,-0.0038562765512993374,0.9046824501134116,-0.0742001382554208,-0.11920496522111632,-0.0011844490452596703,-0.00023571511036379889,-0.00017944185088936138,0.009816279543883866,10872,484000000,8.34,0,2,4,-3.494790239000436,-1.0350054751667188,4.921767071954605,-3.494790239000436,-1.0350054751667188,4.921767071954605,135.6033537387848
-2.8345189744435983,1.5758343755192035,5.0,-2.027332079617154,0.3801698377584663,4.9634040255295275,-0.427177967220527,0.0010474216337047343,-0.003870737640348623,0.9041586722580164,-0.07146614609034643,-0.12168386363081005,-0.0012175595182718356,-0.00018856761556662605,-0.0001481304167327835,0.008988835634227144,10872,769000000,8.59,0,2,4,-3.4835302069775786,-0.9726507973640923,4.922418019033187,-3.4835302069775786,-0.9726507973640923,4.922418019033187,135.8957278728485
-2.8345189744435983,1.5758343755192035,5.0,-2.0412757178778027,0.4172916917210931,4.963362068893739,-0.428303717954987,0.0010602560787065921,-0.0038789971443549823,0.9036258929579964,-0.07445431858629263,-0.1230870172155655,-0.0011582435648717483,0.0002089588008402643,0.0005450564515285805,0.01052305360644823,10873,34000000,8.81,0,2,4,-3.4831165066526886,-0.9229984963352788,4.922826107016357,-3.4831165066526886,-0.9229984963352788,4.922826107016357,136.18722701072693
-2.9106650052939886,1.6203720311424952,5.0,-2.0530672442729707,0.45734784204119255,4.963380693730549,-0.43002543234764834,0.000900478445981874,-0.003916877110476153,0.9028078282483419,-0.09819057290992095,-0.12219422985574671,-0.0009647408384228073,0.00037449215426477167,0.0019269708218416781,0.01851710258051753,10873,299000000,9.05,0,2,4,-3.495182953299224,-0.8799928096243623,4.923006607710094,-3.495182953299224,-0.8799928096243623,4.923006607710094,136.49983096122742
-2.9106650052939886,1.6203720311424952,5.0,-2.0589012984922728,0.5039362305195966,4.963447164665749,-0.4329180281087095,0.0006021824497941346,-0.004009254522386374,0.9014241755094758,-0.13258899847949865,-0.11940524033258518,-0.0009311058902325778,0.0003214936384665634,0.0024362988142456743,0.025961541177821346,10873,582000000,9.34,0,2,4,-3.518864727983342,-0.8469818519398025,4.922920185861915,-3.518864727983342,-0.8469818519398025,4.922920185861915,136.81203889846802
-2.988831197316232,1.6614941024508862,5.0,-2.059321228432222,0.5566862576004776,4.963558072010239,-0.4363356097595503,0.00032161497881055194,-0.004111300616251022,0.8997745436645834,-0.15317620473379434,-0.11779134597043402,-0.0008688991094240154,8.517456677736845e-05,0.0016304570749525737,0.025174551046802662,10873,870000000,9.75,0,2,4,-3.5521455195848772,-0.8221726872003645,4.922578414666859,-3.5521455195848772,-0.8221726872003645,4.922578414666859,137.11206698417664
-3.0688728493258006,1.6990904859004263,5.0,-2.058997969760469,0.6029299777687479,4.963700953889362,-0.4387698612809422,0.00022381421471587108,-0.004163400010377249,0.8985897978716725,-0.14861166544452237,-0.11836911545338684,-0.0007364478588209353,-0.00041778299930683716,0.0002107134250195486,0.02021658274315996,10874,148000000,10.22,0,2,4,-3.593472466567544,-0.8039956739796528,4.921976455555047,-3.593472466567544,-0.8039956739796528,4.921976455555047,137.37650895118713
-3.0688728493258006,1.6990904859004263,5.0,-2.061479735391251,0.6467125071150953,4.963856754979661,-0.4406896101149289,0.0003346615343726069,-0.00417591794192155,0.8976497742704286,-0.12795098967589463,-0.12170069957978022,-0.0007195353567635752,-0.0005722045159473055,-0.0012586591537910863,0.01639786369196372,10874,388000000,10.55,0,2,4,-3.6324429721744864,-0.791427878095607,4.921373935647105,-3.6324429721744864,-0.791427878095607,4.921373935647105,137.64838552474976
-3.150638659555576,1.7330566388201085,5.0,-2.067803322041503,0.6871766359461564,4.963989439147451,-0.4423798331942965,0.000529455822027212,-0.0041554377717310355,0.8968180056156567,-0.10841368374370006,-0.12542692456200527,-0.0007986192017686522,-0.0004933155196340522,-0.001527052802430262,0.014887175620970083,10874,630000000,10.82,0,2,4,-3.665046173018664,-0.7731080232019718,4.92098551619373,-3.665046173018664,-0.7731080232019718,4.92098551619373,137.91017365455627
-3.150638659555576,1.7330566388201085,5.0,-2.077516992789694,0.724629225778281,4.964092762543789,-0.44385391500438376,0.000715741369577774,-0.004125535394606321,0.8960893760151835,-0.09152138298685239,-0.12839304609213048,-0.0008694255931580696,-0.0004084361307832296,-0.001352231572582241,0.01211775070260046,10874,862000000,11.06,0,2,4,-3.6865796115829603,-0.7445674942613963,4.920911123117182,-3.6865796115829603,-0.7445674942613963,4.920911123117182,138.17551922798157
-3.2339708880394786,1.7632939770863434,5.0,-2.090226969583416,0.7595250922322309,4.964172761748652,-0.444934837154958,0.0008735775172926366,-0.004098625796560455,0.8955531412567275,-0.07701434284744438,-0.13153683087115015,-0.0009356378743257494,-0.0003417566745156364,-0.0011350169643264962,0.007892634312156588,10875,107000000,11.29,0,2,4,-3.697536477016411,-0.706141024712682,4.921152186905132,-3.697536477016411,-0.706141024712682,4.921152186905132,138.44770789146423
-3.2339708880394786,1.7632939770863434,5.0,-2.1040608285778597,0.7895926613079116,4.964229049546343,-0.4454841752645434,0.0009945009972156065,-0.004077826143721253,0.8952799740252083,-0.06582199721946358,-0.13362150525111777,-0.0009915632880972665,-0.0002903932596609593,-0.0009655506005401548,0.0038236289356063935,10875,352000000,11.49,0,2,4,-3.700251844476525,-0.6597590623895458,4.921656971682883,-3.700251844476525,-0.6597590623895458,4.921656971682883,138.6863088607788
-3.3187055415643685,1.7897102728947218,5.0,-2.118237358093425,0.8155701654648477,4.964268846405492,-0.4456546360114263,0.0010875126193871769,-0.004061777135047287,0.8951950986708602,-0.056674888055704496,-0.13590355375344948,-0.0010379545143390113,-0.00024991621216940985,-0.0008335037591677974,0.0006172227188017132,10875,571000000,11.61,0,2,4,-3.6973707293652014,-0.6120566175463421,4.922295547098974,-3.6973707293652014,-0.6120566175463421,4.922295547098974,138.8993866443634
-3.3187055415643685,1.7897102728947218,5.0,-2.1353471810852573,0.8428405298308914,4.964302071576393,-0.4454879546568511,0.0011754170888831864,-0.004048571630248983,0.8952780069442547,-0.04790746112823445,-0.13760334803713792,-0.0010842105179673408,-0.0004473943391758439,-0.00074873029234368,-0.0034886329785877024,10875,769000000,11.7,0,2,4,-3.691555429388435,-0.565615648243541,4.922983821477578,-3.691555429388435,-0.565615648243541,4.922983821477578,139.1375436782837
-3.404672581752349,1.8122200515066011,5.0,-2.155664062405108,0.8712107201898475,4.9643294437557675,-0.44488050882525465,0.0012838186320830072,-0.004060984316094472,0.8955798083272571,-0.03902746047894171,-0.1398003542218102,-0.0011064934760950903,-0.0003194923948512951,-0.0008053287501752493,-0.007371824267465854,10875,985000000,11.75,0,2,4,-3.6827753533269463,-0.5122336522790943,4.923824653278653,-3.6827753533269463,-0.5122336522790943,4.923824653278653,139.4092845916748
-3.404672581752349,1.8122200515066011,5.0,-2.1737195044404545,0.8938704700381676,4.964361967182056,-0.44410685555128,0.0013641834521642383,-0.004050554025503072,0.8959636336749108,-0.032700519290904236,-0.14094595668430926,-0.001034511381013075,-0.0002618759253891767,-0.0007785739057908359,-0.009494024106970755,10876,230000000,11.75,0,2,4,-3.6722178332373745,-0.45305100801010645,4.924793794213386,-3.6722178332373745,-0.45305100801010645,4.924793794213386,139.61728167533875
-3.4916961567944793,1.8307449857865232,5.0,-2.194691821136598,0.9178892019250342,4.964401017116452,-0.4430271961159642,0.0014445392746353903,-0.004053462913976487,0.89649784508738,-0.02579734996556691,-0.14283057196200616,-0.0010868012577893472,-9.695735130321737e-05,-0.0006488721339792392,-0.01209172605740605,10876,424000000,11.73,0,2,4,-3.6661706274993517,-0.40582678424423346,4.925580067299129,-3.6661706274993517,-0.40582678424423346,4.925580067299129,139.87019085884094
-3.4916961567944793,1.8307449857865232,5.0,-2.222373018207849,0.9476866588611949,4.9644459817857856,-0.4415240925445607,0.0014824221815922366,-0.004007576486940986,0.8972392197501615,-0.033405633331510566,-0.14229522090622151,-0.0009574966049927768,0.0007286164134256978,0.000729282044176216,-0.0051758024255832424,10876,655000000,11.68,0,2,4,-3.6653926783690176,-0.3587580024973156,4.9263315681262965,-3.6653926783690176,-0.3587580024973156,4.9263315681262965,140.16687679290771
-3.5795948573113288,1.8452142872850619,5.0,-2.242399143505914,0.9812731016220698,4.964578579448252,-0.4420380287088443,0.0012272126157648142,-0.004037809885818945,0.8969863829600315,-0.08093302363268115,-0.13680350674899613,-0.0007127075865298222,0.0004696432455375543,0.002557209904807678,0.015969594642228913,10876,931000000,11.61,0,2,4,-3.6768401280092604,-0.30953849696069413,4.926988993707485,-3.6768401280092604,-0.30953849696069413,4.926988993707485,140.44027733802795
-3.5795948573113288,1.8452142872850619,5.0,-2.2516013275602997,1.0343641979147062,4.9646275169969485,-0.44612449442906577,0.0008526672422493151,-0.004187583796816169,0.8949607100710785,-0.16229067222293123,-0.1266130533833083,-0.001811823050797678,-0.00016061280803114641,0.002813100491039222,0.04224603726470377,10877,182000000,11.76,0,2,4,-3.70129839615711,-0.27574434031247735,4.9272260365161165,-3.70129839615711,-0.27574434031247735,4.9272260365161165,140.7658863067627
-3.668181996765292,1.8555650925605742,5.0,-2.2466288982606795,1.0942438159147512,4.964368048881195,-0.45168056102906445,0.0005694084778106471,-0.004342582715172924,0.8921689798114574,-0.2196781789161022,-0.1183390701681331,-0.0029204379601576527,0.00038443733956228243,0.0025739787133716163,0.048104708912433125,10877,477000000,12.33,0,2,4,-3.7435150912748205,-0.2488796841267426,4.927074942244879,-3.7435150912748205,-0.2488796841267426,4.927074942244879,141.06078100204468
-3.757265916794269,1.8617428433729168,5.0,-2.237205027578553,1.1505297516444888,4.964073117663131,-0.45616431988222017,0.0003412652271503722,-0.0044252440982589306,0.889884494762723,-0.23705985380648126,-0.11428419623766588,-0.0030792321495410105,8.294710447387388e-05,0.0018187312434747582,0.04106785127078183,10877,749000000,13.01,0,2,4,-3.7900235070805812,-0.23435960711266474,4.926604486615183,-3.7900235070805812,-0.23435960711266474,4.926604486615183,141.302973985672
-3.757265916794269,1.8617428433729168,5.0,-2.230761409875955,1.1996877677332838,4.963834806142984,-0.4587524895945464,0.000317270147809134,-0.00445205701176388,0.8885528863375679,-0.20292347601956107,-0.11882795391167952,-0.0027634644543823696,-0.00012167629463988305,-0.0004095253444802438,0.021483479395101313,10877,970000000,13.54,0,2,4,-3.834680081275574,-0.22672651024024992,4.9260239831627395,-3.834680081275574,-0.22672651024024992,4.9260239831627395,141.52924513816833
-3.8466503177757674,1.863701659322577,5.0,-2.2300950785968636,1.247437841416918,4.963609984700383,-0.46044068268986593,0.00047339065433451904,-0.004408211208986219,0.8876794023178161,-0.15824249792724407,-0.12634344270019407,-0.0025321266327026784,-0.0002668897565172301,-0.001890365547296824,0.014533589819620829,10878,177000000,13.92,0,2,4,-3.879290429455645,-0.21924049769081225,4.925459350531653,-3.879290429455645,-0.21924049769081225,4.925459350531653,141.75297713279724
-3.8466503177757674,1.863701659322577,5.0,-2.236080639865775,1.2885625595184,4.9634045318038895,-0.4616904943939269,0.0006885295823412557,-0.004329185307055445,0.8870302539755242,-0.11917858780090836,-0.1327062658829296,-0.0023288941898751483,-0.00022753842330303087,-0.002029073993981001,0.010733587623690255,10878,381000000,14.02,0,2,4,-3.9132783893422087,-0.20718325495919926,4.925191294432113,-3.9132783893422087,-0.20718325495919926,4.925191294432113,142.00636267662048
-3.8466503177757674,1.863701659322577,5.0,-2.249217907103358,1.326858215432936,4.963203383582727,-0.462441928491223,0.0009109314306896947,-0.004243141002982266,0.8866389506059812,-0.08237771484647799,-0.13926951499673484,-0.002105385145707576,-0.00019655055609746341,-0.0018877918364523794,0.0031895726579023176,10878,609000000,14.16,0,2,4,-3.9416803876346935,-0.18650762654691513,4.925211547352437,-3.9416803876346935,-0.18650762654691513,4.925211547352437,142.27016758918762
-3.9361346148648746,1.8614047014503705,5.0,-2.268094704286728,1.3593448383053646,4.963067087671611,-0.46227046060589216,0.0011164802152446528,-0.00415937478515431,0.8867285234639414,-0.05183527438462575,-0.14410263301301027,-0.0017181818738691023,-0.0001550689901819169,-0.0017799188753997441,-0.006121129445091356,10878,845000000,14.25,0,2,4,-3.963325244739543,-0.15617425018938924,4.925609350727121,-3.963325244739543,-0.15617425018938924,4.925609350727121,142.5488452911377
-4.025514319678319,1.8548245252560556,5.0,-2.2915017331426757,1.3869373084096264,4.963005082289689,-0.46112450916037917,0.0012976399230078775,-0.00408208824014009,0.8873251037459885,-0.026341900553370396,-0.14736939374768226,-0.0014426152022866498,-0.00011771813319683133,-0.0016211597767323838,-0.014936683601263212,10879,95000000,14.23,0,2,4,-3.977322278994846,-0.11920114273809913,4.926350453828455,-3.977322278994846,-0.11920114273809913,4.926350453828455,142.80403637886047
-4.025514319678319,1.8548245252560556,5.0,-2.3187398164694404,1.4103881464834436,4.9629674329992755,-0.4590249351188239,0.0014642591964640543,-0.004008690375594472,0.8884131332244237,-0.0038284795916640703,-0.1505487272241165,-0.001431230270404734,-9.935223559409678e-05,-0.0015432244481417001,-0.02395002720732009,10879,326000000,14.1,0,2,4,-3.985364074939815,-0.0771599816151976,4.9273642482667945,-3.985364074939815,-0.0771599816151976,4.9273642482667945,143.0610330104828
-4.11458144772037,1.8439434215393662,5.0,-2.3467269165043056,1.428723922868806,4.962935470615965,-0.4562977489109234,0.0015997071842150208,-0.003948530556935093,0.8898169555488304,0.01461689120916378,-0.15301357112452316,-0.001426427245562385,-8.122599695070676e-05,-0.001383595463266829,-0.031191336529445834,10879,559000000,13.87,0,2,4,-3.989172271029402,-0.03152782233347999,4.928584764630543,-3.989172271029402,-0.03152782233347999,4.928584764630543,143.33157992362976
-4.11458144772037,1.8439434215393662,5.0,-2.3770811267035183,1.4444643714677752,4.9629060507626654,-0.4529017816406212,0.001715866544695666,-0.0038974453458925553,0.8915502464295141,0.030267993717800375,-0.15427868176362444,-0.001433062215661134,-0.00015058677860224634,-0.0012416368804224476,-0.03718225998454727,10879,796000000,13.64,0,2,4,-3.9899907407201387,0.016436503190972014,4.929971229629678,-3.9899907407201387,0.016436503190972014,4.929971229629678,143.5751097202301
-4.203124951564095,1.8287537434143732,5.0,-2.409482409309199,1.4579795857811115,4.962864710155159,-0.4489584558531935,0.0018362820134523218,-0.003862190974510335,0.8935423976886377,0.04447925834057383,-0.15548827394006368,-0.0015450522495034878,-0.00010712334486129294,-0.0012956073078385089,-0.0422617704316508,10880,15000000,13.18,0,2,4,-3.989173544698057,0.057443372876542616,4.931211297243023,-3.989173544698057,0.057443372876542616,4.931211297243023,143.8134481906891
-4.203124951564095,1.8287537434143732,5.0,-2.440381402050918,1.4686163221124031,4.962822685598231,-0.44501428344463906,0.0019343756453044972,-0.0038149065424692053,0.8955132563000892,0.05515144982004192,-0.1554319393637309,-0.0015306357623703433,-2.268388432646873e-06,-0.0012331029779488745,-0.04536002452368848,10880,230000000,12.73,0,2,4,-3.987469219043662,0.10306972971190584,4.932617203934575,-3.987469219043662,0.10306972971190584,4.932617203934575,144.0322926044464
-4.290931179713607,1.809258217798236,5.0,-2.478977310223414,1.479593718023329,4.962779548980666,-0.4398728304385946,0.0020362734658291052,-0.003764677229476609,0.8980498726895234,0.06657784818702692,-0.15521216719245653,-0.0015156022630768312,1.0393102556349731e-05,-0.001061503974142397,-0.0489735888550058,10880,432000000,12.29,0,2,4,-3.985611300219894,0.14465086817622172,4.933906814119644,-3.985611300219894,0.14465086817622172,4.933906814119644,144.28556275367737
-4.290931179713607,1.809258217798236,5.0,-2.5215157570854965,1.4903681891171137,4.962736014154308,-0.4343759522880866,0.002116155635441731,-0.003715284500576451,0.9007215166854983,0.06084638053137133,-0.15238656636165998,-0.0015734562169807391,0.00035569784415656613,-0.0006938782348697714,-0.03577189672796521,10880,666000000,11.71,0,2,4,-3.9837296867913676,0.19405438877561235,4.935447454718659,-3.9837296867913676,0.19405438877561235,4.935447454718659,144.5699474811554
-4.3777843609793425,1.7854702396286055,5.0,-2.555560074425623,1.505267526321586,4.962638509096975,-0.4321703281352125,0.0021181596964872625,-0.0036582200418668904,0.90178209025525,0.015041834412813915,-0.1462418209512061,-0.0018674591809181907,0.001054178449066967,0.0005598806978923676,-0.005260471107249032,10880,930000000,11.12,0,2,4,-3.985787569812996,0.244002481175527,4.937047324247302,-3.985787569812996,0.244002481175527,4.937047324247302,144.83193826675415
-4.3777843609793425,1.7854702396286055,5.0,-2.57796389938215,1.531413408642233,4.962398378404198,-0.43349234631597605,0.0018623884983163014,-0.003637136057513778,0.9011479836496614,-0.06231736471044631,-0.13648925370930626,-0.002400080779509273,0.0011074923463638697,0.002628426796036365,0.023305375907511916,10881,162000000,10.92,0,2,4,-3.997232577767079,0.2818772982637199,4.93827334016778,-3.997232577767079,0.2818772982637199,4.93827334016778,145.09461379051208
-4.463467114098955,1.757414147020783,5.0,-2.5885152049289495,1.5692246679177737,4.9620311457303625,-0.43667107953117884,0.0015177581003289011,-0.00366962957151507,0.8996124713065241,-0.12483160526141757,-0.12860033902741233,-0.0028455768785166885,0.0009068336339623784,0.0028835853072450846,0.033593448824831285,10881,401000000,11.14,0,2,4,-4.022655298587068,0.3076654773896512,4.939025501579041,-4.022655298587068,0.3076654773896512,4.939025501579041,145.3595688343048
-4.463467114098955,1.757414147020783,5.0,-2.5895465902547787,1.6205892323103184,4.96148892654502,-0.4409373216390387,0.001161973149540608,-0.0037296667884883423,0.8975293966159756,-0.17684621733411035,-0.12094780030967604,-0.0034986383158940094,0.0007129460527721676,0.002763177326414734,0.038838830369058996,10881,644000000,11.54,0,2,4,-4.060899703385695,0.3221489941789951,4.939282363826092,-4.060899703385695,0.3221489941789951,4.939282363826092,145.6492908000946
-4.54776098223119,1.7251254755365253,5.0,-2.5817401410244805,1.6888261424312274,4.960725864900936,-0.4461097640116543,0.0007823698541319301,-0.0038013652775715067,0.8949698408175015,-0.20167805909724407,-0.11502268425709336,-0.003679575561212847,0.0008917978504996427,0.0023962806380950497,0.0307719692500541,10881,909000000,12.03,0,2,4,-4.114432887950764,0.3269957153317599,4.939019467008835,-4.114432887950764,0.3269957153317599,4.939019467008835,145.9734387397766
-4.54776098223119,1.7251254755365253,5.0,-2.575792136639543,1.742720849736614,4.9602229486283695,-0.4486264802712392,0.0005448300980182735,-0.0038298320670604354,0.8937109805445729,-0.17897812931283785,-0.11611415557384777,-0.0031197960912839654,5.8651620093996826e-05,0.0008570615193548292,0.014165070206217933,10882,203000000,12.6,0,2,4,-4.187147669416507,0.32248042637899194,4.938128122808139,-4.187147669416507,0.32248042637899194,4.938128122808139,146.23529767990112
-4.630446991838981,1.6886511897017635,5.0,-2.577608975063122,1.7845933249671706,4.959867168206166,-0.4489578113703685,0.0006080432360291656,-0.0038021204254336,0.8935446590815828,-0.1203381427961497,-0.12387578447838832,-0.00264127994361793,8.277622285390862e-05,-0.0015134456248233619,-0.0034258531741215847,10882,441000000,12.84,0,2,4,-4.24507982282081,0.31802146022947164,4.937501991083171,-4.24507982282081,0.31802146022947164,4.937501991083171,146.49642539024353
-4.630446991838981,1.6886511897017635,5.0,-2.5908174285763326,1.822668819332442,4.9595265310039505,-0.44805299723686376,0.00082906488955236,-0.003677339606945151,0.893999050050886,-0.05780327846949781,-0.13203540084535606,-0.0022304599548239983,-6.0396462941980644e-05,-0.0021861700815861695,-0.011801609161921078,10882,677000000,12.89,0,2,4,-4.294765540057989,0.31932928324952553,4.937225215874495,-4.294765540057989,0.31932928324952553,4.937225215874495,146.7633044719696
-4.711306235361156,1.6480498898808675,5.0,-2.6123238024052604,1.8481789764076724,4.959292256874546,-0.4463679071637312,0.0010573910586083757,-0.00356623145981645,0.8948418046624749,-0.008315698069867159,-0.13815631281462606,-0.0018590782696085426,0.00011310171146305947,-0.002130721645698941,-0.020309819956310093,10882,922000000,12.64,0,2,4,-4.334584612479561,0.32773769156534444,4.937355016177356,-4.334584612479561,0.32773769156534444,4.937355016177356,147.02622938156128
-4.790120476949589,1.6033919925910052,5.0,-2.6411974827195395,1.8658503732668645,4.959114383582642,-0.4435582177633648,0.0012663422586856822,-0.003456054927766348,0.8962380038339188,0.03367636348259699,-0.14204559915623935,-0.0016907930431235858,-0.0003871597556326378,-0.0020541421690722927,-0.03260393932578154,10883,157000000,12.38,0,2,4,-4.366093635937786,0.34212876671645587,4.937856839955485,-4.366093635937786,0.34212876671645587,4.937856839955485,147.29066371917725
-4.790120476949589,1.6033919925910052,5.0,-2.6762875973033795,1.876679973984443,4.958957616921107,-0.4392944664879524,0.0014915740682545225,-0.003391650107792539,0.8983354850107004,0.07074891078307859,-0.1442516076623257,-0.0016966210957290932,-0.00017799362268533514,-0.0020930663367835223,-0.04576278734020889,10883,401000000,11.98,0,2,4,-4.391249307658379,0.3611608675794627,4.938679134786787,-4.391249307658379,0.3611608675794627,4.938679134786787,147.55353116989136
-4.866672780420349,1.5547598823221744,5.0,-2.713063979697571,1.8814225428455007,4.958807699693769,-0.4342448306751534,0.0016872822714101227,-0.003313168337920505,0.9007872129565386,0.09970047153489867,-0.14479515717750632,-0.0017974951529070547,-0.00011610750831891892,-0.002083370009131613,-0.054974354861769825,10883,640000000,11.42,0,2,4,-4.411470316506455,0.3837796651148082,4.939776009975124,-4.411470316506455,0.3837796651148082,4.939776009975124,147.8191101551056
-4.866672780420349,1.5547598823221744,5.0,-2.7608631879635,1.8819520252946977,4.95861670906419,-0.42733535248218846,0.0019068978669044196,-0.0032270407300935334,0.9040854198954739,0.12637145282209467,-0.14340628788690907,-0.0019379608457772985,-0.00023532134036940988,-0.0019483702317302232,-0.062158381479093805,10883,875000000,10.77,0,2,4,-4.426750395112789,0.406864537351147,4.940956916474315,-4.426750395112789,0.406864537351147,4.940956916474315,148.0918049812317
-4.940748158433628,1.502248032917247,5.0,-2.8081691105938065,1.878548377663421,4.958409517529731,-0.4202995878110728,0.002091298324425245,-0.003169560488099634,0.9073774500413115,0.14625190871971286,-0.14089921801477595,-0.002178080590089982,-2.1132071381657624e-05,-0.0017340849240099487,-0.06665172768407501,10884,123000000,9.91,0,2,4,-4.441828848896066,0.43618867422186525,4.942508452380782,-4.441828848896066,0.43618867422186525,4.942508452380782,148.36227226257324
-4.940748158433628,1.502248032917247,5.0,-2.8618706989492617,1.871625510434726,4.958125748877483,-0.41223584293519,0.0022515526319796153,-0.0030965213500099395,0.9110691257340398,0.16291186965906865,-0.1369414494731301,-0.0024593602763911377,0.00018874037834848423,-0.0015058536746437312,-0.06954098207643256,10884,364000000,9.04,0,2,4,-4.45376008765657,0.464374261824487,4.944029246197153,-4.45376008765657,0.464374261824487,4.944029246197153,148.65643072128296
-5.012134241778318,1.4459630965622292,5.0,-2.921848649479055,1.861130928702603,4.957779377309664,-0.40321979311413686,0.002384689854736033,-0.0030113477399156398,0.9150951007846553,0.17750668308821688,-0.13189677129330127,-0.0026432225666027107,0.00034775236770201445,-0.00127280804917973,-0.07087659105309285,10884,628000000,8.06,0,2,4,-4.465250378824606,0.4954586265387721,4.9457282531178315,-4.465250378824606,0.4954586265387721,4.9457282531178315,148.9723780155182
-5.012134241778318,1.4459630965622292,5.0,-2.9912599813792755,1.8470942056166137,4.957328611071369,-0.3932269626419243,0.002462583818451102,-0.00285829798575213,0.9194336961766021,0.17056345977940224,-0.12454330122817461,-0.00264379139068335,0.0016505868529748113,-0.0007346304698785389,-0.05796124314656481,10884,915000000,6.98,0,2,4,-4.476734560838785,0.5288522961016465,4.947607137197539,-4.476734560838785,0.5288522961016465,4.947607137197539,149.30752539634705
-5.080621967492752,1.3860239584408682,5.0,-3.0415382281947005,1.840497004711861,4.957006303814616,-0.3873842969587791,0.0023990492916393207,-0.0026650127622514603,0.9219113562264138,0.1268778342739773,-0.11799757108963724,-0.002267371928173726,0.0019728015786313335,0.0006161713372421218,-0.03552252201188821,10885,221000000,5.79,0,2,4,-4.489419018572631,0.5662731085656698,4.949787215117859,-4.489419018572631,0.5662731085656698,4.949787215117859,149.59526300430298
-5.146006284404249,1.3225617551199518,5.0,-3.074111582243208,1.8434936345330288,4.956754770886326,-0.3849949154052602,0.002169182703525483,-0.002548052615359701,0.9229126270597691,0.06567041271334167,-0.11257030470733657,-0.0019855993257703528,0.0019631211671367055,0.002010614321079629,-0.015446944962604903,10885,488000000,5.11,0,2,4,-4.499879555837733,0.5955802001664942,4.951520286269294,-4.499879555837733,0.5955802001664942,4.951520286269294,149.82706546783447
-5.146006284404249,1.3225617551199518,5.0,-3.0968651924151263,1.8549709425376713,4.956497326589147,-0.384025431806241,0.0018300966765771804,-0.002460361477994012,0.9233174238004944,0.010512504663378414,-0.10816590769468126,-0.0018568872374656361,0.0017553391558067233,0.002724299952205911,-0.00521381894031947,10885,700000000,4.83,0,2,4,-4.512005063853867,0.6169080343583042,4.952904066319074,-4.512005063853867,0.6169080343583042,4.952904066319074,150.07720518112183
-5.20808687451648,1.2557198547530424,5.0,-3.1103893917463847,1.8715816160084775,4.956255525678935,-0.3838521560620102,0.0015205523101285152,-0.002416942094856162,0.9233901497190277,-0.02975573405618793,-0.10509578464930916,-0.0017869417157026855,0.001451521529816091,0.002602953713903844,0.0007351565585622666,10885,924000000,4.71,0,2,4,-4.532648909803094,0.6304797921566778,4.953993089977356,-4.532648909803094,0.6304797921566778,4.953993089977356,150.30009412765503
-5.20808687451648,1.2557198547530424,5.0,-3.1192324659407555,1.8978651961957715,4.955928273851716,-0.38458137508144313,0.001182471991165108,-0.002389947705499,0.9230872417330993,-0.0703239354952366,-0.10167233037355664,-0.002037646035794225,0.0011492044450278627,0.002452541275488329,0.011167168759129709,10886,127000000,4.69,0,2,4,-4.563149089206612,0.6325658682767819,4.954412340247996,-4.563149089206612,0.6325658682767819,4.954412340247996,150.56144881248474
-5.266668888515909,1.1856537972215457,5.0,-3.1215219552788445,1.9296350793190522,4.955506232499971,-0.3862536044696742,0.000878858617000232,-0.002381000664693871,0.922389132350089,-0.10216542703827103,-0.0981219952034842,-0.0025019348106225564,0.0010701080100261606,0.0022277036805462558,0.018342405201110523,10886,364000000,4.77,0,2,4,-4.612849736146675,0.6236678626217687,4.954219047883975,-4.612849736146675,0.6236678626217687,4.954219047883975,150.83481287956238
-5.266668888515909,1.1856537972215457,5.0,-3.1183308373612837,1.9686300024744288,4.9549289734062985,-0.38868554848441444,0.0005855006265553423,-0.002360771278294802,0.9213672602970857,-0.11916723319829117,-0.09457164792439829,-0.0027689925890172985,0.0011916751077478693,0.0019132113266095985,0.016027854871936142,10886,613000000,4.97,0,2,4,-4.673695650241542,0.6051357550385036,4.953411699172141,-4.673695650241542,0.6051357550385036,4.953411699172141,151.1086130142212
-5.321563693507126,1.112531192373411,5.0,-3.116430714499358,2.002831700120669,4.954465674296733,-0.3895132092486542,0.0003672858006925775,-0.0023247249705565494,0.9210178720175661,-0.0878310795282875,-0.0933943792028048,-0.002295770375998054,0.00032357856127873674,0.0005981896890716598,-0.002491546899818786,10886,864000000,5.26,0,2,4,-4.7443014227229705,0.5804183554013066,4.952305969543182,-4.7443014227229705,0.5804183554013066,4.952305969543182,151.36935949325562
-5.321563693507126,1.112531192373411,5.0,-3.123315788086861,2.025470917777879,4.954069446388597,-0.38813574910686455,0.00042782415839773724,-0.0022724330491926993,0.9215993127600407,-0.020205852545412017,-0.09481505301987457,-0.0022618015491405368,0.0003093518301966469,-0.0014967880247240828,-0.02082341306959279,10887,101000000,5.34,0,2,4,-4.8056680117645225,0.5596918946784846,4.951402024805042,-4.8056680117645225,0.5596918946784846,4.951402024805042,151.624746799469
-5.372589630922011,1.0365315745723227,5.0,-3.1403221504381693,2.038083751983873,4.953678646393918,-0.38557052760877625,0.0005912753723701436,-0.0021642270749847497,0.9226756389729229,0.04205033454234356,-0.09559095527849372,-0.002162186711719419,0.00029983440015257656,-0.0019608767161116702,-0.0286263470115955,10887,330000000,5.15,0,2,4,-4.853770432191621,0.5461420973392248,4.950867498031214,-4.853770432191621,0.5461420973392248,4.950867498031214,151.8772578239441
-5.372589630922011,1.0365315745723227,5.0,-3.1689111779919297,2.0418720767829437,4.953235601707325,-0.38201033175175103,0.0007961776564015733,-0.0020480601716218803,0.9241554403808862,0.0994914774245539,-0.09520005266090822,-0.0023224196795952213,-5.580164845753188e-05,-0.002098260779348493,-0.03525750944390893,10887,554000000,4.81,0,2,4,-4.8945921044761835,0.5373606220724595,4.950626190588232,-4.8945921044761835,0.5373606220724595,4.950626190588232,152.12788653373718
-5.419572782380206,0.9578462118343007,5.0,-3.2096290357215738,2.0360501422240325,4.952722823104327,-0.3773321899689782,0.001054691382983403,-0.0019468761672553666,0.926075329394154,0.15030910625999383,-0.09267297697446901,-0.0024961464073589546,0.00025932356493285624,-0.0022526310431203456,-0.04181966869509779,10887,784000000,4.35,0,2,4,-4.932243858823689,0.5322297268930648,4.950651290498248,-4.932243858823689,0.5322297268930648,4.950651290498248,152.42287230491638
-5.419572782380206,0.9578462118343007,5.0,-3.254044038781276,2.023473165739341,4.952231655111796,-0.3724509438993424,0.001275182667473857,-0.0018263464016796767,0.9280492081546508,0.1857220606151721,-0.08910210455776153,-0.0026403752408560082,0.00024362485930851108,-0.0021296358909239643,-0.04556834610411897,10888,53000000,3.75,0,2,4,-4.966537397676786,0.5307536321597686,4.950969051121797,-4.966537397676786,0.5307536321597686,4.950969051121797,152.67660665512085
-5.46234774110858,0.8766778679051002,5.0,-3.3075607885771356,2.0037787549115715,4.951688531739016,-0.366749293725065,0.0015056042093674858,-0.001701888886108454,0.9303170385854223,0.21457651119953725,-0.08351319234457535,-0.002819290014823922,0.0003884805863663132,-0.0020209309241181472,-0.04814272506337147,10888,286000000,3.13,0,2,4,-4.993488149891285,0.5322448658854673,4.951471587059964,-4.993488149891285,0.5322448658854673,4.951471587059964,152.97671055793762
-5.46234774110858,0.8766778679051002,5.0,-3.3603460503897504,1.9814062927102272,4.95115938922939,-0.36132853234930634,0.0016902111660364802,-0.00158832218202129,0.9324356879319646,0.2335865259279414,-0.07783975228889063,-0.0030930007266319953,0.00033523647857691685,-0.0017642860257183202,-0.04862144742219243,10888,555000000,2.41,0,2,4,-5.018767514736662,0.5360040742469495,4.952171862852067,-5.018767514736662,0.5360040742469495,4.952171862852067,153.24354910850525
-5.500758386356226,0.7932405157210881,5.0,-3.424728366921734,1.9513633149043463,4.950454722915571,-0.355017980890127,0.0018760945886050712,-0.00146830518385979,0.9348564368894716,0.24992231095566536,-0.07042561157057754,-0.0036054097951591065,0.0006170965207275003,-0.001498516280662443,-0.047346324572572485,10888,795000000,1.74,0,2,4,-5.039272124568462,0.5408511432309484,4.952926956734521,-5.039272124568462,0.5408511432309484,4.952926956734521,153.55514883995056
-5.500758386356226,0.7932405157210881,5.0,-3.4908510930445877,1.9183412350907485,4.94965065136623,-0.34899145250852065,0.002007197278521515,-0.0013276650078771054,0.9371228172127197,0.25806359804477963,-0.06347226904538748,-0.0039694634152937,0.0010132116358363419,-0.0011818849770861561,-0.04376352335384581,10889,76000000,0.95,0,2,4,-5.060624670346211,0.5474374558830637,4.953918152959487,-5.060624670346211,0.5474374558830637,4.953918152959487,153.86511826515198
-5.53465865806953,0.7077590007991627,5.0,-3.569690196608423,1.8776965644294314,4.948632092745376,-0.3426732775493816,0.002076122036611499,-0.0011077018494737396,0.9394516951751516,0.23973396221692106,-0.056156603072999765,-0.003711517474016335,0.0014297693837761472,-0.0004131979181920542,-0.033037311004591174,10889,354000000,0.21,0,2,4,-5.079855832429879,0.5544750591814265,4.955007896567701,-5.079855832429879,0.5544750591814265,4.955007896567701,154.22767305374146
-5.563913328919968,0.6204686532182451,5.0,-3.633971224001976,1.8465313288089016,4.947858432314026,-0.33856379210412546,0.001966920891597574,-0.0009026767645763554,0.940940951958697,0.1858915747075741,-0.05187073680079298,-0.0028883906584116024,0.0017281813370573218,0.0010879643809857953,-0.019779459580604453,10889,682000000,0.57,0,2,4,-5.10137032776527,0.562610257573553,4.956427099056157,-5.10137032776527,0.562610257573553,4.956427099056157,154.5860686302185
-5.563913328919968,0.6204686532182451,5.0,-3.676248835886601,1.8300822152830647,4.9473079176056975,-0.3365957355503879,0.0016780806865370392,-0.0007857280795462748,0.9416474273770876,0.12220678831916236,-0.049404346338085575,-0.0022624685529194872,0.00131094120661146,0.0023705320700173615,-0.01036637631841586,10890,7000000,1.1,0,2,4,-5.1205801935384105,0.5689088130729619,4.957770216386948,-5.1205801935384105,0.5689088130729619,4.957770216386948,154.89551043510437
-5.588398770606261,0.5316148469865358,5.0,-3.700853095962654,1.8249734961604929,4.9469027867824105,-0.33577847817902184,0.0013177611539529606,-0.0007645967276475485,0.9419397499252089,0.0673166811319158,-0.047614634741114374,-0.0018400490451830707,0.0011934408917113615,0.002891856684072991,-0.00453575103165349,10890,291000000,1.39,0,2,4,-5.136974781488044,0.5729734887229185,4.95892405634617,-5.136974781488044,0.5729734887229185,4.95892405634617,155.14669966697693
-5.608003711183438,0.44145250573565586,5.0,-3.714929181442596,1.826791314794275,4.946562269748449,-0.3355725006331792,0.0009848627392097433,-0.0007500654727870342,0.9420135690455665,0.02473475754829957,-0.046090555994995716,-0.0016459545142396813,0.00140633294449799,0.00267796879143134,0.00015843359690848047,10890,521000000,1.54,0,2,4,-5.151841624333994,0.5745307152178231,4.9598895510383185,-5.151841624333994,0.5745307152178231,4.9598895510383185,155.39533257484436
-5.608003711183438,0.44145250573565586,5.0,-3.7225823488456147,1.8344313470841882,4.946194855576706,-0.3358799350100706,0.0006464671956149123,-0.0006885696903069147,0.9419043354871965,-0.012631854398586963,-0.04350318300700385,-0.0016472420708276343,0.0015675770441703207,0.002284944685015944,0.004763319611811312,10890,745000000,1.62,0,2,4,-5.170664728569103,0.5705471017658535,4.960684687058487,-5.170664728569103,0.5705471017658535,4.960684687058487,155.66878938674927
-5.62262998000515,0.3502455538454226,5.0,-3.7238402150209002,1.844265943958874,4.945856362905228,-0.3364708451635701,0.00040078735944710077,-0.0006206932498266942,0.9416935937258439,-0.03791867005221544,-0.040785523234474444,-0.0018343076530762264,0.0013397934026215808,0.0019193812704543234,0.0072917123816296225,10890,991000000,1.63,0,2,4,-5.200436408611711,0.5574529012792114,4.961262056892064,-5.200436408611711,0.5574529012792114,4.961262056892064,155.88814854621887
-5.62262998000515,0.3502455538454226,5.0,-3.719546523602387,1.8609007820004313,4.945323177607207,-0.33759314691715175,0.00012941803118545072,-0.0005547451530038905,0.941291953999057,-0.0665943706075858,-0.037104269750564293,-0.00232757188571195,0.0010455356459715404,0.0016573629523009004,0.01038404425344197,10891,193000000,1.59,0,2,4,-5.23275292255233,0.5394310010941011,4.9614827497700285,-5.23275292255233,0.5394310010941011,4.9614827497700285,156.15548300743103
-5.6321932367033956,0.25826631228190566,5.0,-3.711570212706046,1.8775146428184744,4.944785565346439,-0.3387064055243901,-5.638665447670147e-05,-0.0005035592756267946,0.9408919779152909,-0.07545993019618648,-0.03318231246509869,-0.002525720418513195,0.001431833175047359,0.0007094217323810881,0.009232684442395112,10891,438000000,1.48,0,2,4,-5.281245530471082,0.50956869607319,4.961533925684496,-5.281245530471082,0.50956869607319,4.961533925684496,156.3993422985077
-5.6321932367033956,0.25826631228190566,5.0,-3.7072613050535295,1.889772728198989,4.944314515870636,-0.3391994375855276,-3.996836324800997e-05,-0.0003277981680898605,0.9407144266420882,-0.024584668722719975,-0.027793983684169198,-0.001937542184922971,0.0014615867485190392,-0.0014423129414353753,0.0010550345223236945,10891,657000000,1.36,0,2,4,-5.323992448619261,0.4819974811536035,4.961485267038465,-5.323992448619261,0.4819974811536035,4.961485267038465,156.64089822769165
-5.6366236804729155,0.16579483862679936,5.0,-3.711974540224955,1.8923071706340864,4.94394928396375,-0.33897052953475526,7.028824928438746e-05,-0.00014324217067445053,0.9407969784433675,0.03982498673921634,-0.022236731409354317,-0.0017545511903127448,0.001249360423116741,-0.0017541840065860015,-0.004669849658966996,10891,877000000,1.31,0,2,4,-5.3626475866936705,0.4568409562061266,4.961482539539301,-5.3626475866936705,0.4568409562061266,4.961482539539301,156.87825345993042
-5.6366236804729155,0.16579483862679936,5.0,-3.728954956055713,1.88424931099013,4.943555370435771,-0.33829951392183455,0.000215643526862669,5.897762254442008e-05,0.9410384630288815,0.10704689685155167,-0.016362114742977524,-0.001610132659182149,0.0014647301100012555,-0.0017199514104504487,-0.006354328661473119,10892,92000000,1.33,0,2,4,-5.393207049919715,0.43698654631377293,4.961531338244766,-5.393207049919715,0.43698654631377293,4.961531338244766,157.13570594787598
-5.635866735777037,0.07311821098866865,5.0,-3.7511117601309905,1.8694974989758255,4.9432499152613305,-0.33774145236509484,0.0003345125459662689,0.0002513939579717183,0.9412388306146058,0.15392190330320007,-0.01120958965491028,-0.0016083464248891556,0.001254204278211546,-0.0017567433246767905,-0.005585899907600833,10892,326000000,1.41,0,2,4,-5.424623476159478,0.41633499238978794,4.9616467348109365,-5.424623476159478,0.41633499238978794,4.9616467348109365,157.3759274482727
-5.635866735777037,0.07311821098866865,5.0,-3.782100571164812,1.8464657867127003,4.942946384610775,-0.33728747409340304,0.00048069787353267413,0.0004234946654772943,0.9414014815165284,0.19337715454923357,-0.006384812025966406,-0.0015145981923460948,0.0011886231732205488,-0.0017522940538583498,-0.0033356992616973002,10892,535000000,1.47,0,2,4,-5.447053386403852,0.40110076857069765,4.961784476695522,-5.447053386403852,0.40110076857069765,4.961784476695522,157.60795617103577
-5.629883710449162,-0.01947024428380043,5.0,-3.8252080568562725,1.8120906022780108,4.942621699263786,-0.33715418380096857,0.0006374938489446386,0.0006565922370126685,0.9414489995925055,0.22734799985719398,-0.00031432703515533523,-0.001635452131775076,0.0011526590810717607,-0.0017000467551042675,0.000743021462312754,10892,746000000,1.53,0,2,4,-5.468392459132076,0.3859804051658235,4.961974243291303,-5.468392459132076,0.3859804051658235,4.961974243291303,157.90912055969238
-5.629883710449162,-0.01947024428380043,5.0,-3.8808248337078646,1.7653257428970062,4.942213013084464,-0.33750688348362107,0.0008071165837492691,0.0008917604360338116,0.9413222917403572,0.2544626414495524,0.005609599365645448,-0.0019875611965635065,0.0012143972071498865,-0.0015135243756958516,0.004532321599981515,10893,16000000,1.56,0,2,4,-5.489865720201666,0.369588404783474,4.962243988719474,-5.489865720201666,0.369588404783474,4.962243988719474,158.22794389724731
-5.61865242203085,-0.11167178091919192,5.0,-3.9363169243129676,1.7165682936760074,4.941791186970908,-0.3383135994569535,0.0009390628017774281,0.0010985018547328038,0.9410323160642302,0.26883653503719235,0.010506438004979062,-0.0022535251056415564,0.000931733558218184,-0.0012515988373706932,0.007461995119228959,10893,308000000,1.54,0,2,4,-5.510538859207953,0.352281827331657,4.962651983794832,-5.510538859207953,0.352281827331657,4.962651983794832,158.52626419067383
-5.61865242203085,-0.11167178091919192,5.0,-3.999420887292924,1.6590734342406772,4.941276309775805,-0.3396240220219925,0.0010425417573592742,0.0012733557281587413,0.9405598414441682,0.2537305106499928,0.014643415303764628,-0.002331342436062035,0.0006821951387792069,-0.0005609539698525623,0.010075960835820297,10893,582000000,1.46,0,2,4,-5.526633647866749,0.3369901568876747,4.963093835368041,-5.526633647866749,0.3369901568876747,4.963093835368041,158.89080500602722
-5.60216778806488,-0.2031831166393795,5.0,-4.053123421291394,1.6074631558247907,4.940786516891465,-0.3412459525473422,0.0010205684358448569,0.0013769099300952857,0.9399724796126583,0.20451919580720004,0.01786515000370755,-0.002084977021980847,0.0006753035393103346,0.0006912146659487917,0.010926323375315405,10893,916000000,1.34,0,2,4,-5.542017454090819,0.3199522863134719,4.963627575997293,-5.542017454090819,0.3199522863134719,4.963627575997293,159.23257970809937
-5.5804423759517086,-0.2936973719598432,5.0,-4.089126122051194,1.5698013312542927,4.9403560827731745,-0.3427495323507053,0.000808161775028122,0.0014035807756292455,0.9394254280723535,0.13953174110137828,0.02046544595986748,-0.0019206522528786862,0.0006888012705985602,0.0020514939933491405,0.010069253312394721,10894,233000000,1.19,0,2,4,-5.5548260167237995,0.3027904988347658,4.964184040200051,-5.5548260167237995,0.3027904988347658,4.964184040200051,159.5474579334259
-5.5804423759517086,-0.2936973719598432,5.0,-4.107825598844657,1.5458901419837798,4.939874032378553,-0.343993137976843,0.0004474460250644031,0.0013915888046984839,0.938971024205485,0.07649377074466371,0.024172233499195353,-0.0020762750530065772,0.0012439062402336276,0.0026298879902242334,0.008864642404660117,10894,522000000,1.09,0,2,4,-5.564924419961313,0.2861561913150491,4.964688084985019,-5.564924419961313,0.2861561913150491,4.964688084985019,159.85224962234497
-5.553506907881683,-0.38290506286009296,5.0,-4.1129814542488905,1.5347295739045541,4.939477002825869,-0.3447892734910296,0.00016407729272102103,0.0014100742002701293,0.9386790408094343,0.03798127659680646,0.027380465110558166,-0.0021937069011268425,0.000988388012501673,0.0024890027361834655,0.008029005675780354,10894,802000000,1.03,0,2,4,-5.572930322951822,0.27003722065937463,4.96514860422968,-5.572930322951822,0.27003722065937463,4.96514860422968,160.08042931556702
-5.5214107162752395,-0.47049514599288356,5.0,-4.111873394717763,1.5272503953640362,4.938987046708604,-0.3454300045206687,-0.00010862144550939353,0.001405331480104912,0.938443458723893,0.001181168185214471,0.030809448531568712,-0.0024686431914096372,0.0010299306268279906,0.002171151800212101,0.0047081262437131954,10895,13000000,1.01,0,2,4,-5.578752824365705,0.2572866503826032,4.965485502940006,-5.578752824365705,0.2572866503826032,4.965485502940006,160.31949496269226
-5.5214107162752395,-0.47049514599288356,5.0,-4.102613511635054,1.5236932294918761,4.938275256115538,-0.3457005635649567,-0.000403795221208301,0.0014608487829916024,0.9383436594452609,-0.035052186846320624,0.036191588516734534,-0.003140432726580188,0.0013596089047496207,0.001835082184697967,4.395913792976103e-05,10895,232000000,1.0,0,2,4,-5.587937021164023,0.23990083582748264,4.965840936040031,-5.587937021164023,0.23990083582748264,4.965840936040031,160.59343886375427
-5.484222145100808,-0.5561561147666688,5.0,-4.084345304127202,1.524737742744579,4.937340154572919,-0.34542553907876317,-0.0006829141527942395,0.0015402580285424825,0.9384446484399659,-0.06697823849748732,0.04222695946076517,-0.0037529911186975086,0.0010808810998241825,0.0015097357163540437,-0.004297067380321096,10895,486000000,1.03,0,2,4,-5.604579542808332,0.2128665330614276,4.9662043656083625,-5.604579542808332,0.2128665330614276,4.9662043656083625,160.90318393707275
-5.484222145100808,-0.5561561147666688,5.0,-4.061530431474566,1.528919374887956,4.936362210718198,-0.3447739474815094,-0.0008739833123092555,0.0016131125194433253,0.9386839506240565,-0.07302063952543923,0.04696679426016386,-0.0038393314882434445,0.00120194807777807,0.000300480556347793,-0.0032863647447811672,10895,764000000,1.08,0,2,4,-5.628246166981937,0.1772732066833123,4.966547113683121,-5.628246166981937,0.1772732066833123,4.966547113683121,161.1912875175476
-5.442028892397166,-0.6395771442850378,5.0,-4.043494262997655,1.5272637950319765,4.935551801620545,-0.3448735164159486,-0.0008445444612229912,0.0017825578967537907,0.9386470939106433,-0.01858233219378541,0.05207553751253926,-0.002882712255473918,0.0012950266523148457,-0.0013153059057913197,0.005764303114119684,10896,26000000,1.15,0,2,4,-5.6511673154845035,0.14193818772725975,4.966851234185265,-5.6511673154845035,0.14193818772725975,4.966851234185265,161.47091007232666
-5.442028892397166,-0.6395771442850378,5.0,-4.038761196600433,1.5142515198715363,4.935007766484042,-0.3460542552902986,-0.0007174807268019726,0.00198132508818168,0.9382121359094533,0.05416622441521653,0.05598838608415165,-0.0021220286042777313,0.0011971565641033521,-0.0016928011177697044,0.014026513781573158,10896,281000000,1.13,0,2,4,-5.6706503642321096,0.10848303575430432,4.967132430710547,-5.6706503642321096,0.10848303575430432,4.967132430710547,161.7307324409485
-5.394938289305385,-0.7204492827602554,5.0,-4.044703302164743,1.492318338849031,4.934679691301996,-0.347771514626965,-0.0005923488513923845,0.002156923999949519,0.9375766477551385,0.11201702331923039,0.05978051722371236,-0.001469734452693689,0.0011150606951559894,-0.0016617179767308699,0.018925064978247974,10896,518000000,1.03,0,2,4,-5.684519386956755,0.08001977473427839,4.967362797328384,-5.684519386956755,0.08001977473427839,4.967362797328384,161.97235202789307
-5.394938289305385,-0.7204492827602554,5.0,-4.057215248542304,1.4653939918625651,4.9345008783402315,-0.349759120650911,-0.0004726267330703774,0.0023131872269005547,0.9368366897759319,0.155077830834413,0.06197143872318669,-0.0010668287938695262,0.0010136200103261217,-0.001711413847260701,0.02304175668541575,10896,741000000,0.91,0,2,4,-5.694001626168865,0.05553030811724942,4.967533171392933,-5.694001626168865,0.05553030811724942,4.967533171392933,162.21080708503723
-5.343077510917503,-0.7984666866361086,5.0,-4.079020801544197,1.4260991572693869,4.934394993823544,-0.35272606003390194,-0.00032870092285464505,0.0024975920096393287,0.9357232392982537,0.19367728667079068,0.06472334604972244,-0.000762719235787978,0.0010285905545970309,-0.0017098686839744914,0.02908790502260672,10896,955000000,0.84,0,2,4,-5.700303328051196,0.03435482192973408,4.967663904774878,-5.700303328051196,0.03435482192973408,4.967663904774878,162.45754551887512
-5.343077510917503,-0.7984666866361086,5.0,-4.111044119684535,1.3731964098629483,4.9344075548658,-0.3569233956437639,-0.0001724666039008985,0.00271163368892111,0.9341297056298621,0.22501780024586884,0.06633018698263837,-0.000554445353951882,0.0011439609693297825,-0.00161138085559287,0.034722094278549775,10897,181000000,0.86,0,2,4,-5.70531645214255,0.009896648651741972,4.967815946789054,-5.70531645214255,0.009896648651741972,4.967815946789054,162.7733039855957
-5.286593714276308,-0.8733278962592992,5.0,-4.1499718556173235,1.3107606555705054,4.934448881315041,-0.3619948284954131,-2.95195708623088e-05,0.002914511238390545,0.932175546179695,0.23803027749120637,0.06806400763987733,-0.0006677785789691291,0.0005039525944994239,-0.0013057889191259164,0.0358269338903483,10897,469000000,1.12,0,2,4,-5.70816612149057,-0.017673301722588866,4.967973702209219,-5.70816612149057,-0.017673301722588866,4.967973702209219,163.10669374465942
-5.2256540989155775,-0.9447371485293901,5.0,-4.186759502556967,1.2485496867200858,4.9345253316838305,-0.36676391910524697,7.720224446675322e-05,0.003031498533576542,0.9303091054585106,0.21554340336764194,0.07069295131002859,-0.0007587123674654951,0.0003792115109035876,-0.000563168157441396,0.0305608642520383,10897,771000000,1.61,0,2,4,-5.7081793319723655,-0.04644108562924835,4.968122337751344,-5.7081793319723655,-0.04644108562924835,4.968122337751344,163.42624354362488
-5.2256540989155775,-0.9447371485293901,5.0,-4.213309980792815,1.1933493200792828,4.93448147006757,-0.3704885124749785,4.303142916665232e-05,0.0030955203992320867,0.9288318890013584,0.16044591532333863,0.07656723167964573,-0.0013123758443245458,0.000671282435860121,0.0009383702831655683,0.022003441881679464,10898,68000000,2.13,0,2,4,-5.705516227377963,-0.07474903974240561,4.9682077748089535,-5.705516227377963,-0.07474903974240561,4.9682077748089535,163.76102948188782
-5.160445885414503,-1.0124057225364496,5.0,-4.222954380081939,1.157711688405732,4.934282167401649,-0.37258065884865926,-0.00015372068156636323,0.00309975245811937,0.9279946231291156,0.1051085003008525,0.0826167240133123,-0.0018588713311553623,0.0005762770911132975,0.0018642335362528684,0.01563841269671684,10898,374000000,2.56,0,2,4,-5.700594297721796,-0.10282767814749916,4.968248176349602,-5.700594297721796,-0.10282767814749916,4.968248176349602,164.02404928207397
-5.160445885414503,-1.0124057225364496,5.0,-4.222330211336496,1.1322880770391415,4.933941671847033,-0.3738108742426327,-0.00040518768157672626,0.0030662425732013382,0.9274997920632562,0.05461963954922298,0.08779043228518761,-0.0024979087721431334,0.0007977945585935231,0.0023352081370831,0.00908490637812065,10898,616000000,2.82,0,2,4,-5.695188887943962,-0.1252610140551355,4.968300673775638,-5.695188887943962,-0.1252610140551355,4.968300673775638,164.24450254440308
-5.091176207556139,-1.076053313764426,5.0,-4.213386375152169,1.1131148373109916,4.93344270464825,-0.3742602540245787,-0.0006884377724508876,0.003068063279493152,0.9273183786049988,0.01094343493608312,0.09363546813460191,-0.003217525833880417,0.0009251925234821101,0.0023044074168865336,6.862268548957218e-05,10898,819000000,2.98,0,2,4,-5.689208445871309,-0.14586680243241418,4.96836400236366,-5.689208445871309,-0.14586680243241418,4.96836400236366,164.49899673461914
-5.091176207556139,-1.076053313764426,5.0,-4.197259491415358,1.0992746813206833,4.93276888496149,-0.3737353866220973,-0.0009401813496613958,0.003068688472897887,0.9275298162304635,-0.026502144823445088,0.09837521829824122,-0.004061864171774234,0.0009016108549531054,0.0019779453623414156,-0.009365586447529495,10899,52000000,3.05,0,2,4,-5.683240659105277,-0.1674147234180679,4.968441549472403,-5.683240659105277,-0.1674147234180679,4.968441549472403,164.7320363521576
-5.018071913829636,-1.1354094319985468,5.0,-4.170188896841366,1.0886579008673083,4.931744788323313,-0.37179596065960185,-0.0012000480644523738,0.003098360983091287,0.9283085282819851,-0.06475678737778544,0.10401304207669007,-0.0050482561478711685,0.0011613293736445485,0.0017160488482659275,-0.021902354092162568,10899,267000000,3.01,0,2,4,-5.680720892403844,-0.19286139874345645,4.968532778982153,-5.680720892403844,-0.19286139874345645,4.968532778982153,165.00056219100952
-5.018071913829636,-1.1354094319985468,5.0,-4.138778279013776,1.0833927345042225,4.930616612201347,-0.36891818711139185,-0.0014191264572343547,0.0031493148637752578,0.9294554530016117,-0.08853482755630437,0.10738951979102392,-0.0055771937363595005,0.0009677712228040036,0.001592812054695969,-0.025931319396477193,10899,519000000,2.8,0,2,4,-5.684719616813293,-0.2304771919371046,4.9686511505761395,-5.684719616813293,-0.2304771919371046,4.9686511505761395,165.2845425605774
-4.941379274201433,-1.1902148176291472,5.0,-4.105558690383111,1.0788263219898873,4.929519544002301,-0.36640784424088063,-0.0016127530296284063,0.003177028192830697,0.9304475252255109,-0.07760007995201831,0.10890736845577287,-0.00504651696669716,0.0003150553482100804,0.0007841415651910211,-0.014576781268260675,10899,777000000,2.43,0,2,4,-5.69469472272434,-0.2746383225862337,4.968811452831919,-5.69469472272434,-0.2746383225862337,4.968811452831919,165.53596830368042
-4.861363588304209,-1.2402228705937084,5.0,-4.082643208045375,1.0676807499490166,4.92874389600977,-0.3664862174673915,-0.0015608163931962842,0.00321794837020181,0.9304166061861305,-0.010197632430779788,0.10745615820420798,-0.003677790489215506,0.00024343337372556562,-0.0013381979783844145,0.010766459399746964,10900,3000000,2.22,0,2,4,-5.703600015945775,-0.313262035548998,4.968968087434369,-5.703600015945775,-0.313262035548998,4.968968087434369,165.78585243225098
-4.861363588304209,-1.2402228705937084,5.0,-4.069454678364333,1.044750547162361,4.928220962019445,-0.36842635235756743,-0.0013986611894602316,0.00331559040830503,0.929649973643639,0.05555808515028802,0.10725943348376406,-0.002301445114920703,0.0004715472442740065,-0.0017384933585162798,0.022019344032742083,10900,235000000,2.23,0,2,4,-5.709239081776743,-0.3494266664058805,4.969103787062806,-5.709239081776743,-0.3494266664058805,4.969103787062806,166.04111766815186
-4.778308691455196,-1.2852010857470126,5.0,-4.066398041495817,1.0120542556395986,4.928005079391324,-0.3712685820798645,-0.0012359640290463133,0.0034387418424953404,0.9285183290640344,0.10889030614118833,0.10791606979077506,-0.001153533251167534,0.000377331534195946,-0.0017330450305053091,0.028623179787246045,10900,471000000,2.43,0,2,4,-5.71082534813826,-0.3853863741139645,4.9691981418509155,-5.71082534813826,-0.3853863741139645,4.9691981418509155,166.30395412445068
-4.778308691455196,-1.2852010857470126,5.0,-4.071270393785395,0.9715207578204078,4.928057166574644,-0.37482247510948546,-0.0010737758852074435,0.0035545877976812376,0.9270891672669548,0.1503725041076548,0.10773673909592918,-0.00019090770478575613,0.0008588326295466686,-0.0017285787407672615,0.03485502929834183,10900,712000000,2.75,0,2,4,-5.708246165946936,-0.41808923999809405,4.969242373829184,-5.708246165946936,-0.41808923999809405,4.969242373829184,166.55060338974
-4.692516355220243,-1.3249324879979623,5.0,-4.08078568556555,0.9291578123684514,4.928310657205892,-0.3786654996859831,-0.0009485627029727798,0.00370882786187938,0.9255256799096685,0.1778170772911792,0.10747656076961169,0.000510562384416223,0.000756160108039694,-0.0016825976786094543,0.039993606696953066,10900,939000000,3.17,0,2,4,-5.701992806264185,-0.448120972334215,4.969273600546153,-5.701992806264185,-0.448120972334215,4.969273600546153,166.78879570960999
-4.692516355220243,-1.3249324879979623,5.0,-4.096333250777622,0.8746180577412076,4.928782490252649,-0.3837797768000778,-0.0008115748027590281,0.0038650576351435782,0.9234162038837627,0.20018757907393034,0.10598295403384383,0.0009397902330843686,0.000723505752375786,-0.001494085188369354,0.04496828623814508,10901,160000000,3.64,0,2,4,-5.693547255152443,-0.47367063128178527,4.969308483157544,-5.693547255152443,-0.47367063128178527,4.969308483157544,167.0860137939453
-4.604305579587888,-1.3592170601044367,5.0,-4.118896024926762,0.8034558516428874,4.9295114321229185,-0.39062452459760005,-0.0006771234222031791,0.0040042181217887565,0.9205411389633833,0.20917382852013922,0.10513171284486048,0.0012028332447651144,-7.971182602872773e-06,-0.0010494830348761752,0.04503977397689596,10901,434000000,4.27,0,2,4,-5.680569976914347,-0.5019350062457775,4.969321109871623,-5.680569976914347,-0.5019350062457775,4.969321109871623,167.43744277954102
-4.604305579587888,-1.3592170601044367,5.0,-4.139507472643221,0.7294901858338615,4.930335688642451,-0.3968832706163031,-0.0005894154673546691,0.004035228722624427,0.91786003237066,0.17737512886634751,0.10907024623072441,0.0009426990528984368,-0.00015026445367993801,-0.00019617308595343275,0.02973185710288817,10901,743000000,5.14,0,2,4,-5.660775796163291,-0.5343776141562571,4.969307483203691,-5.660775796163291,-0.5343776141562571,4.969307483203691,167.8158369064331
-4.514011774210335,-1.3878731555776789,5.0,-4.145503738531749,0.6768230552888745,4.9308410471051225,-0.39981318880313843,-0.0006240422948886298,0.0040273010821315625,0.9165875874548346,0.12150359198563018,0.11686557967332759,6.918950678270653e-05,0.0004757208841965621,0.0010541789720264205,0.013800402484775987,10902,91000000,5.95,0,2,4,-5.635853045431078,-0.5666246643488455,4.969270660171314,-5.635853045431078,-0.5666246643488455,4.969270660171314,168.12916016578674
-4.421985826607609,-1.4107388887183527,5.0,-4.136137942308701,0.6366716791178215,4.930956595017424,-0.40047270596216133,-0.0008874229001982312,0.0040047690618505195,0.9162995067578621,0.04707177249963823,0.12691429386956762,-0.0014926003627283514,0.0010057345434688614,0.0022366772554960335,-0.0026465299242772744,10902,377000000,6.29,0,2,4,-5.611002400239362,-0.5935384312076644,4.969240998379188,-5.611002400239362,-0.5935384312076644,4.969240998379188,168.4193081855774
-4.421985826607609,-1.4107388887183527,5.0,-4.117814237020524,0.6140200205670525,4.930715085883894,-0.39966407508617496,-0.0011646510383967335,0.00400129356002816,0.9166522024864815,-0.005602772816616914,0.1347010998781019,-0.002822433149215778,0.0010619975000736304,0.002362697910029965,-0.013374646641750587,10902,639000000,6.51,0,2,4,-5.5876280459369685,-0.615972772268157,4.96921420443762,-5.5876280459369685,-0.615972772268157,4.96921420443762,168.6689076423645
-4.328593055717535,-1.4276734933920339,5.0,-4.090973685258316,0.5981148671630013,4.9301951208724795,-0.39759355109196,-0.0014312593645777873,0.0040117867591714035,0.9175517561389741,-0.05178276656298292,0.14158643152575706,-0.004144751991580739,0.0012359696711428114,0.0021785342823932297,-0.027031042736780364,10902,867000000,6.45,0,2,4,-5.572461007905046,-0.6397425221310257,4.969205810033037,-5.572461007905046,-0.6397425221310257,4.969205810033037,168.90255975723267
-4.328593055717535,-1.4276734933920339,5.0,-4.0601996675481375,0.5887781560805683,4.929455637904329,-0.39433694593511004,-0.0016626931137986598,0.004051203241156562,0.9189554919986485,-0.08871902427942424,0.1457989311538916,-0.00558339159183154,0.0013817223020851088,0.0020491733948801993,-0.04170540014456492,10903,78000000,6.22,0,2,4,-5.566731111300092,-0.6729646482889136,4.969121855048039,-5.566731111300092,-0.6729646482889136,4.969121855048039,169.13777112960815
-4.234212049709711,-1.4385586417559681,5.0,-4.012744210607101,0.5826031394479405,4.928147150509135,-0.38839094665758345,-0.001943278295295815,0.004118845424217149,0.9214834406196697,-0.11991499822678506,0.14836462386308552,-0.006652975730389,0.0006326181448912394,0.001949780062204809,-0.04890796808467712,10903,294000000,5.81,0,2,4,-5.570492332346277,-0.7123222527531685,4.968873504713883,-5.570492332346277,-0.7123222527531685,4.968873504713883,169.4051158428192
-4.234212049709711,-1.4385586417559681,5.0,-3.975296579882188,0.5786559512873206,4.927169393380884,-0.3844397232273727,-0.002115496613763451,0.004098821074324972,0.9231385722331933,-0.11202339860938597,0.14606550774192156,-0.005929472956670187,2.5159333372215542e-05,0.001525542438685079,-0.03665809672384057,10903,540000000,5.06,0,2,4,-5.584276863314775,-0.7727399586498701,4.9683914522753625,-5.584276863314775,-0.7727399586498701,4.9683914522753625,169.63816857337952
-4.13923338756614,-1.4432997137763375,5.0,-3.940483563026337,0.5690435963110525,4.926397831223824,-0.38259783799802655,-0.002081059309534211,0.004052573414818527,0.9239037505065684,-0.0534672583498799,0.1402291748300733,-0.0039350044751284025,-0.0007872642640904814,-0.0009547327579184639,-0.006360683255479671,10903,747000000,4.56,0,2,4,-5.595587213346252,-0.8202952411866229,4.968072018533634,-5.595587213346252,-0.8202952411866229,4.968072018533634,169.86919617652893
-4.13923338756614,-1.4432997137763375,5.0,-3.915203333015435,0.5515135532012858,4.926035902970711,-0.38261887409465395,-0.0019067521297616765,0.004019940370269198,0.9238955577132484,-0.0006327996973877059,0.13549507127492122,-0.0019985841641061144,-0.0008628811201560893,-0.0015289209613911225,0.004699941791841411,10903,957000000,4.3,0,2,4,-5.602337829397652,-0.8672246451735963,4.96776700399141,-5.602337829397652,-0.8672246451735963,4.96776700399141,170.12114071846008
-4.044058244565728,-1.4418270080303621,5.0,-3.8978501830804126,0.5271776505117904,4.926048919458039,-0.3834141865713595,-0.0017224016294531716,0.003998869653020003,0.9235662422966463,0.0424150815022384,0.13263157213750093,-0.00036062633796102913,-0.0006720087924350082,-0.0014877515013722586,0.011030309360648971,10904,185000000,4.27,0,2,4,-5.602097381030571,-0.9076559029796324,4.967500139314002,-5.602097381030571,-0.9076559029796324,4.967500139314002,170.35952925682068
-4.044058244565728,-1.4418270080303621,5.0,-3.887710979832905,0.5001217568835716,4.926331344580854,-0.3848582681239237,-0.0015674630107697233,0.003998846184784611,0.9229656904487589,0.07529472460621911,0.13019990198238962,0.0008206264007251487,-0.000573651033164424,-0.00147037404758521,0.01894540218927432,10904,403000000,4.34,0,2,4,-5.595363318325193,-0.942223044061821,4.967286547569627,-5.595363318325193,-0.942223044061821,4.967286547569627,170.58971405029297
-3.9490968824942665,-1.4340968839754855,5.0,-3.881030554216222,0.46277009287369614,4.926955479798813,-0.38744243566968245,-0.001385293654609819,0.004006217286803579,0.9218841522810148,0.10478704875884448,0.12795122820606197,0.0020094085113195673,-0.0003811108143736419,-0.0014923775211173052,0.026736642212199513,10904,614000000,4.5,0,2,4,-5.584411585446182,-0.9692418984864456,4.967134505729807,-5.584411585446182,-0.9692418984864456,4.967134505729807,170.84346199035645
-3.9490968824942665,-1.4340968839754855,5.0,-3.878833456796016,0.4250787091388311,4.927747515723364,-0.3904361475930162,-0.001242573358823535,0.004027038068134774,0.9206203634661629,0.12492146547960056,0.12557510027752256,0.0028341892710804866,-0.0003315290882710542,-0.001273745237995172,0.03154622718284372,10904,848000000,4.79,0,2,4,-5.5659119588060495,-0.9968928112937886,4.966974911872309,-5.5659119588060495,-0.9968928112937886,4.966974911872309,171.08338856697083
-3.8547670261357823,-1.4200928255936496,5.0,-3.8790999057075695,0.38880833857606817,4.928618105283337,-0.39348675282294643,-0.001138556427882738,0.004037551889148355,0.9193207151026548,0.1374581995888223,0.12389542856686601,0.0034803094908071206,-0.00037400517953756207,-0.001016877183701581,0.03428583368076943,10905,63000000,5.15,0,2,4,-5.54465845446891,-1.0182960720853038,4.966830940102617,-5.54465845446891,-1.0182960720853038,4.966830940102617,171.31514072418213
-3.8547670261357823,-1.4200928255936496,5.0,-3.881120643132873,0.3474386986209853,4.929703878257608,-0.39708001339950005,-0.0010406734625089589,0.004026492077162563,0.9177745732580249,0.14728284820458568,0.12157228032678728,0.003987074581096945,-0.0004460156077357169,-0.0008285292665277666,0.03632644584286027,10905,275000000,5.52,0,2,4,-5.522187214152115,-1.034885269503941,4.966713554452092,-5.522187214152115,-1.034885269503941,4.966713554452092,171.54312682151794
-3.761492128384366,-1.399826416087859,5.0,-3.883919010438175,0.3090466772367798,4.930782551787635,-0.40042744968829125,-0.0009718598337643076,0.004013626958197132,0.9163191604584261,0.15215299337900517,0.11995559890459215,0.004388492606228535,-0.00039198098136239423,-0.0006425382423458359,0.036583986002369784,10905,480000000,5.96,0,2,4,-5.4946959293884605,-1.0504586697055984,4.966582246058852,-5.4946959293884605,-1.0504586697055984,4.966582246058852,171.77247595787048
-3.761492128384366,-1.399826416087859,5.0,-3.887912356063435,0.262519773467656,4.9321755509377265,-0.4044200937070744,-0.0009123780558867943,0.003996092263899924,0.9145641511774134,0.15533648869240885,0.1179677669457071,0.004806035067395664,-0.0003325236804130327,-0.00045621263495831954,0.03590064625313971,10905,687000000,6.38,0,2,4,-5.46767121021913,-1.0625414289163209,4.9664606661094135,-5.46767121021913,-1.0625414289163209,4.9664606661094135,172.02608346939087
-3.669699527147076,-1.3733382131263714,5.0,-3.8921391760713977,0.212252941004255,4.933778955972916,-0.40849512250309244,-0.0008647580031456846,0.003961528099708598,0.9127514959614664,0.14903928139993744,0.11759922320377995,0.004985281273223759,-0.0007862808217851125,-0.00024369837205995282,0.029482588070095517,10905,920000000,6.89,0,2,4,-5.43301565763326,-1.0747917737818977,4.96631385830329,-5.43301565763326,-1.0747917737818977,4.96631385830329,172.31241726875305
-3.669699527147076,-1.3733382131263714,5.0,-3.8923354932380714,0.16537794146354337,4.935311040483429,-0.4110873234889488,-0.0008400501997311541,0.003902425257873005,0.911587229978273,0.11188020036185445,0.12241279826035578,0.004141869689403245,0.00029102760095156555,0.00047159086875581124,0.007744883851046325,10906,183000000,7.42,0,2,4,-5.3932378869043385,-1.0857781514431888,4.966130191034137,-5.3932378869043385,-1.0857781514431888,4.966130191034137,172.61426901817322
-3.5798184980862184,-1.340698514002861,5.0,-3.8814346665231145,0.13140563851657874,4.93633043823039,-0.4102814912642903,-0.0009628055436577893,0.0039039974896455847,0.9119500697598721,0.041638895684217095,0.13285056195249303,0.0020936456873874654,0.0009932084935826424,0.0015205425711428688,-0.01884074736153707,10906,455000000,7.77,0,2,4,-5.352103973058887,-1.0953628289369988,4.965933195464434,-5.352103973058887,-1.0953628289369988,4.965933195464434,172.86536169052124
-3.5798184980862184,-1.340698514002861,5.0,-3.856524961637351,0.10934126429120472,4.936763992554741,-0.4070674530435021,-0.0012540095346951833,0.003925591985278581,0.9133888032269326,-0.037425960563485565,0.14352881674559329,-0.0005639705702757154,0.0015566978390779695,0.0026305335040888167,-0.03799842015723698,10906,680000000,7.7,0,2,4,-5.318711107667662,-1.1085050946312818,4.965735737819194,-5.318711107667662,-1.1085050946312818,4.965735737819194,173.14064073562622
-3.4922782081715784,-1.3020080000147989,5.0,-3.803047577154916,0.09713775141894862,4.936436257010267,-0.40002538465641196,-0.0017136277393762138,0.0039796687785816545,0.9164938174078825,-0.1251580009851132,0.1529794058199764,-0.0038081135557847716,0.0013643102647620253,0.002730439450715494,-0.057975290837930515,10906,932000000,7.32,0,2,4,-5.2964884456080865,-1.1322630212258815,4.965470295623665,-5.2964884456080865,-1.1322630212258815,4.965470295623665,173.47636771202087
-3.4922782081715784,-1.3020080000147989,5.0,-3.7365360651415678,0.09978754014378166,4.935308680316256,-0.3911119202199005,-0.0021076863461924706,0.004006763250299129,0.9203319886695367,-0.18504728074843108,0.15548048349331386,-0.006283444047492733,0.0009659416491558659,0.002571178697508003,-0.07043604855425656,10907,238000000,6.43,0,2,4,-5.28537617332008,-1.1816896395590244,4.965033051545358,-5.28537617332008,-1.1816896395590244,4.965033051545358,173.82067680358887
-3.4075055759769564,-1.2573982493631848,5.0,-3.6711157171725346,0.10901368140812094,4.933916514494851,-0.3824781644765655,-0.002373622068437626,0.003968902785107084,0.9239529573672003,-0.20115326285199445,0.15141229348692126,-0.006949516785393168,-0.0014233835486265889,0.0014847223042124824,-0.06371490453602746,10907,554000000,5.29,0,2,4,-5.289347218775115,-1.2419492636465552,4.964542048687545,-5.289347218775115,-1.2419492636465552,4.964542048687545,174.09779834747314
-3.3259230456575875,-1.2070321079509267,5.0,-3.6163379881109785,0.11387713926193134,4.9328889197184225,-0.3770077124302009,-0.002325193088774542,0.0037897750620849322,0.9261994471226083,-0.15318888832916105,0.14109177935860712,-0.004765419153591443,-0.0019001545979335788,-0.00040472611715358653,-0.04028956282127183,10907,805000000,4.19,0,2,4,-5.299036238601497,-1.3000932721730893,4.964086326439531,-5.299036238601497,-1.3000932721730893,4.964086326439531,174.35273599624634
-3.3259230456575875,-1.2070321079509267,5.0,-3.5751901384461306,0.11184172509732732,4.932397388214028,-0.3733653191457524,-0.002135188717403115,0.0036496383564991733,0.9276747595834425,-0.10636316105413338,0.13311767769684463,-0.0025360315493326772,-0.0018683195094126859,-0.0012917446042592928,-0.03268812179157976,10908,39000000,3.49,0,2,4,-5.302071397505833,-1.3474697198825583,4.963763123346861,-5.302071397505833,-1.3474697198825583,4.963763123346861,174.60644221305847
-3.247946282581665,-1.151103907610978,5.0,-3.5391520708544553,0.10324580924891306,4.932344527433284,-0.3699615285798038,-0.0018870944732988955,0.003525723989048054,0.9290384682647411,-0.06467119254843698,0.1265598825466167,-0.0003330464467441568,-0.0014800865187680756,-0.0014591814988307306,-0.02767923524515936,10908,270000000,3.01,0,2,4,-5.295879943113112,-1.3817420008780088,4.963507571120689,-5.295879943113112,-1.3817420008780088,4.963507571120689,174.86186337471008
-3.247946282581665,-1.151103907610978,5.0,-3.512822747204825,0.09056289907080355,4.932704115067185,-0.3675208798940526,-0.0016765191009031157,0.0034487629913171245,0.9300073645726874,-0.033271746395348106,0.1219282312134766,0.001452930188905646,-0.0013948634091320855,-0.0013783014196633303,-0.0204708618184668,10908,502000000,2.57,0,2,4,-5.279672320213938,-1.4095219559154883,4.963253200578594,-5.279672320213938,-1.4095219559154883,4.963253200578594,175.1119899749756
-3.173981799655357,-1.08983952153489,5.0,-3.48815368569543,0.07102410121983277,4.933545877149713,-0.3656397876355397,-0.001452410442800681,0.0033586008677211976,0.9307492444272809,-0.005175203128372495,0.11778108379164087,0.0030745598327875613,-0.0010306773106094624,-0.001208791536555509,-0.010661883152351948,10908,728000000,2.24,0,2,4,-5.25741922056086,-1.427421306304832,4.963019739305885,-5.25741922056086,-1.427421306304832,4.963019739305885,175.39102506637573
-3.173981799655357,-1.08983952153489,5.0,-3.4716007511422906,0.05151021737272007,4.93453192607312,-0.3649453010580744,-0.0012985183225047252,0.0033077889629797384,0.9310221799817522,0.013670445543394149,0.1148740565167858,0.004138427509859809,-0.0008728504781174706,-0.0010038500363407366,-0.003805900155384734,10908,980000000,1.98,0,2,4,-5.223300481054715,-1.4404233138854436,4.962695654798717,-5.223300481054715,-1.4404233138854436,4.962695654798717,175.6528356075287
-3.104424524471549,-1.0234962470043503,5.0,-3.455810177175374,0.026028761403306698,4.935960948016821,-0.364873171575355,-0.0011543362715828555,0.003249222231097258,0.9310508464778957,0.02909647757802251,0.11171843200296458,0.0051665974283816385,-0.0008946594618919335,-0.0007686063156597811,0.0022905743435330805,10909,215000000,1.87,0,2,4,-5.189061332551073,-1.4456273973471865,4.962399887801017,-5.189061332551073,-1.4456273973471865,4.962399887801017,175.9183487892151
-3.104424524471549,-1.0234962470043503,5.0,-3.4448806592538226,0.0030507974098653206,4.9373406049315784,-0.3653357119819874,-0.0010507899054463972,0.0031896054578427254,0.930869775966656,0.03884251476411347,0.10923382289956293,0.005791976685253044,-0.0009099560770664539,-0.0005998103290494328,0.005923117169004399,10909,458000000,1.82,0,2,4,-5.143564043162488,-1.446163031880017,4.961992940843273,-5.143564043162488,-1.446163031880017,4.961992940843273,176.16099858283997
-3.0396553185209894,-0.9523625059581973,5.0,-3.4354692780226563,-0.020601714665865856,4.938827359298357,-0.36602187883689685,-0.0009693742571770484,0.0031199245447317394,0.930600510744053,0.04432785468256014,0.10672819873398309,0.006230470653177146,-0.0007891408301929914,-0.0003901153405649893,0.007421670306939632,10909,682000000,1.85,0,2,4,-5.101924601318017,-1.4428900063741905,4.961617263451702,-5.101924601318017,-1.4428900063741905,4.961617263451702,176.40030813217163
-3.0396553185209894,-0.9523625059581973,5.0,-3.4271357476927284,-0.04450578448749484,4.940396263083788,-0.36687113828398615,-0.0009086587869315409,0.003053556319443649,0.9302663156468822,0.04778430658087451,0.10410971511148408,0.006587080578997924,-0.0010812546747729357,-0.0002449332583864816,0.008651951247884426,10909,899000000,1.91,0,2,4,-5.058061863977433,-1.4367745422663243,4.961207105246061,-5.058061863977433,-1.4367745422663243,4.961207105246061,176.65335416793823
-2.980038460824571,-0.8767573544618206,5.0,-3.418736636988367,-0.07036729194371867,4.942166281073145,-0.3678101662859593,-0.0008468387894861144,0.0029394794229653945,0.9298958672354026,0.048248727851983836,0.10127251711949478,0.006816398364808972,-0.0009725233553581347,-9.958513231822508e-05,0.008203853212762624,10910,126000000,2.0,0,2,4,-5.0125886910011355,-1.428405906086765,4.960779406538101,-5.0125886910011355,-1.428405906086765,4.960779406538101,176.91898488998413
-2.980038460824571,-0.8767573544618206,5.0,-3.4114189045208585,-0.09363376303992482,4.943824414096277,-0.36862792978921155,-0.0008064162150257916,0.0028510022397249266,0.9295723053417831,0.04781540066654806,0.09866263978850431,0.006977996129483198,-0.000916656227900603,-3.434930917478596e-05,0.007661126528546447,10910,366000000,2.1,0,2,4,-4.9615362102955665,-1.417056700219947,4.9602608601479075,-4.9615362102955665,-1.417056700219947,4.9602608601479075,177.1723988056183
-2.9259191094683263,-0.7970297927898848,5.0,-3.402846750056089,-0.12020394340994739,4.945796146380583,-0.3694518139386656,-0.0007696503568487103,0.0027421739775329934,0.9292455247659979,0.04457018021978195,0.09551783242595953,0.0069851031707841614,-0.0009249253366760968,8.054277884639305e-05,0.006158449787108111,10910,594000000,2.19,0,2,4,-4.914094109709874,-1.405322369087315,4.959776824084551,-4.914094109709874,-1.405322369087315,4.959776824084551,177.45264410972595
-2.9259191094683263,-0.7970297927898848,5.0,-3.392644870073901,-0.14678787499510174,4.947865310299054,-0.36990041339464425,-0.0007886951401611392,0.0026259496050736806,0.9290673638219775,0.0175125443859556,0.09347536746082856,0.0063959991557941505,-0.00034071227617005206,0.0017889979176288762,-0.006847833901701961,10910,848000000,2.27,0,2,4,-4.86187689828845,-1.394123276088394,4.959279492873298,-4.86187689828845,-1.394123276088394,4.959279492873298,177.75670981407166
-2.87762075564036,-0.7135578685927886,5.0,-3.3743642762780786,-0.16045494714589886,4.949341321219302,-0.3679529058112624,-0.0010817656718479364,0.002488512367891904,0.9298404681418605,-0.05147792523941517,0.0941945463964103,0.004599632939462833,0.0005715789257010329,0.003136374925816199,-0.027643625980999786,10911,128000000,2.29,0,2,4,-4.817875395164267,-1.3921582600221003,4.9588906009285285,-4.817875395164267,-1.3921582600221003,4.9588906009285285,178.01308584213257
-2.87762075564036,-0.7135578685927886,5.0,-3.3414810129206307,-0.16106207452167784,4.950125557358004,-0.3636197795753071,-0.0014395129566151174,0.0024305419708660213,0.9315431692464824,-0.13961455173367596,0.09551115058494199,0.0009204908579638091,0.0003469525950094976,0.002917919209721731,-0.04614890603988897,10911,360000000,2.03,0,2,4,-4.793138146943558,-1.401366414221028,4.958678434360109,-4.793138146943558,-1.401366414221028,4.958678434360109,178.27805495262146
-2.835442685871385,-0.6267475664967088,5.0,-3.276134138268834,-0.1427598567399734,4.9499094896954885,-0.35596149079268186,-0.0018345575497845871,0.0023202487297299765,0.9344959432320079,-0.22907338856270942,0.09293211840277624,-0.003392821402621632,3.6559606236483133e-07,0.002532175017222471,-0.053910972201265395,10911,604000000,1.48,0,2,4,-4.778624427873426,-1.4190811433534787,4.958550307050528,-4.778624427873426,-1.4190811433534787,4.958550307050528,178.6313614845276
-2.7996574692572436,-0.5370314784908558,5.0,-3.200728874532306,-0.11270117951412663,4.948815490906546,-0.3484657619032831,-0.002118369574775903,0.002157113003662787,0.9373166338836618,-0.2632594466534355,0.08655928316807705,-0.005072103395090091,-0.0013545443493967468,0.001923166655615205,-0.0481041228340473,10911,924000000,0.6,0,2,4,-4.771804297888519,-1.4527823640225184,4.958445467789225,-4.771804297888519,-1.4527823640225184,4.958445467789225,178.9519305229187
-2.7996574692572436,-0.5370314784908558,5.0,-3.140652173277559,-0.08764865150196972,4.94794544777263,-0.34357242141582095,-0.0022166175065318683,0.00195191342483914,0.9391215405277855,-0.24642045787963057,0.07964314398777203,-0.004268391142389336,-0.0019482540210447041,0.0004556871203931223,-0.03869931933877524,10912,217000000,0.58,0,2,4,-4.775456047729503,-1.4918513917176879,4.958314331204963,-4.775456047729503,-1.4918513917176879,4.958314331204963,179.21447730064392
-2.7705084874816763,-0.44486725058763915,5.0,-3.088013505972101,-0.06727826319197217,4.947372085982952,-0.33976569303435955,-0.0020438217840182456,0.0017841129026939689,0.9405062007081861,-0.2012003752043286,0.07246602080574868,-0.0025760359493246622,-0.0018187951468462416,-0.0015353464846157294,-0.03020571039087372,10912,460000000,1.11,0,2,4,-4.782476310943308,-1.5256202398124483,4.958142311782061,-4.782476310943308,-1.5256202398124483,4.958142311782061,179.4790849685669
-2.7705084874816763,-0.44486725058763915,5.0,-3.044266864773983,-0.05274079696881443,4.947135133774517,-0.3366514942847553,-0.0017627612423620485,0.0016723850978995587,0.9416261823020471,-0.16026558471066993,0.06652005766348218,-0.0009641851224745836,-0.0018170699149777647,-0.0019280155356682371,-0.02497838813724229,10912,703000000,1.55,0,2,4,-4.783381577886091,-1.5523773775562544,4.957990852219326,-4.783381577886091,-1.5523773775562544,4.957990852219326,179.74382519721985
-2.7482075264478603,-0.350735802504131,5.0,-3.0080973588695348,-0.04297607040105265,4.947233771272527,-0.33414686080377937,-0.0014827562166913302,0.0015653245499021619,0.9425185550470796,-0.12719056595300118,0.06135621135716664,0.0005645222794312235,-0.0013460229752126907,-0.001765860611158132,-0.019388978580536786,10912,944000000,1.92,0,2,4,-4.773050728443268,-1.5675847272352907,4.9578105810507,-4.773050728443268,-1.5675847272352907,4.9578105810507,180.00516414642334
-2.7482075264478603,-0.350735802504131,5.0,-2.9781564207639506,-0.037059230943035204,4.947617148324025,-0.33229331589332567,-0.0012463309555823237,0.001495840258289095,0.9431740885614326,-0.10025822940888454,0.05717172267992834,0.0017699431986159086,-0.0012333037489042908,-0.0014694569358653098,-0.01360123060294427,10913,177000000,2.23,0,2,4,-4.75167427142562,-1.5714748464182153,4.957550485910156,-4.75167427142562,-1.5714748464182153,4.957550485910156,180.27338671684265
-2.732932449255116,-0.255139318509243,5.0,-2.9551440117393577,-0.034127227798068246,4.9481933818755985,-0.3311320244712459,-0.0010693134949251116,0.001425551505792786,0.9435827503410221,-0.08105769869092656,0.053295747258149985,0.0027746251119122652,-0.0011616003689596255,-0.0011494042496451584,-0.009219691946782405,10913,423000000,2.46,0,2,4,-4.721022393491678,-1.565772838325881,4.95721472698067,-4.721022393491678,-1.565772838325881,4.95721472698067,180.53895545005798
-2.724824971108223,-0.15859900911057498,5.0,-2.9323945192546557,-0.032998699003084705,4.949096522333227,-0.3303001247596436,-0.0008950938007007787,0.001335138980302815,0.9438745911373794,-0.06278556224276524,0.049181567702555135,0.0036206182588636353,-0.001126805761941796,-0.0008775620074175094,-0.004816094406123739,10913,657000000,2.64,0,2,4,-4.68301739125682,-1.552166292035573,4.9567804851290855,-4.68301739125682,-1.552166292035573,4.9567804851290855,180.81411600112915
-2.724824971108223,-0.15859900911057498,5.0,-2.914846334828702,-0.03339661879855722,4.950079421367611,-0.32992790669513394,-0.0007691387584763479,0.0012433418698027411,0.9440049994096067,-0.05075458319119386,0.044635823250041465,0.004170875228496517,-0.0012385137324599782,-0.0006637346245952358,-0.0020182998468953883,10913,904000000,2.73,0,2,4,-4.639663445299353,-1.532486218457965,4.956298680536123,-4.639663445299353,-1.532486218457965,4.956298680536123,181.07308435440063
-2.7239885575064235,-0.06165264491862666,5.0,-2.8998899768769473,-0.03437123247957816,4.951172628569095,-0.3298261877840868,-0.0006509178324270899,0.0011362041666217405,0.9440407677626445,-0.04236937873263598,0.03969910936733109,0.004604864791674405,-0.0011870311823258817,-0.0005640071208290465,-2.8957989339772894e-06,10914,140000000,2.79,0,2,4,-4.592526394060734,-1.507981645625804,4.9557536756741944,-4.592526394060734,-1.507981645625804,4.9557536756741944,181.3354687690735
-2.7239885575064235,-0.06165264491862666,5.0,-2.8900627983424094,-0.03527898581333997,4.952041222924127,-0.32987540473669436,-0.0005772291089503813,0.0010570706794910912,0.9440237109087548,-0.03720700873082981,0.03649308787781793,0.0048081436881259425,-0.0010132914781024738,-0.00042066078833613574,0.0009652236542478931,10914,379000000,2.83,0,2,4,-4.542892497689987,-1.4798165958021101,4.955140922378068,-4.542892497689987,-1.4798165958021101,4.955140922378068,181.54043078422546
-2.730486467711441,0.03514813417843812,5.0,-2.8793949963145664,-0.03631641782142179,4.95314355673711,-0.3300354239238047,-0.0004960353962609127,0.0009423552726618616,0.9439679469509864,-0.03314509734082363,0.03163283909654238,0.005007604014440236,-0.0012651867450585996,-0.0002873566103289704,0.00200592855890136,10914,564000000,2.84,0,2,4,-4.504591569646875,-1.4567346332066382,4.954619857297391,-4.504591569646875,-1.4567346332066382,4.954619857297391,181.7866404056549
-2.730486467711441,0.03514813417843812,5.0,-2.8699711853297574,-0.03706645427331773,4.954268030815065,-0.3302927362020027,-0.0004321596484457606,0.0008259295129008256,0.9438780850780846,-0.02998398180077299,0.02729223729255393,0.005087140313363308,-0.0011862195606227033,-0.00013021930556078587,0.0028486283099482534,10914,788000000,2.85,0,2,4,-4.456985734421915,-1.4265352831099731,4.9539040966068955,-4.456985734421915,-1.4265352831099731,4.9539040966068955,182.01904225349426
-2.7443399660226797,0.1312407294709807,5.0,-2.8630353452596573,-0.03729778158598386,4.955206853590431,-0.3305662283525796,-0.00039323393688325196,0.0007309752495173263,0.9437824324043149,-0.02875350750082445,0.02315809160008162,0.00523039741674315,-0.001051137815011316,-1.886000298156887e-05,0.003463579946583195,10915,0,2.84,0,2,4,-4.409003318506064,-1.394589398904805,4.95312112750539,-4.409003318506064,-1.394589398904805,4.95312112750539,182.22791194915771
-2.7443399660226797,0.1312407294709807,5.0,-2.854044649145241,-0.0369104641004733,4.956547252332318,-0.3310359962109336,-0.00033949203979808415,0.0005898678210687987,0.9436178813554473,-0.027490256262722956,0.017737878485006596,0.005032321462290932,-0.001466693220208981,-1.581608444212179e-05,0.004129689523324487,10915,195000000,2.84,0,2,4,-4.371417828558424,-1.369070922681463,4.9525128638079625,-4.371417828558424,-1.369070922681463,4.9525128638079625,182.49776482582092
-2.7443399660226797,0.1312407294709807,5.0,-2.84666757888147,-0.03556194859680097,4.957752511822224,-0.3315284227373016,-0.0002888137147501489,0.00043726433151657876,0.9434450860033452,-0.027518922942568302,0.012374912960863387,0.00496682338786055,-0.00119497972264071,4.0032463388683937e-05,0.004486825673666317,10915,436000000,2.83,0,2,4,-4.322689541625825,-1.3358645508897564,4.951733931412748,-4.322689541625825,-1.3358645508897564,4.951733931412748,182.76623225212097
-2.765526723775945,0.22605470640676142,5.0,-2.8397626024953855,-0.033109761476757704,4.9589367612450355,-0.3320374523294526,-0.00026302956639404377,0.0003014010236435642,0.9432661184540853,-0.037724494826152276,0.007752283014325019,0.00476373709643891,-0.0014349024354487483,0.0009887100986816222,0.004113288741791621,10915,682000000,2.83,0,2,4,-4.2875595983718275,-1.3124788420263007,4.9511290104109,-4.2875595983718275,-1.3124788420263007,4.9511290104109,183.0291600227356
-2.793979435212246,0.31901512081565536,5.0,-2.8260507665043417,-0.02364689995401898,4.96006398625265,-0.3324590545535084,-0.00046835157836987694,2.8107152115364447e-05,0.9431175732124675,-0.0935789827892595,0.001430869527562581,0.003546464908037102,-0.0018514716543904797,0.0028079512958356645,0.0033720820511007332,10915,924000000,2.84,0,2,4,-4.263734753116284,-1.2978457260870784,4.950652018021084,-4.263734753116284,-1.2978457260870784,4.950652018021084,183.32280468940735
-2.793979435212246,0.31901512081565536,5.0,-2.791888045882793,0.005340315090026676,4.960765368298922,-0.333087434184026,-0.0008048987172331391,-0.00040492876408097436,0.9428955134899375,-0.18300562297891068,-0.00850530617084159,0.0003876202292483459,-0.002076829741781694,0.0028137069193689968,0.005791734383819858,10916,190000000,2.85,0,2,4,-4.250033766234061,-1.291214803157562,4.950239580597881,-4.250033766234061,-1.291214803157562,4.950239580597881,183.6613748073578
-2.829584670417623,0.40954603682440355,5.0,-2.743341856748007,0.049622427372934666,4.960587285178465,-0.33412111956179086,-0.0010885088802012135,-0.0007753459353108432,0.94252919925585,-0.2409733222005213,-0.01645470352284608,-0.001984351098432888,-0.001215668237364298,0.0023887642555564526,0.008918077674024971,10916,502000000,2.83,0,2,4,-4.247848418417666,-1.293243347251166,4.949758679623442,-4.247848418417666,-1.293243347251166,4.949758679623442,183.99734449386597
-2.829584670417623,0.40954603682440355,5.0,-2.692260197220188,0.09801864919064424,4.960123807862358,-0.33545775325492977,-0.0012967336999795325,-0.0010087079882968523,0.9420538184047981,-0.24618365503396916,-0.020961651368174287,-0.002427244032738219,-0.0009232103934664337,0.0008565695054585376,0.01151459164248081,10916,813000000,2.72,0,2,4,-4.257920499908829,-1.3025528320056583,4.949222807690395,-4.257920499908829,-1.3025528320056583,4.949222807690395,184.28517031669617
-2.8721819883953725,0.497074222526359,5.0,-2.6592178073732375,0.1307392714761899,4.9598492250385275,-0.3366253250866716,-0.0012665079048345639,-0.0010882077160033375,0.9416371924855063,-0.21821856333562276,-0.022996143412470978,-0.0018425445461343827,-0.0007537293186032912,-0.0005979756849683326,0.013046002186456462,10917,80000000,2.57,0,2,4,-4.276152659767452,-1.3163580729135715,4.94857448562838,-4.276152659767452,-1.3163580729135715,4.94857448562838,184.5093777179718
-2.9215633329804627,0.5810330070037255,5.0,-2.6288335439746886,0.16247176252842785,4.9596775065876235,-0.33807850569554776,-0.0011064240684146853,-0.0011147321211316475,0.9411166012693348,-0.1809853365704564,-0.02449720742579001,-0.0010217194103018148,-0.0008636243308046687,-0.0016561874076614913,0.014849441868136637,10917,285000000,2.42,0,2,4,-4.289924243782859,-1.3252352904189677,4.948063061903995,-4.289924243782859,-1.3252352904189677,4.948063061903995,184.74508094787598
-2.9215633329804627,0.5810330070037255,5.0,-2.6047736843378364,0.18980543408495787,4.959640130608908,-0.339718783932202,-0.0008856955116426676,-0.0011427862424713453,0.9405259472373371,-0.14841688537720682,-0.027468295672308858,-0.0003102897533760247,-0.0010670565643522423,-0.0018354437770540244,0.01648219313210575,10917,501000000,2.23,0,2,4,-4.295999843478908,-1.325509847550806,4.947576517971506,-4.295999843478908,-1.325509847550806,4.947576517971506,185.00582122802734
-2.9215633329804627,0.5810330070037255,5.0,-2.583543877299844,0.21766485066960362,4.959745976619832,-0.34177435568786696,-0.0006188161461997616,-0.0011902366659809827,0.9397810863160629,-0.11659846598458609,-0.03212973525779074,0.00039108347075355693,-0.0009129277941610781,-0.0016841434558045876,0.016488234905409627,10917,736000000,2.02,0,2,4,-4.292342181522159,-1.3155690080276379,4.947165609538401,-4.292342181522159,-1.3155690080276379,4.947165609538401,185.28267765045166
-2.977472733724384,0.6608662797593143,5.0,-2.5707280580173286,0.2381921427960173,4.959945943519165,-0.3434024715655583,-0.0004265247951866869,-0.0012177324046272731,0.9391874561167517,-0.09436946094279397,-0.03543700834090834,0.0008826246250571993,-0.0007395416560029844,-0.0014074162550059555,0.015126253765629372,10917,986000000,1.76,0,2,4,-4.27750842970886,-1.2926233608091442,4.946760655960844,-4.27750842970886,-1.2926233608091442,4.946760655960844,185.51704478263855
-3.039606333049361,0.7360326110174092,5.0,-2.5631819833663463,0.25322572661629655,4.960175323961438,-0.3446230430717479,-0.00029504441344108703,-0.0012353779999158098,0.9387402968734002,-0.07882331481028568,-0.03772176800276794,0.0012265750599824942,-0.0006213276037669857,-0.0011866962950080051,0.01398875892846263,10918,198000000,1.56,0,2,4,-4.258013794752221,-1.265480157648958,4.946452709332026,-4.258013794752221,-1.265480157648958,4.946452709332026,185.73250079154968
-3.039606333049361,0.7360326110174092,5.0,-2.557118218398388,0.26990303567522256,4.960513533306122,-0.3459729269355691,-0.00015113950900366225,-0.0012694445487157723,0.9382436248091546,-0.06266873668822379,-0.04188233820526156,0.0014803338444913236,-0.0009625944414892729,-0.001013947473893495,0.012391772543196566,10918,394000000,1.4,0,2,4,-4.238548320776599,-1.2391798016244189,4.946212543106153,-4.238548320776599,-1.2391798016244189,4.946212543106153,185.97861623764038
-3.039606333049361,0.7360326110174092,5.0,-2.5540179780139605,0.28797842847179517,4.960992048118093,-0.3473793612281529,2.236956640196933e-06,-0.001357925716911063,0.9377236988716153,-0.04703359413723296,-0.04776911328159247,0.0018184477491143848,-0.000793003556509575,-0.0007579913699373719,0.01073338016794878,10918,617000000,1.21,0,2,4,-4.209132562676693,-1.1995762301345017,4.945910728301048,-4.209132562676693,-1.1995762301345017,4.945910728301048,186.25372624397278
-3.1076127598771013,0.8060094687197145,5.0,-2.55445434603751,0.30345654679436773,4.961489249159373,-0.34850451123748716,0.00011105797963354639,-0.0014062550929993018,0.9373060416746808,-0.035235871663817475,-0.05198679847201202,0.00197979444552569,-0.0006126947596385435,-0.000634555703982187,0.009307823802373605,10918,868000000,1.07,0,2,4,-4.176898452289844,-1.1561101995931478,4.945629885590863,-4.176898452289844,-1.1561101995931478,4.945629885590863,186.52210545539856
-3.1076127598771013,0.8060094687197145,5.0,-2.5571052879764675,0.31674200533904007,4.961977026572359,-0.3493906662088301,0.00019321005983849687,-0.0014428372183045665,0.9369760099686565,-0.026219820366329694,-0.05507268758425895,0.0021048030424255623,-0.0007341092384649528,-0.0005164455444628402,0.007962410109030316,10919,108000000,0.95,0,2,4,-4.143034983975515,-1.1096970431015643,4.945369675165756,-4.143034983975515,-1.1096970431015643,4.945369675165756,186.7714548110962
-3.1810938685625367,0.8702975053934883,5.0,-2.561176205612814,0.3282996208604545,4.962444223634386,-0.35005700053105454,0.00026534481604883727,-0.0014992791872518699,0.9367271631234189,-0.019316304669054683,-0.058627090183257104,0.002200332699715004,-0.000720203900073102,-0.00042609553076999873,0.006565838930328027,10919,336000000,0.83,0,2,4,-4.10845590263772,-1.0614072909937264,4.945127876426348,-4.10845590263772,-1.0614072909937264,4.945127876426348,186.98845887184143
-3.2596058602927536,0.928424885430785,5.0,-2.5678778905812907,0.34169460573589366,4.963030911155037,-0.35070140770541414,0.0003384098346004194,-0.001561154445895211,0.936485969413862,-0.012284886918869614,-0.06220858241360968,0.002276188467989505,-0.0010238517461402807,-0.00036013640567489347,0.005096543463878334,10919,534000000,0.8,0,2,4,-4.0837671009238585,-1.0253579749430015,4.944954123158397,-4.0837671009238585,-1.0253579749430015,4.944954123158397,187.2437343597412
-3.2596058602927536,0.928424885430785,5.0,-2.5764198410260706,0.35477436690495084,4.963622927514599,-0.35121061153419775,0.00042186830731655723,-0.001658162812082589,0.936294920881767,-0.006104797222411339,-0.06670563316760673,0.002229220351745163,-0.0009008886252104276,-0.0003458277944901056,0.003926796716768877,10919,764000000,0.75,0,2,4,-4.054893712159141,-0.9797030940877012,4.944734103303541,-4.054893712159141,-0.9797030940877012,4.944734103303541,187.49994540214539
-3.2596058602927536,0.928424885430785,5.0,-2.586664452614995,0.36793941901244814,4.964212559846635,-0.3515976513782742,0.00048504157227216907,-0.0017479663778768146,0.9361494543573139,-0.006260822743970241,-0.07175179109831074,0.0022196547063330686,-0.0012113650996070646,0.0003951406938540458,0.004134922346565872,10919,999000000,0.73,0,2,4,-4.034077612558225,-0.9400408256852995,4.944520218521051,-4.034077612558225,-0.9400408256852995,4.944520218521051,187.77108502388
-3.3426608021318156,0.97995162071707,5.0,-2.5953101040094215,0.38397312362433644,4.964818194791147,-0.35229172154272254,0.00039160788659135034,-0.001930229529529385,0.9358881684206137,-0.03385215062243119,-0.07604368371432595,0.0020669910725944806,-0.0011647699011518853,0.001997214712901041,0.010960254167002859,10920,246000000,0.72,0,2,4,-4.0248717792381274,-0.9093407644265856,4.9442294665062345,-4.0248717792381274,-0.9093407644265856,4.9442294665062345,188.05289912223816
-3.4297285565919866,1.0244738800151723,5.0,-2.5945919951518888,0.4139390718480649,4.965305914887959,-0.35495317212057015,0.00011808245924853269,-0.002223157333353799,0.9348814305726416,-0.11123185372181424,-0.08111280896225444,0.0004859901211630406,-0.0018010475287155714,0.002848606186489633,0.028914450740558095,10920,491000000,0.69,0,2,4,-4.0269581722150525,-0.8873038855124481,4.943849968121562,-4.0269581722150525,-0.8873038855124481,4.943849968121562,188.36721515655518
-3.4297285565919866,1.0244738800151723,5.0,-2.5734002475421804,0.4714780008881295,4.965261048892473,-0.36071993948376485,-0.00019636460137562972,-0.002670706458438657,0.932670335127469,-0.19830648849095717,-0.086909801479882,-0.0019094023158033927,-0.001868191566245514,0.002599026743155264,0.0410654774896102,10920,774000000,0.58,0,2,4,-4.04299278022392,-0.8718838868334309,4.9432428358448295,-4.04299278022392,-0.8718838868334309,4.9432428358448295,188.71633887290955
-3.5202391319817106,1.0616282350796522,5.0,-2.546685516769933,0.5273183805808614,4.964855270850511,-0.36582635039842787,-0.00040074307457444716,-0.0029562450819230245,0.9306783447433222,-0.2288064394038749,-0.08924010501132194,-0.0028241270440142094,-0.0004383072990776782,0.001957214453796041,0.03911300918844063,10921,98000000,0.87,0,2,4,-4.0790744211671734,-0.8652727908210701,4.9421593661676235,-4.0790744211671734,-0.8652727908210701,4.9421593661676235,189.02429819107056
-3.5202391319817106,1.0616282350796522,5.0,-2.5208744645882275,0.5834644116144236,4.964485157722954,-0.36998077932941154,-0.000534545577070177,-0.003061072397601051,0.9290342119769345,-0.20541618132990164,-0.08995662320230215,-0.0023311358148192015,-0.0001346895473375298,0.00020527150468296895,0.030759896617382765,10921,377000000,1.45,0,2,4,-4.1199979504273285,-0.8672969807821018,4.94097156909364,-4.1199979504273285,-0.8672969807821018,4.94097156909364,189.30570268630981
-3.613585460813739,1.091095804182873,5.0,-2.5045874759308813,0.62904569412103,4.9642506587908395,-0.3731072829603866,-0.00040546316893519396,-0.0030262119240928222,0.9277831821298157,-0.1578169404568866,-0.0912840645710589,-0.0017410324699283595,6.222421973234304e-05,-0.0017416749869880732,0.026464118673175108,10921,632000000,1.88,0,2,4,-4.158588860845953,-0.8708436424740829,4.939901692582282,-4.158588860845953,-0.8708436424740829,4.939901692582282,189.5556082725525
-3.7091266102495677,1.112606251616039,5.0,-2.496589396097937,0.6674016722082282,4.964119350844689,-0.37595566927666724,-0.00017579821805405313,-0.002930001194107325,0.9266330012074477,-0.1150071576190355,-0.09264233821780934,-0.0011456774202104746,-8.07852856610225e-05,-0.00210399571187736,0.02411380501143867,10921,864000000,2.26,0,2,4,-4.187842458064573,-0.8654251594684771,4.939106239513651,-4.187842458064573,-0.8654251594684771,4.939106239513651,189.80770254135132
-3.7091266102495677,1.112606251616039,5.0,-2.4957873581673318,0.6970646917798451,4.96406868539311,-0.37819847904100085,4.563834141145312e-05,-0.0028582865352527135,0.9257201189162401,-0.08089315275410466,-0.0952766392190749,-0.0007882736536677868,-0.0003811315224311329,-0.0019618395299403346,0.019554755090211984,10922,96000000,2.62,0,2,4,-4.205817770694243,-0.8495749850944894,4.938678089604528,-4.205817770694243,-0.8495749850944894,4.938678089604528,190.06098079681396
-3.806191424908657,1.125941599827035,5.0,-2.5013265100986875,0.7243737279059757,4.964073391474676,-0.3799357430550243,0.00027311623567943875,-0.0028236321132856946,0.9250085316679175,-0.04830704030215998,-0.09901561678884899,-0.0004995953582368637,-0.0005385558324633166,-0.001707230796910153,0.011885482399520697,10922,330000000,2.92,0,2,4,-4.214166559190834,-0.8272442229085145,4.938558076777728,-4.214166559190834,-0.8272442229085145,4.938558076777728,190.3293273448944
-3.806191424908657,1.125941599827035,5.0,-2.5125693091591272,0.7472573105610874,4.964114716128844,-0.3807817450994802,0.0004772573664932815,-0.0028065541394626213,0.9246605637087928,-0.021084592496474406,-0.10236125962411668,-0.0003723721413592271,-0.0004625388271506381,-0.0015021391163827502,0.0037108264450580464,10922,568000000,3.15,0,2,4,-4.216005146240465,-0.7958603888791936,4.938657874094996,-4.216005146240465,-0.7958603888791936,4.938657874094996,190.5878779888153
-3.9040825983866703,1.1309398092152152,5.0,-2.5287677120190595,0.7664502110304996,4.964181168277527,-0.380728945681257,0.000653134235679985,-0.0027943626186481647,0.9246822345398791,0.0025312514410386604,-0.10587220742601644,-0.00027151068873859766,-0.0006968556306219398,-0.00133979553993413,-0.0042205928821204,10922,804000000,3.27,0,2,4,-4.212174772698552,-0.7587356237354788,4.9389623748144365,-4.212174772698552,-0.7587356237354788,4.9389623748144365,190.85883140563965
-3.9040825983866703,1.1309398092152152,5.0,-2.549081410945659,0.7825279672324286,4.964271528158105,-0.3798549703523006,0.0008260595951071652,-0.0028086496653893797,0.9250414210246236,0.022296149684972733,-0.10836696307885581,-0.00019421594527102115,-0.0005943322037182952,-0.0012531859852060734,-0.011014940446330002,10923,51000000,3.28,0,2,4,-4.204270684752496,-0.7175007480032117,4.939441556864694,-4.204270684752496,-0.7175007480032117,4.939441556864694,191.12577295303345
-4.002081165514412,1.1274980792667018,5.0,-2.5729906708459187,0.7959606808831255,4.9643843481048195,-0.3782798616620267,0.0009742625429469821,-0.002813308239517197,0.9256864924855526,0.03975998395451767,-0.11085370744010573,-0.00015292808477715986,-0.00031610692303729593,-0.0011066033721363056,-0.01679094148130389,10923,291000000,3.19,0,2,4,-4.193827903363931,-0.673448214552407,4.940047105136481,-4.193827903363931,-0.673448214552407,4.940047105136481,191.3830211162567
-4.002081165514412,1.1274980792667018,5.0,-2.5998254056195353,0.8071880169552967,4.964496014206612,-0.37613358970214805,0.0010979091894438623,-0.002798685510541971,0.9265605671798258,0.053983777764242125,-0.11229773378569005,-0.0002484997325039614,-0.00038599249592152773,-0.001018339298752835,-0.02144477784895571,10923,527000000,3.02,0,2,4,-4.182120853114769,-0.6275941458338959,4.940731828807327,-4.182120853114769,-0.6275941458338959,4.940731828807327,191.6357171535492
-4.099451402761684,1.1155758237290432,5.0,-2.6241293743802028,0.8151224462438315,4.964566493434471,-0.3739845053689303,0.0011969381581772502,-0.0027990504848766193,0.927429955521917,0.06463720581241848,-0.1135678997334308,-0.0004066684684476978,-0.00034591189432831015,-0.00094333085485232,-0.024417269742116332,10923,761000000,2.78,0,2,4,-4.169746437460377,-0.5806590993591707,4.941476889778338,-4.169746437460377,-0.5806590993591707,4.941476889778338,191.85922980308533
-4.099451402761684,1.1155758237290432,5.0,-2.65251912602509,0.8226112562320061,4.964616204886698,-0.37133949200737454,0.0012912753601104798,-0.002798543599915744,0.9284920475897296,0.07408823175269225,-0.11409464103517486,-0.0005563356310980603,-0.0002836856452859138,-0.0008137895179061161,-0.027176533876627218,10923,968000000,2.55,0,2,4,-4.159364935419859,-0.5411071611303754,4.942137296301636,-4.159364935419859,-0.5411071611303754,4.942137296301636,192.09033226966858
-4.195446119266206,1.0951972719395262,5.0,-2.6878336540162677,0.8302147260914198,4.964645655321056,-0.36794498332931264,0.0013821440670605568,-0.0027927787754873827,0.9298423411026626,0.07794940160191233,-0.11483545626083687,-0.0006617727626682791,-4.9328247797575386e-05,-0.0007448470626059134,-0.02494518630555831,10924,179000000,2.26,0,2,4,-4.14868118580819,-0.4978898107585136,4.942888516491754,-4.14868118580819,-0.4978898107585136,4.942888516491754,192.4034881591797
-4.195446119266206,1.0951972719395262,5.0,-2.7191006287207666,0.8388062421613085,4.964666401622796,-0.3657441079632195,0.0014511168377170172,-0.0027798851010186988,0.930710166479843,0.05460823937812964,-0.11543929306205807,-0.0008142509816719632,-0.0006303833913534618,5.468578541112379e-05,-0.00922529134186334,10924,456000000,1.9,0,2,4,-4.140309067953796,-0.45013344077416045,4.9437214588358955,-4.140309067953796,-0.45013344077416045,4.9437214588358955,192.65264439582825
-4.289312315771843,1.0664536482861005,5.0,-2.738660327541543,0.8555394993709592,4.964541556957988,-0.366779072577726,0.0013345018636106922,-0.0029111059362697538,0.9303025617969816,-0.02255954772119314,-0.11687434998384623,-0.0017566489482911767,-0.0005753008963438333,0.002293325246682798,0.022636391258856747,10924,687000000,1.68,0,2,4,-4.142928052970335,-0.4145387868778061,4.944244902488179,-4.142928052970335,-0.4145387868778061,4.944244902488179,192.89959192276
-4.289312315771843,1.0664536482861005,5.0,-2.746610547081479,0.8802543814328723,4.964249661824732,-0.3695540848718628,0.0011132110404199146,-0.003050626974739399,0.9292035475560563,-0.08372387411394684,-0.11751604712044264,-0.002611610876740235,-0.00044749528171905695,0.002832579593814444,0.03472239586699288,10924,903000000,1.82,0,2,4,-4.158213116972864,-0.3927861691760441,4.9443424921475945,-4.158213116972864,-0.3927861691760441,4.9443424921475945,193.1154453754425
-4.380297183323266,1.0295048821430575,5.0,-2.746592653163033,0.9160998972294435,4.963759387834974,-0.3734708684554575,0.0008578922665179586,-0.00320267726061608,0.927635983182169,-0.13687071521374133,-0.11792258346822553,-0.003448172583960997,-0.00037908165495537105,0.0027605209879766335,0.04150174900132697,10925,103000000,2.15,0,2,4,-4.182150300111037,-0.3813623666152357,4.944108774963447,-4.182150300111037,-0.3813623666152357,4.944108774963447,193.36721920967102
-4.380297183323266,1.0295048821430575,5.0,-2.737521314206613,0.9674466559721651,4.963002024904209,-0.37890629985032237,0.0005600781192929257,-0.003369990497337728,0.9254287359976918,-0.18018263793356454,-0.11629849801299627,-0.004132909705527903,-0.00012567358851356403,0.002711741012717539,0.04564441951515619,10925,332000000,2.62,0,2,4,-4.218082553288586,-0.37669317951793363,4.9435053998703875,-4.218082553288586,-0.37669317951793363,4.9435053998703875,193.63634753227234
-4.467654407923079,0.984580801534397,5.0,-2.726239821516569,1.0144116600391806,4.9623330751374946,-0.38334553159121454,0.00031895574660298115,-0.0034761074697761078,0.9235984075089884,-0.18543193027035676,-0.11437858258128655,-0.0040855081395410105,0.000606952022508267,0.0020139096477578278,0.0378462063963525,10925,582000000,3.26,0,2,4,-4.271120214511698,-0.38007770909554117,4.9423355407738585,-4.271120214511698,-0.38007770909554117,4.9423355407738585,193.88432836532593
-4.467654407923079,0.984580801534397,5.0,-2.7190446018142445,1.057256976985182,4.961748227038646,-0.3857814958933599,0.0002094542158027296,-0.0034359758187600883,0.9225837564283179,-0.13867816775150635,-0.11366292243411927,-0.003474648849266745,0.0006872413393921306,-8.71071492269948e-05,0.014795581228099763,10925,809000000,3.79,0,2,4,-4.320821710989075,-0.38723332094946916,4.941119197858957,-4.320821710989075,-0.38723332094946916,4.941119197858957,194.11919569969177
-4.550650741557703,0.9319817652840376,5.0,-2.7197363302051496,1.0890384079037756,4.961303446357629,-0.3865818122283796,0.0002885132535709069,-0.0033364367511896087,0.9222490376271094,-0.08690271020788623,-0.11423383056773362,-0.0029601807453589297,0.0005701459144802357,-0.0016646997096358973,0.004519426192928222,10926,23000000,4.08,0,2,4,-4.367053889131704,-0.39194356047697476,4.9401441717025305,-4.367053889131704,-0.39194356047697476,4.9401441717025305,194.34879183769226
-4.550650741557703,0.9319817652840376,5.0,-2.7284373653446865,1.1161436056612846,4.960893920751095,-0.38669464779216567,0.00045961162392956574,-0.003205495393433697,0.9222021269360262,-0.036884467968321,-0.11487325198092313,-0.0024728165819993884,0.00023326980453930446,-0.002000876429519849,-0.002217832388851093,10926,228000000,4.17,0,2,4,-4.401827026905008,-0.39065953130562414,4.93960058184643,-4.401827026905008,-0.39065953130562414,4.93960058184643,194.59151554107666
-4.62857279409085,0.8720786905599872,5.0,-2.744512767709388,1.1359718490257946,4.960559983803641,-0.3859492692909997,0.0006603856353038149,-0.0031078403102702233,0.9225145347110592,0.00758906733331099,-0.11558138182650701,-0.00208745679131525,0.00020357773706791704,-0.002039487458205258,-0.011568212084966945,10926,449000000,4.17,0,2,4,-4.432544056519377,-0.383439912610045,4.939373513105748,-4.432544056519377,-0.383439912610045,4.939373513105748,194.8346848487854
-4.62857279409085,0.8720786905599872,5.0,-2.7669206537970257,1.149509238638348,4.96027848500884,-0.3842488329469845,0.0008470038173416258,-0.0029998683219906296,0.923224305222444,0.045536379013555575,-0.11566513537677783,-0.0018974715147083842,0.00023053131741335164,-0.001967961907212157,-0.021038430531916674,10926,670000000,4.08,0,2,4,-4.456851702720169,-0.37125568057190395,4.939507488691745,-4.456851702720169,-0.37125568057190395,4.939507488691745,195.0792076587677
-4.700733994569124,0.8053124355523127,5.0,-2.797570093445434,1.1580168807620963,4.959978576203338,-0.38124831551220334,0.0010544394132117085,-0.0028891237445256082,0.924467556510568,0.08192908072697,-0.11488903736509018,-0.0019407103083857035,3.017169127872421e-05,-0.0020278811007301556,-0.03151896162307821,10926,889000000,3.86,0,2,4,-4.475849101729328,-0.35502358478781865,4.939951515927334,-4.475849101729328,-0.35502358478781865,4.939951515927334,195.33214664459229
-4.700733994569124,0.8053124355523127,5.0,-2.8302717288138926,1.1610111917430086,4.959710853760193,-0.3777068335238888,0.001242109991119861,-0.0028107397698070515,0.9259201395444822,0.10862826490924889,-0.11319152253887095,-0.0019225493253915403,1.5734683778134695e-05,-0.001888083806989016,-0.03746430738829076,10927,122000000,3.49,0,2,4,-4.491618069864686,-0.33358913171112625,4.940695196306877,-4.491618069864686,-0.33358913171112625,4.940695196306877,195.58873295783997
-4.766481664549914,0.7321925005821849,5.0,-2.869945038079015,1.1599473247960503,4.95939936377952,-0.3732083606514325,0.0014308604027118124,-0.002732878689564222,0.9277424230638838,0.13283330615684186,-0.11049309097265007,-0.002132288049563969,2.1567389651977464e-05,-0.0017260304616684152,-0.042451471017557196,10927,355000000,3.06,0,2,4,-4.502626878163609,-0.311477835400752,4.941570894659406,-4.502626878163609,-0.311477835400752,4.941570894659406,195.83640837669373
-4.766481664549914,0.7321925005821849,5.0,-2.909084287115436,1.1557877983983373,4.959082857582714,-0.368744268897101,0.0015784772989943618,-0.0026695168255990716,0.9295257103732402,0.14987669305957033,-0.10730448494198308,-0.002295583508762797,0.0003024718779442992,-0.0014992513001743646,-0.04471006068342831,10927,581000000,2.51,0,2,4,-4.511729877718742,-0.2854119883266001,4.942687223793548,-4.511729877718742,-0.2854119883266001,4.942687223793548,196.09008932113647
-4.825204140223434,0.6532950152558216,5.0,-2.9579707369334374,1.1476120868173258,4.95867805064336,-0.3631968542518749,0.001718160722834014,-0.0025681081029034544,0.931707302647159,0.16669145207936237,-0.10285016614189872,-0.002453259287940035,0.00033140568405087834,-0.001321098602602433,-0.04657386816688813,10927,816000000,2.03,0,2,4,-4.518828458333383,-0.25826734021917375,4.94396527762246,-4.518828458333383,-0.25826734021917375,4.94396527762246,196.35647249221802
-4.825204140223434,0.6532950152558216,5.0,-3.008800382094145,1.1367151581267576,4.958247712828089,-0.35753591709607807,0.0018272492138919469,-0.002472678435604433,0.9338943275381484,0.17658538482142544,-0.09803105356156203,-0.002538531234456657,0.0007926809530545142,-0.0010784131745822378,-0.045603318358189426,10928,60000000,1.33,0,2,4,-4.52475896199123,-0.23092398989014254,4.94537787445913,-4.52475896199123,-0.23092398989014254,4.94537787445913,196.6446442604065
-4.876337874442031,0.5692599843818492,5.0,-3.063247266376679,1.1242001181617658,4.9577904447733205,-0.35200670381234556,0.0018909278222519273,-0.0023335145047111813,0.9359926599996364,0.16270796501468734,-0.09354127658588246,-0.0023993515343597714,0.0009750143931341881,-0.0005654425308421196,-0.0331538227328565,10928,328000000,0.7,0,2,4,-4.530414845153741,-0.20156144180034974,4.946982223185676,-4.530414845153741,-0.20156144180034974,4.946982223185676,196.94075274467468
-4.876337874442031,0.5692599843818492,5.0,-3.1032895648936436,1.1187688976419108,4.957442286453967,-0.34928560961386845,0.001864704056491276,-0.0022318101150073846,0.9370117954535365,0.11563202422621158,-0.09166843494818676,-0.002076667026653577,0.0009301296699959494,0.0006284973721903953,-0.015412684024340706,10928,604000000,0.39,0,2,4,-4.536199592268415,-0.17090168360165234,4.948769221510395,-4.536199592268415,-0.17090168360165234,4.948769221510395,197.19330167770386
-4.91937444438218,0.48078777128475003,5.0,-3.1280448959398828,1.121478483404082,4.957192276851296,-0.34860953923276816,0.0016876768391289167,-0.002206662028596703,0.9372639284350461,0.058258115771665106,-0.09081999775239598,-0.0017462554661055619,0.0008533202333182999,0.002105006046804192,-0.001698829419183312,10928,841000000,0.55,0,2,4,-4.5412015975253865,-0.14573569972987374,4.950323868822222,-4.5412015975253865,-0.14573569972987374,4.950323868822222,197.4261772632599
-4.91937444438218,0.48078777128475003,5.0,-3.1457209179365244,1.1325037598217016,4.956943784129298,-0.34890394293362464,0.001396839506158065,-0.002210626422662039,0.9371548434360157,0.0023220130235069485,-0.0900402780413279,-0.0015639070059280534,0.001102944577269227,0.0026573339255264727,0.006215164239620208,10929,53000000,0.6,0,2,4,-4.548294628207352,-0.1280281263763782,4.951547130315931,-4.548294628207352,-0.1280281263763782,4.951547130315931,197.658287525177
-4.953867385546926,0.3886348038838938,5.0,-3.1544383475675146,1.1485920234876579,4.956720855007805,-0.349785477839408,0.001109580023134642,-0.002187394509489715,0.9368266134296617,-0.03854461895373057,-0.08869332085601796,-0.0015423354955211824,0.001135244463057461,0.002558864321144938,0.01181416791951051,10929,265000000,0.55,0,2,4,-4.565467852714352,-0.1172441009073162,4.952591339660846,-4.565467852714352,-0.1172441009073162,4.952591339660846,197.88100910186768
-4.953867385546926,0.3886348038838938,5.0,-3.1572270613927613,1.174029970335726,4.9564154563555345,-0.35163303406721585,0.0007918098090564894,-0.0021736785303550703,0.9361350637122601,-0.07971541272149665,-0.08628236628238335,-0.0018139736715671044,0.0010644952453731094,0.002368763466620294,0.020033800137753133,10929,467000000,0.44,0,2,4,-4.592429372320377,-0.1175954797730075,4.953002442265756,-4.592429372320377,-0.1175954797730075,4.953002442265756,198.1367630958557
-4.979438768275345,0.2936084964698319,5.0,-3.152535137822018,1.2073753130499074,4.955998468580935,-0.3544663919684143,0.00048777541526770214,-0.0021603286582069364,0.9350661324313521,-0.11431272074399934,-0.08248995477585656,-0.0022273809256892606,0.0006837592422925809,0.0020548271322695655,0.026053063993458636,10929,702000000,0.22,0,2,4,-4.637454044015471,-0.1295556126671681,4.952829845656269,-4.637454044015471,-0.1295556126671681,4.952829845656269,198.44029784202576
-4.979438768275345,0.2936084964698319,5.0,-3.141858807222385,1.244900070803904,4.955482879890966,-0.3577009413479366,0.00023572494945707165,-0.0021481774507989535,0.9338336930771924,-0.12305613050902495,-0.07789396165544651,-0.0024655753694742028,0.0015488415897380037,0.0013806378206027148,0.019222599803470075,10929,970000000,0.17,0,2,4,-4.697687192710662,-0.15332609510936335,4.951989169150303,-4.697687192710662,-0.15332609510936335,4.951989169150303,198.7288942337036
-4.995785428973118,0.19656138848925678,5.0,-3.136424217652333,1.2759871452201674,4.955011704977984,-0.3585432474061434,9.078394231896536e-05,-0.0020100688522933377,0.9335109485811839,-0.06502911196519068,-0.07226290257935437,-0.002039909404129638,0.0010952297657240706,-0.00033705514113080426,-0.0022218331423573545,10930,231000000,0.55,0,2,4,-4.761205451751594,-0.18112450899280108,4.951014414199662,-4.761205451751594,-0.18112450899280108,4.951014414199662,199.01016068458557
-4.995785428973118,0.19656138848925678,5.0,-3.1425828294433114,1.2930069452537694,4.954624050723452,-0.35761487383954665,0.00018547740248438282,-0.0018432600502324955,0.933867319269309,0.0040017507136320424,-0.06760898134539386,-0.0017937961724185819,0.001184257530439936,-0.0017608910525268584,-0.0122798857773887,10930,487000000,0.65,0,2,4,-4.817759286685012,-0.20478083576699527,4.950288063061194,-4.817759286685012,-0.20478083576699527,4.950288063061194,199.27985191345215
-5.002684765033148,0.09838451082574427,5.0,-3.161364591370352,1.2988207476349782,4.954236559219865,-0.3557981130477635,0.0003673312118952078,-0.001625277083434048,0.9345613550184031,0.06928890483113247,-0.06226865280982027,-0.0016259127386231442,0.0008084642104222439,-0.002020857436946244,-0.017287770788243506,10930,728000000,0.53,0,2,4,-4.860598983102947,-0.22036441206558852,4.949961090450297,-4.860598983102947,-0.22036441206558852,4.949961090450297,199.56594944000244
-5.0,6.123233995736766e-16,5.0,-3.1881396829779094,1.2942885826272212,4.95388960399523,-0.3536562044568333,0.0005569648142302725,-0.0014545068119677172,0.9353741835486565,0.11895610551934059,-0.05738726128235797,-0.0016137781835672213,0.0009723557809593331,-0.0020661933831434,-0.020430169570317958,10930,983000000,0.31,0,2,4,-4.897978549897941,-0.23142593385804203,4.949947883277225,-4.897978549897941,-0.23142593385804203,4.949947883277225,199.8424162864685
-5.0,6.123233995736766e-16,5.0,-3.225200871578606,1.2804563683119898,4.95352142339314,-0.3510506887279992,0.0007674495932963443,-0.0012460158861998072,0.9363553131205751,0.16180009657328792,-0.05056878428856484,-0.0016556200267416534,0.0009796350468604942,-0.0020624152284653974,-0.02184324803238269,10931,233000000,0.1,0,2,4,-4.925548336198637,-0.23728192863156713,4.950204075008246,-4.925548336198637,-0.23728192863156713,4.950204075008246,200.119069814682
-4.987684824072758,-0.09764700864012206,5.0,-3.2683089952182582,1.2590790434600763,4.953140329374972,-0.34840097836806544,0.0009568257292453344,-0.0010486053001123037,0.937344516804586,0.19327744734769964,-0.04286906593123379,-0.0018471528820414632,0.0009614374789634894,-0.0018468628809387155,-0.021379241115937475,10931,479000000,0.32,0,2,4,-4.949329783486227,-0.24016252459673462,4.950750460548511,-4.949329783486227,-0.24016252459673462,4.950750460548511,200.4047887325287
-4.987684824072758,-0.09764700864012206,5.0,-3.3117560629968805,1.2342872890801397,4.952751855917436,-0.34605613553369763,0.0011120830542599108,-0.0008716429732492595,0.9382127448341823,0.21412701136445933,-0.036216585774378356,-0.0021189856020542982,0.0012717020467789553,-0.001647676970151224,-0.01989783522731159,10931,741000000,0.65,0,2,4,-4.968008250415605,-0.24075013329454095,4.9515188858641945,-4.968008250415605,-0.24075013329454095,4.9515188858641945,200.6854212284088
-4.9657873146656355,-0.19359716638148772,5.0,-3.3613841747987188,1.2031099663217524,4.952268708141699,-0.34380879025549166,0.0012406349848088577,-0.0006635502942599911,0.9390386234170012,0.23025708122560204,-0.02866331003770493,-0.0024709787974028963,0.0010476097600076173,-0.001349199567357573,-0.01682921010797145,10931,993000000,0.95,0,2,4,-4.98157491563523,-0.2398517116635728,4.9523845637824095,-4.98157491563523,-0.2398517116635728,4.9523845637824095,200.95553493499756
-4.9657873146656355,-0.19359716638148772,5.0,-3.412532886082383,1.168606771198848,4.951725644369504,-0.3419680900165619,0.0013383609586075894,-0.0004867655874011702,0.9397104858729798,0.24062522622371368,-0.02183774767173203,-0.0027182920441489356,0.0013389639775596152,-0.0010675631756384973,-0.013022297662246274,10932,243000000,1.24,0,2,4,-4.993034414248613,-0.23806396135276767,4.95343885739248,-4.993034414248613,-0.23806396135276767,4.95343885739248,201.25206923484802
-4.934453042581679,-0.2868863210573869,5.0,-3.471996369413341,1.1258557785866956,4.951080199831708,-0.34049122606711096,0.0014018777569913942,-0.00026882111691761733,0.9402466099089521,0.23961186076995794,-0.014523824202584166,-0.0026605680653259485,0.001203110150527209,-0.0006469184427260188,-0.007384378977803863,10932,513000000,1.47,0,2,4,-5.001734805420701,-0.23581301979160807,4.954560144904939,-5.001734805420701,-0.23581301979160807,4.954560144904939,201.57589054107666
-4.934453042581679,-0.2868863210573869,5.0,-3.5393399040070026,1.0753330666958578,4.950392050980343,-0.33981569293766245,0.0013552573541090102,-3.819561475906189e-05,0.940491072074528,0.19229891859076537,-0.00800837276119228,-0.0020788256234510263,0.0013267148460727185,0.00043828747209317953,6.01002341671375e-05,10932,813000000,1.67,0,2,4,-5.0089707886197665,-0.23331464627067855,4.955904987682781,-5.0089707886197665,-0.23331464627067855,4.955904987682781,201.99394965171814
-4.893927271527632,-0.3765554849144581,5.0,-3.580394667322341,1.0436265827022049,4.949939754237814,-0.34010734798989883,0.0011623169200494295,8.582988162732046e-05,0.9403858960532567,0.12542697559149632,-0.004281635963109622,-0.001572621037767155,0.0009740412110659236,0.0017731856360114762,0.003847125435640919,10933,197000000,1.79,0,2,4,-5.014960973023198,-0.23094972407045924,4.957742453485943,-5.014960973023198,-0.23094972407045924,4.957742453485943,202.3385272026062
-4.844556162327864,-0.4616612813243391,5.0,-3.5970828591510906,1.0307200578931004,4.949672421005252,-0.34060019010492276,0.0009053037387571259,9.88876781893547e-05,0.9402077861551978,0.06996287099094195,-0.0026110097565250736,-0.0012857268778595286,0.001132973898165801,0.0023857470750954235,0.00537072733095556,10933,511000000,1.8,0,2,4,-5.017210812045983,-0.23046374810853587,4.959144119511259,-5.017210812045983,-0.23046374810853587,4.959144119511259,202.56315231323242
-4.786786898395479,-0.5412867784393244,5.0,-3.604101351548394,1.025153587515195,4.94944174121491,-0.34114360897583457,0.0006194534420753662,0.0001260811070150578,0.9400109778273498,0.023242853525298843,0.0002543477817968967,-0.001183454681323489,0.0012694672363977588,0.0026531602088653017,0.005990008548906189,10933,721000000,1.79,0,2,4,-5.0191641296309415,-0.23217449343345187,4.960139728157151,-5.0191641296309415,-0.23217449343345187,4.960139728157151,202.7931671142578
-4.786786898395479,-0.5412867784393244,5.0,-3.603656128921032,1.0247130427609055,4.9491642862207295,-0.34173459508167237,0.00029864364006733157,0.0001701310923452132,0.939796439869695,-0.020505468392286917,0.0052154027002623326,-0.0013634508642578719,0.0015503514305237331,0.002492659427844046,0.005424231085271458,10933,934000000,1.78,0,2,4,-5.0250288279704804,-0.23848066829296818,4.960960286913932,-5.0250288279704804,-0.23848066829296818,4.960960286913932,203.03504729270935
-4.721166655891902,-0.6145526050955212,5.0,-3.5945357189182263,1.029637658214514,4.948764719191318,-0.34226352939359056,-2.8513829490211398e-05,0.0002579265905652815,0.9396039639698621,-0.06118319584328678,0.011719920195412554,-0.0019261773318479918,0.0016062672102634679,0.0021340017156035174,0.003890162679454079,10934,153000000,1.75,0,2,4,-5.040993735358817,-0.2552145857154214,4.961503639450509,-5.040993735358817,-0.2552145857154214,4.961503639450509,203.29548263549805
-4.721166655891902,-0.6145526050955212,5.0,-3.5759403561298133,1.040211962240277,4.948179904110737,-0.34258726781943005,-0.0003338270716674481,0.0003607138514823082,0.9394858819444928,-0.0980801541756314,0.01801372128128869,-0.002602849877474711,0.0018049742379844247,0.0017654028852120973,0.0011141867389596882,10934,390000000,1.72,0,2,4,-5.070704435904562,-0.28589642252734293,4.961507310058901,-5.070704435904562,-0.28589642252734293,4.961507310058901,203.56213092803955
-4.648340350641419,-0.6806282316581954,5.0,-3.554240417459183,1.0524178008347458,4.9475623920782335,-0.3425649791310299,-0.0005632432648521768,0.0004712915761668954,0.9394938508123574,-0.11503887887058409,0.023747365469587882,-0.0029883194849961237,0.0015064736885506136,0.00143963247865031,-0.00031519707164306965,10934,639000000,1.69,0,2,4,-5.1134107152409705,-0.3304730333512473,4.960975716209001,-5.1134107152409705,-0.3304730333512473,4.960975716209001,203.80382657051086
-4.648340350641419,-0.6806282316581954,5.0,-3.5340650283086585,1.0616771325502772,4.947011878098774,-0.3426924262737908,-0.0007348625997731853,0.0005707570952068128,0.9394471965937626,-0.07733726887586123,0.02977192776101841,-0.002307342230521827,0.0015005083355390525,0.0005363444529393746,0.002556658637331566,10934,861000000,1.69,0,2,4,-5.151797995587637,-0.3715502996632859,4.960417151593609,-5.151797995587637,-0.3715502996632859,4.960417151593609,204.05313158035278
-4.569047104336048,-0.7387432862955571,5.0,-3.5214139801362183,1.0616886158828938,4.946566454359842,-0.3431746241605874,-0.0007162855566661279,0.0007618427213095578,0.9392710385521895,-0.008037303043209942,0.03744023303480849,-0.0016267529264372715,0.0014370811072694778,-0.0013652333677782735,0.005598458437816589,10935,88000000,1.66,0,2,4,-5.186775360081876,-0.41072014837525384,4.959955999734929,-5.186775360081876,-0.41072014837525384,4.959955999734929,204.3041763305664
-4.569047104336048,-0.7387432862955571,5.0,-3.519266118426255,1.051836036443863,4.946297641390807,-0.3438686108165605,-0.000606839196028477,0.000959296072816218,0.9390170871673866,0.046753585374705635,0.04332213171246709,-0.0010066712645792164,0.0014726517065355438,-0.0016458405411867716,0.008014900777197909,10935,317000000,1.58,0,2,4,-5.216107934021063,-0.44707189751635945,4.95962768439766,-5.216107934021063,-0.44707189751635945,4.95962768439766,204.5476589202881
-4.484115384919367,-0.7881987655942971,5.0,-3.5262797586112313,1.0298423988951932,4.946143115777552,-0.345134861875204,-0.0004692601707449095,0.001203883668854315,0.9385522135594737,0.09958473611217354,0.05009443763599185,-0.00044499790086243265,0.0013808176277052553,-0.0017156743183477374,0.013151361963537056,10935,539000000,1.48,0,2,4,-5.235309692272589,-0.47498041350578346,4.959491231095704,-5.235309692272589,-0.47498041350578346,4.959491231095704,204.85021495819092
-4.484115384919367,-0.7881987655942971,5.0,-3.540059452940487,1.0015172069997689,4.9461184665529965,-0.34689812170602574,-0.0003320994451821871,0.001416904686412823,0.9379016874107325,0.13751486566793852,0.054648506041743275,-0.00011315428960978823,0.0014008457014824671,-0.0016647781762912928,0.01807896715035895,10935,811000000,1.3,0,2,4,-5.249797386562618,-0.5023635439622945,4.95951383045444,-5.249797386562618,-0.5023635439622945,4.95951383045444,205.11730933189392
-4.394456790301289,-0.8283779877478669,5.0,-3.560584102758097,0.9642133969500362,4.946197525849951,-0.34946464911794617,-0.0002015889152271762,0.001639740247246408,0.9369480933492002,0.16655285171552378,0.0591204320635671,0.00014996551405989971,0.0009604435206256312,-0.0014607014918510686,0.02365118998568505,10936,54000000,1.07,0,2,4,-5.256397697152512,-0.5232806151595591,4.959669773098606,-5.256397697152512,-0.5232806151595591,4.959669773098606,205.3943955898285
-4.394456790301289,-0.8283779877478669,5.0,-3.5830274999442357,0.9253718675909414,4.946334659848216,-0.35236140935487353,-9.334570007446378e-05,0.0017920804705986555,0.935862285238386,0.18506101940489744,0.061875322558863334,0.000231496404533807,0.0009017734498684149,-0.0012246457458786608,0.027709216556104366,10936,303000000,0.75,0,2,4,-5.257300413409669,-0.5421607923968125,4.9599648749057295,-5.257300413409669,-0.5421607923968125,4.9599648749057295,205.65850353240967
-4.301058460725572,-0.8587571270304252,5.0,-3.6074095846269953,0.8835231343283336,4.94649661886316,-0.3556789220903816,-9.41380228105138e-06,0.0019307968323351932,0.9346062145714615,0.1967879113960888,0.06454516422208136,0.00020399433029595596,0.0007257728498188953,-0.0010053881851490587,0.030995370980235748,10936,540000000,0.44,0,2,4,-5.253260830101522,-0.5567456695659397,4.960337848719625,-5.253260830101522,-0.5567456695659397,4.960337848719625,205.9407639503479
-4.301058460725572,-0.8587571270304252,5.0,-3.6371043164309746,0.8321853520939844,4.946702760418929,-0.35989537068957206,6.354531737988987e-05,0.002056597898746555,0.9329904010885057,0.2046696790649897,0.066588348416564,0.00018740667654082248,0.0005465292701956059,-0.0007477302006009268,0.03328116872580722,10936,790000000,0.31,0,2,4,-5.2451453316815755,-0.5691191109223661,4.960774868143023,-5.2451453316815755,-0.5691191109223661,4.960774868143023,206.25270462036133
-4.204974123151435,-0.8789151602050683,5.0,-3.667004544879416,0.7791321812632429,4.9469257325270934,-0.3643265468285105,0.00011279184364201573,0.0021511455798032602,0.9312687727647199,0.2080113582748706,0.06845800308216946,0.0001842919004874241,0.00041190312174421706,-0.0005450548428598267,0.03428348572924733,10937,73000000,0.7,0,2,4,-5.231333753185891,-0.5812821980546902,4.9613423917922574,-5.231333753185891,-0.5812821980546902,4.9613423917922574,206.54954433441162
-4.204974123151435,-0.8789151602050683,5.0,-3.6996703816354564,0.7182773371910178,4.947195265134914,-0.3692304413962011,0.00013915165847722924,0.0022274865206610654,0.9293351925365694,0.19007388986710919,0.07098005921781429,0.00019419300704991927,0.00030908541361895914,-0.00014261307512697385,0.0285701747998246,10937,340000000,1.22,0,2,4,-5.213429642812014,-0.5915168074518243,4.961985078071485,-5.213429642812014,-0.5915168074518243,4.961985078071485,206.89788699150085
-4.107313790845381,-0.8885430492071804,5.0,-3.7215464216093497,0.6650221669625163,4.947426431476789,-0.3726424006278938,8.718697404913817e-05,0.0022579639421972937,0.9279722707341785,0.12771058847182423,0.07635545675162622,-0.0002144490293518422,0.0002626575565045641,0.0008407819166222907,0.013611974463856313,10937,661000000,1.82,0,2,4,-5.18889483168581,-0.601392432533885,4.962733276058653,-5.18889483168581,-0.601392432533885,4.962733276058653,207.267338514328
-4.009232162892936,-0.887451980204179,5.0,-3.7248337145171364,0.6356362116495807,4.947404388558141,-0.373548844190063,-5.1145293020251345e-05,0.0022428004411143643,0.9276077987137712,0.0635145428785956,0.0813615759447048,-0.0009577553453010227,0.000690167786387974,0.00149045880561971,0.003319618281238945,10937,997000000,2.21,0,2,4,-5.158918994112874,-0.6103650311567038,4.963520976979918,-5.158918994112874,-0.6103650311567038,4.963520976979918,207.53210926055908
-3.9119157913707925,-0.8755804772778834,5.0,-3.7152259232797276,0.6166820009676056,4.947145085420839,-0.37329187050759605,-0.00031926302879032404,0.002236995287135272,0.9277112014717424,-0.007024151854761465,0.0876749200706453,-0.0019909305000643347,0.0011328415439493256,0.002387924791946716,-0.00751418970139639,10938,237000000,2.33,0,2,4,-5.136453333772892,-0.6167271803416696,4.964020417207792,-5.136453333772892,-0.6167271803416696,4.964020417207792,207.77585649490356
-3.9119157913707925,-0.8755804772778834,5.0,-3.695462669284896,0.6079654921340767,4.946656229521499,-0.37190672382401235,-0.0006143607114638263,0.0022601722767014998,0.9282671506396665,-0.06402744532528257,0.09337692690046513,-0.0031871007592731613,0.0015001434803707525,0.002437683406242286,-0.01898893515317468,10938,459000000,2.36,0,2,4,-5.123404819672274,-0.6302156734838869,4.964286009362993,-5.123404819672274,-0.6302156734838869,4.964286009362993,208.03576827049255
-3.8165691082559876,-0.8530002098206052,5.0,-3.6602116990175264,0.6068227275257242,4.945724294257391,-0.3687320895838691,-0.0009639310450500147,0.0023223620324012463,0.9295323144370209,-0.12226215491287515,0.09880861547457974,-0.0047996060039956915,0.001172967813545256,0.0023322832930716686,-0.032590845876256935,10938,695000000,2.2,0,2,4,-5.121458232144998,-0.654626812998036,4.964269938475597,-5.121458232144998,-0.654626812998036,4.964269938475597,208.31624579429626
-3.8165691082559876,-0.8530002098206052,5.0,-3.614436879965725,0.6137760109988546,4.944427940088713,-0.364137322845618,-0.0012769977782758671,0.002354829650229208,0.9313414165411193,-0.16656808546537588,0.10154963640344454,-0.006128036163251277,0.00128309671936222,0.0021659279582308955,-0.041833065915852785,10938,952000000,1.83,0,2,4,-5.1315283557342495,-0.6960577036804861,4.963898291202252,-5.1315283557342495,-0.6960577036804861,4.963898291202252,208.58940720558167
-3.724399429526773,-0.81992031658865,5.0,-3.5702542558395676,0.6237679279735057,4.943173419572807,-0.3596745916853166,-0.0015160683253974206,0.0023905638540092063,0.9330735098786662,-0.1806936389829548,0.10173146317311421,-0.006414177676635246,9.283924882197425e-05,0.0015536884347966406,-0.03999917389592156,10939,201000000,1.3,0,2,4,-5.151704680228399,-0.7480470934809054,4.9631808083061815,-5.151704680228399,-0.7480470934809054,4.9631808083061815,208.8449466228485
-3.724399429526773,-0.81992031658865,5.0,-3.523578508818774,0.6306858770809018,4.941949290573161,-0.35648668832855374,-0.0015505582558244327,0.0023477179516138112,0.9342961655888646,-0.12326237491119967,0.0990267321713203,-0.004489611048361432,-0.00025481069769739406,-0.0004339123307772752,-0.01791059421520913,10939,436000000,0.85,0,2,4,-5.171933775204278,-0.7955966555655499,4.962486745012438,-5.171933775204278,-0.7955966555655499,4.962486745012438,209.11535263061523
-3.636601080010044,-0.776690076510659,5.0,-3.495764404764331,0.6291339527214933,4.94135548623134,-0.35514254447791116,-0.0014497812215196826,0.002358206939729094,0.9348080605644101,-0.07763543948310689,0.09766321965997656,-0.0028605575328777316,-0.0003498165028759104,-0.001225893686296331,-0.011926095976377837,10939,679000000,0.62,0,2,4,-5.190682997584974,-0.8473045707139686,4.961849127470897,-5.190682997584974,-0.8473045707139686,4.961849127470897,209.35480499267578
-3.636601080010044,-0.776690076510659,5.0,-3.4709243010420665,0.6200368317494975,4.941036278414276,-0.35405329830735,-0.0012771264171209215,0.002369840441041503,0.9352213720622969,-0.030844107930696262,0.09650456868928932,-0.0010827474385645785,-0.0002859835177559944,-0.0013957333749203826,-0.007157384607126005,10939,894000000,0.57,0,2,4,-5.196745906302638,-0.8792713429097156,4.961492479323548,-5.196745906302638,-0.8792713429097156,4.961492479323548,209.6008517742157
-3.5543388089763526,-0.7237997670733144,5.0,-3.4548554941966017,0.6059909125585705,4.941063140074384,-0.35365306542601416,-0.00112667981464471,0.002397053968690087,0.9353729170975871,0.003255085837107462,0.09591403769813307,0.00019797005288105566,-0.0002510421239776406,-0.0013133257766639872,-0.000926643764387336,10940,123000000,0.55,0,2,4,-5.194989391137076,-0.9092087624151972,4.961203383286965,-5.194989391137076,-0.9092087624151972,4.961203383286965,209.84073901176453
-3.5543388089763526,-0.7237997670733144,5.0,-3.444014983803634,0.5875389737511474,4.9413450827774605,-0.35394908050509266,-0.0009869020560598165,0.002420565106190817,0.9352610412598708,0.03141364815648941,0.09511435319676614,0.001292261485701326,-0.0002472510828965824,-0.001194411879623658,0.005967494735159562,10940,343000000,0.54,0,2,4,-5.185870095506405,-0.9296387118322633,4.961029911073644,-5.185870095506405,-0.9296387118322633,4.961029911073644,210.09420371055603
-3.4787306928416317,-0.6618795656421455,5.0,-3.436839104472341,0.5635606896127084,4.94190369999691,-0.35501945771538507,-0.000859854377315617,0.002437504681729972,0.9348553384694607,0.05433916938289277,0.09412858777159394,0.0023077121632511933,-0.00023902297527911287,-0.0009765568279362924,0.012325528405199293,10940,572000000,0.51,0,2,4,-5.170482819996148,-0.9442345145796712,4.9609181804133895,-5.170482819996148,-0.9442345145796712,4.9609181804133895,210.33911299705505
-3.4787306928416317,-0.6618795656421455,5.0,-3.4335341082178523,0.5389747931078681,4.942613266143494,-0.35652531577602875,-0.0007587876116689467,0.0024466300167873367,0.9342821508804094,0.07012284681165629,0.09282375879651883,0.0030806612347946813,-0.000372634485756862,-0.0008709795054073766,0.016331758342857938,10940,798000000,0.47,0,2,4,-5.147588708348806,-0.9544142652123534,4.9608496853092,-5.147588708348806,-0.9544142652123534,4.9608496853092,210.5878291130066
-3.4108307471117234,-0.5916963676169309,5.0,-3.4323906690375527,0.5103691853447024,4.9435509108300835,-0.3585134357821758,-0.0006576733397682555,0.0024367706354961353,0.9335211545424709,0.08093465719843666,0.09104847725107279,0.003694188720123508,-0.00035716189188406133,-0.0007224169507935585,0.018746903515420854,10941,25000000,0.48,0,2,4,-5.121799026297461,-0.959180026891295,4.9608154187049305,-5.121799026297461,-0.959180026891295,4.9608154187049305,210.86128067970276
-3.4108307471117234,-0.5916963676169309,5.0,-3.4330362901847735,0.4806457088786535,4.944623611900537,-0.3606895884406159,-0.0005784847223739445,0.0024233021481721495,0.9326825900340714,0.08820108708712555,0.08908334404683135,0.004193025471795111,-0.00045534827677329304,-0.0005170632960016519,0.01976107196242083,10941,274000000,0.6,0,2,4,-5.08946469627373,-0.9602588582095993,4.960783212759155,-5.08946469627373,-0.9602588582095993,4.960783212759155,211.1174430847168
-3.3516114943543616,-0.5141484180143086,5.0,-3.434541667994316,0.45303328347871613,4.9456896328437425,-0.36271210902953194,-0.0005244378721177207,0.0023926680206720723,0.9318980234274619,0.09089461812380215,0.08713957113545637,0.0044879747921419645,-0.0004086613444087561,-0.00032451159484025993,0.01962016467587091,10941,506000000,0.79,0,2,4,-5.053658823091045,-0.9578047321810308,4.96072200724824,-5.053658823091045,-0.9578047321810308,4.96072200724824,211.3616166114807
-3.3516114943543616,-0.5141484180143086,5.0,-3.4363627007966997,0.4279643694413921,4.946709243173094,-0.36451608812820785,-0.0004902220408196036,0.0023662539868471613,0.9311939551028714,0.09214382235435224,0.08511231482535939,0.00472081878145524,-0.0004348381082763808,-0.00021903855298432973,0.019135355978505686,10941,726000000,1.01,0,2,4,-5.018466502030944,-0.9529908200026802,4.960632215509349,-5.018466502030944,-0.9529908200026802,4.960632215509349,211.59109663963318
-3.3019467579008337,-0.4302576799951901,5.0,-3.4389218964064074,0.3959464481165838,4.948093560180597,-0.3666957977787729,-0.00045502898909916055,0.0022897159780661067,0.9303379719439319,0.08995824795685016,0.08214972079344603,0.004954110615766322,-0.0007416224377720937,-2.613706584497777e-05,0.017125689919339493,10941,936000000,1.16,0,2,4,-4.981482923411882,-0.9461160511358088,4.960503108948127,-4.981482923411882,-0.9461160511358088,4.960503108948127,211.854478597641
-3.3019467579008337,-0.4302576799951901,5.0,-3.441720988794923,0.3537196329561405,4.950045729745318,-0.3691933670089543,-0.0004113963877403267,0.002170326978425176,0.9293499761609778,0.0778347594204943,0.0784626171517539,0.004976540196663668,-0.0006945604354768875,2.4979019208615227e-05,0.011138876016048016,10942,177000000,1.45,0,2,4,-4.939590355239174,-0.9366245086079197,4.960324679988887,-4.939590355239174,-0.9366245086079197,4.960324679988887,212.2642183303833
-3.2625949715173483,-0.34115989501771693,5.0,-3.44027266527859,0.3252481394887364,4.951504617574637,-0.37014803358174125,-0.00042526489593723517,0.002105074160116894,0.9289703014887607,0.037058987149110614,0.07741543952351602,0.00416377431941267,0.0003750080622921814,0.0013558291470872064,-0.004068306111548736,10942,555000000,1.73,0,2,4,-4.879169369062676,-0.9234143194556907,4.9600756628347495,-4.879169369062676,-0.9234143194556907,4.9600756628347495,212.57014346122742
-3.2341833127527586,-0.2480923246165849,5.0,-3.424183534806211,0.3124205648176158,4.95234365697332,-0.3681308994056751,-0.000712878122741961,0.0020458282272211737,0.9297714489563633,-0.05580563788489179,0.07901183345999771,0.0015716566191251338,0.0003907875225195312,0.002692199450393673,-0.02612110383779509,10942,832000000,1.82,0,2,4,-4.846092593122683,-0.9248706498454702,4.959874784730811,-4.846092593122683,-0.9248706498454702,4.959874784730811,212.83886861801147
-3.2341833127527586,-0.2480923246165849,5.0,-3.390583348689636,0.31556017314335316,4.952422372975364,-0.364158393921344,-0.0010491896084120966,0.0019566379156762304,0.9313343840457409,-0.1436555914095707,0.07878914623578262,-0.0015617347163797636,3.3343440719590944e-05,0.0027387798809286323,-0.037455576602951623,10943,78000000,1.55,0,2,4,-4.829923826607847,-0.9387430048486834,4.959648178970971,-4.829923826607847,-0.9387430048486834,4.959648178970971,213.12976145744324
-3.2171929813418867,-0.15237920310723663,5.0,-3.324687500531513,0.34008685737345595,4.951409434391765,-0.3576632359205876,-0.0014561970466336377,0.0018012399842223309,0.9338477631260325,-0.23135639298970911,0.07481624902154096,-0.005271250085007997,-8.400118574058979e-05,0.0025941590592992725,-0.04342688152974006,10943,347000000,1.05,0,2,4,-4.82573652715087,-0.9626388791219095,4.959394490671201,-4.82573652715087,-0.9626388791219095,4.959394490671201,213.48676586151123
-3.2171929813418867,-0.15237920310723663,5.0,-3.2531576126433266,0.3745874638519766,4.949719896956011,-0.35170527010597186,-0.0017465573030429813,0.0016140590038167988,0.9361077648063841,-0.25589152930527953,0.06798910415737384,-0.006456237002155023,-0.001437968137452117,0.0018044415469375963,-0.035782040140475146,10943,679000000,0.37,0,2,4,-4.834213985165611,-1.0048109230394755,4.958941384021313,-4.834213985165611,-1.0048109230394755,4.958941384021313,213.8083152770996
-3.211945953178299,-0.05541497349941108,5.0,-3.19890629888206,0.40120675973730713,4.948518956109463,-0.34828690152880726,-0.0018251887792166085,0.001410236168977968,0.937385147174485,-0.22633793607366365,0.06127216666647436,-0.005111377192074758,-0.001688213717443432,0.00030126966805710254,-0.025869294404401444,10943,977000000,0.62,0,2,4,-4.851552822654712,-1.0493613951364245,4.958342012030195,-4.851552822654712,-1.0493613951364245,4.958342012030195,214.0801384449005
-3.21859354421624,0.04135457483112127,5.0,-3.1535016020870894,0.4217599655109026,4.94770359270118,-0.34582324694214484,-0.0016650193436538107,0.0012725122262143816,0.9382973357617571,-0.17565558912979654,0.05520629275726154,-0.0031436926774117886,-0.0014211176335265918,-0.0014634723470408062,-0.01882977012428455,10944,220000000,1.01,0,2,4,-4.8684682378066455,-1.0864159319248166,4.957821055038334,-4.8684682378066455,-1.0864159319248166,4.957821055038334,214.3523988723755
-3.21859354421624,0.04135457483112127,5.0,-3.114961332014201,0.4368421204511561,4.947292544085396,-0.3438574364720397,-0.0013926346304126618,0.0011887887197978072,0.9390200800478352,-0.1289685238617632,0.04847647174015585,-0.0011200934877672302,-0.0014880162666486285,-0.0018438719962432515,-0.013238565952633508,10944,465000000,1.3,0,2,4,-4.8763940167510444,-1.113707832736861,4.957330200397001,-4.8763940167510444,-1.113707832736861,4.957330200397001,214.63455390930176
-3.2371071164773877,0.13645309916067708,5.0,-3.087715514403789,0.44560200716846354,4.947299263974857,-0.3426527520610769,-0.0011312532085307463,0.0011124583774887915,0.9394607890739808,-0.0941846103836135,0.042593005901037,0.0004406931282929023,-0.001222126331867912,-0.001721943579013896,-0.008528079615643946,10944,721000000,1.53,0,2,4,-4.871754906667455,-1.1292278032347927,4.956842849592019,-4.871754906667455,-1.1292278032347927,4.956842849592019,214.91069507598877
-3.2371071164773877,0.13645309916067708,5.0,-3.0656082589175604,0.45065396186452,4.9476611852389265,-0.3418700090037476,-0.0008925607506142214,0.0010496161788885318,0.9397462415912929,-0.06352744512851359,0.03709293454033295,0.0018466434776685883,-0.0009689695161796408,-0.0013847133004674106,-0.004179889720035135,10944,970000000,1.67,0,2,4,-4.856986953649988,-1.1320876871068297,4.956453761910314,-4.856986953649988,-1.1320876871068297,4.956453761910314,215.1860020160675
-3.267271249411667,0.22839620850894257,5.0,-3.050841511657235,0.45229790617512894,4.948273669450637,-0.3416234831068347,-0.0007162346828151422,0.0009959447664600123,0.9398360978872089,-0.04125600041004635,0.0318486524905892,0.0029272847501861463,-0.0011108501553280803,-0.0011280771786914556,-0.0006819985628681025,10945,220000000,1.77,0,2,4,-4.831521588116451,-1.1247599180456092,4.956055213516032,-4.831521588116451,-1.1247599180456092,4.956055213516032,215.46010446548462
-3.267271249411667,0.22839620850894257,5.0,-3.0398255628649635,0.45159834431290086,4.949190885884424,-0.3416925693711212,-0.0005397262427814511,0.0009058401865510131,0.9398111917750822,-0.021886491992957,0.02665921249982765,0.0038710098660810844,-0.0014176756963024673,-0.0009095285122384666,0.001785196593573346,10945,468000000,1.81,0,2,4,-4.801186652734264,-1.1099308275313902,4.955694403783186,-4.801186652734264,-1.1099308275313902,4.955694403783186,215.72978806495667
-3.308679683530565,0.3157154098814325,5.0,-3.0335004503854095,0.44944319174871816,4.950212364530786,-0.34200643329289293,-0.0004019172457653164,0.0007948692098895828,0.9396971885835035,-0.007991049320011111,0.021365136026471037,0.004473761856248581,-0.0009879331287265813,-0.0006720048872921325,0.003395148974050244,10945,719000000,1.81,0,2,4,-4.763049427171285,-1.0871712242447857,4.955291491716841,-4.763049427171285,-1.0871712242447857,4.955291491716841,216.00633883476257
-3.308679683530565,0.3157154098814325,5.0,-3.0302326873115915,0.4462471972007819,4.9513461704886765,-0.3424238616028419,-0.00029500192348963126,0.0007122129112257454,0.9395452648657392,0.0032430220041107607,0.016585563981425445,0.004882289080352036,-0.0014015892247698503,-0.0005372988482577057,0.0038952236991462996,10945,968000000,1.78,0,2,4,-4.724601754766762,-1.0612721250603443,4.954907326403452,-4.724601754766762,-1.0612721250603443,4.954907326403452,216.26583909988403
-3.36073431890886,0.39698317216108925,5.0,-3.02954497914267,0.4425461355445463,4.952566843739133,-0.3428743942284729,-0.00018793298980625817,0.0005807688609466636,0.9393810606836712,0.01154665390441889,0.011115944419447493,0.0052278854788131175,-0.001196617927234911,-0.0004029342449030082,0.004059048751514638,10946,204000000,1.74,0,2,4,-4.684150164150985,-1.0318532701842569,4.954515132329233,-4.684150164150985,-1.0318532701842569,4.954515132329233,216.534428358078
-3.4226475183504643,0.4708387324053992,5.0,-3.0306030540557445,0.4392904980987269,4.9536410300658,-0.3432582305351846,-0.00011782190043346295,0.0004909107592394958,0.9392409341028958,0.017073927488141162,0.00723106585805135,0.0054664418613482365,-0.001072836414550693,-0.0003100134847500158,0.004102378352399683,10946,446000000,1.69,0,2,4,-4.642655627135971,-0.9996521694653528,4.954095715744495,-4.642655627135971,-0.9996521694653528,4.954095715744495,216.741619348526
-3.4226475183504643,0.4708387324053992,5.0,-3.0332801639625875,0.4357873685539725,4.954844619637714,-0.3436811806882017,-4.25122155619147e-05,0.0003697706669222692,0.939086315257085,0.021677876344981736,0.001584283827739658,0.005461935851684732,-0.001680214063526364,-0.00023034582028458317,0.0039859556636656635,10946,637000000,1.66,0,2,4,-4.607722889440823,-0.9712031717020045,4.953723465508593,-4.607722889440823,-0.9712031717020045,4.953723465508593,216.99377179145813
-3.4226475183504643,0.4708387324053992,5.0,-3.036621071774352,0.4332419772886489,4.955828111011156,-0.34399889848622184,2.6380791038111833e-05,0.00023466670649146092,0.9389700219260766,0.02468391449605691,-0.0035171257222961034,0.005457952442803003,-0.0015516154803663085,-0.0001818253181795626,0.003608206156968663,10946,857000000,1.62,0,2,4,-4.5693384745288075,-0.9385280201486416,4.953308526149475,-4.5693384745288075,-0.9385280201486416,4.953308526149475,217.20295190811157
-3.4934479233798426,0.5360142196544851,5.0,-3.0430485667843983,0.43018134256485663,4.957246412070116,-0.344384618316913,0.00010402109857195608,7.912607183592303e-05,0.938828641225538,0.027956973906838257,-0.009900183463952434,0.005418370468829817,-0.0010267046718581696,-9.875163655692631e-05,0.002880444912989333,10947,54000000,1.6,0,2,4,-4.538183332506884,-0.9109414879957818,4.952975490337129,-4.538183332506884,-0.9109414879957818,4.952975490337129,217.48198080062866
-3.4934479233798426,0.5360142196544851,5.0,-3.0508832319913335,0.42780466215538665,4.958636768512298,-0.34471956132876885,0.00015404278994908546,-3.8323861517517155e-05,0.9387057040624616,0.027738064237538745,-0.015174543930898376,0.0052445403060807265,-0.0012900985211672378,-4.814744833936402e-05,0.0026569449801172595,10947,311000000,1.59,0,2,4,-4.496793194378729,-0.8729314281008972,4.9525628076336385,-4.496793194378729,-0.8729314281008972,4.9525628076336385,217.75728797912598
-3.5719899405559112,0.5913606251811727,5.0,-3.057311791649705,0.4275007808872671,4.959762262898708,-0.34500050779820596,0.0002020548135824889,-0.00016287350058365096,0.9386024623156788,0.010622831628605205,-0.020395524192386577,0.004741439740857671,-0.0013344267699721968,0.0005170631538931048,0.0037473774909813073,10947,565000000,1.6,0,2,4,-4.464117885608086,-0.8411033461827353,4.952215111132476,-4.464117885608086,-0.8411033461827353,4.952215111132476,217.99602508544922
-3.5719899405559112,0.5913606251811727,5.0,-3.055262784045605,0.43608406811492584,4.960536078419503,-0.3457192512454789,5.348213124673699e-05,-0.00037690010515569237,0.9383379212225398,-0.07002562657766367,-0.026643663155907615,0.002384902338112025,-0.0018195219126937445,0.0026853417011807323,0.009490237607678864,10947,787000000,1.62,0,2,4,-4.447753416661933,-0.8228052304153538,4.95192601108659,-4.447753416661933,-0.8228052304153538,4.95192601108659,218.22992825508118
-3.6569669959055218,0.635873106918289,5.0,-3.0375903841053664,0.4617531272402369,4.960794943474533,-0.3472716126960777,-0.00021074089906574764,-0.0007405183802933696,0.9377642743441803,-0.1548619898259746,-0.034294991208286586,-0.00043709544037589664,-0.0018670252075025928,0.0028974021233807434,0.015298235575755825,10948,1000000,1.57,0,2,4,-4.44236279861963,-0.8127016996989119,4.951615600335601,-4.44236279861963,-0.8127016996989119,4.951615600335601,218.52547240257263
-3.6569669959055218,0.635873106918289,5.0,-2.997708433312753,0.5122638312594752,4.960247590978557,-0.34997927311792293,-0.0005210466656769112,-0.0011555928487527317,0.9367565860475122,-0.23255091709268122,-0.04157066662358671,-0.0034495969374085597,-0.0017571988337294897,0.002613364335957158,0.021451214524859097,10948,270000000,1.4,0,2,4,-4.4486196065973855,-0.8097490077066932,4.951183323786882,-4.4486196065973855,-0.8097490077066932,4.951183323786882,218.87435150146484
-3.746928586755153,0.6687150811805102,5.0,-2.9453712054518366,0.57697947691859,4.959016434081928,-0.3534633626192141,-0.0007980934694300046,-0.0015029464703204035,0.935446821302333,-0.2597078807245111,-0.046179369770458445,-0.00473714516422634,-0.0009669708219917084,0.002097431183756271,0.02285021237184992,10948,584000000,1.08,0,2,4,-4.472165058493085,-0.8170170097777496,4.950433127009715,-4.472165058493085,-0.8170170097777496,4.950433127009715,219.23500847816467
-3.840301083373493,0.6892405284284435,5.0,-2.90476488374931,0.6293362264817324,4.958066579334112,-0.35614141334864785,-0.000955889947359799,-0.0016757596122821555,0.9344300786052202,-0.23283140212567416,-0.047797053495368655,-0.004059781953199485,-0.0004000428816652857,0.00044959362810459425,0.021003192705393303,10948,911000000,0.65,0,2,4,-4.510083752634536,-0.8337327718570208,4.949361934933785,-4.510083752634536,-0.8337327718570208,4.949361934933785,219.51951098442078
-3.840301083373493,0.6892405284284435,5.0,-2.876301108907648,0.6704934001691334,4.957419206202183,-0.3583669222361923,-0.0008388705121807635,-0.0016826241642151553,0.9335789276323372,-0.17576151612758767,-0.04952865106682049,-0.0027932449553392533,-0.0006029535029483668,-0.0016628974208288128,0.01922807605296839,10949,165000000,0.3,0,2,4,-4.548124732145573,-0.8514061494970658,4.948299697893339,-4.548124732145573,-0.8514061494970658,4.948299697893339,219.78532791137695
-3.93541214837569,0.6970139234065245,5.0,-2.858226029301013,0.7033467017127251,4.957038197060433,-0.36048540114583183,-0.0005862308542918631,-0.0016617029357489672,0.9327631910819956,-0.12329417299292986,-0.05231357652469295,-0.0014935194078021588,-0.0005063768298896321,-0.002121993634318642,0.018149169409298338,10949,410000000,0.09,0,2,4,-4.576032810346223,-0.859951832701988,4.947491223062154,-4.576032810346223,-0.859951832701988,4.947491223062154,220.0549852848053
-4.030518550843147,0.6918271952261162,5.0,-2.849264258413918,0.7289480018609154,4.956903006356399,-0.36235468494782624,-0.00033481869189287987,-0.0016236708604265688,0.9320388049248496,-0.07871705381108401,-0.05500680082757191,-0.0004477819869850317,-0.00039300867911151727,-0.0019655018377306988,0.014966689650464104,10949,657000000,0.33,0,2,4,-4.594202438617898,-0.8571368556030339,4.946926277736661,-4.594202438617898,-0.8571368556030339,4.946926277736661,220.32023096084595
-4.030518550843147,0.6918271952261162,5.0,-2.848250676239918,0.7484294475447717,4.956940390236535,-0.36372863763417385,-0.00010476392881970714,-0.0015848203419817882,0.9315035993133846,-0.039881506614598834,-0.058724784602011026,0.00020428749732622322,-0.0006104308738485997,-0.001811287768305192,0.0096328569270554,10949,895000000,0.55,0,2,4,-4.601202669950813,-0.8463605100304793,4.9467090938913705,-4.601202669950813,-0.8463605100304793,4.9467090938913705,220.5732774734497
-4.123837055971175,0.673713131509541,5.0,-2.8543463926777326,0.7626706937175537,4.95710792352537,-0.36443144350624906,0.00011703056493394019,-0.0015763565120733018,0.9312288786264875,-0.005787079990819419,-0.06264147292516335,0.0007422344503256059,-0.0005419463775524491,-0.0016332376503669366,0.0033942842719625332,10950,130000000,0.73,0,2,4,-4.6017806731986415,-0.8273603984144957,4.946714397756906,-4.6017806731986415,-0.8273603984144957,4.946714397756906,220.82681488990784
-4.123837055971175,0.673713131509541,5.0,-2.865276738446099,0.7718029917546855,4.957361364845716,-0.36449109657323076,0.00029084133118317996,-0.001565361259806755,0.9312055119973733,0.020658359955904884,-0.06564151790852533,0.0011159470120295702,-0.0004321602119716772,-0.0014223977927940723,-0.0021012458091718145,10950,358000000,0.84,0,2,4,-4.596771669004536,-0.8022932121314895,4.946926783666216,-4.596771669004536,-0.8022932121314895,4.946926783666216,221.07940435409546
-4.213577971504894,0.6429546640999306,5.0,-2.8823120906141857,0.7780792735248112,4.957694289131902,-0.36386399197409924,0.0004610074860545211,-0.0015510954425383152,0.931450684105014,0.04620394817085097,-0.06877636948757523,0.0012694490324090756,-0.0005007269351153809,-0.0013172646276871092,-0.008412028455495602,10950,586000000,0.86,0,2,4,-4.588559733758243,-0.77528184504116,4.947250379052909,-4.588559733758243,-0.77528184504116,4.947250379052909,221.33356738090515
-4.213577971504894,0.6429546640999306,5.0,-2.8999580897616117,0.780807012769554,4.9580129899049945,-0.3628851638200401,0.0005938222981436367,-0.0015503299130584086,0.9318323892908755,0.06386193560126066,-0.07063656522027323,0.0014544607341465958,-0.0005108505092721316,-0.0011946627409997745,-0.01212106990351458,10950,818000000,0.81,0,2,4,-4.576947836002997,-0.7426948993967358,4.947696874650903,-4.576947836002997,-0.7426948993967358,4.947696874650903,221.57250356674194
-4.297980831351451,0.6000895134453678,5.0,-2.924665768321365,0.7815352291816532,4.95843081482561,-0.36123895490956365,0.0007411464370242762,-0.0015604883474389958,0.9324716794808958,0.08238480078917793,-0.07255167834028042,0.001501051635599548,-0.0003385753615248177,-0.0010829580446625187,-0.01659765312069794,10951,36000000,0.7,0,2,4,-4.565939895260185,-0.7138233483038967,4.948133739672139,-4.565939895260185,-0.7138233483038967,4.948133739672139,221.8293797969818
-4.297980831351451,0.6000895134453678,5.0,-2.9524449268583446,0.7799863063759143,4.958851047861002,-0.3592085588546268,0.0008651016784893209,-0.001550066445494268,0.9332556242202255,0.09682160898442109,-0.07342967876179199,0.0014093735334921606,-0.0003903954024053746,-0.0009759619956639654,-0.019455219444353133,10951,271000000,0.54,0,2,4,-4.5518061980426126,-0.6778756641204288,4.9487246519684165,-4.5518061980426126,-0.6778756641204288,4.9487246519684165,222.0811722278595
-4.375351597002221,0.545909725712853,5.0,-2.9801866542038047,0.776875035307402,4.959212587220585,-0.35708441416867454,0.000972038262842955,-0.0015542279579104433,0.9340703189133487,0.10859899312288393,-0.07407755914179007,0.0012388119003365144,-0.00034345689243764355,-0.0008745778245611291,-0.021565091992670204,10951,502000000,0.36,0,2,4,-4.537356299524666,-0.6412446590265186,4.9493774962678145,-4.537356299524666,-0.6412446590265186,4.9493774962678145,222.33185148239136
-4.375351597002221,0.545909725712853,5.0,-3.0124374838892702,0.7719617156439811,4.959576412705833,-0.35457824547645606,0.0010698994428087827,-0.0015574049249011662,0.9350244369212604,0.11874740143897622,-0.07402412431985789,0.001081929680718955,-0.0002739746776114771,-0.0007179087504027848,-0.0230139892664738,10951,734000000,0.3,0,2,4,-4.524246294558543,-0.6075284218589394,4.949996596794361,-4.524246294558543,-0.6075284218589394,4.949996596794361,222.58145260810852
-4.4441006615415,0.4814557117933096,5.0,-3.0490917991905477,0.7652512312177211,4.959940653518105,-0.3517699434995463,0.0011514052319959171,-0.001551660658174712,0.9360844905592227,0.1206134944498505,-0.07367878746890869,0.0009426990402437222,0.0001287449421738529,-0.0006161089970646572,-0.02018737213802524,10951,964000000,0.46,0,2,4,-4.5104543661603,-0.5709918061942647,4.950658125037001,-4.5104543661603,-0.5709918061942647,4.950658125037001,222.8726885318756
-4.4441006615415,0.4814557117933096,5.0,-3.0782487130185845,0.7613711670545821,4.960223327399013,-0.35009223405707757,0.001201115437869469,-0.0015200295475296744,0.9367132295877985,0.0985234979352256,-0.07407513350892447,0.00076841101325307,2.6042256878744396e-06,-0.00016586648712291208,-0.011386964524717769,10952,232000000,0.75,0,2,4,-4.49712818157832,-0.532686579518907,4.951388896760349,-4.49712818157832,-0.532686579518907,4.951388896760349,223.10098934173584
-4.502780852147916,0.40800449104564396,5.0,-3.0988530263636056,0.7653724649947012,4.96036320238527,-0.35017685207729604,0.0010817829285931354,-0.001577387928676688,0.93668165022181,0.024279848402633756,-0.07607528503626844,-0.00010582484144072803,-0.0002493851553708737,0.002001691700570518,0.008679199618200073,10952,441000000,0.93,0,2,4,-4.490952515232793,-0.5046309224812819,4.951948590602256,-4.490952515232793,-0.5046309224812819,4.951948590602256,223.33634328842163
-4.502780852147916,0.40800449104564396,5.0,-3.1078023100426897,0.7779584800084075,4.96033404978548,-0.351397652176364,0.0008753396453982328,-0.0016835364549019995,0.9362243799060401,-0.034662345713939224,-0.07740927975990232,-0.0007201835205995599,-0.00018825261918209435,0.0024690339841981768,0.01602457123226486,10952,659000000,0.91,0,2,4,-4.494892000138876,-0.48537852053246394,4.952250071149088,-4.494892000138876,-0.48537852053246394,4.952250071149088,223.56503224372864
-4.55012454847181,0.3270519548461499,5.0,-3.1087657066626653,0.7998589873816399,4.960154059937772,-0.3532967138502749,0.0006300618903151428,-0.0017867563642983402,0.9355094026819324,-0.08613850080714158,-0.07784242104992511,-0.0014492284540153367,-0.0001942702567703236,0.0024303733653141535,0.02074694821203593,10952,868000000,0.76,0,2,4,-4.5096140978306085,-0.47767559753287536,4.952199612391534,-4.5096140978306085,-0.47767559753287536,4.952199612391534,223.8020007610321
-4.55012454847181,0.3270519548461499,5.0,-3.1001550123504655,0.8344254780052272,4.959745316393827,-0.35629252803237776,0.00034632919434458354,-0.001927765433676099,0.9343724087561763,-0.13533222594005775,-0.07684147501466501,-0.0023279651969582735,-0.00021612034117879375,0.0023976952434168197,0.02766914858511882,10953,86000000,0.53,0,2,4,-4.536757107019274,-0.4788506183009314,4.95178210962939,-4.536757107019274,-0.4788506183009314,4.95178210962939,224.0843381881714
-4.585078969668523,0.2402890951575203,5.0,-3.082104072606417,0.879123347998202,4.959117817820993,-0.3601211239280809,6.799084274038548e-05,-0.0020508880967604164,0.9329032990273083,-0.16484537747786449,-0.0738900406369198,-0.0028153990730246047,0.00018771996934674462,0.0021478629150806228,0.02816805299517,10953,342000000,0.23,0,2,4,-4.581241774069612,-0.4913379617436899,4.950814761935443,-4.581241774069612,-0.4913379617436899,4.950814761935443,224.39083909988403
-4.585078969668523,0.2402890951575203,5.0,-3.063273044390991,0.9216946937577392,4.958555918928972,-0.36316268544323954,-0.00015998930010697955,-0.002091526149632637,0.9317233837483332,-0.14702298837059793,-0.06997834800482836,-0.002511368623418547,0.0010219606679129356,0.000555975259430852,0.017239365115528926,10953,623000000,0.44,0,2,4,-4.63971018034825,-0.5144919913203927,4.9493160612747955,-4.63971018034825,-0.5144919913203927,4.9493160612747955,224.6748423576355
-4.6068386358912825,0.14957229017972345,5.0,-3.0549164250577885,0.9497440504601705,4.95816609110339,-0.3640589692235048,-0.00012478120484207508,-0.0019661114289280805,0.9313738163398297,-0.08555364500700416,-0.06643804165226093,-0.001973011110308988,0.0008639377028885065,-0.0014409657978831092,0.0032090778859128477,10953,885000000,0.8,0,2,4,-4.695525832156989,-0.5382325550730814,4.947964753789075,-4.695525832156989,-0.5382325550730814,4.947964753789075,224.91800165176392
-4.6068386358912825,0.14957229017972345,5.0,-3.0561993889936154,0.9697333552406716,4.957829727108424,-0.3640029232749065,3.984952028076281e-05,-0.0017993412156674638,0.9313960664671759,-0.02364626871909032,-0.06326767806908308,-0.0014952515205571763,0.0008529378249022557,-0.0019353573179614614,-0.003408865222809254,10954,108000000,0.92,0,2,4,-4.735494842716618,-0.5529551832770169,4.9471603866678,-4.735494842716618,-0.5529551832770169,4.9471603866678,225.1705765724182
-4.614873984444279,0.056887900766473605,5.0,-3.065841781743448,0.979248655773156,4.957576592720789,-0.36340929114379966,0.00020452468918846236,-0.0016429831183327765,0.9316281156590784,0.025852946150700905,-0.059937516933933566,-0.0012143490273507245,0.0005790068939859339,-0.0019042266444557754,-0.008028817956073908,10954,339000000,0.92,0,2,4,-4.769912146046889,-0.5621834469104217,4.946694998146233,-4.769912146046889,-0.5621834469104217,4.946694998146233,225.41645193099976
-4.614873984444279,0.056887900766473605,5.0,-3.0823702057465474,0.9814785994531697,4.957381432522909,-0.36231262042087853,0.0003769874842266096,-0.0015163237181860982,0.932055322245721,0.06806708894689471,-0.056643976368198644,-0.0009366855462941243,0.0005732434829042177,-0.0018730883766693296,-0.012815739592042519,10954,564000000,0.86,0,2,4,-4.794048481163399,-0.5653667631256011,4.946609888926719,-4.794048481163399,-0.5653667631256011,4.946609888926719,225.66795945167542
-4.608955120236752,-0.03568839499673635,5.0,-3.1069579401378045,0.9766601216496376,4.957182496569857,-0.3606185092867168,0.0005582191866064178,-0.0013736752886551915,0.9327122236613857,0.10703817749647812,-0.052044158938829965,-0.0009828704109309185,0.0005091525281386566,-0.0018198870520791388,-0.016723941917007323,10954,793000000,0.74,0,2,4,-4.812231259320468,-0.5644933615657356,4.946806139647202,-4.812231259320468,-0.5644933615657356,4.946806139647202,225.91747045516968
-4.608955120236752,-0.03568839499673635,5.0,-3.136866026967586,0.9656797737792399,4.957009061084197,-0.3586312206994645,0.0007283744860410857,-0.0012423770404286299,0.9334782126592508,0.13672269895805447,-0.04732692387551256,-0.0008742092443627725,0.000745174412486449,-0.0016264495343421004,-0.01827527339628432,10955,20000000,0.55,0,2,4,-4.826434116138375,-0.5598728007385625,4.947296678848516,-4.826434116138375,-0.5598728007385625,4.947296678848516,226.19460558891296
-4.589169708118952,-0.12603691933330227,5.0,-3.1677185586780037,0.9511736807844525,4.956852952554147,-0.3567434037361782,0.0008492656661982023,-0.0011107956285423609,0.9342013641456673,0.1581964200196915,-0.04224234072920922,-0.0009745259647758794,0.0008911403028832865,-0.0013692128732145648,-0.01837596828409005,10955,268000000,0.36,0,2,4,-4.835807340610708,-0.5524023339346023,4.948020257254552,-4.835807340610708,-0.5524023339346023,4.948020257254552,226.4339780807495
-4.589169708118952,-0.12603691933330227,5.0,-3.2009401904491157,0.933300742698188,4.9566856957955965,-0.35488175479043255,0.0009456612862602938,-0.0009675748103120002,0.9349102147482298,0.17404466112400635,-0.03736375804291893,-0.0010599531290582456,0.0008371945682483783,-0.0012203683581901714,-0.017554755686433055,10955,479000000,0.25,0,2,4,-4.840925618066286,-0.5437728869216659,4.948843871550682,-4.840925618066286,-0.5437728869216659,4.948843871550682,226.68563556671143
-4.555934074211958,-0.21204316808162715,5.0,-3.248660518011966,0.9045622646536005,4.95644150371174,-0.35261835254004004,0.0010521359706466894,-0.0008042842199796097,0.9357662868412929,0.18950681167821884,-0.029988179052052793,-0.0012115818811413187,0.000807220550314014,-0.0009567326458181924,-0.015005085606389912,10955,712000000,0.32,0,2,4,-4.843326481907538,-0.533992393441687,4.949786523484975,-4.843326481907538,-0.533992393441687,4.949786523484975,227.00724124908447
-4.555934074211958,-0.21204316808162715,5.0,-3.2946766529819254,0.8743302398742516,4.956170639543135,-0.35077017596658183,0.0011227708700672387,-0.0006595307449287485,0.9364606708544374,0.1991153142922704,-0.023807519959815542,-0.0014184725781609489,0.0009718009323478327,-0.0007456768059910246,-0.012612284717761213,10956,3000000,0.52,0,2,4,-4.843077896074477,-0.5195545677207091,4.951211741727986,-4.843077896074477,-0.5195545677207091,4.951211741727986,227.31692576408386
-4.509996677017998,-0.29164985758713996,5.0,-3.344146075289846,0.8394421687270988,4.955847263426137,-0.34926601253034617,0.0011598075019915435,-0.0004943026821463176,0.9370227654665433,0.19451443459111606,-0.01739951770266448,-0.0013538612615778666,0.0010850144690266461,-0.0005152399296548538,-0.007957023262861185,10956,286000000,0.72,0,2,4,-4.840015031570885,-0.5057099312057828,4.95263352523783,-4.840015031570885,-0.5057099312057828,4.95263352523783,227.6477072238922
-4.452433238747426,-0.36291068388312064,5.0,-3.392180656003548,0.8044982509364512,4.955587744104474,-0.3485072778039548,0.0011227732191520156,-0.0003174193478079719,0.9373053482952782,0.1399972080696182,-0.012006472750657875,-0.0009896149664991986,0.001121002571835561,0.0005854266362348426,-0.0006032319163296052,10956,590000000,0.89,0,2,4,-4.834376774062223,-0.49126079004523143,4.954187076999707,-4.834376774062223,-0.49126079004523143,4.954187076999707,228.01348996162415
-4.452433238747426,-0.36291068388312064,5.0,-3.4137110932991592,0.7891729857317664,4.955411043109747,-0.3486655054216582,0.0009733618308940521,-0.00024201483461750676,0.9372466907514935,0.07969868766863852,-0.00845496295697291,-0.000929070362732463,0.001052056188655115,0.001544659914998192,0.0030343386924869264,10956,923000000,0.99,0,2,4,-4.825730431903285,-0.4760719121464496,4.955963303529752,-4.825730431903285,-0.4760719121464496,4.955963303529752,228.28559279441833
-4.3846329938375295,-0.42404446706870175,5.0,-3.422632712671782,0.7833938769907831,4.955197361736786,-0.34915440336644693,0.0006848134537403752,-0.00022689144823189578,0.9370649295329672,0.012834152994766212,-0.0040449940923652375,-0.0010333923950501228,0.0008556872728604503,0.00252864499543648,0.004968247503711609,10957,166000000,0.99,0,2,4,-4.819822373407296,-0.4680186659903526,4.957176438119213,-4.819822373407296,-0.4680186659903526,4.957176438119213,228.54139709472656
-4.308275714869883,-0.4734882085347663,5.0,-3.4198393147687516,0.7864626313250955,4.95490517044133,-0.3497141607118885,0.0003640644117115647,-0.00023642329623449755,0.9368563483046419,-0.04316860378507046,4.097560626561591e-05,-0.0014050563197385113,0.0013257511227493524,0.0024737673356867163,0.004801957493327791,10957,405000000,0.96,0,2,4,-4.8230745468338325,-0.4698994818025037,4.958051006047897,-4.8230745468338325,-0.4698994818025037,4.958051006047897,228.80332326889038
-4.308275714869883,-0.4734882085347663,5.0,-3.409786876366906,0.794570139641428,4.954571626318807,-0.3501317734307391,9.701483551575446e-05,-0.00019677391170040028,0.9367004286869921,-0.08284062488507582,0.004391763569772835,-0.0018806397557979005,0.0013978199035591388,0.0022484602141048526,0.004050338702654699,10957,642000000,0.91,0,2,4,-4.840489045854985,-0.48577562168790595,4.958337591911762,-4.840489045854985,-0.48577562168790595,4.958337591911762,229.0302972793579
-4.225299414513357,-0.5099474716281459,5.0,-3.387499901176998,0.8112059641081913,4.953958301851645,-0.35039696426568295,-0.00023833745414358638,-0.00010424101505574953,0.9366012490715898,-0.1271950448139445,0.011097424222930979,-0.002853179994951156,0.0015616947393937153,0.002049429895123467,0.00045573502518436726,10957,854000000,0.87,0,2,4,-4.864460878913094,-0.5085378019832334,4.958133087991413,-4.864460878913094,-0.5085378019832334,4.958133087991413,229.29857230186462
-4.225299414513357,-0.5099474716281459,5.0,-3.3593017188220786,0.8313017038885672,4.953200706846178,-0.3502878971523434,-0.0005136432973561708,-1.9758930968239656e-05,0.9366419405988271,-0.14912092759725118,0.016722937443482487,-0.003360524807557454,0.001594726438725047,0.0017929988757714455,-0.0016803830817480048,10958,101000000,0.84,0,2,4,-4.905008027168633,-0.5483472120547983,4.957367173909642,-4.905008027168633,-0.5483472120547983,4.957367173909642,229.55841875076294
-4.137858892742297,-0.5324424153764127,5.0,-3.3333846449210385,0.8480668024193763,4.9525837554443894,-0.35010380161188565,-0.0007376254657935969,6.891441116266825e-05,0.9367106166027914,-0.12483475020164363,0.022396857956782083,-0.002611009453717779,0.0013289191883814055,0.0010136846469777083,-0.001657182440339966,10958,343000000,0.86,0,2,4,-4.946077442345897,-0.5902170236052339,4.956406519265972,-4.946077442345897,-0.5902170236052339,4.956406519265972,229.80212140083313
-4.137858892742297,-0.5324424153764127,5.0,-3.314321530610656,0.8573249285014706,4.9521452702654605,-0.34999955908967795,-0.0007478984345785695,0.0002087561553523144,0.9367495426771394,-0.0653775200857617,0.027475471406193462,-0.0017209179921090396,0.001349286492313695,-0.001160732165317313,-0.0005994211221604928,10958,563000000,0.87,0,2,4,-4.979388327577443,-0.6260211546275021,4.955687997186695,-4.979388327577443,-0.6260211546275021,4.955687997186695,230.04991817474365
-4.048275596775072,-0.5403477738975248,5.0,-3.303141476810963,0.8573311475515544,4.951857508160864,-0.3499663775974248,-0.0006301912364729826,0.00041465854837960403,0.936761957739868,-0.009106398896425416,0.033132033699392396,-0.0008622462280872022,0.0009957492920875666,-0.0016757159983171732,0.00039428889238024567,10958,788000000,0.87,0,2,4,-5.004256885067787,-0.6555559180248418,4.95521491527974,-5.004256885067787,-0.6555559180248418,4.95521491527974,230.30475330352783
-4.048275596775072,-0.5403477738975248,5.0,-3.3003688205614545,0.8494163648678115,4.951765151463182,-0.3501234770097607,-0.0004936551942834409,0.0005692149694555546,0.93670325244736,0.03385163470164876,0.037505856370056705,-0.00012411621981827338,0.0009167559483103105,-0.001630642236705171,0.002811744957398332,10959,19000000,0.86,0,2,4,-5.022008469276901,-0.6806452119055496,4.95495490387582,-5.022008469276901,-0.6806452119055496,4.95495490387582,230.55862498283386
-3.9589795805588652,-0.5334250886383893,5.0,-3.303873684090652,0.8336272443847464,4.951818170678028,-0.3506766237244652,-0.0003511599141026576,0.0007341837883553119,0.9364962590603816,0.0715513425366516,0.042126175642167925,0.00041701561698651273,0.0009167348025584943,-0.001525145853520371,0.007052107957861153,10959,248000000,0.82,0,2,4,-5.030634219516217,-0.6980193555758591,4.954939952598382,-5.030634219516217,-0.6980193555758591,4.954939952598382,230.8218834400177
-3.9589795805588652,-0.5334250886383893,5.0,-3.3127969714834165,0.8118575066968171,4.951982762592046,-0.3517390543276394,-0.00023054781973976907,0.0008891846879391159,0.9360976411993521,0.10087671816923834,0.045487395701081054,0.00079098417602908,0.000900633574474341,-0.0012886853596683068,0.011390107647457626,10959,488000000,0.74,0,2,4,-5.032965183533643,-0.7117778410287964,4.955137914247831,-5.032965183533643,-0.7117778410287964,4.955137914247831,231.08754920959473
-3.8724446829733865,-0.5118455734870044,5.0,-3.3255217589524473,0.7856061775359138,4.952256321915796,-0.3532115430033327,-0.0001351505778058377,0.0010301624380916613,0.9355429046221648,0.12126022263299037,0.04861880307324815,0.0011637943877018024,0.0007258264645315649,-0.001088109354441258,0.014600415761378827,10959,732000000,0.59,0,2,4,-5.02877735196,-0.7209400710924307,4.955505801924389,-5.02877735196,-0.7209400710924307,4.955505801924389,231.3609688282013
-3.8724446829733865,-0.5118455734870044,5.0,-3.3422185281407795,0.7535555683092289,4.9526225269124025,-0.3551809408144304,-4.24846532661549e-05,0.0011542184587025291,0.9347968577487731,0.13635120285341834,0.05088231958599628,0.0012762934974907803,0.0005576849275712448,-0.0009305377432156092,0.017472871513746213,10959,974000000,0.39,0,2,4,-5.01911092989518,-0.7262610192518297,4.955990567006025,-5.01911092989518,-0.7262610192518297,4.955990567006025,231.63580226898193
-3.7911183791804586,-0.47620212986063115,5.0,-3.359149421740559,0.7217599497030133,4.952997036468761,-0.35724520296749535,2.6005859859343293e-05,0.0012444994389548374,0.9340098048208889,0.14442059084166656,0.05266619099035648,0.0013676946178171677,0.0004361677497399796,-0.0007240613683734409,0.019126373626932036,10960,226000000,0.14,0,2,4,-5.003201399057542,-0.728304585998966,4.956593454338245,-5.003201399057542,-0.728304585998966,4.956593454338245,231.90728950500488
-3.7911183791804586,-0.47620212986063115,5.0,-3.376863478695605,0.6886419064634506,4.953402389950925,-0.35944922481510505,7.559632740553393e-05,0.001317021891245365,0.9331637126026457,0.14901070180312975,0.05360720247247573,0.0014745355391455133,0.0004977352318746853,-0.0005218657975092356,0.019960955614806153,10960,469000000,0.15,0,2,4,-4.984106217458811,-0.7272507677283959,4.957160706809953,-4.984106217458811,-0.7272507677283959,4.957160706809953,232.17198014259338
-3.717348085883062,-0.427509234340068,5.0,-3.3961541504042105,0.6520998205897557,4.95389352092772,-0.361878518139182,0.00010318096329791878,0.0013802087250795502,0.9322242340161264,0.14957548242988472,0.054377665916477545,0.001656814837634159,-0.00010599238748909556,-0.00028470089148413535,0.020161311113042757,10960,712000000,0.42,0,2,4,-4.961632585210714,-0.7239553994411065,4.9577214860898575,-4.961632585210714,-0.7239553994411065,4.9577214860898575,232.45272397994995
-3.717348085883062,-0.427509234340068,5.0,-3.41641198996952,0.6127317964271813,4.954457700720633,-0.3644849438459641,0.0001268949926522267,0.0013789817563119827,0.9312082516905555,0.14431637116377422,0.054736992550530085,0.0017687709357373561,5.990593905380592e-05,-8.248271470279178e-05,0.018664091476239264,10960,963000000,0.73,0,2,4,-4.934080792751049,-0.71831169705054,4.958299928286504,-4.934080792751049,-0.71831169705054,4.958299928286504,232.75444149971008
-3.653306005244452,-0.36718969756849185,5.0,-3.4333361574038936,0.5759468820363666,4.955049780619888,-0.3665476200678268,0.00011472597880153178,0.001391137205235053,0.9303982447306303,0.11093745112437647,0.05594999593645187,0.0016154380194679488,0.00023587534911939656,0.0003018003809529546,0.008798036105872598,10961,245000000,1.06,0,2,4,-4.901537921014895,-0.7103286779304495,4.958881657455341,-4.901537921014895,-0.7103286779304495,4.958881657455341,233.06754899024963
-3.653306005244452,-0.36718969756849185,5.0,-3.4379032319546794,0.5529098816537896,4.955399538108025,-0.36680979277111847,4.7319034867568236e-05,0.0013988566081263036,0.9302949085576615,0.04702424498530045,0.058415136438778104,0.0007308231958896442,0.0005199136467126664,0.0009729218731990841,-0.0033607341265451396,10961,534000000,1.31,0,2,4,-4.867626238486337,-0.7016128476144744,4.959404211899545,-4.867626238486337,-0.7016128476144744,4.959404211899545,233.3149130344391
-3.600914859085754,-0.2970476397843563,5.0,-3.428403222966104,0.5420844878994274,4.9554052607369545,-0.3657164404108067,-0.00017393823884552593,0.0013782713662821044,0.9307252845640215,-0.03745427854008072,0.061253253700255895,-0.0009226439000529256,0.0003500050951288358,0.0022660211243419326,-0.014563960303348722,10961,760000000,1.35,0,2,4,-4.842366194868542,-0.6978667311132223,4.959800557068438,-4.842366194868542,-0.6978667311132223,4.959800557068438,233.57879281044006
-3.56177707900695,-0.2192274424343797,5.0,-3.407384630562541,0.5428792007414102,4.955066749963516,-0.36387953447853794,-0.00043237492045001603,0.0013156772655264915,0.9314449884093765,-0.10298973452170963,0.06288874321018326,-0.0023897259897409833,0.0004397527845867444,0.00247330499405507,-0.02091276091960026,10962,0,1.22,0,2,4,-4.829701267258606,-0.7056758184020377,4.959933649092878,-4.829701267258606,-0.7056758184020377,4.959933649092878,233.82874250411987
-3.56177707900695,-0.2192274424343797,5.0,-3.3698053873978098,0.5550935164181598,4.954239255103943,-0.3608737872881736,-0.0007481001065370542,0.0012553214829887655,0.9326135181105273,-0.1686246323605642,0.06261691400731653,-0.004315524621822841,0.0004132904734888143,0.002524879232623789,-0.028133750311098993,10962,229000000,1.01,0,2,4,-4.829139279240906,-0.7229161731151221,4.959806408978191,-4.829139279240906,-0.7229161731151221,4.959806408978191,234.11275148391724
-3.537110163093061,-0.13615891042552986,5.0,-3.3134778042027992,0.5811311122617895,4.952757853668423,-0.3566335001769918,-0.0011129114253338795,0.0011591996330934675,0.9342429899313549,-0.21250101631098678,0.05942806196988678,-0.0056935988813372725,-2.8506533489291996e-05,0.002489226903890085,-0.029250465195218567,10962,485000000,0.66,0,2,4,-4.8392584942870185,-0.7529287138702885,4.959421702222318,-4.8392584942870185,-0.7529287138702885,4.959421702222318,234.43328499794006
-3.537110163093061,-0.13615891042552986,5.0,-3.269566007407634,0.6031103506302647,4.951623974913297,-0.3537857578441372,-0.0013422977243305976,0.0010642359915355134,0.9353249185097245,-0.2124311009072249,0.05618983492097786,-0.005457752749943665,-0.0005548074511807499,0.0017075373079933343,-0.025048125826288015,10962,785000000,0.26,0,2,4,-4.862106457066808,-0.7971402609926522,4.958673621751813,-4.862106457066808,-0.7971402609926522,4.958673621751813,234.68675255775452
-3.527690969900185,-0.05048940568249943,5.0,-3.23071467860703,0.6215028016572338,4.950711537892543,-0.351834236534996,-0.0013464974332028559,0.000980328506661291,0.9360608398509778,-0.16604045928903183,0.051801932793434924,-0.003903859666453688,-0.0007684027025334217,-0.0005415128327967977,-0.015014737073215656,10963,16000000,0.37,0,2,4,-4.88291806514663,-0.8341868017477226,4.9579921367435364,-4.88291806514663,-0.8341868017477226,4.9579921367435364,234.90978384017944
-3.527690969900185,-0.05048940568249943,5.0,-3.200220399996917,0.633565099073909,4.950135442384692,-0.350546021812968,-0.0011919206455324077,0.0009456130552462658,0.9365442711010658,-0.11856242638101458,0.048074758519137104,-0.0022193352081535537,-0.0008695949020420812,-0.001543347252663807,-0.010643575296853669,10963,220000000,0.55,0,2,4,-4.89512448106577,-0.8597357361860313,4.957543864589678,-4.89512448106577,-0.8597357361860313,4.957543864589678,235.14942359924316
-3.5338116804435082,0.03499572415445523,5.0,-3.1792014875696046,0.639595286957047,4.949875251583584,-0.3496879236345303,-0.0010075069176087347,0.0009254836614753865,0.9368652434976836,-0.08244952350434419,0.044566786943686314,-0.0009873031371626314,-0.0007811551938630146,-0.0016610355373813945,-0.00790399799370789,10963,438000000,0.68,0,2,4,-4.89990764505243,-0.8791604538835105,4.957168469962998,-4.89990764505243,-0.8791604538835105,4.957168469962998,235.38553977012634
-3.5338116804435082,0.03499572415445523,5.0,-3.162355590380152,0.6417286211055786,4.949832760825677,-0.34909466766061775,-0.0008171711691372756,0.0009123614590971713,0.9370866623950909,-0.048704621860071136,0.041198382690151435,0.00018667070956353916,-0.0007614719436332962,-0.001476856004956062,-0.004105800280740368,10963,652000000,0.78,0,2,4,-4.897170240816272,-0.8897043609119721,4.956935298069944,-4.897170240816272,-0.8897043609119721,4.956935298069944,235.6253969669342
-3.5552500057415717,0.1174625157534436,5.0,-3.1502706748830827,0.6398374789659982,4.950057444767441,-0.34886163777166335,-0.0006306467927683403,0.0008828495352222414,0.9371736128127985,-0.019347348480124683,0.03691118076726628,0.0013624025192646278,-0.0008427483805917291,-0.001267210836886079,-0.00044840502653187286,10963,870000000,0.85,0,2,4,-4.887365375997513,-0.8942237815378267,4.956765078504824,-4.887365375997513,-0.8942237815378267,4.956765078504824,235.8777778148651
-3.5552500057415717,0.1174625157534436,5.0,-3.1440001049487294,0.6350491122270959,4.950469757682452,-0.3489553717290406,-0.000480285480482685,0.0008463981242276569,0.9371388378877057,0.0028427109004792233,0.03338961450812498,0.002179057458679857,-0.0007178921407557937,-0.0010611381981107115,0.0019640404389065225,10964,99000000,0.88,0,2,4,-4.869758305659445,-0.89159464204487,4.9566433238420355,-4.869758305659445,-0.89159464204487,4.9566433238420355,236.12702703475952
-3.5912559407229514,0.19412507309907312,5.0,-3.1415577623893527,0.6280863392191032,4.951043302417674,-0.34925879595153264,-0.00035831239282310717,0.0008143176411202666,0.9370258811524333,0.02040205697627762,0.029305192210506648,0.002861406677997041,-0.0007160492828006682,-0.0008452884742382594,0.0036048445053893374,10964,326000000,0.87,0,2,4,-4.848473742774259,-0.8833786612660729,4.956562397838165,-4.848473742774259,-0.8833786612660729,4.956562397838165,236.37883305549622
-3.5912559407229514,0.19412507309907312,5.0,-3.142297571744431,0.6194865218545094,4.95173959827881,-0.34967827571785476,-0.00025117149997814836,0.00077053175934369,0.9368694928775689,0.03467375980443741,0.025511761995647496,0.0033418244686082366,-0.0008613384238742583,-0.0007048149086585909,0.004334149434725987,10964,550000000,0.83,0,2,4,-4.82349320383328,-0.8705416761403268,4.956506247382692,-4.82349320383328,-0.8705416761403268,4.956506247382692,236.62509179115295
-3.640556958431398,0.26234652631188454,5.0,-3.1461451266173945,0.6089055501694741,4.952608230553031,-0.35016899850398236,-0.00014398491675781479,0.0006941169564435429,0.9366862708274912,0.04634434496863447,0.020432728635462843,0.0037671923723614,-0.0009563109415466897,-0.0005572215400206915,0.004385903457659879,10964,775000000,0.78,0,2,4,-4.795805153061073,-0.8540535075484033,4.956471956351051,-4.795805153061073,-0.8540535075484033,4.956471956351051,236.8801772594452
-3.640556958431398,0.26234652631188454,5.0,-3.151926193160959,0.5985378892005152,4.953472739043602,-0.35062043236284524,-5.613759040008033e-05,0.0006227796656251585,0.9365174431924641,0.05447251037694665,0.01634752237572266,0.003999526233075877,-0.0008024503870274202,-0.0004822526136649685,0.004236803897583741,10965,9000000,0.72,0,2,4,-4.763546128856947,-0.8326386602346855,4.956435276752069,-4.763546128856947,-0.8326386602346855,4.956435276752069,237.12657976150513
-3.7013829998418393,0.3197407343716797,5.0,-3.1602864124744574,0.5869350175402099,4.95446823605759,-0.3510326237023161,2.2966304450699646e-05,0.0005567246367486917,0.9363630634678495,0.0609746597473265,0.011158528363419925,0.0041707616927514225,-0.0009341450436295418,-0.0003759007427106553,0.0033183085861310246,10965,233000000,0.67,0,2,4,-4.732743780654157,-0.8105788142332001,4.956397938492106,-4.732743780654157,-0.8105788142332001,4.956397938492106,237.3722116947174
-3.7013829998418393,0.3197407343716797,5.0,-3.168589229317663,0.5772509146575083,4.955303980180528,-0.351327762447423,8.62777963721731e-05,0.0004828120575093442,0.9362524033519732,0.06493400223821692,0.007399002905343724,0.004129167887418293,-0.0010024512334894098,-0.00029957394929169823,0.0029449258818203816,10965,458000000,0.62,0,2,4,-4.698499078830272,-0.7843589858545016,4.956334364252503,-4.698499078830272,-0.7843589858545016,4.956334364252503,237.59787607192993
-3.771511948538038,0.3642707925968209,5.0,-3.1819660447543296,0.5640271590606425,4.956502464951254,-0.3516133014472314,0.00017187525244552346,0.00035266441936603364,0.9361452517275741,0.0682386067591126,0.0013127898330878626,0.0043057006529201814,-0.0010937977435787616,-0.00017347860534755455,0.0016324837133652181,10965,665000000,0.58,0,2,4,-4.6697741872442,-0.7611935235393603,4.956277102271501,-4.6697741872442,-0.7611935235393603,4.956277102271501,237.90630865097046
-3.771511948538038,0.3642707925968209,5.0,-3.195036354231773,0.5529905218483259,4.957626480158073,-0.35176954504266106,0.00021471390378636942,0.0002253804248112334,0.9360865826845735,0.04970698452004574,-0.0037166139579178845,0.004050719155523263,-0.0011942146898036299,0.0009018826062856533,0.0008288974584047537,10965,947000000,0.56,0,2,4,-4.632289962359499,-0.7294816858553161,4.956231287783859,-4.632289962359499,-0.7294816858553161,4.956231287783859,238.20081758499146
-3.848335497212682,0.3943401179112721,5.0,-3.198989569804125,0.5516132964712468,4.958471892958195,-0.3518221292768839,6.082877139741144e-05,2.927235181793519e-05,0.9360668698303927,-0.01718952485577597,-0.008988383053727272,0.0028301070381400472,-0.0009648572472542583,0.002273900304317067,0.0007031567236026603,10966,213000000,0.55,0,2,4,-4.603976936642905,-0.7040925505401718,4.956233552562493,-4.603976936642905,-0.7040925505401718,4.956233552562493,238.4656641483307
-3.848335497212682,0.3943401179112721,5.0,-3.1898204250181217,0.5633024880436116,4.958852991734942,-0.3520170949967469,-0.0001791717372750251,-0.00017808727208354385,0.9359935368433179,-0.09820895604033196,-0.013780150933605337,0.00045484834609442026,-0.001219364730786765,0.002507057752154651,0.002729154562075564,10966,456000000,0.57,0,2,4,-4.590433677109581,-0.6906884095591969,4.956151515870394,-4.590433677109581,-0.6906884095591969,4.956151515870394,238.72843098640442
-3.928944433310108,0.40887174815873295,5.0,-3.1637890561825937,0.5924183903301464,4.95864251708564,-0.35257834388888687,-0.0004320869129673459,-0.0004543282886893606,0.935782089114381,-0.17241724963835495,-0.019512752491232258,-0.002068970693913605,-0.0012136690315855958,0.0023150620563683333,0.006155402343210881,10966,695000000,0.56,0,2,4,-4.590202832950935,-0.6877837320518564,4.955954878153854,-4.590202832950935,-0.6877837320518564,4.955954878153854,239.02255415916443
-3.928944433310108,0.40887174815873295,5.0,-3.1223786341260102,0.6376961385418837,4.9577511792032265,-0.3537373556475194,-0.000684102074326901,-0.0007297726156814646,0.9353442588992469,-0.22590885258577584,-0.02447960434668629,-0.004242787832911623,-0.001105774390453007,0.002124841057593585,0.010565838420006912,10966,965000000,0.5,0,2,4,-4.604750197103611,-0.6955616644014492,4.95553953781905,-4.604750197103611,-0.6955616644014492,4.95553953781905,239.34708762168884
-4.010231421210636,0.40737153560357,5.0,-3.080667896395045,0.6837951361224618,4.9566302494295265,-0.3551758049963537,-0.0008714698485574099,-0.0009286892989507732,0.9347986551240225,-0.23314234679014972,-0.027782819838041754,-0.004829702375984276,-0.0005251650179616263,0.0012509669772953202,0.011672768596326932,10967,264000000,0.37,0,2,4,-4.635026959589628,-0.7147904584580029,4.954754194180256,-4.635026959589628,-0.7147904584580029,4.954754194180256,239.62840223312378
-4.089008373582524,0.3899711648727302,5.0,-3.0500301903605935,0.7195116087141786,4.955824541642719,-0.35628192971272243,-0.0009077725323959296,-0.0009969430564956319,0.9343775300239994,-0.19097902303990033,-0.02951650661003214,-0.003613615568715212,-0.00039940606484378804,-0.00019108451709826113,0.010162796934309881,10967,523000000,0.2,0,2,4,-4.67091201895228,-0.7382545392516398,4.953792475659218,-4.67091201895228,-0.7382545392516398,4.953792475659218,239.87170672416687
-4.089008373582524,0.3899711648727302,5.0,-3.028070887322638,0.7482047360829132,4.955272813739407,-0.3572851028176388,-0.0007750665043311073,-0.000990793521819013,0.9339945250935361,-0.13536145385649836,-0.031797303170186926,-0.002298180710867934,-0.00044991798517912684,-0.00170530358900578,0.00943485802054056,10967,741000000,0.09,0,2,4,-4.703324668939431,-0.7588368098774813,4.952964310266965,-4.703324668939431,-0.7588368098774813,4.952964310266965,240.11450028419495
-4.162134528420906,0.357447401296653,5.0,-3.0151969951013915,0.7695728133946292,4.954969791951439,-0.358223796757172,-0.0005551991172944135,-0.0009594911218275457,0.9336350906899351,-0.08525078971449021,-0.034333127803171756,-0.0010604318849145775,-0.0003964052552873909,-0.002048089322670421,0.008617046569270315,10967,971000000,0.08,0,2,4,-4.728146762808456,-0.7717548599406793,4.952334699380414,-4.728146762808456,-0.7717548599406793,4.952334699380414,240.3569278717041
-4.162134528420906,0.357447401296653,5.0,-3.0102321188466994,0.7845244715792729,4.954892316913139,-0.35897024687206713,-0.0003373723149297012,-0.0009190885103526862,0.933348489749053,-0.042307283369566046,-0.03633933306864923,-2.3995041396346288e-05,-0.0004331586467287707,-0.0019072344912274275,0.005977414093649713,10968,188000000,0.19,0,2,4,-4.74467367066131,-0.7764075951715022,4.951945674011814,-4.74467367066131,-0.7764075951715022,4.951945674011814,240.60285258293152
-4.226650431644696,0.31121468769207083,5.0,-3.0126884889993355,0.794475881261153,4.955013306717053,-0.35939418671681883,-0.00010861465362098789,-0.0008877693911235927,0.9331854149216656,-0.0011454842549788323,-0.03871526001564858,0.0008110923226610359,-0.00039327485694684583,-0.0017748440768627916,0.001805481190331193,10968,414000000,0.29,0,2,4,-4.754109294312367,-0.7740204601125358,4.951773625883457,-4.754109294312367,-0.7740204601125358,4.951773625883457,240.8534860610962
-4.226650431644696,0.31121468769207083,5.0,-3.0221445507519267,0.798762260087362,4.95530886999168,-0.3593412244610268,8.812103737427694e-05,-0.0008563449123988934,0.9332058418756946,0.03348747774867351,-0.04048846532089004,0.001449996965518357,-0.00030398087176308763,-0.0015217668305922416,-0.002686027210074826,10968,641000000,0.35,0,2,4,-4.757867981609331,-0.7648883457101463,4.951799204436709,-4.757867981609331,-0.7648883457101463,4.951799204436709,241.126948595047
-4.279912224566699,0.25328915598209495,5.0,-3.037631062080191,0.7981031873807927,4.955712046348312,-0.35878996115649026,0.0002602624160862751,-0.0008243616502996592,0.9334179216538905,0.06356007825579388,-0.041794926544325595,0.0017320233296002224,-0.00023567538676161348,-0.0013755580653196375,-0.006741454399161739,10968,887000000,0.35,0,2,4,-4.756047509676946,-0.7502269283519505,4.951994687864892,-4.756047509676946,-0.7502269283519505,4.951994687864892,241.39787316322327
-4.279912224566699,0.25328915598209495,5.0,-3.0580487791166795,0.793362933751279,4.956150138954542,-0.35785200583839494,0.0004156360506398622,-0.0007914935738851697,0.9337778872419462,0.08757098278520054,-0.04254753643893451,0.0017585783459452158,-0.00018439125284430702,-0.0012256788636477722,-0.009680039420345565,10969,131000000,0.29,0,2,4,-4.750010156970004,-0.7313984226794238,4.9523316374742175,-4.750010156970004,-0.7313984226794238,4.9523316374742175,241.66740250587463
-4.319720011453268,0.1862232914442295,5.0,-3.0824421908342794,0.7852447385590047,4.956600476530485,-0.35663160948090256,0.0005459057385359884,-0.0007627767528848859,0.9342446228250987,0.10724320311090621,-0.04262116037515795,0.0017343398633973752,-0.00014405841994857838,-0.0010376108548371121,-0.011873549374286085,10969,373000000,0.2,0,2,4,-4.740797433471892,-0.7094711952844984,4.952789177355248,-4.740797433471892,-0.7094711952844984,4.952789177355248,241.93173265457153
-4.319720011453268,0.1862232914442295,5.0,-3.1098521153466194,0.7744387888120526,4.95702181012328,-0.35519695900415293,0.0006626335436218734,-0.0007353561378960192,0.9347909608475787,0.1221563161048895,-0.041977281878994584,0.0014993108838274698,-0.00011598465192719232,-0.0009417071566986124,-0.013427480371319689,10969,610000000,0.11,0,2,4,-4.72946567890949,-0.6855603570151921,4.953327855170354,-4.72946567890949,-0.6855603570151921,4.953327855170354,242.1996030807495
-4.344433696010581,0.11301185359284438,5.0,-3.1421398070011315,0.7601720251338984,4.957429918647555,-0.35351149270848137,0.0007687855926085638,-0.0007102859445052176,0.9354295959534372,0.1352955678961008,-0.040463921606572174,0.0012863354173159307,-9.251673276367e-05,-0.0007529697256813961,-0.014065053164813435,10969,855000000,0.2,0,2,4,-4.716739726776145,-0.6604510412024114,4.953927341590495,-4.716739726776145,-0.6604510412024114,4.953927341590495,242.46224880218506
-4.344433696010581,0.11301185359284438,5.0,-3.1763543450112635,0.7438137166439108,4.957796870787657,-0.351797840950198,0.0008494335494763662,-0.0006810218476850768,0.9360753675717928,0.14486236823360613,-0.038586556121318866,0.0011117095221866093,0.0002751538460188385,-0.0006559453538557136,-0.014106391608947888,10970,97000000,0.38,0,2,4,-4.7020835210759,-0.6327641147746457,4.954634413065144,-4.7020835210759,-0.6327641147746457,4.954634413065144,242.7505440711975
-4.353069585607864,0.03697117415894612,5.0,-3.2143347501181014,0.7245623869938941,4.9581562221661635,-0.3500172596359035,0.0009157742829733227,-0.0006129681955150439,0.9367426026312813,0.14194975723952627,-0.036319993567239015,0.0010070166677844986,0.00039420167752268753,-0.0005369548432554438,-0.011241493120905943,10970,365000000,0.58,0,2,4,-4.686987066409588,-0.6050678165459727,4.955391585720838,-4.686987066409588,-0.6050678165459727,4.955391585720838,243.05856227874756
-4.353069585607864,0.03697117415894612,5.0,-3.243338484478956,0.7107671010977016,4.958451588897814,-0.34904248417636136,0.000941520572858947,-0.0005620013844585332,0.9371062596810722,0.10829846814143744,-0.035270634807164254,0.0008465432501444457,0.0001486877167167222,0.0002933717212272313,-0.004802135208592517,10970,648000000,0.8,0,2,4,-4.670938309164758,-0.5761224855035504,4.956252094972034,-4.670938309164758,-0.5761224855035504,4.956252094972034,243.3281741142273
-4.345371320201593,-0.03840444221973282,5.0,-3.261113759289334,0.7065225406058165,4.958581476386838,-0.34912693993233607,0.0007900436817225103,-0.0006062329881527842,0.9370749106266947,0.031633031443331225,-0.03488299643059308,3.130684451089728e-06,7.263303203330906e-05,0.0019780828324655886,0.004414821341924835,10970,892000000,0.92,0,2,4,-4.659917167730564,-0.5543115931417788,4.956969278079958,-4.659917167730564,-0.5543115931417788,4.956969278079958,243.59842991828918
-4.321849329598748,-0.10960387327479358,5.0,-3.2655059038510186,0.7146003112914731,4.958485598654066,-0.3499617733275982,0.0004976791602115939,-0.0006980226095430483,0.9367635893272608,-0.04100970545377218,-0.0339108440987622,-0.0008551628529605901,0.0003883445657493212,0.0024513056359865004,0.008483509554935154,10971,130000000,0.91,0,2,4,-4.659385153827274,-0.5423975091283061,4.957370452885683,-4.659385153827274,-0.5423975091283061,4.957370452885683,243.87248039245605
-4.321849329598748,-0.10960387327479358,5.0,-3.259075449738128,0.7298091689814369,4.958210967715152,-0.3509283397150013,0.00024368650881336282,-0.0007481311118324736,0.9364019870235203,-0.09013034866041517,-0.0319313698369945,-0.0016867783166902238,0.0004666586420398744,0.0022295452708931407,0.010224610741715878,10971,382000000,0.81,0,2,4,-4.674576633220967,-0.5440775418074224,4.957277236439736,-4.674576633220967,-0.5440775418074224,4.957277236439736,244.11060523986816
-4.283784081748948,-0.1732710158852498,5.0,-3.2432307735600223,0.7532734812204079,4.957708893068663,-0.3522038331475582,-1.884275028666497e-05,-0.0007849646037371398,0.9359229900967753,-0.13448287830943637,-0.028444108844437904,-0.00267154016998519,0.0005750585955865972,0.0021173046434341813,0.012203382448205957,10971,603000000,0.69,0,2,4,-4.699449208871276,-0.556791187252374,4.956769469350162,-4.699449208871276,-0.556791187252374,4.956769469350162,244.37386512756348
-4.283784081748948,-0.1732710158852498,5.0,-3.211473127697898,0.7922012835816363,4.956715417585565,-0.3540243537212904,-0.0003585731379432941,-0.0008054387239481584,0.935235788272663,-0.16061117149573476,-0.022590755868888517,-0.003312037799036225,0.0007900424691342778,0.0019365590105735464,0.010046461738966173,10971,845000000,0.53,0,2,4,-4.736591118254154,-0.5805418790081421,4.955800367129251,-4.736591118254154,-0.5805418790081421,4.955800367129251,244.72251772880554
-4.233189858539408,-0.22637908444547392,5.0,-3.186583096324041,0.8206830807443874,4.9560474538127925,-0.35496233911215747,-0.000574217602813825,-0.000790146419160693,0.9348800905756878,-0.14203841135700107,-0.017776883036911863,-0.00274391199897719,0.000965515914685966,0.0006687401878480159,0.0059528855672397185,10972,163000000,0.3,0,2,4,-4.795695413692105,-0.6224226446580523,4.954114178851519,-4.795695413692105,-0.6224226446580523,4.954114178851519,244.9836745262146
-4.233189858539408,-0.22637908444547392,5.0,-3.170656452299886,0.8393894167272868,4.955566794233308,-0.355274973071712,-0.0005442264210782777,-0.0006724180125482938,0.9347614375767292,-0.08287986747262041,-0.013413464295265156,-0.0020223129389307045,0.0008238865689236263,-0.0014003372598381247,0.0010993981845786038,10972,398000000,0.18,0,2,4,-4.8360215850955335,-0.6518872614264025,4.95301161895571,-4.8360215850955335,-0.6518872614264025,4.95301161895571,245.25083112716675
-4.1727376602558985,-0.2663981057164597,5.0,-3.1630888938018717,0.8495539089485552,4.955214760036296,-0.35525023192722355,-0.000381441212618548,-0.0005160063505328606,0.9347710206011424,-0.024756602587957564,-0.008396045101874871,-0.0011302073527678573,0.0006613260779886332,-0.0018480118797015166,-0.0010518653198232641,10972,637000000,0.13,0,2,4,-4.8666768942683305,-0.6742050076969299,4.952240488702755,-4.8666768942683305,-0.6742050076969299,4.952240488702755,245.50646662712097
-4.1727376602558985,-0.2663981057164597,5.0,-3.1642988107358607,0.8504423890869568,4.9550398776567395,-0.3550858818425204,-0.00020981897410459943,-0.0003690705471471315,0.9348335874791025,0.023768192347443137,-0.003924171820862533,-0.00038988901671591265,0.0008477480037072382,-0.0016987742242235981,-0.0016068318927864311,10972,868000000,0.13,0,2,4,-4.886168368671772,-0.6883365905697554,4.951848110377657,-4.886168368671772,-0.6883365905697554,4.951848110377657,245.76895213127136
-4.105638041562169,-0.2914457139415669,5.0,-3.172629848114978,0.8434822340290705,4.955019466797036,-0.35492086812929935,-6.344254384048386e-05,-0.00021056156082382456,0.9348963199228121,0.0636327369648523,0.0008383965094256654,0.00017264090454761024,0.0007209811826669466,-0.0015316858934966149,-0.0012594948771038617,10973,107000000,0.16,0,2,4,-4.8991809202755885,-0.6980319919961644,4.951735895326236,-4.8991809202755885,-0.6980319919961644,4.951735895326236,246.04567670822144
-4.035487133954632,-0.30041124034177896,5.0,-3.1867230522534014,0.8300566611656864,4.955092925869992,-0.35481987868311265,6.994941005218695e-05,-7.262657545850797e-05,0.9349346733990356,0.09559979076419436,0.004834136627116728,0.00043452645757491504,0.0008790680794845684,-0.0013737812651015702,-0.00027809462324057677,10973,353000000,0.19,0,2,4,-4.9048458941825865,-0.7027690572659963,4.951894052153062,-4.9048458941825865,-0.7027690572659963,4.951894052153062,246.31019234657288
-4.035487133954632,-0.30041124034177896,5.0,-3.2083731854496054,0.8080304643021725,4.955260302797986,-0.35494576732035427,0.000196517012767141,9.881207138030343e-05,0.9348868668874344,0.12160464261621362,0.010125570229710685,0.0006846825785931023,0.0007245585720738745,-0.001152405889115471,0.0021466016960403067,10973,593000000,0.21,0,2,4,-4.904221049234122,-0.7034107257334103,4.952268263348859,-4.904221049234122,-0.7034107257334103,4.952268263348859,246.62313532829285
-3.96608169213925,-0.2930435946951636,5.0,-3.231565779826093,0.7830644895901263,4.955484204444091,-0.35531784778367254,0.0002883026453428896,0.0002262312792817057,0.9347454694981792,0.13770261188905714,0.014646797405464864,0.0008469862481415011,0.0007293495457361132,-0.0009020196841902361,0.003920094059139956,10973,876000000,0.21,0,2,4,-4.896043867304509,-0.699580374392072,4.952945855633827,-4.896043867304509,-0.699580374392072,4.952945855633827,246.89914798736572
-3.96608169213925,-0.2930435946951636,5.0,-3.254640712644396,0.7572711926982248,4.95571983655297,-0.35584879167643113,0.0003516987750453191,0.0003355123863216796,0.9345434185749927,0.1474807140651822,0.017997333115197606,0.0008751706988694175,0.0005907203899369051,-0.0007342672859067534,0.005643587701342767,10974,122000000,0.17,0,2,4,-4.884518690823284,-0.6935706607301535,4.953593031361405,-4.884518690823284,-0.6935706607301535,4.953593031361405,247.16301655769348
-3.901211562810278,-0.26999461971974986,5.0,-3.2784233250332178,0.7297195490699343,4.955969929647251,-0.35659683742103604,0.0003995535698230738,0.000424494039667076,0.9342581847129146,0.15258203187438998,0.021089204505895822,0.0008759320508708189,0.0006272063558299124,-0.0005336821459422936,0.00755969217607344,10974,366000000,0.13,0,2,4,-4.8694867978489,-0.6855542296934224,4.954287764241475,-4.8694867978489,-0.6855542296934224,4.954287764241475,247.43123269081116
-3.901211562810278,-0.26999461971974986,5.0,-3.3044007780412126,0.6986547883400549,4.956230863882263,-0.35761965241443794,0.00042282400712049525,0.0005137626922013107,0.9338670898338433,0.1549065022706962,0.023497093000545293,0.0007716360029681678,0.0005078527522073273,-0.0003306431040073221,0.00901837156561669,10974,614000000,0.09,0,2,4,-4.851497755299019,-0.6759827846893108,4.955015564112426,-4.851497755299019,-0.6759827846893108,4.955015564112426,247.70959424972534
-3.844440334754514,-0.23281149144471475,5.0,-3.329791910950978,0.6671902446110812,4.9564753218140964,-0.3587421046515713,0.00043306427774953457,0.0005807090374207287,0.9334364346769981,0.14727290272069626,0.02562950522233723,0.0007675709953493685,0.00039559232902774966,-0.00015641480644035255,0.008745366358198225,10974,863000000,0.14,0,2,4,-4.829397723783409,-0.6643221121098621,4.955811344328887,-4.829397723783409,-0.6643221121098621,4.955811344328887,248.01601123809814
-3.844440334754514,-0.23281149144471475,5.0,-3.3519416179219466,0.6371052614801381,4.956757293572432,-0.35970364305658614,0.0004098399682310106,0.0006300472606607009,0.9330663021690739,0.10286999327237989,0.02781262604718074,0.0005988098170514545,0.000481895369830454,0.000499215019544863,0.004197337966616033,10975,136000000,0.26,0,2,4,-4.805056891627742,-0.6515748571418031,4.956603177034704,-4.805056891627742,-0.6515748571418031,4.956603177034704,248.31204390525818
-3.798886890464102,-0.18387432439794807,5.0,-3.358736988517047,0.621542012857731,4.95680313854527,-0.3598099518485063,0.0002894935668757829,0.0006407092894569191,0.9330253502643198,0.028478999670079885,0.030153548617318844,-0.0003923865643098265,0.00040453237204474135,0.0014002059401718725,-0.001671312656981172,10975,409000000,0.37,0,2,4,-4.778141723282873,-0.6380177169181066,4.957411127718953,-4.778141723282873,-0.6380177169181066,4.957411127718953,248.56709003448486
-3.767021934800574,-0.12627834785081793,5.0,-3.352519619892328,0.6179144077816531,4.956606452011867,-0.3594035632768144,7.415095537293797e-05,0.0006029234439997317,0.9331820345939399,-0.04311499664135174,0.032016899276139835,-0.001427042693276585,0.00047840042043389985,0.0022387090893971617,-0.005832122587889899,10975,642000000,0.38,0,2,4,-4.761057032927303,-0.6323423193281691,4.957984459715279,-4.761057032927303,-0.6323423193281691,4.957984459715279,248.81497263908386
-3.767021934800574,-0.12627834785081793,5.0,-3.333168034103515,0.6248085151979574,4.9560975293845955,-0.35850937724148957,-0.00020719811827532277,0.0005558478852416341,0.9335259367216249,-0.11033799059351686,0.033160892711891196,-0.0027996269246547546,0.00043733459449413203,0.002417488872197282,-0.009970443352358416,10975,869000000,0.33,0,2,4,-4.7567860955870005,-0.6377482350933936,4.9582094899882,-4.7567860955870005,-0.6377482350933936,4.9582094899882,249.0685636997223
-3.750494125694988,-0.06366371562587049,5.0,-3.299738372998551,0.6431953547813647,4.955180711994285,-0.35702173302795204,-0.000526539122067625,0.0004884019636383203,0.934095801492434,-0.17049745148084663,0.033217704979596516,-0.004387642309628244,0.0003535688961164851,0.002478714077369659,-0.014170873419061536,10976,103000000,0.22,0,2,4,-4.764117276173872,-0.6546832714217239,4.958127317076049,-4.764117276173872,-0.6546832714217239,4.958127317076049,249.36353206634521
-3.750494125694988,-0.06366371562587049,5.0,-3.2493849205870227,0.6749260021457933,4.953703765909113,-0.354887772478163,-0.0008671175597230336,0.000393907270995621,0.9349084243334675,-0.20534204717784782,0.03165716103513726,-0.005255758216201542,-8.267508917469968e-05,0.0022375432308763266,-0.014062555328564486,10976,373000000,0.11,0,2,4,-4.783283992752374,-0.6832346742152254,4.957712235680973,-4.783283992752374,-0.6832346742152254,4.957712235680973,249.6861608028412
-3.75,-1.1943401194869635e-15,5.0,-3.2115761615977445,0.6993672563822367,4.952713119430835,-0.3535874702860879,-0.0010693066896836014,0.0003047854954020771,0.935400804225488,-0.19353021593725012,0.029710424814437524,-0.004430396658544058,-0.00035939882820912317,0.0013017428841521905,-0.010891602778428933,10976,662000000,0.28,0,2,4,-4.815632346578491,-0.7252850018009652,4.9568563198766675,-4.815632346578491,-0.7252850018009652,4.9568563198766675,249.9473249912262
-3.75,-1.1943401194869635e-15,5.0,-3.177669614564565,0.7200620772282974,4.951922243097204,-0.3527192920307419,-0.001022825898119312,0.0002709234819176997,0.9357285832211074,-0.13614701591654393,0.027593877898391468,-0.0028794938651862793,-0.00037598393021198717,-0.0011561523933778517,-0.0055860699376353296,10976,895000000,0.43,0,2,4,-4.840502807710811,-0.7567417239022598,4.956221233984654,-4.840502807710811,-0.7567417239022598,4.956221233984654,250.20504879951477
-3.7652103438835645,0.060663558919057906,5.0,-3.153890768183235,0.7325478994891831,4.95147899512841,-0.3522581739719616,-0.0008385705402724952,0.0002968900889181254,0.9359024455175141,-0.0850761048645178,0.02513718739062355,-0.0013251489648099363,-0.00031292157700590906,-0.001652193441259442,-0.003077169276366476,10977,128000000,0.52,0,2,4,-4.858926463760064,-0.7826363889291704,4.955696595638233,-4.858926463760064,-0.7826363889291704,4.955696595638233,250.47116613388062
