x_ref,y_ref,z_ref,x,y,z,eta,e1,e2,e3,u,v,w,p,q,r,sec,nanosec,angle2,angle3,control_mode,std_test,x2,y2,z2,time
0.0,0.0,5.0,-0.02494370244936045,0.8554092983937824,4.985111687330332,-0.6230629848601736,-0.0001386016515484673,0.00015361692708873792,0.7821716397879384,0.05389088669108305,0.030127751891175985,0.003326150296836184,8.852122306279853e-05,-0.0010408827847641078,0.02000457880058093,17842,790000000,8.8,0,2,3,-0.22002978027920483,-1.5330936663749213,4.965395250370929,7.319450378417969e-05
0.002985000000000067,0.0,5.0,-0.02045892867547835,0.8340403534401689,4.986020417864044,-0.6254532889519745,-4.48808236454595e-05,0.0002546988671814877,0.7802615692531297,0.07632031766862066,0.030193199229830946,0.002691029306459714,0.0002476192833000823,-0.0008248392191489984,0.02075951069855364,17843,102000000,8.4,0,2,3,-0.21057772810729594,-1.4883380367845997,4.967395811993091,0.4037044048309326
0.011880000000000134,0.0,5.0,-0.01736082651117263,0.8091365409499404,4.9866981718541155,-0.6277414134063909,1.1004211377674728e-05,0.00034719740282417315,0.778421863276859,0.09113251302268084,0.029539338874408162,0.0020692813453234574,0.00037202780163170246,-0.000611201636502301,0.02102675207424909,17843,413000000,8.03,0,2,3,-0.20146027885317025,-1.4377774056348378,4.969285287851795,0.7754487991333008
0.011880000000000134,0.0,5.0,-0.014914430339601043,0.7788765440564088,4.987234521867586,-0.6301872767285706,3.5954643718519964e-05,0.0004321696443740367,0.7764430489006195,0.10148002243622276,0.028551453651242932,0.0014143843196054052,0.0002892504795681816,-0.00040555421776389267,0.02085894921037834,17843,691000000,7.67,0,2,3,-0.19287741616416534,-1.3858630074106866,4.970978633803705,1.1416044235229492
0.026595000000000202,0.0,5.0,-0.013059490375643449,0.7463176338872844,4.987600169434127,-0.6325928936082905,5.083814232013025e-05,0.0004943324617971207,0.7744843342555034,0.10768731440733123,0.027502275714196618,0.0008845140643868358,0.00021891030570486691,-0.00029817816482591297,0.020286621838749852,17843,988000000,7.3,0,2,3,-0.19287741616416534,-1.3858630074106866,4.970978633803705,1.511716365814209
0.04704000000000026,0.0,5.0,-0.011697097936539119,0.7147671072745081,4.987815807705279,-0.634751803423463,6.095051948774616e-05,0.0005385065475830567,0.7727158949745977,0.11072569965594445,0.026492671467557637,0.000481346160767987,0.00016688989177282565,-0.00023393179731101554,0.01955153584276559,17844,286000000,6.94,0,2,3,-0.19287741616416534,-1.3858630074106866,4.970978633803705,1.8738963603973389
0.07312500000000033,0.0,5.0,-0.010413340926852324,0.6804735469738138,4.987936872809633,-0.6369717659399344,7.670373775819304e-05,0.0005621549996989675,0.7708869226375904,0.11158187551299337,0.02575581991066832,0.00012982770673343688,-0.00022793549590005568,-8.983391026617937e-05,0.018673152953851968,17844,576000000,6.62,0,2,3,-0.19287741616416534,-1.3858630074106866,4.970978633803705,2.228433847427368
0.07312500000000033,0.0,5.0,-0.009074141450658801,0.6462471631601057,4.987964477253385,-0.6390765940717057,9.665694398491414e-05,0.0005405442261346199,0.7691429030934908,0.11065303504374258,0.02560983573990235,-0.00015094931204793162,-0.00017816876294318718,1.6576067096707447e-05,0.017770028171071317,17844,857000000,6.29,0,2,3,-0.19287741616416534,-1.3858630074106866,4.970978633803705,2.6124110221862793
0.1047600000000004,0.0,5.0,-0.007088686806712972,0.6091552339176676,4.987889140155762,-0.6413050847337576,0.00011373185850313693,0.0005224479359436944,0.7672858022978442,0.09462234956536593,0.024428938243422814,-0.0005752703669388278,-0.00013534812524085282,-0.00011043487475603797,0.01574518537381664,17845,161000000,5.98,0,2,3,-0.149199926116203,-1.1019542821046016,4.977583350425175,3.0427298545837402
0.14185500000000045,0.0,5.0,-0.004003441112840117,0.5855071138538037,4.987574815068934,-0.6434249973974177,7.095642088394169e-05,0.000328655415141572,0.7655090852987557,0.02314340241885216,0.018509350890757094,-0.0020921190387048986,-0.0019526602955011185,0.0046673389533680165,0.02469369374011876,17845,509000000,5.68,0,2,3,-0.1415883583486078,-1.0774585550088789,4.977815323450524,3.4507360458374023
0.18432000000000054,0.0,5.0,0.0031073978674252827,0.6005501018817766,4.986253337908214,-0.647407571681371,-0.0006564425440353253,-0.0006854567861789036,0.7621433824168591,-0.11558386346688103,0.009050527100889168,-0.006377037874411564,-0.0017881494727589597,0.009106839388550725,0.03486153400444891,17845,832000000,5.39,0,2,3,-0.1415883583486078,-1.0774585550088789,4.977815323450524,3.8617801666259766
0.18432000000000054,0.0,5.0,0.015512990734406075,0.6654642316738735,4.983113130188156,-0.652304070187498,-0.0017793903383991915,-0.0019176504933322682,0.7579528721519779,-0.2396669905988519,0.0049782842014355335,-0.012143020065869457,-0.0003336741883686045,0.008739062104723416,0.03446370174060576,17846,169000000,4.83,0,2,3,-0.13285227281939566,-1.1319040241982625,4.975453255669198,4.283843517303467
0.2320650000000006,0.0,5.0,0.030910536328204674,0.7598211193437342,4.978907407029206,-0.6560913194206462,-0.0026133237110262902,-0.0026464375574344373,0.7546723444570574,-0.3085735071526335,0.0055095043668440345,-0.015256865018324286,0.0004718621511301535,0.002206866201959201,0.01821324203774566,17846,519000000,4.12,0,2,3,-0.13285227281939566,-1.1319040241982625,4.975453255669198,4.705983638763428
0.28500000000000064,0.0,5.0,0.04701835978256053,0.862056187656548,4.974742798144649,-0.6574650957175704,-0.0026833180614846334,-0.0025925391831719672,0.753475763683113,-0.3264053001526562,0.007755188779163561,-0.015134639331181785,0.0008992448840672296,-0.0009552450364935794,0.006211001118572312,17846,857000000,3.59,0,2,3,-0.12662187450728932,-1.2845483465336935,4.969377404332039,5.117554664611816
0.3430350000000007,0.0,5.0,0.06390267590962805,0.96153928222445,4.9709166037829835,-0.6578993501390948,-0.0025897203298587516,-0.0022818000557459344,0.7530979563268481,-0.2808068757467754,0.014536554174390499,-0.01252718995811851,0.0016823060605020146,-0.003547844426066149,0.0016869432784005767,17847,195000000,3.42,0,2,3,-0.12662187450728932,-1.2845483465336935,4.969377404332039,5.511594772338867
0.4060800000000008,0.0,5.0,0.08004817283737861,1.033483779839393,4.968147963169272,-0.6579841906433994,-0.0021814762599603873,-0.0016180986808422603,0.7530268439978329,-0.1827305527815728,0.024863696941271867,-0.007802152920744848,0.0012388218465275713,-0.005142767531651771,0.0001507313058368709,17847,512000000,3.38,0,2,3,-0.12005840889248401,-1.4577649303578937,4.961760378910798,5.9007697105407715
0.4740450000000009,0.0,5.0,0.09737033767095554,1.0797835698634402,4.9664654828190296,-0.6579833128008601,-0.001657563657827194,-0.0008806423651731819,0.753030170064487,-0.09103629291863935,0.0357460679444255,-0.0030673213324055645,0.0011765468116209377,-0.004440387829163228,-0.00011097510963509194,17847,830000000,3.36,0,2,3,-0.12005840889248401,-1.4577649303578937,4.961760378910798,6.3352062702178955
0.4740450000000009,0.0,5.0,0.11067344153656751,1.0951870565360164,4.966119722756968,-0.6580084245696719,-0.0013418900937102085,-0.00039928303102435014,0.7530092649492272,-0.03434368740074869,0.0434828477786675,-0.0001498497525620503,0.0012177148619230138,-0.0035081981422990793,0.0012949233791914594,17848,178000000,3.35,0,2,3,-0.10294709987900774,-1.5482060760952823,4.9569892368007755,6.705225706100464
0.5468400000000009,0.0,5.0,0.12509536770877833,1.0955957456568108,4.966464610106931,-0.6583318459102175,-0.0011026546592989778,1.7380279956125556e-05,0.7527270185871328,0.015531616963817312,0.05069904333181594,0.0020508843145645213,0.0008999703879908338,-0.0026669438057069783,0.005343205839380971,17848,477000000,3.34,0,2,3,-0.10294709987900774,-1.5482060760952823,4.9569892368007755,7.072865009307861
0.624375000000001,0.0,5.0,0.1395342214987759,1.0824548430744467,4.967335739986407,-0.6592092497703572,-0.0009245362661884241,0.0003469556513855892,0.7519589017171557,0.055635679692276355,0.05621238785192628,0.003493743784581509,0.0010179276273447613,-0.002163666908927553,0.010252940410282463,17848,771000000,3.26,0,2,3,-0.07681282973220843,-1.5290267000938151,4.957137990847802,7.438213109970093
0.7065600000000011,0.0,5.0,0.15429123480756243,1.0586726384027363,4.968554293584285,-0.6605829121003167,-0.0007981326460139445,0.000642970920225204,0.7507523998055153,0.08589321336355067,0.06181478645177213,0.004393457491505997,0.0009305545972893015,-0.001735756143261824,0.013991019477543887,17849,69000000,3.11,0,2,3,-0.059536525524612194,-1.4950566234321612,4.958235940986658,7.814992666244507
0.7065600000000011,0.0,5.0,0.17100005673042154,1.0249575326060107,4.970111693806562,-0.662439147401977,-0.000714462294429527,0.0008979531249694827,0.7491148504823254,0.10767890795853172,0.0681441599421023,0.004992948819328822,0.000843376801640261,-0.0011798004152296926,0.01693656922725495,17849,368000000,2.89,0,2,3,-0.059536525524612194,-1.4950566234321612,4.958235940986658,8.206735134124756
0.7933050000000011,0.0,5.0,0.1880119187614062,0.9881373612960925,4.9717222834945245,-0.6644535769393037,-0.0006798523444073101,0.001073941242969744,0.747328460948438,0.12082574019811157,0.07319237868320545,0.005242891745842635,0.0006221444664333831,-0.0008715835519979009,0.018904807438957505,17849,688000000,2.59,0,2,3,-0.017007317404190876,-1.3950862349543822,4.961529165519368,8.575311183929443
0.8845200000000012,0.0,5.0,0.20732604273088331,0.9454997223839551,4.973480777263977,-0.6667923532071995,-0.0006557894144871158,0.0012237578600899576,0.7452422626645305,0.1288283980854668,0.07722017210130963,0.005180496902915584,0.0006264360422392201,-0.000614445605151559,0.020024264813400805,17849,985000000,2.28,0,2,3,-0.017007317404190876,-1.3950862349543822,4.961529165519368,8.95740294456482
0.9801150000000013,0.0,5.0,0.2254128255449769,0.9066756173703933,4.974998183326581,-0.6689149239799678,-0.0006617470628540968,0.001332023058791871,0.7433374820915929,0.13220769957976936,0.08136621466866048,0.005001925184517878,0.0006549825911861262,-0.00046655314918098156,0.020994102669646963,17850,297000000,1.94,0,2,3,-0.017007317404190876,-1.3950862349543822,4.961529165519368,9.314730882644653
0.9801150000000013,0.0,5.0,0.2435102657469004,0.8700796540426995,4.9763609632107855,-0.670991748402256,-0.0006809129449779175,0.0014291990931074349,0.7414631260714165,0.13314376485463528,0.08594567693637097,0.004775915103318971,0.0008562597997752164,-0.0003282348558286685,0.021787037076137494,17850,591000000,1.63,0,2,3,0.060848822473069886,-1.2220140616249644,4.9673081290767716,9.65018630027771
1.0800000000000012,0.0,5.0,0.26464134872680567,0.8306933519003159,4.977777711075493,-0.6732572017693527,-0.0007283739340764603,0.001518888819579262,0.7394064529836529,0.1321123045303481,0.09085031340372399,0.00449189728524557,0.00032656868427238805,-0.00014698230614840213,0.021759166156698484,17850,855000000,1.33,0,2,3,0.08612907374627934,-1.1710892159221264,4.968920200157112,9.988292455673218
1.1840850000000014,0.0,5.0,0.29068480759853504,0.7882697906846972,4.979229728024834,-0.6755276887181422,-0.000770720623722413,0.0015767383111030837,0.7373325312646547,0.09854245363383313,0.09584826235080293,0.003405384366432157,0.0007280601948878029,5.993479490484788e-05,0.010488843327038921,17851,135000000,1.0,0,2,3,0.114849651481754,-1.1169372298541034,4.970571953299485,10.384347438812256
1.1840850000000014,0.0,5.0,0.3188917157192041,0.7686574164560936,4.980075664313076,-0.6757401914967122,-0.0008861419218805181,0.0016169046116022287,0.7371375678718036,0.0064772668765610665,0.10325839954432244,0.001265745553801868,0.000871674910740694,0.0015917832797640585,-0.008460870776616503,17851,455000000,0.7,0,2,3,0.14936861869385426,-1.0641225194001445,4.972235666139453,10.751818895339966
1.2922800000000014,0.0,5.0,0.35245614438563855,0.7818969336633784,4.980149857055045,-0.6738342175294082,-0.001233125955822338,0.0014625054120999826,0.7388800902479554,-0.10606795121939443,0.11084003317521793,-0.0013944518445589255,0.0008386319848341373,0.002867516786864144,-0.023917711951071396,17851,753000000,0.7,0,2,3,0.18249921799223925,-1.0341496096537366,4.973378975771279,11.115231990814209
1.4044950000000016,0.0,5.0,0.3907855325190218,0.8243323074926965,4.979502665304792,-0.6706361173622197,-0.001632837026746644,0.0012727273030083816,0.7417836019337329,-0.19265118545708862,0.11609592275914868,-0.003840642036361781,0.0010138501011169865,0.002887005393858999,-0.033682401044643484,17852,49000000,0.97,0,2,3,0.18249921799223925,-1.0341496096537366,4.973378975771279,11.47856593132019
1.5206400000000015,0.0,5.0,0.43944766042139294,0.898112163413096,4.977997986881246,-0.6657438999695573,-0.0021285876131723848,0.0011331176712288346,0.7461764166820339,-0.262488607982164,0.12230727898203471,-0.006519095275603565,0.0017841337808022217,0.002782187630145927,-0.043899297816096805,17852,339000000,1.47,0,2,3,0.2483461444612731,-1.0667585755107676,4.973589360310252,11.908170223236084
1.5206400000000015,0.0,5.0,0.5093252924405185,1.0125728962049494,4.9752796628448985,-0.6583854412554654,-0.002671235567804036,0.000950692617544243,0.7526756083645424,-0.26194819162383276,0.1274956274239009,-0.007081872688519751,0.0002741876670597776,0.0020751162537635537,-0.04044086417707149,17852,693000000,2.26,0,2,3,0.2483461444612731,-1.0667585755107676,4.973589360310252,12.429336309432983
1.6406250000000018,0.0,5.0,0.563933059144822,1.086066845032704,4.973571377924657,-0.6536230848232575,-0.0028142456041486815,0.0008593985806823691,0.7568145112521875,-0.1984958867467131,0.13002618898954463,-0.005466959638511347,-0.00013825442835013746,-0.0009340273493307905,-0.03195196368324105,17853,127000000,3.46,0,2,3,0.2483461444612731,-1.0667585755107676,4.973589360310252,12.846394062042236
1.7643600000000017,0.0,5.0,0.6130406437984401,1.1292675895179694,4.972518486894516,-0.6502377002121007,-0.002573321664056411,0.0010753053737087093,0.75972571034344,-0.11812653125789416,0.13352315764081876,-0.0032898379184226464,0.0002203715155246755,-0.0025656299612819566,-0.024619203759357333,17853,463000000,4.25,0,2,3,0.2483461444612731,-1.0667585755107676,4.973589360310252,13.244786739349365
1.8917550000000016,0.0,5.0,0.6602420508623995,1.1483786548517307,4.9721016674449166,-0.6476111309928806,-0.00228028166460028,0.0013882336779036724,0.7619663353041967,-0.050879003334217035,0.13946521151728572,-0.0011876831774161206,0.0004686099174477931,-0.0025439880573685514,-0.017519369066576473,17853,793000000,4.8,0,2,3,0.2483461444612731,-1.0667585755107676,4.973589360310252,13.638812780380249
2.0227200000000014,0.0,5.0,0.7037514079414037,1.148474753084042,4.972218682772879,-0.6460666706323857,-0.00206150878374782,0.0016738671654758885,0.7632763624325276,-0.0006959348604215452,0.14682103018433426,0.00024462833322694164,0.0006941679885130725,-0.002058554446193739,-0.007807263955328381,17854,107000000,5.21,0,2,3,0.4835827536189112,-1.3368978770508055,4.968853525122192,14.032137155532837
2.1571650000000018,0.0,5.0,0.7503310851621026,1.1335611758535586,4.9727215946961305,-0.6458347223400215,-0.0019184460663736681,0.0019471674779576549,0.7634723567513696,0.04111649027275147,0.15585119011442497,0.0012402785963570436,0.0008819023150863359,-0.0016010772696972708,0.005044489080319181,17854,409000000,5.45,0,2,3,0.4835827536189112,-1.3368978770508055,4.968853525122192,14.423785209655762
2.2950000000000026,0.0,5.0,0.7949416916110171,1.1087392009725923,4.973470323173407,-0.6471308264665557,-0.0018464242106876595,0.002182292559624244,0.7623736103470075,0.07044101339634415,0.16468956699683618,0.001856644246652505,0.0010577571174508194,-0.0012426431226231216,0.020814648814848624,17854,722000000,5.49,0,2,3,0.4835827536189112,-1.3368978770508055,4.968853525122192,14.80807900428772
2.2950000000000026,0.0,5.0,0.844282885131881,1.0740842815871288,4.9744381483370885,-0.6505950899678954,-0.0018322947057359661,0.0024060613230710475,0.759418779379788,0.09214773347087285,0.17385941717509246,0.0021063737837901165,0.0010040080837825371,-0.0009281186237330985,0.033880379123729654,17855,26000000,5.31,0,2,3,0.6275422196729641,-1.2609561602316315,4.970723592453676,15.199106454849243
2.4361350000000024,0.0,5.0,0.8925534022657403,1.0366636711504598,4.975425508153951,-0.6547624273760446,-0.0018330572358060274,0.00256904614297124,0.7558281574536072,0.10538121933222681,0.18028133682439787,0.002146422263340543,0.0005939169511748332,-0.0007476736300304765,0.03890511397912633,17855,338000000,4.8,0,2,3,0.683291638861364,-1.214269008953639,4.971597195098305,15.580782890319824
2.5804800000000023,0.0,5.0,0.9388653406295405,0.9992080360284588,4.976359862096835,-0.6590294280757059,-0.0018340264867065309,0.002685977218443213,0.7521101214605717,0.11322426597119936,0.18410301552216168,0.0019932444806295656,0.000824367202767462,-0.0006010277843415679,0.04232549799780827,17855,642000000,4.2,0,2,3,0.683291638861364,-1.214269008953639,4.971597195098305,15.94576382637024
2.727945000000002,0.0,5.0,0.9865243809935198,0.9605123577571945,4.977239695312943,-0.6636384114176237,-0.0018732445807914833,0.002808913925463727,0.7480458942126429,0.11767836176641962,0.18839741258221082,0.001667719069098626,0.001019845217342663,-0.00038489776841288403,0.04502677184063941,17855,935000000,3.57,0,2,3,0.7915060311439235,-1.1200881058516887,4.973171405502053,16.290823221206665
2.727945000000002,0.0,5.0,1.0395179195508715,0.918600593953045,4.978120935115207,-0.6687411540000577,-0.0019541125994500777,0.0029234436413067256,0.7434869897099049,0.11974474973939224,0.19428823042874957,0.001384941710872362,0.000795798592889696,-0.0001873089857440391,0.0455065874120919,17856,208000000,2.9,0,2,3,0.7915060311439235,-1.1200881058516887,4.973171405502053,16.65310049057007
2.878440000000002,0.0,5.0,1.0911692365017327,0.8799069150133834,4.978897318893899,-0.6733662355943462,-0.002020987948411615,0.0029992114959023954,0.7393002320435282,0.11532006773607659,0.19962632915834866,0.0010798408070968062,0.0006092130092838488,-0.00019730158555830712,0.04119621735299006,17856,506000000,2.15,0,2,3,0.7915060311439235,-1.1200881058516887,4.973171405502053,16.99868941307068
3.0318750000000025,0.0,5.0,1.1688237619656072,0.8334333910716017,4.9797799676452215,-0.6779358537015339,-0.0020747389037100994,0.003086484454179663,0.7351116563748448,0.07486677022428803,0.2087583019949384,6.309994321143053e-06,0.0003707096539073973,-0.00016586631375048455,0.016398409934481606,17856,783000000,1.48,0,2,3,0.7915060311439235,-1.1200881058516887,4.973171405502053,17.482013940811157
3.188160000000002,0.0,5.0,1.2401968868161228,0.8113568324375519,4.980143764578851,-0.6786259457582865,-0.002184051191221589,0.00312190743166991,0.7344741720156353,0.012869764601551833,0.22155856128507528,-0.001183900122661244,0.0009037537552103458,0.0015698687093390618,-0.011435336637077853,17857,184000000,0.9,0,2,3,1.0509151041798963,-0.9583243914155629,4.975042170714348,17.914726972579956
3.188160000000002,0.0,5.0,1.3138456019321447,0.8142292402158028,4.980076922668287,-0.6755099822400787,-0.0025454736126684424,0.003015361552232535,0.7373402824020974,-0.07505845685936627,0.23436776011516908,-0.003181693540159964,0.0014892456533743825,0.0029414761911539244,-0.04820433059649076,17857,531000000,0.91,0,2,3,1.1257873123208253,-0.9831471156043303,4.974169972031452,18.28530764579773
3.347205000000003,0.0,5.0,1.388580851189596,0.8444425130140387,4.979259441280213,-0.6683504412988034,-0.003012167620732925,0.002881528047621064,0.7438348682725421,-0.16746479723768584,0.24005354495601966,-0.005996874785440346,0.0015078672959134565,0.0032859402381291147,-0.07695334134041332,17857,840000000,1.44,0,2,3,1.1257873123208253,-0.9831471156043303,4.974169972031452,18.66142463684082
3.5089200000000025,0.0,5.0,1.5117588379944935,0.9328818151889824,4.976711887170078,-0.6531864332888042,-0.0037634508726214592,0.002765932899279678,0.7571827186486604,-0.27131014040465345,0.24245702178837866,-0.009836298851602856,0.0018743364648798888,0.003035079043911537,-0.0951606642047409,17858,155000000,2.58,0,2,3,1.1257873123208253,-0.9831471156043303,4.974169972031452,19.205692529678345
3.6732150000000026,0.0,5.0,1.6329990049504288,1.0382568812317126,4.9734176012354965,-0.6376664502263214,-0.004365136955311912,0.002682432550394959,0.7702955591139911,-0.2999533429058548,0.24246704807426367,-0.011197081009848816,0.0009837344691732142,0.0028040563165632193,-0.0946872474742122,17858,603000000,4.95,0,2,3,1.1257873123208253,-0.9831471156043303,4.974169972031452,19.711868286132812
3.8400000000000025,0.0,5.0,1.7275319880840694,1.1133894138343732,4.971030428464873,-0.6263806787576883,-0.00458064063270073,0.0025759589086897378,0.7794996006709384,-0.25891065864553064,0.24093791071315498,-0.009984105191426756,-0.0010140474046238523,-0.00012443527950267708,-0.082154569827253,17859,18000000,7.14,0,2,3,1.1257873123208253,-0.9831471156043303,4.974169972031452,20.121536016464233
4.009185000000003,0.0,5.0,1.8015642833024441,1.1561012743742165,4.969549351667206,-0.6186972035853983,-0.004352423178690222,0.0026267560756422477,0.7856130897844057,-0.1926132547269896,0.24075666157890646,-0.007780892808139826,-0.0008727991030355042,-0.0020526879097815254,-0.07160713721532375,17859,356000000,8.6,0,2,3,1.1257873123208253,-0.9831471156043303,4.974169972031452,20.44626545906067
4.180680000000002,0.0,5.0,1.8781606765264076,1.1825259203717406,4.968518574889427,-0.611079011948869,-0.0039823344538353,0.002798765356853875,0.7915546406157751,-0.1286599283793077,0.24458756030373546,-0.005343324828303522,-0.0004580827749123273,-0.0027364238803784247,-0.06581869529327378,17859,616000000,9.59,0,2,3,1.6288938309859,-1.3353291732276606,4.9623617144428165,20.788570165634155
4.180680000000002,0.0,5.0,1.9579281754701587,1.191891983559133,4.968015187176465,-0.6037732706116106,-0.0036097422203656576,0.003035785054768947,0.7971421400635914,-0.0755226027531233,0.2529085034945593,-0.003256917354557972,-5.777584668464897e-05,-0.0024243321149697294,-0.05510619666893035,17859,887000000,10.6,0,2,3,1.6999928593407612,-1.3269159717061156,4.962170475514381,21.161816596984863
4.354395000000002,0.0,5.0,2.0367406861447526,1.1858784742251245,4.968039890864425,-0.597977219759394,-0.0033196656355798165,0.0032390086494158976,0.8014996776617334,-0.03536578350202793,0.2620516758025569,-0.0016616380876384976,-0.00023119117429359903,-0.0019515437770678545,-0.03859373682644218,17860,191000000,11.6,0,2,3,1.6999928593407612,-1.3269159717061156,4.962170475514381,21.52163600921631
4.530240000000003,0.0,5.0,2.114694718339068,1.168182322256521,4.968466186718564,-0.594829276912282,-0.0030797954918639027,0.0033873312416768534,0.8038390213063802,-0.004748157893462713,0.2698350551791363,-0.00048168095208668234,-5.898231734136061e-05,-0.001581471485678776,-0.0048186802359850844,17860,481000000,12.38,0,2,3,1.6999928593407612,-1.3269159717061156,4.962170475514381,21.888562440872192
4.708125000000003,0.0,5.0,2.1926923989195513,1.141938720297865,4.9692126534591115,-0.5962773295938955,-0.002923740909009314,0.0035060356947559978,0.8027655359226484,0.01834415129092095,0.27847484434448877,0.0003314125167256975,6.689319747010813e-05,-0.0011761774203478126,0.02456395759509178,17860,778000000,12.81,0,2,3,1.6999928593407612,-1.3269159717061156,4.962170475514381,22.256061553955078
4.708125000000003,0.0,5.0,2.2717042008163135,1.1099793625151868,4.970154631978109,-0.6000443786866033,-0.0028310706373402056,0.003598961056951399,0.7999536087330098,0.03394264362654305,0.28707045514332885,0.0007316776605294763,0.00024496056028056046,-0.000896873859801417,0.03594245463318657,17861,77000000,12.62,0,2,3,2.0230634189921193,-1.182540680419651,4.9644708578600305,22.6247341632843
4.887960000000002,0.0,5.0,2.3524003426641955,1.0746497409587739,4.971211594289726,-0.6046770019671742,-0.002776894321289825,0.0036791426862597667,0.796457454016856,0.04404268577071381,0.2935937552458817,0.0009587865421900393,0.00018288694718648912,-0.0006914587686424056,0.041528282963554375,17861,381000000,12.1,0,2,3,2.0230634189921193,-1.182540680419651,4.9644708578600305,23.008909940719604
5.069655000000004,0.0,5.0,2.4341201618911135,1.0374964107574063,4.972350180698497,-0.6099317695383579,-0.0027444810569078994,0.0037340839921408166,0.7924403832139519,0.050978558253818786,0.2971926409167768,0.0011474789634589228,0.00014312365692603635,-0.0005290008743941144,0.04776692403538618,17861,686000000,11.45,0,2,3,2.1958776895930283,-1.0872789942202266,4.9662969817639695,23.391101837158203
5.253120000000004,0.0,5.0,2.522665150450293,0.9971767390519881,4.973635477114325,-0.6162857172325579,-0.002737793791871463,0.0037784276092267576,0.7875088207157471,0.05510559871606198,0.3017331626201643,0.001240667862892413,0.00027903391526251653,-0.00031573160299558367,0.05081934650661424,17861,988000000,10.71,0,2,3,2.1958776895930283,-1.0872789942202266,4.9662969817639695,23.785505533218384
5.253120000000004,0.0,5.0,2.624709075003461,0.9520517079330657,4.975104595831252,-0.6235277589604373,-0.0027615733660469283,0.0038001044027179396,0.7817870980803194,0.057111344499427265,0.3080475754889649,0.0011282124404698958,4.8858331780365916e-05,-0.00011684319005667021,0.05276725933072157,17862,309000000,9.84,0,2,3,2.3812861578926205,-0.9889950652277353,4.96796308277598,24.23256754875183
5.438265000000004,0.0,5.0,2.718295823007639,0.9157515085372125,4.976318355020429,-0.6287027682401249,-0.0028483161861449354,0.003736114397865204,0.7776315051175031,0.010250178979376042,0.3094530858297272,5.5721676027345964e-05,-0.00013844390593931166,0.002422001693958009,-0.0021689385448553367,17862,676000000,9.04,0,2,3,2.499272151644127,-0.9313907680956297,4.968763862291952,24.621368169784546
5.6250000000000036,0.0,5.0,2.8115034205538003,0.9102363380630756,4.97682163930882,-0.623948620358056,-0.003237186198939811,0.0034568979490895444,0.7814510155060019,-0.10555753407291035,0.3058534712877824,-0.0027464152476120284,0.0011203689041394682,0.003629497882684518,-0.07170284370658919,17862,988000000,8.15,0,2,3,2.499272151644127,-0.9313907680956297,4.968763862291952,24.985499620437622
5.813235000000003,0.0,5.0,2.9188331599555606,0.9392335476491561,4.976329736375972,-0.6122783924672722,-0.00374194480802889,0.0033285220561410827,0.7906263902170662,-0.2197681175860701,0.3045546753337587,-0.006496543282185664,0.0016364397993129387,0.0032682410619599978,-0.10765890183392912,17863,287000000,8.85,0,2,3,2.687999952969372,-0.8814145878331552,4.96930676395979,25.37588858604431
5.813235000000003,0.0,5.0,3.043072537507773,0.9992917795259687,4.974750272715749,-0.5963732583529436,-0.004280953464370416,0.0033275868756110208,0.8026889418227426,-0.3073827514299522,0.30182854971734246,-0.0101104727241061,0.002054891774605494,0.0030584500109398505,-0.12478295684559271,17863,603000000,10.46,0,2,3,2.687999952969372,-0.8814145878331552,4.96930676395979,25.791731357574463
6.002880000000004,0.0,5.0,3.1981368349687926,1.0899028560684294,4.971857067400941,-0.5756580808015226,-0.004836399069732285,0.0032974334352951244,0.8176695605100421,-0.34688944756117446,0.2921335365415175,-0.012250036567983161,0.0005144686269886733,0.0030074934102231055,-0.12633834994630888,17863,944000000,12.54,0,2,3,2.687999952969372,-0.8814145878331552,4.96930676395979,26.27820658683777
6.193845000000003,0.0,5.0,3.3544010887207167,1.173500314733173,4.968952853975826,-0.5558378149510115,-0.0050835033283152895,0.003189808240853194,0.8312690939688439,-0.3030141197057944,0.2891490595521069,-0.010884338781681435,-0.00048637545546625915,0.0002423542554197411,-0.10862453855224885,17864,343000000,15.18,0,2,3,2.687999952969372,-0.8814145878331552,4.96930676395979,26.76320791244507
6.386040000000003,0.0,5.0,3.4670587491815197,1.2139999572016151,4.9673703704044225,-0.5429005043922527,-0.004925116740322492,0.003262886325586924,0.8397762434890367,-0.24289630690725747,0.29435155945351144,-0.008677653796953646,-0.0003181674685492908,-0.0015585959999953047,-0.1009335472190287,17864,745000000,17.75,0,2,3,3.1647338187699567,-1.1271373900799326,4.963453070414583,27.134196281433105
6.579375000000004,0.0,5.0,3.575239901667427,1.233812648996574,4.966358199152708,-0.5303769541777161,-0.004589617887318681,0.003470785413560249,0.8477423992778879,-0.1874640041059905,0.3031454293177447,-0.006549873076113449,-1.5646372908406647e-05,-0.002372197741351556,-0.09627272374927998,17865,50000000,19.44,0,2,3,3.1647338187699567,-1.1271373900799326,4.963453070414583,27.47974991798401
6.773760000000003,0.0,5.0,3.659383228893313,1.2371455035111723,4.96591422466255,-0.5209146714844812,-0.004304938718811539,0.003661546650519293,0.8535900454029255,-0.1544139297552932,0.3115637086183336,-0.005127634136182229,-0.00018397321071006445,-0.0022728291696694214,-0.08310297562275082,17865,338000000,21.08,0,2,3,3.1647338187699567,-1.1271373900799326,4.963453070414583,27.8022563457489
6.773760000000003,0.0,5.0,3.7493593836964108,1.2309649769275515,4.965775370867012,-0.5132705765648996,-0.004035831605503527,0.0038301856279866846,0.8582088073272393,-0.12857838536526928,0.32282361317285607,-0.003786697451161837,0.00011311304533023758,-0.0018638569486029155,-0.058556795192998834,17865,587000000,22.31,0,2,3,3.1647338187699567,-1.1271373900799326,4.963453070414583,28.110451221466064
6.969105000000003,0.0,5.0,3.846077891603255,1.2158792082442293,4.96595569279065,-0.5071050091481478,-0.003811934455790639,0.003972680739212969,0.8618666930914002,-0.11013968281793898,0.3337557763922935,-0.0026772670313409824,-0.00042044925976369996,-0.0014146600392450637,-0.043667390855262056,17865,851000000,23.29,0,2,3,3.538204122223606,-1.2093006635819534,4.96046798847002,28.442240476608276
7.165320000000004,0.0,5.0,3.9564593183964596,1.1912492102819199,4.966522019433103,-0.501816701531392,-0.003583555430810911,0.004029623584754592,0.8649571771645076,-0.09694649270696984,0.3425065543842446,-0.0015835763420294752,-0.0005800309850201302,-0.0010442696407153562,-0.03800758277066052,17866,135000000,24.06,0,2,3,3.538204122223606,-1.2093006635819534,4.96046798847002,28.814798831939697
7.165320000000004,0.0,5.0,4.067424144160728,1.161541229367403,4.967369641187998,-0.49667571882203876,-0.003394182960764677,0.004043967447439326,0.8679201323750498,-0.09202433108149939,0.350450571586387,-0.0008110724940145071,-0.0004739354835692211,-0.0006483749302788056,-0.030489701020997018,17866,454000000,24.74,0,2,3,3.538204122223606,-1.2093006635819534,4.96046798847002,29.17612624168396
7.362315000000003,0.0,5.0,4.165654705230143,1.1330558865193119,4.968291641735944,-0.493611090097979,-0.003284304552966788,0.004030314132815257,0.8696672131590789,-0.09092468955549943,0.3557688005551545,-0.00027199411457721155,-0.0007091453312568774,-0.00048095186571117665,-0.020363863404782023,17866,770000000,25.4,0,2,3,3.538204122223606,-1.2093006635819534,4.96046798847002,29.498963594436646
7.560000000000004,0.0,5.0,4.257337818785547,1.1055320818594376,4.969260271700031,-0.49159000565816213,-0.003180662534002334,0.003995148093848075,0.8708117985618711,-0.09121086617641141,0.35782652835186557,8.623362677025492e-05,-0.0006062292186470586,-0.0003524992990833198,-0.020390328791108914,17867,56000000,25.79,0,2,3,3.9703488179592865,-1.0767742191271295,4.962144948644311,29.79840064048767
7.758285000000004,0.0,5.0,4.3496364499138265,1.0777787043413516,4.970265626499789,-0.4885354706342676,-0.0031070392388638977,0.003950737577828658,0.8725295593341887,-0.09567042841506478,0.35987723363458585,0.00016542088644109102,-0.0005896975835639751,-7.393723748805314e-05,-0.03402457368792966,17867,312000000,26.07,0,2,3,4.0680565184884845,-1.0400066466829827,4.9627480204906815,30.10530972480774
7.758285000000004,0.0,5.0,4.46486796961923,1.043989617531004,4.9715156379035825,-0.48291921707022645,-0.003035578117343976,0.0038820780566634267,0.8756510403806615,-0.10563784946080976,0.36345665405373107,0.0001794667645305133,-0.0006563922795521648,0.00011813956604100895,-0.0387177260563476,17867,575000000,26.49,0,2,3,4.0680565184884845,-1.0400066466829827,4.9627480204906815,30.455190658569336
7.957080000000003,0.0,5.0,4.575036681900589,1.0129753627121985,4.972663889604697,-0.4781863934325151,-0.0029981776288875717,0.0038153157263889834,0.8782449700583644,-0.11473065321137843,0.3658761085798659,8.414534311344408e-05,-0.0004431201517718364,0.00018039193605545734,-0.03392165417608339,17867,877000000,27.25,0,2,3,4.289847224645494,-0.9569861411059751,4.96400398586657,30.851553678512573
7.957080000000003,0.0,5.0,4.694139540773289,0.9816963943465998,4.973827582833687,-0.4729496754000276,-0.002978073544038505,0.0036695121716059406,0.8810767675392406,-0.13810823286860974,0.36119302503699197,-0.0003093145963398371,-0.0019827739379252307,0.0016363385839213151,-0.0518680848472286,17868,195000000,27.87,0,2,3,4.289847224645494,-0.9569861411059751,4.96400398586657,31.24515962600708
8.156295000000004,0.0,5.0,4.817199869031364,0.9612326548652869,4.974718381085249,-0.4636599105644733,-0.003130275210778117,0.00325435380651747,0.8860017482453132,-0.18724816348208811,0.34626378032244015,-0.0011365731804757182,-0.001958955499503645,0.0029027844220763654,-0.07636210648342967,17868,505000000,28.57,0,2,3,4.531304542714863,-0.8886816116441524,4.964819161051281,31.63982844352722
8.355840000000004,0.0,5.0,4.936922802914579,0.9553581442823327,4.9752269500998345,-0.45357141171990734,-0.0034244158588168714,0.0029136402405835287,0.8912085942959621,-0.2562826237036185,0.3224587828576482,-0.0032997363137763714,0.0002978930865538132,0.003740194983947731,-0.05492703421623446,17868,826000000,29.77,0,2,3,4.655413641084854,-0.8934444123778115,4.9648558415025,32.009825706481934
8.555625000000004,0.0,5.0,5.074409935243818,0.9772636174682945,4.974587795951633,-0.4486067584823484,-0.004076401390438978,0.002768093965501264,0.8937156689078813,-0.3571434032095845,0.2897824369507165,-0.008327414157423893,0.0016478844599987497,0.004439084068508237,-0.018005285710387398,17869,126000000,31.06,0,2,3,4.772636080739436,-0.9239947530076024,4.964697134385929,32.38351082801819
8.755560000000003,0.0,5.0,5.231021831082252,1.0292027594833095,4.972515397129092,-0.4466568948759806,-0.004848628229269535,0.0027141202640013247,0.894688070008332,-0.4268089832442161,0.2682708222597835,-0.012546082518733218,0.001610064089163643,0.0037643867244696594,-0.015176775832514977,17869,438000000,31.54,0,2,3,4.898493538985837,-0.9765274517552699,4.964323335330143,32.80024480819702
8.755560000000003,0.0,5.0,5.392934454491378,1.0933618384967834,4.9697929577447795,-0.44279246356476504,-0.0053988297051514415,0.0028054532029452503,0.8966034888847951,-0.4245328307618107,0.27251142831516606,-0.013419083132935248,0.0020749621853610734,0.0009761554906617675,-0.04663276922656223,17869,780000000,31.52,0,2,3,4.898493538985837,-0.9765274517552699,4.964323335330143,33.228920698165894
8.955555000000006,0.0,5.0,5.542883430867454,1.1387835454515562,4.967569275765003,-0.43384807306837386,-0.00548452551070912,0.003172185580222969,0.9009637654830662,-0.37409942138369695,0.2910460410681595,-0.011914331734986527,0.002580686259534559,-0.0012848025903622329,-0.08317230895045213,17870,132000000,31.67,0,2,3,5.170073506731356,-1.1138257044818969,4.963136521096927,33.62578225135803
9.155520000000006,0.0,5.0,5.6962307554281635,1.1649615630951295,4.965740502123929,-0.4187989911091799,-0.005300649349191713,0.0037159588976504207,0.9080558902467848,-0.3224438939655108,0.3062946252010341,-0.010185451590334335,0.0018140524389309576,-0.00203381734991126,-0.10950511932605878,17870,447000000,32.5,0,2,3,5.298362416646456,-1.1587073514036934,4.962683871310757,34.04231071472168
9.355365000000004,0.0,5.0,5.826839753239366,1.1714752351121973,4.964518655518607,-0.4035073394541172,-0.00505249489904961,0.004122867667147017,0.9149531688912574,-0.2899707237021655,0.31720738047862046,-0.008996131703427022,0.0011490500810396043,-0.0018963746356348565,-0.10779288568301126,17870,778000000,34.15,0,2,3,5.298362416646456,-1.1587073514036934,4.962683871310757,34.43626379966736
9.555000000000007,0.0,5.0,5.9628741901716005,1.1650535843744296,4.963519672838652,-0.38849166209264685,-0.004792093279613126,0.004454594364716375,0.9214290102419924,-0.2680137099441317,0.3277961346682067,-0.008013286415589124,0.0007520886526890536,-0.0015236308627208928,-0.0962792633799836,17871,93000000,35.92,0,2,3,5.560825852338937,-1.1680759170412358,4.9619116516076724,34.84005618095398
9.555000000000007,0.0,5.0,6.097237106775607,1.1487173661887624,4.962812688652259,-0.3747386453485819,-0.0045659363767087775,0.004691626247824448,0.9271073770337848,-0.2579339928749981,0.33612580498090294,-0.0072036274067041415,0.0003713880971645267,-0.0010894197430388886,-0.09206924878526479,17871,408000000,37.69,0,2,3,5.560825852338937,-1.1680759170412358,4.9619116516076724,35.24877405166626
9.754335000000006,0.0,5.0,6.247956650337121,1.122517703290495,4.96227011083042,-0.35949282142222766,-0.0043394027214594625,0.004840073838678124,0.9331252084340789,-0.2552933945878692,0.3400556706323243,-0.006494593846217221,-0.0002620962163746299,-0.0008530881757451425,-0.08794837194727734,17871,734000000,39.33,0,2,3,5.560825852338937,-1.1680759170412358,4.9619116516076724,35.675700187683105
9.953280000000005,0.0,5.0,6.389538187533848,1.0930040291235927,4.961952606993817,-0.34580059929804513,-0.0041363728740531095,0.004908496465045491,0.9382860665101087,-0.25743506987278497,0.3394823283571035,-0.0060352118530135335,-0.0002105548588815509,-0.0005593611717813474,-0.08495180300087668,17872,77000000,41.17,0,2,3,5.9913156976738,-1.0651625307752344,4.9611521917344925,36.09880709648132
10.151745000000005,0.0,5.0,6.531267124093928,1.0608999878099439,4.961708667139156,-0.33404904147628195,-0.003989842399553443,0.004950111528548936,0.9425342516016373,-0.26461169246836425,0.3382217483944546,-0.005716532660042151,-9.656583657147166e-05,-0.00041365370009316393,-0.040550754420110025,17872,429000000,42.83,0,2,3,6.140987183262216,-1.019197539646412,4.960813139352695,36.50922513008118
10.349640000000004,0.0,5.0,6.674655765662805,1.0281522153292533,4.961595040012439,-0.3322041040303735,-0.003926134086310609,0.0049746049088475585,0.9431862340187719,-0.27230254142128113,0.34103484409965856,-0.005400216994710821,1.7076505542945597e-05,-0.0002626554930884595,0.023415477880917024,17872,762000000,44.24,0,2,3,6.140987183262216,-1.019197539646412,4.960813139352695,36.92662858963013
10.546875000000004,0.0,5.0,6.812470421169911,0.9984672543936585,4.961561514046343,-0.3375570414979753,-0.003953057212267849,0.00501053712712994,0.9412834384984728,-0.27917814016897846,0.34556937222509115,-0.005381449244024889,0.0005987742895285919,6.147635112085936e-05,0.028400551855156664,17873,106000000,44.44,0,2,3,6.443466588015647,-0.9249975734868149,4.959705029550086,37.336057901382446
10.546875000000004,0.0,5.0,6.944663146162617,0.9742093079581366,4.961484658650454,-0.3413981508462963,-0.003973690919217936,0.004733075602016405,0.9398984574806756,-0.30865833039131363,0.3328168157063891,-0.006253295121126279,-0.006442720587074291,0.0023643288614039193,0.05051936095696874,17873,429000000,43.75,0,2,3,6.588406171853683,-0.8817658308904898,4.958985643355279,37.69847345352173
10.743360000000003,0.0,5.0,7.074436177213545,0.9682492072807306,4.9607962498580465,-0.3508338555626707,-0.0042398598817081565,0.0037839949319096473,0.9364204775428451,-0.3719195490073279,0.2989527218616357,-0.009241815168023733,-0.005307315586833283,0.004895474194199778,0.08649252849863842,17873,735000000,43.22,0,2,3,6.7261090016321505,-0.8435276504801034,4.958369396489716,38.04648566246033
10.939005000000002,0.0,5.0,7.222222823079675,0.9894638479167039,4.958720277142038,-0.36413490303162754,-0.004836158555320929,0.0027731862892074882,0.9313295299744234,-0.45052808253011306,0.2582759917187111,-0.014769532813233482,-0.004653669884646661,0.0062966418227006216,0.1011707674479112,17874,16000000,42.27,0,2,3,6.865149101886658,-0.8268517484313272,4.9579203855716,38.3798041343689
11.133720000000002,0.0,5.0,7.4202566434544845,1.052159709043074,4.954042250530023,-0.3819586641484862,-0.005835834376960391,0.0018289812369011414,0.9241591728412717,-0.5220153622025568,0.23033085310583817,-0.021449042045565782,-8.460503906349004e-05,0.005840685753355501,0.0948853514273651,17874,299000000,40.2,0,2,3,6.865149101886658,-0.8268517484313272,4.9579203855716,38.84832406044006
11.133720000000002,0.0,5.0,7.64675625183453,1.148392468441386,4.947315631737267,-0.39623361699726883,-0.006917108359649642,0.0017924871995029976,0.9181219207506386,-0.5373499321146302,0.23623613668282967,-0.023736182457231823,0.0036745443367180997,0.0024265460979222553,0.03846875042654574,17874,681000000,37.72,0,2,3,6.865149101886658,-0.8268517484313272,4.9579203855716,39.36360812187195
11.327415000000002,0.0,5.0,7.839849199128627,1.2248329545430046,4.942143307787701,-0.39714122512739075,-0.007347322900657052,0.0024658230488653937,0.9177247865603284,-0.4890466252480817,0.261047594295582,-0.020775798391801357,0.005085080510980333,-0.001737265313295211,-0.0492997067340184,17875,97000000,35.66,0,2,3,7.365661736853954,-0.9421299807687066,4.958543153762989,39.81653380393982
11.520000000000007,0.0,5.0,8.003757190786803,1.2699654041640187,4.938798919886561,-0.38534932655454074,-0.007148151899164927,0.0033376297627520876,0.9227370485007933,-0.4258761691753602,0.2806433387186752,-0.016374427312715392,0.003502898198348703,-0.0034315297853027005,-0.11418467256589793,17875,465000000,35.35,0,2,3,7.5308900154658724,-1.0124418319641344,4.9595618507341275,40.22406983375549
11.711385000000007,0.0,5.0,8.15915293953318,1.2927308592298645,4.9366545536713415,-0.36617575897846105,-0.006682780818571332,0.004067132815285402,0.9305128222693879,-0.37401770126369577,0.2935676351121801,-0.012179832662345035,0.0017510872908133024,-0.003817476681433618,-0.12776127696270123,17875,790000000,36.73,0,2,3,7.5308900154658724,-1.0124418319641344,4.9595618507341275,40.61974740028381
11.901480000000008,0.0,5.0,8.30744622420218,1.2964667306560058,4.935588580185137,-0.3481933185936297,-0.0061140611056582925,0.0045949196239893865,0.9373915499177492,-0.3363184713523475,0.30672489347069465,-0.008658487824501624,0.0007370740036094503,-0.00356024254415388,-0.11149952551932074,17876,104000000,39.01,0,2,3,7.8211874202386795,-1.0998081854515704,4.961864366846363,41.0189254283905
12.090195000000008,0.0,5.0,8.459745166190112,1.284513022886991,4.935389214039787,-0.3313081005499839,-0.005541111656203872,0.004955932429214174,0.9434933371918066,-0.3120596759046418,0.3186280568393043,-0.005805626290095054,7.492933420394365e-05,-0.0028037033416694612,-0.10190507091465406,17876,430000000,41.14,0,2,3,7.9652773604630855,-1.1035466972776715,4.962863574891947,41.428173780441284
12.277440000000006,0.0,5.0,8.60032182473934,1.262767974041106,4.935898159888081,-0.31634991801667434,-0.0050725134716463295,0.005128928615610998,0.9486151448660197,-0.30194407644265436,0.3260652945325034,-0.00368778474459736,-0.0007350388329996349,-0.002254116679978324,-0.09300239180447534,17876,765000000,43.15,0,2,3,7.9652773604630855,-1.1035466972776715,4.962863574891947,41.82862901687622
12.277440000000006,0.0,5.0,8.731206515297574,1.2362377847246124,4.936856240287634,-0.30365045725216727,-0.0046792456600077805,0.0051839934652622805,0.9527579076986741,-0.30054732718693156,0.3302222334804111,-0.002148137435369422,-0.0008105144104320061,-0.0018101031173500814,-0.08588822456658818,17877,89000000,44.94,0,2,3,7.9652773604630855,-1.1035466972776715,4.962863574891947,42.20625138282776
12.463125000000007,0.0,5.0,8.870923105270684,1.2039440610628858,4.938239004988508,-0.29091923232905237,-0.0043214232976365565,0.005172096660723608,0.9567238760362833,-0.30390675520424915,0.3301835243178331,-0.0009425229666889929,-0.0013559793160311528,-0.0014344913097374956,-0.07941313087940216,17877,395000000,46.46,0,2,3,7.9652773604630855,-1.1035466972776715,4.962863574891947,42.58010292053223
12.647160000000005,0.0,5.0,9.001599510294396,1.171599587927921,4.939767310895378,-0.2796658404583555,-0.004028764455337974,0.0051085032446501625,0.9600753563821353,-0.3083576619387979,0.32646146305119894,-0.0001011399776201502,-0.0009671316888670844,-0.0010465101581758063,-0.08210730811697431,17877,703000000,47.98,0,2,3,7.9652773604630855,-1.1035466972776715,4.962863574891947,42.95852589607239
12.829455000000008,0.0,5.0,9.12358777500299,1.14053997120318,4.9413093410705455,-0.2680634168885462,-0.0038162691415651183,0.005065005501194607,0.9633803954488326,-0.3157840676110487,0.3211307834835664,0.0003237303454569732,-0.0008713677004834608,-0.0006521449904539622,-0.09030098517541774,17878,10000000,49.33,0,2,3,7.9652773604630855,-1.1035466972776715,4.962863574891947,43.29159450531006
12.829455000000008,0.0,5.0,9.237283866516773,1.1113938950028461,4.942755783212978,0.2563350238476871,0.003667772490601748,-0.005030775770092052,-0.9665679460281693,-0.3251975305585427,0.31495486401179973,0.000393548984837199,-0.0005732233148592059,-0.0003408751723554815,-0.09647488259361126,17878,279000000,50.7,0,2,3,7.9652773604630855,-1.1035466972776715,4.962863574891947,43.61381959915161
13.009920000000006,0.0,5.0,9.448662503108325,1.0576590850647214,4.945326175215324,0.23378549327368248,0.003462337753721109,-0.004978032196315761,-0.9722692911675819,-0.3415815310186472,0.30008922632328444,0.00029449504839181164,-0.0006090050078455533,-0.00018361091207452773,-0.09403753574588336,17878,541000000,52.09,0,2,3,7.9652773604630855,-1.1035466972776715,4.962863574891947,44.229490995407104
13.188465000000008,0.0,5.0,9.651231788625775,1.005261972884158,4.947632679708314,0.2134037823526052,0.003309112873805274,-0.004975736184386013,-0.976945810932732,-0.3511006074479646,0.2900172168475576,5.2873045035564884e-05,-0.0001363327442049922,-7.669328496717753e-05,-0.08661153333378024,17879,36000000,54.76,0,2,3,9.176677968420575,-0.8281311446156291,4.962205746854338,44.76625680923462
13.365000000000007,0.0,5.0,9.801161607461744,0.9641986538657525,4.9491216374939295,0.2000553762803291,0.0032155526114298776,-0.004851005105326545,-0.9797673062478699,-0.3598390526464287,0.2897566470819424,-0.0013227605200239203,-0.0021097548142279265,0.0003462477764060168,-0.06577151580131613,17879,480000000,57.28,0,2,3,9.176677968420575,-0.8281311446156291,4.962205746854338,45.197848081588745
13.539435000000006,0.0,5.0,9.990303678307292,0.9087423601046041,4.949916717776873,0.18834769216538394,0.003235360729293309,-0.004526919978600161,-0.9820866490755447,-0.37145454142251066,0.2969004652009447,-0.0040044181620484814,-0.0013046785397818894,0.0010012551001636893,-0.05246325999905821,17879,834000000,59.1,0,2,3,9.560932579506538,-0.7840562260428217,4.960927540998274,45.68597602844238
13.711680000000007,0.0,5.0,10.173571119373687,0.8510409702156805,4.94982756520716,0.1781526974213145,0.003366152225481731,-0.004352182254131826,-0.983987471429556,-0.37870985441397764,0.3017135136470321,-0.00596146942454723,-0.0004996051870875817,0.0010823249454006145,-0.05166250157344621,17880,240000000,60.79,0,2,3,9.76221128933044,-0.8246790743698598,4.96255751200462,46.18471550941467
13.881645000000006,0.0,5.0,10.339812767992099,0.795333331771216,4.949179973598039,0.1689227278203831,0.0035092871282447645,-0.004318697437341261,-0.985613588472692,-0.3828160538337257,0.30455577399888506,-0.007445893097121044,0.00014202826150722103,0.001102648684536689,-0.05268526256259065,17880,648000000,62.21,0,2,3,9.951483086703488,-0.8898031442239386,4.9653231293675075,46.64716339111328
14.049240000000006,0.0,5.0,10.53401094899294,0.7257555465658273,4.947902995749838,0.15792533662155572,0.003702613670805022,-0.0043797957216030825,-0.987434400906921,-0.3851513785295912,0.30702400393353846,-0.0089331816552192,0.0004151838879806746,0.0011818855455203447,-0.05314430600265041,17881,11000000,63.37,0,2,3,10.118451518531836,-0.9606663367799053,4.968452465136343,47.146169900894165
14.214375000000006,0.0,5.0,10.709049190490184,0.6584643576291085,4.946362347325031,0.1479752056921399,0.003899544060766011,-0.00449126101746239,-0.988973184990857,-0.38546086808886865,0.30887688694316573,-0.009860129276526741,0.0007244049299970357,0.0012815479067285196,-0.05249317146081012,17881,420000000,64.61,0,2,3,10.308902047609875,-1.0509526087153602,4.972614814870657,47.64283204078674
14.376960000000006,0.0,5.0,10.90094807795598,0.5792086570519711,4.944487502466473,0.13721044878185984,0.004132522624997643,-0.004629234087686024,-0.9905224809127736,-0.38441177119564773,0.31098343875074386,-0.010453608557291758,0.0005657357291966036,0.0013056817806500476,-0.050614005886018276,17881,816000000,65.6,0,2,3,10.308902047609875,-1.0509526087153602,4.972614814870657,48.16070795059204
14.536905000000008,0.0,5.0,11.09089593264641,0.4948148161484522,4.942523141133776,0.1268352028040624,0.004353778731655555,-0.004779068323543835,-0.9919027353759877,-0.38366147018175245,0.3135498445544439,-0.010896813540913831,0.0007622112491389998,0.00113704332989073,-0.04892869837931357,17882,231000000,66.56,0,2,3,10.65671511949942,-1.231973280092217,4.981481426890336,48.67493033409119
14.694120000000009,0.0,5.0,11.288073919601686,0.4010006483627588,4.940430373563073,0.11666705604468214,0.004530312009675808,-0.004945683644417629,-0.9931484352906423,-0.38276250762848407,0.31656106141418955,-0.011215076524909903,0.0006199750487212441,0.0007628055072927964,-0.04263279515726026,17882,644000000,67.4,0,2,3,10.65671511949942,-1.231973280092217,4.981481426890336,49.23249363899231
14.84851500000001,0.0,5.0,11.439062789834447,0.324872209671223,4.938824101486298,0.10969712587884956,0.00462868017019289,-0.005081616148897181,-0.9939412925676832,-0.3822390718673815,0.3194268809345488,-0.011219825632127207,0.0008297853355543339,0.0007849239011648024,-0.039944564196048304,17883,88000000,68.1,0,2,3,11.019090886287021,-1.3940153647049158,4.991635501346417,49.69156527519226
15.0,0.0,5.0,11.597998302180004,0.24094376927616248,4.937236214158984,0.1027715083631009,0.0047462117330330095,-0.005226606075102761,-0.9946799350202526,-0.3820771533245593,0.3223774943734231,-0.011220516706385587,0.0006374357383265306,0.0007811790283085429,-0.03661031551018823,17883,423000000,68.48,0,2,3,11.019090886287021,-1.3940153647049158,4.991635501346417,50.16097927093506
15.0,0.0,5.0,11.74712863310169,0.15881628390086033,4.9357571709626535,0.09676750053897892,0.0048529899114223025,-0.0053639140076826245,-0.9952807281138705,-0.38195187705136735,0.32516614463294363,-0.011398784633529307,0.0008564264078358974,0.0007570930904421402,-0.034539818079792894,17883,779000000,68.8,0,2,3,11.308030692823404,-1.5037386238663775,4.99986766257236,50.619492292404175
15.0,0.0,5.0,11.886831636340641,0.07904112130882598,4.934377033779681,0.0913485963869346,0.004948427602174252,-0.005490633976208101,-0.995791544421292,-0.3822279967519783,0.3277248613278994,-0.011600634083735548,0.0005109009237003193,0.0006881854062612547,-0.033155386336147785,17884,124000000,69.05,0,2,3,11.308030692823404,-1.5037386238663775,4.99986766257236,51.05600929260254
15.0,0.0,5.0,12.03462693596147,-0.00815584551072024,4.932893728841894,0.08586795414574805,0.005047222945442235,-0.005620739995483109,-0.9962778865724491,-0.38341606542401446,0.3306194725661189,-0.011791655308161056,0.0009387160218921053,0.0008541132729078527,-0.031269905957742594,17884,447000000,69.26,0,2,3,11.308030692823404,-1.5037386238663775,4.99986766257236,51.53070592880249
15.0,0.0,5.0,12.199803282012766,-0.10861146704034592,4.931294227260666,0.08051548086804033,0.005202163697581393,-0.005792922703109719,-0.9967229489080742,-0.38653697420284067,0.3344553352562579,-0.01188774510534761,0.0008152350005730113,0.0009693519928077876,-0.021755391026090365,17884,793000000,69.28,0,2,3,11.308030692823404,-1.5037386238663775,4.99986766257236,52.042051792144775
15.0,0.0,5.0,12.365371349556206,-0.21153709049217895,4.929798397066966,0.0772577123515592,0.005363453822292147,-0.005877526826576752,-0.9969794049646674,-0.3882650842989466,0.3356823980719867,-0.011724381019517645,3.707001319241954e-05,0.0008573531658839784,-0.01219354953718721,17885,159000000,68.78,0,2,3,11.867845733253573,-1.665097999262876,5.013525404829208,52.552325963974
15.0,0.0,5.0,12.57392422693152,-0.34217925775745694,4.9280837502336,0.07587270101217719,0.005424475514624062,-0.005883045107296567,-0.9970854016014743,-0.3870599947865398,0.3342906252538683,-0.011695435083600245,6.888110917202539e-05,-0.0004313866782013065,0.0019025499227609544,17885,547000000,67.68,0,2,3,11.867845733253573,-1.665097999262876,5.013525404829208,53.19224834442139
15.0,0.0,5.0,12.738353533336099,-0.44544841642839705,4.92666394072882,0.07679922054629018,0.005357033900528024,-0.005919687035456134,-0.9970146133415865,-0.3859855745882461,0.334561152463985,-0.011744421703739365,0.00031267183828731504,-0.0001624114972287316,0.008277644155896269,17886,26000000,65.87,0,2,3,12.19040339744368,-1.7236104556556457,5.019637258036872,53.71134948730469
15.0,0.0,5.0,12.88562215807395,-0.5377087667819992,4.925391893472092,0.07869423206268422,0.005357229145777208,-0.005952727622091621,-0.9968666324889208,-0.38575376614309287,0.33553171817588456,-0.011806961042873964,0.0001945994398511175,-0.00012445997867871483,0.01676474348641932,17886,413000000,64.27,0,2,3,12.330257589893398,-1.7780370515683401,5.023492290240776,54.155092000961304
15.0,0.0,5.0,13.05083554566353,-0.6404139791196531,4.92393865958466,0.08295190065771496,0.005356409581306777,-0.006026508535707181,-0.9965209341747613,-0.3856671765912866,0.33777417598062404,-0.011887328884327763,0.0008350439202331472,-0.00026675066919779056,0.02941475177067332,17886,749000000,62.51,0,2,3,12.330257589893398,-1.7780370515683401,5.023492290240776,54.6634361743927
15.0,0.0,5.0,13.217250492853193,-0.7421791918731467,4.922557016287697,0.08947190155347962,0.00536523963918106,-0.006078262239573069,-0.9959563483226389,-0.38499907155371343,0.33893316728354117,-0.011433126556914391,3.8455556250482914e-05,-5.1484176211147314e-05,0.04070553513884079,17887,120000000,59.98,0,2,3,12.57204109515856,-1.9104396821446032,5.030439329053372,55.19308543205261
15.0,0.0,5.0,13.384796238342476,-0.8414601837698761,4.921412356660115,0.09923269456428885,0.005375631719686282,-0.006043216341722681,-0.9950313836504715,-0.38344144672114416,0.3391997790647346,-0.011004347600100233,0.000258639474282063,-0.0007888688344337424,0.0718669114576187,17887,504000000,56.82,0,2,3,12.686012503497897,-1.9879076776986868,5.033589191082885,55.70586705207825
15.0,0.0,5.0,13.554063116605622,-0.9370449640074099,4.920311256003227,0.11574528924631539,0.005270469973022468,-0.006013141766581168,-0.9932467429041212,-0.37968321041569963,0.3415088486314148,-0.010794357862613242,0.00012845445525044852,-0.0015408668673444481,0.10594561754260212,17887,880000000,52.92,0,2,3,12.686012503497897,-1.9879076776986868,5.033589191082885,56.24165916442871
15.0,0.0,5.0,13.71617185638551,-1.0224327795306491,4.919326860311734,0.13605847244599084,0.005122541597358972,-0.005891613364452086,-0.9906700462491085,-0.3735379728748264,0.3398776665321435,-0.010135090784565646,-0.0008795340363576543,-0.001264707702830492,0.11855753837153316,17888,266000000,48.08,0,2,3,12.686012503497897,-1.9879076776986868,5.033589191082885,56.736411809921265
15.0,0.0,5.0,13.851708334865902,-1.087460726537274,4.918640557090599,0.15374539700407314,0.005030095626801712,-0.005684426830415991,-0.9880813419600911,-0.36785688422774515,0.3344206101189976,-0.009490959157733547,-0.0011963821748395276,-0.001317660974109458,0.1160454863565974,17888,618000000,42.71,0,2,3,12.686012503497897,-1.9879076776986868,5.033589191082885,57.169981479644775
15.0,0.0,5.0,14.014565627784284,-1.1576561256175517,4.917832201958813,0.17380376450561058,0.0048678574584153115,-0.005424324146695682,-0.9847533356709153,-0.3627531564451893,0.3272714631895363,-0.009243617744171446,-0.0010310725087947503,-0.0013394965321822383,0.11080875046900474,17888,932000000,38.08,0,2,3,12.686012503497897,-1.9879076776986868,5.033589191082885,57.65842604637146
15.0,0.0,5.0,14.205219294451354,-1.229102104495631,4.916711822412046,0.19676706820457074,0.004718192226266944,-0.005195618700874809,-0.98042514506647,-0.359471360629504,0.3206884390492472,-0.00942026943769186,-0.0005506603599769733,-0.0010271484597978997,0.11313680224702694,17889,285000000,32.59,0,2,3,13.096574636467192,-2.341269021438995,5.046232222312064,58.22223687171936
15.0,0.0,5.0,14.35132470790135,-1.2762687295930726,4.915704446776756,0.21492218653805184,0.004654935339610407,-0.005019406042556111,-0.9766071835050502,-0.3574987344289564,0.31664397053599824,-0.009419659925421384,-0.0011860343761327385,-0.0006460887050252495,0.12302056420594454,17889,708000000,26.28,0,2,3,13.157368655902545,-2.412830220872205,5.0502918532001555,58.665656089782715
15.0,0.0,5.0,14.49796056294653,-1.316914882961901,4.914687671756213,0.23519405859943632,0.004639546028111483,-0.004801585742937469,-0.9719254982695591,-0.3552039328880491,0.313728794959476,-0.009216185013893109,-0.0005651478716117708,-0.0006168938796236034,0.13886444503441453,17890,25000000,21.62,0,2,3,13.197011017549897,-2.465209506122762,5.053885838859387,59.11746954917908
15.0,0.0,5.0,14.654648605409228,-1.352755383203181,4.913580786071547,-0.25915234841916174,-0.004625199276048088,0.004647854184100709,0.9658141981209292,-0.35313476777854186,0.3127732665833474,-0.009172964966623481,-0.0002927652417383797,-0.0008438579470748664,0.1515054638730362,17890,344000000,16.94,0,2,3,13.230087949422002,-2.515285773909229,5.057980283490197,59.59686732292175
15.0,0.0,5.0,14.858751066298112,-1.3874324075788471,4.912091757849903,-0.29216049328519295,-0.004573452807216773,0.004501112481161314,0.9563477765327866,-0.35015497302153153,0.3123315946157711,-0.009130308383029435,-0.00015586728494554336,-0.0010243699989587185,0.160078689805232,17890,689000000,11.85,0,2,3,13.230087949422002,-2.515285773909229,5.057980283490197,60.17939853668213
15.0,0.0,5.0,15.045021653415407,-1.4028328283348543,4.911048876881978,-0.3161455135939137,-0.004460668181183839,0.00425881298874057,0.9486906656997025,-0.3163753059781679,0.23113888341094105,-0.004385776692920464,-0.0023338825712926337,-0.0007404680161471333,0.04433289941516705,17891,120000000,6.12,0,2,3,13.230087949422002,-2.515285773909229,5.057980283490197,60.769449949264526
15.0,0.0,5.0,15.143633292398471,-1.3937489229977,4.91161015624029,-0.3193093260637202,-0.004201234330215466,0.00397208943269532,0.9476329069974164,-0.2831179602034564,0.14552420056230267,0.001233597605419389,-0.0022301775970845483,-0.002489606868039118,0.00594167991039285,17891,542000000,4.96,0,2,3,13.230087949422002,-2.515285773909229,5.057980283490197,61.16800856590271
15.0,0.0,5.0,15.21535706033343,-1.3744489888635594,4.913358350186195,-0.3189061059955703,-0.0036812220144872764,0.003842504205690928,0.947771375029153,-0.2479624319143352,0.07510752918688668,0.007050726316951988,-0.0022340318992064567,-0.003973766706621973,-0.0085214634964359,17891,830000000,5.44,0,2,3,13.230087949422002,-2.515285773909229,5.057980283490197,61.53185749053955
15.0,0.0,5.0,15.270227846459107,-1.347284112307852,4.916229370077112,-0.31766748120235017,-0.0030951524550549155,0.003766345473120575,0.948189646673919,-0.21675929219430362,0.017516577064456588,0.012001450802524257,-0.001984255800380197,-0.003988189382653218,-0.010136801029148046,17892,94000000,5.64,0,2,3,13.230087949422002,-2.515285773909229,5.057980283490197,61.87811827659607
15.0,0.0,5.0,15.311129000290059,-1.3140739934776327,4.920057863843729,-0.3165804281609592,-0.002550341274077933,0.0037002285080178156,0.9485550255909236,-0.190031208787308,-0.02857127791498152,0.016049597690775894,-0.0021386304979387205,-0.003538534815561434,-0.006944067899894435,17892,338000000,5.67,0,2,3,13.230087949422002,-2.515285773909229,5.057980283490197,62.270456314086914
15.0,0.0,5.0,15.338706863351437,-1.2793099950912068,4.924291341427457,-0.3160191974890926,-0.0021087746538849704,0.0036151377122939383,0.9487435642296237,-0.16914966192500264,-0.0622133785028436,0.018996260515758666,-0.002142575408470293,-0.00297851561299467,-0.0028374616704240907,17892,615000000,5.64,0,2,3,13.313757508768024,-2.616603499760396,5.087770215449223,62.5865581035614
15.0,0.0,5.0,15.360927635337092,-1.2351524462502572,4.929856109998698,-0.31605878952186883,-0.0016761434361153137,0.0034905110585427912,0.9487317051947314,-0.14841123708728904,-0.09174568559422472,0.021276547547709607,-0.00141890953955226,-0.0023359454189630924,0.00345714945524378,17892,854000000,5.6,0,2,3,13.34763681451293,-2.5678442863625155,5.085602697626584,62.96142506599426
15.0,0.0,5.0,15.374809787479812,-1.1886848815670414,4.935835266900241,-0.3169222037900529,-0.0013635837852125805,0.003435071400755151,0.9484443355667156,-0.13125561385765805,-0.11169830197471138,0.022625076092664485,-0.0007980904285886936,-0.001801439043447317,0.010819486669788603,17893,132000000,5.57,0,2,3,13.380467170975063,-2.509435525819891,5.083353451393879,63.33586597442627
15.0,0.0,5.0,15.382691886766867,-1.137827000758652,4.942505690997376,-0.31903014808017754,-0.0011211612552790092,0.0034269950685519436,0.9477377080807641,-0.11607187483120525,-0.1250715747242511,0.023328372439727976,-0.00039609105897397967,-0.0013313633530742663,0.017172202387882862,17893,402000000,5.59,0,2,3,13.380467170975063,-2.509435525819891,5.083353451393879,63.76378107070923
15.0,0.0,5.0,15.385116394634956,-1.0937157427771396,4.948341227009068,-0.32123935728526865,-0.0009800298786639902,0.003438623350437124,0.946991283350506,-0.10522458525032348,-0.13214750574148834,0.023367938374952105,-5.851613522622756e-05,-0.0009630934869164776,0.01809691129892599,17893,705000000,5.69,0,2,3,13.380467170975063,-2.509435525819891,5.083353451393879,64.13367319107056
15.0,0.0,5.0,15.384403980132634,-1.0500890386212698,4.954109330132336,-0.3234313181015126,-0.0008785546783837831,0.003443595627431173,0.9462449747617948,-0.09577997466390187,-0.13604260973513116,0.022891090675644425,-0.0008969044131390547,-0.0006494546198609896,0.01743134271237068,17893,963000000,5.82,0,2,3,13.380467170975063,-2.509435525819891,5.083353451393879,64.50208330154419
15.0,0.0,5.0,15.380963671861918,-1.0041035378853338,4.960084249716784,-0.3256827999550958,-0.0007818586002904593,0.003339454421283308,0.9454728714007115,-0.0870216580639909,-0.1374736286748681,0.021813743985999966,-0.0011277887551841559,-0.00033258238261169026,0.01669027333264239,17894,231000000,5.94,0,2,3,13.380467170975063,-2.509435525819891,5.083353451393879,64.88017225265503
15.0,0.0,5.0,15.375935274918426,-0.962596506646356,4.965351116246672,-0.32770581164386076,-0.0007094560931823984,0.0032000184247730143,0.9447741304507504,-0.08011401676750358,-0.13704911324360286,0.020612790745900385,-0.0016616207972219854,-0.00014891232638092333,0.01627403744350886,17894,498000000,6.08,0,2,3,13.380467170975063,-2.509435525819891,5.083353451393879,65.26913714408875
15.0,0.0,5.0,15.369043625084844,-0.9193008268570817,4.970637480148919,-0.32983192830015934,-0.0006324152110100353,0.002988753094538897,0.9440347273695704,-0.0736337725450901,-0.1354709163479968,0.019021894608631178,-0.0017525445628052694,-1.3150675304274273e-05,0.01590533120179316,17894,775000000,6.21,0,2,3,13.549292496823016,-2.1302546721780105,5.0630430123180785,65.66143226623535
15.0,0.0,5.0,15.362203909059131,-0.883443705266696,4.974828378944853,-0.33160979298713467,-0.000577533877238631,0.002805138553900172,0.9434122867799335,-0.068676210673601,-0.1333440397911096,0.017622801095973795,-0.0013461551020554907,4.3824929107927346e-05,0.015172561506915372,17895,48000000,6.37,0,2,3,13.598921107041413,-2.049595638306618,5.054979502535573,65.99178862571716
15.0,0.0,5.0,15.354099385464654,-0.8459209692489599,4.978980999215683,-0.33330788653843907,-0.0005321910035756487,0.0026475020234272596,0.9428141705962265,-0.06404563871019017,-0.1304092813201324,0.01590767227012618,-0.001333921045443276,2.4638353046668726e-05,0.011041867219319101,17895,288000000,6.52,0,2,3,13.598921107041413,-2.049595638306618,5.054979502535573,66.35438346862793
15.0,0.0,5.0,15.343494154926754,-0.8016195123887513,4.983476255734938,-0.334357239582202,-0.00046128098041092226,0.002417312878384003,0.9424431973107318,-0.05892484691307096,-0.12630760837270283,0.013656171596272675,-0.0018693730908125872,0.00013995755239193386,0.003874700178130297,17895,544000000,6.71,0,2,3,13.68505414617685,-1.9074004267266742,5.039753466895316,66.81351256370544
15.0,0.0,5.0,15.332883701751834,-0.759043830395783,4.987282116197322,-0.3347496693529339,-0.0004537201962454949,0.002171815003750782,0.9423044816966935,-0.06229815919480401,-0.12159208694151262,0.011256305461071302,-0.0008421886207088392,0.0014011465623298136,0.0025867154363368172,17895,875000000,6.92,0,2,3,13.72061933083992,-1.8267430920989918,5.030960497464121,67.25121760368347
15.0,0.0,5.0,15.327530723175135,-0.7204762124806335,4.989892980810925,-0.33529462665018395,-0.0006718398625488666,0.0019370870325230416,0.9421110919974041,-0.09353111235619543,-0.11519860275289662,0.007797297317834179,-0.0018430467775942816,0.0029459702091116924,0.009819982824410545,17896,191000000,7.18,0,2,3,13.72061933083992,-1.8267430920989918,5.030960497464121,67.64895820617676
15.0,0.0,5.0,15.340555147915849,-0.659050045127998,4.991276768548594,-0.33814607254391327,-0.001161881880788011,0.0013805979973064233,0.9410919070966403,-0.16906842035430042,-0.10375966054313754,0.0012772843914353154,-0.002236732666460739,0.0036770769611393916,0.01925944070535479,17896,475000000,7.49,0,2,3,13.725908892855395,-1.7111547658429147,5.0182312822128505,68.12344288825989
15.0,0.0,5.0,15.375194373537527,-0.5816698970397343,4.990735736107068,-0.34191104182587845,-0.0016362932709094978,0.000825519137127591,0.939730536132581,-0.23374536841571641,-0.09187884561026524,-0.00441349388416268,-0.0015469878348994826,0.002915493814725778,0.024199999825214036,17896,821000000,8.18,0,2,3,13.695762756106017,-1.662041770076548,5.012931366262265,68.66395306587219
15.0,0.0,5.0,15.425264850867205,-0.4985591888112697,4.988556739875109,-0.3458430066321733,-0.0019439091928139755,0.00037549113653253554,0.9382903042167039,-0.2544025034331878,-0.08280951791675081,-0.007488660069769705,-0.002073112386824505,0.0016438806142105022,0.017144858611573,17897,211000000,8.99,0,2,3,13.695762756106017,-1.662041770076548,5.012931366262265,69.16366004943848
15.0,0.0,5.0,15.462143693444329,-0.436998566060369,4.986650204296541,-0.3475964829531995,-0.001968788916145537,5.0684938034445534e-05,0.93764215260397,-0.22545175345718774,-0.0806986884121588,-0.007237631188192541,-0.002693234478101658,-0.0004477892673548922,0.00954267861743574,17897,572000000,9.68,0,2,3,13.582335238153728,-1.5974801816836526,5.004751198940291,69.55320692062378
15.0,0.0,5.0,15.489688464287536,-0.38334229091452426,4.984999752293898,-0.34844650743970274,-0.0016342231341886291,-0.0001770449865418236,0.9373272264385013,-0.17608490461690213,-0.08123648019342783,-0.0057433300321873375,-0.0019125249650642218,-0.0023448334331988008,0.004590710159391165,17897,852000000,10.02,0,2,3,13.52940644744975,-1.5837630081441971,5.001615276181124,69.94979095458984
15.0,0.0,5.0,15.508137053735277,-0.3351569910731958,4.983658909367303,-0.34885583127116326,-0.0011968577815460676,-0.00029224296027971887,0.9371755924657922,-0.1299272078021295,-0.08136979025302254,-0.004082445248221554,-0.001768622723830049,-0.002404752763141005,-0.00024422245985533664,17898,134000000,10.22,0,2,3,13.481520717882505,-1.5699701929358734,4.99848414706739,70.35212135314941
15.0,0.0,5.0,15.517155713244515,-0.2951590271737684,4.982716160033099,-0.3483870082279889,-0.0008052609041011735,-0.0003920357501346023,0.9373503562493579,-0.09232700495361444,-0.08098555856899392,-0.002755352584351918,-0.0013348255833989242,-0.002076170926557097,-0.006149877617644961,17898,422000000,10.34,0,2,3,13.456635800837116,-1.5437279476662327,4.995025747379944,70.76001620292664
15.0,0.0,5.0,15.518808634000186,-0.2639672283895024,4.982137564569213,-0.34732440080683147,-0.0004963751661362118,-0.0004565681492953404,0.9377447977789026,-0.0638997878508825,-0.0799958059389003,-0.0017066323903911665,-0.0011891633334926155,-0.0017624673091631848,-0.010161802129005082,17898,727000000,10.34,0,2,3,13.457796395116803,-1.50558462145241,4.991574034170068,71.16595220565796
15.0,0.0,5.0,15.51494823186346,-0.23603047610610592,4.981820058952791,-0.34562576983703386,-0.0002215917242362448,-0.0005182559460735481,0.9383722659650805,-0.0393296858995025,-0.07817833596863942,-0.0006902827836330271,-0.0008858848502768524,-0.0014000929240864934,-0.013947448769613402,17899,12000000,10.26,0,2,3,13.457796395116803,-1.50558462145241,4.991574034170068,71.58003973960876
15.0,0.0,5.0,15.507259147596635,-0.214209682407406,4.98176529256208,-0.34361391042580935,-2.3256880187125803e-05,-0.0005656143099361475,0.9391108348333832,-0.020901450885315045,-0.07615922695330679,3.447928115929613e-05,-0.0008447096433883416,-0.0010342889368075703,-0.01661309306655312,17899,309000000,10.11,0,2,3,13.457796395116803,-1.50558462145241,4.991574034170068,71.97099423408508
15.0,0.0,5.0,15.496506866096027,-0.1958135708707802,4.981875946127128,-0.3412997342937209,0.00012325138284946025,-0.0006157142563948528,0.9399543058447501,-0.005984315446894489,-0.07383187871393453,0.0005726672538044318,-0.0004674476286936624,-0.0007710443640007725,-0.018128232841263525,17899,591000000,9.92,0,2,3,13.457796395116803,-1.50558462145241,4.991574034170068,72.36810111999512
15.0,0.0,5.0,15.484435707258436,-0.1812891855890235,4.982120554634272,-0.3390602468452513,0.00022451172992381165,-0.000634118135126464,0.9407644213605821,0.005045977968553901,-0.07147469495355734,0.0010853787303641003,-0.0003442556220534243,-0.0006213910467067763,-0.0182520343514625,17899,869000000,9.7,0,2,3,13.457796395116803,-1.50558462145241,4.991574034170068,72.73802852630615
15.0,0.0,5.0,15.471949306385339,-0.16972613305945608,4.9824551678978635,-0.33701974490496,0.0002964976954814205,-0.0006440677469419463,0.9414973121629447,0.013265437203764266,-0.0691538437045379,0.0014631344033230276,-0.00011118916631858156,-0.000502963507642562,-0.01804319181246683,17900,135000000,9.5,0,2,3,13.64496474324586,-1.2492590181268997,4.978441307618364,73.07479548454285
15.0,0.0,5.0,15.456217166206102,-0.1581224521410695,4.982929481944035,-0.3346372547709036,0.00036015061255351556,-0.0006306674331212844,0.9423467409979822,0.0206879815443996,-0.06621500709265318,0.0017089937131077257,-4.504958788231761e-05,-0.000428862563239818,-0.017564605877851136,17900,368000000,9.32,0,2,3,13.68555697091277,-1.2039522190713319,4.976763999794752,73.47828459739685
15.0,0.0,5.0,15.43604284722408,-0.1462622287431345,4.983582915380713,-0.331822430379759,0.0004288762973523592,-0.0006703256271184854,0.9433415295774616,0.027182519524889415,-0.06262716465031816,0.0018697376560731307,-0.0008948164463618014,-0.00012918840752718097,-0.019183811127732042,17900,654000000,9.12,0,2,3,13.73273529543007,-1.1526327324636558,4.975014308649215,73.96678376197815
15.0,0.0,5.0,15.418630898791148,-0.13562808867929962,4.984198935898184,-0.32895255580928817,0.0003513723624512218,-0.00074395298320621,0.9443460907410793,-0.0033209603606301477,-0.05484640453929239,0.0016081864003594018,0.0007118514361081907,0.0025459243943259935,-0.015391283159260638,17900,982000000,8.9,0,2,3,13.780387001479676,-1.09705317372248,4.973081526535956,74.44558477401733
15.0,0.0,5.0,15.42046981028887,-0.11462450535226959,4.984564168771836,-0.3271963682774596,-0.00019800144324116524,-0.000810741291447662,0.9449559990179583,-0.09746680361220411,-0.04016600661602591,-0.00020192252002519123,0.0008786980629338359,0.003383710350135516,-0.007323913678192184,17901,315000000,8.7,0,2,3,13.780387001479676,-1.09705317372248,4.973081526535956,74.87333297729492
15.0,0.0,5.0,15.456853592796204,-0.07247914634017351,4.983941553993712,-0.32647086007797776,-0.0007106416705563169,-0.0008892594358118397,0.9452065815079882,-0.21559650837982197,-0.024116037791569296,-0.0038357599986045578,0.00012093372419030857,0.002694408044590091,-0.003225450655008899,17901,628000000,8.63,0,2,3,13.780387001479676,-1.09705317372248,4.973081526535956,75.35505247116089
15.0,0.0,5.0,15.521563003169403,-0.013625873870534528,4.98240269520971,-0.3259004975793033,-0.001116942729768719,-0.0010235118387331749,0.9454028615040345,-0.2740350363621441,-0.01649517412729267,-0.0056270246257318565,-0.00010234231382355574,0.0024789821281956392,-0.00514700959683978,17901,966000000,8.65,0,2,3,13.77372324044829,-1.0235290892876525,4.96685428575611,75.8476197719574
15.0,0.0,5.0,15.579410845024771,0.03731020465722835,4.981092847804058,-0.3250829545180134,-0.0013907119782282835,-0.0011493217538323575,0.9456837831228464,-0.26279344038927493,-0.01714475141532032,-0.005189977592004425,-0.000621103396269973,0.0011830041216853715,-0.007191153508756543,17902,313000000,8.62,0,2,3,13.726959810445964,-1.0259780611744942,4.964166856513074,76.24375557899475
15.0,0.0,5.0,15.624964808448063,0.0791658767533366,4.980143724738233,-0.3240970042901016,-0.0013754037188595985,-0.0012529220198263871,0.9460220241945766,-0.21051681806861353,-0.021988236379149848,-0.0038423594977917063,-0.0017127108890235831,-0.0010755289736152918,-0.009136396874964703,17902,586000000,8.53,0,2,3,13.677135495488539,-1.0352938765629165,4.961686664406706,76.61468148231506
15.0,0.0,5.0,15.657735530048766,0.11278935485144706,4.979487722820667,-0.32284025076262673,-0.0010566631069746442,-0.0013587411445364927,0.9464519056841212,-0.15073440096987545,-0.027684823893560483,-0.0024573435160274455,-0.001402219652391068,-0.0025716053414726048,-0.011033511600544443,17902,838000000,8.42,0,2,3,13.630489157654878,-1.0449866761657252,4.959356442408055,77.00339865684509
15.0,0.0,5.0,15.67956855094795,0.14024248750109142,4.97911938877849,-0.3212951846009927,-0.0006579671771264162,-0.0014011460980246477,0.946977828790632,-0.09607186497814268,-0.032082974812284504,-0.0010180232437306668,-0.0010613160384309595,-0.0025016948939082795,-0.01217209173773881,17903,103000000,8.26,0,2,3,13.630489157654878,-1.0449866761657252,4.959356442408055,77.40458750724792
15.0,0.0,5.0,15.690269615546663,0.16115034283745763,4.979074907570405,-0.3194907490260017,-0.00029069487572153455,-0.0014364513807569024,0.9475882615306734,-0.048430700879215256,-0.03495027370437916,0.00021282100344949102,-0.0011339248885633424,-0.0020762819758601836,-0.01338454367214581,17903,385000000,8.06,0,2,3,13.630489157654878,-1.0449866761657252,4.959356442408055,77.82396864891052
15.0,0.0,5.0,15.690744095179026,0.17409113728564715,4.979304584817871,-0.3176347010552604,-5.545941051588788e-06,-0.0014716572489435371,0.9482120178945841,-0.012587504648702352,-0.03643360312277713,0.0010337982342619291,-0.0005106794731091213,-0.001659319218560995,-0.014588019894290483,17903,684000000,7.82,0,2,3,13.630489157654878,-1.0449866761657252,4.959356442408055,78.22853446006775
15.0,0.0,5.0,15.683897387196367,0.18184771667115643,4.979693456148747,-0.3156212449709431,0.0001997044892976098,-0.0014529781502199794,0.9488841229020558,0.01634708796883359,-0.036969850820394154,0.0015036893822243415,-2.9561903502894893e-05,-0.0013307747053659114,-0.015829595031391364,17903,963000000,7.58,0,2,3,13.628092951922227,-0.9916341583455215,4.956665463227827,78.65215754508972
15.0,0.0,5.0,15.670193326729832,0.1854250548143987,4.9802360646684605,-0.3132952393956185,0.0003707392736321208,-0.0014062788080857567,0.9496546624454316,0.04078078572534412,-0.03658316339416144,0.001856298062070365,-0.00018616940735682874,-0.0010951212516374653,-0.01637115256016841,17904,255000000,7.33,0,2,3,13.661793605848528,-0.9612767654453577,4.957464688773468,79.08309197425842
15.0,0.0,5.0,15.651498859571694,0.1851351140990054,4.980853330201736,-0.31095233099876,0.0005167901063447131,-0.0013986392726624613,0.950424339220439,0.05895514389688535,-0.03566789783719548,0.002035620166922385,-0.0004918517163332581,-0.0008396451960379636,-0.01710814449324971,17904,556000000,7.07,0,2,3,13.661793605848528,-0.9612767654453577,4.957464688773468,79.50116395950317
15.0,0.0,5.0,15.630902221038834,0.18225847260727313,4.981474853190748,-0.3085876366223297,0.0006253565117941523,-0.00142073292143127,0.9511946493599739,0.07085284825901977,-0.03433819886132928,0.002120001282695038,-0.0002103388553109653,-0.0005780230878826842,-0.01815252580854576,17904,840000000,6.79,0,2,3,13.753890057381158,-0.8870000710741958,4.960319495255673,79.93985056877136
15.0,0.0,5.0,15.608279742802624,0.17752210993337966,4.982102252335359,-0.3061569038941995,0.0006907826171805913,-0.00142688817429127,0.9519797461119809,0.07905487184952673,-0.0328035663576548,0.0020966838161453555,-0.0001584211986482842,-0.0003710864234562905,-0.01795159296307247,17905,132000000,6.52,0,2,3,13.801683884621117,-0.8504844630393884,4.961919007491573,80.32821249961853
15.0,0.0,5.0,15.584394682602152,0.17149065494132187,4.982726252093461,-0.30381493225808154,0.0007337073865640243,-0.0014337676955602286,0.9527297061185208,0.08418820911919431,-0.031222746102570136,0.0020797093000752965,-0.00011815931983960581,-0.00025252502950934286,-0.01735158384690294,17905,405000000,6.26,0,2,3,13.850719799567603,-0.8137640705510162,4.96360698699753,80.72791934013367
15.0,0.0,5.0,15.558174184794836,0.16457071413219676,4.983420948417992,-0.3012930484265394,0.0007171216324416312,-0.001408916032026133,0.953530282509172,0.0544566572875562,-0.0262453711343339,0.0018725911357856018,0.0007900055265963601,0.0008657553451030253,-0.01387339789289399,17905,695000000,6.0,0,2,3,13.89999936305091,-0.7774049581472865,4.9653340774721,81.1513602733612
15.0,0.0,5.0,15.550719883351094,0.1664468099175598,4.983855982580846,-0.2998388564014329,0.0005074832510120206,-0.0013525664223331207,0.9539887699636216,-0.022098722123758983,-0.018147918739187176,0.0010367442894911694,0.001497270523032057,0.0020799331650778186,-0.009659653915150557,17906,0,5.75,0,2,3,13.9431259451745,-0.7433320114708947,4.967012779302399,81.52829384803772
15.0,0.0,5.0,15.56483748868975,0.18042933074513473,4.983883914400325,-0.298842650042828,0.00013631133543868374,-0.0012843019204391158,0.9543015259880792,-0.12107108898252276,-0.008932920891725047,-0.000871258140207711,0.0012009042507088452,0.0027472706278786063,-0.007226578372865333,17906,259000000,5.63,0,2,3,13.95974141276598,-0.7258214786852708,4.967921805244274,81.90366744995117
15.0,0.0,5.0,15.59901635842272,0.20575130334859315,4.983443961257069,-0.2979562280292021,-0.00023969698849676672,-0.001257549317778155,0.9545786752770444,-0.19907760907659625,-0.0020479665415975516,-0.0027100947365892593,0.0009316945067894267,0.002667764852049004,-0.00755277924326947,17906,521000000,5.57,0,2,3,13.956166346982172,-0.7195861137574818,4.968266680182533,82.29867029190063
15.0,0.0,5.0,15.661328700633636,0.24829335061589286,4.982382020432094,-0.29666582853197176,-0.0006770800605084097,-0.0012495588827461633,0.9549802963132951,-0.2626922903317475,0.003468685111026705,-0.00453515586261424,0.0008474054766338668,0.0025219236931661726,-0.009452843005419709,17906,787000000,5.5,0,2,3,13.956166346982172,-0.7195861137574818,4.968266680182533,82.76204061508179
15.0,0.0,5.0,15.752825889247456,0.30883747505550313,4.980652765673003,-0.29469165003985276,-0.001142036225952715,-0.0012989171771954414,0.9555908329218182,-0.2621848588561183,0.00306983772130016,-0.0046966035321005985,8.054001625623641e-05,0.0019803250097538694,-0.010947988721454749,17907,100000000,5.38,0,2,3,13.956166346982172,-0.7195861137574818,4.968266680182533,83.33938097953796
15.0,0.0,5.0,15.809997323594741,0.3471644277890749,4.979685015288079,-0.2932304431822632,-0.001330919881134517,-0.0013631140435649786,0.9560398933954104,-0.22044208060935794,-0.0007384481060600923,-0.0036590050868382435,-0.00046428943107912346,-0.00012576136114716974,-0.01048032190738013,17907,512000000,5.15,0,2,3,13.818228362806584,-0.769276015920589,4.96475882359777,83.74642419815063
15.0,0.0,5.0,15.85188942172634,0.37675626399443013,4.979050501199146,-0.29191920062313526,-0.0011111960874747927,-0.0013474901853529194,0.9564413885968157,-0.14873610161158896,-0.0065903801408160045,-0.002116635483264426,-0.00017228149289394423,-0.002419873453618493,-0.009001963007904124,17907,793000000,4.98,0,2,3,13.761380580994743,-0.7942706490136991,4.962924015128977,84.13442254066467
15.0,0.0,5.0,15.877030515705027,0.39670587559958703,4.978752733351344,-0.2907911896576007,-0.0007439714490409034,-0.0012670899886934768,0.9567854122043042,-0.08391753130926559,-0.011172643090359131,-0.0007334662191985917,-0.00046223186132010596,-0.002746627001215529,-0.008283253555418923,17908,66000000,4.82,0,2,3,13.712564513454275,-0.8154379699711954,4.9614067526203955,84.52989745140076
15.0,0.0,5.0,15.887531013810687,0.40774370598487886,4.978739872848842,-0.28974280960885196,-0.0004088647821317714,-0.00121561370452589,0.9571036826764798,-0.033828073406982455,-0.014204955648778026,0.0002668304150470307,-0.00018976003417492393,-0.002410072283964837,-0.008693047948327148,17908,348000000,4.68,0,2,3,13.682120685606048,-0.8272013700874182,4.960545174418972,84.90411949157715
15.0,0.0,5.0,15.887485574943117,0.4128840669970988,4.978939932428328,-0.2885252370716977,-0.00011297160490815158,-0.0011536923129585376,0.9574715890323764,0.010710718423563113,-0.016275415316834227,0.0009841395517063232,-0.0003085057102225619,-0.0019408317257330054,-0.009517999205854721,17908,616000000,4.53,0,2,3,13.682120685606048,-0.8272013700874182,4.960545174418972,85.28630876541138
15.0,0.0,5.0,15.877844167329393,0.41220034485816576,4.979287443701104,-0.28719035572933826,0.00012777346870203364,-0.0011210788150093414,0.9578728654849178,0.046788432724699874,-0.01742336387181332,0.001364063975896433,-0.00024175812143312214,-0.0015757382698211586,-0.010418907368148211,17908,893000000,4.37,0,2,3,13.676357361386753,-0.8221296694855913,4.960824200806993,85.65609359741211
15.0,0.0,5.0,15.862033534977769,0.40732259800468257,4.9796638821410015,-0.28584619795852123,0.0003122334974396789,-0.0010896781332848011,0.9582748385637947,0.07316802581810451,-0.01786640197097485,0.0014960297313382882,-1.550340700262609e-05,-0.0013230185913926107,-0.011036453361157328,17909,163000000,4.19,0,2,3,13.694786698703917,-0.8080134520232016,4.961707786990468,86.02406549453735
15.0,0.0,5.0,15.842967037533287,0.4000026208993755,4.980059329376268,-0.28456053610505033,0.00044854377468541367,-0.0010467012984577669,0.958657396840227,0.09148412840025169,-0.017821239422607223,0.0016623806400566786,0.00015920172558026024,-0.0011052956551793613,-0.011279953196208226,17909,425000000,4.02,0,2,3,13.721381834163962,-0.7897328441139955,4.962797502493124,86.36671185493469
15.0,0.0,5.0,15.818856614768645,0.38979201743778197,4.980517991623547,-0.28314635613031747,0.0005660161027164325,-0.0009903669842480597,0.9590760344253896,0.10546104250614001,-0.017261040310584275,0.0017046689474228076,0.00014514154713651806,-0.0008956027897966123,-0.011319805435050512,17909,674000000,3.87,0,2,3,13.721381834163962,-0.7897328441139955,4.962797502493124,86.73470902442932
15.0,0.0,5.0,15.792270745907581,0.37789425076815963,4.980992904249447,-0.2817465205388627,0.0006577403063560986,-0.0009509686676023383,0.9594881766861574,0.11499454714883459,-0.01665699693481748,0.001705401240516092,-5.697620188982455e-05,-0.0006439206742925307,-0.011097743754362455,17909,928000000,3.7,0,2,3,13.789268013918875,-0.7455465756970743,4.96535984374483,87.12045407295227
15.0,0.0,5.0,15.761819607980197,0.36380934411423815,4.981491460805661,-0.28027558422264437,0.0007272829207052552,-0.0009398406380646794,0.9599188427402514,0.12158948238166307,-0.015901677717544374,0.0016009119445653387,-5.1813096391128965e-05,-0.0004141623918485493,-0.010777645275084069,17910,195000000,3.53,0,2,3,13.829777388659059,-0.7197997222800336,4.966802338754541,87.52132320404053
15.0,0.0,5.0,15.732544770863282,0.349938831809217,4.981934257297068,-0.2789487737637536,0.0007695707833546317,-0.0009304820304416335,0.9603052241759901,0.1251466962486279,-0.015041150250272866,0.001491896033227256,0.0001283005957475325,-0.0002651190072811005,-0.010471658788446803,17910,477000000,3.37,0,2,3,13.878777901356623,-0.6889261751980891,4.968503644201562,87.87794780731201
15.0,0.0,5.0,15.700528781918617,0.33451970100364653,4.982364594641146,-0.2775699886319776,0.0007880911051341346,-0.0009074097789233731,0.9607046668621668,0.12650315051646058,-0.01412395121832306,0.0012834541856227026,0.00011266687494071448,-0.00013330236612318913,-0.009939570736605674,17910,722000000,3.22,0,2,3,13.878777901356623,-0.6889261751980891,4.968503644201562,88.25679755210876
15.0,0.0,5.0,15.666247115553162,0.31779816126526633,4.98276841851001,-0.27618144595122956,0.000797746343380222,-0.0008900159663415507,0.9611047707636455,0.12601949123648676,-0.013144333892564692,0.0011024639469674833,8.644831694937238e-05,-8.43586718701772e-05,-0.00935608886720729,17911,0,3.06,0,2,3,13.878777901356623,-0.6889261751980891,4.968503644201562,88.6873095035553
15.0,0.0,5.0,15.63073469923233,0.30035880451026675,4.9831447438774115,-0.2747987846019091,0.0008026989305783096,-0.0008570530986961894,0.9615010395811989,0.11353981889039422,-0.011684909810280914,0.0009469278705502363,0.00041501921828057675,-0.0001683753126258125,-0.008230816638388205,17911,310000000,2.92,0,2,3,13.878777901356623,-0.6889261751980891,4.968503644201562,89.12301588058472
15.0,0.0,5.0,15.596482471601151,0.2842753284164895,4.983482259334727,-0.27328229214849475,0.0008225285595194775,-0.0007945249566199035,0.9619331998506584,0.04734119542853355,-0.008040461339136652,0.00010644628925386795,0.00012699957636641557,-0.00011929400045573857,-0.00611773307355179,17911,621000000,2.78,0,2,3,13.878777901356623,-0.6889261751980891,4.968503644201562,89.7405800819397
15.0,0.0,5.0,15.590268919319026,0.28283163144310075,4.983408333535182,-0.2724561776391047,0.0008098885562062065,-0.0007724030236221332,0.9621675419283194,-0.008026388535864664,-0.005502132623061681,-0.0005841223509009432,0.0002703524302205551,0.0004994486687337485,-0.005280098093862762,17912,60000000,2.66,0,2,3,14.059073997234691,-0.5709821176749321,4.974533209185673,90.15052390098572
15.0,0.0,5.0,15.597541776657787,0.288614838137172,4.983176716654276,-0.27183771117697064,0.000683687172901062,-0.0007663383084062225,0.9623425606713613,-0.0674416762647212,-0.0029528073608519508,-0.0013869127031723245,0.0005568978451719886,0.0018727559563558316,-0.004430289891388384,17912,364000000,2.59,0,2,3,14.059073997234691,-0.5709821176749321,4.974533209185673,90.5238835811615
15.0,0.0,5.0,15.62152152162686,0.30370795517658916,4.982559579167117,-0.27133735289909366,0.0003143914896911341,-0.000791433716902029,0.9624839301060435,-0.14490975331878878,0.0001325556795037314,-0.003201941373631711,0.0007963796122112399,0.0032625399626340368,-0.004104772324353689,17912,619000000,2.54,0,2,3,14.059073997234691,-0.5709821176749321,4.974533209185673,90.8734540939331
15.0,0.0,5.0,15.661304238993962,0.3276278368473677,4.981493735421244,-0.2707754596693038,-0.0001261448097956798,-0.0008140462329679437,0.9626421826707443,-0.20698567216263766,0.0023632839076464305,-0.005007221211033215,0.0008039981082674785,0.0032278197295454447,-0.004826946769753704,17912,882000000,2.49,0,2,3,14.059073997234691,-0.5709821176749321,4.974533209185673,91.23532557487488
15.0,0.0,5.0,15.726816613878896,0.36632701497499737,4.97963964437943,-0.2699782033593906,-0.0006240357762914682,-0.0008268783584829754,0.9628658767255,-0.2632382576852294,0.004082618941328024,-0.007050974907589633,0.0007698396302657784,0.0028718950034090085,-0.005512537154572783,17913,139000000,2.43,0,2,3,14.059073997234691,-0.5709821176749321,4.974533209185673,91.68620038032532
15.0,0.0,5.0,15.799590414773089,0.4089534066657301,4.977469705878092,-0.26915731432914375,-0.001038240705036836,-0.0008551285613083061,0.9630952865394495,-0.2871854076645001,0.004506820278534355,-0.008089635442941367,0.00022776956996040099,0.0026265255655744113,-0.005687061047865427,17913,465000000,2.33,0,2,3,13.826876827669084,-0.6870797698784549,4.966299667952608,92.10811424255371
15.0,0.0,5.0,15.871865397888044,0.45129224103792864,4.97534315744542,-0.2683589662042429,-0.00133681487024027,-0.0009071087341723442,0.9633176295166288,-0.2515243230527947,0.0027991505970166547,-0.007146038017243847,0.00017227179256451564,0.00010768879086242578,-0.0050962700242962455,17913,775000000,2.23,0,2,3,13.765573607869527,-0.7188724322437647,4.963822616658033,92.52490878105164
15.0,0.0,5.0,15.921843971054523,0.48107412666034094,4.97385371828672,-0.26773374731401706,-0.001149093977725826,-0.0008455327096008446,0.963491881235468,-0.16795548919907924,-0.0003474777984097934,-0.004781479790124285,-0.00021086872550313274,-0.0023001108957032557,-0.004322861514083343,17914,60000000,2.12,0,2,3,13.765573607869527,-0.7188724322437647,4.963822616658033,92.92187070846558
15.0,0.0,5.0,15.954156725354363,0.5011266305024042,4.972879360330245,-0.26713507684690774,-0.0007732626907685339,-0.0007773158817744862,0.9636584709132315,-0.090513253451037,-0.0029318274571507375,-0.0024340539186302117,-0.0003352329343897509,-0.002566776106505131,-0.004029446608910803,17914,351000000,2.03,0,2,3,13.713246018032557,-0.744656969246369,4.961541075621459,93.32163047790527
15.0,0.0,5.0,15.967255236510411,0.5101407670731434,4.972516454755575,-0.26663459405280326,-0.00046295440750409407,-0.0007263476393540602,0.9637973082275235,-0.03526739183309848,-0.004543278351476375,-0.0006626991237071084,-8.863382063850622e-05,-0.002241554216197983,-0.003982122871093452,17914,648000000,1.95,0,2,3,13.715847491284269,-0.7418394226131877,4.961580717103481,93.71955561637878
15.0,0.0,5.0,15.968291415973047,0.5125990409814853,4.972601391129717,-0.26604762490361034,-0.0001694581620668506,-0.0006550150061861932,0.9639596482853525,0.01741762000978869,-0.005767097856210361,0.001002723638692284,-5.485533129956366e-05,-0.0018434991488902597,-0.004318091532695689,17914,915000000,1.88,0,2,3,13.715847491284269,-0.7418394226131877,4.961580717103481,94.13195371627808
15.0,0.0,5.0,15.958115760283533,0.508514071085551,4.973033990918056,-0.2654352239085529,5.696506595839236e-05,-0.0005993682457150642,0.9641285077318809,0.057067754861271594,-0.00631891415881778,0.001964614693443889,-4.0454423810842854e-05,-0.00154033107264695,-0.004583993768392247,17915,203000000,1.8,0,2,3,13.759313383814545,-0.7153816160755301,4.9631422150227085,94.5434341430664
15.0,0.0,5.0,15.939415108537423,0.4994945220903414,4.9736743736262765,-0.26481569252762327,0.0002446477048547805,-0.000552677021030654,0.9642988560019794,0.08783341302291883,-0.006543046661886322,0.002552576047712735,-2.916542261033328e-05,-0.001217611463744106,-0.004696730366049451,17915,488000000,1.72,0,2,3,13.793988077070727,-0.6950290814669705,4.964382711372351,94.96155261993408
15.0,0.0,5.0,15.912441260935232,0.48577877759093047,4.974529452040944,-0.2641163190098987,0.00039662381901860123,-0.00051506624372712,0.9644906155214636,0.1110463425205104,-0.00645780257569927,0.002956407041587666,-2.1877814937454332e-05,-0.0009564384072291432,-0.00491885980409279,17915,773000000,1.64,0,2,3,13.83377823150008,-0.6718532810070142,4.965779972562623,95.38150310516357
15.0,0.0,5.0,15.882836868490928,0.47032996217833206,4.97539730993074,-0.26345402478765095,0.0005143891154218913,-0.0004858188311230177,0.9646716934828601,0.12543859593035322,-0.006181420937969199,0.003071739629900432,-1.5468428848919302e-05,-0.000771231054841337,-0.004711336214313633,17916,58000000,1.55,0,2,3,13.879927899936336,-0.6450771323678163,4.96736846338484,95.793461561203
15.0,0.0,5.0,15.848103599835367,0.4519665414333542,4.976370750514107,-0.26279562301796167,0.0006092646783176039,-0.0004621384219594903,0.9648512194878712,0.13491535272572056,-0.005892981086316132,0.0031767853940882053,-1.0593263954916665e-05,-0.000552203567849574,-0.004566187635646202,17916,339000000,1.47,0,2,3,13.879927899936336,-0.6450771323678163,4.96736846338484,96.20840001106262
15.0,0.0,5.0,15.814016950574493,0.43379700948365246,4.977310687643353,-0.2621746749907908,0.0006693558150303962,-0.00044038881906837654,0.9650201022848977,0.13987950422789558,-0.005540118625852701,0.0032090628025115463,0.0001671382719337089,-0.00034926364378407015,-0.004518899140748545,17916,639000000,1.4,0,2,3,13.879927899936336,-0.6450771323678163,4.96736846338484,96.6239881515503
15.0,0.0,5.0,15.77915096642879,0.4151055761548995,4.978242272605341,-0.261576763553697,0.0006996166000312894,-0.00041762064793119346,0.965182331426752,0.14195057062322247,-0.0051821105001475945,0.003094629753844277,-4.527564101408643e-05,-0.00015959706729518075,-0.004369808175397338,17916,924000000,1.33,0,2,3,13.879927899936336,-0.6450771323678163,4.96736846338484,97.01975703239441
15.0,0.0,5.0,15.741573139106995,0.3948927909569522,4.979189020077685,-0.2609575365239197,0.0007147147369247758,-0.00042059706548416766,0.9653499243343422,0.14189918000648408,-0.004775947308458621,0.0028928737334444196,-3.687805438801206e-05,-5.80729452082096e-05,-0.004018216304757516,17917,204000000,1.26,0,2,3,14.064997662586515,-0.5382371750540933,4.9733152223318084,97.4438362121582
15.0,0.0,5.0,15.709984970654483,0.37783722114930507,4.979948677272789,-0.2604835959426866,0.0007032696784665962,-0.0004244950770015975,0.96547792385971,0.1143818895630045,-0.003838555247961736,0.002274286405137778,0.0001378936687501664,0.0009778227990864252,-0.0033451013905505533,17917,517000000,1.2,0,2,3,14.114234867567008,-0.5098922702029114,4.974746284551454,97.79736614227295
15.0,0.0,5.0,15.697234801211643,0.37122628390158346,4.980260666378378,-0.2601141430849075,0.00040225343047987737,-0.0004679476373768027,0.9655776777579268,-0.004080608845959886,-0.0013581077687312448,-3.65641880191581e-05,0.0006397107256361778,0.002708440115384292,-0.0023711826997896424,17917,769000000,1.15,0,2,3,14.114234867567008,-0.5098922702029114,4.974746284551454,98.16577124595642
15.0,0.0,5.0,15.708999357010818,0.3781883318357842,4.9799845721206975,-0.2598348007743274,4.236138114109287e-05,-0.0004872526939522666,0.9656529589334313,-0.09438410738607776,0.0003236984877215881,-0.0019571931676421787,0.000511975139261267,0.002588846086837293,-0.002145869530068012,17918,38000000,1.11,0,2,3,14.141295941427654,-0.49320342228884295,4.97574286599868,98.54866361618042
15.0,0.0,5.0,15.739119844224724,0.3953517938616681,4.97926380280326,-0.2595659005428407,-0.0002738665750831585,-0.000511322852583392,0.9657252232500834,-0.16637906549798073,0.001533865852927902,-0.0036678337925354102,0.00040089936135245807,0.0023621899345016573,-0.002230812174275343,17918,309000000,1.08,0,2,3,14.124611249179896,-0.5016452373778945,4.975493055946369,98.91309857368469
15.0,0.0,5.0,15.791436260511523,0.4249371774869142,4.9779231796923495,-0.2592150158498221,-0.0006311610357034293,-0.0005532863652106594,0.9658192745373853,-0.22875150753114384,0.0024706558583866473,-0.005685365231001977,0.0002998775244122953,0.0023444881890100078,-0.0026489988840694423,17918,566000000,1.06,0,2,3,14.124611249179896,-0.5016452373778945,4.975493055946369,99.32972621917725
15.0,0.0,5.0,15.871062193787532,0.4697816039231376,4.97569592637289,0.2587208703649773,0.001035383485458429,0.0006141494489511506,-0.965951376643297,-0.2660902027912896,0.002752929907534324,-0.007144684276088753,0.00021102812439721674,0.0022272672367762425,-0.0029488196787497145,17918,867000000,1.02,0,2,3,14.124611249179896,-0.5016452373778945,4.975493055946369,99.83053064346313
15.0,0.0,5.0,15.96107463404949,0.5205912955592127,4.9732038881394125,0.2581631660009485,0.0013748475395348406,0.0006680839816143912,-0.9661001206802546,-0.22742339585372634,0.0015722878639088515,-0.005952794789122388,0.00014507755992099192,0.0008488589912758471,-0.0026915621901935083,17919,228000000,0.97,0,2,3,13.960055079906093,-0.5904363618499252,4.970918458962948,100.39121651649475
