x_ref,y_ref,z_ref,x,y,z,eta,e1,e2,e3,u,v,w,p,q,r,sec,nanosec,angle2,angle3,control_mode,std_test,x2,y2,z2,real_x2,real_y2,real_z2,time
0.0,0.0,5.0,0.10777510507603869,0.05062504238681116,4.920344689586381,-0.26842843564033475,-0.00016438567579464094,-0.0001308169714490837,0.9632996059398924,-0.023469008708733384,0.002126982828859822,9.473165331814939e-06,0.0005285173756419681,0.0020403268308655242,-0.009087349553738022,11171,366000000,5.92,0,2,3,-1.7024849010914282,-0.8080190073346122,4.917323302958773,-1.6520306959575566,-0.7839374827589388,4.91785043197067,0.00010466575622558594
0.0013280625,0.0,5.0,0.11501710012822419,0.05418310823862091,4.920358117993304,-0.2673067928528731,-0.00043904493092144234,-0.0001650902373164217,0.9636113627803862,-0.032994991621931945,0.002766309868647656,4.8720095785700566e-05,-0.00028450841966787266,0.0012318883932493918,-0.008799570696282899,11171,640000000,5.77,0,2,3,-1.7024849010914282,-0.8080190073346122,4.917323302958773,-1.6542927460437764,-0.7849971573823764,4.91796826853669,0.3655993938446045
0.005294500000000001,0.0,5.0,0.1223456589804466,0.05778546383056628,4.920384552875931,-0.26613913043594145,-0.00044757079620902514,-0.00020086625184008412,0.96393450118975,-0.025183630615736897,0.002070233097526547,5.127539529860708e-05,-6.626893380712318e-05,-0.0005335737682798936,-0.008570083991799038,11171,913000000,5.63,0,2,3,-1.662511217332206,-0.7888962782613685,4.918031436537318,-1.662511217332206,-0.7888962782613685,4.918031436537318,0.7310819625854492
0.011872687500000001,0.0,5.0,0.12823027150069743,0.06068443700509978,4.920389833357173,-0.2649798421510959,-0.0004011276545887636,-0.00016606280065977565,0.9642538539063927,-0.029923121616584586,0.00233422945877725,-4.8756458252089865e-05,0.0006563235160683689,0.001016292532085572,-0.008789513958618045,11172,179000000,5.49,0,2,3,-1.662511217332206,-0.7888962782613685,4.918031436537318,-1.6766659527044072,-0.7956050509866406,4.918030189259566,1.0825977325439453
0.021036000000000003,0.0,5.0,0.1392312731332878,0.06612065814333289,4.920375437734027,-0.2637675693814892,-0.0007095416307049134,-0.00016563281066470017,0.9645859932940286,-0.05518001215916866,0.004124905951162861,-0.00015215439082083185,0.0005058912336153298,0.0025648418386481353,-0.009002096794574754,11172,466000000,5.35,0,2,3,-1.662511217332206,-0.7888962782613685,4.918031436537318,-1.695074425327588,-0.804357420706759,4.917973404597896,1.4537768363952637
0.021036000000000003,0.0,5.0,0.15296597939555143,0.07291625559014965,4.920355331337757,-0.26273186838033713,-0.0010059921641253874,-0.00019624044190783636,0.964868340659404,-0.06902046803953756,0.005001085216446275,-0.00023655428500564106,7.283572500682567e-05,0.0020147387658653315,-0.00879196886671707,11172,744000000,5.2,0,2,3,-1.714548812617894,-0.8136182240766202,4.917868982685567,-1.714548812617894,-0.8136182240766202,4.917868982685567,1.7856206893920898
0.032757812500000004,0.0,5.0,0.16805646942441044,0.08037473167876283,4.920328567372846,-0.2617429530968315,-0.0011565479347425043,-0.00023906623008292918,0.965136897931253,-0.06854197622982257,0.004859815775445746,-0.0002762532340679563,-0.00042090163105967804,0.0004119913995737079,-0.008292265556519851,11172,996000000,5.07,0,2,3,-1.7277347492216457,-0.8198878118542392,4.917784118022362,-1.7277347492216457,-0.8198878118542392,4.917784118022362,2.0842387676239014
0.047011500000000005,0.0,5.0,0.18020239717756045,0.08638326873560798,4.920309381948057,-0.2608958767652382,-0.0010640509287519317,-0.0002665885743670193,0.9653663233265654,-0.05524834515765682,0.0037778540702893557,-0.00019615403657556233,-0.00033202573206381203,-0.0013846798083250178,-0.007842140257707797,11173,232000000,4.94,0,2,3,-1.7277347492216457,-0.8198878118542392,4.917784118022362,-1.7336026274636576,-0.8227020171426929,4.9177566709901654,2.3793718814849854
0.047011500000000005,0.0,5.0,0.1905731245336798,0.09150590263671401,4.920281590976897,-0.25997023679573456,-0.0008714774367814843,-0.00023861667766324337,0.9656162071804344,-0.041902980531176165,0.002868852326306769,-0.00020644646833027652,-3.268294417324569e-05,-0.0016848237123667786,-0.00794881834735861,11173,446000000,4.84,0,2,3,-1.7277347492216457,-0.8198878118542392,4.917784118022362,-1.732508321465108,-0.8222288903982368,4.917802145970173,2.685410976409912
0.0637704375,0.0,5.0,0.19834732842010225,0.09531781891191075,4.920257756183844,-0.2590731158728595,-0.0006840366671341865,-0.0001882209565245073,0.9658574518523101,-0.030921681031214558,0.002181745435812262,-0.00011565295957791096,-2.203882742968233e-06,-0.0015105757142919174,-0.0076158328738529235,11173,684000000,4.72,0,2,3,-1.7253828604288677,-0.8189126432140335,4.917934158487488,-1.7253828604288677,-0.8189126432140335,4.917934158487488,2.9885334968566895
0.0637704375,0.0,5.0,0.20400979588714457,0.09805718367606045,4.920247337614054,0.2581986085053856,0.0005268134172162678,0.00014563932692364653,-0.9660917036299881,-0.022061374303329405,0.0016928537703142284,-4.2599667165653835e-05,3.0288115626664336e-07,-0.0012148074347351212,-0.007435248289766605,11173,921000000,4.61,0,2,3,-1.7253828604288677,-0.8189126432140335,4.917934158487488,-1.7131637012927725,-0.8132380473940473,4.918108238725559,3.3001768589019775
0.08300800000000001,0.0,5.0,0.21026979931591072,0.10091373844986427,4.920240099587739,0.2566584543995697,0.00030996427447909947,0.00010763779617572321,-0.9665021107692816,-0.010122701126999218,0.0012558094723584868,-7.860120684757324e-05,-0.00015108186062207096,-0.0008356218700100726,-0.0071599298280489165,11174,159000000,4.5,0,2,3,-1.7253828604288677,-0.8189126432140335,4.917934158487488,-1.6968564850102779,-0.8056579887959501,4.9182774249605705,3.9006760120391846
0.10469756250000001,0.0,5.0,0.2135833649596539,0.10192435990682676,4.920190041746968,0.25582732437158867,8.465014266660256e-05,0.00012084461955507343,-0.9667224825852583,-0.0020573937633106823,0.0011558982158869498,-7.335677874141572e-06,-0.00020127938000769063,-0.0004932154411108058,0.0019655974028864875,11174,606000000,4.31,0,2,3,-1.6592757846640358,-0.7881268171679229,4.918520732792824,-1.6592757846640358,-0.7881268171679229,4.918520732792824,4.7353739738464355
0.1288125,0.0,5.0,0.21411821289707564,0.10158393536036427,4.9202105366172795,0.2568121540756742,-1.4228808072077574e-05,0.0001345192242780814,-0.9664613283629775,0.0004714831036247634,0.0011766574251292788,8.590583919079191e-05,-0.0001265526634597336,-0.0002909212895474411,0.007460258029823308,11175,274000000,4.2,0,2,3,-1.5917959109400244,-0.756985761901088,4.918703808590266,-1.5917959109400244,-0.756985761901088,4.918703808590266,5.337955951690674
0.15532618750000002,0.0,5.0,0.2138783769845775,0.10076441069518001,4.920271961849807,-0.26049973200246956,7.366426901194056e-05,-0.00014430620948978763,0.9654739061082565,0.0017517088456774216,0.001179453483673513,0.0001550707667025525,-7.656915883558213e-05,-0.00015549464080777398,0.026761426488519646,11175,756000000,4.31,0,2,3,-1.5917959109400244,-0.756985761901088,4.918703808590266,-1.552906785279629,-0.7395098122477537,4.918743436836474,5.955510377883911
0.18421200000000001,0.0,5.0,0.213384452975189,0.09984601191971626,4.920354494892322,-0.27088308388872745,7.837489841430146e-05,-0.00011321399970080987,0.9626122458720843,0.001889579074072656,0.0011507622928429747,0.0002007437485152814,0.0002618769883611094,8.814351630803685e-05,0.07779520019539632,11176,248000000,4.73,0,2,3,-1.5435321225477,-0.7363849695278417,4.918758148940228,-1.5435321225477,-0.7363849695278417,4.918758148940228,6.567112684249878
0.2154433125,0.0,5.0,0.21368687254234536,0.09963346260148237,4.9204094119263715,-0.2808601309057146,1.3917698052057993e-05,-6.885082040427256e-05,0.9597487077008684,-0.013369299148925365,0.0023701795934798087,0.0002203239762234021,0.0012570459261951328,0.0018227343161925091,0.058544150306261145,11176,702000000,5.94,0,2,3,-1.5435321225477,-0.7363849695278417,4.918758148940228,-1.555288142515112,-0.7435308423442453,4.918694847022141,6.912530422210693
0.2489935,0.0,5.0,0.22187670349626512,0.10366499733448353,4.920466192313006,-0.28435818929974127,-0.000396453213308812,-3.1902503694597716e-05,0.9587180304892844,-0.05942819090802824,0.006451312890061439,0.00021329736026120624,0.0016906547443795716,0.0038906468489585677,0.011567181354621425,11176,963000000,7.11,0,2,3,-1.5435321225477,-0.7363849695278417,4.918758148940228,-1.5682675822011314,-0.7507218331736036,4.918631818351172,7.219910383224487
0.2848359375,0.0,5.0,0.25118247622106,0.11853316007249724,4.920584695959958,-0.28378852253899556,-0.0011550831560043708,4.6497396324225444e-05,0.9588861966344226,-0.11755987656230937,0.012851717411315725,0.00014558187681721667,0.0015587633129143796,0.0036700671898870496,-0.012040568890370196,11177,215000000,7.5,0,2,3,-1.5435321225477,-0.7363849695278417,4.918758148940228,-1.5831504032348418,-0.758860256883647,4.918539250387583,7.699894189834595
0.322944,0.0,5.0,0.30035119175148994,0.1430362955888876,4.920763233606868,-0.2809321656030936,-0.0017385217005700467,7.659222464110607e-05,0.9597260494565536,-0.1414700474545479,0.01587067528625132,-0.00013993531411231417,0.000403719550945425,0.0015392865407193312,-0.015639573939552065,11177,567000000,7.37,0,2,3,-1.5435321225477,-0.7363849695278417,4.918758148940228,-1.606197665866292,-0.771599882819623,4.918346417445538,8.199619770050049
0.36329106250000004,0.0,5.0,0.33329488040411176,0.15913821039294962,4.920827096914467,-0.27898276679841694,-0.0018671410563200572,7.412017535625664e-05,0.9602942903714337,-0.13401128405649845,0.015374846914141366,-0.00030044998690733775,-0.00036410768871064647,-0.00016237177788980262,-0.0153034707182087,11177,972000000,6.95,0,2,3,-1.5435321225477,-0.7363849695278417,4.918758148940228,-1.6199273189295584,-0.7803315687888208,4.918193562756958,8.557248592376709
0.40585050000000006,0.0,5.0,0.35964876333644735,0.17177354978677783,4.920872829135104,-0.27727770166145416,-0.0017031242368451395,7.654275919946629e-05,0.9607883063767905,-0.10929426216271068,0.013175062907649105,-0.00019999544332447084,-0.00047929973732152575,-0.0019384021015866892,-0.014457250290433876,11178,233000000,6.68,0,2,3,-1.5435321225477,-0.7363849695278417,4.918758148940228,-1.6174107662246657,-0.7807102423138339,4.918199046815185,8.867144107818604
0.4505956875,0.0,5.0,0.3809562945633316,0.18165730034020433,4.920895904253219,-0.2756363247101793,-0.001442011302226849,9.787227018569992e-05,0.9612609050225059,-0.0866326077474882,0.011599640324194135,-0.00021320667217818306,-0.00040231362277154403,-0.002146780320799735,-0.013964579738967586,11178,470000000,6.43,0,2,3,-1.5435321225477,-0.7363849695278417,4.918758148940228,-1.6081044084177776,-0.7779180443320173,4.918277464053574,9.171242475509644
0.49750000000000005,0.0,5.0,0.398001554684119,0.18913601752321982,4.920891048941518,-0.27406580382859663,-0.0012005473872676085,0.00012710055748593805,0.9617101838408515,-0.06832973097148073,0.010702127692040628,-0.00021219281552615495,-0.0001629936477343108,-0.0018445786054144264,-0.01339038162768702,11178,715000000,6.2,0,2,3,-1.5435321225477,-0.7363849695278417,4.918758148940228,-1.5932966159571533,-0.7726465199691135,4.918405815673791,9.485838174819946
0.49750000000000005,0.0,5.0,0.4106377697820413,0.19423803140132428,4.920884976809245,-0.272661971978397,-0.0010173845831768311,0.00016784865156103208,0.9621093419109348,-0.05485879906444091,0.010330056927393876,-0.00012006565096089315,-9.653636183770686e-05,-0.0015509141803704551,-0.013116381251165876,11178,949000000,5.99,0,2,3,-1.5740864804592474,-0.7654032789608528,4.918538386751468,-1.5740864804592474,-0.7654032789608528,4.918538386751468,9.79749846458435
0.5465368125000001,0.0,5.0,0.42187499988578625,0.1982378124767626,4.920887621056624,-0.27118926778125546,-0.000854296268844353,0.0002016787720790814,0.9625256414993961,-0.04329061945708333,0.010314415631996303,-6.859232774573944e-05,-0.00023535133237828632,-0.0012478460462261864,-0.012341821911832085,11179,164000000,5.79,0,2,3,-1.5740864804592474,-0.7654032789608528,4.918538386751468,-1.5533906544136415,-0.7574217222281636,4.918659349961539,10.113638162612915
0.5976795000000001,0.0,5.0,0.4310231299364078,0.20089859641004015,4.920878198960866,-0.2698197224871299,-0.000717640845253654,0.00022031316470536456,0.9629105637652411,-0.03413109693280707,0.010508652691977,-0.00013069575597745512,0.0001327020100916343,-0.001021520245103602,-0.011425718093960313,11179,397000000,5.6,0,2,3,-1.5740864804592474,-0.7654032789608528,4.918538386751468,-1.5281876206380527,-0.747580780955575,4.918747928855067,10.424851417541504
0.5976795000000001,0.0,5.0,0.4380037717317695,0.20237973045192573,4.920853193621225,-0.26864710195675345,-0.0006252651696861361,0.00026410589268793707,0.963238430453116,-0.027703669801990127,0.010896612398827808,-0.0001822420682121885,0.0001404392861559245,-0.0008150695407493913,-0.010753374772320967,11179,638000000,5.41,0,2,3,-1.5740864804592474,-0.7654032789608528,4.918538386751468,-1.50078376975318,-0.7368206075012422,4.918790292562522,10.72344160079956
0.6509014375000001,0.0,5.0,0.44451602201986523,0.20316743817547733,4.920812025289656,-0.26744945286481003,-0.0005468524323303163,0.0003053032428997842,0.963571687994547,-0.022553128487390585,0.011468242111563293,-0.0002051974480154605,0.0002752524409288526,-0.0006540451124692481,-0.010000584552471992,11179,865000000,5.26,0,2,3,-1.5740864804592474,-0.7654032789608528,4.918538386751468,-1.4740749762656642,-0.7263410122514204,4.918796085288239,11.035183668136597
0.6509014375000001,0.0,5.0,0.450148423724227,0.20326428330486154,4.9207799021500955,-0.26633307784235466,-0.00048442684846807725,0.00035632440352470653,0.9638808692004246,-0.018557566660595343,0.011997389630216623,-0.00012299184428469473,0.00024111020593409194,-0.0005600243696335383,-0.009445725754630985,11180,96000000,5.11,0,2,3,-1.5740864804592474,-0.7654032789608528,4.918538386751468,-1.4449352903305208,-0.7150884034250214,4.918768041366781,11.348698854446411
0.7061760000000001,0.0,5.0,0.45478603698738174,0.2028795675689967,4.920765592810974,-0.2653420900698117,-0.00043695473282001754,0.00039452543114582543,0.9641541519163984,-0.0160466420037447,0.012569016588718934,-5.921299254057099e-05,0.00019618323108261393,-0.0004533558268349225,-0.009196500923280837,11180,343000000,4.96,0,2,3,-1.5740864804592474,-0.7654032789608528,4.918538386751468,-1.4180447285018898,-0.7051191153597609,4.918701457477372,11.651751041412354
0.7634765625000001,0.0,5.0,0.4594260468389669,0.20205030294962398,4.920764168844805,-0.26431233095564993,-0.00039595541666552703,0.00042788029196776973,0.9644369610516565,-0.013942745873649872,0.01312084242433883,-2.2392823364487714e-07,0.00015673367528279414,-0.0003512661180593568,-0.008721971789782401,11180,570000000,4.83,0,2,3,-1.5740864804592474,-0.7654032789608528,4.918538386751468,-1.3987686918774895,-0.6987439869951481,4.918597666862853,11.951766729354858
0.7634765625000001,0.0,5.0,0.46382978058773255,0.20089607989670324,4.92077454976976,-0.2633121044561977,-0.00036575567742960514,0.0004573113646536637,0.9647105227662589,-0.0129607473784086,0.013829147524251281,1.923845547693482e-05,0.0002911071703692869,-0.0002397709295109962,-0.008593487018515589,11180,800000000,4.7,0,2,3,-1.5740864804592474,-0.7654032789608528,4.918538386751468,-1.3839576650654741,-0.6949668936402771,4.918462751102245,12.2498140335083
0.8227765,0.0,5.0,0.4678471459489635,0.19963384009745047,4.920774421172935,-0.26240218484106165,-0.00035483495434493896,0.000492214891411623,0.9649584059467502,-0.012713312759192885,0.01452720743140406,-5.782676839886596e-05,0.00025302752817424334,-0.0001308617655126909,-0.008561606955481693,11181,42000000,4.58,0,2,3,-1.5740864804592474,-0.7654032789608528,4.918538386751468,-1.3757359034219667,-0.6945921332808821,4.9183297802006924,12.561895608901978
0.8840491875,0.0,5.0,0.4718901058261147,0.1982211460580291,4.920759021518584,-0.2614938559635744,-0.0003502484879054724,0.0005205811631208962,0.9652049365883655,-0.012575224541552035,0.015110903256050473,-0.00011222279018804549,0.00031669509041876154,-7.165363768990574e-05,-0.008553273437428288,11181,271000000,4.46,0,2,3,-1.5740864804592474,-0.7654032789608528,4.918538386751468,-1.3728952877415177,-0.6967429215221924,4.9181780124211,12.864381313323975
0.8840491875,0.0,5.0,0.47643208508419527,0.19655968842991714,4.920746327142334,-0.2605030391579127,-0.00035907747633030654,0.0005615861326941051,0.9654727972728556,-0.013208677572216948,0.01589987486009652,-4.663171052640046e-05,0.00031588209594701766,1.982195012573129e-05,-0.008554184751119465,11181,489000000,4.34,0,2,3,-1.5740864804592474,-0.7654032789608528,4.918538386751468,-1.3736076768443226,-0.7008369884040142,4.918003941691447,13.167903900146484
0.947268,0.0,5.0,0.4812639774950484,0.19482873946265258,4.920748735190993,-0.25951379446746636,-0.00037083157892144405,0.0005935261586484268,0.965739147333138,-0.014326383218452591,0.016724461735735864,8.99488638458201e-06,0.00025088623942792765,3.5557974698008366e-05,-0.00840172187963617,11181,724000000,4.21,0,2,3,-1.3775830905248878,-0.707129109831975,4.91779530199822,-1.3775830905248878,-0.707129109831975,4.91779530199822,13.473653554916382
0.947268,0.0,5.0,0.48553502061273585,0.19336533381145157,4.9207605747363345,0.2587224043850743,0.0003797887004408102,-0.000615397652157652,-0.9659514452163104,-0.01529500097443679,0.017297582067842737,4.102141157363e-05,0.00029070002938169637,4.20339532070102e-05,-0.008086411799013149,11181,959000000,4.08,0,2,3,-1.3775830905248878,-0.707129109831975,4.91779530199822,-1.3842285694597487,-0.714964559686621,4.917572228253094,13.775230646133423
1.0124063125000002,0.0,5.0,0.4969223864050316,0.18986277046006958,4.920754730726854,0.25684541082670515,0.00042028860816984716,-0.0006835270046404241,-0.9664521669930595,-0.018248018835846834,0.01876867263589356,-0.00012111304293368026,0.0002542129038829444,0.00010150989453450165,-0.007978019584697904,11182,173000000,3.98,0,2,3,-1.3775830905248878,-0.707129109831975,4.91779530199822,-1.3913182086965512,-0.7224474386848547,4.917375145897023,14.365476608276367
1.0794375,0.0,5.0,0.5086601683225829,0.18681134814416214,4.920693530404071,0.2558840044694841,0.00045085218048194743,-0.0006817102240803971,-0.9667071471030626,-0.021760871047821363,0.01969459676390406,-0.0002283166241730178,-0.00013389738882096935,0.00021125844682501338,0.0014996303320913285,11182,639000000,3.72,0,2,3,-1.3775830905248878,-0.707129109831975,4.91779530199822,-1.4115515689583957,-0.7427851798495397,4.91681257080144,14.939730405807495
1.1483349375,0.0,5.0,0.5266675500331988,0.183549983556179,4.92055577512347,0.25731756901775094,0.0004965112964560713,-0.0006394171057321817,-0.9663265562412597,-0.02619396240392327,0.02082515478980889,-0.0003280330195908006,-7.172460740889619e-05,0.00014349596710871992,0.007714058938290691,11183,96000000,3.58,0,2,3,-1.3775830905248878,-0.707129109831975,4.91779530199822,-1.40997591612754,-0.7520475385357247,4.9164966126370935,15.680166244506836
1.2190720000000002,0.0,5.0,0.5453161775235911,0.18110222438384968,4.920387094558168,-0.26172891648230434,-0.0005405763915806482,0.0006127340256925715,0.9651410811954787,-0.02883652105876542,0.021506794251167395,-0.00039171218071481156,-2.350680805562888e-05,0.00021935689460406138,0.029710971830354538,11183,677000000,3.7,0,2,3,-1.3668645442714007,-0.7451824759606596,4.916626063543396,-1.3668645442714007,-0.7451824759606596,4.916626063543396,16.35203242301941
1.2916220625000001,0.0,5.0,0.5621651972640379,0.17948602932805574,4.920222402495197,-0.27078522471083616,-0.0005853728193023509,0.0005949801172001713,0.962639426480977,-0.03040835196078815,0.022090868287791936,-0.00043066132430306416,1.2929931614280576e-05,0.00012558544426610752,0.05756896352977492,11184,216000000,4.18,0,2,3,-1.3668645442714007,-0.7451824759606596,4.916626063543396,-1.3046008635983486,-0.727825534576414,4.916905307017688,16.939040422439575
1.3659585000000003,0.0,5.0,0.5712647050358882,0.17883046640049363,4.9201317696935565,-0.27760426382832354,-0.0006057253296381717,0.0005977775854652172,0.9606951381489954,-0.03127760218741758,0.02273828744117371,-0.0004181777387957153,0.0004925990026549698,0.0001429749175940742,0.04658994876081124,11184,663000000,5.19,0,2,3,-1.3668645442714007,-0.7451824759606596,4.916626063543396,-1.2449195340046608,-0.7110628252129222,4.917002264779665,17.252318382263184
1.4420546875,0.0,5.0,0.5799936709407709,0.17827611427630213,4.920065231668197,-0.28012719552162046,-0.0006430242047617619,0.0006421263636334658,0.9599624620383844,-0.032975314421264924,0.02400255687519101,-0.0003366537060706071,0.0005618977127141989,0.00023574666272452305,0.008822018662613118,11184,898000000,5.96,0,2,3,-1.3668645442714007,-0.7451824759606596,4.916626063543396,-1.2157915794619776,-0.7035611195280896,4.916955182653821,17.554460763931274
1.5198840000000002,0.0,5.0,0.5900971726686193,0.17766379003769148,4.919997543159576,-0.2799504207243254,-0.0006933635851418882,0.000697948982190079,0.9600139551331689,-0.035221628467372326,0.02550295550022507,-0.0003694901684888962,0.0007704999063662399,0.0002835972452430724,-0.008059795709414175,11185,133000000,6.22,0,2,3,-1.3668645442714007,-0.7451824759606596,4.916626063543396,-1.1935670403812777,-0.699034720766278,4.916866122202121,17.85805344581604
1.5994198125,0.0,5.0,0.6027659894629472,0.17695015763640737,4.919912813250047,-0.27833784704705516,-0.0007560996744335127,0.0007863711940437995,0.9604826145406471,-0.03838328607539178,0.027302211682931492,-0.00040242442951075164,0.0006376497708515672,0.00024087567283004319,-0.014018957972439239,11185,368000000,6.15,0,2,3,-1.174843969485521,-0.696994814513095,4.916727710347137,-1.174843969485521,-0.696994814513095,4.916727710347137,18.227827787399292
1.6806355000000002,0.0,5.0,0.6179102268202391,0.17639719181376712,4.919818038065721,-0.27623452582409264,-0.0008602568179720906,0.0008893187299801199,0.9610894629602087,-0.05052593470719278,0.03001745642851817,-0.0004348576073639046,0.0015289007023966406,0.0016107857618408161,-0.014536459002556512,11185,654000000,5.92,0,2,3,-1.174843969485521,-0.696994814513095,4.916727710347137,-1.159797397325317,-0.698235356907331,4.916531337597585,18.61323118209839
1.7635044375,0.0,5.0,0.6391215329994019,0.1783432655160693,4.919730796549958,-0.27418628487211666,-0.0012323257147908804,0.0009744024025381662,0.9616753158427833,-0.07185662380575548,0.03335730633479804,-0.0004893487357299457,0.0008061320045271714,0.002057685674117238,-0.013564572964241961,11185,939000000,5.62,0,2,3,-1.174843969485521,-0.696994814513095,4.916727710347137,-1.149977378415758,-0.7030091639595606,4.916310522744493,19.02203369140625
1.7635044375,0.0,5.0,0.6606891619456292,0.18117471283634087,4.919661882309315,-0.2725318130050349,-0.0014540760859721687,0.0010038101327282756,0.9621451496152451,-0.07828429581097048,0.035057972012991614,-0.0005608626128696962,0.0004518779263662509,0.0009123164716129395,-0.013297128043632256,11186,244000000,5.34,0,2,3,-1.174843969485521,-0.696994814513095,4.916727710347137,-1.1448065223810218,-0.7105467782005439,4.916056656454996,19.372692584991455
1.848,0.0,5.0,0.681027643613572,0.18367120238441442,4.919578423801473,-0.27096122494529606,-0.001501092697696164,0.0010416731865283424,0.9625885290267228,-0.07685230803486043,0.03577449909935648,-0.0006367570234772676,0.0003519662840290039,-7.468828471246525e-05,-0.014091765388002386,11186,504000000,5.11,0,2,3,-1.174843969485521,-0.696994814513095,4.916727710347137,-1.1429871147977244,-0.7188797600169956,4.915793696184201,19.695324182510376
1.9340955625,0.0,5.0,0.7026527319282987,0.18586353116965967,4.9195055113549655,-0.26910474235337306,-0.0014764010856459671,0.0010968314308935003,0.9631091603985351,-0.07432414355017176,0.03636070303470555,-0.0005124388418984495,0.00044214403942532954,-0.00034188807376267505,-0.015480136244150344,11186,751000000,4.89,0,2,3,-1.174843969485521,-0.696994814513095,4.916727710347137,-1.1428731343278578,-0.7277280867617746,4.915533027824249,20.01962900161743
1.9340955625,0.0,5.0,0.7239591849097435,0.1875513187587338,4.919442850144013,-0.2671016182246972,-0.0014493204807485933,0.0011607706067736827,0.9636665801113424,-0.07297094928333801,0.03717649747984734,-0.0005127156132821977,0.00035516508205546415,-0.0002757081546178597,-0.016290225903503597,11187,12000000,4.64,0,2,3,-1.144221229435957,-0.7383327707942836,4.915224589474243,-1.144221229435957,-0.7383327707942836,4.915224589474243,20.340156316757202
2.0217645000000006,0.0,5.0,0.7435664743068832,0.1887623416765213,4.919384642570567,-0.2652059943207778,-0.0014289743247525382,0.0012079458222581442,0.9641899602648831,-0.07248931645036558,0.03788868034062936,-0.0005133507235525931,0.0002834087240444205,-0.0002148696793824456,-0.016315765969920903,11187,261000000,4.37,0,2,3,-1.144221229435957,-0.7383327707942836,4.915224589474243,-1.1444247249520147,-0.7485804544003761,4.914922645003163,20.68082547187805
2.1109801875,0.0,5.0,0.7631548839050376,0.18974026193137764,4.919325451401754,-0.26334681532246124,-0.0014124699742102957,0.0012432889329238106,0.9646993904946342,-0.07223497580901303,0.03835946467488406,-0.0005392771104741209,6.991826495550413e-05,-0.0001415173628060984,-0.015562024418613873,11187,509000000,4.12,0,2,3,-1.1377251342746206,-0.7548027647303776,4.914728865002394,-1.1377251342746206,-0.7548027647303776,4.914728865002394,20.995971202850342
2.1109801875,0.0,5.0,0.7828619158015762,0.19051709946841242,4.919245441381934,-0.26163499609278035,-0.0014026056026504898,0.0012552972932603828,0.9651650562187586,-0.07275627489077621,0.03923589899559561,-0.0006438625591215862,0.00018818587648183893,-2.658868858418373e-05,-0.01438122180843493,11187,753000000,3.88,0,2,3,-1.1377251342746206,-0.7548027647303776,4.914728865002394,-1.1216564889063936,-0.7565639901697873,4.914643185580337,21.2998366355896
2.2017160000000002,0.0,5.0,0.8028966118000326,0.19114284044510224,4.919159601100253,-0.25997778306490144,-0.0014100697908903627,0.0012796714052018205,0.9656127207410528,-0.07396086822920657,0.0402222735243244,-0.000627385695667563,0.00017933153628746368,5.925334214396116e-05,-0.01420682037860388,11187,988000000,3.65,0,2,3,-1.0975510430690878,-0.7545206663799625,4.914645778088616,-1.0975510430690878,-0.7545206663799625,4.914645778088616,21.605154752731323
2.2939453125,0.0,5.0,0.8232221073335291,0.19164322075981532,4.919078560923152,0.25834594182278503,0.0014212995089302343,-0.0013004783785866784,-0.9660505488883028,-0.07485171802026319,0.04093689867947376,-0.0006349263308707111,0.00029165003354592045,8.852350461552305e-05,-0.014008712605573237,11188,235000000,3.43,0,2,3,-1.0669445017588401,-0.749419939041439,4.914716828083143,-1.0669445017588401,-0.749419939041439,4.914716828083143,21.929922819137573
2.2939453125,0.0,5.0,0.8651949917783591,0.19250046420794617,4.91886245242973,0.2551227319739024,0.0014632922103897665,-0.0013589220373905237,-0.9669066158305959,-0.07881970201942906,0.04276086929653322,-0.0008499082435583987,0.0002137850714234446,0.00012790685275376745,-0.01375374768031179,11188,470000000,3.22,0,2,3,-1.0313371245121383,-0.7420467203941588,4.91482839891698,-1.0313371245121383,-0.7420467203941588,4.91482839891698,22.540743112564087
2.3876415,0.0,5.0,0.9020531907880593,0.1933433542812902,4.91862392820946,0.25573827690057793,0.0015214640843206181,-0.0013551222409446241,-0.9667439074122345,-0.0850685124949074,0.04443405813234107,-0.000984697537191393,-4.865012037669203e-05,0.0006302794190560235,0.04192873129795771,11188,954000000,2.8,0,2,3,-1.0313371245121383,-0.7420467203941588,4.91482839891698,-0.9558084932893047,-0.7259441456086265,4.9149312150765665,23.045604467391968
2.4827779375000003,0.0,5.0,0.9317423430342441,0.1947625965290525,4.918422844110385,-0.26399292176736694,-0.0016310661384516204,0.0013154746471631135,0.9645223410613326,-0.09044908410856724,0.04658671262113326,-0.0010735099034125742,3.3282521982869184e-05,0.000652711247539628,0.0663278995489236,11189,349000000,2.84,0,2,3,-1.0313371245121383,-0.7420467203941588,4.91482839891698,-0.9033158171907978,-0.7185983036636483,4.914799930439496,23.490524768829346
2.5793280000000003,0.0,5.0,0.9799791130857238,0.19840303283620375,4.9180898790327054,-0.27989146379824914,-0.0017737226932765919,0.0012651132794324514,0.9600291776238213,-0.09596302418346025,0.04942639158996108,-0.0011771712372111492,5.7983976020636874e-05,0.0004200976150059432,0.07499793136958033,11189,651000000,3.78,0,2,3,-1.0313371245121383,-0.7420467203941588,4.91482839891698,-0.870758007906808,-0.7169509589634335,4.9145893038350925,24.062517404556274
2.6772650625,0.0,5.0,1.0082220871136227,0.20123832272120049,4.917891779922782,-0.2886545030985643,-0.001838287993226613,0.0012717812538437668,0.9574307187001143,-0.09728213794489168,0.050893474781381384,-0.0012216474229812498,0.001013511564451619,0.00018080601478231983,0.04568925214698538,11190,98000000,5.61,0,2,3,-0.8330111349941427,-0.7214123853054214,4.914113086997613,-0.8330111349941427,-0.7214123853054214,4.914113086997613,24.41201114654541
2.7765625000000003,0.0,5.0,1.0366203347964225,0.20414016343196165,4.917687994603728,-0.2907149380248586,-0.0018795490445899733,0.0013799833062997353,0.9568068706644335,-0.09682048375213925,0.0517628929122136,-0.0012564211400165333,0.0010356032930758374,-8.40436911175857e-05,-0.003440961336309556,11190,371000000,6.6,0,2,3,-0.8330111349941427,-0.7214123853054214,4.914113086997613,-0.8164600251994407,-0.7268501980519011,4.913778240853191,24.753847122192383
2.8771936875,0.0,5.0,1.0650561498148727,0.20680509683298381,4.917479899078977,-0.28881388265082514,-0.0018961644263835052,0.0015108187712560563,0.9573821928442496,-0.09669572799228765,0.05263770688328344,-0.0012822356465196484,0.0011287077313681948,-0.00010220776829328315,-0.022171994896780234,11190,621000000,6.77,0,2,3,-0.8330111349941427,-0.7214123853054214,4.914113086997613,-0.8019343322629637,-0.7337478819052399,4.913387142091768,25.093641757965088
2.9791320000000003,0.0,5.0,1.0915100907591309,0.20895255371428964,4.917286018183268,-0.28595080853747545,-0.0019224899285624796,0.0016339506636670238,0.9582409766517329,-0.09731153862475414,0.05372921397065035,-0.0013034476467628329,0.0009025649490013166,5.425558846638978e-06,-0.02614956956676906,11190,882000000,6.48,0,2,3,-0.7868449405770385,-0.7406828634916185,4.912996892133394,-0.7868449405770385,-0.7406828634916185,4.912996892133394,25.417864561080933
2.9791320000000003,0.0,5.0,1.1160783585942482,0.21070562209401786,4.917108261504204,-0.2831899105892033,-0.0019461379568778113,0.001726912227523905,0.9590603238908855,-0.0985594963003959,0.05473707544617579,-0.0013195524194480907,0.000989787451999291,5.928826212198146e-05,-0.02604785950097721,11191,125000000,6.08,0,2,3,-0.7868449405770385,-0.7406828634916185,4.912996892133394,-0.7728339818494768,-0.7473200220056421,4.912600870170067,25.723644495010376
3.0823508125,0.0,5.0,1.1433811961267262,0.21243007057906746,4.916915810942516,-0.2802497668776709,-0.0019906503118742613,0.0018412702813096356,0.959923286101602,-0.10046917074776791,0.056014135721693184,-0.0013380041978921324,0.0008891730772120354,0.0001867263506483141,-0.02512781084078597,11191,351000000,5.7,0,2,3,-0.7605492964458618,-0.7539981207667057,4.9122012661853764,-0.7605492964458618,-0.7539981207667057,4.9122012661853764,26.0302255153656
3.0823508125,0.0,5.0,1.1758534664945204,0.21425955547448725,4.916694020398069,-0.2769311292567856,-0.002039765727945694,0.0019454718690542691,0.9608856353091886,-0.10251816096259192,0.05706651246499941,-0.0013550322928853414,0.0006832932228917343,0.00017840234676214095,-0.024178639250749256,11191,593000000,5.29,0,2,3,-0.7605492964458618,-0.7539981207667057,4.9122012661853764,-0.7479672017688708,-0.7621120436265337,4.91174273453593,26.414573192596436
3.1868235000000005,0.0,5.0,1.2042581893321518,0.21570371265565189,4.916506943316406,-0.2741829839561196,-0.0020729372754725527,0.002016231250047145,0.9616731924367634,-0.10444678874512466,0.05801296869325795,-0.0013654524742517627,0.0005452979678466363,0.00014667531331724604,-0.023565758419863414,11191,871000000,4.83,0,2,3,-0.7341244812604449,-0.7725879727930914,4.911221293905014,-0.7341244812604449,-0.7725879727930914,4.911221293905014,26.730300903320312
3.2925234375000008,0.0,5.0,1.233112159403659,0.21704179450204697,4.916322565604494,-0.2714853771422319,-0.0020981797022294087,0.002073871218742307,0.9624380430438342,-0.10605696494908076,0.058675217536326964,-0.0013727029144835752,0.00043476967164224334,0.00011648503175365477,-0.02320057847100543,11192,113000000,4.45,0,2,3,-0.7341244812604449,-0.7725879727930914,4.911221293905014,-0.7226438542696978,-0.7822870677825778,4.910792749174816,27.047404289245605
3.3994240000000002,0.0,5.0,1.2624409565125447,0.2183186006185165,4.916140121357221,-0.2688238409289828,-0.0021173176218862314,0.002120972990172762,0.9631846972350898,-0.10820472253278113,0.059383547356272146,-0.0014186794857489813,0.00034740680519007583,0.00013347434020261062,-0.022846049432700966,11192,356000000,4.07,0,2,3,-0.7341244812604449,-0.7725879727930914,4.911221293905014,-0.706670355398682,-0.7900621381512747,4.9104309675130375,27.353196144104004
3.3994240000000002,0.0,5.0,1.2924107320133558,0.2195636250710149,4.915921108352221,-0.2662115038256118,-0.0021455430310101465,0.002156283037420239,0.9639098413853189,-0.11105335291148524,0.06041366209568905,-0.0016360522672652998,0.0002824395210154762,0.0002773220302287882,-0.022558929413207807,11192,596000000,3.7,0,2,3,-0.6808350824132032,-0.792907158861292,4.910222580586716,-0.6808350824132032,-0.792907158861292,4.910222580586716,27.656315803527832
3.5074985625000004,0.0,5.0,1.323139974724966,0.22080497235731164,4.91569246797598,-0.26357600829715233,-0.0021884124811938506,0.002179856722518841,0.9646336853571,-0.11411031720326584,0.061387860692674476,-0.0016044569355330288,0.0002217780348701126,0.0003792545783198875,-0.02285617756569991,11192,823000000,3.34,0,2,3,-0.6808350824132032,-0.792907158861292,4.910222580586716,-0.6463681821362193,-0.7914124917344122,4.910146103352813,27.98179864883423
3.5074985625000004,0.0,5.0,1.354530745370534,0.22204373068677716,4.915476969965511,-0.2609329948919141,-0.002230411657834473,0.0021972735418211375,0.9653518371192729,-0.11665324724492956,0.06205962938747565,-0.0015774763665165376,0.00017474446423193513,0.0003354470948124799,-0.02275791575812036,11193,69000000,2.98,0,2,3,-0.6808350824132032,-0.792907158861292,4.910222580586716,-0.6047413269577936,-0.7863946585323509,4.910154721146489,28.30567193031311
3.6167205000000004,0.0,5.0,1.3838728641136442,0.22319467330869927,4.9152898964859135,0.2585260849947391,0.0022616162845858355,-0.002210815401590837,-0.9659990997740804,-0.11913840292423694,0.06261437577468787,-0.0015550728229193791,0.00014083045556390061,0.000273961009611412,-0.022559404533240013,11193,297000000,2.63,0,2,3,-0.6808350824132032,-0.792907158861292,4.910222580586716,-0.5575934157195349,-0.7787155713397752,4.910200392332379,28.612889528274536
3.7270631875,0.0,5.0,1.4551357370400004,0.22597068589796487,4.914881990493557,0.252842130645315,0.0023391633353728064,-0.0022809775713981072,-0.9675020322598535,-0.12440232221271956,0.06360954639447147,-0.0015162046192357095,0.00037099374594617984,0.00032417956674635207,-0.022930056184122805,11193,536000000,2.3,0,2,3,-0.6808350824132032,-0.792907158861292,4.910222580586716,-0.5142123957132606,-0.7718489869744796,4.910217888180369,29.248926162719727
3.7270631875,0.0,5.0,1.5031000154664893,0.2279255100740125,4.914618609536789,0.2497100375487784,0.002372213223615443,-0.00222762331271437,-0.9683151901350027,-0.12791646054015954,0.06268669124567042,-0.001737524772705,-0.00120443419291405,0.00035879767779078975,-0.0077706471074634464,11194,45000000,1.54,0,2,3,-0.6808350824132032,-0.792907158861292,4.910222580586716,-0.40482946952944254,-0.7527978692474956,4.910007673268685,29.692307710647583
3.8385000000000007,0.0,5.0,1.548995819573581,0.23067915473083053,4.914246112003323,0.25008704335030146,0.0023846957159804364,-0.0020491566439517937,-0.9682182527362799,-0.13155950493013435,0.0611183444797755,-0.0020979124113647794,-0.0009666219284554245,0.00030884578166023857,0.01740027601044858,11194,384000000,1.11,0,2,3,-0.6808350824132032,-0.792907158861292,4.910222580586716,-0.33262584123846894,-0.7406173449055324,4.90964619999142,30.11659264564514
3.9510043125000003,0.0,5.0,1.5986940495099182,0.23474288127904988,4.913764333958422,0.2545330643014992,0.0024028596981368793,-0.0018980343820399024,-0.9670592240954243,-0.13495683186301713,0.06081142378561011,-0.0023048781754845377,-0.0006430430516957131,0.00021828838328019629,0.03237393648305442,11194,708000000,1.06,0,2,3,-0.2715711873514255,-0.7334067746254854,4.909182206904623,-0.2715711873514255,-0.7334067746254854,4.909182206904623,30.562648057937622
4.0645495,0.0,5.0,1.6581559565678248,0.24082186251844706,4.913121077520058,-0.26132382841762597,-0.0024234111811507726,0.0017717645949886342,0.9652465201333917,-0.13770039406939605,0.061009138077329106,-0.0024956830065816747,-0.0004134059480520591,0.00014083122152896976,0.037897056608926505,11195,49000000,1.47,0,2,3,-0.2715711873514255,-0.7334067746254854,4.909182206904623,-0.2164829003038924,-0.7315788244828902,4.908571499610603,31.081958770751953
4.179108937500001,0.0,5.0,1.7243852127242798,0.2489271885647486,4.912340525670183,-0.2699004529201097,-0.0024428056260268768,0.0016752060819502485,0.96288367516475,-0.1394505879680521,0.06148752945777871,-0.0026537923220563927,-0.000245274441112997,7.65520425716204e-05,0.043821851431857795,11195,454000000,2.08,0,2,3,-0.2715711873514255,-0.7334067746254854,4.909182206904623,-0.16034921880265093,-0.73488270701939,4.907706670280078,31.633779287338257
4.294656000000001,0.0,5.0,1.7607248121628356,0.25388744692743914,4.911890525066718,-0.27478215089774494,-0.0024639365774763284,0.001675191696176683,0.9615018940685097,-0.14008737399433144,0.06270313784603175,-0.002696081011984712,0.001882269293673744,0.00010868371660421872,0.02726174843701301,11195,881000000,2.86,0,2,3,-0.10540830019345432,-0.743014912428163,4.906721636442592,-0.10540830019345432,-0.743014912428163,4.906721636442592,31.978304862976074
4.411164062500001,0.0,5.0,1.8006395231441479,0.2590301868061669,4.911418023924823,-0.27481044438983904,-0.002554060810592715,0.0019067912933788123,0.9614931411999766,-0.1413322199544506,0.06583395374790024,-0.0026444026694303234,0.0022052854092180496,0.00022103333350287357,-0.017428103274141904,11196,136000000,3.28,0,2,3,-0.10540830019345432,-0.743014912428163,4.906721636442592,-0.07519691949070086,-0.7478350095959423,4.906185960803768,32.29222130775452
4.5286065,0.0,5.0,1.8349345149381693,0.2629419462122132,4.9110402141940295,-0.2720217230427612,-0.002634376801503463,0.0021200924684700727,0.9622851695103899,-0.14253215016454918,0.06780407906585642,-0.002591805261721467,0.0019221042521166964,0.00026329569209337933,-0.03171494317939505,11196,383000000,3.12,0,2,3,-0.04026084158055802,-0.7523452099725165,4.905642139438096,-0.04026084158055802,-0.7523452099725165,4.905642139438096,32.592350006103516
4.6469566875,0.0,5.0,1.8729807425052472,0.26672975365125434,4.910669515668076,-0.26806393006304424,-0.0027165162299542436,0.0023250920164739853,0.9633944902716864,-0.1446580449074977,0.06997261171831953,-0.00245110650336166,0.00170673874890781,0.0003192301619492355,-0.03535056566761341,11196,614000000,2.66,0,2,3,-0.04026084158055802,-0.7523452099725165,4.905642139438096,-0.010609330207196416,-0.7564233421756628,4.905188138827603,32.893203020095825
4.6469566875,0.0,5.0,1.9118214183775737,0.2700526832285557,4.910328568827616,-0.2640106579737437,-0.002795357803748983,0.002505131471292794,0.9645124585858552,-0.1473505697121173,0.07209647463948446,-0.0024389360932824144,0.001390966247072356,0.00037465563025307347,-0.03446856535447296,11196,856000000,2.01,0,2,3,-0.04026084158055802,-0.7523452099725165,4.905642139438096,0.02329609759324991,-0.7622152884340622,4.904643395565655,33.201236724853516
4.7661880000000005,0.0,5.0,1.9515567657198258,0.27300220404883524,4.910004917433879,-0.26014108797536806,-0.002872481059510835,0.002644779676837148,0.9655627210803115,-0.15044422046857014,0.0739673106625749,-0.0024493477618980778,0.0009623340702091809,0.000412996391219167,-0.032599781479802914,11197,95000000,1.46,0,2,3,0.05066433868459141,-0.7682422549556767,4.90417508676256,0.05066433868459141,-0.7682422549556767,4.90417508676256,33.52397608757019
4.7661880000000005,0.0,5.0,1.9920563947517207,0.275641639193334,4.909677385896003,0.2564415231766639,0.002929466515447834,-0.0027443845991836488,-0.9665514118607139,-0.15299068897577756,0.07528404111987369,-0.002530342462257703,0.0009062862943665095,0.00032957751443518646,-0.03172252618242055,11197,320000000,0.9,0,2,3,0.08071898595040097,-0.7752233519879556,4.903665477872208,0.08071898595040097,-0.7752233519879556,4.903665477872208,33.833606004714966
4.886273812500001,0.0,5.0,2.071663558612545,0.2801084543764314,4.909082774253726,0.24933126194932542,0.003020764441020038,-0.0029135102928018962,-0.9684091636569342,-0.15786220880578122,0.07674671764449939,-0.0024711336981952255,0.0005928487325945753,0.0002650741294019099,-0.03197581354470458,11197,563000000,0.36,0,2,3,0.11796113061024024,-0.7787234647708601,4.903200133273897,0.11796113061024024,-0.7787234647708601,4.903200133273897,34.44525742530823
5.007187500000001,0.0,5.0,2.201829868408463,0.3106671257365954,4.907166954443837,0.24346563059881937,0.012602743823841396,-0.005609971585846559,-0.9698114176395509,-0.46733805193456324,0.05514223091936556,-0.019004973942625365,0.03072375438932795,0.08337297040270641,-0.011513825029396685,11198,34000000,0.67,0,2,3,0.20355485598799838,-0.7788372814619431,4.902443159752791,0.20355485598799838,-0.7788372814619431,4.902443159752791,35.062888622283936
5.128902437500001,0.0,5.0,2.432805933595079,0.4142054765582828,4.904691936767751,0.24172180727812126,0.02958485614400639,-0.0063809871076114105,-0.9698734902948267,-0.7657466270616141,0.03127958815432865,-0.044328780395419806,0.018819533215719275,0.07315015172935091,-0.0014337576658363105,11198,523000000,1.95,0,2,3,0.20355485598799838,-0.7788372814619431,4.902443159752791,0.29765859841318265,-0.7800494150090115,4.901667989245475,35.5897855758667
5.251392000000001,0.0,5.0,2.781566933166758,0.5887230925355866,4.908209867028582,0.24099467373121514,0.043360116033667837,-0.00605834949875898,-0.9695384283111643,-0.9813172651647687,0.010606713939323427,-0.058697154660763265,0.009099345788854407,0.04894168087048456,-0.005798849815619178,11198,936000000,3.69,0,2,3,0.3668235238154035,-0.7860314714572436,4.900913564427855,0.3668235238154035,-0.7860314714572436,4.900913564427855,36.138587474823
5.374629562500001,0.0,5.0,3.316124407740469,0.8702526318745881,4.937137914024692,0.24040478719351893,0.052683522030749344,-0.0059429889605552115,-0.9692237438708822,-1.1624540495978422,-0.003299497696553316,-0.025220630828281927,0.006636731359321857,0.01448676930522197,0.006086153780415771,11199,366000000,5.18,0,2,3,0.3668235238154035,-0.7860314714572436,4.900913564427855,0.45773965293322333,-0.7854222583953551,4.900055799113364,36.83715224266052
5.4985885,0.0,5.0,3.784512407840823,1.1210722777197963,4.990714107125587,0.2427285294369978,0.053088941211247964,-0.007339665234624825,-0.9686126958865784,-1.2562258826652757,0.0036272006607207577,0.030213889453184883,0.00753746680857148,-0.016154143304447643,0.01794671406969428,11199,922000000,5.93,0,2,3,0.3668235238154035,-0.7860314714572436,4.900913564427855,0.6014961970516557,-0.7699284142729576,4.899191786300487,37.423137187957764
5.623242187500001,0.0,5.0,4.275404648049536,1.3816204442280533,5.0698588120438615,0.2472800500309884,0.04819294900206553,-0.01027155295361393,-0.9676902974211723,-1.2649365887215185,0.029792400069355175,0.08209105172739083,0.0087175598309841,-0.028998038760619238,0.024778637271083426,11200,370000000,5.31,0,2,3,0.3668235238154035,-0.7860314714572436,4.900913564427855,0.7287711397206662,-0.7504322684135062,4.898437672385679,37.98327898979187
5.748564,0.0,5.0,4.687698403366465,1.593881465290271,5.14406400078452,0.2510222121950962,0.04391575008348514,-0.012588474748149146,-0.9669026766861286,-1.164926631607879,0.051345634057839616,0.08614491257681235,0.005940755272604292,-0.01265255332327797,0.011627007643255638,11200,814000000,3.92,0,2,3,0.3668235238154035,-0.7860314714572436,4.900913564427855,0.8634791066269467,-0.7273441950788369,4.897396158179355,38.45849585533142
5.874527312500001,0.0,5.0,5.017643047727684,1.7586254136937038,5.195876715065251,0.2512593011352145,0.04499362085736721,-0.013173839814215119,-0.9667837336342269,-1.0199543732799872,0.054430776771276154,0.024341978767641537,0.004309194309826125,0.034591697840369307,-0.01747835867718095,11201,190000000,2.9,0,2,3,0.3668235238154035,-0.7860314714572436,4.900913564427855,0.9835967311521118,-0.7058040861151212,4.8961375510928775,38.9386842250824
6.0011054999999995,0.0,5.0,5.3082366617979035,1.900422726914519,5.215480975208861,0.24584639538293235,0.054138111073936755,-0.011596415585814139,-0.967726272223776,-0.8922281409688422,0.04091146220103806,-0.07561986052691165,0.0012785369790435652,0.06571171907125972,-0.04520909278653562,11201,523000000,2.81,0,2,3,1.0929620711546502,-0.6859251534236752,4.894736249475883,1.0929620711546502,-0.6859251534236752,4.894736249475883,39.45070719718933
6.1282719375,0.0,5.0,5.553903457188051,2.0182775193493554,5.211712642607214,0.23779486852413406,0.06341963340459394,-0.009571464374166248,-0.9691955105509673,-0.8051322636708822,0.026520192153268295,-0.10643667563069188,-0.0037496975437534275,0.0339545924362028,-0.048428810623590834,11201,874000000,3.84,0,2,3,1.2035293922131203,-0.6658084163468359,4.893062057580872,1.2035293922131203,-0.6658084163468359,4.893062057580872,39.92249250411987
6.256,0.0,5.0,5.807444353159906,2.1387257042053722,5.21940849485434,0.2307247204237624,0.06270683126826788,-0.00924703852841893,-0.9709523412485925,-0.764623850391734,0.01934162007689702,-0.035942468879239665,-0.00607740707891935,-0.040157255716621876,-0.028095691050111782,11202,179000000,5.37,0,2,3,1.2035293922131203,-0.6658084163468359,4.893062057580872,1.308164257855655,-0.6468753980550244,4.891255891032173,40.421082973480225
6.3842630625000005,0.0,5.0,6.096244055411841,2.2743223017118197,5.258652038545933,0.22781562738788497,0.05061721354615974,-0.011489892497334012,-0.9723198650552637,-0.7723949394448129,0.023339703693716508,0.053888393797004455,-0.0020042205733261653,-0.06774863213649951,-0.0036930267697243835,11202,555000000,6.17,0,2,3,1.4261838319481503,-0.6257549051806771,4.888992233636811,1.4261838319481503,-0.6257549051806771,4.888992233636811,40.951106548309326
6.5130345,0.0,5.0,6.466110039230701,2.4432070657163667,5.344124791097676,0.22933101705221898,0.034480138942486846,-0.015126168904504972,-0.9726199687702148,-0.7291798550507689,0.03835418355143258,0.13588276615652156,-0.00013512302530216402,-0.05028496052545961,0.009444041825190652,11202,975000000,6.04,0,2,3,1.4261838319481503,-0.6257549051806771,4.888992233636811,1.5646091436959375,-0.6015183271262178,4.886041309558907,41.69049334526062
6.6422876875,0.0,5.0,6.705488291884251,2.54859774994847,5.417126210446423,0.23122639211056634,0.02709948381906624,-0.016764683708507692,-0.9723779712377405,-0.6483874642102094,0.044431719348489246,0.16716037360770986,-0.00023515055005418617,-0.02378658791712951,0.007432333359247423,11203,514000000,6.06,0,2,3,1.4261838319481503,-0.6257549051806771,4.888992233636811,1.7436765427327654,-0.5712423648509217,4.881970858266446,42.17101788520813
6.7719960000000015,0.0,5.0,6.958605385831832,2.657533308669381,5.514369919326248,0.23303412688670605,0.02589828407093578,-0.017218183739630924,-0.971971146041404,-0.5175300106936056,0.04314378438747164,0.1831458059803154,0.001651146374115342,0.01177009689854458,0.008795023222774034,11203,889000000,6.46,0,2,3,1.8702544007132085,-0.5505425969625333,4.8789528337298815,1.8702544007132085,-0.5505425969625333,4.8789528337298815,42.765159368515015
6.9021328125,0.0,5.0,7.137730331698873,2.7335238198859755,5.602445243149121,0.23578900180732498,0.029192287998129222,-0.01664838622252774,-0.9712230373010748,-0.43143197278990914,0.04194837672314328,0.18939930636323912,0.001341349411632109,0.017696360373520292,0.023551539925392717,11204,373000000,6.94,0,2,3,1.8702544007132085,-0.5505425969625333,4.8789528337298815,2.030386932653942,-0.5251395619398412,4.8750464890219405,43.32086539268494
7.032671500000001,0.0,5.0,7.275350835582589,2.791192417128458,5.683508463996797,0.2414827610664742,0.03207278906007441,-0.016001111001811542,-0.9697429436486389,-0.3773819809945588,0.04371769238912361,0.19173146722020443,0.0010404806062069838,0.008493524182995316,0.043356082824175246,11204,793000000,7.11,0,2,3,1.8702544007132085,-0.5505425969625333,4.8789528337298815,2.170409334395367,-0.5036568542229279,4.871586009427912,43.81832146644592
7.1635854375,0.0,5.0,7.415804854048151,2.8494875171641305,5.777375911133311,0.25316480523098606,0.032988422173038365,-0.015674252926403974,-0.966733501638424,-0.33712344295336816,0.048263524498220974,0.1915689192022984,0.0012165181374257372,-0.0019815009636658942,0.06752411281922832,11205,159000000,7.05,0,2,3,1.8702544007132085,-0.5505425969625333,4.8789528337298815,2.297234232783651,-0.48484310505512385,4.868475175764888,44.386258363723755
7.294848000000002,0.0,5.0,7.526633084096724,2.8958710636599116,5.857486119925807,-0.26777376486021126,-0.03268328011688936,0.015547732622606378,0.9628017875262203,-0.3141387768107819,0.05255506116020262,0.19007581826889558,0.0015035694445941772,-0.0051121557589794975,0.10159145531360991,11205,608000000,6.92,0,2,3,1.8702544007132085,-0.5505425969625333,4.8789528337298815,2.444072614660478,-0.46374011944699856,4.864854137864798,44.88148045539856
7.426432562500002,0.0,5.0,7.651659467465419,2.9504269562350176,5.952726047535343,-0.2947798202467427,-0.03199601907429667,0.015328807015817996,0.9549063514367087,-0.2942865900758449,0.05910724598452527,0.18704857185004312,0.0016210069929911697,-0.005925145387664088,0.14466761494986713,11205,995000000,6.93,0,2,3,1.8702544007132085,-0.5505425969625333,4.8789528337298815,2.570953400061046,-0.4460690299527903,4.861724238155122,45.469812631607056
7.5583125,0.0,5.0,7.7182321113238865,2.9808134806281354,6.0049437155988405,-0.3117074203795272,-0.030540615012369716,0.013256954492568127,0.9495946546145828,-0.26434262750312104,0.06935158681071002,0.16990777438614527,-0.07295196919585578,-0.026081262512889225,0.07193316851044074,11206,439000000,7.4,0,2,3,2.7242933001327203,-0.4254345478291734,4.857938592552076,2.7242933001327203,-0.4254345478291734,4.857938592552076,45.84571146965027
7.6904611875,0.0,5.0,7.775039434090241,2.999277234191288,6.045445967617547,-0.31131472621185324,-0.022587586430930062,0.006094399138964762,0.9500188421720903,-0.18925230859329678,0.08488058025667419,0.1186754234678479,-0.07083941163728014,-0.04689369634434115,-0.05509007860382553,11206,709000000,8.23,0,2,3,2.8108001731575647,-0.414092343160857,4.855778228330569,2.8108001731575647,-0.414092343160857,4.855778228330569,46.17077946662903
7.822852,0.0,5.0,7.820542121277095,3.0033705503182286,6.071331864434888,-0.3018080753106006,-0.014489001251216556,0.00036732319620824076,0.9532585271550015,-0.12467285740770429,0.09705738246719411,0.06996517615404953,-0.05398730863817036,-0.04134438822802622,-0.09005875544971786,11206,963000000,9.2,0,2,3,2.8108001731575647,-0.414092343160857,4.855778228330569,2.897324260896091,-0.4029705582194716,4.853625158093485,46.509623289108276
7.955458312500001,0.0,5.0,7.853801512216137,2.9964081503904074,6.083681373143097,-0.29142339128176625,-0.008690459076131737,-0.0035626537977808516,0.9565480596565954,-0.07708773239510473,0.1080768626686494,0.030195429708887372,-0.03955582433263771,-0.03128968382952735,-0.08652682299725711,11207,220000000,10.09,0,2,3,2.8108001731575647,-0.414092343160857,4.855778228330569,2.9837499951459563,-0.39210950554560725,4.851485088569625,46.8484148979187
8.088253500000002,0.0,5.0,7.882095887285932,2.97935331902414,6.086378674071734,-0.2820182814339123,-0.004280464737529971,-0.006653469912361704,0.959376410954959,-0.036571569646149216,0.1206234133660679,-0.007293086329483095,-0.026472421086509712,-0.021198726608417928,-0.06425805549952202,11207,471000000,10.9,0,2,3,2.8108001731575647,-0.414092343160857,4.855778228330569,3.063577296558089,-0.3822920886801565,4.849524141883778,47.17834758758545
8.2212109375,0.0,5.0,7.902562833646507,2.9565084878667585,6.0804678086419335,-0.27582909956948404,-0.0015876618006094062,-0.00857808213239082,0.9611671049654291,-0.007548088808969266,0.1314998319352079,-0.037041979887576806,-0.016329305799445137,-0.01431801147191436,-0.04419455217430368,11207,726000000,11.65,0,2,3,2.8108001731575647,-0.414092343160857,4.855778228330569,3.150127991081701,-0.3718629922861703,4.84741728089829,47.5156512260437
8.354304,0.0,5.0,7.919994795703682,2.9257452442968517,6.066421523525359,-0.2715630579942869,0.0002466145661506767,-0.009713567850851135,0.9623715973124176,0.01654958546264224,0.141427666153438,-0.06421033717963082,-0.007364885595961823,-0.008994306699605659,-0.024694905732758343,11207,969000000,12.18,0,2,3,2.8108001731575647,-0.414092343160857,4.855778228330569,3.2300008485467675,-0.36243719259081114,4.845487900986961,47.84725522994995
8.4875060625,0.0,5.0,7.932764774645537,2.8931001623593193,6.047663821719737,-0.26958779681903244,0.0012139356563265237,-0.010074298232434381,0.9629223513251762,0.033304957774342704,0.1486631357394473,-0.08466916817438792,-0.001787931705621304,-0.005504209275386529,-0.010031862439063843,11208,220000000,12.56,0,2,3,3.316464437009736,-0.35244198041294983,4.843398110569034,3.316464437009736,-0.35244198041294983,4.843398110569034,48.18327832221985
8.6207905,0.0,5.0,7.943244217722807,2.8574105115207207,6.024459807137354,-0.2691805516302419,0.0017025448653687223,-0.009975937236223902,0.9630365583098488,0.04559807142159604,0.1542365147669802,-0.10113736175802712,0.002568299737504276,-0.0031134341270444565,0.002082726030039339,11208,473000000,12.75,0,2,3,3.316464437009736,-0.35244198041294983,4.843398110569034,3.3961714227714053,-0.3434149981025036,4.841452478081128,48.51812481880188
8.6207905,0.0,5.0,7.95220309502249,2.8195369463535234,5.9977432750336535,-0.2700894431569167,0.001846680463328071,-0.009492343204524831,0.9627866730937544,0.05397190356358624,0.15819310286066882,-0.11413946171097822,0.00512583856107085,-0.0014207457411430369,0.0130538192934182,11208,712000000,12.8,0,2,3,3.316464437009736,-0.35244198041294983,4.843398110569034,3.4759231707760874,-0.334545503662359,4.839513492857597,48.8517951965332
8.7541306875,0.0,5.0,7.960934255638792,2.7768785564956193,5.965762682444246,-0.27245357454400954,0.001769426735624456,-0.008776545528757177,0.9621272738550761,0.0599435949668245,0.16085689033370792,-0.12487243770490282,0.0061709171404800145,-0.0002792647336491427,0.023229038197314367,11208,957000000,12.76,0,2,3,3.5623195860214185,-0.3251081685696305,4.83743793491404,3.5623195860214185,-0.3251081685696305,4.83743793491404,49.191933155059814
8.887500000000001,0.0,5.0,7.968416847249695,2.736534636798907,5.934152203387288,-0.2754789987596991,0.0015923247034367667,-0.008046577746887659,0.9612720938064079,0.06399287744638993,0.16202252060186412,-0.13219946880413694,0.007869397904869402,0.0001900489507988823,0.028392000058374833,11209,204000000,12.57,0,2,3,3.5623195860214185,-0.3251081685696305,4.83743793491404,3.6420606289484603,-0.31656657799499544,4.835542764139371,49.52083778381348
8.887500000000001,0.0,5.0,7.975712774766473,2.695690305753667,5.901112802265264,-0.27893978509391243,0.0013231563820793701,-0.007167378184799216,0.9602809350595827,0.06588047105727257,0.1625348518329622,-0.1374598242952171,0.008427382545050932,0.0004981429071904131,0.031393763492815197,11209,456000000,12.36,0,2,3,3.5623195860214185,-0.3251081685696305,4.83743793491404,3.721931967828655,-0.3081617040454766,4.833668664576307,49.840484380722046
9.020871812500001,0.0,5.0,7.983197576063427,2.6546945702427216,5.867115361389785,-0.28272581856653306,0.0010009244563167156,-0.00625667524386114,0.9591798390713855,0.06614988863463431,0.1625684377095601,-0.14090920473866442,0.008030359640542883,0.0007225656247555889,0.03378409019205719,11209,695000000,12.12,0,2,3,3.5623195860214185,-0.3251081685696305,4.83743793491404,3.8018499576626597,-0.2999004240673472,4.831812848642899,50.15801644325256
9.1542195,0.0,5.0,7.990989389945016,2.613734180741244,5.832547863992975,-0.286669711744314,0.0006843476541981467,-0.005395550966704006,0.9580140375101429,0.06599626179172709,0.1621662278360961,-0.14287100925153123,0.008459144373773597,0.0006354030631428031,0.03437594677961897,11209,925000000,11.85,0,2,3,3.8817847604275593,-0.29179335310907434,4.829986014758583,3.8817847604275593,-0.29179335310907434,4.829986014758583,50.47869610786438
9.1542195,0.0,5.0,7.999272459985931,2.5730313717690656,5.797736395098722,-0.29058905435874494,0.00035763489908964856,-0.004485510915433909,0.956837370599621,0.06430839611477508,0.16152788647275032,-0.14361670623928882,0.008796889687801013,0.0005509809852810577,0.033796049683587626,11210,159000000,11.59,0,2,3,3.8817847604275593,-0.29179335310907434,4.829986014758583,3.961652266708742,-0.2838363874683254,4.828215748233391,50.800830125808716
9.2875164375,0.0,5.0,8.008315650799405,2.5327724138556738,5.762951441374571,-0.2944214589552602,2.9765240676526625e-05,-0.0035804217736413475,0.9556689720821793,0.06169158597170894,0.16092444683255985,-0.14336663925168805,0.007462122448487207,0.0005164424862869055,0.03285912534920499,11210,399000000,11.32,0,2,3,3.8817847604275593,-0.29179335310907434,4.829986014758583,4.041384654097753,-0.2760170794111657,4.826509293634487,51.12747073173523
9.420736000000002,0.0,5.0,8.018088238698958,2.493011892985416,5.7283927959671574,-0.2981179956547519,-0.00025597377602533324,-0.0028184679751594686,0.9545248301550318,0.05922106308045427,0.16011855301815198,-0.142369324020044,0.0071435536483477335,0.00046975135887805664,0.03192991171090398,11210,645000000,11.07,0,2,3,3.8817847604275593,-0.29179335310907434,4.829986014758583,4.121175010205058,-0.2683307401568433,4.824844191242661,51.45229125022888
9.420736000000002,0.0,5.0,8.0277740043433,2.4570866498272976,5.697047029869236,-0.30145586558846954,-0.0005151196897798087,-0.0021391179532545355,0.9534775927772994,0.05605829632419024,0.15950454415466953,-0.1409322062967877,0.007028181380519527,0.00048461852770742553,0.03153858197038062,11210,884000000,10.82,0,2,3,4.201203258018003,-0.260765298091198,4.823220944401014,4.201203258018003,-0.260765298091198,4.823220944401014,51.77288556098938
9.5538515625,0.0,5.0,8.03934657724072,2.4185446795701577,5.663327708267675,-0.30498412013913606,-0.0008110554946752064,-0.0014056217530649057,0.9523560536267035,0.051832428026299296,0.1591432124557384,-0.13887330016706,0.005998448386890232,0.0005648976411976037,0.030195629369700328,11211,112000000,10.6,0,2,3,4.201203258018003,-0.260765298091198,4.823220944401014,4.274718038837571,-0.2539291583737827,4.821776895576381,52.0904655456543
9.6868365,0.0,5.0,8.051901450660413,2.380690374293953,5.630237554382227,-0.30834485207028106,-0.0010679553592603153,-0.0008157517692297032,0.9512736967992744,0.04815909048426331,0.15855615902812487,-0.1362017396868785,0.005628127701129415,0.0005354215772968018,0.028888263295812067,11211,356000000,10.37,0,2,3,4.201203258018003,-0.260765298091198,4.823220944401014,4.3550231006836935,-0.24659434251175086,4.820242243436077,52.40411996841431
9.6868365,0.0,5.0,8.064292100144224,2.3466086524749117,5.600566620067211,-0.3113216511053162,-0.001300393925639804,-0.0002846334332499144,0.9503036659471048,0.04418728782078976,0.15830248624717,-0.13333995711911262,0.005667511004503467,0.000520079527177586,0.02792016111925477,11211,582000000,10.15,0,2,3,4.201203258018003,-0.260765298091198,4.823220944401014,4.435360088050876,-0.23940583516005565,4.818742950531979,52.709612131118774
9.819664187500003,0.0,5.0,8.07894573141601,2.310157641362669,5.568975915613964,-0.31438026205925806,-0.0015611622423105593,0.000291937362406479,0.9492958065706293,0.03920958911221778,0.1582781559277865,-0.13007936309857232,0.00463653832412092,0.0005424014602795069,0.025747480503923725,11211,809000000,9.96,0,2,3,4.201203258018003,-0.260765298091198,4.823220944401014,4.508995594630629,-0.23293338198397945,4.817419688467575,53.02477192878723
9.819664187500003,0.0,5.0,8.093350656069083,2.277409809786733,5.54077794693445,-0.31694168176106513,-0.0017596611144787176,0.0007030194015347623,0.9484431346785904,0.03517699874433306,0.1580779791830768,-0.1268451371315109,0.004703027479990851,0.0004888806472536089,0.023414893257722724,11212,44000000,9.76,0,2,3,4.201203258018003,-0.260765298091198,4.823220944401014,4.589479329961428,-0.22597379578738347,4.816057359259349,53.33457827568054
9.952308000000002,0.0,5.0,8.11011817811992,2.2424200514973,5.510888753931455,-0.3194033369195791,-0.0019848644398380976,0.001183726763274658,0.9476160443284732,0.03037798817239379,0.15796640485462804,-0.12310382544692144,0.0035776261256614816,0.00044003158734540193,0.019970017092418857,11212,262000000,9.59,0,2,3,4.201203258018003,-0.260765298091198,4.823220944401014,4.6633639838312835,-0.21967651974376262,4.81487163551243,53.638821601867676
10.0847413125,0.0,5.0,8.126366506370964,2.2110118133303143,5.484337063987324,-0.32131904042463155,-0.0021423352457519396,0.001497581859086303,0.946967392209924,0.026396781950602216,0.15773662550200201,-0.11949329968647097,0.003907843756678631,0.000388506842341485,0.01690869285084773,11212,498000000,9.4,0,2,3,4.201203258018003,-0.260765298091198,4.823220944401014,4.743976734382609,-0.21288919264285036,4.813644724951175,53.9410662651062
10.0847413125,0.0,5.0,8.143487346739084,2.1802436851282807,5.458617307907511,-0.32289200511919397,-0.0023200874270099324,0.0018741161476881734,0.9464311163064656,0.021770482621733568,0.15780568679686238,-0.115832107723096,0.004074192611369654,0.00044765867812657234,0.013709719678445254,11212,720000000,9.23,0,2,3,4.818001261045784,-0.20674725014385475,4.8125900888552575,4.818001261045784,-0.20674725014385475,4.8125900888552575,54.24331283569336
10.216937500000002,0.0,5.0,8.16328303518404,2.147433533876649,5.43150918576465,-0.3242758343357573,-0.0025307204554895417,0.0022644687859660925,0.9459564741048829,0.016359548157617056,0.15806917002330018,-0.11186025134496555,0.002753228068286262,0.0006030059296335821,0.010792744251375552,11212,950000000,9.06,0,2,3,4.818001261045784,-0.20674725014385475,4.8125900888552575,4.892185141114873,-0.20069242135135862,4.811599491706002,54.559149503707886
10.348869937500002,0.0,5.0,8.18415055716187,2.115380822325755,5.405393823023493,-0.3253433521400858,-0.0026868695128678495,0.002505815552352306,0.9455888138291878,0.01144418390341653,0.15822383570631335,-0.10785327013108825,0.0026498369152250234,0.0005475895932249841,0.009234211029252037,11213,186000000,8.87,0,2,3,4.973136845137171,-0.19418297495827533,4.810599339388994,4.973136845137171,-0.19418297495827533,4.810599339388994,54.88953351974487
10.348869937500002,0.0,5.0,8.206109149098953,2.0840554954597605,5.380238146297217,-0.3264782196261834,-0.0028520638512497917,0.00275532484276843,0.9451964060588235,0.006207299828990983,0.15870654392476108,-0.10403893437923199,0.0027383819997339742,0.0006055405435745342,0.009994464926421642,11213,433000000,8.67,0,2,3,4.973136845137171,-0.19418297495827533,4.810599339388994,5.054247119062381,-0.1877938177134751,4.809673829271313,55.20892643928528
10.480512000000001,0.0,5.0,8.231258059076914,2.0509779081587043,5.35406155999872,-0.32757864271573955,-0.003029348967333003,0.003017331698145086,0.9448142418437454,0.00019675772230179893,0.15929473276201217,-0.09978916057048895,0.0016824830709083471,0.0005562197998187912,0.007891452241892694,11213,677000000,8.48,0,2,3,4.973136845137171,-0.19418297495827533,4.810599339388994,5.142345696204851,-0.18103058828022114,4.80874280441931,55.53915786743164
10.480512000000001,0.0,5.0,8.255578519907827,2.0211924925933324,5.330920925215757,-0.32835173019493563,-0.0031449994564874025,0.003155308263531822,0.944545019724403,-0.0045802470870405934,0.15958140333718226,-0.09579791891928506,0.0018014576312452846,0.0005072413955531374,0.0057740843658393715,11213,933000000,8.27,0,2,3,5.223689811586199,-0.17491838740554297,4.807935594575639,5.223689811586199,-0.17491838740554297,4.807935594575639,55.865824937820435
10.611837062500001,0.0,5.0,8.280946847088842,1.9921386693747878,5.308729901308353,-0.32885504134806215,-0.0032715792159963343,0.0033099973900279993,0.9443689440397094,-0.009748903049938968,0.15991250576168536,-0.09200087044874675,0.0010147196348953003,0.0005484273287947872,0.0031583951795255416,11214,171000000,8.08,0,2,3,5.223689811586199,-0.17491838740554297,4.807935594575639,5.305112430143963,-0.16892801903212631,4.807171895193171,56.19322633743286
10.7428185,0.0,5.0,8.307265105372876,1.963747730947988,5.287460872300507,-0.3290480707562877,-0.003359129389217214,0.0033800410243280516,0.94430114831233,-0.014220723248897527,0.16021332754632492,-0.08823795315656126,0.0012368895681902359,0.00044200696436291764,0.0006560365761743014,11214,416000000,7.89,0,2,3,5.223689811586199,-0.17491838740554297,4.807935594575639,5.386684895324629,-0.16304309355092003,4.806446716932367,56.51932501792908
10.7428185,0.0,5.0,8.336842693933306,1.9337247078997808,5.265463654603578,-0.32900174960920225,-0.0034599802003303878,0.003510346480444852,0.9443164484211234,-0.019703716795910632,0.1606661226189988,-0.08412977683861858,0.0013651946574100293,0.00042209275648019684,-0.0016677023268130142,11214,655000000,7.69,0,2,3,5.223689811586199,-0.17491838740554297,4.807935594575639,5.468234248725266,-0.15724201284437234,4.805755418061063,56.84859871864319
10.873429687500003,0.0,5.0,8.367668398985767,1.9044969545737316,5.244521938022556,-0.32861336827435567,-0.0035602423136698296,0.003619810131237162,0.9444508858806073,-0.025402084085933398,0.16120979220045628,-0.08023308903515358,0.0005062277409706439,0.00044259105038690905,-0.004445722197488067,11214,912000000,7.47,0,2,3,5.223689811586199,-0.17491838740554297,4.807935594575639,5.556635613155287,-0.15104338885614152,4.80507794782736,57.17132568359375
11.003644000000001,0.0,5.0,8.397076691846914,1.8781887492418827,5.22609594846714,-0.327984493701122,-0.0036182497647315654,0.003653205647785747,0.944669113631198,-0.030064639707014795,0.16135990643932546,-0.07672155436368608,0.0009322871392214438,0.0003906647378926209,-0.006969176274651545,11215,166000000,7.24,0,2,3,5.6452152572217615,-0.14489714401993478,4.804512792543912,5.6452152572217615,-0.14489714401993478,4.804512792543912,57.496565103530884
11.003644000000001,0.0,5.0,8.429981435388898,1.8504132583173585,5.207076299312658,-0.3268774305778964,-0.0037063137946159374,0.003750855154569033,0.9450520301562543,-0.035734598479312776,0.16175791068054698,-0.07306591613601056,0.0012558181879285257,0.0004661590423893358,-0.010888260112551507,11215,415000000,7.04,0,2,3,5.6452152572217615,-0.14489714401993478,4.804512792543912,5.727026527912909,-0.13926325565968306,4.804058964919096,57.82486605644226
11.1334348125,0.0,5.0,8.461412574261022,1.825426763417162,5.190375742208909,-0.32545748136413555,-0.003793278593026743,0.003849100483550255,0.9455412329915054,-0.04102011629625021,0.1622142456735865,-0.069758571994514,0.0003524584315073298,0.0004633697642475454,-0.013813992245559348,11215,669000000,6.82,0,2,3,5.6452152572217615,-0.14489714401993478,4.804512792543912,5.815841513198565,-0.13324884013479024,4.803652974439205,58.13610005378723
11.2627755,0.0,5.0,8.496436336847353,1.799012820331697,5.173177995762604,-0.32361682724361635,-0.0038456533077897105,0.0038623542741522236,0.9461725224793163,-0.04616691041327041,0.1623058415427024,-0.06627852183779916,0.00046819814372156543,0.0004143945631085444,-0.01538382039143471,11215,913000000,6.62,0,2,3,5.6452152572217615,-0.14489714401993478,4.804512792543912,5.898013762169197,-0.12775398639097413,4.803352312257497,58.45681881904602
11.2627755,0.0,5.0,8.52968214219441,1.7752326453853977,5.1580989396784895,-0.3218686933889919,-0.0039014316791000686,0.003894320166804474,0.9467682701259874,-0.05135225653235268,0.16262499868147387,-0.06320133468814766,0.0003618760274548549,0.0004577273955419514,-0.01588362065376714,11216,164000000,6.41,0,2,3,5.6452152572217615,-0.14489714401993478,4.804512792543912,5.987019470699839,-0.12192860547497585,4.803099037947636,58.77866578102112
11.3916394375,0.0,5.0,8.563932372967189,1.7520365208319588,5.143759529003932,-0.3199509546285406,-0.003956024677723523,0.003903007838391203,0.947417808060862,-0.05676030572908206,0.1630170645795499,-0.060223283301886185,-0.00023154030941441306,0.0005022121001729829,-0.017775086416804697,11216,400000000,6.25,0,2,3,5.6452152572217615,-0.14489714401993478,4.804512792543912,6.069192486345905,-0.11669223304363703,4.802890617863749,59.096699476242065
11.520000000000003,0.0,5.0,8.601990350795798,1.7275387388234529,5.129014477048099,-0.317632089265066,-0.003997607034748746,0.003866461455886022,0.9481977248880715,-0.061952926773295856,0.16295613472322418,-0.057125583619333495,0.00025254252875583916,0.0004694432590213182,-0.0202712049940601,11216,643000000,6.11,0,2,3,6.1512559055240015,-0.11156032849654389,4.8027408089406665,6.1512559055240015,-0.11156032849654389,4.8027408089406665,59.41727685928345
11.520000000000003,0.0,5.0,8.638012002402933,1.7054990498138867,5.116129196877097,-0.31516041066469597,-0.004045631862379373,0.0038806224816203103,0.9490218591695607,-0.06716356866478916,0.163070662991811,-0.05430839500080588,0.0003318953758935095,0.00043120917325722985,-0.023059700652083848,11216,912000000,5.99,0,2,3,6.1512559055240015,-0.11156032849654389,4.8027408089406665,6.240211552581135,-0.10608605906110338,4.802648446540768,59.733705043792725
11.647830562500003,0.0,5.0,8.668772952120749,1.6875637661010312,5.105901860205851,-0.31284539547045775,-0.004083973537753835,0.0039019021140917847,0.9497872682095543,-0.0719184418361176,0.16325390120401656,-0.052103691796465346,4.662452663950489e-05,0.0004076464506397315,-0.02527443884901004,11217,146000000,5.92,0,2,3,6.1512559055240015,-0.11156032849654389,4.8027408089406665,6.322390832109703,-0.10112742620917271,4.80263875021004,60.04607653617859
11.775104500000001,0.0,5.0,8.709641848270175,1.6647863210398826,5.0932826517313545,-0.30960024476875114,-0.004109640020533304,0.0038529475512351567,0.9508501217821861,-0.07724005101398866,0.16308119455100273,-0.04913420639922668,-3.347244827978102e-05,0.00044990204344230733,-0.026237036945531145,11217,354000000,5.9,0,2,3,6.390810393143717,-0.0970565220508631,4.8026708175095045,6.390810393143717,-0.0970565220508631,4.8026708175095045,60.3620343208313
11.775104500000001,0.0,5.0,8.751511287791873,1.6425612195431643,5.0814294137932015,-0.30643303935043736,-0.004151912553278191,0.0038451259607895807,0.95187539574408,-0.08293801181177123,0.16331072043989625,-0.04634109264155668,0.00016545749872420856,0.0004935054107590986,-0.025607628776924685,11217,608000000,5.94,0,2,3,6.390810393143717,-0.0970565220508631,4.8026708175095045,6.479788083354734,-0.0918573448025178,4.802736330992842,60.6843421459198
11.901795187500003,0.0,5.0,8.797877511900559,1.6192515097264837,5.06942029764679,-0.3029437343826781,-0.00420103231594928,0.003822565713431681,0.9529915178621077,-0.089151171271664,0.1634528848892144,-0.04374110068922814,-0.0007420679878578085,0.000435498000683765,-0.026916293427348137,11217,864000000,6.03,0,2,3,6.390810393143717,-0.0970565220508631,4.8026708175095045,6.568882769801861,-0.08676358750925284,4.8028243329711025,61.00913405418396
11.901795187500003,0.0,5.0,8.84530923327549,1.596540510318875,5.058123384730546,-0.2992615814674892,-0.00420776906066699,0.0037447080000926657,0.954154483141542,-0.09450994995100517,0.1631491779550248,-0.04129057004703127,-6.164811168218876e-05,0.0003463844308271291,-0.028097529684600886,11218,151000000,6.2,0,2,3,6.390810393143717,-0.0970565220508631,4.8026708175095045,6.664790080765985,-0.08135517774654762,4.802959677716816,61.32450890541077
12.027876000000001,0.0,5.0,8.890276882512277,1.5759557195363916,5.048237553773708,-0.29572117950442534,-0.004225590735423272,0.003706533478990009,0.9552577610179448,-0.09939200607557423,0.16279136490820206,-0.039089471944648284,-0.0010662817203410668,0.0003151457377725819,-0.02915037148341071,11218,419000000,6.44,0,2,3,6.390810393143717,-0.0970565220508631,4.8026708175095045,6.760826165450217,-0.07601458063217928,4.80317369590801,61.649797201156616
12.153320312500004,0.0,5.0,8.935945431854543,1.5558163684738704,5.038932529702887,-0.29199935485788564,-0.004206118311992405,0.0035901824585711953,0.956402528186348,-0.10377168298634279,0.16206912394793288,-0.03685325032162919,-0.0006940905052488233,0.0002805141207318229,-0.031284579745261,11218,679000000,6.73,0,2,3,6.850091985067309,-0.07113026246332978,4.803418236465281,6.850091985067309,-0.07113026246332978,4.803418236465281,61.98399615287781
12.153320312500004,0.0,5.0,8.98236433030138,1.5361408505826395,5.030191863462103,-0.2879289968347742,-0.004207609644858889,0.003521971912892067,0.9576360396918244,-0.10878043396751372,0.16143125238861256,-0.0347644055734326,-0.0001880130113818268,0.0003446795261652369,-0.03411461257201154,11218,951000000,7.08,0,2,3,6.939241873329566,-0.06630920609967327,4.803731203518975,6.939241873329566,-0.06630920609967327,4.803731203518975,62.30235409736633
12.278101500000002,0.0,5.0,9.022341865442419,1.5198650564977731,5.023203576747402,-0.2842154288146664,-0.004222776104656543,0.003498601910434891,0.9587447616390596,-0.11330024699979409,0.1609189223210286,-0.03314889044156475,-0.0008102992183012248,0.00031234859250162117,-0.0359499503247207,11219,201000000,7.5,0,2,3,6.939241873329566,-0.06630920609967327,4.803731203518975,7.028269472595801,-0.06155537525457173,4.804109173336083,62.62987470626831
12.402192937500002,0.0,5.0,9.070279467255137,1.5010327167950799,5.015405173146127,-0.27969944807801517,-0.004197834147982069,0.003398980687321809,0.9600724159476756,-0.1179462265715038,0.15997648727428213,-0.031273389848319275,-0.0005896392679005658,0.0001573213864958234,-0.03525147731124889,11219,436000000,7.92,0,2,3,7.103445135126493,-0.05758142645981411,4.8044516286867704,7.103445135126493,-0.05758142645981411,4.8044516286867704,62.94681930541992
12.402192937500002,0.0,5.0,9.118993439147257,1.4825754659527024,5.008052514105631,-0.2755059371666598,-0.004185564365076055,0.0033426412387134886,0.9612844461377785,-0.12284825087747939,0.15949965186398532,-0.02964802035994643,-0.0005383416294080234,0.0002282568431155596,-0.032951329194474965,11219,695000000,8.46,0,2,3,7.192256289744336,-0.052949047345627755,4.80487894249382,7.192256289744336,-0.052949047345627755,4.80487894249382,63.25799822807312
12.525568000000002,0.0,5.0,9.168607881937115,1.4644967478521564,5.0011270920485345,-0.27136416155365445,-0.004184828387710348,0.0032759482515229933,0.9624620757197142,-0.12785087463943304,0.15896717596027726,-0.028010973626312573,-0.0008784071440004482,0.0002857950789802999,-0.033268879633396864,11219,954000000,9.0,0,2,3,7.192256289744336,-0.052949047345627755,4.80487894249382,7.281012311085088,-0.04842774114386475,4.805339626183981,63.58606696128845
12.648200062500003,0.0,5.0,9.215060508114158,1.4481249810298524,4.995113307893604,-0.26750925790814756,-0.004176225812000155,0.0031905820868555796,0.9635409572287763,-0.13184385148888447,0.15815268182502845,-0.02653576476562003,-0.00050093615300284,0.0002819731491854327,-0.03330617073515896,11220,197000000,9.55,0,2,3,7.369632583635866,-0.04398962048267084,4.8058472512304915,7.369632583635866,-0.04398962048267084,4.8058472512304915,63.910542488098145
12.648200062500003,0.0,5.0,9.26215270593343,1.4320539585282588,4.989425824585691,-0.26366150853210985,-0.004185105404595196,0.003146380868787242,0.9646010543736476,-0.13627570119051205,0.15744972574254873,-0.02526544425368153,-0.0003036360425312523,0.00028513464940260747,-0.033729550705174915,11220,441000000,10.08,0,2,3,7.451467349162432,-0.0399634525395539,4.80634159578845,7.451467349162432,-0.0399634525395539,4.80634159578845,64.22655868530273
12.770062500000002,0.0,5.0,9.314021158560418,1.4150368138988272,4.983603436791063,-0.2593134430222637,-0.004185743973827303,0.003105513983156412,0.9657791536361846,-0.14133121731722148,0.156502375128278,-0.023960216197063247,-0.0008446134074802103,0.0002115912309363921,-0.03522652841638774,11220,687000000,10.63,0,2,3,7.451467349162432,-0.0399634525395539,4.80634159578845,7.533305156734892,-0.03602506655217713,4.806856210225975,64.54676365852356
12.770062500000002,0.0,5.0,9.366584761657826,1.3983812200961132,4.978113770045364,0.2548625045856139,0.004171744359254797,-0.0030236421642651392,-0.9669635763013058,-0.14558208408182882,0.1553458533880168,-0.02267808075038488,-0.0004354634768333199,0.00017550470943206165,-0.035176855089957826,11220,942000000,11.25,0,2,3,7.621802436947802,-0.031855823118050124,4.807462214017664,7.621802436947802,-0.031855823118050124,4.807462214017664,64.87660622596741
12.8911286875,0.0,5.0,9.477856730811622,1.364736987642778,4.967786016938106,0.24584344440856037,0.004131847962833797,-0.0028642889077204027,-0.9692965101158675,-0.15337461459038557,0.15296064750499447,-0.020083638904001045,-0.0008339148678260244,0.00011177892815794621,-0.034217676511616446,11221,200000000,11.9,0,2,3,7.621802436947802,-0.031855823118050124,4.807462214017664,7.710182931468351,-0.027775157167773432,4.8080954325331815,65.54348230361938
13.011372000000001,0.0,5.0,9.557151151697422,1.3416251748282308,4.96124565033915,0.2427997183951588,0.004094148620720111,-0.0025679184805454734,-0.9700644001760813,-0.15612328261530323,0.15087955920663093,-0.018771178316136457,-0.0024306213617819594,0.0006319722274383821,0.027252936524746474,11221,752000000,13.26,0,2,3,7.889832823862905,-0.02253623540226067,4.808988641290552,7.889832823862905,-0.02253623540226067,4.808988641290552,65.99960064888
13.130765812500004,0.0,5.0,9.636629400554863,1.3195696322398227,4.955087689400049,0.2519565158924324,0.004160826541939128,-0.0021279694374520992,-0.9677272722042651,-0.15511537339109854,0.15110356035704237,-0.017772786238393155,-0.0016968561908470292,0.0008308835788284341,0.06247446654015221,11222,136000000,13.89,0,2,3,8.003944242345488,-0.0307240336229123,4.807407015999259,8.003944242345488,-0.0307240336229123,4.807407015999259,66.44326186180115
13.2492835,0.0,5.0,9.711950989758442,1.2999807586687224,4.949557069967701,-0.2634805940490179,-0.004256380055130463,0.0018074779598681644,0.9646536128641345,-0.15327557385004625,0.15115404111835257,-0.017057079584142737,-0.0010303385124643683,0.0007165384772633843,0.06815000015194528,11222,506000000,13.22,0,2,3,8.003944242345488,-0.0307240336229123,4.807407015999259,8.100897976645827,-0.055997958126554774,4.802580953089145,66.91414022445679
13.3668984375,0.0,5.0,9.807886760192684,1.2772737331536597,4.942751837732171,-0.27871186305262724,-0.004359944274466348,0.0015171974635025585,0.9603636740274559,-0.15086790385831303,0.15062870544632917,-0.016492076731502995,-0.0006809582430378214,0.0004572629393351235,0.06911526215844788,11222,867000000,12.35,0,2,3,8.003944242345488,-0.0307240336229123,4.807407015999259,8.180831695607095,-0.09312374454377116,4.795131613250236,67.47421479225159
13.483584000000002,0.0,5.0,9.862032435944554,1.265604143762728,4.9390109218844,-0.2866784151126039,-0.004413245106962663,0.001470745661866381,0.9580155773698826,-0.15071721103823768,0.15133029325533104,-0.016020917228517548,0.002315886695214431,-8.474094741472982e-05,0.03608435072237626,11223,325000000,11.17,0,2,3,8.278566817862371,-0.1411350523521355,4.7849448298243855,8.278566817862371,-0.1411350523521355,4.7849448298243855,67.84091997146606
13.599313562500003,0.0,5.0,9.916933720911075,1.2544327503178199,4.935506478869948,-0.2867198847306381,-0.0044307020684989165,0.001748846611373782,0.9580026190542277,-0.15426489623372777,0.15235635339283038,-0.014932795639894924,0.0023418646151185385,-0.0006749616147772031,-0.023858772146923002,11223,582000000,10.53,0,2,3,8.278566817862371,-0.1411350523521355,4.7849448298243855,8.335964192353496,-0.16268344393485504,4.780113417398031,68.16707968711853
13.714060500000002,0.0,5.0,9.972591163349536,1.2433713932864094,4.93233667528696,-0.28211767172196095,-0.004408430396941719,0.002040653031301159,0.9593675108001212,-0.15777424307556312,0.15240811808287943,-0.013718098796706152,0.0016600924823251262,-0.0006706978524562146,-0.043319962787791155,11223,855000000,10.74,0,2,3,8.278566817862371,-0.1411350523521355,4.7849448298243855,8.394091274282978,-0.18197237101729966,4.7758558968205085,68.48056125640869
13.714060500000002,0.0,5.0,10.02455560197435,1.2330062135584774,4.929685189952814,-0.27698309883978783,-0.0043726562945089155,0.002248352212984338,0.9608622105933631,-0.16097867082096065,0.1527634534526873,-0.012738929226538232,0.0010967778962367447,-0.0005550158448386355,-0.0453277061751578,11224,110000000,11.44,0,2,3,8.278566817862371,-0.1411350523521355,4.7849448298243855,8.450798707711435,-0.20197477886091983,4.771752691406163,68.80985951423645
13.827798187500003,0.0,5.0,10.090403205917465,1.2197773173000477,4.9267085682493965,-0.2704013212816087,-0.004323224581186572,0.002400869652672313,0.9627349952106714,-0.1653222555224017,0.1528980758521648,-0.011635587006577654,0.00020849077060347554,-0.0003312273207711769,-0.04522012241068296,11224,349000000,12.18,0,2,3,8.50142394293447,-0.2220070720231359,4.767933148572433,8.50142394293447,-0.2220070720231359,4.767933148572433,69.16292572021484
13.9405,0.0,5.0,10.148086295903878,1.2081444555694967,4.924364157527256,-0.26477500197003767,-0.004283020281300743,0.0024591323008517677,0.9642975716745135,-0.16859392399769976,0.1524568255671123,-0.01088722378808992,0.0002824823781111263,-0.00018461697379734687,-0.045253698772285134,11224,643000000,13.12,0,2,3,8.50142394293447,-0.2220070720231359,4.767933148572433,8.56255891115919,-0.24963519290126548,4.763004598784522,69.53334450721741
13.9405,0.0,5.0,10.206373844880533,1.196401643928387,4.922220099812159,-0.2590586133102776,-0.004254753201145205,0.002497194471489643,0.9658490026731533,-0.17242750438093263,0.152003184099006,-0.010162311803814422,-0.0005111118184686347,-0.00010548437856527926,-0.04436546078068204,11224,899000000,13.92,0,2,3,8.50142394293447,-0.2220070720231359,4.767933148572433,8.613806920929008,-0.2759959336375428,4.758567600374986,69.87359237670898
14.052139312500001,0.0,5.0,10.269903609256726,1.1836881640457178,4.920107223219494,0.25330516896815947,0.004206846616270483,-0.002447986170270993,-0.9673741784745286,-0.1763997365772947,0.1513303162327249,-0.009498004075517189,-0.0007904380765921815,-2.9035381388098358e-05,-0.04097118471690919,11225,166000000,14.74,0,2,3,8.50142394293447,-0.2220070720231359,4.767933148572433,8.663580347116035,-0.3046244270889292,4.753930180057326,70.21696376800537
14.162689500000003,0.0,5.0,10.394078319684276,1.159156389089782,4.916473357489185,0.24262644879912676,0.004145591541223067,-0.0023195170935057267,-0.9701081590494693,-0.18309874979109644,0.14930255225008374,-0.008532602746907317,-0.0005467422113270004,4.019153969636591e-05,-0.04190475810901262,11225,442000000,15.58,0,2,3,8.50142394293447,-0.2220070720231359,4.767933148572433,8.716241971526488,-0.33725561333693443,4.748738019367014,70.90075325965881
14.162689500000003,0.0,5.0,10.482494680185443,1.1418628125505268,4.914177099269038,0.2369865909611913,0.0040943836618434915,-0.002095693608196191,-0.9715020328312871,-0.18587475999623232,0.14684436547585283,-0.008020842391129691,-0.0021366551891333074,0.0003154865424903619,-0.0026664480628824094,11225,990000000,17.01,0,2,3,8.50142394293447,-0.2220070720231359,4.767933148572433,8.838102751668732,-0.3752543043011022,4.742613593362687,71.36495614051819
14.2721239375,0.0,5.0,10.570854262348822,1.1252251832710392,4.912020898613614,0.23936108651697802,0.004084913154433319,-0.0017271041863376306,-0.9709204915218659,-0.18597799580953758,0.14593793710026076,-0.0076260863610034466,-0.001677176521752699,0.0004245670055524897,0.02408759592071874,11226,370000000,17.72,0,2,3,8.94082797208778,-0.38191812301886074,4.741819362157092,8.94082797208778,-0.38191812301886074,4.741819362157092,71.84476780891418
14.380416000000002,0.0,5.0,10.654595920169873,1.1101900248926153,4.910090073068929,0.24434592682365597,0.00410615106150658,-0.001444531781390696,-0.969678359506945,-0.18543687765058464,0.14596370567571398,-0.007171442086787149,-0.0011615583161983523,0.00045362708931406814,0.03204837594239507,11226,748000000,17.5,0,2,3,8.94082797208778,-0.38191812301886074,4.741819362157092,9.053047022873637,-0.3783131135936716,4.743074540699811,72.33114075660706
14.487539062500002,0.0,5.0,10.747528293191616,1.0944663619666755,4.908136459746519,0.25087284399540166,0.00415464846545243,-0.0012075328137328535,-0.9680103805777557,-0.18451637812298388,0.14580831002845057,-0.006803419312907075,-0.0007933774952562089,0.00048245633479382377,0.0347032088029664,11227,115000000,16.99,0,2,3,9.162840196562765,-0.37117357761457925,4.745287766660914,9.162840196562765,-0.37117357761457925,4.745287766660914,72.83391618728638
14.593466500000002,0.0,5.0,10.821777846540227,1.0827556555985662,4.906614021005551,0.25638643423268087,0.004202469261596466,-0.0010614241698456521,-0.9665646429351153,-0.18384927996513917,0.1456009623889678,-0.006739472435593356,-0.0005625607229831076,0.00038729619973310037,0.03775764416786842,11227,502000000,16.35,0,2,3,9.162840196562765,-0.37117357761457925,4.745287766660914,9.278777790501342,-0.3704917933798514,4.747070912169043,73.2632520198822
14.6981716875,0.0,5.0,10.914493087723153,1.0692777844716808,4.904732002736147,-0.2640640590277238,-0.004247004502124888,0.0009245163549446692,0.9644953504045891,-0.18315494598537993,0.1455888007228052,-0.0066771952918871,-0.00035927334067764605,0.00024562255873661343,0.04144601080042776,11227,836000000,15.87,0,2,3,9.363278688277227,-0.380225881121106,4.747148335296649,9.363278688277227,-0.380225881121106,4.747148335296649,73.74717783927917
14.801628000000001,0.0,5.0,11.011866143726163,1.0566393206586826,4.902792142071067,-0.27298289115185564,-0.004298606686353897,0.0008317615186723025,0.9620089247463903,-0.18239885206944723,0.1456393066062314,-0.00650917267220614,-4.0437329928977306e-05,0.00035233090045494464,0.04823040471819695,11228,220000000,15.26,0,2,3,9.457294715133031,-0.4074576142916107,4.745169220004102,9.457294715133031,-0.4074576142916107,4.745169220004102,74.31067991256714
14.903808812500001,0.0,5.0,11.072125740371703,1.0496332461038018,4.9016432962810645,-0.27877931036923853,-0.004348962220442372,0.0008264096117642525,0.9603449899306032,-0.1820264416488933,0.1464565468003774,-0.006285828639025661,0.0016318827420036541,-5.493247030585735e-05,0.02702300243981881,11228,657000000,14.7,0,2,3,9.457294715133031,-0.4074576142916107,4.745169220004102,9.553893991970845,-0.44580910067850726,4.741605081463812,74.6147530078888
15.0,0.0,5.0,11.128084794806776,1.043321237609379,4.900688290445979,-0.27840032391859687,-0.004339025412559892,0.0010083716418224358,0.9604547962747239,-0.18345865420532473,0.14748020286290267,-0.005759475289788411,0.0013922979405833757,-0.0007051402405977569,-0.023029567819321528,11228,904000000,14.11,0,2,3,9.457294715133031,-0.4074576142916107,4.745169220004102,9.606155974957428,-0.4654019042777922,4.739770340044957,74.92525148391724
15.0,0.0,5.0,11.184388969916292,1.0368367110909116,4.899889624743155,-0.27441971795973163,-0.004290131740650583,0.0011884875675147078,0.961599709162732,-0.18513334247318952,0.14759269252212923,-0.005123321902418898,0.001137723393185297,-0.0007310202647659025,-0.042062177817570046,11229,147000000,14.31,0,2,3,9.457294715133031,-0.4074576142916107,4.745169220004102,9.657405418233461,-0.48525090493330975,4.737939521224925,75.25488662719727
15.0,0.0,5.0,11.240974411344013,1.0300060590416062,4.899220592728176,-0.2690436274364226,-0.0042323276242084255,0.001344168431413047,0.9631177535223615,-0.18680079499200644,0.14739385979311576,-0.004682070265969185,0.0005370960934669711,-0.000663828171809655,-0.04903998633380979,11229,387000000,14.91,0,2,3,9.457294715133031,-0.4074576142916107,4.745169220004102,9.707550940398361,-0.5060167366507421,4.736054165477173,75.57233214378357
15.0,0.0,5.0,11.29770390833174,1.0228320448508896,4.898650527988074,-0.26327939961237845,-0.004165574638711493,0.0014305715056239332,0.964709572458386,-0.18811851391307272,0.14640663483549654,-0.004297652446219847,2.8463826673430503e-05,-0.0005524340849660803,-0.0499789366585901,11229,621000000,15.67,0,2,3,9.457294715133031,-0.4074576142916107,4.745169220004102,9.756975745420366,-0.5277960994215645,4.73408727720792,75.88245129585266
15.0,0.0,5.0,11.354426179512403,1.0153693864648337,4.898162458508806,0.25753556165552666,0.004096044980741325,-0.0014610991449402874,-0.9662590346731958,-0.18905529695213255,0.1450018614265683,-0.0039397136347801565,-0.0005000053363346524,-0.00048032165409495065,-0.049157241664943285,11229,868000000,16.46,0,2,3,9.457294715133031,-0.4074576142916107,4.745169220004102,9.805940647790525,-0.5505091918626123,4.73205317432759,76.19211387634277
15.0,0.0,5.0,11.48142529593581,0.9976866956957778,4.897338092131833,0.2450591103039983,0.003931916438652389,-0.0013917163216056953,-0.9694991674136766,-0.18973897778411603,0.14108606668805834,-0.003276662937031305,-0.0005099797249386029,-0.00030348058430718083,-0.046563906653318554,11230,98000000,17.26,0,2,3,9.457294715133031,-0.4074576142916107,4.745169220004102,9.854219352902732,-0.5743872663687828,4.729937341872236,76.87516951560974
15.0,0.0,5.0,11.584085143410402,0.9821500938324768,4.896770115700108,0.2359016678925997,0.003970898493939489,-0.0012652958729264772,-0.9717679939558589,-0.19013277244067778,0.13949909621819562,-0.0034044129064720366,-0.0007432886206970579,0.0015368442063845578,-0.03654505744634662,11230,644000000,19.02,0,2,3,9.959459609269768,-0.6331199725657679,4.724789486495297,9.959459609269768,-0.6331199725657679,4.724789486495297,77.45999002456665
15.0,0.0,5.0,11.65765957304068,0.9705010092649825,4.896138822525463,0.23864782783191063,0.004854520846785256,-0.000607550535947062,-0.9710938568340366,-0.17931423910332195,0.12915013898899091,-0.005670225265149708,-0.005611399956251262,0.022277343850873876,0.2033443481195718,11231,93000000,20.34,0,2,3,9.959459609269768,-0.6331199725657679,4.724789486495297,10.043285449246055,-0.6845186466219498,4.720211877850873,77.88756036758423
15.0,0.0,5.0,11.733642895236366,0.962054124389068,4.8937561669537555,-0.30369598880367454,-0.010401228552276117,-0.0016452641927444788,0.9527107923892211,-0.141847669490392,0.11745195585326844,-0.011801901039296183,0.0028437674473025254,0.03133379141218029,0.4277465835912153,11231,405000000,20.21,0,2,3,10.104126405144923,-0.7227017611250466,4.716731623701124,10.104126405144923,-0.7227017611250466,4.716731623701124,78.35996174812317
15.0,0.0,5.0,11.794831254380172,0.9600343175060659,4.890047627773318,-0.3762608499099284,-0.014998113176599598,-0.003518595302966684,0.9263856912287094,-0.11440977483820709,0.10716946726436027,-0.01585488567886924,0.004367616475065006,0.021778008704131935,0.39446163282264024,11231,787000000,13.02,0,2,3,10.179005580871223,-0.7635887275412139,4.7131657871122306,10.179005580871223,-0.7635887275412139,4.7131657871122306,78.85669136047363
15.0,0.0,5.0,11.833487243289742,0.962379631159098,4.886725604127387,-0.4196918041634685,-0.01710049109748401,-0.004550583886949783,0.9074941624652608,-0.1033622229875339,0.10297381506657861,-0.017043135985000825,0.00884192340890877,0.004457931140677829,0.27199949545320123,11232,156000000,5.12,0,2,3,10.179005580871223,-0.7635887275412139,4.7131657871122306,10.260130593553438,-0.7818288383680562,4.712534475907127,79.19767951965332
15.0,0.0,5.0,11.872736262765125,0.9653995009584736,4.8837443990178375,-0.4358604129983155,-0.016004896669021506,-0.0037491958986707076,0.8998641492990289,-0.1035891933843502,0.11552328383882775,-0.014446291030244396,0.0029020985721217585,-0.019101345424132887,0.05189291623537429,11232,406000000,2.34,0,2,3,10.179005580871223,-0.7635887275412139,4.7131657871122306,10.323894710491166,-0.7843967147868747,4.713663660060727,79.5430805683136
15.0,0.0,5.0,11.910792850866258,0.9669598117127338,4.881541380821547,-0.436935767490039,-0.013785379947015636,-0.002473238263643253,0.89938366756357,-0.10167690718258367,0.12476718886694549,-0.011910925623583587,0.0015490142459384515,-0.021734681467933115,-0.01721990465739509,11232,657000000,3.1,0,2,3,10.179005580871223,-0.7635887275412139,4.7131657871122306,10.390638752871677,-0.7805986054202226,4.7158280335138,79.88818049430847
15.0,0.0,5.0,11.953219376121721,0.9664992284385377,4.879682408943722,-0.4331354612527821,-0.011480448250944488,-0.0011432641851040499,0.9012549941388952,-0.09813108782133245,0.13233312214916035,-0.009393323759340584,0.0006430330813600449,-0.018538356744102202,-0.0428741259383969,11232,917000000,3.06,0,2,3,10.179005580871223,-0.7635887275412139,4.7131657871122306,10.459372349340729,-0.7721696310191007,4.718783461600073,80.22516822814941
15.0,0.0,5.0,11.99305127062018,0.9641817793266757,4.878399630050131,-0.4279061805405081,-0.00971192722612512,-0.00017972936782529193,0.9037709592712871,-0.09567058991061377,0.13720072562031183,-0.007373471773311588,-4.936508695152497e-05,-0.014808472587901633,-0.050886693134089,11233,168000000,2.93,0,2,3,10.179005580871223,-0.7635887275412139,4.7131657871122306,10.523949648706147,-0.7614470936296356,4.72208185165124,80.56116104125977
15.0,0.0,5.0,12.033252623379308,0.9603727257097097,4.877489953942345,-0.4224259269892098,-0.00828113817969986,0.0005257727903704565,0.9063594665036209,-0.09383629059036006,0.14050118361241465,-0.00558029838709388,-0.0005318939713561122,-0.011579544934647856,-0.04960195365129039,11233,409000000,2.93,0,2,3,10.179005580871223,-0.7635887275412139,4.7131657871122306,10.589161444997808,-0.7487008177225254,4.7258110544596885,80.89077186584473
15.0,0.0,5.0,12.073669126570767,0.9553861509952412,4.876920582724971,-0.4172197661225874,-0.00714243629485117,0.0010156718545822185,0.9087769917702972,-0.09260277441345348,0.1427401180599488,-0.003994231185167186,-0.001065354410911823,-0.008924532266973983,-0.046362332068383694,11233,653000000,3.16,0,2,3,10.179005580871223,-0.7635887275412139,4.7131657871122306,10.654687017680786,-0.7345293294961996,4.729868229793863,81.21844792366028
15.0,0.0,5.0,12.11078220577625,0.9500108046828962,4.876656432914299,-0.4127361252898665,-0.006296441489054469,0.0013012114345686524,0.9108279489311275,-0.09173186072293621,0.1438894013888571,-0.0027476721428683027,-0.0012109263479942456,-0.007038985040708212,-0.04386705331853591,11233,888000000,3.55,0,2,3,10.179005580871223,-0.7635887275412139,4.7131657871122306,10.720251605761922,-0.7193849755449004,4.734144008347365,81.5258378982544
15.0,0.0,5.0,12.147866400208162,0.9440469818553359,4.876630732840851,-0.4084133951211133,-0.005608830808517671,0.0014872580058794072,0.9127786302090066,-0.09118051164462246,0.14434460148892084,-0.0015193054729316078,-0.0013759345051767014,-0.005556118730964954,-0.04257273212715518,11234,103000000,3.97,0,2,3,10.179005580871223,-0.7635887275412139,4.7131657871122306,10.78027046936349,-0.7049182403389935,4.738190780720742,81.82497000694275
15.0,0.0,5.0,12.18483998646601,0.9376467542974842,4.876791656596153,-0.404199477751917,-0.005046259169855224,0.0015956845965315134,0.9146555478671391,-0.09080389862020567,0.1441764940642961,-0.0006562212325087174,-0.001467903700813622,-0.004390007052279543,-0.04146706014580559,11234,326000000,4.43,0,2,3,10.179005580871223,-0.7635887275412139,4.7131657871122306,10.839781195710772,-0.690479025223872,4.742280736563776,82.1488766670227
15.0,0.0,5.0,12.231663488071227,0.9290242563825031,4.8772442732467045,-0.3989743290797258,-0.004465312640343168,0.0016359747524746938,0.9169497637848083,-0.09053437163717519,0.14352466678559608,0.0005154741905747673,-0.0019509727053446113,-0.0032633862019793014,-0.040304058347828686,11234,557000000,4.98,0,2,3,10.179005580871223,-0.7635887275412139,4.7131657871122306,10.903101006749234,-0.6761410386950594,4.746656457898331,82.45501494407654
15.0,0.0,5.0,12.268243246076636,0.9219558465298815,4.877779023621346,-0.39493102036224276,-0.004087304863972332,0.001600706094620866,0.9187002889052476,-0.0904193281166279,0.1428094386918722,0.0012825012105460796,-0.0016311714830408164,-0.0025918976689354167,-0.0399224412831245,11234,818000000,5.54,0,2,3,10.179005580871223,-0.7635887275412139,4.7131657871122306,10.967660674594555,-0.6651255859232725,4.75103483305042,82.76329684257507
15.0,0.0,5.0,12.311182884685545,0.913344846440855,4.878577305710271,-0.39017860319922276,-0.0037278010327956744,0.0015456779244200655,0.920730347053206,-0.09029422949929156,0.14153417032046312,0.0020358679575269343,-0.0019869740071953856,-0.0019798887933575315,-0.039349947110167705,11235,46000000,6.05,0,2,3,11.017753568440886,-0.6612274592994657,4.754254691075886,11.017753568440886,-0.6612274592994657,4.754254691075886,83.10320687294006
15.0,0.0,5.0,12.353748692750067,0.9045267153998372,4.879522879513588,-0.38552291561488666,-0.003422172464787281,0.0014357513877554073,0.9226907980950989,-0.09019443808311303,0.14005771339993142,0.0026614798762877824,-0.00160366362251807,-0.001520758416972967,-0.03866149781970307,11235,304000000,6.67,0,2,3,11.071687943591321,-0.6630728214196334,4.757457335513503,11.071687943591321,-0.6630728214196334,4.757457335513503,83.45751571655273
15.0,0.0,5.0,12.399167007945254,0.8948584112717339,4.8806743826877454,-0.38065489504599553,-0.0031793570976525513,0.0013733115734344465,0.9247106880431792,-0.09019563622664514,0.13833734355808985,0.003198528716799215,-0.00016710923347318385,-0.001251487424269726,-0.03264437327743508,11235,575000000,7.3,0,2,3,11.120297846759629,-0.6716557724376386,4.760017825932274,11.120297846759629,-0.6716557724376386,4.760017825932274,83.81040048599243
15.0,0.0,5.0,12.440934661929932,0.8858032375289042,4.881845076296056,-0.37740531241200953,-0.003025006900286151,0.0014277866684394764,0.9260421377678643,-0.08997506364316002,0.13674725041504482,0.003552309527974701,-0.00023869497312034582,-0.001131129022269306,-0.02317147209396353,11235,851000000,7.98,0,2,3,11.120297846759629,-0.6716557724376386,4.760017825932274,11.167628853850442,-0.6874476333256079,4.76218059203738,84.1332757472992
15.0,0.0,5.0,12.482299539269764,0.8767358916013396,4.883071727245108,-0.3748947368560884,-0.0028824871786684793,0.001458149269494413,0.9270617570291508,-0.08962234501379973,0.1351285886583738,0.0037750931363010214,-0.0003537747517157186,-0.0009861374337560846,-0.019217875160393305,11236,117000000,8.57,0,2,3,11.120297846759629,-0.6716557724376386,4.760017825932274,11.210475219579168,-0.7090723034712619,4.763863675602725,84.45507669448853
15.0,0.0,5.0,12.52324728942658,0.8677091096493476,4.884357106382663,-0.3727001870611447,-0.0027487977812484863,0.001457763676063315,0.9279465984637317,-0.08923213768777831,0.13341116012166782,0.004035843147157473,-0.0008074459287854552,-0.0007974656966780458,-0.017835499238572083,11236,370000000,8.9,0,2,3,11.24433784294007,-0.7303510974029358,4.765070309576524,11.24433784294007,-0.7303510974029358,4.765070309576524,84.7780430316925
15.0,0.0,5.0,12.560661080643657,0.8594276624099862,4.885572015846156,-0.3707085092530685,-0.002636902599413098,0.0014098380209350237,0.9287444536947735,-0.08879382016114996,0.1317837320763256,0.004144462014163714,-0.0006758326776434842,-0.0005811486744278227,-0.0177702142536873,11236,622000000,9.26,0,2,3,11.24433784294007,-0.7303510974029358,4.765070309576524,11.278872708336054,-0.754315525484369,4.766254559852003,85.09153604507446
15.0,0.0,5.0,12.597665105201212,0.8512010711334148,4.886798666240145,-0.3687670314406194,-0.002551938127844274,0.0013741134501061374,0.9295173349359821,-0.08821702442635285,0.1299625351876726,0.004199992143004106,-0.0003659595677163452,-0.00047350495719911123,-0.016591220446571242,11236,860000000,9.57,0,2,3,11.24433784294007,-0.7303510974029358,4.765070309576524,11.309365660168988,-0.7765986635146457,4.76729782421677,85.42121028900146
15.0,0.0,5.0,12.625119155983834,0.8450905574066968,4.8877112364757505,-0.3674588847682549,-0.0025010250552237245,0.0013669440983819622,0.9300353995103494,-0.08775331823665146,0.12850972620793438,0.004155374967002657,-0.0002791419063896683,-0.00044336295275115845,-0.015012491712695919,11237,100000000,9.86,0,2,3,11.24433784294007,-0.7303510974029358,4.765070309576524,11.339106116213273,-0.7986278336459042,4.768358790624554,85.73939323425293
15.0,0.0,5.0,12.664341453642583,0.8363405038388134,4.889026030793644,-0.36568646845282443,-0.002409481030158781,0.0013039608331430119,0.9307340656051073,-0.0870219263974414,0.1266199992551556,0.004212673551592751,-0.0008424624013514403,-0.00040521052540043456,-0.014234808350011008,11237,296000000,10.14,0,2,3,11.24433784294007,-0.7303510974029358,4.765070309576524,11.364833620331407,-0.8150573953674154,4.769399903113296,86.04516911506653
15.0,0.0,5.0,12.697134426326357,0.8290012336147502,4.890127178313123,-0.36426885340349824,-0.002342053051621634,0.0012426752309441691,0.9312900584597016,-0.0863798566249063,0.125025255208127,0.004163103788575962,-0.0006906648479798605,-0.00028767313153821306,-0.013883254905522335,11237,538000000,10.33,0,2,3,11.24433784294007,-0.7303510974029358,4.765070309576524,11.39857224938369,-0.8303120365258466,4.7710317159251865,86.34804058074951
15.0,0.0,5.0,12.729542977145272,0.8217293465062407,4.891210567469918,-0.362785578426233,-0.0022889721549841594,0.0011897640059221808,0.931869072967886,-0.08567160407229421,0.1233251864584457,0.004129941300959602,-0.0009097418285364256,-0.00022528342640271148,-0.014930180441297125,11237,769000000,10.55,0,2,3,11.24433784294007,-0.7303510974029358,4.765070309576524,11.432795086124102,-0.839314148060971,4.772974915156602,86.64577317237854
15.0,0.0,5.0,12.764473627569515,0.8138514581330896,4.892392393722086,-0.3610543601389327,-0.0022165272668187063,0.0010913107745642015,0.9325414977749433,-0.08490176132587676,0.12165792026931002,0.0042003043308759805,-0.0010504075135031599,-0.00021632684337191677,-0.01563784189784201,11237,997000000,10.85,0,2,3,11.24433784294007,-0.7303510974029358,4.765070309576524,11.473675237395737,-0.843664023616841,4.775590663896495,86.9587950706482
15.0,0.0,5.0,12.801800676265275,0.8053491387940966,4.893659777501557,-0.35917943650334444,-0.002145541942676938,0.000978420460025774,0.9332655419205806,-0.08391640210662586,0.11982735892566905,0.004146143309478779,-0.001194765013678989,-0.00019180020842668455,-0.015831944620003924,11238,222000000,11.02,0,2,3,11.514073945995229,-0.8429697507723961,4.778389923420022,11.514073945995229,-0.8429697507723961,4.778389923420022,87.28889966011047
15.0,0.0,5.0,12.832984622702726,0.7981817474992109,4.894712791551103,-0.35750282492947216,-0.002077654187604444,0.0008796261922589911,0.9339093316689183,-0.08323930180483982,0.11837508298089558,0.004108700063202081,-0.000980336471911869,-0.000240463225509302,-0.016484438492625486,11238,480000000,11.29,0,2,3,11.514073945995229,-0.8429697507723961,4.778389923420022,11.564184819200168,-0.8380232407384778,4.782045116570119,87.58641338348389
15.0,0.0,5.0,12.869379382248956,0.7897556935196576,4.895936668252432,-0.35559118194649564,-0.0020149154351826555,0.0008077838042996316,0.9346390741473463,-0.0823986227828952,0.1165334285871726,0.004063800592266312,-5.5400495568846964e-05,-0.00021916144987699226,-0.013076306822767947,11238,705000000,11.53,0,2,3,11.606552833705473,-0.8332261890491769,4.785174200084369,11.606552833705473,-0.8332261890491769,4.785174200084369,87.91731524467468
15.0,0.0,5.0,12.902504687227626,0.7820396047251666,4.897049283949826,-0.3544737226407817,-0.001990066722537831,0.0008167654732187264,0.9350635018466862,-0.08144213017472691,0.11491965255850342,0.003995151179004649,-0.00013788279318305285,-0.000207065959045849,-0.008102795072773006,11238,976000000,11.81,0,2,3,11.606552833705473,-0.8332261890491769,4.785174200084369,11.654250738034618,-0.8302930343068413,4.788662852659336,88.24511814117432
15.0,0.0,5.0,12.935187232768774,0.7743710439646135,4.89812752119009,-0.35366395050969357,-0.0019579779899777353,0.0008115311350026208,0.935370150180817,-0.080390863475597,0.11341321397704698,0.0038308761588400153,-0.00012607882950987914,-0.00022319853911767495,-0.0064945739268296165,11239,206000000,12.0,0,2,3,11.606552833705473,-0.8332261890491769,4.785174200084369,11.694370359245054,-0.832516603073063,4.791504395405243,88.55211663246155
15.0,0.0,5.0,12.964761080076606,0.7673945762883915,4.899080975541757,-0.35305654633474565,-0.0019312759619917268,0.0008084849531570897,0.9355996428042395,-0.07946164785867349,0.11202412169779834,0.0037187983922610315,-0.00022645356807515782,-0.00020744968196595437,-0.005531599754249328,11239,442000000,12.15,0,2,3,11.606552833705473,-0.8332261890491769,4.785174200084369,11.731366186337171,-0.8379794680692221,4.794033012916249,88.85395240783691
15.0,0.0,5.0,12.996607726897778,0.7598397747042456,4.900107758281629,-0.35245905376284586,-0.001894982068622246,0.0007919088959838854,0.935824982218288,-0.07840569058597543,0.11055224385686784,0.0037277991652451326,-0.00022050475649848522,-0.00022709535443254936,-0.005234461241343524,11239,677000000,12.34,0,2,3,11.765037007795835,-0.8469440542197624,4.796229612721194,11.765037007795835,-0.8469440542197624,4.796229612721194,89.171062707901
15.0,0.0,5.0,13.03062221977525,0.7517346919877415,4.901215388963708,-0.3518185321390855,-0.0018577001920650656,0.0007723968691926921,0.9360660621967725,-0.07729470243331966,0.10893198867692733,0.003671886016588845,-0.0005035452772972349,-0.00018775466088527537,-0.005196735855861334,11239,917000000,12.45,0,2,3,11.765037007795835,-0.8469440542197624,4.796229612721194,11.795310963450998,-0.8596733134435288,4.7980865565050435,89.5076277256012
15.0,0.0,5.0,13.064133915823849,0.743676112775908,4.902267900129119,-0.35122674965590794,-0.001818152750046688,0.0007348113808692838,0.9362883768898117,-0.07604268129839835,0.1074196382352712,0.003411740850010181,-5.36642385640107e-05,-0.00021973595636382015,-0.003834195513263694,11240,159000000,12.5,0,2,3,11.765037007795835,-0.8469440542197624,4.796229612721194,11.822796528504098,-0.8753582581216006,4.799671787834574,89.85645413398743
15.0,0.0,5.0,13.099632956218493,0.7350688807917322,4.903326759707293,-0.350894594421431,-0.0017825407310338214,0.0007454251850766045,0.9364129700595005,-0.07469407354987981,0.10566066157579432,0.003173480554514315,-8.335756263022631e-06,-0.0002669077161954192,-0.0015106339787962497,11240,422000000,12.61,0,2,3,11.8498798475733,-0.8945650623840651,4.801164729342566,11.8498798475733,-0.8945650623840651,4.801164729342566,90.19666886329651
15.0,0.0,5.0,13.127105949700372,0.7283850577012507,4.9041129283905045,-0.35079012008253224,-0.001756879799608639,0.0007550853378558357,0.9364521530072878,-0.07371685070890202,0.1043468167980472,0.003015456038220217,3.7512955186613794e-06,-0.00022644611163968875,-0.0009618484227758017,11240,703000000,12.68,0,2,3,11.8498798475733,-0.8945650623840651,4.801164729342566,11.876228329298764,-0.9177331707633465,4.802501573859616,90.52660703659058
15.0,0.0,5.0,13.156671547279947,0.7211678347505149,4.904931517316654,-0.350619986836572,-0.00173479798459609,0.0007644484595781215,0.9365158999852736,-0.07260401896575007,0.10291665231972588,0.0028674684588743406,1.040260233509116e-05,-0.0001737278040536694,-0.0013706476465813466,11240,936000000,12.72,0,2,3,11.8498798475733,-0.8945650623840651,4.801164729342566,11.89525998333494,-0.9375245158526885,4.803384107584827,90.85127091407776
15.0,0.0,5.0,13.183379226998829,0.7146134592341183,4.9056509316620875,-0.3505789912281796,-0.0017194903758835538,0.0007721039734507002,0.936531269161758,-0.07145329969604548,0.1015597680805447,0.0027510318770947993,1.946835759270016e-05,-0.00013679172781166926,0.00020584341768881131,11241,164000000,12.76,0,2,3,11.8498798475733,-0.8945650623840651,4.801164729342566,11.916098051643797,-0.9584409935961503,4.80434300048719,91.17502284049988
15.0,0.0,5.0,13.214447476305159,0.7069353463183891,4.906468420203469,-0.350641150698123,-0.001702763140315703,0.0007734690278573932,0.9365080276113211,-0.07006492421846788,0.10001464409166849,0.002634700191349254,-0.00031356714202956937,-0.00016055095102274208,0.0004168240280932878,11241,397000000,12.85,0,2,3,11.940449561318204,-0.9739751409370766,4.805649064503645,11.940449561318204,-0.9739751409370766,4.805649064503645,91.49443936347961
15.0,0.0,5.0,13.240325759844557,0.7004896609508209,4.907135610680926,-0.35064861090667515,-0.001668811320653373,0.0007484754843746532,0.93650531580042,-0.06894572368387399,0.09878330986258192,0.0025407425653417373,-0.00040807138930176734,-0.00021452020320111842,-0.0002475647406185999,11241,645000000,12.81,0,2,3,11.940449561318204,-0.9739751409370766,4.805649064503645,11.96992264111174,-0.9818952160148249,4.807479970576762,91.81984639167786
15.0,0.0,5.0,13.268163217283842,0.6935019045186182,4.907821503121409,-0.3505679260240882,-0.001633255256973233,0.0007093969809971164,0.9365356151670678,-0.06782552432886632,0.09754918373437076,0.0023409246152630795,-0.00036630173951834877,-0.00012615476379096435,-0.0008830201693399431,11241,876000000,12.83,0,2,3,11.940449561318204,-0.9739751409370766,4.805649064503645,12.000686225112442,-0.9834806701618949,4.80955753913668,92.12526226043701
15.0,0.0,5.0,13.295601181061208,0.6865541882560149,4.9084596569006935,-0.35049237742195544,-0.0016087933076614899,0.0006800662258902514,0.9365639554579959,-0.066685379480587,0.09631916291347001,0.0021920174846369192,-0.00012841333898450102,-0.00010764569537968782,-9.63578461465886e-05,11242,113000000,12.87,0,2,3,11.940449561318204,-0.9739751409370766,4.805649064503645,12.037419305226042,-0.9802785416942288,4.81218970219502,92.45131921768188
15.0,0.0,5.0,13.327104905527424,0.6784982475742849,4.909180058471457,-0.35063149595334997,-0.0015873296411254001,0.0006760747996747845,0.936511920561074,-0.06533430147605383,0.09486678736953241,0.002166284472481096,-6.454043486314731e-05,-0.00014046134140244249,0.0016332945619979,11242,353000000,12.9,0,2,3,12.076619088651846,-0.9731284272592879,4.815098511708209,12.076619088651846,-0.9731284272592879,4.815098511708209,92.78618931770325
15.0,0.0,5.0,13.353677174831915,0.6716642526247186,4.9097888674902,-0.35083361841362626,-0.0015688489455382162,0.00067200099641746,0.9364362548077945,-0.06424155199198514,0.09362238421571889,0.002118193485333003,-0.0002132198275717201,-0.00014836111716931555,0.0019725034462680924,11242,621000000,12.91,0,2,3,12.076619088651846,-0.9731284272592879,4.815098511708209,12.124162868577006,-0.9616367400127487,4.8186578787636964,93.09047055244446
15.0,0.0,5.0,13.37985830469026,0.6648713443054856,4.910368368225049,-0.3510812563105974,-0.0015420066726045622,0.0006581619702426836,0.9363434949342122,-0.06306614190123755,0.09248381011997045,0.001956953084771463,-2.585060538962125e-05,-0.00019592534670209716,0.002729110610744101,11242,874000000,12.92,0,2,3,12.164452534703377,-0.9518983249342676,4.821628685436889,12.164452534703377,-0.9518983249342676,4.821628685436889,93.41812896728516
15.0,0.0,5.0,13.409907049335473,0.6570172242601954,4.910975256334651,-0.3515712202767146,-0.0015139596854205246,0.0006704785851201468,0.9361596741249215,-0.06166941605201295,0.09102603536501504,0.001673321452339416,2.3646059688076093e-05,-0.00022195006152969654,0.004135979315833538,11243,110000000,12.92,0,2,3,12.202033307141042,-0.9454729106441744,4.824352422299804,12.202033307141042,-0.9454729106441744,4.824352422299804,93.7830753326416
15.0,0.0,5.0,13.439387907201908,0.6492211522817449,4.91150984653286,-0.35212476403389115,-0.0014884038562652856,0.000676156028985361,0.9359516429928747,-0.0602102169216092,0.08962834342934622,0.001490398549837973,-0.00014877373217814238,-0.0001302962573390687,0.004472786486076075,11243,382000000,12.9,0,2,3,12.202033307141042,-0.9454729106441744,4.824352422299804,12.240589097317416,-0.9447647841819268,4.827066668079736,94.14729571342468
15.0,0.0,5.0,13.470398671039783,0.6409572357329825,4.912047516008046,-0.3527958785884039,-0.0014725182278756406,0.0006679641981309171,0.9356989118113449,-0.05879664378872769,0.08820481866722281,0.0013810843292671785,6.695771830322883e-05,-9.151580044886032e-05,0.005157617169970763,11243,677000000,12.95,0,2,3,12.275683683373462,-0.9521410813540504,4.829382729764628,12.275683683373462,-0.9521410813540504,4.829382729764628,94.5159101486206
15.0,0.0,5.0,13.503011663661566,0.6324670131557749,4.912570559254106,-0.3536246206461884,-0.0014760154847654676,0.0006345210981741046,0.9353860413936612,-0.06182405715859411,0.08587717547504119,0.0013161219594807236,-0.0006332656937502179,0.0006886029950692318,0.0059451286233525025,11243,965000000,12.88,0,2,3,12.275683683373462,-0.9521410813540504,4.829382729764628,12.303847667764005,-0.96520626593594,4.831094342503195,94.90442419052124
15.0,0.0,5.0,13.534516314106005,0.6265133965741211,4.913082634960889,-0.35447018653768264,-0.0015732894363108172,0.0005238194127197945,0.935065846467249,-0.0668018896941515,0.083451254683977,0.0013333776551026106,-0.00012604784700442906,0.00047966243528207997,0.00575506710447371,11244,295000000,12.87,0,2,3,12.275683683373462,-0.9521410813540504,4.829382729764628,12.33195454283195,-0.9856491955704418,4.832661963344629,95.27322959899902
15.0,0.0,5.0,13.559594393437859,0.6221377804032789,4.913466058512187,-0.35508712394556574,-0.0015836219398797566,0.0005082314463150429,0.9348317325863595,-0.06518041190241636,0.08255260314623604,0.0012033708772157328,6.445648175201768e-05,-0.00013971316832339653,0.005243288023848436,11244,591000000,12.86,0,2,3,12.275683683373462,-0.9521410813540504,4.829382729764628,12.355362147714205,-1.008904487673561,4.833834041881227,95.59664511680603
15.0,0.0,5.0,13.586107031272103,0.6171349030446274,4.91386407110368,-0.35567619113699783,-0.0015457143467696838,0.0005285979893574875,0.9346078206443607,-0.061815570181414536,0.08174433887724243,0.0011657125955716152,-9.787500516722503e-05,-0.00044388906701442465,0.0041020494791155215,11244,829000000,12.87,0,2,3,12.275683683373462,-0.9521410813540504,4.829382729764628,12.372560770271281,-1.0297246310325288,4.834587375965336,95.91785907745361
15.0,0.0,5.0,13.613791780626887,0.6113174526923141,4.914257803708284,-0.3560961930160958,-0.0014800745175813051,0.0005387508813681037,0.9344479763188285,-0.05837526181868623,0.08079263156180368,0.0010251282788904658,-8.310469823413769e-05,-0.00045147239404741413,0.002642085587467591,11245,88000000,12.9,0,2,3,12.275683683373462,-0.9521410813540504,4.829382729764628,12.390070104545623,-1.0540383444225636,4.8352032143677945,96.24449300765991
15.0,0.0,5.0,13.636828190312754,0.6060422458300391,4.914562237184261,-0.35636776627325834,-0.0014311580563958694,0.000547734645234737,0.9343445119091696,-0.055792348437487836,0.07986847283235163,0.0009233130106818572,-6.308695077450466e-05,-0.00036918692956078303,0.0023617685201315908,11245,372000000,12.98,0,2,3,12.275683683373462,-0.9521410813540504,4.829382729764628,12.40790920719693,-1.0818957348502158,4.835672432241951,96.59355330467224
15.0,0.0,5.0,13.661147999691998,0.6000941734221431,4.914863014382597,-0.3566609310336394,-0.0013859306277484516,0.0005489430621544997,0.9342327109088114,-0.05338668555157481,0.078906522036363,0.0008299086284984487,-0.0003846464579737585,-0.000343724224194375,0.0021660048560079304,11245,614000000,13.07,0,2,3,12.275683683373462,-0.9521410813540504,4.829382729764628,12.422543236611075,-1.1068805426167667,4.835942429331833,96.89483737945557
15.0,0.0,5.0,13.684857013736432,0.5939599952397866,4.915137697997562,-0.3568730284192369,-0.0013238173429284236,0.0005216353971747989,0.9341518168857978,-0.05122249153506982,0.07785971108744018,0.0007552672391053183,-0.00032419259525795496,-0.0003695070859066618,0.0015173118413258635,11245,857000000,13.17,0,2,3,12.275683683373462,-0.9521410813540504,4.829382729764628,12.438078862492429,-1.1345634360185546,4.83614032981625,97.20544672012329
15.0,0.0,5.0,13.704464470970265,0.5886589689756604,4.915352394792704,-0.357022649867663,-0.0012773533781556112,0.0005050538851685067,0.9340947172371723,-0.04958655389713617,0.07698202043191207,0.0007005375621632231,-0.0002609589586199945,-0.0003137471338732212,0.0014639533446825226,11246,127000000,13.28,0,2,3,12.275683683373462,-0.9521410813540504,4.829382729764628,12.455517488915595,-1.158774867382504,4.836472498688434,97.53106212615967
15.0,0.0,5.0,13.728880117327591,0.5817984368238407,4.915605576031128,-0.35722446782479694,-0.001228302335306213,0.0004780496805672265,0.9340176349133706,-0.047720498147525936,0.07589532563730213,0.0006410671280761442,-0.0005477943545884045,-0.00015654271550147314,0.0012537110137600394,11246,356000000,13.37,0,2,3,12.472711460250947,-1.174737767859073,4.836974446314938,12.472711460250947,-1.174737767859073,4.836974446314938,97.8784761428833
15.0,0.0,5.0,13.75272200419679,0.5748437865993046,4.915839172907861,-0.35733454035956036,-0.0011959112719625113,0.0004168119931109223,0.9339756005003629,-0.04604850228440697,0.07481258216750317,0.00059243538140681,-0.0004304871367821761,-7.99198063283768e-06,0.0005342221015780524,11246,634000000,13.46,0,2,3,12.472711460250947,-1.174737767859073,4.836974446314938,12.49932543430041,-1.1860662059259655,4.838108394848662,98.22073674201965
15.0,0.0,5.0,13.776048054893183,0.5678223172785914,4.916056206800469,-0.3574906241769993,-0.001183446325346701,0.00039490625742663897,0.9339158940340304,-0.044598130403457045,0.07373760695037992,0.0005478645033616628,0.00038321074669056543,-0.00017104900535969136,0.004485450472202501,11246,900000000,13.53,0,2,3,12.530858069527246,-1.1879056191893642,4.839805387846108,12.530858069527246,-1.1879056191893642,4.839805387846108,98.57546925544739
15.0,0.0,5.0,13.798879364690329,0.5608015816577524,4.91626013178648,-0.35849495765879474,-0.0011650791424107861,0.0004538333552912821,0.9335308253930859,-0.043233324401388426,0.07256961924914132,0.000506630651861706,0.00031490191929606226,-0.00031866524352608394,0.009570450492901728,11247,184000000,13.58,0,2,3,12.566175318877946,-1.1821487118165417,4.841954838720859,12.566175318877946,-1.1821487118165417,4.841954838720859,98.92822456359863
15.0,0.0,5.0,13.81964639551304,0.5543429678086813,4.916439827220492,-0.3597492954183717,-0.0011419552914311332,0.0005003367840508761,0.9330481713433663,-0.04204335572359669,0.07141276044537875,0.0004759014740863562,0.0002484378597955583,-0.00028011751851408917,0.010788472536660265,11247,461000000,13.5,0,2,3,12.566175318877946,-1.1821487118165417,4.841954838720859,12.604208665199854,-1.1706754989215606,4.844415239424895,99.2521562576294
15.0,0.0,5.0,13.838449297611632,0.5484439712676396,4.916598647627484,-0.3609802668108626,-0.0011241333811713508,0.0005344952964468685,0.9325726232375029,-0.04094853734079195,0.0704060905896479,0.0004522421979262208,0.00019877585515359897,-0.0002242808946562036,0.011247304337302921,11247,728000000,13.39,0,2,3,12.566175318877946,-1.1821487118165417,4.841954838720859,12.641203337234959,-1.1563078485415768,4.846893290958226,99.55917024612427
15.0,0.0,5.0,13.858452985811708,0.5420866569209742,4.916764218063731,-0.3623830243156125,-0.0011095110636991107,0.000563344670648562,0.932028430529805,-0.039736322755071045,0.06949581971398268,0.0004307336071601608,0.00015631387810799424,-0.00017089322312813238,0.011769289176299935,11247,977000000,13.32,0,2,3,12.566175318877946,-1.1821487118165417,4.841954838720859,12.679293915167786,-1.139407474685101,4.849470076831681,99.89168071746826
15.0,0.0,5.0,13.878078582416613,0.5357583093488794,4.916923990971734,-0.36381560071412883,-0.0010990011932547554,0.0005853477379105534,0.9314701596086803,-0.03855272698373295,0.06854851096456721,0.0004128001199731143,0.00012206822219695823,-0.0001279211716109785,0.01165233970823465,11248,235000000,13.13,0,2,3,12.714095378825167,-1.1236406562023966,4.8518025015276685,12.714095378825167,-1.1236406562023966,4.8518025015276685,100.23133182525635
15.0,0.0,5.0,13.898818564568428,0.5289834389821656,4.9170905601014505,-0.36528823539663374,-0.0010912040846552506,0.0006029987044784334,0.9308936302000468,-0.03741788050305414,0.06760390104592967,0.00039681759108869155,9.273187657754534e-05,-9.24128180201933e-05,0.011017243741662242,11248,495000000,12.99,0,2,3,12.749952674031507,-1.1086363742544467,4.854156668059568,12.749952674031507,-1.1086363742544467,4.854156668059568,100.57662558555603
15.0,0.0,5.0,13.919206903172766,0.5222902024524656,4.917252353655432,-0.36672105650798476,-0.001083462789327245,0.000602879451595819,0.930330118483981,-0.037169577392475034,0.06647336782463685,0.00038466804707372004,-0.0002791874720742271,2.0586356797025473e-05,0.011545996130735148,11248,764000000,12.85,0,2,3,12.749952674031507,-1.1086363742544467,4.854156668059568,12.783414873454795,-1.0995823551057127,4.85632514385037,100.92655849456787
15.0,0.0,5.0,13.938041680336237,0.5165019258417486,4.917399007872636,-0.36818602716667037,-0.0010844872574405737,0.0005764506214364607,0.9297513328795464,-0.0376286034947828,0.06522397305491116,0.00037612929500232216,0.00012489773979496022,3.7255702522998035e-05,0.012445080028555822,11249,43000000,12.71,0,2,3,12.749952674031507,-1.1086363742544467,4.854156668059568,12.810741021043706,-1.0985049736167585,4.8581124791022265,101.25144362449646
15.0,0.0,5.0,13.960809113316898,0.5095164496592247,4.917569970186189,-0.3700487407044247,-0.0010824227239444604,0.0005858081080373136,0.9290115255974905,-0.035909015368909204,0.06416347660473334,0.00029233585248308424,-6.41345003771221e-05,-0.0001177060894974602,0.0123614770018321,11249,301000000,12.55,0,2,3,12.830835294100936,-1.1040216907842744,4.859459834180266,12.830835294100936,-1.1040216907842744,4.859459834180266,101.69893002510071
15.0,0.0,5.0,13.980720372918123,0.504007498803544,4.917704453366907,-0.37170763511684285,-0.0010904382425404174,0.0005067764320769405,0.928349065878741,-0.05005663308252138,0.060871345880402584,0.0006193264730962887,-0.001631501481824671,0.0018140217548534565,0.014812978042755276,11249,621000000,12.33,0,2,3,12.830835294100936,-1.1040216907842744,4.859459834180266,12.849606959856024,-1.1178982925567575,4.8607579839510215,102.06237125396729
15.0,0.0,5.0,14.012415288276193,0.5077281932957937,4.918235600231734,-0.3743687944833594,-0.00148189595436118,9.807598142857945e-05,0.9272787067988559,-0.09496561069603428,0.05334419355408271,0.0018630195865008276,-0.0010356193001825886,0.003276958182141243,0.017999850206251722,11249,914000000,12.13,0,2,3,12.830835294100936,-1.1040216907842744,4.859459834180266,12.861722206852791,-1.1350643994830676,4.861583402904579,102.46799874305725
15.0,0.0,5.0,14.057988536294989,0.5235548115547909,4.9193079847443535,-0.37745257309161445,-0.0018850319612081089,-0.0001848171922531331,0.9260269799328904,-0.11297073307601609,0.05018113039537717,0.0024086906755267827,-7.781492570302362e-05,0.0010457789585416322,0.013271983971208101,11250,244000000,11.76,0,2,3,12.830835294100936,-1.1040216907842744,4.859459834180266,12.872121569498447,-1.1607365363859226,4.862305830521834,102.94630789756775
15.0,0.0,5.0,14.090107587887214,0.5354112920800121,4.92011412398618,-0.3789268406556449,-0.0019384876376584187,-0.00020711171228386617,0.925424577586498,-0.10619422777498226,0.05055992009730468,0.0022827752682273747,0.0002733791347964143,-0.0006378597106504458,0.0075699448643717915,11250,644000000,11.31,0,2,3,12.830835294100936,-1.1040216907842744,4.859459834180266,12.880579873869756,-1.1948342612247076,4.862886057440803,103.30909252166748
15.0,0.0,5.0,14.115517345804662,0.5431487631538348,4.92070808539267,-0.37941623209892944,-0.0018040512640182327,-0.00012160365616052692,0.9252243260050175,-0.09077508304752889,0.05196648052485893,0.0018750032912861364,0.00021126183611386296,-0.0016539674788873526,0.0017623524172449834,11250,930000000,11.07,0,2,3,12.830835294100936,-1.1040216907842744,4.859459834180266,12.888707300544285,-1.2147495259842853,4.863411726407209,103.66123461723328
15.0,0.0,5.0,14.143999918713776,0.5490667319556496,4.921296297121233,-0.37926990735605937,-0.0015736803555353798,-6.37581096624791e-06,0.9252847458288792,-0.0733323798478621,0.0530962033780437,0.0013965583617563232,-1.920795575927059e-05,-0.0016598793649791332,-0.002626209766276588,11251,168000000,10.98,0,2,3,12.90053646115471,-1.224314975227696,4.8641599033874,12.90053646115471,-1.224314975227696,4.8641599033874,104.0146541595459
15.0,0.0,5.0,14.167728730609767,0.5514331446707875,4.921688206477177,-0.3788773537208219,-0.0013802903093009002,7.846816721901375e-05,0.9254458598313118,-0.06025335531751713,0.05365336419249213,0.0009799368689028115,0.00016905877799899827,-0.0013716566968469124,-0.002844523714884417,11251,463000000,10.96,0,2,3,12.90053646115471,-1.224314975227696,4.8641599033874,12.921585308447469,-1.2266812034075387,4.8655372103610235,104.36998772621155
15.0,0.0,5.0,14.189196258275954,0.5514216934777242,4.9219807131323545,-0.3785830504933583,-0.0012277666194303166,0.00015891668252852854,0.9255664974564277,-0.049816404365880015,0.053855042456440384,0.0007716090285475684,-3.3033972002272094e-05,-0.0011097323181274987,-0.0011343107416905696,11251,756000000,10.98,0,2,3,12.90053646115471,-1.224314975227696,4.8641599033874,12.946268630424145,-1.2211588748067959,4.867154026618049,104.70113706588745
15.0,0.0,5.0,14.207478735628293,0.549742875392895,4.92221220499022,-0.3786096824589587,-0.0011100056733748945,0.00021650283047840152,0.9255557408185937,-0.04200276640602983,0.05386004496946637,0.0006703845690963221,0.0004916042030345125,-0.0009286048907597433,0.0022545801130036125,11252,29000000,10.99,0,2,3,12.97459260197247,-1.2099942914221813,4.869023019253011,12.97459260197247,-1.2099942914221813,4.869023019253011,105.01338911056519
15.0,0.0,5.0,14.224426024636353,0.5468015012970132,4.922397058443131,-0.3791495015059952,-0.0010287941589679,0.0003105060378074248,0.9253348046390204,-0.0355632096747757,0.053702626078591054,0.0005139743368742136,0.00025151130103040487,-0.000800495843122917,0.006104991371103097,11252,286000000,10.98,0,2,3,13.003292868577883,-1.1958771758203244,4.870895183375022,13.003292868577883,-1.1958771758203244,4.870895183375022,105.35238695144653
15.0,0.0,5.0,14.241470091036408,0.5425260049904304,4.922571537738558,-0.38008422440286854,-0.0009453989952876192,0.00037595137966112775,0.9249513215523126,-0.030064975777265468,0.053488775992796014,0.00048347800427273686,0.00018624326116878365,-0.0006577499618742877,0.008040925968089141,11252,544000000,10.91,0,2,3,13.03134102497288,-1.1827645867717058,4.872711188486676,13.03134102497288,-1.1827645867717058,4.872711188486676,105.69970893859863
15.0,0.0,5.0,14.25748951034739,0.5373991842969628,4.922732896101724,-0.3812046754838113,-0.0008818473310190399,0.00043263990169050944,0.9244901462737621,-0.0257544203267324,0.05303485661683917,0.0004087062066483846,0.00032069458484329516,-0.0005397831955633592,0.00955808909566258,11252,827000000,10.81,0,2,3,13.03134102497288,-1.1827645867717058,4.872711188486676,13.05738755532,-1.1750937102263879,4.8743895271134905,106.04576897621155
15.0,0.0,5.0,14.270536030666563,0.5325163348423928,4.9228389660687055,-0.3823443475452407,-0.0008397398084314601,0.00048706670096742915,0.9240194032071442,-0.02273025826192584,0.052536633774101074,0.0002659433265186523,0.0002628932008974516,-0.00046429958615590294,0.010771948200272163,11253,105000000,10.71,0,2,3,13.03134102497288,-1.1827645867717058,4.872711188486676,13.077940881088958,-1.1759004745160337,4.875729264388604,106.39037823677063
15.0,0.0,5.0,14.285046273437755,0.5263545138430537,4.922922233355673,-0.38378727959587083,-0.0008004147901185995,0.0005374735458047308,0.9234210277434407,-0.019562066671232402,0.05192072500647826,0.00012645615203374117,0.0002041483924131171,-0.0003535349577532543,0.011474093480501324,11253,351000000,10.61,0,2,3,13.03134102497288,-1.1827645867717058,4.872711188486676,13.091690029774496,-1.1825226030223104,4.876619899605084,106.72772550582886
15.0,0.0,5.0,14.298887418557559,0.5197939744282928,4.922966915736548,-0.385291340300147,-0.0007683393817212694,0.000570458021021017,0.9227944881293759,-0.016993565470065714,0.0512503896747334,-3.639423819411507e-05,-1.677614864803445e-05,-0.00030358747551417764,0.011557177276699804,11253,628000000,10.49,0,2,3,13.03134102497288,-1.1827645867717058,4.872711188486676,13.104147125274164,-1.1958162306590945,4.877431911173887,107.05407047271729
15.0,0.0,5.0,14.309356732076411,0.5144506279936661,4.922958559017502,-0.3864496778975941,-0.0007380909832306414,0.0005803914275998308,0.922310015569785,-0.015379840652176981,0.050638513301452734,-0.0002242031155272772,-1.4569066753011839e-05,-0.00028329554311312677,0.011242843447689665,11253,902000000,10.38,0,2,3,13.113512991225706,-1.2138605856700477,4.878026869867037,13.113512991225706,-1.2138605856700477,4.878026869867037,107.36032176017761
15.0,0.0,5.0,14.323126636018985,0.5070078208559644,4.922885374048361,-0.3879508766403559,-0.0007039846830837242,0.0005921605103814464,0.9216795924102232,-0.013537482144139714,0.04972034941604802,-0.0004388563075877678,-8.042376009598229e-06,-0.0002156198419811517,0.010453317099745618,11254,135000000,10.3,0,2,3,13.119118656455457,-1.2307212201769362,4.878342554790339,13.119118656455457,-1.2307212201769362,4.878342554790339,107.73766374588013
15.0,0.0,5.0,14.333769076185803,0.5009342165457881,4.922783661895893,-0.38908162473491625,-0.0006835225395974151,0.0005994639659186681,0.921202834740281,-0.012236215407032843,0.04915615369329196,-0.0005816158407897702,-4.242204720839027e-06,-0.00016637423954080077,0.01009565112326527,11254,429000000,10.22,0,2,3,13.119118656455457,-1.2307212201769362,4.878342554790339,13.124831126054318,-1.256765555838302,4.878584162559128,108.04809522628784
15.0,0.0,5.0,14.343288314301345,0.49528693267111873,4.922662475887008,-0.3901030539530728,-0.0006696254996929705,0.0006061753514123259,0.9207707594453787,-0.011264909158642363,0.04867505386474093,-0.0006769804488769775,0.00013196668362525088,-0.00014808202877247822,0.01041419754983508,11254,664000000,10.15,0,2,3,13.119118656455457,-1.2307212201769362,4.878342554790339,13.13118378353192,-1.274282980559818,4.878826073435677,108.37475323677063
15.0,0.0,5.0,14.352577642194344,0.48962655710792813,4.922535264991468,-0.39125941845694606,-0.0006599194184144213,0.0006295703792349944,0.9202799767550258,-0.010454968499319676,0.04787856745063436,-0.0006568533821621512,0.00015388070693234113,-0.00018195691495748179,0.012035370127705391,11254,887000000,10.08,0,2,3,13.119118656455457,-1.2307212201769362,4.878342554790339,13.14098509886904,-1.2831895349249776,4.879265011485272,108.68317198753357
15.0,0.0,5.0,14.362472428838814,0.48346960341589845,4.922401032064841,-0.3926226457460174,-0.0006482358179673239,0.0006518007723250372,0.9196991970168695,-0.009704570986539072,0.047164589138059744,-0.000637909820331414,0.00012174651828900096,-0.00016003050120616535,0.012477757718443172,11255,110000000,9.98,0,2,3,13.15414865207897,-1.2860497140591538,4.879915528743291,13.15414865207897,-1.2860497140591538,4.879915528743291,108.99953484535217
15.0,0.0,5.0,14.372141995313715,0.47733095593291097,4.922271377682108,-0.3939933996584149,-0.0006373431258392045,0.0006675286060421637,0.9191128054950082,-0.008985517011716744,0.04647490321793061,-0.0005993109877279275,-5.619257414934964e-05,-0.00015036602860618586,0.012232405697432114,11255,353000000,9.85,0,2,3,13.15414865207897,-1.2860497140591538,4.879915528743291,13.171694543388604,-1.2834780972432196,4.88082685563841,109.3075487613678
15.0,0.0,5.0,14.38081465207461,0.47172000386073215,4.922173548193093,-0.3951926118068002,-0.0006171944580378837,0.0006658404130362655,0.9185978310995867,-0.008350971104919447,0.04585517366669005,-0.00046887058261785763,-7.926231049282251e-05,-0.00017851091342890868,0.011599967911024578,11255,584000000,9.71,0,2,3,13.191892358911971,-1.2761502011438608,4.881880127032187,13.191892358911971,-1.2761502011438608,4.881880127032187,109.61285376548767
15.0,0.0,5.0,14.390071889860302,0.4656169569117119,4.9220963117201135,-0.3964462883419118,-0.0005961268172058885,0.0006650338307982765,0.9180574833978228,-0.007712313997819423,0.04518383642043669,-0.00034747961583652103,-6.613575607161692e-05,-0.00015562478949959768,0.011402830477891257,11255,815000000,9.58,0,2,3,13.191892358911971,-1.2761502011438608,4.881880127032187,13.212193743269388,-1.2661652586918197,4.8829124812461515,109.9136393070221
15.0,0.0,5.0,14.399145067730622,0.4595577112561642,4.922045239237301,-0.39773917076243603,-0.0005788180845819188,0.0006642642494686787,0.9174981066813388,-0.00724904307009217,0.044547918170889274,-0.00024470964144821634,-5.457375671369391e-05,-0.00012516514544813617,0.012047898871969664,11256,54000000,9.45,0,2,3,13.235830551738632,-1.2525079303117017,4.884074665126895,13.235830551738632,-1.2525079303117017,4.884074665126895,110.22126507759094
15.0,0.0,5.0,14.408049133295279,0.45352254184700275,4.922016321045415,-0.39910292591109686,-0.0005652708239704066,0.0006632628928551683,0.9169057176615444,-0.006680445570541017,0.0440487927268474,-0.000157705675031246,-4.5024927075587584e-05,-9.782370611333135e-05,0.012594942472787807,11256,288000000,9.31,0,2,3,13.235830551738632,-1.2525079303117017,4.884074665126895,13.260630645038782,-1.236628450387112,4.885248693756618,110.53920531272888
15.0,0.0,5.0,14.41680848936133,0.4474973030714142,4.922006177438039,-0.40049784445750597,-0.0005548955264044243,0.000662020350423585,0.9162972936797869,-0.0061978720839754985,0.04358369395900145,-8.404184096402783e-05,-3.740024361320593e-05,-7.519290861068839e-05,0.012678585244429996,11256,532000000,9.16,0,2,3,13.28611279374721,-1.2193584698532225,4.886423066541067,13.28611279374721,-1.2193584698532225,4.886423066541067,110.83570098876953
15.0,0.0,5.0,14.426105643577786,0.44101552147844897,4.922012947028065,-0.4019954962286101,-0.0005465002592801791,0.0006604673134587836,0.915641243136365,-0.005680300440995413,0.04285015361711815,-1.6922226670231472e-05,-3.073582206525316e-05,-5.601964012669214e-05,0.012520528434833977,11256,764000000,9.01,0,2,3,13.310750251202542,-1.2031674649305413,4.887522463126709,13.310750251202542,-1.2031674649305413,4.887522463126709,111.17984366416931
15.0,0.0,5.0,14.435424637496743,0.43487343842965365,4.922040070554785,-0.4035033108561951,-0.0005517501762873541,0.0006187529106593735,0.9149778089356415,-0.015152984167974042,0.04112749072271239,0.00017700657041452202,-0.0013861834986528265,0.001397189032559254,0.013706520621781237,11257,32000000,8.85,0,2,3,13.310750251202542,-1.2031674649305413,4.887522463126709,13.334546876549085,-1.1899860500025097,4.888579883578097,111.5154378414154
15.0,0.0,5.0,14.449030007021792,0.4349252185816246,4.9221903175422295,-0.4052978895495196,-0.0008315751853985262,0.00031253387179411523,0.9141842437561452,-0.05337821007771347,0.036400151879952235,0.0007882797252931299,-0.0009959479484678013,0.003645886545200483,0.015812591482244898,11257,279000000,8.7,0,2,3,13.310750251202542,-1.2031674649305413,4.887522463126709,13.353812514743817,-1.183789088168253,4.889469332664219,111.85457944869995
15.0,0.0,5.0,14.474467983131932,0.4458559783423284,4.922634965989903,-0.4077089003300994,-0.0013189221769866993,-5.00328685817845e-05,0.9131110066868233,-0.08743997217091495,0.03260651823505386,0.0012828581203398709,-0.0005380527568377147,0.0028479373668233166,0.01416474515281152,11257,547000000,8.51,0,2,3,13.310750251202542,-1.2031674649305413,4.887522463126709,13.367975948923824,-1.1853135296037032,4.890185264734676,112.28102421760559
15.0,0.0,5.0,14.500305847458034,0.4603971612640387,4.923113703405279,-0.4094533115273652,-0.001575724492715737,-0.00020416565281023368,0.9123296888121003,-0.0912113988144877,0.032117350119326496,0.0012182151812958329,0.0004681846576204407,0.0002270483633992626,0.009885216331895208,11257,894000000,8.22,0,2,3,13.379392374269882,-1.196573244853407,4.890854439143199,13.379392374269882,-1.196573244853407,4.890854439143199,112.65974044799805
15.0,0.0,5.0,14.520978120340164,0.47084704766253493,4.923463751669881,-0.41034381145003024,-0.0014902155459509997,-0.0001191583059953732,0.9119296691431784,-0.07596422709153268,0.033219324000870624,0.0009423321582129926,1.5752207005448327e-05,-0.0012307361771490832,0.00509243013766536,11258,179000000,7.99,0,2,3,13.384168540956257,-1.2132522362070353,4.891227250603242,13.384168540956257,-1.2132522362070353,4.891227250603242,113.01952862739563
15.0,0.0,5.0,14.539522317982668,0.47866073520442237,4.92373351537518,-0.41072779837327306,-0.0013580700007880132,-4.811553068170555e-05,0.9117570010557707,-0.0634847127656351,0.03374829188976658,0.0006829293527496505,0.0005025235168432118,-0.0012808052474611031,0.002332393842152669,11258,454000000,7.87,0,2,3,13.384168540956257,-1.2132522362070353,4.891227250603242,13.385202812167659,-1.231683560675021,4.891425704079455,113.34029197692871
15.0,0.0,5.0,14.554616371011631,0.48339571514985835,4.923900279822483,-0.41097393135647875,-0.001220627847456739,7.421645500082098e-05,0.9116462758685387,-0.050303101382750605,0.034321689564584014,0.00040989192593839574,0.00027779315985299036,-0.0015225979723254568,0.0025499344474155805,11258,701000000,7.82,0,2,3,13.383989709544434,-1.2530650356036448,4.891492975539667,13.383989709544434,-1.2530650356036448,4.891492975539667,113.65812563896179
15.0,0.0,5.0,14.567883542071362,0.4858684031862192,4.9240115704849154,-0.4113207831716122,-0.0010706115465611283,0.0001679544905284353,0.9114900103200787,-0.039159160743271464,0.03484177305444712,0.00024594937623343896,3.930461147660935e-05,-0.0013895609640712792,0.0036261567856854526,11258,937000000,7.79,0,2,3,13.38220042474586,-1.2734998370891384,4.891494098297512,13.38220042474586,-1.2734998370891384,4.891494098297512,113.9913682937622
15.0,0.0,5.0,14.579622094754452,0.4864779839485242,4.924064274743052,-0.4117588040109018,-0.0009322535257407439,0.000235973203207119,0.9112923584336273,-0.03000226136053761,0.035152345698087575,3.2137386916202434e-05,0.00018046035563656915,-0.0011954308888562082,0.004614735644281609,11259,185000000,7.75,0,2,3,13.38220042474586,-1.2734998370891384,4.891494098297512,13.381774006566836,-1.2915946029194036,4.891543144450667,114.31549143791199
15.0,0.0,5.0,14.589257839771168,0.485683380710998,4.9240796535488895,-0.4123031234959642,-0.0008300618895265882,0.000305854003700859,0.9110462950948539,-0.022975160673978933,0.035341757094920406,-5.9962142267254895e-05,0.0003061228966316776,-0.00103801313571239,0.006027647441442241,11259,422000000,7.69,0,2,3,13.38220042474586,-1.2734998370891384,4.891494098297512,13.385155045254823,-1.3035961370163605,4.891761775977539,114.63770604133606
15.0,0.0,5.0,14.598729740077278,0.4836324367275368,4.924055970461122,-0.4130238690425226,-0.0007405236541131303,0.00038787570212746753,0.9107198168362771,-0.016707078967532686,0.03522927606258747,-0.00025927341113126003,0.00028988962128551066,-0.0008845822435432638,0.007059408653731225,11259,648000000,7.63,0,2,3,13.38220042474586,-1.2734998370891384,4.891494098297512,13.39192518936193,-1.3087287907122886,4.892138584714203,114.95786666870117
15.0,0.0,5.0,14.607273422797324,0.4806182471766547,4.923986928466433,-0.41384104332347116,-0.0006666137819554598,0.0004528878763491189,0.9103488020421502,-0.01162972401455701,0.034926817344003463,-0.00040865765263076853,8.527176547090676e-05,-0.0007216958920253091,0.007737171927146846,11259,896000000,7.54,0,2,3,13.403018355513437,-1.3083835568668718,4.892721692290744,13.403018355513437,-1.3083835568668718,4.892721692290744,115.27652096748352
15.0,0.0,5.0,14.615055299290965,0.4768378699584493,4.923899903691154,-0.4147006710697592,-0.0005953187423010971,0.0004903728554120061,0.9099575586500444,-0.007519200117543595,0.034682125558198516,-0.00042593965815620734,3.351360824410676e-05,-0.000621096410213795,0.00795745208961307,11260,134000000,7.44,0,2,3,13.417312984366736,-1.3028856990503843,4.893450061111357,13.417312984366736,-1.3028856990503843,4.893450061111357,115.60130429267883
15.0,0.0,5.0,14.622798075700553,0.47204761209604906,4.923800286988932,-0.41565403377705845,-0.000532499679583576,0.0005228568686264902,0.90952249409767,-0.003945557415042561,0.034468556413026,-0.0004422466416627996,2.5618986043696168e-05,-0.0004839086159336148,0.008411643466388341,11260,377000000,7.35,0,2,3,13.417312984366736,-1.3028856990503843,4.893450061111357,13.435667354464583,-1.2923301394649425,4.894366552592296,115.92368245124817
15.0,0.0,5.0,14.6289006151701,0.4675391103234393,4.923712434447697,-0.41654246936921546,-0.0004910694393443347,0.0005443339645403658,0.9091159627699521,-0.0014956820627626856,0.03428893786403381,-0.00045422032516121,2.0692163005264774e-05,-0.0003835445397726289,0.00925480389923905,11260,624000000,7.21,0,2,3,13.454630597683353,-1.2793437942030124,4.89526605714553,13.454630597683353,-1.2793437942030124,4.89526605714553,116.23893141746521
15.0,0.0,5.0,14.635151764109311,0.4622629451462732,4.923613468213049,-0.4175981434715738,-0.0004560048476346047,0.0005625890916417622,0.9086315348490759,0.0006913019396000632,0.033904503203429456,-0.0004655237614974121,1.623815943929685e-05,-0.00029516974393573037,0.00993472622212721,11260,856000000,7.11,0,2,3,13.454630597683353,-1.2793437942030124,4.89526605714553,13.473282957729356,-1.2653567294894001,4.896103694844453,116.5431809425354
15.0,0.0,5.0,14.641046491238338,0.45669773767453803,4.923511754824868,-0.4186937063954982,-0.00042931388604323354,0.000576538631734885,0.9081272287061949,0.0024441005159603043,0.033576951439428786,-0.0004751762367912289,1.250868768565283e-05,-0.00022602204836630335,0.01007132495942642,11261,96000000,7.0,0,2,3,13.454630597683353,-1.2793437942030124,4.89526605714553,13.496482432071822,-1.2468841467993559,4.897076031451267,116.85271739959717
15.0,0.0,5.0,14.64665287700349,0.4509264491185115,4.9234072571528955,-0.4197805246516075,-0.00040801840994275033,0.0005854009971711241,0.9076253643160654,0.0037834808638853973,0.03318645567606412,-0.0005038532043835449,-0.00013744980407182084,-0.0001936282998826755,0.009870599023997784,11261,337000000,6.87,0,2,3,13.518685805082892,-1.2284118412643343,4.897927079469678,13.518685805082892,-1.2284118412643343,4.897927079469678,117.17630982398987
15.0,0.0,5.0,14.652001350633274,0.44500201360126207,4.923280035652332,-0.42083929464659375,-0.0003779030583444742,0.0005785817724830861,0.9071349461429474,0.004961206454406801,0.03276882214866501,-0.0006365790638819807,-0.00014172675832924142,-0.00021067049971179586,0.009638488336349837,11261,570000000,6.72,0,2,3,13.518685805082892,-1.2284118412643343,4.897927079469678,13.539102022082957,-1.2111865667986585,4.898663506988929,117.47571420669556
15.0,0.0,5.0,14.657131490789403,0.4389542309068745,4.923123146867872,-0.4218857658379547,-0.00035099489054595673,0.0005743678592090237,0.9066487453735717,0.005912770876407104,0.03239650674551786,-0.0007492826597773201,-0.00011165319691031073,-0.0001782055562671303,0.009705791489977855,11261,816000000,6.59,0,2,3,13.518685805082892,-1.2284118412643343,4.897927079469678,13.55930060780197,-1.195441411683947,4.899370159114522,117.78618216514587
15.0,0.0,5.0,14.662459994372238,0.4323227538107467,4.922924874883342,-0.4230590223509261,-0.00032783696906476764,0.0005710350647711588,0.9061018872341868,0.00671129226396565,0.03181325552697414,-0.0008522454380603419,-8.61595211176791e-05,-0.00013821811677416918,0.010030638713942608,11262,55000000,6.47,0,2,3,13.518685805082892,-1.2284118412643343,4.897927079469678,13.575677251011014,-1.185453209743115,4.899957236534928,118.1072838306427
15.0,0.0,5.0,14.667581628194462,0.425672952992965,4.922701819431664,-0.42422936354089713,-0.0003102909494674477,0.0005683234835961236,0.9055545416139381,0.00725115885039245,0.031258087929945375,-0.0009384371701932108,-6.665134151262464e-05,-0.00010405877119978868,0.009721714104671264,11262,300000000,6.34,0,2,3,13.588409432700695,-1.182194555994851,4.900455639720745,13.588409432700695,-1.182194555994851,4.900455639720745,118.45172667503357
15.0,0.0,5.0,14.671860609426805,0.42014652864657837,4.922498376452963,-0.42518159411715606,-0.00030318088152956756,0.0005560836019439337,0.9051078448872126,0.0013246378035984647,0.030393932490831378,-0.0009173086018072129,-0.0007206779002899566,0.0007317074675938784,0.009925142148858868,11262,564000000,6.22,0,2,3,13.588409432700695,-1.182194555994851,4.900455639720745,13.59621537473141,-1.186360138100669,4.900811975327147,118.76257348060608
15.0,0.0,5.0,14.680755092577723,0.4202561851659591,4.922362963753858,-0.4263999719582543,-0.0005514006904298226,0.0003203361314732524,0.9045344975489,-0.04627435615791656,0.02649972504035749,-0.0003252104252301099,-0.0009550272125125048,0.003760064873858937,0.011917739539057948,11262,792000000,6.12,0,2,3,13.588409432700695,-1.182194555994851,4.900455639720745,13.5996057402836,-1.194757279603057,4.9010130344562315,119.0807785987854
15.0,0.0,5.0,14.695864063553534,0.42921901556772607,4.92238547486649,-0.4277156346300267,-0.000945406909107924,1.7186181134094358e-05,0.9039128507790143,-0.08819074445779354,0.02355944954388805,0.0002473821059379567,-0.0007817009361588134,0.004018062963950797,0.012257192975084763,11263,33000000,5.99,0,2,3,13.588409432700695,-1.182194555994851,4.900455639720745,13.600543966107413,-1.2080859258080903,4.901107687706596,119.41108417510986
15.0,0.0,5.0,14.72394191640314,0.4524750746691107,4.922648180065576,-0.42945560741272204,-0.0014210680184174227,-0.0003289905271021445,0.9030867918382428,-0.13186665616656834,0.020825206357424207,0.0007186034550670179,-0.0005720837407352519,0.0032264580113405827,0.010908671993092867,11263,276000000,5.83,0,2,3,13.599069880185903,-1.2249775875224476,4.901109790792086,13.599069880185903,-1.2249775875224476,4.901109790792086,119.8365044593811
15.0,0.0,5.0,14.753855369205452,0.48037431560171373,4.9230008097877835,-0.4306577987022081,-0.0017208941488007392,-0.0005195119725382005,0.9025135062965025,-0.14365545545892075,0.020327935156655326,0.0007390318885270543,0.0004292245080250723,0.0006195723926794017,0.006494692297565052,11263,592000000,5.6,0,2,3,13.593771394224667,-1.2515618079372044,4.90096405712398,13.593771394224667,-1.2515618079372044,4.90096405712398,120.1965491771698
15.0,0.0,5.0,14.779198839297898,0.5029919851804178,4.923284327824389,-0.4310783254559103,-0.001626003245041158,-0.00041342476520687575,0.9023129515392865,-0.11502867649027584,0.0218166830780734,0.0005155555193380086,0.0005153228130438947,-0.0019526511550793657,0.0013107167092130112,11263,866000000,5.41,0,2,3,13.593771394224667,-1.2515618079372044,4.90096405712398,13.586813705150036,-1.2774078929380384,4.900728102457914,120.5469479560852
15.0,0.0,5.0,14.798656014403768,0.5185143085790136,4.923453620699304,-0.4310605690236009,-0.0014083080874881292,-0.00024760939848469704,0.9023218611953085,-0.08923404737900978,0.022922926021141633,0.00026441314568407685,0.0004144119628790577,-0.002285839354954078,-0.0012062262157996884,11264,123000000,5.34,0,2,3,13.593771394224667,-1.2515618079372044,4.90096405712398,13.582259857307603,-1.297987299119149,4.900580380252511,120.88942456245422
15.0,0.0,5.0,14.815894816422261,0.5301873606627547,4.923545871176766,-0.43084423943747485,-0.0011794527538160982,-8.536642723867057e-05,0.9024255331867103,-0.06571018466473301,0.02371170452213187,8.791040482107216e-05,0.0003247032850595133,-0.001983410083994386,-0.0017575985339135514,11264,377000000,5.33,0,2,3,13.593771394224667,-1.2515618079372044,4.90096405712398,13.582718832446782,-1.3105763742682315,4.900631596430657,121.2336368560791
15.0,0.0,5.0,14.829835674243977,0.5374825922497556,4.923608622419111,-0.43071518112665175,-0.0009805553406932847,5.11424181587425e-05,0.9024873786611712,-0.046785413590163125,0.024303873003638326,7.835028284234226e-05,0.000255949973393399,-0.0017120325424002658,-0.0004802719018925927,11264,635000000,5.33,0,2,3,13.593771394224667,-1.2515618079372044,4.90096405712398,13.58783013248866,-1.3147679669079686,4.900868493854762,121.58606195449829
15.0,0.0,5.0,14.840321199526597,0.541098977651706,4.923620513033126,-0.43072506434803565,-0.0008199831293026613,0.00015831974951669098,0.9024828095342896,-0.032685991632576496,0.02464553178902119,-0.00013361997336593776,0.0002074005962526826,-0.0014573956491403806,0.0006981930312122131,11264,885000000,5.33,0,2,3,13.593771394224667,-1.2515618079372044,4.90096405712398,13.59756419840579,-1.312696456419586,4.90130476569991,121.91121864318848
15.0,0.0,5.0,14.849601321159808,0.5423151374925942,4.923574224641909,-0.4308941243563005,-0.0006771790637902812,0.00024814214375184633,0.9024022015981616,-0.020391335179822764,0.024979236255958586,-0.0002956522308724778,-6.9918274281377535e-06,-0.0011636558269856323,0.002115822189807659,11265,129000000,5.32,0,2,3,13.593771394224667,-1.2515618079372044,4.90096405712398,13.60968143563876,-1.3058587609944787,4.901831095942062,122.24521851539612
15.0,0.0,5.0,14.856626630019953,0.5414045043594788,4.9235094914774304,-0.4311821045340016,-0.0005629307764808299,0.000303840664632628,0.9022646970370836,-0.011201437429559202,0.025256496760543416,-0.00030025295322389834,0.00014791425968496696,-0.0009805789886740968,0.0031207880056172144,11265,383000000,5.29,0,2,3,13.625470099377752,-1.294282578127359,4.902483767947407,13.625470099377752,-1.294282578127359,4.902483767947407,122.57673144340515
15.0,0.0,5.0,14.861987706744396,0.5391988066593039,4.923460355341027,-0.4315305252872943,-0.000478668581202417,0.00036042310121648904,0.9020981358570968,-0.004340238547524877,0.025247228154236634,-0.00023137681698366853,-5.226740551478315e-06,-0.0008605931384408905,0.003804965808740235,11265,619000000,5.25,0,2,3,13.625470099377752,-1.294282578127359,4.902483767947407,13.641930921054804,-1.2806279869485344,4.9031433240781155,122.91302180290222
15.0,0.0,5.0,14.867226933365252,0.5352675061461671,4.923399512253203,-0.4320187377600828,-0.00038350069465361734,0.00040386841091835787,0.9018644576884647,0.0021243789575119444,0.02511760605857503,-0.0003116931621771351,0.00012840321375051644,-0.0007633559960140701,0.004806381093658274,11265,855000000,5.2,0,2,3,13.625470099377752,-1.294282578127359,4.902483767947407,13.658215489880472,-1.2661748951464813,4.9037554058811645,123.24931192398071
15.0,0.0,5.0,14.871208392684135,0.5306215704439866,4.923309917305533,-0.43262505776440097,-0.00031281597593464487,0.00045489404931181327,0.901573765485619,0.006916567560547674,0.024953906239412828,-0.0004753529210512054,0.00011765470588898097,-0.0006622581906867708,0.006215546318344423,11266,99000000,5.13,0,2,3,13.625470099377752,-1.294282578127359,4.902483767947407,13.678540822239162,-1.2472928490533985,4.9044646139917365,123.57668614387512
15.0,0.0,5.0,14.874248490284113,0.5256928486038087,4.923196061692275,-0.4332833749209486,-0.0002589532597887017,0.0004936635897023418,0.9012575693199929,0.01048764126065699,0.024665568909452464,-0.0006036122767556602,9.608930753302047e-05,-0.0005389618138451624,0.006852659453215892,11266,337000000,5.06,0,2,3,13.625470099377752,-1.294282578127359,4.902483767947407,13.698060664973278,-1.228572712908551,4.905107335426717,123.90626215934753
15.0,0.0,5.0,14.877040985518143,0.5197325133283203,4.923042571277303,-0.4340260872235219,-0.0002125296430186979,0.0005274335166748341,0.9009001233513491,0.013574210255284274,0.02451777470406201,-0.0007230786968808439,7.693163652788826e-05,-0.00041886613644237514,0.006882194611534942,11266,574000000,4.97,0,2,3,13.625470099377752,-1.294282578127359,4.902483767947407,13.716411001661388,-1.2106128508912988,4.905669146139657,124.22233009338379
15.0,0.0,5.0,14.879584170999784,0.5127231625425832,4.922847209458266,-0.4348335946958427,-0.00017435951492106376,0.000555730511333405,0.9005106360761376,0.016189279839122207,0.024310765339234715,-0.0008319389765329048,6.051064715961729e-05,-0.00031558269881770684,0.006908064096933231,11266,806000000,4.88,0,2,3,13.625470099377752,-1.294282578127359,4.902483767947407,13.736745282983328,-1.1904011355623039,4.9062487906928824,124.5305917263031
15.0,0.0,5.0,14.881565525337926,0.5059019411357053,4.922644263872623,-0.4355798693728078,-0.00014784618345629058,0.0005758380389947493,0.9001498897123893,0.017982753909373567,0.023942082573349392,-0.0009163521487772156,4.84561258673466e-05,-0.00024226934556281776,0.006845399548183195,11267,64000000,4.78,0,2,3,13.75898213952029,-1.1680746034089753,4.9068427858146855,13.75898213952029,-1.1680746034089753,4.9068427858146855,124.85587668418884
15.0,0.0,5.0,14.883609907995645,0.4970304580829358,4.922365200225265,-0.4364828950029595,-0.0001235104222995027,0.0005947956847144311,0.8997123503282056,0.019808494053924718,0.023408457369806124,-0.0010038002940616945,3.6694906668799376e-05,-0.00017380855439341758,0.0065079819250968285,11267,313000000,4.69,0,2,3,13.778408111783227,-1.1489818715461204,4.907318706783849,13.778408111783227,-1.1489818715461204,4.907318706783849,125.22895097732544
15.0,0.0,5.0,14.88517281932511,0.4900504520645835,4.922128657378855,-0.43718983440072434,-0.00012436510629765588,0.0005837006546854071,0.8993690524604085,0.009084496473055129,0.022347464580553943,-0.0009400063785256123,-0.0006359242490816541,0.0012839171859013732,0.00743428649911948,11267,599000000,4.58,0,2,3,13.778408111783227,-1.1489818715461204,4.907318706783849,13.799189257280528,-1.1301486344585066,4.907798479287116,125.57634663581848
15.0,0.0,5.0,14.891483798179344,0.4900131354670844,4.921966824484695,-0.438143318539969,-0.00041226863429993086,0.000359259766530904,0.8989049634893427,-0.03829404815360438,0.019484001526036954,-0.0004961113870455119,-0.0005684619225121423,0.0038452636545116547,0.009672288160800235,11267,851000000,4.5,0,2,3,13.778408111783227,-1.1489818715461204,4.907318706783849,13.81107874310784,-1.1219875519712834,4.908114864307152,125.9163191318512
15.0,0.0,5.0,14.912106042796113,0.506075170382332,4.9219210830836415,-0.439756429859786,-0.0010070318748675684,-5.5609337994673024e-05,0.8981165098089332,-0.0978579018126761,0.016440314350246513,-1.0138020696812972e-05,-0.0007312383843327552,0.0037654093830497004,0.009701481758384034,11268,92000000,4.37,0,2,3,13.778408111783227,-1.1489818715461204,4.907318706783849,13.81828774873663,-1.120708100442313,4.908338620976368,126.37919449806213
15.0,0.0,5.0,14.940230557704105,0.5336928331051151,4.922065710648648,-0.4410815845092238,-0.0014012729235752973,-0.00034328990621510446,0.8974658513799099,-0.1159199182218484,0.015747940204238607,0.0001806017628964473,-0.00019155017980665434,0.0010803009331539215,0.006315864220596268,11268,448000000,4.15,0,2,3,13.778408111783227,-1.1489818715461204,4.907318706783849,13.821209171966544,-1.1304638482101501,4.9085105256759975,126.83442497253418
15.0,0.0,5.0,14.960838810700544,0.5535886399426557,4.9221969398882965,-0.44164846268722036,-0.001413799633275944,-0.0003584917505993655,0.8971869972643809,-0.09934552384740228,0.016494033359999053,0.0001599430029034649,0.00036452641438700084,-0.0009642526094921777,0.002970251603073848,11268,781000000,3.95,0,2,3,13.817159970462516,-1.1494662956581303,4.908543838100788,13.817159970462516,-1.1494662956581303,4.908543838100788,127.17405819892883
15.0,0.0,5.0,14.977899709327012,0.5685117848401041,4.922289717616552,-0.44178743207636,-0.0012268214965131825,-0.0002225740145418506,0.897118894143468,-0.07319465282052791,0.017442301696895486,0.00011077848583356576,0.00012543751068960773,-0.00210606558539439,-0.00027579468593330603,11269,48000000,3.85,0,2,3,13.810662090294583,-1.1688444371870208,4.908489173435967,13.810662090294583,-1.1688444371870208,4.908489173435967,127.49703240394592
15.0,0.0,5.0,14.99034852425079,0.5776944756996122,4.922357661404691,-0.44165908755392613,-0.0010084871919871718,-9.794298398887823e-05,0.8971823804231718,-0.05225815774872815,0.018047421098636378,0.0001362045295804682,0.0002529749878021903,-0.002014395204241737,-0.0012613350691026426,11269,301000000,3.82,0,2,3,13.810662090294583,-1.1688444371870208,4.908489173435967,13.802086276903358,-1.1911757534235154,4.9083637283067585,127.82855916023254
15.0,0.0,5.0,15.00081998075971,0.5835137537870798,4.922401970371854,-0.4415925665961623,-0.0008054756234667812,3.7190302995105176e-05,0.897215333659047,-0.03373697219728537,0.018420994121088833,4.138918098776243e-05,0.00021751628196398087,-0.001740818743201089,8.51899120135613e-05,11269,544000000,3.83,0,2,3,13.794406310887002,-1.21130394130391,4.9082439690168425,13.794406310887002,-1.21130394130391,4.9082439690168425,128.17531323432922
15.0,0.0,5.0,15.008193847762524,0.5858063044273396,4.922413100336264,-0.4416601551563919,-0.0006421316508021485,0.00014354353368396068,0.8971821857401252,-0.019942676886852397,0.018606150103392637,-3.843921904670171e-05,0.0001746531722801592,-0.0014728786936757388,0.0012095110037080303,11269,805000000,3.83,0,2,3,13.794406310887002,-1.21130394130391,4.9082439690168425,13.789067815742534,-1.2284680797789511,4.908193148423877,128.50603008270264
15.0,0.0,5.0,15.013787068833315,0.5857219325127203,4.922401473405919,-0.44186462701944484,-0.0005086880950147922,0.0002300135839482537,0.8970815680411341,-0.008776181222792863,0.018753643471150168,-0.00011019162710875722,0.00014007559485662568,-0.0012189671565465687,0.002573015399320866,11270,44000000,3.81,0,2,3,13.794406310887002,-1.21130394130391,4.9082439690168425,13.78851369082536,-1.2375686185628827,4.908272024425068,128.83266234397888
15.0,0.0,5.0,15.017939610653452,0.5837148020057551,4.922371509575249,-0.4422144299019255,-0.00039186902845936376,0.000304174199708298,0.8969092216625023,0.00026428691586415304,0.018865911345411518,-0.0001733554104425966,0.00011181773231783154,-0.0010590374927232915,0.0036595658002624987,11270,280000000,3.78,0,2,3,13.794406310887002,-1.21130394130391,4.9082439690168425,13.792038911556366,-1.2403923776223817,4.908467334020561,129.18092346191406
15.0,0.0,5.0,15.020926949566475,0.5801534664349198,4.922326696760528,-0.44263104634960326,-0.0002954603389471737,0.0003649457843295579,0.8967037059838763,0.007555076674976721,0.0189163091221431,-0.0002282946372657877,8.87012440387025e-05,-0.0008436993084615096,0.004070106433573528,11270,521000000,3.74,0,2,3,13.794406310887002,-1.21130394130391,4.9082439690168425,13.7989771851445,-1.2379287978191043,4.908766688400523,129.5348072052002
15.0,0.0,5.0,15.023228161395886,0.5744634170524021,4.9222592798306275,-0.44316786256631413,-0.00020724209822088572,0.00042056194483638693,0.8964385231385182,0.014222509314526514,0.018838928687699256,-0.0002827077521614381,6.759236228504051e-05,-0.0007128232027753256,0.004399758199724602,11270,766000000,3.68,0,2,3,13.794406310887002,-1.21130394130391,4.9082439690168425,13.808684444995,-1.2311939529790736,4.909156365266625,129.8829357624054
