x_ref,y_ref,z_ref,x,y,z,eta,e1,e2,e3,u,v,w,p,q,r,sec,nanosec,angle2,angle3,control_mode,std_test,x2,y2,z2,time
0.0,0.0,5.0,1.6343183073431806,0.48997993353467495,4.959379665276768,0.2490706420631567,0.00034945172486919556,-0.0012501430262704285,-0.9684844502046239,0.11913115194281014,-0.02697267538668228,0.0049551343751478025,0.00018817099700640938,-0.00039694026838787977,0.030579430676880293,2526,450000000,12.6,0,2,2,-0.7344933558697618,-0.19381222511218293,4.983796082482906,6.580352783203125e-05
0.0,0.0,5.0,1.6173002973352604,0.4850267740562855,4.96013723466967,0.25241273480300175,0.0003307488637386292,-0.0012278099793984086,-0.9676188270166682,0.12703485079022075,-0.029010408240805884,0.00593508484704163,-0.000430237400905753,-9.394980580168522e-05,0.06187961480463855,2526,638000000,12.74,0,2,2,-0.7121038105400267,-0.18796144804063344,4.983927123633217,0.247910737991333
-0.002291386001864737,0.07066929128722992,5.08972966070103,1.593999262272414,0.4780791419749874,4.961301167718401,0.25869586759983254,0.00033898120705403567,-0.001189951299682376,-0.9659580307624216,0.13540921986105067,-0.03151790826184169,0.007071112886014358,-0.00033983624803113344,0.00026020134100690484,0.07886232051532716,2526,795000000,13.13,0,2,2,-0.7121038105400267,-0.18796144804063344,4.983927123633217,0.5177135467529297
-0.002291386001864737,0.07066929128722992,5.08972966070103,1.56386680749655,0.4687047296988582,4.962980063198973,-0.2674424876314723,-0.00038244025103389414,0.001177588456617088,0.9635730293207521,0.1431354663361805,-0.03386261469000963,0.008288502173445065,7.961184138594035e-05,0.0003310637595177468,0.08431557362200692,2526,962000000,13.86,0,2,2,-0.7121038105400267,-0.18796144804063344,4.983927123633217,0.8523948192596436
-0.009160726391858276,0.14123938972314432,5.179278617806867,1.5324244233290458,0.4583907516021831,4.964902870166574,-0.27644653987228623,-0.0004321603384519938,0.0011710255543458668,0.961028486845855,0.14903116058781324,-0.03573908853354372,0.00931856123711471,-4.613965263189357e-05,0.00033731473081388685,0.08622012755949982,2527,181000000,14.91,0,2,2,-0.7121038105400267,-0.18796144804063344,4.983927123633217,1.1909210681915283
-0.020593580356818464,0.21161144053362013,5.268466531635311,1.517785248397526,0.4534105818356808,4.965843315314442,-0.2806464654525785,-0.0004514483586585281,0.0011610768043559642,0.9598104029046615,0.151338812551472,-0.03663608319370273,0.009689218624173048,-7.375214892135773e-05,0.0003055250630268347,0.0882978769368492,2527,402000000,16.02,0,2,2,-0.6275208902511168,-0.16467336113156725,4.987454795854039,1.3638169765472412
-0.020593580356818464,0.21161144053362013,5.268466531635311,1.502953213919896,0.4482572251956946,4.96682364409301,-0.28487917734494167,-0.00046865953073903596,0.0011491981153136115,0.9585626291574301,0.15380830213551158,-0.03785058758052575,0.010478830039294462,-0.0005625277907483905,0.00019968687752225378,0.08279671455966309,2527,515000000,16.54,0,2,2,-0.6166976295013211,-0.1612187674732677,4.9892837979731,1.531069040298462
-0.03656591995530789,0.28168726406152494,5.357113789597273,1.4844878495686793,0.44193782313855784,4.968449719084734,-0.2875952278682591,-0.0004286160524710425,0.0010770135849420995,0.9577513462467288,0.16048919273430964,-0.04253010160880563,0.01670533914337992,-0.0016125854585880006,-0.0007610236082200572,0.022226449073059484,2527,614000000,17.09,0,2,2,-0.6166976295013211,-0.1612187674732677,4.9892837979731,1.7077245712280273
-0.03656591995530789,0.28168726406152494,5.357113789597273,1.4651360399841613,0.4356437308784393,4.971012501276795,-0.28761821712043195,-0.00033674123982568264,0.0010019869339652054,0.9577445608344561,0.1658319429902982,-0.047071764685518144,0.02546078448432392,-0.0014896486391080543,-0.0013085045225125214,-0.014706709680467611,2527,721000000,17.46,0,2,2,-0.5932904440390466,-0.1531263720780065,4.995173158622205,1.8956882953643799
-0.03656591995530789,0.28168726406152494,5.357113789597273,1.4450159097318294,0.42948104730348446,4.974637382564877,-0.28608565236830963,-0.00023749478734754994,0.0009661584999075235,0.9582035324726043,0.1701361379346414,-0.0511554751886069,0.0349493375611069,-0.0004102624188817572,-0.0014157715327201004,-0.03502544968796428,2527,844000000,17.52,0,2,2,-0.5807943278281725,-0.14837945422920143,4.999614945110041,2.094496250152588
-0.05704419012769257,0.3513696907347439,5.445041867912629,1.4242354185950903,0.42357952068588006,4.979502242053808,-0.283708457232102,-0.00015439035933629522,0.0009756676288110704,0.9589100768744041,0.17305554140905183,-0.0549909417357381,0.045278637245881194,-0.0002912180548264587,-0.0012416145636962028,-0.045047036473988555,2527,961000000,17.38,0,2,2,-0.5685024153131215,-0.1434349750860351,5.004837878305955,2.304434061050415
-0.05704419012769257,0.3513696907347439,5.445041867912629,1.3997090517784458,0.41718019184274063,4.986666407723896,-0.28055444100010046,-7.776795313152251e-05,0.0009992692091035235,0.9598375909748036,0.16795622818666522,-0.05634514484499646,0.056141112796167306,0.00037235740251162497,-0.0010445544603499002,-0.046959719475125894,2528,90000000,17.15,0,2,2,-0.5685024153131215,-0.1434349750860351,5.004837878305955,2.522663116455078
-0.0819853924892815,0.4205628929340893,5.53207369113335,1.3737942742473583,0.41117068740297374,4.996714497003163,-0.27706819414105727,-2.8575365149226153e-05,0.0010857470313826575,0.9608496428329696,0.1434240781832703,-0.052761186302131904,0.06924973928246603,0.00126565117852806,-0.0006036416095867025,-0.04333322540333029,2528,235000000,16.83,0,2,2,-0.5426730401880189,-0.13186675994460598,5.0193464086534885,2.758911371231079
-0.0819853924892815,0.4205628929340893,5.53207369113335,1.3599151599332713,0.40849081184391955,5.004089325946918,-0.2750595558094153,-2.82908929306779e-05,0.0011621823903632243,0.9614264866798938,0.1208334435222456,-0.048702335724288566,0.07737134646979091,0.0017341720536023786,-0.00012827788040681298,-0.04025486450700555,2528,382000000,16.47,0,2,2,-0.5273505068123677,-0.12418957727915755,5.030368847777553,2.933140754699707
-0.0819853924892815,0.4205628929340893,5.53207369113335,1.3464175616956622,0.4065787079783104,5.01396859523812,-0.27284880518715804,-6.838330633242035e-05,0.001267783865839316,0.9620560885705849,0.08690626471010957,-0.04226205750649721,0.08685726243354597,0.0026674008040572517,0.0008914611669297301,-0.0363724073395133,2528,493000000,16.27,0,2,2,-0.5180244425274535,-0.11913879875949969,5.038148912917945,3.118973731994629
-0.1113371926862321,0.4891727127417653,5.618033988749895,1.3387785378044634,0.4064019546504313,5.023123776125931,-0.27119920903779765,-0.00018878109306598163,0.001378334171665243,0.962522235365959,0.04925239003782243,-0.03507747311097464,0.09537284431990324,0.0027528411237653927,0.002336443071726535,-0.03271517525718082,2528,612000000,16.04,0,2,2,-0.507248301001159,-0.11288840783121831,5.048331927077767,3.2807931900024414
-0.1113371926862321,0.4891727127417653,5.618033988749895,1.3341973628025496,0.40797667279996247,5.035155703705604,-0.26941788754402124,-0.00038951531499258735,0.0014798969476429598,0.9630221493061106,0.006600149414103413,-0.02738119358056763,0.10439152056378545,0.002307793715772277,0.0030458121727861,-0.02945508786069695,2528,712000000,15.88,0,2,2,-0.507248301001159,-0.11288840783121831,5.048331927077767,3.451810836791992
-0.14503805103201373,0.5571069845630509,5.702749648162685,1.333895916830171,0.41068384872443126,5.0459639766476085,-0.26805152528863857,-0.0005663699527236412,0.0015428326341110417,0.9634031755620147,-0.025851886221531662,-0.02221156868040288,0.11143388376932592,0.002359814811825345,0.0031037668350109016,-0.027604417846305296,2528,829000000,15.7,0,2,2,-0.507248301001159,-0.11288840783121831,5.048331927077767,3.62333083152771
-0.14503805103201373,0.5571069845630509,5.702749648162685,1.3373254690514402,0.4155721589510644,5.0599585642445275,-0.266500138184064,-0.0007712118140971849,0.0016345630757270604,0.96383318566221,-0.06164428165268783,-0.017909949736197823,0.12095681408308727,0.002230437235084537,0.002731024255808734,-0.0262810282947612,2528,934000000,15.56,0,2,2,-0.49776899569630484,-0.09969948602343139,5.081159618044797,3.8030989170074463
-0.14503805103201373,0.5571069845630509,5.702749648162685,1.344486453991595,0.4221526885396339,5.075061002728895,-0.26500437662230814,-0.0009375575078313574,0.0016927868337452644,0.9642452674655327,-0.09386739232890634,-0.014822872982734991,0.13034698016026425,0.0003661791424747207,0.002271734138048487,-0.025594672479201108,2529,47000000,15.4,0,2,2,-0.49776899569630484,-0.09969948602343139,5.081159618044797,3.9963860511779785
-0.1830173760811178,0.6242758516287834,5.786050063307847,1.354904008326435,0.430323747242958,5.091370382074263,-0.26353114422538665,-0.0010467399929352484,0.0016643080008097427,0.9646488845365053,-0.12212320473939971,-0.01306200548774648,0.14014526150897702,-6.67394132847221e-05,0.0015784264405738213,-0.025441418620175682,2529,170000000,15.24,0,2,2,-0.49776899569630484,-0.09969948602343139,5.081159618044797,4.194560527801514
-0.1830173760811178,0.6242758516287834,5.786050063307847,1.3705298516078204,0.4416001767181099,5.1117365895125815,-0.26181106288645895,-0.0011050558677946523,0.001643410301772113,0.9651171148644972,-0.14858404803492117,-0.012006145110051158,0.14961399212354937,-8.204714987414263e-05,0.0003378660011321699,-0.025417709184694104,2529,296000000,15.1,0,2,2,-0.5358486931639483,-0.09420445612097647,5.1305549316585335,4.388397932052612
-0.1830173760811178,0.6242758516287834,5.786050063307847,1.3859804522211736,0.452425323029721,5.130217814475638,-0.2603464649056175,-0.001079173978078577,0.0016101980343409335,0.9655133146968835,-0.16096166120109845,-0.01373336707883532,0.15786293955915315,-0.0016344649111488252,-0.0006004632780332031,-0.025091815950872842,2529,423000000,14.87,0,2,2,-0.5358486931639483,-0.09420445612097647,5.1305549316585335,4.6022491455078125
-0.22519570073643536,0.6905920754040427,5.867767478235116,1.4016232386442355,0.46385557327652305,5.1497316523116865,-0.25889963605476995,-0.0009636992246877805,0.001508701279805157,0.9659025693903915,-0.1537531581473561,-0.020357175186318202,0.16593687452541633,-0.0032695729942133767,-0.0027894140202988638,-0.02514056468498893,2529,555000000,14.69,0,2,2,-0.5812183562488626,-0.09441707539599464,5.167159228300183,4.780344724655151
-0.22519570073643536,0.6905920754040427,5.867767478235116,1.414594213341564,0.4749997898200393,5.170073735236237,0.25743108606707193,0.0006669773506654243,-0.0013917943312460293,-0.9662954278977423,-0.12669820561434986,-0.031172989022390914,0.17221608402814245,-0.0037602087559207575,-0.005518772559298668,-0.02541191988711944,2529,670000000,14.51,0,2,2,-0.5812183562488626,-0.09441707539599464,5.167159228300183,4.958112001419067
-0.27148488042758245,0.7559713369490784,5.947737324945997,1.4266010584147235,0.4903697474096816,5.201859952812833,0.2552383717316671,-8.36043553477763e-06,-0.001207798589450671,-0.9668774041978836,-0.0768022436840624,-0.04905679541293459,0.18108418266535772,-0.0038868588490004186,-0.007004453618719708,-0.024898751871660352,2529,778000000,14.32,0,2,2,-0.5812183562488626,-0.09441707539599464,5.167159228300183,5.252225875854492
-0.27148488042758245,0.7559713369490784,5.947737324945997,1.4296136763527545,0.5055264848287107,5.238966469476859,0.2528475380639798,-0.0006797123180959346,-0.0010885709598942401,-0.9675052844813896,-0.02834313962961641,-0.06505775942601909,0.1896572604301611,-0.00011829719959166596,-0.004632536592907854,-0.022184303270478267,2529,960000000,14.03,0,2,2,-0.5812183562488626,-0.09441707539599464,5.167159228300183,5.563730239868164
-0.27148488042758245,0.7559713369490784,5.947737324945997,1.4266430219939996,0.5172450264027729,5.273719190850658,0.25233212457173515,-0.0007093463640415096,-0.0013206058778722995,-0.9676395257206916,-0.007466245625419997,-0.06397720217609378,0.19630089586457827,0.002525691070331959,0.0015101197504918673,0.004435653772816295,2530,158000000,13.72,0,2,2,-0.677144883222183,-0.08269755865012315,5.2749144610573895,5.85617733001709
-0.32178831283960463,0.8203325293019702,6.0257985548118125,1.4192581891071965,0.5291772574787383,5.317718625500227,0.253807282269352,-0.0003939885415543895,-0.0014476328641424008,-0.9672536443969413,0.011822041431955473,-0.06256503283199104,0.20348779096314215,0.0016226390584961337,0.0027792939590653987,0.021524663316085935,2530,338000000,13.66,0,2,2,-0.6920610783515146,-0.07411380993572307,5.308882617514884,6.201138019561768
-0.3760011786149793,0.8835980399786463,6.101793962904205,1.4119104101718951,0.5365071018539348,5.350649835189727,0.2559410083621255,-0.00016633023708881236,-0.0015140065500532833,-0.9666912021721298,0.022543834344142845,-0.06142614752799389,0.20807639307450812,0.0014171392308526265,0.002392268470430281,0.031538590337731875,2530,561000000,13.9,0,2,2,-0.7043440516962841,-0.06098939961743082,5.3518483935750565,6.47277569770813
-0.3760011786149793,0.8835980399786463,6.101793962904205,1.4008986059616682,0.5443484693839676,5.392786271435662,-0.2593134761716652,-6.760275552771227e-05,0.0015743984199234188,0.9657919226082033,0.033342132194933614,-0.060265792611878775,0.21323829953595622,0.0010573829058557749,0.001796528090380889,0.03717189792951103,2530,731000000,14.23,0,2,2,-0.7043440516962841,-0.06098939961743082,5.3518483935750565,6.7749857902526855
-0.4340107023969413,0.9456940227146827,6.175570504584947,1.3882952228640848,0.5509812123323983,5.435872226067317,-0.26313192977036215,-0.0002366868318700794,0.0016464152293828595,0.9647584261521437,0.04160632430554141,-0.05929762917779137,0.21764254283904366,0.001060554961895832,0.0011862913424920407,0.04111050584469922,2530,927000000,14.78,0,2,2,-0.7043440516962841,-0.06098939961743082,5.3518483935750565,7.0840466022491455
-0.4340107023969413,0.9456940227146827,6.175570504584947,1.3815141750599278,0.5539138371283694,5.457728340559995,-0.2651649175014666,-0.000305135889664391,0.0016806944418274327,0.9642015601961669,0.04497186934010912,-0.05886503975580459,0.21962649839814236,0.0009792781725082023,0.0010067860330309486,0.04286765833967365,2531,130000000,15.42,0,2,2,-0.7146444697461184,-0.016995331867553337,5.467581105731994,7.250836372375488
-0.4956964335288987,1.006550657604654,6.246979603717467,1.374461078244922,0.5566204456880729,5.479774665011731,-0.2672570535180573,-0.0003681852962145682,0.00170942120279774,0.9636236867489222,0.04815843856001579,-0.0585944900359228,0.2214758383055715,0.00036163601748739893,0.0009696161100691825,0.04338647595432121,2531,234000000,15.77,0,2,2,-0.7146444697461184,-0.016995331867553337,5.467581105731994,7.409971237182617
-0.4956964335288987,1.006550657604654,6.246979603717467,1.3664067887850928,0.5592591048155571,5.501985383624993,-0.26835156866548,-0.00024681017889699897,0.0012637832166193172,0.963320184326838,0.06130842787088394,-0.0675141156973684,0.2229302815345174,-0.010728610050136922,-0.0005936646005011426,0.008128888839564752,2531,335000000,16.14,0,2,2,-0.7146444697461184,-0.016995331867553337,5.467581105731994,7.56748628616333
-0.5609305456733971,1.066102398828617,6.315877451879425,1.356782159068723,0.5619694389807328,5.52428259267964,-0.26805397600920766,-5.576332392537704e-05,0.0007712200713556744,0.9634035852412571,0.07413254641447023,-0.07642682900446464,0.22321959160982946,-0.009812965981836896,-0.001261724003143172,-0.01600941714059445,2531,432000000,16.39,0,2,2,-0.7146444697461184,-0.016995331867553337,5.467581105731994,7.728659629821777
-0.5609305456733971,1.066102398828617,6.315877451879425,1.345652277911832,0.5648271456807104,5.546662133499733,-0.26684242262475794,7.01614065749509e-05,0.000596782272356822,0.9637399858966351,0.08598043696231891,-0.08564028936793887,0.22441680290939195,-0.0021668194904123084,-0.0015517682982135739,-0.03144705551676452,2531,532000000,16.47,0,2,2,-0.7146444697461184,-0.016995331867553337,5.467581105731994,7.8970842361450195
-0.5609305456733971,1.066102398828617,6.315877451879425,1.3331265246160866,0.5678863780292487,5.5691399436500895,-0.2650570104688807,0.00015311017038517448,0.0005713008449158804,0.9642325608347395,0.09673668728042169,-0.09387954386050437,0.22515195357138512,-0.0005880265064206469,-0.00129758990397022,-0.04089086614840198,2531,633000000,16.43,0,2,2,-0.7146444697461184,-0.016995331867553337,5.467581105731994,8.056955575942993
-0.6295781545646726,1.1242882091915054,6.3821252979737295,1.3164294454600998,0.5718272072862589,5.596276953647769,-0.2624896137424387,0.00029551315373252277,0.00026277752162220426,0.9649347368072596,0.1084894194179328,-0.10297927498912077,0.22691144702120095,-0.006132538419478806,-0.0005673769692293718,-0.04669550071412232,2531,731000000,16.32,0,2,2,-0.707723437241956,0.04228528011389487,5.59868975950034,8.249324560165405
-0.6295781545646726,1.1242882091915054,6.3821252979737295,1.2981272705978883,0.5760483124804302,5.623590737581877,-0.2596867070284153,0.00038952621735516854,-5.891962564430044e-05,0.965692838841907,0.11871041008921882,-0.110629576596681,0.2278885262642824,-0.005045867101216572,0.0002775105400587563,-0.049561589912627824,2531,847000000,16.12,0,2,2,-0.7054437058957241,0.05524405689659416,5.625543308355082,8.44933295249939
-0.6295781545646726,1.1242882091915054,6.3821252979737295,1.2751993990238908,0.5813221262219167,5.655590705621263,0.2562872056929119,-0.0004516363720203446,0.0005366959757436427,-0.9666004221911633,0.12532276800375305,-0.11715225993656124,0.2293164537712352,-0.010571993971097982,0.0015701846677984577,-0.050036655011354014,2531,973000000,15.89,0,2,2,-0.7030627956962158,0.06849109718904275,5.652535284954431,8.66477632522583
-0.7014976530615584,1.1810517807396756,6.445589727654783,1.2361738730812586,0.5921011025592843,5.7112660921143545,0.2508217859206491,-0.0003778129322582511,0.001681966144005378,-0.9680317453239097,0.10693323823994982,-0.11935032369723701,0.23387525888016025,-0.007181746923379251,0.0046266862682387,-0.04236835338815581,2532,108000000,15.6,0,2,2,-0.7030627956962158,0.06849109718904275,5.652535284954431,9.05174469947815
-0.7014976530615584,1.1810517807396756,6.445589727654783,1.2071510431101495,0.6052777034931441,5.763280465304815,0.2465555165101727,6.280968375364381e-05,0.0024527740431306818,-0.9691255631923239,0.06418313133161972,-0.1136599524167542,0.2383127074357872,0.0031943475960360956,0.0076165633799973875,-0.07253224102896638,2532,353000000,15.12,0,2,2,-0.6957352197295911,0.11223077539126133,5.738952827220998,9.380025625228882
-0.7765410626225826,1.2363417407594561,6.506142932007222,1.1934503649995976,0.623020826827428,5.816843265364454,0.2231511976362171,0.0017658336817596787,0.0019537586214950532,-0.9747802868606745,-0.008909000662680445,-0.09084024180866264,0.24518965372613738,0.008179841370292706,0.009654880432208301,-0.23709384258836508,2532,565000000,14.77,0,2,2,-0.6921409072091124,0.13861829634673317,5.789473490631033,9.7233247756958
-0.854554400282348,1.2901118425052371,6.56366296493606,1.1836632499374409,0.6371998980258411,5.869631363947381,0.21646521602330804,0.0014893526792410672,0.0010202899336805632,-0.9762886617640452,0.029655369323001658,-0.06661974985330843,0.23513495654934,0.006159985468912055,-0.010966583977278788,0.04920872270304244,2532,780000000,12.17,0,2,2,-0.6920315956433317,0.164967396423602,5.840335370607911,10.087089776992798
-0.854554400282348,1.2901118425052371,6.56366296493606,1.1654407881945155,0.6442436263679309,5.929321254345074,0.23295875125136123,0.0001907050744097451,0.00017260905711468497,-0.9724865829681631,0.07215232312471047,-0.045840855066472584,0.22479033244125102,0.0030200232458810206,-0.010127355653821724,0.21724817343056202,2533,0,11.69,0,2,2,-0.7035213291210559,0.18947528844012734,5.892047911184741,10.508530855178833
-0.9353780601682047,1.34232114004921,6.618033988749895,1.1412018730075046,0.641741685337934,5.982247746354932,-0.266113765102333,0.0006484969797879583,0.0002519229949624952,0.96394137789055,0.10888244159924154,-0.03601711306040477,0.21670558995058017,0.00017986161324756722,-0.004510860298978514,0.30791611643508077,2533,272000000,14.25,0,2,2,-0.734818909761999,0.21550460176493869,5.954156672882117,10.877022981643677
-1.0188472085586238,1.392934146691272,6.669146507442605,1.1206235106829043,0.6360850425053851,6.020783634403563,-0.29123023567274436,0.0008114165108113556,0.00030906085751112206,0.9566525993873796,0.11786621946154478,-0.033634111414124104,0.2115171179153704,-0.0002567894313187935,-0.00030531320760474046,0.2794590109260753,2533,509000000,18.99,0,2,2,-0.7735221696413923,0.23836132673388,6.011923444098875,11.164185762405396
-1.1047921914498087,1.4419209764156529,6.716897587203732,1.1044099906302245,0.6303864961189001,6.050150838350222,-0.30886804524438444,0.000777529505084943,0.0002930944511282785,0.9511045369308382,0.11865596930589584,-0.03238645403170021,0.20793170383036358,-0.000319233728873769,0.0010094746812683297,0.2516406122595072,2533,696000000,22.7,0,2,2,-0.7735221696413923,0.23836132673388,6.011923444098875,11.359506130218506
-1.1047921914498087,1.4419209764156529,6.716897587203732,1.0892547654099793,0.6248611625040548,6.079191026110705,-0.32312385709146263,0.0006084038448966188,2.639334461557386e-05,0.9463564878662208,0.09271218307266568,-0.036490552641358434,0.2081912546727409,-0.006071053167033824,0.00802322256276966,0.1511666559963487,2533,821000000,25.41,0,2,2,-0.7735221696413923,0.23836132673388,6.011923444098875,11.584961175918579
-1.1930389535650132,1.4892574679304111,6.761191063713476,1.079581714754117,0.6232981030386987,6.104402332447934,-0.3286156111633865,9.410510557558027e-05,-0.0004076077504505834,0.9444636600207892,0.05371640895223837,-0.042039857398514305,0.21197892801394821,-0.001950787498117279,0.011628222273429856,0.055995548245846294,2533,968000000,27.74,0,2,2,-0.8433705992567689,0.28466792077303477,6.1202149192676485,11.786519289016724
-1.1930389535650132,1.4892574679304111,6.761191063713476,1.0730882383311775,0.6249106045984821,6.130124902233021,-0.329813154881575,-0.0005318693124286452,-0.000707269895873704,0.9440458144345489,0.017456729395718174,-0.04598315608910708,0.21633029598611073,-0.0005467259541092062,0.011165280284330947,-0.009849420348473359,2534,95000000,28.86,0,2,2,-0.8433705992567689,0.28466792077303477,6.1202149192676485,11.981364727020264
-1.2834094677117545,1.5349252908769102,6.801937735804838,1.0695956555247088,0.6293489333619262,6.156349521997563,-0.327598775385228,-0.00106848028157298,-0.0010336876115705721,0.9448157662771659,-0.015369347737159537,-0.04792210309406187,0.21985792400747575,-0.008404565141972853,0.009381243216921575,-0.05789005444967188,2534,213000000,29.38,0,2,2,-0.8433705992567689,0.28466792077303477,6.1202149192676485,12.185497522354126
-1.2834094677117545,1.5349252908769102,6.801937735804838,1.0691545189432965,0.6374811950980922,6.187314143842495,-0.32283606611968574,-0.0013829008257676212,-0.0018746753558733838,0.9464520313201202,-0.049576972425614624,-0.04840253215284045,0.22176882029838763,-0.010516276415728498,0.007024592559901066,-0.0797704873548355,2534,335000000,29.43,0,2,2,-0.8433705992567689,0.28466792077303477,6.1202149192676485,12.39482855796814
-1.2834094677117545,1.5349252908769102,6.801937735804838,1.0716576965250235,0.6466763924661875,6.214071680799013,-0.31814753174022103,-0.001591789295970187,-0.002355472054525651,0.9480369539241825,-0.07575479251191472,-0.04991590894943736,0.22341755163976842,-0.00044312002387414395,0.0044373885430104565,-0.08231294341385365,2534,465000000,29.16,0,2,2,-0.8433705992567689,0.28466792077303477,6.1202149192676485,12.59951901435852
-1.3757221733659124,1.5789120338486013,6.839055545102902,1.0774185110673247,0.659852109962165,6.245607308931054,-0.3128991353237898,-0.0018009935525212534,-0.0023590894522218676,0.9497817234674526,-0.1023216555864261,-0.0530386879804592,0.22563722294213057,0.0013213675174483797,0.00130744515445258,-0.07322745368583128,2534,585000000,28.8,0,2,2,-0.9091642407574926,0.3562812467626805,6.258043409837364,12.814330101013184
-1.3757221733659124,1.5789120338486013,6.839055545102902,1.0843345675760119,0.6729847835276048,6.272866858331538,-0.3091223698524412,-0.0018359160684736056,-0.0022788917848866022,0.9510177687726094,-0.11914423167695139,-0.05714536895814816,0.22695252988128636,0.0011980529734501033,-0.0010520676937630924,-0.05907953454880044,2534,717000000,28.35,0,2,2,-0.9091642407574926,0.3562812467626805,6.258043409837364,13.022997379302979
-1.4697924233383954,1.6212112739117432,6.872469741279474,1.0917576311523876,0.6873766603748865,6.300208290134642,-0.3060885074925292,-0.0015589149622319343,-0.0025763853743204484,0.9519982970591592,-0.11423653440522878,-0.06951776219536568,0.22635545246450567,-0.020230392874509562,-0.006043919847797952,-0.04986761086911429,2534,839000000,28.02,0,2,2,-0.9091642407574926,0.3562812467626805,6.258043409837364,13.20681095123291
-1.4697924233383954,1.6212112739117432,6.872469741279474,1.0954247224638507,0.6995858417313677,6.322802740266923,-0.3037982958889872,-0.0008451765467909261,-0.003427956602398972,0.9527298306472219,-0.08981071113211926,-0.08758199148786626,0.22387231352114084,-0.02085894320771331,-0.010244421901006717,-0.047210515913320705,2534,958000000,27.74,0,2,2,-0.9091642407574926,0.3562812467626805,6.258043409837364,13.388728618621826
-1.4697924233383954,1.6212112739117432,6.872469741279474,1.0955027308747693,0.7140838706449364,6.349524952625184,-0.3011172822826448,0.00010416472148830997,-0.00416734157970026,0.9535780013845657,-0.05508347101482166,-0.11035757827721984,0.2200442953182447,-0.006142779193396564,-0.012298908859520452,-0.046970168841653503,2535,70000000,27.52,0,2,2,-0.9091642407574926,0.3562812467626805,6.258043409837364,13.586313724517822
-1.5654329373598825,1.6618226273749341,6.902113032590307,1.0896755294339067,0.7308533299677001,6.380167152811838,-0.29792047202361105,0.0009389530325858932,-0.003981119880822901,0.9545819301667751,-0.017402060661544823,-0.13480106211857384,0.21570502079722384,0.0015152278365349048,-0.011980042563664028,-0.04879660264123231,2535,188000000,27.26,0,2,2,-0.9091642407574926,0.3562812467626805,6.258043409837364,13.792473793029785
-1.5654329373598825,1.6618226273749341,6.902113032590307,1.0781246672878584,0.747424327960466,6.410157895743908,-0.2945359887900211,0.0015942619026686458,-0.0035624301838448544,0.9556324182067367,0.016602208885095556,-0.15498508972475183,0.2106011733173967,0.004042260570713552,-0.009904987473419169,-0.05267247797746677,2535,321000000,26.93,0,2,2,-0.9091642407574926,0.3562812467626805,6.258043409837364,14.0267915725708
-1.6624542614021296,1.7007517816093567,6.9279257213917065,1.0616680234267608,0.7636992035810732,6.439454136948013,-0.29085028135363966,0.002189047567928197,-0.003616552461278121,0.9567592395454295,0.04560354886517998,-0.17043919789472478,0.2057648824024118,-0.00930606702240766,-0.006297900199569995,-0.05708736280212179,2535,457000000,26.58,0,2,2,-0.9804243983111953,0.46950690885402707,6.43718305996794,14.266390323638916
-1.6624542614021296,1.7007517816093567,6.9279257213917065,1.041720132645092,0.7797041595748954,6.468203138580145,-0.28695970285394234,0.002616917424411404,-0.004108135258635086,0.9579302708996451,0.06183702410859617,-0.17907092554157314,0.20213821280746877,-0.00764728765716427,-0.0020896146679660887,-0.05798651363875251,2535,609000000,26.18,0,2,2,-0.9804243983111953,0.46950690885402707,6.43718305996794,14.481910705566406
-1.6624542614021296,1.7007517816093567,6.9279257213917065,1.0232968200212045,0.7933990880577179,6.49250551713607,-0.28361709467941204,0.0028126630741241053,-0.004698559208140831,0.9589219760092103,0.07061163431123066,-0.1831237986339203,0.19895779797716157,-0.014397336417459883,0.0005693311948107294,-0.058371908380649984,2535,744000000,25.77,0,2,2,-1.000812807648224,0.5075414490278105,6.489807968706189,14.707081317901611
-1.760665231540428,1.7380105077773131,6.949855824363647,1.0009366502865724,0.8092905367984028,6.520383191555974,-0.2797292899658931,0.002921207142821623,-0.005640708533848767,0.9600579010097473,0.07257228481820358,-0.1834857816059517,0.1951407050953728,-0.011629401615209645,0.0034504648283473216,-0.055922200772329234,2535,873000000,25.41,0,2,2,-1.000812807648224,0.5075414490278105,6.489807968706189,14.93797779083252
-1.760665231540428,1.7380105077773131,6.949855824363647,0.979582584380992,0.8253920371407275,6.547794684182711,-0.2761716154108673,0.0027844652319428667,-0.006458266981038247,0.9610826064300226,0.062026279462822076,-0.17845480543618983,0.191521215150231,-0.009777215291251196,0.0059021323977503926,-0.04968089560861699,2536,11000000,25.0,0,2,2,-1.000812807648224,0.5075414490278105,6.489807968706189,15.166717529296875
-1.8598734411511666,1.77361665438275,6.967859177197259,0.9631097642973524,0.8395684423900699,6.570898599003085,-0.27345325148983085,0.0023889389356737288,-0.006532353215308801,0.9618601460617189,0.046071228384802945,-0.1731592116626006,0.18894176875371116,0.01572395758557832,0.0065176143380085705,-0.04532451166596729,2536,140000000,24.62,0,2,2,-1.0308182092209541,0.5627708449869256,6.561049577227294,15.380536079406738
-1.8598734411511666,1.77361665438275,6.967859177197259,0.9489983091495594,0.8545208959351949,6.593721842210231,-0.2709584677524749,0.0017151173390326955,-0.005644034516156398,0.9625729645071716,0.024195678383446485,-0.1672371490066933,0.18731475306195441,0.019107783919025678,0.006748942814738257,-0.041011369103216566,2536,264000000,24.35,0,2,2,-1.0402950490903091,0.5794856295298685,6.581495916021175,15.577043533325195
-1.9598857102310134,1.8075941216139089,6.981899523535869,0.9377768206531905,0.8703903275642177,6.616307231772414,-0.26873988460971204,0.0010785631427299234,-0.004932713428798413,0.9631995532908719,0.001002529413178147,-0.16051978208316625,0.18537489856450057,0.004393939570945804,0.00678723399687442,-0.0364690840797266,2536,378000000,24.08,0,2,2,-1.0402950490903091,0.5794856295298685,6.581495916021175,15.797273874282837
-1.9598857102310134,1.8075941216139089,6.981899523535869,0.9279742117406654,0.8897665746036025,6.642203173735555,-0.2664441257887797,0.0006037872610700312,-0.004956416307004576,0.9638374329787092,-0.022379058078617665,-0.15305629435172308,0.1815461878966261,-2.953645954067996e-05,0.0061134086081438,-0.031852493702899665,2536,502000000,23.84,0,2,2,-1.0402950490903091,0.5794856295298685,6.581495916021175,16.02125358581543
-2.060508555620081,1.8399728165048486,6.991948587990478,0.9222083120847734,0.9070617966501512,6.663958329109592,-0.2647084414230093,0.00020063326778099353,-0.004760084363890622,0.9643167230648556,-0.0417523262112623,-0.1481688833808319,0.17842859767943003,0.010565938737272518,0.004776515197590925,-0.028619707882171497,2536,640000000,23.58,0,2,2,-1.0402950490903091,0.5794856295298685,6.581495916021175,16.233303546905518
-2.060508555620081,1.8399728165048486,6.991948587990478,0.918673179945862,0.9251303923461536,6.685359780012362,-0.2631327167139521,-0.0002016359728655723,-0.004216767906602877,0.9647504089691235,-0.05998346383282671,-0.1445626121359871,0.17575695488290302,0.010473114798514871,0.003315933122394199,-0.02604389337648172,2536,769000000,23.38,0,2,2,-1.0830497668778984,0.6494333500101219,6.661784228482066,16.434845685958862
-2.060508555620081,1.8399728165048486,6.991948587990478,0.9170543932903302,0.9471466081525584,6.709926268831065,-0.2614678962896369,-0.0004815160114199587,-0.003898074820316674,0.9652041816967525,-0.07778656477365613,-0.14156268606256264,0.172951141866078,-0.0029777324471069733,0.002060681094917527,-0.023525899450760335,2536,892000000,23.18,0,2,2,-1.094257345539396,0.6662546236859376,6.679852136431281,16.67039179801941
-2.161548660910534,1.8707885889991491,6.997986133082629,0.9168228558128407,0.9665385027567668,6.730634145117907,-0.2600666441386693,-0.0004367195815677151,-0.004229595268630231,0.9655813069888634,-0.07547874804491203,-0.1441416952819059,0.16907406078959586,-0.00851125578265055,-0.001923597073982819,-0.02709719537961064,2537,22000000,22.96,0,2,2,-1.1079040330310523,0.6858936825145842,6.700337277073275,16.878690004348755
-2.161548660910534,1.8707885889991491,6.997986133082629,0.914761814622441,0.9856710299196598,6.750734220215875,0.2582705127207774,5.921448156959771e-05,0.004653699063767765,-0.9660614275694979,-0.05458661451605649,-0.15194082422664557,0.1632756874660394,-0.008585009709349833,-0.006281471951297135,-0.034819977008737624,2537,143000000,22.77,0,2,2,-1.1201298430739406,0.7027510307076976,6.717386094281721,17.090337991714478
-2.262813344824469,1.90008314905552,7.0,0.9020298685256075,1.0191043326430886,6.785603145546073,0.253614228868627,-0.0009218519740940303,0.004881453620749515,-0.9672926881326345,0.005356677965371146,-0.17256938078381495,0.15069039639269138,-0.0010865588478736754,-0.009226503789250273,-0.05255380201560911,2537,260000000,22.53,0,2,2,-1.1201298430739406,0.7027510307076976,6.717386094281721,17.47367572784424
-2.262813344824469,1.90008314905552,7.0,0.8752263575377651,1.0499357964224414,6.817639020867607,0.24730630367793666,-0.0017917837403164869,0.004718360053192748,-0.9689242069174413,0.06642572657192601,-0.19112073345219252,0.13777501673449838,0.0015257406516866467,-0.00684477590766619,-0.05966853095742408,2537,495000000,21.96,0,2,2,-1.1201298430739406,0.7027510307076976,6.717386094281721,17.82788610458374
-2.364111026850532,1.9279039649910998,6.997986133082629,0.845332819958434,1.0732395693729977,6.841927045742079,0.2435038909432949,-0.0021136089203844313,0.004379511653324585,-0.9698877293947405,0.10019740232578303,-0.19671302917706696,0.1287253522335787,0.002534400528020342,-0.0029031187978034723,-0.033563439865247346,2537,703000000,21.21,0,2,2,-1.1833488973008353,0.7811738312317378,6.790235959252558,18.136139631271362
-2.4652516889375873,1.9543041433138177,6.991948587990478,0.8149230174344972,1.0927024366258655,6.862243874369948,0.24372096048087255,-0.0020959918079592093,0.004158011188754463,-0.9698342184020812,0.11834887630736039,-0.19929951121080652,0.12168898343347068,0.002412526509942836,0.001417733187736303,0.03072130712098442,2537,895000000,20.79,0,2,2,-1.1833488973008353,0.7811738312317378,6.790235959252558,18.3903591632843
-2.4652516889375873,1.9543041433138177,6.991948587990478,0.7862284011067879,1.1090126198778711,6.879140682891674,0.24742129081752307,-0.0019434075052252905,0.004100192276790608,-0.968897371469627,0.130512434715467,-0.20289204192185467,0.11609028152569582,0.0004884043391939485,0.002397496882622363,0.07621701806783676,2538,43000000,20.86,0,2,2,-1.2269109338489,0.8283437254807446,6.828750025036423,18.62944746017456
-2.566047332055854,1.9793422903500921,6.981899523535869,0.7558298151706094,1.1247706020577808,6.8952843379212965,0.2536055125907209,-0.00178839162152448,0.004081509677232323,-0.967297465580139,0.1391545948296772,-0.20593946991476075,0.1109249346022692,0.0009783398297713575,0.0024474889414705103,0.10054231679532677,2538,177000000,21.35,0,2,2,-1.245976104726428,0.8476447480364627,6.843285164890958,18.896892786026
-2.566047332055854,1.9793422903500921,6.981899523535869,0.7242719995799237,1.1398569540486936,6.9107309094943155,-0.26073266133917034,0.0016319984702481466,-0.004021096167960697,0.9654012878992833,0.14415725347578962,-0.2064306132375219,0.10621545511714617,0.0015601340237481054,0.002345901680200768,0.10744306273409165,2538,323000000,22.14,0,2,2,-1.245976104726428,0.8476447480364627,6.843285164890958,19.120866298675537
-2.666312426451162,2.0030823560282602,6.967859177197259,0.6781653968399673,1.1600070607897386,6.931709523522222,-0.2710757846129658,0.0014139482813571968,-0.0038991360295752677,0.9625490722477196,0.1478812467931448,-0.20447729578931523,0.10030869951307908,0.0016779699194557907,0.0021000569859097595,0.10603272603475489,2538,464000000,23.06,0,2,2,-1.245976104726428,0.8476447480364627,6.843285164890958,19.453003406524658
-2.666312426451162,2.0030823560282602,6.967859177197259,0.6501997154207243,1.1712777341350895,6.943737845373626,-0.2771260299316216,0.0012993857312903587,-0.00382940617232823,0.9608250677305554,0.1491022724951774,-0.20270322794179702,0.09701708335110365,0.0014037415553502797,0.0018062194499179896,0.10404000568087213,2538,663000000,24.44,0,2,2,-1.245976104726428,0.8476447480364627,6.843285164890958,19.64499568939209
-2.765864354436398,2.025593460231259,6.949855824363647,0.6179989684607027,1.1839589863050055,6.957254479605952,-0.2830527943494678,0.0011994339946443337,-0.0040092007551394485,0.9590952003207791,0.13384098770829805,-0.19803637053431591,0.09274214666010738,-0.007244902690217714,0.00418624049416394,0.05187680399103556,2538,779000000,25.27,0,2,2,-1.245976104726428,0.8476447480364627,6.843285164890958,19.904557943344116
-2.765864354436398,2.025593460231259,6.949855824363647,0.5857588273689786,1.1997149643110356,6.971903248929475,-0.28380221111624515,0.0009647307565463655,-0.0047347425216750245,0.9588706672296065,0.09951138167507437,-0.18873251209153696,0.08740016238768653,-0.008020592758839484,0.005884549045731546,-0.01971148740267381,2538,935000000,26.12,0,2,2,-1.3578652325249032,0.9482999599476607,6.90662523031236,20.151036262512207
-2.8645238445856744,2.046949702184108,6.9279257213917065,0.5649458448040586,1.2126007246628174,6.9823457373759155,-0.28177850526857895,0.0008093030945047191,-0.005451341100544008,0.9594636532340931,0.07762042234395092,-0.1824281756184856,0.08330906161472079,-0.013234535617812071,0.005422823414846789,-0.04597654187818989,2539,82000000,26.36,0,2,2,-1.3578652325249032,0.9482999599476607,6.90662523031236,20.358582258224487
-2.8645238445856744,2.046949702184108,6.9279257213917065,0.5495232837975939,1.2239558214556001,6.990673276749299,-0.2792474629368445,0.0007342461718754119,-0.006143014378955692,0.9601992390645988,0.0613805842141215,-0.17701900453891434,0.07937243481569825,-0.01222958771904814,0.004723699066744302,-0.05641290335915983,2539,203000000,26.2,0,2,2,-1.3578652325249032,0.9482999599476607,6.90662523031236,20.555492639541626
-2.9621153962212468,2.067229953392476,6.902113032590307,0.5308253118991234,1.240485931598329,7.001542448571984,-0.27531405425135086,0.0006393049352226604,-0.0069749470768083206,0.9613288266426634,0.04065613450801013,-0.168398465617765,0.0720531386248213,-0.009125036740442738,0.003683925092445861,-0.058897939379676245,2539,317000000,26.05,0,2,2,-1.4255533022449798,1.0015581139625307,6.930934910594707,20.7845356464386
-2.9621153962212468,2.067229953392476,6.902113032590307,0.5171226680720274,1.2552110581017875,7.010042475193344,-0.27197654465503335,0.0005735391735414404,-0.00752235557593147,0.9622743082806038,0.025481824614528293,-0.16317505403539903,0.06566776614086298,-0.008150950634444598,0.002714501761147403,-0.05626181809930131,2539,455000000,25.58,0,2,2,-1.4255533022449798,1.0015581139625307,6.930934910594707,20.974385023117065
-3.0584676931106722,2.086517634697958,6.872469741279474,0.5052783482837193,1.2704433073314687,7.017805204192731,-0.2688414938609246,0.0005527931616313838,-0.00805365023777705,0.9631506031333802,0.011944189003092902,-0.15855538227570234,0.05916629218469708,-0.010201171244261786,0.002086005474666308,-0.0522198824910447,2539,565000000,25.24,0,2,2,-1.4255533022449798,1.0015581139625307,6.930934910594707,21.174116849899292
-3.0584676931106722,2.086517634697958,6.872469741279474,0.4951183399158478,1.2860428036024572,7.024731150935137,-0.26597168043626157,0.0005866536191802248,-0.008698752279467353,0.9639414156224551,7.007287279288735e-06,-0.15397431216985882,0.051817832724637816,-0.010781500350276474,0.0017954560689759091,-0.047397253729286604,2539,681000000,24.91,0,2,2,-1.4903135673791297,1.048707366048974,6.946707973334623,21.364853620529175
-3.0584676931106722,2.086517634697958,6.872469741279474,0.4864422440492879,1.3019845389898628,7.030801426813449,-0.2633545705385899,0.0006402180342884303,-0.009353621332908027,0.9646535492420395,-0.010298328630858061,-0.1506957888149128,0.044384996035773935,-0.011253451793891145,0.0014502847307085176,-0.043728205127990805,2539,798000000,24.61,0,2,2,-1.4903135673791297,1.048707366048974,6.946707973334623,21.558074951171875
-3.153414005322026,2.1049004780634597,6.839055545102902,0.48013462409491836,1.3155323540638277,7.035175116350829,-0.26130247160163605,0.0007032198833507412,-0.009903199757974707,0.9652059109077322,-0.017630915105845753,-0.14847952041622584,0.037910892513375614,-0.01068568217306165,0.0010957355698337778,-0.041383081043022685,2539,919000000,24.34,0,2,2,-1.4903135673791297,1.048707366048974,6.946707973334623,21.737462282180786
-3.153414005322026,2.1049004780634597,6.839055545102902,0.472644213052884,1.3347831920059374,7.040229407307423,0.2586300187073881,-0.0008029001957461845,0.010611992172659457,-0.9659178300439529,-0.02746133079267759,-0.14482130821984673,0.028971969712172883,-0.009781318567547714,0.0007129882135359367,-0.03799655787588563,2540,27000000,24.12,0,2,2,-1.5548440547759708,1.0925290776553862,6.956024331668426,21.98120093345642
-3.153414005322026,2.1049004780634597,6.839055545102902,0.46272676343696334,1.3684974482710544,7.0460380379209955,0.2544033451449328,-0.0010432657202778008,0.011897602810226147,-0.9670244550284524,-0.03148022333821136,-0.14407279989564623,0.012873057595705959,-0.014255842597776791,-0.0009712415078411141,-0.038508012949023396,2540,171000000,23.83,0,2,2,-1.5822669691568165,1.110365655136589,6.958264268480749,22.382547855377197
-3.2467925782181,2.1224702737481547,6.801937735804838,0.4520246277992083,1.393238941478531,7.047734317679711,0.2505685647287723,-0.0015797111799711865,0.01306843910528434,-0.9680093567635089,-0.0015856644565241788,-0.15336382445687524,-0.0005340547262686902,-0.013549349387176335,-0.004220050141157117,-0.04768846047227271,2540,408000000,23.35,0,2,2,-1.5822669691568165,1.110365655136589,6.958264268480749,22.661336183547974
-3.3384470076063275,2.139322603575742,6.761191063713476,0.43703247637520887,1.420558283833044,7.047122999535297,0.24022025312910444,-0.001242762928762335,0.013420904727234565,-0.9706248321793516,0.0009290562756412678,-0.12761508410268546,-0.011422478788155334,0.0013888748412682617,0.007922827444417635,-0.10082145963679068,2540,579000000,22.92,0,2,2,-1.6676264680447264,1.163136135416616,6.959022563599787,23.04414463043213
-3.3384470076063275,2.139322603575742,6.761191063713476,0.4263561797619536,1.4403568745156308,7.044574700335017,0.23692147152801502,-2.0410895578057246e-05,0.013500459482982851,-0.9714349970564902,0.001982964151166744,-0.0989496637492992,-0.019404591222416466,0.002134444684998016,0.013659047544933856,0.007933919596325723,2540,808000000,21.79,0,2,2,-1.713989716648917,1.190322527163543,6.955937255870654,23.35282850265503
-3.4282266000996273,2.155556561042014,6.716897587203732,0.4195274015070356,1.4528759698872074,7.041350209947061,0.23948761586886308,0.0010930650221795896,0.013583370030428508,-0.9708037799230707,0.0016652553015420383,-0.07987220481949565,-0.02504998051319423,0.0024679656917214743,0.014310228380054468,0.0492420767841395,2541,5000000,21.6,0,2,2,-1.7570486198909514,1.2147719374678374,6.951087007506967,23.649181604385376
-3.5159867177842017,2.1712744590479565,6.669146507442605,0.4140132689956579,1.4629479056356551,7.037191129725427,0.24553801135804898,0.0021908832942342214,0.013680528294182936,-0.9692879490400765,0.0004891545301148523,-0.06372576863848459,-0.030186551345205166,0.0027046898367188987,0.01489083660999313,0.10461489655426703,2541,177000000,22.14,0,2,2,-1.7920519101832422,1.234148418458191,6.945864824661437,23.920207738876343
-3.5159867177842017,2.1712744590479565,6.669146507442605,0.40965189807470564,1.4710308391953757,7.032200658186338,0.2548570728079297,0.0032417880048322377,0.013775928634814465,-0.9668751662135883,-0.0007780014818421854,-0.050857769693947195,-0.034681515916465504,0.002943812978628557,0.013984159068058943,0.12907857890240848,2541,331000000,23.15,0,2,2,-1.7920519101832422,1.234148418458191,6.945864824661437,24.16892123222351
-3.601589106333697,2.1865815260826293,6.618033988749895,0.40659077575903896,1.476819177298608,7.02723551617865,-0.26394332281110827,-0.004059632221701632,-0.013848385217750163,0.964430227624848,-0.001657859757202417,-0.041786496611995946,-0.03830431897808634,0.003004867608069617,0.012500619232014287,0.13795603153994307,2541,485000000,24.58,0,2,2,-1.7920519101832422,1.234148418458191,6.945864824661437,24.413221836090088
-3.601589106333697,2.1865815260826293,6.618033988749895,0.403221457844055,1.4834401819108063,7.0192726953489135,-0.2773780828998548,-0.005026682659450559,-0.013929748932516112,0.9606467059657879,-0.00263744669708597,-0.03127202333600924,-0.04280934127506622,0.00297273431897338,0.010045402086689137,0.13930518471170217,2541,626000000,25.98,0,2,2,-1.8954203776226508,1.2889750747845086,6.924198381679289,24.776724338531494
-3.6849022057545957,2.201585591715769,6.56366296493606,0.40168304998470356,1.4866523857068066,7.014068137720852,-0.2853727344131276,-0.005496099179471604,-0.013948088545968285,0.9582993510241451,-0.0030608165743854785,-0.026085776569697378,-0.045196210327985736,0.0031267816893887357,0.008608834468759596,0.13846851361449808,2541,833000000,28.06,0,2,2,-1.9414413353273605,1.31238761032944,6.911872795193881,24.977416515350342
-3.6849022057545957,2.201585591715769,6.56366296493606,0.39995668518564603,1.489412820606775,7.008508812524348,-0.29282057204023515,-0.005759128451117401,-0.014205556115171396,0.9560445320198069,0.01308387213205563,-0.033595050910283586,-0.05015844328049485,-0.016468473404529504,0.0027329230533723603,0.0970273424172774,2541,953000000,29.31,0,2,2,-1.9414413353273605,1.31238761032944,6.911872795193881,25.174371242523193
-3.7658014429954756,2.2163967622933605,6.506142932007222,0.39257029289831774,1.4919657501227437,7.001851257978771,-0.2954537417456993,-0.005105996028779307,-0.015456722831397405,0.9552183546249167,0.06281432992596604,-0.06581947570693476,-0.0612495383673695,-0.029537939553847536,-0.008192828863684554,0.008570326417611795,2542,74000000,30.51,0,2,2,-1.9414413353273605,1.31238761032944,6.911872795193881,25.367501735687256
-3.7658014429954756,2.2163967622933605,6.506142932007222,0.37810560358553486,1.4944411641254776,6.993834940117404,-0.2941619430019842,-0.003905881473381621,-0.017005242534627794,0.9555963149288258,0.1106695070539008,-0.09725190702251316,-0.0727882026173338,-0.031022240364109166,-0.014323883624456357,-0.044071109005017206,2542,185000000,31.12,0,2,2,-1.9414413353273605,1.31238761032944,6.911872795193881,25.563719987869263
-3.8441695057023733,2.23112708776023,6.445589727654783,0.3610432224099858,1.4965366947610441,6.9861939372443675,-0.2913359394734213,-0.0027407576754871,-0.01823686049075937,0.9564430330855799,0.1470148895103853,-0.12093831665159646,-0.08202200948837488,-0.03174630728608463,-0.017083349848689977,-0.06944596680114046,2542,299000000,31.25,0,2,2,-1.9414413353273605,1.31238761032944,6.911872795193881,25.74724245071411
-3.8441695057023733,2.23112708776023,6.445589727654783,0.3398341257347567,1.4987417156834575,6.977686147066597,-0.28755473651439606,-0.001500840807469924,-0.019478209457595666,0.9575649431455462,0.18024664113944777,-0.1421578339626325,-0.09151759962114824,-0.03052031170227565,-0.018473520867701154,-0.08532064821338281,2542,404000000,31.15,0,2,2,-2.078284829186865,1.3789807946787107,6.866490727979568,25.931010723114014
-3.8441695057023733,2.23112708776023,6.445589727654783,0.31496805184353516,1.5011110585339074,6.968380404501141,-0.2831792649634537,-0.00027750348005556313,-0.020594790001857623,0.958845806953003,0.2092788462964092,-0.16016764352284923,-0.10026329768954703,-0.027087250055046752,-0.01904386081150733,-0.09518858350929804,2542,505000000,30.92,0,2,2,-2.102387635453702,1.3902825221085608,6.857189579963371,26.10019588470459
-3.9198965964540973,2.245890220561861,6.3821252979737295,0.28689487777653977,1.5036939920320902,6.958285576482172,-0.2783794966403062,0.0008689006206010694,-0.021440071845573953,0.960231443028845,0.23511606196748516,-0.17565178661547182,-0.10947066323413328,-0.021978619042783976,-0.0194426140296855,-0.10298838460585102,2542,603000000,30.62,0,2,2,-2.102387635453702,1.3902825221085608,6.857189579963371,26.27786636352539
-3.9198965964540973,2.245890220561861,6.3821252979737295,0.24956511904396866,1.5070812151710016,6.945176951184019,-0.27216710402275646,0.0021983441124471693,-0.022324892075699737,0.9619884791227167,0.2620041992639746,-0.19007862614946902,-0.11943144722854941,-0.01991827903111698,-0.019601038911787327,-0.11074018257204443,2542,708000000,30.25,0,2,2,-2.102387635453702,1.3902825221085608,6.857189579963371,26.47242259979248
-3.992880666864581,2.2608010676031918,6.315877451879425,0.215879523383178,1.5101112502880751,6.933524704796293,-0.26666562757652873,0.0033064352311117755,-0.023143241106597455,0.9635055272007318,0.2819272435404723,-0.19892560191756595,-0.12705285883238598,-0.033997807986452244,-0.019058499128732365,-0.11617888085311279,2542,835000000,29.76,0,2,2,-2.102387635453702,1.3902825221085608,6.857189579963371,26.641234874725342
-3.992880666864581,2.2608010676031918,6.315877451879425,0.15788519450889726,1.5150093931159891,6.913550588370068,0.25735547700032824,-0.00529023272902936,0.025913448108778436,-0.9659547945440922,0.3109705478792436,-0.20640085611208708,-0.13933222832298583,-0.040024083136813715,-0.017088334425352514,-0.12316559441387653,2542,932000000,29.3,0,2,2,-2.102387635453702,1.3902825221085608,6.857189579963371,26.911900520324707
-3.992880666864581,2.2608010676031918,6.315877451879425,0.05510306849395543,1.5230660464781083,6.877845990565229,0.24105621936236105,-0.007922770446794878,0.029184209346332018,-0.9700399016226098,0.3472325990466353,-0.21126853192115008,-0.15805134489578312,-0.02285846021550242,-0.016984391913865693,-0.13281585270306095,2543,93000000,28.5,0,2,2,-2.102387635453702,1.3902825221085608,6.857189579963371,27.339558601379395
-4.063027630994201,2.2759754362648694,6.246979603717467,-0.04570591869084306,1.5311106496664952,6.841643306147843,0.22525322018249505,-0.009970065395409124,0.03126692498893845,-0.9737473820222387,0.3683190478844063,-0.20946497063760386,-0.17220302329658604,-0.01931899241753854,-0.016757770936237648,-0.13806888018734753,2543,346000000,27.08,0,2,2,-2.102387635453702,1.3902825221085608,6.857189579963371,27.730322122573853
-4.1302515575682675,2.2915296754973697,6.175570504584947,-0.1326310344837731,1.5386826495409511,6.809533811046168,0.21128485658734436,-0.011531251639537079,0.032800018101579315,-0.9768059676440488,0.37814271036692315,-0.20540781195947838,-0.18210171314389947,-0.018132120749214664,-0.014714962162543088,-0.14725948421983048,2543,577000000,25.68,0,2,2,-2.3693471105619563,1.508841246644865,6.731895666302628,28.072126150131226
-4.1302515575682675,2.2915296754973697,6.175570504584947,-0.190739734337824,1.5450070986607387,6.786142853833337,0.2005472443778767,-0.011885887950662373,0.03407851979303312,-0.9790189900756676,0.34485360562300016,-0.18902960741981378,-0.18675101138612424,-0.0169522510987008,-0.0013485529166246124,-0.16209475288633257,2543,779000000,24.41,0,2,2,-2.4198408207543554,1.5301588533402746,6.703978919582554,28.307121515274048
-4.19447484055845,2.307580313030434,6.101793962904205,-0.25515732457870516,1.5534119397816502,6.754587815435139,0.19408066683594077,-0.010388138163287585,0.035235153771788305,-0.9802975391607873,0.27258501110694083,-0.1424351698351266,-0.19480334536555716,-0.0038606022144449526,0.03602085926104337,0.0430354932177579,2543,922000000,23.38,0,2,2,-2.4553190948290875,1.544972040941385,6.683610953902328,28.61338710784912
-4.255628347741508,2.3242436897493723,6.0257985548118125,-0.29226794551887747,1.5577763648422194,6.728047160967105,0.20460303466429863,-0.00710176555640268,0.035796690791559865,-0.9781644851764528,0.19617813655203772,-0.09672346181596767,-0.2036052564382492,0.004417719264893094,0.06517171059385873,0.2302595879882574,2544,98000000,22.86,0,2,2,-2.5010365784066124,1.563887025202894,6.656497219264732,28.851528882980347
-4.255628347741508,2.3242436897493723,6.0257985548118125,-0.3202053286571752,1.5602909758772658,6.695437120100391,0.22782479149006485,-0.00209047405987375,0.036275114730269425,-0.973023951581881,0.11692400070524697,-0.0519939387817238,-0.21312073618504282,0.012502436038630549,0.07768801078782417,0.3403740643989295,2544,241000000,24.26,0,2,2,-2.5366691052458687,1.5784943481939302,6.634677045540507,29.10738229751587
-4.313651546909344,2.3416355923008934,5.947737324945997,-0.3338488238360375,1.5611675595614403,6.665352404004679,0.25160267239439643,0.0023503971507236286,0.03662511315555968,-0.9671345159612359,0.06430396284524775,-0.022717369298210707,-0.21890749498897782,0.014441905841522384,0.07104905744199641,0.3437412029597908,2544,401000000,27.24,0,2,2,-2.5774369985875945,1.595078044263397,6.609012734797687,29.344361305236816
-4.313651546909344,2.3416355923008934,5.947737324945997,-0.33946686635323775,1.5616084497556744,6.63886790126927,-0.2710567527938625,-0.0056609518863848,-0.0368466105491181,0.9618412123004649,0.029883043583032863,-0.0033484060783904083,-0.22223328827879824,0.015516328676312696,0.060104015574324876,0.3204476408427581,2544,542000000,30.33,0,2,2,-2.5774369985875945,1.595078044263397,6.609012734797687,29.57587432861328
-4.368492609464751,2.3598708849992414,5.867767478235116,-0.3400051613438208,1.5625133939724738,6.598524605861884,-0.2971614348227231,-0.009492814034781643,-0.036937665192632946,0.9540652897081614,-0.010174400490360575,0.019680982829402116,-0.22498576697348477,0.017028950605890714,0.04334317782195285,0.2864739974029362,2544,676000000,32.94,0,2,2,-2.5774369985875945,1.595078044263397,6.609012734797687,29.847595691680908
-4.368492609464751,2.3598708849992414,5.867767478235116,-0.3359582326671268,1.5635268241968814,6.571455127056815,-0.31317704257956086,-0.011394285796867683,-0.03678488210694318,0.9489136855903584,-0.032959447362885405,0.03348156130859429,-0.22580117125558913,0.01849942927947268,0.03445024121901952,0.27532656386028975,2544,851000000,36.4,0,2,2,-2.6896991284523497,1.640103088989263,6.534379724583329,30.038139581680298
-4.420108491198272,2.379063142108453,5.786050063307847,-0.330456084975085,1.5647225145326698,6.548854707465001,-0.32580319960482984,-0.012794397211310886,-0.03609162612698657,0.944661829995668,-0.03747084845737987,0.03370471204676352,-0.2271098288027583,0.07459759144694544,0.02187507998314686,0.232931665959768,2544,958000000,38.57,0,2,2,-2.6896991284523497,1.640103088989263,6.534379724583329,30.228666067123413
-4.420108491198272,2.379063142108453,5.786050063307847,-0.32897028440050646,1.5668370693603046,6.521370677719853,-0.3336504328513204,-0.014526362898063614,-0.03067717871495385,0.9420856034061718,0.01378078182611899,-0.017850763564918267,-0.2316328518721161,0.09775985818123445,-0.013286917965160683,0.07419491375912912,2545,72000000,40.29,0,2,2,-2.6896991284523497,1.640103088989263,6.534379724583329,30.421218395233154
-4.420108491198272,2.379063142108453,5.786050063307847,-0.33603893008598545,1.5698217860769976,6.493410249417929,-0.33470224104868523,-0.0148042510732611,-0.025399559947967155,0.9418652272706522,0.06313716328311461,-0.06997979427225783,-0.2353048927307496,0.06666316621704027,-0.03172863325744402,-0.01730037720335531,2545,186000000,41.46,0,2,2,-2.6896991284523497,1.640103088989263,6.534379724583329,30.634458303451538
-4.468464990103014,2.399324281578565,5.702749648162685,-0.35434622776164504,1.5743477833149417,6.460082584967545,-0.3312607602124621,-0.013706412226019862,-0.020941757237633467,0.9432072337567986,0.11491522693851453,-0.12346174790203279,-0.2398815210443585,0.044742787213181145,-0.04006842245871667,-0.07423512506647967,2545,313000000,41.78,0,2,2,-2.6896991284523497,1.640103088989263,6.534379724583329,30.840739965438843
-4.468464990103014,2.399324281578565,5.702749648162685,-0.37332240070545947,1.5782892066251013,6.435882480015044,-0.32709716713031395,-0.012483397797859508,-0.01834360653170386,0.9447301837742634,0.14732884074087488,-0.15635623927387574,-0.24206543980494494,0.03474735058262013,-0.04233341933286283,-0.09616778042982332,2545,437000000,41.57,0,2,2,-2.8427397743611684,1.7003483933963668,6.4227152888231345,31.017831325531006
-4.513536781146049,2.4207642013125206,5.618033988749895,-0.3965158699278058,1.5828234725657908,6.411515090709629,-0.3221534206361239,-0.010974326059519736,-0.01637479089852608,0.9464822259097174,0.17605715450567544,-0.1837351148097996,-0.2432192882310039,-0.00919816280742225,-0.04203462885925546,-0.10948199924314395,2545,548000000,41.2,0,2,2,-2.8427397743611684,1.7003483933963668,6.4227152888231345,31.19627046585083
-4.513536781146049,2.4207642013125206,5.618033988749895,-0.4289030147131754,1.5885390795962941,6.382197430554739,-0.31559147515134417,-0.007992820537355443,-0.018146573097205562,0.9486879558192376,0.20714733566160293,-0.20271405885984373,-0.24463774544200723,-0.05268224631436169,-0.03724422276718542,-0.12020630238112062,2545,646000000,40.73,0,2,2,-2.8427397743611684,1.7003483933963668,6.4227152888231345,31.3821222782135
-4.513536781146049,2.4207642013125206,5.618033988749895,-0.4527619500804292,1.5923461426667211,6.36272161362267,-0.31089756115695494,-0.006077999648277816,-0.01960687184263884,0.9502217293681929,0.22538925678864832,-0.21206553946814002,-0.24487721393582382,-0.041805374348768964,-0.03522635015542619,-0.1259826502064243,2545,758000000,40.08,0,2,2,-2.8427397743611684,1.7003483933963668,6.4227152888231345,31.54936194419861
-4.555307427976892,2.443490419036353,5.53207369113335,-0.4848693926774524,1.5973029773936873,6.338403530197874,-0.3047027544444932,-0.004461345700248829,-0.01920380822012747,0.9522434255894479,0.2454765248623995,-0.22630210710966253,-0.24620387506907654,0.0035160088145858026,-0.03539627250574995,-0.13258807884994894,2545,850000000,39.61,0,2,2,-2.9442789249607983,1.7399530356614077,6.342138767674496,31.71847414970398
-4.555307427976892,2.443490419036353,5.53207369113335,-0.5192659428136008,1.6026156025746736,6.31407677572852,-0.2981913626230782,-0.0030115632975712394,-0.018343161568737575,0.9543250862086564,0.26329905566956247,-0.23813928277959628,-0.2468165251079383,0.00680831549288996,-0.03479361621430144,-0.1387576834531501,2545,947000000,38.98,0,2,2,-2.9695393768704537,1.749798363453211,6.3212686394401425,31.89128303527832
-4.555307427976892,2.443490419036353,5.53207369113335,-0.555595867967379,1.6082423016576821,6.289797069037064,-0.2913965145372988,-0.0015960590401753148,-0.017543821314693085,0.9564401383488317,0.2791837163511344,-0.24679187079258247,-0.2469764116311565,-0.003815317651856276,-0.03329362916701939,-0.14401682856259868,2546,44000000,38.32,0,2,2,-2.9947346161326114,1.7596160231949127,6.300122808702416,32.06340456008911
-4.593769371615339,2.4676077168380504,5.445041867912629,-0.5935164135846346,1.6139369851680467,6.265554357295704,-0.28434293602003524,0.0002565968870716726,-0.01878138196903196,0.958538621331909,0.2946835213096754,-0.24899554773420984,-0.24835257579962544,-0.04205677832942456,-0.029261616509757005,-0.14900755049893633,2546,146000000,37.62,0,2,2,-2.9947346161326114,1.7596160231949127,6.300122808702416,32.238635301589966
-4.593769371615339,2.4676077168380504,5.445041867912629,-0.6327439048820895,1.619514711907677,6.241371275688482,-0.2770561011400819,0.0020538021374070566,-0.020498236275624436,0.9606328752585067,0.3087959958545486,-0.24880367826961836,-0.249355157401846,-0.04263782830093987,-0.026730703029897995,-0.15301065577659756,2546,255000000,36.89,0,2,2,-3.044884322750073,1.779172919054897,6.257110885182581,32.41654825210571
-4.593769371615339,2.4676077168380504,5.445041867912629,-0.6730752704002719,1.6249642937155817,6.217305115391695,-0.26957941611615815,0.0036831400391905966,-0.02211733907653959,0.9627170904258924,0.32151978959691024,-0.24731772982995257,-0.24966322666726085,-0.03852309237117879,-0.025117568839050364,-0.1561610566568561,2546,355000000,36.14,0,2,2,-3.069842607314252,1.788917042542839,6.235209700972194,32.58862042427063
-4.62892389622261,2.4932177914302063,5.357113789597274,-0.7312189662085261,1.6327120773239239,6.1836448653412495,-0.25890136345233333,0.005219215908520092,-0.021967320117787084,0.9656398296645936,0.33670686363132785,-0.2489752990204707,-0.2518146979483339,0.004311400925871567,-0.025180369084409904,-0.15859755221754313,2546,456000000,35.38,0,2,2,-3.069842607314252,1.788917042542839,6.235209700972194,32.83269691467285
-4.62892389622261,2.4932177914302063,5.357113789597274,-0.7824279362547351,1.6396679451903071,6.154727984654405,0.24964077127874784,-0.006370388242184458,0.021354327113537762,-0.9680820709952866,0.348068150994317,-0.24928356062370433,-0.2529132462367537,0.005341073119780049,-0.02421293447696371,-0.1592773842276074,2546,592000000,34.3,0,2,2,-3.1293807268360823,1.8122322417413474,6.1816240279549,33.03386998176575
-4.660781072120873,2.520418911178268,5.268466531635311,-0.896712297278952,1.6557021084119772,6.091856355368748,0.2294539843961822,-0.008630476325152243,0.020340930374965878,-0.9730686668856408,0.36884353271730724,-0.245917063613526,-0.25666238682828474,0.002773647224785236,-0.020331503947090823,-0.159354780043941,2546,710000000,33.35,0,2,2,-3.1293807268360823,1.8122322417413474,6.1816240279549,33.4246346950531
-4.660781072120873,2.520418911178268,5.268466531635311,-0.9959892298523748,1.6702152721745533,6.038256599904115,0.21233164095173318,-0.010225540608197735,0.0197362976642362,-0.9769448250154781,0.3828054961278274,-0.24063428655106786,-0.2591788635274283,0.0027116297133034095,-0.017554663645569235,-0.16046935925260186,2546,960000000,31.3,0,2,2,-3.1293807268360823,1.8122322417413474,6.1816240279549,33.78295660018921
-4.689359676286962,2.549305580919973,5.179278617806867,-1.0877017623486873,1.6844885784779138,5.989322333399532,0.19623945346462102,-0.011461131724768578,0.019286249086919397,-0.9802993216154194,0.39110591386028454,-0.23458116011347524,-0.2610545113902096,0.005801438692287775,-0.015209744469757425,-0.17366422252962366,2547,180000000,29.56,0,2,2,-3.1293807268360823,1.8122322417413474,6.1816240279549,34.12993574142456
-4.7146870906059775,2.57996821558224,5.08972966070103,-1.1582614096865451,1.696332376914245,5.9500695714505305,0.17883149909265322,-0.011880027903626753,0.018410857267512064,-0.9836357050269975,0.3679974247024771,-0.20947662248599136,-0.26048098224576965,0.013264249719213694,-0.009178774962492753,-0.2522828057408333,2547,384000000,27.91,0,2,2,-3.32342673343894,1.889563434285729,5.9931078033340075,34.41588234901428
-4.7146870906059775,2.57996821558224,5.08972966070103,-1.2115372708891154,1.7044420670886407,5.915188485084159,0.17104105123743485,-0.010777935912256311,0.015911192764629992,-0.9850764583695376,0.2916909888714755,-0.13514665061339393,-0.2634153103570266,0.05209493792790454,0.025638721308496315,0.060073769782320596,2547,543000000,26.05,0,2,2,-3.361267005834033,1.905011479932688,5.953762471221551,34.67880988121033
-4.736799178229539,2.612492823579744,5.0,-1.2532610924201986,1.7060334749628185,5.873645680295726,0.18754370404303555,-0.007027805722392189,0.012182274465026524,-0.9821555687412281,0.19187629186498392,-0.0569933666952525,-0.2680550712473501,0.05408654142229352,0.05109507983434014,0.3113029233645648,2547,695000000,25.33,0,2,2,-3.361267005834033,1.905011479932688,5.953762471221551,34.92528009414673
-4.736799178229539,2.612492823579744,5.0,-1.2759251029952983,1.700658971272988,5.830444586161448,0.21958807115962453,-0.0018978404030418248,0.00837817014081986,-0.9755548592833165,0.09976784462792099,0.014972168905352478,-0.2745711795214179,0.06253177634789608,0.061773741617798805,0.49177171022165567,2547,846000000,27.61,0,2,2,-3.4311747951463882,1.9339884104491014,5.878726136714393,35.197776794433594
-4.75574013844148,2.6469607009543825,4.910270339298971,-1.2813145515551236,1.6906123941077178,5.786131685526494,-0.25959642809538874,-0.003479505272939445,-0.005153614525389734,0.9656971719025041,0.03020516382998274,0.06544430247764617,-0.2767216914387863,0.05376610679377336,0.05439243213913869,0.5146305134985596,2548,12000000,31.85,0,2,2,-3.4311747951463882,1.9339884104491014,5.878726136714393,35.445950746536255
-4.75574013844148,2.6469607009543825,4.910270339298971,-1.273823721362347,1.6795429093875405,5.741951572957606,-0.2979048043091205,-0.008040839764408777,-0.0026780077086729914,0.9545579609118243,-0.021443599070612322,0.09979109395922431,-0.2742839723129621,0.045748221964458935,0.04031501375720836,0.4803250223631039,2548,160000000,37.14,0,2,2,-3.4311747951463882,1.9339884104491014,5.878726136714393,35.70763087272644
-4.771562340490563,2.683448137187101,4.820721382193133,-1.2590785456904168,1.670783778569487,5.7040370852855355,-0.32872733840797586,-0.011136044729461083,-0.0009177746875868795,0.9443587682552717,-0.05885637534917056,0.12269766628233744,-0.2697857687073322,0.04004642469226383,0.027838473761221394,0.4515136912232265,2548,320000000,42.25,0,2,2,-3.4311747951463882,1.9339884104491014,5.878726136714393,35.97904181480408
-4.771562340490563,2.683448137187101,4.820721382193133,-1.241923865204954,1.6637042020830577,5.66675402834889,-0.3516398561980358,-0.0128735870961816,-0.00048557773309475336,0.9360467117097131,-0.033875176611502904,0.09254327973051854,-0.26847226443014216,-0.003345584627822973,0.011413516585889738,0.19625226850621402,2548,473000000,46.38,0,2,2,-3.4311747951463882,1.9339884104491014,5.878726136714393,36.20253849029541
-4.784326136905276,2.722026133583131,4.731533468364689,-1.2349003006060753,1.6589164377779333,5.634619584532291,-0.35601803997948345,-0.012608253772042607,-0.0019309027920533448,0.9343920262718397,0.00889144663575867,0.04456378329281111,-0.26887244365720037,-0.049222737288801,-0.001797483037080383,-0.01860889769886853,2548,600000000,49.51,0,2,2,-3.4311747951463882,1.9339884104491014,5.878726136714393,36.391632318496704
-4.784326136905276,2.722026133583131,4.731533468364689,-1.235399978282302,1.6551950737271877,5.602256598444387,-0.3503437703372354,-0.01100615479809854,-0.004789350628403423,0.9365442697828057,0.04722770538568476,-0.0005039717039302044,-0.2690582421022646,-0.059869233155041,-0.013415843750408385,-0.16400999738834798,2548,718000000,50.32,0,2,2,-3.4311747951463882,1.9339884104491014,5.878726136714393,36.60022044181824
-4.794099656859685,2.762760135098598,4.642886210402727,-1.2410376139966657,1.653120437764122,5.575232725773774,-0.3406265307307641,-0.009149142382599751,-0.00729370833703598,0.9401258753883337,0.07454774399033903,-0.03477163332420517,-0.2690489041689754,-0.06718979202560149,-0.021246775759209413,-0.2357917677727528,2548,847000000,49.89,0,2,2,-3.4311747951463882,1.9339884104491014,5.878726136714393,36.787375926971436
-4.794099656859685,2.762760135098598,4.642886210402727,-1.2533230595466571,1.652169350686781,5.542772494299846,-0.32592464050540254,-0.006546099507241955,-0.010458778933733632,0.9453152337902317,0.10297245004791442,-0.07146138832319873,-0.2695315175540167,-0.06254193067434244,-0.027408310052123852,-0.2741798205533996,2548,955000000,48.92,0,2,2,-3.4311747951463882,1.9339884104491014,5.878726136714393,36.98238182067871
-4.8009585802116845,2.8057097764408754,4.554958132087371,-1.2708733690485379,1.6531518266007714,5.510402754651468,-0.3100978270341022,-0.00393472098510995,-0.01321768254073966,0.9506046225996112,0.12770608746888773,-0.10372487526880225,-0.269857030072131,-0.060433323233155534,-0.03005216331075644,-0.2769476530374959,2549,76000000,47.37,0,2,2,-3.4311747951463882,1.9339884104491014,5.878726136714393,37.16651678085327
-4.8009585802116845,2.8057097764408754,4.554958132087371,-1.2929359717900908,1.6560431021509074,5.478090155369157,-0.2945913177992757,-0.0013865903609685797,-0.015992372017106293,0.955488501700425,0.15050157343036535,-0.12994594795008324,-0.2711219934628687,-0.05672902407241054,-0.029903956965426914,-0.26519826787989587,2549,182000000,45.67,0,2,2,-3.4311747951463882,1.9339884104491014,5.878726136714393,37.379218339920044
-4.8009585802116845,2.8057097764408754,4.554958132087371,-1.3188293019208635,1.6606093360206895,5.4458551890249725,-0.27975151815419885,0.000986641774003795,-0.018664051517780687,0.959890497822211,0.17185822654636823,-0.1501535949340102,-0.27278155313065394,-0.055546815201523714,-0.028465592913562432,-0.2501410315744579,2549,305000000,44.0,0,2,2,-3.4311747951463882,1.9339884104491014,5.878726136714393,37.5857470035553
-4.804985892885419,2.850928643237058,4.46792630886665,-1.35313980712813,1.6676407551909622,5.408213548004702,-0.26346242935062636,0.0034934554108754824,-0.02176264837042136,0.9644178198404795,0.19529619533208592,-0.1672097905052737,-0.27554324901848354,-0.05086622368253302,-0.026339984106016345,-0.23390504939015955,2549,430000000,42.4,0,2,2,-3.4311747951463882,1.9339884104491014,5.878726136714393,37.80615758895874
-4.804985892885419,2.850928643237058,4.46792630886665,-1.3799546816948354,1.6735609326554381,5.381328851220076,0.25235230227601546,-0.005104076808594217,0.023834351453892413,-0.9673283763162845,0.21089284788331303,-0.1758424111835489,-0.27704115530885354,-0.04700153658632189,-0.025243190793844406,-0.22524786327267066,2549,569000000,40.65,0,2,2,-3.8006718096007672,2.1034287831589698,5.4198943402983755,37.98763966560364
-4.806271624318301,2.898464049024539,4.381966011250105,-1.4565650272620765,1.6913966193177836,5.3113853711444206,0.22539986531838696,-0.008632325081552041,0.028738960015096494,-0.973804115751926,0.24569874712005163,-0.18556165912464895,-0.28243208155723754,-0.03960032663599122,-0.018370271573076025,-0.18671418220037594,2549,671000000,39.46,0,2,2,-3.8006718096007672,2.1034287831589698,5.4198943402983755,38.41357159614563
-4.806271624318301,2.898464049024539,4.381966011250105,-1.5281951646410403,1.7081164008204324,5.252031855219779,0.20804844910587222,-0.010435401821458815,0.03244354685691388,-0.9775246091433243,0.2747822150560032,-0.19161373048706312,-0.28510539593013806,-0.03294840753369499,-0.01146151271314011,-0.14716745499754325,2549,929000000,36.61,0,2,2,-3.8006718096007672,2.1034287831589698,5.4198943402983755,38.76298999786377
-4.804912567739545,2.9483568287751334,4.297250351837315,-1.598042221061044,1.7247249621576446,5.198164149525304,0.19360985447036194,-0.011643243019725955,0.03533945510726837,-0.9803727770887307,0.29350261913111725,-0.19450312566403144,-0.2869122915042568,-0.02946462045656517,-0.010913975802395726,-0.15005818859208375,2550,145000000,34.86,0,2,2,-3.8006718096007672,2.1034287831589698,5.4198943402983755,39.07704567909241
-4.804912567739545,2.9483568287751334,4.297250351837315,-1.6508409666206838,1.7379479296039282,5.155026491823979,0.17942807858493715,-0.012173436301960164,0.03767561403493905,-0.9829740180549076,0.2573070009960921,-0.16209630451512413,-0.28629946743501555,-0.025396586352144368,-0.005670526752510341,-0.19894099386874586,2550,344000000,33.43,0,2,2,-3.8006718096007672,2.1034287831589698,5.4198943402983755,39.33626747131348
-4.801011984091487,3.000641149619494,4.213949936692153,-1.6907066715971137,1.7473924419958828,5.117247032790876,0.17385972876193917,-0.011815756926162818,0.03876510419913652,-0.9839362018441626,0.22661208411524653,-0.11701207203354791,-0.2819426948389403,-0.0070526645686186384,0.01642240404180484,0.06437166230170988,2550,502000000,31.99,0,2,2,-3.9750769241828516,2.2011412251589957,5.154977172642473,39.602169036865234
-4.794679290446997,3.055344339391937,4.132232521764884,-1.7285995602355142,1.752683300144234,5.074239387030665,0.1889622346496313,-0.010255602456307604,0.039267222009844796,-0.9811453418174623,0.1915159286366953,-0.07256829364220946,-0.276178100255718,-6.87523911802046e-05,0.03664337418740615,0.2809869416523725,2550,651000000,31.55,0,2,2,-3.9750769241828516,2.2011412251589957,5.154977172642473,39.8706316947937
-4.794679290446997,3.055344339391937,4.132232521764884,-1.758866991269327,1.7523993383702365,5.031380057319281,0.2170888730677375,-0.007939372667754015,0.03930779958993398,-0.9753277830776786,0.15910633047028544,-0.032874991860373105,-0.2707368325414995,0.009178256641462212,0.047210510092554614,0.4182104021310806,2550,806000000,33.64,0,2,2,-3.9750769241828516,2.2011412251589957,5.154977172642473,40.12243938446045
-4.786029733815932,3.112486733567247,4.052262675054003,-1.7793555486934751,1.7483481018017437,4.99402213576988,0.24653080718895165,-0.005812070295734717,0.03922743856815848,-0.9683232874453775,0.1332366448014323,-0.008425816571378737,-0.26668874522540553,0.009656627753429348,0.04418629760039039,0.42642578191589564,2550,958000000,37.36,0,2,2,-3.9750769241828516,2.2011412251589957,5.154977172642473,40.402302742004395
-4.786029733815932,3.112486733567247,4.052262675054003,-1.7967857335531556,1.7414562260363509,4.951585165992174,-0.2782668984412114,0.003821744607382077,-0.03909153277206612,0.9597003592609492,0.10659525124752327,0.011159327523495818,-0.26265317303845775,0.011023436672985554,0.034961178243975155,0.3911334235453978,2551,113000000,41.27,0,2,2,-3.9750769241828516,2.2011412251589957,5.154977172642473,40.66390824317932
-4.775184051270693,3.1720815411108556,3.9742014451881884,-1.810781809253078,1.731420528266064,4.899044122179014,-0.3138902918534428,0.002147782005654745,-0.0387550125344808,0.9486655473432504,0.07726831003110361,0.030930780757829002,-0.25820859850580347,0.01185532009913004,0.024553987350373063,0.35865735553670675,2551,276000000,45.6,0,2,2,-4.102712815735274,2.2865282220661034,4.931728864244109,41.007270097732544
-4.775184051270693,3.1720815411108556,3.9742014451881884,-1.8159736916797924,1.7240711093856682,4.8626262138438054,-0.33743708809997097,0.0013856311586086661,-0.0383482837063206,0.9405656280864637,0.05898538466634986,0.04345000590401607,-0.25532578343597073,0.013305703578225803,0.019384304323466495,0.3532861068379134,2551,472000000,50.51,0,2,2,-4.129836439765616,2.306913339715199,4.880035772624294,41.22819948196411
-4.762268117355413,3.2341347297119416,3.8982060370957945,-1.8196664920079038,1.7172499429891028,4.826349800670676,-0.35586107912478127,0.0008047727021779326,-0.037269827020059154,0.9337950549767003,0.06670973372073001,0.019291240884283585,-0.25822783957878664,0.0263204983639298,0.0011788292709979942,0.14152907388051972,2551,603000000,53.81,0,2,2,-4.150322665644451,2.3229411450708386,4.839873122692749,41.45425724983215
-4.762268117355413,3.2341347297119416,3.8982060370957945,-1.8277391738015727,1.713476889838705,4.794880769470259,-0.3569889910164031,0.0009329239767045389,-0.035972216077860775,0.9334152289396138,0.08626010097294212,-0.023201623416965786,-0.2636520519139886,0.014070147881284356,-0.017009433577186428,-0.07428784883813933,2551,748000000,56.49,0,2,2,-4.1702584678949055,2.3391641720878957,4.799716620387898,41.646751403808594
-4.747412579775129,3.2986449308157644,3.824429495415054,-1.8382903636229115,1.7120711076451023,4.768414579752259,-0.3503404091893692,0.00148594202951682,-0.03487812177731375,0.9359716375438931,0.10056292371784023,-0.056678837781249436,-0.26810263267937073,0.03396009451535065,-0.02742083179327892,-0.190896971616894,2551,869000000,56.98,0,2,2,-4.1702584678949055,2.3391641720878957,4.799716620387898,41.81908392906189
-4.747412579775129,3.2986449308157644,3.824429495415054,-1.8551453610141724,1.7129165844443717,4.736240344297893,-0.33649760220988834,0.0019531836900747723,-0.03188819523547714,0.9411422271819984,0.11420497654654138,-0.09671386984731145,-0.27434775819132173,0.04160223870712798,-0.0350955939211417,-0.2805638388963416,2551,976000000,56.45,0,2,2,-4.200481427813024,2.3650179691196036,4.736754435815086,42.00257229804993
-4.7307524843902575,3.3656033648170482,3.7530203962825333,-1.87221788079992,1.7158751029571233,4.709103783351068,-0.3222068653224805,0.0025508690949285154,-0.02948551437153986,0.946206549041047,0.12400881743630263,-0.12583711667946176,-0.27861188141398435,0.03717240542755462,-0.036402013938641176,-0.3143570356769487,2552,82000000,55.07,0,2,2,-4.200481427813024,2.3650179691196036,4.736754435815086,42.17976379394531
-4.7307524843902575,3.3656033648170482,3.7530203962825333,-1.8956408408366594,1.722069086521459,4.676137907251383,-0.30401780464964406,0.0033850245675540232,-0.026924212925652564,0.9522797923000477,0.13451438960203896,-0.15509119805767507,-0.2836422352768665,0.031491364279645495,-0.03392676189832855,-0.31781880534254014,2552,191000000,53.57,0,2,2,-4.200481427813024,2.3650179691196036,4.736754435815086,42.38524031639099
-4.7307524843902575,3.3656033648170482,3.7530203962825333,-1.9217031828975542,1.7308610549348835,4.642795918712301,-0.28613575463116864,0.004200959249656772,-0.024808465901291054,0.9578586648784144,0.14525930218995992,-0.17880453136190905,-0.28766475519529294,0.026149664699914865,-0.02941579896287294,-0.30443376454059035,2552,314000000,51.62,0,2,2,-4.200481427813024,2.3650179691196036,4.736754435815086,42.578226804733276
-4.712426890567834,3.4349937867204927,3.684122548120575,-1.9498977293143727,1.7419450160888277,4.609084249580191,-0.2690528007714014,0.004951650607431095,-0.023081388393690394,0.9628360821360746,0.15570129285179418,-0.1979518851138319,-0.29134464303688634,0.021402915626822505,-0.025317102517874446,-0.28644439298659563,2552,427000000,49.69,0,2,2,-4.200481427813024,2.3650179691196036,4.736754435815086,42.79428219795227
-4.712426890567834,3.4349937867204927,3.684122548120575,-1.979875310875706,1.7549812377717904,4.57510019029055,0.25311346006802304,-0.0056334287831077655,0.02170183062912895,-0.9671767529050123,0.16649039324041362,-0.21291263721673465,-0.29365627695620333,0.01686163141130237,-0.021756781643489376,-0.2650987997185439,2552,553000000,47.84,0,2,2,-4.27377088048734,2.4354421006114544,4.571526447385174,42.98376989364624
-4.692578477964153,3.5067924525178915,3.6178747020262714,-2.0551932683152296,1.7910709142937826,4.495314058509511,0.22012708643052492,-0.0071470462945960765,0.020422803979817612,-0.9752312006014126,0.19130645299944976,-0.2337924294893176,-0.2968477932967791,-7.701450388530873e-06,-0.013987783313496038,-0.21369565511122346,2552,669000000,46.11,0,2,2,-4.27377088048734,2.4354421006114544,4.571526447385174,43.41568183898926
-4.692578477964153,3.5067924525178915,3.6178747020262714,-2.1185199829693415,1.8233944340529074,4.432479747738427,0.19897947218271012,-0.007973296639636196,0.020398725903022486,-0.9797588928772831,0.2085051970171916,-0.24397626218325758,-0.2979869955808945,-0.0015017206919765158,-0.010261876377626322,-0.18904530152212828,2552,941000000,42.53,0,2,2,-4.318813226881626,2.486035185186113,4.458741173773647,43.79253125190735
-4.671353145833668,3.580968106473816,3.554410272345218,-2.1602025752063243,1.845612215359642,4.392493190215702,0.18582257444198558,-0.008408143850435021,0.02049481306186349,-0.9823335668612277,0.21745186306349265,-0.24895027259262936,-0.2986302517475177,-0.0018889651755671366,-0.00976199207798345,-0.19300592975923792,2553,158000000,40.26,0,2,2,-4.318813226881626,2.486035185186113,4.458741173773647,44.04084825515747
-4.648899605976141,3.6574819894536956,3.493857067992778,-2.2117902734481576,1.8751613057024668,4.340823941475204,0.18094074772133495,-0.007461145289355902,0.020233707015322545,-0.9832575319952719,0.18740109568016217,-0.23351711607883235,-0.30078765830520726,0.008421711117989616,0.031189512083074078,0.11560069033293985,2553,308000000,38.84,0,2,2,-4.318813226881626,2.486035185186113,4.458741173773647,44.32062220573425
-4.648899605976141,3.6574819894536956,3.493857067992778,-2.2550539523884936,1.905041683564625,4.288221141685924,0.20453920041385126,-0.003620506978187268,0.02041195736329955,-0.978638829916268,0.13411216394992123,-0.23104684057970187,-0.30467884084303093,0.006202748863870511,0.05856900643266272,0.37087973032612354,2553,478000000,38.4,0,2,2,-4.318813226881626,2.486035185186113,4.458741173773647,44.65078258514404
-4.625368970448108,3.7362878683694305,3.4363370350639406,-2.286987107210246,1.9335350482347455,4.240559744193544,0.23999141229325072,0.0007980775440503442,0.02105172126473839,-0.9705463977211577,0.0793909635546062,-0.23664367970359126,-0.30930383524856103,0.007594604403493577,0.06863091693958268,0.509924121433869,2553,673000000,41.2,0,2,2,-4.388647565714564,2.581445143204239,4.259845789855723,44.90868878364563
-4.625368970448108,3.7362878683694305,3.4363370350639406,-2.3133584545850305,1.9641022072955798,4.192247462588812,-0.27987446168737945,-0.005316614881771958,-0.021650443413460008,0.9597777230178866,0.028256660312284642,-0.23243157231206157,-0.31139815047180075,0.014587985515390756,0.06291860845522024,0.49990665283985436,2553,831000000,45.34,0,2,2,-4.388647565714564,2.581445143204239,4.259845789855723,45.1671826839447
-4.6009143351756405,3.8173320867587197,3.381966011250105,-2.334755273923682,1.9954312554742284,4.143902915192002,-0.31569506603851566,-0.009184183855047481,-0.021910878801866637,0.9485632237420887,-0.009785259290589812,-0.21805780946323422,-0.3094174661925679,0.019204208911105525,0.04883438377873972,0.4368990455986932,2553,983000000,49.97,0,2,2,-4.388647565714564,2.581445143204239,4.259845789855723,45.456512212753296
-4.6009143351756405,3.8173320867587197,3.381966011250105,-2.3522900672880085,2.0263806849084247,4.096128525850769,-0.34666014711174575,-0.012114257612694109,-0.02180072724765015,0.9376591680661098,-0.03708127104953348,-0.20092633190122947,-0.30449248817838476,0.021138038391654845,0.03474297882348765,0.3902183554600924,2554,153000000,54.14,0,2,2,-4.388647565714564,2.581445143204239,4.259845789855723,45.69884490966797
-4.5756903606132395,3.9005536364550437,3.330853492557395,-2.3621256175796304,2.0454832009086537,4.066676591644353,-0.3610528540802208,-0.013150150332718559,-0.021783981723661222,0.9321981378693142,-0.0410761135974769,-0.20061428488144023,-0.3015437231410125,0.002850776786544884,0.00925052008824423,0.17435553163522854,2554,298000000,57.76,0,2,2,-4.438578417192138,2.672179864300066,4.087744051745848,45.89900326728821
-4.5756903606132395,3.9005536364550437,3.330853492557395,-2.3751921166515446,2.0684410746636486,4.0317038190812555,-0.3620140931095197,-0.012571248581074744,-0.02187015818787611,0.9318312380898388,-0.033831627429148824,-0.21006851655418401,-0.2979819832465746,-0.00868328179421951,-0.021496455701708328,-0.09667945341789164,2554,414000000,59.44,0,2,2,-4.438578417192138,2.672179864300066,4.087744051745848,46.080814599990845
-4.54985285059824,3.9858842502461127,3.283102412796268,-2.389718712127897,2.091838593868714,3.9972486941213528,-0.3512148766562189,-0.010654993934000663,-0.021926609257629806,0.9359774598386899,-0.025132438943055092,-0.22174319649586108,-0.2935929632614057,-0.031270666295313276,-0.03903446049662307,-0.26086693396791816,2554,526000000,59.47,0,2,2,-4.438578417192138,2.672179864300066,4.087744051745848,46.26322650909424
-4.54985285059824,3.9858842502461127,3.283102412796268,-2.4026698316665214,2.1118636059752136,3.9689840295584133,-0.33671867335437705,-0.008417955027576883,-0.022679911722532926,0.9412944781798522,-0.017852503627284563,-0.22996456278465324,-0.29006581600979764,-0.03460259686107747,-0.04446799721335992,-0.33943482558242977,2554,638000000,58.07,0,2,2,-4.438578417192138,2.672179864300066,4.087744051745848,46.47077226638794
-4.54985285059824,3.9858842502461127,3.283102412796268,-2.4216154945188153,2.140909113923472,3.930149016376033,-0.31249420616652024,-0.005350629186258581,-0.023143747595523352,0.9496226138982274,-0.00854256148350207,-0.24121667638445268,-0.28512580152285255,-0.008012866737772129,-0.04732852066808846,-0.37310624902602285,2554,756000000,56.23,0,2,2,-4.466671139328796,2.737875469007296,3.972949941039489,46.68053913116455
-4.523558330551639,4.073248515359478,3.2388089362865244,-2.438335771498758,2.1669565822603625,3.897440434801802,-0.29137344193666564,-0.0031024570728162264,-0.022447652284941735,0.9563409407742545,-0.0024697099880574324,-0.24947341888527355,-0.28141354257910667,-0.0016787367599135905,-0.04583085610647686,-0.3591261338442564,2554,889000000,53.18,0,2,2,-4.474582931629599,2.759335565399444,3.9371741671856215,46.871031045913696
-4.523558330551639,4.073248515359478,3.2388089362865244,-2.4549535729664047,2.1938583990576466,3.865178034217495,-0.27133064861229733,-0.0010387814914790475,-0.02171709304984248,0.962240597733284,0.0027969622903370973,-0.2541051695748006,-0.2777662094192811,-0.000981897829888112,-0.04055441568198148,-0.3362809569807723,2555,1000000,50.54,0,2,2,-4.4809789180569135,2.7779546590117947,3.9068095080561904,47.073134660720825
-4.496963626174488,4.162564007555353,3.198062264195162,-2.474158664494722,2.2258894279376578,3.8281174031838203,0.24960116130310067,-0.0009044680816614383,0.021042655196248386,-0.9681196459508115,0.009213920889913251,-0.25587062037192865,-0.2736776057212716,0.0017481767713434238,-0.03211408402421512,-0.305536447558552,2555,123000000,48.01,0,2,2,-4.4809789180569135,2.7779546590117947,3.9068095080561904,47.30285382270813
-4.496963626174488,4.162564007555353,3.198062264195162,-2.5001292258916767,2.27204289242223,3.776009028421019,0.22206288751611114,-0.00289262491295101,0.02021557295672611,-0.9748184637762826,0.012272754788332334,-0.2507119980988832,-0.26887392097498747,0.0032233011324933614,-0.0230714551435085,-0.2643836953211576,2555,269000000,45.28,0,2,2,-4.493676566174782,2.8189257456196266,3.8421022629795023,47.65063762664795
-4.470225443784154,4.253741445548371,3.160944454897099,-2.5226691762033675,2.3179729043316435,3.7245122732697307,0.1983169992855391,-0.004298005821987647,0.019506433235171823,-0.9799343824985298,0.005547103318885282,-0.2404734495492397,-0.2664543521806926,0.0047736982196511235,-0.017551010205352213,-0.22951605351408944,2555,472000000,41.8,0,2,2,-4.502373865369138,2.8510602701146373,3.7933990298585827,47.97716188430786
-4.470225443784154,4.253741445548371,3.160944454897099,-2.5378268896821297,2.354528374713453,3.683577318708995,0.1746737049161689,-0.004968119674668079,0.018332584042045595,-0.9844431578105963,0.002361097754483761,-0.23449642153880057,-0.2642767678718748,0.014291817478806479,-0.016102322479127906,-0.34902040497399867,2555,670000000,38.78,0,2,2,-4.502373865369138,2.8510602701146373,3.7933990298585827,48.229788303375244
-4.44349995342669,4.346684865422453,3.1275302587205256,-2.5508138893488033,2.3907520788802343,3.6375991028651726,0.16034566972428926,-0.00479195714467736,0.015112008318110898,-0.9869335998698117,-1.9441987794844163e-05,-0.16688289462565148,-0.2614733730373743,0.04596651051542722,0.0032530958833376644,0.06398108926077839,2555,822000000,35.82,0,2,2,-4.515711877578279,2.9103279559083775,3.7081653945660746,48.53835844993591
-4.44349995342669,4.346684865422453,3.1275302587205256,-2.5570143424534018,2.4099740211997007,3.601699342419835,0.17247326164462823,-0.0038869787063157135,0.012017974509111868,-0.9849332128133859,-0.007408819110643035,-0.11227518825806142,-0.2595412616832081,0.04540063309832476,0.010661153555702185,0.2492537460057065,2556,10000000,34.05,0,2,2,-4.521323629073226,2.940612247344966,3.666847222228997,48.78688430786133
-4.416942375890457,4.441291814646157,3.0978869674096927,-2.560019381821439,2.4232725273949223,3.560592194501279,0.19832498470297494,-0.0024064689029928096,0.008229003182071667,-0.9800988179038954,-0.01877645000362392,-0.04654104906410064,-0.2580358615403756,0.05346461621229537,0.014615244344895473,0.40368214540649205,2556,152000000,35.61,0,2,2,-4.521323629073226,2.940612247344966,3.666847222228997,49.045867919921875
-4.3907065747319,4.537453565240048,3.0720742786082935,-2.558667177235616,2.428008604530354,3.5246347169400734,0.22603750895155328,-0.0010038955923911148,0.005282888593652209,-0.9741037561926976,-0.025264329931430997,-0.0085079627779544,-0.2562550459722182,0.039365014163195156,0.011489422922750236,0.37504503270611167,2556,310000000,39.0,0,2,2,-4.521323629073226,2.940612247344966,3.666847222228997,49.293213844299316
-4.3907065747319,4.537453565240048,3.0720742786082935,-2.554453592033333,2.429518965959538,3.4838218214838306,0.2522021834824041,0.00024508985373933377,0.002673991968006369,-0.9676708367748955,-0.028546429630000238,0.015846000813207296,-0.25408617775394227,0.03214623429812491,0.006130095880507724,0.3010864806128666,2556,455000000,42.75,0,2,2,-4.532243907969712,3.016514287588507,3.5697684653267365,49.55070114135742
-4.3649446544071155,4.635055345592884,3.050144175636353,-2.5492280952852284,2.428900961695665,3.4483796364347223,-0.270687928340534,-0.00100502011631655,-0.0007995440958940419,0.9626662953040966,-0.03000041454802479,0.029001185270183562,-0.2523827434304319,0.026471269666217268,0.002042085998255061,0.25150708097498864,2556,605000000,46.49,0,2,2,-4.535289792963758,3.04474514177582,3.5359225131710135,49.80015325546265
-4.3649446544071155,4.635055345592884,3.050144175636353,-2.538799629580409,2.425658269259313,3.393173513821545,-0.295020731106653,-0.0017385306670996321,0.0017076502681779855,0.9554877443792655,-0.03221439825948166,0.04527881180422622,-0.24994155654577108,0.02201760853495216,-0.0018742680254035804,0.21887729817535728,2556,755000000,49.3,0,2,2,-4.537574634946489,3.069741389070363,3.506967430615323,50.166693449020386
-4.339806565582618,4.7339765903700695,3.0321408228027407,-2.5307569962938135,2.422427403561041,3.3583387632239368,-0.3094663471284585,-0.0020455694737452302,0.0031278137440999753,0.9509030510108161,-0.033779066420932966,0.05489874551204201,-0.24856059945775746,0.020061015493411105,-0.003041909781131835,0.2149428823031485,2556,974000000,53.21,0,2,2,-4.540487964507783,3.109552178730446,3.462765817429873,50.389814615249634
-4.339806565582618,4.7339765903700695,3.0321408228027407,-2.523706860121624,2.419734815866123,3.3287986442949364,-0.31914768344263234,-0.0020548244643103695,0.0036089204992578966,0.9476958950752357,-0.031082210794866373,0.03529584728737909,-0.2429003796336743,-0.011956782418565126,-0.002594281431811396,0.066766816235031,2557,116000000,55.6,0,2,2,-4.541904347741044,3.1352607774504677,3.4354698659946843,50.58419394493103
-4.315439718675568,4.834091207905732,3.018100476464131,-2.520076848246906,2.420629233353371,3.3003298147090563,-0.3164816396965966,-0.0015593180011129392,0.0026825546330741133,0.948593561101363,-0.026645804696343374,-0.010635658362395842,-0.23242244830504957,-0.022892720153322443,-0.003390861979823967,-0.13130034931236878,2557,228000000,57.33,0,2,2,-4.541904347741044,3.1352607774504677,3.4354698659946843,50.77199387550354
-4.315439718675568,4.834091207905732,3.018100476464131,-2.5200017247664217,2.4257988681243727,3.2731592578585897,-0.30485103924720053,-0.0007969194413203213,0.0013513179757063838,0.952398751956886,-0.025073684451678062,-0.05572853223065209,-0.2210063720814693,-0.026074994093505666,-0.0059797000631078845,-0.2554777980549261,2557,342000000,57.5,0,2,2,-4.543583967039598,3.1799468061395006,3.390258357398327,50.9556884765625
-4.315439718675568,4.834091207905732,3.018100476464131,-2.522854804664473,2.4351814686516855,3.247369214761133,-0.28794447410228224,0.00010775193931527097,-3.349150689087867e-06,0.9576471000385596,-0.024424899574845275,-0.09674138407205439,-0.20964579942237377,-0.025357239064760506,-0.008831791637931019,-0.31893927953206,2557,461000000,56.53,0,2,2,-4.543583967039598,3.1799468061395006,3.390258357398327,51.178335189819336
-4.291988606647645,4.93526786441942,3.0080514120095216,-2.5279342646154874,2.4486192384529994,3.222940428633377,-0.2687552743001324,0.0011056209239788187,-0.0013631326240403432,0.9632068947052246,-0.02359155113513347,-0.13291740704853958,-0.1987955058937811,-0.02825549636327196,-0.010449698311276734,-0.3378112829523161,2557,586000000,54.86,0,2,2,-4.544351030122538,3.2254299832118734,3.347090121070481,51.37669086456299
-4.291988606647645,4.93526786441942,3.0080514120095216,-2.5346993660311345,2.4656071548451433,3.199846549357238,0.24924889571150816,-0.0021254109290596633,0.002888144607330043,-0.9684328212301063,-0.020573637056130266,-0.16316527333048841,-0.18842125806825888,-0.02968905373563757,-0.010680073955882108,-0.330121602746658,2557,705000000,52.86,0,2,2,-4.544404591786881,3.2484671013938446,3.326298311499504,51.56743264198303
-4.269594438048033,5.037370284349661,3.0020138669173706,-2.548873556173119,2.500270511873805,3.1642253391198274,0.21868542003788627,-0.003692453177810041,0.005748562030380246,-0.9757714931719237,-0.011369341928711963,-0.20246658389520347,-0.17242345929647998,-0.03193888478563167,-0.009128492820309475,-0.2996909781359136,2557,818000000,50.77,0,2,2,-4.544404591786881,3.2484671013938446,3.326298311499504,51.907288789749146
-4.269594438048033,5.037370284349661,3.0020138669173706,-2.5623082497168905,2.5324391992913577,3.138171197196774,0.19629002519665784,-0.004683055083881347,0.008113665925037107,-0.9805011287237936,-0.0006608965036194769,-0.22594575517237594,-0.16081058101982232,-0.028919995202159043,-0.007595771148771746,-0.2770852908724919,2558,21000000,47.43,0,2,2,-4.544404591786881,3.2484671013938446,3.326298311499504,52.178669691085815
-4.248394781269408,5.140257566049799,3.0,-2.5736528935774303,2.5617456283329547,3.113954185616901,0.18595654488022528,-0.0047262639524465,0.0073477477389271,-0.9825191277773809,-0.00959967197133654,-0.14928770766223326,-0.14951336018014924,0.026662245909392368,0.001153047077195879,0.021123765600350453,2558,182000000,44.94,0,2,2,-4.544404591786881,3.2484671013938446,3.326298311499504,52.44288206100464
-4.248394781269408,5.140257566049799,3.0,-2.5764175320059786,2.5760688657256923,3.0939091273625303,0.19545970979938943,-0.003955414414904896,0.004968049573206415,-0.980691172095162,-0.031310294409576576,-0.055977559992224576,-0.14031063769227117,0.03953265550080687,0.008497413546137977,0.2289680254762061,2558,343000000,43.93,0,2,2,-4.544404591786881,3.2484671013938446,3.326298311499504,52.68256115913391
-4.2285232209468075,5.243784512046629,3.0020138669173706,-2.5703634111763978,2.579529653860126,3.0722341859740316,0.21869702750700615,-0.0025669985507019277,0.0019818589490323444,-0.9757874219896185,-0.05329195099916303,0.040354862356967836,-0.1311770056575638,0.03908843682438601,0.011368263494659914,0.33914416562765837,2558,494000000,45.43,0,2,2,-4.544404591786881,3.2484671013938446,3.326298311499504,52.956620931625366
-4.2285232209468075,5.243784512046629,3.0020138669173706,-2.554341067687466,2.57204471075905,3.049407638347502,0.2475087613974684,-0.001123846310478052,-0.0003361378786010008,-0.9688849451881723,-0.06510838489914952,0.10298362053735002,-0.12248928730434974,0.02276522482134169,0.008159039134625345,0.30253726872615516,2558,647000000,48.82,0,2,2,-4.544404591786881,3.2484671013938446,3.326298311499504,53.23763871192932
-4.210109027392585,5.347801973019649,3.0080514120095216,-2.5380753283115625,2.5624333287160996,3.0327334794411067,-0.26578510823641366,0.00040367312201021173,0.0014012361218414251,0.9640311975372472,-0.06803098328571835,0.12774588884707935,-0.11630831622231179,0.015065467414387967,0.004000801254733233,0.24464312009513378,2558,820000000,53.14,0,2,2,-4.544404591786881,3.2484671013938446,3.326298311499504,53.481754779815674
-4.210109027392585,5.347801973019649,3.0080514120095216,-2.508284492263326,2.54397646803748,3.008272976053876,-0.28860615345793583,-0.00017608516139159267,0.0026924109222456385,0.9574441018167357,-0.07137915321453348,0.1548244532048838,-0.1076227992365528,0.011307052864140132,-0.0006242381516585738,0.19617952639237046,2558,973000000,56.07,0,2,2,-4.533754568328715,3.501471540535674,3.1424040307624903,53.8224151134491
-4.193276839921718,5.4521572046181594,3.0181004764641304,-2.4932784373900234,2.534690024386708,2.997792224015079,-0.2977192551147251,-0.00029973249854247513,0.0032359568677798422,0.954647937135734,-0.07302941502319826,0.1648541390017933,-0.1040742956020753,0.010651503180270083,-0.0018852504240385315,0.18684931274037808,2559,188000000,59.99,0,2,2,-4.533754568328715,3.501471540535674,3.1424040307624903,54.00216341018677
-4.178146364880431,5.5566942361953435,3.0321408228027407,-2.4774401385519917,2.525008301478541,2.987676938053705,-0.30642026132821293,-0.00036480670827147713,0.0037170365717025303,0.9518890029844549,-0.07421502604506659,0.17165946063664259,-0.10059430452272802,0.0021713205910600664,-0.0024205625095419236,0.17092368652811274,2559,290000000,61.61,0,2,2,-4.528437655843105,3.5690424554026694,3.1063671880717925,54.180856704711914
-4.178146364880431,5.5566942361953435,3.0321408228027407,-2.4608112486266283,2.51657387469741,2.976293476264758,-0.3074247336724292,0.0003487616385619797,0.001688507998396703,0.951570838368061,-0.069803781248307,0.1083700944419533,-0.09109855420103712,-0.033174192503793165,-0.0009787822705220606,-0.09026908010127954,2559,397000000,63.29,0,2,2,-4.528437655843105,3.5690424554026694,3.1063671880717925,54.36317682266235
-4.178146364880431,5.5566942361953435,3.0321408228027407,-2.44737413364878,2.514549040080577,2.964395175452856,-0.29461385030774845,0.0011223497259153876,-8.923092833777887e-05,0.9556157238010359,-0.07096143071932734,0.031992636762405144,-0.07958809837794306,-0.0259295380601543,-0.00419787002101657,-0.26342610944993794,2559,506000000,63.89,0,2,2,-4.524297513527658,3.6164895224040507,3.0842876856377037,54.608357667922974
-4.164832089147639,5.66125425050276,3.050144175636353,-2.440229930009951,2.519378338521591,2.9554560890314736,-0.27677746773517387,0.001859085642282036,-0.0014848292992111442,0.9609310966123593,-0.07256274208454082,-0.02773439028534312,-0.0699227884407067,-0.024956433117040433,-0.006571641915797954,-0.3426401555771008,2559,647000000,62.93,0,2,2,-4.521489693896934,3.647000379585314,3.071389340499936,54.82246804237366
-4.164832089147639,5.66125425050276,3.050144175636353,-2.4363064258461877,2.52980056207836,2.947668276226875,0.25570498578761297,-0.0026321144415485513,0.0028072335409619668,-0.966747201525181,-0.07228518631079364,-0.08189121958254407,-0.06097217558057625,-0.023324621361098252,-0.007904351241450058,-0.3711593628395349,2559,775000000,61.2,0,2,2,-4.521489693896934,3.647000379585314,3.071389340499936,55.02120041847229
-4.153443009833245,5.765675973355503,3.0720742786082935,-2.4354561438859195,2.55844788407493,2.9370697434092343,0.22042827649886176,-0.003760397761908112,0.004793333035042018,-0.9753841593376574,-0.06642600507215182,-0.16098711196833365,-0.04753446558219884,-0.019145060105074663,-0.0075115486652066465,-0.3489354392513633,2559,895000000,59.01,0,2,2,-4.521489693896934,3.647000379585314,3.071389340499936,55.34875845909119
-4.153443009833245,5.765675973355503,3.0720742786082935,-2.439421038613327,2.594409094373313,2.929931204815893,0.19168834269024765,-0.004549103808175212,0.006507777773815229,-0.9814237279379663,-0.05468413698605921,-0.21638423235991558,-0.03685048914920071,-0.01821419118641643,-0.0061916644881421234,-0.31114084704313427,2560,88000000,55.22,0,2,2,-4.5118890950524495,3.744457203719173,3.0368128393112284,55.63715696334839
-4.144082380849918,5.869796072247862,3.0978869674096927,-2.439930794639472,2.623401943339709,2.9251143832276867,0.1846148554841126,-0.004042634313061374,0.0037829615086586313,-0.9827953507443018,-0.07483435534244075,-0.11602626621792415,-0.02748334463478063,0.04672288523579482,0.003985956914220878,0.09728393779369071,2560,270000000,52.05,0,2,2,-4.5118890950524495,3.744457203719173,3.0368128393112284,55.884814500808716
-4.144082380849918,5.869796072247862,3.0978869674096927,-2.4305403795810006,2.6377682808432477,2.921401958566132,0.20198553504342792,-0.002979611739706489,0.0004893478170629672,-0.9793838502271797,-0.09897898674855596,-0.014763712750374233,-0.019372015206975797,0.03897446549672168,0.006068206357667805,0.30504612368531525,2560,421000000,51.43,0,2,2,-4.5118890950524495,3.744457203719173,3.0368128393112284,56.15892720222473
-4.136847476985778,5.973449562871589,3.127530258720525,-2.4069487030929833,2.6400088533499773,2.9183467009120685,0.23655568177443648,-0.0016825742777504724,-0.0027315651604330545,-0.9716126372767109,-0.11992272645457183,0.08545515534723616,-0.01097219784991941,0.027082875931228045,0.0043716847812902415,0.37678371591027826,2560,587000000,53.86,0,2,2,-4.49988600236921,3.8585710918258656,3.0089436413283983,56.48472881317139
-4.136847476985778,5.973449562871589,3.127530258720525,-2.3792398659132767,2.6354492855541443,2.91700869529325,-0.26251062603058195,0.0012415580079018342,0.00349320446884732,0.9649219798912675,-0.12442845865550238,0.10591188748805917,-0.004368210945069529,0.006278814043980674,5.4278052119549614e-05,0.2469163155183196,2560,783000000,58.59,0,2,2,-4.494867784652301,3.9052800534640624,3.0013298570998606,56.76171898841858
-4.131829376054615,6.076470222463971,3.1609444548970984,-2.3400403334044855,2.6299810239984365,2.9170003191559135,-0.2777041803578188,0.0020511070343578247,0.0038172226282207873,0.9606568638088899,-0.13029768179788676,0.10191432136734384,0.0037455659522396484,-0.00026146045684072305,-0.012426307239365997,0.05598802999884356,2560,962000000,62.31,0,2,2,-4.490279105170083,3.947781035661343,2.996235105651731,57.15587639808655
-4.131829376054615,6.076470222463971,3.1609444548970984,-2.320226438057187,2.628374776234083,2.917655891544116,-0.27974151111368917,0.0028161633126973307,0.00403331946649183,0.9600627523855445,-0.13384918533996235,0.0979634692578985,0.0074101931057444686,-0.0001851818723253018,-0.013860394938092213,0.021343258777051233,2561,202000000,64.92,0,2,2,-4.490279105170083,3.947781035661343,2.996235105651731,57.353936195373535
-4.129112759647949,6.178691008890939,3.1980622641951615,-2.3008696144677967,2.6280745908200047,2.9187606394786045,-0.27900865653175155,0.003645444141299259,0.0039099727989553015,0.9602737070388165,-0.13282260363839157,0.06628780677819979,0.012956692342401308,-0.017452440260967705,-0.00897426971278037,-0.08687268054927699,2561,326000000,65.53,0,2,2,-4.480973689928566,4.034123280866848,2.9910780937695005,57.56789183616638
-4.12877573295956,6.279944484351441,3.2388089362865236,-2.2858686529804317,2.633356473229393,2.9207133624668087,-0.2689427747570421,0.004263503525733434,0.0029091493841805673,0.9631423276408992,-0.12591339944598096,-0.0034510345656016995,0.021045193585535898,-0.018189279217040166,-0.0022445310378316208,-0.23198811250040308,2561,439000000,65.79,0,2,2,-4.480973689928566,4.034123280866848,2.9910780937695005,57.773881673812866
-4.12877573295956,6.279944484351441,3.2388089362865236,-2.2756517719291165,2.6449533371698495,2.923598573168167,0.2530308456806652,-0.004584051858671759,-0.0019127537204577142,-0.9674454604658023,-0.11836659634464083,-0.07108542338511,0.029127143263140115,-0.01361113099846989,0.0005169802051341321,-0.3041060612304136,2561,562000000,64.89,0,2,2,-4.47474604473173,4.092644188418884,2.9914224950245156,57.9781436920166
-4.12877573295956,6.279944484351441,3.2388089362865236,-2.267375177024153,2.677420160404428,2.930693227504317,0.22116300122257343,-0.00475885234877736,-0.0006961952651523312,-0.9752249973860898,-0.10297802693103988,-0.17075510710266747,0.04336637918207304,-0.00835005857879878,0.001626328946713329,-0.33395983336959034,2561,683000000,63.24,0,2,2,-4.471632278685317,4.122217774440077,2.992755670771995,58.2918758392334
-4.130889664098318,6.3800632425732875,3.283102412796268,-2.266854459465223,2.71365115122987,2.938399898408003,0.19566065426034535,-0.00475501831622549,-7.659176278894397e-06,-0.9806601338468708,-0.08698731857778397,-0.23434762122232672,0.053388231105604124,-0.005390788101067301,0.0015794205864949618,-0.32052963215392083,2561,882000000,59.75,0,2,2,-4.466467259456141,4.171911346922996,2.996675027541034,58.59593462944031
-4.13551904324917,6.47888033835782,3.3308534925573943,-2.2673669933214384,2.752265786064596,2.9476351171270285,0.1794503889585244,-0.004129254289594113,-0.0016191954103171712,-0.9837570255748465,-0.08621739590074895,-0.20300286693987965,0.06263790800103555,0.031442204635823146,0.00646801304355904,-0.08636927232146263,2562,55000000,56.88,0,2,2,-4.466467259456141,4.171911346922996,2.996675027541034,58.85614371299744
-4.13551904324917,6.47888033835782,3.3308534925573943,-2.2636858469787486,2.7839033588195616,2.9581397153213085,0.17894964553702125,-0.003101368020250949,-0.0036903741163383983,-0.983846424508144,-0.09463406880279873,-0.15433056330833242,0.07079888006958099,0.02487929250492016,0.008883181635610526,0.04674473821069114,2562,210000000,55.07,0,2,2,-4.466467259456141,4.171911346922996,2.996675027541034,59.13920331001282
-4.142721361985436,6.576229718320881,3.381966011250105,-2.255084853372893,2.8120632849854266,2.971343574294444,0.1862522001051965,-0.00192337863450071,-0.0054435838020159685,-0.9824850054662375,-0.10486620696686647,-0.10621599690284962,0.07866575647836208,0.01862433273345232,0.008750212509767152,0.10513505185372196,2562,375000000,55.18,0,2,2,-4.4543297402629305,4.293336217708457,3.014736060192179,59.43382024765015
-4.142721361985436,6.576229718320881,3.381966011250105,-2.2415318828162363,2.836104460084477,2.9875688767482957,0.19646228208295685,-0.0008778516187263365,-0.006716766821044114,-0.9804879836789249,-0.10909999767184816,-0.06785276000358179,0.08605600416566095,0.011900239223905373,0.005774992769147502,0.09628364714444615,2562,542000000,56.3,0,2,2,-4.4543297402629305,4.293336217708457,3.014736060192179,59.743990421295166
-4.152547012978048,6.671946651670999,3.43633703506394,-2.226919272824553,2.8530708831728595,3.00341540555215,0.20244105266279744,-0.0002707617266306146,-0.007563018715648339,-0.9792652080170993,-0.112929774319993,-0.04197739936955989,0.09193666684068198,0.009240313738700934,0.0031384276098833652,0.04943102576362435,2562,737000000,57.88,0,2,2,-4.445095949828201,4.391457431231586,3.0371625923295618,60.07371807098389
-4.152547012978048,6.671946651670999,3.43633703506394,-2.211934763615845,2.8654711319256694,3.018383111409753,0.20391523592105276,6.578172984807607e-05,-0.008145441651444311,-0.9789546588133327,-0.11953850653604399,-0.02443653804907722,0.09658354579757122,0.007087688300089212,0.00195672901099897,-0.002817813469846442,2562,929000000,58.97,0,2,2,-4.445095949828201,4.391457431231586,3.0371625923295618,60.32395577430725
-4.165039210289305,6.765868159862174,3.493857067992778,-2.1972441497347606,2.874794464077994,3.0320889886225864,0.20228391877753565,0.00025823758068260327,-0.00857450280462212,-0.9792893481596789,-0.12501102723150426,-0.012306018314310153,0.10025486950513815,0.006155839582788758,0.001457380062674929,-0.04328657960286364,2563,80000000,59.5,0,2,2,-4.437251355804194,4.480582966952398,3.06287522222882,60.55763363838196
-4.1802339303802745,6.857833443958347,3.5544102723452164,-2.1788666368101666,2.8840330301115458,3.048371271451955,0.1977014096076818,0.0003975626110173172,-0.008984440228786904,-0.9802210334495386,-0.13052647325172093,-0.0014222215737202787,0.10392094707682938,0.004863524691245402,0.0009613931013063848,-0.06807505342294462,2563,223000000,59.64,0,2,2,-4.434156820551837,4.517628087628441,3.07492126266877,60.82102680206299
-4.1802339303802745,6.857833443958347,3.5544102723452164,-2.1616214049334235,2.8910455987375143,3.063095250199149,0.1926953824411184,0.00046629532609353437,-0.009281590211775208,-0.9812146168080051,-0.1344342010436987,0.0062359480589297255,0.10683494142354935,0.004077894163856399,0.0006716270263495971,-0.0758335183490999,2563,380000000,59.47,0,2,2,-4.430722055214793,4.560185484978018,3.089660701450943,61.07670283317566
-4.198159873902308,6.947684308549583,3.6178747020262705,-2.143479500680342,2.8971730611815567,3.0782253838931872,0.18735997114466474,0.0004986686925720161,-0.00951957166874238,-0.9822450663136206,-0.13780805400095247,0.01264018024839988,0.10945132955120132,0.0030736274766240967,0.000419081302993618,-0.07862765123718418,2563,534000000,59.2,0,2,2,-4.427828165540026,4.597652768182247,3.103457012389337,61.316871881484985
-4.198159873902308,6.947684308549583,3.6178747020262705,-2.12181456733002,2.9032110050046986,3.0959568718067403,0.18112096195569466,0.0005035612217963153,-0.009726479063808753,-0.9834125986438047,-0.1410709114654785,0.018736086612377478,0.11212153028568464,0.002313242930540582,0.00033297918662356096,-0.07979635411174968,2563,674000000,58.9,0,2,2,-4.427828165540026,4.597652768182247,3.103457012389337,61.59447193145752
-4.218838448284354,7.035265581066037,3.684122548120574,-2.0993349288786747,2.908324601324237,3.1141052138759804,0.17480693481218673,0.0004984484479368442,-0.009889424893727867,-0.9845529373101194,-0.14369404409275477,0.02374501811526757,0.11444750843324751,0.0018791771935866564,0.00038371572372852825,-0.08054897771216929,2563,832000000,58.53,0,2,2,-4.422055892322171,4.678718774052227,3.135928980927494,61.86489462852478
-4.218838448284354,7.035265581066037,3.684122548120574,-2.0761849478819383,2.912611126538924,3.1326170317472815,0.16841931006960448,0.00048725785308982236,-0.010013358160287715,-0.9856644617890089,-0.14602321711199034,0.027848250646760823,0.11650967178812766,0.0013740994972977205,0.00040632920388361526,-0.08153001544997096,2563,995000000,58.16,0,2,2,-4.419230660151253,4.722312394132484,3.154784844611981,62.094961404800415
-4.242283771069134,7.12042552534505,3.7530203962825324,-2.0464623829455584,2.916924073495494,3.1562168250262213,0.16030645636647867,0.00046376824110209124,-0.010106763073271359,-0.9870154397507778,-0.14835089378989608,0.03208276067410588,0.1188611140454218,0.0007125870126856171,0.00047430023073502525,-0.0829326621897053,2564,138000000,57.77,0,2,2,-4.419230660151253,4.722312394132484,3.154784844611981,62.44712853431702
-4.242283771069134,7.12042552534505,3.7530203962825324,-2.0221862726764113,2.9196022798764014,3.1754153604722704,0.15370106160539787,0.00044289772183570605,-0.010147822666825315,-0.98806518469082,-0.14985945057729172,0.03476813290869592,0.12037704855629527,0.00043944579317667376,0.0004937475125643687,-0.08406322813243605,2564,348000000,57.26,0,2,2,-4.419230660151253,4.722312394132484,3.154784844611981,62.702645778656006
-4.268502693892854,7.203016248319119,3.8244294954150533,-2.000646341066922,2.9214261100988783,3.1924107993887523,0.14785005848748994,0.0004227678403527389,-0.01018390242462935,-0.9889572637905057,-0.15098770955408605,0.036807666399305286,0.12157393708392625,0.0006006808746406023,0.0005024451581903122,-0.08500734547851607,2564,501000000,56.84,0,2,2,-4.419230660151253,4.722312394132484,3.154784844611981,62.933581829071045
-4.268502693892854,7.203016248319119,3.8244294954150533,-1.9757518829746719,2.9229495713237688,3.2120364616910515,0.1410701125485962,0.000396768642425065,-0.010202591683152665,-0.9899469546612674,-0.1520140071646074,0.03865601084460032,0.12280912916211413,4.1699808406292505e-05,0.0005324084668245632,-0.08627952629467472,2564,641000000,56.46,0,2,2,-4.409670860538836,4.903997458272059,3.242729928801591,63.209182024002075
-4.297494846945124,7.2828940987080575,3.8982060370957945,-1.9506285260297767,2.9239241200459194,3.2318558447003585,0.13417007933628283,0.000373147550045908,-0.010217553789276405,-0.9909055717707742,-0.1528830571456506,0.04012245865640659,0.12391547441620251,0.0002709243574372522,0.0005890079592063557,-0.08774271555012092,2564,801000000,56.01,0,2,2,-4.409670860538836,4.903997458272059,3.242729928801591,63.48836064338684
-4.297494846945124,7.2828940987080575,3.8982060370957945,-1.9221677262423171,2.9244093548910763,3.2543521525783055,0.1253156916915441,0.0003749971151721489,-0.010216359657401142,-0.9920642432768072,-0.15351668361793916,0.040977158554566254,0.12493564968645235,9.136355760830384e-06,0.001406275214321795,-0.11037529839086346,2564,969000000,55.54,0,2,2,-4.409670860538836,4.903997458272059,3.242729928801591,63.78141164779663
-4.329252703688477,7.359920056617248,3.9742014451881875,-1.8967664319507807,2.9243318546021353,3.274491921746038,0.11602970588406775,0.0004019288558051153,-0.010215710854013068,-0.9931931257602413,-0.1540554223293317,0.04111795804504302,0.12564579898818334,0.00014596461141991313,0.0015596978641951864,-0.12129994065617211,2565,146000000,54.88,0,2,2,-4.404932472586939,5.043082612647837,3.3193425788356894,64.04366683959961
-4.363761665560097,7.433960112965551,4.052262675054003,-1.8744858170188796,2.923879126666496,3.2922099763978867,0.10741171005219519,0.00041950349211998614,-0.01020795754283578,-0.9941621327345387,-0.154444280606179,0.040989396892717064,0.12626086041810203,-6.926087934289171e-05,0.0014814125051998417,-0.1256452320376411,2565,298000000,54.12,0,2,2,-4.403935043821452,5.087751183769981,3.3455214506192297,64.28325343132019
-4.363761665560097,7.433960112965551,4.052262675054003,-1.8521884080752993,2.923074987820054,3.3100134559037886,0.09833439933924737,0.00042791094908934974,-0.01018941094030678,-0.9951011700844785,-0.15460280566304171,0.0405939082716262,0.12678847042439614,-0.00023804617796940875,0.0015045275631564436,-0.13643752172356471,2565,438000000,53.4,0,2,2,-4.403287409407729,5.126894294495438,3.3691019750250932,64.54431390762329
-4.401000166322823,7.504885637691123,4.132232521764883,-1.8299212383579089,2.921924687575458,3.327886937328953,0.08850241868901432,0.0004276118497148901,-0.010168902351685067,-0.9960239617897063,-0.154595450281184,0.039948899464938445,0.12724629013235625,-0.00019926972072425997,0.0013937158541921235,-0.14406744157895446,2565,584000000,52.63,0,2,2,-4.402850557796637,5.1660600153744385,3.3932499811739256,64.77779340744019
-4.401000166322823,7.504885637691123,4.132232521764883,-1.804540614222586,2.920168582212369,3.3483910608892624,0.07682289519207941,0.0004096711526543704,-0.010151235561361271,-0.9969929926335647,-0.15449011774201807,0.03923521236069552,0.12772311226413435,-0.0001587169435879332,0.0011832663972199953,-0.1482314386521466,2565,725000000,51.76,0,2,2,-4.4026374365672645,5.205251985577779,3.4180102061209965,65.04171323776245
-4.44093979567767,7.5725737357109155,4.213949936692153,-1.7855645069296646,2.9185284598783707,3.3638185629161326,0.067901064172457,0.00038379622562928484,-0.010141410934571021,-0.9976404412256757,-0.15435364685655797,0.03869378006850406,0.12805091105137983,-0.00013130994958032716,0.001020976912968763,-0.1496251206845045,2565,878000000,50.71,0,2,2,-4.402659271577838,5.250040677091331,3.4470044820800805,65.26666975021362
-4.44093979567767,7.5725737357109155,4.213949936692153,-1.7572211078566222,2.9155429576764105,3.387031393173187,0.05440193840525892,0.0003276188443260561,-0.010131266270653864,-0.9984676655793094,-0.1540222131762739,0.03794100328709178,0.128498526763542,-9.385800012751133e-05,0.0008148723225076537,-0.15080111188581213,2566,15000000,49.91,0,2,2,-4.402873078939729,5.283637799217436,3.4692695624401435,65.55533647537231
-4.44093979567767,7.5725737357109155,4.213949936692153,-1.7321776144850043,2.9123498184958145,3.407730100759658,0.04232119139121482,0.00026360453029446347,-0.010125789359060328,-0.9990527091508913,-0.15363058557040865,0.03728843223055113,0.12885554535637028,-6.346695720083062e-05,0.0006707684576667816,-0.15146469959290698,2566,187000000,48.69,0,2,2,-4.403504712911235,5.333989614285589,3.5034156963517975,65.81152367591858
-4.483545441696767,7.63690758964005,4.297250351837314,-1.7103951077910713,2.9091397909546957,3.425886461625681,0.03170153623786054,0.00019903462854999228,-0.010123148498722827,-0.9994460940190066,-0.15325632574713716,0.036721557807652225,0.12913911165509767,-3.821086949074015e-05,0.0005742906807881809,-0.15216120227705687,2566,339000000,47.59,0,2,2,-4.40440254874855,5.378702668674067,3.534542873487273,66.06173944473267
-4.528775451583464,7.697776788310476,4.381966011250105,-1.6887457350451147,2.9055378930731903,3.444078137100574,0.02102580764870099,0.00012957604829946876,-0.010128892574314527,-0.9997276149821938,-0.15285326413772982,0.03625927183322917,0.129344892269267,0.00015659641690035642,0.0005468412382469978,-0.15297294448828325,2566,486000000,46.62,0,2,2,-4.405446670364865,5.41776511095659,3.5623195625222315,66.3038272857666
-4.528775451583464,7.697776788310476,4.381966011250105,-1.6641768814603828,2.900923367739105,3.4649022616243053,0.008743976851544044,5.271618827866562e-05,-0.010133368698152522,-0.9999104234523462,-0.1524198414139545,0.03582011354154093,0.1295875896884861,-3.048501331370801e-05,0.0006674812539131381,-0.15411955391755328,2566,635000000,45.64,0,2,2,-4.406757022513429,5.456773751026262,3.590644670259185,66.56772565841675
-4.576581810215823,7.755077640164158,4.467926308866649,-1.6428334356354555,2.8964449327603137,3.483157797144565,-0.002085627918241184,-8.35939116924922e-06,-0.010131440227875141,-0.9999465005715137,-0.15208694769118475,0.035470601734738386,0.1298031794566869,-2.6061013778944098e-05,0.0007043799030270748,-0.15528036892646924,2566,787000000,44.51,0,2,2,-4.406757022513429,5.456773751026262,3.590644670259185,66.79870939254761
-4.576581810215823,7.755077640164158,4.467926308866649,-1.6186214956790337,2.890818448888315,3.504057594769897,-0.01456268263796534,-7.974661010022241e-05,-0.010129532839219474,-0.9998426448593415,-0.15175104522394883,0.0351042350793921,0.13002581434348762,-1.9822472951958048e-05,0.0006658588858954317,-0.156632145808544,2566,928000000,43.51,0,2,2,-4.406757022513429,5.456773751026262,3.590644670259185,67.06664538383484
-4.626910335880682,7.8087134706344985,4.55495813208737,-1.5976015231675738,2.885450785733352,3.5223737836484306,-0.025566636521855257,-0.00014676813478142411,-0.01012804685563152,-0.9996218025948433,-0.15143881302001982,0.03474941115402143,0.13020256204460573,-1.2083552203279169e-05,0.0006068597542707721,-0.1577546281623654,2567,81000000,42.35,0,2,2,-4.412850663863896,5.584307905926079,3.6871030720154505,67.30455303192139
-4.626910335880682,7.8087134706344985,4.55495813208737,-1.5737818782710238,2.878814485268764,3.543336264961093,-0.03823328657652614,-0.00022958951318292984,-0.010126567727471218,-0.9992175017043453,-0.15110026066763274,0.03435657186711254,0.13038619210271304,-2.4980009172281825e-06,0.0005370036774365872,-0.15904600877547637,2567,232000000,41.32,0,2,2,-4.415280027862263,5.622878899889448,3.7174362370467025,67.57366418838501
-4.6797008925584365,7.858594902670625,4.642886210402726,-1.5501901277962535,2.8716347813201124,3.5643275260942033,-0.050995228549101546,-0.0003188814562243292,-0.010124903898402456,-0.9986475210507908,-0.15074191542149049,0.0340683940532528,0.13055216908492878,2.064965087811288e-06,0.00047097043704980024,-0.16023480711737648,2567,391000000,40.14,0,2,2,-4.415280027862263,5.622878899889448,3.7174362370467025,67.83014607429504
-4.6797008925584365,7.858594902670625,4.642886210402726,-1.5268431098720616,2.8639001505765926,3.5853449274476157,-0.06384486953157797,-0.00041399664955893856,-0.010122460763731043,-0.9979084111427042,-0.15040932526286815,0.033824052924834064,0.13070219533096003,4.072538750676813e-06,0.0004155970202646131,-0.16148455470101908,2567,539000000,38.94,0,2,2,-4.42183025400842,5.710514960241046,3.7883729324147297,68.11522841453552
-4.734887618073344,7.904640119602524,4.731533468364688,-1.5066215154207778,2.856676600748783,3.603754563552442,-0.07516677229464847,-0.0005013922916111951,-0.010119534660608153,-0.997119501347169,-0.15015332554324853,0.03361983932114055,0.1308215913776674,5.9527192064479095e-06,0.00037544884037288284,-0.16270052583422512,2567,706000000,37.72,0,2,2,-4.425638278194713,5.754026209905641,3.8246339235584106,68.34478712081909
-4.734887618073344,7.904640119602524,4.731533468364688,-1.480919669802292,2.846770341766571,3.6274528867568536,-0.08982059449865393,-0.0006159541309838611,-0.010104963357674815,-0.9959065072184019,-0.14980227727664777,0.03329452898495322,0.13103132430567827,-0.00016282017014646044,0.00037954166032250214,-0.1639771508052945,2567,848000000,36.65,0,2,2,-4.429281968827125,5.791908437275632,3.8567905564006106,68.64009976387024
-4.792399167380991,7.946775109590542,4.820721382193133,-1.4611773128163232,2.8385994047115237,3.6459082392032847,-0.10129843926223658,-0.0007020043019638532,-0.010080094814384728,-0.9948047673194614,-0.14948182932046739,0.03296016804051043,0.13112994724456817,-0.0003088228680780958,0.00042605163059761253,-0.16532373847439885,2568,27000000,35.25,0,2,2,-4.429281968827125,5.791908437275632,3.8567905564006106,68.88291764259338
-4.792399167380991,7.946775109590542,4.820721382193133,-1.4388940908308094,2.8287704817073114,3.6670180703374515,-0.11450056688204646,-0.0008001391112219865,-0.010043482236068763,-0.993372089614796,-0.14914982918840278,0.032596973603472544,0.1312812316553629,-0.0004316133043857917,0.00036677481318747596,-0.16665668226778507,2568,167000000,34.15,0,2,2,-4.438739331867575,5.877778658911622,3.9316770520915125,69.16241455078125
-4.8521589702234715,7.984933890950487,4.91027033929897,-1.416917190463545,2.818416350021565,3.688155122719475,-0.12779475069708923,-0.0009044159964790612,-0.010003901900988519,-0.9917497696862497,-0.1488573774744128,0.03226108845492863,0.13144854202629036,-0.00036269148040446453,0.00029987353968863317,-0.16807135252747685,2568,334000000,32.89,0,2,2,-4.438739331867575,5.877778658911622,3.9316770520915125,69.4431140422821
-4.8521589702234715,7.984933890950487,4.91027033929897,-1.3952563516676075,2.807535782312958,3.709317317130262,-0.14117379809529929,-0.0010140421717635129,-0.009967762253519016,-0.989934126174807,-0.14860002509951106,0.03195113099926754,0.13159935695294628,-0.0003018829659140465,0.0002523092490491763,-0.16941737703746185,2568,496000000,31.6,0,2,2,-4.438739331867575,5.877778658911622,3.9316770520915125,69.70393919944763
-4.914085502344078,8.019058717695309,4.999999999999999,-1.376572441303195,2.797586939779075,3.7278527764826164,-0.15294207388642012,-0.0011134374501164425,-0.00993840952304292,-0.9881845527574885,-0.1483508089585604,0.03164341602128445,0.13171896617726592,-0.0002534130715048377,0.0002196670848775284,-0.17047473083948717,2568,654000000,30.31,0,2,2,-4.4559647380810725,6.004457845590625,4.047505184914398,69.94299650192261
-4.914085502344078,8.019058717695309,4.999999999999999,-1.3581529822654868,2.787250462487878,3.7464037136008828,-0.16476199905013283,-0.0012154604132225124,-0.009910940841253418,-0.9862828091255718,-0.14806625964587744,0.03129206849721589,0.13182800943806475,-0.0002078717173503719,0.00019859900248775375,-0.17167020560009405,2568,785000000,29.17,0,2,2,-4.4559647380810725,6.004457845590625,4.047505184914398,70.16117787361145
-4.978092569416851,8.049100264685944,5.089729660701029,-1.3348771870278286,2.7734057777901597,3.7702752037090854,-0.1800598225763489,-0.001349576527635169,-0.009878044335827382,-0.9836051358025074,-0.14770549862133137,0.030834294205320578,0.13195410349161807,-0.00015584287069714264,0.00018130981089825582,-0.17335575103061274,2568,924000000,28.02,0,2,2,-4.4677550057777555,6.0770422546022616,4.117006771802834,70.47375273704529
-4.978092569416851,8.049100264685944,5.089729660701029,-1.3170988678025952,2.762206029801581,3.7888611484409274,-0.19203577535615857,-0.0014518810858788608,-0.009844374798895536,-0.9813374757490361,-0.14745936580322597,0.030502821249886507,0.13211375215437188,-0.00029731459108006675,0.00022452790631177777,-0.1747131536831148,2569,111000000,26.52,0,2,2,-4.4677550057777555,6.0770422546022616,4.117006771802834,70.69588971138
-5.044089602812401,8.07501779183718,5.179278617806866,-1.2897556900687543,2.7438435838405475,3.8181108046122976,-0.2109557515413289,-0.0016112544170060559,-0.00979191319518658,-0.9774452379477914,-0.14710476470454306,0.03000859712568079,0.1323454627353159,-0.0002261594545416301,0.00022432807185168713,-0.17650260706432164,2569,252000000,25.35,0,2,2,-4.48284407298205,6.158676355206808,4.198114393068561,71.05165266990662
-5.044089602812401,8.07501779183718,5.179278617806866,-1.258430739497416,2.721000338042427,3.8527370385447806,-0.23346316956102037,-0.0018046253090966535,-0.009735440800785944,-0.9723152333366121,-0.14655573315540443,0.02921493933970849,0.13257825140024404,-0.00014503893197570505,0.0001987232167266484,-0.1785497719538398,2569,477000000,23.55,0,2,2,-4.495345803090562,6.218909840986222,4.260134652942641,71.47089195251465
-5.1119819662900525,8.096779286879451,5.26846653163531,-1.2420163647034892,2.708205451240468,3.8714044081939027,-0.24563511755271578,-0.0019114868034959946,-0.009706894926842131,-0.9693118752155792,-0.1463537263499746,0.02878351669154089,0.13268776863703272,-0.00010716280414158064,0.00018119728366627896,-0.17947917222045362,2569,726000000,21.3,0,2,2,-4.495345803090562,6.218909840986222,4.260134652942641,71.7189736366272
-5.181671272677615,8.11436158623374,5.357113789597273,-1.2236541197789417,2.6931644648387985,3.89275192519661,-0.2595620787842511,-0.0020324362513532116,-0.009667833215362177,-0.9656758925545373,-0.14608987257405434,0.028283550861109914,0.13274134530709153,-0.00024491019843253525,0.00021127020914946115,-0.18038020352832973,2569,860000000,20.12,0,2,2,-4.517409239574829,6.31238048641548,4.360695018031764,72.01418161392212
-5.181671272677615,8.11436158623374,5.357113789597273,-1.1969422512763817,2.669808627265954,3.9247786818127683,-0.2805244318048578,-0.0022083888077720527,-0.009603461504096035,-0.9597963011527886,-0.14558133202768087,0.027448834622132007,0.13279280253683967,-0.0003182367208864889,0.0002565028779599743,-0.1823840182623826,2570,28000000,18.77,0,2,2,-4.52750355615046,6.3509660071082,4.403722280852948,72.41705632209778
-5.2530557095740935,8.12775047361449,5.445041867912629,-1.1818398050504169,2.6557646710149694,3.943471430268408,-0.29278807800170215,-0.0023062538940355867,-0.009559337265212473,-0.9561267916150532,-0.1452577789906418,0.026953782483915983,0.1328821773625389,-0.00028498196797954733,0.0002850678242793947,-0.1832042311434634,2570,259000000,16.76,0,2,2,-4.52750355615046,6.3509660071082,4.403722280852948,72.64055466651917
-5.326030373087438,8.136940756034273,5.53207369113335,-1.1691849421900407,2.643486636740043,3.9595027038684396,-0.303303614622396,-0.002390379475372289,-0.009523752793140702,-0.952843377253412,-0.14496650537972655,0.026533426531531512,0.13295198273581937,-0.00023705340055357738,0.00028650449621636653,-0.18409932381473482,2570,397000000,15.6,0,2,2,-4.52750355615046,6.3509660071082,4.403722280852948,72.86268448829651
-5.326030373087438,8.136940756034273,5.53207369113335,-1.1547680443330435,2.628893564195611,3.978215243483736,-0.3155958191816555,-0.002489997695349327,-0.009484372404398157,-0.9488430457702852,-0.1445926893435261,0.02601865150626806,0.13302650127472124,-0.00018558667846946264,0.0002761548103080713,-0.18521820893511176,2570,526000000,14.63,0,2,2,-4.52750355615046,6.3509660071082,4.403722280852948,73.11022639274597
-5.400487608599136,8.141936316943644,5.618033988749894,-1.1348295770957426,2.607564132005291,4.00496298165796,-0.33320454022345886,-0.002635942149181688,-0.009431104312368899,-0.942803712580147,-0.1441384199805698,0.025233780588279308,0.1331216012382408,-0.00011966976458666068,0.0002581775390808616,-0.18706660339375958,2570,666000000,13.52,0,2,2,-4.572336531722819,6.500320139296257,4.578236017308687,73.44431519508362
-5.400487608599136,8.141936316943644,5.618033988749894,-1.1213341331010953,2.592314780856452,4.0236958318457425,-0.3455742513734197,-0.002740834648277399,-0.009395513226505715,-0.9383403694525467,-0.1437358110448693,0.024573325426427477,0.13318115695260344,-7.382334175076721e-05,0.00024569017966769024,-0.1884032113594003,2570,864000000,12.0,0,2,2,-4.587890498374797,6.545302229627451,4.6335782676293595,73.67641711235046
-5.47631735752994,8.142750146300394,5.702749648162685,-1.1082294201628968,2.5768157758110566,4.042435501939388,-0.35795538374349123,-0.002845638351408632,-0.009348065869992601,-0.933687559762854,-0.1433680332686716,0.02398421295413336,0.13323637582140344,-0.00038553068293367687,0.00014137993957774597,-0.18952312966575846,2571,10000000,11.0,0,2,2,-4.59921117515065,6.576278068694838,4.672472389052484,73.928218126297
-5.47631735752994,8.142750146300394,5.702749648162685,-1.0937424311419857,2.5588032324694785,4.063859667116769,-0.3721217442938815,-0.002962231164039303,-0.009267494427148162,-0.9281329356063452,-0.14288129930925883,0.023261088204608853,0.13329544120839948,-0.0006524921388972871,0.00015133682182977282,-0.1908796126372181,2571,154000000,10.08,0,2,2,-4.610915299320621,6.606812281526896,4.711563548643275,74.17668652534485
-5.553407509066662,8.139404347423483,5.786050063307846,-1.0797895285782304,2.540501759872245,4.085290453340045,-0.3862999456367925,-0.0030732853559401574,-0.009183035189050368,-0.922322383325293,-0.14233146494022103,0.022501513914306957,0.1333476038292019,-0.0005265892525585514,0.00017908882909978274,-0.19210874452255666,2571,309000000,9.17,0,2,2,-4.610915299320621,6.606812281526896,4.711563548643275,74.45028138160706
-5.553407509066662,8.139404347423483,5.786050063307846,-1.0680281880365083,2.524263949409086,4.104047121940584,-0.3987015659551743,-0.003171969354922761,-0.009115480669949858,-0.9170299384030267,-0.14182731195763373,0.021846056140896557,0.13338820628516454,-0.00042797563821750373,0.0001827626874728594,-0.1930996309965849,2571,463000000,8.47,0,2,2,-4.639009137117784,6.674892834854277,4.801335682924196,74.67449688911438
-5.631644255798397,8.131930120548828,5.867767478235116,-1.055102408791682,2.5054691504634814,4.125487884409089,-0.4128683805370337,-0.0032871947628463575,-0.009044060043385614,-0.9107398638915778,-0.14123198007300455,0.020987164517034758,0.13342971298422465,-0.0003251762421996318,0.0001848468627940747,-0.1944513467606157,2571,597000000,8.07,0,2,2,-4.639009137117784,6.674892834854277,4.801335682924196,74.9551944732666
-5.631644255798397,8.131930120548828,5.867767478235116,-1.0442401446847633,2.488834038283188,4.144251793557682,-0.4252734730294153,-0.0033902420543679554,-0.008986006576040071,-0.9050139397170228,-0.14073853378306217,0.020256173633390922,0.13346227924675527,-0.00024667803444344827,0.0001871719447876785,-0.19579746294766665,2571,761000000,7.9,0,2,2,-4.667082723120302,6.7365096738966805,4.885981762164263,75.19036936759949
-5.71091245220216,8.12036772306612,5.947737324945997,-1.033804834798296,2.4720222151102926,4.16301846974996,-0.4376732443114052,-0.0034952982754711194,-0.008930991789138447,-0.899082950282985,-0.14024270189420926,0.01956046525585966,0.13349177810631369,-0.0001804953171813395,0.00018519313869092002,-0.1968897704500705,2571,908000000,8.04,0,2,2,-4.680766793236847,6.764506401488563,4.925594938117254,75.4386236667633
-5.71091245220216,8.12036772306612,5.947737324945997,-1.023803049886235,2.4550474205542736,4.181792000854245,-0.45005791146262897,-0.0035967424475298127,-0.008867415050521868,-0.892948099681042,-0.1396811947104671,0.018822362687777313,0.1336139073405699,-0.0004726684977640616,0.00018200281175495547,-0.19802285096375272,2572,46000000,8.44,0,2,2,-4.69485300766812,6.792000664831102,4.965336211280672,75.66491627693176
-5.791095974912476,8.104766406478063,6.025798554811812,-1.015576003886872,2.440384990043926,4.197900975602731,-0.46066384470389876,-0.003680624929997756,-0.00880574297053026,-0.8875233710012845,-0.13919263310958635,0.0181288452015431,0.13376273467362704,-0.000396298966620634,0.00017687085858142382,-0.1990938457311131,2572,176000000,9.02,0,2,2,-4.69485300766812,6.792000664831102,4.965336211280672,75.8867917060852
-5.791095974912476,8.104766406478063,6.025798554811812,-1.0063760987390453,2.4231570186277698,4.21671442497545,-0.4730268393610134,-0.003781239748215026,-0.0087378204192936,-0.8809965731853994,-0.13863021274941772,0.017299210357190013,0.13392142229038423,-0.00030420551127008366,0.00017079901653005436,-0.20030168088851497,2572,308000000,9.76,0,2,2,-4.69485300766812,6.792000664831102,4.965336211280672,76.1455385684967
-5.872078083707181,8.085184330185637,6.101793962904205,-0.9976069171635532,2.4058103611799284,4.235546955252511,-0.48536798109918133,-0.0038846451665263413,-0.008673619069051466,-0.8742583146804379,-0.13804140249091662,0.016394341670649095,0.13406544361460818,-0.00022001324140319412,0.00016657386368024163,-0.2014126133872196,2572,456000000,10.71,0,2,2,-4.737129597981471,6.8677859259124565,5.079122198500188,76.38801407814026
-5.872078083707181,8.085184330185637,6.101793962904205,-0.9892625870859432,2.3883606727495623,4.254396440045154,-0.49767896268022715,-0.003990610699947892,-0.008612765446779547,-0.8673093712183289,-0.1374734799836187,0.015512656924383297,0.13419613560320426,-0.00014531182515042929,0.00016672874636469714,-0.20253835682524368,2572,594000000,11.78,0,2,2,-4.7526665210195755,6.893306199456343,5.119010079796031,76.64073061943054
-5.953741782142302,8.061688452265003,6.175570504584946,-0.9791684085528264,2.365772508024768,4.278653897114284,-0.5134669489974013,-0.004129805716035577,-0.00853813326119951,-0.8580569545621444,-0.1368126309766272,0.014403561230079983,0.13434660469001541,-6.574173934126293e-05,0.00017001859333731772,-0.20407558768056333,2572,735000000,12.96,0,2,2,-4.768613693764075,6.918281199198056,5.1589663839137945,76.90765738487244
-5.953741782142302,8.061688452265003,6.175570504584946,-0.9718068027615674,2.348099849414619,4.297536148983812,-0.5257137714539406,-0.004240162382626964,-0.008482331720254293,-0.8506086653539513,-0.13622673208164868,0.013475501818177239,0.13445138742494966,-9.152325830541486e-06,0.00017558435985165488,-0.20535607618512586,2572,896000000,14.58,0,2,2,-4.789786012952329,6.949547277770027,5.210484229729032,77.14828753471375
-6.035970176772812,8.034354397463265,6.246979603717467,-0.9648779260406302,2.330354569188902,4.316436026173329,-0.5379199201480074,-0.004344541948421156,-0.008415912910238021,-0.8429427364139908,-0.13561770465378,0.0125809407292606,0.13465508017988478,-0.0003124488500816369,0.0001748677888713246,-0.20642675372073427,2573,38000000,15.91,0,2,2,-4.806734865175202,6.973211750783148,5.2505969420639715,77.39056181907654
-6.035970176772812,8.034354397463265,6.246979603717467,-0.9583811651781143,2.3125437765219132,4.335364194715173,-0.5500747476914967,-0.0044406835884322066,-0.008337760502493267,-0.8350619941245121,-0.13508540288003087,0.011609797918046973,0.1348350675538657,-0.0004055169370076328,0.00021282763782437542,-0.2074374453513883,2573,184000000,17.29,0,2,2,-4.806734865175202,6.973211750783148,5.2505969420639715,77.61585903167725
-6.118646833902687,8.003266302701505,6.315877451879425,-0.9523024341538042,2.294673514652612,4.354310778155371,-0.5621736780794346,-0.004534596945291867,-0.008260758789142522,-0.8269655089357786,-0.13452565132183875,0.01058535780997642,0.13497273537030738,-0.0003054519623901797,0.00023586608222103678,-0.2085357264149934,2573,317000000,18.72,0,2,2,-4.841897202975595,7.01880273070361,5.330943867192086,77.8505346775055
-6.118646833902687,8.003266302701505,6.315877451879425,-0.9466444787180219,2.2767631314457413,4.373270530922896,-0.574218704328554,-0.00462814065488675,-0.008181879871655183,-0.818647980975389,-0.1339086293368855,0.00958033833955897,0.1350441497321746,-0.0003892799583127271,0.0001918745482498707,-0.2096415526466444,2573,462000000,20.18,0,2,2,-4.841897202975595,7.01880273070361,5.330943867192086,78.10033321380615
-6.201656132817683,7.968516640433846,6.382125297973729,-0.9414152148681564,2.2588223017068096,4.39223445025865,-0.5862002029688771,-0.004724512440173614,-0.008100823512596857,-0.8101119537939601,-0.1332715436399229,0.008630113578907998,0.13508494519304745,-0.0002912757054218673,0.00015818672380873977,-0.2106609259499237,2573,607000000,21.66,0,2,2,-4.841897202975595,7.01880273070361,5.330943867192086,78.33000230789185
-6.201656132817683,7.968516640433846,6.382125297973729,-0.9366144972082829,2.240860117436022,4.4112037823740335,-0.5981127200158581,-0.0048205246419757986,-0.008018495373160059,-0.8013573737286993,-0.13266181455791612,0.007580876499405917,0.13517006027269313,-0.0003759392399160788,0.00019054545674634937,-0.21175934234634042,2573,739000000,23.18,0,2,2,-4.841897202975595,7.01880273070361,5.330943867192086,78.58838820457458
-6.284883614466956,7.930206020270921,6.445589727654783,-0.9322253806349341,2.222883583568212,4.430185519329158,-0.6099604658779996,-0.00491383528773835,-0.007936906747123738,-0.7923768609695427,-0.1320981818917534,0.0065448522997317475,0.13527683044353161,-0.00027824309540847025,0.00022008388924632527,-0.21299792861100286,2573,893000000,24.72,0,2,2,-4.841897202975595,7.01880273070361,5.330943867192086,78.80698490142822
-6.284883614466956,7.930206020270921,6.445589727654783,-0.9288008093955212,2.207463432021806,4.4464651961187505,-0.6200599345967567,-0.004995706159455885,-0.007870439493734855,-0.7844990609363466,-0.1316186680126381,0.00572943899642977,0.13536025670847016,-0.0002053946658975292,0.0002265956482006004,-0.21395070652943105,2574,26000000,26.28,0,2,2,-4.841897202975595,7.01880273070361,5.330943867192086,79.03343272209167
-6.368216324575463,7.888442969334668,6.506142932007221,-0.9252025012050248,2.18946710199627,4.46546828173058,-0.6317688241008558,-0.005093743490630884,-0.00779563438672449,-0.7751009190782719,-0.1310971558281783,0.004738531506487839,0.13544918163234781,-0.00012909000091099188,0.00022658076801462812,-0.21501883456949145,2574,152000000,27.63,0,2,2,-4.953603290976402,7.13886299057258,5.564293810283984,79.27102017402649
-6.368216324575463,7.888442969334668,6.506142932007221,-0.9220162756954604,2.1714674842274837,4.484483004321759,-0.6433951434074585,-0.005191777907641766,-0.007718076593898201,-0.7654777372174479,-0.13056367227407556,0.0036557832924244823,0.13557609198971227,-0.00023042057790689796,0.00018175816194343497,-0.21621274936478585,2574,293000000,29.23,0,2,2,-4.973861325647617,7.157343428984,5.603490082542944,79.49563336372375
-6.368216324575463,7.888442969334668,6.506142932007221,-0.9196051012891902,2.156049168677723,4.500795820595041,-0.6533099050985771,-0.005276822549953156,-0.007647552813991461,-0.7570335778417105,-0.13014260601396557,0.0025717899037691555,0.13570408036273113,-0.0001549230852049277,0.0001649380479307183,-0.2183819844503887,2574,418000000,30.85,0,2,2,-4.973861325647617,7.157343428984,5.603490082542944,79.73028373718262
-6.451543150187733,7.8433436918687205,6.563662964936059,-0.9171274186865218,2.138067503700305,4.519842808082987,-0.6648914251482103,-0.005380642634242199,-0.00756778448683204,-0.746882300022691,-0.12974182224571737,0.001094010947525908,0.13584117995757994,-5.522891477482972e-05,0.00016481876627949532,-0.221321739081759,2574,556000000,32.27,0,2,2,-4.973861325647617,7.157343428984,5.603490082542944,79.96230697631836
-6.451543150187733,7.8433436918687205,6.563662964936059,-0.9147370268020505,2.1175297149521053,4.541631707550869,-0.6780817139303486,-0.005499160077495761,-0.007475052774830196,-0.7349279366425909,-0.12924592192933365,-0.0005350770513597088,0.13603704304893738,-0.0001335778293309886,0.00020192545235886428,-0.22348305501509458,2574,694000000,33.91,0,2,2,-4.973861325647617,7.157343428984,5.603490082542944,80.21866059303284
-6.534755148665063,7.795031808684679,6.618033988749895,-0.9130412706593317,2.0995832808535946,4.560721703971714,-0.6895332959085224,-0.005600787117435158,-0.007393891910913761,-0.7241945839203748,-0.12875091237824193,-0.001974118009621704,0.1362218133863296,-4.156708365288253e-05,0.00022280308229483126,-0.2248531047371216,2574,843000000,35.85,0,2,2,-5.058250718118324,7.225171348276192,5.757787375426212,80.45800399780273
-6.534755148665063,7.795031808684679,6.618033988749895,-0.9117143817607548,2.0816723861560362,4.579833009972882,-0.7008756259196863,-0.005705697746356435,-0.007315804054169059,-0.7132231635441714,-0.12820945412839055,-0.003349241704380218,0.13638962279307554,3.9982066392038607e-05,0.00022665339827199205,-0.22597651259275153,2574,980000000,37.56,0,2,2,-5.058250718118324,7.225171348276192,5.757787375426212,80.71562242507935
-6.61774586818253,7.743638077079121,6.669146507442605,-0.910744100591453,2.063801297704861,4.598965896611424,-0.7121517372943009,-0.005809638044440765,-0.007234374998626941,-0.7019642547828777,-0.12776003640177377,-0.005132462968156784,0.13659491896302098,-5.050789102511999e-05,0.00022106859205450746,-0.22986910335021093,2575,127000000,39.29,0,2,2,-5.102473668938374,7.255386010157361,5.833237541634171,80.95717906951904
-6.61774586818253,7.743638077079121,6.669146507442605,-0.9100726441554046,2.0459577889774874,4.61812476725305,-0.7234423619662345,-0.005916693316461758,-0.007150214325301556,-0.6903224001059336,-0.12735213915141735,-0.0070988270547679725,0.13680821934773477,6.35646451030425e-05,0.00019571021283582013,-0.23300033499253914,2575,271000000,41.04,0,2,2,-5.102473668938374,7.255386010157361,5.833237541634171,81.18087410926819
-6.700411658799133,7.689300091909045,6.716897587203731,-0.9097038161275703,2.028140744453344,4.6373114441683,-0.7346813315897336,-0.006031676893239814,-0.007066250230395406,-0.678348751008707,-0.12697481814202477,-0.009137048932145144,0.1370939202169591,0.00017040456441463903,0.00011937140627082954,-0.23656220437260345,2575,408000000,42.83,0,2,2,-5.148014336795795,7.283084024917671,5.907417803833811,81.43150806427002
-6.700411658799133,7.689300091909045,6.716897587203731,-0.9096431394954854,2.0078067263860073,4.659288867554913,-0.7474827414371055,-0.006161438949453209,-0.006958397544554554,-0.6642162062366088,-0.12650015852794091,-0.011453167778832127,0.1374649084789064,-6.802285330564928e-05,0.0001369522024674552,-0.23959407553775236,2575,547000000,44.65,0,2,2,-5.171272312182612,7.295987544744622,5.944004597493043,81.69067311286926
-6.7826519732040484,7.632161968564601,6.761191063713475,-0.9099082389333818,1.9900417159340376,4.6785663822653785,-0.7586021981522758,-0.006272554539485592,-0.00685982916936343,-0.6514877610223014,-0.1261512353330854,-0.013742609201306965,0.13787521386115567,6.651933812662492e-05,9.417717308224383e-05,-0.24339948286069557,2575,705000000,46.77,0,2,2,-5.171272312182612,7.295987544744622,5.944004597493043,81.94618010520935
-6.7826519732040484,7.632161968564601,6.761191063713475,-0.9106432970501082,1.967215560140947,4.703430196193034,-0.7728178173917293,-0.006429794662509691,-0.006733293473310162,-0.6345596438645336,-0.1256959751519247,-0.016809847868447542,0.13840031212708398,0.0002380711535465707,5.44426601578607e-05,-0.24747145653236657,2575,852000000,48.65,0,2,2,-5.171272312182612,7.295987544744622,5.944004597493043,82.22185134887695
-6.864369656274056,7.572374008627096,6.801937735804837,-0.9115419208879773,1.9494788630211255,4.72282373872619,-0.7837483434908878,-0.006560120769080714,-0.0066360171069065185,-0.621008423588393,-0.1253061439965593,-0.01896668030743236,0.13876736428578035,0.00034292285420178814,4.902228063485836e-05,-0.24965844058897346,2576,24000000,51.12,0,2,2,-5.171272312182612,7.295987544744622,5.944004597493043,82.46739053726196
-6.864369656274056,7.572374008627096,6.801937735804837,-0.9129718022187926,1.9292447802034816,4.745040759096996,-0.7960304773200637,-0.006714337730818509,-0.00652537818162869,-0.6051841176749557,-0.12478448365455437,-0.021161652684430918,0.13914661456640198,0.00043138786907093163,5.083516114723352e-05,-0.2509387180907652,2576,169000000,53.07,0,2,2,-5.171272312182612,7.295987544744622,5.944004597493043,82.71395540237427
-6.945471222611875,7.510092349047391,6.839055545102902,-0.914601019225135,1.911589414231581,4.764522502573643,-0.8065548174870935,-0.006848203383114025,-0.0064334155557399285,-0.5910846298653619,-0.12430526096963881,-0.022949929094893705,0.13944522910118984,0.0004828106398235832,0.00026002758488630207,-0.25171246379613876,2576,323000000,55.32,0,2,2,-5.171272312182612,7.295987544744622,5.944004597493043,82.957763671875
-6.945471222611875,7.510092349047391,6.839055545102902,-0.9166029647839165,1.8939901539119488,4.784039571564374,-0.8168576079234732,-0.006975495024286688,-0.006351176792125378,-0.5767622156487563,-0.12383444324353551,-0.024537357339967696,0.13971429717777914,0.0005108452910462802,0.00038940605406878603,-0.25237351655960083,2576,470000000,57.3,0,2,2,-5.331238426276182,7.365268470975781,6.17420306092645,83.19369649887085
-7.025867121271975,7.445478595724748,6.872469741279475,-0.9213429699989735,1.861467527708631,4.82037438112931,-0.8354776833455171,-0.007206058430082098,-0.006197475734543885,-0.5494421758911758,-0.1232539195043747,-0.028620113566340567,0.14032641031442786,0.00041073115824019624,0.0003379373197276436,-0.2620888000819832,2576,611000000,59.29,0,2,2,-5.356597097454795,7.373455718151895,6.207457372932767,83.62574625015259
-7.025867121271975,7.445478595724748,6.872469741279475,-0.9237575226985864,1.846374418887918,4.837210451735662,-0.844209150890449,-0.0073224919962355025,-0.0061089953926120565,-0.5359290725824502,-0.1232685523492627,-0.03239697948675426,0.14083163067527998,0.0005831277690049319,0.00016474598965032783,-0.27224987861700356,2576,861000000,63.02,0,2,2,-5.356597097454795,7.373455718151895,6.207457372932767,83.8499391078949
-7.10547198691976,7.378699442408728,6.902113032590307,-0.927550972931754,1.823532955884181,4.862560362554565,-0.8573194816699304,-0.007530095784796059,-0.005970340033410972,-0.5146950155641289,-0.12321501711239002,-0.03804535230413505,0.14158523798338987,0.001009364996207296,0.0001061622860731859,-0.2815568441292271,2576,984000000,64.84,0,2,2,-5.426713861840558,7.392510289112585,6.295052776881854,84.14627051353455
-7.184204876711098,7.309926275887015,6.9279257213917065,-0.9321107621599816,1.7978827634207692,4.890860393035473,-0.8716023167339486,-0.00778874585202683,-0.005817125303903585,-0.4901172287884445,-0.12289919832087695,-0.04353245012509702,0.14238183120991704,0.0012376119912005379,9.213253520101716e-05,-0.28649801679421216,2577,162000000,67.67,0,2,2,-5.460540618926856,7.399946406432959,6.335098766637882,84.46504402160645
-7.184204876711098,7.309926275887015,6.9279257213917065,-0.9386486964902435,1.7640240076155607,4.927890647117205,-0.88968426785446,-0.008170389320830482,-0.005604972484612937,-0.4564687640508013,-0.12269411962537793,-0.05222193847132532,0.14371986704221257,0.0014264414744502574,-4.296849342999565e-06,-0.29952413751743734,2577,360000000,70.9,0,2,2,-5.498581357171378,7.406991723578986,6.378467027849538,84.92013740539551
-7.261989492222686,7.239334768459573,6.949855824363647,-0.9436476287756089,1.740201077283976,4.9536984435265685,-0.9017725061383166,-0.008442183076404004,-0.00543772056610582,-0.43209432756398103,-0.12232701348862932,-0.0576224674761706,0.14459230219795044,0.0015597251945109747,-1.6198064756167696e-05,-0.30409508326556534,2577,628000000,75.24,0,2,2,-5.548902394054437,7.414127936338617,6.4331088864277985,85.20317816734314
-7.338754385808782,7.16710445873456,6.967859177197259,-0.9518077797820189,1.7052766490307505,4.9912299966134,-0.9184209308412329,-0.008890973756821106,-0.0052071205836807626,-0.3954703911465506,-0.12214943621338373,-0.06562436030321821,0.14603276481085176,0.002375582016611588,0.00019180061343604393,-0.3152132558170706,2577,799000000,78.34,0,2,2,-5.548902394054437,7.414127936338617,6.4331088864277985,85.65126037597656
-7.338754385808782,7.16710445873456,6.967859177197259,-0.9605312072732682,1.6724400395515993,5.0261698105980805,-0.9328896975921828,-0.009340561625890066,-0.004996842467763823,-0.3600063854992448,-0.12191813762008089,-0.07239444710058351,0.14733720940754672,0.0025038976900759735,0.00034338230534558534,-0.32153572828974575,2578,71000000,82.92,0,2,2,-5.548902394054437,7.414127936338617,6.4331088864277985,86.03114295005798
-7.414433150806786,7.093418321813691,6.981899523535869,-0.9726897624691785,1.6338505867531232,5.067227049041306,-0.948183986923564,-0.009868862613742873,-0.004743497400085259,-0.317533040367236,-0.12153055286946612,-0.07753585799857446,0.14849556096513433,0.0026195306645604433,0.0006651855528616579,-0.3226059227017686,2578,302000000,87.28,0,2,2,-5.684008455377283,7.422748964235408,6.565623048611937,86.46830368041992
-7.488964595062717,7.018462329964086,6.991948587990478,-0.9819269148105307,1.609234359758127,5.093761631563406,-0.9569955474693388,-0.010194134041849216,-0.004586622606751686,-0.28988715847388025,-0.1212971175194292,-0.07948302402199744,0.14912960105208126,0.002320942257938441,0.0008476746586438821,-0.32229297212325037,2578,589000000,92.43,0,2,2,-5.684008455377283,7.422748964235408,6.565623048611937,86.7732470035553
-7.562292897297591,6.942425004900163,6.997986133082629,-0.9898565707918752,1.5900574469768174,5.114489733493071,-0.9634570289042306,-0.010471854834972368,-0.0044606257931822085,-0.2676209941855854,-0.12192258998238163,-0.08460390589760838,0.1499952520606881,0.002984658453897282,0.0008673805155012815,-0.3392328886548057,2578,774000000,95.74,0,2,2,-5.777945900115565,7.420415947940438,6.645855345055509,87.00181841850281
-7.562292897297591,6.942425004900163,6.997986133082629,-1.0022577862410273,1.562192300720017,5.144274155896917,-0.9721450816324011,-0.01089461576234092,-0.004259064747658929,-0.23408782106892717,-0.12272095629549315,-0.09125041145617287,0.15111183962540903,0.003094201656494988,0.0010837631634785794,-0.3512200084514916,2578,911000000,98.38,0,2,2,-5.806873580567067,7.418443326055347,6.6686522297095845,87.33563327789307
-7.6343677458871,6.865496962822616,7.0,-1.0132155890410337,1.5393938970100842,5.168247372860179,-0.9785294928363414,-0.011283735935492574,-0.004092962425739274,-0.205757032957253,-0.12402731264466046,-0.09967161512879419,0.1522412289378813,0.0037708234685851494,0.0011920676911358896,-0.3708446689415723,2579,101000000,102.32,0,2,2,-5.848371442371039,7.414691897313098,6.699834292309179,87.63861346244812
-7.705144459679417,6.78787045338199,6.997986133082629,-1.0283066121235145,1.5101021057357071,5.198411567328902,-0.9855950401108499,-0.011820473599736448,-0.003849007387522507,-0.16866498882370562,-0.12488511829436795,-0.10920800499615624,0.15361188959717342,0.004229270643918426,0.0011363025237187685,-0.38215329695958644,2579,275000000,105.62,0,2,2,-5.848371442371039,7.414691897313098,6.699834292309179,87.9475166797638
-7.705144459679417,6.78787045338199,6.997986133082629,-1.047003721578708,1.477190519589169,5.231864710664585,-0.9918912936640041,-0.012464483720866816,-0.0035315159025953377,-0.12642715924416748,-0.12592367450498093,-0.11875203624861694,0.1552842087915082,0.0048019327095971676,0.0012064527936672675,-0.391298794420436,2579,463000000,109.91,0,2,2,-5.848371442371039,7.414691897313098,6.699834292309179,88.33856964111328
-7.774584090529587,6.709738893751633,6.991948587990478,-1.0641892662079193,1.4502461897300103,5.259427207814136,-0.9957193704027325,-0.012988959563280666,-0.0032478275224937852,-0.09145312433500247,-0.12642446078945663,-0.12378617009065747,0.15632246364751518,0.0044726576561515685,0.0013955904705653666,-0.3906930040102452,2579,696000000,114.74,0,2,2,-5.848371442371039,7.414691897313098,6.699834292309179,88.61233615875244
-7.842653507283326,6.631296399009046,6.981899523535869,-1.083207458162156,1.4238519092049893,5.2871341320398475,-0.9983068385505928,-0.013512868284203861,-0.002954405888392549,-0.056498937863474485,-0.12712154058345498,-0.12639937859461328,0.1572464899493987,0.00459769453300396,0.0016838239616845385,-0.38838780601508915,2579,868000000,118.71,0,2,2,-5.848371442371039,7.414691897313098,6.699834292309179,88.9197850227356
-7.842653507283326,6.631296399009046,6.981899523535869,-1.1090810355757956,1.393112637991557,5.321182848907871,-0.9997979131252785,-0.014142767245372733,-0.002592945779506608,-0.01404961484046896,-0.12866993700359325,-0.12706235689825135,0.15823467626206153,0.004350913513917476,0.002000220365516725,-0.3844597900751978,2580,52000000,122.67,0,2,2,-5.848371442371039,7.414691897313098,6.699834292309179,89.29223251342773
-7.909325460998192,6.552737310035547,6.967859177197259,-1.1378837316113468,1.364509468934234,5.355415010312866,-0.9994956271575461,-0.014677815426641904,-0.0021986788235553324,0.028075235327159553,-0.1310295095896484,-0.12774611470732963,0.15908026715775367,0.004001244542450877,0.0018942687233902689,-0.3819626581389457,2580,266000000,127.45,0,2,2,-6.094694818561437,7.36955132134568,6.846417361675416,89.67908573150635
-7.974578631245801,6.47425572015198,6.949855824363647,-1.166594429736758,1.3405367134007506,5.386673026478056,-0.9976932558346601,-0.015145061223773685,-0.001791419040720328,0.06614820632779206,-0.13371813745769176,-0.12882551553713084,0.15977076031753826,0.003631720937846694,0.0017120839856943348,-0.38142993580549955,2580,490000000,132.19,0,2,2,-6.142238942762306,7.3567522451165885,6.86728606766494,90.01888585090637
-7.974578631245801,6.47425572015198,6.949855824363647,-1.201105953145834,1.3151288764414968,5.42128287418836,-0.9936646642843325,-0.01575627086532224,-0.0012779465535513942,0.11126833212432613,-0.1356696767651575,-0.14356565282351536,0.16167956158746016,0.005130273848408251,0.002305543921465869,-0.4315219906857237,2580,696000000,136.46,0,2,2,-6.142238942762306,7.3567522451165885,6.86728606766494,90.3858151435852
-8.038397653394853,6.396045001712609,6.9279257213917065,-1.250005837680299,1.283032581700939,5.465759527097478,-0.9846965578440239,-0.016615955247691234,-0.0004845559226005734,0.1734830372310086,-0.13625709536641825,-0.16313848378530585,0.16410320936662373,0.005398372650233796,0.0025305743747594533,-0.45866718573961407,2580,913000000,141.51,0,2,2,-6.233462046001445,7.328809671239471,6.900637833774318,90.85091257095337
-8.10077312683108,6.318297333880579,6.902113032590307,-1.2922908115997571,1.2591378198950989,5.501008320287966,-0.9746065815916665,-0.017262785436187096,0.00021287154299078764,0.22325761362806018,-0.13559714160444494,-0.17518257889189567,0.16580430997645695,0.006825866330473218,0.0026296601618014392,-0.46471101231873035,2581,188000000,148.44,0,2,2,-6.233462046001445,7.328809671239471,6.900637833774318,91.21141719818115
-8.161701604126613,6.241203232806258,6.872469741279475,-1.3252308717710835,1.243013573414238,5.526820712139429,-0.965543525522496,-0.01786786854642252,0.0008092581572885522,0.2596262403849651,-0.13584824527301337,-0.18396932047089593,0.16726548311982467,0.0072493044626753544,0.0026491305561648915,-0.4709985398221761,2581,400000000,153.94,0,2,2,-6.342511082090499,7.28998130805854,6.928972739908588,91.47693085670471
-8.161701604126613,6.241203232806258,6.872469741279475,-1.359929827069211,1.2285115657184278,5.55279224794953,-0.9551051506478226,-0.018496233480342104,0.0014567515382414853,0.29568550594845944,-0.1368700793922207,-0.18824422206940722,0.16860515314811636,0.007922970053186873,0.002858094535440614,-0.46690642775502056,2581,558000000,157.9,0,2,2,-6.3774718731859625,7.276351245539098,6.935365707090806,91.78033995628357
-8.221185561227667,6.164951085424454,6.839055545102902,-1.4153810203943913,1.210610817844243,5.592073675627664,-0.9366305413633593,-0.019520145685598785,0.002534152778004218,0.3497653084104981,-0.14042384558800158,-0.20036079556048247,0.1710360355614087,0.00914600386749953,0.0033393195963071776,-0.4853812308283523,2581,730000000,161.74,0,2,2,-6.412427487237555,7.262172178263395,6.940459334862668,92.1533100605011
-8.279233348785443,6.08972668807787,6.801937735804838,-1.4701599155633291,1.1984148383646835,5.62842459307956,-0.9163645694660707,-0.02038599051928521,0.003623939387069121,0.3998090222607907,-0.1431344407342483,-0.21201808202709832,0.1731828318869439,0.00885552854015259,0.0034803224707502523,-0.4954633885063231,2581,962000000,167.05,0,2,2,-6.412427487237555,7.262172178263395,6.940459334862668,92.55498027801514
-8.279233348785443,6.08972668807787,6.801937735804838,-1.5283209199567007,1.1908968755824316,5.665065112680531,-0.8929463685046932,-0.021180510419013237,0.0048162381851609495,0.44963871363842123,-0.14506459336311067,-0.22345285052371308,0.17521039185455894,0.008947852256824262,0.0036138825180387357,-0.5025905789807439,2582,188000000,170.56,0,2,2,-6.512829501145605,7.218471268996261,6.947616160825009,92.91868329048157
-8.335859124810902,6.015712791162399,6.7611910637134764,-1.588815035889982,1.1890580726271056,5.701992949514257,-0.866827926942161,-0.02191521614504672,0.006107036698389192,0.4980881171813232,-0.1471131165760385,-0.23059425934799416,0.17717413199956722,0.009010654048324795,0.0036384852364790277,-0.5010743043385446,2582,412000000,170.67,0,2,2,-6.560755141500721,7.19612923142624,6.947086697482625,93.25950789451599
-8.391082768889193,5.94308865097476,6.716897587203732,-1.6515329434653536,1.193152856694324,5.739220407068863,-0.8375647654842118,-0.022609615310421362,0.007536817117732694,0.5458179781782804,-0.14880396000741788,-0.2443267389740408,0.17951149157963714,0.009427246641280362,0.003715718958119396,-0.5146475916262716,2582,621000000,167.17,0,2,2,-6.6085946832648075,7.172900653601529,6.9440197418549685,93.61417722702026
-8.391082768889193,5.94308865097476,6.716897587203732,-1.6985673921482085,1.1999931610890933,5.766470147003253,-0.8141947318278089,-0.02305596571440194,0.008656496351745775,0.5800693287700451,-0.14964156367307693,-0.2545553843988556,0.1811372624116322,0.009014984152599936,0.003730471371454769,-0.520713470177725,2582,838000000,161.95,0,2,2,-6.656362818924816,7.148810057851566,6.938444748246091,93.92222833633423
-8.444929778243836,5.8720295899248365,6.669146507442606,-1.7769872972985814,1.2186153429649849,5.811030488520485,-0.7725687614994478,-0.02368741779458417,0.010629262468096985,0.6344000581437698,-0.15039681567659696,-0.2729832689295526,0.18389211240493247,0.010355306585552171,0.0037753325841549668,-0.5311005457770079,2583,15000000,157.66,0,2,2,-6.656362818924816,7.148810057851566,6.938444748246091,94.36491537094116
-8.497431145994403,5.8027065662537485,6.618033988749895,-1.8445813503681407,1.2421045343147379,5.8490093684857625,-0.734027645678955,-0.024117015173402926,0.012439254821041367,0.6785772247118476,-0.14978977411404554,-0.28729617627011017,0.18626570884542507,0.009888668137136847,0.003833930213659187,-0.5336323869414628,2583,272000000,150.21,0,2,2,-6.747293872146539,7.100506455932988,6.920971682896823,94.72348523139954
-8.548623222003824,5.735285754374287,6.56366296493606,-1.9117210706459238,1.27311099155466,5.887210641787414,-0.6930568135874489,-0.024380948677918596,0.014301709984041872,0.7203285941659603,-0.14926173312606744,-0.29838255985335743,0.18833221241221312,0.009924591904564295,0.003728836645677802,-0.5320289172232151,2583,484000000,143.63,0,2,2,-6.747293872146539,7.100506455932988,6.920971682896823,95.08990097045898
-8.548623222003824,5.735285754374287,6.56366296493606,-1.9837762492842343,1.315708298806391,5.929129829677457,-0.6453537776576668,-0.024515388285355277,0.016463604585534326,0.7633128107953175,-0.1477478855749157,-0.31391571184232514,0.19092844810882806,0.01007139662760892,0.0035346678942005383,-0.5359773524105549,2583,708000000,136.94,0,2,2,-6.747293872146539,7.100506455932988,6.920971682896823,95.47961854934692
-8.59854755676286,5.6699281369230485,6.506142932007222,-2.058486872971826,1.372329741234071,5.974826042053873,-0.590795679832292,-0.024405225291574417,0.018870161953602606,0.8062312116618977,-0.14712331286046987,-0.3249048512201765,0.19337850269925966,0.009242775649909163,0.003259422783230548,-0.5319451505783945,2583,941000000,129.49,0,2,2,-6.893554156549365,7.016506977797988,6.874638468338255,95.91818881034851
-8.647250728809183,5.6067891095832305,6.4455897276547836,-2.106721607975567,1.4177889884489383,6.006622794559183,-0.5516246092961641,-0.024151538147145716,0.020509152508113988,0.8334904728234032,-0.14721887452748933,-0.330401067609687,0.1948522018560617,0.008275005438918015,0.003202563084414578,-0.5293522961437702,2584,205000000,121.31,0,2,2,-6.893554156549365,7.016506977797988,6.874638468338255,96.22579169273376
-8.694784156227092,5.546018099703973,6.3821252979737295,-2.147312665555264,1.4623408951656491,6.034966131405401,-0.5155059282706915,-0.023804652887098633,0.021987071081551172,0.8562730552364426,-0.14381692457716183,-0.3439153054240369,0.19646448981814785,0.008619330128567526,0.002717403094720794,-0.5377536290325224,2584,381000000,115.6,0,2,2,-6.987444695377793,6.958792011415818,6.833703549663361,96.51584959030151
-8.694784156227092,5.546018099703973,6.3821252979737295,-2.21808176827126,1.556202072166461,6.088265432151993,-0.44455233725981197,-0.02286060265815774,0.024864568496665945,0.8951158391607306,-0.13528840625089908,-0.3678101334610996,0.1996504460664364,0.008892711412045173,0.002008761248362134,-0.5419966590125114,2584,549000000,110.45,0,2,2,-7.021430443745498,6.9372146017617276,6.816780811054793,96.99091577529907
-8.741203892820776,5.487758199706242,6.315877451879426,-2.2568659234551682,1.618718242380586,6.120299673095421,-0.400230246433755,-0.02211054575441436,0.02661594169952375,0.9157611398467751,-0.12735871307781932,-0.38266015764821526,0.201469636350288,0.008945486570155481,0.002255867866551853,-0.5444935581181198,2584,842000000,100.56,0,2,2,-7.021430443745498,6.9372146017617276,6.816780811054793,97.28832149505615
-8.786570409599188,5.43214581622669,6.246979603717468,-2.2921844351456553,1.6854708630336375,6.152344778534882,-0.35495721897989374,-0.02125196293087301,0.028342602159185236,0.9342111237126705,-0.11889198232475129,-0.3952304385924098,0.2030897189959325,0.008809013979771407,0.00227791733777849,-0.5426483985502273,2585,21000000,94.52,0,2,2,-7.122898649024829,6.870676479909932,6.759737914271117,97.60389995574951
-8.830948362253947,5.379310335909869,6.175570504584947,-2.327437192939952,1.7720426470150608,6.191630497809617,-0.29568251204700147,-0.020259920403256786,0.03058792528653668,0.954581461438202,-0.12160326690716146,-0.39576767554057524,0.20494265277625656,0.01001292102955631,0.006208728154888377,-0.5927226040512323,2585,214000000,88.41,0,2,2,-7.160732187165198,6.845099500117731,6.73599604848846,97.9683301448822
-8.830948362253947,5.379310335909869,6.175570504584947,-2.3437256875111916,1.829457383132336,6.216731536485262,0.2543513344436487,0.019579126090692785,-0.03192210555323597,-0.966386587068192,-0.12292058211946935,-0.3962683458435675,0.20579969633985346,0.008257537865574704,0.007838507463020505,-0.628506945213303,2585,429000000,80.51,0,2,2,-7.160732187165198,6.845099500117731,6.73599604848846,98.20341634750366
-8.874406345352918,5.329373808715595,6.101793962904206,-2.3581381473103256,1.9138286551567563,6.252642302592905,0.19122305760155855,0.01839915974833957,-0.033540919056630064,-0.980800805419175,-0.1167046590760287,-0.40201346638789087,0.20554772307736896,-0.0143835613016563,0.006379875094353338,-0.6463692698162049,2585,562000000,75.07,0,2,2,-7.160732187165198,6.845099500117731,6.73599604848846,98.55569314956665
-8.874406345352918,5.329373808715595,6.101793962904206,-2.3738135680687,1.9836004536618697,6.279534426723822,0.15046831397796762,0.01575976664210492,-0.03089719556381864,-0.9880062143277768,-0.008536154699496862,-0.45235342848688614,0.18972268928362326,-0.042859789391513914,-0.017354141346004326,-0.43621220102068037,2585,770000000,66.84,0,2,2,-7.160732187165198,6.845099500117731,6.73599604848846,98.80922770500183
-8.917016634011365,5.282450649562469,6.0257985548118125,-2.401991517941866,2.0620219768782277,6.306795219524473,0.12461485253458537,0.012377056707662431,-0.02881523458495891,-0.991709447999187,0.05445994473232628,-0.4384935985773638,0.17291970194433887,-0.025392276620550547,-0.03031443320651306,-0.15573239215882495,2585,936000000,61.41,0,2,2,-7.310826282410277,6.739783494955853,6.628936532598524,99.08628249168396
-8.95885491383951,5.238647359080432,5.947737324945998,-2.4263519142984724,2.118929879749902,6.326405769127929,0.11861179202277561,0.009845071216999237,-0.027463102864381216,-0.9925120126965408,0.07988825314996258,-0.418225135241001,0.16096012576867552,-0.023787797908880748,-0.03069734993914608,-0.042388058864162304,2586,101000000,57.68,0,2,2,-7.310826282410277,6.739783494955853,6.628936532598524,99.32511878013611
-8.95885491383951,5.238647359080432,5.947737324945998,-2.4635116757286615,2.1944710267316947,6.352337650927953,0.11745579583669785,0.006701562380947134,-0.025634487250825157,-0.9927245832301169,0.09788092104641621,-0.3886864310724334,0.14581488424670902,-0.021216731511231046,-0.02664804687810829,7.400425605652572e-05,2586,252000000,56.44,0,2,2,-7.376840873130639,6.691703470733232,6.5755327284732505,99.66513299942017
-9.0,5.198062264195162,5.867767478235117,-2.4966964977543005,2.256430677627371,6.373934667323594,0.1160306457409091,0.004402166288363672,-0.024083855347765044,-0.992943844380187,0.09944331914390464,-0.3560463670692686,0.1340513190372853,-0.020307661725382786,-0.02019265066337539,-0.027575976309890393,2586,457000000,55.53,0,2,2,-7.421922020558814,6.658314126192497,6.536963038531649,99.94592881202698
-9.0,5.198062264195162,5.867767478235117,-2.5284004328212153,2.313104959292967,6.3941268828807765,0.11106751738847315,0.00257692014181052,-0.02247970650534844,-0.9935552470090312,0.1007039673373992,-0.32795845470632207,0.12378446363416304,-0.01986267070606118,-0.014132676733424887,-0.0805971743830014,2586,631000000,54.79,0,2,2,-7.421922020558814,6.658314126192497,6.536963038531649,100.24730944633484
-9.040533546240905,5.160785279215,5.786050063307848,-2.558501241230633,2.365535051021256,6.413083459218912,0.1009791889444917,0.001170830855516572,-0.02091748497400821,-0.9946679302046397,0.1030947534860311,-0.3043389346958746,0.11502612421693603,-0.018292678032594267,-0.009120363301917678,-0.13765838812105358,2586,806000000,53.62,0,2,2,-7.421922020558814,6.658314126192497,6.536963038531649,100.52782249450684
-9.040533546240905,5.160785279215,5.786050063307848,-2.590191333576234,2.4197668521400097,6.432895077975812,0.08455358532905372,-5.215432590702229e-06,-0.019342668981822037,-0.9962311741445662,0.10814274664030236,-0.2804953447847072,0.10677953733652804,-0.015290264491341077,-0.005376700801207335,-0.18546077917562798,2586,978000000,51.88,0,2,2,-7.527539198340115,6.578589435279925,6.440062997378893,100.87591695785522
-9.080539744799685,5.126897688037298,5.702749648162686,-2.6173081381895336,2.465389985588451,6.449757875971138,0.06630746380307029,-0.0008148718125023727,-0.018092035530145812,-0.9976348703199531,0.11353443132558502,-0.26029339445921346,0.10049228883645185,-0.013689124352822546,-0.0033934667271751096,-0.21492035157280043,2587,187000000,49.37,0,2,2,-7.527539198340115,6.578589435279925,6.440062997378893,101.17148280143738
-9.120105018100498,5.096471948035492,5.618033988749896,-2.640357119418519,2.5037154879527015,6.464082066664595,0.048050204990840895,-0.001387987944653753,-0.01710414981385973,-0.9986975014232029,0.11825247976312112,-0.2433037261273289,0.09568362579834433,-0.011682484364428092,-0.0017705947243484843,-0.23907766008051112,2587,358000000,46.72,0,2,2,-7.603900071564403,6.519910057100378,6.364461240540464,101.44717264175415
-9.120105018100498,5.096471948035492,5.618033988749896,-2.662435897925688,2.5401813376049076,6.477863123527446,0.028631294560734266,-0.0018613380704795924,-0.016220979332678725,-0.9994566845150681,0.12232314903388668,-0.22761060169099898,0.09152315467631962,-0.010208744151896099,-0.001295099536946509,-0.24454457743559033,2587,519000000,44.15,0,2,2,-7.635854989203036,6.4951493520002535,6.331449073322384,101.74876880645752
-9.159317703191736,5.069571516131274,5.532073691133351,-2.6835494274588303,2.5750651931653636,6.491165566110825,0.00908992565513278,-0.0022841263216561982,-0.015409676475385575,-0.9998373357148925,0.12541416973396277,-0.21379490828384667,0.08785599870096804,-0.00931441345528583,-0.0012242854381838697,-0.24380561371799558,2587,696000000,41.46,0,2,2,-7.635854989203036,6.4951493520002535,6.331449073322384,101.9972460269928
-9.159317703191736,5.069571516131274,5.532073691133351,-2.701244948690662,2.604520260580939,6.50245382877601,-0.007914699603266462,-0.0026290364058284277,-0.014755991096562997,-0.9998563428935803,0.12749887071250954,-0.20318540117643358,0.08504713871824328,-0.008286089087050641,-0.0012918115885440784,-0.24199152539949864,2587,847000000,38.76,0,2,2,-7.699335567955139,6.445674531170389,6.2637406123268455,102.2531909942627
-9.198267729892216,5.046250697497813,5.44504186791263,-2.720602642462393,2.6371921311725997,6.515001826935279,-0.02722212048928152,-0.0030041514386131016,-0.01407678736646819,-0.9995257751992392,0.129303803573904,-0.1926995967988691,0.08221029148357353,-0.007367635635091574,-0.0013912098211221746,-0.2412467496469617,2587,995000000,36.42,0,2,2,-7.726959205498064,6.4240603361952955,6.233353552793019,102.47503900527954
-9.198267729892216,5.046250697497813,5.44504186791263,-2.7345218811247474,2.661147353232324,6.524187940725197,-0.04170219959783483,-0.003274035300291544,-0.013610935628369885,-0.9990320063305655,0.13038981889165874,-0.1859283396407641,0.08029715267911444,-0.006600913729926106,-0.0013687027717423916,-0.2419902928522788,2588,138000000,33.77,0,2,2,-7.75843912126624,6.3994005597016805,6.19797439452061,102.69973587989807
-9.237046293633338,5.026554517280455,5.357113789597274,-2.7522878637510364,2.6925404017842256,6.53616664546733,-0.061103799456106056,-0.0036132866638914126,-0.013027153253230709,-0.9980398604913678,0.1315216191144077,-0.17817056131514805,0.0780518156791952,-0.006240306902327575,-0.0013025050179749087,-0.24386575823882595,2588,272000000,31.79,0,2,2,-7.781959069033336,6.380958046324912,6.171079677543096,102.9482741355896
-9.237046293633338,5.026554517280455,5.357113789597274,-2.7670823892257803,2.719634124502254,6.546429474149233,-0.07820567490030361,-0.0038936857391928736,-0.012561455130305085,-0.996850501063104,0.13238982744025712,-0.17237077083275726,0.07638557375373688,-0.005227081737757544,-0.0012338208307483,-0.24590896209701896,2588,418000000,29.15,0,2,2,-7.781959069033336,6.380958046324912,6.171079677543096,103.17983365058899
-9.275745524000433,5.010518615660784,5.268466531635312,-2.783139595557169,2.7503115877112383,6.557943548671028,-0.09789191402710168,-0.004198992192610747,-0.01207693975857997,-0.9951149125396244,0.13329970826079318,-0.16673066901246852,0.07471029351698802,-0.00474761081932229,-0.0012064185625604296,-0.2480672119418159,2588,568000000,26.84,0,2,2,-7.781959069033336,6.380958046324912,6.171079677543096,103.4310450553894
-9.275745524000433,5.010518615660784,5.268466531635312,-2.7964395380420024,2.7770017841223287,6.56785213923847,-0.11522418311384969,-0.004455374691723217,-0.011685198983254196,-0.9932607882056073,0.13403566984405751,-0.1624544961654914,0.07345915079496282,-0.0041709809465828585,-0.00115079074021196,-0.2499045804142952,2588,716000000,24.21,0,2,2,-7.871550366122249,6.310741876728326,6.064862945145252,103.68075942993164
-9.314458149989589,4.998169166528449,5.179278617806868,-2.8090302833545797,2.80361452473281,6.577625386572161,-0.1326417536190284,-0.004700901748103339,-0.01132604201802638,-0.9910881835093329,0.13468223498235865,-0.15872788825536038,0.07229961735606034,-0.003636292603914626,-0.0010677270438463893,-0.25156722986139357,2588,868000000,21.93,0,2,2,-7.871550366122249,6.310741876728326,6.064862945145252,103.91815233230591
-9.314458149989589,4.998169166528449,5.179278617806868,-2.8225314494283977,2.834002338186677,6.588636033482247,-0.15267045767614812,-0.004965043342383517,-0.010944542213236652,-0.9882040764403404,0.13537699358870955,-0.15500892909277045,0.07108740240594608,-0.003272492949690786,-0.0008870521128301334,-0.2546189207350835,2589,10000000,19.68,0,2,2,-7.925635974029132,6.268553201115514,5.998127885581261,104.16509866714478
-9.353277163006274,4.989522819963038,5.089729660701031,-2.8335545544306213,2.8606128757807494,6.598147851251032,-0.1703536870737457,-0.005177321323548974,-0.01063734502016827,-0.9853119625454747,0.1359629604572809,-0.15217903574763936,0.07019785781096632,-0.0028060159593223943,-0.0006457007600602083,-0.25710971967782825,2589,164000000,17.16,0,2,2,-7.925635974029132,6.268553201115514,5.998127885581261,104.40379095077515
-9.353277163006274,4.989522819963038,5.089729660701031,-2.8438175589555184,2.8872803015681,6.607563961492591,-0.18814939115696316,-0.005372521724503692,-0.010351055636886056,-0.9820711777996469,0.13650513359747543,-0.1497187091702586,0.06941971901861657,-0.0025515827928757062,-0.000507723433429419,-0.25983233645092696,2589,307000000,15.04,0,2,2,-7.925635974029132,6.268553201115514,5.998127885581261,104.64860272407532
-9.392295478639225,4.9845866686656395,5.000000000000001,-2.853301037912636,2.9140305276932685,6.616893579921027,-0.20607270594517868,-0.005558952328402741,-0.010090686812669777,-0.9784688630473076,0.13707222072356703,-0.14752775196766332,0.06872077390113115,-0.001967943876479694,-0.0003697090448895324,-0.2623845619382337,2589,448000000,13.04,0,2,2,-7.925635974029132,6.268553201115514,5.998127885581261,104.86879062652588
-9.392295478639225,4.9845866686656395,5.000000000000001,-2.863166535742227,2.9447194311754257,6.62746035475731,-0.22665898907686582,-0.0057613782810095795,-0.00982065600651552,-0.9739076259618045,0.13766832014311506,-0.14528598294023415,0.06800876281612206,-0.001772095720298239,-0.0002863330877289627,-0.26458345528226346,2589,581000000,11.26,0,2,2,-7.925635974029132,6.268553201115514,5.998127885581261,105.12286925315857
-9.431605598247117,4.983358238416682,4.910270339298971,-2.8698632816198066,2.967822761065567,6.635324737984259,-0.24213960646562382,-0.0059084535023319965,-0.00962467448577263,-0.9701756886249657,0.13808662634749316,-0.14382851885468076,0.06752649611101717,-0.0016396822161368618,-0.0002720389289834202,-0.266142821055837,2589,737000000,9.66,0,2,2,-7.925635974029132,6.268553201115514,5.998127885581261,105.34962511062622
-9.431605598247117,4.983358238416682,4.910270339298971,-2.8768961649661637,2.9948750087170604,6.644442086674795,-0.26022601188477346,-0.006077868085026401,-0.009407439164156484,-0.9654827716466303,0.1385553116770434,-0.14225952381171708,0.06705773096902665,-0.0013195585097491858,-0.00023454469442185655,-0.26775283622555435,2589,869000000,8.94,0,2,2,-7.925635974029132,6.268553201115514,5.998127885581261,105.58607077598572
-9.47129927139662,4.985825502573428,4.820721382193134,-2.8822466616180997,3.018139307975536,6.652216791636001,-0.2757447280733444,-0.006220709672637463,-0.009236340604824556,-0.9611663943996157,0.13895635931618466,-0.14104064558423787,0.06668934132245846,-0.001044604471189814,-0.00016607676798230386,-0.26920178497675806,2590,4000000,8.77,0,2,2,-8.116583255014563,6.122932792662416,5.747885517475929,105.82008028030396
-9.47129927139662,4.985825502573428,4.820721382193134,-2.887680352226838,3.045369195364931,6.661239089342663,-0.29386265233917946,-0.0063806589519869,-0.009043862576743033,-0.9557835724164827,0.1393918585450998,-0.13977882511025103,0.0663006105123575,-0.0011255831395828864,-7.821157055332151e-05,-0.2707914245547727,2590,136000000,9.25,0,2,2,-8.1393021978307,6.10612850126778,5.716680429266389,106.04559183120728
-9.511467160188488,4.991966920557292,4.73153346836469,-2.8922276671352836,3.072682910886371,6.6702156385434614,-0.3120801558888482,-0.006523892544859513,-0.008856116358641619,-0.9499920969826525,0.13994169185797384,-0.13860204549916527,0.06585991360269766,-0.0008483855310714716,0.0004149186366930735,-0.2769597544101998,2590,270000000,10.43,0,2,2,-8.1393021978307,6.10612850126778,5.716680429266389,106.26730060577393
-9.511467160188488,4.991966920557292,4.73153346836469,-2.8963399951395528,3.103992625852022,6.6803955813027915,-0.33336932636348576,-0.006649397655259262,-0.008664021670419297,-0.9427330547293185,0.1407248984513775,-0.137217788723665,0.06529733896189341,-0.0007833542554180895,0.0008086213654223684,-0.28436987195163965,2590,407000000,12.11,0,2,2,-8.192253211349556,6.067584738915881,5.642886788724056,106.52068543434143
-9.511467160188488,4.991966920557292,4.73153346836469,-2.8989682701259363,3.1314513481503483,6.68923758124569,-0.3522159813102377,-0.006750186613978352,-0.008515453109772083,-0.935855664378155,0.1415277139779692,-0.13608572991430373,0.06485858355344788,-0.000405582693474571,0.0009547331330850284,-0.2883057139115408,2590,563000000,14.46,0,2,2,-8.222491340566323,6.046004045429215,5.600084555412319,106.74920511245728
-9.552198506503384,5.001751500218027,4.642886210402727,-2.900678852458304,3.158956562419264,6.698021556481326,-0.3711498952286255,-0.006842142056531592,-0.008370054873633515,-0.9285100336266005,0.14235072675925597,-0.1349591245601062,0.0644114325945015,-0.0006032420685642137,0.0011020271927009162,-0.2919886552263051,2590,697000000,16.76,0,2,2,-8.222491340566323,6.046004045429215,5.600084555412319,106.98617696762085
-9.552198506503384,5.001751500218027,4.642886210402727,-2.9014921548006334,3.1903999829596206,6.707990693966845,-0.3928759787101349,-0.006936968779104286,-0.008205926588158998,-0.9195286872009708,0.14316366544849393,-0.1336223553176648,0.06398414267750141,-0.00044184883734033065,0.0011632239875325467,-0.2953491610242054,2590,839000000,19.22,0,2,2,-8.275386395410049,6.009069700915755,5.524080079663416,107.23010087013245
-9.593580803191154,5.015138883899101,4.554958132087372,-2.901055834912319,3.221799542314938,6.717890703612104,-0.4145679308705037,-0.007028384307101381,-0.008044596042728495,-0.9099556675917184,0.14390919830990107,-0.13243495749722584,0.06347882032042391,-0.00048314140030925046,0.0011806476436504454,-0.2971030160551891,2590,996000000,22.16,0,2,2,-8.275386395410049,6.009069700915755,5.524080079663416,107.50548243522644
-9.593580803191154,5.015138883899101,4.554958132087372,-2.8996249774410487,3.2492067038564962,6.726487846052401,-0.43350637351753213,-0.00711126485494347,-0.00791729914139364,-0.901087659668107,0.1444911261212824,-0.13147244738060335,0.06305729417014799,-0.00015574538068108268,0.0012377188568279962,-0.30032178037799895,2591,171000000,25.2,0,2,2,-8.335716353725514,5.9682777259001565,5.435930278541223,107.7285315990448
-9.635699470216313,5.032079457966313,4.467926308866651,-2.897196388788709,3.276517022014085,6.735033442287845,-0.452433482733011,-0.0071934039319905135,-0.007793056933894206,-0.8917350878515291,0.14510108106634692,-0.13064287332353475,0.06276810813947678,-0.00021212466663200757,0.001260100475519721,-0.30266810790635645,2591,303000000,27.91,0,2,2,-8.362082846892504,5.950930381349948,5.396985831507957,107.97443270683289
-9.635699470216313,5.032079457966313,4.467926308866651,-2.893754967112527,3.303711869163473,6.743540162003331,-0.47133259339569045,-0.0072702478472902315,-0.007673503010197744,-0.8818921970687144,0.14575657412685342,-0.12984371608063539,0.06241788398282866,-8.583320010302486e-05,0.0014699994380862336,-0.30649657419417053,2591,445000000,30.67,0,2,2,-8.388415495889422,5.933899110473008,5.357888192651154,108.19965362548828
-9.678637536758645,5.052514485500042,4.381966011250106,-2.8892978858421365,3.3307556083015446,6.75198932209518,-0.49026690395086714,-0.007335121167402884,-0.007560358643572831,-0.8715086917897441,0.14647913745933497,-0.12910113395228828,0.06202029006543099,-0.00016187654665600348,0.0016198779121623375,-0.3102389397099614,2591,583000000,33.47,0,2,2,-8.388415495889422,5.933899110473008,5.357888192651154,108.4489233493805
-9.678637536758645,5.052514485500042,4.381966011250106,-2.883812249148896,3.3576226869240924,6.760384035157522,-0.5091814878565303,-0.007391770439830818,-0.0074451518233369825,-0.8605952264963489,0.14724026648727098,-0.12835428115403613,0.06165922471535,-0.00023433103280012801,0.001684086498698889,-0.31356558902189136,2591,719000000,36.31,0,2,2,-8.388415495889422,5.933899110473008,5.357888192651154,108.70251274108887
-9.722475330250953,5.076376261790822,4.297250351837315,-2.8762799295374264,3.3880508514590977,6.769913527414668,-0.5307120971743047,-0.007456666923701797,-0.007315996556155147,-0.8474877841158717,0.14799499978106645,-0.12753110877663956,0.06122390003314833,-0.00013800017697462863,0.00164271560834095,-0.3162345616146922,2591,869000000,39.18,0,2,2,-8.388415495889422,5.933899110473008,5.357888192651154,108.94974064826965
-9.722475330250953,5.076376261790822,4.297250351837315,-2.868570354073997,3.414379498184525,6.778192489007136,-0.5493888604080633,-0.007518379948395288,-0.007198616362837518,-0.8355019652549848,0.14866025698154367,-0.1268581992206516,0.060856498460041895,-0.00021448259985845652,0.0014982766629145772,-0.3176506026647985,2592,16000000,42.45,0,2,2,-8.388415495889422,5.933899110473008,5.357888192651154,109.19828343391418
-9.76729017331638,5.103588292218058,4.213949936692154,-2.8598157514990956,3.4403899015424715,6.786423596592229,-0.5678650441124183,-0.007589090846636906,-0.007077485594132382,-0.8230562596645429,0.149233219904634,-0.12627031796909224,0.06057471436499673,-9.623991807927723e-05,0.0013685524322681886,-0.3187887225067243,2592,161000000,45.41,0,2,2,-8.523551204771929,5.85180022782294,5.154875580948761,109.42160987854004
-9.76729017331638,5.103588292218058,4.213949936692154,-2.850007430294409,3.466027372023249,6.794618473617996,-0.5861239326687139,-0.007666743420932191,-0.0069519091203563655,-0.8101553107632268,0.14971627119347086,-0.1257341699117675,0.06034182749648211,-0.00015484839224200186,0.0012278470194360125,-0.3199821163434535,2592,298000000,48.33,0,2,2,-8.523551204771929,5.85180022782294,5.154875580948761,109.67529511451721
-9.813156089545181,5.134065492033123,4.132232521764885,-2.837503583089108,3.4948223510512886,6.803931826906763,-0.606887432730203,-0.007756597215317096,-0.006832422947543781,-0.7947205780590108,0.1504720755312315,-0.1253323531222152,0.0599152977919956,0.0003065554864178921,0.0018589464048091031,-0.32773851708043367,2592,450000000,51.25,0,2,2,-8.575999828699203,5.822512625981623,5.0753434506869635,109.91102075576782
-9.813156089545181,5.134065492033123,4.132232521764885,-2.8254187248958944,3.519557511305586,6.812014927256197,-0.6251280384355836,-0.007812690721195508,-0.00675199508579394,-0.7804539115077428,0.1513743958584653,-0.1249663791274938,0.05952040149634882,0.000167727836242193,0.002086007225443609,-0.33308763813693076,2592,602000000,54.62,0,2,2,-8.605967953469648,5.806500541377731,5.0297918221948805,110.1594729423523
-9.860143519025664,5.167714407510702,4.052262675054004,-2.81226841180261,3.5438243562487846,6.820035133257875,-0.6432928486336665,-0.007856609598262997,-0.006669924638460651,-0.7655508452661522,0.15232769568841864,-0.12467083800867398,0.05905874739975803,3.274036988187845e-05,0.0023167641302279662,-0.3382838622201234,2592,742000000,57.62,0,2,2,-8.605967953469648,5.806500541377731,5.0297918221948805,110.39004516601562
-9.860143519025664,5.167714407510702,4.052262675054004,-2.7980511250653093,3.567568457237212,6.827981776065059,-0.6613560135360735,-0.007895122752457616,-0.0065986666751243345,-0.7500015653280377,0.15325012529105572,-0.1242312052505909,0.058588573547200026,0.0002470107631324936,0.002418524309177883,-0.3421566536417231,2592,877000000,60.64,0,2,2,-8.658399658035263,5.779778834916375,4.950053907574965,110.64498567581177
-9.908319044516041,5.204433457876391,3.9742014451881884,-2.7827976881676513,3.5907251741177886,6.835860148954473,-0.6791936204164325,-0.007937393033796565,-0.006528020824097467,-0.7338871907327217,0.154137087302928,-0.12373320932748363,0.058161435009584,8.846672514550846e-05,0.0023001211729933857,-0.34429643710609525,2593,24000000,63.69,0,2,2,-8.684594114408778,5.767038921375609,4.910227242621299,110.8795177936554
-9.908319044516041,5.204433457876391,3.9742014451881884,-2.7665218861234324,3.6132385314171955,6.843671192327324,-0.6967478612446616,-0.007978552812724212,-0.006446309746458914,-0.7172427801216663,0.15495576775734282,-0.12323194766371257,0.05767205401528008,-5.7853402901653084e-05,0.002357070252401172,-0.34713529457803816,2593,164000000,66.74,0,2,2,-8.710806296436665,5.754744067465513,4.870389696906815,111.10270833969116
-9.957745129113496,5.24411319736433,3.898206037095796,-2.7517737960657005,3.6319776425684345,6.850303050627175,-0.7115899825055095,-0.00800884182995285,-0.006378233556211023,-0.7025203722220829,0.1556343867412911,-0.1228046197740366,0.057200479728671025,-6.753137071768833e-06,0.002432246355965617,-0.3495234588626772,2593,300000000,69.8,0,2,2,-8.710806296436665,5.754744067465513,4.870389696906815,111.31519079208374
-9.957745129113496,5.24411319736433,3.898206037095796,-2.7336499993737027,3.653140961657101,6.857964818237572,-0.7286301187394775,-0.00804549837562243,-0.006303967312444221,-0.6848311324828233,0.15638775147158673,-0.12238787815883437,0.056706178794331805,2.988394935954375e-05,0.0024766909973550355,-0.3523297724314034,2593,424000000,72.43,0,2,2,-8.75947026256234,5.733082887232908,4.79660398386363,111.56273198127747
-10.008479866243734,5.286636596706112,3.824429495415054,-2.7145478953539217,3.673494589700794,6.865558872552025,-0.7453611336435582,-0.008083149694356065,-0.00622810482889853,-0.6665828184515774,0.15712282930249086,-0.12204569558072405,0.0562942112070514,-0.0001047798491526919,0.0023726678591629025,-0.3547340747900307,2593,575000000,75.49,0,2,2,-8.75947026256234,5.733082887232908,4.79660398386363,111.77822685241699
-10.008479866243734,5.286636596706112,3.824429495415054,-2.6915463413314393,3.6956985878975415,6.874154654646244,-0.7640559705924549,-0.00813166748287297,-0.006132981150507668,-0.6450695592943269,0.15801373999579382,-0.12173561491824839,0.05570452073185882,-7.001172601661665e-05,0.0023623019842489157,-0.3580798744224012,2593,710000000,78.57,0,2,2,-8.811946743877076,5.711503973201508,4.717362421388394,112.04437279701233
-10.060576742758828,5.331879343301653,3.7530203962825333,-2.6734961329125295,3.711569995487015,6.880525743369736,-0.7777882285882007,-0.00817207525921589,-0.0060646638640161794,-0.6284440376897553,0.15867958359333306,-0.12148480802675414,0.0551765849085548,-1.120759840489427e-05,0.002323333274034667,-0.3604314144467935,2593,864000000,82.08,0,2,2,-8.841979987839014,5.700008692105367,4.672241120988094,112.27082896232605
-10.060576742758828,5.331879343301653,3.7530203962825333,-2.6516083406839748,3.7291855014108597,6.887873874799749,-0.793453851994128,-0.008227602182495767,-0.0059855516006271595,-0.608545367651454,0.15942992349728735,-0.12124889782963919,0.054590844600325095,0.00019490659042276093,0.0023754170797474217,-0.3635168046457693,2593,987000000,84.71,0,2,2,-8.841979987839014,5.700008692105367,4.672241120988094,112.51467514038086
-10.060576742758828,5.331879343301653,3.7530203962825333,-2.628843341471793,3.7457786447020394,6.895134902695339,-0.80876095787733,-0.00827880037686032,-0.0059128900542766314,-0.5880494980942246,0.1602589166321285,-0.12113319384939385,0.05401269075181007,-0.00013934868263731914,0.002508277316337626,-0.3671424521598965,2594,127000000,87.78,0,2,2,-8.841979987839014,5.700008692105367,4.672241120988094,112.75249886512756
-10.114084415893515,5.379710159274142,3.684122548120575,-2.6017927715613167,3.7634233112565356,6.903329377239656,-0.8257540162387237,-0.00832929464609038,-0.005824280664009565,-0.5639388311431152,0.16114382717637163,-0.1210033620610916,0.05344025824483615,-0.00011793074534693915,0.002427689764772367,-0.3699227352626622,2594,273000000,90.86,0,2,2,-8.917115848969546,5.674028162608595,4.560197662698901,112.99267983436584
-10.114084415893515,5.379710159274142,3.684122548120575,-2.5772783845586553,3.7776419424669374,6.910421111123701,-0.8401115863639239,-0.008371830015153485,-0.0057323881623012485,-0.5423187020979869,0.16192441268387398,-0.12083798278103275,0.05295469326577844,-0.00041630994473962346,0.002247369025099033,-0.37141675711609423,2594,417000000,94.38,0,2,2,-8.947220841750639,5.664746740627266,4.515741790518591,113.25555181503296
-10.169046504790035,5.429991136564798,3.6178747020262714,-2.5556760143051527,3.788890734649592,6.9164371359383585,-0.8520289963901044,-0.0084122791880225,-0.005650992608415384,-0.5233964932552315,0.1626510629649614,-0.12081417720426257,0.05246836264722613,-0.00015072621408762643,0.002387849303886469,-0.3744291403563693,2594,569000000,97.44,0,2,2,-8.947220841750639,5.664746740627266,4.515741790518591,113.47418165206909
-10.169046504790035,5.429991136564798,3.6178747020262714,-2.5298086953220853,3.800870550032056,6.923371354760721,-0.8655199204698334,-0.008455277744806734,-0.0055668492651468286,-0.500772189460847,0.1634752572344297,-0.12088078726632152,0.051860885769656376,-0.0004502239221437776,0.0025213746766894474,-0.37794901872985065,2594,690000000,100.06,0,2,2,-8.947220841750639,5.664746740627266,4.515741790518591,113.70269894599915
-10.225501397259645,5.482578088179083,3.5544102723452173,-2.499432832951903,3.812971658309904,6.931182558772429,-0.8803303961312465,-0.008500930757573385,-0.005472711204635069,-0.47425328386393706,0.1643683292017962,-0.1209984912197974,0.05118678132997247,-0.0002285084235609247,0.002514150105525914,-0.381109889713116,2594,830000000,103.12,0,2,2,-8.947220841750639,5.664746740627266,4.515741790518591,113.97036743164062
-10.225501397259645,5.482578088179083,3.5544102723452173,-2.472218339262041,3.822118456836965,6.9379253111514805,-0.8926961778120137,-0.008549717869326888,-0.005385452047249708,-0.4505457061724405,0.16511406873415654,-0.12100891955512497,0.050654221581966474,-0.00034351571684965165,0.0023135991341405315,-0.3825809631962329,2594,980000000,106.6,0,2,2,-9.05298604515717,5.637472961680366,4.36199066799028,114.21348190307617
-10.283482072404862,5.53732091465431,3.4938570679927787,-2.444494868034209,3.829874983882515,6.944590135112606,-0.9044552325748041,-0.008601564277093347,-0.0052795377708200865,-0.42644914332305833,0.16574331648821686,-0.12100479160884152,0.0501660092783348,-0.0004308337082647995,0.0020279331465644646,-0.38340982573572546,2595,127000000,109.63,0,2,2,-9.05298604515717,5.637472961680366,4.36199066799028,114.45368504524231
-10.283482072404862,5.53732091465431,3.4938570679927787,-2.416327111010536,3.8361906869250904,6.951176663247979,-0.9156136060897124,-0.008669261716013791,-0.005172392574409461,-0.40193259957329724,0.16643517703062283,-0.12129202648458856,0.04957897668329552,8.711228360880341e-06,0.0022650876417174004,-0.3870139189530164,2595,263000000,112.64,0,2,2,-9.05298604515717,5.637472961680366,4.36199066799028,114.67812061309814
-10.343015939680622,5.5940639847794555,3.436337035063941,-2.391850241992559,3.840417743171777,6.956744977571802,-0.9247398786177204,-0.008730537195402552,-0.005098330635964464,-0.38046542765288105,0.16712777169949025,-0.12160737404120334,0.04904658642326172,-0.00011776208310720904,0.002388563052591053,-0.39011872140690684,2595,398000000,115.62,0,2,2,-9.05298604515717,5.637472961680366,4.36199066799028,114.91681265830994
-10.343015939680622,5.5940639847794555,3.436337035063941,-2.362976681837139,3.843938123594467,6.963154627750402,-0.9348165507294728,-0.008790653203169765,-0.00500548715081129,-0.35498688144337925,0.16789196997946715,-0.12189615597815033,0.048435235983336225,-0.0004314867339871853,0.0023654278493268066,-0.39245699881576,2595,533000000,118.17,0,2,2,-9.05298604515717,5.637472961680366,4.36199066799028,115.15042519569397
-10.40412469492493,5.652646529561425,3.3819660112501055,-2.3338520606792077,3.8459074245595115,6.969470721779921,-0.9442344177349937,-0.008839772209054018,-0.004901961897311272,-0.3291188137458972,0.1686139934484729,-0.12214067375850923,0.047840327649347626,-0.0005326660840410113,0.0022057036176192923,-0.39389408484566957,2595,675000000,121.12,0,2,2,-9.05298604515717,5.637472961680366,4.36199066799028,115.37318348884583
-10.40412469492493,5.652646529561425,3.3819660112501055,-2.304564845030815,3.846304644887158,6.97570050373152,-0.9529582292930284,-0.008889999274097386,-0.004781809037532955,-0.30293351653115386,0.16926924184851905,-0.1223631111446366,0.04729632127625692,-0.000594196438896688,0.0019331070461703348,-0.39452748314943165,2595,807000000,124.05,0,2,2,-9.05298604515717,5.637472961680366,4.36199066799028,115.62144207954407
-10.466824193840418,5.71290304839822,3.330853492557395,-2.275214855707764,3.845105885000834,6.981851697579708,-0.9609656695567963,-0.008953978727816067,-0.0046475387866931755,-0.2764836497542416,0.16979407946380154,-0.12259018356483282,0.046800315761416855,-0.0002826404497113799,0.0017370107457281847,-0.39514836680609733,2595,948000000,126.93,0,2,2,-9.05298604515717,5.637472961680366,4.36199066799028,115.83863592147827
-10.466824193840418,5.71290304839822,3.330853492557395,-2.2459007763716237,3.8422928780529397,6.987931078399539,-0.9682514919000971,-0.009029371297340601,-0.004503443418983718,-0.24977437395494118,0.17025299968231244,-0.12286596535076637,0.04634922072790507,-0.0003410411324011875,0.0015451685044354235,-0.39587366627529263,2596,76000000,129.76,0,2,2,-9.05298604515717,5.637472961680366,4.36199066799028,116.08950805664062
-10.531124343357522,5.774663726388456,3.2831024127962682,-2.216707561348976,3.837848531893956,6.993941862428828,-0.974807689553526,-0.009096204082665751,-0.004342747721542901,-0.2228191374205319,0.17073506217645645,-0.12328572327129979,0.045881651893617315,-0.0005656979737977963,0.0013732320098824857,-0.3967603843193501,2596,220000000,132.53,0,2,2,-9.289419160141366,5.606840668581929,4.036451131045266,116.3279025554657
-10.531124343357522,5.774663726388456,3.2831024127962682,-2.183600331627434,3.830763651156199,7.0007216027471815,-0.9813980057317462,-0.009172976934114233,-0.004145120548834388,-0.19172018364155946,0.17128437441471128,-0.12371437198916757,0.0453057987605833,-0.0004133436164011073,0.0012166543001512764,-0.39800892409402877,2596,374000000,135.24,0,2,2,-9.289419160141366,5.606840668581929,4.036451131045266,116.5801134109497
-10.597029011258085,5.837754861678575,3.2388089362865244,-2.1549392571227903,3.8227853466106847,7.0065553034561345,-0.986393993906679,-0.00926441105915003,-0.0039977116510453055,-0.16408862780251526,0.17203399680233983,-0.12486502236425864,0.04450772435539068,0.00018020615470959456,0.002218993017777393,-0.405300481361337,2596,521000000,138.25,0,2,2,-9.347259018727085,5.605805710684969,3.9616556190013843,116.82305550575256
-10.597029011258085,5.837754861678575,3.2388089362865244,-2.126602431621071,3.8130568020831674,7.01225498007588,-0.9906831416229013,-0.009355056035105141,-0.003909153428753416,-0.1358091099677371,0.17296119776472701,-0.12611052823748406,0.04366216385276468,-3.693999612863763e-05,0.0027258327236268087,-0.41095453780144453,2596,672000000,140.81,0,2,2,-9.374354831994548,5.606190842448978,3.927347425026378,117.0512204170227
-10.664535954385098,5.901999301723967,3.198062264195162,-2.0947616787735406,3.7998108753282556,7.01860993376643,-0.9946300011834655,-0.009458590314567746,-0.003820918650578392,-0.1029907587878926,0.17403151107497958,-0.1274183589432538,0.04268265477965207,9.225268975399104e-05,0.0028651290449488442,-0.4151283443206921,2596,816000000,143.3,0,2,2,-9.374354831994548,5.606190842448978,3.927347425026378,117.30261898040771
-10.664535954385098,5.901999301723967,3.198062264195162,-2.0598420573165424,3.782232447864947,7.025540316334174,-0.9977890412112302,-0.009574236016806138,-0.0037170876376568245,-0.06566236747911303,0.1752033751760957,-0.1286100531906897,0.04147778748555632,-0.00016444767609868904,0.002737865111157589,-0.41682296723593026,2596,960000000,146.01,0,2,2,-9.432669024980559,5.6088435606907705,3.855171342297765,117.60533690452576
-10.733636765710141,5.967216887318114,3.1609444548970993,-2.033506757438475,3.7666786882981316,7.030780232311696,-0.9992792893645974,-0.009654310383795838,-0.003621013537697562,-0.036531964072007206,0.17591135288765924,-0.12917786641846035,0.04074625316859928,-0.0003175159946522399,0.002551965076236229,-0.4165892751188949,2597,150000000,148.83,0,2,2,-9.4678056755454,5.611625979713593,3.812804401922539,117.8402168750763
-10.733636765710141,5.967216887318114,3.1609444548970993,-2.0080250586930397,3.749544511129356,7.035909568773395,-0.9999191970812906,-0.009739247110360894,-0.003509855727123656,-0.007377485127396888,0.17655532742653007,-0.1298101711869285,0.03999773052432803,-9.187885670058904e-05,0.002427079630251683,-0.4167277249507606,2597,283000000,150.8,0,2,2,-9.4678056755454,5.611625979713593,3.812804401922539,118.09380102157593
-10.804316840475156,6.033224903224885,3.127530258720526,-1.9800793388930416,3.7280613617832046,7.041620844367082,-0.9996081003461011,-0.009841527195003355,-0.0033728820910891946,0.02598872315694256,0.17725039679359555,-0.13063874787731505,0.03903180748593203,-0.0002607374824492581,0.0023142350755733787,-0.41758367442525923,2597,434000000,152.52,0,2,2,-9.4678056755454,5.611625979713593,3.812804401922539,118.3373601436615
-10.804316840475156,6.033224903224885,3.127530258720526,-1.9567666883760146,3.707653383217076,7.0464805070414736,-0.9984191880849558,-0.009921376833120148,-0.0032384049337293645,0.05522865088881007,0.1778853220269322,-0.13141330630635267,0.038216765325446114,-0.0003853780185636424,0.002083221215798403,-0.41854514565784484,2597,580000000,154.14,0,2,2,-9.4678056755454,5.611625979713593,3.812804401922539,118.58252191543579
-10.876555361569489,6.0998385342332115,3.097886967409693,-1.928511994704395,3.679293119847646,7.05256778097052,-0.9956256491695934,-0.010012676093933689,-0.0030395836135686935,0.09284435343368919,0.17869781646916455,-0.13240701905568975,0.03742049367691782,-0.0004919773914480174,0.0018271898738930759,-0.4196220397716388,2597,722000000,155.21,0,2,2,-9.582104339617203,5.626889597044835,3.681380322606633,118.87687230110168
-10.876555361569489,6.0998385342332115,3.097886967409693,-1.905170402957895,3.6521858867994292,7.057847640217641,-0.9919452669731116,-0.010084719105254467,-0.0028460031049688953,0.12623306237486742,0.17938568776139863,-0.13328762709413294,0.03666599906920991,-0.000561510995567005,0.0016677096027706284,-0.4201162315439433,2597,898000000,156.03,0,2,2,-9.618020014418137,5.633642226175854,3.642230228221196,119.15457534790039
-10.950325304246979,6.166871325440744,3.0720742786082935,-1.8862281774151533,3.627088631599804,7.062355951183855,-0.9877943327698027,-0.010158598104641911,-0.0026669926312142497,0.1554092860247207,0.17997034989411237,-0.13415184471933642,0.03593382792437111,-0.00027950613485927533,0.001687899555236072,-0.42193495319224894,2598,62000000,156.19,0,2,2,-9.650093596597197,5.640412184224876,3.6081727765380625,119.4053258895874
-10.950325304246979,6.166871325440744,3.0720742786082935,-1.8640547133456398,3.593052682427901,7.067988139484867,-0.9811675825473156,-0.010261453458478169,-0.0024315879346339915,0.19287033185871755,0.18071599101658736,-0.13520147597364912,0.034986066922743655,-0.0002302845587109914,0.0016821996723592747,-0.4232537845382467,2598,209000000,155.9,0,2,2,-9.650093596597197,5.640412184224876,3.6081727765380625,119.69868159294128
-11.025593460231256,6.234135645563602,3.050144175636353,-1.8486096138171346,3.5653086873301003,7.0722400291167045,-0.975015861903426,-0.010344430976489814,-0.0022408121316959614,0.22188294334058678,0.18128249323655313,-0.1361511407525556,0.03423803895790878,-0.00015532767321246865,0.001597155221588764,-0.4240559210302308,2598,382000000,154.93,0,2,2,-9.650093596597197,5.640412184224876,3.6081727765380625,119.94512701034546
-11.025593460231256,6.234135645563602,3.050144175636353,-1.8312050328337044,3.528164810851564,7.077547761468891,-0.9658336229963842,-0.010419286704452625,-0.001986658120286455,0.2589457556009789,0.18192658053565672,-0.1372398597839079,0.03335868205942246,-0.0006192703608576267,0.0014504809314530576,-0.42441196856088936,2598,525000000,153.78,0,2,2,-9.743104248738126,5.663901967467651,3.514341455907451,120.26712012290955
-11.102320481200636,6.301443152063106,3.0321408228027407,-1.8181689457545256,3.4939293553666158,7.082131013545329,-0.9564868001070617,-0.010487041571535176,-0.001748059434691647,0.29158183665695536,0.18238504919788875,-0.1382849732111072,0.03266448098099172,-0.0003090875466682519,0.0013647616697198828,-0.42436046060174704,2598,716000000,151.86,0,2,2,-9.779723182728606,5.674576202408736,3.4794220644903073,120.49706268310547
-11.102320481200636,6.301443152063106,3.0321408228027407,-1.808715269197883,3.4631665693383376,7.086041895389931,-0.9474028187490304,-0.010541237407830487,-0.001531023793463527,0.31986628035234826,0.18282543230278828,-0.13911566093809752,0.03200822568182744,-0.00037168813094012876,0.0012959615105501143,-0.42451182671356946,2598,857000000,149.81,0,2,2,-9.812384394600532,5.68475049110321,3.449277578094567,120.75239419937134
-11.180460941587125,6.368605256877436,3.018100476464131,-1.8011268193740513,3.431769405094591,7.08985288446815,-0.9374782001673954,-0.010599881948385806,-0.0013053494025710875,0.34788009827599864,0.1832783473534194,-0.13993586526970886,0.031366116904976225,-7.542067033128319e-05,0.0012622319900401635,-0.4246643162332475,2599,8000000,147.81,0,2,2,-9.812384394600532,5.68475049110321,3.449277578094567,120.99091053009033
-11.180460941587125,6.368605256877436,3.018100476464131,-1.7954506537545893,3.399854000725297,7.093567236640541,-0.9267197042775408,-0.010658954026426696,-0.0010735680258099432,0.37560061748418855,0.18363627642688102,-0.1407615299224801,0.030689506596003734,-0.00016374802029872626,0.0012454732427613635,-0.4250240686815232,2599,142000000,145.64,0,2,2,-9.812384394600532,5.68475049110321,3.449277578094567,121.2376561164856
-11.25996342056738,6.435433591546413,3.008051412009522,-1.7917351710580742,3.3675457354424974,7.097177512026449,-0.915130668153685,-0.010706702736056206,-0.0008387582363116354,0.4030142965277194,0.18394532957176513,-0.1416136609165059,0.03001287613605339,-0.00024360499679687564,0.0011478537317088922,-0.42534298554528505,2599,287000000,143.36,0,2,2,-9.898540321844294,5.714289052325896,3.3743348808700655,121.46863865852356
-11.25996342056738,6.435433591546413,3.008051412009522,-1.790009615272792,3.3349663895244954,7.100689336065475,-0.9027251069239585,-0.01074826196630218,-0.000595497780742478,0.43008313333148107,0.1842205180709984,-0.14243166019585907,0.029350963471909963,-0.0001305486140523726,0.0011150614568578021,-0.4254011466400698,2599,424000000,140.96,0,2,2,-9.92741699584239,5.7250414719319975,3.350752653311896,121.69381976127625
-11.340770603066856,6.501740470521191,3.0020138669173706,-1.7902939075216622,3.3022461987948812,7.1041009707359875,-0.8895191843174349,-0.010791711911778306,-0.0003463941243825215,0.4567702263681038,0.1844751566687839,-0.1432583739580707,0.02867133636453879,-2.8729128587201558e-05,0.001091116098450584,-0.4254042112734169,2599,560000000,138.48,0,2,2,-9.95635156362195,5.736219630556743,3.327907972055383,121.93715381622314
-11.340770603066856,6.501740470521191,3.0020138669173706,-1.792148124641869,3.274179736394166,7.1069434282253106,-0.8775709527777189,-0.010829384555760057,-0.00012796278331635332,0.4793244526377472,0.18470266541208633,-0.14400013242163884,0.028074378686521677,6.894269540813625e-05,0.001125297842463624,-0.4254341300111264,2599,698000000,135.93,0,2,2,-9.95635156362195,5.736219630556743,3.327907972055383,122.15436124801636
-11.42281939954245,6.567339351457388,3.0,-1.7969395285983545,3.2368705329901544,7.110613134257453,-0.8607519047947014,-0.010880143042311042,0.00016649164626098695,0.5089083936822063,0.1849709441581336,-0.1449625409995872,0.02726774130044717,0.00012993443476716493,0.0011283159778940899,-0.4253591818269342,2599,827000000,133.69,0,2,2,-10.010375358330126,5.758152958136097,3.287429375014861,122.4266107082367
-11.42281939954245,6.567339351457388,3.0,-1.8032972719110543,3.2044707268426427,7.113705588190282,-0.8452177832149563,-0.01091661888662542,0.0004260227272598026,0.534310345093481,0.18524312115450273,-0.14576350481322134,0.026481707990508023,1.1246700282185884e-05,0.0011340554578964657,-0.4254579951521009,2599,990000000,130.66,0,2,2,-10.010375358330126,5.758152958136097,3.287429375014861,122.65959525108337
-11.50604108425346,6.632045291300239,3.0020138669173706,-1.813010822243433,3.1678853547547816,7.117094730759053,-0.8265414495016515,-0.010949803685289907,0.0007236561540988427,0.5627688782943961,0.18558325755183855,-0.1466630283123487,0.02557143323817234,6.075691301177244e-05,0.0011722785984602524,-0.4255859093973413,2600,131000000,127.96,0,2,2,-10.010375358330126,5.758152958136097,3.287429375014861,122.91764211654663
-11.50604108425346,6.632045291300239,3.0020138669173706,-1.82363025508862,3.1364009316788772,7.119932972350917,-0.8094114055271908,-0.010977514474206335,0.0009876130343112188,0.5871385657568069,0.18583391863561388,-0.14743225405402993,0.024771095781721285,0.00012123326023072423,0.0011584082471927104,-0.425527393235825,2600,291000000,124.84,0,2,2,-10.010375358330126,5.758152958136097,3.287429375014861,123.16494297981262
-11.59036145167595,6.695675396983499,3.0080514120095216,-1.8361961007879042,3.105544372733402,7.122650907399203,-0.791565856577055,-0.011005413853997451,0.0012589662102829658,0.6109834617822457,0.1860723715292409,-0.14820276084383774,0.023933506771201266,0.00034590978827964136,0.0012220326084388944,-0.4254948435118422,2600,435000000,122.07,0,2,2,-10.136545326220231,5.814123435571347,3.2040326819486196,123.40070724487305
-11.59036145167595,6.695675396983499,3.0080514120095216,-1.8506748616148483,3.0754341499086455,7.1252386078404495,-0.7730181077252182,-0.01103315923285806,0.0015298973299936987,0.6342861609245661,0.18632012885169902,-0.14900942971286693,0.023025188848736784,0.00018826785606052,0.0012902160051453393,-0.42551339720375836,2600,571000000,119.29,0,2,2,-10.136545326220231,5.814123435571347,3.2040326819486196,123.64082551002502
-11.675700990661799,6.758049269580246,3.0181004764641304,-1.8670247352218277,3.0461850205843475,7.1276894599049,-0.7537849128935427,-0.0110569075788246,0.0018017186082070749,0.6570257252946222,0.1866192421537064,-0.14981106748826253,0.022131933545141293,0.0003894826249961625,0.0013187358490540646,-0.42543663003016263,2600,711000000,116.48,0,2,2,-10.136545326220231,5.814123435571347,3.2040326819486196,123.87406611442566
-11.675700990661799,6.758049269580246,3.0181004764641304,-1.8879273485972579,3.0139541976198423,7.1303228777135095,-0.730994592041768,-0.01108954230966086,0.002125718984712013,0.6822898282810974,0.18694254861748594,-0.1506742477555927,0.020988172195063264,0.0005473153834145705,0.0013324035535333678,-0.4252295504556969,2600,847000000,113.65,0,2,2,-10.226576848456185,5.85757316936256,3.154398049641998,124.13698244094849
-11.761975075891066,6.818989440763117,3.0321408228027407,-1.9080885730843085,2.9869321237479043,7.132457413741474,-0.7103661725838544,-0.01111576411005483,0.0024142371484166614,0.7037403726487534,0.18720134734031163,-0.15145979561744746,0.01991661189621363,0.0005161123112884525,0.0013926425481258775,-0.42513622902333736,2601,1000000,110.4,0,2,2,-10.261169492248582,5.874922545122217,3.137469192868993,124.37266945838928
-11.761975075891066,6.818989440763117,3.0321408228027407,-1.9331807980803648,2.957538984368375,7.13469727370794,-0.6860276780063133,-0.011137180188867842,0.002741463706632177,0.7274850325631805,0.18755975674697106,-0.15232196298656786,0.018602941327477217,0.00044901407818542793,0.0014549282809639408,-0.4249754216289148,2601,144000000,107.54,0,2,2,-10.261169492248582,5.874922545122217,3.137469192868993,124.6489679813385
-11.849094176114601,6.878321800454076,3.0501441756363525,-1.9603519064895292,2.929873341471684,7.136705257651381,-0.6609037546249094,-0.011158830782764325,0.003071746072592675,0.750381417676587,0.18793772974242515,-0.1532052111540294,0.01720975959011287,0.0005451421856150773,0.0015786061453582079,-0.4249105986673385,2601,304000000,104.26,0,2,2,-10.326380785565654,5.908473021041566,3.1087597378194105,124.93224167823792
-11.849094176114601,6.878321800454076,3.0501441756363525,-1.9932672551414194,2.9009930390312726,7.1386720533893175,-0.6317351416514818,-0.011171272596680238,0.0034432914448789664,0.7750961599796367,0.18843454400781115,-0.15430193282914959,0.015531514290124037,0.0004190092255385025,0.001508999105226394,-0.42475210211705416,2601,476000000,100.96,0,2,2,-10.326380785565654,5.908473021041566,3.1087597378194105,125.19944310188293
-11.936964078633872,6.93587601456928,3.072074278608293,-2.0204834721533547,2.880283435443806,7.139969623933497,-0.6084131202811394,-0.011172270414688568,0.0037392627974624595,0.7935330323038106,0.18894349654446896,-0.1551725307544158,0.014062826561214933,0.0005354713607630401,0.0015499840969823708,-0.4247269796906039,2601,640000000,97.24,0,2,2,-10.400850558338412,5.948033986792834,3.0811262138943936,125.45242977142334
-11.936964078633872,6.93587601456928,3.072074278608293,-2.0573925882191286,2.856049178837959,7.1413061083814355,-0.5776390936651086,-0.011168380450469141,0.0041243174560057355,0.8162054488628383,0.1896003796337014,-0.15626212613769286,0.012012767559743478,0.0005499556920085524,0.0016241218872892205,-0.42477612441871315,2601,787000000,94.33,0,2,2,-10.431719648218039,5.964775395368768,3.0713085299287064,125.75337934494019
-12.025486129416084,6.9914859317930045,3.0978869674096927,-2.083110772624917,2.8414671791510964,7.141969115217188,-0.5566559196823189,-0.011166378833366089,0.004385162873215899,0.8306565291460464,0.1901268535736303,-0.15713202557780373,0.010480255399014152,0.0006585192465990986,0.0017261124753531476,-0.4245384567184374,2601,967000000,90.58,0,2,2,-10.471550110324864,5.986628699438396,3.0600329816539773,125.99182629585266
-12.025486129416084,6.9914859317930045,3.0978869674096927,-2.127792345405746,2.820104373058723,7.142622178090044,-0.5208947500369079,-0.011151759646550323,0.004817385787950422,0.8535344693888716,0.1911196523065891,-0.15879322726963524,0.007575235952710787,0.0005673718476373324,0.001777588397544605,-0.4247509641572833,2602,95000000,88.08,0,2,2,-10.498249618005469,6.001420017421759,3.0533857308652355,126.30787444114685
-12.114557488195874,7.044989978345844,3.127530258720525,-2.160342963018715,2.8074463359275033,7.1426467318481315,-0.4952674042659202,-0.011158708212861858,0.005136618928709877,0.8686537265497103,0.19199514188877692,-0.16049007259846618,0.004788953837285106,0.0008640714270313765,0.002109220736201678,-0.42534534877631813,2602,287000000,83.89,0,2,2,-10.498249618005469,6.001420017421759,3.0533857308652355,126.5126416683197
-12.204071397869395,7.0962315397463875,3.1609444548970984,-2.1890106676234886,2.7981534359597746,7.142335321585751,-0.47285559997098714,-0.01117207944801051,0.005418971729282114,0.8810524393940931,0.19328074466399217,-0.1619111696123428,0.002048548738320534,0.001614893028545339,0.0023664116952204495,-0.4298890969948843,2602,420000000,80.95,0,2,2,-10.57437789805345,6.044125566915516,3.0383396894667096,126.71553587913513
-12.204071397869395,7.0962315397463875,3.1609444548970984,-2.2196303644229323,2.79106005610729,7.140030765142166,-0.4501087053215501,-0.01064708025235476,0.004539824828930549,0.8928987529761593,0.19956124004471723,-0.2109836917067422,-0.05144047904942252,-0.06300760724116117,0.004321410369811929,-0.4156328534008935,2602,542000000,78.42,0,2,2,-10.601510710381062,6.059524082047106,3.034456088321515,126.89898300170898
-12.204071397869395,7.0962315397463875,3.1609444548970984,-2.259939323814821,2.791225621973312,7.125579717768978,-0.4288149839284665,-0.008758702704444506,0.0006927745020172517,0.9033496082629655,0.21558088563793273,-0.3149952457614208,-0.16708234755484894,-0.08285599033115432,-0.0018858061707760498,-0.3696330270031467,2602,662000000,75.87,0,2,2,-10.628769836454904,6.075079658993264,3.031311915136453,127.10672640800476
-12.293917467443427,7.145059328602193,3.198062264195161,-2.310860778812838,2.799415479903169,7.097608558287807,-0.41022390062449915,-0.006017757093413226,-0.003886451678538073,0.911956705907323,0.23811907914404884,-0.4105853004611323,-0.27953394289643024,-0.09757822117535397,-0.014963340163376415,-0.323644102900289,2602,796000000,73.51,0,2,2,-10.656127165116601,6.090768862682065,3.0288962781349085,127.27924251556396
-12.293917467443427,7.145059328602193,3.198062264195161,-2.350280749469634,2.8089495058460576,7.071995574690915,-0.3987553135426309,-0.0036614354799173313,-0.007341379081684739,0.9170206638701894,0.25529661566894957,-0.4666083927843273,-0.3504945301136997,-0.11096141970483586,-0.023769116887706332,-0.3080685914028436,2602,897000000,71.48,0,2,2,-10.656127165116601,6.090768862682065,3.0288962781349085,127.44139957427979
-12.383981967760793,7.191327737505053,3.2388089362865236,-2.405120198455835,2.82490490781273,7.032997153745118,-0.3847150219373826,-0.00029316216273522246,-0.011869334052613536,0.9229590374771856,0.2814874113140956,-0.524827417671775,-0.4307959585501956,-0.11682554904837161,-0.03329279898025561,-0.30435042281169444,2602,993000000,70.26,0,2,2,-10.656127165116601,6.090768862682065,3.0288962781349085,127.60858058929443
-12.383981967760793,7.191327737505053,3.2388089362865236,-2.4781641101013117,2.8488394200482183,6.977693431385665,-0.36725070671056204,0.00395858812759707,-0.017055716551147036,0.9299571767202809,0.31848305155991125,-0.5755246777696214,-0.509017967502917,-0.10083568631671369,-0.04082079649379011,-0.32342577760573477,2603,94000000,68.79,0,2,2,-10.725042731013678,6.130581322326962,3.026151903364291,127.8056263923645
-12.383981967760793,7.191327737505053,3.2388089362865236,-2.5578444908367746,2.876710998970953,6.915278418748691,-0.34820373172041275,0.00813689928816767,-0.021721221352380395,0.9371318693913433,0.35884428303039917,-0.6089758430641858,-0.5714747053733606,-0.09445792820770293,-0.046939185267547145,-0.3516034805215895,2603,210000000,66.99,0,2,2,-10.725042731013678,6.130581322326962,3.026151903364291,127.98882794380188
-12.474148139184196,7.234897176147173,3.2831024127962674,-2.6285225192127104,2.902463128613979,6.858999804118365,-0.33099142547579574,0.01168770322339186,-0.02551026571611622,0.9432164651859909,0.3931074388668156,-0.6274679165955824,-0.6155554047523017,-0.08973675139714032,-0.05296783710946329,-0.3736529208254069,2603,323000000,65.04,0,2,2,-10.725042731013678,6.130581322326962,3.026151903364291,128.17905139923096
-12.474148139184196,7.234897176147173,3.2831024127962674,-2.717622942716346,2.936014446328332,6.787421315601557,-0.30884621367843507,0.01589861950047626,-0.029603223411218918,0.950518226736415,0.434685551835552,-0.6390058980263357,-0.6594071637149177,-0.07730872166575864,-0.05919740033277776,-0.39698375039733946,2603,432000000,63.29,0,2,2,-10.725042731013678,6.130581322326962,3.026151903364291,128.36170721054077
-12.474148139184196,7.234897176147173,3.2831024127962674,-2.7948694761140698,2.9658821622690015,6.725123517239624,-0.2893206169351595,0.019303157012490774,-0.032519797832314186,0.9564849353202354,0.46957601065386195,-0.6413567261558979,-0.6892116419799895,-0.0665786283207126,-0.06365002773236483,-0.4127392458030954,2603,541000000,61.08,0,2,2,-10.832010521722838,6.192874189738929,3.031198456473704,128.5501275062561
-12.564296510383741,7.275634391818853,3.3308534925573943,-2.874461878184388,2.997271021179162,6.661016355483844,-0.26897091209750634,0.022601155729292364,-0.034973134291829744,0.9622477415317436,0.5046709525078451,-0.6387782034899637,-0.7133766341110148,-0.05561684811254963,-0.06761615732102655,-0.4255973792169243,2603,651000000,59.15,0,2,2,-10.855446701882814,6.2065707184694086,3.033766520677512,128.73994541168213
-12.564296510383741,7.275634391818853,3.3308534925573943,-2.9726427857608217,3.036789249365435,6.582271680884445,0.24371317156089706,-0.026436248389524436,0.03722612309309292,-0.9687720219629969,0.5458449851486671,-0.6301177264533162,-0.7368957970017075,-0.037450196396093816,-0.072566355811432,-0.4359136102721095,2603,757000000,57.16,0,2,2,-10.855446701882814,6.2065707184694086,3.033766520677512,128.92652010917664
-12.564296510383741,7.275634391818853,3.3308534925573943,-3.1930541759085243,3.1288360501534576,6.407356033671502,0.18715992969628809,-0.034950141025144314,0.039308826030222684,-0.9809202131440296,0.6265448239393114,-0.5975046183797695,-0.7709769759695042,-0.004365289123597904,-0.08609922660980374,-0.44441761856433004,2603,865000000,54.73,0,2,2,-10.855446701882814,6.2065707184694086,3.033766520677512,129.37530326843262
-12.654305227338881,7.313412772494321,3.3819660112501047,-3.420626719824,3.2302356355424853,6.229664037347979,0.1294066136635394,-0.04398185894822208,0.0390817106924959,-0.9898445051183251,0.6899971331796749,-0.5600243026645615,-0.7945500426231141,0.013131545529176947,-0.09005385581986047,-0.4490866995183751,2604,135000000,49.49,0,2,2,-10.968917487963372,6.27294907329197,3.053215097924528,129.79820609092712
-12.744050391633541,7.348112631760663,3.4363370350639397,-3.651270683005326,3.3442353616644143,6.050629229334317,0.07063000481529402,-0.05283411000313934,0.03804397502460807,-0.9953756151344549,0.7369496744657272,-0.5248084410116453,-0.8139968115591625,0.027724804385798052,-0.0854973193781916,-0.4554477258352563,2604,387000000,44.42,0,2,2,-11.030885961774029,6.309143417460414,3.0682979538531105,130.2268455028534
-12.83340640709367,7.379621474894889,3.493857067992778,-3.8809592064313536,3.4735342631293955,5.870949670554876,0.011027261482524586,-0.06090899691590315,0.03659020370325944,-0.9974114750652552,0.7718614010542776,-0.49199182261652774,-0.8295683430645596,0.038814729850855656,-0.07589221859234385,-0.4615028214175254,2604,638000000,39.55,0,2,2,-11.030885961774029,6.309143417460414,3.0682979538531105,130.6781222820282
-12.83340640709367,7.379621474894889,3.493857067992778,-4.105816946910393,3.619819026498965,5.6910626217726215,-0.049009970681203496,-0.06789319030943415,0.03503171545550511,-0.9958721385778793,0.7979629166247884,-0.4618604212201509,-0.8414530742925687,0.04641432751668617,-0.06359094841172919,-0.46568220132030547,2604,907000000,34.96,0,2,2,-11.030885961774029,6.309143417460414,3.0682979538531105,131.1125249862671
-12.922246333789698,7.4078342454461295,3.5544102723452164,-4.32217566167103,3.7839142591912425,5.511133664142437,-0.10907038424168497,-0.0736514347987304,0.03356482866449774,-0.9907333242150393,0.8174234110594641,-0.43442137062456776,-0.8502747643026698,0.05085515876999125,-0.05036942311562598,-0.46866793709341437,2605,162000000,30.88,0,2,2,-11.218727707347023,6.417807528586048,3.13126500679862,131.56090545654297
-13.010442248402331,7.432653551733569,3.61787470202627,-4.511306281616299,3.951274740850725,5.3450264886702765,-0.1642857881151425,-0.07787794838667743,0.03239034744415205,-0.9828001172013134,0.8306266408906758,-0.4113311158050659,-0.8560085773897427,0.05304293517838232,-0.038406537714763544,-0.47134856577031314,2605,422000000,27.69,0,2,2,-11.218727707347023,6.417807528586048,3.13126500679862,131.98702120780945
-13.097865609928817,7.453989872725822,3.684122548120574,-4.701564463907781,4.149119031450233,5.164951489623775,-0.22387862655100954,-0.08132450271186456,0.031295211876001885,-0.9707138072294725,0.8405485189351269,-0.3876421899252782,-0.8599465476326094,0.05382488998293411,-0.02594990928628249,-0.4761249874718487,2605,675000000,25.99,0,2,2,-11.340442120564097,6.486703909005645,3.184521633798834,132.42232847213745
-13.184387629688551,7.471761742823902,3.7530203962825324,-4.886010857841657,4.379869581820246,4.9707329964842195,-0.2877343873255172,-0.0838055552815837,0.030309738754561652,-0.9535548599797417,0.8473462614848796,-0.3632978827317855,-0.8618225143522545,0.053222677524900064,-0.013536612914322177,-0.4817073233425617,2605,936000000,26.0,0,2,2,-11.340442120564097,6.486703909005645,3.184521633798834,132.85345935821533
-13.269879644571253,7.485895915127626,3.8244294954150533,-5.013838814292584,4.572607815216719,4.817748337543276,-0.3374815046395958,-0.08494792573763305,0.029667937979691153,-0.9370218233291587,0.8502699451482488,-0.3453915001398012,-0.8621757052642545,0.051568259732448496,-0.005034147625337937,-0.4847544158110395,2606,203000000,28.46,0,2,2,-11.340442120564097,6.486703909005645,3.184521633798834,133.24930953979492
-13.354213492458666,7.496327502823981,3.898206037095794,-5.125095251176369,4.773939894555311,4.664206711385751,-0.38682222771287944,-0.08537954727166662,0.029016252114233646,-0.9177346861529063,0.8552498527181589,-0.3255192845480529,-0.8662067413899498,0.057158990603056736,0.017716303136694478,-0.4993236798327416,2606,431000000,32.02,0,2,2,-11.526759721674711,6.588744741044315,3.283032996585573,133.623042345047
-13.354213492458666,7.496327502823981,3.898206037095794,-5.207657545136726,4.945614307556836,4.53412551985742,-0.43016784919301954,-0.08127135371556266,0.025384999456373115,-0.8987247578588738,0.8964617100867025,-0.2855085226785382,-0.8974454705223355,0.06496151981991716,0.08735274604987353,-0.5532231356482953,2606,649000000,36.74,0,2,2,-11.526759721674711,6.588744741044315,3.283032996585573,133.93863010406494
-13.437261888741183,7.503000098395525,3.9742014451881866,-5.315541288065648,5.2050429446299935,4.33445984903345,-0.4947350358346927,-0.07298052176129007,0.018401397494340558,-0.8657785376938785,0.9466321859574263,-0.22529482387891386,-0.9321124442833029,0.058578592870617285,0.08553327570552938,-0.5644344724714756,2606,834000000,41.37,0,2,2,-11.625321846302613,6.640541175341314,3.3428993651146035,134.35902881622314
-13.518898802844385,7.505865870407254,4.052262675054002,-5.391778370468307,5.432945950403461,4.1549249827326085,-0.5470960598449925,-0.06821670245863468,0.013203980199650838,-0.8341810581130704,0.9698058511410835,-0.18369740483604563,-0.9608688356464651,0.05116670217830688,0.06714252231176943,-0.5529609159566462,2607,80000000,49.39,0,2,2,-11.689482894634741,6.673318284137182,3.3846378248191566,134.7461850643158
-13.598999833677176,7.504885637691124,4.132232521764883,-5.431046160706612,5.581079233157956,4.035796463760995,-0.5786306670516449,-0.06592341750309154,0.010472421987170771,-0.8128536046237379,0.9783640684555648,-0.1657953476649392,-0.9791226187333132,0.04495126777328551,0.0611706778727239,-0.5412296275608242,2607,309000000,56.99,0,2,2,-11.689482894634741,6.673318284137182,3.3846378248191566,135.0006856918335
-13.598999833677176,7.504885637691124,4.132232521764883,-5.4789536511599675,5.839100946633452,3.8232739503209014,-0.6293725164814611,-0.06264893815734336,0.006529864563533407,-0.7745467751623089,0.9892241105966637,-0.1457363822175262,-1.0077146981362133,0.033880811315611936,0.05944274089415558,-0.5220163322519511,2607,453000000,62.01,0,2,2,-11.689482894634741,6.673318284137182,3.3846378248191566,135.4106147289276
-13.677442582912931,7.500028920808715,4.213949936692152,-5.501098727310946,6.165752199234613,3.5442281074965365,-0.6874068793636319,-0.0586713759191345,0.002604623294495921,-0.7238940998438945,0.9999123006272888,-0.1316592776979299,-1.0381891884207046,0.021518947141885292,0.05104371048219036,-0.508836389053613,2607,690000000,70.76,0,2,2,-11.837541652572297,6.7457643664312235,3.4892759811740377,135.89510774612427
-13.75410702501791,7.491273970733897,4.297250351837314,-5.495067183372432,6.339668489301473,3.3899052035387225,-0.7163346605946014,-0.057018121337968276,0.0012514567589598721,-0.6954221895552989,1.0021495835041159,-0.1260536952566167,-1.0532187491994256,0.016830397908051964,0.042248767204000615,-0.5059975606855005,2607,980000000,81.79,0,2,2,-11.837541652572297,6.7457643664312235,3.4892759811740377,136.1666965484619
-13.828875872947062,7.478607774758877,4.381966011250104,-5.469890568497919,6.5546179705747445,3.1922318974552146,-0.7506890302386672,-0.0554103994388547,0.00010527976915540582,-0.6583279246921901,1.0030236672416915,-0.12013936904194282,-1.0697534934987039,0.016147823771461844,0.038426698301918805,-0.50529302097857,2608,143000000,87.7,0,2,2,-11.9506266605795,6.797825073064546,3.576714742546099,136.4866964817047
-13.828875872947062,7.478607774758877,4.381966011250104,-5.430922581473049,6.744935138784485,3.0111112076313526,-0.7800129562990051,-0.054647946862598995,-0.0012125071984580016,-0.62337141395454,1.0093775571902108,-0.11192260367832471,-1.0758277488620098,0.019766811237786897,0.036841482506133616,-0.5076138186268508,2608,353000000,95.06,0,2,2,-11.999614697245725,6.819400227633136,3.6166259560249205,136.75095415115356
-13.90163493843648,7.462026039688312,4.467926308866649,-5.383727401003182,6.911003303037615,2.848541604577297,-0.8047700854670491,-0.054384172760333506,-0.002283831580398854,-0.5910856582626961,1.0154334022428058,-0.10367557600384607,-1.077895095905086,0.021687159460270777,0.03361740855325479,-0.509017426520586,2608,516000000,101.64,0,2,2,-12.043539200880502,6.838237525234491,3.653422640509441,137.0653429031372
-13.90163493843648,7.462026039688312,4.467926308866649,-5.300165234864248,7.133407993772417,2.6238252641893873,-0.8366753668114982,-0.054724442398029385,-0.003589575205501013,-0.5449464936348462,1.0247438558212583,-0.09035436418046797,-1.0756231512150332,0.024830935763020534,0.030081015574978665,-0.5104745214339346,2608,690000000,107.42,0,2,2,-12.043539200880502,6.838237525234491,3.653422640509441,137.4423439502716
-13.972273485833556,7.441533152447317,4.55495813208737,-5.195664933282253,7.347428438250197,2.3989354658718516,-0.8659154608750469,-0.055673166490336407,-0.004582695300520568,-0.4970612759552656,1.0338550601935224,-0.07716581099860043,-1.0698360777535934,0.024713188031455502,0.026613455338519998,-0.509442383190617,2608,916000000,115.2,0,2,2,-12.135673071106588,6.876099623367612,3.733762283247405,137.79509973526
-14.040684578421265,7.417142118289708,4.642886210402725,-5.045908974059872,7.586552520471771,2.1338347783549736,-0.8968219914496814,-0.05723944879844039,-0.005178525759217012,-0.43864238740053285,1.0436223799988198,-0.0643492868096257,-1.059773512690667,0.02293244924658211,0.023568610959046055,-0.5074112210422754,2609,118000000,122.71,0,2,2,-12.135673071106588,6.876099623367612,3.733762283247405,138.25855135917664
-14.106765416210758,7.388874476852862,4.731533468364688,-4.911990612191334,7.758101628459182,1.9310307237939537,-0.9178325005345765,-0.058549905902225946,-0.005210911365766759,-0.39259171652497316,1.0498552870920608,-0.05644972209635753,-1.0509544148272913,0.02079424593830481,0.02179804414481623,-0.5051770713180304,2609,387000000,131.1,0,2,2,-12.135673071106588,6.876099623367612,3.733762283247405,138.58734226226807
-14.106765416210758,7.388874476852862,4.731533468364688,-4.7783190135208145,7.901636991014674,1.7495753869363813,-0.9346607697005174,-0.059703578735362445,-0.004960763261617592,-0.35045701462075035,1.0547737700785347,-0.05059388090447936,-1.0412335276423064,0.018568679479358252,0.0209275358429295,-0.50327840144746,2609,578000000,137.11,0,2,2,-12.135673071106588,6.876099623367612,3.733762283247405,138.90614700317383
-14.170417664197668,7.356760196364748,4.820721382193132,-4.632994218791229,8.033555303723663,1.5695187178007513,-0.9495039375694425,-0.060779766817956604,-0.004476419199731477,-0.3077792295734511,1.058827003652563,-0.04603903316014768,-1.029070750548756,0.01616337012819713,0.020064144882780965,-0.5010993219912052,2609,756000000,142.12,0,2,2,-12.340527441599516,6.951102749124763,3.927985859311339,139.21556282043457
-14.231547770101251,7.32083754636694,4.910270339298969,-4.40453146879395,8.20115095301472,1.3128431722130984,-0.9674545597785715,-0.06214539926750136,-0.003460935351778549,-0.2452705568143549,1.063065056425008,-0.040476874053012625,-1.0065353825524166,0.012832677202823106,0.019541626716090832,-0.4996682982891798,2609,955000000,146.67,0,2,2,-12.340527441599516,6.951102749124763,3.927985859311339,139.62145948410034
-14.231547770101251,7.32083754636694,4.910270339298969,-4.2158809401580095,8.309822465590305,1.1188160043236686,-0.9784588350056591,-0.06299333797680787,-0.002538974240997721,-0.1965800121571652,1.065312890434871,-0.03689133619181893,-0.9875486169442966,0.010564656895439839,0.020589918676705565,-0.49855949473567307,2610,208000000,152.22,0,2,2,-12.340527441599516,6.951102749124763,3.927985859311339,139.95336174964905
-14.290067270632257,7.281152949374527,4.999999999999999,-4.038122239930974,8.391438708083916,0.9471851330030571,-0.9862704187971547,-0.06359818492121916,-0.0016430932935578915,-0.1523917062206473,1.066948448449734,-0.03399477535316382,-0.9662282210780682,0.008510501993441721,0.02073596351692686,-0.4981620062608272,2610,401000000,155.42,0,2,2,-12.489107355496774,6.996373531323228,4.08294607273016,140.27800917625427
-14.345893085364855,7.237760811949752,5.089729660701029,-3.83349853855986,8.463119874473668,0.7612061196361245,-0.9926158109013474,-0.06411200902500136,-0.0004736624955716112,-0.10297221902668113,1.0681441137503243,-0.030772201828971262,-0.9328274802708589,0.006302919155132258,0.019493735817377456,-0.4978688433766365,2610,587000000,157.3,0,2,2,-12.489107355496774,6.996373531323228,4.08294607273016,140.60847163200378
-14.398947797320005,7.190723335720643,5.179278617806866,-3.559615568625531,8.525007438684485,0.52955084055209,-0.9971729623984904,-0.06455374868598553,0.0011072378591570065,-0.03844048147888368,1.0686365678421312,-0.026613364266916767,-0.8787914398739434,0.003814041565419757,0.02018450959440088,-0.4968208319041878,2610,782000000,158.08,0,2,2,-12.5753814262704,7.018734331351584,4.178351962939002,141.0400049686432
-14.398947797320005,7.190723335720643,5.179278617806866,-3.345597079094429,8.547801062765217,0.36017235080924864,-0.99783659285846,-0.06475241323035788,0.002070576991197323,0.011179071714058908,1.0694313662712025,-0.02426397595100601,-0.8364259240546078,0.0022487382011604495,0.02540886853239499,-0.49499240703880787,2611,54000000,157.07,0,2,2,-12.633556693034782,7.03199473044453,4.2450269871461215,141.35480093955994
-14.449159919402483,7.140110308928806,5.26846653163531,-3.173890293032928,8.550255196097963,0.23031093769886854,-0.9966044845418812,-0.06477153114978379,0.002698639093695311,0.05076285542170933,1.0701659671392236,-0.022950637983504565,-0.7989353703702334,7.636612053829595e-06,0.0246189601966762,-0.49402606091462076,2611,241000000,155.06,0,2,2,-12.677869965007046,7.0409581312100515,4.297320698734576,141.63139724731445
-14.496464145870778,7.085998879141749,5.357113789597272,-2.9817664046993677,8.53629475482295,0.09428611778818692,-0.9933087397016156,-0.06553030365860063,0.00366899357548307,0.09502665637042279,1.0691638859889916,-0.001878488533828087,-0.6383338464125392,0.051822686873492785,0.025222362273780163,-0.4902909218799323,2611,403000000,152.89,0,2,2,-12.677869965007046,7.0409581312100515,4.297320698734576,141.94463324546814
-14.496464145870778,7.085998879141749,5.357113789597272,-2.7913711146249374,8.509967734212584,0.0664453549019883,-0.9877931063105432,-0.07321554649426684,-9.381668460647224e-05,0.13749274190059385,1.0526676464826759,0.17249227600678824,0.32489382699436276,0.05795400466013234,0.17127514438470826,-0.44265765172895044,2611,589000000,150.04,0,2,2,-12.677869965007046,7.0409581312100515,4.297320698734576,142.250736951828
-14.540801588058912,7.028473307814418,5.445041867912628,-2.6043831353622178,8.472816824879208,0.1721165173253374,-0.9814630437881233,-0.07453088248503367,-0.022246537301310043,0.17515859331547518,1.0004336896414423,0.2044679476849352,0.6824097271044589,-0.10806253922055475,0.33962203888222575,-0.38358790043275803,2611,768000000,147.81,0,2,2,-12.79107534416536,7.0593013318558775,4.436485764628858,142.58131313323975
-14.540801588058912,7.028473307814418,5.445041867912628,-2.4258167389852177,8.416225492136423,0.2730533866372893,-0.9738672448377368,-0.07110785264877967,-0.050551601719801796,0.20969215122983825,0.9598801609635199,0.12791121527515428,0.6135550356821955,-0.10677021055016667,0.3018413670361042,-0.38175709487404674,2611,956000000,147.25,0,2,2,-12.829514690257302,7.064027264887725,4.485398574325184,142.8679642677307
-14.582119993610817,6.967624707432082,5.532073691133349,-2.2857036586237442,8.356982956425393,0.342143318649108,-0.9669410844125816,-0.06699305183485751,-0.06519926417567795,0.23724655156992774,0.7885539094952317,0.08407136542040353,0.4994921555108077,-0.10533463282627054,0.07707109543844126,-0.32740966707933694,2612,130000000,146.54,0,2,2,-12.829514690257302,7.064027264887725,4.485398574325184,143.1147656440735
-14.620373948532228,6.903550762011855,5.618033988749894,-2.1787489809932508,8.301414224327667,0.39462118806827634,-0.9610059534525102,-0.06278480248022611,-0.06305570355670331,0.2618197934750544,0.6066164598599034,0.029072375775836816,0.39212165613428107,-0.046882238530088216,-0.10386831781943329,-0.3287576691946015,2612,283000000,144.99,0,2,2,-12.90104826486823,7.070705241306956,4.578582395133752,143.37429809570312
-14.620373948532228,6.903550762011855,5.618033988749894,-2.103999862329745,8.250217792395606,0.4363824191151538,-0.9547332929319269,-0.05838762113357689,-0.051054316081914915,0.2871736092943241,0.45264613007697097,-0.022994679946477845,0.29737616590817384,-0.027596276049735025,-0.16850295069161803,-0.34289064642507583,2612,443000000,142.65,0,2,2,-12.93424755377823,7.072797788067222,4.6228140830990165,143.6466028690338
-14.655525061410888,6.836355431783316,5.702749648162684,-2.060541056120799,8.209573794561349,0.46541867303715495,-0.9483449948222917,-0.05494268843320675,-0.039139878678112555,0.30998571205831643,0.3442534711840628,-0.05702984381922484,0.2318017733011931,-0.011189159249624936,-0.15136937727220356,-0.34971474087797105,2612,604000000,139.66,0,2,2,-12.967168697560691,7.074225767862786,4.66722361423147,143.87573790550232
-14.655525061410888,6.836355431783316,5.702749648162684,-2.0331143432160625,8.173334816807603,0.4884270024088544,-0.9410845322047745,-0.05215700015823455,-0.029232179459084164,0.332843852674924,0.2567133834543829,-0.08147802176309896,0.17414895230877192,-0.010098504662892083,-0.11201032466487959,-0.345722958445549,2612,747000000,136.85,0,2,2,-12.995758963691676,7.074906723879494,4.706255653211145,144.11636471748352
-14.68754212920409,6.76614864290927,5.786050063307846,-2.017738626034675,8.141807222264697,0.5049434061897395,-0.933264574167847,-0.05013782759214804,-0.02217983437422661,0.3549809682148871,0.18923937973964286,-0.09648763896638164,0.11761038958095497,-0.004426268651513965,-0.07333204848691821,-0.33260054769925773,2612,886000000,134.08,0,2,2,-13.024143840077121,7.075073690471642,4.745397041619527,144.36092019081116
-14.68754212920409,6.76614864290927,5.786050063307846,-2.011035964077432,8.114928859294501,0.5144787072535267,-0.9251588438180521,-0.04889188095068216,-0.017318668785270375,0.3760196290007417,0.1377469329153004,-0.10580420085037741,0.06301435350137433,-0.002332351141376421,-0.04724054415419232,-0.3178091312292963,2613,24000000,131.46,0,2,2,-13.024143840077121,7.075073690471642,4.745397041619527,144.57385730743408
-14.716401284042247,6.69304596314603,5.867767478235115,-2.010427820215688,8.095256958397178,0.5171935028375955,-0.9180667968962806,-0.04818590829116001,-0.014276223943118567,0.3932272423277476,0.10297344341032684,-0.11216872674240422,0.01928929086672331,-0.001280521030366799,-0.0331021368765505,-0.307494995649904,2613,160000000,129.01,0,2,2,-13.080281676931266,7.073864756124145,4.82395854779028,144.80936074256897
-14.716401284042247,6.69304596314603,5.867767478235115,-2.014381671468554,8.075740395155425,0.5143378091730907,-0.9096159588665484,-0.047573333248228294,-0.011578222461069744,0.4125548813231814,0.07023697356577105,-0.11934626717479521,-0.027585085680758577,-0.002783849390652904,-0.022591199558519293,-0.2993296802742407,2613,292000000,127.02,0,2,2,-13.104090943786932,7.072643210150523,4.857880994915655,145.05007600784302
-14.742086120548693,6.617168264378271,5.947737324945996,-2.0224354588504663,8.05945869531969,0.505503364690873,-0.9009193051435277,-0.04700339636670786,-0.009505042651803523,0.43132903972939796,0.04355881217298089,-0.12679786494956577,-0.06982339187388313,-0.0045193459300207905,-0.016130602307384834,-0.2951564150862396,2613,434000000,124.78,0,2,2,-13.13166281476747,7.070715790407588,4.89757680517285,145.26672554016113
-14.742086120548693,6.617168264378271,5.947737324945996,-2.033921898903382,8.046046732356702,0.4912502674264717,-0.891909634639818,-0.04641437606449389,-0.007841324380984747,0.4497570710540991,0.021155050303959245,-0.13449975960099078,-0.10768841488017918,-0.0063185623730532825,-0.012137917929067044,-0.29343199566937983,2613,565000000,122.58,0,2,2,-13.13166281476747,7.070715790407588,4.89757680517285,145.50544261932373
-14.742086120548693,6.617168264378271,5.947737324945996,-2.0483525050725753,8.035238538835591,0.4721347369394585,-0.8825460562315699,-0.04577511245736513,-0.006462809653220367,0.46794799903515405,0.0021314550340656483,-0.14242592124324677,-0.14127216603696766,-0.007894982809375506,-0.009537712958263,-0.29329729732126,2613,704000000,120.4,0,2,2,-13.186192061203542,7.065167127533193,4.977359228136234,145.74936199188232
-14.76458780322894,6.538641372996565,6.025798554811812,-2.06796271848258,8.025802832081434,0.44502773309309474,-0.8713769760637633,-0.044973477260405556,-0.005139701611711827,0.48852137660129236,-0.01629683126618974,-0.1515462366860303,-0.17505249073192386,-0.009502941247774288,-0.007638517854502425,-0.29369074618443847,2613,854000000,118.21,0,2,2,-13.213143129183896,7.061562558256924,5.01738637672468,145.98236966133118
-14.76458780322894,6.538641372996565,6.025798554811812,-2.087481627214928,8.019935261981683,0.41723697978896396,-0.8611997388699436,-0.04420606979215939,-0.004148346072565028,0.5063236360162674,-0.030140851790643547,-0.15928466014059,-0.20090108981312166,-0.010717238910729066,-0.006683305718979682,-0.2938196004834026,2614,0,115.7,0,2,2,-13.213143129183896,7.061562558256924,5.01738637672468,146.24858164787292
-14.783905153536903,6.457595709116016,6.101793962904204,-2.1121064092459143,8.01582922188847,0.3814280241061282,-0.8491229053787398,-0.04325800189240706,-0.003159268851727577,0.5264114890974233,-0.04389384137153642,-0.16783287547608933,-0.2266853302173763,-0.011819449900940526,-0.005980211290079751,-0.2937564655439928,2614,154000000,113.49,0,2,2,-13.270121609911318,7.0520267372024845,5.103337273812029,146.48831725120544
-14.783905153536903,6.457595709116016,6.101793962904204,-2.13541359928367,8.014426431411202,0.3470043557113982,-0.8381769632794578,-0.042379644873416916,-0.0023893307258120167,0.5437440896476136,-0.05443008746068414,-0.17501113568702237,-0.24614008338871515,-0.012392938060656888,-0.00581399954171502,-0.2935210970463231,2614,302000000,110.95,0,2,2,-13.270121609911318,7.0520267372024845,5.103337273812029,146.74010491371155
-14.800044716281226,6.37416591566196,6.175570504584945,-2.160137388181952,8.015009937382215,0.3100992637261214,-0.8268861241668888,-0.04144732565792354,-0.0016899131606715988,0.5608374105296254,-0.06385427762469639,-0.18185545230617559,-0.2629703728507559,-0.013298887824930716,-0.005841242273163516,-0.2934439602540806,2614,449000000,108.73,0,2,2,-13.325972480146238,7.040031173252316,5.189325559701183,146.98538661003113
-14.800044716281226,6.37416591566196,6.175570504584945,-2.189886125637364,8.018056700119468,0.2653235765217626,-0.8135550624055131,-0.04031703510870481,-0.0009633181725357265,0.5800877253765188,-0.07337560130772475,-0.1893910384682415,-0.27937416845729895,-0.013808003313897643,-0.006028866891938378,-0.29355587321333587,2614,595000000,106.5,0,2,2,-13.351613269847551,7.033593588306925,5.229391259444517,147.2315330505371
-14.81302080509144,6.288490478373291,6.246979603717467,-2.2170295994383995,8.022751119573615,0.22421690495068308,-0.8015178151599488,-0.03929563876516566,-0.00037227572895479066,0.5966782266565801,-0.08074689169836295,-0.1956330596839169,-0.29133606291055775,-0.013890473292121897,-0.006181230719448649,-0.2936171891633421,2614,745000000,103.95,0,2,2,-13.380562950970448,7.02561050440278,5.27504294365925,147.47550344467163
-14.81302080509144,6.288490478373291,6.246979603717467,-2.2450334847992566,8.029300805892504,0.18161724025755985,-0.7891384615214843,-0.03825826902293601,0.00018068518817514548,0.6130226429355901,-0.08729665887991175,-0.20163369044177787,-0.30139358498367497,-0.013991535979585024,-0.006334884847092326,-0.29375663434620947,2614,884000000,101.71,0,2,2,-13.40557239425802,7.018021209880636,5.314926188735786,147.71547603607178
-14.822855526721316,6.200711337795645,6.315877451879425,-2.2696159096282553,8.03636019762921,0.1441067725578301,-0.7782553258917185,-0.03735925390289992,0.0006323404063702208,0.6268353324555053,-0.09236194243364075,-0.20663424408339087,-0.3085163363896084,-0.013823333301843377,-0.006605090493394528,-0.2938947582151741,2615,18000000,99.46,0,2,2,-13.40557239425802,7.018021209880636,5.314926188735786,147.94658827781677
-14.822855526721316,6.200711337795645,6.315877451879425,-2.2985821853228923,8.046453891815153,0.111379972016062,-0.765200824668975,-0.037401677257743154,0.0017820977173789755,0.6427018255707337,-0.10871801905939993,-0.19655080574388956,-0.12035454933875023,0.021442378965730313,-0.0004463938012122526,-0.2936116128694266,2615,154000000,97.54,0,2,2,-13.451206836577388,7.002542503240792,5.388631563765238,148.1746118068695
-14.829578784024937,6.110973494355408,6.382125297973729,-2.3311900090576314,8.060800719272324,0.11964358462073542,-0.7497711669718514,-0.03975093713671164,0.004648334027888612,0.6604857706000835,-0.13164267508102187,-0.17505454878428736,0.19579388908013343,0.04634252327377908,-8.136557410054479e-05,-0.2938515885034576,2615,292000000,95.3,0,2,2,-13.47531755940483,6.993462396133257,5.428100630462284,148.43625259399414
-14.829578784024937,6.110973494355408,6.382125297973729,-2.3634145586278064,8.077663830710911,0.16073396270278079,-0.7338916427832227,-0.04151433544361103,0.008044284278402689,0.6779490438787164,-0.13830198144245437,-0.17469777053036104,0.26099573638075957,0.02598262180981692,-0.013674734873347916,-0.29553309141192585,2615,451000000,92.76,0,2,2,-13.502458401580528,6.982412479832848,5.473048759855974,148.7079632282257
-14.833228257500085,6.0194246076210405,6.445589727654783,-2.3920773104782946,8.093901021181725,0.19191411601696454,-0.719417969087272,-0.04150841939554998,0.010644867273860166,0.6932542994272375,-0.13687968278607532,-0.1865675409521808,0.20557277907907942,0.01389952431054553,-0.01627544279472204,-0.3088753524934873,2615,604000000,90.17,0,2,2,-13.52914712045557,6.970597670381969,5.517866113219796,148.96677803993225
-14.833228257500085,6.0194246076210405,6.445589727654783,-2.4253181454684642,8.114008270201115,0.21812650112318993,-0.7014944880515505,-0.0410400316273557,0.012955450382853267,0.711374272336789,-0.13259273502293062,-0.19959603909516935,0.14524825485826165,0.005786150040876237,-0.007793739723638282,-0.32943281112238765,2615,755000000,87.81,0,2,2,-13.552127385418894,6.959616127462592,5.556977961408944,149.23075890541077
-14.833849365352684,5.926214590870866,6.506142932007221,-2.4588666130629866,8.135478162946779,0.23482041598508618,-0.681819942025956,-0.04069275888900983,0.014441167001942692,0.7302445609008975,-0.1274064603861423,-0.21300988972183835,0.09004485238863674,0.0013447136780087021,0.0008890940705441608,-0.3517036006087437,2615,908000000,84.98,0,2,2,-13.552127385418894,6.959616127462592,5.556977961408944,149.47930908203125
-14.833849365352684,5.926214590870866,6.506142932007221,-2.4884943337936978,8.155645749186828,0.24261164775424127,-0.6631353698209759,-0.04036893717720345,0.015229026267603904,0.7472549143113889,-0.1254333477659674,-0.2252287742279214,0.0496713995306859,-0.004512355326369288,0.003834429480775725,-0.3695706865983084,2616,61000000,82.01,0,2,2,-13.603297296958988,6.932390795224666,5.64573633207058,149.70654726028442
-14.831495202095766,5.831495202095768,6.563662964936059,-2.5115977365899407,8.170642075870225,0.24722820686849256,-0.649498903129985,-0.03929098106533681,0.015196252772759749,0.7591946176979495,-0.10432728469284391,-0.2840102045200349,0.1048386153342521,-0.04475595851545222,-0.015920391342660878,-0.3430074662901461,2616,198000000,79.29,0,2,2,-13.625075201864874,6.919564558427271,5.68425979174268,149.90962266921997
-14.831495202095766,5.831495202095768,6.563662964936059,-2.5529394861686145,8.186573341511407,0.26725693025254343,-0.6353920051460401,-0.03638772058311883,0.015892637404768272,0.7711681772892213,-0.0512891668797905,-0.4033708564062177,0.2635973120713442,-0.004726715314973262,-0.043968997852061875,-0.27203260688111186,2616,312000000,77.34,0,2,2,-13.625075201864874,6.919564558427271,5.68425979174268,150.11284017562866
-14.82622645575601,5.735419632571633,6.618033988749894,-2.609912686743523,8.199304133922482,0.30557508801329664,-0.6249657867785987,-0.034844483863097304,0.01943633928888832,0.7796318721137361,0.013096777480635428,-0.5084719251235844,0.42847406773979574,0.05482368869706988,-0.05127552794874646,-0.1943706680322066,2616,434000000,75.22,0,2,2,-13.658536145592103,6.898311965818358,5.744320487637146,150.31536889076233
-14.82622645575601,5.735419632571633,6.618033988749894,-2.6683056639528235,8.20703948157759,0.35125397734233776,-0.6180555493910489,-0.035166853025854705,0.024386047825604718,0.7849687579685154,0.06881049125351882,-0.5792864979804756,0.5608065694182262,0.09200581625918858,-0.04755636582558509,-0.16505106032127514,2616,541000000,73.57,0,2,2,-13.658536145592103,6.898311965818358,5.744320487637146,150.5076642036438
-14.818111303820551,5.638142094139395,6.669146507442605,-2.7495890610851315,8.212895225429184,0.42079282378712574,-0.6102752448619471,-0.036749930162510304,0.031210855076841813,0.7907208424387924,0.13387685383606834,-0.6402857318604835,0.6998884570161514,0.08954444419941865,-0.03707251016749069,-0.16535478207515553,2616,653000000,72.44,0,2,2,-13.658536145592103,6.898311965818358,5.744320487637146,150.69977355003357
-14.818111303820551,5.638142094139395,6.669146507442605,-2.8246845199998583,8.215138262616922,0.48892274293011184,-0.6032322407560429,-0.03793854277803696,0.036042328976187796,0.7958470212335376,0.18359591133039965,-0.672542523769134,0.7941436850231033,0.07270709684235044,-0.02625458419061033,-0.18477823032299057,2616,760000000,71.2,0,2,2,-13.658536145592103,6.898311965818358,5.744320487637146,150.87592673301697
-14.818111303820551,5.638142094139395,6.669146507442605,-2.904608844563063,8.21549645521054,0.5644750523788304,-0.5951774373582988,-0.03858875646314862,0.03950057073004713,0.8016947242225287,0.2264692090882381,-0.6909549580963977,0.8691293452098885,0.057170444415532984,-0.015475967848033179,-0.21167578524909914,2616,860000000,70.12,0,2,2,-13.658536145592103,6.898311965818358,5.744320487637146,151.05564141273499
-14.807225288116157,5.5398174063306085,6.716897587203732,-3.0048661998713158,8.214269508077086,0.6630152438601997,-0.5840499406573807,-0.039213090077859496,0.04264951810578301,0.8096474658701776,0.2682806116322782,-0.6977933198978707,0.9390034586042588,0.036554105099639855,-0.005692424247172312,-0.24162202462321147,2616,965000000,68.95,0,2,2,-13.736690689607821,6.840727250430544,5.888749007030481,151.24492740631104
-14.807225288116157,5.5398174063306085,6.716897587203732,-3.125197495869935,8.211927154071128,0.7862887852026179,-0.5693700837226654,-0.03966989129689135,0.04529266576772014,0.819873515802158,0.304812777360266,-0.6924246692423445,0.9990708370568179,0.027577993932936806,0.0012102794357815583,-0.266611305414699,2617,81000000,67.41,0,2,2,-13.736690689607821,6.840727250430544,5.888749007030481,151.49122285842896
-14.807225288116157,5.5398174063306085,6.716897587203732,-3.229701133130026,8.210053525784991,0.8974514113371712,-0.5557186687657183,-0.039908759296120325,0.04702780958109687,0.829079270783383,0.3297947909153329,-0.6811305771951423,1.038525947324358,0.019455026631476358,0.00478712913718482,-0.28050212713424116,2617,224000000,65.44,0,2,2,-13.772205877707846,6.810136864249762,5.9565647734856,151.6894428730011
-14.793651168871804,5.440600584473202,6.761191063713476,-3.3346956885306005,8.208645253892287,1.0126906809332776,-0.5413742671351769,-0.04010283000462828,0.04827513471407086,0.8384361497918658,0.35479844418859585,-0.6667918254946344,1.0703402511467544,0.010397392634331482,0.015714784512965707,-0.2881278662243858,2617,351000000,63.64,0,2,2,-13.788121590218504,6.79536841442622,5.987460586368376,151.87877225875854
-14.793651168871804,5.440600584473202,6.761191063713476,-3.422434838215821,8.207432259819692,1.1112450884899894,-0.5290811918463441,-0.0406076567393096,0.04854118964070558,0.8462079316319715,0.37735714002473897,-0.653144420760458,1.0912991198632347,0.0027877204047399573,0.031100033447728492,-0.2905096800532192,2617,457000000,61.79,0,2,2,-13.788121590218504,6.79536841442622,5.987460586368376,152.08141255378723
-14.77747875827409,5.34064642990583,6.801937735804838,-3.5278654501376616,8.205456486136889,1.2318070852964265,-0.5141492344166163,-0.0418097705223343,0.04778279434770183,0.8553474805025161,0.4050539454012153,-0.6344194932161076,1.1096242945679788,-0.00855888656587922,0.05009369851904921,-0.28850880335085094,2617,574000000,60.27,0,2,2,-13.816525576152094,6.767243468977031,6.043380536251311,152.2795295715332
-14.77747875827409,5.34064642990583,6.801937735804838,-3.633302933894454,8.202577043407677,1.354227205251639,-0.4991896696240319,-0.04356642157590884,0.046074296256387745,0.8641694277606671,0.430862757833962,-0.6145908853715841,1.1229565680983251,-0.01755724115355406,0.06327828159555793,-0.28467781376093626,2617,682000000,58.5,0,2,2,-13.831602731237165,6.751344202240659,6.073477038748671,152.4798777103424
-14.758804733882657,5.240109123419744,6.839055545102901,-3.7386526106713807,8.19860331480161,1.4779142110936634,-0.48428674361368257,-0.04570089213189901,0.043644548305975736,0.8726241641288481,0.455004139764385,-0.593983019524631,1.131857781655301,-0.02663505874807015,0.07188176678027958,-0.27998079312965274,2617,801000000,56.81,0,2,2,-13.846389834941364,6.735060493502795,6.103275832131773,152.6794502735138
-14.758804733882657,5.240109123419744,6.839055545102901,-3.8263358501746025,8.194341501639956,1.581625754828414,-0.47195295701606793,-0.04764104069460458,0.04118120164252864,0.8793718475347057,0.47371357589808305,-0.5767335825948136,1.1368013215321031,-0.032453241510665976,0.07620783435413614,-0.2758638671366498,2617,925000000,55.2,0,2,2,-13.846389834941364,6.735060493502795,6.103275832131773,152.87375831604004
-14.758804733882657,5.240109123419744,6.839055545102901,-3.9488872554841365,8.186853332678972,1.727297561677651,-0.4548813605992158,-0.050509572274754236,0.037274361279159396,0.8883368465167129,0.4979920430621044,-0.5522207942568635,1.1399350227752774,-0.040731394619797356,0.07895392263890244,-0.2690091700060293,2618,36000000,53.9,0,2,2,-13.846389834941364,6.735060493502795,6.103275832131773,153.06768369674683
-14.737732432329594,5.139141823034612,6.872469741279474,-4.036243117152306,8.18035437766984,1.8314170461522308,-0.44288749663287147,-0.05256510837201911,0.03422688219716763,0.894380285585034,0.5141447310400801,-0.5345000092692282,1.1399261875897668,-0.0448200611572247,0.07876619492890313,-0.2631930954521522,2618,159000000,52.17,0,2,2,-13.846389834941364,6.735060493502795,6.103275832131773,153.25058507919312
-14.737732432329594,5.139141823034612,6.872469741279474,-4.123419755705034,8.172878409692762,1.9353653238921975,-0.43111138348758327,-0.05458926499413683,0.031053232897464384,0.9001103731773328,0.5289984423227454,-0.5171277971244389,1.138327537834504,-0.04974991206836421,0.07731272562523372,-0.25735675590112805,2618,261000000,50.97,0,2,2,-13.846389834941364,6.735060493502795,6.103275832131773,153.4465525150299
-14.737732432329594,5.139141823034612,6.872469741279474,-4.2277855258667625,8.162666213160746,2.0596683240351195,-0.4172828585670426,-0.056923464432961104,0.02713970284008888,0.9065859979465921,0.5455712130810073,-0.4961065212290373,1.1342768564165087,-0.0523431121109752,0.07416062217089348,-0.24915658577810973,2618,374000000,49.82,0,2,2,-13.846389834941364,6.735060493502795,6.103275832131773,153.61960124969482
-14.71437162378238,5.037896267199173,6.902113032590307,-4.31450048985143,8.153072834368208,2.162707531978155,-0.4060890792798341,-0.0587637451024087,0.023863985988211347,0.9116298547787638,0.5585111086872434,-0.4783675304875258,1.1294697286054316,-0.055568319658050314,0.07058373375912197,-0.2415596623905003,2618,483000000,48.49,0,2,2,-13.846389834941364,6.735060493502795,6.103275832131773,153.813374042511
-14.71437162378238,5.037896267199173,6.902113032590307,-4.418230443370579,8.140293647962993,2.2855216471913633,-0.39306770242885797,-0.06079998349667669,0.01991305687889478,0.9172810983988715,0.572692474214624,-0.4576899855517424,1.1222018453293598,-0.05796261102659628,0.06573673454113305,-0.2325490437215194,2618,586000000,47.42,0,2,2,-13.846389834941364,6.735060493502795,6.103275832131773,154.0404155254364
-14.68883826770475,4.936522384489025,6.9279257213917065,-4.521596335567352,8.126204187842685,2.4072586084126466,-0.3805142509275121,-0.06264116316050612,0.016012354625125482,0.9225121104995491,0.5857183050128536,-0.4373463025337448,1.1135109921084452,-0.058964802883565426,0.06020717955834698,-0.22278228570939973,2618,714000000,46.19,0,2,2,-13.948069291800708,6.6013057878718095,6.31523791423088,154.2517604827881
-14.68883826770475,4.936522384489025,6.9279257213917065,-4.624563409877439,8.110800227365123,2.527780099759738,-0.3684851261003376,-0.06425412102556238,0.012180876885572317,0.9273304405724796,0.5978090071990049,-0.41754610721216023,1.1038863314375533,-0.05984040144539904,0.05429123048088513,-0.2127167143044062,2618,833000000,45.01,0,2,2,-13.960388815420346,6.581905856890693,6.341838836690089,154.43922305107117
-14.68883826770475,4.936522384489025,6.9279257213917065,-4.710084646561696,8.097019573674793,2.6272087676076232,-0.35888705530969417,-0.06543028626504858,0.009082931314466514,0.9310405251809111,0.6072085212553255,-0.40178323711308606,1.095218086087928,-0.05934538821747992,0.049306623986922204,-0.20326297963038087,2618,942000000,43.88,0,2,2,-13.972419180183339,6.562130579699986,6.368017265872291,154.62514567375183
-14.661254250502761,4.8351679108523635,6.949855824363647,-4.81236671576713,8.079332936607539,2.745226788605918,-0.34808972185337256,-0.06667955854854557,0.005597130188093689,0.9350700798044338,0.6180443953430301,-0.3826972751546548,1.0839021197525267,-0.056173879420384765,0.04331333257141523,-0.1865022350102663,2619,52000000,42.97,0,2,2,-13.972419180183339,6.562130579699986,6.368017265872291,154.81008744239807
-14.661254250502761,4.8351679108523635,6.949855824363647,-4.897315674623878,8.063645847199219,2.842413829039021,-0.33984086637882305,-0.06758351955967515,0.002869026961861393,0.9380471321352195,0.6262418895377083,-0.36775527538274355,1.0737723857434802,-0.054058641762821935,0.03862472658511251,-0.1710774755338207,2619,161000000,41.95,0,2,2,-13.972419180183339,6.562130579699986,6.368017265872291,154.98283052444458
-14.631747105695233,4.733978015430124,6.967859177197259,-4.9820025671172905,8.047140262640886,2.938470877363812,-0.332329535970557,-0.06837939253787426,0.0003188765709923533,0.9406812619136611,0.6336036153953366,-0.3536546988745323,1.062972430045666,-0.05137586376804393,0.03425907088967506,-0.15508528740610927,2619,258000000,41.15,0,2,2,-14.003105596989293,6.507731543323228,6.435649046179467,155.16302919387817
-14.631747105695233,4.733978015430124,6.967859177197259,-5.083257000745798,8.026254283369022,3.052186635546008,-0.3242990112185538,-0.06921854382898687,-0.0024372911524915067,0.9434156051946039,0.6416506550362673,-0.3369033507483533,1.0493389927339865,-0.04532121565716807,0.029312135848158505,-0.13505044480552897,2619,362000000,40.42,0,2,2,-14.012293099305037,6.490264459513564,6.45610612084014,155.35433220863342
-14.631747105695233,4.733978015430124,6.967859177197259,-5.167297128342468,8.0079617369737,3.145591154511778,-0.31841510120175603,-0.06980917596402511,-0.004543552250254025,0.94536652067378,0.6475458970426061,-0.32378024293961793,1.037469093187283,-0.042218337330268696,0.025565157557139173,-0.11990839484496973,2619,477000000,39.61,0,2,2,-14.023048458745752,6.468986339126244,6.48022070915533,155.51934671401978
-14.600449717297618,4.633094935949802,6.981899523535869,-5.234290935382732,7.992743284164565,3.219410174276339,-0.3141913362665908,-0.07020503229077038,-0.0061273588737379425,0.9467404676727927,0.6518980706766483,-0.313766207209039,1.0279918455204469,-0.042802514144568704,0.022713491853210144,-0.10956406258628704,2619,577000000,39.0,0,2,2,-14.031789715721255,6.451017004618821,6.4999278869169155,155.6838777065277
-14.600449717297618,4.633094935949802,6.981899523535869,-5.317740751683669,7.9730303984369755,3.310549421360011,-0.3094209240287013,-0.07061095515344123,-0.007979941716786058,0.9482663683352583,0.6568048955063257,-0.3020766313971492,1.0157800459567206,-0.03964152201660909,0.019474251348583493,-0.09795448058866896,2619,676000000,38.54,0,2,2,-14.03864318826545,6.43650204422968,6.515437581574605,155.84850764274597
-14.600449717297618,4.633094935949802,6.981899523535869,-5.400848676455154,7.952594627939673,3.400392649467735,-0.3051574972576637,-0.07094300398668622,-0.009655487921382228,0.949606636247759,0.6610511096059077,-0.2909781781057001,1.0030423526072658,-0.03606625868997071,0.016641720503685065,-0.08748227483010851,2619,773000000,38.01,0,2,2,-14.03864318826545,6.43650204422968,6.515437581574605,156.0150284767151
-14.567500007156669,4.532657624662312,6.991948587990478,-5.483579004202416,7.9314471820791566,3.4889091947168085,-0.30134789496502684,-0.07121124698037645,-0.011122352763773633,0.9507863575865216,0.664916143992828,-0.2797754387484757,0.9900951502025942,-0.03204586646461394,0.013704697357752593,-0.07814943382982165,2619,873000000,37.51,0,2,2,-14.03864318826545,6.43650204422968,6.515437581574605,156.18373203277588
-14.567500007156669,4.532657624662312,6.991948587990478,-5.565921068493166,7.9096193430662805,3.5760948477140597,-0.2979289006542584,-0.07138515977859042,-0.012470838281247138,0.9518334976827054,0.6683516041587367,-0.2695805856059009,0.9770559701333174,-0.03022579494427191,0.010959704377455637,-0.07053162407828495,2619,970000000,37.03,0,2,2,-14.063223646696077,6.380793829760422,6.571600029474018,156.3470594882965
-14.567500007156669,4.532657624662312,6.991948587990478,-5.647881046561114,7.8871816440349,3.6619450576329515,-0.294831409454643,-0.07147636151077065,-0.01369502413475826,0.9527738535760302,0.6713682196336691,-0.26014779470328203,0.9637833330791041,-0.027627850977296475,0.008501294814777793,-0.0641312071820721,2620,65000000,36.58,0,2,2,-14.063223646696077,6.380793829760422,6.571600029474018,156.51524662971497
-14.533040607019544,4.4328014057587515,6.997986133082629,-5.7131592449983595,7.868804637746499,3.729658645803967,-0.2925533659107573,-0.07151302553491842,-0.014518006161515409,0.9534608763710353,0.6736184625920358,-0.2522570653007744,0.9530521031959193,-0.02364830615988467,0.0065585802076384425,-0.059326270638848655,2620,161000000,36.14,0,2,2,-14.063223646696077,6.380793829760422,6.571600029474018,156.67994618415833
-14.533040607019544,4.4328014057587515,6.997986133082629,-5.79437922328002,7.845313210670127,3.813086852000057,-0.28992561523543814,-0.07149431199012052,-0.015419924477834641,0.9542504529275895,0.6761783949953435,-0.24295701529331928,0.9394955831412523,-0.021322781685739756,0.004261031972419005,-0.05447033327072859,2620,256000000,35.8,0,2,2,-14.086087932406315,6.323171564220863,6.624465651686428,156.843327999115
-14.533040607019544,4.4328014057587515,6.997986133082629,-5.875182397719451,7.82130301484841,3.895153433480644,-0.2875033142054474,-0.07140729816888176,-0.0161868500826951,0.954976873004527,0.6784312996134265,-0.2343327261085511,0.9257137605958136,-0.018990272656083107,0.0020833623011640157,-0.05027259285270702,2620,355000000,35.39,0,2,2,-14.091892403993633,6.307479590671047,6.6379898782600835,157.00252318382263
-14.497218516165216,4.333657645168838,7.0,-5.955549133816404,7.796800757051097,3.9758466631562377,-0.2852468294761743,-0.07127966669534005,-0.016740131323842052,0.9556532966472997,0.6804475527046361,-0.22526298737120481,0.9117375467653662,-0.014864067907183198,1.491278558418685e-05,-0.046843512609484605,2620,450000000,34.99,0,2,2,-14.091892403993633,6.307479590671047,6.6379898782600835,157.16562294960022
-14.497218516165216,4.333657645168838,7.0,-6.035464200744273,7.771826035519046,4.055173744855481,-0.2831339734097406,-0.07108668645119183,-0.017168655205185537,0.9562881748662624,0.6822578992077937,-0.21670099935454665,0.8978337220503103,-0.012586708453454776,-0.001989333759411238,-0.043893075780943036,2620,549000000,34.59,0,2,2,-14.105861795606117,6.267703716517887,6.670704309961561,157.3365511894226
-14.497218516165216,4.333657645168838,7.0,-6.114937764743773,7.746443456064011,4.133137147926737,-0.28113356425521197,-0.07083806212579513,-0.017465242621002644,0.9568912442402282,0.6838272974668586,-0.2087290708145843,0.8837500902404993,-0.010191006185777951,-0.0037871885069762357,-0.04169940293650143,2620,647000000,34.19,0,2,2,-14.105861795606117,6.267703716517887,6.670704309961561,157.50157690048218
-14.460184745468144,4.235353433605286,6.997986133082629,-6.1939488118403725,7.720671907802207,4.209730050023301,-0.2791919193503738,-0.07057593354872249,-0.01749521321635555,0.9574783690965007,0.6851857485274959,-0.2000199314069553,0.8694954414057465,-0.0044283566012381925,-0.0055701846576994285,-0.04051345131301787,2620,749000000,33.8,0,2,2,-14.105861795606117,6.267703716517887,6.670704309961561,157.67099118232727
-14.460184745468144,4.235353433605286,6.997986133082629,-6.272482876694692,7.6945322554298485,4.284950147782707,-0.27727465756171876,-0.07028481289361647,-0.01731742289398837,0.9580599752702602,0.686404477134056,-0.19156118309169584,0.8552410975980909,-0.001168464359579957,-0.007265452677529538,-0.04000316221208777,2620,850000000,33.4,0,2,2,-14.125336097126635,6.206565060408099,6.71678746862732,157.84518766403198
-14.460184745468144,4.235353433605286,6.997986133082629,-6.350550993805956,7.6680883258323345,4.358800158693843,-0.275349993635358,-0.06996379915181719,-0.016946191146458626,0.9586450200250769,0.6874012715089357,-0.1834446221062045,0.8408846512657391,0.002478296437402605,-0.008877262825990329,-0.04021157983515877,2620,947000000,33.0,0,2,2,-14.125336097126635,6.206565060408099,6.71678746862732,158.01781606674194
-14.422093948803884,4.138011283678539,6.991948587990478,-6.4281401178704956,7.641363065587285,4.4312746935059115,-0.2733166783459298,-0.0696911207679751,-0.016115351040488033,0.9592608803057139,0.688295711665166,-0.1742329960256039,0.8264090985158798,0.01300541334785521,-0.010400014616607223,-0.04285550057829823,2621,37000000,32.6,0,2,2,-14.125336097126635,6.206565060408099,6.71678746862732,158.18730759620667
-14.422093948803884,4.138011283678539,6.991948587990478,-6.505234592952873,7.614385885941402,4.5023631679148775,-0.27110211339484647,-0.06945612454979669,-0.014874124277575788,0.959926169714289,0.6889456544315855,-0.16474816161289793,0.8117733647661023,0.02308926632395014,-0.01174592007373576,-0.04664760381274391,2621,139000000,32.18,0,2,2,-14.125336097126635,6.206565060408099,6.71678746862732,158.35462379455566
-14.422093948803884,4.138011283678539,6.991948587990478,-6.581846282517618,7.587223530220828,4.57205827432544,-0.2686869157991566,-0.06923981836940336,-0.013308353876547049,0.960643574145794,0.68952859517834,-0.15512555716628743,0.797140868866838,0.028626248604268767,-0.012975744448340265,-0.050472230941522866,2621,237000000,31.75,0,2,2,-14.14739769231179,6.126720500886385,6.76981944646751,158.53355360031128
-14.383104042743637,4.041748841864257,6.981899523535869,-6.6579689537330715,7.559887348604923,4.6403611749936005,-0.26603362746667353,-0.06905095405308988,-0.011394201276912513,0.9614199118899829,0.6900864700026437,-0.14450820817921575,0.7824334543763874,0.033703818553476594,-0.0140580686093017,-0.055223325034603477,2621,338000000,31.28,0,2,2,-14.153772102726776,6.100981533490338,6.785267336594731,158.7024073600769
-14.383104042743637,4.041748841864257,6.981899523535869,-6.733611152104785,7.5324022825842825,4.707279410562124,-0.2631816354144844,-0.06882734226679091,-0.009382861892927568,0.9622422697219997,0.690619203683747,-0.1341695008897595,0.7677915030271498,0.03391617210581899,-0.014945187285775319,-0.05869050364708528,2621,443000000,30.81,0,2,2,-14.153772102726776,6.100981533490338,6.785267336594731,158.87204599380493
-14.383104042743637,4.041748841864257,6.981899523535869,-6.793796001241464,7.5103468497242245,4.759830302349728,-0.26080175865263205,-0.06861042167442821,-0.007766495451045054,0.9629199002356115,0.69094798317063,-0.12630679456622587,0.7561791213856888,0.03159771440550685,-0.015614797484886367,-0.060523281717905775,2621,542000000,30.31,0,2,2,-14.153772102726776,6.100981533490338,6.785267336594731,159.04074478149414
-14.343375815519579,3.9466786160617637,6.967859177197259,-6.8686253237776995,7.482693832139435,4.824305418625274,-0.25770380052880393,-0.06831301743786813,-0.0056716863866499365,0.9637893518892369,0.6915430066973124,-0.11586493248119367,0.7416153980950936,0.03391170503164176,-0.016267781393253244,-0.06364738655975088,2621,630000000,29.9,0,2,2,-14.167584375644457,6.039944391774317,6.8188248864641405,159.21754002571106
-14.343375815519579,3.9466786160617637,6.967859177197259,-6.957831786667466,7.449368912537055,4.899908362354988,0.2538452753928759,0.06790405990641783,0.0031434375987246382,-0.9648532186861396,0.6921088806857296,-0.10363228534116557,0.7241755037302295,0.03496034114505164,-0.016810880333650857,-0.06532740226248279,2621,734000000,29.38,0,2,2,-14.167584375644457,6.039944391774317,6.8188248864641405,159.384259223938
-14.343375815519579,3.9466786160617637,6.967859177197259,-7.090486582461408,7.399186505382223,5.009759144296528,0.24799163968426752,0.06716920293616196,-0.00054964222746786,-0.9664306197120675,0.6928468945576028,-0.0860211865207049,0.6983791449476253,0.031515428418060765,-0.017624885185796302,-0.06594146034331061,2621,838000000,28.74,0,2,2,-14.17740907225948,5.991093863808493,6.842688002129739,159.70426440238953
-14.303072526274946,3.852907719435575,6.949855824363647,-7.278242630806019,7.326951362780289,5.161321339836447,0.241046183587174,0.06536842116619916,-0.0048304292852669635,-0.9682976679953414,0.6473278034127442,-0.06214852239052389,0.6595955340758455,0.007256664775923127,-0.034957828393089585,0.007719320183241507,2622,30000000,27.78,0,2,2,-14.17740907225948,5.991093863808493,6.842688002129739,160.1324532032013
-14.303072526274946,3.852907719435575,6.949855824363647,-7.389288903061402,7.284553954267508,5.263009624946469,0.247793520851521,0.06084529348607126,-0.006581693930028724,-0.9668779150387143,0.5275407956591498,-0.05863693518227174,0.627516213877209,0.013683982524526073,-0.07074500827002339,0.12045487746945582,2622,284000000,26.43,0,2,2,-14.17740907225948,5.991093863808493,6.842688002129739,160.4219992160797
-14.262359495642343,3.760537631184168,6.927925721391707,-7.4620615518534485,7.257466304768007,5.340580737572981,-0.2579301701301515,-0.0557717702951783,0.008390135703622823,0.9645160146921603,0.4480726106831872,-0.06140554280377329,0.6020566236273281,0.01474216187489219,-0.08702232225914486,0.16729388880776241,2622,462000000,26.01,0,2,2,-14.17740907225948,5.991093863808493,6.842688002129739,160.67539596557617
-14.221403688720377,3.669663974830505,6.902113032590307,-7.548650695455065,7.226571731644212,5.448155442091308,-0.2754150460037124,-0.04750410889086147,0.011145150636889981,0.9600862970017534,0.35621738328615365,-0.066162269589417,0.5623749327665355,0.01027418657031376,-0.09247640409739688,0.18310162267880514,2622,612000000,25.91,0,2,2,-14.17740907225948,5.991093863808493,6.842688002129739,160.98258876800537
-14.221403688720377,3.669663974830505,6.902113032590307,-7.592647179905477,7.211653827885145,5.509772639536361,-0.2856816354721796,-0.042761895066648445,0.012546574130069037,0.9572878391381812,0.3147495166742694,-0.0682712958177947,0.5320133343195297,0.005182536415304639,-0.08295779771287926,0.1705465736449696,2622,801000000,26.05,0,2,2,-14.17740907225948,5.991093863808493,6.842688002129739,161.19631576538086
-14.180373291542491,3.58037631457762,6.872469741279475,-7.632608807073928,7.19843037294843,5.568790814831019,-0.29461341911668454,-0.03854565358005216,0.014319176697006684,0.9547314423675295,0.31119267220086283,-0.06957678778157844,0.509808796413442,0.031095403392100707,-0.07577061332995072,0.11387116828700528,2622,924000000,26.22,0,2,2,-14.212798427903222,5.741847636734869,6.926379431917259,161.38986682891846
-14.180373291542491,3.58037631457762,6.872469741279475,-7.675125881205497,7.18292891738201,5.626019905613144,-0.2984339212375101,-0.0351439012125985,0.017061872348645053,0.9536304280874855,0.357116864987248,-0.06947423143697966,0.49622386505064064,0.024319178555742837,-0.06387904795701616,0.029449382236634847,2623,43000000,26.36,0,2,2,-14.215429701766304,5.713332900016607,6.932127812128268,161.58293509483337
-14.139437282152723,3.49275797021996,6.839055545102902,-7.713852759797477,7.167677348380614,5.6724591912780875,-0.29866368227974616,-0.0326952986318401,0.018929390041430932,0.9536103504718982,0.39746815971500726,-0.0696123675983141,0.48481354694566264,0.017684326667222194,-0.05316424758348148,-0.014893038678565063,2623,160000000,26.11,0,2,2,-14.215429701766304,5.713332900016607,6.932127812128268,161.7740182876587
-14.139437282152723,3.49275797021996,6.839055545102902,-7.755611093972389,7.1504041128708575,5.717731423078021,-0.2972224540795394,-0.030635043165974287,0.020408399567927855,0.9540984247698088,0.43611036821086796,-0.06925430526242568,0.4729932927077064,0.01265240434804582,-0.04249384110153187,-0.04271826473996043,2623,276000000,25.67,0,2,2,-14.219592906700878,5.660669943481285,6.940733566057679,161.9490909576416
-14.139437282152723,3.49275797021996,6.839055545102902,-7.80954416656784,7.127321503504546,5.770486988775396,-0.29419375565376416,-0.02870068420899568,0.02168920498117588,0.9550685228021878,0.4784690752741607,-0.06901248089252468,0.4583224493436722,0.00636736676824512,-0.029814403751515783,-0.060913728157174774,2623,373000000,25.1,0,2,2,-14.221194782707684,5.636559659187626,6.943780442666041,162.12354850769043
-14.098764997420908,3.4068858510473015,6.801937735804839,-7.85737120726441,7.1063298263258545,5.813045191007303,-0.29116789200013204,-0.027540094700038893,0.02230822123552424,0.9560152431407246,0.5095217095374298,-0.06759343545618315,0.44486851166126995,0.003040168644474761,-0.019388173495826777,-0.06583882859558798,2623,477000000,24.36,0,2,2,-14.221194782707684,5.636559659187626,6.943780442666041,162.29424834251404
-14.098764997420908,3.4068858510473015,6.801937735804839,-7.907490416094206,7.0839421762298125,5.854243048158633,-0.2880086094587199,-0.026815409007216958,0.022736771737857927,0.9569822432670161,0.5365302838812538,-0.0658663467910467,0.4312959411658671,0.0027165638357473654,-0.0106596115983848,-0.06669169160886668,2623,583000000,23.73,0,2,2,-14.224124885719116,5.583256976310353,6.948643387722666,162.46789741516113
-14.058525696744557,3.3228303091230633,6.761191063713478,-7.959614716730057,7.060345574884992,5.894055249689395,-0.28485267157644517,-0.026458305093918423,0.023043891550057156,0.9579289601267664,0.5599123659225008,-0.06362455894605414,0.41767810149756646,0.0018353950054006418,-0.0037368556377259665,-0.06559712128364481,2623,683000000,23.13,0,2,2,-14.224124885719116,5.583256976310353,6.948643387722666,162.6490354537964
-14.058525696744557,3.3228303091230633,6.761191063713478,-8.013433032040936,7.035621462766929,5.9324196905744415,-0.2817555018668531,-0.026367538550787304,0.02315859081557738,0.9588442364377892,0.5800932248117574,-0.059837775568705995,0.40332068439820545,0.00010741635718680698,0.0017699631371215219,-0.06389360423781909,2623,787000000,22.56,0,2,2,-14.226095941222606,5.534526390242399,6.950821113913327,162.82812452316284
-14.058525696744557,3.3228303091230633,6.761191063713478,-8.068673989090039,7.009860273039669,5.969308296053246,-0.2787378353304534,-0.0264867097522224,0.02319040515863107,0.9597217713850056,0.5974519742462883,-0.055714266254436776,0.38923027414199546,-0.0003100342908624043,0.0053922453389532166,-0.06196375688887201,2623,894000000,22.01,0,2,2,-14.226843553526905,5.510065105996879,6.95109720715608,162.9974226951599
-14.01888812379634,3.2406550122629065,6.716897587203733,-8.136507133253584,6.9776498391767126,6.0116003979235995,-0.27523115295603634,-0.026788829892331938,0.023101386308392792,0.9607270668541201,0.6152812141952959,-0.0491640349465055,0.371855460234748,-0.0015181220419435704,0.008044134574447526,-0.059585053531918675,2623,993000000,21.5,0,2,2,-14.226843553526905,5.510065105996879,6.95109720715608,163.1806128025055
-14.01888812379634,3.2406550122629065,6.716897587203733,-8.19408526339481,6.949817290469194,6.04520767973551,-0.27240969892994016,-0.027110412751035772,0.022980283964592414,0.9615247724308896,0.6277157006022243,-0.04372467233554474,0.3578336315299614,-0.0014978823060118884,0.00884992132341722,-0.057527597527951,2624,101000000,20.92,0,2,2,-14.227956413610475,5.456063069010167,6.9498333815382685,163.35954523086548
-14.01888812379634,3.2406550122629065,6.716897587203733,-8.264187130670557,6.915372784016498,6.083633972398921,-0.2691544194696677,-0.027512288705095214,0.022819847803611223,0.962433492245762,0.6402635062325095,-0.036770434474756,0.34134536514793623,-0.003221544284315314,0.008728802276891656,-0.05494048018590547,2624,200000000,20.45,0,2,2,-14.228221371831355,5.431430913848925,6.948393912782129,163.55894494056702
-13.980020067484556,3.160416836982813,6.669146507442608,-8.311399728711596,6.891789279070347,6.1080965851874405,-0.2670705985871446,-0.027747720192010245,0.02263904256966358,0.9630113359384607,0.6475051934642198,-0.03164193932315507,0.33022037765381396,-0.0038802173321528244,0.0081987368503178,-0.0530730885657249,2624,318000000,19.91,0,2,2,-14.228221371831355,5.431430913848925,6.948393912782129,163.72777581214905
-13.980020067484556,3.160416836982813,6.669146507442608,-8.382752146661868,6.855565611502351,6.143098436400768,-0.2641056988613785,-0.02805307443106042,0.022389532653312824,0.9638256656011368,0.6564186394123637,-0.024200181730085375,0.31408867602720913,-0.003697786064549291,0.006758781955795712,-0.049600859347265214,2624,413000000,19.56,0,2,2,-14.228325527496187,5.38206105146369,6.943971755329946,163.90042805671692
-13.980020067484556,3.160416836982813,6.669146507442608,-8.442586741737205,6.8246942403563775,6.170782832756808,-0.2617881700344069,-0.02823624476108476,0.022194635592487265,0.9644568765179422,0.6623918054661943,-0.018039890529984715,0.30099887379079354,-0.0047913686557876645,0.005317271052263095,-0.046598779954365455,2624,517000000,19.06,0,2,2,-14.228325527496187,5.38206105146369,6.943971755329946,164.07056975364685
-13.942087923299237,3.082165781628348,6.618033988749896,-8.514639010368521,6.786835163942427,6.202226171106087,-0.25921414211156346,-0.02834337854115377,0.021876165274911083,0.9651560054287098,0.6682300433465509,-0.010050340242635434,0.28499385762828927,-0.0056755584864731645,0.0035131507502228487,-0.04268909069651272,2624,625000000,18.66,0,2,2,-14.228325527496187,5.38206105146369,6.943971755329946,164.25948405265808
-13.942087923299237,3.082165781628348,6.618033988749896,-8.586842589200103,6.748167078018594,6.231796699592231,0.2568641783684394,0.02833795334113932,-0.021585119149984778,-0.9657907831941777,0.6727217111199637,-0.002748580075069605,0.26972917730642454,-0.00532347830812796,0.0012922689393235487,-0.038807337477919646,2624,744000000,18.19,0,2,2,-14.227142464665175,5.297729120928497,6.931582971879622,164.44723963737488
-13.942087923299237,3.082165781628348,6.618033988749896,-8.707187882328911,6.682177467533398,6.277137679497818,0.2534521836006065,0.02804375288260801,-0.02112105512074972,-0.9667106286696809,0.6778634556382903,0.009126478511098211,0.24465974919510058,-0.006403934094123542,-0.0023437438130713417,-0.03246483793191146,2624,857000000,17.75,0,2,2,-14.226317981934248,5.267811404338692,6.925715361415934,164.79149842262268
-13.905256256218784,3.0059448998392075,6.5636629649360625,-8.815174011449539,6.6212708387164385,6.313863558046591,0.2509203785350248,0.027498048190280518,-0.020759680786041977,-0.9673943645872799,0.6805435244701664,0.0185543095616891,0.22324878267126694,-0.005851792502653552,-0.005681669790646993,-0.027150636196893174,2625,60000000,17.05,0,2,2,-14.226317981934248,5.267811404338692,6.925715361415934,165.12936353683472
-13.869687366350743,2.9317902544446652,6.506142932007222,-8.922646298738155,6.56050794991775,6.3495121070392635,0.25696967450314995,0.023455346277888707,-0.01711461278815264,-0.9659831898878164,0.5428160407939259,0.002155731342838745,0.1838089813442036,-0.044544322008732706,-0.0497447657835437,0.12245580874150619,2625,255000000,16.46,0,2,2,-14.226317981934248,5.267811404338692,6.925715361415934,165.43388175964355
-13.869687366350743,2.9317902544446652,6.506142932007222,-8.999844550547982,6.518127238314692,6.376679998301053,-0.27136567786085575,-0.017767141777022547,0.014764478502551883,0.9621990478724975,0.4339270909019213,-0.01826311687950635,0.15229896481434518,-0.03578929390641861,-0.06196619215188548,0.19003516936209053,2625,437000000,16.53,0,2,2,-14.219419699764593,5.1222906905991135,6.886758799226932,165.74018025398254
-13.835540858476268,2.8597308918276463,6.445589727654781,-9.055510530646409,6.488726938316005,6.397516846438984,-0.28793691480230493,-0.012469273101186113,0.013379782349337494,0.9574747159830082,0.35162443108219743,-0.033610471169976446,0.1288936093512421,-0.03100613539572805,-0.06225435936357826,0.23022630193736404,2625,621000000,17.42,0,2,2,-14.21636485268072,5.076899449603782,6.871317820544096,165.99809908866882
-13.835540858476268,2.8597308918276463,6.445589727654781,-9.090667686625938,6.4706214707269485,6.411454704936573,-0.301228104049323,-0.008832279502394215,0.012707856329627915,0.9534265207959904,0.306460798588171,-0.03756311500551553,0.11602065875652023,-0.024691679391253274,-0.05359480383049231,0.22645818535238504,2625,783000000,18.68,0,2,2,-14.21636485268072,5.076899449603782,6.871317820544096,166.19131708145142
-13.802973216660124,2.789788836736497,6.38212529797373,-9.116850953446242,6.4568289331229485,6.422241612948463,-0.31156616915596286,-0.006354250248920409,0.012472436249734974,0.9501213522888792,0.29310182005216484,-0.037089749048257584,0.10656840394117628,-0.00094862469879331,-0.04195246619929094,0.18609216203913093,2625,902000000,19.78,0,2,2,-14.210792736849225,5.006132433853182,6.844307328241406,166.38199758529663
-13.802973216660124,2.789788836736497,6.38212529797373,-9.149741918293039,6.437741001805932,6.43405275843847,-0.3186238873905582,-0.004840900055761421,0.013358057122783349,0.9477747339851823,0.3337039191654905,-0.03152343931886652,0.09468426868341275,0.006700732546960353,-0.022026892656867858,0.0781695191108156,2626,2000000,20.67,0,2,2,-14.210792736849225,5.006132433853182,6.844307328241406,166.57140398025513
-13.772137385077528,2.7219791074656707,6.315877451879423,-9.179807014873182,6.418776063665073,6.4428942674764595,-0.3207290109992128,-0.004201692470752623,0.013868720383838512,0.9470601384699723,0.37073670346415627,-0.02673861592292277,0.08441067828255969,0.0034039694128296105,-0.011840297793241916,0.02057302772300318,2626,117000000,21.18,0,2,2,-14.210792736849225,5.006132433853182,6.844307328241406,166.76649522781372
-13.772137385077528,2.7219791074656707,6.315877451879423,-9.219217319679492,6.392497122843496,6.452138736537447,-0.3205532639696967,-0.0037928775171642524,0.014128544966496143,0.9471175234656168,0.4131422079072057,-0.020842041094154096,0.0710589441679598,0.0002836303764297554,-0.005111610198582639,-0.01959481742233038,2626,232000000,21.21,0,2,2,-14.210792736849225,5.006132433853182,6.844307328241406,166.9598867893219
-13.772137385077528,2.7219791074656707,6.315877451879423,-9.262095001365843,6.362814061324568,6.459847055950345,-0.3187344196631431,-0.003566049611119327,0.014149760565875191,0.9477317327641291,0.4511859999081409,-0.01523257200387225,0.05746652452192298,-0.002834057272593782,-0.001945114888712851,-0.03950554346374702,2626,340000000,20.97,0,2,2,-14.210792736849225,5.006132433853182,6.844307328241406,167.15656995773315
-13.743182356195256,2.65630975126882,6.2469796037174685,-9.300170778668535,6.335827106826825,6.465004293175909,-0.31668062082750265,-0.0034250942746327463,0.014024555197779353,0.948422355795677,0.47851881010923325,-0.010435457239033805,0.045518696112087774,-0.003155251533826231,-0.0008655129136059259,-0.045228885574033484,2626,461000000,20.56,0,2,2,-14.196966930212653,4.8642182805657885,6.7801351383584105,167.34461045265198
-13.743182356195256,2.65630975126882,6.2469796037174685,-9.348276259089985,6.301174676836502,6.469687276852115,-0.31406671301438605,-0.0032846720525010016,0.013880015247119324,0.9492937669038949,0.5063561869765597,-0.005137436645803545,0.031883210754860745,-0.002651695945132815,-0.0009161377192867803,-0.045673756540054455,2626,571000000,20.17,0,2,2,-14.19415166492787,4.838854304286436,6.767355759172868,167.53435397148132
-13.716252767427495,2.5927818998102916,6.175570504584947,-9.390073356131833,6.2707161460763094,6.472400669579159,-0.3119539052452782,-0.003156551930372468,0.013792733138340982,0.9499918724361305,0.5256195654311571,-0.0008923310678099792,0.020842820801498047,-0.0019434727278166974,-0.0016063238717833883,-0.04336886449891608,2626,679000000,19.7,0,2,2,-14.19415166492787,4.838854304286436,6.767355759172868,167.7235713005066
-13.716252767427495,2.5927818998102916,6.175570504584947,-9.44185954159461,6.232528998083515,6.474152955376117,-0.30960008332868266,-0.002962338414839686,0.013758048344922443,0.9507627091234316,0.5445611248522688,0.004765412128887999,0.006639817594652819,-0.001039443520767236,-0.002993019825225929,-0.03959507848776411,2626,787000000,19.33,0,2,2,-14.19415166492787,4.838854304286436,6.767355759172868,167.91612124443054
-13.716252767427495,2.5927818998102916,6.175570504584947,-9.495053430030817,6.1928135789317205,6.474284071871552,-0.30746180654160354,-0.0026730002122140085,0.013722827618009113,0.9514577114040357,0.5598605202599962,0.010581702543933733,-0.007505579463089357,-0.00473058453280828,-0.004625522933565662,-0.035311458850628696,2626,907000000,18.92,0,2,2,-14.19415166492787,4.838854304286436,6.767355759172868,168.1252794265747
-13.691488507366863,2.5313898444048584,6.101793962904209,-9.549293396902913,6.151720409475306,6.472725875523462,-0.3055973481200824,-0.0022336333238589783,0.013542867514992224,0.9520619005314828,0.5722032815781719,0.016722305162474676,-0.02204407676852077,-0.005040416044721496,-0.006495986326626735,-0.03060947965423111,2627,29000000,18.55,0,2,2,-14.19415166492787,4.838854304286436,6.767355759172868,168.32176852226257
-13.691488507366863,2.5313898444048584,6.101793962904209,-9.604320836419276,6.109460646770715,6.469564955404869,-0.30397504934078395,-0.0016927228830898007,0.013419812520843184,0.9525839662199937,0.5818589298629803,0.022247400777635474,-0.035539368474812025,-0.004189915580354864,-0.008487725244776811,-0.026786059788719285,2627,146000000,18.21,0,2,2,-14.19415166492787,4.838854304286436,6.767355759172868,168.5200912952423
-13.669024332667991,2.472121130739345,6.025798554811813,-9.659917354330428,6.066245141623176,6.464929316726983,-0.3025500123403719,-0.0010689118998849102,0.013406364391468993,0.9530386229602628,0.589106205017429,0.02752374450927029,-0.04874393558491077,-0.001842826407028042,-0.010399394250271143,-0.02358970268687699,2627,265000000,17.92,0,2,2,-14.171777189808365,4.661427195510524,6.667500443700196,168.71544003486633
-13.669024332667991,2.472121130739345,6.025798554811813,-9.706520494645245,6.029587219172612,6.459901068971791,-0.3014944057377119,-0.0004962815734686904,0.01351049942637184,0.9533720907487871,0.5936529961761356,0.031886003698964514,-0.05998865422660567,-0.0011697625382112165,-0.011927217383345123,-0.021169361389183905,2627,380000000,17.65,0,2,2,-14.167498133750621,4.631031770003325,6.648586796124237,168.91180777549744
-13.669024332667991,2.472121130739345,6.025798554811813,-9.76262632270419,5.984959740009055,6.452556081872055,-0.300381284559236,0.00026172095954216535,0.013705531296474022,0.9537207001006971,0.5973977744861583,0.03672389830732807,-0.07289831452800569,0.0007047069573218323,-0.013413412034424255,-0.018262594130646903,2627,494000000,17.45,0,2,2,-14.167498133750621,4.631031770003325,6.648586796124237,169.10870170593262
-13.648989496635002,2.4149566727154745,5.947737324946002,-9.828150552885466,5.9321384064869935,6.442144926440117,-0.2992912995694927,0.0011962412994433414,0.014089445205372954,0.954057008015015,0.5999739044119604,0.04210742482499617,-0.0881656582983019,0.0015178079138422618,-0.01475624376325868,-0.014912712231307523,2627,613000000,17.24,0,2,2,-14.15935138730877,4.575331614124008,6.612587071124944,169.3064420223236
-13.648989496635002,2.4149566727154745,5.947737324946002,-9.874907855021682,5.894006726476224,6.433591516885425,-0.29864515052105384,0.001905717220170593,0.014390523769350185,0.9542538211282034,0.6008201451226971,0.045471262309430244,-0.09789764863011892,0.001563925343361916,-0.015436323337780777,-0.012701683408522513,2627,739000000,17.03,0,2,2,-14.15396995883689,4.539900865474055,6.588758283321084,169.48386359214783
-13.631507390535248,2.3598708849992422,5.867767478235117,-9.921576677641,5.855611869850624,6.424219065116775,-0.2981011958341176,0.002641926090889672,0.014687777232800415,0.9544176059088385,0.6011012935982626,0.04855847451629972,-0.10690483826398658,-0.0005816720516804708,-0.015751364480820484,-0.01051320923579624,2627,845000000,16.89,0,2,2,-14.15396995883689,4.539900865474055,6.588758283321084,169.66252088546753
-13.631507390535248,2.3598708849992422,5.867767478235117,-9.96810650868267,5.816946516161233,6.414019371662297,-0.2977030250065438,0.003435367102386344,0.014762234710008024,0.9545382043591506,0.6009863879218189,0.05209202594435941,-0.11629756840673666,-0.003787325158555177,-0.015311017705244012,-0.007000283085289993,2627,951000000,16.78,0,2,2,-14.15396995883689,4.539900865474055,6.588758283321084,169.84281396865845
-13.631507390535248,2.3598708849992422,5.867767478235117,-10.023696303736143,5.770230793844195,6.400761425550329,-0.29743698449415346,0.0043730253366248036,0.014784796541528384,0.9546169528641607,0.6000852102147869,0.05584735692899613,-0.12636594490581884,-0.0049392940127290785,-0.014636329160566675,-0.0029586051823571324,2628,56000000,16.68,0,2,2,-14.15396995883689,4.539900865474055,6.588758283321084,170.03419303894043
-13.616695198629978,2.30683183381018,5.786050063307852,-10.069775230684309,5.731043923191354,6.3888571276249095,-0.29738936628397183,0.005129333866305504,0.014750422821502452,0.9546285559220885,0.5991227052269782,0.05904877103229399,-0.13516580933107356,-0.005048170669397223,-0.013921858953835908,0.00023298928795156826,2628,163000000,16.61,0,2,2,-14.137077890870511,4.433879386823915,6.513429757229544,170.2137689590454
-13.616695198629978,2.30683183381018,5.786050063307852,-10.115607486414362,5.691652404212639,6.376211905858009,-0.29747014872218946,0.005846547388357355,0.014724771708479828,0.9545996593341982,0.597773976500334,0.061763534643666754,-0.1430112467260472,-0.004499981514527462,-0.013319061145011801,0.0025833952577158925,2628,268000000,16.57,0,2,2,-14.132917236568941,4.408725308340991,6.494719953877038,170.3926362991333
-13.616695198629978,2.30683183381018,5.786050063307852,-10.17933082653315,5.636249008281488,6.357423918259509,-0.29774064038201725,0.006777704352991679,0.01475901071340591,0.9545086408154568,0.5952760934179951,0.06499590065677659,-0.1530017820919008,-0.001405803777743131,-0.012460681682568975,0.004940811140841106,2628,374000000,16.55,0,2,2,-14.128706444639985,4.38359382211936,6.475680302758272,170.60174298286438
-13.604663567877996,2.255801405432595,5.702749648162687,-10.233512085210679,5.588571039900636,6.340294933196876,-0.29807127179609594,0.007477765031454247,0.01492867028447371,0.9543975768847749,0.5927843322958927,0.06737900874582259,-0.1615722152116265,-0.0006624343086514273,-0.011685557092278032,0.006261572207222343,2628,507000000,16.54,0,2,2,-14.128706444639985,4.38359382211936,6.475680302758272,170.80003452301025
-13.604663567877996,2.255801405432595,5.702749648162687,-10.278346651677058,5.548747610544767,6.325363708148937,-0.2983973027318538,0.008024253210967785,0.015078759352220574,0.9542888934170608,0.5905469339361006,0.06902151828197695,-0.16781803785781987,-0.0003200454585794432,-0.011167678530910052,0.0071500434387417044,2628,617000000,16.56,0,2,2,-14.117562183676236,4.318425450289333,6.424898402627173,171.00242686271667
-13.595516293231295,2.206735491881907,5.618033988749892,-10.331761279157169,5.5008985746159285,6.3067732328944555,-0.29884880710820244,0.00865011046489671,0.015217654474906896,0.9541399211180881,0.5875783547753651,0.07085050908364972,-0.17458966668075598,-0.0037972566360622295,-0.01017821659843321,0.008648580387671245,2628,730000000,16.58,0,2,2,-14.113209338474967,4.2934163120523685,6.40483206588874,171.18998503684998
-13.595516293231295,2.206735491881907,5.618033988749892,-10.384719302241953,5.452958318463581,6.287425671448976,-0.29940958115321636,0.009263446825021882,0.015136695823868188,0.9539596279225401,0.5845023805342472,0.0729326169434981,-0.1813687245138676,-0.004823659310204675,-0.008902528861653991,0.010595990261208499,2628,845000000,16.62,0,2,2,-14.113209338474967,4.2934163120523685,6.40483206588874,171.3844029903412
-13.595516293231295,2.206735491881907,5.618033988749892,-10.42848647399141,5.412961005241015,6.270779573636577,-0.2999472022734502,0.009728728434216738,0.015039497817804632,0.9537876289807765,0.5818123734353532,0.0744904951459183,-0.18652070528577386,-0.005402540773502551,-0.007956364879646571,0.011851925137307262,2628,966000000,16.68,0,2,2,-14.113209338474967,4.2934163120523685,6.40483206588874,171.56596755981445
-13.589350019401854,2.159584193111267,5.532073691133351,-10.48056394541615,5.364886528964703,6.250126457297781,-0.3006726523461723,0.010232504270292033,0.014868328069461421,0.9535565975902505,0.5786686193466787,0.07646122352918254,-0.19312893434414677,-0.005273458236842998,-0.006818232623118092,0.01327653872067458,2629,69000000,16.73,0,2,2,-14.113209338474967,4.2934163120523685,6.40483206588874,171.7567720413208
-13.589350019401854,2.159584193111267,5.532073691133351,-10.523583456659539,5.324789402778762,6.232396884411025,-0.30132550043362405,0.010604495307477247,0.01473354236646884,0.9533485250405725,0.5757215357907155,0.07774612518554903,-0.19771505016430344,-0.0048918316224444425,-0.006149975615699077,0.014013952386449091,2629,181000000,16.82,0,2,2,-14.113209338474967,4.2934163120523685,6.40483206588874,171.94260716438293
-13.589350019401854,2.159584193111267,5.532073691133351,-10.566250010853254,5.284702747253498,6.214280214603873,-0.3020056955519049,0.01094025635296979,0.014614896919754363,0.9531313002064126,0.5726246272696014,0.07877726420561348,-0.20167889910719014,-0.003186384560649458,-0.005572701593337115,0.014414507677429356,2629,282000000,16.89,0,2,2,-14.113209338474967,4.2934163120523685,6.40483206588874,172.12406301498413
-13.586253959936645,2.114292035098086,5.445041867912627,-10.608572730125058,5.244638749724883,6.195738145389462,-0.30268681864575564,0.011196594142729764,0.014633011388847645,0.952911958722005,0.5695808250283658,0.07962426120220609,-0.20641881762402883,-0.0009351821347536315,-0.0048615955165587366,0.014183011717250338,2629,390000000,16.98,0,2,2,-14.113209338474967,4.2934163120523685,6.40483206588874,172.30569696426392
-13.586253959936645,2.114292035098086,5.445041867912627,-10.658899423931677,5.196622994163089,6.172960234460829,-0.3034885845812842,0.011452321823233308,0.014681660180727621,0.9526531227094377,0.565554812142617,0.08042057091045582,-0.21090167889827288,-0.0006658431118466979,-0.004187493550489307,0.013834581932314904,2629,495000000,17.06,0,2,2,-14.079298459030499,4.104280836883324,6.242125845042701,172.48747038841248
-13.586309634393402,2.0707982031062557,5.357113789597275,-10.700448462508806,5.156701413701692,6.153631638338168,-0.3041369530727748,0.011635786053181142,0.014737944574576757,0.9524432346592892,0.5620719102856935,0.08084679337521648,-0.21406244349685094,0.0019733345993699913,-0.0037851500792385195,0.013344558828976005,2629,604000000,17.17,0,2,2,-14.079298459030499,4.104280836883324,6.242125845042701,172.6813452243805
-13.586309634393402,2.0707982031062557,5.357113789597275,-10.74985331765909,5.108920463604556,6.129952809441804,-0.30487357592021,0.01174707121052104,0.015044618669428113,0.9522015377390914,0.5579480978043516,0.08115728131500881,-0.21885154145920277,0.004271856505511096,-0.003232306153222453,0.012426391549524851,2629,714000000,17.25,0,2,2,-14.069402966792715,4.0500552364372915,6.192210878272169,172.87086629867554
-13.586309634393402,2.0707982031062557,5.357113789597275,-10.790649695795297,5.069224833963025,6.10983665419094,-0.30545489825703814,0.011833728794619225,0.015249115450433373,0.9520108888408665,0.554480709681586,0.08147946969509083,-0.22234702265051945,-0.0020307779209360888,-0.002745719211816322,0.012227769275341416,2629,819000000,17.35,0,2,2,-14.069402966792715,4.0500552364372915,6.192210878272169,173.0568723678589
-13.589590624362929,2.029036789378015,5.268466531635312,-10.831084828714554,5.029583472169508,6.089334148825261,-0.30606658174135265,0.012022263729364067,0.014999595138928963,0.9518160141863834,0.5512251314230465,0.08272170248454302,-0.2264024740484904,-0.006980432362979627,-0.0018525408336245164,0.013392755590757588,2629,925000000,17.43,0,2,2,-14.05954809636294,3.996141069094544,6.141254284716569,173.24237942695618
-13.589590624362929,2.029036789378015,5.268466531635312,-10.887064316905587,4.974175626519381,6.060025385883313,-0.3069883335589758,0.012254645625450993,0.014580527807773342,0.9515226717888146,0.546293692421375,0.08401721601959375,-0.23078673645433295,-0.006710946263410733,-0.0012135881434005569,0.014228864802134922,2630,33000000,17.51,0,2,2,-14.055097015129435,3.9717087043311925,6.117667846774336,173.4496488571167
-13.589590624362929,2.029036789378015,5.268466531635312,-10.926597117114888,4.934706127892026,6.038744713359023,-0.307666126536074,0.012384378091758965,0.01432153210276252,0.9513059841501041,0.5427517975987979,0.08474707754561131,-0.23369410743840557,-0.004760832325700903,-0.000768994726740857,0.014274333443609066,2630,158000000,17.65,0,2,2,-14.055097015129435,3.9717087043311925,6.117667846774336,173.62985467910767
-13.59616234903493,1.9889370544701188,5.1792786178068715,-10.965768015792799,4.895315980365231,6.017118782383655,-0.3083367546731595,0.01246355917179505,0.014139452757922062,0.9510905221303079,0.5394274121081603,0.0854457893948434,-0.23708318322039434,-0.003931438413928845,-0.0003786841062947133,0.014052963706490118,2630,262000000,17.75,0,2,2,-14.055097015129435,3.9717087043311925,6.117667846774336,173.81650972366333
-13.59616234903493,1.9889370544701188,5.1792786178068715,-11.012304165047201,4.848178777452644,5.990767692480681,-0.3091252443829544,0.012535679868918853,0.01394417208959353,0.9508364738902995,0.5351287962164488,0.08595753047856779,-0.2400651819904231,-0.0035378368693272932,-0.00020295782405810314,0.013664659491041675,2630,365000000,17.85,0,2,2,-14.0401592552505,3.88906243107642,6.035641282199347,173.99854850769043
-13.606081860953598,1.950423701411545,5.089729660701031,-11.04303502593859,4.81686747093371,5.973028018143083,-0.30963566007185944,0.012575862965838153,0.013823915921644763,0.9506716073550947,0.5320756424218415,0.08615301645991127,-0.24147849260665427,-0.003317474920550012,-8.070532686588194e-05,0.013321083497430664,2630,477000000,17.97,0,2,2,-14.034991194210221,3.8600616076977534,6.006066469780016,174.17542362213135
-13.606081860953598,1.950423701411545,5.089729660701031,-11.081123783833185,4.777849970071008,5.950620220714193,-0.31025523151642886,0.012605112515148096,0.013670833543983529,0.950471415017506,0.5285121401386457,0.08656433699579005,-0.24428183282383992,-0.0031406688776769442,0.00048611374552365305,0.012913226692035096,2630,575000000,18.05,0,2,2,-14.034991194210221,3.8600616076977534,6.006066469780016,174.3544638156891
-13.606081860953598,1.950423701411545,5.089729660701031,-11.126363968959437,4.731211634043821,5.923385311628493,-0.3109744804899691,0.012615502603997802,0.013491208649369884,0.9502387641362676,0.5240944655814472,0.08688626939884639,-0.2470609170251838,-0.004577071194944438,0.0008412766305809782,0.012541266096377512,2630,673000000,18.15,0,2,2,-14.034991194210221,3.8600616076977534,6.006066469780016,174.53690767288208
-13.619397662556434,1.9134171618254512,5.000000000000004,-11.163672512736596,4.692489089113207,5.900366298325349,-0.31157087972648995,0.012642249473729389,0.01320760684278626,0.9500470091296489,0.520563349897942,0.08746942647879377,-0.2500640467105283,-0.005915003976042499,0.0013197708994994173,0.012649010932364035,2630,783000000,18.26,0,2,2,-14.034991194210221,3.8600616076977534,6.006066469780016,174.72054433822632
-13.619397662556434,1.9134171618254512,5.000000000000004,-11.200625557502374,4.653887791559934,5.87705501889171,-0.3121629518380949,0.012655957678608939,0.01292358557420574,0.94985635712505,0.5170340414136368,0.08799142688095615,-0.2525177954299533,-0.005456990584207233,0.001444098302272323,0.012459672325348947,2630,880000000,18.36,0,2,2,-14.01832386071239,3.7641437633155115,5.905430243784956,174.89695072174072
-13.619397662556434,1.9134171618254512,5.000000000000004,-11.244497885858486,4.607761537284999,5.848779995501125,-0.3128569093031562,0.012646098616850884,0.01264824772776527,0.9496318509403876,0.512543764524025,0.08825870062857252,-0.25493113945065116,-0.001545454745155439,0.0015870921288296813,0.011902719052159227,2630,988000000,18.47,0,2,2,-14.014323423277077,3.7403148071193013,5.879657648130235,175.0798795223236
-13.63614954403571,1.877833893125572,4.910270339298972,-11.280690293671894,4.569511551438522,5.824921419728865,-0.313398786051774,0.012565251962409242,0.012610554349801628,0.9494547326036067,0.5089417566391358,0.0881210876100783,-0.2575620690878511,-1.701120384556276e-05,0.0017055113858077675,0.01103004187825718,2631,98000000,18.59,0,2,2,-14.014323423277077,3.7403148071193013,5.879657648130235,175.26839661598206
-13.63614954403571,1.877833893125572,4.910270339298972,-11.316558309135285,4.531449031491307,5.800810527935247,-0.31390033275620915,0.012477822845497366,0.012596153762287926,0.9492903780945925,0.505248867215692,0.08790583142911826,-0.2596160257072041,0.00015867592821905419,0.0016228290178332827,0.010204129466728773,2631,203000000,18.69,0,2,2,-14.005788207639684,3.688148717765412,5.822254042836863,175.44551491737366
-13.63614954403571,1.877833893125572,4.910270339298972,-11.352099861367588,4.4935971979563245,5.776516386131533,-0.3143629234397331,0.012397054165720189,0.01257641269737838,0.949138609086208,0.5014223259405982,0.08761205839122195,-0.26105856495457724,-0.0016602162304479862,0.0015996040815480228,0.009469995984545676,2631,312000000,18.78,0,2,2,-14.005788207639684,3.688148717765412,5.822254042836863,175.60920691490173
-13.656368443005908,1.8435866858678756,4.820721382193137,-11.387307440539217,4.455922470589317,5.752001268592075,-0.31480713865770155,0.012379389989503286,0.012322037524007536,0.9489949333610244,0.49787605858918543,0.08802202592638529,-0.2633983527131775,-0.005312035091264988,0.002011402307289245,0.009397463509230874,2631,407000000,18.88,0,2,2,-14.005788207639684,3.688148717765412,5.822254042836863,175.79427576065063
-13.656368443005908,1.8435866858678756,4.820721382193137,-11.429105779878974,4.4109272796280825,5.722295881331509,-0.31532929655158876,0.012353789208710464,0.011979900746224846,0.9488262752509424,0.4933579178883168,0.08838328319948234,-0.26522893916484586,-0.005280385539663257,0.0021836316591361538,0.009069130646821577,2631,513000000,18.97,0,2,2,-13.994816978519657,3.617573598319677,5.742424061883632,175.97504115104675
-13.680076326403402,1.8105849803110527,4.73153346836469,-11.46355780045556,4.373645109894314,5.697381377307375,-0.31574447852388704,0.012321494891919306,0.011718132563079695,0.9486918838139922,0.48954682118946086,0.08847244586333389,-0.26637362110409335,-0.003987012769357534,0.0022595563905269955,0.008573997092753416,2631,619000000,19.08,0,2,2,-13.994816978519657,3.617573598319677,5.742424061883632,176.1696138381958
-13.680076326403402,1.8105849803110527,4.73153346836469,-11.497691680402808,4.336553729729293,5.672265136637368,-0.3161302403790108,0.01225336986138665,0.011536028343687048,0.9485665217026176,0.4860412990246986,0.08845695219046878,-0.2684028676951477,-0.0027826632731375867,0.0024401836071774596,0.007883223406679463,2631,726000000,19.17,0,2,2,-13.994816978519657,3.617573598319677,5.742424061883632,176.3369071483612
-13.680076326403402,1.8105849803110527,4.73153346836469,-11.531517849347718,4.299663558355236,5.646954736891568,-0.31648631566352353,0.012174314671300571,0.011380255553888758,0.9484506776019197,0.4824280858068392,0.08831608686218835,-0.26991373208971964,-0.0029835095347152674,0.0024455377342746942,0.007298248510778649,2631,825000000,19.27,0,2,2,-13.984068651963408,3.543089128442353,5.6557469525252175,176.509192943573
-13.707286094986122,1.7787351912154206,4.642886210402724,-11.571710791318006,4.255643017608916,5.6162816545688505,-0.31687824034200607,0.012106154313513492,0.011067383642010578,0.9483243827113228,0.4782963100585098,0.08846469630281976,-0.2725894898297802,-0.0047296015509346034,0.0027724650180971366,0.006707490274493466,2631,927000000,19.35,0,2,2,-13.980931906089653,3.5199776735920967,5.628359577238055,176.69372987747192
-13.707286094986122,1.7787351912154206,4.642886210402724,-11.598261317399597,4.226449198162593,5.5956553618971085,-0.3171244700524848,0.012055887792845103,0.010864838121387829,0.9482450534308381,0.475447813780543,0.08849597373201887,-0.27395158437697364,-0.004348005495558027,0.0027294222491036635,0.006434155147871934,2632,38000000,19.46,0,2,2,-13.980931906089653,3.5199776735920967,5.628359577238055,176.85841059684753
-13.707286094986122,1.7787351912154206,4.642886210402724,-11.63117084055022,4.1901466349176095,5.569733151195125,-0.31741220482655313,0.011993629796818495,0.01062626393302209,0.948152270253185,0.4717651953453732,0.08843598546259948,-0.27496444280672533,-0.004045767627758323,0.0026010222200056887,0.005907788545300718,2632,130000000,19.53,0,2,2,-13.980931906089653,3.5199776735920967,5.628359577238055,177.02705073356628
-13.738001510741421,1.7479410398882975,4.554958132087372,-11.670268725866732,4.146846257577782,5.538385996300867,-0.3177210955458452,0.01192720817636995,0.010299184540958089,0.948053254805898,0.467650221994413,0.08853599883113013,-0.27722793545603314,-0.004889263664153987,0.002816420169438061,0.005156558927410515,2632,232000000,19.62,0,2,2,-13.980931906089653,3.5199776735920967,5.628359577238055,177.216228723526
-13.738001510741421,1.7479410398882975,4.554958132087372,-11.696098949162147,4.11814098362141,5.517335562218703,-0.31790468919843085,0.011878550524467867,0.010089474520246118,0.9479945733636833,0.46482546815654224,0.08850622288764096,-0.2783050527178904,-0.0044612974761548685,0.0027650173478832585,0.004718909121947945,2632,337000000,19.72,0,2,2,-13.969067621360226,3.4239001051590274,5.512015023860959,177.39002633094788
-13.738001510741421,1.7479410398882975,4.554958132087372,-11.734489916591011,4.0753513886041235,5.485608249589445,-0.3181443163514161,0.011794109260159417,0.009829241701286075,0.947917970590086,0.4604633942566679,0.0882645168799735,-0.27940584897971377,-0.0010189861001208556,0.0026574478624752373,0.003836876885543461,2632,436000000,19.79,0,2,2,-13.969067621360226,3.4239001051590274,5.512015023860959,177.55594849586487
-13.77221714744992,1.71810389246541,4.467926308866647,-11.759873349450151,4.047019401933156,5.464320977512053,-0.3182699707694996,0.011669583647248138,0.009861112405605107,0.9478769988695821,0.4577587478134745,0.0876174047014601,-0.28096249594808914,0.002313923550900654,0.002681482146726921,0.002920659312621865,2632,540000000,19.89,0,2,2,-13.969067621360226,3.4239001051590274,5.512015023860959,177.71803832054138
-13.77221714744992,1.71810389246541,4.467926308866647,-11.7913838581921,4.011844376996412,5.437552326237662,-0.31838425705695983,0.011499917163201989,0.009955847960320941,0.9478397005057965,0.45418872757981693,0.08670924927153494,-0.28226038174451745,0.00287744878733065,0.002533226370360353,0.001986461029446218,2632,634000000,19.95,0,2,2,-13.962602827093484,3.3606497795856805,5.432926430974649,177.89038920402527
-13.77221714744992,1.71810389246541,4.467926308866647,-11.841279109396707,3.9561386383507724,5.394472775953623,-0.3184783099774035,0.011277765339289574,0.010011796109607559,0.9478101824846303,0.44843566608435526,0.08555461575825576,-0.2838925878469011,-0.0018057258785120212,0.002501756353012752,0.0006633824000346067,2632,737000000,19.93,0,2,2,-13.962602827093484,3.3606497795856805,5.432926430974649,178.13114976882935
-13.809918364591843,1.6891231034023886,4.3819660112501095,-11.884406697130963,3.90790933204894,5.356473544651259,-0.3184881955149812,0.011150998366096418,0.00981413200042666,0.9478104279686568,0.4437100770531847,0.08515181019779475,-0.285518786217029,-0.002091247165481036,0.002656070091688889,-0.0002607577570756803,2632,882000000,20.13,0,2,2,-13.962602827093484,3.3606497795856805,5.432926430974649,178.39348721504211
-13.809918364591843,1.6891231034023886,4.3819660112501095,-11.926742743843008,3.86016224757941,5.318211568115904,-0.31849524594116707,0.011039850758982322,0.009577201651884637,0.9478117836451571,0.4338399383957408,0.08788806125655159,-0.2871738527470009,-0.0031323150324169546,0.0024934054408731754,0.001152411573457357,2633,36000000,20.22,0,2,2,-13.955573434117651,3.2714476007495352,5.318140126842763,178.64195251464844
-13.851081304720704,1.6608963631376414,4.297250351837316,-11.967063609736591,3.8130392685547316,5.279548994561495,-0.31865853172475017,0.01094770837043427,0.009354771313893697,0.9477601891270422,0.4150631067124343,0.09561910589252799,-0.29082918351646214,-0.0020168520904917386,0.0017462527580391907,0.004032172910228837,2633,177000000,20.22,0,2,2,-13.955573434117651,3.2714476007495352,5.318140126842763,178.87896943092346
-13.851081304720704,1.6608963631376414,4.297250351837316,-12.008577307244874,3.7603127656051845,5.234439670492997,-0.3190780708909698,0.010899446114055928,0.00926299211306831,0.9476204850719603,0.38035591280098563,0.1097330607823503,-0.29609849752049616,3.75448896750008e-05,-0.0001456945042832558,0.006569695369762485,2633,314000000,20.44,0,2,2,-13.955573434117651,3.2714476007495352,5.318140126842763,179.14666485786438
-13.895672914366806,1.6333200488784598,4.213949936692157,-12.039274130610831,3.715658065216735,5.194107503921905,-0.31956321713955055,0.01094658572865361,0.009199129463665022,0.9474570694914974,0.34042607984791073,0.12619445131794899,-0.3020246086250319,-0.0016428373214694147,-0.000304505681469891,0.007928593549877405,2633,471000000,20.63,0,2,2,-13.955573434117651,3.2714476007495352,5.318140126842763,179.38836216926575
-13.895672914366806,1.6333200488784598,4.213949936692157,-12.066773413101872,3.6665370844668224,5.146739534355178,-0.32019486196462016,0.010888777604776342,0.009213949277014064,0.9472443127474832,0.29129610946060114,0.14658594530980257,-0.30948918618709526,0.0020389844166857074,0.0015825011018932855,0.008474468268104829,2633,614000000,20.82,0,2,2,-13.950194192798701,3.144729732200013,5.149111536738065,179.63322806358337
-13.943650988470747,1.6062895774554231,4.132232521764885,-12.081998156909805,3.631103944260612,5.110271839055619,-0.32065126737303495,0.01054673617712988,0.009717157040619357,0.9470887539967542,0.25594002591972675,0.16026521928713328,-0.31616231422197577,0.016681019769748673,0.00356771436145209,0.006989729672568501,2633,761000000,21.08,0,2,2,-13.950194192798701,3.144729732200013,5.149111536738065,179.8299641609192
-13.943650988470747,1.6062895774554231,4.132232521764885,-12.091466566428709,3.6025091965013503,5.079200955702407,-0.3209414165578762,0.010048513370606638,0.010491856822885639,0.9469876215966458,0.22842003819686463,0.16933706555781852,-0.3208899028118827,0.019450599575066008,0.004864359743805835,0.004579104734148132,2633,877000000,21.27,0,2,2,-13.949825582563749,3.084717671791798,5.066861846681259,180.021399974823
-13.994964238284453,1.5796997591868318,4.052262675054007,-12.098276097185206,3.574913864746719,5.047803621319674,-0.3210738783097246,0.009492348195263409,0.01130144356696581,0.9469391413212331,0.20218888229295798,0.17613747245069383,-0.32315554154411263,0.013005578693991993,0.005846615931659471,0.0010724994695010537,2633,978000000,21.43,0,2,2,-13.950055516187351,3.0634790010935253,5.037447738351092,180.21473956108093
-13.994964238284453,1.5796997591868318,4.052262675054007,-12.103260095575726,3.5429785417782353,5.0096954737329735,-0.3210029119207462,0.00898540717190772,0.011518631761512856,0.9469655295303516,0.17411331377351794,0.1847086645491765,-0.32648403171139306,0.0048369940031989245,0.007501646769014769,-0.0035495066413204768,2634,91000000,21.57,0,2,2,-13.950055516187351,3.0634790010935253,5.037447738351092,180.4107208251953
-13.994964238284453,1.5796997591868318,4.052262675054007,-12.105089199093925,3.5122785301706414,4.971243863241551,-0.32064725121319876,0.008439816072318883,0.011615372453562704,0.9470898547217419,0.14827268318720882,0.19168091038625165,-0.32851940904053256,0.0032428782105853315,0.008749302742216969,-0.008569826513848966,2634,207000000,21.7,0,2,2,-13.951916285405753,3.0168777392652677,4.9726633589192,180.62204551696777
-14.049552382614877,1.5534451516941854,3.974201445188189,-12.103719100299264,3.4779160380282073,4.92592665019733,-0.31989222622054925,0.0077420023621176,0.011617697867095406,0.9473510722532352,0.12165054367861088,0.19870269403450172,-0.3316044233008805,0.003653177236628835,0.010075677346321754,-0.013782122186967172,2634,331000000,21.79,0,2,2,-13.953568105308511,2.9915906259337417,4.937356043772658,180.8754632472992
-14.049552382614877,1.5534451516941854,3.974201445188189,-12.09987204410488,3.449596530093786,4.886715502944448,-0.318974746776686,0.007079950553615486,0.01164724861392371,0.947665197640302,0.10077392463377641,0.20364246420402807,-0.33330431392095206,0.004615923035089509,0.010565706634224625,-0.018466655819793232,2634,472000000,21.85,0,2,2,-13.953568105308511,2.9915906259337417,4.937356043772658,181.09491848945618
-14.107346262223295,1.527420412612428,3.898206037095793,-12.092590299244003,3.417878675551216,4.840747080051303,-0.31755986060307856,0.006265413815757976,0.011746734176644815,0.9481447641366025,0.07853079769665061,0.20791709422545535,-0.3347418011466948,0.00628375742053322,0.010913523237832123,-0.02388472803431796,2634,587000000,21.87,0,2,2,-13.95800941503847,2.9373949323754713,4.861073707103785,181.3398048877716
-14.107346262223295,1.527420412612428,3.898206037095793,-12.084264984930416,3.391752378116353,4.80110285847175,-0.3160616539932804,0.005537794350139746,0.01189066658373265,0.9486479725150747,0.061534957702197766,0.21078783844099824,-0.33651069932059563,0.006360231463986565,0.010944886435027001,-0.028454604762373492,2634,729000000,21.84,0,2,2,-13.963024556585184,2.9077728061886328,4.819845918218813,181.55686354637146
-14.168267977131398,1.501520650144207,3.824429495415055,-12.072404213378592,3.3623894136387573,4.754565170890201,-0.31399789101729464,0.00465412197999973,0.012212278601570805,0.9493337262715593,0.04349320782122428,0.21284772078339023,-0.3384592451478103,0.012673068613366922,0.010556405413808534,-0.03355050794198178,2634,854000000,21.76,0,2,2,-13.970120998009445,2.881655757951821,4.784313405049117,181.78318452835083
-14.168267977131398,1.501520650144207,3.824429495415055,-12.060650333126674,3.338229339081607,4.714484436962209,-0.3119497036407162,0.003854796078387345,0.012741077959767023,0.9500053620259659,0.028928419350322598,0.21305449105018132,-0.33953993084137657,0.012962271830474492,0.009953520566341467,-0.0381375659344485,2634,982000000,21.62,0,2,2,-13.970120998009445,2.881655757951821,4.784313405049117,181.99661326408386
-14.232231046524186,1.4756417704159197,3.7530203962825315,-12.043159686326472,3.3073703151423084,4.660938991172017,-0.30893389780032593,0.0028744402539957322,0.01321140156426379,0.9509874043602426,0.0159189060787531,0.21153377131827145,-0.3402143198955752,0.0059455687733134255,0.011252594867983134,-0.03905306548404042,2635,112000000,21.46,0,2,2,-13.991146141084124,2.8238975139513567,4.707163637396579,182.26739931106567
-14.232231046524186,1.4756417704159197,3.7530203962825315,-12.029755591136023,3.2848199271983125,4.620749451135673,-0.3068327689616084,0.0020957484455970702,0.013284851620716465,0.9516684151779025,0.01657736074525299,0.20760600159277023,-0.339990572445935,0.004881749055130058,0.013541387852455955,-0.033718757185852155,2635,276000000,21.18,0,2,2,-14.006512229640906,2.7880815718926684,4.6597471325205015,182.4758095741272
-14.232231046524186,1.4756417704159197,3.7530203962825315,-12.013854771315588,3.2548115470183636,4.567306828819115,-0.3046372533918698,0.0008621356862153363,0.01345551117619231,0.952373009795481,0.04149266509796921,0.19329841324197727,-0.3382955419774506,0.010440250298415776,0.015054966206662357,-0.021698197997466195,2635,395000000,20.99,0,2,2,-14.006512229640906,2.7880815718926684,4.6597471325205015,182.7299370765686
-14.29914059087924,1.449680820605077,3.684122548120576,-12.006947452584118,3.2315132436557406,4.527550952197177,-0.3037325369009283,-0.00014649772569594322,0.013767235669144222,0.9526578545249982,0.08288282052498644,0.17327336771242757,-0.3348596424329692,0.00967494743235875,0.014002022180648055,-0.010715516145864967,2635,538000000,20.81,0,2,2,-14.033923248160153,2.726298700811656,4.577240776062856,182.9349009990692
-14.29914059087924,1.449680820605077,3.684122548120576,-12.005529374340265,3.211341320713058,4.494787313796997,-0.30339078956978466,-0.0008597592608488181,0.013949747280729046,0.9527637137134473,0.11855853635632727,0.1564061294519145,-0.33111246157949,0.0067304230924492,0.011201450070075225,-0.004469887835512054,2635,658000000,20.76,0,2,2,-14.044923036491756,2.700511664561072,4.542180890788598,183.1269724369049
-14.368893535892646,1.423536326822833,3.6178747020262687,-12.007823783198493,3.190518230595512,4.462415285944253,-0.30327873738593797,-0.001377725153981861,0.014061284161329794,0.952797139799824,0.15172510744783158,0.1407572987702994,-0.3268822461515646,0.0053190683047432685,0.007556127138741431,-0.0008777071116128354,2635,759000000,20.76,0,2,2,-14.044923036491756,2.700511664561072,4.542180890788598,183.30912828445435
-14.368893535892646,1.423536326822833,3.6178747020262687,-12.013555221157343,3.1691173349759367,4.430421679582946,-0.30325709038013265,-0.0017186884434415677,0.014227459497840853,0.9528010089417662,0.18197648244916617,0.12597788633184573,-0.3228686693361884,0.004492443804338109,0.003828303965747182,-0.0002599283220661164,2635,866000000,20.79,0,2,2,-14.06223592390222,2.6585242376243006,4.484235935904808,183.49104690551758
-14.44137883771317,1.3971086257532077,3.554410272345218,-12.024480590424815,3.1428215930850176,4.392577455383501,-0.3031854843162425,-0.0018499639761903643,0.014325937393234962,0.9528220753377921,0.21335012572336134,0.1101769448710344,-0.3174563522197472,-0.003461574942775769,-6.936083263298087e-05,-0.0021574568108917447,2635,969000000,20.83,0,2,2,-14.07052620127665,2.6379558915953196,4.455460720954643,183.7134997844696
-14.44137883771317,1.3971086257532077,3.554410272345218,-12.039289339168462,3.115926162848433,4.355305270862868,-0.3029867065498274,-0.0016297699664114679,0.013973217694047435,0.9528909427060474,0.24072875379235473,0.09694943528131156,-0.31244112115592515,-0.007965913937368896,-0.0029331473115234985,-0.004866287326876773,2636,81000000,20.87,0,2,2,-14.080193129556418,2.6136400360415326,4.421166796288914,183.92857432365417
-14.44137883771317,1.3971086257532077,3.554410272345218,-12.057419476560048,3.0885504169826006,4.318617557575216,-0.3026256040456392,-0.0012291230899592895,0.01355897351698207,0.95301227026183,0.26264170489875727,0.08611489157186505,-0.3077821687320442,-0.008949968287197407,-0.005110678239361732,-0.0076108958637632895,2636,206000000,20.89,0,2,2,-14.089671486579197,2.5896875651976847,4.387074050288331,184.16690039634705
-14.516477728939526,1.370300189070615,3.493857067992777,-12.08157368806527,3.056224207696532,4.276385874965071,-0.3020352901218343,-0.0006105042441841282,0.013049099796724872,0.9532072344459425,0.27767494023911876,0.0785187647311651,-0.30380192932782635,-0.01032541458698688,-0.006912837716299691,-0.010002701492339838,2636,331000000,20.88,0,2,2,-14.098992227769886,2.566096767766084,4.353233833934268,184.38522171974182
-14.516477728939526,1.370300189070615,3.493857067992777,-12.110781969567896,3.0192080672117827,4.228757085687708,-0.30119927486518916,0.0002419104481344329,0.012425729763493244,0.953480225038707,0.27995763820890085,0.07660982712683008,-0.29995043734387444,-0.010611630841594888,-0.008243051615863806,-0.011852327043015976,2636,472000000,20.86,0,2,2,-14.098992227769886,2.566096767766084,4.353233833934268,184.66606903076172
-14.594063984779455,1.3430159396806216,3.436337035063941,-12.135976568000519,2.9871245999490244,4.187496843972614,-0.30036928167334503,0.0010164354553132632,0.012037390029391526,0.9537464876618336,0.27134793330353746,0.0792432519098691,-0.29854300237426645,-0.006948422696950729,-0.009200222666549962,-0.013083658450341318,2636,633000000,20.82,0,2,2,-14.098992227769886,2.566096767766084,4.353233833934268,184.89361023902893
-14.594063984779455,1.3430159396806216,3.436337035063941,-12.156274804735828,2.9600806852115693,4.1522178218546,-0.29959855538613916,0.0016723808822931016,0.011843232408929105,0.9539903807685017,0.25683017661284635,0.08439484804817571,-0.2986921198628646,-0.005721644356526667,-0.00959370545388083,-0.01404238155373605,2636,761000000,20.78,0,2,2,-14.098992227769886,2.566096767766084,4.353233833934268,185.13082146644592
-14.674004208715575,1.3151635588544948,3.3819660112501038,-12.1769803318663,2.9293871608133983,4.1109122098636925,-0.29862903312652445,0.002294516862365645,0.012101163225324053,0.9542897870222018,0.22941922389956462,0.0938265178721529,-0.30129877234791336,0.01004742489385535,-0.009091275478567695,-0.015086113944562385,2636,890000000,20.74,0,2,2,-14.142466541170952,2.4599387195565865,4.197874627852126,185.3656108379364
-14.674004208715575,1.3151635588544948,3.3819660112501038,-12.191358973216843,2.904079042189274,4.0751139329029336,-0.29775028897291267,0.0025687585055038393,0.012900659078460433,0.9545531624229362,0.20243686931647797,0.10244847949296995,-0.30493341456452716,0.012657499792112503,-0.007175378550527967,-0.01571897246321896,2637,20000000,20.69,0,2,2,-14.142466541170952,2.4599387195565865,4.197874627852126,185.6047694683075
-14.756158136970098,1.2866537833567335,3.330853492557395,-12.205833528532903,2.8718617433856912,4.0268486010062645,-0.29652336996415574,0.002566337325701804,0.01452447934020134,0.9549116945967974,0.17056915712009707,0.10922134600274727,-0.3075311617566759,0.026617835646902677,-0.005039279494667426,-0.016692091776349116,2637,156000000,20.56,0,2,2,-14.142466541170952,2.4599387195565865,4.197874627852126,185.85836791992188
-14.756158136970098,1.2866537833567335,3.330853492557395,-12.213895246492385,2.8490059523428544,3.9905581123872595,-0.29553864592354556,0.0023652267159471347,0.016078382238441845,0.9551925460831725,0.1489007585342726,0.11186324711571219,-0.30804669549984043,0.025124448075075634,-0.0035000375191884814,-0.017945532636076678,2637,297000000,20.6,0,2,2,-14.142466541170952,2.4599387195565865,4.197874627852126,186.09124207496643
-14.840378961010297,1.2574006916957472,3.283102412796267,-12.219655452938103,2.827206503460842,3.954219118295149,-0.2944711086959463,0.0021827965082622386,0.017192497522741042,0.9555032284465156,0.12862444263991218,0.11554412580138743,-0.3090752800920423,0.00855554217196186,-0.0009459090108521195,-0.019441861513769254,2637,421000000,20.55,0,2,2,-14.187279311675805,2.362805698486739,4.052470245137011,186.31721758842468
-14.840378961010297,1.2574006916957472,3.283102412796267,-12.223235705189738,2.806204854468659,3.9177017020815996,-0.29330507752065094,0.0020546225368761727,0.017566031084070018,0.9558552947903722,0.11047908897905478,0.12035651246416783,-0.3107628472001969,0.00550185764041089,0.0016082874367384647,-0.021282054149196483,2637,539000000,20.48,0,2,2,-14.187279311675805,2.362805698486739,4.052470245137011,186.54245233535767
-14.926513667287587,1.2273219786613712,3.2388089362865244,-12.225288975622632,2.782553726807335,3.8749337526064047,-0.2918214507021001,0.0016853821781304696,0.01827371541092531,0.9562967487773425,0.09886331526542286,0.12035740909603801,-0.3104460675883572,0.01932886752911145,0.0026379816290500457,-0.02242961127194576,2637,669000000,20.4,0,2,2,-14.187279311675805,2.362805698486739,4.052470245137011,186.8150656223297
-14.926513667287587,1.2273219786613712,3.2388089362865244,-12.227438699757608,2.756484861349172,3.826438673655769,-0.29009781422901015,0.0010794624050321795,0.019645094103524864,0.9567947341086961,0.09790811763458614,0.11368632461721892,-0.3071488473715001,0.017725659199641086,0.0026605563562043244,-0.02253844777442282,2637,816000000,20.3,0,2,2,-14.22168601980755,2.2969881113779893,3.953274877790058,187.0784411430359
-15.014403393356975,1.1963392173488867,3.1980622641951637,-12.229644984627637,2.7373586874901608,3.7904338613408752,-0.2888154085487486,0.0007782440373921354,0.020093246289875383,0.9571736078552167,0.10224032400210466,0.108997483726752,-0.30472519022082406,0.0005007342508633883,0.003701422633639595,-0.021857496722077485,2637,967000000,20.16,0,2,2,-14.22168601980755,2.2969881113779893,3.953274877790058,187.29313015937805
-15.014403393356975,1.1963392173488867,3.1980622641951637,-12.232983156472953,2.7182329216370027,3.7547392319140154,-0.2875916753680663,0.0005617055117301626,0.019996949667064688,0.9575441685634765,0.11588496061177019,0.10193499370537992,-0.3007860766311248,-0.0007707239831233892,0.005292752166496939,-0.02022854969254695,2638,86000000,20.06,0,2,2,-14.24881926085479,2.249689115003212,3.882118214776285,187.51408219337463
-15.103883799479043,1.1643781079072553,3.1609444548970993,-12.239257830304886,2.698741721874793,3.719716689368961,-0.2864931475917433,0.0002804351406551428,0.019770444995287233,0.957878242389812,0.1408311282917089,0.09066887156733697,-0.29444784619613634,-0.004063415190103115,0.006119850650065928,-0.018174207798438147,2638,211000000,19.96,0,2,2,-14.24881926085479,2.249689115003212,3.882118214776285,187.7061367034912
-15.103883799479043,1.1643781079072553,3.1609444548970993,-12.248771366261009,2.678771487270907,3.685402374211328,-0.2854786227912096,5.173363815882785e-05,0.019404620734122427,0.9581886108418476,0.1663648310897442,0.0796343767238847,-0.28796930613765837,-0.004337666450737743,0.005281204175844323,-0.01724823650874896,2638,320000000,19.88,0,2,2,-14.273487666714125,2.2098588084951762,3.822497904076191,187.92744040489197
-15.103883799479043,1.1643781079072553,3.1609444548970993,-12.259369953948736,2.6617471340916006,3.6574317298660772,-0.28465276929426164,-8.269863380913796e-05,0.019107977522311213,0.9584402325075104,0.18807407759615505,0.07014264284606272,-0.2820395073153243,-0.00546356809536519,0.003896916859957855,-0.017138464863819536,2638,440000000,19.81,0,2,2,-14.273487666714125,2.2098588084951762,3.822497904076191,188.12016129493713
-15.194785454764899,1.131368712289839,3.1275302587205274,-12.27487536766078,2.640928732275166,3.6245560771075387,-0.283659265095964,-0.00012091942132899137,0.01871885576392858,0.9587424112568508,0.20945386915384204,0.06084992789911022,-0.27562719091482546,-0.006070022709536715,0.0017617400430935959,-0.017461412426200695,2638,551000000,19.75,0,2,2,-14.297415504692962,2.1738305020825424,3.7689495274769245,188.3303942680359
-15.194785454764899,1.131368712289839,3.1275302587205274,-12.296054307883129,2.6162775259992213,3.5871668506695182,-0.28245381971717815,4.325015852299843e-06,0.01827610853253215,0.9591067842348822,0.2260698825007109,0.05323379226979846,-0.26824289336225987,-0.00693786323608947,-0.0008454194130536052,-0.018365189134783577,2638,665000000,19.67,0,2,2,-14.297415504692962,2.1738305020825424,3.7689495274769245,188.5902135372162
-15.286934236885259,1.0972456743280026,3.097886967409693,-12.322393038241259,2.5880318009077903,3.545548871033692,-0.2810074251144972,0.0002659670650337828,0.018077127028913342,0.9595352905289212,0.2352016652349754,0.047825693756580315,-0.261290167906876,-0.0004649952558111181,-0.0030520219524987624,-0.019350568982190453,2638,811000000,19.57,0,2,2,-14.327310827024611,2.131820468120815,3.7071496917559523,188.8343014717102
-15.286934236885259,1.0972456743280026,3.097886967409693,-12.342925232683928,2.566992289245779,3.5149857606185693,-0.27988197790629926,0.0005058793096623972,0.018126268868414633,0.9598631469674683,0.23407927374456286,0.04669771031849368,-0.25745346404271846,5.763027104421781e-05,-0.004333642255005543,-0.019744681048905477,2638,962000000,19.44,0,2,2,-14.327310827024611,2.131820468120815,3.7071496917559523,189.07989263534546
-15.380151744327637,1.0619484244926003,3.0720742786082944,-12.366395814357318,2.5428548479482145,3.4798430352866037,-0.2785502757207245,0.0008179819350949986,0.018306133260313745,0.9602468225860044,0.2282318241248607,0.04693104536896494,-0.253699851954412,0.003173524146404816,-0.0048368857733294135,-0.020045687961101066,2639,93000000,19.33,0,2,2,-14.327310827024611,2.131820468120815,3.7071496917559523,189.30265712738037
-15.380151744327637,1.0619484244926003,3.0720742786082944,-12.38583025301387,2.5225982960495097,3.4501223115772364,-0.27739574860937805,0.001059475440258974,0.018583886664636826,0.96057540845145,0.21835803458736155,0.04877372410487961,-0.25127394023192645,0.003921277175322757,-0.00480036160297459,-0.020069951824552845,2639,223000000,19.21,0,2,2,-14.327310827024611,2.131820468120815,3.7071496917559523,189.5300853252411
-15.474255720151977,1.0254213687541995,3.050144175636353,-12.403721628214882,2.5029116544077814,3.420610789049843,-0.2762519327444147,0.0012616618226850337,0.01892912921036321,0.9608979997542706,0.2029600077540931,0.052761531623264704,-0.2503207517076286,0.006410602236428531,-0.0040657415411260445,-0.019673657334351446,2639,337000000,19.1,0,2,2,-14.327310827024611,2.131820468120815,3.7071496917559523,189.78500699996948
-15.474255720151977,1.0254213687541995,3.050144175636353,-12.419664703175572,2.483847708221627,3.391125804044428,-0.27513772584556856,0.0013614557161640336,0.01938013553908028,0.9612085042285823,0.18519740368407153,0.057712272976846335,-0.2506810392531117,0.007412257946270984,-0.0025664504846645286,-0.01918604084494291,2639,476000000,18.9,0,2,2,-14.327310827024611,2.131820468120815,3.7071496917559523,189.98892164230347
-15.569060486163298,0.9876140610008809,3.0321408228027416,-12.433471353539987,2.4654198609927205,3.3615656712836923,-0.27404920066853433,0.0013220310680891953,0.019958398774779756,0.9615076443612599,0.1676650264804855,0.06236090778616608,-0.25163171291402425,0.01714316131256055,-0.0010887012649618555,-0.018300245028513018,2639,589000000,18.89,0,2,2,-14.427121194934642,2.009421798820415,3.5332939310203937,190.20072197914124
-15.569060486163298,0.9876140610008809,3.0321408228027416,-12.443542254094854,2.4505511034357004,3.336817425926724,-0.27321021796859707,0.0011134158152322198,0.020872304559784102,0.9617272399205179,0.15488087931457278,0.06482161134377355,-0.25289669830945327,0.01905635726870969,-0.0002899061342986897,-0.01694036018307088,2639,711000000,18.8,0,2,2,-14.427121194934642,2.009421798820415,3.5332939310203937,190.38666987419128
-15.569060486163298,0.9876140610008809,3.0321408228027416,-12.454161488775007,2.4332445307225026,3.306977450151195,-0.2722654421008037,0.0008125128755140931,0.021967849814917877,0.9619710403307318,0.14340399940926007,0.0661154654732241,-0.2533549546008004,0.02251127461931901,0.00024762859709426266,-0.01568778698128881,2639,811000000,18.73,0,2,2,-14.427121194934642,2.009421798820415,3.5332939310203937,190.5742311477661
-15.664377386391834,0.9484813585216545,3.018100476464131,-12.462798969488107,2.4192163165421223,3.282356728549656,-0.27156707710232714,0.0005173358431934533,0.023129367795682615,0.9621414071450702,0.14379924306700703,0.06162215385388773,-0.24932565907761442,0.023387721557810437,-0.0007378253144452174,-0.013777629101241473,2639,918000000,18.66,0,2,2,-14.427121194934642,2.009421798820415,3.5332939310203937,190.78354120254517
-15.664377386391834,0.9484813585216545,3.018100476464131,-12.475249146472207,2.400131759176919,3.248565899855448,-0.2706934658711953,0.00021434180198050788,0.024596870982646214,0.9623512848903435,0.1432740760516678,0.05640664118555574,-0.24371787958344115,0.01991951558011351,-0.001528587415577931,-0.012512150442489656,2640,29000000,18.61,0,2,2,-14.490227094479344,1.9424748935272582,3.4437514801621805,191.02073168754578
-15.76001523874531,0.9079835601142272,3.0080514120095225,-12.486045028296546,2.3842125601345856,3.2201908922392133,-0.26995349246838074,0.0001161437492990889,0.025308019007635067,0.9625407017828712,0.14189881558987327,0.05434910121080229,-0.23959169516394244,0.001330647330632928,-0.000692161415827286,-0.013988222872285405,2640,160000000,18.54,0,2,2,-14.51142215129248,1.9213931682178795,3.416621714382999,191.25146293640137
-15.76001523874531,0.9079835601142272,3.0080514120095225,-12.499087836920578,2.3657821250104694,3.1877803441349215,-0.2689031555624504,0.00013106785792185716,0.025271606039016587,0.962835615085972,0.1530283289486382,0.049212611110597534,-0.23212879353679838,-0.0017041053979482967,0.0013271456964503159,-0.01696138879196951,2640,282000000,18.48,0,2,2,-14.530013984657527,1.9033990780796766,3.3939257933325564,191.49859142303467
-15.76001523874531,0.9079835601142272,3.0080514120095225,-12.512799512468176,2.3496768299312984,3.16108099075642,-0.2678543998310321,0.000126832326058866,0.02495617616793208,0.9631361241671883,0.17408514872228356,0.041234918841576304,-0.2229023632148155,-0.00847349383548135,0.0023224462893267628,-0.019076726312050596,2640,422000000,18.38,0,2,2,-14.552172150786165,1.8825007487506096,3.3681179561434544,191.71634912490845
-15.85578079367589,0.8660865264278437,3.0020138669173706,-12.526332989956135,2.335927059575221,3.1396699112086535,-0.26689600431047855,0.0001521370748083159,0.024506127175508676,0.9634136959106762,0.1923951170901547,0.03478078105280686,-0.21504892512188833,-0.008510286534146871,0.0023752825200062944,-0.020514015886874404,2640,538000000,18.28,0,2,2,-14.552172150786165,1.8825007487506096,3.3681179561434544,191.91494703292847
-15.85578079367589,0.8660865264278437,3.0020138669173706,-12.545254521101661,2.319008761746423,3.1150320922780086,-0.2656558196270127,0.00019433857316852876,0.02398872605191181,0.9637694167969979,0.21513335136285247,0.02671813791766951,-0.20512431399511474,-0.008104937296593562,0.0017474808942097297,-0.022043823810236063,2640,656000000,18.1,0,2,2,-14.591324888590814,1.8468912181764827,3.3256037681147554,192.12848687171936
-15.951479198684485,0.8227617822048631,3.0,-12.570634679514097,2.298793731761865,3.087740064189248,-0.264132604274431,0.00030386533467528613,0.02345715098461973,0.9642010356210731,0.23502071236130004,0.01976449171914558,-0.1944529194481014,-0.006629710605920991,0.0002191673715401521,-0.022620359959546477,2640,772000000,18.06,0,2,2,-14.591324888590814,1.8468912181764827,3.3256037681147554,192.36140942573547
-15.951479198684485,0.8227617822048631,3.0,-12.594247842494099,2.2812294721055153,3.0654295597174723,-0.2628204314855813,0.00046047711597645494,0.023099224181751993,0.9645681078061619,0.247177611528791,0.015531270422361432,-0.18609543470969464,-0.00604586834924703,-0.0009111414726703515,-0.022983187773206737,2640,898000000,17.89,0,2,2,-14.591324888590814,1.8468912181764827,3.3256037681147554,192.59380435943604
-16.04691446746932,0.7779866001387802,3.0020138669173706,-12.623598862144785,2.2605608418224072,3.040652701973922,-0.2612527157421917,0.0006952047933535752,0.022743996880507225,0.9650021999008729,0.2558253064247993,0.0125965997784075,-0.17726625397206958,-0.005093172921988298,-0.0018335592812945833,-0.023165494530985598,2641,17000000,17.75,0,2,2,-14.591324888590814,1.8468912181764827,3.3256037681147554,192.83779406547546
-16.04691446746932,0.7779866001387802,3.0020138669173706,-12.649019850958123,2.242902890480942,3.0202366701675847,-0.25993597049744505,0.0009153878522611403,0.02251325982838678,0.9653629402657482,0.25150993872010197,0.01436488498134196,-0.17225346945924724,-0.0039529873447463615,-0.002146683209502953,-0.022236308177525643,2641,157000000,17.56,0,2,2,-14.677469042622196,1.7734712834407087,3.2443968384615856,193.10491514205933
-16.141889952512262,0.7317440661210041,3.008051412009522,-12.681232168447305,2.219825680336834,2.993726742260196,0.2583059095483212,-0.0010834793985729785,-0.02265385614579913,-0.9657969175590345,0.2361097317750402,0.019370566856523563,-0.1684232380750837,0.006422543765438604,-0.0018796319750435941,-0.019865797912643757,2641,297000000,17.34,0,2,2,-14.702640419693266,1.7530758952668346,3.2235505618568614,193.37963461875916
-16.141889952512262,0.7317440661210041,3.008051412009522,-12.722607349560668,2.1891621929496683,2.958603096281562,0.2562511544911294,-0.0011953470911230564,-0.023212011171166832,-0.9663307505738832,0.22839909780442563,0.019946481544630683,-0.15859641936181856,-0.0008830537865378574,-0.0017504631955489458,-0.019511850587150548,2641,437000000,17.23,0,2,2,-14.728234984491586,1.7327351134529265,3.2035693213193532,193.77598810195923
-16.236208819886585,0.684023125704271,3.0181004764641304,-12.756317933955785,2.1645345667365112,2.9317531647264476,0.25453439712562015,-0.0013944865802076444,-0.023049579870312538,-0.96678798759339,0.22813346361119016,0.01964757058490187,-0.14907185579223597,-0.0021980118390274583,-0.0007983133571087819,-0.019915799566661008,2641,666000000,16.99,0,2,2,-14.769244575164372,1.7008689766269542,3.173930137009512,194.09611225128174
-16.236208819886585,0.684023125704271,3.0181004764641304,-12.786901513687086,2.1419114494422726,2.9056299046326086,0.24878069109557266,-0.003057112970292262,-0.021614691651860557,-0.9683138060066535,0.1864630275905042,0.021685608484368374,-0.1502996705979122,-0.021192307212913875,-0.020969890829292126,-0.10303538365405984,2641,847000000,16.8,0,2,2,-14.769244575164372,1.7008689766269542,3.173930137009512,194.4752914905548
-16.32967452506349,0.6348186116661373,3.032140822802741,-12.810010359924176,2.124822427511956,2.8817171907832404,0.24687635544659103,-0.006119396358953955,-0.02043498509723929,-0.9688121745176853,0.16685566419321465,0.015051136865999667,-0.15697151351655503,-0.024270791800518055,-0.041155954022542574,0.04442617282620631,2642,36000000,16.09,0,2,2,-14.769244575164372,1.7008689766269542,3.173930137009512,194.75155782699585
-16.42209128849096,0.5841312526123713,3.0501441756363525,-12.826300755074417,2.1135569839775648,2.8630860257039,0.2516127795415899,-0.008917079631274718,-0.019714836799074868,-0.9675860788954076,0.15496597143211194,0.007949827835571304,-0.16203575141888446,-0.024161109649867285,-0.04461150347196963,0.10656708836904727,2642,182000000,15.72,0,2,2,-14.769244575164372,1.7008689766269542,3.173930137009512,194.9985315799713
-16.42209128849096,0.5841312526123713,3.0501441756363525,-12.844466230445208,2.1019304253858757,2.840623123308049,-0.26092923636129695,0.012186741904017227,0.01892919861031967,0.9650953851167492,0.14498275826503942,-0.002881880401993933,-0.16822169782253013,-0.026370967134425882,-0.04463679033506196,0.17277694278163835,2642,306000000,16.1,0,2,2,-14.769244575164372,1.7008689766269542,3.173930137009512,195.27824020385742
-16.513264569718935,0.5319676626161872,3.072074278608294,-12.872412711763433,2.086618481812395,2.803777259060601,-0.2820863063463474,0.016848368496602355,0.017807035053375084,0.9590757831128283,0.13135363044722687,-0.01802662083363353,-0.17588030351099848,-0.02353951131226495,-0.035744950946536846,0.20734025893034413,2642,453000000,16.95,0,2,2,-14.922036375330938,1.5885023662107152,3.087015314079938,195.65662956237793
-16.603001538847433,0.47834031194557486,3.0978869674096927,-12.88463296221163,2.0805468694181326,2.786589109947461,-0.29195587933613953,0.01857087846125124,0.017372144537167424,0.9560936646523804,0.12488113328541613,-0.022652299958417405,-0.17833106020817463,-0.022199179875315167,-0.030760906520299613,0.20572450157487765,2642,660000000,19.04,0,2,2,-14.96703879332786,1.5568565623960493,3.0679445060746726,195.86529278755188
-16.603001538847433,0.47834031194557486,3.0978869674096927,-12.901701840394809,2.072516159786682,2.7624321029513523,-0.3047723415294737,0.020168563119647678,0.017455483119679576,0.9520516556413254,0.13501241201356545,-0.030211008981088174,-0.17311108747647083,0.018703818386711646,-0.010733610179158859,0.14808131090831012,2642,776000000,20.03,0,2,2,-14.96703879332786,1.5568565623960493,3.0679445060746726,196.10006475448608
-16.69111154408141,0.42326747898706985,3.127530258720526,-12.913245820887006,2.067142905629661,2.749626137913086,-0.30899579367477115,0.019848181670586707,0.01839154527980304,0.9506783894871549,0.1595605515464865,-0.03624248252968116,-0.1617157650801427,0.01868552208179608,0.006134119939815719,0.08318791660713032,2642,900000000,21.32,0,2,2,-15.017190229132138,1.5221815926294844,3.050081770664361,196.30028653144836
-16.69111154408141,0.42326747898706985,3.127530258720526,-12.93443989178178,2.057339921379981,2.7324687194612878,-0.311357052054539,0.018652322501076568,0.01897982102752628,0.9499203352886945,0.20326150897709824,-0.04617027217131105,-0.14226709417865405,0.013673661487700883,0.021189326980675105,0.012288811558391899,2642,991000000,21.73,0,2,2,-15.017190229132138,1.5221815926294844,3.050081770664361,196.51827764511108
-16.777406574185214,0.36677318353002347,3.1609444548970984,-12.964789151812706,2.0434424725466624,2.7154839423021895,-0.3104107861532558,0.016735446948268232,0.0192587405943582,0.9502600536515667,0.2493636312612094,-0.05626625686105595,-0.12013975428633406,0.011537617592694005,0.026845167849387508,-0.033026179880835116,2643,115000000,21.92,0,2,2,-15.05974269174444,1.4931647170539,3.0375836601361788,196.79133296012878
-16.777406574185214,0.36677318353002347,3.1609444548970984,-13.000944494721649,2.027293560039084,2.701682679748421,-0.3073333108316087,0.014764080726504526,0.019360934391060344,0.9512903931991998,0.29044456594256196,-0.06504052918012264,-0.09864162333371942,0.010585629115666961,0.026449521828908473,-0.054631436432828195,2643,256000000,21.76,0,2,2,-15.05974269174444,1.4931647170539,3.0375836601361788,197.0570273399353
-16.861701714642972,0.308887101630705,3.1980622641951597,-13.041844708316873,2.0094239894798465,2.6907792204717134,-0.30334464941724437,0.012948998523780609,0.01944465601362363,0.952594484793856,0.3232295444166367,-0.07101851268859352,-0.07840328329120153,0.009867777680483414,0.023771569794917013,-0.06234585016500205,2643,391000000,21.37,0,2,2,-15.120335273188859,1.452361732404316,3.0238396596692367,197.3099844455719
-16.861701714642972,0.308887101630705,3.1980622641951597,-13.092631400211362,1.9875480764466709,2.6815309597311927,-0.2985697164239012,0.011140143951836105,0.019621645359074007,0.9541210681358452,0.34315627836137236,-0.0714405989494496,-0.058561069661002094,0.010087467035191366,0.020071886683581397,-0.06111552174843382,2643,526000000,20.9,0,2,2,-15.120335273188859,1.452361732404316,3.0238396596692367,197.58467388153076
-16.943815596347115,0.24964446233012608,3.2388089362865236,-13.15161774484302,1.9620438039434034,2.6745119051744957,-0.2934955328166006,0.00940492044610832,0.02002199761828958,0.9557044727840689,0.3536454923405695,-0.06841135927372724,-0.03816275713053328,0.010821495015989058,0.016466980378027074,-0.05720898407162167,2643,677000000,20.34,0,2,2,-15.186413599141474,1.4083758703336322,3.0140707848529438,197.94551372528076
-16.943815596347115,0.24964446233012608,3.2388089362865236,-13.19743856173324,1.941982831448993,2.6712136339628407,-0.28985098798103787,0.008218981168614583,0.020450776608412935,0.9568179653680626,0.347894853043182,-0.061424659152890214,-0.02593081449187139,0.011261565305176191,0.014528046995110344,-0.052219905046513304,2643,870000000,19.75,0,2,2,-15.22657504927941,1.3818056794312434,3.010761828230494,198.20375990867615
-17.023570835656578,0.18908592655329434,3.283102412796265,-13.248451361542205,1.919181927008007,2.6693522835533114,-0.28600791604600334,0.0070037411386979715,0.02093417652659481,0.9579729535964141,0.3406968697992708,-0.0541018086524665,-0.012169195020664412,0.010435980493639363,0.012977161804883508,-0.04827419325010851,2644,10000000,19.32,0,2,2,-15.22657504927941,1.3818056794312434,3.010761828230494,198.48081493377686
-17.023570835656578,0.18908592655329434,3.283102412796265,-13.285658502636132,1.9022338660150704,2.6693040309275387,-0.2833177257882119,0.00616614084972467,0.021294009353960877,0.9587698421033332,0.3328000107563092,-0.04829237269329165,-0.0024951580187859536,0.010138564448425313,0.012201850677229231,-0.04516109038377181,2644,159000000,18.87,0,2,2,-15.294246480332072,1.3372105544279265,3.009514905082601,198.70935916900635
-17.100794464688903,0.12725744857032972,3.330853492557394,-13.32744159145946,1.8827638316861832,2.6705445904812355,-0.2804188371661315,0.005242691057781048,0.021669158162131795,0.9596187980325374,0.3192643865679461,-0.040038420011113705,0.00761113965399913,0.008583342241763603,0.01194584237964591,-0.04064062959514558,2644,293000000,18.55,0,2,2,-15.294246480332072,1.3372105544279265,3.009514905082601,198.94695949554443
-17.100794464688903,0.12725744857032972,3.330853492557394,-13.361405351490626,1.866388012275581,2.6726345336329635,-0.27818379977271857,0.004478704987128313,0.02191599565935744,0.9602673606240657,0.3074971870572613,-0.03324262013565764,0.01618543692352791,0.00729109556232288,0.011645837275864324,-0.03722502224263735,2644,423000000,18.2,0,2,2,-15.353521604022701,1.298239720968248,3.0128275737191634,199.18469882011414
-17.17531835073539,0.06421012045168248,3.3819660112501024,-13.388688039041206,1.8529350482645284,2.6751436914916527,-0.27644562412915763,0.0038711171286598574,0.02208676703364559,0.9607679251900626,0.2986013382544502,-0.02826025341138282,0.02344943812421233,0.007114052687029471,0.011382555385353044,-0.03470544652373064,2644,541000000,17.94,0,2,2,-15.381079584905427,1.2801097594109487,3.0158100370744805,199.4035999774933
-17.17531835073539,0.06421012045168248,3.3819660112501024,-13.424982550027377,1.8344466943629658,2.679788338321381,-0.27425544900181353,0.0030328423801059476,0.022313042802046892,0.961393196710287,0.28438066617845814,-0.020771285882993283,0.03341106567025432,0.006162498266348848,0.011048477426811587,-0.030736621192772873,2644,654000000,17.73,0,2,2,-15.381079584905427,1.2801097594109487,3.0158100370744805,199.63598680496216
-17.246979603717467,1.0099637174326102e-15,3.4363370350639393,-13.454686077354868,1.8188602292963325,2.684872937681583,-0.27254331944924126,0.002360275022763012,0.022464615938344524,0.9618783234672399,0.27586900196410413,-0.015837855482021112,0.042688462530801316,0.005408237439041841,0.010395525896456093,-0.028418394322216045,2644,785000000,17.47,0,2,2,-15.43655671224942,1.243538471633204,3.0245808384725366,199.87823462486267
-17.246979603717467,1.0099637174326102e-15,3.4363370350639393,-13.48334279783552,1.803431998395534,2.691056399036127,-0.2709580011363373,0.001728003910510239,0.02259822949062874,0.9623243193677351,0.267131780853259,-0.010853871452175446,0.05172342629897945,0.005360499199014157,0.009995660275308182,-0.026147652170038782,2644,913000000,17.27,0,2,2,-15.43655671224942,1.243538471633204,3.0245808384725366,200.09748816490173
-17.315620970633162,-0.06531207730972893,3.493857067992775,-13.510730341121954,1.788220426947095,2.6982193615079737,-0.269505085348988,0.0011135324028745553,0.022728397988937103,0.9627300706540118,0.2582085577246998,-0.0059915398939593915,0.06031561334967965,0.00473066943413869,0.00948480783335981,-0.024188544193748385,2645,34000000,17.07,0,2,2,-15.492417306525446,1.2065633799944167,3.036946680516073,200.30892753601074
-17.315620970633162,-0.06531207730972893,3.493857067992775,-13.54156397905986,1.7706192475041953,2.7079377156141415,-0.26792174598767454,0.0004555236387927056,0.0228676418452344,0.9631691447931501,0.25024396023017065,-0.0011408624963152023,0.07078546509906192,0.004823615108762169,0.008792588596406858,-0.022304894991975743,2645,150000000,16.88,0,2,2,-15.520455460583289,1.1879233518269732,3.04441775995175,200.53322982788086
-17.381091215977307,-0.131660701802711,3.554410272345216,-13.566935582377877,1.7556829278242763,2.717346596892958,-0.2666729545792002,-7.182197338486199e-05,0.022967828522185676,0.9635133673128666,0.24410680936113738,0.002772846858439903,0.07957791059226205,0.0031792429126653587,0.008101214370981324,-0.020866321574430913,2645,279000000,16.67,0,2,2,-15.520455460583289,1.1879233518269732,3.04441775995175,200.78283405303955
-17.381091215977307,-0.131660701802711,3.554410272345216,-13.591779872579629,1.7407589781749797,2.7278548711499866,-0.2654867659694936,-0.0005307817485189319,0.023006957552131623,0.9638398078882139,0.2418188595563726,0.0054339017772331594,0.0889172953147416,0.002448102145535813,0.007257289053086424,-0.019899592734873295,2645,407000000,16.5,0,2,2,-15.581377822275474,1.1471976894724452,3.063370349840187,201.00251173973083
-17.443245487155217,-0.19897610786469808,3.617874702026267,-13.620415859504138,1.7233055891505236,2.7414802375237555,-0.26418459874545547,-0.001009648952055412,0.023030549872179746,0.9641965941483517,0.23792713465491805,0.008918441187885229,0.0993459473803928,0.0021039511693743407,0.006854624416519073,-0.018124907001038082,2645,523000000,16.32,0,2,2,-15.581377822275474,1.1471976894724452,3.063370349840187,201.23765659332275
-17.443245487155217,-0.19897610786469808,3.617874702026267,-13.648382298504458,1.7058373310997035,2.756547507054754,-0.2630055313365197,-0.0014491746001991674,0.023003490171296992,0.9645189629132814,0.23746859634194228,0.011322064715905711,0.1099797952906764,0.0007707754093644326,0.006111956236054539,-0.016972558478300925,2645,667000000,16.12,0,2,2,-15.64238428746244,1.1060247372814036,3.0858793904329014,201.4790289402008
-17.443245487155217,-0.19897610786469808,3.617874702026267,-13.672449744174655,1.6907145216418196,2.7706381276736107,-0.26204183406226655,-0.0017814490115787805,0.022957413022988808,0.964781768498967,0.23664001300562587,0.01362411944636505,0.11897564253576347,0.0008504840764089749,0.005905989200982731,-0.01587472106621135,2645,798000000,15.92,0,2,2,-15.64238428746244,1.1060247372814036,3.0858793904329014,201.70759415626526
-17.50194566394982,-0.2671844063214001,3.6841225481205737,-13.696175620228669,1.6755211564109984,2.7857821409653645,-0.2611501239343011,-0.0021026389612962566,0.02289118955340385,0.9650244479386663,0.23646787232106883,0.015716892841245042,0.12777509748662919,-0.000265475404148674,0.005527782104763901,-0.014957364237488946,2645,925000000,15.75,0,2,2,-15.64238428746244,1.1060247372814036,3.0858793904329014,201.94077062606812
-17.50194566394982,-0.2671844063214001,3.6841225481205737,-13.724106921123713,1.657582145379878,2.804726818577876,-0.26016030521553524,-0.00243606990332766,0.02279179155971567,0.9652933312683165,0.23746531111981994,0.017313227217297316,0.13689809607638498,0.00038161202269293426,0.00527570596204896,-0.01390932711728965,2646,52000000,15.58,0,2,2,-15.64238428746244,1.1060247372814036,3.0858793904329014,202.17160320281982
-17.557060691143427,-0.3362078302261458,3.753020396282529,-13.747697735162633,1.642184416055544,2.821870029418129,-0.2593835603923785,-0.0027317354675289555,0.022714507741974577,0.9655033699358841,0.23236643056026388,0.020511795513714938,0.14369919271147805,-0.0003712871091465786,0.00564469228265807,-0.012753692590194987,2646,184000000,15.39,0,2,2,-15.764227209363114,1.0223280574551923,3.140798517336665,202.39609026908875
-17.557060691143427,-0.3362078302261458,3.753020396282529,-13.773972645350876,1.6243422403937964,2.842871532829543,0.258555385431452,0.003105595540439522,-0.022587139554735066,-0.9657273368127606,0.2219308559883857,0.025595283613992742,0.15092689002939336,-9.222551113907684e-05,0.0061643729168281425,-0.011560058919712901,2646,301000000,15.22,0,2,2,-15.792244021010198,1.0027545844465866,3.155243347147447,202.6450572013855
-17.60846689344039,-0.4059649933050725,3.8244294954150524,-13.818322287453382,1.593467090721556,2.8814970035024188,0.2571051243221554,0.003549325088211791,-0.02211545695710791,-0.9661238346621437,0.2344330960930467,0.025802653412347804,0.16661211762296846,-0.0037013765904703178,0.003593741462282196,-0.01361541490041418,2646,438000000,15.04,0,2,2,-15.824880135376606,0.9797624120216254,3.172954908141632,203.09022665023804
-17.60846689344039,-0.4059649933050725,3.8244294954150524,-13.862929808679185,1.5637092807141597,2.920108880702222,0.25558621591910374,0.00378584456867382,-0.021674373437138315,-0.966535863353845,0.25187484739894883,0.02374989998970533,0.17962180087434287,-0.0024854432467691367,0.003400143168619252,-0.015598841855535284,2646,692000000,14.71,0,2,2,-15.824880135376606,0.9797624120216254,3.172954908141632,203.48079442977905
-17.656048271882852,-0.4763711602713219,3.8982060370957967,-13.897481425604987,1.541363282864193,2.949835421353505,0.25407846915008353,0.003957858896738789,-0.021467366170900875,-0.9669372363586937,0.26201917412656156,0.02266058551448945,0.18782559993557085,-0.0017332999959762674,0.003122820271528326,-0.02194936005253112,2646,906000000,14.37,0,2,2,-15.931640714199027,0.9029479783563521,3.237668904153363,203.7884340286255
-17.699696781001236,-0.5473385281843403,3.9742014451881866,-13.931617056011651,1.5197402985384099,2.980755627572708,0.2563215078731827,0.0038445414010510395,-0.020978484476112724,-0.9663562527826468,0.2387583807499097,0.018363208365556334,0.1949973482269624,-0.00815219818832702,-0.00437005269304791,0.0864950277900789,2647,70000000,14.07,0,2,2,-15.968512820506943,0.8758104097118323,3.2623551206653323,204.08057570457458
-17.739312585991428,-0.6187765179971543,4.0522626750540045,-13.9583086815221,1.503175672839802,3.0086602234313693,-0.2646486024541028,-0.0034177787231984853,0.020580658805101314,0.9641192210981158,0.21344092773403617,0.011716075527696788,0.20055766615390636,-0.006629524523305008,-0.008943733791966224,0.1487029658164829,2647,231000000,14.11,0,2,2,-16.00520613349852,0.8484715448133641,3.288096968267404,204.34915828704834
-17.739312585991428,-0.6187765179971543,4.0522626750540045,-13.991702030186998,1.4829935750027852,3.0497656482024316,-0.2813971683540749,-0.002574751469213172,0.02025904959648035,0.9593740538531502,0.18120873649843955,0.0024229117233301204,0.20772549513222552,-0.005190841193325468,-0.0120014556159731,0.19107429106952623,2647,367000000,14.71,0,2,2,-16.0371512201455,0.8243694059021048,3.3114854489233365,204.70112347602844
-17.774804299263565,-0.6905920754040414,4.132232521764882,-14.009359097564005,1.4726077569644815,3.0750659690828948,-0.29236098312113745,-0.0020567329093265207,0.0201748848787498,0.9560929868053162,0.16445571004026666,-0.002177461356967033,0.21147977719301467,-0.004134444407100091,-0.011429950700403424,0.19017812592210248,2647,572000000,16.05,0,2,2,-16.082492898253808,0.7896691673293272,3.3462334238970173,204.91365575790405
-17.774804299263565,-0.6905920754040414,4.132232521764882,-14.022968385107985,1.4647396479181958,3.0964848366044313,-0.3012685190615817,-0.001666213459731277,0.020139107393548652,0.953325190849659,0.15895589776739308,-0.005199116793193402,0.2149379466856963,-0.003219926247766125,-0.009446671265322948,0.16783825267339125,2647,687000000,16.97,0,2,2,-16.109526098731266,0.7686784408251616,3.36786930410696,205.10265374183655
-17.80608919576169,-0.7626899800729106,4.2139499366921545,-14.037599610653187,1.4561316213150528,3.118391278847021,-0.30705827053141016,-0.0014713124518798363,0.02009955182483391,0.951477304907673,0.18123164468518396,-0.00694870754115703,0.22030621478561443,-0.0026771294869831763,-0.0033089860835389118,0.08939750987337902,2647,791000000,17.72,0,2,2,-16.13194305995907,0.7511141924254209,3.3862768888774064,205.28469443321228
-17.80608919576169,-0.7626899800729106,4.2139499366921545,-14.062036553998896,1.4415566210933013,3.1500755214940135,-0.3101557655945956,-0.0014356075377190223,0.01974257113153388,0.9504796531144388,0.22527438484918375,-0.012339253866461296,0.2286373182898877,-0.006157160532893613,0.0028433326406229753,0.016664760551066138,2647,893000000,18.16,0,2,2,-16.13194305995907,0.7511141924254209,3.3862768888774064,205.51214289665222
-17.833093406509576,-0.8349731623213645,4.297250351837313,-14.087373864469127,1.4266220566755716,3.178122064972393,-0.3099776391518409,-0.0016029165471739965,0.019306122799266308,0.9505464573111895,0.26332868970122514,-0.017489343609432124,0.23544984293744786,-0.006141968697193079,0.006548943974848953,-0.016643907656543888,2648,17000000,18.28,0,2,2,-16.18531979840359,0.7086085306782066,3.4319946438259867,205.76789140701294
-17.833093406509576,-0.8349731623213645,4.297250351837313,-14.116542408514858,1.4096449328752063,3.2070026753239715,-0.30843467056523244,-0.0019364740279100637,0.018846239265456765,0.9510568454762339,0.29567042995814213,-0.0210668840413839,0.24215648689197128,-0.0048423880798509344,0.009427231816516723,-0.03341308984090574,2648,151000000,18.09,0,2,2,-16.211753731637394,0.6872023974807764,3.4555938008779536,205.97484850883484
-17.833093406509576,-0.8349731623213645,4.297250351837313,-14.148770968608885,1.3910441203946935,3.236609346628085,-0.30625405513941073,-0.002408724914161787,0.018361199059101337,0.9517696770353984,0.32276348939182575,-0.023532146231263214,0.24831117778751702,-0.007047447707009269,0.011653574802039657,-0.0407322895625839,2648,265000000,17.78,0,2,2,-16.238008373750002,0.6656797738223047,3.479714278942088,206.19143915176392
-17.85575208989549,-0.9073430262727874,4.381966011250107,-14.183848638724344,1.3709857922078879,3.2669123125644943,-0.30383094272764055,-0.002959436456585888,0.017740072974374216,0.95255618720785,0.3464844009697882,-0.025303922367231935,0.25406929088984714,-0.006357063057293999,0.013446440607367549,-0.042720570127130486,2648,385000000,17.4,0,2,2,-16.238008373750002,0.6656797738223047,3.479714278942088,206.4001874923706
-17.85575208989549,-0.9073430262727874,4.381966011250107,-14.221004369425739,1.3498005989061894,3.297756681476421,-0.30138273489802864,-0.0036201174490139267,0.01716568992358534,0.9533418489421761,0.36224846546032846,-0.02496041389937067,0.25840473197266445,-0.004857129533775151,0.014654963069915539,-0.04208152531646192,2648,508000000,17.02,0,2,2,-16.289930338384025,0.6223338198050683,3.5293159129684364,206.6291103363037
-17.874009580267376,-0.9796997785089396,4.467926308866648,-14.259300686369903,1.3278287935292363,3.3289984415915916,-0.29902099908511065,-0.004363055286699282,0.01667001954155535,0.9540909371245443,0.3686108859747582,-0.021486273728707903,0.2623448986871702,-0.002814294407471607,0.01524583058198914,-0.03950105965486728,2648,637000000,16.63,0,2,2,-16.319847720636727,0.5968516505299127,3.559078798851366,206.86799597740173
-17.874009580267376,-0.9796997785089396,4.467926308866648,-14.303775875084817,1.3016394604209685,3.3660328262631634,-0.2965075133131607,-0.00527226425861821,0.016170013441965617,0.9548790648263892,0.36752552398233995,-0.014720358335215452,0.26708823928351083,-0.0033586876043045777,0.014896570155542577,-0.035975960054202005,2648,754000000,16.28,0,2,2,-16.319847720636727,0.5968516505299127,3.559078798851366,207.11426877975464
-17.887819513469868,-1.051942761218574,4.554958132087373,-14.34782235766622,1.274997245647826,3.4035797421797227,-0.2941730812184924,-0.006119742664045936,0.015654143833166694,0.9556043610286604,0.3650777207081769,-0.008044156956915013,0.27146779489695244,-0.003596741794353875,0.013781169491267065,-0.0334219315845985,2648,893000000,15.9,0,2,2,-16.370450933048875,0.5528558365606169,3.611446529732229,207.35658264160156
-17.887819513469868,-1.051942761218574,4.554958132087373,-14.384761755087219,1.25192251261464,3.4362294299985203,-0.2923222991254328,-0.006796629882298551,0.01525529525248543,0.9561740193202404,0.3568680891989971,-0.00048541608784269185,0.27518349756408494,-0.002224737272626953,0.012975847766938386,-0.030540583975380287,2649,30000000,15.54,0,2,2,-16.370450933048875,0.5528558365606169,3.611446529732229,207.59347891807556
-17.897144929015358,-1.1239707888274537,4.642886210402725,-14.425885060111817,1.225045766260008,3.4748124785123875,-0.2903895212073448,-0.007517642830080567,0.014795436381667283,0.9567646032758133,0.3438757286282451,0.009091765551428438,0.27940606263475615,-0.005085733073428855,0.011406287285353756,-0.027164706807525363,2649,154000000,15.25,0,2,2,-16.370450933048875,0.5528558365606169,3.611446529732229,207.82810807228088
-17.897144929015358,-1.1239707888274537,4.642886210402725,-14.45404718813139,1.2058422215624587,3.5027406197393223,-0.28913971931636717,-0.007938519635358167,0.014409924276318986,0.9571455253523373,0.33380594389325846,0.015907170701967115,0.282522566391182,-0.004267738313501468,0.0103310317172145,-0.02473731747159036,2649,281000000,14.95,0,2,2,-16.45271277299968,0.47845328893957945,3.7030209490362873,208.05610585212708
-17.90195834864297,-1.1956824870840976,4.731533468364684,-14.500983719727527,1.1716692792484655,3.553785046446825,-0.287239136597491,-0.008622311025360272,0.013816362778995334,0.9577204405664886,0.3061215589411882,0.03081193821348423,0.28863605552187754,-0.004287327601559809,0.00882359991010162,-0.019128902386000846,2649,394000000,14.75,0,2,2,-16.45271277299968,0.47845328893957945,3.7030209490362873,208.34856462478638
-17.90195834864297,-1.1956824870840976,4.731533468364684,-14.529491899274001,1.1491956818272686,3.588437459944571,-0.2862149659694375,-0.00894407485637264,0.013365074729756881,0.9580304648379117,0.29399606433806125,0.03782994579553915,0.29187384409733047,-0.006442914491344709,0.006387852863554144,-0.01681992580415681,2649,563000000,14.42,0,2,2,-16.45271277299968,0.47845328893957945,3.7030209490362873,208.5871000289917
-17.902241831081568,-1.2669766335672648,4.820721382193131,-14.556614659819832,1.12681980231829,3.623446711434081,-0.2853060082237375,-0.009137097928313806,0.012955203146792169,0.9583053572970934,0.2825212002802013,0.04426253781790421,0.2951693904629046,-0.003875247602991294,0.004503441004999331,-0.014436172114073997,2649,685000000,14.23,0,2,2,-16.45271277299968,0.47845328893957945,3.7030209490362873,208.8070080280304
-17.902241831081568,-1.2669766335672648,4.820721382193131,-14.581931359799274,1.1046564847907685,3.6589432530297756,-0.28457085978933644,-0.009290122469020102,0.012702410103664019,0.958525830721753,0.2667795577068629,0.05190476070761533,0.29912185836048555,-0.002500242885616899,0.003544541823430336,-0.011203187932551373,2649,808000000,14.05,0,2,2,-16.45271277299968,0.47845328893957945,3.7030209490362873,209.03201150894165
-17.897987002895686,-1.3377524985761562,4.9102703392989655,-14.608611070951312,1.0792622418460387,3.7010024214331385,-0.28392962102334846,-0.009410039523947198,0.012348747447651078,0.9587194218843016,0.24513587204402806,0.061911356898837054,0.3043603444919254,-0.007662005691599916,0.0030374935931831715,-0.008495164001942612,2649,932000000,13.88,0,2,2,-16.45271277299968,0.47845328893957945,3.7030209490362873,209.2590832710266
-17.897987002895686,-1.3377524985761562,4.9102703392989655,-14.628851195856729,1.0578493794188888,3.7377686137302217,-0.28348265825159746,-0.009419412408727516,0.011839449576112413,0.958858010642982,0.22693447675314107,0.07063369411021939,0.3096940840115713,-0.00830092385513126,0.0022990629531705054,-0.007269875686688465,2650,64000000,13.72,0,2,2,-16.604608899081942,0.3297903981956916,3.895670039160492,209.4719796180725
-17.897987002895686,-1.3377524985761562,4.9102703392989655,-14.646827059549828,1.0367087857101993,3.775216998270749,-0.283094162154631,-0.009345112978422932,0.01124594513461201,0.9589806530558462,0.21071014800380458,0.07896968882525697,0.31555676838573604,-0.013240332464192761,0.0011719517942765378,-0.006547306838911027,2650,183000000,13.59,0,2,2,-16.626880547258665,0.30654517995479813,3.926788035698633,209.6789095401764
-17.88919506535624,-1.4079101853620766,4.999999999999998,-14.660327524495381,1.019161639057804,3.807030888728972,-0.2827931206127111,-0.00915877181346366,0.010546916026412907,0.9590792096564941,0.203018360535116,0.08411070469460849,0.3201953723881577,-0.016965068425633945,-0.0006090088305654717,-0.006413914252334507,2650,303000000,13.46,0,2,2,-16.626880547258665,0.30654517995479813,3.926788035698633,209.8931794166565
-17.88919506535624,-1.4079101853620766,4.999999999999998,-14.679102655240339,0.9942464876641668,3.8519835986158997,-0.2823784931506631,-0.008646651659702916,0.009439810353330153,0.9592176562186133,0.20872633431448198,0.08458100285398787,0.3223020327572342,-0.016944712115218863,-0.003717778463396826,-0.006208385775607894,2650,414000000,13.36,0,2,2,-16.626880547258665,0.30654517995479813,3.926788035698633,210.12811470031738
-17.875876777341105,-1.4773509686611925,5.089729660701025,-14.695831449264391,0.9724358416012971,3.8906780858957513,-0.2820683708696932,-0.008188604464013795,0.008808494202576834,0.9593189205586077,0.21368861061587974,0.08473887924193053,0.32403842253501935,-0.005397337508838973,-0.004587915873344173,-0.004340452869655564,2650,537000000,13.22,0,2,2,-16.626880547258665,0.30654517995479813,3.926788035698633,210.3540141582489
-17.875876777341105,-1.4773509686611925,5.089729660701025,-14.71269660336165,0.9503673746500262,3.929665587052546,-0.28190036286009273,-0.007860405623220892,0.008656079729905262,0.9593724364012632,0.21378149070282526,0.08644381258288183,0.3265419704706061,-0.0029294008754732204,-0.004172473927610554,-0.002040536605818488,2650,669000000,13.1,0,2,2,-16.71279644192762,0.21282877474006573,4.054410409189384,210.5810263156891
-17.85805241433367,-1.5459776304919082,5.179278617806865,-14.729160469839423,0.9282123564897566,3.9689783024150684,-0.281825595300365,-0.007590183781485926,0.008501931443346707,0.9593979571092961,0.20900001080276165,0.08984376945742598,0.32960014211421873,-0.006146961368358461,-0.00271748053819465,-0.0012096327282051789,2650,796000000,13.01,0,2,2,-16.71279644192762,0.21282877474006573,4.054410409189384,210.81612539291382
-17.85805241433367,-1.5459776304919082,5.179278617806865,-14.747307052647864,0.9023014442834891,4.015407267894978,-0.2817505159526595,-0.0072849191128372855,0.008006012221817134,0.9594266415324486,0.20909329456430825,0.09239156828035823,0.33286859198766133,-0.010673428641894134,-0.0028984594564462896,-0.0008855027544996119,2650,910000000,12.92,0,2,2,-16.71279644192762,0.21282877474006573,4.054410409189384,211.034255027771
-17.83575170365043,-1.6136947921872915,5.268466531635306,-14.763823657128043,0.8795294003722868,4.0553823588511255,-0.2817421418198622,-0.006935785846502582,0.007575514548550586,0.9594351838330573,0.21939027196523683,0.09123021751975091,0.33431083082856033,-0.005439883852886851,-0.00383874621547875,0.0005375407425844969,2651,40000000,12.84,0,2,2,-16.71279644192762,0.21282877474006573,4.054410409189384,211.26236963272095
-17.83575170365043,-1.6136947921872915,5.268466531635306,-14.783984148320268,0.8523648543099868,4.102316354472256,-0.28184208539555555,-0.006613001724455614,0.007353633352855169,0.9594098348383701,0.2248480526266181,0.09198191355530398,0.3367256892753959,-0.003392813141545048,-0.002963568249469972,0.0020403396547408192,2651,159000000,12.78,0,2,2,-16.796493116553396,0.11393751656305136,4.192515032926622,211.53156757354736
-17.83575170365043,-1.6136947921872915,5.268466531635306,-14.804043671937608,0.8248426863330764,4.149677901033839,-0.2819896615368166,-0.006372571765717699,0.006995617713901405,0.9593707742308201,0.22160274563700805,0.09601359762261304,0.34074067632835126,-0.00799837825979921,-0.0007607043357893417,0.00190352494655599,2651,303000000,12.72,0,2,2,-16.818783364527178,0.08595385312375513,4.232215509054644,211.78323316574097
-17.809013736091135,-1.6804092416428786,5.357113789597272,-14.82085805223159,0.8009801949546793,4.190699701218391,-0.2821055924646784,-0.006175158393296878,0.006448190901210571,0.9593418175775887,0.2278463176257881,0.0963368219836285,0.3424017984800997,-0.01136282908191788,-0.001053182188570645,0.002255932918160397,2651,445000000,12.67,0,2,2,-16.818783364527178,0.08595385312375513,4.232215509054644,212.02239274978638
-17.77788685426699,-1.746030254773022,5.445041867912624,-14.842237394668095,0.7722940768315211,4.238515911358277,-0.2822890532287794,-0.005883547907117673,0.0057516982714221265,0.9592941114476927,0.24412229122277346,0.09324334509107739,0.3413887074661555,-0.010163854312850162,-0.0010968006563416566,0.0028994281819905154,2651,575000000,12.64,0,2,2,-16.818783364527178,0.08595385312375513,4.232215509054644,212.240168094635
-17.77788685426699,-1.746030254773022,5.445041867912624,-14.862126417594055,0.7470055844584451,4.279309455705066,-0.2824827148863302,-0.005715516899598274,0.005321736942482106,0.9592405995228379,0.2552810398538821,0.09145241563231352,0.3405317489270052,-0.0041625602079875534,-0.00027296180888924937,0.00403036078751029,2651,702000000,12.61,0,2,2,-16.879468205568646,0.0053852751894959815,4.347823819376644,212.47450494766235
-17.77788685426699,-1.746030254773022,5.445041867912624,-14.886306394688232,0.716881375857619,4.326916295684834,-0.2828097432870005,-0.005670832930482328,0.005047676285535736,0.9591459804012796,0.2601267078313013,0.09271896825444434,0.3419807475793965,-0.0044185828755871626,0.0012663233178500377,0.005320152286003577,2651,829000000,12.6,0,2,2,-16.879468205568646,0.0053852751894959815,4.347823819376644,212.72715497016907
-17.742428517923543,-1.8104699101848654,5.532073691133348,-14.90712919073425,0.6906653582551374,4.3679380158576935,-0.2831337624946006,-0.0056825273426518675,0.004713810791861751,0.9590520118358907,0.26481770355430434,0.09349781860772285,0.34286922491338606,-0.006316298140518484,0.001875260113592958,0.005827146333103883,2651,958000000,12.6,0,2,2,-16.879468205568646,0.0053852751894959815,4.347823819376644,212.96202683448792
-17.742428517923543,-1.8104699101848654,5.532073691133348,-14.932273347852053,0.6595063976780089,4.415726240173478,-0.2835390166254335,-0.005719604427075209,0.004272432659006784,0.9589341262544859,0.27033245373692455,0.09360535588781317,0.3422285721921674,-0.005440910263132537,0.002809333591358154,0.006112866003604722,2652,95000000,12.61,0,2,2,-16.879468205568646,0.0053852751894959815,4.347823819376644,213.222149848938
-17.702705146635417,-1.8736433960974619,5.618033988749897,-14.957264834730868,0.6280681365627113,4.463481508439105,-0.28395231427674494,-0.005857626915518948,0.0038703061549363905,0.9588126992035858,0.26498544990920636,0.09737400836677404,0.34338479408751155,-0.004555881196210976,0.004238587234794977,0.0061422610087902285,2652,233000000,12.63,0,2,2,-16.95166446753242,-0.10047683736989782,4.502156529625838,213.45996761322021
-17.702705146635417,-1.8736433960974619,5.618033988749897,-14.974135632855486,0.6056486967409469,4.497783695951326,-0.284244936963778,-0.006016116008921888,0.0035909710017387048,0.9587260959658339,0.2556776348346666,0.1018930252373943,0.3453463424814125,-0.003953664599976037,0.004955807571604964,0.006014316704749945,2652,366000000,12.66,0,2,2,-16.95166446753242,-0.10047683736989782,4.502156529625838,213.6712875366211
-17.65879194030898,-1.9354693085554475,5.702749648162684,-14.99282723613822,0.578942381164154,4.5392116759655226,-0.28458330963965944,-0.0062086242248270695,0.0031740642162685372,0.9586259532143511,0.24478619197538687,0.1071556561701981,0.3473631408986028,-0.013656412284035468,0.0045533823140431195,0.005851844935023109,2652,472000000,12.69,0,2,2,-16.95166446753242,-0.10047683736989782,4.502156529625838,213.88812518119812
-17.65879194030898,-1.9354693085554475,5.702749648162684,-15.013829187086253,0.547603979332331,4.587623541623856,-0.2849882044923794,-0.006105421108027509,0.0019562752868411905,0.958509582696128,0.24243051836619772,0.11013892806428202,0.347513846540881,-0.017312794443569146,0.003069403305744345,0.005922220407228451,2652,596000000,12.72,0,2,2,-16.95166446753242,-0.10047683736989782,4.502156529625838,214.13674306869507
-17.61077267798752,-1.99586994001061,5.786050063307849,-15.03099843086921,0.520634575550524,4.62914337878534,-0.285334203497152,-0.006054528454645126,0.0011833801323151167,0.9584082296241512,0.23454320671827622,0.11436761161403144,0.3487639516622479,-0.004888974717687233,0.002731474523898214,0.00611347527410544,2652,724000000,12.77,0,2,2,-16.95166446753242,-0.10047683736989782,4.502156529625838,214.369047164917
-17.61077267798752,-1.99586994001061,5.786050063307849,-15.046733478401844,0.49379296386544613,4.670929208104065,-0.2856942874743591,-0.006142426151589387,0.0009318264587682276,0.9583006711909061,0.22201753274337963,0.12018424237239048,0.3513858605936155,-0.0022199611066753278,0.002666559498720744,0.006205394538483233,2652,848000000,12.81,0,2,2,-16.95166446753242,-0.10047683736989782,4.502156529625838,214.59979939460754
-17.558739495509858,-2.054771557371984,5.867767478235115,-15.060554231286867,0.4672265281123393,4.713084455836892,-0.28603469700159606,-0.006213822086319817,0.0005973561232715447,0.9581989269937357,0.20550519400832115,0.1276687534156618,0.3551323498945965,-0.011831131723738508,0.0029528938966905116,0.005282134588924237,2652,960000000,12.86,0,2,2,-16.95166446753242,-0.10047683736989782,4.502156529625838,214.8464069366455
-17.558739495509858,-2.054771557371984,5.867767478235115,-15.07191083890098,0.44096058107590985,4.755831116076469,-0.28629387867034517,-0.006160998002704551,-0.00022454943283560947,0.9581220207870459,0.18563474973568395,0.1367679709753015,0.3605475837796332,-0.013641533860209165,0.0031749793379276525,0.0037851552178835846,2653,92000000,12.92,0,2,2,-16.95166446753242,-0.10047683736989782,4.502156529625838,215.0637722015381
-17.502792642628673,-2.1121046686545992,5.947737324945999,-15.080599503817226,0.4150223585788142,4.799245544741727,-0.2864810674614832,-0.0060559077134395055,-0.0011932077470281919,0.9580660208060652,0.16577399267202056,0.14623614470981802,0.3665766869106951,-0.022545324463862926,0.0027185307999388897,0.0026217463755529025,2653,210000000,12.98,0,2,2,-16.95166446753242,-0.10047683736989782,4.502156529625838,215.25897812843323
-17.502792642628673,-2.1121046686545992,5.947737324945999,-15.086698317185526,0.389253126211329,4.843456556929506,-0.28660483103622486,-0.005772499939558535,-0.002614700871971327,0.9580279288259268,0.14771253522307595,0.15576298105177636,0.3736521648610886,-0.024193726130761206,0.0018259991747981985,0.0014254314919526223,2653,324000000,13.03,0,2,2,-17.078192990734046,-0.3270400064203855,4.838270388447272,215.5038034915924
-17.502792642628673,-2.1121046686545992,5.947737324945999,-15.09043874200856,0.3635476637388794,4.8884776811774895,-0.2866614920650103,-0.0053825317753543826,-0.00417969982129859,0.9580076969566336,0.13189345386079881,0.16507798583280892,0.3810713573063177,-0.033257600080105476,0.0008942706699599512,0.00047990275504616875,2653,445000000,13.1,0,2,2,-17.089649744883996,-0.351934265309546,4.8755847886693475,215.72407412528992
-17.443040220248328,-2.1678042773892896,6.025798554811811,-15.092052472922765,0.34199389506505856,4.926628109383909,-0.28670222189988576,-0.004889027542188097,-0.0058563757683799626,0.9579893716687151,0.12888177785209864,0.1692679176959107,0.3850037240592117,-0.038972950642346404,-0.00166814962767603,0.0022701942498315475,2653,562000000,13.17,0,2,2,-17.100627240116864,-0.37685171692868635,4.912996124870014,215.9192032814026
-17.443040220248328,-2.1678042773892896,6.025798554811811,-15.09564731021539,0.31526352215343556,4.972078181086127,-0.2870800421668139,-0.003951239294804631,-0.00798348192317156,0.9578651789860189,0.15562494763879423,0.16185699471229878,0.37964822806296067,-0.03681256057461724,-0.006664293869107496,0.009743877308210358,2653,675000000,13.24,0,2,2,-17.100627240116864,-0.37685171692868635,4.912996124870014,216.10610270500183
-17.379597898493536,-2.221810123990574,6.101793962904207,-15.102634407310397,0.2873117313954939,5.016631631174558,-0.28783801980476703,-0.003038707836994844,-0.009430553742023378,0.9576278532215272,0.18624888008331036,0.1523380180079318,0.3724920134543578,-0.003367370288742677,-0.008116031676763669,0.015739290392957628,2653,779000000,13.37,0,2,2,-17.100627240116864,-0.37685171692868635,4.912996124870014,216.3167073726654
-17.379597898493536,-2.221810123990574,6.101793962904207,-15.111056691053438,0.26324022418496096,5.053101942455577,-0.28868937842645237,-0.002700008167964381,-0.00911237521690376,0.9573756406748333,0.20937869422961333,0.14502901034389998,0.36665747694324763,0.007536843531852355,-0.007953916065162048,0.019455465007922612,2653,898000000,13.54,0,2,2,-17.100627240116864,-0.37685171692868635,4.912996124870014,216.53380632400513
-17.31258861637016,-2.2740669133166804,6.175570504584945,-15.12642588369717,0.2285385154686993,5.103194279808528,-0.2901173177290486,-0.002382632560353828,-0.008471330451417186,0.9569506265091043,0.2379155802576213,0.13607616390768743,0.3587208795546703,0.004795591166839586,-0.005484827806867543,0.022294723567028996,2654,15000000,13.71,0,2,2,-17.136731952431145,-0.46841298348837773,5.050974936869294,216.78363704681396
-17.31258861637016,-2.2740669133166804,6.175570504584945,-15.142275501665438,0.19797385465920725,5.1453679398811945,-0.2914020024973823,-0.00223491711366454,-0.008138573622653394,0.956563454092513,0.25443976817335257,0.1312040716441943,0.35351568287498514,0.004660331114791916,-0.0021615573359667906,0.022043090939405374,2654,151000000,13.96,0,2,2,-17.146865475293374,-0.4975718560444226,5.094962452789554,217.01048159599304
-17.242142263826878,-2.32452452769512,6.2469796037174685,-15.15945496850304,0.16693029356925287,5.187009680592072,-0.292633477098119,-0.002230359600519047,-0.008007662408386641,0.956188554062571,0.2652357594920188,0.1285022697859513,0.3492857029648123,-0.005081355448055547,0.0006936400097856676,0.02083452563965693,2654,269000000,14.19,0,2,2,-17.146865475293374,-0.4975718560444226,5.094962452789554,217.23719024658203
-17.242142263826878,-2.32452452769512,6.2469796037174685,-15.18090719576164,0.1300554990964602,5.234948585782546,-0.29396429821268805,-0.0022258110216980217,-0.008496416205072176,0.9557760449254249,0.2751225978239992,0.12647651222884612,0.34460256835321956,-0.007111995682862471,0.0033898920264618937,0.01878897637652699,2654,395000000,14.4,0,2,2,-17.16268161596208,-0.5475420366162086,5.170357730869629,217.48382878303528
-17.242142263826878,-2.32452452769512,6.2469796037174685,-15.202832432998578,0.09277126357357217,5.282284926992065,-0.2951579358699625,-0.0024906893088567626,-0.008642063785794582,0.9554061461458534,0.2743410863412151,0.1279184597053616,0.3418437515696201,0.006678223144263029,0.005020572552894009,0.017116963499574922,2654,524000000,14.64,0,2,2,-17.16268161596208,-0.5475420366162086,5.170357730869629,217.73022627830505
-17.168395347072096,-2.3731382247284643,6.315877451879424,-15.217952115630347,0.06615221020854586,5.315942711219655,-0.29595225970741396,-0.0028320155823681474,-0.008405404269723206,0.9551615511738727,0.2688138742604369,0.1305872946053428,0.34074551893395333,0.006368707818182884,0.005432175521491445,0.016084448361652903,2654,658000000,14.86,0,2,2,-17.178561332482296,-0.6057235187983743,5.258082791215673,217.95834612846375
-17.168395347072096,-2.3731382247284643,6.315877451879424,-15.24038076502822,0.023902286552980094,5.369566365727384,-0.29709923550149314,-0.0033807128972665698,-0.008095954462705805,0.9548063000242888,0.25210493676874146,0.13703895583296694,0.3394987177945389,0.005369069094740553,0.005712917300115805,0.01371621719954419,2654,771000000,15.02,0,2,2,-17.178561332482296,-0.6057235187983743,5.258082791215673,218.2208821773529
-17.091490638043396,-2.4198688192387743,6.382125297973731,-15.257054910353252,-0.012393702442980282,5.4164125792246764,-0.297928972230952,-0.003728856252349043,-0.008252772815181242,0.9545450826845836,0.23208147159335052,0.1448718281827099,0.33929363070870255,-0.0047044188704603584,0.005150831157152425,0.011259587336098775,2654,924000000,15.25,0,2,2,-17.178561332482296,-0.6057235187983743,5.258082791215673,218.45347332954407
-17.091490638043396,-2.4198688192387743,6.382125297973731,-15.27067291039855,-0.04804868535505332,5.463247078730461,-0.29859982690592773,-0.003922982440693647,-0.008696560399961825,0.9543307201477533,0.21007753768417275,0.15349886846254987,0.3396543830316694,-0.005539794210562832,0.0042575542465783656,0.00870892545208335,2655,64000000,15.44,0,2,2,-17.19632464363263,-0.6886822345966976,5.382990409482025,218.71021056175232
-17.01157680896766,-2.4646828487541175,6.445589727654782,-15.279469780765718,-0.07799599868548572,5.503505502941595,-0.2990178608670452,-0.004053714259907635,-0.009056424851412843,0.9541959271827279,0.18651168259699916,0.1630307098637131,0.3416373606263952,-0.004384481371744187,0.0039203324831760256,0.005629853149002884,2655,212000000,15.61,0,2,2,-17.201141945348212,-0.7176749293855943,5.426571652444845,218.9219889640808
-17.01157680896766,-2.4646828487541175,6.445589727654782,-15.285079131892449,-0.10727403634471218,5.544074743123015,-0.2992495951376188,-0.004144474143548059,-0.00943627828026639,0.9541192062820358,0.16295816678589167,0.1723754411027235,0.3434842433039848,-0.00765571103329421,0.0026066053806061973,0.002702102915463911,2655,321000000,15.75,0,2,2,-17.201141945348212,-0.7176749293855943,5.426571652444845,219.15269303321838
-16.928808052987947,-2.5075527219881533,6.506142932007219,-15.288370028430316,-0.14064142883508504,5.5914373256572905,-0.2993209434528307,-0.0040975563577958,-0.009904876197216847,0.9540922786973594,0.14001687771055654,0.1805792319370707,0.34324012189926756,-0.004274347065802431,0.00046569135179197474,-0.0006660747146725043,2655,453000000,15.88,0,2,2,-17.207706399280717,-0.7672927260556558,5.501018747772655,219.400780916214
-16.928808052987947,-2.5075527219881533,6.506142932007219,-15.288566038253432,-0.16856102633002132,5.63203702931737,-0.29918994921645176,-0.004005468834717328,-0.01013146950527061,0.9541313766106503,0.12056845428533984,0.18762126416903704,0.3433235055281034,-0.003723580402947846,-0.0008603938624673901,-0.003913341993211361,2655,584000000,16.01,0,2,2,-17.21056124626257,-0.796155129918645,5.544207545751804,219.62358283996582
-16.84334369186872,-2.5484568498122657,6.563662964936059,-15.286491447480225,-0.19590318053084713,5.672643750424651,-0.29887980284758525,-0.003804897068869066,-0.010434485623046665,0.9542261302845705,0.10533350968138493,0.19340994407505266,0.34296313937706197,-0.010205202215729514,-0.002888538961087761,-0.006333515739243012,2655,715000000,16.1,0,2,2,-17.212461004272704,-0.8208215582742465,5.581011248982738,219.8289496898651
-16.84334369186872,-2.5484568498122657,6.563662964936059,-15.283090316320854,-0.22297358499653433,5.713115385688998,-0.29849075054578145,-0.0033680843116253283,-0.01098175511373006,0.9543434019792392,0.09863250175806688,0.1961980747605135,0.34125601400430855,-0.011663158329611178,-0.005592101933871163,-0.006606535271203029,2655,826000000,16.17,0,2,2,-17.212461004272704,-0.8208215582742465,5.581011248982738,220.06201171875
-16.75534777182382,-2.5873797582702727,6.618033988749891,-15.278825571317771,-0.25455245397905313,5.759879438595336,-0.298143802128361,-0.0026806849046687254,-0.011500188972117322,0.9544479204411794,0.10198312164557084,0.19532097160754686,0.33726592705670755,-0.007489328390875016,-0.008729677574592642,-0.0029235630108814803,2655,957000000,16.12,0,2,2,-17.212461004272704,-0.8208215582742465,5.581011248982738,220.30364727973938
-16.75534777182382,-2.5873797582702727,6.618033988749891,-15.276384937900858,-0.2773213201736675,5.792890841545382,-0.29809618834576135,-0.0021285034849036644,-0.01167896115517549,0.9544620127762964,0.1097113769606148,0.1929214252835101,0.33369505186701215,-0.006279813487708452,-0.010056482187792426,0.0010376287605140533,2656,85000000,16.32,0,2,2,-17.212461004272704,-0.8208215582742465,5.581011248982738,220.50542664527893
-16.664988648541065,-2.6243121832372855,6.669146507442605,-15.274723039666794,-0.30502413804462186,5.831956207964123,-0.2983038020694488,-0.0014275288698849913,-0.011840326708530635,0.9543964639999836,0.12292986185377068,0.18874890299768987,0.32861309215625034,-0.008484953468723688,-0.010272092549712397,0.005905540274397936,2656,196000000,16.29,0,2,2,-17.214589664051797,-0.9228872433700608,5.732168267101256,220.70778846740723
-16.664988648541065,-2.6243121832372855,6.669146507442605,-15.2747350315207,-0.33329803467792196,5.870409101389771,-0.2987764728134958,-0.0006985113525562097,-0.012190898418295005,0.9542449965133541,0.13867466253762362,0.18420924534073477,0.3233725909632536,-0.009129519548878307,-0.009146246611635434,0.010253142590954667,2656,312000000,16.55,0,2,2,-17.214589664051797,-0.9228872433700608,5.732168267101256,220.9125816822052
-16.664988648541065,-2.6243121832372855,6.669146507442605,-15.276523969523696,-0.3621926520571334,5.9081646541391954,-0.29945765079130815,-3.9470495097285e-05,-0.012647095842863127,0.954025767362377,0.15368320814643438,0.18013400936454002,0.3176128475644392,-0.016454555770906154,-0.006835323893028544,0.012943487126904074,2656,422000000,16.72,0,2,2,-17.214589664051797,-0.9228872433700608,5.732168267101256,221.13987803459167
-16.572438562504846,-2.659251146377299,6.7168975872037295,-15.279695787601494,-0.39171299671619597,5.945254265551881,-0.30021924007648,0.0005764630739756018,-0.013527882669675022,0.9537741199931462,0.16464733909686685,0.17796174399432216,0.3125531602025123,-0.01680349978414597,-0.0038332525264195283,0.013331024820217863,2656,552000000,16.9,0,2,2,-17.214589664051797,-0.9228872433700608,5.732168267101256,221.34735083580017
-16.572438562504846,-2.659251146377299,6.7168975872037295,-15.283699069267216,-0.4217206882767251,5.981721770665486,-0.30095842918648746,0.001010757711107142,-0.014381374486037275,0.9535282787302868,0.1708055555123163,0.17735892246029844,0.30792550098305577,-0.014934752107365057,-0.0012838285442740016,0.012222047917020973,2656,666000000,17.1,0,2,2,-17.208256501793986,-1.0155480797102314,5.867206732074043,221.57036471366882
-16.47787320574139,-2.692200012108084,6.761191063713476,-15.28850046090065,-0.45708425162286076,6.023606921522333,-0.30166963564615507,0.0012734176344307369,-0.015164957583344713,0.9532910538750166,0.16982792427063084,0.1797306294195571,0.30416715960077934,-0.007558938523288816,0.0008668095119901409,0.008876795527612558,2656,788000000,17.3,0,2,2,-17.20531086566497,-1.0395139759931624,5.901720337170521,221.8314609527588
-16.47787320574139,-2.692200012108084,6.761191063713476,-15.292128357804637,-0.49245679531687003,6.065057072412168,-0.3020561335923672,0.0012968089992411048,-0.015662408756391397,0.9531605842656299,0.15723844014178984,0.18596446907579695,0.3017542994650408,-0.0065795342834462645,0.003042542789444269,0.0020229953406669665,2656,930000000,17.52,0,2,2,-17.201226058266865,-1.067348479947533,5.9415572150575295,222.09547591209412
-16.38147128113288,-2.7231685253367455,6.801937735804836,-15.292931081129307,-0.527258653824335,6.106197776943922,-0.3019075054989903,0.0010797681462927653,-0.01590454714549502,0.9532039328518445,0.13289314832707433,0.1957544225875936,0.30077659521746836,0.00199672945200291,0.004936829418511479,-0.00663359851387213,2657,77000000,17.58,0,2,2,-17.201226058266865,-1.067348479947533,5.9415572150575295,222.3204743862152
-16.38147128113288,-2.7231685253367455,6.801937735804836,-15.289539665531166,-0.5610145698431783,6.14728043634916,-0.3011804764915447,0.0006716962917010186,-0.015895979260629453,0.9534344168571656,0.10067210278176641,0.207859937950218,0.3007638038299423,0.0017294308463533525,0.005799762448077672,-0.014970800839364529,2657,215000000,17.84,0,2,2,-17.190764009252483,-1.122631141914242,6.019922553559081,222.58113884925842
-16.283414055463837,-2.7521728297852173,6.839055545102901,-15.281421375349227,-0.5935239021129476,6.188370929024891,-0.2999589765853745,0.00028899811835561735,-0.01598768170392676,0.9538180764064372,0.0687501766294238,0.2198299657726829,0.30131120976349585,-0.0010395429740128748,0.004605247977451654,-0.020739367937494535,2657,348000000,17.9,0,2,2,-17.184380861979292,-1.1500655224217355,6.058398352744433,222.82559514045715
-16.283414055463837,-2.7521728297852173,6.839055545102901,-15.269211111885165,-0.6249988135668841,6.229484701076097,-0.2984328606003737,8.256684880924431e-05,-0.016214836827399094,0.9542928795517938,0.0421949785019261,0.229174338723098,0.30061494347224976,-0.0033220330351468874,0.00243338788550318,-0.024733066311455332,2657,490000000,17.91,0,2,2,-17.17723518441455,-1.1773518190628058,6.096374782551339,223.04134106636047
-16.183884907378264,-2.7792354667809693,6.872469741279472,-15.256235256830008,-0.6512515877225027,6.264503205997766,-0.2969687288614866,5.888417601763833e-05,-0.016461570602132984,0.9547452997026786,0.026480513463943887,0.23401476183162712,0.29825109983238796,-0.004537160930340178,-1.0570535735610065e-05,-0.025320914210169576,2657,619000000,17.89,0,2,2,-17.169335572945727,-1.2044841222490887,6.133828256863833,223.27972841262817
-16.183884907378264,-2.7792354667809693,6.872469741279472,-15.244472092930515,-0.6728167393261355,6.293386688018186,-0.29580112941289943,0.00016440849206464034,-0.0166653758827284,0.9551041461822829,0.021053938792388323,0.2350613891745501,0.29489370174991725,-0.005098529436509125,-0.002461297344780178,-0.02250146626465721,2657,742000000,17.86,0,2,2,-17.161994633606582,-1.2276059670983075,6.165471196144571,223.47665357589722
-16.08306887143714,-2.804385354445228,6.902113032590306,-15.232785484332586,-0.6943028033601869,6.321820448527257,-0.2948687355755989,0.00040244740809884313,-0.016836855563851158,0.9553893379721449,0.023906305089070674,0.23292603144029025,0.28994584420847447,-0.005145173690834781,-0.004987401052858331,-0.01671413720032433,2657,844000000,17.84,0,2,2,-17.155438760891997,-1.2467773505637438,6.191522406187577,223.68045330047607
-16.08306887143714,-2.804385354445228,6.902113032590306,-15.22025589309965,-0.7203663936158552,6.3551350309908345,-0.2942907563398906,0.0009101695770439393,-0.01704539359855428,0.955563486578106,0.04314496165746317,0.22532118294790263,0.2816364010720939,-0.006354456900226069,-0.008932354467106052,-0.004459521051103366,2657,948000000,17.84,0,2,2,-17.14846861357421,-1.2658545617530255,6.217278359472518,223.8771092891693
-16.08306887143714,-2.804385354445228,6.902113032590306,-15.212041298130448,-0.7425992748222398,6.382069143419633,-0.29430996597691367,0.0014752898903706915,-0.017162631010569168,0.955554766375639,0.06456841147176419,0.21741871337749208,0.2738350518007526,-0.004503329500948894,-0.010647528324625455,0.0040615283978695516,2658,61000000,17.91,0,2,2,-17.14846861357421,-1.2658545617530255,6.217278359472518,224.0813672542572
-15.981152179474375,-2.8276577472677515,6.927925721391707,-15.204029894702192,-0.7746003115383782,6.418520573445593,-0.29484019523932525,0.0022438214208184513,-0.017150672102360195,0.9553900140691786,0.09226637367194737,0.2077584968921907,0.26337453231167285,-0.002163269368793408,-0.009753294943948276,0.010917501003859797,2658,173000000,18.02,0,2,2,-17.134348020241887,-1.3084661454068336,6.2728644382688925,224.3088800907135
-15.981152179474375,-2.8276577472677515,6.927925721391707,-15.20008006036488,-0.8027656411493498,6.448624717971656,-0.29556484465606725,0.0027740043980748847,-0.017068045462240847,0.9551661684372688,0.11327318874962933,0.20026374807574016,0.2543499537454129,-0.0006089049975344096,-0.007544454183516791,0.01400766213919269,2658,297000000,18.22,0,2,2,-17.12789570423625,-1.3365906076694833,6.30739820649755,224.54074954986572
-15.878321800454078,-2.849094176114604,6.949855824363647,-15.198455658006704,-0.8315067449139592,6.477684600855275,-0.29640444880384653,0.003166549504591742,-0.017041668164793,0.9549052085100823,0.13066958382250288,0.19428450696262228,0.2457680663223237,-0.004085609361936804,-0.0047438909405173035,0.014772201939194929,2658,418000000,18.42,0,2,2,-17.123276081098087,-1.3610973337276544,6.336495593761515,224.78574395179749
-15.878321800454078,-2.849094176114604,6.949855824363647,-15.198564069461703,-0.8656266685416896,6.510404221636357,-0.2973002795506367,0.003463745133540144,-0.01724600576251202,0.9546219783422139,0.14152561725525653,0.19109885544721789,0.2372825344664778,-0.003989415972682764,-0.001402424584284745,0.010976788053085329,2658,550000000,18.62,0,2,2,-17.123276081098087,-1.3610973337276544,6.336495593761515,225.00880336761475
-15.774764980033865,-2.8687423687722617,6.967859177197259,-15.199037059730356,-0.8950432796072122,6.537609192065696,-0.29775681493271017,0.0034937844140119677,-0.017339897605258607,0.954477868042332,0.13848685200004568,0.19284221262832324,0.2319065670422577,0.0015397244396808674,0.0019194476635675528,0.004406652487887186,2658,678000000,18.84,0,2,2,-17.123276081098087,-1.3610973337276544,6.336495593761515,225.2443950176239
-15.774764980033865,-2.8687423687722617,6.967859177197259,-15.19821110556,-0.924182473259684,6.564295768507315,-0.2977820510082039,0.0032423446579998173,-0.01726841793750509,0.9544721782432435,0.12305620238101703,0.19911418139416903,0.22862463341362665,0.003447382368904073,0.005334952584234998,-0.0034828081197701977,2658,800000000,18.99,0,2,2,-17.10394323593902,-1.4373924681290904,6.425387431422234,225.46520233154297
-15.774764980033865,-2.8687423687722617,6.967859177197259,-15.195626842294633,-0.9480195022564747,6.586296183460247,-0.2974607672785058,0.0029006417463995323,-0.017261168869588027,0.9545735855641496,0.10463058326806607,0.20666755055561264,0.2271733270761925,-0.001291433727601543,0.007062849135763827,-0.009683965254225768,2658,917000000,19.23,0,2,2,-17.096802977094487,-1.4568446720926045,6.4479243206745425,225.66169047355652
-15.670668781037511,-2.8866561511884625,6.981899523535869,-15.19097284784559,-0.9714452683719139,6.6081840449920755,-0.29684876514152947,0.0025791093068900997,-0.01751496067717748,0.9547603809237211,0.08383178288446423,0.2155894171099242,0.22655259878378256,-0.004040523754156311,0.007622098701176583,-0.016069489538494963,2659,18000000,19.13,0,2,2,-17.096802977094487,-1.4568446720926045,6.4479243206745425,225.87516021728516
-15.670668781037511,-2.8866561511884625,6.981899523535869,-15.182162637768371,-0.998841732000018,6.634281747159554,-0.2955796058765347,0.0022061913272261105,-0.017948467373561386,0.9551469425322159,0.05407238576874174,0.2269405207475259,0.22508753282148466,-0.005830348891322501,0.007413691082547302,-0.026713934857980348,2659,127000000,19.15,0,2,2,-17.096802977094487,-1.4568446720926045,6.4479243206745425,226.07258296012878
-15.566219626035252,-2.9028953296266673,6.991948587990478,-15.170064475375925,-1.0254298682142826,6.660095996542343,-0.29384993040606167,0.001884956439933732,-0.018343410596353093,0.9556736810372387,0.029585623162503134,0.2355994893823629,0.2226830751331584,-0.0016590393784099433,0.005423916400104645,-0.03212424235243816,2659,242000000,19.1,0,2,2,-17.096802977094487,-1.4568446720926045,6.4479243206745425,226.29805517196655
-15.566219626035252,-2.9028953296266673,6.991948587990478,-15.155629429402484,-1.0513993292488604,6.685537336717301,-0.29198209839065353,0.0016464185539453637,-0.018480417741576334,0.9562438066128494,0.01408625140573716,0.24060949581953422,0.21916050274553234,-0.0011234798648729338,0.0023825182779546594,-0.03172984543198254,2659,365000000,19.0,0,2,2,-17.096802977094487,-1.4568446720926045,6.4479243206745425,226.53975534439087
-15.461602843222426,-2.9175255540069984,6.997986133082629,-15.140190983734966,-1.0770518717452189,6.71044203292797,-0.2902939786314629,0.0016316431191570092,-0.018693239930539292,0.9567535244209695,0.011170861534501333,0.24101479890356323,0.21378570756170873,-0.008945212084654486,-0.0008727507349703956,-0.025766300859686453,2659,489000000,18.88,0,2,2,-17.06281611507095,-1.5726143912141872,6.570622417853554,226.76976466178894
-15.461602843222426,-2.9175255540069984,6.997986133082629,-15.12322981431235,-1.1071795025544453,6.738445215554925,-0.2889405915566279,0.0019856316009668334,-0.019295453442042476,0.9571504987694031,0.025183790648255072,0.23526265128998033,0.20461668335640232,-0.01058788602676941,-0.0045019027311354876,-0.014658615691587329,2659,616000000,18.63,0,2,2,-17.061708903489606,-1.6033115738606294,6.598147944852656,227.01546812057495
-15.461602843222426,-2.9175255540069984,6.997986133082629,-15.110941506792964,-1.1334858713032752,6.761296523080825,-0.2883287269049173,0.002486832487771243,-0.019919962322329378,0.957321030797216,0.0413209210378556,0.2293744018126737,0.19579760227260112,-0.016822179532027803,-0.005043269584348309,-0.008107897428999422,2659,750000000,18.71,0,2,2,-17.061708903489606,-1.6033115738606294,6.598147944852656,227.2570583820343
-15.357002216775566,-2.9306181627619963,7.0,-15.100419176507428,-1.1602669812602595,6.78307874779627,-0.2879662966680702,0.003020202218513032,-0.020779975774413185,0.9574103002206791,0.056112186449162514,0.22452995207239215,0.1871334940148599,-0.016242726087511983,-0.0042599149765010225,-0.0043712897877412615,2659,863000000,18.72,0,2,2,-17.061708903489606,-1.6033115738606294,6.598147944852656,227.46888852119446
-15.357002216775566,-2.9306181627619963,7.0,-15.091902684019717,-1.187574817261098,6.803751417577661,-0.28782018125123354,0.003500941160892161,-0.021566858642835494,0.9574351974331081,0.07277011768200806,0.21885243973738389,0.17802598071050565,-0.013723140637011966,-0.0035671727118824492,-0.0008978718142316211,2659,981000000,18.76,0,2,2,-17.061708903489606,-1.6033115738606294,6.598147944852656,227.68396306037903
-15.25259954285125,-2.9422500095898476,6.997986133082629,-15.086294675449242,-1.2106942997653507,6.8201279857948585,-0.2878260825666117,0.0037966045311944602,-0.022001836986923373,0.957422399548701,0.08497240859453431,0.21434387854095252,0.17046639100039024,-0.0013501438502316887,-0.0029685164690818056,0.0007854845819110778,2660,98000000,18.83,0,2,2,-17.066638124806488,-1.7115017907994532,6.6850787640173355,227.88259506225586
-15.25259954285125,-2.9422500095898476,6.997986133082629,-15.081833097177837,-1.2340139472870002,6.83575527156131,-0.2878749149952661,0.0039005248735408636,-0.02184898642440335,0.9574108005524092,0.09488978614731035,0.21011927327977714,0.16288908554963427,0.0037974009501340333,-0.0026976978006132413,0.0013078673532618268,2660,203000000,18.9,0,2,2,-17.066638124806488,-1.7115017907994532,6.6850787640173355,228.07724738121033
-15.148574192374907,-2.9525032725414264,6.991948587990478,-15.078376682654012,-1.2574565146053949,6.850651097923298,-0.28794903367070934,0.003954061984080728,-0.02159961228853562,0.9573939503417157,0.10346770249911623,0.20613762564346128,0.15537996000082757,0.002833991538864211,-0.002152458455384476,0.0017394642554791062,2660,306000000,18.98,0,2,2,-17.059760352715454,-1.7534649417751282,6.718231246530371,228.28225541114807
-15.148574192374907,-2.9525032725414264,6.991948587990478,-15.075292613230395,-1.2857531754873628,6.8675787765825165,-0.288030343378126,0.0040797925744574266,-0.021728468136777958,0.9573660482064619,0.11155772311797345,0.203076974340699,0.14675527982354086,-0.0038066930073910044,-0.000752102749856931,0.0013326306429917167,2660,415000000,19.06,0,2,2,-17.05366260975467,-1.7734852908946466,6.734134532883653,228.48573541641235
-15.045102681746993,-2.961465245929668,6.981899523535869,-15.073144020974386,-1.3142026983753237,6.883497795952351,-0.288107318037796,0.004119879469986085,-0.021804339980583724,0.9573409897441099,0.11789059171362933,0.20022434129117053,0.1383820276980483,0.00575046292397019,-5.339187012509683e-05,0.0013586129057330254,2660,535000000,19.15,0,2,2,-17.044159955327395,-1.7967111071799247,6.75259948587836,228.7036726474762
-15.045102681746993,-2.961465245929668,6.981899523535869,-15.071699342570884,-1.3426679152552572,6.898435330309413,-0.28818723572574917,0.003989334381645407,-0.021350982575522634,0.9573277066496104,0.12216598038105023,0.1976099631721963,0.13004978357524652,0.008564741801819764,-7.099095782336917e-05,0.0013359197396312084,2660,655000000,19.26,0,2,2,-17.032446093963497,-1.8191061670684965,6.770370106818947,228.91857862472534
-15.045102681746993,-2.961465245929668,6.981899523535869,-15.070710274485814,-1.3758026789851796,6.9146674310783185,-0.28827245883701735,0.0038056128793508767,-0.020712788044768234,0.9573168165231849,0.12548588255617452,0.19496499050043917,0.12053843623210395,0.011299095876893261,-9.618244831699485e-05,0.0010198087238677545,2660,776000000,19.36,0,2,2,-17.032446093963497,-1.8191061670684965,6.770370106818947,229.12954711914062
-14.942358252569695,-2.969228115601023,6.96785917719726,-15.070178453656176,-1.40406007191112,6.927575554406727,-0.28830428869048186,0.003619570361123533,-0.020066295630348382,0.9573217221043047,0.12515676082160965,0.19377678729212877,0.11276078743408643,0.010914561607933138,-0.00015534093051883247,-0.0003492388316317374,2660,898000000,19.48,0,2,2,-17.032446093963497,-1.8191061670684965,6.770370106818947,229.37118124961853
-14.942358252569695,-2.969228115601023,6.96785917719726,-15.069327272438883,-1.4367078323597717,6.941568837655957,-0.2881903678901297,0.003425054673923301,-0.01936933319172114,0.9573710930394443,0.12092495597418573,0.19374148271039146,0.10455685637943253,0.00973067435552366,-0.00032532356044612243,-0.003167430986650288,2661,34000000,19.59,0,2,2,-16.982890930951534,-1.8851592447463577,6.821839337364476,229.6072633266449
-14.840510461471446,-2.975888718158154,6.949855824363648,-15.06834729315227,-1.4597749907294344,6.950910687650702,-0.2879848056168178,0.0033148684283787217,-0.018948815743670223,0.95744175058489,0.11637178261555525,0.1945079626618102,0.09904987755634506,0.0064538024616922485,-0.0003784435762099747,-0.005600386521109613,2661,163000000,19.69,0,2,2,-16.982890930951534,-1.8851592447463577,6.821839337364476,229.81631302833557
-14.840510461471446,-2.975888718158154,6.949855824363648,-15.066834593197239,-1.4826212938518928,6.959725563072459,-0.28763518617255607,0.0032389160551323072,-0.018664680688235173,0.9575526819935667,0.10820064479170836,0.19689969992638018,0.09399322189599277,0.0065400284256611485,4.238575801451816e-05,-0.009886909083434148,2661,268000000,19.73,0,2,2,-16.982890930951534,-1.8851592447463577,6.821839337364476,230.02636289596558
-14.739724781076784,-2.9815482847712667,6.927925721391708,-15.060533001908585,-1.5134638180471387,6.971497292694789,-0.28610482651089386,0.0028710870860958687,-0.018137371565493013,0.9580223488305533,0.061449274587637215,0.21284805319508798,0.09045363244214207,0.011147012264700606,0.003637732766037516,-0.032425771132693626,2661,374000000,19.76,0,2,2,-16.945268421358577,-1.9456395111161198,6.86091043760142,230.25446128845215
-14.739724781076784,-2.9815482847712667,6.927925721391708,-15.050030185989975,-1.5385473217860468,6.981164267081709,-0.2838524654341836,0.002421081603206395,-0.01757184710626214,0.9587038888103459,0.023433855332715695,0.22549540457547698,0.08715617294052766,0.010804351131810108,0.003709748170876992,-0.04409154389577452,2661,499000000,19.65,0,2,2,-16.945268421358577,-1.9456395111161198,6.86091043760142,230.48511123657227
-14.739724781076784,-2.9815482847712667,6.927925721391708,-15.032201620258204,-1.5663389187071441,6.991926660704055,-0.2804518406416205,0.0019829126695900005,-0.01708797620963847,0.9597139335276581,-0.022413745656636532,0.24012141931266454,0.08272162848215024,0.0051120926400471944,0.002569948219388607,-0.05853432339790743,2661,627000000,19.44,0,2,2,-16.938080355380478,-1.9987944463232068,6.885276525352081,230.73421549797058
-14.640162213137074,-2.986312170261556,6.902113032590307,-15.008267937718418,-1.5924882175033679,7.001982632847603,-0.27611394033729214,0.0017003543836587682,-0.01684733681506544,0.9609757374609538,-0.06091838225218312,0.2507571083020035,0.07723683133948117,0.0036831268516834825,0.001323824733390211,-0.06744391066604294,2661,766000000,19.08,0,2,2,-16.94064075447702,-2.0295290198015334,6.896336263728987,230.99953413009644
-14.640162213137074,-2.986312170261556,6.902113032590307,-14.980670012863007,-1.617471363595777,7.011205853095602,-0.2715411008483685,0.001504575517357258,-0.016645973507842044,0.9622817042678016,-0.08173025913701745,0.25374236272474554,0.0705355994686235,0.003098663751188724,0.000332877593223202,-0.06666595363640226,2661,910000000,18.61,0,2,2,-16.94064075447702,-2.0295290198015334,6.896336263728987,231.27306604385376
-14.541978914802943,-2.9902895681847994,6.872469741279476,-14.960150454841067,-1.6348529612602276,7.0171766355324205,-0.2684307038101644,0.001403098106907745,-0.01642837842561711,0.9631578774790699,-0.08456933788468263,0.25110898502657786,0.06447055433083931,0.0074315908932476304,-0.0013937249036644062,-0.06088722620916087,2662,40000000,18.1,0,2,2,-16.953799110800638,-2.0935033421093197,6.914224408652984,231.48382234573364
-14.541978914802943,-2.9902895681847994,6.872469741279476,-14.93660280785869,-1.6555533947610444,7.0234526524412955,-0.26523091373451907,0.0013825139314422594,-0.015913832302120335,0.9640525924430894,-0.07482364246782043,0.24331106777714742,0.05568474375292189,0.007928620198072167,-0.003959807327191811,-0.051284077926538885,2662,148000000,17.75,0,2,2,-16.953799110800638,-2.0935033421093197,6.914224408652984,231.68722367286682
-14.445325838981478,-2.993593212685567,6.839055545102902,-14.91848409537797,-1.6727952989710397,7.0279038808413254,-0.26289778378291406,0.0014732500170602583,-0.015484968786588844,0.9646982950944287,-0.06318507664138841,0.23593692199622235,0.04811058052536559,0.006605423686778522,-0.0052277453050919576,-0.046668849972775206,2662,258000000,17.39,0,2,2,-16.953799110800638,-2.0935033421093197,6.914224408652984,231.90348172187805
-14.445325838981478,-2.993593212685567,6.839055545102902,-14.901767891075462,-1.6900630533324037,7.03159746600517,-0.26068495101844863,0.0016198243277555395,-0.015118575162302961,0.9653041806429297,-0.05241045425674447,0.2293244831905612,0.04017722210052271,0.006258855728447088,-0.005508296771949972,-0.04516208755376283,2662,365000000,17.14,0,2,2,-16.953799110800638,-2.0935033421093197,6.914224408652984,232.10729718208313
-14.350348389681816,-2.9963390679327606,6.801937735804841,-14.88050860017144,-1.7142517256283718,7.0355032761684,0.25767779913355715,-0.0018066806529507332,0.014553197994223145,-0.9661196055183051,-0.03931234964393231,0.22093301946758787,0.029138934931839684,0.008668464670336107,-0.005078674121250515,-0.04385849315440282,2662,471000000,16.91,0,2,2,-16.957309860184637,-2.1827806733444786,6.932442569455408,232.34074592590332
-14.350348389681816,-2.9963390679327606,6.801937735804841,-14.856203004738582,-1.7452822072749998,7.038295706197789,0.25394642542852663,-0.0019355135743900015,0.013652037017595906,-0.967119997045117,-0.026120139905262463,0.2119798317322043,0.01490969891423645,0.009419589150638785,-0.00404962861466629,-0.04178221934125759,2662,598000000,16.59,0,2,2,-16.94705004255642,-2.2083612465149307,6.936409939044849,232.71606421470642
-14.257186093209897,-2.998646005985418,6.7611910637134764,-14.834582535433332,-1.7761990259035318,7.038604801404087,0.2503376389706365,-0.0020166818202529335,0.012955546504896307,-0.9680698080840049,-0.01675623597246203,0.2054592980906098,0.0005901026967694124,0.006971520087972749,-0.002849131260518334,-0.04111186935915612,2662,794000000,16.21,0,2,2,-16.94705004255642,-2.2083612465149307,6.936409939044849,233.01935195922852
-14.257186093209897,-2.998646005985418,6.7611910637134764,-14.810876141789292,-1.811169003421975,7.035880767871729,0.2493790950607721,-0.001724414711380926,0.012770749941768435,-0.9683201956411411,-0.019323561834646653,0.17741026394770426,-0.014486175952037536,0.0013236170389063773,0.00579732713958947,0.0180491470018751,2662,958000000,15.84,0,2,2,-16.8979264681836,-2.2654649877450037,6.941535517827867,233.43732404708862
-14.165972286029167,-3.000635473973351,6.716897587203735,-14.795064963400607,-1.832927383799873,7.032063827443489,0.25172662210187174,-0.001182162374605689,0.01278837870818762,-0.9677131639010175,-0.021249742325102298,0.15905680784010393,-0.024081061483676856,0.0017425689520678134,0.007656360503460746,0.038221169597818516,2663,184000000,15.74,0,2,2,-16.8979264681836,-2.2654649877450037,6.941535517827867,233.73280835151672
-14.076833820056732,-3.0024311515106303,6.669146507442607,-14.780212196743154,-1.8520744296288347,7.026888533867099,0.2551693992282981,-0.0005883255845635987,0.012796040914951262,-0.9668115084686251,-0.022816890005494563,0.1435053535567812,-0.03253764994142034,0.0019939695221182774,0.007689043104619486,0.04897827275271993,2663,336000000,15.94,0,2,2,-16.819375791439633,-2.3148172864536503,6.938279279895489,234.02218556404114
-14.076833820056732,-3.0024311515106303,6.669146507442607,-14.767855525979767,-1.8669746377462386,7.0213666492589,0.2586646907289565,-0.00010328018188875739,0.012797493565965597,-0.9658823899739168,-0.024166590240151838,0.13191707034769468,-0.039241249169319134,0.001887517419163487,0.006991518012000597,0.05330890235200059,2663,505000000,16.19,0,2,2,-16.819375791439633,-2.3148172864536503,6.938279279895489,234.2638382911682
-13.989890786116403,-3.0041585992905784,6.6180339887498985,-14.755981856616643,-1.8803674488504531,7.015003417595672,-0.2623863920528603,-0.000324456306170744,-0.012789444369905796,0.9648780783634258,-0.02549567764019171,0.12189472266649617,-0.04523879418200303,0.0018850825540539518,0.0061498717059293995,0.05662676630890928,2663,645000000,16.42,0,2,2,-16.754553582840742,-2.3515049683832987,6.9288158984597406,234.514315366745
-13.989890786116403,-3.0041585992905784,6.6180339887498985,-14.74289217667274,-1.8940562979752342,7.006817678102788,-0.26689275061240414,-0.0007419245897053502,-0.012769459437820638,0.9636413493225133,-0.027011849162690026,0.11207889119738738,-0.051352135726749,0.0018083545455738204,0.005288041302264901,0.05981140384392347,2663,776000000,16.63,0,2,2,-16.754553582840742,-2.3515049683832987,6.9288158984597406,234.87371182441711
-13.905256256218784,-3.005944899839202,6.563662964936061,-14.7333456284973,-1.9033218536642842,7.000100776297805,-0.2704356917771699,-0.0010088644092820665,-0.012757527825698986,0.9626529822783407,-0.028167893193303383,0.10571401852569265,-0.05545763479772329,0.001549346438878274,0.0047113745495153125,0.06253849933273159,2663,954000000,16.84,0,2,2,-16.70422062473375,-2.3921885405440033,6.912081772977743,235.0461401939392
-13.823036045287,-3.0079182914293168,6.50614293200722,-14.727087623248165,-1.909069806240353,6.995372487130255,-0.27287326551012214,-0.00116686570197748,-0.01275065174624334,0.9619647812026809,-0.02889529416887761,0.10190310647439334,-0.058003987945180746,0.001549498529129778,0.004358255091574392,0.06373173819156364,2664,57000000,17.0,0,2,2,-16.688974859481988,-2.4097260255637916,6.903267741200524,235.2157917022705
-13.823036045287,-3.0079182914293168,6.50614293200722,-14.719192884753184,-1.916382657850201,6.989011574239901,-0.27475157274853734,-0.001376687931078125,-0.012199128731956582,0.9614368722182057,-0.02719933770701275,0.10813281158704006,-0.06428263611499063,0.014170259328238899,-0.0006368407213130922,0.02084213301714044,2664,141000000,17.1,0,2,2,-16.688974859481988,-2.4097260255637916,6.903267741200524,235.4138433933258
-13.823036045287,-3.0079182914293168,6.50614293200722,-14.71102290968097,-1.9243194324044326,6.981960860202052,-0.27490869976968246,-0.0014606977610019346,-0.01142127899601824,0.9614013873190991,-0.02651280517605336,0.1153057523143732,-0.07172340515796358,0.015225836341414833,-0.003956539421778871,-0.008815236833470408,2664,243000000,17.1,0,2,2,-16.688974859481988,-2.4097260255637916,6.903267741200524,235.5962529182434
-13.743328492892093,-3.010207796180322,6.445589727654784,-14.702486671958734,-1.9328641372888307,6.974113524062659,-0.27398100416807547,-0.0014298706717574038,-0.010659057888829926,0.9616749707202727,-0.02687625773971917,0.12230167945311024,-0.07994149436122139,0.014091409320826642,-0.005608877017948544,-0.026326707848056685,2664,347000000,16.91,0,2,2,-16.66399301757575,-2.453621497730284,6.878005071209545,235.7710406780243
-13.743328492892093,-3.010207796180322,6.445589727654784,-14.693590158947634,-1.9419682025122444,6.965484040826043,-0.27241882933117173,-0.0013471350768031881,-0.009905745281486173,0.9621268330440311,-0.02732457508526804,0.12861245699411883,-0.08749813854924882,0.013511500128515763,-0.006232490522961598,-0.03647716912382748,2664,444000000,16.62,0,2,2,-16.66399301757575,-2.453621497730284,6.878005071209545,235.94875025749207
-13.743328492892093,-3.010207796180322,6.445589727654784,-14.684381175163244,-1.95157864562008,6.956143509713642,-0.27052697262263387,-0.0012370226174108177,-0.0092048260089546,0.9626675947786034,-0.027862962773971784,0.13414043460611752,-0.09442584496680298,0.01272835261261207,-0.006252615548874019,-0.04108459652343299,2664,548000000,16.27,0,2,2,-16.66399301757575,-2.453621497730284,6.878005071209545,236.1267375946045
-13.666224265507282,-3.0129428433883514,6.382125297973728,-14.674844638147588,-1.961624824819106,6.9460776067530805,-0.2684875451808975,-0.001137007205729539,-0.008482341182409116,0.963245137639124,-0.02930609970120398,0.13925397993730124,-0.10198822136563805,0.013131415016687242,-0.0060531074268510565,-0.04311500924814027,2664,653000000,15.91,0,2,2,-16.64740216129953,-2.503503507285748,6.844337819205927,236.30910921096802
-13.666224265507282,-3.0129428433883514,6.382125297973728,-14.66498573915526,-1.972046664086972,6.935308717144325,-0.2663847525872489,-0.0010405668251256624,-0.007787925207637861,0.963834751931405,-0.030711632026741043,0.14368748108559276,-0.10877381687203587,0.012472084381442983,-0.005740497272199718,-0.04392767514218576,2664,754000000,15.55,0,2,2,-16.64740216129953,-2.503503507285748,6.844337819205927,236.50699925422668
-13.591806179733467,-3.016252889148348,6.315877451879427,-14.65484754314917,-1.9827929514304694,6.923918288655289,-0.2642619084900383,-0.000954074379544033,-0.0071329040545293956,0.964424105434445,-0.032070279174507735,0.14740271669121324,-0.11472432000182817,0.011780733348132344,-0.0051974255256936885,-0.04403298626129981,2664,854000000,15.19,0,2,2,-16.64740216129953,-2.503503507285748,6.844337819205927,236.68536400794983
-13.591806179733467,-3.016252889148348,6.315877451879427,-14.64441365778243,-1.9938084090712271,6.911905089488374,-0.2621331048509015,-0.0008838679761380688,-0.0065022297138824505,0.9650094171184935,-0.034314777976857426,0.15096159943466703,-0.12142056770608303,0.011524851015565218,-0.004738880306831561,-0.044148826782475226,2664,949000000,14.85,0,2,2,-16.623298012348418,-2.5505394246115562,6.805858137224973,236.85918164253235
-13.591806179733467,-3.016252889148348,6.315877451879427,-14.635843000006899,-2.002781320283967,6.901844614998076,-0.2604301185771699,-0.00083735147574803,-0.006021141154573015,0.9654735615435482,-0.03608113090911878,0.15337473403657323,-0.12626012843323253,0.01100853787647793,-0.004345962361185229,-0.04402594604471233,2665,38000000,14.52,0,2,2,-16.623298012348418,-2.5505394246115562,6.805858137224973,237.0360164642334
-13.520149046890582,-3.0202670333435666,6.246979603717466,-14.624843414781246,-2.0141628467636834,6.888709957141747,0.2583101746195521,0.0007855903501526908,0.0054743364518821435,-0.9660462039551884,-0.03889798292712812,0.15631389676753765,-0.1329164517969222,0.009764800506673055,-0.0038422158922912786,-0.043747585368691944,2665,126000000,14.26,0,2,2,-16.623298012348418,-2.5505394246115562,6.805858137224973,237.23585104942322
-13.520149046890582,-3.0202670333435666,6.246979603717466,-14.592331079508533,-2.046704596194805,6.8487742103325004,0.2523829258381749,0.0006976380484825582,0.004182710572857186,-0.9676181462636897,-0.04711766517829323,0.16244611011750368,-0.1491767985212422,0.007966937664605211,-0.0025755762862900156,-0.04390521862660535,2665,234000000,13.95,0,2,2,-16.58494941882895,-2.588907488090377,6.766551214033288,237.70656299591064
-13.520149046890582,-3.0202670333435666,6.246979603717466,-14.565074312105956,-2.0727295160902703,6.814279231290062,0.24766881985787387,0.0007090525691403977,0.0032967644510927567,-0.968838884572051,-0.05370568084933408,0.1663509012910302,-0.16160773256696098,0.0073330706527485745,-0.0015690347936470062,-0.04535776279226411,2665,502000000,13.13,0,2,2,-16.536839352822625,-2.623738973885029,6.7242529928513,238.08833503723145
-13.451319539310912,-3.0251136350888155,6.175570504584948,-14.544399222830974,-2.0918662494506832,6.787616923019143,0.24398628406869594,0.0007703085690901973,0.002720540358545554,-0.9697745606434598,-0.058157555839899525,0.1686999876224169,-0.16953270349571795,0.006962473025851068,-0.0008244905870924413,-0.04891377211606596,2665,733000000,12.5,0,2,2,-16.4994996344527,-2.6511171701576806,6.688299497098367,238.38550567626953
-13.385376078610724,-3.030919927721646,6.101793962904203,-14.520350318599242,-2.113385577354198,6.756245647987974,0.2402355716550058,0.0009072921124020794,0.002055640337305675,-0.9707120176836275,-0.06442614742381889,0.16885010153824234,-0.17732326736155085,0.007543750371041824,-7.903942789155849e-06,-0.03547379019437358,2665,891000000,12.02,0,2,2,-16.4994996344527,-2.6511171701576806,6.688299497098367,238.69721794128418
-13.322368746156728,-3.0378116344403696,6.025798554811814,-14.500951049079207,-2.129806212648335,6.730968861992859,0.23883355280594498,0.0010721216359245779,0.0016174518610205728,-0.9710585813733205,-0.07049329807268342,0.16884558760367563,-0.18264014683405577,0.006201803898875369,0.0014329208624985768,-0.00786913237789122,2666,60000000,11.53,0,2,2,-16.45506078952614,-2.698046937286732,6.626195540933931,238.97366642951965
-13.322368746156728,-3.0378116344403696,6.025798554811814,-14.480840737792903,-2.1459124795541444,6.705008621836652,0.23893078126352946,0.0013015783681316147,0.0012477045626907884,-0.9710349277404366,-0.07569766160483522,0.1690526734894618,-0.1875079178694798,0.005675740976585075,0.0022268778820944135,0.00804788705863757,2666,215000000,11.32,0,2,2,-16.45506078952614,-2.698046937286732,6.626195540933931,239.220796585083
-13.262339215882946,-3.045912585689532,5.9477373249459955,-14.457071875246003,-2.1639679395008353,6.674579125198312,0.2399849502399694,0.001592518816340206,0.0008771982679349284,-0.970774905972202,-0.08074215785964803,0.1694056767821392,-0.19249732563641142,0.005136264553584624,0.00252087836543069,0.01773977801349247,2666,348000000,11.27,0,2,2,-16.45506078952614,-2.698046937286732,6.626195540933931,239.4985499382019
-13.262339215882946,-3.045912585689532,5.9477373249459955,-14.420009553701558,-2.1903869319181624,6.627625506517947,0.24257265135837686,0.0020057556872870785,0.000399739216497576,-0.9701310870009525,-0.0871468534567003,0.16984479838646788,-0.19884674169468464,0.004464364928935538,0.002168949549741228,0.025404296138731297,2666,496000000,11.32,0,2,2,-16.417637542789745,-2.7654834911418007,6.535228406201995,239.96313428878784
-13.205320709553007,-3.0553443393919357,5.867767478235118,-14.39446065284883,-2.20757297508429,6.595568989157623,0.24464333899596957,0.0022466219321809174,0.00011019075028291482,-0.9696105286313651,-0.09077513482338348,0.17015638762223995,-0.20251065260887344,0.004156875229455181,0.0019500336748023983,0.027522778691491112,2666,753000000,11.52,0,2,2,-16.393151590190772,-2.8006979474039673,6.482497590535043,240.2462191581726
-13.151337974501477,-3.0662258051218463,5.786050063307852,-14.368318183104384,-2.224442750461304,6.56298048105227,0.2468747592145587,0.0024654946580090374,-0.00014965614677316715,-0.9690442467719843,-0.09394336818221842,0.17041556575777778,-0.20585082019750872,0.0036930430496795452,0.001726069092455873,0.030074212918407284,2666,913000000,11.7,0,2,2,-16.370497157962873,-2.8218503401059922,6.446766755275527,240.5178246498108
-13.151337974501477,-3.0662258051218463,5.786050063307852,-14.33150377385365,-2.2471519386092575,6.517400626322158,0.2502651122855551,0.0027240933592057627,-0.00045881308618259315,-0.9681734051184325,-0.09767072390032026,0.17088608390846452,-0.20979851874224478,0.0031894138828647556,0.0013780697145193699,0.0333468007738702,2667,76000000,11.9,0,2,2,-16.370497157962873,-2.8218503401059922,6.446766755275527,240.8914451599121
-13.100407283827145,-3.0786728733062683,5.702749648162687,-14.307600425754355,-2.261325475814142,6.487992214655877,0.25260241770363545,0.002861794409964525,-0.0006400164214185541,-0.9675657182238391,-0.09972580401838388,0.17113766282821757,-0.21199543882354202,0.00300078968393791,0.0011099115226897993,0.03527464759827126,2667,287000000,12.22,0,2,2,-16.299653330070885,-2.8658676267052963,6.360000299421278,241.14869165420532
-13.052536458950115,-3.0927980505305666,5.6180339887499,-14.279815192462374,-2.27726002267998,6.454047459852527,0.25555397417435094,0.003011482885490663,-0.0008410277244821705,-0.9667897340822837,-0.10270226137179402,0.17188266737139407,-0.214199372190551,0.003025366004294483,0.0011923698139071348,0.04221073322696611,2667,426000000,12.45,0,2,2,-16.299653330070885,-2.8658676267052963,6.360000299421278,241.43359112739563
-13.052536458950115,-3.0927980505305666,5.6180339887499,-14.251397777869833,-2.292903339051773,6.419793681107016,-0.25909189743912364,-0.0031668159724660876,0.0010336907537884215,0.9658469296122529,-0.10561380331744426,0.17288455269492312,-0.216143582178356,0.0028849813134002034,0.0011337260730215348,0.04840482652070932,2667,584000000,12.74,0,2,2,-16.299653330070885,-2.8658676267052963,6.360000299421278,241.73370170593262
-13.007724914384157,-3.108710102010856,5.532073691133352,-14.218728324582504,-2.3101544849968674,6.380938142294307,-0.2635296707630435,-0.003330043100534922,0.001224659231973648,0.9646447655226436,-0.10843883098038269,0.1739813735446328,-0.21800179815927195,0.0025435989073230303,0.0010761087537503045,0.05316544556990266,2667,741000000,13.1,0,2,2,-16.210322119299047,-2.9178507335125543,6.248534454183061,242.06649208068848
-13.007724914384157,-3.108710102010856,5.532073691133352,-14.200281084240748,-2.3195766372898583,6.3592195643410765,-0.2661577979112943,-0.0034161988565789138,0.0013225128869329534,0.9639225109706933,-0.10979047224691416,0.1745660922011943,-0.21902958526316157,0.002469988021402969,0.0009908337347042107,0.05553208575292956,2667,931000000,13.56,0,2,2,-16.210322119299047,-2.9178507335125543,6.248534454183061,242.25723123550415
-12.965963724516012,-3.126513702278765,5.445041867912634,-14.181638418697313,-2.3288833883083773,6.337406840215966,-0.26886853889281265,-0.0034991723134005608,0.0014171556628320623,0.9631694846996515,-0.11096644208831821,0.17511474907037702,-0.22005802710117014,0.002457030996083631,0.0009347999196052115,0.05598259376711212,2668,26000000,13.83,0,2,2,-16.210322119299047,-2.9178507335125543,6.248534454183061,242.42660236358643
-12.965963724516012,-3.126513702278765,5.445041867912634,-14.16667260710777,-2.3362615144117327,6.319751429496488,-0.2701085398719709,-0.00354901612390584,0.0015293888637331456,0.9628221238331032,-0.11047382568254265,0.17468843082511717,-0.22385071544229224,0.003255439605709398,-3.401227874899604e-05,0.015830628399271518,2668,116000000,14.12,0,2,2,-16.210322119299047,-2.9178507335125543,6.248534454183061,242.59915041923523
-12.927235712123782,-3.1463090951045274,5.357113789597275,-14.148041783651493,-2.3454197492342224,6.297298009403615,-0.26989766276766886,-0.0035668828894019895,0.0016877086868959629,0.9628809275390136,-0.10984714167585177,0.1733358284145808,-0.22777078175755258,0.003004268182849046,-0.0008203824506836099,-0.01858326777437469,2668,206000000,14.24,0,2,2,-16.210322119299047,-2.9178507335125543,6.248534454183061,242.7783076763153
-12.927235712123782,-3.1463090951045274,5.357113789597275,-14.129523199087105,-2.354543553114786,6.274409444020639,-0.268423206440391,-0.003499683433945337,0.0016496846045419497,0.9632933161819544,-0.10956020779672752,0.1725006066651299,-0.23259904734000142,-0.00224452669499442,-0.001127339669437788,-0.038816016240161844,2668,303000000,14.21,0,2,2,-16.120194162878814,-2.987727790752579,6.099517853673219,242.9585726261139
-12.927235712123782,-3.1463090951045274,5.357113789597275,-14.111112548880724,-2.3636720630432126,6.251064513120463,-0.26621675296262354,-0.003410580251124027,0.0015712466385529467,0.9639058769238771,-0.10931006277458562,0.17146950383304932,-0.2369135152637861,-0.0011097703179530072,-0.0012533397807601432,-0.05047900085628498,2668,400000000,14.03,0,2,2,-16.103093373811276,-2.999692298590094,6.072253200489692,243.15121340751648
-12.891515558308496,-3.168191763661482,5.268466531635316,-14.092803385525135,-2.372800156503526,6.227222666826397,-0.26361432648724126,-0.0033465601191266935,0.0016422154913907556,0.9646209569226283,-0.10946688579712846,0.17031710119153065,-0.24220376406141758,0.0014027413158146373,-0.0016066607372522412,-0.05617120586975943,2668,512000000,13.77,0,2,2,-16.08475887648927,-3.011145929058653,6.0449730637029155,243.32729721069336
-12.891515558308496,-3.168191763661482,5.268466531635316,-14.074597487410006,-2.381924525527761,6.20289853063004,-0.2608494934584551,-0.0032815747204142927,0.0017496232673078938,0.9653723177345848,-0.10952696150997313,0.1690497277170581,-0.24669001094862802,0.0016409783825110935,-0.0016899546722015657,-0.05804681968584191,2668,610000000,13.48,0,2,2,-16.06515392136424,-3.022110555376643,6.017598617072521,243.49617838859558
-12.858769933455328,-3.1922521119096685,5.179278617806869,-14.060114681924247,-2.3892215020148098,6.183149187619417,0.25861081669689173,0.0032327791696548157,-0.001843046810349264,-0.9659744291670778,-0.10953566646767572,0.1679736001775466,-0.2495771668899965,0.0018122158280675649,-0.0015823336070752703,-0.057880900203599595,2668,698000000,13.16,0,2,2,-16.06515392136424,-3.022110555376643,6.017598617072521,243.69359016418457
-12.858769933455328,-3.1922521119096685,5.179278617806869,-14.013352298813873,-2.4131987674955444,6.117103614088148,0.2516830704141114,0.0028820119691239637,-0.0010179285232149238,-0.9678048821407429,-0.10975999797681465,0.16798800953815268,-0.26082105829699553,-0.00838912746985443,-0.00040656741191469337,-0.05262167251203209,2668,790000000,12.91,0,2,2,-16.026823489018607,-3.0406549737040587,5.968263673209004,244.14825439453125
-12.858769933455328,-3.1922521119096685,5.179278617806869,-13.963278248263665,-2.4397149436040504,6.042516753280276,0.2447127166447966,0.0026196267049500236,-0.00011205518309934776,-0.9695920850088893,-0.11014563996962268,0.1687234569265282,-0.27298795616729377,-0.005542170356420684,0.00014466117050915273,-0.051727537720580585,2669,53000000,12.15,0,2,2,-15.96713281167559,-3.0657368342142335,5.896699343652529,244.61755919456482
-12.828957648784899,-3.2185751581476683,5.089729660701035,-13.916989227745486,-2.4649805801795592,5.970450960119661,0.23809230903948297,0.002520936168610548,0.00043782464716679765,-0.9712391598193822,-0.11011976735719826,0.16959984406492393,-0.28195437550827196,-0.0032450056778543512,5.916479430823074e-05,-0.052238270654925145,2669,327000000,11.39,0,2,2,-15.96713281167559,-3.0657368342142335,5.896699343652529,245.03912329673767
-12.802029828000155,-3.2472402416509176,5.000000000000002,-13.888703394985434,-2.4810405076062207,5.925062157341929,0.23407889066964088,0.0024528437225347015,0.000632986181644223,-0.9722143055052399,-0.10913976490038127,0.17081204302034447,-0.2862264345985675,-0.0022734150206815684,-0.000425326240360846,-0.051235194769105874,2669,578000000,10.7,0,2,2,-15.845457008109392,-3.118498893689976,5.743056541363758,245.32683682441711
-12.77793009848097,-3.2783207432808092,4.910270339298968,-13.858811831674915,-2.4979780528591093,5.8733569156465695,0.258150509642358,0.004969581616779549,0.001014970239605265,-0.9660913970558678,-0.08934181367804828,0.1504554876952348,-0.2893148965868311,0.00834757584016188,0.05385927215684205,0.5853577458765358,2669,742000000,10.31,0,2,2,-15.845457008109392,-3.118498893689976,5.743056541363758,245.65784549713135
-12.756594801426797,-3.3118838209127652,4.820721382193135,-13.830245376230067,-2.512863878454776,5.815477690519093,-0.33273692105385483,-0.011504591946009586,-0.002143890785608513,0.9429470767037011,-0.05620913140879654,0.13283039099261854,-0.29213438231087313,0.021150380234757904,0.0685954641085118,0.904364901361987,2669,932000000,12.5,0,2,2,-15.845457008109392,-3.118498893689976,5.743056541363758,245.99211812019348
-12.756594801426797,-3.3118838209127652,4.820721382193135,-13.80343886095885,-2.5249486204979967,5.751379465740282,-0.43104978207375627,-0.018739868501619846,-0.003739950780390514,0.9021257758599237,-0.027645096629363864,0.11327350725703515,-0.29417958126877464,0.028267792185943108,0.05597482268058229,0.9657094546128064,2670,122000000,20.35,0,2,2,-15.750859230724933,-3.1811740940280355,5.577674061554893,246.39839482307434
-12.737953220297717,-3.347990160492629,4.731533468364687,-13.785499723444373,-2.529592405487542,5.704761265952921,-0.49366821205524625,-0.022841694026980993,-0.005258127958838142,0.8693344037311088,-0.029310256260735294,0.09890830440690046,-0.29383713173535203,0.02267247073177714,0.04358251717349049,0.8316501916851848,2670,348000000,31.68,0,2,2,-15.718858982272486,-3.209161734631099,5.507432074652497,246.6821324825287
-12.721927826856154,-3.3866937434896096,4.642886210402729,-13.76986068620223,-2.5313037024122083,5.664019898460014,-0.5332900836806784,-0.024546145604765722,-0.006483037265615525,0.8455513843709423,-0.024657316373324373,0.10514769239062867,-0.29462087534495457,0.0021971957608002413,0.005005312959838193,0.46579160261899233,2670,499000000,39.17,0,2,2,-15.718858982272486,-3.209161734631099,5.507432074652497,246.94762992858887
-12.721927826856154,-3.3866937434896096,4.642886210402729,-13.755501431797667,-2.532971977428906,5.628966872732047,-0.5489462358712459,-0.023829788643496323,-0.007037666123285213,0.8354882659568198,-0.019971703338553817,0.1151321199183349,-0.2958396890357572,-0.014234366153687006,-0.015138797971303575,0.17721610493026674,2670,639000000,43.93,0,2,2,-15.67716268998363,-3.248207136162275,5.409615356539139,247.1680769920349
-12.708434544065298,-3.4280416314708004,4.5549581320873695,-13.740294814441155,-2.535316047796063,5.5936961057752566,-0.5520281720501647,-0.02215809269860434,-0.007365674843028946,0.8334984481239425,-0.01612779908515639,0.12456292048342518,-0.2976730627307024,-0.021926812587480526,-0.024153737831511535,-0.03501486153254518,2670,758000000,45.67,0,2,2,-15.657751132533999,-3.2626991681053705,5.370937408901993,247.37329697608948
-12.708434544065298,-3.4280416314708004,4.5549581320873695,-13.727098959802179,-2.5379616240203293,5.564065101297764,-0.5475809562829208,-0.02047852076348409,-0.007487623631654478,0.8364685660537232,-0.013372117302609876,0.13131928996995473,-0.29931336343189596,-0.022602172248298302,-0.02692594407562865,-0.16004706412786618,2670,880000000,45.75,0,2,2,-15.636183015202937,-3.276304811138152,5.332749153688587,247.58149218559265
-12.697383025056535,-3.4720737684766467,4.467926308866652,-13.710884332247984,-2.542139810576513,5.528285695673566,-0.5368937728712769,-0.018490956710335155,-0.007475741233486681,0.8434140587309368,-0.010060779420747578,0.13783054742352968,-0.3008564883204222,-0.021624171859002672,-0.026854660245589912,-0.24535841512260959,2670,995000000,44.89,0,2,2,-15.616593240794916,-3.2870093868345096,5.301261899962618,247.80056285858154
-12.697383025056535,-3.4720737684766467,4.467926308866652,-13.694467466641468,-2.547526010651948,5.492206054103455,-0.5235551612949976,-0.01663524855029143,-0.007384842569039502,0.8517973501292837,-0.006504578167949056,0.1432404905420645,-0.30283228340430696,-0.018355914289713837,-0.02564464939496247,-0.2686602179892361,2671,110000000,43.17,0,2,2,-15.616593240794916,-3.2870093868345096,5.301261899962618,248.01612734794617
-12.688676947336305,-3.518822801829515,4.381966011250103,-13.675303028341395,-2.555373218406316,5.449795615795003,-0.507766287198943,-0.014707725924130437,-0.007180328651242671,0.8613393775178291,-0.0020707516641283036,0.14858233130502074,-0.3049336076072929,-0.014645734518126119,-0.02362916184210917,-0.25597370113246143,2671,222000000,41.15,0,2,2,-15.565347105299129,-3.3111089005910186,5.2266494839010065,248.27046036720276
-12.688676947336305,-3.518822801829515,4.381966011250103,-13.658969059829271,-2.5634108821251824,5.413118259522517,-0.4950736570883808,-0.01324674004083821,-0.0069514786833138244,0.8687222081192248,0.0015782272665820524,0.15269359034448468,-0.3068084421809115,-0.011132215877296403,-0.02221412032668013,-0.23300247848965228,2671,369000000,38.82,0,2,2,-15.534410874023072,-3.3249101550225184,5.18333452086788,248.4796826839447
-12.688676947336305,-3.518822801829515,4.381966011250103,-13.64278884223834,-2.572548849504695,5.376209246049858,-0.48353326555319487,-0.011951215363653293,-0.006625983784588875,0.8752193130259874,0.005159380838771083,0.1562053069480595,-0.30862205438892765,-0.006273676581258769,-0.0207469516681158,-0.2083595798467286,2671,489000000,36.98,0,2,2,-15.50874673513572,-3.3372431800415203,5.145930829273208,248.68791341781616
-12.682214321363698,-3.5683139219579116,4.297250351837317,-13.629472065971772,-2.5809635899103536,5.345226408888598,-0.4749212561611845,-0.011019932902822768,-0.0062494199369240895,0.8799371035906781,0.008246192617009394,0.15871863651387658,-0.3104388357605109,-0.004096403245057445,-0.01939964586199494,-0.18648173718247563,2671,597000000,35.34,0,2,2,-15.48459996665057,-3.350389716031774,5.107964952741972,248.91053986549377
-12.682214321363698,-3.5683139219579116,4.297250351837317,-13.611105559287966,-2.593809795374801,5.301630802814707,-0.4643707247720209,-0.009854075451597383,-0.0057004398963107356,0.885567745661895,0.011722024731045092,0.16162609305829373,-0.31142717449318286,-0.0019824988612526795,-0.017611553994356655,-0.1588027094840072,2671,716000000,34.12,0,2,2,-15.48459996665057,-3.350389716031774,5.107964952741972,249.14741921424866
-12.67788781259312,-3.6205647217681536,4.213949936692151,-13.593044119934966,-2.6077288846522593,5.257935603373566,-0.4552655599516112,-0.008801415955278013,-0.005219480976870957,0.8902968954328999,0.014943876333315374,0.16446272542832044,-0.3122125282213942,-0.003304438223494799,-0.01573058525536908,-0.1344324671663344,2671,850000000,32.64,0,2,2,-15.441263972901135,-3.3790481768901297,5.030909673584766,249.3804304599762
-12.67788781259312,-3.6205647217681536,4.213949936692151,-13.580315235607758,-2.6182975657636036,5.226622820722995,-0.449647713693893,-0.008097362559500056,-0.0049543618799838774,0.8931555410944931,0.017216393328192695,0.16645283471229858,-0.3128421185385609,-0.0026377475705885445,-0.014585262852051528,-0.11911302717635408,2671,978000000,31.38,0,2,2,-15.441263972901135,-3.3790481768901297,5.030909673584766,249.58901381492615
-12.6755850760423,-3.675585076042296,4.132232521764886,-13.56522612163808,-2.6315839362038114,5.188987584858798,-0.4436957810937072,-0.007331883435897715,-0.0046260623236227295,0.8961355348786841,0.019724692874470578,0.16848440413165525,-0.31339476556611157,-0.0002315275239084258,-0.013462599417835008,-0.10391312098363414,2672,95000000,30.61,0,2,2,-15.406184783090284,-3.4115607944527784,4.952114840128374,249.79123330116272
-12.6755850760423,-3.675585076042296,4.132232521764886,-13.552817363437212,-2.6431236167480514,5.157537967181675,-0.4393253193616315,-0.006780503971858982,-0.004284177894253947,0.898292232156918,0.021814847953162467,0.16989122940314866,-0.3141935611841804,0.000775530719465678,-0.012672900174948154,-0.0919023179449141,2672,204000000,29.8,0,2,2,-15.406184783090284,-3.4115607944527784,4.952114840128374,249.97359156608582
-12.675189102414187,-3.7333770412873593,4.052262675054001,-13.540554957739367,-2.6550299330758804,5.1260528290801854,-0.4355395972094787,-0.006263203029157461,-0.003940694101157457,0.9001391572864841,0.02358235511718255,0.17099996490584884,-0.3143591310618614,0.0011236486784582667,-0.01209863148687873,-0.07842792765586637,2672,298000000,29.21,0,2,2,-15.406184783090284,-3.4115607944527784,4.952114840128374,250.15392231941223
-12.675189102414187,-3.7333770412873593,4.052262675054001,-13.528440776612417,-2.6672881022057484,5.094501289795753,-0.43239554466813,-0.005774986392805067,-0.0036086795719756665,0.9016583166117089,0.02570787930220671,0.17212894568820308,-0.3153074213296837,0.001465479658691038,-0.011408539558033226,-0.06388915135175921,2672,402000000,28.7,0,2,2,-15.369239775558484,-3.459601319788357,4.84493019937881,250.3538842201233
-12.675189102414187,-3.7333770412873593,4.052262675054001,-13.514093118163098,-2.6824233101288266,5.056571837192989,-0.42926684643144075,-0.005236674399257848,-0.003225119359567462,0.9031567695595036,0.028067525924576148,0.17326556363471785,-0.3158731181823068,0.0009802681233850308,-0.010413629843242234,-0.053519416906055994,2672,513000000,28.28,0,2,2,-15.357662589951282,-3.4746355861656997,4.811514776652231,250.54121327400208
-12.676578574772654,-3.7939347764051536,3.9742014451881893,-13.502293392931572,-2.695389223364703,5.024870168356184,-0.4269872511287245,-0.004815049346249639,-0.002961111388592565,0.9042399761637796,0.030263476005277262,0.17428111589415599,-0.31687514278336765,0.0009237081769697397,-0.009501852218818385,-0.048359187348978594,2672,617000000,27.86,0,2,2,-15.342032873599555,-3.4919580395634084,4.771795973540057,250.7274386882782
-12.676578574772654,-3.7939347764051536,3.9742014451881893,-13.490637628131216,-2.708650013895528,4.993105028258563,-0.424883955960191,-0.004436119287881584,-0.0027128082186104515,0.9052328901917178,0.0322088849520215,0.17501927807261403,-0.31724377965515715,0.0011387160952835984,-0.008616673494543647,-0.045279369442141615,2672,725000000,27.55,0,2,2,-15.327271480035106,-3.5056358509348375,4.7391571806323425,250.90782570838928
-12.676578574772654,-3.7939347764051536,3.9742014451881893,-13.479127111613977,-2.72216020951377,4.961346035235838,-0.4228764628675406,-0.0040951325060780575,-0.002476403794056123,0.9061747041639621,0.03390410503489384,0.1755021311961891,-0.3169997781196969,0.0006841141811264606,-0.007855281728552654,-0.04362612780823838,2672,824000000,27.28,0,2,2,-15.327271480035106,-3.5056358509348375,4.7391571806323425,251.09013104438782
-12.679628234745822,-3.8572444844957245,3.8982060370957994,-13.465505698542316,-2.7387176777078532,4.9232110590975084,-0.42058060415482684,-0.0036870285983208414,-0.0023356091992262026,0.9072446782200183,0.03635662039842706,0.17647608264167372,-0.3174129789594361,-0.0009775895705388393,-0.006692877104796935,-0.04121480887988582,2672,932000000,27.01,0,2,2,-15.327271480035106,-3.5056358509348375,4.7391571806323425,251.29102611541748
-12.679628234745822,-3.8572444844957245,3.8982060370957994,-13.454312978724827,-2.752790038833973,4.8914296209492285,-0.4187439085462965,-0.0033877623506444513,-0.0022335579577638623,0.9080952997017855,0.0381123725747159,0.1770277772941109,-0.317125988847489,-0.000741998900366525,-0.006025905668138876,-0.0399767784983851,2673,38000000,26.71,0,2,2,-15.327271480035106,-3.5056358509348375,4.7391571806323425,251.493097782135
-12.684209257207828,-3.9232843760496774,3.824429495415055,-13.443264657671616,-2.7670676462614066,4.859709715960006,-0.41694873029441015,-0.0031192407740029677,-0.0021362123394500954,0.9089221436623236,0.03967703090879528,0.17735184160374126,-0.3164186788875111,-0.0001588596020951627,-0.005479135734276497,-0.03917849753634073,2673,137000000,26.47,0,2,2,-15.327271480035106,-3.5056358509348375,4.7391571806323425,251.6912190914154
-12.684209257207828,-3.9232843760496774,3.824429495415055,-13.428070362419911,-2.7874196957782416,4.815349082276768,-0.41449191649365213,-0.0028158148212362386,-0.00193872540440763,0.9100465722654628,0.04233294992725228,0.1777266109928494,-0.31609190955826116,0.0011691791314660804,-0.004868936457569362,-0.03813332114077639,2673,241000000,26.24,0,2,2,-15.226734799341099,-3.5667828844127856,4.5757117346323035,251.9325864315033
-12.684209257207828,-3.9232843760496774,3.824429495415055,-13.41531570814432,-2.805179154132062,4.777387553864848,-0.41242083363216575,-0.0026316445590464266,-0.0016637987996143244,0.9109881240755109,0.04460750859437597,0.17774361053739046,-0.3159354326642139,0.0045852138555346755,-0.004660103104470181,-0.03787358364206739,2673,388000000,25.92,0,2,2,-15.226734799341099,-3.5667828844127856,4.5757117346323035,252.16635584831238
-12.690189632369744,-3.9920246537263036,3.753020396282537,-13.400338178822318,-2.8260332512450956,4.7331300458487835,-0.4099003056800355,-0.002485477456717286,-0.001131917187434712,0.912126241574436,0.034648997667481356,0.18234146531002818,-0.3150695452526227,0.008535849519830663,-0.006067796175557305,-0.04375569260446355,2673,513000000,25.66,0,2,2,-15.181839118456136,-3.6005721309096885,4.493441872054787,252.3955180644989
-12.690189632369744,-3.9920246537263036,3.753020396282537,-13.3880272898315,-2.840195239061807,4.701709424645945,-0.4077411463078217,-0.002375596051753968,-0.0005917991499319292,0.9130942798664048,0.01814054783758484,0.18876331176397307,-0.3132915221195568,0.008984061878436478,-0.006318720761555596,-0.04941614897688851,2673,638000000,25.34,0,2,2,-15.181839118456136,-3.6005721309096885,4.493441872054787,252.60152626037598
-12.697434554193253,-4.063427518855471,3.684122548120576,-13.371361393993281,-2.8562965049574482,4.664301104489288,-0.40490396583253585,-0.002267320489306425,2.023137036144258e-05,0.914356406059243,-0.002459397493285458,0.1965645474210467,-0.3109298845286077,0.0068587261011998635,-0.0056398651395284105,-0.05484387766045984,2673,752000000,25.07,0,2,2,-15.154068109105285,-3.6384197669598497,4.414710885677959,252.81825804710388
-12.697434554193253,-4.063427518855471,3.684122548120576,-13.348439490725283,-2.873471498023792,4.621032687764213,-0.4010944850573968,-0.0021137563785892967,0.0005968553733593199,0.9160340549642121,-0.031689009445060624,0.20760920676041517,-0.3083844260079226,0.0064560180817352375,-0.004355153214419261,-0.06212725420482457,2673,868000000,24.72,0,2,2,-15.154068109105285,-3.6384197669598497,4.414710885677959,253.04811835289001
-12.705806814026612,-4.137447199741401,3.6178747020262745,-13.330058817180504,-2.8848173008187845,4.590375093502238,-0.3981901487826521,-0.002088292960538662,0.0009535363758728899,0.9173000246447942,-0.047740210350742725,0.21332102115692847,-0.3065906637062253,0.005720877516068867,-0.0021318115386748104,-0.06391110582626425,2673,998000000,24.25,0,2,2,-15.135589582657905,-3.6850935647060026,4.327073086429012,253.27022624015808
-12.705806814026612,-4.137447199741401,3.6178747020262745,-13.302386547263348,-2.899859463048532,4.54776135682875,-0.39408464993679115,-0.002218795402479123,0.001315596966928265,0.919070527672267,-0.06130509147100022,0.21778704664487303,-0.3043125317731949,0.004847642912864103,0.0018170646171711269,-0.06237894558580592,2674,111000000,23.89,0,2,2,-15.135589582657905,-3.6850935647060026,4.327073086429012,253.49913549423218
-12.705806814026612,-4.137447199741401,3.6178747020262745,-13.282206167111266,-2.910466568484528,4.51752156739613,-0.39132066287954503,-0.0024459023004479237,0.0014425650593268054,0.9202500069934797,-0.05954954404657627,0.21673728259337438,-0.3032253200944367,0.0026417929575472954,0.0044638547478825785,-0.056933136511361226,2674,236000000,23.38,0,2,2,-15.135589582657905,-3.6850935647060026,4.327073086429012,253.7108438014984
-12.715167198351548,-4.214030001786824,3.5544102723452182,-13.259091524704472,-2.923814538830861,4.481305118376356,-0.3884218005748337,-0.0027762273451940713,0.0014219886845389807,0.9214764106303064,-0.04707066755637023,0.21203603990690048,-0.30277482947426937,0.0008114596198538493,0.005592226852968452,-0.04919885432173032,2674,343000000,23.02,0,2,2,-15.135589582657905,-3.6850935647060026,4.327073086429012,253.91223335266113
-12.715167198351548,-4.214030001786824,3.5544102723452182,-13.244599484507996,-2.933193901734456,4.457198364688016,-0.3866826794647389,-0.0029773916228107346,0.001357112995324484,0.9222070259900497,-0.037573054307525965,0.20845864754619248,-0.30227747644486247,0.00016873737678224643,0.005128986049385276,-0.04573625737975817,2674,457000000,22.65,0,2,2,-15.135589582657905,-3.6850935647060026,4.327073086429012,254.09755873680115
-12.725374889521806,-4.293114379395578,3.4938570679927814,-13.22754461129956,-2.9454396595157646,4.427157183425766,-0.38464906516763925,-0.0031811022840788727,0.0012753856281332286,0.9230565262460466,-0.026249789204998642,0.2039932261774275,-0.30097485772706756,-0.000331812319132041,0.0039452822420571465,-0.042867294905590825,2674,555000000,22.42,0,2,2,-15.135589582657905,-3.6850935647060026,4.327073086429012,254.27395462989807
-12.725374889521806,-4.293114379395578,3.4938570679927814,-13.211622001937412,-2.9582561431235552,4.397198513643251,-0.38273714620549254,-0.003335323281392389,0.0012347858713721387,0.9238504358590387,-0.01499969728771446,0.20011428664891948,-0.30045393790486524,0.0003308433946358491,0.0026905385766440304,-0.040302524212165736,2674,654000000,22.16,0,2,2,-15.076728847895994,-3.793764812488024,4.117643016067079,254.45619559288025
-12.725374889521806,-4.293114379395578,3.4938570679927814,-13.196773568840324,-2.971630158869126,4.367318061557108,-0.3809344345474217,-0.003431951959004793,0.001209158839241455,0.9245948930297465,-0.004589648755380852,0.1965045189239864,-0.29929379456616007,-2.3484672340146062e-05,0.0015727182585578703,-0.0380476594727952,2674,755000000,21.92,0,2,2,-15.076728847895994,-3.793764812488024,4.117643016067079,254.6327304840088
-12.736287868369429,-4.3746310295518915,3.4363370350639415,-13.182949031551633,-2.9855471611437348,4.3375102145185975,-0.37922095014472634,-0.0035341710939986335,0.001343236670446631,0.92529842554781,0.0057848080603194445,0.19321820766155923,-0.2988791856438645,0.0036504944091575453,0.0004732763073889146,-0.03628851627581753,2674,848000000,21.69,0,2,2,-15.076728847895994,-3.793764812488024,4.117643016067079,254.81407117843628
-12.736287868369429,-4.3746310295518915,3.4363370350639415,-13.170092157727417,-2.9999929322465766,4.307762978784262,-0.377590116279751,-0.003596662959752536,0.0015148609987573817,0.9259646177363108,0.015304168060207008,0.19025600085572575,-0.29806073509566233,0.0033141720450657886,-0.00046118951786411344,-0.034417127244523726,2674,950000000,21.47,0,2,2,-15.076728847895994,-3.793764812488024,4.117643016067079,254.99699926376343
-12.74776331755322,-4.4585030069142375,3.381966011250108,-13.158128351525466,-3.0149128354453456,4.278137140121748,-0.3760397584056492,-0.003609722313357057,0.0016731339451140441,0.9265949873735788,0.023946484083336807,0.18743118480471302,-0.2965697678628354,0.002051649647683007,-0.001161445504749281,-0.03270073975727428,2675,40000000,21.26,0,2,2,-15.076728847895994,-3.793764812488024,4.117643016067079,255.1991548538208
-12.74776331755322,-4.4585030069142375,3.381966011250108,-13.146981107132014,-3.0303331094581245,4.248626108804719,-0.3746498602540706,-0.00348699440653829,0.0015331036585573131,0.9271585477547981,0.03267336849842181,0.18605162941654402,-0.29552052047110744,-0.0049218630920222495,-0.0011673628819153237,-0.028086485872336198,2675,148000000,21.07,0,2,2,-15.076728847895994,-3.793764812488024,4.117643016067079,255.38031125068665
-12.74776331755322,-4.4585030069142375,3.381966011250108,-13.136574089702405,-3.046256021051543,4.21923744384666,-0.3734340732881204,-0.0033314779947965253,0.0013233273140015093,0.927649795432863,0.040577905071178755,0.1848033081422979,-0.2939929943771524,-0.004652924826586968,-0.0013534912341128802,-0.024957607274700422,2675,254000000,20.89,0,2,2,-15.076728847895994,-3.793764812488024,4.117643016067079,255.55510139465332
-12.759658024525407,-4.544645860202418,3.3308534925573956,-13.126872433742975,-3.0626693193473873,4.1899548574983925,-0.3723275084772262,-0.0032180241667252862,0.001259660103120634,0.9280949757476484,0.048577218142056705,0.183732668877401,-0.2930932053051902,-0.0015737884723421303,-0.001766561229032959,-0.023083154337655287,2675,339000000,20.73,0,2,2,-14.929273919692356,-3.8741721012852084,3.920283487909458,255.77309703826904
-12.759658024525407,-4.544645860202418,3.3308534925573956,-13.117840287005873,-3.079544350223967,4.160785579598049,-0.3712948765857429,-0.003102878334572484,0.0012466281705802052,0.9285089836320504,0.055730975321231724,0.18254069046225052,-0.2915777186866596,-0.001039958112869499,-0.002166631634281657,-0.02164146408176748,2675,448000000,20.59,0,2,2,-14.929273919692356,-3.8741721012852084,3.920283487909458,255.96967697143555
-12.759658024525407,-4.544645860202418,3.3308534925573956,-13.106035993550858,-3.1037347816389245,4.120262550079864,-0.36989715491368313,-0.0029542781978363067,0.0013611425522959556,0.9290670128241798,0.0574093957333857,0.18308146801511418,-0.2884013664063049,0.006432166856029653,-0.0031344108037956175,-0.02383015635132324,2675,556000000,20.46,0,2,2,-14.929273919692356,-3.8741721012852084,3.920283487909458,256.1840898990631
-12.771828782997277,-4.632967789596851,3.283102412796267,-13.094920245374533,-3.1241126566650186,4.085971641100069,-0.36834809172271327,-0.00292126539724795,0.0018737247434478825,0.9296814716279442,0.04370938216335679,0.1878837883464906,-0.2848101080740525,0.008190179141820408,-0.0038881751152075594,-0.03097041480941698,2675,682000000,20.28,0,2,2,-14.859015073157911,-3.91538085839092,3.829613201036427,256.38750886917114
-12.771828782997277,-4.632967789596851,3.283102412796267,-13.08441264837276,-3.1405588843914494,4.057763514230735,-0.3667894475324831,-0.0028869332350654306,0.0023259542736156678,0.9302965961090199,0.030963020965565958,0.19205943379365642,-0.28164839060796254,0.008205838639696594,-0.0038140154856591835,-0.035460065555525944,2675,800000000,20.09,0,2,2,-14.841666581250074,-3.933796312040821,3.7963427089813675,256.59003949165344
-12.784132791792203,-4.7233698248109635,3.238808936286525,-13.072674222191928,-3.156462731074274,4.029904619272365,-0.3650380731965332,-0.0028554450346497326,0.002760643103234029,0.9309841193061634,0.015701344131819367,0.19693716345698994,-0.2783754195052631,0.005659854514306062,-0.003751876170099422,-0.040392466689809225,2675,906000000,19.91,0,2,2,-14.841666581250074,-3.933796312040821,3.7963427089813675,256.78341150283813
-12.784132791792203,-4.7233698248109635,3.238808936286525,-13.05873002997993,-3.1713975836878263,4.002407727298458,-0.3628147714372435,-0.0026820733497437917,0.00299525805408454,0.9318526045135448,-0.013232191654500633,0.20646387926240245,-0.2749125356281498,0.002622359238557692,-0.005165253742234199,-0.05290967565088067,2676,8000000,19.7,0,2,2,-14.841666581250074,-3.933796312040821,3.7963427089813675,256.98579025268555
-12.796428049985627,-4.815746023439489,3.198062264195161,-13.042237691380032,-3.1851947903965874,3.9753048499790418,-0.3601266725408536,-0.002488268614014667,0.0032049320558090667,0.9328945903232984,-0.03987389998056531,0.21455001992503964,-0.270994717998562,0.0019992431816717726,-0.004468153429115773,-0.06096815559430979,2676,108000000,19.45,0,2,2,-14.841666581250074,-3.933796312040821,3.7963427089813675,257.1987216472626
-12.796428049985627,-4.815746023439489,3.198062264195161,-13.019617161709922,-3.2005797534248717,3.943239392128753,-0.3566098924997289,-0.002293617676763217,0.003232453439272349,0.9342449759747424,-0.0641655185602707,0.222897256176556,-0.26738051057643997,-0.0010964158036586014,-0.0014784915379095764,-0.06358136524795555,2676,212000000,19.14,0,2,2,-14.841666581250074,-3.933796312040821,3.7963427089813675,257.41743421554565
-12.796428049985627,-4.815746023439489,3.198062264195161,-12.99488384227916,-3.2152030095438024,3.9116006612717564,-0.3530847451750652,-0.002303693637509014,0.0032145097732443418,0.9355829854412709,-0.07738921685897804,0.22764533282635405,-0.26418986239441267,0.0016810180795800989,0.0024099738539007376,-0.06096475808590185,2676,334000000,18.74,0,2,2,-14.841666581250074,-3.933796312040821,3.7963427089813675,257.64830017089844
-12.808573747245086,-4.909983689128907,3.1609444548970993,-12.973720470174463,-3.227319874834574,3.885486163166802,-0.35034892542565405,-0.002519238770068087,0.0032439704494997396,0.9366102500746143,-0.07870377857692344,0.228738229053421,-0.2622208633842763,0.0018875958289754635,0.005304212299961364,-0.05571975307248067,2676,454000000,18.33,0,2,2,-14.800907763810883,-4.058294379675749,3.611726066761532,257.83602499961853
-12.808573747245086,-4.909983689128907,3.1609444548970993,-12.94894267383608,-3.2423345640616392,3.854410107843205,-0.3475373185491869,-0.0029144277378559545,0.0031905842023150694,0.9376561941879601,-0.06822936285044946,0.22631003540083144,-0.2599619166662682,0.0005614705997913916,0.007445037635989138,-0.045272212810232304,2676,557000000,17.97,0,2,2,-14.794046166755747,-4.082087589767972,3.5781469815386875,258.05295968055725
-12.820430648300832,-5.005963609060587,3.127530258720525,-12.929693586559933,-3.255587694005237,3.828718328417904,-0.3456567995744381,-0.003266359912199834,0.0030714960979797796,0.9383502937137072,-0.05127580217393703,0.22164042609688037,-0.258151430018644,0.002255232948300545,0.007396901173706283,-0.036459385955822654,2676,672000000,17.65,0,2,2,-14.786128964659369,-4.100879987476654,3.551022017968655,258.2309992313385
-12.820430648300832,-5.005963609060587,3.127530258720525,-12.912260201789328,-3.2697384487587358,3.803177075511105,-0.3440933754206893,-0.0036404783863180443,0.003160876118604045,0.9389230558309226,-0.031282589585628816,0.2162169308529353,-0.2567870378910243,0.004198014312351006,0.005786180054201395,-0.030970401712693274,2676,765000000,17.41,0,2,2,-14.786128964659369,-4.100879987476654,3.551022017968655,258.41424798965454
-12.820430648300832,-5.005963609060587,3.127530258720525,-12.896673267874485,-3.284783469862439,3.777792948180169,-0.3427462521737207,-0.0039248888721322706,0.003263951742102007,0.939414151738856,-0.012421212704018433,0.21107784877699215,-0.2550034323963815,0.00159724437338582,0.003954570183850592,-0.026610457280185074,2676,872000000,17.21,0,2,2,-14.763880496560628,-4.135482313928854,3.499392630442021,258.603408575058
-12.831861470496921,-5.103560310182758,3.0978869674096936,-12.880226115832125,-3.3040615364893586,3.747546774447622,-0.3415754296556988,-0.003997795235667244,0.002912066711621251,0.9398413500991778,0.009579996519679295,0.20737017448328743,-0.25281025793949186,-0.0066274122218601406,0.002563347766226798,-0.01651491220400203,2676,969000000,17.03,0,2,2,-14.749857383144265,-4.151477464843449,3.4748672625253723,258.800945520401
-12.831861470496921,-5.103560310182758,3.0978869674096936,-12.868237119795742,-3.321129926534446,3.722542661027227,-0.3409627019130506,-0.003966129337080668,0.0025603121019722166,0.9400649714377056,0.026367314482110653,0.20466757672935315,-0.25046148523699463,-0.006863827866254724,0.0013002521654925658,-0.010424079300719313,2677,80000000,16.88,0,2,2,-14.749857383144265,-4.151477464843449,3.4748672625253723,259.00065541267395
-12.842731253395911,-5.2026423335747065,3.0720742786082926,-12.857670930717427,-3.3390153742191155,3.697774383785654,-0.3406049796871667,-0.0038809201453694395,0.0022308187618634147,0.940195835833568,0.04176460454433055,0.20216072986621642,-0.24774826396762495,-0.006680920205326402,0.00016657322845503586,-0.005491910815180745,2677,195000000,16.79,0,2,2,-14.713549627302049,-4.184158492060672,3.423892200297,259.20090651512146
-12.842731253395911,-5.2026423335747065,3.0720742786082926,-12.84841775448594,-3.3577004445770147,3.673240219369148,-0.34047224897801615,-0.003751927445322661,0.0019330672360053332,0.9402450924984176,0.05653984057591269,0.2003815375511498,-0.24527309181719067,-0.0063791742377361516,-0.0008458002582756308,-0.000979704964265693,2677,290000000,16.73,0,2,2,-14.695023544226114,-4.19813123898089,3.4019991543283044,259.39062786102295
-12.842731253395911,-5.2026423335747065,3.0720742786082926,-12.840364036369051,-3.3771296722722917,3.6489595150125105,-0.3405206205017031,-0.003588522636108675,0.0016810817243342554,0.9402286974362468,0.06978549381246252,0.19857880453376403,-0.24227879839398617,-0.005498646760315751,-0.0017634939922572812,0.002452868261570984,2677,395000000,16.7,0,2,2,-14.67548431242559,-4.211708079446014,3.3808454202839195,259.5887017250061
-12.852907719435574,-5.303072526274943,3.050144175636353,-12.832143027955318,-3.401373566650585,3.6201842000493656,-0.34077075499411186,-0.003380093218692001,0.0014987699491576436,0.9401391499130409,0.08487837276434726,0.19703625246403866,-0.23884063552685547,-0.0036187421073918813,-0.0026379139853816014,0.005830989948663046,2677,496000000,16.65,0,2,2,-14.67548431242559,-4.211708079446014,3.3808454202839195,259.7885091304779
-12.852907719435574,-5.303072526274943,3.050144175636353,-12.82531372146668,-3.4265332890828617,3.5918338841543287,-0.341161104682194,-0.0031346904069649204,0.0013625121972622475,0.939998626556757,0.09690545756285994,0.19574710461249095,-0.23486797800432785,-0.0035332212519278983,-0.003539632666615944,0.0070474557105626445,2677,607000000,16.72,0,2,2,-14.629642175448012,-4.240431745628496,3.3368228459673897,260.00888895988464
-12.86226162466454,-5.404708349855923,3.0321408228027407,-12.818418574926561,-3.456668670013798,3.5593825500033707,-0.3415833063976579,-0.002773893883315941,0.0012089206984099896,0.9398466304743092,0.10433440127105165,0.19610870499404776,-0.22991280714090473,-0.004217021660224418,-0.004569755492411787,0.00574113946640864,2677,734000000,16.76,0,2,2,-14.603938035606859,-4.255888402525038,3.3140645853010717,260.24716305732727
-12.86226162466454,-5.404708349855923,3.0321408228027407,-12.812396270462983,-3.4827445451220953,3.532150804040845,-0.34172292976864305,-0.002422841343491376,0.0011476763005662668,0.939796920589373,0.09257100093488248,0.20116075470359074,-0.22439249138787926,-0.0008581408394547907,-0.006037421871951665,-0.004625552855941351,2677,857000000,16.8,0,2,2,-14.575443835413994,-4.274855215996749,3.288031514850408,260.5081057548523
-12.86226162466454,-5.404708349855923,3.0321408228027407,-12.799407201244207,-3.515505406456813,3.4971112533307123,-0.3404013060300092,-0.0019231371659334691,0.0013932831422186047,0.9402772522817887,0.046410688851511256,0.21561562276027407,-0.2153874405406671,0.0021110289253556402,-0.007507437112508342,-0.030048570442886557,2677,990000000,16.83,0,2,2,-14.575443835413994,-4.274855215996749,3.288031514850408,260.82191729545593
-12.870667098614804,-5.507402204979655,3.018100476464131,-12.787330271439892,-3.534341971775853,3.475956326309219,-0.3386086653777163,-0.0016188626856931032,0.0016532186969438485,0.9409244485518837,0.011549550431023629,0.22599222965651117,-0.20988266979258277,0.003428906279623334,-0.007299984963538009,-0.04514711290539708,2678,148000000,16.7,0,2,2,-14.532465891941733,-4.320357727680713,3.2351291051127875,261.0214548110962
-12.87800197240249,-5.61100177112331,3.0080514120095225,-12.764892929079485,-3.558375797084305,3.4472813894575887,-0.3350484965921628,-0.0012779502152384045,0.002049162744851291,0.9421977885277719,-0.036687920392014135,0.2395754654546986,-0.2024906618239844,0.003918265156244161,-0.005299987560647423,-0.060766921887989156,2678,254000000,16.52,0,2,2,-14.522417140756424,-4.339528269179142,3.2156006576872422,261.2344400882721
-12.87800197240249,-5.61100177112331,3.0080514120095225,-12.741054327124605,-3.5770511248102905,3.4235440597238855,-0.3313184183222122,-0.0011427374277685914,0.0023943641794133275,0.9435152711280379,-0.07174565811700431,0.24871437319178963,-0.1959520952446101,0.005760500744145247,-0.0024856804202499916,-0.0696866431098897,2678,379000000,16.14,0,2,2,-14.513365295991372,-4.368986707315266,3.1877040294127594,261.4629719257355
-12.87800197240249,-5.61100177112331,3.0080514120095225,-12.713982175806278,-3.5943865995013966,3.400651535501569,-0.3272185458818621,-0.0011847132854041868,0.002696498175095329,0.9449440981259063,-0.0969981603556733,0.2548476849937623,-0.1890526387583698,0.0035913104056817247,0.0008238886266553891,-0.07300841680262238,2678,496000000,15.74,0,2,2,-14.509895862389946,-4.39643699739205,3.163459842886262,261.71213698387146
-12.884148094184555,-5.71535036061986,3.0020138669173706,-12.680217395405739,-3.6138327178821013,3.375002314071134,-0.3225664401174198,-0.0014254387120111924,0.002788848389255697,0.9465416431193692,-0.10630191506440463,0.256722262209644,-0.18124068807473653,0.0010410257232251752,0.005208697621128522,-0.06441926234401762,2678,632000000,15.29,0,2,2,-14.509263648965785,-4.425346823201333,3.1391895229573463,261.9562039375305
-12.884148094184555,-5.71535036061986,3.0020138669173706,-12.656332026377166,-3.6279050288828287,3.3573302530376012,-0.3198037205165488,-0.0017271567849168237,0.0026985529724856587,0.9474783982155307,-0.09772647007709538,0.2542008951475176,-0.176416058746795,-0.0009500794362793386,0.007467346540579456,-0.05032772496633697,2678,762000000,14.77,0,2,2,-14.510060966127185,-4.459965361273149,3.11130277841847,262.15744519233704
-12.888991631137213,-5.8202872861178125,3.0,-12.634090146371781,-3.642741343997738,3.340079842037882,-0.3178783104022353,-0.002080403826898858,0.002498477108867158,0.9481259459100744,-0.0781007829054906,0.24937884572975824,-0.17252642740190613,-0.002075028373837995,0.008313813395943725,-0.033387298390152864,2678,864000000,14.45,0,2,2,-14.510060966127185,-4.459965361273149,3.11130277841847,262.3578567504883
-12.888991631137213,-5.8202872861178125,3.0,-12.61423031514205,-3.6587114693244263,3.323144599610692,-0.3167457796923352,-0.0024059188164650457,0.0022476044206541966,0.9485047553260402,-0.049210343689485896,0.2434263300713518,-0.16972785469575385,-0.003020577446477546,0.007304892324100365,-0.017176251276396215,2678,964000000,14.22,0,2,2,-14.510060966127185,-4.459965361273149,3.11130277841847,262.5731899738312
-12.892423357163015,-5.92564824052489,3.0020138669173706,-12.593849117075182,-3.6795245175828497,3.303185740190058,-0.31618272005995757,-0.002692435248355304,0.0019480535404504716,0.9486924914930672,-0.016100444995235684,0.23691806829895362,-0.16608505904985457,-0.003140717399219284,0.005135200490258285,-0.0041459375324848224,2679,74000000,14.07,0,2,2,-14.510060966127185,-4.459965361273149,3.11130277841847,262.7710530757904
-12.892423357163015,-5.92564824052489,3.0020138669173706,-12.582221051396555,-3.694386404028308,3.290113766887647,-0.31618188902657657,-0.0028162952790961315,0.0017729182894582502,0.9486927523140596,0.004883567598848088,0.23348571016023736,-0.1635677454893222,-0.0032624748200760223,0.0036949063087377,0.0028560657028720016,2679,180000000,13.98,0,2,2,-14.49999335099659,-4.558271117679355,3.0357178642806106,262.96623730659485
-12.892423357163015,-5.92564824052489,3.0020138669173706,-12.567468110324135,-3.7180852535031557,3.270878284248979,-0.3166162350306185,-0.002899912960890241,0.0015306469050544117,0.94854805220395,0.03411015647949934,0.2289348244944053,-0.159456136214625,-0.00272452143690316,0.001670667074904486,0.011180353885720251,2679,274000000,13.97,0,2,2,-14.49999335099659,-4.558271117679355,3.0357178642806106,263.14751410484314
-12.894338925575825,-6.03126568846405,3.0080514120095216,-12.55929814072217,-3.734790853825373,3.2583234252805786,-0.3171351748883321,-0.0029161291582392107,0.0014530317761150303,0.9483747496311449,0.05261073525197184,0.22646747690846633,-0.15653002882122996,-0.0015327874621107185,0.00044302328205958474,0.015438276568602305,2679,378000000,14.0,0,2,2,-14.483682792546302,-4.59985640909396,3.0055700756198096,263.33168053627014
-12.894338925575825,-6.03126568846405,3.0080514120095216,-12.55080009950832,-3.7566198594031652,3.2429633198595407,-0.3179896758596166,-0.0028729630678187906,0.0013732476160743662,0.9480888282860904,0.07363421505488782,0.22336628816417686,-0.15254762058095428,-0.0019422541299718432,-0.000956443358290926,0.019904507462342735,2679,472000000,14.05,0,2,2,-14.483682792546302,-4.59985640909396,3.0055700756198096,263.53132247924805
-12.894639126058248,-6.136969268236469,3.01810047646413,-12.542859708210255,-3.78404092533884,3.2250491395286836,-0.3192477084697052,-0.0027312951934041238,0.0012650367419856485,0.947666523807531,0.09601779803493761,0.21995793848749168,-0.14752154408067833,-0.002942035075648164,-0.0022901842839928577,0.024129216944857035,2679,570000000,14.13,0,2,2,-14.463752598680754,-4.635163696893809,2.981646828749555,263.7298903465271
-12.894639126058248,-6.136969268236469,3.01810047646413,-12.538783035422544,-3.8030203047604734,3.213444142540487,-0.32023846963015146,-0.002588828843012669,0.0011725343218395169,0.9473327006376504,0.10975991130715013,0.21830819153889797,-0.14395178500312517,-0.003434532413848501,-0.002968281023640884,0.02752915370365372,2679,677000000,14.27,0,2,2,-14.463752598680754,-4.635163696893809,2.981646828749555,263.91896295547485
-12.894639126058248,-6.136969268236469,3.01810047646413,-12.534906640360767,-3.827468436025668,3.1993363855044263,-0.32163429099754476,-0.0023724320174479214,0.0010459943868137871,0.9468604228272359,0.12528204450980499,0.2162357606811693,-0.13937616324896338,-0.0038704220060026273,-0.0036021531059304834,0.030853010321152397,2679,773000000,14.38,0,2,2,-14.463752598680754,-4.635163696893809,2.981646828749555,264.10014247894287
-12.893230125232524,-6.242586203254562,3.0321408228027398,-12.531854190154421,-3.8578114648174715,3.183018511561956,-0.3235223549124147,-0.0020783899676346754,0.0008973191797424801,0.9462178189958999,0.14243179342189194,0.21454550697899127,-0.1334803128339484,-0.003951711505578714,-0.004105553989575128,0.03499615231703501,2679,859000000,14.54,0,2,2,-14.42236815541379,-4.690836945838904,2.9481810427283026,264.3251037597656
-12.893230125232524,-6.242586203254562,3.0321408228027398,-12.530324164795601,-3.8891335538567073,3.1674183352712117,-0.3255939009282578,-0.001756047145901074,0.0007401375965648747,0.9455077895887898,0.15715775924638858,0.2125445686623582,-0.127301199408039,-0.0044064567646273645,-0.004391658649183228,0.037584117671940476,2679,981000000,14.76,0,2,2,-14.403699213518028,-4.712345328608421,2.9369181468610464,264.57221722602844
-12.890023690234493,-6.3479417218801215,3.050144175636352,-12.530083722136684,-3.9266750236234764,3.1501485565223324,-0.3281300478076026,-0.0013670720802603624,0.000564344924275732,0.9446314013172092,0.16966826985200764,0.21143988483346748,-0.11985777403875489,-0.0036297618180469726,-0.004573755359160714,0.03826150350505486,2680,106000000,15.0,0,2,2,-14.384131658456523,-4.733601125378762,2.926813710313844,264.83617758750916
-12.890023690234493,-6.3479417218801215,3.050144175636352,-12.530405492303778,-3.9648921689571024,3.1339741555787626,-0.33051559184772317,-0.0009791484832469232,0.00044027395546020887,0.9437999210492871,0.17088905072744107,0.21333262386309637,-0.1116759467575853,-0.003319925008327118,-0.004809567144548055,0.03257086245866958,2680,250000000,15.3,0,2,2,-14.384131658456523,-4.733601125378762,2.926813710313844,265.09966254234314
-12.884937394730386,-6.452859484576475,3.0720742786082917,-12.529593944372477,-4.003017729177608,3.1190131562350034,-0.33231499881774923,-0.0005796953606842467,0.00033696587525219103,0.9431682203976377,0.15823320973422292,0.21948247178858957,-0.10244133473594057,-0.0031773743558005663,-0.005110519123263657,0.020855714501522016,2680,381000000,15.58,0,2,2,-14.384131658456523,-4.733601125378762,2.926813710313844,265.3800663948059
-12.884937394730386,-6.452859484576475,3.0720742786082917,-12.526446986480162,-4.035026188142517,3.1072906556876223,-0.3330911265916803,-0.00023181945958741527,0.000272964193548549,0.9428945715912103,0.1346458713110035,0.22874711252371166,-0.09365324024467363,-0.0026220997142445412,-0.0051389682084845845,0.006097744017097284,2680,531000000,15.81,0,2,2,-14.31080200893032,-4.807280242854791,2.9002133775665073,265.61868381500244
-12.877894806867692,-6.557162017261522,3.0978869674096923,-12.522481707740456,-4.055751642767546,3.100073770919916,-0.33312991322364094,-9.080268050827819e-06,0.00023911084919911224,0.9428809064029029,0.11611921085912642,0.23567138035971286,-0.08777983184262127,-0.002586536857052124,-0.004777956746693235,-0.0025393387659278233,2680,640000000,15.93,0,2,2,-14.289249318999955,-4.828476253629413,2.894920361582848,265.8231770992279
-12.877894806867692,-6.557162017261522,3.0978869674096923,-12.51313396794973,-4.085736578791984,3.0902187780218924,-0.33247608856074695,0.00023624912784088746,0.00026187425077739743,0.9431116191329489,0.07950459800397665,0.24960986496058107,-0.07756245572390504,-0.0009016075409817859,-0.0032416321346318,-0.018253925554745365,2680,736000000,15.96,0,2,2,-14.289249318999955,-4.828476253629413,2.894920361582848,266.0292294025421
-12.868825658704356,-6.660671149728165,3.1275302587205234,-12.502028749054709,-4.1095460496985625,3.0829848638444055,-0.3313284386680568,0.00036765920152128517,0.0002430309774500232,0.94351537957388,0.0489659011532086,0.25957700690591423,-0.06824162737348977,-0.0015018866861282731,-0.0016476643736496044,-0.02881590808101464,2680,839000000,15.92,0,2,2,-14.26044470953974,-4.867498105453988,2.8868200800716326,266.2467682361603
-12.868825658704356,-6.660671149728165,3.1275302587205234,-12.488132491694515,-4.132339698418816,3.076705318860365,-0.3297453401420809,0.00043954588951716767,0.00016661955557733147,0.9440698012816202,0.021286962025134554,0.26895822693006344,-0.05854017803810711,-0.002234878365925397,-0.00025539101216054405,-0.03719878259289544,2680,944000000,15.82,0,2,2,-14.26044470953974,-4.867498105453988,2.8868200800716326,266.47806334495544
-12.868825658704356,-6.660671149728165,3.1275302587205234,-12.471685467191252,-4.154229846368842,3.0713596471928852,-0.3277796667063176,0.00046649622284785004,3.513763618681869e-05,0.9447540797691831,-0.004397050536509398,0.277455460129362,-0.049275915301992615,-0.003012175557159935,0.0008107028634185554,-0.04512565428740345,2681,56000000,15.55,0,2,2,-14.26044470953974,-4.867498105453988,2.8868200800716326,266.67314553260803
-12.857665996714566,-6.763208457982669,3.160944454897098,-12.448925583459939,-4.1794526778108585,3.066195221045364,-0.3248725395190123,0.0004548177539914072,-0.00020217744181248186,0.94575767791309,-0.03184287676854889,0.2863838663710156,-0.037629757122232634,-0.004190881736576557,0.0019584290612328914,-0.05579848257184494,2681,154000000,15.48,0,2,2,-14.241649569149425,-4.938911341385702,2.8746603236881723,266.87737941741943
-12.857665996714566,-6.763208457982669,3.160944454897098,-12.423467405623892,-4.2037772073966035,3.0623515779890385,-0.32148332485509035,0.0004021071281126409,-0.0005294869313138755,0.9469150066365848,-0.05191954713769997,0.29263608339209646,-0.02693188212166866,-0.0056073195082717575,0.003200505148015509,-0.06090494425734505,2681,262000000,15.19,0,2,2,-14.241857936569362,-4.9716300584473805,2.8699339134488038,267.11933302879333
-12.844358313024607,-6.864595709337353,3.1980622641951624,-12.40110430258858,-4.223714333893732,3.060062948165401,-0.3186553471274747,0.00031856488365314666,-0.0008781256084272246,0.9478701900360085,-0.05891308773753806,0.29482231931021835,-0.01872175489849493,-0.006446650468205917,0.004141287126913085,-0.05673875239153858,2681,387000000,14.84,0,2,2,-14.244873481403719,-5.005900805513043,2.8656580216848266,267.35116505622864
-12.844358313024607,-6.864595709337353,3.1980622641951624,-12.374290951346659,-4.247783695534378,3.0583525327456575,-0.3157960090197741,0.00019758544488703011,-0.0013561121944497582,0.9488261182149714,-0.053492564802093114,0.29362244206199556,-0.009724622718172345,-0.0076695378083968535,0.0043246056065981975,-0.04137099749641493,2681,495000000,14.55,0,2,2,-14.248262075793205,-5.035010764467924,2.862696131528655,267.55729484558105
-12.828851657088071,-6.964655309084123,3.238808936286523,-12.357496399029769,-4.264329813924179,3.057703489517347,-0.3146622629003579,0.00014307686084598988,-0.0017098019640404086,0.9492021472861729,-0.0376075484126335,0.2896427867378114,-0.005380241820450844,-0.008041487672016956,0.0038349978922269656,-0.022059451111999806,2681,597000000,14.25,0,2,2,-14.248262075793205,-5.035010764467924,2.862696131528655,267.75378465652466
-12.828851657088071,-6.964655309084123,3.238808936286523,-12.338793397878268,-4.286053882071929,3.0573180326579124,-0.31430016734710775,0.00014974895576455724,-0.0021811418471190175,0.9493211390257108,-0.006122057001383709,0.28294915540856036,-0.0007377280915218022,-0.009156338546745246,0.0021020248141212505,0.002800090294385882,2681,696000000,14.15,0,2,2,-14.248262075793205,-5.035010764467924,2.862696131528655,267.96243166923523
-12.828851657088071,-6.964655309084123,3.238808936286523,-12.322998199729458,-4.309121859197526,3.057348796008559,-0.31489136972134446,0.0002298541770790483,-0.0026514611036495806,0.9491239867351833,0.024805498264107398,0.2764742898263074,0.00353185005197825,-0.009395561028213706,0.0010544795600253565,0.019286534370621666,2681,793000000,14.13,0,2,2,-14.248262075793205,-5.035010764467924,2.862696131528655,268.1632568836212
-12.81110172756657,-7.0632107475678865,3.2831024127962687,-12.309907841432633,-4.333493005883993,3.057826889320114,-0.31612230032569805,0.000352779798892662,-0.0031137896657718062,0.948713271277007,0.05403016922644668,0.271224197418306,0.008706165032081752,-0.00949401655816473,0.00041091722664532426,0.030704503296874464,2681,887000000,14.23,0,2,2,-14.248262075793205,-5.035010764467924,2.862696131528655,268.36464190483093
-12.81110172756657,-7.0632107475678865,3.2831024127962687,-12.301215797622376,-4.3538864575118374,3.0585604109810824,-0.3174261739911545,0.0004696260903626695,-0.003476877551215578,0.9482764970403759,0.07567118341854975,0.26726282784209665,0.012769492838582619,-0.00945188985497225,0.00010576398921102736,0.03694149600050878,2681,979000000,14.4,0,2,2,-14.250721680064192,-5.174576992446168,2.860092812969298,268.55841612815857
-12.791070944239198,-7.160087046474805,3.3308534925573934,-12.29396697704773,-4.375001784358441,3.0595929439684295,-0.31892619227216357,0.0005963043649535418,-0.003838201351800209,0.9477715951189223,0.09544738332618412,0.26334856048771893,0.01661580457143769,-0.009554960161040071,-3.4323674213965205e-05,0.041385887016076595,2682,68000000,14.58,0,2,2,-14.247233018897337,-5.195231151837256,2.8618901922292017,268.74388003349304
-12.791070944239198,-7.160087046474805,3.3308534925573934,-12.286730141250606,-4.402322979390526,3.0613140841978965,-0.32097807248939986,0.0007686191856476376,-0.00431485247036782,0.9470764849016662,0.11804596551543296,0.25924463148908033,0.021999244941154572,-0.010504564397706417,-1.5514261697546772e-05,0.044508837163448334,2682,156000000,14.78,0,2,2,-14.242757587835182,-5.215507392117336,2.8643181198889405,268.94159841537476
-12.791070944239198,-7.160087046474805,3.3308534925573934,-12.281284173334887,-4.430601698069843,3.063560616486058,-0.3231350160813353,0.0009446910012871402,-0.004809971080734899,0.9463401783287178,0.1380610656130144,0.25535894853546426,0.027407128842251695,-0.010377700345998164,0.00015094638285972906,0.046362871216842905,2682,247000000,15.06,0,2,2,-14.235873850648826,-5.24042528791751,2.8682717427468596,269.12940883636475
-12.768728499821618,-7.255111203149934,3.381966011250106,-12.278068347153496,-4.453844314115791,3.065753969958121,-0.3249574289009671,0.0010635298486294494,-0.00514625495243112,0.9457140447124057,0.1526296488949655,0.25273842219227755,0.03232095171415113,-0.008385467663174495,0.0001802679207685287,0.04953965617460199,2682,347000000,15.34,0,2,2,-14.227675554384263,-5.2649140507294145,2.873176147158642,269.31692147254944
-12.768728499821618,-7.255111203149934,3.381966011250106,-12.275310803066468,-4.483612574448168,3.0690155480778274,-0.32738152696905437,0.0011974513880180409,-0.005538476135589565,0.9448752442474506,0.16906412693742223,0.24953401886037563,0.03814399529316584,-0.008177214385796105,0.0004355126804966858,0.05258294149825815,2682,434000000,15.58,0,2,2,-14.220267455934547,-5.284226542211106,2.8777329805510794,269.51337480545044
-12.744050391633543,-7.348112631760661,3.4363370350639393,-12.273636136014531,-4.520230328508973,3.0736292931907547,-0.33044454464591005,0.0013341612517229445,-0.005987660350740822,0.9438054729927323,0.18626540797682742,0.2454977501908929,0.04457537652694734,-0.00758113005758787,0.0007890873291671596,0.05517986064660363,2682,535000000,15.91,0,2,2,-14.220267455934547,-5.284226542211106,2.8777329805510794,269.70745849609375
-12.744050391633543,-7.348112631760661,3.4363370350639393,-12.273381889656683,-4.5451324805909845,3.0771481969652323,-0.33255534650532964,0.0014129122152871233,-0.006281202559576525,0.9430617645118464,0.1966531118616587,0.24332959981809527,0.04942333310263098,-0.007504127006541239,0.0010442243706165755,0.05649208469549194,2682,637000000,16.31,0,2,2,-14.220267455934547,-5.284226542211106,2.8777329805510794,269.90848326683044
-12.744050391633543,-7.348112631760661,3.4363370350639393,-12.274117057670894,-4.583151799704589,3.083096633585514,-0.33579942276683944,0.0015137183428815446,-0.006720435319044317,0.9419083246661313,0.21044984797742233,0.24006324052292377,0.05624857382663099,-0.007266126522154082,0.0014124733638709586,0.05806859153381083,2682,736000000,16.44,0,2,2,-14.18439299972696,-5.359864456512675,2.9014559685790915,270.13773679733276
-12.71701943311114,-7.4389236001286365,3.493857067992779,-12.275980011578948,-4.621907428542306,3.0898915855840388,-0.33911909193665535,0.001593058858957972,-0.007150839555915674,0.9407149244809372,0.2221270063973005,0.237589901566747,0.0637808053868478,-0.007109287525963737,0.0017436883581467555,0.05912762171647046,2682,846000000,17.02,0,2,2,-14.18439299972696,-5.359864456512675,2.9014559685790915,270.37848019599915
-12.71701943311114,-7.4389236001286365,3.493857067992779,-12.278135491338224,-4.65464514346397,3.0962012288801772,-0.3418975462508853,0.0016486912392890784,-0.007518958282382009,0.9397057065651826,0.22780268825628697,0.23641779549069838,0.06990372125175451,-0.00791665834185551,0.002001243069571501,0.058430815261090174,2682,965000000,17.47,0,2,2,-14.18439299972696,-5.359864456512675,2.9014559685790915,270.6101574897766
-12.687625245218829,-7.527379661061074,3.5544102723452156,-12.280515169027073,-4.694081866837435,3.10461091143276,-0.345074113850433,0.0017308354534163128,-0.008028451228140415,0.9385395058972472,0.22534569715236458,0.23830498728597332,0.07837227937945412,-0.008879691722540883,0.002057632923424535,0.05440094355435576,2683,72000000,17.84,0,2,2,-14.14112043934926,-5.433968763921172,2.932996783195656,270.83823442459106
-12.687625245218829,-7.527379661061074,3.5544102723452156,-12.281726356264068,-4.733409441209482,3.114128586123672,-0.34796549890818124,0.0018425035248032166,-0.008590063833651245,0.9374661740850574,0.214997685464013,0.24401319087188034,0.08874170209494672,-0.009902186593535589,0.0018607549577609461,0.04794603373738937,2683,189000000,18.28,0,2,2,-14.123567733956355,-5.461526211733577,2.9465336371215813,271.0799582004547
-12.655864227872215,-7.613320077025024,3.617874702026272,-12.280154479469639,-4.778637538966157,3.1268476263027605,-0.3506466034800542,0.001990722642309442,-0.00935506625477497,0.9364590109698512,0.18671393562853764,0.2570507576633352,0.10324867540427632,-0.012531349875644082,0.003215433525838307,0.030807008988631424,2683,316000000,18.7,0,2,2,-14.105462902314024,-5.4890356020243996,2.9609520602725796,271.3143889904022
-12.655864227872215,-7.613320077025024,3.617874702026272,-12.275530135984537,-4.8099330298959355,3.1372544025039213,-0.35170750346664864,0.00204400548149638,-0.010028290124519314,0.9360539981454208,0.15719702229448348,0.26985936350548406,0.11502951171165596,-0.012848652932007099,0.004529561920207925,0.016423018678324297,2683,447000000,19.12,0,2,2,-14.083781577449967,-5.521120692373044,2.978837686336545,271.5372095108032
-12.62173951154128,-7.696588237022761,3.6841225481205733,-12.267747173977032,-4.840242238992511,3.1487466362538146,-0.3521902828415612,0.002051159323661981,-0.01072976599888673,0.9358646641149665,0.12769677006891325,0.28233119128489736,0.1262042826611121,-0.013143421892891638,0.005038507424615091,0.005974054283797159,2683,551000000,19.33,0,2,2,-14.068458029484743,-5.5443098160643505,2.992302553736174,271.76566314697266
-12.62173951154128,-7.696588237022761,3.6841225481205733,-12.254542245956493,-4.8754084156469375,3.163950916515176,-0.35226427606637284,0.0020392692690147773,-0.011499791810044773,0.9358276956665732,0.0955245053385856,0.2961295599935601,0.13965057234941355,-0.011869202717207372,0.0043885493141715415,-0.0027923867037316086,2683,654000000,19.47,0,2,2,-14.068458029484743,-5.5443098160643505,2.992302553736174,271.9793601036072
-12.62173951154128,-7.696588237022761,3.6841225481205733,-12.237576936425718,-4.909375709188062,3.180588202587371,-0.35180108884989425,0.0020700808617024127,-0.012264297925132716,0.9359921450769008,0.06661695652150203,0.30806513118188095,0.1518954159432716,-0.012184066326881293,0.00350297877957928,-0.013280096663947916,2683,766000000,19.59,0,2,2,-14.041477310786828,-5.5989754654677935,3.023433662135579,272.20766592025757
-12.585260889259121,-7.777032064545336,3.753020396282529,-12.217271962272823,-4.942296690702138,3.198631750225713,-0.3507222590792323,0.0021539742285863204,-0.013040459369099321,0.9363862471228555,0.04051892301008872,0.31894517634007424,0.1640538750161688,-0.012962227629031986,0.00263576514498709,-0.024726194169488735,2683,889000000,19.63,0,2,2,-14.041477310786828,-5.5989754654677935,3.023433662135579,272.4298872947693
-12.585260889259121,-7.777032064545336,3.753020396282529,-12.194019867403965,-4.974315018339544,3.2179668011729343,-0.34902027428065857,0.002287852169041488,-0.013835297811970619,0.9370102445587032,0.018156987331688117,0.3275507323466339,0.17446988729084636,-0.013059993125352776,0.0017251294366360526,-0.03412669575482141,2684,11000000,19.61,0,2,2,-14.041477310786828,-5.5989754654677935,3.023433662135579,272.6657290458679
-12.546444729317436,-7.854504415502291,3.8244294954150524,-12.164356541258833,-5.010782808398663,3.2417969385907477,-0.3466415649169019,0.0024940677890130858,-0.014697460384125872,0.9378791978480394,0.003100228355107262,0.33233086532481415,0.18419189933404764,-0.011820387317129644,0.00020772935300783502,-0.034632997630978934,2684,134000000,19.5,0,2,2,-14.041477310786828,-5.5989754654677935,3.023433662135579,272.9182245731354
-12.546444729317436,-7.854504415502291,3.8244294954150524,-12.138297097416364,-5.041873562345225,3.263152709204286,-0.34495636284918624,0.002731482749178283,-0.015313214396989773,0.938489825302695,0.003916763249590702,0.3315065511704828,0.19060342305973502,-0.00988841802609386,-0.0014357295185618568,-0.022850038658361882,2684,260000000,19.33,0,2,2,-14.018232451916289,-5.744087287674702,3.100993821056237,273.15173721313477
-12.505313868984805,-7.928863465050148,3.8982060370957905,-12.11729779394731,-5.068056082919168,3.281379790603743,-0.3442181193328128,0.002991542569757295,-0.01576125021441894,0.9387526404691029,0.014416459391360891,0.3273337559636869,0.19407467989501562,-0.012490379958762787,-0.002731439690251136,-0.008111604347504908,2684,381000000,19.21,0,2,2,-14.019830421801776,-5.782627090641786,3.120803341033703,273.36765217781067
-12.505313868984805,-7.928863465050148,3.8982060370957905,-12.094395092666227,-5.100366587918399,3.303559430937929,-0.3443894861170028,0.0034567686697720345,-0.016411652459965745,0.9386770425795891,0.04010098337507404,0.31801762317313265,0.19628097782891052,-0.013306464643392246,-0.004194836947135627,0.012084650825272547,2684,490000000,19.2,0,2,2,-14.019830421801776,-5.782627090641786,3.120803341033703,273.5658690929413
-12.461897489637368,-7.99997308226976,3.9742014451881857,-12.078000065271933,-5.128287735358521,3.3220978591856665,-0.3453209730018303,0.0039029254579356857,-0.01689375382769412,0.9383244608660417,0.06684935480640347,0.30805480798807194,0.19647594057905327,-0.008659240666020196,-0.004937312905894942,0.025803730386542156,2684,600000000,19.31,0,2,2,-14.022143662972033,-5.853134457957555,3.1586675017785164,273.7656149864197
-12.461897489637368,-7.99997308226976,3.9742014451881857,-12.06410446448863,-5.157132914783588,3.3406905390638344,-0.3468010397407074,0.0042610271212673596,-0.017086262743808124,0.9377733959268014,0.092004412685789,0.2988421754980507,0.19718790922020074,-0.004879079551756149,-0.004585403485179995,0.03575836126401555,2684,700000000,19.49,0,2,2,-14.02118801240115,-5.884255679576741,3.1766343694285357,273.97084760665894
-12.461897489637368,-7.99997308226976,3.9742014451881857,-12.052487860162865,-5.186810536290392,3.359340059332078,-0.3486386926946847,0.0045534801818901665,-0.017193925392488783,0.9370884145607454,0.11486020745583589,0.29016737727721764,0.19758799773561447,-0.003993259997514542,-0.0034968949421454454,0.04170744905422907,2684,803000000,19.75,0,2,2,-14.018444435854919,-5.914534850762059,3.195099073040399,274.1763095855713
-12.416230973744334,-8.067703191672502,4.052262675053997,-12.04288532117061,-5.217252471091197,3.378104770027577,-0.3506735550900122,0.004790861517558945,-0.017339553919193583,0.9363249677736545,0.1353409167208127,0.2826695426239678,0.19898542396656752,-0.004121841084270272,-0.0019462279396975646,0.044796189104090445,2684,917000000,19.87,0,2,2,-14.018444435854919,-5.914534850762059,3.195099073040399,274.3808035850525
-12.416230973744334,-8.067703191672502,4.052262675053997,-12.03368479066701,-5.254676628508986,3.4007813158125297,-0.35324505679952906,0.004968029191318003,-0.01751265250453709,0.9353537061106385,0.1568597301869945,0.2742819927439262,0.20001518952864758,-0.003220118765057123,-7.018228339594756e-05,0.04656149976653978,2685,14000000,20.36,0,2,2,-14.018444435854919,-5.914534850762059,3.195099073040399,274.5916111469269
-12.3683557442016,-8.131930120548828,4.132232521764882,-12.026697955574233,-5.29290345050061,3.423559374768003,-0.3558832467979889,0.005012505885154349,-0.017628608287851316,0.9343506951905727,0.17523052394143745,0.2664567606983851,0.20083683949672276,0.0004845804028263956,0.0015155709775172,0.04749855725094676,2685,128000000,20.76,0,2,2,-13.999013260890035,-6.006608155287354,3.257492518052627,274.84777331352234
-12.3683557442016,-8.131930120548828,4.132232521764882,-12.021578929262535,-5.331807837599972,3.446529836660242,-0.3585770592044651,0.0049141716637374575,-0.017587955006950207,0.9333214919671626,0.1909547668222125,0.25958712699530867,0.20237474042973594,0.0016617402025076444,0.002690870360311237,0.04830271536775399,2685,255000000,21.16,0,2,2,-13.988140393498627,-6.039601331937951,3.282167839168463,275.0673596858978
-12.318319086556812,-8.192536931208004,4.213949936692147,-12.018550521673586,-5.364655919000158,3.4658074846849485,-0.3608397145073451,0.004783124500436121,-0.017564823385719498,0.932450159061437,0.20242326907643085,0.2543088617175411,0.20352332783275112,-0.0006473105045756711,0.0035508400287653785,0.048374356265412644,2685,367000000,21.57,0,2,2,-13.988140393498627,-6.039601331937951,3.282167839168463,275.2708249092102
-12.318319086556812,-8.192536931208004,4.213949936692147,-12.01646613231551,-5.397877696367649,3.485270418075616,-0.36307063637656023,0.004684736368352445,-0.017751454488098825,0.9315807276397657,0.21250506626208332,0.25003994763948545,0.20570671058704315,-0.00299378868930944,0.0044289093239058275,0.047421979979844764,2685,467000000,21.92,0,2,2,-13.964117161323882,-6.098391653054441,3.32907851475197,275.47716760635376
-12.318319086556812,-8.192536931208004,4.213949936692147,-12.015027391262642,-5.4381640786314716,3.5088664795592037,-0.3656690103444443,0.004515730034802816,-0.017980166382819546,0.930560313291306,0.2226633704084441,0.24503686983089704,0.20792606652517925,0.0007767542456349474,0.005093237859910005,0.04587986259139143,2685,572000000,22.26,0,2,2,-13.951712348830013,-6.124485757306092,3.3510444315184853,275.6867198944092
-12.266173954716844,-8.249413737196672,4.297250351837313,-12.01454652996533,-5.4787997940144155,3.532799915269954,-0.368217752444602,0.004219324951102466,-0.01793273689380919,0.9295570456024203,0.23090268585552906,0.2406120704141868,0.21091793411443455,0.0032388723639087402,0.0051663121212186525,0.0451395615527872,2685,681000000,22.66,0,2,2,-13.935790782132933,-6.155366254880452,3.3779154274127294,275.90451741218567
-12.266173954716844,-8.249413737196672,4.297250351837313,-12.014846289000797,-5.519674225457891,3.5570538232316378,-0.3707026150056438,0.003907819603450212,-0.01785998873946337,0.9285716563497672,0.23708165944805,0.23664121866186685,0.21326749006787407,0.002978721090585168,0.005197480686547351,0.04371827526483685,2685,799000000,23.06,0,2,2,-13.918846714162848,-6.185845447022429,3.405400744583299,276.16233372688293
-12.211978760775317,-8.302458002624428,4.3819660112501,-12.015612654687091,-5.567449800685779,3.5857583683204104,-0.37345099083498706,0.0035641678428503304,-0.01782288156968059,0.9274718319412765,0.2372391270303039,0.23560319274759595,0.21756591674430478,0.0016774838286437443,0.004942426767229335,0.04018424115201924,2685,931000000,23.46,0,2,2,-13.918846714162848,-6.185845447022429,3.405400744583299,276.4120752811432
-12.211978760775317,-8.302458002624428,4.3819660112501,-12.015248238708214,-5.614899391305629,3.615273735431198,-0.37582677882404975,0.003288897392220314,-0.01790698651206641,0.9265110659386315,0.22452490355491075,0.2413814876301868,0.22459015768282833,-0.0008230864864344767,0.004613291775967809,0.03187086258549243,2686,62000000,23.9,0,2,2,-13.918846714162848,-6.185845447022429,3.405400744583299,276.7065393924713
-12.155797149641744,-8.35157482376831,4.467926308866648,-12.011799796445597,-5.661438493757031,3.645923079388065,-0.37756480443288476,0.0030448917868906274,-0.018079305364430653,0.9258016449570086,0.2004711980291074,0.25344099800218545,0.23461699575026174,-0.0010626391940604663,0.004857705880567664,0.022031755543139298,2686,211000000,24.32,0,2,2,-13.918846714162848,-6.185845447022429,3.405400744583299,277.0023741722107
-12.155797149641744,-8.35157482376831,4.467926308866648,-12.004052121442596,-5.706741362845239,3.6780593946954463,-0.37871195493768534,0.0027780163710061107,-0.018290268084615202,0.925329673092629,0.17036356591219756,0.26895420296696304,0.2459849421838643,-0.0012269289527466753,0.005293744698064984,0.013761885475105373,2686,355000000,24.66,0,2,2,-13.918846714162848,-6.185845447022429,3.405400744583299,277.2617826461792
-12.097697759196603,-8.396677192173357,4.554958132087373,-11.991555013215951,-5.750696932823326,3.7117408515995822,-0.3793914911449444,0.0026088305231439166,-0.018790883433413282,0.9250417250859059,0.14211217100405832,0.2843574336211797,0.2578430970929834,-0.01052581410476705,0.004945702994518797,0.007948937764012953,2686,484000000,24.93,0,2,2,-13.815245372870617,-6.355481258104872,3.5704166713917243,277.5159161090851
-12.097697759196603,-8.396677192173357,4.554958132087373,-11.977900844181786,-5.787657874423761,3.741795351198472,-0.3794430034411764,0.0026202030734966616,-0.019535114749496794,0.9250051464543951,0.12756288981702027,0.2924197981238591,0.26615875295427555,-0.012046687697875313,0.004241823489792296,-0.01053622718245606,2686,622000000,25.15,0,2,2,-13.80046178585718,-6.393355897006779,3.6063778330918037,277.7427830696106
-12.03775396673645,-8.437686238514564,4.642886210402724,-11.965362994042378,-5.8181821725355825,3.7674353059527825,-0.3785267591112045,0.00268742639694213,-0.020277220462934877,0.9253643091812147,0.11444746150126357,0.2993013502636036,0.2723523361072938,-0.021509647558559664,0.004297440773370909,-0.025342977642139886,2686,744000000,25.27,0,2,2,-13.80046178585718,-6.393355897006779,3.6063778330918037,277.9569971561432
-12.03775396673645,-8.437686238514564,4.642886210402724,-11.947327447244025,-5.854002289160219,3.7990553848291535,-0.3768631095250352,0.0029478167357988375,-0.021766186292658685,0.9260084989836144,0.08558599383648427,0.31364944231372316,0.28138549353956477,-0.025394748809048906,0.004839863868255634,-0.03359636684763245,2686,854000000,25.25,0,2,2,-13.80046178585718,-6.393355897006779,3.6063778330918037,278.18297123908997
-11.976043622511344,-8.47453145653513,4.731533468364691,-11.929730666403533,-5.883101697001811,3.8260283717091133,-0.37515201232236106,0.003147736689569254,-0.02296448421707797,0.9266734548204452,0.06445755787186937,0.32303351365892813,0.2876321813871513,-0.015113289100554539,0.0037950706655465183,-0.04036125465063378,2686,970000000,25.15,0,2,2,-13.78397385376608,-6.494409428293144,3.696792219218176,278.40082335472107
-11.976043622511344,-8.47453145653513,4.731533468364691,-11.902409083635787,-5.9228615744851805,3.864700869367033,-0.3720244157653672,0.003123577775383692,-0.023405149020930015,0.9279225594496701,0.04523327954791998,0.3293358771905729,0.295284313707245,-0.003579871122383338,-0.00032474599009901794,-0.05476642254507169,2687,73000000,25.03,0,2,2,-13.78397385376608,-6.494409428293144,3.696792219218176,278.64147758483887
-11.912648771192371,-8.50715090642781,4.820721382193131,-11.877962122127604,-5.956392218321436,3.8985074652463467,-0.36894583919846385,0.003292586616723752,-0.023704861258017015,0.9291427264765357,0.03984986072975707,0.3286044510958493,0.2993789440194726,-0.009807189053390175,-0.003472394337222795,-0.04770569685206283,2687,200000000,24.76,0,2,2,-13.786833099769,-6.5719227995868215,3.7626892229845628,278.8617992401123
-11.912648771192371,-8.50715090642781,4.820721382193131,-11.85002951793541,-5.9953423374590775,3.9383736091263226,-0.3666222692955089,0.003810194785296657,-0.02423138307661988,0.9300464688102973,0.04603464361076972,0.32151269974562474,0.30155482083380614,-0.00973584528765059,-0.006354879178616102,-0.02422350189590361,2687,319000000,24.48,0,2,2,-13.786833099769,-6.5719227995868215,3.7626892229845628,279.10150122642517
-11.847655362139955,-8.535491397079774,4.910270339298972,-11.831535269445205,-6.023354463316392,3.966917269764616,-0.3658768074312329,0.00428358961617255,-0.02447820655323532,0.9303314624626353,0.06005542768470906,0.31197992274134906,0.30154702081606943,-0.006416832957256702,-0.008568056273361435,-0.00856980832395493,2687,460000000,24.31,0,2,2,-13.791609398194892,-6.655982751670608,3.8359192009106935,279.29876470565796
-11.847655362139955,-8.535491397079774,4.910270339298972,-11.811976445178821,-6.057475536219468,4.0011464595807045,-0.36583264694473017,0.004905524152673273,-0.024544024144290584,0.9303440230049336,0.08116807316601607,0.2988854620606124,0.30076991876067427,-0.0036059436069990625,-0.00943114428082481,0.005070962242825772,2687,572000000,24.3,0,2,2,-13.791609398194892,-6.655982751670608,3.8359192009106935,279.5045201778412
-11.781152949374528,-8.559508646656381,4.999999999999998,-11.797812148552351,-6.086321054846503,4.029596306791876,-0.3662439084774029,0.005383567833751626,-0.0244935158123777,0.9301808879909992,0.09774086527820089,0.2887130190092647,0.29972242408943583,-0.001772641405750619,-0.008563119263271801,0.01166616566479206,2687,681000000,24.4,0,2,2,-13.78817114515448,-6.723153606700897,3.899021454465513,279.71086835861206
-11.781152949374528,-8.559508646656381,4.999999999999998,-11.783080673722845,-6.1213696560051565,4.063716779892206,-0.36700915708193904,0.005844713765558783,-0.024372548908332833,0.9298796141429889,0.11516217256046708,0.2779309414562504,0.29923917581516807,-0.00024383667778238305,-0.006601918721571565,0.015359209282905795,2687,784000000,24.53,0,2,2,-13.78330724346983,-6.752034446416868,3.9279899570842907,279.92386078834534
-11.781152949374528,-8.559508646656381,4.999999999999998,-11.770512032252144,-6.156796158378112,4.0978081152507,-0.36791297176802346,0.006145469308817238,-0.02418109049851728,0.929525445199914,0.12992731100512783,0.2683523409085472,0.29873279273616893,0.003243025685151224,-0.0044813194563175784,0.01673414826655062,2687,904000000,24.73,0,2,2,-13.78330724346983,-6.752034446416868,3.9279899570842907,280.1536965370178
-11.713234382178594,-8.57916742105615,5.089729660701032,-11.761428754984248,-6.186535858913378,4.126266160110222,-0.36869467575456677,0.006261877346176739,-0.023932015899690802,0.9292213318565781,0.14026805447441898,0.2614162029152714,0.2988032008022036,0.004043134003950399,-0.0028489252372310148,0.016857449736562558,2688,22000000,24.94,0,2,2,-13.763977728145013,-6.817595800593105,3.9983217514691707,280.3735065460205
-11.713234382178594,-8.57916742105615,5.089729660701032,-11.75054357560365,-6.228402740932624,4.166130914688303,-0.3697740285211295,0.006288164882399581,-0.023596622203840754,0.9288007462498271,0.1525218707611153,0.2525305843020155,0.2979740330672841,0.004584014777719858,-0.0007782090847285872,0.016289655104628764,2688,129000000,25.12,0,2,2,-13.763977728145013,-6.817595800593105,3.9983217514691707,280.5956938266754
-11.64399548728488,-8.594441649827006,5.179278617806865,-11.743913383079619,-6.258409307650455,4.194553949952279,-0.3705132558604216,0.006223980887546372,-0.02337007980846701,0.9285122662966638,0.15964452855234174,0.24692930153769782,0.29740459171683464,0.00469340311610722,0.0004128694399696542,0.015329862799262628,2688,259000000,25.37,0,2,2,-13.763977728145013,-6.817595800593105,3.9983217514691707,280.80109548568726
-11.64399548728488,-8.594441649827006,5.179278617806865,-11.738061700209059,-6.2884610838404384,4.223003758120857,-0.37119762808223095,0.006109445060077646,-0.02316182373699889,0.9282448629043738,0.1655454675225066,0.24205347235571145,0.29742302149179795,0.004705568107965519,0.0013267874464872875,0.014192812977853464,2688,363000000,25.54,0,2,2,-13.721560779583475,-6.9029997739588085,4.099839174742263,281.01150393486023
-11.573534743627139,-8.605314519193234,5.268466531635313,-11.732894705223622,-6.318532316593469,4.251449359399965,-0.37182911481840347,0.0059575126594453316,-0.022972674226603228,0.9279977767511909,0.17054553098232456,0.23757533242327425,0.296958256419009,0.004857399153479491,0.002025516073445033,0.013027139357291162,2688,472000000,25.71,0,2,2,-13.70646232901013,-6.926735642028766,4.129983369583468,281.205935716629
-11.573534743627139,-8.605314519193234,5.268466531635313,-11.727428758881974,-6.354594970558417,4.285635377965788,-0.37250514932920314,0.0057318564075257775,-0.02273735406683913,0.9277338369787913,0.17484879556773317,0.2330381751723491,0.2974637298154399,0.004928764110445627,0.0025334841211588355,0.011355560582160251,2688,572000000,25.87,0,2,2,-13.70646232901013,-6.926735642028766,4.129983369583468,281.40115332603455
-11.573534743627139,-8.605314519193234,5.268466531635313,-11.72337752917658,-6.3845889509448215,4.31417295150419,-0.37300849539036063,0.005517093526002374,-0.022531652200321134,0.9275378960963095,0.17750413621001862,0.22955299419081018,0.2977313715902819,0.00866188493091613,0.0027537134883459657,0.010281660070177168,2688,684000000,26.05,0,2,2,-13.669930147995808,-6.977097329201785,4.196712302009104,281.6169083118439
-11.501952950650319,-8.611778541902554,5.357113789597271,-11.718288307472582,-6.426384025946701,4.354321193956969,-0.37363430809719184,0.0050772243644373015,-0.021896965366875864,0.9273036981017639,0.17948652176767144,0.22526621225645793,0.2990915616308695,0.010835870943992632,0.002598626247163338,0.008901265391614288,2688,794000000,26.2,0,2,2,-13.669930147995808,-6.977097329201785,4.196712302009104,281.85706853866577
-11.501952950650319,-8.611778541902554,5.357113789597271,-11.715001806869775,-6.45605649336811,4.383115632828711,-0.37403112774920444,0.00477427375495219,-0.021461965728815452,0.9271554917120569,0.18046343127679004,0.22232074067596544,0.2993313463591793,0.009779092579265125,0.0025179922204188188,0.008063647510425653,2688,921000000,26.41,0,2,2,-13.669930147995808,-6.977097329201785,4.196712302009104,282.0606813430786
-11.429352891192822,-8.613835603663967,5.4450418679126305,-11.711397756821649,-6.491437130681909,4.417695925676918,-0.37445560446401244,0.004434527015966631,-0.02098717330206551,0.9269966956858178,0.18108951725096073,0.21905630743052726,0.29939031645978986,0.009636359573050868,0.002396201489318628,0.006904101746840752,2689,28000000,26.54,0,2,2,-13.60742845306359,-7.051028259416626,4.300786957985404,282.27775835990906
-11.429352891192822,-8.613835603663967,5.4450418679126305,-11.708039591242855,-6.526549422614745,4.452403055820185,-0.374793692939443,0.0041043081823327904,-0.02052133129800366,0.9268720069939086,0.18070494773348345,0.21636707609400677,0.3001930426696641,0.008735485971556045,0.002232409292446391,0.0052244872676965315,2689,137000000,26.69,0,2,2,-13.60742845306359,-7.051028259416626,4.300786957985404,282.5085713863373
-11.355838989967928,-8.61149698600856,5.532073691133348,-11.703492279039425,-6.5669485363143965,4.493147522680791,-0.37490591540794327,0.0037343099099203456,-0.020232503560182608,0.9268345350284029,0.1623325635774387,0.2238445916520399,0.30444800229755237,0.0016773163224570453,0.005860718420080957,-0.004823522795049939,2689,264000000,26.83,0,2,2,-13.56724336040891,-7.1039038053028625,4.3755460693265045,282.77145433425903
-11.355838989967928,-8.61149698600856,5.532073691133348,-11.696105160522013,-6.600443694124025,4.528804406395439,-0.374326971342241,0.0033237446643926347,-0.020409486445551996,0.9270661918709902,0.1340086827007866,0.2377429820721224,0.3109844619981931,-0.0017305296410086157,0.007907626059022732,-0.01477622417951352,2689,396000000,26.93,0,2,2,-13.56724336040891,-7.1039038053028625,4.3755460693265045,282.9972515106201
-11.355838989967928,-8.61149698600856,5.532073691133348,-11.687193233085793,-6.62750943307333,4.559080116986116,-0.37344661608141266,0.0029742346803970764,-0.02065042133370145,0.9274170253797092,0.10771949974439879,0.25061641247943084,0.3169948182837438,-0.00038020594672616426,0.008053357305470854,-0.025348866438434925,2689,517000000,26.93,0,2,2,-13.538861585559975,-7.166411827746858,4.45865570334057,283.2097327709198
-11.28151696868165,-8.604783365467831,5.61803398874989,-11.669510293587628,-6.663809740638785,4.6025371767165595,-0.37096960699896164,0.002471305344177827,-0.02096229484183105,0.928405097749843,0.06616051327891366,0.2705651035361357,0.32634821733256036,-0.0029203784606579575,0.006705148734909017,-0.05277794043649919,2689,628000000,26.87,0,2,2,-13.538861585559975,-7.166411827746858,4.45865570334057,283.4548797607422
-11.28151696868165,-8.604783365467831,5.61803398874989,-11.646592692857926,-6.6984447532879,4.64703614191615,-0.36669331481370676,0.0021651256622184437,-0.02141647395009971,0.9300928231877434,0.03076253225898884,0.2854583732655306,0.332695825620646,-0.00620345895185892,0.0036339674807095435,-0.07315432230825536,2689,761000000,26.64,0,2,2,-13.538861585559975,-7.166411827746858,4.45865570334057,283.7072751522064
-11.206493498832378,-8.593724789026602,5.702749648162683,-11.623667023020031,-6.726922831366456,4.685716386045372,-0.36234065207722854,0.0020452615845359037,-0.021660262573387663,0.931791769540036,0.007234456627543341,0.29295783633173145,0.336870070205147,1.1322892512488636e-06,-0.00012804729454529706,-0.08164136088453233,2689,900000000,26.19,0,2,2,-13.526267179108572,-7.267770881595482,4.5844636884033125,283.98460721969604
-11.206493498832378,-8.593724789026602,5.702749648162683,-11.599048144209261,-6.754549937805968,4.724829515873401,-0.3576192759269687,0.0020821850989238815,-0.021652750639408073,0.9336140939276953,-0.004433518575540918,0.29338320371159843,0.33911144860137155,-0.0013153337704352452,-0.004807509185411618,-0.0851352684549056,2690,34000000,25.71,0,2,2,-13.526830422715442,-7.301002807858224,4.624853568710986,284.227991104126
-11.13087585324229,-8.578360625870383,5.786050063307842,-11.574702281113245,-6.7817734387455415,4.764014051407488,-0.3529553553643571,0.00245611942793131,-0.021739001257148366,0.935384359726694,-0.002948453458475439,0.28692456397435157,0.3386945751076611,-0.013393994959187694,-0.00890015307959402,-0.07488766495953314,2690,155000000,25.2,0,2,2,-13.526830422715442,-7.301002807858224,4.624853568710986,284.4539039134979
-11.13087585324229,-8.578360625870383,5.786050063307842,-11.555496156239657,-6.804417640639641,4.7965777776548055,-0.34997634291139396,0.0031177679525463773,-0.022258856016684654,0.936488858585188,0.004868172800549404,0.2787916098099014,0.3375694160473411,-0.015460974645975512,-0.01090472915166174,-0.0550400662177708,2690,268000000,24.69,0,2,2,-13.526830422715442,-7.301002807858224,4.624853568710986,284.64500617980957
-11.054771557371982,-8.558739495509858,5.867767478235114,-11.537738129666323,-6.827164384940444,4.828945300132913,-0.3477861673577564,0.0038655649194166454,-0.02276330733359508,0.9372895342644623,0.016608469993180754,0.26926681542839204,0.33536582025635375,-0.012172226797702024,-0.011746563905035146,-0.04055783720104955,2690,366000000,24.37,0,2,2,-13.526830422715442,-7.301002807858224,4.624853568710986,284.8279526233673
-11.054771557371982,-8.558739495509858,5.867767478235114,-11.521464896432938,-6.849963919812442,4.8611492761078265,-0.34611153445384923,0.004384138445015465,-0.02255850346528692,0.9379118823053174,0.026719921190179664,0.26005591220840785,0.3338710319544299,0.003316897641525429,-0.011876366897922708,-0.03195261087967083,2690,460000000,24.16,0,2,2,-13.526830422715442,-7.301002807858224,4.624853568710986,285.03321599960327
-10.978288041468776,-8.534919172427735,5.947737324945993,-11.506538951305213,-6.872732676683595,4.8932113638296,-0.34474577484965946,0.0048128689450215745,-0.02217480748808677,0.9384217947856348,0.03578050596543008,0.2517557746832516,0.3318536947944077,0.0011583257671254898,-0.010698489950300427,-0.026959569186146837,2690,575000000,24.02,0,2,2,-13.526830422715442,-7.301002807858224,4.624853568710986,285.22997999191284
-10.978288041468776,-8.534919172427735,5.947737324945993,-11.492774491715005,-6.895482058974267,4.925162447836127,-0.34351635716815704,0.005281082972210015,-0.0221767157136954,0.9388699674612633,0.04358961128822568,0.24478876138869027,0.33079104316763175,-0.0037264700040395837,-0.008340966451214626,-0.025274775543948635,2690,674000000,23.91,0,2,2,-13.51539505488987,-7.46590930902063,4.840957019679344,285.421324968338
-10.978288041468776,-8.534919172427735,5.947737324945993,-11.47757721979033,-6.922761420402459,4.963360738271721,-0.3421188142544141,0.005736287733402104,-0.02229913948783719,0.939374558051417,0.05149992061418869,0.23750576408053087,0.3292062313803106,-0.008980309121398022,-0.0057665880831336835,-0.024249160014733206,2690,772000000,23.81,0,2,2,-13.505781619097673,-7.4877580216876805,4.874456937422187,285.62825441360474
-10.901532294594322,-8.506966467455548,6.025798554811811,-11.465814492366682,-6.945494552194399,4.995114775785592,-0.34097293277228546,0.006128558700971055,-0.02282267894776793,0.9397760505623465,0.05672189701167629,0.23259437218665938,0.3288189258923233,-0.013303241121320752,-0.0033363081911375048,-0.02417271662125131,2690,886000000,23.71,0,2,2,-13.491390271479728,-7.512617445486552,4.9145344333122845,285.8275442123413
-10.901532294594322,-8.506966467455548,6.025798554811811,-11.454743074779925,-6.968221092676839,5.0267924525130745,-0.3398335701066451,0.0064285917552123935,-0.02339225497694105,0.9401726544862441,0.0611711952393774,0.228052753215476,0.3279643803156703,-0.012107642396586016,-0.0016241491493929061,-0.02403185972070787,2690,989000000,23.64,0,2,2,-13.491390271479728,-7.512617445486552,4.9145344333122845,286.01550912857056
-10.824610521570174,-8.474957086149745,6.101793962904201,-11.444288140053532,-6.99092501438859,5.058334408388145,-0.3387066461927673,0.006632464483356585,-0.023902860204806038,0.9405649746369222,0.06489804070921343,0.22392155288975935,0.3264260675243772,-0.007792971109665814,-0.0005177506182008074,-0.023755842448736075,2691,84000000,23.56,0,2,2,-13.461361336648508,-7.551067222086089,4.980951220293233,286.1974501609802
-10.824610521570174,-8.474957086149745,6.101793962904201,-11.436302884990633,-7.008969800845552,5.08349753217326,-0.33781146718203736,0.006511020562285074,-0.023535541261062713,0.9408969643638485,0.06594638583640396,0.2201467731696607,0.3257838729536942,0.013868347014067695,-0.0010242458870379778,-0.023892888930276968,2691,177000000,23.5,0,2,2,-13.461361336648508,-7.551067222086089,4.980951220293233,286.37455201148987
-10.824610521570174,-8.474957086149745,6.101793962904201,-11.426720909083496,-7.031269028887643,5.114896905239235,-0.3366844408470027,0.006281883443345406,-0.022802636134759503,0.9413204369486785,0.06685623644837979,0.21588282421123012,0.32439150132874633,0.015603288375132252,-0.0013138776012056042,-0.024136296269716695,2691,277000000,23.32,0,2,2,-13.424900022032574,-7.586175734619378,5.046913431482954,286.5475323200226
-10.747627803869088,-8.438975464497581,6.175570504584945,-11.419319877316498,-7.048888781335961,5.139981760955164,-0.3357599326383026,0.006127548606106949,-0.02229503222034236,0.9416637681896315,0.06673673940521277,0.21284683096956578,0.32397984943402247,0.012237972714501666,-0.0011156468303852307,-0.02498158792150207,2691,362000000,23.38,0,2,2,-13.408879459762872,-7.599407656415811,5.073142885679181,286.73255681991577
-10.747627803869088,-8.438975464497581,6.175570504584945,-11.40855641023559,-7.074940757237124,5.177591620784485,-0.33432586367026246,0.005924718238516773,-0.021659529348839524,0.9421899911288136,0.06620512186111593,0.20856595843658496,0.32304130064747133,0.010264890534017468,-0.0008003576454029826,-0.02571025070210453,2691,454000000,23.32,0,2,2,-13.39238326681317,-7.612306516233312,5.099275326599555,286.92080521583557
-10.747627803869088,-8.438975464497581,6.175570504584945,-11.401585277153346,-7.092059268230204,5.202607008860284,-0.33335178538224036,0.005797855578367894,-0.021286028048386727,0.942544363445609,0.06575565305155925,0.20584443458809076,0.3219386498000201,0.009647293336456642,-0.0006405498425010592,-0.026011489171651192,2691,558000000,23.23,0,2,2,-13.39238326681317,-7.612306516233312,5.099275326599555,287.0860757827759
-10.670687765466973,-8.399114582343575,6.246979603717463,-11.394738243114706,-7.108950214924288,5.2275898937810865,-0.33235869043757454,0.005607707688337702,-0.020736475566930798,0.9429084012172999,0.06424686036667629,0.20313554794069605,0.321496245657512,0.015855081619520206,-0.0006920646228536498,-0.026708876066550147,2691,640000000,23.16,0,2,2,-13.35082112178652,-7.643725301602691,5.1645591819874825,287.2588539123535
-10.670687765466973,-8.399114582343575,6.246979603717463,-11.386304088560372,-7.129713273019355,5.2588027350195805,-0.33108531757027426,0.005351917012074692,-0.019988691072772787,0.9433739034459686,0.06234834169744334,0.20000134726732138,0.3206684800081686,0.015541828724963125,-0.0007056550259676442,-0.027347773720975965,2691,733000000,23.09,0,2,2,-13.35082112178652,-7.643725301602691,5.1645591819874825,287.4542305469513
-10.670687765466973,-8.399114582343575,6.246979603717463,-11.378002165465324,-7.150095148156519,5.28993534521918,-0.32978237230617446,0.005116816578352305,-0.019299339668991625,0.9438458245881877,0.060434596128642416,0.1969230839718929,0.31907989063014025,0.013876324464945355,-0.0006675977033410163,-0.02794360480038449,2691,831000000,22.99,0,2,2,-13.316240518317066,-7.672188200808141,5.22345539246535,287.6450650691986
-10.593892244653583,-8.355475754986642,6.315877451879423,-11.369768929631554,-7.170102737425983,5.320994061475931,-0.32842555024485054,0.004961390159107285,-0.018875958158607407,0.9443281954689537,0.057706196940184015,0.19439023607673953,0.3184196718708143,0.007703835763095412,-0.00027027604971863184,-0.029393520890153013,2691,932000000,22.87,0,2,2,-13.299354671530715,-7.688535910373967,5.256486425825861,287.8457930088043
-10.593892244653583,-8.355475754986642,6.315877451879423,-11.361551267053217,-7.18974874909049,5.3519950050862555,-0.32700875239513455,0.00482707107784092,-0.018553521502483624,0.9448268317959876,0.055013831241926825,0.1919513281977315,0.3174052492466192,0.006687282711936859,-0.000102787964806339,-0.03048391572519904,2692,28000000,22.74,0,2,2,-13.284663260636846,-7.705502866940351,5.289849345961224,288.04412293434143
-10.517340972781431,-8.308168403456124,6.38212529797373,-11.353349210953208,-7.209052571600059,5.382882629877571,-0.3255459123230439,0.00469853615573844,-0.018265793671573438,0.945338110682785,0.05242972914935453,0.189641264073456,0.3157708684179578,0.006688193479931215,-1.0969231256652279e-05,-0.031356576437246986,2692,129000000,22.59,0,2,2,-13.284663260636846,-7.705502866940351,5.289849345961224,288.2367331981659
-10.517340972781431,-8.308168403456124,6.38212529797373,-11.345091629975766,-7.227963719782197,5.413678661414134,-0.32404126681563294,0.004493486839252147,-0.01775960817079871,0.9458655624845238,0.04822136674771134,0.1874238003150855,0.3149358462868547,0.011608477234403836,-8.132569342955698e-06,-0.032273494798573665,2692,228000000,22.43,0,2,2,-13.284663260636846,-7.705502866940351,5.289849345961224,288.42466259002686
-10.517340972781431,-8.308168403456124,6.38212529797373,-11.334834441502288,-7.250039639179514,5.450543385231726,-0.3221529166066809,0.0041987420085528885,-0.017078454089495244,0.9465242708421521,0.04053240326598809,0.18596019813559989,0.31372509721267666,0.012007599889329867,0.0004900244846339774,-0.034145544486818835,2692,332000000,22.27,0,2,2,-13.253968480142055,-7.759400672411522,5.391108267807049,288.64478158950806
-10.441131260909902,-8.257309804031784,6.445589727654782,-11.32419298434062,-7.271417580969829,5.487350616154281,-0.3201699746625699,0.003930721354510355,-0.01644891459813043,0.9472091479513622,0.034439267494393334,0.1835086919273463,0.31292757735667764,0.010351011951570399,-2.1081975859482682e-06,-0.03549798784661107,2692,450000000,22.05,0,2,2,-13.253968480142055,-7.759400672411522,5.391108267807049,288.84628033638
-10.441131260909902,-8.257309804031784,6.445589727654782,-11.316991176764997,-7.285316489065799,5.511839654674195,-0.31881406183704564,0.003788714027479884,-0.016073096934083965,0.9476734116645511,0.03113547611191735,0.1817319327488908,0.31209771377280976,0.0098928509032703,-0.0003653616431620321,-0.036078254561289214,2692,557000000,21.81,0,2,2,-13.241531897362405,-7.8044758720863605,5.472638276852385,289.0407989025116
-10.365357695277192,-8.203024817628188,6.506142932007223,-11.307582162844854,-7.302234912728225,5.542367581518198,-0.31704157910749864,0.0035691538936825857,-0.015578269905517344,0.9482769720731689,0.021867877711168292,0.18172994820792698,0.3108414042227213,0.01058590587490471,0.000844913461151009,-0.03842353980871849,2692,654000000,21.65,0,2,2,-13.241531897362405,-7.8044758720863605,5.472638276852385,289.22297954559326
-10.365357695277192,-8.203024817628188,6.506142932007223,-11.297687064249232,-7.31863273654138,5.57281046690043,-0.3151824604572391,0.0033583257196640424,-0.01513811029022898,0.9489044081915323,0.015462821413456456,0.18019355105495224,0.30988859303292415,0.009170342127617914,0.0003354822325718487,-0.03981462068622932,2692,754000000,21.44,0,2,2,-13.241531897362405,-7.8044758720863605,5.472638276852385,289.42346239089966
-10.365357695277192,-8.203024817628188,6.506142932007223,-11.285509918619118,-7.337691371995233,5.6091906503503575,-0.312891007985922,0.0031730914518146207,-0.014675287051503408,0.9496703557351613,0.009656246848314367,0.17739716050816967,0.30792863628071465,0.009579283414495876,-0.00045032487889784534,-0.04065540379087906,2692,855000000,21.21,0,2,2,-13.23567574513199,-7.857296758160932,5.567761628112185,289.61425518989563
-10.290111842505238,-8.145445599717654,6.563662964936058,-11.275192714759118,-7.353055258314656,5.639396155426931,-0.3109373778182593,0.0030109065741181548,-0.014157942739217751,0.9503201745593428,0.004997239708381657,0.17475134944404427,0.3068425532882513,0.010594841114652809,-0.0009705494449008256,-0.041535542186466046,2692,957000000,20.94,0,2,2,-13.233636271888688,-7.879202739143809,5.6083355131983454,289.81624126434326
-10.290111842505238,-8.145445599717654,6.563662964936058,-11.266871334309156,-7.365012569846298,5.663483516679527,-0.30934526540561197,0.002904721400732845,-0.013760930212655013,0.9508457846382861,0.0018718352396292278,0.17243582589039597,0.3056153250774706,0.010002003000408877,-0.0012804173366021132,-0.04213487700326368,2693,59000000,20.7,0,2,2,-13.231078301844429,-7.896775335025729,5.64188233974515,289.98715686798096
-10.215481965412536,-8.08471129151785,6.618033988749896,-11.258516558534616,-7.37669169948742,5.68747170193029,-0.30773270139260517,0.0028162299484897823,-0.01338484195316357,0.9513745315848934,-0.0009559812614115626,0.17017751356099553,0.30395278957582744,0.009354926623927895,-0.00145626419225664,-0.042581861998769455,2693,149000000,20.51,0,2,2,-13.231078301844429,-7.896775335025729,5.64188233974515,290.1549553871155
-10.215481965412536,-8.08471129151785,6.618033988749896,-11.248016349820615,-7.3909037472343595,5.717306791563259,-0.3056814411944863,0.002715234034663583,-0.012938006906678083,0.9520420641918512,-0.005023766580918431,0.1673826660389126,0.3022438115915166,0.008843338218866847,-0.0012674272397816821,-0.04368059344415087,2693,235000000,20.31,0,2,2,-13.222525341685808,-7.922699622092259,5.694893878456313,290.3422431945801
-10.215481965412536,-8.08471129151785,6.618033988749896,-11.239539951080431,-7.401946706769221,5.741067884448515,-0.3040003486966532,0.002636455552301271,-0.012612816294892179,0.9525847752087713,-0.008352849314954522,0.16517423259071656,0.3007025428405146,0.007919925337773748,-0.001117597582833696,-0.04445989143277984,2693,324000000,20.07,0,2,2,-13.222525341685808,-7.922699622092259,5.694893878456313,290.5277569293976
-10.141552750277675,-8.020967693220346,6.669146507442604,-11.226669683736102,-7.4179418905765235,5.776526510397044,-0.30142861995632153,0.0024775096600973528,-0.012027333511373264,0.953409666547239,-0.014198592129422547,0.16168426820321558,0.2988338123418237,0.011017500946763903,-0.0009010287612909451,-0.04540836853266228,2693,413000000,19.87,0,2,2,-13.222525341685808,-7.922699622092259,5.694893878456313,290.7202100753784
-10.141552750277675,-8.020967693220346,6.669146507442604,-11.217961354526022,-7.428203522774497,5.800058639157423,-0.29968667873301086,0.0023581167691727033,-0.011603881474946936,0.9539641941970334,-0.018036020855181793,0.15942494308462046,0.2974393084544314,0.010786311850097263,-0.0008906041102818563,-0.04587409857776947,2693,519000000,19.56,0,2,2,-13.190013516493956,-7.963653607045134,5.791795630739391,290.8852469921112
-10.141552750277675,-8.020967693220346,6.669146507442604,-11.2069529648765,-7.440605706430039,5.829312251287552,-0.29749026458900746,0.0022276994477412795,-0.011112045553789108,0.9546575837825537,-0.02240881285545425,0.1566180648174344,0.29520548169775246,0.009834960928856162,-0.001062079502389679,-0.04617370250343811,2693,610000000,19.35,0,2,2,-13.190013516493956,-7.963653607045134,5.791795630739391,291.0534646511078
-10.068405046361017,-7.954366920084192,6.716897587203733,-11.195780436122512,-7.452545064538794,5.858393793160888,-0.29526403961185416,0.0021474396148824064,-0.010790587276814877,0.9553523426680917,-0.0274480256066378,0.1540089522157247,0.2935446666327584,0.005464146624944988,-0.0007748520260975056,-0.04699470482592005,2693,704000000,19.09,0,2,2,-13.190013516493956,-7.963653607045134,5.791795630739391,291.22964668273926
-10.068405046361017,-7.954366920084192,6.716897587203733,-11.184418451203772,-7.464023805773788,5.887297857994734,-0.29300197856435306,0.0020868334622029527,-0.01055254782793462,0.9560513215397038,-0.0321462962573073,0.15131983373116936,0.2913490009741838,0.004616990463546244,-0.0007665219015962066,-0.04756984635605477,2693,804000000,18.82,0,2,2,-13.147308147757183,-7.995237585779037,5.879925531717767,291.42924427986145
-10.068405046361017,-7.954366920084192,6.716897587203733,-11.172894558764689,-7.475070419967758,5.915976540929959,-0.2907231186105445,0.0020366052437243726,-0.010336210710114655,0.9567492269621107,-0.03653469574883603,0.1487066361335128,0.2888506187150369,0.004738783854918438,-0.0008427720388226589,-0.04775156812684145,2693,903000000,18.54,0,2,2,-13.147308147757183,-7.995237585779037,5.879925531717767,291.6249432563782
-9.996115618455198,-7.885067042264726,6.761191063713476,-11.16117561826378,-7.485664851096928,5.944440037921752,-0.2884255864759322,0.0019704681327016443,-0.010058983316604283,0.9574474477358998,-0.04166975788861377,0.14602578211499856,0.2866724141217468,0.005721705383621156,-0.0008620463972874859,-0.04821113761863671,2694,3000000,18.26,0,2,2,-13.117802017459503,-8.016700320601558,5.942324141536048,291.8042039871216
-9.996115618455198,-7.885067042264726,6.761191063713476,-11.15165482583509,-7.493810901339378,5.967049084627508,-0.28657247497211213,0.0019232045587005194,-0.009840538814206736,0.9580060968847899,-0.045456901219570855,0.14387187604334178,0.2846152523016002,0.005479412811837392,-0.000985218389359943,-0.04849343349633273,2694,101000000,17.97,0,2,2,-13.117802017459503,-8.016700320601558,5.942324141536048,291.98215436935425
-9.92475691319517,-7.813231709291097,6.801937735804839,-11.139595302511891,-7.503607358427681,5.99507503824333,-0.28424760343329736,0.001877292539354872,-0.00957896055863523,0.9587012147847548,-0.04981618180114232,0.14127458356312167,0.28170462054201717,0.005150203378434526,-0.001180257061150769,-0.04851557459915057,2694,190000000,17.73,0,2,2,-13.117802017459503,-8.016700320601558,5.942324141536048,292.1599917411804
-9.92475691319517,-7.813231709291097,6.801937735804839,-11.127342842026987,-7.5129642411329005,6.022840040340366,-0.28191630305750526,0.0018355672986242228,-0.009312494664465133,0.9593920503142629,-0.05485887697163407,0.1385130226100039,0.2791670314092111,0.005333927356332424,-0.0011740108448066167,-0.04871185556112323,2694,282000000,17.43,0,2,2,-13.117802017459503,-8.016700320601558,5.942324141536048,292.3373167514801
-9.92475691319517,-7.813231709291097,6.801937735804839,-11.117385494021388,-7.520115580616228,6.044866449887048,-0.28004286183741395,0.0018068509296691924,-0.009106625203674057,0.9599426025555011,-0.05874281513830358,0.13625654665405612,0.27683895476576564,0.005062220907348092,-0.0012539327599370154,-0.04887221293756738,2694,380000000,17.13,0,2,2,-13.117802017459503,-8.016700320601558,5.942324141536048,292.53090381622314
-9.854396839817479,-7.739029760147331,6.839055545102901,-11.104729684523223,-7.52861702069645,6.07217311367229,-0.27769460221545783,0.0017553667665031946,-0.00878578395162636,0.9606276263923856,-0.0642686508787877,0.13322861301602879,0.27439130641024295,0.0068867409936501645,-0.0012429804769453767,-0.048934445294435136,2694,473000000,16.88,0,2,2,-13.072045326128919,-8.069400919930317,6.08848540388838,292.72351264953613
-9.854396839817479,-7.739029760147331,6.839055545102901,-11.089223504652137,-7.538158842621498,6.104619069365583,-0.27486994410548193,0.0016963063199499193,-0.008382690715745626,0.9614433768395735,-0.0704083779069144,0.12961161012623215,0.27101960752237764,0.006441371624532621,-0.0014508583035421907,-0.04898677871096879,2694,570000000,16.57,0,2,2,-13.072045326128919,-8.069400919930317,6.08848540388838,292.95659041404724
-9.854396839817479,-7.739029760147331,6.839055545102901,-11.076067453754654,-7.545600171823398,6.131334751264142,-0.27251712054039073,0.0016857218719205543,-0.008136230340105403,0.9621150550272028,-0.0751947306807037,0.1268450678268683,0.26787380972677755,-0.001975547252186516,-0.0014680714343739965,-0.04900424501101952,2694,696000000,16.2,0,2,2,-13.058621136260255,-8.094772559821987,6.158309523099364,293.1398820877075
-9.785098566014495,-7.662634819950148,6.872469741279472,-11.06265932435154,-7.552625589350695,6.15776696766883,-0.2701438761524584,0.0017982296914246573,-0.008394384905234647,0.9627816922072028,-0.08012889292165808,0.12436210948145354,0.26519764810438956,-0.005994280172672006,-0.0010185358405578882,-0.04950728252879344,2694,789000000,15.89,0,2,2,-13.058621136260255,-8.094772559821987,6.158309523099364,293.31940841674805
-9.785098566014495,-7.662634819950148,6.872469741279472,-11.051752327290547,-7.557971404186806,6.178706975774932,-0.26823455413885694,0.0018872872766481081,-0.008639566047700508,0.9633130436214239,-0.08377742632101372,0.12241078723919574,0.26280210063410225,-0.006467177217928111,-0.000876684373452008,-0.049563407083041966,2694,883000000,15.59,0,2,2,-13.048421218713273,-8.116833124782788,6.2211230954534145,293.4985258579254
-9.716920329484363,-7.584224884252885,6.902113032590306,-11.040703419321972,-7.563089010796719,6.199438975030969,-0.26632600153271213,0.001971642837806855,-0.00887865402675148,0.963840102420931,-0.08710723247049984,0.12044772782380053,0.2600369900187035,-0.006170744518385618,-0.0008956348722222174,-0.04941868864989374,2694,969000000,15.35,0,2,2,-13.0429822203263,-8.124740406429817,6.245728909292638,293.66619539260864
-9.716920329484363,-7.584224884252885,6.902113032590306,-11.026705131503501,-7.5691188999826595,6.22504529290581,-0.26396009014390004,0.0019458393281348617,-0.008648127081943676,0.9644928690345551,-0.09209289524752048,0.11708142278964458,0.25671498233241186,0.013609062807518058,-0.0015141691619646735,-0.04864855436608195,2695,52000000,15.11,0,2,2,-13.03639987036719,-8.1320201948193,6.269960349598213,293.84624886512756
-9.716920329484363,-7.584224884252885,6.902113032590306,-11.009615161997168,-7.57563564129639,6.255350941961646,-0.2611791054257752,0.0017964732626303197,-0.0077470511223948855,0.9652575981424416,-0.09833521593950059,0.11264053201230886,0.2525295139564482,0.016078391672635917,-0.0022410750034396187,-0.047552942123729736,2695,145000000,14.82,0,2,2,-13.03639987036719,-8.1320201948193,6.269960349598213,294.0554780960083
-9.649915265730048,-7.503981892038007,6.927925721391706,-10.995115198656169,-7.580422446497318,6.280260784831418,-0.25890522563788865,0.0016847202515333777,-0.006936678433724329,0.9658763525148418,-0.10395606747356297,0.1086620804809348,0.24923910347874453,0.015953773799992632,-0.0025274351855841815,-0.0467829879198689,2695,256000000,14.48,0,2,2,-13.03639987036719,-8.1320201948193,6.269960349598213,294.24305391311646
-9.649915265730048,-7.503981892038007,6.927925721391706,-10.983346598522191,-7.583833706814415,6.29995941864116,0.2571077794412866,-0.0016122995550184502,0.006310696559171972,-0.9663607842570257,-0.1081171551357083,0.105616964189264,0.24650800165319559,0.015291018280549906,-0.0026566263386484934,-0.04634764227375854,2695,361000000,14.19,0,2,2,-12.995241751660181,-8.153839741289362,6.362121960683441,294.42296075820923
-9.649915265730048,-7.503981892038007,6.927925721391706,-10.953335099968855,-7.590873425276795,6.3482468528218226,0.2526820169373609,-0.001542914066117434,0.005059211820688973,-0.9675349203560588,-0.1178987237916406,0.09828333869341725,0.23924799374337224,0.00925623480725335,-0.0027313386226524017,-0.04541202542895917,2695,456000000,13.97,0,2,2,-12.995241751660181,-8.153839741289362,6.362121960683441,294.7719581127167
-9.58413125261237,-7.422091288490966,6.949855824363647,-10.928686459752003,-7.595034079830264,6.3858496056816865,0.2491862320257352,-0.001562837498411205,0.004366003035658344,-0.9684444833470129,-0.12520100499272896,0.09266012075352623,0.23331385702712862,0.00806532343631261,-0.002563385487519554,-0.04496096080401912,2695,649000000,13.41,0,2,2,-12.944356843897351,-8.164821154271227,6.437156601894877,295.0964391231537
-9.58413125261237,-7.422091288490966,6.949855824363647,-10.904056895097662,-7.5979531166255105,6.42249344317189,0.24687229459786103,-0.0014201075276149035,0.003488019126013862,-0.9690407046028422,-0.1253477956307038,0.08307383708438074,0.2267044721149118,0.012549392795335734,0.0005911285484216933,-0.011997266301477794,2695,813000000,12.97,0,2,2,-12.944356843897351,-8.164821154271227,6.437156601894877,295.39765977859497
-9.51961077211188,-7.338741578675988,6.9678591771972584,-10.883358436608267,-7.599468384163538,6.45371877280344,0.2468633711095316,-0.0010947427124531257,0.002700014942756543,-0.9690459160752605,-0.1236839668211113,0.07522223966015942,0.22113986993854623,0.011638316482276423,0.0025170566004817374,0.008358770264749182,2695,963000000,12.66,0,2,2,-12.944356843897351,-8.164821154271227,6.437156601894877,295.65679025650024
-9.456390789702807,-7.2541238732583775,6.981899523535869,-10.866187279240044,-7.600100910111033,6.479913348301088,0.24768895945028474,-0.0007532632210482032,0.0020890732880049006,-0.9688370594345326,-0.12232863132408323,0.06953332857094871,0.21673722749370744,0.010923965328402119,0.0034183063689852133,0.0186916677193949,2696,104000000,12.61,0,2,2,-12.944356843897351,-8.164821154271227,6.437156601894877,295.9147744178772
-9.456390789702807,-7.2541238732583775,6.981899523535869,-10.84673648127797,-7.600155934927919,6.509860845436214,0.24925137457914315,-0.00032624397626433027,0.001449413182515306,-0.9684376825778218,-0.12095002726248871,0.06390474225536588,0.21204955021309518,0.009739357028593076,0.0037723498962805024,0.02639198901306372,2696,234000000,12.67,0,2,2,-12.944356843897351,-8.164821154271227,6.437156601894877,296.21238112449646
-9.394502651690065,-7.16843142743993,6.9919485879904775,-10.827817917250687,-7.599565016245361,6.5392114483029395,0.2512398030322488,8.32790868037401e-05,0.0008942679859278864,-0.967924457135824,-0.11984654895283883,0.059147307892924286,0.20779853216894995,0.00856570959513192,0.0035931118418375263,0.031854129701969214,2696,376000000,12.8,0,2,2,-12.821308624807632,-8.18189802392383,6.617378579297634,296.4773783683777
-9.394502651690065,-7.16843142743993,6.9919485879904775,-10.809351805590193,-7.598394858414743,6.568012969551094,0.25354544830334763,0.0004559856072590336,0.00040698706798301016,-0.9673232820951361,-0.11898119766691284,0.05504664353600157,0.20391625676312622,0.00763545785957831,0.003233175971217861,0.03584170117392205,2696,512000000,12.98,0,2,2,-12.821308624807632,-8.18189802392383,6.617378579297634,296.72147512435913
-9.333972000806504,-7.081859174291824,6.997986133082629,-10.791267496813788,-7.596701223630487,6.596316988872238,0.2561016044325759,0.0007885763406977997,-2.9390096373368394e-05,-0.9666495463665399,-0.11837744528564839,0.0515557561072937,0.20044701629405165,0.006924193303348147,0.002780120144052489,0.03974950195697602,2696,646000000,13.2,0,2,2,-12.821308624807632,-8.18189802392383,6.617378579297634,296.9796552658081
-9.333972000806504,-7.081859174291824,6.997986133082629,-10.773492114810669,-7.594535124819212,6.624175141418227,-0.25892035394642565,-0.00107796643138907,0.0004247681290519288,0.9658979800541395,-0.11803648590364708,0.0486414880823045,0.19729270092510703,0.006237549268917064,0.00227948712563375,0.04333629876782652,2696,781000000,13.45,0,2,2,-12.821308624807632,-8.18189802392383,6.617378579297634,297.2754964828491
-9.274818710313482,-6.9946032536850655,7.0,-10.75099560163353,-7.591122598749674,6.659398015068287,-0.2628536988927414,-0.001390541832891711,0.0008764766905122888,0.9648343024376911,-0.11785585616373453,0.04552427433492616,0.19370744389841826,0.005450270055007422,0.0017819781419348146,0.046854269021423534,2696,922000000,13.74,0,2,2,-12.75373806000249,-8.189654136478653,6.747878520190231,297.5918653011322
-9.274818710313482,-6.9946032536850655,7.0,-10.741105625158772,-7.589399613945869,6.674861792956776,-0.2646947937735755,-0.0015102704025044243,0.0010565541936982889,0.964330477028343,-0.11779810503819876,0.044400494624639054,0.19230692121411916,0.005020637627239921,0.0015222271144921251,0.04840148249058984,2697,100000000,14.15,0,2,2,-12.75373806000249,-8.189654136478653,6.747878520190231,297.76693058013916
-9.217056836792455,-6.9068605380300525,6.997986133082629,-10.731274159092706,-7.587563826296578,6.690219859980768,-0.2665861735099126,-0.0016185707301206225,0.0012266190383746984,0.9638089477317944,-0.11773932362141873,0.043382566502383965,0.19099036804046693,0.004770543000631733,0.001326511187471624,0.04949976355419494,2697,192000000,14.34,0,2,2,-12.75373806000249,-8.189654136478653,6.747878520190231,297.9404466152191
-9.217056836792455,-6.9068605380300525,6.997986133082629,-10.718830158683268,-7.584985979999367,6.709134646832319,-0.26840464859425683,-0.0016507931596205056,0.0011967948666473758,0.9633040990139017,-0.12417389046404337,0.04213419956632106,0.18598768748204375,-0.004072876799909864,-3.8622653530939743e-05,0.02200021299358923,2697,275000000,14.54,0,2,2,-12.7136578863343,-8.188274456362786,6.820422012926565,298.1208736896515
-9.16069459176005,-6.8188281560460045,6.991948587990478,-10.708392042302831,-7.58250010215199,6.723804269584219,-0.2687444370891438,-0.001572778010442197,0.001029501240756852,0.9632096833141599,-0.13131554931102443,0.040989948260653344,0.18041769709834773,-0.004694491735790507,-0.0013186808359932911,-0.0005075459981185304,2697,366000000,14.74,0,2,2,-12.7136578863343,-8.188274456362786,6.820422012926565,298.32319831848145
-9.16069459176005,-6.8188281560460045,6.991948587990478,-10.694718880350097,-7.578822752150239,6.741497131350339,-0.2682134838575267,-0.00149126014000742,0.0011337106353522261,0.9633576791204803,-0.1407623493814762,0.038591999656416104,0.17329742113434288,0.005389440639191889,-0.0027212792474529124,-0.018119182095688302,2697,455000000,14.76,0,2,2,-12.69187711985228,-8.185456193831266,6.856514736784213,298.5161769390106
-9.105734332182745,-6.73070301578608,6.98189952353587,-10.680373314528602,-7.574460363290571,6.75847488257825,-0.26705155853349044,-0.0014169488919213596,0.0014782719186607843,0.9636800672696337,-0.14972881389950488,0.03603268366036896,0.16613715050847672,0.0064405750435980735,-0.0035739072700380348,-0.028188220858282875,2697,554000000,14.68,0,2,2,-12.678610286967825,-8.182963516378912,6.87551219822669,298.69646668434143
-9.105734332182745,-6.73070301578608,6.98189952353587,-10.665387007354829,-7.569402981138081,6.774728122565204,-0.2655615048279544,-0.001352465050152404,0.001996857761814088,0.9640909036760378,-0.15896203395751315,0.032701882619966795,0.15889748149495989,0.010282177117915126,-0.004170787815382937,-0.032702548924135044,2697,657000000,14.52,0,2,2,-12.678610286967825,-8.182963516378912,6.87551219822669,298.8733801841736
-9.105734332182745,-6.73070301578608,6.98189952353587,-10.649797537388904,-7.563651109535183,6.790260843929306,-0.26393969951474455,-0.001271553552994,0.0025394282516530108,0.9645350016851555,-0.16730830793939938,0.02951474735755353,0.15179666203944275,0.009760274861037033,-0.004433758249433595,-0.034235702696605586,2697,750000000,14.32,0,2,2,-12.678610286967825,-8.182963516378912,6.87551219822669,299.0626392364502
-9.052172569911487,-6.642681328146602,6.967859177197259,-10.633637430033065,-7.557225683600559,6.805071752014543,-0.26230303638006286,-0.0011745124117043446,0.0030493006628533807,0.9649800202034555,-0.17571329872914535,0.026008964493912906,0.14456253384960188,0.009023951861308888,-0.004432643481777632,-0.03364328476891387,2697,842000000,14.11,0,2,2,-12.678610286967825,-8.182963516378912,6.87551219822669,299.2755227088928
-9.052172569911487,-6.642681328146602,6.967859177197259,-10.616946256080935,-7.550142109871148,6.819154234916794,-0.2607085090346482,-0.0010686030083775094,0.003523501271249228,0.9654105429004454,-0.18320075092157165,0.022546214811389065,0.1373780597132695,0.008222900396503974,-0.004361866695035133,-0.0325795615935931,2697,947000000,13.89,0,2,2,-12.678610286967825,-8.182963516378912,6.87551219822669,299.46961736679077
-9.052172569911487,-6.642681328146602,6.967859177197259,-10.599796708192535,-7.5424682481246865,6.832523703218907,-0.2591660275200826,-0.0009568354624342971,0.003952683174315978,0.9658242236251278,-0.18976447913140596,0.019315819411871677,0.13043918960845943,0.006877175201225327,-0.004153888767177705,-0.03150054872094188,2698,52000000,13.68,0,2,2,-12.607207570000664,-8.162634223184638,6.960844573469086,299.64846324920654
-9.000000000000002,-6.554958132087373,6.949855824363648,-10.578644307920577,-7.532510670634058,6.847623229925756,0.25738438603464264,0.0007842210415359701,-0.004249253782389148,-0.9662994394416363,-0.19762244324394926,0.015278096074604241,0.12189690503618315,0.003250507552365889,-0.003720203949342249,-0.03016972459590761,2698,154000000,13.47,0,2,2,-12.607207570000664,-8.162634223184638,6.960844573469086,299.8405351638794
-9.000000000000002,-6.554958132087373,6.949855824363648,-10.538454744335322,-7.512343953252331,6.8726849113296815,0.25430605162439607,0.000516153274536336,-0.004700436697511948,-0.9671122331910913,-0.2095066196252604,0.008332897600558161,0.10689520861152402,0.006327511255221907,-0.0029497382001864025,-0.027602180671237875,2698,257000000,13.23,0,2,2,-12.607207570000664,-8.162634223184638,6.960844573469086,300.2600371837616
-8.949201547814672,-6.467726822785956,6.9279257213917065,-10.4967243054586,-7.489776035403428,6.894448407964645,0.25152752235143017,0.0004130647994553334,-0.005493979725890209,-0.9678344647014765,-0.22057871673282087,0.0009854254914151111,0.09260333724912986,0.006475763802882284,-0.0021629469074468943,-0.02559417025622679,2698,487000000,12.81,0,2,2,-12.607207570000664,-8.162634223184638,6.960844573469086,300.69772577285767
-8.949201547814672,-6.467726822785956,6.9279257213917065,-10.453591712222629,-7.465083738461255,6.913244979716474,0.24869773139433637,0.00039354667936978205,-0.006179557428397826,-0.9685613540660758,-0.23016215866623227,-0.0050283855552563,0.08016464260206016,0.005759707983088447,-0.0010144966381631093,-0.02790360576909734,2698,713000000,12.44,0,2,2,-12.507762756759277,-8.118751459765287,7.04794309256222,301.07463669776917
-8.899756434788042,-6.381178683941173,6.902113032590307,-10.425443021192816,-7.448438797719747,6.923834054942429,0.24664036110145432,0.00043951201576977565,-0.006566257641511415,-0.9690847348738483,-0.23585985376677038,-0.008393490085363952,0.07301562777308826,0.0052791319831158035,-0.00018450144239068322,-0.03193735683453269,2698,917000000,12.06,0,2,2,-12.474910662246392,-8.10046549945364,7.070354201407599,301.348783493042
-8.851638262612344,-6.295502425429958,6.872469741279474,-10.396752022770173,-7.431242091831928,6.93345426290115,0.24483205369596595,0.00048740075953794667,-0.006857099440758473,-0.9695411327585716,-0.24070384091626934,-0.009924428668818399,0.06635296221643974,0.003391378322703531,-0.0003803583524586429,-0.017955903240363114,2699,58000000,11.8,0,2,2,-12.474910662246392,-8.10046549945364,7.070354201407599,301.6218435764313
-8.804815115615014,-6.210883727508031,6.839055545102902,-10.367498957683,-7.413760793283786,6.942177075430413,0.24412618303077221,0.000498036384285572,-0.00705643095689752,-0.9697176730887891,-0.24496272171278305,-0.010056390314515898,0.060283355488720436,0.002369768003518402,-0.000525829523212451,-0.004849003516937955,2699,199000000,11.57,0,2,2,-12.474910662246392,-8.10046549945364,7.070354201407599,301.89251589775085
-8.804815115615014,-6.210883727508031,6.839055545102902,-10.333426614808639,-7.393513131247594,6.951160621223641,0.2441249354930355,0.0005074289237077235,-0.007249055593313064,-0.9697165614649537,-0.24938237953310266,-0.00960499124344618,0.05404968485255052,0.0023162052002589917,-0.0004034660548768443,0.003533586368575925,2699,347000000,11.47,0,2,2,-12.474910662246392,-8.10046549945364,7.070354201407599,302.2224769592285
-8.759249681003741,-6.127504792727141,6.801937735804838,-10.289963546703987,-7.367853172946197,6.961072464597151,0.2448028735132064,0.0005305610188323815,-0.007430326530224902,-0.9695442547260726,-0.25433135908603904,-0.008898197152145652,0.047151538763328976,0.001521669958037819,-0.00012625139831357046,0.009461207082495093,2699,516000000,11.45,0,2,2,-12.474910662246392,-8.10046549945364,7.070354201407599,302.5828824043274
-8.759249681003741,-6.127504792727141,6.801937735804838,-10.2545524803535,-7.3470284743880105,6.968066140761081,0.24586652111461899,0.000566579637222149,-0.007536188317262958,-0.9692742329434718,-0.2582872147383218,-0.00825765849641159,0.04226534609388482,0.0012554817431009724,0.00014870698663571602,0.01662501526880078,2699,707000000,11.52,0,2,2,-12.34270508116855,-8.016205089826366,7.117743502210795,302.86786818504333
-8.71489938661576,-6.045543906721693,6.761191063713477,-10.214075494295514,-7.323274977582759,6.975056092307349,0.24761333199767804,0.0006329551018428537,-0.007625802017437831,-0.9688287177455246,-0.2624288777411167,-0.007333871568143145,0.03736003021714872,0.0010089716056427278,0.00046675367570969684,0.022829428053228185,2699,859000000,11.65,0,2,2,-12.34270508116855,-8.016205089826366,7.117743502210795,303.20723509788513
-8.671716555753717,-5.965175008993652,6.716897587203731,-10.177585823945076,-7.30187935770525,6.980581190413646,0.24956718401564354,0.0007012468327630209,-0.007673797518316485,-0.9683268258945574,-0.26565905105488874,-0.006402464432010849,0.03355738195109842,0.0006624028117130365,0.0005204165461236698,0.02686439602257451,2700,47000000,11.86,0,2,2,-12.284374932815714,-7.972648051967047,7.123700160785855,303.5450224876404
-8.671716555753717,-5.965175008993652,6.716897587203731,-10.13141297264306,-7.274774205309769,6.986702301684125,0.2523885142486121,0.0007898550986830152,-0.007700999249470975,-0.9675950127066905,-0.2691865940600772,-0.00528899442232608,0.02944686675035607,0.0003471812163979848,0.000615957463878658,0.030993488326203078,2700,216000000,12.15,0,2,2,-12.284374932815714,-7.972648051967047,7.123700160785855,303.9073898792267
-8.629648578639825,-5.886567274798598,6.669146507442607,-10.08940660991981,-7.250029632411984,6.99156364036816,0.2552945206266378,0.0008784200388009021,-0.00773825910150065,-0.9668319685769234,-0.272055272199176,-0.004245515698297878,0.026214160262964702,0.0005987716008348798,0.0005975733017749008,0.034994430097867735,2700,413000000,12.46,0,2,2,-12.214183350669932,-7.9201792673576685,7.118314790023431,304.2459375858307
-8.588638099970249,-5.809884709205925,6.6180339887498985,-10.051769118759172,-7.227758146796992,6.995430602122218,0.2581232201447874,0.0009503688849285498,-0.007744733326079323,-0.9660804930888396,-0.274250818146609,-0.0033046843582047666,0.023656734457100065,0.00015476418866455788,0.000547046312249222,0.03782285602937918,2700,587000000,12.84,0,2,2,-12.214183350669932,-7.9201792673576685,7.118314790023431,304.55984926223755
-8.588638099970249,-5.809884709205925,6.6180339887498985,-10.01865050493926,-7.20805595042784,6.998503918514873,-0.26077696722620675,-0.001012228113774067,0.00774931204411545,0.9653674414032154,-0.2759838336511708,-0.0025388656523000768,0.02169777439948946,0.00029628328377384605,0.0005186360851894278,0.04062625448568724,2700,754000000,13.22,0,2,2,-12.13837154164813,-7.864226237510056,7.101759538743327,304.82818150520325
-8.548623222003823,-5.735285754374288,6.563662964936061,-9.971093862095053,-7.179543200948142,7.002459463092947,-0.26488641675160113,-0.0010987710089656,0.007757365047468461,0.9642477908765397,-0.27827020644950073,-0.0014318806733194102,0.019232688337979607,0.00023212260060745393,0.00043715586457437894,0.04441821511136368,2700,895000000,13.59,0,2,2,-12.13837154164813,-7.864226237510056,7.101759538743327,305.18633818626404
-8.509537722572645,-5.662922911048106,6.506142932007226,-9.947224330975299,-7.1651209175328825,7.004267063300686,-0.2670733360721347,-0.0011407023577780433,0.007766813312326546,0.9636442334017274,-0.2792980841390533,-0.0008660036815054277,0.018176822293792527,0.000379264184857675,0.00038770898243001284,0.046044612099649385,2701,81000000,14.18,0,2,2,-12.13837154164813,-7.864226237510056,7.101759538743327,305.36965346336365
-8.509537722572645,-5.662922911048106,6.506142932007226,-9.923316041822725,-7.150582022262067,7.005960786889,-0.26930642764375606,-0.0011799237655869665,0.007766924520560596,0.9630224975010488,-0.2799005850138783,-0.0011515567038376093,0.015922478518294612,-0.0013647143816797325,0.0004668330291224265,0.044847743993159384,2701,183000000,14.51,0,2,2,-12.13837154164813,-7.864226237510056,7.101759538743327,305.59318470954895
-8.471311287357555,-5.592942375243218,6.445589727654784,-9.899831554445978,-7.135594074662932,7.006722486895669,-0.27099778554986137,-0.0011850214842560325,0.007559377972534814,0.9625495580778276,-0.2776003808547751,-0.00927333876152591,0.001894700243362854,-0.004619315586751327,0.001331743942500907,0.027733581919164862,2701,294000000,14.85,0,2,2,-12.13837154164813,-7.864226237510056,7.101759538743327,305.76385164260864
-8.471311287357555,-5.592942375243218,6.445589727654784,-9.876840123763904,-7.119950489985045,7.005973359225482,-0.2717733641034321,-0.0012047810799809462,0.0072954589078038975,0.9623328755403595,-0.2779306004482969,-0.016647460217399705,-0.013774130576160051,-0.004934813250656589,0.002021840782617801,0.008281124109998927,2701,386000000,15.13,0,2,2,-11.986929419693618,-7.747690896373048,7.0448451254254145,305.9576156139374
-8.471311287357555,-5.592942375243218,6.445589727654784,-9.854202259138358,-7.1036835949498585,7.0036920388272605,-0.2718223347436804,-0.001257023069557601,0.007031480381191453,0.962320942571212,-0.2781867153420001,-0.023614780170486783,-0.028817223170187416,-0.004861523984800442,0.0027832485329781775,-0.003855316685985599,2701,478000000,15.29,0,2,2,-11.964386519281343,-7.728785843787582,7.033282897056395,306.1575002670288
-8.433869755728779,-5.5254836910496365,6.382125297973733,-9.831868123062087,-7.086825668997266,6.999872627921587,-0.27145814774496396,-0.0013335731388307366,0.0067243991648815,0.9624258299014152,-0.2788563317118574,-0.030467176065552205,-0.04435123000306078,-0.0054089087825559545,0.0035267894872959005,-0.00992277873592684,2701,588000000,15.36,0,2,2,-11.941649704771827,-7.709559402247473,7.020987608739787,306.36909103393555
-8.433869755728779,-5.5254836910496365,6.382125297973733,-9.805415557178568,-7.065887156443344,6.993353791491659,-0.2707828368692903,-0.0014731701386994588,0.006364841838277605,0.9626182908168405,-0.27933234165289295,-0.037745729811750076,-0.0611778626107249,-0.004945334740114049,0.004261616186340689,-0.012510094529716298,2701,694000000,15.38,0,2,2,-11.918726854912501,-7.6900405817728075,7.008000822966478,306.5748748779297
-8.397135379411143,-5.460679420436296,6.315877451879427,-9.783638290140162,-7.047935997973803,6.986470239541916,-0.270179396167921,-0.0016136945375843257,0.006043113459096591,0.9627896814237247,-0.2795540325075008,-0.04301791032653661,-0.07398317565422641,-0.008541631177649833,0.004753388657263713,-0.012505872746260138,2701,810000000,15.36,0,2,2,-11.890895243064865,-7.666183653227368,6.99145523210319,306.75736021995544
-8.397135379411143,-5.460679420436296,6.315877451879427,-9.766351246565936,-7.033282190856081,6.980039482892553,-0.2696981001199709,-0.0016852675691647343,0.005570559908622348,0.9629273407309622,-0.28000732358788,-0.04669550553742805,-0.08434475732456115,-0.01132055849666358,0.005178002265893156,-0.012449801124603255,2701,905000000,15.34,0,2,2,-11.867453699892067,-7.645964010103119,6.976923265064048,306.9395797252655
-8.397135379411143,-5.460679420436296,6.315877451879427,-9.74060662866002,-7.0108711164153386,6.9689427332532645,-0.2690029374994512,-0.0018170597976694106,0.004845096599146694,0.9631254554570257,-0.2804285905296629,-0.051532833842033964,-0.09846029309587086,-0.011182966045453213,0.00562098666705424,-0.011549936516530579,2701,994000000,15.32,0,2,2,-11.867453699892067,-7.645964010103119,6.976923265064048,307.137464761734
-8.361027093194929,-5.39865483089787,6.246979603717472,-9.71929563339417,-6.991826994331391,6.958428195204139,-0.2684877022187678,-0.001920240693197004,0.004178699018088969,0.9632721343978983,-0.28106872699459384,-0.05525554043894441,-0.11011321103926186,-0.012204007452965016,0.00563131093258562,-0.010020263835031074,2702,98000000,15.29,0,2,2,-11.820244744392696,-7.604637939683087,6.94575168370925,307.3334674835205
-8.361027093194929,-5.39865483089787,6.246979603717472,-9.702326307580396,-6.97636754724383,6.94923300286222,-0.26812751544793967,-0.0020083537731743675,0.0036626516482933715,0.9633743752860253,-0.2814349688287153,-0.057891242088014064,-0.1186082285427171,-0.011602037102420582,0.005644624798151199,-0.008878524113242747,2702,201000000,15.26,0,2,2,-11.79713933584722,-7.5837117925240864,6.929141752147506,307.52815651893616
-8.325460796876843,-5.339527601736071,6.1755705045849485,-9.681215401117163,-6.95680086776536,6.936859535285129,-0.2677312152894705,-0.0021343331239905656,0.0030658488746990523,0.9634863992565833,-0.28161535223517375,-0.06081086215651207,-0.12811191677442763,-0.010445324096508557,0.00568621594538854,-0.0077543714724015445,2702,295000000,15.25,0,2,2,-11.778697886453434,-7.566795175317832,6.915357784078747,307.6997697353363
-8.325460796876843,-5.339527601736071,6.1755705045849485,-9.664398840956837,-6.940965786976169,6.926288890356571,-0.2674630110387238,-0.0022343323523796393,0.002594158992862461,0.963562045653604,-0.2819924789446846,-0.06302642540692202,-0.1358864707332543,-0.010712868152040755,0.005514714121090947,-0.006343136237774161,2702,383000000,15.24,0,2,2,-11.755719652276724,-7.545461348074829,6.897567281721772,307.8714916706085
-8.325460796876843,-5.339527601736071,6.1755705045849485,-9.643452684168668,-6.920951251006242,6.912254819719898,-0.2671935241537541,-0.0023579891003621335,0.002024569399171836,0.9636378789028831,-0.2823093544970979,-0.06552277057203362,-0.14480758169803623,-0.010018076136475429,0.005398885559770861,-0.005076314027974149,2702,472000000,15.24,0,2,2,-11.737405366883532,-7.528250586175901,6.882896772806926,308.050341129303
-8.290349647581815,-5.283407549718662,6.1017939629042095,-9.618404644557897,-6.896636137290839,6.894248353229808,-0.26693361936700305,-0.002465810948447273,0.0012282453709084782,0.9637109805544954,-0.28300048355016977,-0.0680730828679887,-0.1558345190766916,-0.012752254770020954,0.005197647442400921,-0.0040526085285819136,2702,570000000,15.24,0,2,2,-11.737405366883532,-7.528250586175901,6.882896772806926,308.246376991272
-8.290349647581815,-5.283407549718662,6.1017939629042095,-9.597583810951498,-6.876153784858016,6.878311202238724,-0.26676169037535064,-0.0025479303226956062,0.0005651559757903408,0.9637589891657972,-0.28333360134741553,-0.06981396065138815,-0.16395626508348102,-0.012010366936010541,0.005087098134026746,-0.0032334271736544906,2702,679000000,15.26,0,2,2,-11.737405366883532,-7.528250586175901,6.882896772806926,308.4205367565155
-8.290349647581815,-5.283407549718662,6.1017939629042095,-9.58096963811615,-6.8596503469617245,6.865032137589967,-0.26665012673029775,-0.002618618814148962,6.149303118480878e-05,0.9637898365145946,-0.2834201086975054,-0.0710335420993498,-0.1697050885531729,-0.011411198101995979,0.005060421108282753,-0.002697498916859331,2702,779000000,15.27,0,2,2,-11.66591714350832,-7.458383158417852,6.820185649842616,308.5936872959137
-8.255604361584592,-5.230396374807732,6.025798554811814,-9.564386526873935,-6.843043322266343,6.851285223821703,-0.2665630051831256,-0.002683785006103439,-0.0004435506941175883,0.9638136566933275,-0.2837631131757548,-0.07226087718903303,-0.17601540548523606,-0.011737151544366498,0.004850681307289051,-0.0019735926571229356,2702,877000000,15.38,0,2,2,-11.66591714350832,-7.458383158417852,6.820185649842616,308.7588584423065
-8.255604361584592,-5.230396374807732,6.025798554811814,-9.543692824528474,-6.822141699887449,6.833445604218481,-0.2664874093553673,-0.002762741540963509,-0.0010497903183769588,0.9638338683894285,-0.28397110749074245,-0.07356798670429512,-0.18307816408382088,-0.010880332501983503,0.004677837705457932,-0.0013307713743415661,2702,954000000,15.31,0,2,2,-11.631468460512254,-7.42293038779719,6.786504005969788,308.9412896633148
-8.255604361584592,-5.230396374807732,6.025798554811814,-9.523056510880712,-6.801117042897623,6.814981282549295,-0.2664338550597638,-0.0028462185651116,-0.0016062206290497864,0.963847664298235,-0.28381485779249005,-0.07467498280562232,-0.1890748016969605,-0.009860720183496596,0.004475592186281574,-0.0010276233524564304,2703,46000000,15.34,0,2,2,-11.631468460512254,-7.42293038779719,6.786504005969788,309.1046242713928
-8.221133524721331,-5.180587426595802,5.947737324945996,-9.506588270618224,-6.784215928892963,6.799773952629197,-0.2664042859000094,-0.00289666913720186,-0.0020742616407118095,0.9638547936285119,-0.2839485746451059,-0.07553285179659606,-0.19443536970616848,-0.011099624953203602,0.004245930767865502,-0.0006348647900722426,2703,140000000,15.38,0,2,2,-11.588660942215459,-7.377969209467059,6.742419270042529,309.2776622772217
-8.221133524721331,-5.180587426595802,5.947737324945996,-9.486040490894336,-6.762989648111864,6.780211346790296,-0.26638510784031133,-0.0029531871870181977,-0.002647700889697223,0.9638585179819404,-0.2839471786763975,-0.0763977271914755,-0.20048396852643552,-0.010442459915793734,0.004078819438291248,-0.0002892492091177701,2703,232000000,15.41,0,2,2,-11.571545726236295,-7.359826794974699,6.7243013000744645,309.45244550704956
-8.186843910454819,-5.134065492033124,5.867767478235118,-9.465550639885683,-6.7416822845506,6.76012127813688,-0.2663756819499681,-0.003015081769039026,-0.003178646877138459,0.9638593266403794,-0.2835916540791127,-0.07711879659123186,-0.2055062271184112,-0.009450199468119536,0.003979320445068879,-0.0001893304343525415,2703,320000000,15.45,0,2,2,-11.571545726236295,-7.359826794974699,6.7243013000744645,309.64578461647034
-8.186843910454819,-5.134065492033124,5.867767478235118,-9.449198440059911,-6.72456937949697,6.743678547123838,-0.26638164237551165,-0.00308195593530388,-0.0034936814599237586,0.963856377445724,-0.2837123693155683,-0.07796264538657642,-0.21007239484464363,-0.0064547125475655776,0.0035384700595386676,0.00035237437998603127,2703,426000000,15.49,0,2,2,-11.529535750564627,-7.314233797514503,6.677721763879994,309.8087065219879
-8.186843910454819,-5.134065492033124,5.867767478235118,-9.42472922368854,-6.6987783938973235,6.718396110549422,-0.26642140015951155,-0.0031811541919812255,-0.0038926757974364363,0.9638435375465191,-0.28358680787010193,-0.0790016332071077,-0.2161724968644001,-0.006556704602189711,0.0032584027394477744,0.0008717552645975957,2703,517000000,15.63,0,2,2,-11.529535750564627,-7.314233797514503,6.677721763879994,310.0058043003082
-8.152640804633386,-5.090906604973298,5.7860500633078455,-9.408445014512582,-6.681512745231638,6.701120728647526,-0.26645886015278736,-0.0032105308177617187,-0.004257525601762967,0.9638315422384225,-0.2837687547731595,-0.07950270441320788,-0.2208176331516864,-0.008953307133197086,0.0030779230201005703,0.0009842451618169434,2703,623000000,15.59,0,2,2,-11.488549556689318,-7.268333240209928,6.629355278983664,310.16698265075684
-8.152640804633386,-5.090906604973298,5.7860500633078455,-9.388117559181518,-6.659863187391344,6.679057002392524,-0.2665072019331621,-0.0032378650188547966,-0.004724429343282036,0.9638159094532819,-0.2836398843828285,-0.0799987012137809,-0.22589605486174805,-0.00863904078869382,0.0029928708499937784,0.0009520474009150348,2703,704000000,15.63,0,2,2,-11.472443493357671,-7.249893333818087,6.609520532061615,310.35666513442993
-8.152640804633386,-5.090906604973298,5.7860500633078455,-9.371890518084001,-6.642506871664504,6.661078666171374,-0.2665450775986466,-0.00326184693201869,-0.005083834975449104,0.963803525924483,-0.2833227872548666,-0.08028355303412057,-0.22935064557071186,-0.00834727270557778,0.002964871600852348,0.0009428618454876414,2703,800000000,15.68,0,2,2,-11.452451859794865,-7.226778528385843,6.5843868054147165,310.5241656303406
-8.118428335962733,-5.051177878006392,5.702749648162688,-9.351652856010107,-6.620765683696996,6.638209616806554,-0.26659861343766944,-0.003316765489298881,-0.00540303361805644,0.9637867946841372,-0.2831834543852222,-0.08086749560512964,-0.2341605673808338,-0.004831160413232283,0.0026031290872197133,0.0012144084962528723,2703,894000000,15.73,0,2,2,-11.452451859794865,-7.226778528385843,6.5843868054147165,310.70289492607117
-8.118428335962733,-5.051177878006392,5.702749648162688,-9.331464401599552,-6.598960784517652,6.614894471837875,-0.26666412119450145,-0.003378732911229779,-0.005647911442981115,0.9637670526262095,-0.2829112404102684,-0.08146147671640976,-0.2384378700171823,-0.00420179430875578,0.002454449577271589,0.0014221257060853532,2703,984000000,15.78,0,2,2,-11.417291368298045,-7.185079542194408,6.538057981242705,310.87447023391724
-8.118428335962733,-5.051177878006392,5.702749648162688,-9.311341762284824,-6.5771204108567405,6.591213313346646,-0.266733562687593,-0.0034355968318752605,-0.005890669514360855,0.9637461819499287,-0.28232116949541447,-0.08180399515116929,-0.2418898576550398,-0.005510181335921516,0.0023459486101273797,0.001402159318786289,2704,90000000,15.84,0,2,2,-11.417291368298045,-7.185079542194408,6.538057981242705,311.05993247032166
-8.084109811191693,-5.014937356989644,5.618033988749893,-9.291265418671271,-6.555270250475233,6.567143541202684,-0.2667988331923078,-0.003433333600137556,-0.0063141723769343586,0.9637254412200641,-0.28200669192156835,-0.08171137170940673,-0.24625596176224057,-0.008518984122929396,0.002156912455575366,0.001252066590495815,2704,189000000,15.9,0,2,2,-11.417291368298045,-7.185079542194408,6.538057981242705,311.2403497695923
-8.084109811191693,-5.014937356989644,5.618033988749893,-9.275228730430536,-6.53779451057655,6.547609092826863,-0.26684136010917825,-0.0034260184687495508,-0.006665981625860445,0.9637113238005971,-0.28161395432447184,-0.08154134331803134,-0.24918544347239785,-0.008359061939700041,0.0021941909380984725,0.0009349985987228138,2704,283000000,15.97,0,2,2,-11.417291368298045,-7.185079542194408,6.538057981242705,311.4018437862396
-8.084109811191693,-5.014937356989644,5.618033988749893,-9.255228142130086,-6.515974243503323,6.522910788107899,-0.266874935542459,-0.003425967248919128,-0.007081160842977687,0.9636990654186263,-0.280815612821073,-0.08127537470765693,-0.25205834698580476,-0.007701067988818977,0.002232166389148915,0.00042524389129994233,2704,373000000,16.03,0,2,2,-11.417291368298045,-7.185079542194408,6.538057981242705,311.5722687244415
-8.049588053997939,-4.982233898625838,5.532073691133352,-9.235288042082923,-6.494172057667198,6.49790639033935,-0.26690031651175966,-0.0034622176426011087,-0.007331283676338001,0.9636900364611924,-0.2802891186040123,-0.08144120363147075,-0.25565852581206666,-0.003433330721236416,0.001875618636404397,0.0006116793485944072,2704,468000000,16.1,0,2,2,-11.417291368298045,-7.185079542194408,6.538057981242705,311.7675919532776
-8.049588053997939,-4.982233898625838,5.532073691133352,-9.21541150981402,-6.472370284355773,6.4725808758808165,-0.26693525418795827,-0.003507129703720241,-0.007498411652042954,0.9636789112227929,-0.2795446168257664,-0.08156647994690035,-0.2585661750584597,-0.002824397461154149,0.001691169927653391,0.0007558400511697982,2704,562000000,16.17,0,2,2,-11.314751384981582,-7.050764721561171,6.378721596761936,311.9420030117035
-8.049588053997939,-4.982233898625838,5.532073691133352,-9.195610021532948,-6.450591395886983,6.447007263645534,-0.2669673869560954,-0.00355392512730361,-0.007632888880436195,0.9636687827907278,-0.27868928694775363,-0.08165826089849063,-0.26094395705970536,0.0008319740111062401,0.0015145714883146866,0.0006486219206180976,2704,662000000,16.24,0,2,2,-11.29764247821039,-7.027469905458324,6.349910544088484,312.1319284439087
-8.01476574654723,-4.953107071378241,5.445041867912628,-9.175895195790831,-6.428786605077952,6.421145792993567,-0.2670147154257256,-0.0036924040980803787,-0.007348130603226685,0.9636573627979672,-0.27812638501295595,-0.08271702414310446,-0.26413122027488456,0.007329021264013136,0.0009325875453214394,0.0012326176374699571,2704,759000000,16.31,0,2,2,-11.279667629245516,-7.003985069253728,6.3210088120005965,312.3079309463501
-8.01476574654723,-4.953107071378241,5.445041867912628,-9.160194552754032,-6.411310032771617,6.400253996439468,-0.267065838183924,-0.003803911382944749,-0.007064131405893287,0.9636448860346787,-0.2775370028971692,-0.0834897494683808,-0.2660980910988875,0.0074357045832584845,0.000715577556320568,0.0014362483284457994,2704,861000000,16.38,0,2,2,-11.261131768201187,-6.980370302685828,6.292022050254024,312.4770288467407
-7.979545772690739,-4.927587079949426,5.357113789597276,-9.140669385474878,-6.389446742537892,6.373953940902896,-0.26714243522354736,-0.003925972751215928,-0.006750326461222204,0.9636254143252221,-0.27653528354367257,-0.08428232224939475,-0.26778718839829796,0.006264751527851331,0.0006720475084875943,0.0017490070263193047,2704,948000000,16.44,0,2,2,-11.261131768201187,-6.980370302685828,6.292022050254024,312.6521942615509
-7.979545772690739,-4.927587079949426,5.357113789597276,-9.121225419803977,-6.367629735392678,6.347434811322703,-0.26720241783248805,-0.0038893468360121477,-0.007034278086307757,0.9636069010843924,-0.2756136632129922,-0.08345566513161048,-0.27052691167693654,-0.009844236956269015,0.0009461785566600156,0.0007147035830712412,2705,39000000,16.51,0,2,2,-11.261131768201187,-6.980370302685828,6.292022050254024,312.8493299484253
-7.979545772690739,-4.927587079949426,5.357113789597276,-9.10182119127472,-6.3459407108929,6.320669903489815,-0.26720988038176535,-0.0037993986457197995,-0.007558614241203777,0.9636012202913848,-0.2745001316310064,-0.08216417825960076,-0.2729292369067068,-0.010982548064930597,0.0011174097721777798,-0.00029829004688508576,2705,142000000,16.58,0,2,2,-11.261131768201187,-6.980370302685828,6.292022050254024,313.04329538345337
-7.943831561758462,-4.9056947134888,5.268466531635309,-9.082439911734841,-6.324381588611138,6.293613316375402,-0.26718299851837374,-0.003701176448820073,-0.008112497962149696,0.9636045526939145,-0.2736689120344511,-0.08082549366989038,-0.27626435464455584,-0.010829223083419492,0.0010508586456126068,-0.000853586880111834,2705,253000000,16.65,0,2,2,-11.261131768201187,-6.980370302685828,6.292022050254024,313.2221350669861
-7.943831561758462,-4.9056947134888,5.268466531635309,-9.063083935820307,-6.302953709389277,6.266272907592605,-0.26712589595842107,-0.0036201693545740168,-0.008616614930517031,0.9636163157758353,-0.27262126726826424,-0.07956142424227959,-0.27890542518542033,-0.009676863828644855,0.0011743537925212877,-0.0014977899013501883,2705,347000000,16.7,0,2,2,-11.261131768201187,-6.980370302685828,6.292022050254024,313.40439534187317
-7.943831561758462,-4.9056947134888,5.268466531635309,-9.04377602787015,-6.281663641151144,6.238721852856865,-0.26703971378669084,-0.0035663099726865343,-0.009049097524029442,0.9636364389788823,-0.27132102830908594,-0.07846811575286163,-0.28076187477928577,-0.006126644939286052,0.001267676941552054,-0.0020394998500705697,2705,449000000,16.76,0,2,2,-11.14081442935617,-6.840707756821904,6.1219359704660965,313.58460450172424
-7.907527431903714,-4.887441317631105,5.179278617806869,-9.020701778206917,-6.256210823439863,6.205347722651614,-0.26692955488598563,-0.0036631921498729235,-0.008880120361107125,0.9636681675836423,-0.2701985703188267,-0.07874345463373597,-0.2839434964981169,0.005068282644060673,0.0004928338512399932,-0.0018315622924092168,2705,542000000,16.82,0,2,2,-11.14081442935617,-6.840707756821904,6.1219359704660965,313.78828263282776
-7.907527431903714,-4.887441317631105,5.179278617806869,-9.00538885419947,-6.239273150471501,6.182913798642341,-0.26685794233103033,-0.0037324743308902544,-0.0086841563357757,0.9636895208929862,-0.2693336478004748,-0.07894339591807997,-0.28548996583143416,0.005012325527786743,0.0002668784560455606,-0.0018564790707387147,2705,657000000,16.89,0,2,2,-11.092164209856762,-6.787188340869413,6.056233926550985,313.95572209358215
-7.870538931953234,-4.872828790405048,5.089729660701028,-8.986341608775312,-6.218154753083936,6.15473285448683,-0.26676331854627877,-0.0038068073575459917,-0.008464607045610613,0.9637173810425348,-0.26801644690721194,-0.07910236073352231,-0.28674443116691883,0.004368824602352106,0.00023038338383685186,-0.002010147773034987,2705,752000000,16.94,0,2,2,-11.074508853303717,-6.767785840391308,6.032107956048201,314.12638688087463
-7.870538931953234,-4.872828790405048,5.089729660701028,-8.97115531259488,-6.201341516075291,6.13205946133108,-0.26666723075868853,-0.00375814857524301,-0.008690159535494724,0.9637421571592819,-0.2670768478739841,-0.07799695992304959,-0.28862329103624956,-0.009024519295053324,0.00037621157673584094,-0.002914661172326305,2705,838000000,17.0,0,2,2,-11.074508853303717,-6.767785840391308,6.032107956048201,314.3079309463501
-7.870538931953234,-4.872828790405048,5.089729660701028,-8.952201562472242,-6.18049250783344,6.103533593086671,-0.2665055945726075,-0.0036531972458652196,-0.009172472663523557,0.9637828012351229,-0.2656515671894656,-0.07629579936331081,-0.29038769046757595,-0.009990848866436863,0.0006450492151088838,-0.0037381130141511676,2705,936000000,17.18,0,2,2,-11.031124704061307,-6.719596141711335,5.971237971783667,314.49972200393677
-7.832773180720472,-4.861849601988382,5.000000000000002,-8.933273789037585,-6.159842173463392,6.074792909344107,-0.2663084212738431,-0.0035422216439410523,-0.009694666618749358,0.963832605208814,-0.26449710205192184,-0.07442902821327141,-0.29311895843822544,-0.010564254716882715,0.0005740739993598254,-0.0044301646084932145,2706,33000000,17.11,0,2,2,-11.031124704061307,-6.719596141711335,5.971237971783667,314.6667685508728
-7.832773180720472,-4.861849601988382,5.000000000000002,-8.914363233866048,-6.1393891396143605,6.045811069601168,-0.2660831100388233,-0.003444337998941523,-0.010175692661750696,0.9638902273426524,-0.26315884348169866,-0.0726530501042167,-0.29526957135548926,-0.00929839288801304,0.0006772743574856577,-0.00492511553602526,2706,127000000,17.16,0,2,2,-10.992717887301824,-6.676602421336013,5.915778702866097,314.8363666534424
-7.832773180720472,-4.861849601988382,5.000000000000002,-8.895494386322813,-6.119133633992012,6.016655573946019,-0.26582946720031514,-0.0033676334154966914,-0.01059907677596527,0.9639559185899904,-0.26162605219462987,-0.0710969071557204,-0.2967885386177903,-0.008208496637962526,0.0007425213425449328,-0.005581649065788952,2706,223000000,17.22,0,2,2,-10.971626144250592,-6.652892257621403,5.88470015767799,315.0197925567627
-7.7941392027451935,-4.854486838222724,4.910270339298976,-8.876657620627762,-6.099072901237087,5.987297225362648,-0.2655413315339819,-0.00329202963331288,-0.011004114707585838,0.9640310540887962,-0.2603783320665756,-0.06938085765457128,-0.2992406740507882,-0.007997015654837014,0.0005823946480632003,-0.0063311264966614544,2706,329000000,17.27,0,2,2,-10.950472687264831,-6.629282154758341,5.853489656062968,315.2145519256592
-7.7941392027451935,-4.854486838222724,4.910270339298976,-8.857853968633535,-6.0792095311350565,5.9577334740289505,-0.2652196358003282,-0.0032237590506317563,-0.011378453062991602,0.9641154925471416,-0.2588961110797202,-0.06781068558459871,-0.301040643527584,-0.007277745908140787,0.0006187746976138442,-0.006977082239245647,2706,433000000,17.32,0,2,2,-10.92949201323352,-6.605823301798574,5.822158938737706,315.38355803489685
-7.7941392027451935,-4.854486838222724,4.910270339298976,-8.839104846555417,-6.059552707230005,5.928032727414649,-0.2648682074366074,-0.003169083964440156,-0.011721305418558231,0.9642081728524341,-0.25719129518768785,-0.06626494696624012,-0.3021260450154412,-0.006602037501579616,0.0007179578290106292,-0.007567280999865034,2706,530000000,17.37,0,2,2,-10.90919095821354,-6.582609506087543,5.790647489381985,315.5492627620697
-7.75454825943156,-4.850714267738887,4.820721382193136,-8.820400695162489,-6.040104143364064,5.898174715145892,-0.26448138043810077,-0.003118571342121716,-0.012025320367623629,0.9643107723054827,-0.2557735838038516,-0.06463350888002689,-0.30411390261847854,-0.005860901956111775,0.00043340218098819605,-0.008399568469030783,2706,620000000,17.42,0,2,2,-10.90919095821354,-6.582609506087543,5.790647489381985,315.72406125068665
-7.75454825943156,-4.850714267738887,4.820721382193136,-8.80173701544425,-6.02086118906306,5.868152394069465,-0.2640577288085007,-0.0030695431741213745,-0.01230039153771638,0.9644235553579232,-0.25418849673452615,-0.06313950285925087,-0.3054215596842018,-0.005398898019848275,0.00040701716841340385,-0.009099040380533552,2706,720000000,17.47,0,2,2,-10.869611317065734,-6.536781766654133,5.727189506388782,315.9277012348175
-7.75454825943156,-4.850714267738887,4.820721382193136,-8.783141005914967,-6.001827093395869,5.838036325872026,-0.2636064136150983,-0.003028084643678458,-0.012554664997914217,0.9645438661829572,-0.25238290975298916,-0.061760847255882344,-0.3062206149614178,-0.005256157282929053,0.0004090714810445206,-0.009616400802769931,2706,836000000,17.51,0,2,2,-10.869611317065734,-6.536781766654133,5.727189506388782,316.11090064048767
-7.713914174568618,-4.850496432481319,4.731533468364694,-8.764598406156356,-5.98301134105218,5.807784328939997,-0.2631265173708492,-0.0029764914961044565,-0.01281374972167296,0.9646716457804343,-0.2508220512888748,-0.06011793039194561,-0.30790115327657674,-0.005117832142786938,0.00014902526856985787,-0.010221768661722308,2706,934000000,17.56,0,2,2,-10.833375324038776,-6.492076337323279,5.662598006327638,316.28701877593994
-7.713914174568618,-4.850496432481319,4.731533468364694,-8.746103888098473,-5.964414300462282,5.777395119578053,-0.2626186108643667,-0.002927670745703842,-0.0130514507137406,0.9648070032944112,-0.2491493646654348,-0.05860788923489393,-0.3089768438176631,-0.004664542439059005,0.0002078858244658477,-0.010785820359160425,2707,34000000,17.62,0,2,2,-10.817476092703016,-6.470287910772953,5.629528845840831,316.4555654525757
-7.67215365323178,-4.853788761358711,4.642886210402729,-8.727677765151565,-5.946038349296426,5.74693843205248,-0.2620839888352767,-0.0028865636875128504,-0.013275418973722412,0.9649494358759637,-0.24725830114887856,-0.057208709170671335,-0.3093062175124637,-0.004301717626731261,0.0002583456506499715,-0.011327488300594268,2707,130000000,17.67,0,2,2,-10.817476092703016,-6.470287910772953,5.629528845840831,316.6228370666504
-7.67215365323178,-4.853788761358711,4.642886210402729,-8.709315851406387,-5.927871574956564,5.716392400728173,-0.26151943796732585,-0.0028846005869519447,-0.013307557324974724,0.9651021560242989,-0.2457180729619878,-0.05600490879540422,-0.31061634350612277,0.00017629498358928686,-0.00019691735815285938,-0.011973701839451678,2707,233000000,17.73,0,2,2,-10.817476092703016,-6.470287910772953,5.629528845840831,316.79230189323425
-7.67215365323178,-4.853788761358711,4.642886210402729,-8.691013875944366,-5.909901960985472,5.685741093460233,-0.2609252997295234,-0.002884729786536315,-0.01328287782232154,0.9652632964387874,-0.24407292486262727,-0.054921128280906784,-0.31136643180419177,0.00024428391327546706,-0.00033210043852704985,-0.01254593835255946,2707,323000000,17.79,0,2,2,-10.817476092703016,-6.470287910772953,5.629528845840831,316.9812033176422
-7.629186593081786,-4.860537706687095,4.554958132087377,-8.672749849979002,-5.89215706613538,5.654951409411064,-0.26030512440105347,-0.0028183815589180516,-0.01349427529211572,0.9654279897901661,-0.2425833531416651,-0.05299805701122682,-0.31313742904709446,-0.005474901308843982,-0.000325679604884499,-0.013100472187943524,2707,421000000,17.84,0,2,2,-10.76161983574647,-6.38587243254869,5.493350148971984,317.18281960487366
-7.629186593081786,-4.860537706687095,4.554958132087377,-8.658157508210893,-5.8781465342546415,5.630210257591379,-0.25978967945948794,-0.0027581632054036855,-0.013702514902867662,0.9655640610893746,-0.24121872148212148,-0.05142130699228196,-0.314111896202485,-0.005323774303178652,-0.00023011589576071856,-0.013542908072849968,2707,525000000,17.88,0,2,2,-10.76161983574647,-6.38587243254869,5.493350148971984,317.3427622318268
-7.629186593081786,-4.860537706687095,4.554958132087377,-8.643594831616333,-5.864304220780438,5.605410435572726,-0.2592571380127746,-0.0027061748991520813,-0.013902409703912978,0.9657044765409679,-0.23968825254428924,-0.04994139079918593,-0.3145511999326574,-0.0050984004246856784,-6.135404753138118e-05,-0.013995018707646523,2707,603000000,17.92,0,2,2,-10.76161983574647,-6.38587243254869,5.493350148971984,317.52098536491394
-7.5849363870979465,-4.87068090303198,4.467926308866652,-8.625447618567309,-5.84720702806488,5.574342445903488,0.25856739145300944,0.0027372778584228404,0.013763048691312979,-0.9658912929920386,-0.23812073729848757,-0.04908751569710741,-0.3155996806758161,0.009811346262722509,-0.0007004760050222103,-0.014494301103695761,2707,693000000,17.96,0,2,2,-10.76161983574647,-6.38587243254869,5.493350148971984,317.69917154312134
-7.5849363870979465,-4.87068090303198,4.467926308866652,-8.585811767220713,-5.810123756394284,5.505681669268485,0.25696364867760096,0.0029042866319232497,0.012713206520966417,-0.9663330806494255,-0.23464894489696678,-0.04832393613578586,-0.31682834981879554,0.0027512432097864803,-0.0013375607977650361,-0.015626196000084747,2707,783000000,17.99,0,2,2,-10.706112380648626,-6.311606948373807,5.370207711301283,318.11487793922424
-7.5849363870979465,-4.87068090303198,4.467926308866652,-8.546396805956865,-5.774059428165792,5.436524767842034,0.2552204659467824,0.0028026485738561766,0.012635978861813835,-0.9667962510069442,-0.23171861942237254,-0.04480800904414112,-0.31960545429991327,0.0001069796880415197,-0.001211718654303695,-0.01762097599566914,2708,15000000,18.05,0,2,2,-10.665161544812307,-6.266448033377134,5.2962563818821025,318.50996255874634
-7.539330216806069,-4.884147347997373,4.38196601125011,-8.514112203603126,-5.745283794432098,5.379509909170854,0.2533947028172312,0.002721972583711198,0.012596641548055995,-0.9672771268210212,-0.2304861300145881,-0.04263291937323265,-0.32140958599567704,0.00015831815716182973,-0.0012033726875415596,-0.02313847180630546,2708,224000000,18.07,0,2,2,-10.618644466290169,-6.221541377263807,5.2235179256765445,318.8258731365204
-7.492299335087338,-4.900857604452152,4.297250351837317,-8.48530186361798,-5.7202285124584575,5.3286066617808965,0.25255559029543934,0.0027856684345204073,0.012136981959519795,-0.9675022519512861,-0.2295175312794399,-0.039912918293314746,-0.32216056445527713,0.006840140622443869,-0.0004551248991901957,-0.0007723472691623101,2708,409000000,18.04,0,2,2,-10.580096840776317,-6.185457041095623,5.163882525849307,319.10931158065796
-7.443779337683475,-4.920724023628251,4.213949936692158,-8.456352741437566,-5.695694759590468,5.277585536262401,0.25305771462007726,0.0029039408886243345,0.011623203497618737,-0.9673770006254192,-0.2288060721707768,-0.03696716638496498,-0.32264911460464535,0.006426117761293426,0.0001391604243394795,0.01178317834273912,2708,570000000,18.12,0,2,2,-10.54815946159067,-6.154251322478929,5.109887710815558,319.37542247772217
-7.443779337683475,-4.920724023628251,4.213949936692158,-8.43455900559523,-5.67759096278697,5.2392603965206135,0.2539216620907318,0.003007647637313482,0.01126181148823034,-0.967154545653782,-0.2283647002792908,-0.034798147892921016,-0.3230061197440376,0.006278946830207133,0.00042252200387338235,0.017306354675383773,2708,717000000,18.34,0,2,2,-10.516658107120108,-6.123784226527387,5.055863634678101,319.6241226196289
-7.393710422544579,-4.943650988470749,4.132232521764886,-8.398108101652074,-5.647909316509843,5.175266920494673,0.25589487887464396,0.003180022857703707,0.010732702166155895,-0.9666398023693046,-0.22767069146887325,-0.03131753225747967,-0.3236576096074603,0.0052194230647728546,0.0005484455243731645,0.022760676984034944,2708,857000000,18.68,0,2,2,-10.516658107120108,-6.123784226527387,5.055863634678101,319.98681020736694
-7.393710422544579,-4.943650988470749,4.132232521764886,-8.357888933575012,-5.615858861593959,5.104721482468754,0.25857315195174546,0.0033502658210527443,0.010247983965794849,-0.9659315087692838,-0.22704680070273003,-0.028019099856657764,-0.32416429228553867,0.004475678406379302,0.0006930150505013444,0.028250437389942817,2709,48000000,18.96,0,2,2,-10.516658107120108,-6.123784226527387,5.055863634678101,320.35234236717224
-7.342037636200248,-4.96953517656723,4.052262675054002,-8.324849837292575,-5.589914373307223,5.046945213978484,-0.26150210267540075,-0.0035032630380197227,-0.009908970913997492,0.9651456831690519,-0.22748274821385644,-0.025674551193027684,-0.3242698790351044,0.004144923013882362,0.0011164872375957202,0.0371958565665409,2709,260000000,19.45,0,2,2,-10.516658107120108,-6.123784226527387,5.055863634678101,320.682199716568
-7.288711106370621,-4.998265841933026,3.9742014451881897,-8.2916476524761,-5.564063793397905,4.989157769439402,-0.2651725914578674,-0.00366863578547571,-0.009616705338701253,0.9641460246401584,-0.22836736922201778,-0.023500242040362915,-0.32427681873373837,0.0037413511108752573,0.0013728296380577376,0.04579774940793868,2709,447000000,19.92,0,2,2,-10.382473829115051,-5.996907996656211,4.811627020274241,321.0055253505707
-7.288711106370621,-4.998265841933026,3.9742014451881897,-8.276838492087169,-5.552578268127135,4.963474873073365,-0.26700036780779507,-0.0037437331935501784,-0.009496403080362268,0.9636423643555803,-0.2287964611150349,-0.022544773954983662,-0.3242790699000603,0.0036487758052317076,0.001417230714650941,0.04867025381827261,2709,620000000,20.44,0,2,2,-10.382473829115051,-5.996907996656211,4.811627020274241,321.176052570343
-7.2336862600727105,-5.0297251148800814,3.898206037095794,-8.254573376202439,-5.535344365016942,4.9249525323966745,-0.2698747041988534,-0.00386293557669074,-0.009293715670640317,0.9628428473075681,-0.22893357803826828,-0.020904978889337362,-0.3241799624875882,0.008485842954542022,0.0012346206062829879,0.0459270642750198,2709,716000000,20.69,0,2,2,-10.382473829115051,-5.996907996656211,4.811627020274241,321.3565003871918
-7.2336862600727105,-5.0297251148800814,3.898206037095794,-8.23612161179041,-5.521204395511215,4.892901173003279,-0.27118031113482466,-0.004059160913606342,-0.008647040452036427,0.9624811638452556,-0.22561840718093257,-0.018756825123611487,-0.32319747278857747,0.014493106209556572,-4.791955081628885e-05,0.013946248600404942,2709,816000000,21.05,0,2,2,-10.382473829115051,-5.996907996656211,4.811627020274241,321.547678232193
-7.176924026518295,-5.063788319150504,3.8244294954150555,-8.217877382685543,-5.507433075271763,4.860995693296289,-0.2712414813766927,-0.0041992698471485295,-0.008057280261507403,0.962468443715489,-0.2217841629457172,-0.016618062143512483,-0.32143539418165357,-0.0003961755055570393,-0.0006183556024552672,-0.0073952763614215655,2709,917000000,21.23,0,2,2,-10.382473829115051,-5.996907996656211,4.811627020274241,321.7247278690338
-7.176924026518295,-5.063788319150504,3.8244294954150555,-8.203365958056224,-5.496811346705915,4.8355458963203475,-0.2707047209291107,-0.004063309189256863,-0.00850962799826791,0.9626162422359472,-0.21871751697991818,-0.012449011464710408,-0.320861545358358,-0.014233514411898796,-0.0001397112143308732,-0.018433209152135532,2710,21000000,21.27,0,2,2,-10.382473829115051,-5.996907996656211,4.811627020274241,321.8835096359253
-7.176924026518295,-5.063788319150504,3.8244294954150555,-8.18528897188271,-5.484112206259581,4.80382171656096,-0.2695605791771869,-0.0038710224051169482,-0.009244211102794522,0.9629312820239488,-0.21467904711739721,-0.007421625652178307,-0.31951309414601536,-0.015036331569717731,0.00019683902792166919,-0.0275692700597574,2710,102000000,21.23,0,2,2,-10.254855328588013,-5.894627560217555,4.591881420243959,322.0580298900604
-7.1183910241422845,-5.100324305451515,3.753020396282532,-8.167278927565793,-5.472011078729087,4.772187129053112,-0.2680935510247098,-0.0037948555456923157,-0.009505215083431579,0.9633385167512851,-0.2113032781810563,-0.0034216025000503567,-0.3188542965606359,-0.0019980327124358155,-0.0007404128268717614,-0.03236558477510698,2710,201000000,21.14,0,2,2,-10.254855328588013,-5.894627560217555,4.591881420243959,322.2597863674164
-7.1183910241422845,-5.100324305451515,3.753020396282532,-8.149336565788689,-5.46043761360569,4.740629755029632,-0.26647217613234037,-0.0037443584546392483,-0.00953360068303649,0.9637881870956266,-0.20803027375370822,-0.0001571693500892308,-0.31772618424273436,-0.0005205855330814302,-0.0013365346148930257,-0.03449483301665168,2710,308000000,21.01,0,2,2,-10.254855328588013,-5.894627560217555,4.591881420243959,322.4422495365143
-7.1183910241422845,-5.100324305451515,3.753020396282532,-8.135046342564841,-5.451533786681836,4.715474851826981,-0.26512388851254665,-0.0037000371577991316,-0.009517096140279757,0.964160286646403,-0.2054466687373115,0.0021345191659925553,-0.31646669633471824,9.142265824380047e-05,-0.0015649366673642362,-0.035277380811749026,2710,402000000,20.88,0,2,2,-10.191292734640413,-5.852512951282335,4.494743937932739,322.6116874217987
-7.058059731145688,-5.139195800486321,3.6841225481205764,-8.1172231980827,-5.440911852810887,4.6841171716348065,-0.26342244332486975,-0.003479890690634305,-0.010173951719505858,0.9646206494886713,-0.20220927405381256,0.007432370315358573,-0.3158238857722858,-0.020655546722991858,-0.0005589129841609974,-0.035269910586066544,2710,490000000,20.77,0,2,2,-10.191292734640413,-5.852512951282335,4.494743937932739,322.78103470802307
-7.058059731145688,-5.139195800486321,3.6841225481205764,-8.099380674300518,-5.430967733078595,4.652812869336389,-0.26173067963183466,-0.0032160533529210908,-0.011193557189340755,0.9650706775245728,-0.19897679009052308,0.013148615477392822,-0.3148956953510619,-0.020704673806903884,0.0002446045598958335,-0.03505749373289291,2710,584000000,20.63,0,2,2,-10.191292734640413,-5.852512951282335,4.494743937932739,322.960830450058
-6.995908638983675,-5.1802597705360105,3.6178747020262696,-8.08154982351684,-5.421663085856825,4.621621163557227,-0.2600462518237819,-0.0030056681989255986,-0.012134706649502534,0.9655152312447539,-0.19566079827857355,0.018278569828562338,-0.31343372573597533,-0.01887811831693398,0.0005996409356612276,-0.034939140823553316,2710,679000000,20.5,0,2,2,-10.133948456729216,-5.816535025356498,4.404668725579368,323.1893410682678
-6.995908638983675,-5.1802597705360105,3.6178747020262696,-8.063710445955188,-5.412982031028764,4.59050903834816,0.2583570632781544,0.0028157673092145284,0.013039839930077464,-0.9659573809870421,-0.19283466314310155,0.02369128036261375,-0.3127653940639229,-0.01764728713169461,0.0006296839501374052,-0.035142689739586785,2710,788000000,20.38,0,2,2,-10.114763126715726,-5.804609531616743,4.372483289694235,323.3563394546509
-6.995908638983675,-5.1802597705360105,3.6178747020262696,-8.020823417617859,-5.394455323161005,4.516123895237461,0.25417198989312156,0.0025875324988576098,0.014150334074066498,-0.9670520525157527,-0.18713282635272305,0.03381675571815301,-0.3107975674654761,-0.0029986133085913025,-0.0008585967293583963,-0.037629983125953004,2710,884000000,20.27,0,2,2,-10.114763126715726,-5.804609531616743,4.372483289694235,323.76365637779236
-6.931922388278014,-5.223367798610493,3.5544102723452182,-7.981473128596041,-5.379808187893381,4.448268515537471,0.25003117406473163,0.0024375547431614627,0.014339511055610281,-0.9681285290421782,-0.18314041840525713,0.04029543991638418,-0.30893566255686666,-0.0022627303451372427,-0.0017598005683794327,-0.041820877595455386,2711,117000000,20.01,0,2,2,-10.114763126715726,-5.804609531616743,4.372483289694235,324.1780035495758
-6.931922388278014,-5.223367798610493,3.5544102723452182,-7.949174033485257,-5.369173795840754,4.392999984616266,0.24592523760799606,0.0022831390091717467,0.014459464474789751,-0.9691782543324101,-0.18132319792114546,0.0445898921145695,-0.30751751206524663,-0.0016158740777427738,-0.002093956072712899,-0.050486490727053024,2711,339000000,19.75,0,2,2,-10.114763126715726,-5.804609531616743,4.372483289694235,324.5290241241455
-6.866091886682804,-5.268366474152286,3.4938570679927774,-7.902383661297911,-5.355331222049601,4.313620719977676,0.24152804784619286,0.0021054871885027903,0.014337923070932377,-0.9702856244371126,-0.17938816485591924,0.04785423501789562,-0.3050759610134812,0.0008361987966054585,-0.0015640540254935331,-0.02130684515577741,2711,535000000,19.46,0,2,2,-10.114763126715726,-5.804609531616743,4.372483289694235,324.9489185810089
-6.798414408284236,-5.315097794245403,3.436337035063942,-7.869987160399562,-5.346543130879013,4.25898491767346,0.2403714325918202,0.0020517316280091492,0.014224861880679417,-0.9705745814184283,-0.17792781180655332,0.05025733528658809,-0.30362489163857476,0.0011241713650633756,-0.0007324729949687026,-0.008060346681304509,2711,781000000,19.18,0,2,2,-10.114763126715726,-5.804609531616743,4.372483289694235,325.2724280357361
-6.728893674167487,-5.363399575253027,3.3819660112501087,-7.830389293781746,-5.33656305953176,4.19251320095049,0.24027820560172675,0.0020612668889112744,0.014082347536253939,-0.9705997231503287,-0.17640494350190974,0.05324595241267599,-0.30209437615343604,0.001393989271036844,0.0001290336030024264,0.005077447804069379,2711,958000000,19.17,0,2,2,-9.919432653077061,-5.699968004347346,3.993551907642935,325.68856143951416
-6.728893674167487,-5.363399575253027,3.3819660112501087,-7.78716682216478,-5.326447346905269,4.120331632018065,0.2416074391319769,0.002138250075546972,0.01392072035038873,-0.970271862308512,-0.17491523945860704,0.056215372044774004,-0.30071003475412944,0.0017539628970553167,0.0008706820779025293,0.018160392937716097,2712,183000000,19.25,0,2,2,-9.919432653077061,-5.699968004347346,3.993551907642935,326.1561403274536
-6.657539913838084,-5.413105873781844,3.3308534925573996,-7.758368986367,-5.320061272501429,4.072368974363786,0.24344015579234413,0.00224319009700338,0.01380735056099009,-0.9698150420139263,-0.17377815926290435,0.05810433751700892,-0.29998659568442343,0.0018535159824750735,0.0014299026588560082,0.027170843350177165,2712,435000000,19.45,0,2,2,-9.919432653077061,-5.699968004347346,3.993551907642935,326.4422640800476
-6.58436990723958,-5.4640474158483405,3.283102412796267,-7.718827064872734,-5.311652522084246,4.006613275293304,0.24726076944923725,0.002450567996572558,0.013664010615897452,-0.9688495246537276,-0.1720887254300409,0.06070207629019547,-0.29893041903029544,0.002014444999076659,0.002543888285799767,0.04525612748693675,2712,591000000,19.65,0,2,2,-9.795367439302705,-5.665512058327301,3.8081631773521694,326.83109188079834
-6.509407007165512,-5.516052033102621,3.2388089362865253,-7.68655923229652,-5.305011302246142,3.952985462900714,0.25203154736965827,0.0026965279579769874,0.013562083944656456,-0.9676202239238828,-0.17051800570307185,0.06285810506064304,-0.2981545696866394,0.002153583068320586,0.0032763911804067902,0.060783101071137935,2712,813000000,20.04,0,2,2,-9.795367439302705,-5.665512058327301,3.8081631773521694,327.1552040576935
-6.432681141919438,-5.56894510494894,3.1980622641951646,-7.657969985338312,-5.299218091118031,3.9054284439345652,0.2575659922538859,0.002970343585215954,0.01347226167656442,-0.9661622197429246,-0.16885935223636442,0.06477467492386055,-0.2976280943947594,0.0025312236402896815,0.00440752669419453,0.08058018138399348,2712,989000000,20.5,0,2,2,-9.715994054010567,-5.651669936962851,3.6934161069316036,327.4479193687439
-6.432681141919438,-5.56894510494894,3.1980622641951646,-7.629504070629534,-5.293475065112177,3.8579598147293606,-0.2644315107445097,-0.0032902678677884994,-0.013410083977576454,0.9643056154095799,-0.16699978856260506,0.06680532973297273,-0.29717456349775906,0.0023311209815801703,0.004957832243235316,0.09563459825585596,2713,144000000,21.02,0,2,2,-9.715994054010567,-5.651669936962851,3.6934161069316036,327.7497453689575
-6.354228798134396,-5.622550005388564,3.1609444548971024,-7.59768513944236,-5.2870125342807,3.80466160179279,-0.2737814177420988,-0.0037010636064260787,-0.013350016918151157,0.9616921620121446,-0.16439026224564626,0.06902096194836872,-0.29664531483717393,0.0028101284897275036,0.005951289449512842,0.11864938205690123,2713,300000000,21.67,0,2,2,-9.715994054010567,-5.651669936962851,3.6934161069316036,328.0925598144531
-6.354228798134396,-5.622550005388564,3.1609444548971024,-7.580132612141225,-5.283399535905104,3.7751006848968225,-0.2796666249004795,-0.003944685204049839,-0.01331855462161776,0.9599966846183408,-0.1627562535152282,0.070296403139232,-0.2963696250690199,0.0028803304985558498,0.005883982066734461,0.124967290321365,2713,493000000,22.55,0,2,2,-9.715994054010567,-5.651669936962851,3.6934161069316036,328.2788589000702
-6.274092983719844,-5.676688553400637,3.127530258720525,-7.5626736958773675,-5.279757516728442,3.7455729942336085,-0.2857618927204402,-0.004174291429682375,-0.013286432006159138,0.958199450367426,-0.16120738366611187,0.0715404401686373,-0.2960901152425233,0.0028220475314810756,0.005507327750819968,0.12822879943996668,2713,595000000,23.1,0,2,2,-9.6083300122377,-5.64487356738356,3.5266969651944216,328.45660066604614
-6.192323170961965,-5.731181465669575,3.0978869674096936,-7.545128747211692,-5.2764730703571745,3.7163656240308858,-0.2897958472620003,-0.004255689573593698,-0.0134463371758851,0.9569845620659221,-0.15875418515888798,0.0798726929563116,-0.2902999834736766,-0.003017033282048942,0.0018605386912895483,0.052257020070101134,2713,684000000,23.67,0,2,2,-9.6083300122377,-5.64487356738356,3.5266969651944216,328.6362988948822
-6.192323170961965,-5.731181465669575,3.0978869674096936,-7.527376638022488,-5.273896610147632,3.6877942516939606,-0.2908022505735641,-0.004217620428507456,-0.013578175369000054,0.9566775297313717,-0.1562153502710691,0.08711999917084765,-0.2831768732743045,0.001088290099815481,-0.0009747831768436299,-0.0006558980015114457,2713,780000000,24.01,0,2,2,-9.574887118244735,-5.646230818206224,3.4729740790092998,328.81824135780334
-6.192323170961965,-5.731181465669575,3.0978869674096936,-7.509440896376647,-5.271990486442613,3.65990369792766,-0.28983068747293894,-0.004225737161995149,-0.013124933613830474,0.9569786057493833,-0.15452569378810718,0.0929428458603588,-0.27637380091914204,0.0032521051423373137,-0.0037049328284410876,-0.033502377482363954,2713,888000000,24.02,0,2,2,-9.55855082342104,-5.647578765119522,3.446453309337204,329.0061492919922
-6.108975219860335,-5.785848810464001,3.0720742786082953,-7.487590793754076,-5.270710539029651,3.627264432813629,-0.28719077345993993,-0.0039134005070735785,-0.013481332158539135,0.9577705354724502,-0.15253828754080914,0.10215303052423022,-0.268694806626001,-0.009404245247424114,-0.003849752965834341,-0.053962435413268395,2713,987000000,23.81,0,2,2,-9.541923759408403,-5.649281707625418,3.420309661614864,329.2281687259674
-6.108975219860335,-5.785848810464001,3.0720742786082953,-7.465398243913223,-5.270565204505581,3.5954982456690696,-0.28379962354540916,-0.003590301622511961,-0.013916942652549271,0.9587758873255776,-0.15055631493147187,0.11015246158146222,-0.26097659707611337,-0.008297039585158927,-0.0037196127323113615,-0.06174007139634341,2714,107000000,23.4,0,2,2,-9.521513398495633,-5.651762560804802,3.389497578007944,329.42264795303345
-6.108975219860335,-5.785848810464001,3.0720742786082953,-7.446705726493502,-5.271246328975857,3.569692299683429,-0.2807712109833851,-0.0033538164521096205,-0.014211255707284771,0.9596636489986223,-0.14905006333745333,0.11611683159200623,-0.2547426716692404,-0.0059825507378263865,-0.003659423714452714,-0.06389220943674445,2714,219000000,22.93,0,2,2,-9.521513398495633,-5.651762560804802,3.389497578007944,329.62332940101624
-6.024111281841859,-5.84051046147144,3.0501441756363548,-7.427820553402885,-5.272620184903672,3.54445740380961,-0.2776865484651777,-0.00315507530309384,-0.014381800627058279,0.9605588946608384,-0.14796061684061515,0.12184442536965243,-0.2488560018667,-0.003934398978344689,-0.0036947963053535204,-0.06435828472604044,2714,329000000,22.53,0,2,2,-9.482597802283578,-5.657545945146726,3.334628452996578,329.81202459335327
-6.024111281841859,-5.84051046147144,3.0501441756363548,-7.4087726620389445,-5.274631052295448,3.5198000990045646,-0.2746070667151119,-0.0029837240561633753,-0.01446806270542626,0.9614430463955888,-0.14684854542716835,0.1267032457201569,-0.24276791085037702,-0.002697551417440991,-0.0036212866916685016,-0.06386129825841635,2714,426000000,22.13,0,2,2,-9.464722247869895,-5.660723543646374,3.3103145713494717,329.99391531944275
-5.937799684049354,-5.894986550396063,3.0321408228027407,-7.393453462404496,-5.276655753696466,3.500506605175963,-0.2721586824013062,-0.0028580829267967883,-0.01451883896846092,0.9621386003433061,-0.14587757747711833,0.12997510149923439,-0.23766316813715377,-0.002384595245530363,-0.003441330522946373,-0.06344735447783023,2714,523000000,21.74,0,2,2,-9.464722247869895,-5.660723543646374,3.3103145713494717,330.16525530815125
-5.937799684049354,-5.894986550396063,3.0321408228027407,-7.374204396010778,-5.279662045749354,3.476931667635488,-0.26909152512044077,-0.002754443784692461,-0.014384686148507015,0.9630032424411669,-0.14530587135432455,0.13388754025613275,-0.23159510837161115,0.0031803459705770365,-0.00367888703749486,-0.06395603486453183,2714,616000000,21.44,0,2,2,-9.433897792564098,-5.66769840205624,3.2669671648274434,330.33570623397827
-5.937799684049354,-5.894986550396063,3.0321408228027407,-7.35483440875059,-5.283152184723946,3.4539494246197995,-0.2660022625071839,-0.00266675968356663,-0.014162602867258385,0.9638646717324344,-0.14479940853358217,0.13719696743797838,-0.22552923544088324,0.003363145128787437,-0.0037210336131465738,-0.06414435993065126,2714,704000000,21.07,0,2,2,-9.418340796972855,-5.672431616568243,3.2428539050225726,330.5310468673706
-5.85011479445928,-5.9490979171324465,3.018100476464131,-7.331408500808741,-5.287969168199826,3.4271322557145063,-0.26228270554303745,-0.0025244556691837935,-0.014070023935828492,0.9648851972763619,-0.1447107092841628,0.1418818308476149,-0.21856445453063533,-0.0003288080705488028,-0.003360824280207453,-0.06429593777284026,2714,804000000,20.7,0,2,2,-9.40389084174709,-5.677801642495054,3.218662000521956,330.73333644866943
-5.85011479445928,-5.9490979171324465,3.018100476464131,-7.315671128089406,-5.291557436275031,3.409707489976454,-0.2597983689711929,-0.002431256812561404,-0.014045522425510121,0.965557672938294,-0.14463768013406836,0.14469852419872073,-0.2139169542976144,-0.0003416304764414235,-0.0031535895686829463,-0.06431057336158119,2714,917000000,20.27,0,2,2,-9.40389084174709,-5.677801642495054,3.218662000521956,330.90557289123535
-5.85011479445928,-5.9490979171324465,3.018100476464131,-7.295897350614085,-5.296430033557585,3.388443100272515,0.2566962487591743,0.0023293392845383596,0.014005529707629591,-0.9663878389078967,-0.14446769799732498,0.14769652986276086,-0.2080456614594636,-0.00011787520435291299,-0.002909759791691613,-0.06412587899831124,2715,12000000,19.98,0,2,2,-9.373532481435433,-5.689302710213299,3.171807018493804,331.0867278575897
-5.761136868138604,-6.002666556337735,3.0080514120095225,-7.255954267038953,-5.3074112110109875,3.347593953905419,0.25047111767653957,0.002159746226335973,0.013910385813776077,-0.9680217228309573,-0.14499768242357866,0.1538079428557449,-0.19664235192052035,0.0002416986205844296,-0.0025326919967483263,-0.06443193633458577,2715,101000000,19.63,0,2,2,-9.373532481435433,-5.689302710213299,3.171807018493804,331.4688000679016
-5.761136868138604,-6.002666556337735,3.0080514120095225,-7.219666927617195,-5.318526989624676,3.3127547496177217,0.2448529863370958,0.0020348849932158714,0.013840882826175478,-0.9694592844918561,-0.14524364075806923,0.15766199748839668,-0.18649878814889376,-0.0001225510075641978,-0.002278485226270277,-0.06442426820285618,2715,305000000,18.94,0,2,2,-9.373532481435433,-5.689302710213299,3.171807018493804,331.7455356121063
-5.670951875006609,-6.055516059236666,3.0020138669173706,-7.192302824853357,-5.326977764984689,3.2868722691364454,0.24232421920621833,0.0018567198822363887,0.014255869520620579,-0.9700888080797481,-0.13830974309945188,0.14278101353859063,-0.17913165070539872,-0.008501586762577062,-0.0008686384433076455,-0.014007022582518402,2715,480000000,18.33,0,2,2,-9.284976962394614,-5.718812247967828,3.0701150987124346,332.0182213783264
-5.670951875006609,-6.055516059236666,3.0020138669173706,-7.166912191372484,-5.334123609897597,3.2619964750353048,0.2425137052287284,0.001681861173451241,0.014837387711179017,-0.9700330540992584,-0.13072083397299053,0.12889488318429507,-0.17239527644436783,-0.008733362847124226,9.609877393845778e-07,0.014486495729215676,2715,626000000,18.03,0,2,2,-9.25427530734348,-5.727639100241894,3.0436268571032397,332.269549369812
-5.579651309521315,-6.10747204950958,3.0,-7.1432633752078525,-5.340134560663653,3.23803344700365,0.2441029862817657,0.0015254791797302616,0.015438982086667503,-0.969625207404244,-0.1236722285538242,0.11709119217895844,-0.16628577412150053,-0.008750736924412195,0.00046672944904457836,0.03003181300300639,2715,759000000,17.98,0,2,2,-9.25427530734348,-5.727639100241894,3.0436268571032397,332.5339238643646
-5.579651309521315,-6.10747204950958,3.0,-7.118099776622867,-5.345792495808531,3.211653075176562,0.2468804436821213,0.0013703428121629568,0.016086879960624884,-0.9689114412478717,-0.11646583944107411,0.10563504950006539,-0.16006514642964892,-0.007704025847488083,0.0007794907560310094,0.03996423147327732,2715,901000000,18.03,0,2,2,-9.25427530734348,-5.727639100241894,3.0436268571032397,332.8016016483307
-5.487331982763328,-6.158362612132099,3.0020138669173706,-7.0975075456402985,-5.349824171103871,3.189357710400567,0.24978994644341806,0.0012508227461362157,0.016622971892214608,-0.9681565446268092,-0.11084282461686819,0.09702969987289048,-0.1551914770490734,-0.00752572450437583,0.0010203219858340162,0.04507106750679668,2716,56000000,18.17,0,2,2,-9.153534537910732,-5.755423605961148,2.9722221933982107,333.07770681381226
-5.394095797442429,-6.208018714056558,3.0080514120095216,-7.07808505328421,-5.353109323741869,3.1677256531575066,0.2529848906557981,0.0011382955125268726,0.01714628777874731,-0.9673176077166221,-0.105852052760668,0.08957133592952604,-0.15077271972037118,-0.007250823682625196,0.0011419846146054624,0.048928766045719385,2716,209000000,18.24,0,2,2,-9.153534537910732,-5.755423605961148,2.9722221933982107,333.3362913131714
-5.394095797442429,-6.208018714056558,3.0080514120095216,-7.059690898998561,-5.35574392435292,3.1466952212131876,0.2564313801726526,0.0010353413189226352,0.017638145700383474,-0.9664009370584001,-0.10139880625959274,0.08315605181648997,-0.1467677817899578,-0.006540309186675586,0.0013341992826099158,0.05290665867505595,2716,346000000,18.32,0,2,2,-9.153534537910732,-5.755423605961148,2.9722221933982107,333.5856432914734
-5.300049506402166,-6.256274615650105,3.018100476464131,-7.042199728539147,-5.357818395433304,3.1262103078937296,-0.2601366355977303,-0.0009487324738767563,-0.018096404947828985,0.9654017561899038,-0.09747631774802529,0.07767790117257803,-0.14313888443316344,-0.006165852437334252,0.0015193957437986683,0.056298921481356956,2716,487000000,18.39,0,2,2,-9.153534537910732,-5.755423605961148,2.9722221933982107,333.8272259235382
-5.300049506402166,-6.256274615650105,3.018100476464131,-7.018548480431859,-5.359945993583462,3.0977865175820507,-0.2657798024813447,-0.0008367111285204638,-0.018719899046857523,0.9638516285648637,-0.09268783031893854,0.07112438714788659,-0.13860592624273582,-0.005680744197888998,0.0016384945524805516,0.060470346215879545,2716,617000000,18.45,0,2,2,-9.019915488329515,-5.802469032918672,2.8882852962931795,334.18911123275757
-5.205304455247262,-6.30296827183162,3.0321408228027407,-7.007242592310211,-5.360682967712,3.083908014634895,-0.26875340253958907,-0.0007871494358135129,-0.0190065407008449,0.9630211526387913,-0.09054924423777613,0.06825878490388232,-0.13652914818085177,-0.005283429572955356,0.0016955732348833408,0.06254221443668939,2716,822000000,18.52,0,2,2,-9.019915488329515,-5.802469032918672,2.8882852962931795,334.3890495300293
-5.205304455247262,-6.30296827183162,3.0321408228027407,-6.996234668673926,-5.36123320430038,3.070239142876226,-0.2717755765007941,-0.0007420302938015658,-0.019256749839603578,0.9621676896437121,-0.08915047179068272,0.06707525830761407,-0.13414162480564593,-0.0008428964441975495,0.0013238671158433135,0.058789282411453314,2716,927000000,18.54,0,2,2,-8.96184040876309,-5.832627635624457,2.8497645181205247,334.5871512889862
-5.109976309765509,-6.347941721880122,3.050144175636352,-6.986982534690109,-5.362040089423481,3.0596635787520428,-0.2730733352661874,-0.0007907096220476761,-0.01896347779889418,0.9618059652833646,-0.09349422695960394,0.07924671383294486,-0.12805354784056228,0.009474454054725356,-0.001259726082025736,0.016910235717659816,2717,32000000,18.56,0,2,2,-8.96184040876309,-5.832627635624457,2.8497645181205247,334.76310634613037
-5.109976309765509,-6.347941721880122,3.050144175636352,-6.971529252761311,-5.364501262685599,3.044712929729319,-0.2726920432824375,-0.0007970882469983155,-0.018399083500475297,0.9619250947486078,-0.1006355121084489,0.09811560688847117,-0.11800431117592222,0.008653529675939353,-0.0034639730756680365,-0.022919461662240792,2717,115000000,18.45,0,2,2,-8.96184040876309,-5.832627635624457,2.8497645181205247,334.9595596790314
-5.109976309765509,-6.347941721880122,3.050144175636352,-6.960188286127436,-5.366988081003704,3.035388692413415,-0.27144334933951175,-0.0007599975053319621,-0.018032482458464304,0.9622851760676377,-0.10510576942171015,0.10971124461686517,-0.11125200268083502,0.008173880087269936,-0.004261564436092158,-0.038759377639507875,2717,221000000,18.07,0,2,2,-8.96184040876309,-5.832627635624457,2.8497645181205247,335.1392230987549
-5.01418476886208,-6.391041466920087,3.0720742786082917,-6.9449031353701,-5.371009159601551,3.0244800601219706,-0.26922839676049926,-0.0006934192516427819,-0.017578309182261352,0.9629156726286084,-0.11102050245556831,0.12378584351587915,-0.10243411221548109,0.007923644625407178,-0.004667299253924284,-0.05087782810733188,2717,312000000,17.74,0,2,2,-8.96184040876309,-5.832627635624457,2.8497645181205247,335.33349418640137
-5.01418476886208,-6.391041466920087,3.0720742786082917,-6.925058254317524,-5.377093897855046,3.0124806077239286,-0.2660385114965131,-0.0005983761838831529,-0.017066179520408575,0.9638111318423537,-0.11727818796366618,0.13856833776248162,-0.0922853353738501,0.007228475942611112,-0.004674112642533146,-0.057806871336651966,2717,413000000,17.27,0,2,2,-8.96184040876309,-5.832627635624457,2.8497645181205247,335.5497770309448
-4.918053263767082,-6.432118834125037,3.097886967409692,-6.907450708903316,-5.383107728530709,3.003362915489797,-0.2631710464281089,-0.000527710287642584,-0.016655663300834844,0.9646052616090146,-0.12195647202153741,0.1491537549094517,-0.08407015746293418,0.008972227078629658,-0.004398534974825452,-0.06068127368052956,2717,527000000,16.7,0,2,2,-8.96184040876309,-5.832627635624457,2.8497645181205247,335.7514281272888
-4.918053263767082,-6.432118834125037,3.097886967409692,-6.885139593783969,-5.391327737384806,2.993488316626342,-0.25955016919963186,-0.000496470395712309,-0.015991572913685623,0.9655970861499814,-0.12783522428155833,0.16050350492391394,-0.07415663814691112,0.01013742394206929,-0.004328929981056717,-0.06380909471772611,2717,626000000,16.22,0,2,2,-8.861761168692116,-5.921007792992054,2.7714157202849874,335.95199704170227
-4.918053263767082,-6.432118834125037,3.097886967409692,-6.865666779186054,-5.398915055281647,2.986141399803061,0.2564076373953443,0.0004701339397640038,0.015453206019902244,-0.9664450842562768,-0.13243027587380157,0.1685922462640282,-0.06599975948588464,0.011037163039873121,-0.004217273317408399,-0.06612882934859954,2717,737000000,15.67,0,2,2,-8.861761168692116,-5.921007792992054,2.7714157202849874,336.1574890613556
-4.821708644319341,-6.471030326718811,3.1275302587205234,-6.820320491196977,-5.417622948605832,2.972850554093804,0.24907476492912028,0.0004382909792397796,0.01423523723876556,-0.9683795368538497,-0.14219823909707652,0.1830958015545808,-0.04825096593805265,0.00889015491338796,-0.0038867321563884616,-0.07087356425472535,2717,841000000,15.21,0,2,2,-8.861761168692116,-5.921007792992054,2.7714157202849874,336.58769249916077
-4.821708644319341,-6.471030326718811,3.1275302587205234,-6.767672654545762,-5.440536684935757,2.962543345976624,0.23997069150025785,0.0004992563926800916,0.013244796848897625,-0.9706896483018524,-0.15741054335601273,0.19628671763075325,-0.030596285164626636,0.010623110938468017,0.007504194263674435,-0.1290955624426715,2718,74000000,14.22,0,2,2,-8.813022852331212,-5.9883714918697475,2.7336138358689954,336.9935691356659
-4.725280853168204,-6.507637958894582,3.160944454897095,-6.733212876963212,-5.4546396784523665,2.95856541339139,0.22584072456546628,0.0023040171527255477,0.012941566835341922,-0.974075548651413,-0.18706123934026098,0.20632087507058783,-0.020222044859937737,0.0073096921369142365,0.029848528902221005,-0.26079321978613734,2718,299000000,13.1,0,2,2,-8.813022852331212,-5.9883714918697475,2.7336138358689954,337.26377296447754
-4.628902588772864,-6.541809574814725,3.1980622641951624,-6.682095202644882,-5.473158664419833,2.9550803587487313,0.2067365373749725,0.005713735303487402,0.013908477670303156,-0.978281100498207,-0.1889044888825619,0.16964461085218602,-0.012348925432303823,-0.006851458920209552,0.03324406061437912,-0.0947766842728015,2718,446000000,11.5,0,2,2,-8.813022852331212,-5.9883714918697475,2.7336138358689954,337.64031958580017
-4.628902588772864,-6.541809574814725,3.1980622641951624,-6.645371228275377,-5.483774369335125,2.9534308103539137,0.20390153000043948,0.008211362287229379,0.014844530727254824,-0.9788444102615876,-0.17858407852001762,0.13965860578070868,-0.008038666741221223,-0.004379794700071216,0.031539349947706796,0.0019148639538002499,2718,651000000,9.3,0,2,2,-8.813022852331212,-5.9883714918697475,2.7336138358689954,337.90327286720276
-4.532708958112899,-6.573419150899704,3.2388089362865227,-6.611697516171162,-5.491217385593699,2.952673663207234,0.2086045019389704,0.010630681988415049,0.015621424931593677,-0.9778175297336216,-0.17010496135880743,0.11788325086704102,-0.003631438485459067,-0.0006767415186459402,0.03377785069460515,0.11663330005831085,2718,797000000,8.61,0,2,2,-8.694697674634625,-6.104248502567863,2.700723916707525,338.1970317363739
-4.436837120055821,-6.602347080661456,3.2831024127962647,-6.584329641925941,-5.495650462915828,2.9527055099948187,0.21811680021132973,0.012742875062379585,0.01615601745302324,-0.9757057259751901,-0.15914428288425483,0.1041038392929922,-0.00024538272910349876,0.001840227923821658,0.031581219445797615,0.14920989924576133,2718,958000000,8.5,0,2,2,-8.65228179462519,-6.1254885008305155,2.701846014476884,338.46663784980774
-4.436837120055821,-6.602347080661456,3.2831024127962647,-6.5489466166504995,-5.499611065216115,2.9536723424949334,0.2336024542395419,0.015378863524070278,0.016795079978890192,-0.9720654860751274,-0.14222502853016308,0.08832231688917969,0.0040480927318321,0.0030041400577829336,0.026887964486377314,0.16410677344538271,2719,99000000,8.86,0,2,2,-8.613544779458705,-6.144051216518204,2.704716258422493,338.8275876045227
-4.341425920357565,-6.628480441385833,3.3308534925573894,-6.526706540535563,-5.501142030421974,2.9549041464298607,0.24457125128966245,0.016916521544669633,0.01717816239903574,-0.9693315454879354,-0.1306751199168562,0.0790508640400617,0.006802224272571286,0.0030766708050578018,0.022851277935842518,0.15950060915201902,2719,298000000,9.54,0,2,2,-8.55614698230531,-6.170570100322248,2.711870149454134,339.1186475753784
-4.24661551929798,-6.651713242019724,3.381966011250106,-6.506361678017824,-5.501840704121564,2.9565395261838208,0.25529527498292676,0.018195199008164686,0.01753374339353704,-0.9665328888077498,-0.12060915874934457,0.07062405711334294,0.009374785020868737,0.0029566247349066543,0.01933728144649649,0.15715917106717825,2719,452000000,10.02,0,2,2,-8.55614698230531,-6.170570100322248,2.711870149454134,339.3719403743744
-4.24661551929798,-6.651713242019724,3.381966011250106,-6.485175003837214,-5.50174578572342,2.9588537557027377,-0.26740511940571515,-0.019391086373936915,-0.017896056353968032,0.9632228293867569,-0.11068751709566631,0.06213169329098167,0.012091411005416414,0.003239439956814749,0.01606879523023963,0.15704122342867777,2719,587000000,10.46,0,2,2,-8.475460638233901,-6.208871427989649,2.7273338135143583,339.6585531234741
-4.152547012978052,-6.671946651671,3.436337035063939,-6.461380018036374,-5.500503828667924,2.962332172822938,-0.2826078024506813,-0.020579156262624798,-0.01828598808511598,0.9588404199663603,-0.10022644885711404,0.05313626137354436,0.015070549113465287,0.0034525005276009324,0.012973459524801001,0.1593657085322775,2719,746000000,10.92,0,2,2,-8.431386326353188,-6.232223010232095,2.7385471583986947,340.02143955230713
-4.152547012978052,-6.671946651671,3.436337035063939,-6.450465161691696,-5.499476463051912,2.964289450659541,-0.29029819065389645,-0.021073089148191497,-0.01844654162992681,0.9565263250526468,-0.09580743553953307,0.049185527185878555,0.016478342196256497,0.003840924750875274,0.01167952868854627,0.16151984746102244,2719,941000000,11.46,0,2,2,-8.431386326353188,-6.232223010232095,2.7385471583986947,340.22623777389526
-4.059362049326308,-6.689089208183685,3.4938570679927743,-6.440101125255288,-5.498224351071874,2.966395339411577,-0.297983402966217,-0.021491173907420513,-0.018583273169092186,0.9541481451845291,-0.09312362097965335,0.04858138221865706,0.018889678185752466,0.00549826427231892,0.007312452999030938,0.15089627995621413,2720,49000000,11.72,0,2,2,-8.431386326353188,-6.232223010232095,2.7385471583986947,340.4043004512787
-4.059362049326308,-6.689089208183685,3.4938570679927743,-6.428626199705614,-5.497799631765209,2.9692763875158557,-0.3027683939418297,-0.0211852166250308,-0.018322657212327998,0.9526524898718918,-0.10153899091119156,0.07215019700247075,0.03019195066166508,0.00420320020566578,-0.015359539793280419,0.06602087087230757,2720,150000000,11.97,0,2,2,-8.431386326353188,-6.232223010232095,2.7385471583986947,340.5947127342224
-3.9672024398808325,-6.703057006306124,3.5544102723452102,-6.412220567677885,-5.499159716469809,2.9741950501529093,-0.3043423464698495,-0.0197846373122497,-0.017767596403111076,0.9521914811579154,-0.11130416941739754,0.10016008265844034,0.04400574491262745,0.0013960995488560002,-0.03077576693613082,0.0013316894090564801,2720,246000000,11.93,0,2,2,-8.431386326353188,-6.232223010232095,2.7385471583986947,340.78625321388245
-3.9672024398808325,-6.703057006306124,3.5544102723452102,-6.396428283661726,-5.501824091658158,2.979552079886755,-0.30353646260156014,-0.018177395277369623,-0.017212816467683054,0.9524909013326646,-0.11914826007550498,0.12153160002949685,0.05598516790570127,-0.00040949038861981535,-0.036233732680557296,-0.02920382630691165,2720,361000000,11.48,0,2,2,-8.268959899781466,-6.330433427038647,2.798353022610775,340.97809290885925
-3.8762097684280574,-6.713773865026728,3.6178747020262714,-6.382527741888487,-5.504904662828414,2.9846327113228464,-0.302074448699863,-0.01676960257034863,-0.016780405515834845,0.9529891006003324,-0.12480351013050703,0.1370968242010329,0.0649958521460817,-0.001742940810345317,-0.03775786026380956,-0.04434775182744488,2720,460000000,10.93,0,2,2,-8.268959899781466,-6.330433427038647,2.798353022610775,341.17718625068665
-3.8762097684280574,-6.713773865026728,3.6178747020262714,-6.35974855837752,-5.51098972562309,2.993559867353933,-0.2990644133441852,-0.01461408385803432,-0.016212231643373484,0.9539832644073113,-0.1330638762830852,0.15820867800339533,0.07890282315906899,-0.003485392812763166,-0.03728774354385678,-0.05798590791528113,2720,557000000,10.27,0,2,2,-8.221329999012122,-6.365686635426852,2.82246668048677,341.3726432323456
-3.8762097684280574,-6.713773865026728,3.6178747020262714,-6.3392059680610355,-5.517275225292779,3.002136406049377,-0.29613312326653607,-0.012873546136405368,-0.015797978824212047,0.9549292481536786,-0.13905860407446935,0.173097022467472,0.08946240639073293,-0.0013417846901120356,-0.03558472599252127,-0.06330781179713085,2720,669000000,9.65,0,2,2,-8.221329999012122,-6.365686635426852,2.82246668048677,341.5663843154907
-3.786524997592367,-6.721171473709559,3.6841225481205733,-6.317406742105559,-5.524512045826878,3.0117225983800466,-0.2930430438158999,-0.01128477738486447,-0.01522463849546055,0.9559114177857533,-0.1452012110967396,0.18615693204995204,0.10016787211433656,0.0005354781507094231,-0.03352462008479051,-0.0653332426736597,2720,767000000,9.0,0,2,2,-8.176089558100331,-6.402885440796016,2.84883565384333,341.7443563938141
-3.786524997592367,-6.721171473709559,3.6841225481205733,-6.294490756922328,-5.532576983930815,3.022270138327157,-0.28985994130299436,-0.009795179107845577,-0.014700554285243552,0.9569060364517388,-0.15074018608846435,0.1972206382321145,0.1099002326190325,-3.383741020712705e-06,-0.03128551579720806,-0.06711848254781216,2720,859000000,8.37,0,2,2,-8.176089558100331,-6.402885440796016,2.84883565384333,341.92779755592346
-3.786524997592367,-6.721171473709559,3.6841225481205733,-6.270633576312152,-5.541356756468146,3.0336701736643397,-0.28658917093440817,-0.0084056155261642,-0.014256963787481949,0.9579106073712291,-0.15559503162005486,0.20637177754926994,0.11859086377716618,-0.0007098235073499382,-0.02882697863242356,-0.06892468591104262,2720,959000000,7.76,0,2,2,-8.132403875191633,-6.441725659983481,2.8775905296021187,342.118723154068
-3.6982880744793807,-6.725189516720688,3.7530203962825284,-6.250932658859817,-5.54883240734892,3.0433979909588884,-0.2839038686010383,-0.007371840386979238,-0.013959992784785404,0.9587227795166453,-0.15967845719703772,0.21299381919647123,0.12591440341884377,-0.0014188583008944988,-0.02682506947166985,-0.07050582207739353,2721,64000000,7.18,0,2,2,-8.11082972597869,-6.461621300883768,2.892905806962331,342.2951192855835
-3.6982880744793807,-6.725189516720688,3.7530203962825284,-6.2256187025847955,-5.558670182391865,3.0562840750794846,-0.2804556856480129,-0.006171723948267514,-0.013656998577921523,0.959749969836442,-0.1642889567049216,0.21981966670920547,0.1340878097254647,-0.0020531556401692796,-0.024559589837735984,-0.07259845806402154,2721,151000000,6.72,0,2,2,-8.093609199634281,-6.477716479350606,2.905604889348431,342.4977648258209
-3.6116375364826183,-6.725775776295651,3.8244294954150577,-6.19439536845902,-5.571094754000084,3.072678890519858,-0.2761925205904939,-0.0048551757402542795,-0.013379097945159837,0.9609969399413165,-0.16934496486164702,0.2263124365808034,0.14278604548948337,-0.0012072417462150042,-0.02210674010711955,-0.0746529854950495,2721,255000000,6.17,0,2,2,-8.093609199634281,-6.477716479350606,2.905604889348431,342.69635796546936
-3.6116375364826183,-6.725775776295651,3.8244294954150577,-6.173114296253701,-5.579689081427826,3.084172754753775,-0.2732953248373661,-0.004070304215353536,-0.01315741206123055,0.9618315759806828,-0.17294735603159994,0.2300014666274172,0.14894801050266068,-0.0007496422540498315,-0.020628911261155736,-0.07550588125013746,2721,357000000,5.52,0,2,2,-8.093609199634281,-6.477716479350606,2.905604889348431,342.88730931282043
-3.6116375364826183,-6.725775776295651,3.8244294954150577,-6.146043803285681,-5.590728727101886,3.0991516682810034,-0.2696207839881415,-0.003157352370788318,-0.01292658838577828,0.9628746373647668,-0.17706818755046344,0.23370120456482382,0.15579615926401813,-0.0013655732232109585,-0.01899703547678655,-0.07669339465792291,2721,452000000,5.09,0,2,2,-8.093609199634281,-6.477716479350606,2.905604889348431,343.0774700641632
-3.5267101183659015,-6.722886213458185,3.898206037095796,-6.118492480566071,-5.602052427338494,3.114808419529214,-0.26588452664398304,-0.0023246866988668275,-0.012713367317134676,0.9639182458147146,-0.18147407332920115,0.23686215174467362,0.16327195579396764,-0.0009134745369010489,-0.01738587270665448,-0.07792038813931867,2721,545000000,4.58,0,2,2,-8.007944165420092,-6.560772621595044,2.9754099601074193,343.2583866119385
-3.5267101183659015,-6.722886213458185,3.898206037095796,-6.09051028364653,-5.613602272263874,3.1311298551692124,-0.2621003847586784,-0.0015603668339978236,-0.012543259791402705,0.9649578333784856,-0.18549653473131605,0.23894982616253002,0.16979073147228513,-0.0013982194332129438,-0.015925477600831073,-0.07860245241317898,2721,656000000,4.1,0,2,2,-8.007944165420092,-6.560772621595044,2.9754099601074193,343.4367823600769
-3.5267101183659015,-6.722886213458185,3.898206037095796,-6.062178002278516,-5.625334552641835,3.1480164706417977,0.25828228001892223,0.0008539660946766071,0.012416703694343723,-0.9659893167315583,-0.18912534528566377,0.24043637315698624,0.175378446350163,-0.0017830042565947224,-0.014693016237288248,-0.07919338822830468,2721,750000000,3.65,0,2,2,-8.007944165420092,-6.560772621595044,2.9754099601074193,343.6226623058319
-3.4436403617338742,-6.716485026860802,3.9742014451881857,-5.992898238158662,-5.654155355543515,3.190812217409105,0.24890058398639198,-0.0006952547602862959,0.012584650037532778,-0.9684470261689506,-0.19770844875882548,0.24264646128665612,0.18921850766566095,-0.005199758152230061,-0.011879272824444342,-0.08157127231243066,2721,854000000,3.26,0,2,2,-8.007944165420092,-6.560772621595044,2.9754099601074193,344.04449677467346
-3.4436403617338742,-6.716485026860802,3.9742014451881857,-5.922304369091257,-5.6836827840263515,3.2362168548829233,0.23934767999347456,-0.001962008254547719,0.01281977011696487,-0.9708473062740084,-0.20567795208944442,0.24285840267168185,0.19932313347372338,-0.00206468794203829,-0.009277622666559182,-0.08220109812100418,2722,81000000,2.63,0,2,2,-8.007944165420092,-6.560772621595044,2.9754099601074193,344.4592270851135
-3.3625602280003974,-6.7065446894783225,4.052262675053997,-5.850113585601325,-5.713559538318454,3.2835962099404234,0.23046845598431076,-0.0026537623660930817,0.01287943605823823,-0.9729909395612756,-0.21488223624297115,0.24139159945490776,0.2066935643115584,-0.001810816183933639,0.002471312609486631,-0.030570009039365686,2722,326000000,2.67,0,2,2,-8.007944165420092,-6.560772621595044,2.9754099601074193,344.8670470714569
-3.2835987159577487,-6.693045963146028,4.132232521764888,-5.783698931106697,-5.740478012428059,3.328133380896563,0.23561384247544132,-0.0010880871413154278,0.0134344795352572,-0.9717532855925659,-0.2135706461520029,0.23962519816075595,0.20968949528220632,-0.001396132495301572,0.024386121367570013,0.10322088492102921,2722,564000000,3.22,0,2,2,-7.719033892009873,-6.739512861111248,3.1912775530883257,345.2711944580078
-3.2068814850407197,-6.675977890994722,4.213949936692154,-5.7116049422918955,-5.76876742871116,3.3774869973969808,0.2532388134714689,0.002236498630333753,0.01439091216703393,-0.9672941657388612,-0.20657468141908275,0.24090666009560374,0.211384280378015,0.0020405217128427466,0.033872017593239434,0.17738724418450147,2722,789000000,2.67,0,2,2,-7.641507460150645,-6.768805587014989,3.242969441548667,345.6915466785431
-3.2068814850407197,-6.675977890994722,4.213949936692154,-5.646741967689629,-5.793317728500445,3.423503169204084,-0.2729550447849588,-0.005594625320172848,-0.015173705728536022,0.9618908474189946,-0.19469452025624365,0.2381808225584164,0.21331703985867195,0.0009254400879399327,0.032201481008087285,0.19019928731722757,2723,18000000,1.39,0,2,2,-7.559495344984078,-6.80262935141274,3.3016123852354125,346.08743691444397
-3.132530485366818,-6.655337767895037,4.297250351837312,-5.5902533720627705,-5.813567200762846,3.4657964050859698,-0.2914274938090731,-0.00813757160731247,-0.016008357840075246,0.9564243452880958,-0.18095949024768826,0.2274124950130488,0.21366842376993592,0.0017189173718179518,0.026731493198894896,0.19547397241694853,2723,240000000,2.24,0,2,2,-7.489856328986351,-6.837691229135694,3.357918490549816,346.46426153182983
-3.060663595618906,-6.6311310890833415,4.3819660112501,-5.557821544588424,-5.824509567552555,3.491273868756062,-0.3031189161327535,-0.009410464411859875,-0.01644726779214096,0.9527643219727697,-0.17257698467600285,0.21943808561908495,0.2134496654022493,0.002606129874038743,0.023754215180815663,0.20976168161723763,2723,455000000,3.94,0,2,2,-7.489856328986351,-6.837691229135694,3.357918490549816,346.6635353565216
-2.9913942698176106,-6.603371477200641,4.467926308866647,-5.526397616933821,-5.834549998360118,3.5168206334484218,-0.31474088083862434,-0.010457108246095734,-0.016707251268572535,0.948972968303684,-0.16733545098766295,0.21588803041557095,0.21456648869180622,0.007479256555598113,0.01201841978399898,0.16385854105465114,2723,565000000,5.07,0,2,2,-7.397233668525393,-6.895900048480019,3.445139790335416,346.86563062667847
-2.9913942698176106,-6.603371477200641,4.467926308866647,-5.500087575883745,-5.842597509126314,3.5384256897834394,-0.31969389345752175,-0.010508136300800629,-0.016466617493433987,0.9473195047426075,-0.16900169679322494,0.21853152500716896,0.2182480422169868,0.00615011826994305,-0.0072422739776811795,0.06196947069838643,2723,677000000,6.19,0,2,2,-7.36231844466243,-6.917145477480417,3.478779603512541,347.04786229133606
-2.9248311940096183,-6.572080588034301,4.554958132087365,-5.473393489453148,-5.850521932236072,3.5604646703697687,-0.3207589274085909,-0.009891495379037413,-0.01601726756566658,0.9469737672958984,-0.17192326169645294,0.2205388325745667,0.22297474695720684,0.0033220310342585435,-0.018930057922261767,-0.004346598461779649,2723,779000000,6.56,0,2,2,-7.36231844466243,-6.917145477480417,3.478779603512541,347.2470054626465
-2.9248311940096183,-6.572080588034301,4.554958132087365,-5.440858912926481,-5.859946490534866,3.5875836050213454,-0.3189616233737679,-0.00864224879259462,-0.015473511833582455,0.9476019020570364,-0.17604695490743477,0.2221516815549794,0.22952179994101476,0.000543424610555121,-0.025579142311471514,-0.04982340396963991,2723,882000000,6.48,0,2,2,-7.36231844466243,-6.917145477480417,3.478779603512541,347.4697844982147
-2.9248311940096183,-6.572080588034301,4.554958132087365,-5.413382123560265,-5.867794293406028,3.610708322980693,-0.3160179959824942,-0.007430517863910244,-0.014969435202850191,0.9486059928279971,-0.17940429449679965,0.22287570577559865,0.23467809046450833,0.004567498990581953,-0.02764295095403213,-0.06933977638254873,2724,5000000,6.02,0,2,2,-7.36231844466243,-6.917145477480417,3.478779603512541,347.64878273010254
-2.8610779538735933,-6.537287995309999,4.642886210402717,-5.38560693376635,-5.875625237679994,3.634358564792441,-0.31245689648515496,-0.006252290022406749,-0.014239262956483397,0.9498046325949335,-0.18300621388832736,0.2230979830237771,0.24032576201556757,0.00561110655326047,-0.027796998438134324,-0.07825774300727062,2724,102000000,5.48,0,2,2,-7.36231844466243,-6.917145477480417,3.478779603512541,347.8274486064911
-2.8610779538735933,-6.537287995309999,4.642886210402717,-5.357576887788722,-5.883434304365777,3.6584944330809295,-0.3086646278456396,-0.0050927500867903475,-0.013529893859465588,0.9510610671169426,-0.1862220811310466,0.22285768383419985,0.24504690894679076,0.005339319704944501,-0.02689279481273843,-0.080199318472296,2724,204000000,4.87,0,2,2,-7.36231844466243,-6.917145477480417,3.478779603512541,348.00324296951294
-2.8002327142182644,-6.499031054937685,4.73153346836469,-5.329358689606853,-5.891222735664798,3.683012260743607,-0.3048634523374528,-0.003981620267187293,-0.012870486714862529,0.9523007784836993,-0.18890872377400614,0.22223382678100106,0.2488281890164222,0.0037720868704127497,-0.025334696147183422,-0.07924338497105055,2724,297000000,4.25,0,2,2,-7.1603666372447305,-7.00101803917071,3.6542511457295177,348.19926047325134
-2.8002327142182644,-6.499031054937685,4.73153346836469,-5.300963347273802,-5.898988489771311,3.707926453686385,-0.3011018830215108,-0.0028968678221919916,-0.012447518304879151,0.9535063311199201,-0.1918029973138335,0.22151810704048697,0.2534115544883385,0.00011435126978653898,-0.023148154832597356,-0.07832928022253327,2724,402000000,3.65,0,2,2,-7.125425885541488,-7.011571304538504,3.6827926395924946,348.3743636608124
-2.8002327142182644,-6.499031054937685,4.73153346836469,-5.272409502838327,-5.906723392264528,3.7332155805197433,-0.2973815474970243,-0.0018884807397102034,-0.012121848297700487,0.9546798990460719,-0.19444252052275546,0.22049618002256982,0.2573334218707289,-0.001284525944811321,-0.02113690788974054,-0.07743427559034899,2724,508000000,3.05,0,2,2,-7.090572106864877,-7.021931517848337,3.711483376073736,348.54248881340027
-2.742387911317235,-6.457354749170536,4.82072138219313,-5.243705860376949,-5.914412295368123,3.7589090884190908,-0.29368653729765126,-0.0009417660537411636,-0.01195436355787222,0.9558265658992436,-0.19725633027721787,0.21924440827805242,0.2620456577918497,-0.0031077424182512914,-0.019024590255867224,-0.07698752233409323,2724,600000000,2.48,0,2,2,-7.0557096142877915,-7.032001679017195,3.7403415228693606,348.7277662754059
-2.742387911317235,-6.457354749170536,4.82072138219313,-5.220648911272605,-5.920524062582827,3.7797472363829354,-0.29074907511541837,-0.00024452024277493364,-0.01186616283065962,0.9567257233444996,-0.19928332007780536,0.21803419009484717,0.2652302416876482,-0.003288616858299065,-0.017552284589328337,-0.07637249073013663,2724,702000000,1.93,0,2,2,-7.020999796066924,-7.041899877564976,3.7693400136111963,348.90790462493896
-2.742387911317235,-6.457354749170536,4.82072138219313,-5.185957571437535,-5.929625311214034,3.8113743781858758,-0.28637995516934306,0.0006977622162689474,-0.011735840082426698,0.9580439992310656,-0.2019658532334335,0.21586706415285867,0.26904325714884825,0.0016108991459873323,-0.015725855337223038,-0.07531062219641171,2724,793000000,1.52,0,2,2,-7.020999796066924,-7.041899877564976,3.7693400136111963,349.09776616096497
-2.687629958992159,-6.412311511189544,4.910270339298964,-5.162776155647149,-5.935588319822072,3.832727377511478,-0.28353580076715196,0.0011484571749377235,-0.011240534237720257,0.9588950834786347,-0.20426184488578564,0.21376784248100308,0.2722396603377587,0.009959705221262993,-0.014735571403434733,-0.07317791532841511,2724,900000000,0.99,0,2,2,-7.020999796066924,-7.041899877564976,3.7693400136111963,349.2756679058075
-2.687629958992159,-6.412311511189544,4.910270339298964,-5.133760961230562,-5.942861832351692,3.8597353030646264,-0.28008073835616304,0.0016392375151069467,-0.010545183582617093,0.9599171276758449,-0.20678887708930152,0.21092751571046814,0.27545996131788986,0.010292778733855812,-0.013624492657982046,-0.07101035080268048,2724,994000000,0.78,0,2,2,-6.925623962744717,-7.069418200730336,3.851628283026232,349.45236825942993
-2.687629958992159,-6.412311511189544,4.910270339298964,-5.10473066443542,-5.9499372544999485,3.8870258168792047,-0.2767117524518234,0.0020922937780703016,-0.009895643457760995,0.960899737018563,-0.20903384139644438,0.2080819494911228,0.27793301655333547,0.009561475053487811,-0.012578607038449263,-0.06935665296623483,2725,87000000,0.83,0,2,2,-6.925623962744717,-7.069418200730336,3.851628283026232,349.6263437271118
-2.6360389693210795,-6.363961030678936,4.99999999999999,-5.075689744650285,-5.956798377862661,3.914606392007269,-0.2734129015795631,0.00250897025559093,-0.009321041224598692,0.9618483292643335,-0.21151493299446092,0.2049420040364219,0.2812185707925686,0.008194865040422883,-0.011295656531729037,-0.06794922810513526,2725,183000000,1.15,0,2,2,-6.859740916359906,-7.089287625622273,3.911563304361755,349.81189942359924
-2.6360389693210795,-6.363961030678936,4.99999999999999,-5.052453428021094,-5.962126251841053,3.9368852225643884,-0.270815670928886,0.0028195518287716754,-0.008923488785490291,0.962585733249105,-0.2132761277781099,0.2024272107692314,0.28337166434607075,0.0071634073719906155,-0.010466320145496866,-0.06702681639580987,2725,282000000,1.57,0,2,2,-6.827562289054004,-7.0993210619699605,3.94190495012605,349.98326659202576
-2.587688488810457,-6.312370041007844,5.089729660701031,-5.023423768402964,-5.96859547941393,3.9649378722306072,-0.2676190108475103,0.003180366005924212,-0.008471811807686167,0.963482318836087,-0.21520970042785295,0.19922716936358603,0.2853421892669055,0.006586013250853284,-0.009622355082683498,-0.06577283566002734,2725,372000000,1.94,0,2,2,-6.802161964300532,-7.107361494638344,3.966394230928188,350.1551990509033
-2.587688488810457,-6.312370041007844,5.089729660701031,-4.994415423705183,-5.974838579738146,3.993219807049033,-0.264482302680726,0.0034976740524107594,-0.00802203802132765,0.9643508307410267,-0.21740789937405416,0.19580284994588604,0.28805362290693626,0.0071068624947656645,-0.008661463107273448,-0.06444071113946848,2725,470000000,2.41,0,2,2,-6.802161964300532,-7.107361494638344,3.966394230928188,350.32689094543457
-2.587688488810457,-6.312370041007844,5.089729660701031,-4.971225710172797,-5.979657595796769,4.016024872733357,-0.26202368365905504,0.0037268629356291137,-0.007680472237850195,0.9650236836682311,-0.21894575655690782,0.19303164403631332,0.2897849519863274,0.006669620461252634,-0.008066680129559245,-0.06313668272923678,2725,566000000,2.89,0,2,2,-6.802161964300532,-7.107361494638344,3.966394230928188,350.5021677017212
-2.542645250829466,-6.257612088682768,5.179278617806864,-4.942263972778244,-5.985450786293003,4.044767986264056,-0.25902965081648344,0.003963650127481937,-0.007195956966395842,0.9658344307793626,-0.22115192162577596,0.18933271089394954,0.2928444759664512,0.00895308885446866,-0.007223024158520275,-0.06100014070398174,2725,654000000,3.26,0,2,2,-6.71664564226907,-7.136444670555227,4.053765551170528,350.6791286468506
-2.542645250829466,-6.257612088682768,5.179278617806864,-4.9133290834304475,-5.990960327832417,4.073811066704514,0.2561366209254,-0.00416355954556094,0.0066980817687945305,-0.9666084170404518,-0.2231575081013241,0.1856106110310234,0.2954445341462493,0.008500315016135573,-0.006656751247646753,-0.05900566829950549,2725,739000000,3.73,0,2,2,-6.687216210506646,-7.147039101124843,4.085583994299089,350.8734803199768
-2.542645250829466,-6.257612088682768,5.179278617806864,-4.844099996589077,-6.003079168866414,4.144449003560857,0.24952126357160198,-0.00462992381361586,0.005823073097745272,-0.9683407430500945,-0.2272578704189021,0.17658243174821517,0.3009897632922681,0.004542053648037836,-0.005340590541891288,-0.05551920439756941,2725,855000000,4.19,0,2,2,-6.658065620399344,-7.157452985454939,4.117673848444655,351.27543234825134
-2.5009689450623167,-6.19976728578174,5.268466531635305,-4.80960295941413,-6.008578824450542,4.1802687120180115,0.2463313319483577,-0.004839986950913555,0.005505762463237263,-0.9691579520421638,-0.22897816853467062,0.1724185911508805,0.30338907800804954,0.004379425172373885,-0.0048628071908751735,-0.05440170789370313,2726,79000000,5.23,0,2,2,-6.58828105025336,-7.180950437844616,4.1952658941024294,351.5355134010315
-2.5009689450623167,-6.19976728578174,5.268466531635305,-4.763725358464942,-6.015422328546282,4.228450221011372,0.2423666056999566,-0.00500862098477127,0.005003243301845579,-0.9701589095162578,-0.23114231465481364,0.16727126721049856,0.3061944650912742,0.007178972418842022,-0.002384659273957368,-0.045451688129105605,2726,213000000,5.74,0,2,2,-6.58828105025336,-7.180950437844616,4.1952658941024294,351.83418130874634
-2.4627120046900064,-6.138922046126419,5.357113789597264,-4.723679818421588,-6.0209611447084646,4.270961136329701,0.23962865296386915,-0.004964588455702628,0.004534343638677556,-0.9708413368145967,-0.2328118294385222,0.16350978102139016,0.30824578752985865,0.006460003078245791,-0.00042831165956158657,-0.03620481365942396,2726,369000000,6.38,0,2,2,-6.58828105025336,-7.180950437844616,4.1952658941024294,352.08331775665283
-2.4279194119657,-6.075168805990385,5.44504186791263,-4.672302660591169,-6.027587547442728,4.326041706800735,0.23683601807150395,-0.004809500761070381,0.004039614141965059,-0.9715293360285358,-0.2344211641877915,0.15969114810724114,0.31055864590658483,0.00539667430530244,0.0005750594255005126,-0.028681890398729593,2726,509000000,6.87,0,2,2,-6.470182633548754,-7.220311929889483,4.334370054944553,352.3781132698059
-2.4279194119657,-6.075168805990385,5.44504186791263,-4.626724594845806,-6.0331101584824225,4.375362078312498,0.23483175038860066,-0.004656519764498963,0.003687960581024632,-0.9720178829527066,-0.23563022345954715,0.15700595015021598,0.31239366516614675,0.004501663534028921,0.0007327936941692315,-0.02369282956351526,2726,687000000,7.38,0,2,2,-6.41982049495742,-7.235239850215869,4.39495325792322,352.6650619506836
-2.396628522799361,-6.008605730182392,5.5320736911333475,-4.58689366986502,-6.037718148811554,4.418770530810452,0.23337340640752086,-0.004531052097099008,0.003424484532025006,-0.9723706061241946,-0.2364344774097839,0.15516038666593995,0.3139102217521651,0.0038925380522414343,0.0008001642811450438,-0.019370592781342566,2726,845000000,7.76,0,2,2,-6.41982049495742,-7.235239850215869,4.39495325792322,352.93091106414795
-2.396628522799361,-6.008605730182392,5.5320736911333475,-4.541427247681161,-6.042786528737893,4.468647166971349,0.23206370742807486,-0.0043988772576990754,0.0031690505755258723,-0.9726854798402504,-0.2371219185570225,0.1533896812574686,0.31544557254341343,0.003274246932960523,0.0007780903729326383,-0.014465337608271511,2726,989000000,8.04,0,2,2,-6.332184252226406,-7.253668465455452,4.495766436147548,353.2164752483368
-2.368868910916664,-5.939336404381105,5.61803398874989,-4.501692560797872,-6.047068705001397,4.512496753444081,0.23121768404737608,-0.004296857838928003,0.002982009066102922,-0.9728879828728532,-0.2375639542746779,0.15213132253343048,0.3166998882114419,0.002760521010714001,0.0007231495999349136,-0.010760361510619987,2727,148000000,8.31,0,2,2,-6.332184252226406,-7.253668465455452,4.495766436147548,353.4782774448395
-2.368868910916664,-5.939336404381105,5.61803398874989,-4.46199716399963,-6.051234637592912,4.55652677600803,0.2306053229502426,-0.004205808254505369,0.002825278527627817,-0.9730341792584586,-0.23788957432642155,0.15113370477094815,0.3178197540203699,0.0022826822714705486,0.0007450484929449885,-0.0072184199325420195,2727,288000000,8.51,0,2,2,-6.332184252226406,-7.253668465455452,4.495766436147548,353.74037742614746
-2.344662232104967,-5.867469514633185,5.70274964816269,-4.416672226966228,-6.055879178503268,4.60703775718584,0.23020080967924778,-0.004108096781947185,0.0026756862240175715,-0.9731307987455127,-0.23813946826127577,0.15028175071159075,0.3189455079222377,0.001979859939638118,0.0007135038686101325,-0.0034598543834363227,2727,435000000,8.67,0,2,2,-6.207518924982835,-7.278054279724123,4.646999373375709,354.00847244262695
-2.344662232104967,-5.867469514633185,5.70274964816269,-4.365718691172374,-6.06098557294381,4.664074850331881,0.23006214926371948,-0.0040132401004233315,0.002542060451162793,-0.9731643434223826,-0.23836414235245784,0.14968455063857306,0.3200057703296043,0.0014933064221622772,0.000647487769356303,-7.062501348187311e-05,2727,582000000,8.8,0,2,2,-6.1627912044238355,-7.285453302156804,4.702390571285885,354.33722496032715
-2.3240221090052797,-5.793118514959282,5.786050063307848,-4.326099046893328,-6.064881238476866,4.708578727124639,0.23020723842560875,-0.0039455625664132805,0.0024586603229136608,-0.9731305230553126,-0.23853141682995221,0.14934694326634862,0.32087522446053574,0.0012754156614391832,0.0006862485065539659,0.003806480867751816,2727,764000000,8.88,0,2,2,-6.112343176008398,-7.292164186888144,4.764623877391777,354.60339283943176
-2.306954036853975,-5.716401284042254,5.867767478235114,-4.280824458462308,-6.069252189617832,4.759588780054055,0.2306416232914712,-0.003874249486350833,0.0023875293062088914,-0.9730281247220993,-0.23863660925733146,0.1491305747297129,0.32173035209948353,0.0008760507000715734,0.0006783570938750927,0.0071452475367550505,2727,912000000,8.9,0,2,2,-6.0734872721886335,-7.296681685552083,4.813255877688508,354.87760949134827
-2.306954036853975,-5.716401284042254,5.867767478235114,-4.241211956653995,-6.073010639454134,4.80433230548124,0.23122796960422726,-0.003818404391254837,0.00234196943060083,-0.9728892850883895,-0.23866302549409935,0.14905888154998664,0.3223843905744361,0.0007177299892191513,0.0006265782133141329,0.009914901420415845,2728,67000000,8.85,0,2,2,-6.0734872721886335,-7.296681685552083,4.813255877688508,355.1309885978699
-2.29345531052168,-5.637439771999615,5.947737324945992,-4.201599722639358,-6.076706659804762,4.849168183928221,0.23199657607433966,-0.0037676801530802948,0.0023054035903499774,-0.9727065736337617,-0.23868093289005193,0.14903472747963237,0.3229814556024206,0.0005762356352079223,0.0006404032944828941,0.012648127267311793,2728,204000000,8.76,0,2,2,-6.0734872721886335,-7.296681685552083,4.813255877688508,355.4062201976776
-2.29345531052168,-5.637439771999615,5.947737324945992,-4.150657523405434,-6.081354836445745,4.906936893847329,0.23324598523882534,-0.0037047876688875866,0.002271184954744354,-0.9724080556213008,-0.2387332850578377,0.1491684899666865,0.32367161785330434,0.0004092559549917496,0.0006135576313681668,0.01557009672978893,2728,355000000,8.61,0,2,2,-5.945009088222985,-7.298093040555167,4.9629410445177,355.6898581981659
-2.2835149731391997,-5.556359638266128,6.025798554811816,-4.116683538473292,-6.084389286924491,4.945518829821409,0.2342164371992761,-0.0036679066023398758,0.002255067796729593,-0.9721749439663965,-0.23869352013689943,0.14927364622519043,0.3240891888029128,0.0003103683440031091,0.0005615477505216404,0.01754127788444748,2728,518000000,8.36,0,2,2,-5.890445369706787,-7.293655156463377,5.022892225746875,355.95736384391785
-2.2835149731391997,-5.556359638266128,6.025798554811816,-4.071380045695436,-6.088348285923228,4.997039525837944,0.23569171821904894,-0.003623432799333709,0.0022407579989967372,-0.9718185343474837,-0.23858297628842337,0.1494666578446168,0.32459766164639886,0.0001906182319544314,0.0005867531797321135,0.020602050062734634,2728,654000000,8.16,0,2,2,-5.854164971928196,-7.289706087694076,5.0627016555289694,356.2209403514862
-2.2771137865418183,-5.4732898816341,6.101793962904206,-4.037397252334079,-6.091247320478045,5.035735579458469,0.2369640263735882,-0.00358984141223761,0.002241605119082862,-0.971509206569831,-0.23850834357269565,0.1496254437523741,0.3249887790737739,-6.614435577034783e-05,0.0006395639388756535,0.02285403879795922,2728,799000000,7.85,0,2,2,-5.854164971928196,-7.289706087694076,5.0627016555289694,356.4651644229889
-2.2771137865418183,-5.4732898816341,6.101793962904206,-3.992075505787969,-6.095001661609178,5.087406832016688,0.23884818669628533,-0.0035461262646375386,0.0022554666155152085,-0.9710478266134777,-0.23840196438054778,0.14986667862506584,0.32549571328701254,-0.00014302695490187034,0.0006395580840035109,0.025624117733968887,2728,932000000,7.6,0,2,2,-5.7742753566677045,-7.281676367757976,5.1564967235111965,356.7583804130554
-2.2742242237043486,-5.388362463517386,6.175570504584939,-3.952407609273324,-6.09817788624359,5.132685005468531,0.24066778179687237,-0.0035112087547250464,0.002271040773625441,-0.9705985434729738,-0.23827294783369063,0.15013358915344002,0.32589747967105853,-0.0001991623435060319,0.0005981938556942623,0.0277089255177998,2729,86000000,7.25,0,2,2,-5.73332061109505,-7.279381349796326,5.211598793835069,357.003867149353
-2.2742242237043486,-5.388362463517386,6.175570504584939,-3.907059542547114,-6.101676881942811,5.184499359532525,0.24291223777415,-0.003476933834580265,0.0022918110698500523,-0.9700393307864816,-0.23809645746327585,0.15047850526239995,0.3263142662554328,-0.00025802958418807975,0.0005407823380210175,0.030118484392005485,2729,225000000,6.93,0,2,2,-5.700111300822299,-7.278516797123512,5.260901979011458,357.28264689445496
-2.2748104832793112,-5.301711925520624,6.246979603717468,-3.856023405446426,-6.1054270954010805,5.242868148881651,0.24566029817596952,-0.003439937879333161,0.0023196139245685228,-0.969347101980875,-0.2379397800173479,0.15083363399046545,0.3267321769530159,-0.00030638407508831733,0.0006028287600656768,0.0325430173688801,2729,387000000,6.54,0,2,2,-5.663386485336114,-7.276894231339333,5.317265600489736,357.5989480018616
-2.2788285262904413,-5.213475002407638,6.315877451879423,-3.8106355509437195,-6.108565051917022,5.294813409374962,0.2483292597507838,-0.003405713419927241,0.002347434453435964,-0.9686668516157739,-0.23784775078910814,0.15111758098185488,0.32706300611903344,-0.0003405877151863024,0.0006030128361089737,0.0359084802767029,2729,572000000,6.07,0,2,2,-5.624053261305924,-7.27451298939565,5.380827752860813,357.8548786640167
-2.2788285262904413,-5.213475002407638,6.315877451879423,-3.7709048954947324,-6.111139033118738,5.340308542973797,0.2508622617701825,-0.0033780622811716383,0.002372709002462659,-0.9680139898610771,-0.23772948038816777,0.15131157833778125,0.32732518313180675,-0.00035787361696293374,0.0005780568358204619,0.03876226364809554,2729,718000000,5.64,0,2,2,-5.624053261305924,-7.27451298939565,5.380827752860813,358.1097500324249
-2.286226134973271,-5.123790231571948,6.382125297973725,-3.736841535575004,-6.113204097484017,5.3793317462073995,0.25317857593268656,-0.003354327936402928,0.0023893629725765322,-0.9674107959483278,-0.2376372390920487,0.1515450762448341,0.3274877469715376,-0.00019580421337650478,0.0005906804688038392,0.04086876142537221,2729,862000000,5.25,0,2,2,-5.624053261305924,-7.27451298939565,5.380827752860813,358.3420798778534
-2.286226134973271,-5.123790231571948,6.382125297973725,-3.697083364487064,-6.115447053509482,5.424880589633758,0.2560116752507673,-0.0033249500009740716,0.0024044068297449242,-0.9666649810925103,-0.23749527358518924,0.1518468711458583,0.3276312156781556,-0.00022520574702866725,0.0005895116714782489,0.042667526213335805,2729,988000000,4.9,0,2,2,-5.624053261305924,-7.27451298939565,5.380827752860813,358.58493304252625
-2.2969429936938752,-5.032797560119191,6.4455897276547764,-3.6629980346876505,-6.11721825425532,5.46393795838856,0.2585276310243407,-0.003303068742484074,0.002422421559218926,-0.9659951788738981,-0.23736404509616577,0.15204442534870358,0.3277090486003709,-0.00041381545372587425,0.000535221727204771,0.04411297231854405,2730,123000000,4.51,0,2,2,-5.624053261305924,-7.27451298939565,5.380827752860813,358.83360505104065
-2.2969429936938752,-5.032797560119191,6.4455897276547764,-3.6175408926364887,-6.119342447075924,5.516025059258063,-0.26200820575790795,0.003282510349243568,-0.0024528964785918844,0.9650569457499355,-0.23720543201793606,0.15229123586123353,0.32776660217596576,-0.0004101410411294637,0.00046148250305577676,0.045918817340862006,2730,256000000,4.2,0,2,2,-5.624053261305924,-7.27451298939565,5.380827752860813,359.0972578525543
-2.3109107918163154,-4.940637950673698,6.506142932007222,-3.5607039374668012,-6.121604611881121,5.58114776609234,-0.2665411049574261,0.003262970555436059,-0.0024878762400636248,0.9638148177233231,-0.23698040299773565,0.15264489440145335,0.32783244437389775,-0.0003984723605299223,0.0004131520910277686,0.047945138067007065,2730,399000000,3.89,0,2,2,-5.624053261305924,-7.27451298939565,5.380827752860813,359.43329644203186
-2.3109107918163154,-4.940637950673698,6.506142932007222,-3.5379646958385993,-6.122384219244801,5.607200770170115,-0.26840888690837256,0.0032563872461717123,-0.0025012162364684578,0.9632963247558093,-0.23688409016378623,0.15279716846718225,0.32785682533914123,-0.00039610456212813006,0.00040146736068891187,0.04880543674516957,2730,600000000,3.75,0,2,2,-5.624053261305924,-7.27451298939565,5.380827752860813,359.6025655269623
-2.328053348328999,-4.8474529870219545,6.563662964936058,-3.515223124344575,-6.123090737955715,5.633255851948246,-0.2703016486241245,0.0032503535449324677,-0.002514270203630009,0.9627669148855584,-0.2367861289380127,0.15295182421208786,0.327880119994347,-0.0003929601462004939,0.00038969550075762527,0.049355958617525175,2730,680000000,3.8,0,2,2,-5.375477335325848,-7.205750777490322,5.757482104241068,359.77864360809326
-2.328053348328999,-4.8474529870219545,6.563662964936058,-3.4816879514903594,-6.12335159084208,5.672152980691355,-0.2723904960147678,0.003507713012041428,-0.003158242437360821,0.9621752122846237,-0.2338946617247743,0.13562809923492072,0.32419724417880014,-0.017263162590097636,-0.0028148220962975756,0.02056393786915578,2730,773000000,3.91,0,2,2,-5.375477335325848,-7.205750777490322,5.757482104241068,359.97290539741516
-2.348286757980274,-4.753384480702025,6.618033988749891,-3.4550816332431427,-6.121957560404553,5.7040594693470945,-0.27281229671714097,0.003932212022336,-0.0038968401437532024,0.9620513515948221,-0.2307556790717531,0.1162654527780643,0.31922366576286815,-0.017732895321387332,-0.004818281286134152,0.0009747124039449773,2730,881000000,4.13,0,2,2,-5.375477335325848,-7.205750777490322,5.757482104241068,360.17094683647156
-2.348286757980274,-4.753384480702025,6.618033988749891,-3.424744444762968,-6.118417836419306,5.741737440300178,-0.27243402267368655,0.004508864201943832,-0.004812612924431519,0.96215186545071,-0.2273190991884916,0.09426886952272161,0.31402153990851434,-0.015739858463348355,-0.005238816811470315,-0.011377020382496994,2730,983000000,4.27,0,2,2,-5.3157361710569475,-7.177540336713489,5.8549886665461885,360.35553765296936
-2.348286757980274,-4.753384480702025,6.618033988749891,-3.405413722922141,-6.115026742205509,5.76649682363059,-0.2718915496441972,0.00484949880477689,-0.005266620047684602,0.9623012679544243,-0.2251976019063763,0.08069692009346158,0.31048267503055704,-0.006383301933965413,-0.005163807827557321,-0.015512116442550905,2731,97000000,4.39,0,2,2,-5.29208334371777,-7.164517396860028,5.8931587171143605,360.53363609313965
-2.3715195586141586,-4.6585740796424515,6.6691465074425995,-3.3776911078920433,-6.10835446435863,5.803157182635364,-0.27096167102380164,0.005026875044315671,-0.004756951896619958,0.9625652574095591,-0.2229095433731144,0.06044290494876944,0.30573179654483373,0.010677707450668095,-0.005200543364480836,-0.01614577395230299,2731,186000000,4.44,0,2,2,-5.276327369884388,-7.155246949264217,5.91831294448815,360.7124252319336
-2.3715195586141586,-4.6585740796424515,6.6691465074425995,-3.3600031471429097,-6.102892989341115,5.827281659596737,-0.27036799523544847,0.005095645978252325,-0.0042640971585348785,0.9627341268594622,-0.221420232270019,0.04824247690888513,0.30232760436376427,0.01158957056759391,-0.004946826038576546,-0.014844287034065928,2731,297000000,4.5,0,2,2,-5.276327369884388,-7.155246949264217,5.91831294448815,360.91352939605713
-2.3715195586141586,-4.6585740796424515,6.6691465074425995,-3.3345634271581774,-6.093330148231723,5.862941640787862,-0.26961426643894665,0.005179209168442332,-0.0035518997067928125,0.9629479254525921,-0.21921955236993243,0.03147696615638907,0.29689638800254,0.012053342288709246,-0.004285141358195688,-0.011616660594881978,2731,393000000,4.54,0,2,2,-5.276327369884388,-7.155246949264217,5.91831294448815,361.12353134155273
-2.397652919338544,-4.563162879944184,6.716897587203733,-3.3143102778296023,-6.0841458207958,5.892219602660046,-0.2691364238135316,0.005192082632847787,-0.002875621379670094,0.9630837754092203,-0.21765456930487134,0.017963076711089286,0.2930808390770242,0.012663959296332905,-0.0036570807878888445,-0.008588466789660743,2731,508000000,4.58,0,2,2,-5.214818748586575,-7.114794857078696,6.016917456193563,361.2979779243469
-2.397652919338544,-4.563162879944184,6.716897587203733,-3.294861873246312,-6.0739313934120736,5.921103580686261,-0.2688107397946717,0.00518604210869146,-0.0022393347251896934,0.9631764513931371,-0.2160544320101278,0.0057927139082290125,0.28898855540298835,0.012298587898840196,-0.0030551623694918817,-0.005510123946805834,2731,611000000,4.63,0,2,2,-5.214818748586575,-7.114794857078696,6.016917456193563,361.47128224372864
-2.4265808491002945,-4.467291041887107,6.761191063713475,-3.276157541948023,-6.06279352538361,5.949572420035341,-0.2686227108503755,0.0051568853975785065,-0.0016275315857052748,0.9632302927593844,-0.21441030260575342,-0.005166560676535605,0.28473891992076644,0.01173059126813314,-0.0024651983949297573,-0.00283527588180732,2731,702000000,4.67,0,2,2,-5.176555217437163,-7.086095210026752,6.0764269759293805,361.64971256256104
-2.4265808491002945,-4.467291041887107,6.761191063713475,-3.25815971899153,-6.05078729814893,5.9776490266336735,-0.2685515735583652,0.005170674930089891,-0.0012975804936860027,0.9632505555383581,-0.21285671827461372,-0.015969528565047242,0.28100439696034074,0.004894563880952774,-0.00172142692917987,-0.0004707741112497388,2731,799000000,4.72,0,2,2,-5.157467642298684,-7.070758882398604,6.105552143144301,361.84571862220764
-2.4265808491002945,-4.467291041887107,6.761191063713475,-3.2408358958273604,-6.037968241719435,6.0053505042169775,-0.2685915721026341,0.005176811227348188,-0.0010582646554462855,0.9632396628549256,-0.21129780880644952,-0.025945780283798285,0.2772546187950559,0.005315518365023308,-0.001154408289494313,0.0018608933601171884,2731,902000000,4.78,0,2,2,-5.157467642298684,-7.070758882398604,6.105552143144301,362.0202739238739
-2.458190425185273,-4.37109741122714,6.801937735804835,-3.224164998390655,-6.024339519895403,6.032710926491503,-0.26875309172646666,0.005134119423938609,-0.0007355289532399154,0.9631951388490108,-0.21001267630054593,-0.03597852961396457,0.27400476016460373,0.006969146124902181,-0.0007100701395756914,0.004439834219738259,2731,999000000,4.84,0,2,2,-5.121085638476557,-7.0391499433251035,6.163155104480738,362.19942688941956
-2.458190425185273,-4.37109741122714,6.801937735804835,-3.2081069911843,-6.009954416419649,6.059734092503354,-0.2690365380875623,0.0050597188307876986,-0.00037025130087707785,0.9631166094161117,-0.20869644941696913,-0.044780117005807855,0.27049718460951144,0.007540060732935672,-0.0003771160606902413,0.00692346366122365,2732,101000000,4.92,0,2,2,-5.121085638476557,-7.0391499433251035,6.163155104480738,362.39302110671997
-2.458190425185273,-4.37109741122714,6.801937735804835,-3.192615470631203,-5.994906150614128,6.0863922949487845,-0.2694329451459449,0.004969802637101586,-4.90959463558642e-07,0.9630063287079111,-0.20733720257278992,-0.05267027604435126,0.26680677514236045,0.007572174536107923,-0.00011994615434218758,0.009181575842376333,2732,212000000,5.0,0,2,2,-5.08961679421289,-7.007743929493567,6.220975728732753,362.57004737854004
-2.492362041105416,-4.274719146831802,6.839055545102903,-3.1776738557191653,-5.97921433046706,6.112709638587555,-0.2699412967851278,0.004864079523021474,0.0003654813672783722,0.9628644263050365,-0.2061179867697557,-0.060587298405768986,0.26361099960218304,0.007614703145009116,0.00022876495222590165,0.011473898848635145,2732,298000000,5.11,0,2,2,-5.076343847261358,-6.992453165819308,6.250323346751152,362.74701857566833
-2.492362041105416,-4.274719146831802,6.839055545102903,-3.1632531262525077,-5.962924328767858,6.138689371170545,-0.2705505982324353,0.004746509573179301,0.0007259930756885538,0.9626937817276048,-0.2048597778318241,-0.06750884377465731,0.2600645259186992,0.00756688650653814,0.00039522133192804176,0.013492865036823787,2732,403000000,5.22,0,2,2,-5.076343847261358,-6.992453165819308,6.250323346751152,362.9258930683136
-2.492362041105416,-4.274719146831802,6.839055545102903,-3.149313212409374,-5.946116877417925,6.164297289241205,-0.2712504111169505,0.004620380567326243,0.0010926120071122825,0.9624971027235876,-0.2035981880943052,-0.07365694313217716,0.25632617365800014,0.00815164394225576,0.0005057505916283844,0.015297188838303555,2732,498000000,5.34,0,2,2,-5.052240674573229,-6.961396946471588,6.30892136439654,363.123259305954
-2.5289696732811873,-4.178291355680664,6.872469741279475,-3.133209941787993,-5.925261465620705,6.19456733125916,-0.27222021533356794,0.004432826395593381,0.0016265163128474508,0.9622233934272104,-0.2022796735857734,-0.08134419035467627,0.2523255305000246,0.009523513745079981,0.0006350556361667259,0.01785689364623977,2732,601000000,5.46,0,2,2,-5.052240674573229,-6.961396946471588,6.30892136439654,363.3302628993988
-2.5289696732811873,-4.178291355680664,6.872469741279475,-3.1177579199232075,-5.9037005102896565,6.2243265321983365,-0.27331401414717826,0.004237334076840841,0.0021661342669379927,0.961913095104238,-0.2009602923393483,-0.08794887173163582,0.24797062820843338,0.009469026826991467,0.0006913993900070636,0.01970048306247918,2732,720000000,5.61,0,2,2,-5.052240674573229,-6.961396946471588,6.30892136439654,363.5319256782532
-2.56788116587496,-4.081946736232923,6.902113032590306,-3.1053370069116197,-5.885272426914276,6.248715228967132,-0.27429573139404245,0.004072155197211187,0.002608024488435845,0.9616332291988068,-0.1998982621319185,-0.09300891462429897,0.24441849480609118,0.009321542802354088,0.0007584496870549629,0.02105629500874784,2732,843000000,5.76,0,2,2,-5.052240674573229,-6.961396946471588,6.30892136439654,363.7044517993927
-2.56788116587496,-4.081946736232923,6.902113032590306,-3.093335468986723,-5.866405943415713,6.272764901757458,-0.275351508627222,0.0039048921937036574,0.003042925300593035,0.9613308687019695,-0.1989356717708152,-0.09826944777692563,0.24121243697777145,0.009011626480059931,0.0008194170959541225,0.0225508618314052,2732,942000000,5.89,0,2,2,-4.992760533204079,-6.88129995708215,6.429256730137139,363.87977957725525
-2.56788116587496,-4.081946736232923,6.902113032590306,-3.079461758944113,-5.843236891311662,6.301165085951902,-0.27670024712896285,0.0037169695129413882,0.003502218705341459,0.9609427099679515,-0.19770695443194453,-0.10388923545725828,0.23704026344518883,0.005177698767511174,0.0009284996167480131,0.024176193073799368,2733,42000000,6.01,0,2,2,-4.977985137576256,-6.860962386520982,6.4549230208950545,364.0810217857361
-2.6089585330799085,-3.985815231137935,6.927925721391705,-3.06833763737802,-5.823511310597415,6.324457168704737,-0.27790733701558146,0.0036074358096210048,0.0036809234616277256,0.9605940605907662,-0.1966467217199624,-0.10853224144133214,0.23371069759680374,0.0035681568760992377,0.0011151506441819947,0.025805156292335596,2733,157000000,6.16,0,2,2,-4.959611684408392,-6.835569698042956,6.484856163564465,364.2801094055176
-2.6089585330799085,-3.985815231137935,6.927925721391705,-3.057593867609884,-5.803448733107212,6.347404626792054,-0.27917902965536046,0.0034980192018631852,0.0038372827636647083,0.9602250301483222,-0.19556186765840847,-0.11256169171759237,0.2302404829831516,0.0035315681088832207,0.0012004268569398846,0.02694098584470339,2733,271000000,6.29,0,2,2,-4.959611684408392,-6.835569698042956,6.484856163564465,364.477383852005
-2.652058278119881,-3.8900236902344916,6.949855824363648,-3.0472057680186264,-5.783105666491668,6.369988057590485,-0.2804935651610292,0.003382859283407393,0.00399551729741708,0.9598416286074749,-0.19441928969052627,-0.11601421118291136,0.2265724771406174,0.0037760904433525866,0.0012928952173751895,0.02769441980490228,2733,369000000,6.43,0,2,2,-4.929296773825134,-6.791800641501101,6.533145286875165,364.642861366272
-2.652058278119881,-3.8900236902344916,6.949855824363648,-3.035220119006248,-5.758279986648285,6.3966170348626346,-0.2821369597646957,0.0031810869286586795,0.004413719383328069,0.9593587106509702,-0.19335114341979226,-0.12107786814364363,0.22242465768288278,0.008355487534572603,0.0010985542417074612,0.029112250194884837,2733,459000000,6.57,0,2,2,-4.929296773825134,-6.791800641501101,6.533145286875165,364.8476085662842
-2.652058278119881,-3.8900236902344916,6.949855824363648,-3.0256305090384483,-5.737236396745484,6.418408680534671,-0.28355750502650373,0.0030102133679223977,0.004788689856105978,0.9589385529887124,-0.1924807737544323,-0.125005557178609,0.21888314137589027,0.0070815315666550305,0.0010468803225194279,0.030084468198765535,2733,579000000,6.75,0,2,2,-4.929296773825134,-6.791800641501101,6.533145286875165,365.0300064086914
-2.6970317281683824,-3.7946955447527406,6.967859177197259,-3.0182248701263745,-5.72015730704848,6.4355899320621734,-0.28473104740160005,0.002887500357506505,0.00503481748907976,0.9585898724689952,-0.1918538732199954,-0.12833287924277365,0.21624245012843607,0.006439987600970198,0.001100603367376607,0.03092847255175002,2733,679000000,6.91,0,2,2,-4.8885603242184406,-6.7213407423604865,6.608591473772388,365.2024564743042
-2.6970317281683824,-3.7946955447527406,6.967859177197259,-3.0075413878426205,-5.6941620878687065,6.460942161048547,-0.28653836708018837,0.0027078239931040047,0.0053847842087877355,0.958049808715218,-0.19088202208836838,-0.13267690738092602,0.21203260154813502,0.006179310594234266,0.001042982182752894,0.03175121710228268,2733,771000000,7.04,0,2,2,-4.8885603242184406,-6.7213407423604865,6.608591473772388,365.39587926864624
-2.6970317281683824,-3.7946955447527406,6.967859177197259,-2.9990013803796542,-5.672212290007899,6.481658049152275,-0.28807038993534745,0.002567698206102022,0.005653455943112587,0.957589105934439,-0.19000852854575995,-0.135811906311423,0.2083003396849452,0.0047193910177156795,0.0009964422474695311,0.03232229428249411,2733,880000000,7.23,0,2,2,-4.865935244170258,-6.676461565018903,6.653760241686885,365.5911955833435
-2.7437253843499,-3.6999504935978362,6.981899523535869,-2.9891982782489106,-5.645522925647467,6.5060318826733345,-0.2899727917993776,0.00242837569325293,0.005860297337503228,0.9570138661078446,-0.1890049372829361,-0.1399045184306809,0.20401677173790742,0.003573089929886919,0.0011085283745160268,0.03367129356774967,2733,987000000,7.39,0,2,2,-4.865935244170258,-6.676461565018903,6.653760241686885,365.77613520622253
-2.7437253843499,-3.6999504935978362,6.981899523535869,-2.982924854727256,-5.627533501087532,6.52198827439678,-0.29127442534039744,0.0023368631017051016,0.005982609400870851,0.9566179784000621,-0.1883378863404457,-0.14228020531922442,0.20111396954991698,0.0034198751563963015,0.0011530057918207604,0.0342204119078815,2734,97000000,7.58,0,2,2,-4.865935244170258,-6.676461565018903,6.653760241686885,365.95074820518494
-2.7437253843499,-3.6999504935978362,6.981899523535869,-2.97535709313643,-5.604874540041098,6.541577396081386,-0.2929165247049818,0.002220488774289488,0.0061360890262854954,0.9561157499988273,-0.18738971470207463,-0.1446660054695985,0.19706661210619267,0.0033652988577159704,0.0011696862316057377,0.034423861870891415,2734,188000000,7.71,0,2,2,-4.865935244170258,-6.676461565018903,6.653760241686885,366.1128795146942
-2.7919812859434368,-3.605904202557586,6.9919485879904775,-2.9695289457432015,-5.58659231370551,6.55696450005407,-0.2942435549359475,0.0020962172256248097,0.00636660453991892,0.9557069648164291,-0.1868118880567855,-0.14735593697603916,0.1940872655329762,0.0071564189056516625,0.0010387562838332087,0.034909052919829264,2734,279000000,7.87,0,2,2,-4.865935244170258,-6.676461565018903,6.653760241686885,366.2954626083374
-2.7919812859434368,-3.605904202557586,6.9919485879904775,-2.9611763417616563,-5.558872543169698,6.579576637970829,-0.2962544372884537,0.0018963789722213058,0.006778594458083606,0.9550831182629438,-0.1859264425633546,-0.1508140168617168,0.18942680083851818,0.007323461750274873,0.0008887639580734685,0.03514968957460951,2734,364000000,8.01,0,2,2,-4.815416053044986,-6.564316827439417,6.753668057879987,366.5021586418152
-2.8416373878679044,-3.5126680172366744,6.997986133082629,-2.9545508079633036,-5.535547609942614,6.597966975315283,-0.2979401221768917,0.0017514323625849857,0.0070693153284662955,0.9545567771812659,-0.18513051379866086,-0.1534502199864264,0.1853668567802414,0.003312097055641061,0.0008434359415332437,0.035671120713232085,2734,490000000,8.21,0,2,2,-4.804013597114425,-6.535444264549343,6.776887094078678,366.66789269447327
-2.8416373878679044,-3.5126680172366744,6.997986133082629,-2.94824176739912,-5.512011592372024,6.615950608751703,-0.29967387484209224,0.0016645970629600416,0.0071503768929999,0.9540134537646898,-0.18435128223739625,-0.15634002926504306,0.18143995558620019,0.001579921104166715,0.0010251782441628166,0.0367967917554779,2734,585000000,8.38,0,2,2,-4.804013597114425,-6.535444264549343,6.776887094078678,366.84117341041565
-2.8416373878679044,-3.5126680172366744,6.997986133082629,-2.942232327714505,-5.4882886693037545,6.633533363114,-0.30144418525249134,0.0015769477604470309,0.007211617838381597,0.9534552474979492,-0.18361285514320916,-0.15875455006130354,0.1774197173715814,0.002479551983469719,0.0010931782071565976,0.03736840299097821,2734,677000000,8.55,0,2,2,-4.787241266444699,-6.487106239397673,6.814351851825299,367.01200103759766
-2.8925279504904227,-3.420348690478687,7.0,-2.93653796703116,-5.464346864693967,6.650708044086955,-0.30323936079419156,0.001435858887626399,0.007447581801480066,0.9528842332097299,-0.1829987517890492,-0.1619599703869737,0.1733892682516804,0.005781210575150908,0.000962315755259624,0.0378407676180359,2734,779000000,8.74,0,2,2,-4.779936779486017,-6.462845558912583,6.832515906595437,367.20431995391846
-2.8925279504904227,-3.420348690478687,7.0,-2.9311588391215673,-5.440176163321023,6.667462358834104,-0.3050442046649206,0.0012915241079592744,0.0077114410563040026,0.952306095140979,-0.18242612625568935,-0.16470427086951195,0.16924729300113045,0.005686579379471368,0.0008523405881533108,0.03791671624640003,2734,888000000,8.93,0,2,2,-4.779936779486017,-6.462845558912583,6.832515906595437,367.3862693309784
-2.8925279504904227,-3.420348690478687,7.0,-2.9260705025467684,-5.415822264778092,6.683788532828659,-0.3068482746378466,0.0011514546691189665,0.007963032383850356,0.951724435232791,-0.18177743528376683,-0.16697373891409023,0.16507492352865444,0.0053096621286385925,0.0008738688563880714,0.037906259967712685,2734,995000000,9.11,0,2,2,-4.779936779486017,-6.462845558912583,6.832515906595437,367.55223774909973
-2.9444839407633383,-3.3290481249933923,6.997986133082629,-2.921285244943048,-5.39126525050437,6.69968616467094,-0.30866439845432875,0.0010135684252423867,0.00820831151810546,0.9511350510983687,-0.18124385828640005,-0.1699835251769992,0.16090496964177933,0.005193457354835118,0.000821086007363192,0.03837225158349611,2735,95000000,9.3,0,2,2,-4.761395427111569,-6.389707837529872,6.884467443744349,367.7210886478424
-2.9444839407633383,-3.3290481249933923,6.997986133082629,-2.916808457283089,-5.3665017933237005,6.7151531799536714,-0.31049386427598724,0.0008846276365397218,0.00842922328939608,0.9505375983492957,-0.18062037306412337,-0.17254853890694827,0.1566782776157932,0.004598383702614228,0.0007844429262604535,0.038560153188882396,2735,189000000,9.49,0,2,2,-4.755944900768694,-6.365048941433313,6.900808287855853,367.8969531059265
-2.9444839407633383,-3.3290481249933923,6.997986133082629,-2.913430395442648,-5.34657616270518,6.727210768216999,-0.3119596249055001,0.0007861394844424544,0.008590329008922185,0.9500561986856613,-0.18012175497811353,-0.17411128744304125,0.15317990911149273,0.004282812051314977,0.000794211388210897,0.03856370058201719,2735,278000000,9.68,0,2,2,-4.755944900768694,-6.365048941433313,6.900808287855853,368.0814092159271
-2.997333443662269,-3.2388631318613967,6.9919485879904775,-2.9086998531394705,-5.316502629537326,6.744759924284531,-0.31418838954172384,0.0006789207589950295,0.008694844981628484,0.949320596329041,-0.17938517032630993,-0.1770106602871111,0.14783859652854853,0.001230749262504105,0.0008850129177062627,0.03964816278312355,2735,371000000,9.83,0,2,2,-4.747037799956967,-6.320302679911163,6.928957331062842,368.27573561668396
-2.997333443662269,-3.2388631318613967,6.9919485879904775,-2.905775823117432,-5.296329638428475,6.756097402094273,-0.3157053371507854,0.0006156224740722178,0.008727426347195942,0.9488169439532752,-0.17887217116354132,-0.17867349540604846,0.14426171409567062,0.001047413979904377,0.0009593926847628609,0.040177841583499685,2735,482000000,10.06,0,2,2,-4.747037799956967,-6.320302679911163,6.928957331062842,368.4401249885559
-2.997333443662269,-3.2388631318613967,6.9919485879904775,-2.90302221676392,-5.276085543288698,6.767141495986143,-0.3172350322178459,0.0005508200808568243,0.00875450447789643,0.9483063795959232,-0.17828419813306579,-0.17997941239452028,0.14056560857201444,0.0009261498860269057,0.0010297777521373064,0.04042143227707129,2735,565000000,10.22,0,2,2,-4.73911556371519,-6.2702714696134345,6.958500269582321,368.6128885746002
-3.050902082867557,-3.149885205540721,6.981899523535869,-2.8992169306271407,-5.245571363234209,6.783157841237112,-0.3195449485111506,0.0004367494845365612,0.008833455377479447,0.9475298439611219,-0.1776186416043329,-0.18270633256594893,0.13511209637656063,0.0022689668185194023,0.0010495109563635197,0.04078013225807808,2735,654000000,10.39,0,2,2,-4.73911556371519,-6.2702714696134345,6.958500269582321,368.810378074646
-3.050902082867557,-3.149885205540721,6.981899523535869,-2.8963588007090473,-5.219974274007277,6.795989509835709,-0.3214745296507421,0.00033022083494597607,0.008931086306112394,0.9468760496693466,-0.1770478955450216,-0.1847337087187148,0.13043333051719946,0.0023429635803040583,0.0010492598221389926,0.04068785019626375,2735,768000000,10.63,0,2,2,-4.73911556371519,-6.2702714696134345,6.958500269582321,368.97620129585266
-3.1050134496039394,-3.062200315950648,6.967859177197259,-2.893762572617123,-5.194265711393277,6.808356394117456,-0.3233927189655887,0.0002288330666369064,0.009017143616343256,0.9462218492914192,-0.17644577295888336,-0.1864121843097077,0.12591423957960934,0.002036713931374834,0.0010199554026257829,0.04043955195811577,2735,864000000,10.84,0,2,2,-4.73911556371519,-6.2702714696134345,6.958500269582321,369.15329909324646
-3.1050134496039394,-3.062200315950648,6.967859177197259,-2.891440027747059,-5.168415204497404,6.820257284271744,-0.3253056348093348,0.00012093980896737272,0.00912575235058917,0.9455648840660771,-0.17603867571236925,-0.18886480417631038,0.12122631679171925,0.002732087818912987,0.0009750609024195,0.04044923989567906,2735,962000000,11.05,0,2,2,-4.726170278032504,-6.167895983361328,7.010998328143478,369.3398823738098
-3.1050134496039394,-3.062200315950648,6.967859177197259,-2.889392760444399,-5.1424155407952234,6.831677534196729,-0.32721163684670945,1.4923182941631481e-05,0.009237320459288375,0.9449059299211366,-0.17557430360899243,-0.19092951094038058,0.11644014495672936,0.001794288311884884,0.0009140695567566581,0.04036764621559996,2736,67000000,11.25,0,2,2,-4.7233154598596485,-6.141713771702583,7.02266635233326,369.52429842948914
-3.159489538528554,-2.9758887181581546,6.949855824363648,-2.8873119258424476,-5.111013545435542,6.844719134067225,-0.32954358937714795,-5.8795180020343625e-05,0.00920691363965619,0.9440954676222022,-0.1750245064063328,-0.19381267693175183,0.11032958301580731,-0.0006668101889317768,0.001031320368838351,0.04167268198216334,2736,173000000,11.46,0,2,2,-4.7233154598596485,-6.141713771702583,7.02266635233326,369.71038937568665
-3.159489538528554,-2.9758887181581546,6.949855824363648,-2.885878620780998,-5.084697427969168,6.85503504144227,-0.3315237425758793,-0.00011713407470619313,0.00914996027794467,0.9434024976726545,-0.17457046189031394,-0.19568337976204817,0.10538565399900295,-0.0008489140952860907,0.0011755088394238555,0.0421304543124279,2736,293000000,11.71,0,2,2,-4.7233154598596485,-6.141713771702583,7.02266635233326,369.87825894355774
-3.159489538528554,-2.9758887181581546,6.949855824363648,-2.884694122936478,-5.058287087075095,6.864866969939818,-0.3335117568148614,-0.0001795333190934053,0.009085067480708824,0.9427021466947674,-0.1740838719643856,-0.19719434344564205,0.10062702402272528,-0.0009890640171761333,0.001302464431773842,0.04220033806632273,2736,389000000,11.93,0,2,2,-4.7154794962128275,-6.056477907840588,7.056110739460282,370.07209730148315
-3.214151189536002,-2.8910247801396665,6.927925721391705,-2.883771134348108,-5.031758079753945,6.874204803911525,-0.33549372622207246,-0.0002684587462986679,0.009091240240207698,0.9419985334099119,-0.17373862856335323,-0.1994399790534084,0.0955318055667336,0.0008481354200284841,0.001256376185665431,0.041983176197391,2736,492000000,12.15,0,2,2,-4.7135622090623714,-6.029485702027652,7.065332970526626,370.2377314567566
-3.214151189536002,-2.8910247801396665,6.927925721391705,-2.8832255998448018,-5.010442232928421,6.881305152247222,-0.3370676975370188,-0.00034053424883402194,0.00910960156290257,0.9414362784983821,-0.17340552667876938,-0.20091506501035364,0.09142990670017856,0.0008260598974629829,0.0011399005643397686,0.04167062652413733,2736,586000000,12.36,0,2,2,-4.7135622090623714,-6.029485702027652,7.065332970526626,370.4149925708771
-3.214151189536002,-2.8910247801396665,6.927925721391705,-2.882767245653863,-4.983712845995855,6.889726710797046,-0.33901648118263045,-0.00042339469692510064,0.009122764775984615,0.9407361061351476,-0.1729349817279672,-0.20242155996904718,0.08646987519657831,0.0005525349479285069,0.0010984595860463742,0.04121584788663313,2736,668000000,12.54,0,2,2,-4.7135622090623714,-6.029485702027652,7.065332970526626,370.59113001823425
-3.2688185343304266,-2.807676829038037,6.9021130325903055,-2.8825567854782532,-4.956888745669198,6.897637107570006,-0.3409521937081797,-0.0004979764785427781,0.00911785742768036,0.9400362856299405,-0.17256918344028677,-0.20434433272820418,0.08121011641133133,8.436737921613258e-05,0.0010654452808012138,0.04118485303479247,2736,762000000,12.76,0,2,2,-4.7135622090623714,-6.029485702027652,7.065332970526626,370.7819802761078
-3.2688185343304266,-2.807676829038037,6.9021130325903055,-2.8825984619230645,-4.929961230551671,6.905014272023932,-0.34288014411494394,-0.0005622458773080754,0.009085585318953399,0.9393350535302624,-0.17214153601060053,-0.20593955727568333,0.07591027530048745,-0.00036834929062479205,0.0010913541814261407,0.040918768354458734,2736,865000000,12.97,0,2,2,-4.709773008095425,-5.92613325153301,7.09531769411657,370.9523780345917
-3.323311446599366,-2.725907016280158,6.872469741279474,-2.8827994170376563,-4.908370401749458,6.910542899439894,-0.34440951191489855,-0.000614615289672861,0.00905517252512969,0.9387756463613269,-0.17175084950171599,-0.2069441051516713,0.07184151108467877,-0.0004665241107204565,0.0011749396662708023,0.040595687460154295,2736,961000000,13.2,0,2,2,-4.710712864063189,-5.899147121145654,7.102079257286586,371.1225085258484
-3.323311446599366,-2.725907016280158,6.872469741279474,-2.883263727022437,-4.88131828327652,6.9169774847653756,-0.34633816039901705,-0.0006544501264719527,0.008935696995070855,0.9380669505241452,-0.17130942497244492,-0.2086010132873452,0.0663073038572525,-0.0028106975378250354,0.0012546283755909826,0.041646732643130235,2737,53000000,13.38,0,2,2,-4.712537004472808,-5.877819600699596,7.107268742623932,371.29681372642517
-3.323311446599366,-2.725907016280158,6.872469741279474,-2.883970743652924,-4.854192020086506,6.922863875172389,-0.3483056464126813,-0.0006802207451536667,0.008766165952596869,0.9373397827422421,-0.17083364747149227,-0.20996724374599066,0.060847165277276107,-0.0032209797836912912,0.0013475976288646052,0.0421687636844581,2737,147000000,13.61,0,2,2,-4.715581250899195,-5.851272928257255,7.113336938042562,371.47481203079224
-3.377449994611429,-2.645771201865616,6.8390555451029025,-2.8849290512247463,-4.826973552648683,6.928183073323487,-0.3502775933644053,-0.0007206470608327568,0.008631883765953786,0.9366058823418231,-0.1705397664688398,-0.21201302192424834,0.054904443320270224,-0.0022346958076013834,0.0013503124819180812,0.04203944408800453,2737,252000000,13.85,0,2,2,-4.715581250899195,-5.851272928257255,7.113336938042562,371.64530062675476
-3.377449994611429,-2.645771201865616,6.8390555451029025,-2.885882861801232,-4.805121477057178,6.9320180466652435,-0.3518456478484711,-0.0007521316187567412,0.008523311563744985,0.9360189247809603,-0.17024740354490367,-0.21343422271386223,0.05024820517324184,-0.0024670786160641,0.0013493727010427392,0.041770203461055644,2737,341000000,14.09,0,2,2,-4.721877313070126,-5.797696109439589,7.123413862495831,371.8151421546936
-3.377449994611429,-2.645771201865616,6.8390555451029025,-2.8872921471639135,-4.777735728122625,6.936308643128179,-0.35378619851582793,-0.0007915246436160876,0.008379489328091318,0.9352884492962896,-0.1698660295979811,-0.21483111636330587,0.04472862476870798,-0.0025687213110359153,0.0014796310892961628,0.041229419366572984,2737,434000000,14.28,0,2,2,-4.724687053030929,-5.776155934114612,7.126705824565104,371.98086643218994
-3.431054895051064,-2.567318858080564,6.8019377358048345,-2.8885900670441584,-4.755773116161721,6.939331178811488,-0.35532738224431587,-0.0008184956113617349,0.00824725792796502,0.934705175030611,-0.16961047599619522,-0.21626110686364627,0.03984795099716837,-0.003156650473101763,0.0014577631645806832,0.041250673893955536,2737,521000000,14.51,0,2,2,-4.728562054262306,-5.749171482978566,7.130256441215737,372.16032671928406
-3.431054895051064,-2.567318858080564,6.8019377358048345,-2.8908301671945615,-4.722728306768928,6.9431476226155695,-0.3576348081386996,-0.0008453624448314053,0.008012285355049834,0.9338267680107064,-0.16916522528365005,-0.21803899299705906,0.032728628528404476,-0.0037755029097752413,0.0015308055253626662,0.041055419205804355,2737,611000000,14.7,0,2,2,-4.731783638938975,-5.727489931669565,7.1326340042032985,372.35318303108215
-3.431054895051064,-2.567318858080564,6.8019377358048345,-2.892939112803959,-4.695138285334201,6.945701650048121,-0.3595443102705194,-0.000865749288087264,0.0078025502631865,0.9330949896123422,-0.1687741486693946,-0.21920154370659276,0.026925177058135352,-0.00420349269916187,0.0016021879787331272,0.04085634100192692,2737,718000000,14.98,0,2,2,-4.731783638938975,-5.727489931669565,7.1326340042032985,372.5337333679199
-3.4839479668973814,-2.4905929928344888,6.761191063713474,-2.894791547948432,-4.673020403232012,6.947309141249548,-0.3610686801251094,-0.0008748765809463792,0.007610303385647398,0.9325077619548577,-0.16851878638793455,-0.22045713788995558,0.02186915774322749,-0.004597616543833283,0.0016731946516301832,0.04086818116775248,2737,820000000,15.2,0,2,2,-4.731783638938975,-5.727489931669565,7.1326340042032985,372.7019066810608
-3.4839479668973814,-2.4905929928344888,6.761191063713474,-2.8973110967693985,-4.6453175517532515,6.94877367716471,-0.36297027547519395,-0.0008839453210746496,0.007358665367397849,0.9317712422081621,-0.16817798462126293,-0.22172578821406347,0.015817759709749704,-0.00477996240988432,0.001717589123018115,0.040761111813480966,2737,915000000,15.38,0,2,2,-4.731783638938975,-5.727489931669565,7.1326340042032985,372.8720180988312
-3.4839479668973814,-2.4905929928344888,6.761191063713474,-2.900604985185939,-4.612034258103823,6.949777620443422,-0.3652278172008928,-0.0008927214829170709,0.0070402089189954145,0.9308911214795218,-0.16769338078796517,-0.22278776748238588,0.00887847221366307,-0.005707376294594724,0.0018464748222868366,0.040285082286573015,2738,14000000,15.59,0,2,2,-4.738712528491445,-5.614136320697298,7.1360240947308196,373.042857170105
-3.5359525841516604,-2.4156300927604164,6.716897587203732,-2.9035776501219885,-4.584261194737661,6.949955027924564,-0.367118008600198,-0.000879286222336247,0.006707400883008311,0.9301497757837491,-0.16735843532487452,-0.2239600769754729,0.0025035199437093113,-0.006510747653010185,0.0019595612002376583,0.040846252886694856,2738,119000000,15.85,0,2,2,-4.737816919337846,-5.578481459520693,7.1341910135178646,373.2398717403412
-3.5359525841516604,-2.4156300927604164,6.716897587203732,-2.9074108743589484,-4.550896545562767,6.949374943635461,-0.36940224511628655,-0.0008616163597033578,0.006294781915982045,0.9292478757796143,-0.1669188763358735,-0.22491750705559102,-0.004686250153198681,-0.006685865673716762,0.002031815233749512,0.04087335692020133,2738,233000000,16.05,0,2,2,-4.736507333941204,-5.548401444167587,7.1317292622949315,373.41428899765015
-3.5359525841516604,-2.4156300927604164,6.716897587203732,-2.91011051953311,-4.52865586570485,6.948541618591714,-0.37091403192367717,-0.0008489767001441458,0.006013737416721898,0.9286473470176753,-0.16658890706999793,-0.2252981093478303,-0.009136484416527358,-0.0067003516960539855,0.002087561142616323,0.04056496036355384,2738,337000000,16.3,0,2,2,-4.7346402757664885,-5.511993549117248,7.127683824796087,373.5812478065491
-3.586894126218148,-2.3424600861619225,6.669146507442607,-2.9136548616831397,-4.500845551901095,6.946975386261092,-0.37277872842719595,-0.0008289807576821666,0.005655973777002377,0.9279026578169394,-0.1662482476918262,-0.22624436813706877,-0.01541365141784983,-0.006885572474857327,0.002052330205515318,0.039912461579660885,2738,428000000,16.47,0,2,2,-4.733382229392388,-5.487625482410083,7.124386676069763,373.7429437637329
-3.586894126218148,-2.3424600861619225,6.669146507442607,-2.918157627795205,-4.467455337315753,6.944319215371752,-0.3749690238838245,-0.0008045051490223666,0.0052320418821934726,0.9270222271535995,-0.16577798619079154,-0.22699883824684247,-0.022443564773136943,-0.0068156036377331475,0.002057253300336015,0.03883937461068854,2738,533000000,16.67,0,2,2,-4.733382229392388,-5.487625482410083,7.124386676069763,373.9354772567749
-3.586894126218148,-2.3424600861619225,6.669146507442607,-2.921293237836395,-4.445209189469929,6.94211682029139,-0.3763912781783756,-0.0007861069748065237,0.004946304625452137,0.9264472579794409,-0.1654092113152303,-0.22723742105766975,-0.02671705087801341,-0.006832060216765967,0.002075490124298085,0.0380557743483223,2738,638000000,16.91,0,2,2,-4.731157371596616,-5.420971302607266,7.113227658877599,374.10940980911255
-3.636600424746965,-2.271106325832519,6.6180339887498985,-2.926207938821174,-4.411838544784081,6.938126421745024,-0.37848255169928563,-0.0007426413835932371,0.004485524218061133,0.9255972594036037,-0.16499714908161697,-0.22820130268300973,-0.03414345873581441,-0.007526530043833191,0.0020419392740222975,0.037307016100385226,2738,734000000,17.07,0,2,2,-4.731157371596616,-5.420971302607266,7.113227658877599,374.2820608615875
-3.636600424746965,-2.271106325832519,6.6180339887498985,-2.9296225494221932,-4.389588923086836,6.935006059903345,-0.3798501113168117,-0.0007101869701351419,0.0041764008697381914,0.9250383485255346,-0.16470040557544055,-0.22858725405549904,-0.03870584746140032,-0.007461961104127113,0.0020147368331890902,0.036709402775159106,2738,841000000,17.3,0,2,2,-4.732921150885514,-5.36179670002287,7.100685499910972,374.44853687286377
-3.6849022057545895,-2.201585591715775,6.563662964936066,-2.934024901542877,-4.361802312947651,6.930637334503391,-0.3815195314765954,-0.000671951854952552,0.0038018905970870357,0.9243527147201287,-0.16424269165824723,-0.22870199309715566,-0.043898098149394334,-0.007156457013479667,0.0020002724795631366,0.035684510294231586,2738,934000000,17.46,0,2,2,-4.732921150885514,-5.36179670002287,7.100685499910972,374.6172547340393
-3.6849022057545895,-2.201585591715775,6.563662964936066,-2.939511438440103,-4.328480194880976,6.924684929323192,-0.3834836052106779,-0.0006106455826362202,0.0033212793907425727,0.9235415100307088,-0.16382696026480098,-0.22940254915132194,-0.050968201424286964,-0.00796941476437496,0.0019877694967362913,0.03520828686305322,2739,35000000,17.65,0,2,2,-4.7385574523391725,-5.310136735006548,7.087575625937222,374.79529333114624
-3.6849022057545895,-2.201585591715775,6.563662964936066,-2.944254482556785,-4.300720738537568,6.9191179640137435,-0.38509409921246457,-0.0005540439826066757,0.002915170949454566,0.9228725424268192,-0.16346678972724651,-0.22982411610249742,-0.05663785001747249,-0.008224312659876887,0.001949448687810218,0.03471750678727403,2739,142000000,17.87,0,2,2,-4.7385574523391725,-5.310136735006548,7.087575625937222,374.96857357025146
-3.731633525847707,-2.133908113317202,6.506142932007231,-2.9481717765006357,-4.278507241741181,6.914239975227384,-0.3863743832012044,-0.0004982487261068109,0.002572092876656931,0.922338317588687,-0.16319784090763453,-0.23051469940290756,-0.06174008520942796,-0.008508278642693767,0.0019216108967157197,0.0346760825777892,2739,242000000,18.06,0,2,2,-4.7385574523391725,-5.310136735006548,7.087575625937222,375.13495540618896
-3.731633525847707,-2.133908113317202,6.506142932007231,-2.954249621713715,-4.245175634283753,6.906222155101757,-0.3882723284603783,-0.0004216911855004869,0.0020752091023043557,0.9215422478843179,-0.1628103091564977,-0.23116362784623518,-0.06872825515908068,-0.007940603791212197,0.0019837985064441455,0.03395649328012951,2739,335000000,18.22,0,2,2,-4.7385574523391725,-5.310136735006548,7.087575625937222,375.2973291873932
-3.731633525847707,-2.133908113317202,6.506142932007231,-2.9594742858071803,-4.217418381671743,6.898962357462158,-0.3898142076528728,-0.00036523565225188553,0.0016766417846423103,0.9208919257910817,-0.16241620841312532,-0.23141791673909795,-0.07408753049768817,-0.007958992318890523,0.001989962333937001,0.03335820438223891,2739,438000000,18.45,0,2,2,-4.7385574523391725,-5.310136735006548,7.087575625937222,375.47126030921936
-3.7766322013895053,-2.0680776117219892,6.445589727654784,-2.9659500340651372,-4.184114782991035,6.889506360271482,-0.3916806089082619,-0.00028599411136872433,0.0011833339710257162,0.9201004393724277,-0.16200827744485075,-0.2320994952010272,-0.08127014114665854,-0.00796279709902592,0.001927077460095461,0.03401010362722445,2739,543000000,18.64,0,2,2,-4.7385574523391725,-5.310136735006548,7.087575625937222,375.69657588005066
-3.7766322013895053,-2.0680776117219892,6.445589727654784,-2.9726421819611897,-4.150833126800528,6.879273405846281,-0.3935567848865457,-0.0002106500971253877,0.0007077572461658098,0.9193000118437842,-0.16151015301652819,-0.23232484681203025,-0.08759363269713351,-0.007581173031212529,0.0019203248029953102,0.03380697198736016,2739,663000000,18.89,0,2,2,-4.796625105204558,-5.141088881387303,7.027000919545629,375.8871068954468
-3.7766322013895053,-2.0680776117219892,6.445589727654784,-2.978362991386669,-4.1231440752133075,6.870219476240331,-0.395106491935819,-0.00015232161149245966,0.00032684570581278667,0.9186352540590754,-0.1611106893039253,-0.23244313211512385,-0.09262664914290761,-0.007385501976386877,0.0018714654970608535,0.034215921550639905,2739,781000000,19.14,0,2,2,-4.814311702373154,-5.111667378494984,7.013281716817899,376.05880212783813
-3.819740229463986,-2.0040913610163287,6.382125297973734,-2.9842285368296526,-4.095465753022688,6.86064463580799,-0.3967284728378369,-9.055993103107396e-05,-4.563782498536469e-05,0.91793600460808,-0.1608752148324466,-0.23286879602857083,-0.09811297406043448,-0.007179685917435563,0.00177160437715429,0.03605237907322589,2739,884000000,19.36,0,2,2,-4.814311702373154,-5.111667378494984,7.013281716817899,376.2262544631958
-3.819740229463986,-2.0040913610163287,6.382125297973734,-2.99145109901973,-4.062276842640254,6.848505711024875,-0.39874109659075546,-2.1024632868911892e-05,-0.0004638368158085644,0.9170634232717902,-0.1604970008698267,-0.23293568523436142,-0.10386779579177448,-0.006531886401717202,0.001694899845006148,0.03672691163956188,2739,987000000,19.59,0,2,2,-4.814311702373154,-5.111667378494984,7.013281716817899,376.408983707428
-3.819740229463986,-2.0040913610163287,6.382125297973734,-2.9963626631911717,-4.040192498217404,6.840069518346149,-0.40008297147386024,2.013072477686622e-05,-0.0007261850493385878,0.9164786348773626,-0.1601776496963628,-0.2327443222650208,-0.10729139339776235,-0.006625388596148696,0.0017006951793518965,0.03634125350799877,2740,98000000,19.87,0,2,2,-4.814311702373154,-5.111667378494984,7.013281716817899,376.5709900856018
-3.860804199513675,-1.9419402688543215,6.315877451879432,-3.0026148844586302,-4.012623569093757,6.829101070407293,-0.4016515389580908,9.998574301217373e-05,-0.0011188563758289033,0.915791886519999,-0.15985988138847204,-0.23286782578587406,-0.11250945355649626,-0.008007013821043074,0.001730662256704818,0.032814242877066135,2740,189000000,20.06,0,2,2,-4.814311702373154,-5.111667378494984,7.013281716817899,376.73590540885925
-3.860804199513675,-1.9419402688543215,6.315877451879432,-3.008991073873985,-3.985093594924859,6.817662319494553,-0.40307691419020175,0.00018065619345321022,-0.0015154527215128712,0.9151648332477014,-0.15940853800496851,-0.23279866472707292,-0.11715943996454789,-0.007752933925075922,0.0017692702044769248,0.029928872208984103,2740,293000000,20.27,0,2,2,-4.814311702373154,-5.111667378494984,7.013281716817899,376.90274381637573
-3.860804199513675,-1.9419402688543215,6.315877451879432,-3.015472290615011,-3.9576291744012115,6.805822844938641,-0.40438422253070394,0.00025185991195384437,-0.0018852028426981774,0.9145872200862337,-0.15884076407913908,-0.23244047574023946,-0.12105043459350211,-0.007108747195161413,0.00170146453228881,0.02768303129414562,2740,385000000,20.46,0,2,2,-4.8809583358277155,-4.951969727629856,6.932422909902172,377.08575916290283
-3.8996756945484794,-1.88160897585772,6.246979603717477,-3.0233976503317246,-3.9247328383485867,6.791050577484845,-0.4059518792237285,0.00032206523020494697,-0.002263218868202493,0.9138915941560386,-0.15836989669556256,-0.23261455456363772,-0.12680829489618892,-0.0058238120800524484,0.0014477156810244196,0.02914917677117046,2740,493000000,20.64,0,2,2,-4.8809583358277155,-4.951969727629856,6.932422909902172,377.2741582393646
-3.8996756945484794,-1.88160897585772,6.246979603717477,-3.0301272439442184,-3.897363866925862,6.778263028473848,-0.40729556100752756,0.000375851965941601,-0.002548935107902823,0.913292772143018,-0.15794671124102327,-0.23250991774531257,-0.13101270116535352,-0.005320477612258401,0.0013833487400916056,0.029518440533138346,2740,599000000,20.85,0,2,2,-4.8833932328538285,-4.883116105383722,6.89742090513456,377.4416596889496
-3.8996756945484794,-1.88160897585772,6.246979603717477,-3.036952849827108,-3.870055310023409,6.765104516846249,-0.408637105137455,0.0004239048812685166,-0.002813160184985188,0.9126925127003648,-0.15753130510457716,-0.23223321370425687,-0.13476843279961045,-0.006074460361560341,0.0013393990570875758,0.02897097529057646,2740,698000000,21.02,0,2,2,-4.8816443866033605,-4.850433707125269,6.880664616109223,377.6081123352051
-3.9362116808494942,-1.8230759734817077,6.1755705045849485,-3.04388042706169,-3.842790053312734,6.751532416179642,-0.4098897909597595,0.0005154681588246757,-0.0031704296750429007,0.912129399775721,-0.15718157453590959,-0.23223441689126173,-0.1393515088986509,-0.007348765939241275,0.0013428643342194846,0.02633369749673875,2740,801000000,21.2,0,2,2,-4.8816443866033605,-4.850433707125269,6.880664616109223,377.7908453941345
-3.9362116808494942,-1.8230759734817077,6.1755705045849485,-3.050906298345879,-3.8155753557994982,6.7375536223800685,-0.41103199508199934,0.000603463202502236,-0.00352397216650037,0.9116139075679155,-0.15666334610574412,-0.23198965548423822,-0.14333197635405376,-0.007023655189186684,0.0014068866335037455,0.024093580941553228,2740,909000000,21.37,0,2,2,-4.8816443866033605,-4.850433707125269,6.880664616109223,377.9483187198639
-3.9702748851199168,-1.766313739927293,6.10179396290421,-3.058017172902778,-3.7884367422632406,6.723234135967375,-0.4120775838778923,0.0006838185401041486,-0.003865189466782606,0.911140306192163,-0.15601463971693263,-0.23155864717521424,-0.14667252945167672,-0.006734776297889766,0.0014365732795340591,0.022162560890137684,2741,8000000,21.53,0,2,2,-4.871602815237291,-4.750012724890847,6.827850951632955,378.1116452217102
-3.9702748851199168,-1.766313739927293,6.10179396290421,-3.06666526744701,-3.7559509413626095,6.7055519734412785,-0.413250493314075,0.0007818270984805171,-0.004266675744014788,0.9106070579564804,-0.15542448228379063,-0.23143257192142724,-0.15184284028556186,-0.006673813368252013,0.0013158212027519767,0.02085762025672011,2741,107000000,21.67,0,2,2,-4.871602815237291,-4.750012724890847,6.827850951632955,378.29324173927307
-3.9702748851199168,-1.766313739927293,6.10179396290421,-3.073970460799659,-3.7289365739726907,6.690386716077934,-0.41417636534512636,0.0008596783213011981,-0.004582221765444197,0.910184707950192,-0.15491542961885268,-0.23137304671831652,-0.15596959772368596,-0.005493748449225677,0.0012055393540322257,0.020375715394038707,2741,218000000,21.84,0,2,2,-4.871602815237291,-4.750012724890847,6.827850951632955,378.4585416316986
-4.001734158066968,-1.711288893629383,6.0257985548118205,-3.081377527230151,-3.7019465331233117,6.6747772469086755,-0.41513092057325485,0.0009205119159162471,-0.004834334421167733,0.90974837216261,-0.15457119285447496,-0.2316126901381282,-0.16069286651646436,-0.004930577188133611,0.0010048559943243163,0.02133340349246282,2741,319000000,21.98,0,2,2,-4.866929100618548,-4.64521281586447,6.767309335693672,378.6352348327637
-4.001734158066968,-1.711288893629383,6.0257985548118205,-3.0888816190155497,-3.6749810503069633,6.658742402431645,-0.41610545063095883,0.0009833217835313107,-0.005072926087737261,0.9093016839610409,-0.15419128564102175,-0.2316209822223664,-0.16478717201699897,-0.004748117771669058,0.0009220942899901274,0.02140456981578609,2741,427000000,22.13,0,2,2,-4.869092371243166,-4.614109203646408,6.74749647936252,378.8164894580841
-4.001734158066968,-1.711288893629383,6.0257985548118205,-3.0979942979360264,-3.6426993949189668,6.639031177020935,-0.41725217473486065,0.0010536938340510761,-0.005345057575813515,0.9087744179761249,-0.15354349039960516,-0.23132562399048906,-0.16913581200201516,-0.004430365652297041,0.0009131888020874612,0.020858549760305323,2741,525000000,22.28,0,2,2,-4.873392284111439,-4.584040487690311,6.7272534409552565,378.9994502067566
-4.030464823432771,-1.657962363799749,5.947737324945996,-3.107234414827859,-3.6104802737738355,6.61874555806526,-0.4183870249740205,0.0011227589188830323,-0.005602980982608058,0.908250870272034,-0.15305035310916387,-0.23128090815885893,-0.174222827729087,-0.004258476474205963,0.0008272107379525551,0.020608430713764392,2741,645000000,22.46,0,2,2,-4.881442192381886,-4.549397292835292,6.702429850359382,379.1918683052063
-4.030464823432771,-1.657962363799749,5.947737324945996,-3.1165847185705418,-3.578339007124193,6.597917929833047,-0.4194905512956567,0.0011894093613006615,-0.005847391255025116,0.9077400898354923,-0.1524503416140067,-0.23092870397775664,-0.17843310362177825,-0.003885557634930592,0.0008111550869216444,0.019877129125234205,2741,765000000,22.63,0,2,2,-4.881442192381886,-4.549397292835292,6.702429850359382,379.3889467716217
-4.030464823432771,-1.657962363799749,5.947737324945996,-3.1260349497486555,-3.5462989177404456,6.57664096588801,-0.42053767408736564,0.0012633133543518997,-0.006108336188941249,0.907253634295041,-0.15180152334536207,-0.23053154780455382,-0.182523987499018,-0.005888758460059762,0.0008446371111858753,0.018201766033598687,2741,888000000,22.81,0,2,2,-4.906635302992962,-4.484710308190789,6.651025730857263,379.5674719810486
-4.05634901152925,-1.6062895774554242,5.867767478235119,-3.135581107808655,-3.514350605045013,6.554833263547415,-0.4214583386107472,0.0013734824714418722,-0.006456878219443619,0.9068237376056211,-0.15115196175572493,-0.23005368427410397,-0.18702558081889234,-0.005844587758474518,0.0009328623264082125,0.01586736416356871,2742,4000000,22.98,0,2,2,-4.906635302992962,-4.484710308190789,6.651025730857263,379.7445402145386
-4.05634901152925,-1.6062895774554242,5.867767478235119,-3.145199198482705,-3.482519483845687,6.532570278292067,-0.4222651202117099,0.0014677978023248037,-0.006785922490959516,0.9064457871699488,-0.15034157689432637,-0.22931277867468589,-0.1905427524863068,-0.005351677828002721,0.001034104775499145,0.013942486566520529,2742,122000000,23.13,0,2,2,-4.906635302992962,-4.484710308190789,6.651025730857263,379.93226432800293
-4.05634901152925,-1.6062895774554242,5.867767478235119,-3.1532620495788835,-3.4561030787281624,6.513739773282722,-0.4228642586073633,0.0015360270963818748,-0.007046172806446718,0.9061643398754916,-0.14960517669028545,-0.2286934917738858,-0.1933105514972539,-0.005469806910696207,0.0010293960144736047,0.012728828096442157,2742,238000000,23.27,0,2,2,-4.906635302992962,-4.484710308190789,6.651025730857263,380.1238503456116
-4.079275976371747,-1.5562206623165327,5.786050063307853,-3.1613700976134322,-3.4297701019928906,6.494597641824712,-0.42342077746965934,0.001612496985998251,-0.007314493003718708,0.9059021709061955,-0.14896282762660695,-0.22818066680155086,-0.19666363188878247,-0.005426375855677179,0.0009378965387440985,0.011925392936973367,2742,350000000,23.37,0,2,2,-4.978427255022166,-4.373392751553899,6.547157066902546,380.2940094470978
-4.079275976371747,-1.5562206623165327,5.786050063307853,-3.1695154186234955,-3.403529769209824,6.475170033859293,-0.42393766443786335,0.0016876276350837227,-0.007572186644725084,0.9056581422221919,-0.14822410147063048,-0.227478982637456,-0.19938832986396773,-0.005153685287950793,0.0008858745786710642,0.01104765815398423,2742,448000000,23.47,0,2,2,-4.978427255022166,-4.373392751553899,6.547157066902546,380.4557251930237
-4.099142395547844,-1.5077006649126659,5.702749648162695,-3.1776871424078124,-3.3774007719144774,6.455525369917218,-0.42440520366973206,0.0017529515452174016,-0.007806269743528339,0.9054370284076219,-0.14738767414043577,-0.22661373621542177,-0.20137558709752787,-0.004013740590380621,0.0008537862868251977,0.009966760899260407,2742,547000000,23.57,0,2,2,-4.978427255022166,-4.373392751553899,6.547157066902546,380.6193687915802
-4.099142395547844,-1.5077006649126659,5.702749648162695,-3.18754342919398,-3.3461571057929427,6.4316196101914,-0.4250223597112097,0.0017607841628247607,-0.007890233786741193,0.9051467492044798,-0.14670886794638666,-0.2262429655751405,-0.2048277909590026,-0.0006110047536367347,0.00039880226836430666,0.012233149118401343,2742,655000000,23.65,0,2,2,-5.015964693343379,-4.297467417643881,6.4771985140773545,380.7804539203644
-4.099142395547844,-1.5077006649126659,5.702749648162695,-3.1974565250534672,-3.3150198196461274,6.407337172533951,-0.42570576953298767,0.0017794479889571254,-0.007962483000627525,0.9048248616255224,-0.14607931900588422,-0.22568552574297013,-0.2081933900717631,-0.0033305852412013337,0.0003420256689423695,0.01223548715643119,2742,761000000,23.76,0,2,2,-5.015964693343379,-4.297467417643881,6.4771985140773545,380.96732878685
-4.115852652002626,-1.460669783193934,5.618033988749894,-3.207413610330842,-3.2839840463950853,6.382577688692261,-0.42631815421410757,0.0018636724192071744,-0.008185890072177687,0.9045343273288836,-0.1454571963488274,-0.22499689022763025,-0.21233021875977393,-0.004123808412259677,0.0004398164975327745,0.010452213973621838,2742,885000000,23.88,0,2,2,-5.029191032347443,-4.229050786938331,6.420556988916819,381.14564394950867
-4.115852652002626,-1.460669783193934,5.618033988749894,-3.215739042487531,-3.25821578700206,6.3616116015538,-0.42675868620904517,0.0019328223561846975,-0.008377945311817651,0.9043246640312435,-0.1447829342658031,-0.22430530754673145,-0.2151272982233377,-0.003882743885696982,0.0005218281728502916,0.009131428396358388,2743,0,23.99,0,2,2,-5.031037148578202,-4.192645603848459,6.392026845340325,381.3084650039673
-4.115852652002626,-1.460669783193934,5.618033988749894,-3.2240860778255587,-3.232552195827581,6.340413940306756,-0.4271398016786132,0.0019886130425914032,-0.008557751616198664,0.9041429091285278,-0.14401490018117022,-0.22355802956429288,-0.21743514976660752,-0.0034891201721620746,0.0006231892427877028,0.007984510648384457,2743,106000000,24.07,0,2,2,-5.031037148578202,-4.192645603848459,6.392026845340325,381.47857189178467
-4.129319096968019,-1.415063612902056,5.532073691133353,-3.2341287943950667,-3.201868769740635,6.31460356963845,-0.4275549445207122,0.0020453509770343836,-0.00874663242823788,0.9039447341383412,-0.1433200001695198,-0.22284612555888045,-0.22116975593047067,-0.003075797371820954,0.0005294032803249138,0.007293921726159169,2743,212000000,24.15,0,2,2,-5.031037148578202,-4.192645603848459,6.392026845340325,381.6471035480499
-4.129319096968019,-1.415063612902056,5.532073691133353,-3.2425155031158854,-3.17639940870827,6.292802467587061,-0.42786342119056475,0.0020881221086599235,-0.008891815696692236,0.9037972494795392,-0.14257973755719955,-0.22208429445907168,-0.22353914552892373,-0.0029224018817330943,0.0005282292306674208,0.0064536573063378455,2743,321000000,24.24,0,2,2,-5.028536510755186,-4.092071551431419,6.314850514308027,381.82016134262085
-4.129319096968019,-1.415063612902056,5.532073691133353,-3.254265209899368,-3.140937003097138,6.261944404350222,-0.42823326973755715,0.0021504454474004526,-0.00909821584093095,0.9036198673904697,-0.14150267123750765,-0.22083699658087097,-0.22662880950608982,-0.00354753321971657,0.0004767636426095123,0.005327697363100015,2743,433000000,24.32,0,2,2,-5.028556741509507,-4.061035208592287,6.290319177206124,382.03237104415894
-4.139462293312903,-1.3708134069182165,5.445041867912635,-3.2643368896957368,-3.1106938492879133,6.235095464366028,-0.4284952983789403,0.0022170835517788976,-0.009295144850485458,0.9034934776133559,-0.14072307377827692,-0.21982197149806498,-0.22972055341500938,-0.0031463656796404393,0.0004276731488062069,0.0043564815314312,2743,566000000,24.42,0,2,2,-5.0319876038679165,-4.0192797203791475,6.255358079982807,382.22674083709717
-4.139462293312903,-1.3708134069182165,5.445041867912635,-3.2743827065080837,-3.080597290677383,6.207941272853589,-0.4287053368220818,0.0022686698400234593,-0.009461087587829526,0.9033919831053835,-0.14036433866917092,-0.2184758459180761,-0.23196003346261698,-0.0024022710931603797,0.0005365953597902262,0.0034984475632882095,2743,691000000,24.5,0,2,2,-5.0319876038679165,-4.0192797203791475,6.255358079982807,382.4155812263489
-4.139462293312903,-1.3708134069182165,5.445041867912635,-3.2842521447489106,-3.0505774745784024,6.180556051837616,-0.428878515433298,0.002289917422145165,-0.009597416283577586,0.903308288946033,-0.14227059253854352,-0.2162867049075074,-0.2341620776278106,-0.0020689679786300985,0.0008583975784404174,0.0030748137078262516,2743,806000000,24.59,0,2,2,-5.0319876038679165,-4.0192797203791475,6.255358079982807,382.6062424182892
-4.146211238641287,-1.327846346768223,5.357113789597283,-3.2936076826615586,-3.020421840081009,6.152845051036065,-0.42903785341050404,0.002286364133564406,-0.009740652047191788,0.9032310958872324,-0.1456665986136881,-0.2135571344027159,-0.236895213376162,-0.002467219132995524,0.0012879718838121335,0.002489979510755802,2743,931000000,24.67,0,2,2,-5.0319876038679165,-4.0192797203791475,6.255358079982807,382.7981188297272
-4.146211238641287,-1.327846346768223,5.357113789597283,-3.3026485151452913,-2.9902714286627106,6.124869864525554,-0.429137693950567,0.0022760672848308183,-0.00991304751982058,0.9031818148287608,-0.14606900937965472,-0.21170005918164833,-0.23871121324332117,-0.002742523247434292,0.0014291326237980684,0.0012169850833743112,2744,42000000,24.75,0,2,2,-5.07792522959651,-3.893347161897436,6.129830655197738,382.99533224105835
-4.149503567518681,-1.286085825431384,5.26846653163531,-3.3131233440994947,-2.9553193627564585,6.092011318238234,-0.42918984458480436,0.0022392556942811602,-0.01003733902044314,0.9031557533806644,-0.14437849808954095,-0.2105089536729059,-0.24075699511551907,0.000606086689458607,0.0009294910285007063,0.0010743906614152365,2744,172000000,24.82,0,2,2,-5.07792522959651,-3.893347161897436,6.129830655197738,383.2195122241974
-4.149503567518681,-1.286085825431384,5.26846653163531,-3.3221056564203546,-2.9255403301605796,6.063574839867373,-0.4292698460209654,0.002172533950282258,-0.009995326574306566,0.9031183603714656,-0.14460837187762024,-0.20912608894018056,-0.24266777837136924,0.001819837848415773,0.0006692022623155935,0.0018206033132628363,2744,306000000,24.89,0,2,2,-5.07792522959651,-3.893347161897436,6.129830655197738,383.41330003738403
-4.149503567518681,-1.286085825431384,5.26846653163531,-3.3322477797975694,-2.8908244103028675,6.030123934159431,-0.4293821279654088,0.0021221553407844134,-0.010001770493710892,0.9030650304532879,-0.14538287252559734,-0.20711480045895736,-0.24514964480661985,-0.0026029121727333404,0.0007398426419058524,0.0009735028015711578,2744,428000000,24.95,0,2,2,-5.07792522959651,-3.893347161897436,6.129830655197738,383.61535000801086
-4.149285732261113,-1.2454517405684427,5.17927861780687,-3.3394280166851944,-2.866153017369287,6.0059775618689235,-0.42938819274910667,0.002152339350892904,-0.01015176638812475,0.903060401635558,-0.14420214730390535,-0.2060848240073244,-0.24715234440314524,-0.0033571174299140694,0.0007349144368617999,-0.0006380533193350857,2744,562000000,25.02,0,2,2,-5.07792522959651,-3.893347161897436,6.129830655197738,383.7854723930359
-4.149285732261113,-1.2454517405684427,5.17927861780687,-3.3466416877512546,-2.841656937260084,5.981673410628618,-0.4293230245523602,0.0021913189227027218,-0.010316602108367452,0.903089423275198,-0.14246719904289856,-0.20516802891066566,-0.24858712669970412,-0.0032720768331273575,0.000672219175612554,-0.002042509390776104,2744,668000000,25.06,0,2,2,-5.172374506567467,-3.7527989972520293,5.958726367141009,383.94706296920776
-4.145513161777275,-1.2058607972548092,5.089729660701036,-3.3553517929730567,-2.8125220689256154,5.952376167161444,-0.4291719238022943,0.0022173099524161726,-0.0104654991877249,0.9031594635960828,-0.14023266847022023,-0.20403049435745188,-0.2497573496458653,0.0014269647863329737,0.00043576964685598796,-0.0027632772116703563,2744,773000000,25.09,0,2,2,-5.181872943997337,-3.7280585853362,5.931199049899516,384.13233399391174
-4.145513161777275,-1.2058607972548092,5.089729660701036,-3.362666824075786,-2.788419090125268,5.927807389753365,-0.42908657260607863,0.0021450990389293165,-0.010320313029960226,0.9032018616556572,-0.1387477671415163,-0.20365814926343337,-0.25129068221505485,0.0037096782989465282,-0.00021566792440808058,-0.0012947317600264796,2744,878000000,25.12,0,2,2,-5.189656374090576,-3.6968482596281995,5.898368877969933,384.32017064094543
-4.145513161777275,-1.2058607972548092,5.089729660701036,-3.3700321538174793,-2.764461594212141,5.90310718621462,-0.4290503826885851,0.0020907066729568278,-0.010160894802234255,0.9032209886164094,-0.1373108587447304,-0.20310268359413636,-0.2524773783184816,0.0005308066928222388,-0.0004510361776510763,-0.0008483811484438775,2744,989000000,25.14,0,2,2,-5.1934217674565275,-3.6696837737690804,5.87111546932032,384.4814009666443
-4.138150398011617,-1.167226819279526,4.999999999999996,-3.378880255263061,-2.73592457175098,5.8732028721283465,-0.4289204770901328,0.002185408914651579,-0.010326510769099077,0.9032805829286846,-0.13576612756516598,-0.2015985002394482,-0.25522322958938454,-0.0041906320802809205,-0.00011812595417381999,-0.0035716491538551054,2745,96000000,25.18,0,2,2,-5.1934217674565275,-3.6696837737690804,5.87111546932032,384.6520631313324
-4.138150398011617,-1.167226819279526,4.999999999999996,-3.3862376821652624,-2.7123378230247606,5.84807939374041,-0.4287115663980071,0.002274191114161642,-0.010520531264979193,0.9033772962130749,-0.13435412256023443,-0.2002397726333563,-0.256770536827724,-0.004159355785304797,0.0001050736884167236,-0.005426797952168272,2745,199000000,25.21,0,2,2,-5.194745478905224,-3.6071065799797837,5.811661151337928,384.82618403434753
-4.138150398011617,-1.167226819279526,4.999999999999996,-3.3950417725986157,-2.6842812647936016,5.81777455704297,-0.42835930033393854,0.002360805043425958,-0.01073992051475336,0.9035415820670913,-0.1326691798438584,-0.19859743934720703,-0.2583667380247641,-0.003941073100577341,0.00021287940086267554,-0.007152061880333349,2745,306000000,25.22,0,2,2,-5.1936989997821295,-3.578038203333372,5.784710687236468,385.0248599052429
-4.127171209594953,-1.129461068046768,4.910270339298969,-3.4052547148645105,-2.65184188831294,5.782086438722397,-0.4278714391470099,0.0024544622478497972,-0.010981864669636224,0.9037695534956451,-0.13105583590724992,-0.19671322038765837,-0.26101599013479515,-0.003396072338546219,0.0001790267830870107,-0.008202840035664849,2745,433000000,25.23,0,2,2,-5.192608077730885,-3.5433105456436387,5.752215789841757,385.24480986595154
-4.127171209594953,-1.129461068046768,4.910270339298969,-3.4153861305951114,-2.619730070756801,5.746123042723407,-0.42731922689891205,0.0025295868634642813,-0.011186472351691294,0.9040280650229511,-0.12930388665717996,-0.19478914512858853,-0.262521600326235,-0.0028861610417152406,0.000203756424355106,-0.009193776895699557,2745,571000000,25.24,0,2,2,-5.192608077730885,-3.5433105456436387,5.752215789841757,385.4490382671356
-4.127171209594953,-1.129461068046768,4.910270339298969,-3.4253997256705366,-2.587916496188273,5.709965429385999,-0.4267169723038372,0.002574961135465909,-0.011335634392513397,0.9043105100107575,-0.12876012706685536,-0.19264312821507124,-0.26439728666289414,-0.0015539350783910777,0.0002466501342723859,-0.009633997706259834,2745,698000000,25.24,0,2,2,-5.198423060971614,-3.4666812932292683,5.674681505465729,385.694552898407
-4.112558682368897,-1.0924725680962926,4.820721382193136,-3.433776290522469,-2.5607976586532653,5.678736557515789,-0.4261812385109799,0.002596665846200566,-0.011434295825312787,0.9045618089145203,-0.12820127127415343,-0.19086325993992698,-0.26593251927846273,-0.0018103763522958616,0.00024827577931318956,-0.01021118678181665,2745,852000000,25.25,0,2,2,-5.198423060971614,-3.4666812932292683,5.674681505465729,385.88206934928894
-4.112558682368897,-1.0924725680962926,4.820721382193136,-3.443222655048457,-2.529299982392539,5.64213355996246,-0.425537567974636,0.0025991543131708827,-0.01150331507207077,0.9048639104204792,-0.133015657753011,-0.18668171416933338,-0.2667704535652287,0.0007531589744758094,0.00043318955533777626,-0.009214715646521654,2745,971000000,25.25,0,2,2,-5.2199168546004024,-3.4041338224184683,5.60004210415404,386.108202457428
-4.094305286511201,-1.0561684382415397,4.731533468364695,-3.4500611441646085,-2.501873146351507,5.610691035709973,-0.42508813695785846,0.0025195276711417938,-0.011458106863786763,0.9050759302871274,-0.14165738884055545,-0.18152072724010757,-0.2675456319384516,0.0014468875974671391,0.0011147458849336545,-0.007962831841723528,2746,109000000,25.25,0,2,2,-5.2199168546004024,-3.4041338224184683,5.60004210415404,386.2984595298767
-4.094305286511201,-1.0561684382415397,4.731533468364695,-3.456816538942903,-2.4694877770627537,5.573819767453487,-0.42459663696080907,0.0023694036539615776,-0.01140295402320246,0.9053077125748129,-0.14955649256679826,-0.17636124787822177,-0.2686415061374496,0.0017690904996925383,0.001843476627527707,-0.007577037877126713,2746,233000000,25.25,0,2,2,-5.25349017784234,-3.3485495898452946,5.523336998352106,386.51078271865845
-4.072412920050574,-1.0204542273092634,4.642886210402723,-3.4623201571870115,-2.436750124210039,5.536816375645838,-0.4241127103753437,0.002178868138821982,-0.01135936221136041,0.9055355466914947,-0.15494460583233,-0.17206466260453784,-0.26992273606397665,0.0014851599530629755,0.0022519888489114237,-0.00807111537142191,2746,371000000,25.26,0,2,2,-5.25349017784234,-3.3485495898452946,5.523336998352106,386.7214729785919
-4.072412920050574,-1.0204542273092634,4.642886210402723,-3.4672600460663148,-2.404044078922779,5.499586623688637,-0.4235612964619602,0.002005211450304443,-0.011375915687037665,0.9057937932050453,-0.153821466959296,-0.1701722947126716,-0.2711773592627281,3.5585188307152293e-05,0.002120159774676722,-0.009482930181548,2746,507000000,25.26,0,2,2,-5.294119775778381,-3.292418239198561,5.439424995661541,386.9333908557892
-4.072412920050574,-1.0204542273092634,4.642886210402723,-3.470881394210454,-2.3809591215672925,5.472904645679176,-0.4231072766794743,0.0019151036813986637,-0.011422018260535429,0.9060055752022853,-0.15076559449424695,-0.1696813506206536,-0.27219015200767305,-0.00032935996046035143,0.0016809376802484621,-0.010512046992516844,2746,645000000,25.24,0,2,2,-5.312354692904156,-3.2640585277147545,5.397448747042364,387.0974614620209
-4.046892928621759,-0.9852342534527732,4.55495813208737,-3.4754307025395224,-2.3536012351184494,5.44070281300388,-0.42250596081147873,0.0018455538626120753,-0.011481906622353474,0.9062855360370841,-0.1468406586030033,-0.1692401637181349,-0.27379305263441317,-0.0006847439124157972,0.001109585502945265,-0.011540301420609467,2746,756000000,25.22,0,2,2,-5.312354692904156,-3.2640585277147545,5.397448747042364,387.25378680229187
-4.046892928621759,-0.9852342534527732,4.55495813208737,-3.4793921423583836,-2.3311085057116085,5.413764790933954,-0.4219627088897593,0.001812824990069773,-0.01153627825118278,0.9065379750766553,-0.1434330199614068,-0.16869407608846926,-0.27436039476787144,-0.0007313988533041993,0.0007891883228694496,-0.012362090183160035,2746,857000000,25.19,0,2,2,-5.3318068457769865,-3.2161667903900466,5.332545448530412,387.41235065460205
-4.046892928621759,-0.9852342534527732,4.55495813208737,-3.4826653387452247,-2.3133262619266994,5.392206814438635,-0.4215003880366788,0.0017923723553766174,-0.011573309258338556,0.9067525951432835,-0.14070558477630377,-0.16814687584490748,-0.2741708457668592,-0.0006098035100876587,0.0006375431098604167,-0.013026755641476484,2746,957000000,25.16,0,2,2,-5.3318068457769865,-3.2161667903900466,5.332545448530412,387.5723717212677
-4.017766101374163,-0.9504119460020631,4.4679263088666525,-3.487699127380111,-2.2869899247655576,5.3598151496432,-0.42076970746503595,0.001811343261666187,-0.011695018830061396,0.9070902925563368,-0.13728339904433384,-0.16691382444121763,-0.2751246247789216,-0.002383343553447048,0.0002607014465638713,-0.01378575307171559,2747,54000000,25.13,0,2,2,-5.337799553627184,-3.1731364801575914,5.28070161428843,387.7516152858734
-4.017766101374163,-0.9504119460020631,4.4679263088666525,-3.4928282068879217,-2.2610500780791303,5.327355005758803,-0.4199889392767132,0.0018502289509426673,-0.011828709729927033,0.9074502461094908,-0.13395692031148204,-0.16542622796791093,-0.27525099000068354,-0.002173334587496356,0.00012931659227888304,-0.014780604215047788,2747,160000000,25.08,0,2,2,-5.337466600198211,-3.1427967642940127,5.246758313282355,387.9457242488861
-4.017766101374163,-0.9504119460020631,4.4679263088666525,-3.4971623654535957,-2.2397388852351936,5.300313518139312,-0.419302444066021,0.001873502238198774,-0.011903824826305127,0.9077666271372445,-0.13142638154245606,-0.16423378486321596,-0.27536699522369223,-0.0003048804558147822,-0.00013259595021963833,-0.015302909014280885,2747,281000000,25.03,0,2,2,-5.334330636364005,-3.111427038486399,5.213201116092926,388.1014668941498
-3.985062643010358,-0.915890188808308,4.381966011250111,-3.500650034432515,-2.2228541359794933,5.278626960931884,-0.4187435859503864,0.0018756842474500152,-0.011893304660472045,0.908024691480506,-0.12984557493155702,-0.16342036119894723,-0.27615707489572067,0.0002885196352053754,-0.00047800523930163763,-0.015448322847078089,2747,380000000,24.98,0,2,2,-5.334330636364005,-3.111427038486399,5.213201116092926,388.26787281036377
-3.985062643010358,-0.915890188808308,4.381966011250111,-3.5058946894136285,-2.1977853163574563,5.246020442401116,-0.4178903601359307,0.0018844330532100913,-0.011854455107205678,0.9084181678674426,-0.1274835173363979,-0.16199382573742865,-0.27648989019880055,0.00043081602143502096,-0.000644691488105309,-0.01587297138030408,2747,474000000,24.95,0,2,2,-5.334330636364005,-3.111427038486399,5.213201116092926,388.4474172592163
-3.985062643010358,-0.915890188808308,4.381966011250111,-3.5102685110872542,-2.1771453947291213,5.218852801258323,-0.4171514235150953,0.0019023287857562257,-0.011835806940275343,0.9087579351392718,-0.1255365425518691,-0.16067229679643852,-0.27629367635851987,-0.0008506449603373767,-0.0006979186196076625,-0.01655750547797652,2747,588000000,24.9,0,2,2,-5.334330636364005,-3.111427038486399,5.213201116092926,388.61182403564453
-3.948822121993608,-0.881571664037269,4.29725035183731,-3.515462932985717,-2.152656626141197,5.1861883805854765,-0.416226856649774,0.0019715828757561797,-0.011908142662057315,0.9091806821544068,-0.12383199723892435,-0.15872952428065373,-0.2771126861445354,-0.0019169616166436754,-0.0007679284010464471,-0.017217892127519008,2747,693000000,24.86,0,2,2,-5.318110547949321,-3.0054504481597966,5.101949587004803,388.80655241012573
-3.948822121993608,-0.881571664037269,4.29725035183731,-3.520567858648636,-2.1284636619542523,5.153462793898276,-0.4152710260988884,0.0020481370852673906,-0.01199488029037863,0.9096163492726346,-0.1220931945224671,-0.1567075258902228,-0.27719238513268085,-0.0018356413306719332,-0.0007280937268205889,-0.017845343609224074,2747,813000000,24.81,0,2,2,-5.3168679083059125,-2.975588267655511,5.067915996529265,388.99580097198486
-3.9090933950267024,-0.8473591953666171,4.213949936692152,-3.526374733403496,-2.1005876806998263,5.115309329709818,-0.4141217056275717,0.0020541357167491144,-0.011914390105367094,0.9101412202306767,-0.12165209857816621,-0.15431929310753337,-0.2772050081772883,0.006305962961050682,-0.0009666351218129421,-0.017589387061889283,2747,926000000,24.77,0,2,2,-5.3168679083059125,-2.975588267655511,5.067915996529265,389.20790457725525
-3.9090933950267024,-0.8473591953666171,4.213949936692152,-3.5316306175073455,-2.0727522064792723,5.0770778499553355,-0.41305179277874354,0.0018957182589734245,-0.01142630869889242,0.9106338793412345,-0.12563673136757142,-0.15111883797116724,-0.27733911194050126,0.007723248290858464,-0.0008886868954505189,-0.01610863491805503,2748,59000000,24.72,0,2,2,-5.325603960237374,-2.9166758552556638,4.992050311133704,389.4411532878876
-3.9090933950267024,-0.8473591953666171,4.213949936692152,-3.5354378027233495,-2.0487887348612266,5.044271774189255,-0.41217316352441935,0.0018175788712873698,-0.01118641914199061,0.9110350397784371,-0.12870035457996348,-0.14808243183810868,-0.27796959646608516,0.00030824998020761996,-0.00039960414994766325,-0.016542785670026205,2748,200000000,24.69,0,2,2,-5.325603960237374,-2.9166758552556638,4.992050311133704,389.6388967037201
-3.8659345079668777,-0.8131560895451824,4.1322325217648865,-3.5386900953385076,-2.0248270916703577,5.011337648468647,-0.41124671461362705,0.0018093097806141656,-0.011178297706523887,0.9114537354018578,-0.13260064555668244,-0.1443119492341532,-0.27868454212024674,0.00016567172735904023,0.00019479722794812915,-0.017031922106980346,2748,328000000,24.67,0,2,2,-5.325603960237374,-2.9166758552556638,4.992050311133704,389.82892370224
-3.8659345079668777,-0.8131560895451824,4.1322325217648865,-3.540738703381733,-2.0047540875603795,4.983865857361364,-0.41047101023023114,0.001770830236462768,-0.011178788420362275,0.9118034045836305,-0.13666489071267632,-0.14077089518661737,-0.2785735701510773,-0.00014612094645372053,0.0007817787945896271,-0.017136039605247788,2748,440000000,24.63,0,2,2,-5.361762160697201,-2.842941783298309,4.876020802844724,390.01465368270874
-3.8194125734041924,-0.7788664752786676,4.052262675053996,-3.5426907044308873,-1.9807118123923326,4.950956794121761,-0.40951598218829754,0.0016949091654726795,-0.011187641406205217,0.9122327687027257,-0.13758486270159903,-0.13800198767659327,-0.2780600073719246,0.0025801303308981005,0.0010315549047845707,-0.017689529886411037,2748,549000000,24.6,0,2,2,-5.361762160697201,-2.842941783298309,4.876020802844724,390.19199872016907
-3.8194125734041924,-0.7788664752786676,4.052262675053996,-3.5441518382104342,-1.9608124916144116,4.923525790425195,-0.4087022068594368,0.001580572696454132,-0.011060090097522134,0.912599409546824,-0.13657396287945947,-0.13681413376524051,-0.2781935581861285,0.003004741415679746,0.0006873798042761337,-0.017967728490475565,2748,661000000,24.55,0,2,2,-5.38704335667689,-2.8039642154314675,4.808033519678538,390.3523516654968
-3.8194125734041924,-0.7788664752786676,4.052262675053996,-3.5456177816763508,-1.9411128243247597,4.896106275526188,-0.40787671201613246,0.0014984312182908105,-0.010956899473831947,0.9129700372151943,-0.13445055933869057,-0.13590326652171494,-0.2779569460660788,0.0004023588761725705,0.0003087571371906961,-0.018269982683705166,2748,765000000,24.51,0,2,2,-5.38704335667689,-2.8039642154314675,4.808033519678538,390.51996326446533
-3.769603625192266,-0.7443956384154116,3.974201445188184,-3.5473516719925393,-1.9177695397619499,4.863146510170022,-0.40684366658524623,0.00154559701915853,-0.011120000408462673,0.9134288082167341,-0.1324381085484787,-0.13385693551630612,-0.278742883490633,-0.0036155965744910645,0.00011069224541415679,-0.019261129091319162,2748,876000000,24.46,0,2,2,-5.38704335667689,-2.8039642154314675,4.808033519678538,390.6983480453491
-3.769603625192266,-0.7443956384154116,3.974201445188184,-3.548753771345148,-1.8985734286938725,4.8356425227524475,-0.40594975175754533,0.0016043035396359354,-0.011285816424463194,0.913824302372055,-0.13064246686001013,-0.13217505850563152,-0.27879821357445456,-0.003534601796673087,3.0923956728656776e-05,-0.01977987394639058,2748,987000000,24.39,0,2,2,-5.4086983658692755,-2.7429923973002173,4.71176085298684,390.8562059402466
-3.769603625192266,-0.7443956384154116,3.974201445188184,-3.5501197610558375,-1.8796182014567884,4.808169093802967,-0.4050359143384568,0.0016601430798624077,-0.011439584856744654,0.9142277002581305,-0.12885402738303078,-0.13047052029669115,-0.2783187402885912,-0.002697093896131264,-4.216713165305919e-05,-0.020138523359491955,2749,88000000,24.33,0,2,2,-5.409445019517918,-2.7218023715187214,4.682598707624889,391.0174880027771
-3.7165924502813406,-0.7096503524181865,3.898206037095794,-3.5516756787515176,-1.8571323022001174,4.7751891308609755,-0.4039266811861627,0.0016667287868074232,-0.01144158039860874,0.9147182891355486,-0.1276232861054447,-0.1286603217494247,-0.27869680067008057,0.00047258735662580875,-0.00045837710160867573,-0.020275141832826193,2749,194000000,24.27,0,2,2,-5.40754997340546,-2.6996712419083724,4.653877346846769,391.19379019737244
-3.7165924502813406,-0.7096503524181865,3.898206037095794,-3.552650712598975,-1.8422857142296154,4.753197570521145,-0.40318267336418007,0.001665937216481529,-0.011412641793584435,0.9150468338611935,-0.12674865357450343,-0.1274476461581518,-0.2785257276001054,0.0006724709123773209,-0.0005304235742187302,-0.020368748118926305,2749,298000000,24.19,0,2,2,-5.4022866367597855,-2.672059725171321,4.61989967144473,391.34911370277405
-3.7165924502813406,-0.7096503524181865,3.898206037095794,-3.553805336787592,-1.8238971463814173,4.725754926440102,-0.4022399062155961,0.0016669733426770764,-0.01137475947574632,0.915462120403904,-0.1255422840014133,-0.12595314690527373,-0.27771853677886926,0.0006701754216464906,-0.000575068486341479,-0.02076618984574452,2749,389000000,24.14,0,2,2,-5.4022866367597855,-2.672059725171321,4.61989967144473,391.5077440738678
-3.6604723982639324,-0.6745392031231582,3.824429495415056,-3.555043831185578,-1.8020724854462802,4.692850712157389,-0.40108277060864805,0.0017492652015558387,-0.011515064220749854,0.9159677693500666,-0.12481867639056565,-0.12344232328923865,-0.2778515442620403,-0.0036377804235598887,-0.0005248736158591782,-0.021293144709488843,2749,496000000,24.22,0,2,2,-5.4022866367597855,-2.672059725171321,4.61989967144473,391.68323278427124
-3.6604723982639324,-0.6745392031231582,3.824429495415056,-3.5560752555286514,-1.7805120312725184,4.659971997505475,-0.3998964202095598,0.0018450126639590224,-0.011699196043549898,0.9164838121013286,-0.12397360808769978,-0.12093251518994783,-0.2772301155768008,-0.003439401280047605,-0.0003960627708465836,-0.021769728664366994,2749,597000000,24.01,0,2,2,-5.382102307622953,-2.6007427569867008,4.536212263966668,391.87578320503235
-3.6604723982639324,-0.6745392031231582,3.824429495415056,-3.5569120240627257,-1.7592123958666213,4.627183771745232,-0.39868998040801956,0.0019042051221366237,-0.01181790549375266,0.917007639354682,-0.12346726182572468,-0.11857555395253054,-0.2767482851983202,-0.0004632756599676213,-0.0004782164154448765,-0.021991505127516575,2749,718000000,23.95,0,2,2,-5.382102307622953,-2.6007427569867008,4.536212263966668,392.06359791755676
-3.601345169102129,-0.6389729068050737,3.753020396282527,-3.557508023006196,-1.7381051885296825,4.5943964262557415,-0.3974769243976543,0.001923880474391934,-0.011814145263501254,0.9175340970378127,-0.12339611177908812,-0.1163544373745194,-0.2765938399213963,-6.856424192847044e-05,-0.000594404616549582,-0.0220739459109609,2749,838000000,23.89,0,2,2,-5.370547718638589,-2.546259595290587,4.468687259472116,392.2844047546387
-3.601345169102129,-0.6389729068050737,3.753020396282527,-3.5578718448447275,-1.717199685093211,4.561670469742535,-0.39625690936096036,0.0019375912024906386,-0.01180181340396504,0.9180617760937494,-0.12306496589270081,-0.11415291878863165,-0.27564621809222223,7.195534763582145e-05,-0.0004716309149443987,-0.02225758016720647,2749,967000000,23.83,0,2,2,-5.3696444211733585,-2.521364519017481,4.4340849778137414,392.4646999835968
-3.5393205795637037,-0.6028646205888604,3.6841225481205715,-3.5579986051647627,-1.6999379446401826,4.53450803414539,-0.3952307644904056,0.0019312417751631249,-0.011768201984165432,0.9185044488338612,-0.12369099597324058,-0.11206963131146848,-0.2746252581093812,0.0023133435661293333,-0.00036201153932324814,-0.022322490440274123,2750,83000000,23.78,0,2,2,-5.3696444211733585,-2.521364519017481,4.4340849778137414,392.6390452384949
-3.5393205795637037,-0.6028646205888604,3.6841225481205715,-3.5575821830562138,-1.679209515166992,4.5020057004467064,-0.39401051403430654,0.0018498120417490263,-0.011581129093828565,0.9190311041932931,-0.12836226695640438,-0.10846590867308274,-0.2736800268156985,0.0037628286008839495,-8.78662852699108e-05,-0.0219820687561878,2750,191000000,23.75,0,2,2,-5.3696444211733585,-2.521364519017481,4.4340849778137414,392.8213469982147
-3.5393205795637037,-0.6028646205888604,3.6841225481205715,-3.556343837373747,-1.6583632129864914,4.469638586842172,-0.39280464324497294,0.0017610243697556462,-0.011434090519474248,0.9195491681320529,-0.13311774528056583,-0.10468481879848723,-0.2725836612567517,-0.0003629190771903268,0.0003354250253551072,-0.021967424254398793,2750,303000000,23.71,0,2,2,-5.3696444211733585,-2.521364519017481,4.4340849778137414,393.0042362213135
-3.474516308950366,-0.5661302442712226,3.61787470202627,-3.5548198173204706,-1.6409933819824531,4.442711570324116,-0.39178429365613215,0.0017462400712131773,-0.01149231453376771,0.9199836653966396,-0.13496241680412288,-0.10201652264331729,-0.27225224982135676,-0.0015897024240985047,0.0005818518673095241,-0.02241153415525332,2750,419000000,23.68,0,2,2,-5.391722162953438,-2.4378351427419997,4.294730781424071,393.18742990493774
-3.474516308950366,-0.5661302442712226,3.61787470202627,-3.5530383744623517,-1.6237281100355485,4.415831579347074,-0.39074013276842906,0.001735292702132434,-0.01158271655545292,0.9204265196530055,-0.13515821444117077,-0.09993577961371206,-0.2716212918707976,-0.0016964829569587891,0.0006860693304133747,-0.022922710195416585,2750,525000000,23.65,0,2,2,-5.391722162953438,-2.4378351427419997,4.294730781424071,393.35562229156494
-3.474516308950366,-0.5661302442712226,3.61787470202627,-3.551106977028178,-1.6066183783203931,4.389050005863288,-0.38967348836580945,0.0017203617739220004,-0.011664789291704999,0.920877595292104,-0.13454467243210744,-0.09824440295201183,-0.27042479199814184,0.0011024064676234957,0.0005556073801926686,-0.023283783593797125,2750,628000000,23.61,0,2,2,-5.391722162953438,-2.4378351427419997,4.294730781424071,393.52952814102173
-3.407057624756786,-0.5286887126424467,3.554410272345219,-3.5486284543923365,-1.5862218827898429,4.357015085309978,-0.38841462841339813,0.0015156560015504514,-0.011219066990505181,0.9214151679656838,-0.13469236601176787,-0.09728415717743666,-0.26956901104468006,0.009191051140078343,-0.0003583470316925741,-0.022428131705964915,2750,732000000,23.56,0,2,2,-5.41655769126507,-2.390489610362494,4.2020526996023575,393.72731947898865
-3.407057624756786,-0.5286887126424467,3.554410272345219,-3.545993573067138,-1.5659359234268555,4.3251111568739375,-0.38719226434185716,0.0013271102211892677,-0.010715511192079795,0.9219357716414841,-0.1345583869619676,-0.09639138718576926,-0.2680050138429857,0.008544192587578436,-0.0007175082771482266,-0.021944120271655265,2750,851000000,23.5,0,2,2,-5.41655769126507,-2.390489610362494,4.2020526996023575,393.92061471939087
-3.407057624756786,-0.5286887126424467,3.554410272345219,-3.5432102341419456,-1.545780068967448,4.293400355548472,-0.3859781844539595,0.0012029760807199608,-0.010336397355259302,0.9224492142464477,-0.13460993512015032,-0.09508348587678353,-0.26646275293518873,0.001915025893595157,-0.0007309111197173479,-0.022167609495227225,2750,970000000,23.44,0,2,2,-5.41655769126507,-2.390489610362494,4.2020526996023575,394.0895538330078
-3.3370770889519026,-0.49046227742735693,3.4938570679927823,-3.5406957358825935,-1.5290936321138846,4.267062568144811,-0.38494038811178816,0.0012038104055115363,-0.010281490447659664,0.922883383421236,-0.13502619888070116,-0.09329539313171957,-0.265688725568477,0.0005382320466651436,-0.0005855869289916882,-0.02271686098538339,2751,81000000,23.37,0,2,2,-5.426956106715363,-2.3291824478620073,4.095983174929098,394.25256633758545
-3.3370770889519026,-0.49046227742735693,3.4938570679927823,-3.5379926608041696,-1.5125254382055708,4.240827367458084,-0.38388229615899594,0.0012050026727200916,-0.010253238805958697,0.9233243210044039,-0.13521559223641552,-0.09147815370914517,-0.26441321305803556,0.0003980655122859389,-0.0003786465271105044,-0.023052358301356435,2751,179000000,23.31,0,2,2,-5.422948795493963,-2.30987493133312,4.067957262207277,394.41813588142395
-3.3370770889519026,-0.49046227742735693,3.4938570679927823,-3.5345248305841124,-1.4928152052824608,4.209547728403624,-0.3826015557229456,0.0011953724278138235,-0.010224579020971788,0.9238560919466756,-0.13539923920672287,-0.08933056366989033,-0.26247335748401757,0.0008761788990341302,-0.00023415747705257672,-0.023118375247577205,2751,290000000,23.24,0,2,2,-5.416277953340927,-2.289693300875199,4.040538983486919,394.6028096675873
-3.264714245625722,-0.45137677799617903,3.4363370350639464,-3.5307569281816438,-1.4732590466266948,4.178446140771049,-0.3813202409003077,0.0011691572475349583,-0.010158741479138032,0.9243864489068528,-0.13615747051856766,-0.08709009283972,-0.2609841945947,0.0012325093848630786,-0.0002166588984664486,-0.023152079484134447,2751,402000000,23.16,0,2,2,-5.405506951870773,-2.2645943363372205,4.008385658763799,394.81502079963684
-3.264714245625722,-0.45137677799617903,3.4363370350639464,-3.5259953212658632,-1.4506340047884896,4.142435493509386,-0.3798151462133087,0.0011288111944578808,-0.010073438293541398,0.9250068682627154,-0.13666592780263417,-0.08467711805394969,-0.25844075775035147,0.001280290155136754,-0.0001087273204802841,-0.023330674412136432,2751,534000000,23.08,0,2,2,-5.393078462301316,-2.2390336419996144,3.9768595757479175,395.00032591819763
-3.1901152907940897,-0.41136190002975215,3.381966011250113,-3.522371475397789,-1.434611046540308,4.116939625669056,-0.37873105697425236,0.001125952861488701,-0.010090634871581836,0.9254510780161247,-0.1371422377055285,-0.08272096055190592,-0.2567079976393838,-0.0046603550799773075,0.00010274771895524282,-0.023621352193003986,2751,658000000,22.99,0,2,2,-5.393078462301316,-2.2390336419996144,3.9768595757479175,395.1661264896393
-3.1901152907940897,-0.41136190002975215,3.381966011250113,-3.5184938042226896,-1.4187098550093082,4.091579402503789,-0.37762496064285844,0.0012052431564360273,-0.010355910383763645,0.9258999360668175,-0.13794603195226918,-0.08020064712378656,-0.2554349375148815,-0.00589251258134027,0.0004559575245366432,-0.02410642300674226,2751,765000000,22.93,0,2,2,-5.393078462301316,-2.2390336419996144,3.9768595757479175,395.3314063549042
-3.1901152907940897,-0.41136190002975215,3.381966011250113,-3.5135100835597797,-1.3998054000506643,4.061349530808591,-0.37626894394560334,0.0012847089066435925,-0.010695295935753635,0.926447862531903,-0.13876627268433236,-0.07720001872812743,-0.253538534598738,-0.005194182631385047,0.0007257692061557464,-0.024574456438131165,2751,861000000,22.87,0,2,2,-5.363092849669316,-2.1692020679094637,3.887321880312552,395.52407932281494
-3.113432725201406,-0.3703514213601768,3.330853492557396,-3.5090471915490715,-1.384176624146689,4.036310768766365,-0.37512636355724877,0.001325822768656242,-0.010925847047747031,0.9269083446730804,-0.13993680074146744,-0.07466599522741338,-0.25218564806114935,-0.004281443852960365,0.000746368522186458,-0.024725711227802094,2751,976000000,22.81,0,2,2,-5.363092849669316,-2.1692020679094637,3.887321880312552,395.7155351638794
-3.113432725201406,-0.3703514213601768,3.330853492557396,-3.5033251554402365,-1.3655642399511863,4.006470874993026,-0.3737462456971659,0.001349902120417584,-0.011160168186278843,0.9274628683875128,-0.14102162726217485,-0.07185088309193313,-0.2500852124215365,-0.0035775216019828804,0.0008772327703354676,-0.02487849869794445,2752,94000000,22.76,0,2,2,-5.355092900368927,-2.12896510508121,3.827386592040408,395.9005763530731
-3.113432725201406,-0.3703514213601768,3.330853492557396,-3.4972456289144436,-1.347122699641125,3.9769104173272747,-0.3723567874883743,0.0013590216141327093,-0.011370270586875012,0.9280190153323212,-0.1420874822302328,-0.0691268436149178,-0.24782653855164294,-0.003613731064433523,0.0008709771179837844,-0.02507497374608647,2752,209000000,22.71,0,2,2,-5.354367657323035,-2.1088085422296072,3.794262293162615,396.0882387161255
-3.034824991006352,-0.32828344424628625,3.283102412796271,-3.4907538513501213,-1.328812588333093,3.9475782757188007,-0.37095239823202936,0.0013714417880141602,-0.011581807059592109,0.9285786445630559,-0.14365301423680635,-0.06635120226259751,-0.2459614450333188,-0.00333497464453103,0.000838079478171494,-0.025323964473500382,2752,334000000,22.65,0,2,2,-5.354367657323035,-2.1088085422296072,3.794262293162615,396.2564706802368
-3.034824991006352,-0.32828344424628625,3.283102412796271,-3.4850444055263923,-1.3136562626331398,3.9233225793957454,-0.3697724994118866,0.0013743768233177587,-0.011742311280864334,0.9290471074670094,-0.1446545614792182,-0.06422666764539005,-0.24410852613059367,-0.0029953874900456867,0.0008579882432968589,-0.025475978691247292,2752,440000000,22.6,0,2,2,-5.3594324118311985,-2.072046369033743,3.7275799602704676,396.4262707233429
-3.034824991006352,-0.32828344424628625,3.283102412796271,-3.476650774797144,-1.2926073819717314,3.8897195503873734,-0.3681093815836869,0.0013729814781306155,-0.01196090965426446,0.9297045416433001,-0.1460132913783156,-0.061356073654607254,-0.24115515559246709,-0.003229091362300096,0.0008490069262734323,-0.025642221044108737,2752,554000000,22.54,0,2,2,-5.363424545921739,-2.057881772501507,3.699767965026778,396.62926030158997
-2.954456093278317,-0.28510061338424086,3.238808936286529,-3.470326147686274,-1.2776714231335995,3.865946228148431,-0.36691377620979854,0.001374732957998709,-0.01211914047979246,0.9301749928754219,-0.14732065815913564,-0.0592369462965179,-0.23917979441100456,-0.0029004681664446252,0.000849667640068219,-0.025814604487095494,2752,681000000,22.47,0,2,2,-5.363424545921739,-2.057881772501507,3.699767965026778,396.7996635437012
-2.954456093278317,-0.28510061338424086,3.238808936286529,-3.463739808356922,-1.2628178627652844,3.842389996673119,-0.3657075800394547,0.0013668384171597013,-0.012259797622104994,0.9306480511002493,-0.1483987526292704,-0.05729635757046734,-0.23693411659328995,-0.002543057917137048,0.0008861468757004332,-0.02602033709990792,2752,784000000,22.41,0,2,2,-5.372834287450751,-2.0248196905773677,3.6340655032900124,396.9576253890991
-2.8724952072728698,-0.24075031899626043,3.1980622641951673,-3.4569221227142672,-1.248060688532723,3.819073328683022,-0.3644926873492114,0.0013531385537658164,-0.012392857967353166,0.9311227990745397,-0.14918272952610673,-0.055434414690952914,-0.2344555657835179,-0.002369676303715096,0.0009108725862461142,-0.02617336758703459,2752,882000000,22.35,0,2,2,-5.3747071071063734,-2.010589822711802,3.607405129031779,397.1195590496063
-2.8724952072728698,-0.24075031899626043,3.1980622641951673,-3.4484031002226967,-1.2304499905731519,3.7913916578851823,-0.363025504210725,0.0013373583332770504,-0.012542619931691616,0.9316938217303398,-0.15088807011037592,-0.05313998557817133,-0.23178607176896632,-0.0022047868924346403,0.0008137744146097248,-0.026363351207692176,2752,990000000,22.28,0,2,2,-5.3747071071063734,-2.010589822711802,3.607405129031779,397.2915060520172
-2.8724952072728698,-0.24075031899626043,3.1980622641951673,-3.4410137080352734,-1.2158514696876883,3.7685827408720205,-0.36179171957802847,0.0013219277361631119,-0.012661276604988444,0.9321720314547981,-0.15227053988812453,-0.05122069105515612,-0.22943849217689238,-0.002856607329704275,0.0008317359800003032,-0.026543194326222874,2753,98000000,22.21,0,2,2,-5.3747071071063734,-2.010589822711802,3.607405129031779,397.47122526168823
-2.789116272491974,-0.19518488438498813,3.1609444548970997,-3.4333181816933025,-1.2013034534916829,3.7459789318663015,-0.3605537655407282,0.0013216139811833413,-0.012822916185569671,0.9326493490650083,-0.1541745765982714,-0.04915186008235588,-0.2274922186230736,-0.003105240307377244,0.0008641521446861589,-0.026575481751933694,2753,204000000,22.14,0,2,2,-5.364932047230464,-1.9601189810097261,3.5263824157544335,397.6369426250458
-2.789116272491974,-0.19518488438498813,3.1609444548970997,-3.42369694001374,-1.1839122971181897,3.7191364000999076,-0.359064634859118,0.001313209012869904,-0.013009378438864622,0.9332210989621972,-0.15596019565037103,-0.04691180272085895,-0.22470819139579867,-0.0026856562044486054,0.0009612071949050005,-0.02664047096914146,2753,314000000,22.07,0,2,2,-5.364932047230464,-1.9601189810097261,3.5263824157544335,397.79716753959656
-2.789116272491974,-0.19518488438498813,3.1609444548970997,-3.4170781556043837,-1.17237434230514,3.70144067391448,-0.3580691809059317,0.0012975734261396902,-0.013116968755102147,0.9336020153787352,-0.15686284259068703,-0.04550682141972667,-0.2226234495081069,-0.002280478747707093,0.0010030241128333728,-0.026692378742154688,2753,418000000,21.98,0,2,2,-5.364932047230464,-1.9601189810097261,3.5263824157544335,397.9632842540741
-2.7044975745700466,-0.1483617373876593,3.127530258720528,-3.4068203382274618,-1.155097834288792,3.6751768119575767,-0.35657750096708285,0.00119913616375039,-0.013037874564253654,0.9341739996935141,-0.15931731945835703,-0.04382388865523884,-0.2199541671287759,0.0026190299195150146,0.0005360646355256904,-0.026589835943013895,2753,515000000,21.91,0,2,2,-5.364932047230464,-1.9601189810097261,3.5263824157544335,398.1463541984558
-2.7044975745700466,-0.1483617373876593,3.127530258720528,-3.3979740103264744,-1.1407041521713805,3.6535457331538237,-0.3553365603424857,0.0011135409689782983,-0.01292161531615939,0.9346484476893451,-0.16098267179126563,-0.04261035606160834,-0.21744508473511023,0.002675634459592402,0.0003879641724324756,-0.026558291938272305,2753,619000000,21.82,0,2,2,-5.315495176279888,-1.8825669732443826,3.431084562656855,398.3230938911438
-2.7044975745700466,-0.1483617373876593,3.127530258720528,-3.388897268323472,-1.1263345692020257,3.632183150959523,-0.3540953730446118,0.001033574019083175,-0.012809597224188722,0.9351210150200336,-0.16239815328735444,-0.0414571249545201,-0.2146852635889195,0.002097068727380247,0.0003519895045656085,-0.026582914142636582,2753,732000000,21.75,0,2,2,-5.315495176279888,-1.8825669732443826,3.431084562656855,398.48084330558777
-2.6188213160588383,-0.10024356521196076,3.097886967409696,-3.3776439349368452,-1.1091013280260695,3.606870194758421,-0.3525981859692595,0.0009626285539153043,-0.01273319244754137,0.9356876927733677,-0.16488448084892754,-0.039765008125124734,-0.21185875494331433,0.0010807490866682201,0.0003299292529845843,-0.026728062039182987,2753,831000000,21.68,0,2,2,-5.2880804996548845,-1.8447279375428165,3.3882453936753505,398.6501877307892
-2.6188213160588383,-0.10024356521196076,3.097886967409696,-3.367967868797561,-1.094755803778978,3.586055243793771,-0.3513487097934604,0.00091331181725063,-0.01270116866666083,0.9361580690794136,-0.16649741743983393,-0.03845386118161398,-0.20910168277864566,0.0008378994323265943,0.0004316306984719631,-0.026667342353903223,2753,941000000,21.6,0,2,2,-5.2880804996548845,-1.8447279375428165,3.3882453936753505,398.8380448818207
-2.6188213160588383,-0.10024356521196076,3.097886967409696,-3.3560503954274927,-1.0775827992438305,3.5614547282956086,-0.34985467677448095,0.0008520889837292404,-0.012686542319067726,0.9367176899831524,-0.16829894731003028,-0.03692151087407053,-0.20569003109824738,-0.0010194422202403075,0.0006307917601588997,-0.026593611619318835,2754,55000000,21.53,0,2,2,-5.2880804996548845,-1.8447279375428165,3.3882453936753505,398.9978070259094
-2.532273177214056,-0.050798452185331265,3.072074278608297,-3.345814605921436,-1.0632974080266657,3.541242586175885,-0.34860643447913287,0.000827857102671122,-0.012767769256671262,0.9371818673878469,-0.1702435962425301,-0.035339679478337965,-0.20313486671723818,-0.0016732804510866117,0.0007559625373687595,-0.026719443303591106,2754,159000000,21.45,0,2,2,-5.249457232249188,-1.784077916665231,3.316442114472853,399.1616907119751
-2.532273177214056,-0.050798452185331265,3.072074278608297,-3.3353092776471334,-1.0490462678060894,3.52130355709993,-0.34734865647131924,0.0008011149081455443,-0.012863464818265506,0.9376474819116949,-0.17177986784161356,-0.03387159870408435,-0.2002712155935277,-0.0015995970784388192,0.000892631328497373,-0.026912792782241013,2754,260000000,21.39,0,2,2,-5.241468448020537,-1.7675988473001398,3.2950542486389716,399.3288493156433
-2.532273177214056,-0.050798452185331265,3.072074278608297,-3.3245735437483295,-1.034842356195271,3.5016642812038694,-0.346086725188994,0.0007619774998780414,-0.012941590279108045,0.9381129533693129,-0.1730837205660496,-0.03260332751094536,-0.19721529735886875,-0.00018720749443978946,0.0009311278517998289,-0.026911127679341007,2754,364000000,21.33,0,2,2,-5.241468448020537,-1.7675988473001398,3.2950542486389716,399.51239800453186
-2.4450418679126313,-1.6055016990011418e-15,3.0501441756363534,-3.3135834128611203,-1.0206491418535588,3.4823167101047163,-0.34482774251579185,0.0006851821585830073,-0.0128957602803557,0.9385771454087638,-0.17512103066473853,-0.03148122852582584,-0.19437870348783765,0.001631011230074364,0.0006972822006900969,-0.026800939849636052,2754,471000000,21.27,0,2,2,-5.241468448020537,-1.7675988473001398,3.2950542486389716,399.6684033870697
-2.4450418679126313,-1.6055016990011418e-15,3.0501441756363534,-3.3000663039533316,-1.0036178364064454,3.4594900711088985,-0.3433203078497356,0.0005937748173202159,-0.012811417800361085,0.9391308115610806,-0.17706207158118192,-0.030321681220881552,-0.19067581671399783,0.0016547932887078787,0.0005792265710624633,-0.026750427241495345,2754,567000000,21.22,0,2,2,-5.225707515923389,-1.721507267974233,3.2300083191163385,399.8540062904358
-2.4450418679126313,-1.6055016990011418e-15,3.0501441756363534,-3.286243350446334,-0.9866084870593153,3.437124405125413,-0.3418110588083767,0.0005256996056513825,-0.01278969438077278,0.9396815138300143,-0.17888978562704008,-0.029111563859740584,-0.18681597861857382,-0.001657381187669671,0.0007077067550653737,-0.026902745048573706,2754,685000000,21.15,0,2,2,-5.225707515923389,-1.721507267974233,3.2300083191163385,400.04018092155457
-2.3573186718534025,0.05217256991149122,3.0321408228027416,-3.2744392327271394,-0.9724522597255397,3.418821831803958,-0.3405404938961255,0.0005042121383471033,-0.012896470626485124,0.9401412653598832,-0.18072352126101746,-0.027782604235008883,-0.1838189112391623,-0.0021085711750856717,0.0008951132485890412,-0.027113589749205858,2754,801000000,21.08,0,2,2,-5.2175474511188655,-1.687065841384142,3.178788414046454,400.21587204933167
-2.3573186718534025,0.05217256991149122,3.0321408228027416,-3.262384837619751,-0.9583237465113925,3.400825845653485,-0.3392648363804909,0.00047436915106884806,-0.013009604954174515,0.9406008164724093,-0.18225138233139854,-0.02655103751175626,-0.18072141170306003,-0.00196499590856547,0.0010508087029847957,-0.0271485772827873,2754,907000000,21.02,0,2,2,-5.2131868952013045,-1.6726256258201122,3.158225690906304,400.3738236427307
