x_ref,y_ref,z_ref,x,y,z,eta,e1,e2,e3,u,v,w,p,q,r,sec,nanosec,angle2,angle3,control_mode,std_test,x2,y2,z2,real_x2,real_y2,real_z2,time
0.0,0.0,5.0,0.4155478891576691,-1.913511698981514,4.960592898434373,-0.6010070141150088,-0.002246291516097616,0.0009889400183919152,-0.7992399797036096,0.07044475261547055,-0.0035155093989790607,-0.08214480309966812,-0.0020360242615424795,0.001296030234243517,0.02424761787551688,36376,805000000,9.17,0,2,4,-1.216858429987165,1.5945896206372645,5.0423641002172195,-1.216858429987165,1.5945896206372645,5.0423641002172195,0.0005002021789550781
0.0,0.0,5.0,0.41218020129233884,-1.89909382676229,4.941995896350899,-0.5983128546109012,-0.0019340376482176972,0.0010875194179000012,-0.8012595115237292,0.03557719078372472,-0.0022780600376052936,-0.05164194565559529,-0.002364628221585008,0.0014806803278588632,0.023689802037552,36377,91000000,8.88,0,2,4,-1.2189549809637292,1.5976772238368004,5.031726859386839,-1.2189549809637292,1.5976772238368004,5.031726859386839,0.6526093482971191
0.0,0.0,5.0,0.41108623405646616,-1.8941275009291525,4.932514408645704,-0.5958799314203942,-0.0016004640364210587,0.0011763752773384516,-0.8030710815279685,0.004990483817431412,-0.0006627448262964059,-0.02274579698256611,-0.0021444648837132263,0.0018625750840328692,0.022996012557996437,36377,376000000,8.56,0,2,4,-1.2198620133274327,1.5991523127328915,5.0204486970031,-1.2198620133274327,1.5991523127328915,5.0204486970031,1.279339075088501
0.0,0.0,5.0,0.41195726837596003,-1.8972821847715662,4.930620101817035,-0.5931580135672413,-0.0011840616889469185,0.0012266277557917047,-0.8050842591451094,-0.024205952353670603,0.0012245431969947786,0.008465757990823768,-0.00196283742752712,0.0022509160544359474,0.022046378398954403,36377,635000000,8.23,0,2,4,-1.2197478284498298,1.5991526772090228,5.010490475475922,-1.2197478284498298,1.5991526772090228,5.010490475475922,1.9188241958618164
0.0,0.0,5.0,0.4143303735411483,-1.9067630658379824,4.9366502448520455,-0.5907224602878413,-0.0007934898842002493,0.0012335029527323611,-0.8068734868340569,-0.04288410546726244,0.0027049432835161646,0.032870792248763256,-0.0015193066474239458,0.002263921987832873,0.02104479954141425,36377,918000000,7.82,0,2,4,-1.2187218294548126,1.5978265483825982,5.000717356501053,-1.2187218294548126,1.5978265483825982,5.000717356501053,2.6186890602111816
0.0,0.0,5.0,0.41763411054395716,-1.9201433885839916,4.948656078194182,-0.5883944262863061,-0.00045300648198806236,0.0012060879381933331,-0.8085730265425759,-0.0527647546854242,0.003747644363652428,0.05094250740006693,-0.0010133612818208348,0.0019456193058431381,0.02006862632697448,36378,214000000,7.43,0,2,4,-1.2172068972158454,1.595764278813303,4.993925158424683,-1.2172068972158454,1.595764278813303,4.993925158424683,3.2335240840911865
-0.007994025752217304,0.06280566511082372,5.0,0.42145239032341536,-1.935921131107782,4.965779845551978,-0.5860230970316823,-0.00018412633296775672,0.0011408480875909153,-0.810293523550898,-0.053004330888036535,0.0044287701668437015,0.061076321444025784,-0.0002490149057621238,0.0014935248486835917,0.018935596926894505,36378,483000000,7.03,0,2,4,-1.2154640465398694,1.5933795116718799,4.989694320053919,-1.2154640465398694,1.5933795116718799,4.989694320053919,3.90474796295166
-0.026955524430023026,0.18821223430714068,5.0,0.42477891894946473,-1.950256266005641,4.98460595315774,-0.5837684175340311,-4.083812158019824e-05,0.0010641048320483805,-0.811919516148594,-0.03859327325456434,0.0038879329828263253,0.06273957996418054,8.73985093186036e-06,0.00021478431051491498,0.01822308222472202,36378,786000000,6.63,0,2,4,-1.2136575547020791,1.5908945427223942,4.987945818816066,-1.2136575547020791,1.5908945427223942,4.987945818816066,4.582338571548462
-0.03792871608951609,0.2507810623072051,5.0,0.4258544089450074,-1.955821075238392,5.003899095884808,-0.5814378843023378,-0.00012714863541327082,0.0011375999777317918,-0.813589992808132,0.01520859597764845,-0.00044073248808766967,0.05608705581026187,-0.0002293549442811127,-0.0022327451006276533,0.017348200890410226,36379,84000000,6.26,0,2,4,-1.2131107193742827,1.5902509797203281,4.98878819455156,-1.2131107193742827,1.5902509797203281,4.98878819455156,5.277083873748779
-0.04990027644803874,0.3132386055305398,5.0,0.4216060545932863,-1.9400393240782412,5.01907740361454,-0.579396655534295,-0.0004403876993106749,0.001390712696880089,-0.8150444083192906,0.09556966312237564,-0.007756630901450462,0.04391315802143756,-0.0002146005243730542,-0.0031241185297403717,0.01542132977192523,36379,412000000,5.93,0,2,4,-1.2171832797658,1.5960742981881195,4.991849363046369,-1.2171832797658,1.5960742981881195,4.991849363046369,5.942186594009399
-0.07684722320348403,0.4377539718994975,5.0,0.41285051542994206,-1.9059174691571465,5.0287620571348945,-0.577907630704146,-0.0007620981157415136,0.0016391983877114876,-0.816100179272758,0.17186792572217224,-0.015478543942372188,0.0296614808427411,-9.539747551912114e-05,-0.003012704837601632,0.011833962253149366,36379,701000000,5.75,0,2,4,-1.227661330053468,1.6105303726173668,4.996031351840984,-1.227661330053468,1.6105303726173668,4.996031351840984,6.601455926895142
-0.09182632624610987,0.49977848670888325,5.0,0.39819443377407787,-1.8476939833756278,5.0347478686812135,-0.576908626330902,-0.0010826272383613683,0.0019065330207150703,-0.8168057479689375,0.25435684828275706,-0.02466806737455675,0.011732895969332602,-0.0007804018366641685,-0.003185680589012918,0.004345106390246656,36379,969000000,5.73,0,2,4,-1.2433003225556563,1.6315027907145399,5.0000987352926,-1.2433003225556563,1.6315027907145399,5.0000987352926,7.262109279632568
-0.10781122113602892,0.5616251059963305,5.0,0.3781755144589106,-1.766554293872677,5.035763099585822,-0.5769280496263802,-0.0014276142999592,0.002279333436019666,-0.8167905435978056,0.33211759091515186,-0.033655224138824866,-0.006198853463213247,-0.0007298641151010088,-0.0036526987059914973,-0.004661165485231322,36380,246000000,5.89,0,2,4,-1.2682437682791237,1.6638621963266866,5.004278226672501,-1.2682437682791237,1.6638621963266866,5.004278226672501,7.930366516113281
-0.14280287947149173,0.6847164547362532,5.0,0.35420532822419626,-1.6676910826960207,5.032364416710694,-0.5778807167250557,-0.0018001032816632478,0.002656117541419366,-0.8161149317988963,0.3823602434049628,-0.03921321780256316,-0.020728375040899562,-0.0003829344422001668,-0.003475201401670347,-0.011484168226161273,36380,521000000,6.32,0,2,4,-1.3005701150042834,1.7046526387729883,5.007711244719297,-1.3005701150042834,1.7046526387729883,5.007711244719297,8.593987703323364
-0.16181119526917875,0.7459267385199392,5.0,0.33008332796302364,-1.566907778885754,5.026310519643268,-0.5793351547958508,-0.0021139072813438735,0.0029616662064009284,-0.8150813078134936,0.4079860895137122,-0.0413240740114743,-0.03004323736345772,-0.0007579065311347222,-0.003354330351612589,-0.016453300668217707,36380,806000000,6.98,0,2,4,-1.3396616785855888,1.7524033084311952,5.010029424245098,-1.3396616785855888,1.7524033084311952,5.010029424245098,9.23779296875
-0.18182839742572066,0.8068902424093126,5.0,0.3028907344944558,-1.4524668133604623,5.017868114251943,-0.5814940039028642,-0.0024401578019072616,0.00329875826986168,-0.8135403415005271,0.42137204383682325,-0.040829158932279244,-0.0351730068143115,6.250108270933197e-05,-0.0028066031973139616,-0.019378593242436182,36381,71000000,7.77,0,2,4,-1.3816317495951755,1.801945535980444,5.011085876392408,-1.3816317495951755,1.801945535980444,5.011085876392408,9.870390892028809
-0.20285454502857725,0.867589415443657,5.0,0.2719484076051879,-1.3220569492758694,5.007684409479907,-0.5838243614193785,-0.002690131263324313,0.003454303899248728,-0.8118681826451954,0.40750710606519897,-0.03709944807433836,-0.034350565245644504,0.00042481684374706674,-0.0007581974841741612,-0.015075757073645946,36381,353000000,8.77,0,2,4,-1.4312682863537733,1.8588372397177397,5.011119208916759,-1.4312682863537733,1.8588372397177397,5.011119208916759,10.54021668434143
-0.24793242780967706,0.9881239465359675,5.0,0.24627519104926363,-1.2139072863699807,4.99955104986818,-0.5852241160140206,-0.0027116941147436865,0.003394606037725654,-0.8108599493133724,0.3798745762585958,-0.03321559299375635,-0.029910435750396425,0.0007021643455118465,0.0009975227158065536,-0.008113331023196224,36381,661000000,9.95,0,2,4,-1.4912612443491624,1.925726571240624,5.010010392170538,-1.4912612443491624,1.925726571240624,5.010010392170538,11.199291706085205
-0.2719827807983455,1.0479235961347382,5.0,0.2180462859336799,-1.095149792374962,4.9918527345833885,-0.5856936816320707,-0.0025205435004863443,0.0031413157228494847,-0.8105224798191978,0.33784947315957725,-0.02888920777210325,-0.021076572284698135,0.00038848639292154985,0.0020761445739481132,0.00091999525011488,36381,954000000,10.9,0,2,4,-1.545959909410677,1.9848544483528874,5.008315267198982,-1.545959909410677,1.9848544483528874,5.008315267198982,11.864823579788208
-0.2970393047101876,1.1073875063133007,5.0,0.19555223397558152,-1.0010083397864011,4.9875582026178895,-0.5852404550727894,-0.0022774506183667292,0.002895230807391278,-0.8108514294267766,0.3045187982456229,-0.026025753922449234,-0.012533405028458167,0.00033681144486763515,0.0024848063048921176,0.0074227392815373605,36382,282000000,11.89,0,2,4,-1.614927393419366,2.0567365678104013,5.005698326896418,-1.614927393419366,2.0567365678104013,5.005698326896418,12.524800539016724
-0.35016465716835876,1.2252354754156587,5.0,0.17294347531983517,-0.9068164601820042,4.985649477447136,-0.5837118059782326,-0.0019424814887080526,0.002581499568018868,-0.8119544877561035,0.2624613775226095,-0.02322057771150446,-0.002841185389515546,0.00027482156781388767,0.0028281443292144104,0.01537675652798498,36382,594000000,12.6,0,2,4,-1.676073294812752,2.1185827258220864,5.003327823148435,-1.676073294812752,2.1185827258220864,5.003327823148435,13.204096794128418
-0.37822957332913054,1.2835829643978252,5.0,0.15680674691524904,-0.8397694459613764,4.986320236911787,-0.5817092377380226,-0.0016486952916912676,0.0023240168152883294,-0.8133918142444796,0.23333375914774845,-0.02149935154764309,0.004136908720641412,7.645505988307377e-05,0.002467393278493546,0.019007426089956425,36382,935000000,13.23,0,2,4,-1.7450728949701086,2.1862943365754046,5.000935603348457,-1.7450728949701086,2.1862943365754046,5.000935603348457,13.889043092727661
-0.43735162712291586,1.399032816354308,5.0,0.14386194112173611,-0.7866444975548534,4.988199587543298,-0.5797838050093896,-0.0014540153156873694,0.002161919507190643,-0.81476619431119,0.22103047479275148,-0.02062239825687314,0.008691523953851619,0.0002495806455726779,0.001970721950783627,0.02066055039904313,36383,204000000,13.59,0,2,4,-1.8017759172274614,2.240172010455965,4.99938916478656,-1.8017759172274614,2.240172010455965,4.99938916478656,14.584900140762329
-0.46840284958794687,1.456098062357568,5.0,0.1303391546866497,-0.7321548775979965,4.991210875231705,-0.5774692308270167,-0.0012761359456050967,0.0019926732416429586,-0.8164090201476547,0.2139147973763683,-0.019930591729258512,0.011842772966447935,6.598982409400378e-05,0.0015623336821590783,0.022087352954258677,36383,454000000,13.86,0,2,4,-1.8496947741413527,2.2845838530251315,4.998469532540647,-1.8496947741413527,2.2845838530251315,4.998469532540647,15.265621662139893
-0.5004430187200422,1.5126986430795495,5.0,0.11718575589298794,-0.6809416676759366,4.99442160612502,-0.5753413507527558,-0.001174654723219146,0.0019057229304115409,-0.8179103364797318,0.22524763076296508,-0.02012472272622622,0.012648346252792538,5.94498473560634e-05,0.0007725000443770114,0.021522509268834256,36383,704000000,14.1,0,2,4,-1.9014823411248083,2.3312293553285275,4.997938013175972,-1.9014823411248083,2.3312293553285275,4.997938013175972,15.903074979782104
-0.5674745400066574,1.6244307361341979,5.0,0.10276138858565681,-0.6267398058365737,4.997611749725656,-0.5732286105120075,-0.0011386802885326854,0.0018621448785979542,-0.8193925774097082,0.24007288381664144,-0.02060926594309003,0.011815059005783278,0.00021158270016030656,0.0002654523797218644,0.0215414311242057,36383,940000000,14.33,0,2,4,-1.9487323757733819,2.372718773113354,4.997873211313631,-1.9487323757733819,2.372718773113354,4.997873211313631,16.5740749835968
-0.6024571693927263,1.6795245500406104,5.0,0.08685074932319567,-0.5690416460995543,5.00047725730251,-0.5711097270281074,-0.001147575929877958,0.0018364758252327133,-0.8208708729878951,0.25904156972656256,-0.021080622950586735,0.009864479937092744,1.4814460680412367e-05,-0.00031632827983685274,0.021016911159676965,36384,186000000,14.58,0,2,4,-1.9960704675351375,2.413066024091878,4.998139214790584,-1.9960704675351375,2.413066024091878,4.998139214790584,17.3253755569458
-0.6384112904057448,1.7340783135511595,5.0,0.07013581830520883,-0.5107722169918189,5.002568354556226,-0.5693009544449397,-0.0012286445261550092,0.001889258096132273,-0.8221261122264363,0.28827762352757846,-0.021824049988315334,0.006935505513305124,-2.297685828267504e-05,-0.0011720667203007906,0.01932541617861716,36384,428000000,14.85,0,2,4,-2.044726704991187,2.45299962637281,4.9986370366078,-2.044726704991187,2.45299962637281,4.9986370366078,17.973307132720947
-0.7132125248877181,1.8414897076674175,5.0,0.047548027767748136,-0.43487366771678604,5.004173232329485,-0.5672925294834396,-0.001373662382921358,0.0019845335223147016,-0.8235128175509093,0.3166406187139525,-0.022348813735167512,0.002891786388703161,0.00011432017501533664,-0.0013765736412096885,0.018620278206071816,36384,657000000,15.19,0,2,4,-2.094527185528827,2.492484447622539,4.9992748432408955,-2.094527185528827,2.492484447622539,4.9992748432408955,18.677778244018555
-0.7520479560913946,1.8943092462609985,5.0,0.018234856514918615,-0.33993176642381806,5.004819800529789,-0.5649908937972817,-0.0015679978102863758,0.00210364993793242,-0.8250929680744795,0.3465221064461858,-0.022395916223367916,-0.001758018241112256,-0.00012083322218359172,-0.0019617858470155625,0.018059979083773214,36384,909000000,15.6,0,2,4,-2.14526754426105,2.5314253611042785,4.9999802384363345,-2.14526754426105,2.5314253611042785,4.9999802384363345,19.359055280685425
-0.7918315053403964,1.9465125635026175,5.0,-0.01062135259892329,-0.2501129505691875,5.004319574711228,-0.5630964961669775,-0.0018100714055174544,0.002270065568004143,-0.8263860517024091,0.37354524963052044,-0.02206334126254194,-0.0055947362174711595,0.00020850574316000348,-0.002209849253631546,0.01786381908459589,36385,202000000,16.17,0,2,4,-2.21121897897109,2.5798467646737895,5.00081917850181,-2.21121897897109,2.5798467646737895,5.00081917850181,20.068635940551758
-0.8742153558203847,2.048994047871031,5.0,-0.0466845181484226,-0.1414139255090754,5.002840757017405,-0.5607696514385351,-0.0020672080947585943,0.002395271168798693,-0.827965812912722,0.38279770564794624,-0.021379793866421158,-0.008246434626245152,0.00028782554011286265,-0.0012763306585839018,0.020340436094556935,36385,468000000,16.75,0,2,4,-2.271249641154011,2.62182709091816,5.0014229680191695,-2.271249641154011,2.62182709091816,5.0014229680191695,20.747828722000122
-0.916800870643431,2.099233938543985,5.0,-0.08103309613899175,-0.040418259121617325,5.001047887615777,-0.5582560409844559,-0.0021987741444185606,0.0024257544503687406,-0.8296622649078176,0.37908370918471623,-0.02057137925000161,-0.009199145297598415,0.00035957049817625375,-0.000812833275176672,0.022884313329996075,36385,763000000,17.46,0,2,4,-2.3427008007536503,2.6698031296096723,5.001929762174945,-2.3427008007536503,2.6698031296096723,5.001929762174945,21.418874263763428
-1.00471911316775,2.1976163015816503,5.0,-0.11849239699915032,0.06650505104321788,4.998992565878941,-0.5552403622426617,-0.002323371116660326,0.002430676891825607,-0.8316831331060762,0.3704950994236273,-0.019337659457840377,-0.008993495990151795,0.0004129314078227253,-0.00017698988301617646,0.02619363585836254,36386,37000000,18.11,0,2,4,-2.4118307807182036,2.714157098639427,5.002171807865576,-2.4118307807182036,2.714157098639427,5.002171807865576,22.093487977981567
-1.0500346370229905,2.245720509599518,5.0,-0.15524239530284892,0.16859882993584302,4.9972235645184835,-0.5517764362198905,-0.0023389074253178073,0.0023532088329519946,-0.8339854653126284,0.35435728640661257,-0.018117456649280543,-0.007554152367532356,0.00047231716848727956,0.00034822041641291435,0.02909898084908491,36386,357000000,18.82,0,2,4,-2.493317036747375,2.764106747812332,5.002184451314692,-2.493317036747375,2.764106747812332,5.002184451314692,22.74176287651062
-1.096242274468954,2.293074589152906,5.0,-0.1893502697743716,0.26026954247618533,4.995976251416735,-0.548238604186714,-0.002328572648324681,0.002260980230020335,-0.836315669228566,0.34083188819702215,-0.01679989864071711,-0.0057237390838151495,0.0003535309843982759,0.0007809793032720336,0.03198199592588935,36386,640000000,19.41,0,2,4,-2.566745962108616,2.807045278398797,5.001985237142311,-2.566745962108616,2.807045278398797,5.001985237142311,23.414984226226807
-1.1912949255115115,2.385456099898427,5.0,-0.2223450468437802,0.34656865436868317,4.995314742835494,-0.5442969908482558,-0.002229717131364653,0.0021279784176311853,-0.8388869326809791,0.3169701464377459,-0.01604689511759059,-0.003108583770913595,0.0002633802665741314,0.0015036711033644679,0.035472701347316615,36386,926000000,19.94,0,2,4,-2.6417568558665656,2.849075182674589,5.001610796764836,-2.6417568558665656,2.849075182674589,5.001610796764836,24.06036138534546
-1.2401194021542623,2.4304455014738875,5.0,-0.2532644886123379,0.42560999221472395,4.995356227499901,-0.539947597152581,-0.00205918888756243,0.001961278846237131,-0.841693831185406,0.2924197040709672,-0.015231660962607354,-0.00040764053039459854,0.00020956126576265888,0.001566173943956528,0.038029423012631014,36387,213000000,20.4,0,2,4,-2.716770196861844,2.889672177827114,5.00115188559232,-2.716770196861844,2.889672177827114,5.00115188559232,24.716055631637573
-1.2897949114195773,2.4746087322711814,5.0,-0.2832410143748529,0.4997087145234721,4.99597533658671,-0.5353727666769609,-0.00192315214501483,0.001825742672658239,-0.8446117266828449,0.2777349201307503,-0.013966365868024046,0.001587570553526001,0.00017013419721934042,0.001349116280380258,0.0395776798541192,36387,479000000,20.76,0,2,4,-2.7912617876418064,2.9286823870087484,5.000712570780888,-2.7912617876418064,2.9286823870087484,5.000712570780888,25.386168003082275
-1.3916532385966196,2.560381255257994,5.0,-0.3124611576699549,0.5694547272283925,4.997047795346593,-0.5305971885685374,-0.001780933908418043,0.0016940519704930145,-0.8476205412479685,0.2621752020491288,-0.012964154102281935,0.0032300149609108056,0.000136809728701337,0.0014715388147124031,0.04128762593609281,36387,774000000,21.05,0,2,4,-2.8655636505882907,2.96622817556783,5.000326598948236,-2.8655636505882907,2.96622817556783,5.000326598948236,26.05232286453247
-1.4438120736971953,2.601953023293036,5.0,-0.3429714322620176,0.6396852896830173,4.998584962172209,-0.5252233912508267,-0.001627952195322265,0.0015430619374092063,-0.8509614315669588,0.2527925104087732,-0.011561354916825063,0.004338079696766315,0.0004599381384196022,0.001045843032443372,0.04270396166248247,36388,57000000,21.31,0,2,4,-2.9439798954219945,3.004579070630887,5.000094959661968,-2.9439798954219945,3.004579070630887,5.000094959661968,26.748953819274902
-1.496773969773539,2.6426235906001962,5.0,-0.37270076365185795,0.7045756148392426,5.0001324332028405,-0.5200865596376907,-0.0015831380243615434,0.0014338026697143281,-0.8541108876300143,0.25632248655344847,-0.00959107789046472,0.004367997528008672,0.00035164527218967123,0.0004861642253217724,0.04362314066383988,36388,346000000,21.47,0,2,4,-3.0171717720750206,3.0389588368801763,5.000018952757197,-3.0171717720750206,3.0389588368801763,5.000018952757197,27.396618604660034
-1.6050541277109547,2.7211871065411257,5.0,-0.4040264674792506,0.7695658651741908,5.0015900618138485,-0.5147929983144084,-0.00157007978830408,0.0013540811184045395,-0.8573120028322503,0.25789163084016653,-0.008079187735728651,0.0038276779306172606,0.0004355561912916528,0.0004080184339727566,0.044618119864026085,36388,622000000,21.62,0,2,4,-3.091072450109827,3.0722265857526865,4.99998306527973,-3.091072450109827,3.0722265857526865,4.99998306527973,28.05191993713379
-1.6603448647470773,2.7590433302296336,5.0,-0.4365803848680846,0.8341660657740134,5.002829375223829,-0.5093908265855605,-0.0015646591721525066,0.00126734679772458,-0.8605329345610477,0.26204152989061663,-0.00645627386576088,0.002768977884823367,0.0005045933221481391,9.071777995472985e-05,0.04529655852820724,36388,913000000,21.75,0,2,4,-3.1650672977182572,3.104264130489433,5.000029174744065,-3.1650672977182572,3.104264130489433,5.000029174744065,28.740090370178223
-1.7163836083088557,2.795924923097814,5.0,-0.4747310782700045,0.9056689917744039,5.003704309982667,-0.5034793495014304,-0.0016373546998204196,0.0012099886217148336,-0.864004860879115,0.27640021436291373,-0.003916332545415545,0.0009720568313282784,0.0005429111695320898,-0.0003461511937530304,0.04606786533258855,36389,192000000,21.86,0,2,4,-3.238643338532788,3.1349998714335525,5.000191968886601,-3.238643338532788,3.1349998714335525,5.000191968886601,29.42105984687805
-1.8306451039041485,2.866692228821392,5.0,-0.5188502101102359,0.9841308968678356,5.0040960425152985,-0.49703996144755713,-0.0017359750670777332,0.0011534911709880828,-0.8677251480583559,0.2841943844494792,-0.0024114599021378227,-0.0007620004050621665,0.0005591031992935314,-0.00025027101173691335,0.04715870127256494,36389,490000000,21.97,0,2,4,-3.318487560078014,3.166884410267277,5.000402363271639,-3.318487560078014,3.166884410267277,5.000402363271639,30.135345935821533
-1.888836712547877,2.900542332687862,5.0,-0.5593806368768447,1.0532618027849816,5.004017473263146,-0.49123987759666093,-0.0018115132281744978,0.0010885731358476398,-0.8710217655645405,0.2902832653785542,-0.001232796386338673,-0.0021731842094221683,0.000767135026080723,-0.00036848472291239887,0.0482205181469908,36389,808000000,22.1,0,2,4,-3.4049079663099295,3.199791941466973,5.000618462775372,-3.4049079663099295,3.199791941466973,5.000618462775372,30.829910278320312
-1.9477140375636162,2.9333466089752442,5.0,-0.6090170761101286,1.1340911313198934,5.0034853774996035,-0.4844128036789279,-0.0019358455131879703,0.0010183187383185858,-0.8748368140179152,0.29876975440752723,0.0001935117299798199,-0.003433694318959378,0.0005559392150189524,-0.00035553415216327267,0.04958104545949027,36390,80000000,22.19,0,2,4,-3.481015879898746,3.2275624134064427,5.000821567768202,-3.481015879898746,3.2275624134064427,5.000821567768202,31.5656099319458
-2.0674585092062747,2.995748385021807,5.0,-0.6667894706529872,1.2243680437498392,5.002623096573206,-0.4764865860694717,-0.0020119270482198146,0.0009426877272643937,-0.8791789333152048,0.29417222431872825,9.935141930849701e-05,-0.0037496693597897216,0.000380232853558482,7.7478481586013e-05,0.05098740475659724,36390,407000000,22.29,0,2,4,-3.5698332080361608,3.2584274393666726,5.0009415037838645,-3.5698332080361608,3.2584274393666726,5.0009415037838645,32.33310008049011
-2.1282908401621645,3.0253117312070743,5.0,-0.7149963513377955,1.297118107194094,5.001904920996092,-0.46970220781332517,-0.0020252905444599865,0.0008749423451772746,-0.882822161394576,0.2898314587816621,0.00028512449207865364,-0.0036166268705275784,0.0002815446947579403,7.464371387655433e-06,0.05163189380255062,36390,767000000,22.38,0,2,4,-3.671091670729201,3.2918533898131077,5.000952417408091,-3.671091670729201,3.2918533898131077,5.000952417408091,33.02444648742676
-2.251785188702036,3.081079554889556,5.0,-0.7805623390317987,1.3918041713736178,5.001053048326369,-0.4605334420973315,-0.0020369838359007254,0.0008213053465383513,-0.8876396368258708,0.28147119971052204,0.0005737498869572865,-0.002927497640327423,3.254651907980133e-05,0.0003911816378376898,0.05173302488401532,36391,69000000,22.42,0,2,4,-3.755830997426504,3.3185571508480085,5.000878984085363,-3.755830997426504,3.3185571508480085,5.000878984085363,33.78100538253784
-2.314409616822441,3.107251206474837,5.0,-0.828986406103384,1.459151619503471,5.000655467710468,-0.45362542194162714,-0.0019935755391842667,0.000765885653046326,-0.8911898875346469,0.27499385841258966,0.0010678184897016975,-0.002196368045099719,0.0002016828574369356,0.00017151262881043294,0.05212101859797258,36391,467000000,22.44,0,2,4,-3.8703416784532827,3.352769610045278,5.000663732110561,-3.8703416784532827,3.352769610045278,5.000663732110561,34.489747762680054
-2.4413155349798927,3.1560897861919237,5.0,-0.8784534852926189,1.525115471501929,5.000441469884217,-0.4466075790923603,-0.001996337268416787,0.000728906462570513,-0.8947274186198502,0.2708728881039867,0.00189524410759432,-0.0014084509521516434,-2.2078825345772657e-05,0.00036748880347658996,0.05235000826360192,36391,761000000,22.43,0,2,4,-3.956110331063201,3.3772132507534205,5.000491749668965,-3.956110331063201,3.3772132507534205,5.000491749668965,35.17457890510559
-2.505556658665967,3.1787254284606545,5.0,-0.9207061462371123,1.5797255087513267,5.000497120455197,-0.4405140588611418,-0.0019396469339622519,0.0006816625459269381,-0.8977433581217003,0.26348545105549326,0.0022638708488597796,-0.0005252597754979757,0.00016051290003815666,0.00041738185529993643,0.05260651814751327,36392,59000000,22.4,0,2,4,-4.042738527819483,3.400821226971409,5.000312602334096,-4.042738527819483,3.400821226971409,5.000312602334096,35.84404993057251
-2.5702955446416795,3.2001515855234994,5.0,-0.9671735799058262,1.6373965595082987,5.000719283847634,-0.43383207465353446,-0.0019255463014254373,0.0006358498265731648,-0.9009914644258563,0.2642969289907836,0.0039294222592352115,-6.574142714986257e-05,0.00012491757814814264,0.00023983320005527275,0.05326790997060016,36392,332000000,22.34,0,2,4,-4.117122163687282,3.4205010883948126,5.000244252441456,-4.117122163687282,3.4205010883948126,5.000244252441456,36.488187074661255
-2.701180797417952,3.2393160819846116,5.0,-1.011030940501771,1.6898220793035057,5.001024763843545,-0.42757910255441367,-0.0018980737147372539,0.0005913242108300671,-0.9039757511740086,0.26131230281822515,0.004637073348062314,0.0002941189672543358,0.0001009602456747416,0.00035782979637133394,0.05332424370863009,36392,598000000,22.25,0,2,4,-4.197804478758809,3.441094282731915,5.000165476811117,-4.197804478758809,3.441094282731915,5.000165476811117,37.14879584312439
-2.767283114236859,3.2570255340654644,5.0,-1.0587558514171043,1.7448570776446721,5.001429182886384,-0.4208015785005642,-0.0018772565177978622,0.000532639339249122,-0.9071506069747922,0.26238075965696417,0.006224529092316407,0.00038772510526429506,0.0006005192801694648,3.548587930168878e-05,0.05400367663241923,36392,872000000,22.15,0,2,4,-4.273010805082429,3.4596783038226873,5.000098318147426,-4.273010805082429,3.4596783038226873,5.000098318147426,37.79395318031311
-2.8337950967697747,3.273467752045494,5.0,-1.1131813811112754,1.8044168779304028,5.001777391344467,-0.4133422158050254,-0.0019473984360024684,0.00045207425444273273,-0.9105735642448619,0.27422318677484875,0.009641621578031495,-0.0001687962295422669,0.0006278030241446686,-0.0003077457733979827,0.05516973578778561,36393,151000000,22.02,0,2,4,-4.35548667748504,3.479308089393919,4.99995675770278,-4.35548667748504,3.479308089393919,4.99995675770278,38.503156423568726
-2.9679549523380278,3.3024964829044703,5.0,-1.1830973112184457,1.8767325061041407,5.00199295976182,-0.40422912357797797,-0.0020398009660357814,0.00036774687329064635,-0.9146554103189002,0.2821175910631008,0.012185118085226019,-0.0008275956639346904,0.00044116291917362105,-0.00028946479915248347,0.055685153711237945,36393,452000000,21.86,0,2,4,-4.445604103739336,3.4999429839975016,4.999744713703668,-4.445604103739336,3.4999429839975016,4.999744713703668,39.260194301605225
-3.035555146278904,3.3150569186864494,5.0,-1.248157086369274,1.9407366825547039,5.002004301028245,-0.3960148562251614,-0.0021279803568780217,0.00029856159197818146,-0.9182415892397496,0.29047487701738633,0.014712039255873369,-0.0015874367922437931,0.0006585932510461134,-0.0006129664654963562,0.05680366375599988,36393,802000000,21.65,0,2,4,-4.554677879391317,3.524071036882433,4.999450821862917,-4.554677879391317,3.524071036882433,4.999450821862917,39.98405146598816
-3.171673522805388,3.3362076519872628,5.0,-1.3087698095384153,1.9974042426825707,5.001796492524082,-0.3886238298201876,-0.002244344937996226,0.0002506390762056299,-0.9213937372219014,0.2974590076376093,0.016746886009700916,-0.0022184428677828392,0.000317683847583794,-0.0004394352288272785,0.057768699480220675,36394,118000000,21.44,0,2,4,-4.653927193046252,3.545139725861335,4.999096500079782,-4.653927193046252,3.545139725861335,4.999096500079782,40.68537425994873
-3.240141363972521,3.344774260432901,5.0,-1.3884002251603027,2.068733008962309,5.001454910340309,-0.37895843401446627,-0.0023130877053471706,0.00017682110075731,-0.9254107864342564,0.29799407941298395,0.017922797806143555,-0.0024092345435498853,0.0005489251122980932,-0.00029343418646021746,0.05884699785383418,36394,416000000,21.22,0,2,4,-4.741663588463988,3.563237155584823,4.998773134161587,-4.741663588463988,3.563237155584823,4.998773134161587,41.41185116767883
-3.3777652361022836,3.357833959354922,5.0,-1.4615541992603798,2.1310183552034836,5.001081812993609,-0.37017127324512134,-0.002381844301803027,0.00011210744886462729,-0.9289604634825571,0.2989043078726531,0.01905591963229939,-0.0025105526133303393,0.00022549055813669838,-0.00015968279853950662,0.05934654727752786,36394,763000000,20.89,0,2,4,-4.853144482474609,3.585862996815331,4.998527619557012,-4.853144482474609,3.585862996815331,4.998527619557012,42.100202322006226
-3.4468683345128004,3.3623059959848027,5.0,-1.5400558759886298,2.194950133063145,5.000738221677309,-0.36077411848036295,-0.002416724913399261,4.131118453096238e-05,-0.9326500914966962,0.2969236858896046,0.020001187482764877,-0.002276525694979631,0.0004974353146280919,-0.00012065887773360373,0.05954120169917587,36395,82000000,20.55,0,2,4,-4.952265538418465,3.6055921094805248,4.998417341224598,-4.952265538418465,3.6055921094805248,4.998417341224598,42.836891889572144
-3.5161295498708305,3.365392902395171,5.0,-1.6338607775593883,2.2672497435422017,5.000474528909747,-0.3496662621096537,-0.0024318392341239224,-3.498649094232768e-05,-0.9368711704797771,0.29005302210979045,0.020380729769742208,-0.0016081468467915542,2.0792827370996747e-05,0.0003338455229595638,0.05884342681383714,36395,428000000,20.15,0,2,4,-5.056967892970725,3.6261988339533264,4.998430297989961,-5.056967892970725,3.6261988339533264,4.998430297989961,43.55785417556763
-3.6550158736733924,3.36737448950702,5.0,-1.702608293239907,2.3180036721227246,5.000508505480264,-0.3414518385265648,-0.0023525448451608556,-6.151779221809459e-05,-0.9398963260461981,0.2757575773879222,0.018743827570465145,-0.0007068741557765343,-0.0004943662247569591,0.0008248234109942132,0.05742824687331449,36395,820000000,19.63,0,2,4,-5.1802807119377965,3.6503329544233276,4.998517125388548,-5.1802807119377965,3.6503329544233276,4.998517125388548,44.30683255195618
-3.724584739516201,3.36625202328831,5.0,-1.7758484405046193,2.3704996446997306,5.0008757308243865,-0.33241113559992097,-0.002176233413380994,-8.341486567769855e-05,-0.9431320660327808,0.25531854295605294,0.016539623250691048,0.0005410072129482094,-0.00016730801206676915,0.0009486464591645927,0.05570769098994788,36396,134000000,19.21,0,2,4,-5.2721928274092065,3.668316559789985,4.998631542059741,-5.2721928274092065,3.668316559789985,4.998631542059741,45.05156445503235
-3.8638303014711917,3.359741666140802,5.0,-1.8412146971182823,2.4155936975679633,5.001536871852672,-0.32408271306774966,-0.0020309025140576335,-0.0001196244942700622,-0.946026562108911,0.2397437142700433,0.01559734335678222,0.0014949823475304644,-0.0002756075900833821,0.0009243895988220174,0.054108504991745576,36396,473000000,18.72,0,2,4,-5.376515455233197,3.6889114220912207,4.998780071875431,-5.376515455233197,3.6889114220912207,4.998780071875431,45.77907919883728
-3.933448408441069,3.3543398584014965,5.0,-1.8957334197610038,2.4518505162689634,5.0022780937335645,-0.31698899231665556,-0.001914231401907834,-0.00016587135979547168,-0.9484272702505465,0.23081318394078593,0.016080129222996446,0.00188448805114639,0.0005056380587120657,0.0005833916077335743,0.05332458640623372,36396,786000000,18.23,0,2,4,-5.473001061437988,3.7082545058193084,4.998988487968791,-5.473001061437988,3.7082545058193084,4.998988487968791,46.467998027801514
-4.07252600064417,3.339212478898365,5.0,-1.9508119803143154,2.486496951334489,5.003018596022786,-0.30989685444978665,-0.001888959178286955,-0.0002554169494328023,-0.9507682715559729,0.23216800348319705,0.018950925959866975,0.001680065341971819,0.0004077596685192475,0.0002409968544725416,0.05285669212753419,36397,66000000,17.78,0,2,4,-5.554849150656771,3.7249952603430487,4.999253855727655,-5.554849150656771,3.7249952603430487,4.999253855727655,47.12101650238037
-4.14192469183082,3.3294764801465,5.0,-2.007188004393019,2.519956827901122,5.003649305035932,-0.3029013898535139,-0.0018919513193154558,-0.0003529852989205606,-0.9530199598887704,0.23856845715258762,0.022950264372883826,0.000968515106274353,0.001194527294501313,-0.00020465249122025853,0.052988544484833255,36397,349000000,17.29,0,2,4,-5.635350084503312,3.7419612052518856,4.999566903361768,-5.635350084503312,3.7419612052518856,4.999566903361768,47.77342200279236
-4.211188869122791,3.3182863441177943,5.0,-2.068553590606785,2.5535543744440568,5.003974776436162,-0.29569712729086967,-0.0020045169964712675,-0.0004930471195391589,-0.9552795128799088,0.2569565358240806,0.029777028367666138,-0.0004121319699789806,0.0011016286407539155,-0.0006455191737586574,0.05468787858262658,36397,630000000,16.78,0,2,4,-5.714486295769732,3.759198287347267,4.999928227486384,-5.714486295769732,3.759198287347267,4.999928227486384,48.41525220870972
-4.349188340051508,3.29152966007783,5.0,-2.1548305406337294,2.5970302710393693,5.0039117947909455,-0.2861474554684629,-0.0021587275065794403,-0.0006542264746228881,-0.9581829395330497,0.2734871615694235,0.03568945093744749,-0.0018829262544747777,0.0009527500139938638,-0.000555777018007575,0.05610971275018528,36397,906000000,16.22,0,2,4,-5.794023020629478,3.7773242458480025,5.000233857642703,-5.794023020629478,3.7773242458480025,5.000233857642703,49.17847180366516
-4.417860161682086,3.2759577432071714,5.0,-2.252998723344154,2.6424049924633946,5.003384071435651,-0.27564007589184675,-0.002335103605222509,-0.0008447093210033002,-0.9612577085878962,0.2937771850542112,0.04282239509816973,-0.003413649650975075,0.0012967820566700539,-0.00104732640693328,0.060401385417208076,36398,262000000,15.41,0,2,4,-5.897185245544322,3.802123954497352,5.000497550287354,-5.897185245544322,3.802123954497352,5.000497550287354,49.93570828437805
-4.554387011362157,3.2404183821897035,5.0,-2.3547328836939285,2.6851135964554267,5.002413882986263,-0.2649870709794803,-0.002542757017204556,-0.0009854361479715908,-0.9642481088993979,0.3064415823816152,0.04685366664882008,-0.00452270509558918,0.0005916537986649928,-0.0006776362909022282,0.06117775046732277,36398,638000000,14.44,0,2,4,-6.005565678364564,3.829810748040365,5.000672598772914,-6.005565678364564,3.829810748040365,5.000672598772914,50.6822144985199
-4.622176788304897,3.2204496648906975,5.0,-2.441449840861627,2.719217648731798,5.001462480789512,-0.25614000273769955,-0.0026304907485157633,-0.0010710970032609128,-0.966635521935317,0.30732607252472594,0.04766304496428041,-0.004736886027849219,0.0006138508524600184,-0.00045011838096797874,0.06166954408399761,36399,6000000,13.38,0,2,4,-6.109190198730761,3.858252176129864,5.000642820182926,-6.109190198730761,3.858252176129864,5.000642820182926,51.38024377822876
-4.689606847955658,3.199015261803648,5.0,-2.528674414398537,2.7514223379734957,5.0005587253295065,-0.24716581789948733,-0.0026770295571129257,-0.0011213543984219736,-0.9689688511707386,0.30089105449722164,0.046730935200643184,-0.004185437495031584,-0.00041741093070868374,2.1421259521758884e-05,0.06043801113264635,36399,307000000,12.46,0,2,4,-6.194716507017433,3.883115056133647,5.000551106294151,-6.194716507017433,3.883115056133647,5.000551106294151,52.089383125305176
-4.823254445927119,3.1517548076050006,5.0,-2.612076984199411,2.780819700955754,4.999957915140988,-0.23865767237549002,-0.0025941990668877997,-0.0010658932437638624,-0.9710997113680486,0.2804285119732769,0.0421026941490779,-0.0026974709301164274,-0.0011820433201137348,0.0006949519843146845,0.05584179380093701,36399,609000000,11.47,0,2,4,-6.278970533410806,3.909134702272557,5.000436667213828,-6.278970533410806,3.909134702272557,5.000436667213828,52.75577688217163
-4.889404717734269,3.125933340311662,5.0,-2.6892966127951397,2.806974959512681,4.99981283436554,-0.2308053740311879,-0.0024361748988603587,-0.0009988085081355648,-0.9729963755080229,0.2612148923778384,0.03913500435131551,-0.0010843589159548889,-0.00018841483324649744,0.0007378347220310388,0.05288066131470259,36399,902000000,10.49,0,2,4,-6.360009494333509,3.935667842906114,5.000459801049299,-6.360009494333509,3.935667842906114,5.000459801049299,53.46539235115051
-5.020188450021896,3.0699251662608846,5.0,-2.7634044939729647,2.8303440498277737,5.000025034529149,-0.22319607317226658,-0.0023232272482841807,-0.0009906508971380887,-0.9747702981453799,0.25057660597278314,0.03934608146701392,8.138095418370961e-05,-0.0006463376053034153,0.0006846364271950733,0.05019139025534969,36400,198000000,9.55,0,2,4,-6.438422820484338,3.9631779281442943,5.000585055147634,-6.438422820484338,3.9631779281442943,5.000585055147634,54.184362173080444
-5.084753436313343,3.039747725125622,5.0,-2.8351948744034714,2.8511865030320545,5.000530135505056,-0.2160417087129679,-0.002215926078446699,-0.0009971851749084684,-0.9763811117538698,0.24599199817798872,0.04177439875131639,0.0008439215578430921,0.0007477224244212266,0.00034108930719867203,0.04871110504609533,36400,514000000,8.6,0,2,4,-6.513286469229015,3.991182175134309,5.0008813471643245,-6.513286469229015,3.991182175134309,5.0008813471643245,54.850632190704346
-5.148721240196228,3.008128905536137,5.0,-2.9039794422933083,2.8688029864632743,5.001082490964724,-0.2093397302364854,-0.0022159298325673217,-0.0011126115831967107,-0.9778398279344922,0.25237362650170864,0.04745301493102728,0.0008581579152281378,0.0007616087145834172,6.435551469508027e-06,0.0486185701447539,36400,805000000,7.65,0,2,4,-6.583483905307609,4.019009819284957,5.0013986842624885,-6.583483905307609,4.019009819284957,5.0013986842624885,55.51677393913269
-5.274726649010381,2.9405946627005166,5.0,-2.979864695494031,2.8858701495175034,5.001667221557075,-0.20229472463824238,-0.0022239170264907356,-0.0012123338451546937,-0.9793214124194592,0.2553754781208205,0.051661431136284776,0.0007603846100970632,0.00023804211650713114,7.396873087373024e-05,0.04713978232757654,36401,93000000,6.72,0,2,4,-6.64539966460083,4.045291589348815,5.002025709523337,-6.64539966460083,4.045291589348815,5.002025709523337,56.18444561958313
-5.3366946300784015,2.9046951158287793,5.0,-3.051775133459881,2.9000717806111855,5.002180984228216,-0.19583776591842983,-0.0022231223869988424,-0.0013084905188423981,-0.9806329155292988,0.2603557811015581,0.056612198698774895,0.00038593673250646653,0.0015776482314322493,-0.00015053059172487337,0.04887572576990351,36401,383000000,5.68,0,2,4,-6.707057578438899,4.073075242390081,5.002814619790172,-6.707057578438899,4.073075242390081,5.002814619790172,56.831485986709595
-5.397926217987752,2.8673859679266163,5.0,-3.127491973856735,2.9125818775461045,5.002503196892198,-0.18883106054815096,-0.0022990956933730783,-0.0015068047085670404,-0.9820057404469811,0.2722401525555277,0.06385838467163374,-0.0005461620545255023,0.001224964682933205,-0.00045167168991611106,0.051889535097870976,36401,661000000,4.69,0,2,4,-6.75964117491795,4.098037688064711,5.003659319890419,-6.75964117491795,4.098037688064711,5.003659319890419,57.48298907279968
-5.518040061101152,2.7885801715016205,5.0,-3.2060956771266067,2.9233816754572275,5.002620356057852,-0.1816749099305328,-0.0023741086029550663,-0.001643253128939408,-0.9833544073370639,0.27728882635428376,0.06797792716963322,-0.0012699260403435954,0.00042983195385204453,-0.0003443299959826618,0.051644280028995126,36401,952000000,3.58,0,2,4,-6.807715204438932,4.1221916021081855,5.004556040452842,-6.807715204438932,4.1221916021081855,5.004556040452842,58.13096809387207
-5.576852134532016,2.7471064041681794,5.0,-3.291702830602566,2.933049952751873,5.002574535749872,-0.1740185355764841,-0.0024260175864514455,-0.0017718360190792431,-0.9847377947005018,0.2825912601142881,0.07274051414863483,-0.0020258196488342354,0.001706639852727676,-0.0004911418898245756,0.05434357590274885,36402,227000000,2.41,0,2,4,-6.8509226160133965,4.145015956835818,5.005448685916098,-6.8509226160133965,4.145015956835818,5.005448685916098,58.78980469703674
-5.634787492801395,2.704268820472575,5.0,-3.3869138347806134,2.940798222838562,5.002254274734234,-0.1651009517796631,-0.0025426826648867716,-0.0019896497474918597,-0.9862713885032846,0.29204816332286987,0.07931766538175938,-0.002977961028812666,0.0009283134943416371,-0.0005770856887465925,0.05690950310963672,36402,518000000,1.13,0,2,4,-6.8913774225799225,4.167280992528635,5.006354514754233,-6.8913774225799225,4.167280992528635,5.006354514754233,59.48593735694885
-5.747887692743202,2.6145580149533583,5.0,-3.4659142654515267,2.945183174413155,5.001860526717762,-0.15784623997175518,-0.0026029183311412304,-0.0020805547337844972,-0.9874580804444005,0.2928356289574506,0.08147441068695291,-0.0033174357226206366,-0.00012031401084300342,-0.00027133268361012597,0.05525410706468392,36402,841000000,0.44,0,2,4,-6.927888242960521,4.188263588273162,5.0072429659575866,-6.927888242960521,4.188263588273162,5.0072429659575866,60.133240699768066
-5.802982459501712,2.567715034954065,5.0,-3.5562758992109242,2.9483114470854317,5.001385545793682,-0.14985568947917338,-0.002600797818785065,-0.0021120846493353643,-0.9887022035374764,0.2892477842074346,0.08283031673213115,-0.003267852307257056,0.0005807291415749205,-0.00013729153209851575,0.05451040233310778,36403,106000000,1.68,0,2,4,-6.9521879661144865,4.202485750855492,5.007848683596243,-6.9521879661144865,4.202485750855492,5.007848683596243,60.82468819618225
-5.857060407438873,2.519568741495847,5.0,-3.6346845025891805,2.94908174453391,5.0009926874831,-0.14275136016283102,-0.0026182017473325046,-0.0021878877903756385,-0.9897527000914363,0.28880982460291416,0.08550111478196162,-0.003201118242786888,0.0002824443924964726,-0.0001101925285240668,0.05455904502014164,36403,399000000,3.1,0,2,4,-6.973996688354443,4.214987208474548,5.008390008359839,-6.973996688354443,4.214987208474548,5.008390008359839,61.46700167655945
-5.962026688940954,2.4194371808094957,5.0,-3.712480357381109,2.948138839968123,5.00064257382893,-0.1359485830540927,-0.0026017908426080724,-0.0022137118846068575,-0.9907100044562422,0.2831828109031597,0.08590234604579768,-0.0029085238857210413,-0.0006236938418169302,0.00018137136237328377,0.04993451984773856,36403,658000000,4.38,0,2,4,-6.987390825509269,4.221861825728192,5.008712403506563,-6.987390825509269,4.221861825728192,5.008712403506563,62.13782215118408
-6.012845793126372,2.367489823229123,5.0,-3.794000833444582,2.9455058516806893,5.000385585420684,-0.12937415092066706,-0.002546913476285647,-0.0022066484629214367,-0.991590123492495,0.2770238203267206,0.08714527845999298,-0.0024107966228636276,0.0009003712420962984,9.632083859401064e-05,0.048027652883320116,36403,928000000,5.62,0,2,4,-6.995734515320703,4.224591776083999,5.0089149864016385,-6.995734515320703,4.224591776083999,5.0089149864016385,62.805912733078
-6.062509670513252,2.314314986997085,5.0,-3.887621062919188,2.939611251784033,5.000203243033,-0.12148633921030705,-0.0025567837880029454,-0.0023401661114623652,-0.992587052033478,0.27957300009989366,0.09344196508190554,-0.0021419613932573906,0.0005030352383528225,-0.00011563423001348383,0.04928657872369513,36404,206000000,6.86,0,2,4,-6.999176444710936,4.222500302094023,5.008996468825803,-6.999176444710936,4.222500302094023,5.008996468825803,63.48967170715332
-6.158235379094583,2.204369535360273,5.0,-3.964097644159638,2.932594942266244,5.000147405436246,-0.11523137849155629,-0.0025570174788305568,-0.002399654732456109,-0.993332488510123,0.27871132342236804,0.09668267654525162,-0.001767617811837776,-0.00011140963849243235,3.920286388847671e-05,0.04657083409256302,36404,528000000,8.31,0,2,4,-6.996109540595734,4.212601807667164,5.008972230572852,-6.996109540595734,4.212601807667164,5.008972230572852,64.13946104049683
-6.204229638839507,2.147644744659009,5.0,-4.0457788384621445,2.9231271367235157,5.00024179018126,-0.10903328431652076,-0.002525867494822406,-0.002449625199931284,-0.9940318718436201,0.2768462712580041,0.10034058014624347,-0.0012793403636710613,0.0012899976923108625,5.7737287662007475e-05,0.04492503976507578,36404,788000000,9.48,0,2,4,-6.988662334901686,4.198818356096554,5.008832566642355,-6.988662334901686,4.198818356096554,5.008832566642355,64.7847306728363
-6.24893358419099,2.0897841357178186,5.0,-4.116315874385147,2.9130035742730223,5.000369494998751,-0.10352768052841921,-0.0025315941655641386,-0.0025956582573201164,-0.9946199640835677,0.2791092207389807,0.1056781087548289,-0.0013049751249724528,0.0007137794455047697,-5.0824780473135434e-05,0.04627573762263637,36405,57000000,10.67,0,2,4,-6.9766167716409075,4.17889680482486,5.008575438349852,-6.9766167716409075,4.17889680482486,5.008575438349852,65.42290687561035
-6.3343386826493955,1.9707582080728947,5.0,-4.198771021446896,2.8990292269949607,5.000529081305037,-0.09723440325943633,-0.0025176088425070626,-0.002679427607645876,-0.9952547177161195,0.27695504692772327,0.10900293275266079,-0.0012699750802362356,2.419706746081829e-05,0.00016587980553595116,0.042854958155658096,36405,314000000,11.72,0,2,4,-6.963329912092032,4.157179021180964,5.008289222768701,-6.963329912092032,4.157179021180964,5.008289222768701,66.04267311096191
-6.374974806870911,1.9096468041835581,5.0,-4.280110210948195,2.883135699304057,5.0007077010388015,-0.09146164065839674,-0.0024802774565340106,-0.0027673478860978503,-0.9958016661451665,0.2756036512941778,0.11366865429795084,-0.0013696557091312526,0.0019328003190821619,-3.4243281454848784e-05,0.04431917368492577,36405,587000000,12.92,0,2,4,-6.945073466726499,4.1265663131027015,5.0079011655304075,-6.945073466726499,4.1265663131027015,5.0079011655304075,66.70632314682007
-6.414190618568051,1.847507417364816,5.0,-4.357023527821565,2.86560896618253,5.000787820433387,-0.08524622349392003,-0.002515240028217365,-0.003003788052247575,-0.9963522129272169,0.2816652930495197,0.1220437179107275,-0.001879297527590714,0.0015356014955614228,-0.00030276793552275194,0.04880110100202728,36405,858000000,14.05,0,2,4,-6.924773181466186,4.090975742153902,5.0074730094491295,-6.924773181466186,4.090975742153902,5.0074730094491295,67.3581953048706
-6.4519546340452365,1.7843695588594015,5.0,-4.43480259968856,2.84562356649531,5.000816165238208,-0.07905355334292968,-0.0025413658815576787,-0.0031819573238678856,-0.996862052799133,0.28224727567487157,0.12665353906867668,-0.002067650746791075,0.0007251344754877209,-0.00012232085353502953,0.04564506816677749,36406,130000000,15.19,0,2,4,-6.904209819604179,4.05199043844703,5.0070418926382985,-6.904209819604179,4.05199043844703,5.0070418926382985,67.98945379257202
-6.523003712054525,1.6552215921015208,5.0,-4.517673706316928,2.822168588720239,5.000840620399182,-0.07312660971548485,-0.0025231189365051048,-0.003268769363638526,-0.9973141170008568,0.2764652567037512,0.1278977046581999,-0.001959633375284146,5.807748557629111e-05,0.00020653566110695465,0.038896510886843316,36406,394000000,16.32,0,2,4,-6.882392688450096,4.007011355498975,5.006589156228905,-6.882392688450096,4.007011355498975,5.006589156228905,68.61963129043579
-6.55622827296996,1.5892756263370473,5.0,-4.598156301590255,2.797441520172915,5.000939065452905,-0.06800661862007201,-0.002471871033013856,-0.003344986142501503,-0.9976762003501769,0.2705683310605896,0.1299023464373694,-0.0017166315698181338,0.0017713763099891366,9.613910592065622e-05,0.03876062764902599,36406,676000000,17.4,0,2,4,-6.858360687347694,3.9531831354863596,5.006091816910505,-6.858360687347694,3.9531831354863596,5.006091816910505,69.24845433235168
-6.587880099059713,1.5224594716742677,5.0,-4.672739808181484,2.7721742091256965,5.001029468281997,-0.06254010125631654,-0.002477828053180202,-0.0035547698113367306,-0.9980330454020934,0.2719385467544623,0.1365424459479164,-0.0018848780869799215,0.0010713974234022317,-6.172727680109347e-05,0.04216194756736513,36406,940000000,18.29,0,2,4,-6.834103670598838,3.8924132997734855,5.0055724452382755,-6.834103670598838,3.8924132997734855,5.0055724452382755,69.89753794670105
-6.6463508809387175,1.3863561104401976,5.0,-4.758246463930078,2.7404760566751496,5.001159911418599,-0.05661669863630847,-0.0024495837706230554,-0.0036872233885863995,-0.9983861744628472,0.26781379565803587,0.14004602989140164,-0.0017346339685185377,0.00032124758604368253,0.0002776069976562212,0.03555858856998384,36407,210000000,19.14,0,2,4,-6.811792304577517,3.8297059305819614,5.005087434313392,-6.811792304577517,3.8297059305819614,5.005087434313392,70.51073336601257
-6.673114113782642,1.3171411977066247,5.0,-4.83628653408456,2.709162396708787,5.001334166226964,-0.05189244325994824,-0.0023948387264176034,-0.00381357902264493,-0.9986425264803344,0.2647979670210035,0.1448997753989691,-0.00166781749542642,0.0021648142364938394,0.0001152995380948596,0.037041840914753266,36407,501000000,20.02,0,2,4,-6.787137472766314,3.7524838124128586,5.004547604505114,-6.787137472766314,3.7524838124128586,5.004547604505114,71.15647530555725
-6.698193234026185,1.2472006742522705,5.0,-4.931566897713242,2.6669169413864346,5.001523861302234,-0.044966936329446816,-0.002385302784979903,-0.004101767206608383,-0.998977207184203,0.26691104071097616,0.15462329944205078,-0.0019982691891117406,0.0009181003576941293,8.022221820169761e-05,0.03957956287194975,36407,795000000,20.63,0,2,4,-6.765517283070352,3.674327864664863,5.004049636862474,-6.765517283070352,3.674327864664863,5.004049636862474,71.85662293434143
-6.721562144107404,1.1765732003413591,5.0,-5.031186614241525,2.6185431221974795,5.001666476776356,-0.0384115985274015,-0.002324024446211956,-0.0042234928933616925,-0.999250374088858,0.26073891157031653,0.15782915560858313,-0.0021310081536154634,0.00023266558883960897,0.00037987508392234304,0.03205243483535014,36408,119000000,21.41,0,2,4,-6.74149894997245,3.57189566579106,5.003451781176381,-6.74149894997245,3.57189566579106,5.003451781176381,72.6908700466156
-6.763068819892748,1.0334170003132817,5.0,-5.127020811509869,2.563017932274838,5.001796694039962,-0.03437781070429047,-0.002099445772613895,-0.004448322536979088,-0.9993968035196203,0.19158642787312669,0.18101648889603736,-0.0020252726631364328,0.002292653562108171,0.0028969970117032062,-0.0022206883272701816,36408,497000000,21.93,0,2,4,-6.718796513466949,3.4537628877474624,5.002861484420229,-6.718796513466949,3.4537628877474624,5.002861484420229,73.45409750938416
-6.797441363051352,0.8880015879993646,5.0,-5.176162645548625,2.5022865012259476,5.001925925270418,-0.03764011091861175,-0.001584265212507854,-0.004849152571550082,-0.9992783385389221,0.09470422003975906,0.21866371546241123,-0.0019609595072131608,0.0029079929618092137,0.0037871344147788477,-0.0478471632959554,36408,868000000,22.38,0,2,4,-6.712458168242997,3.347398390519293,5.002411786774427,-6.712458168242997,3.347398390519293,5.002411786774427,74.1985764503479
-6.81189588944001,0.8145537164302753,5.0,-5.194665985231573,2.4526868907683865,5.0020352797929695,-0.04462325103147885,-0.0012209714033469777,-0.005179631586941711,-0.9989897127162208,0.039908238936316134,0.24333383468353414,-0.0020691792342065673,0.004922188463751809,0.004092537392352824,-0.08392607196583413,36409,187000000,21.68,0,2,4,-6.734319901562036,3.261982108662954,5.001956355989932,-6.734319901562036,3.261982108662954,5.001956355989932,74.9193184375763
-6.835236727174377,0.6663999931584091,5.0,-5.204756067831568,2.3743430598750366,5.00222796540532,-0.06469469907450381,-0.0005707315068903714,-0.006059412215871598,-0.9978865435012161,-0.0245558471513902,0.27843678748992773,-0.002776526162106175,0.005414966199168703,0.005517894942386192,-0.1638190311496146,36409,399000000,20.61,0,2,4,-6.763884315084388,3.2089129839691224,5.001607936705881,-6.763884315084388,3.2089129839691224,5.001607936705881,75.72050333023071
-6.8440841242909745,0.5917858514327947,5.0,-5.2039379362486935,2.2980018908594344,5.0023539926694145,-0.0873161342916996,-0.00012990780020310198,-0.006733782688850941,-0.9961578850699403,-0.06357314470485435,0.30206448663229085,-0.0037216896117760836,0.004622784308594419,0.003722499150171643,-0.17542736022733152,36409,699000000,17.97,0,2,4,-6.8188075716393515,3.140263864696732,5.001096635472468,-6.8188075716393515,3.140263864696732,5.001096635472468,76.45218563079834
-6.856043471467056,0.44171901599366026,5.0,-5.20101600788396,2.1928581073891484,5.002427904746251,-0.11354362583348987,-2.2163246797232347e-05,-0.007417288873680273,-0.9935053237739289,-0.0844525934989362,0.3344701516532237,-0.0050954426440679,0.0036435830224945676,0.0010329097904104856,-0.1438043560483493,36409,958000000,15.05,0,2,4,-6.876151898125401,3.080124537209954,5.000663276051959,-6.876151898125401,3.080124537209954,5.000663276051959,77.27551174163818
-6.859122968711804,0.366363343942322,5.0,-5.200203880241153,2.0927226558495478,5.002341620858584,-0.13172639930693042,-0.00014561955836105362,-0.007921429369648304,-0.9912544504199297,-0.09164701859336896,0.3586839561463194,-0.006338638274134551,0.00414957230532309,0.00025369616025727737,-0.1191446506709326,36410,282000000,11.62,0,2,4,-6.95229935239905,2.996958431820989,5.000202910164661,-6.95229935239905,2.996958431820989,5.000202910164661,78.06193900108337
-6.85940919637302,0.2152563534425758,5.0,-5.204080294448809,2.0012728265354824,5.002176630050639,-0.14486219667385875,-0.0003000122904513354,-0.008358146416812904,-0.9894164923609898,-0.0819753155714552,0.3782185488463793,-0.007225202529375257,0.002427206618449418,-0.00019679030884844906,-0.09193263904307969,36410,574000000,8.96,0,2,4,-7.01896308297137,2.90636884060717,4.999872470510732,-7.01896308297137,2.90636884060717,4.999872470510732,78.85565757751465
-6.856590604617711,0.1396070113204253,5.0,-5.226425684551744,1.8739551176603826,5.001876475899715,-0.15130261879122603,-0.0006143160735123058,-0.0086128774953791,-0.9884497754079,-0.005812373758527297,0.376308423468116,-0.0075987982782704105,0.0013956483485344506,-0.002842442131623102,0.01442993070668308,36410,814000000,6.86,0,2,4,-7.074771766444921,2.815298805080496,4.999639353570318,-7.074771766444921,2.815298805080496,4.999639353570318,79.65676522254944
-6.844976259014825,-0.01162263489980088,5.0,-5.277031826722801,1.756308429539909,5.001411889786415,-0.14379460087552182,-0.0011321018416782297,-0.008656966895555215,-0.9895690415674081,0.07964832727558518,0.3696456652154877,-0.007914625818303425,-7.924908160816813e-05,-0.003421474707465677,0.06274649203987792,36411,149000000,5.12,0,2,4,-7.146230422434085,2.670026636864401,4.9992751121122785,-7.146230422434085,2.670026636864401,4.9992751121122785,80.4433159828186
-6.825336248547242,-0.1624040721318142,5.0,-5.342759039821405,1.6541600165863783,5.0009434073410315,-0.13252889454178313,-0.001523464487133593,-0.008545076350593877,-0.9911411366892466,0.13296813571148317,0.35548205715539877,-0.007614394867544351,-0.0008021911469313636,-0.0028488261023085215,0.0767302539316006,36411,488000000,4.81,0,2,4,-7.188310416048309,2.5033029417090504,4.998442908774364,-7.188310416048309,2.5033029417090504,4.998442908774364,81.1924843788147
-6.81249079482118,-0.23749058727900846,5.0,-5.421545889060868,1.5531642150476046,5.000558204408381,-0.11902232520993034,-0.0017982564317712002,-0.00830694708822546,-0.992855199415051,0.16081027101153988,0.3335852249535886,-0.006816436219638429,-0.0018646054627424746,-0.002092138151965628,0.08222821561503224,36411,804000000,4.63,0,2,4,-7.201750873211031,2.325677439133601,4.997063552257313,-7.201750873211031,2.325677439133601,4.997063552257313,81.9671642780304
-6.780730027470835,-0.38677740927057114,5.0,-5.48986245688594,1.4694651396016205,5.000314879673638,-0.10857155913514654,-0.00187470288855505,-0.008065775125259647,-0.9940541460643235,0.1293409815300403,0.31496503006916765,-0.006529088704818921,-0.0009391305297867802,0.000982875485533441,0.016196238539123442,36412,155000000,4.28,0,2,4,-7.20058411416795,2.129364290283447,4.995331241227706,-7.20058411416795,2.129364290283447,4.995331241227706,82.6323573589325
-6.761811649527623,-0.46086485278605455,5.0,-5.5309171330716405,1.383415832097087,4.999807319654166,-0.1141433441881547,-0.0015314635672071964,-0.007986766816065262,-0.9934310057335196,0.01712265700734315,0.3038155604437244,-0.007071886710903953,-0.0013408100244305388,0.003148106247863325,-0.06883157693664543,36412,451000000,3.56,0,2,4,-7.204587022971127,1.9616762304356026,4.993768085214586,-7.204587022971127,1.9616762304356026,4.993768085214586,83.2846667766571
-6.740868492719295,-0.53450552440425,5.0,-5.542100514970351,1.2948039754094618,4.999090570356296,-0.12657949332788299,-0.001134893460705944,-0.007797350895262225,-0.9919251711720523,-0.07949019596055656,0.28451346547606515,-0.0070141500206846175,-0.0022247737433644943,0.0031436577046406455,-0.09274319163523614,36412,738000000,1.15,0,2,4,-7.22432944428657,1.8123515644168173,4.992315669126656,-7.22432944428657,1.8123515644168173,4.992315669126656,83.96552562713623
-6.692919119812252,-0.6802153072003038,5.0,-5.530073827894453,1.212646842833852,4.9983632043416,-0.1402391685322859,-0.0007773757877210245,-0.007553791745705245,-0.9900885372160007,-0.15364186464465573,0.2574659004096759,-0.006553108986686892,-0.002033371106335835,0.0031793397738510976,-0.10402935513411649,36413,38000000,1.82,0,2,4,-7.259738084504194,1.6832511610049086,4.9911496530443795,-7.259738084504194,1.6832511610049086,4.9911496530443795,84.5748782157898
-6.66592267047879,-0.7521677439422926,5.0,-5.502733668736918,1.1382045843914268,4.997732308541881,-0.15419396851953304,-0.0004455046446822557,-0.007421456141664388,-0.9880126231919033,-0.20897982451087552,0.23148891199320612,-0.006027951632564106,0.00016006089822440117,0.003267784632043913,-0.11287411471130326,36413,317000000,4.46,0,2,4,-7.3047036057806745,1.5792295057769965,4.990548475554616,-7.3047036057806745,1.5792295057769965,4.990548475554616,85.21001958847046
-6.636921041207126,-0.8234401450252024,5.0,-5.446874697770259,1.0361531429990711,4.996951180699283,-0.17501785812737713,-3.6925657098247494e-05,-0.007554446316982072,-0.9845362757734448,-0.26420497058833503,0.20446601006773957,-0.005850991540901015,0.0003347550745047556,0.0032027303177528665,-0.1199909922434017,36413,597000000,7.11,0,2,4,-7.357856794518427,1.4865234972678671,4.99051834783013,-7.357856794518427,1.4865234972678671,4.99051834783013,85.94557523727417
-6.572940637900542,-0.9637078000306676,5.0,-5.382855024657245,0.9406237002826242,4.996323754152438,-0.194052085883807,0.0003024121859196336,-0.007473735760616069,-0.9809627107004597,-0.2715529056238951,0.18449792248919,-0.00458926664474321,-0.0028956283586012432,0.0018361804336564091,-0.09456259576836601,36413,941000000,10.28,0,2,4,-7.427079387716655,1.3810553952623954,4.9911592195413705,-7.427079387716655,1.3810553952623954,4.9911592195413705,86.69744396209717
-6.5379855055198695,-1.0325839306182591,5.0,-5.334114420793658,0.8609317702329323,4.996373532190415,-0.20590612260040797,0.0004185168091382181,-0.007137260232402761,-0.9785456315551775,-0.22637272996245658,0.18178873785934763,-0.002017927356479726,-0.0019118288150821172,-0.0008627747376976913,-0.06552072009071708,36414,286000000,13.35,0,2,4,-7.4942116467459785,1.276240032057672,4.992360500448814,-7.4942116467459785,1.276240032057672,4.992360500448814,87.3765058517456
-6.501072535179841,-1.100541877335473,5.0,-5.305018127795898,0.7861366915471857,4.99715996258176,-0.21385653532611298,0.00013149937792539344,-0.006810465618031321,-0.9768413292670872,-0.1598315132608693,0.19327405882364992,0.0007062863099509992,-0.0018277409026268288,-0.002470631397955003,-0.04497325171541888,36414,589000000,15.57,0,2,4,-7.538151563087151,1.17842928289798,4.993645871626397,-7.538151563087151,1.17842928289798,4.993645871626397,88.03471946716309
-6.421440540219725,-1.2334634004219198,5.0,-5.29439752176059,0.7107644103031976,4.998735961095206,-0.2195902746575049,-0.0002260704792872944,-0.00644172270814602,-0.9755708915176442,-0.10478833254192972,0.20420378462660863,0.0029956830839334746,-0.0019190413013348007,-0.002328256005057483,-0.026014169270638376,36414,884000000,17.42,0,2,4,-7.551711905122498,1.0732096215144902,4.99478438002722,-7.551711905122498,1.0732096215144902,4.99478438002722,88.7234525680542
-6.378759968046356,-1.298306980039814,5.0,-5.298493211905857,0.6434930211202808,5.000690367707384,-0.22217882373296377,-0.0004963743905277204,-0.0061473136785482625,-0.9749864278191971,-0.06788459468515452,0.21251738478974347,0.004250920696945311,-0.0009217051342602645,-0.0018640382791090815,-0.008096391411527293,36415,200000000,19.32,0,2,4,-7.533062346222036,0.9482140033810106,4.995448374688848,-7.533062346222036,0.9482140033810106,4.995448374688848,89.38156843185425
-6.334198512494224,-1.3619924942046309,5.0,-5.310931428764883,0.5823313589890551,5.002711173854352,-0.22230937256774835,-0.000687402548347565,-0.005956993385413889,-0.9749577347639622,-0.044230668611659606,0.21706835009866204,0.004636530525688935,-0.0015080362913977297,-0.001443053440652875,0.007446955123668886,36415,514000000,21.01,0,2,4,-7.494751631498652,0.8227937618530498,4.995634974005441,-7.494751631498652,0.8227937618530498,4.995634974005441,90.00626397132874
-6.239531157534259,-1.4856501756582063,5.0,-5.329145081421315,0.5197889914301824,5.004838763923813,-0.22001200445935248,-0.0008045106223312261,-0.005705969647002157,-0.9754801446297221,-0.028271788121545544,0.2093318431982286,0.004317088826695731,-0.0015386379686788132,-0.0009789627029022085,0.023374912234430667,36415,796000000,22.5,0,2,4,-7.447486397795721,0.7015603931041091,4.995404101436547,-7.447486397795721,0.7015603931041091,4.995404101436547,90.64570736885071
-6.189479313267984,-1.5455032632678436,5.0,-5.347425214748384,0.4656804933526542,5.006587625121313,-0.21610747269628755,-0.0008579204388362884,-0.005567420582110309,-0.976353331558512,-0.01962709217994511,0.19715640856785716,0.00345205747939071,0.0006166465595924819,-0.000530300536638606,0.03309819512651302,36416,84000000,24.02,0,2,4,-7.389087305310767,0.5700794074738623,4.994689726986028,-7.389087305310767,0.5700794074738623,4.994689726986028,91.3071506023407
-6.137654734137321,-1.603960251259457,5.0,-5.369204849612659,0.4044647733625733,5.008230695388881,-0.20997583394960007,-0.000925473405258555,-0.005805399827777325,-0.9776889024577222,-0.014695495041317511,0.182207951230917,0.0017945393910569194,0.0028054226504536928,-6.870546442883096e-05,0.04033141849504318,36416,371000000,25.35,0,2,4,-7.332578038776953,0.45220802177296304,4.993945830454152,-7.332578038776953,0.45220802177296304,4.993945830454152,92.07427263259888
-6.028817664732745,-1.716451319807343,5.0,-5.384398746744179,0.3419347092096666,5.009193801595448,-0.20397963705787864,-0.0008571222879484234,-0.0065261724537304805,-0.9789530029987261,-0.0755625137771863,0.1423039649955655,-0.0014015043978349475,0.0047557902234984795,0.0029453447268679156,0.009760261764313327,36416,705000000,26.82,0,2,4,-7.269492440213479,0.3190306595519925,4.993325548913468,-7.269492440213479,0.3190306595519925,4.993325548913468,92.84064865112305
-5.971875440659106,-1.7703692401658633,5.0,-5.360868620550387,0.28783057159987513,5.008679273843127,-0.20305389797763468,-0.0006094409061762913,-0.008465174118271116,-0.9791307797863458,-0.1753735215448964,0.09622637677130971,-0.005623450462743285,0.020224273794156034,0.004617032982423552,0.01970570083358325,36417,85000000,28.6,0,2,4,-7.225749829016565,0.17890850362498364,4.99307355149934,-7.225749829016565,0.17890850362498364,4.99307355149934,93.65342211723328
-5.853134760780966,-1.8732636115574528,5.0,-5.293846983430299,0.22705572276945007,5.0065803930091,-0.19528930352755802,0.0009466814443497367,-0.003989817767426133,-0.9807371070149975,-0.2675723567199888,0.0685119421670555,-0.007874927355763051,-0.07127264398150146,-0.0002770525966866444,0.07233847354655154,36417,421000000,30.38,0,2,4,-7.220384862722126,0.06135158738793571,4.993585527515381,-7.220384862722126,0.06135158738793571,4.993585527515381,94.48574686050415
-5.728198212313908,-1.9691955055186912,5.0,-5.185428428086664,0.154585385676108,5.003632375501472,-0.17796059250932678,0.00256308735523456,0.0041921107969186975,-0.9840253473889811,-0.3279967343020889,0.06633649650668341,-0.008236432478546978,-0.011925393482670188,0.0022396640588340233,0.0859273801324889,36417,811000000,31.09,0,2,4,-7.240557543561446,-0.06637824920119133,4.994860160525624,-7.240557543561446,-0.06637824920119133,4.994860160525624,95.38358879089355
-5.59742994452607,-2.057727526260811,5.0,-5.087005553561515,0.0932520503036386,5.000954488246434,-0.16490340150704902,0.0029743977791084515,0.004879182825001879,-0.9862931687405205,-0.31345283612628483,0.08951401407053997,-0.007680359469018905,0.006694315425193054,0.00031156939144239004,0.05499668259290047,36418,230000000,30.31,0,2,4,-7.276521230352591,-0.20680780572645102,4.996564852451118,-7.276521230352591,-0.20680780572645102,4.996564852451118,96.17428994178772
-5.529981852465275,-2.0990859394333827,5.0,-5.009110566947175,0.027220950990376715,4.99892349937461,-0.15887085171781007,0.0025503181572529674,0.003579794113769692,-0.9872895894446863,-0.24612433798206337,0.1310422585054167,-0.004089862230226207,0.01065014193954994,-0.0019585045947678736,0.016628735284029972,36418,566000000,29.54,0,2,4,-7.303408862409654,-0.31957657370026166,4.997903721669424,-7.303408862409654,-0.31957657370026166,4.997903721669424,96.89633059501648
-5.391221859070367,-2.1757315985306627,5.0,-4.966036348215413,-0.026503508186505185,4.998281752165011,-0.1577697741025626,0.0020579689062699986,0.0023484867454430305,-0.9874709857781208,-0.20051978594668576,0.15471189606557428,-0.0006558083419668898,0.011124372304038843,-0.002273259906360181,0.004958867884852225,36418,902000000,29.51,0,2,4,-7.294244501084122,-0.42637304217929295,4.998850754190366,-7.294244501084122,-0.42637304217929295,4.998850754190366,97.55094122886658
-5.320021817215077,-2.210920035206205,5.0,-4.934700101711585,-0.0810721211435889,4.998546463450764,-0.15711751828981396,0.0015742624228287892,0.0011072009667947263,-0.9875780380558759,-0.16227667484619268,0.1664349209713349,0.00258939504042552,0.009613231395633193,-0.002020649162659538,0.007850378733564867,36419,167000000,29.92,0,2,4,-7.261111482713013,-0.5042660473584976,4.999241568438497,-7.261111482713013,-0.5042660473584976,4.999241568438497,98.22091388702393
-5.247686411918379,-2.2439551839362215,5.0,-4.910540782074411,-0.13826992651768027,4.999701028631992,-0.15533803735545376,0.0011444069303859763,2.6815686990389075e-05,-0.9878607107098916,-0.1305434678745972,0.1662602131042162,0.00515716862267337,0.00631516782050312,-0.0016489602103320067,0.0192299277841812,36419,431000000,30.53,0,2,4,-7.206817191443645,-0.5828004720666289,4.999171069373029,-7.206817191443645,-0.5828004720666289,4.999171069373029,98.87968945503235
-5.174276690478312,-2.274791035281989,5.0,-4.894113219480874,-0.1877325500287948,5.001353792053641,-0.15211843935647928,0.0008517735833972938,-0.0006102371734677368,-0.9883617164277984,-0.10724717090773288,0.1563512494162083,0.006742832001275676,0.0037200432643658132,-0.0013067675126876566,0.0308059599774424,36419,698000000,31.4,0,2,4,-7.127781295721443,-0.6715186806844663,4.998364424969029,-7.127781295721443,-0.6715186806844663,4.998364424969029,99.51582908630371
-5.0244885420965195,-2.3296884399234474,5.0,-4.879740393516049,-0.23835362349428496,5.00364747841904,-0.14670792500421437,0.0006311673023870564,-0.0009698924783309979,-0.9891791777415123,-0.08562978082989438,0.13681567442388085,0.00752931242476111,0.0009607028744085255,-0.001014439021673752,0.04190958534309175,36419,968000000,32.34,0,2,4,-7.041767376350422,-0.7567696751925455,4.997008557252389,-7.041767376350422,-0.7567696751925455,4.997008557252389,100.16738414764404
-4.948242192815196,-2.3536658628116753,5.0,-4.869130092489032,-0.27841308934996095,5.005850067189266,-0.14037927404242045,0.0005004930263210314,-0.0010308180770774898,-0.9900971398505024,-0.0697786652680075,0.11728039178117496,0.007356424869208347,-0.00013038006159149518,-0.0008112022783279826,0.049123153803520836,36420,263000000,33.56,0,2,4,-6.935927125255828,-0.854605180240253,4.995071646218902,-6.935927125255828,-0.854605180240253,4.995071646218902,100.8165340423584
-4.871185627962738,-2.375275900107432,5.0,-4.858630812948972,-0.3190704677052931,5.0082737583140124,-0.13154652690451946,0.00041304885451198234,-0.000887934845450303,-0.9913095138359727,-0.055155947809884885,0.0967112696393995,0.006161353327660728,-0.0017490126651864557,-0.0005252563880731032,0.05594550930254627,36420,553000000,34.85,0,2,4,-6.833916083574431,-0.9439923877636819,4.993067948842863,-6.833916083574431,-0.9439923877636819,4.993067948842863,101.47807598114014
-4.7149271849044485,-2.411245346347941,5.0,-4.850406336493368,-0.3501473619470657,5.010034578509499,-0.12199066600869823,0.00039585077865150796,-0.0005696915985355354,-0.9925310051380751,-0.044326717079772884,0.07912698878981494,0.004482556079526827,-0.0024490900159435114,-0.0003116296994676304,0.06827562901889905,36420,878000000,36.6,0,2,4,-6.710414976853817,-1.0479431905001901,4.990770846789134,-6.710414976853817,-1.0479431905001901,4.990770846789134,102.19925570487976
-4.6358726078780785,-2.425535461820819,5.0,-4.835218463038063,-0.382479131360755,5.011467267278251,-0.10195098346584747,0.0007361987516585464,0.00046374920962456386,-0.9947890429223751,-0.07401642379763593,0.04352878429754744,0.0018216828420635274,-0.006652663887507515,0.0033072375799747533,0.12778590025845915,36421,213000000,38.35,0,2,4,-6.605373305453753,-1.143914381102472,4.989154410228675,-6.605373305453753,-1.143914381102472,4.989154410228675,103.05764198303223
-4.476294458338724,-2.446568993295677,5.0,-4.793613669119443,-0.39820112656880075,5.011584727249621,-0.07209444059512304,0.0017041300518036973,0.0020173013752186994,-0.9973943142364529,-0.1581690655280405,-0.007362881524735164,-0.00233499100540493,-0.009192192464979598,0.005585415556197404,0.17632168164709583,36421,638000000,40.08,0,2,4,-6.499939016075675,-1.2816996967216092,4.988344700929808,-6.499939016075675,-1.2816996967216092,4.988344700929808,103.82428050041199
-4.3959287597209284,-2.4532560847220677,5.0,-4.704762302315494,-0.3939394367687027,5.009923558404939,-0.03176911703941798,0.0029159154242630694,0.0037106538837316442,-0.9994840927636263,-0.25471977387356126,-0.04931617860172409,-0.007614126258905327,-0.006867008005428943,0.006162459658298758,0.20736223086714745,36422,43000000,39.69,0,2,4,-6.452746825632023,-1.4119067454877832,4.9895525262928535,-6.452746825632023,-1.4119067454877832,4.9895525262928535,104.79244303703308
-4.234451135556854,-2.4588478328347407,5.0,-4.599117520750218,-0.3772734194459089,5.007322125367594,0.007482652451171079,0.0036774690074596887,0.004153320683965263,-0.9999566170896066,-0.270730788524468,-0.033281997544576544,-0.009293420542605551,0.003669266448014241,0.0019006263869414397,0.19391609966987744,36422,466000000,37.4,0,2,4,-6.435133217443372,-1.5505865058961825,4.992334208133578,-6.435133217443372,-1.5505865058961825,4.992334208133578,105.68251752853394
-4.072539317315207,-2.4539280852224348,5.0,-4.537284342677363,-0.37047078650628534,5.005678395570868,0.02963293314657872,0.003672585556559958,0.0037436231906815168,-0.9995470907735493,-0.24408137092496324,-0.0026708369854548733,-0.008409626353658023,0.007842878130759345,-0.000912510398620725,0.15930943482089788,36422,842000000,34.44,0,2,4,-6.428707352596577,-1.672309462093119,4.995383420959101,-6.428707352596577,-1.672309462093119,4.995383420959101,106.51951360702515
-3.9108862637393114,-2.438372150023384,5.0,-4.483481427429714,-0.37070571402007363,5.004263771706411,0.04404501458716498,0.0033440290906547395,0.0028564033261638494,-0.999019867229624,-0.2051102196106919,0.035194906624298646,-0.006443675256449297,0.008612479905423243,-0.0036497324344964,0.09224350214935839,36423,94000000,32.74,0,2,4,-6.408933522769959,-1.737154060581883,4.9972721892274095,-6.408933522769959,-1.737154060581883,4.9972721892274095,107.20105719566345
-3.8303790699016456,-2.4265788654137266,5.0,-4.434114395325741,-0.3800700172560502,5.003201697337726,0.05289540476261734,0.002842563745357893,0.0017893901476962164,-0.9985944091918659,-0.16853501288168488,0.07029242083044057,-0.00379133224427367,0.008157694992405595,-0.0042533723444648786,0.05328900042513851,36423,335000000,31.92,0,2,4,-6.3704618370410575,-1.7911563855261181,4.998870000165514,-6.3704618370410575,-1.7911563855261181,4.998870000165514,107.8981454372406
-3.6704581685088824,-2.39493390958863,5.0,-4.395109358601374,-0.39583111263458853,5.002729047881758,0.05844232721680043,0.0023920685212915857,0.0009042032721847225,-0.9982875110979383,-0.14174165772062094,0.09329553394414912,-0.0015589908957270144,0.006338098501146305,-0.003871577200698084,0.04287040246708784,36423,586000000,31.95,0,2,4,-6.302586555354229,-1.8404445093460773,4.9997789856515675,-6.302586555354229,-1.8404445093460773,4.9997789856515675,108.58780550956726
-3.5912294753923018,-2.375080347738145,5.0,-4.356062068858385,-0.41942954975553887,5.002767858373688,0.06441562763483483,0.001949461523572324,0.00014264950573051498,-0.9979212424672084,-0.11643440357943573,0.10528400967130047,0.000668511673052049,0.0041810935726971366,-0.0031338102417066693,0.043874519906239584,36423,836000000,32.65,0,2,4,-6.209637587776696,-1.8836294861617615,4.999671438801585,-6.209637587776696,-1.8836294861617615,4.999671438801585,109.30938506126404
-3.5126134583758732,-2.352543434039778,5.0,-4.322645905062135,-0.445025024688872,5.003330196374586,0.07081077160177351,0.0015914671116741125,-0.000342732000209064,-0.99748843822491,-0.09668364160028269,0.10584253693740484,0.0023539807609530843,0.002192705210291024,-0.0025088080519708456,0.04838940039917361,36424,114000000,33.51,0,2,4,-6.093224930214035,-1.9239819354531036,4.9983561197832325,-6.093224930214035,-1.9239819354531036,4.9983561197832325,109.96786570549011
-3.357598499230817,-2.2994513610445213,5.0,-4.2940924994603735,-0.46966982835565513,5.00427821637235,0.07795955326011339,0.0013026143184910592,-0.0005669850185248876,-0.9969555104313379,-0.07973454444724985,0.09693647263933078,0.003504038651640457,0.00034022244790321565,-0.0018942249425890623,0.054406749404734,36424,385000000,34.91,0,2,4,-5.951178213040987,-1.9651778259382893,4.995866585668144,-5.951178213040987,-1.9651778259382893,4.995866585668144,110.59568190574646
-3.2813905952014384,-2.2689205634695666,5.0,-4.268623870104969,-0.492584626321184,5.005520022549274,0.08653721290940364,0.0010705845073245878,-0.0005815303882343973,-0.9962478740017932,-0.06369098894122761,0.0813212035152536,0.00408905674810652,-0.0005085212876565492,-0.0013965584003017284,0.06016648512741085,36424,668000000,36.65,0,2,4,-5.797184306227468,-2.004219324013465,4.992448221192033,-5.797184306227468,-2.004219324013465,4.992448221192033,111.28303480148315
-3.2061772176970886,-2.2357552728992647,5.0,-4.247994536246218,-0.5109819430799325,5.006841058849451,0.09585442392374799,0.0008820332155041276,-0.0004712444960030354,-0.9953948610276617,-0.049956787439894026,0.06432899059318954,0.0042031437364656215,-0.0016295895989060227,-0.0010793542628562136,0.0650748894258868,36424,976000000,38.81,0,2,4,-5.628908293720572,-2.043004963496136,4.988390094341398,-5.628908293720572,-2.043004963496136,4.988390094341398,111.97759771347046
-3.0591202949960317,-2.1616085748145166,5.0,-4.230881739258575,-0.5253708655144627,5.008165877951099,0.10813675816881951,0.0007223891318158017,-0.0001936414249160161,-0.9941357463594591,-0.03781146612262496,0.04587224581332951,0.0037433190344406107,-0.002196477794313978,-0.0004824096947686485,0.10795015259645879,36425,256000000,41.14,0,2,4,-5.4665116155963425,-2.078239259844301,4.9846028824838795,-5.4665116155963425,-2.078239259844301,4.9846028824838795,112.6584403514862
-2.987470199388719,-2.1206799388106825,5.0,-4.216564828065627,-0.5333603532107692,5.009250111641676,0.12979308472739737,0.0007204488549664481,0.0005471954156930306,-0.9915406883671345,-0.050370335691543935,0.017879843808391697,0.00279903660750268,-0.008653134409541963,0.0028503473004093394,0.17289586539845914,36425,582000000,43.42,0,2,4,-5.313814662309781,-2.1209214702553663,4.981868866016089,-5.313814662309781,-2.1209214702553663,4.981868866016089,113.36562991142273
-2.917201268036015,-2.0772224618603534,5.0,-4.193856417976032,-0.5248395911140433,5.009929165707144,0.16134072006599814,0.0011688035320415137,0.0022758516592077164,-0.9868954485892181,-0.1116263797954646,-0.03336655233148461,0.0005209098073899695,-0.013450414644466946,0.006485931135102874,0.22625310957664624,36425,901000000,44.51,0,2,4,-5.189023358210303,-2.179291365449674,4.981138367671952,-5.189023358210303,-2.179291365449674,4.981138367671952,114.07957243919373
-2.781192346925178,-1.982867659428194,5.0,-4.152211659907999,-0.48555363066585705,5.009816095825977,0.2018840279463867,0.0018793925735326475,0.00450825829134327,-0.9793972548209822,-0.1947465610583938,-0.08798643621603346,-0.0032494319338635127,-0.01040847737385775,0.007353809769483632,0.252405708306469,36426,235000000,44.02,0,2,4,-5.09102613268681,-2.2549882406881663,4.982483002667538,-5.09102613268681,-2.2549882406881663,4.982483002667538,114.83238291740417
-2.715644036814797,-1.9320532497399265,5.0,-4.098896914740236,-0.4220098270138432,5.009029065828764,0.24403663149378402,0.0025221269177442785,0.005651039450468075,-0.9697462694530494,-0.22852423133816271,-0.09253048894019948,-0.0053793210385289034,0.0028539853019537986,0.003864670429720718,0.24813786440063268,36426,572000000,41.97,0,2,4,-5.010232905053841,-2.347852104832342,4.9856862879683135,-5.010232905053841,-2.347852104832342,4.9856862879683135,115.59498643875122
-2.589934222700604,-1.8233868222867717,5.0,-4.04489327149879,-0.36032564097867004,5.007989990774714,-0.2838240715428196,-0.0027481277188319973,-0.004955111032718467,0.958859630541171,-0.19650544565168956,-0.044827245881272175,-0.004876045893385911,0.007527344041591277,-0.0018885809708990564,0.19359920552233234,36426,901000000,39.09,0,2,4,-4.9421693307844885,-2.4417455436709585,4.989908660712698,-4.9421693307844885,-2.4417455436709585,4.989908660712698,116.45718693733215
-2.472029303148281,-1.7056979655151356,5.0,-3.982922732765059,-0.30925642440187445,5.006704168169169,-0.3172237641401211,-0.002263690366999739,-0.003261588506472801,0.9483424071563548,-0.13958408620063245,0.01480863703449741,-0.003022552893981803,0.005750791297032265,-0.004423277596288244,0.09534781784168445,36427,262000000,36.1,0,2,4,-4.868833716216703,-2.515158503054989,4.9948424384779795,-4.868833716216703,-2.515158503054989,4.9948424384779795,117.44560265541077
-2.3626599798714096,-1.579475437759419,5.0,-3.9302286715699037,-0.2879498056816319,5.005931091207058,-0.3362863147739468,-0.0017111331045978838,-0.0019239864550774119,0.9417562767485952,-0.10124233978192773,0.05058794759062215,-0.0015358397916818145,0.00420959472648974,-0.0033933798476937227,0.0916455675906036,36427,746000000,34.36,0,2,4,-4.738163791751886,-2.5463280059182316,5.000198669885022,-4.738163791751886,-2.5463280059182316,5.000198669885022,118.49804878234863
-2.26253351870906,-1.445271679093754,5.0,-3.8806763936489714,-0.28394761689563,5.005581763099797,-0.3584154504166134,-0.0013291033224816459,-0.0010186385233801978,0.933560689383702,-0.07584227758593924,0.07426321868931247,-0.0005371633276592567,0.0025454766500843107,-0.002399120626250806,0.11986870813416317,36428,213000000,34.75,0,2,4,-4.566352208297908,-2.514384951530323,5.002053770304583,-4.566352208297908,-2.514384951530323,5.002053770304583,119.38769030570984
-2.1723281910977024,-1.303702711105489,5.0,-3.8345574451688136,-0.2886576096231582,5.005589948241191,-0.40581583454942544,-0.0010559950589600173,-0.00018420089568514485,0.9139542435884953,-0.06180167838890817,0.08367779007754357,0.000254214632205424,0.0034604293659867835,-0.0030313731485875905,0.4480109579162672,36428,676000000,35.4,0,2,4,-4.3639312729592135,-2.446999205844628,5.000286247489049,-4.3639312729592135,-2.446999205844628,5.000286247489049,120.22855114936829
-2.1311485730830233,-1.230366040701051,5.0,-3.7996993211302224,-0.29104918665905394,5.005828621541544,-0.4837104632136269,-0.0008558836498893609,0.00026126836952057494,0.8752276200964384,-0.05174180561459446,0.08700040380125511,0.0007179052542898674,0.0012918126685690368,-0.0019006910974894708,0.5369967198930681,36429,99000000,33.08,0,2,4,-4.1656134545285335,-2.369625987218925,4.9964556306386365,-4.1656134545285335,-2.369625987218925,4.9964556306386365,121.07496356964111
-2.057019095700143,-1.0790419155556983,5.0,-3.7607863562438086,-0.2894069383517208,5.006277249190068,-0.5669858971416953,-0.0006371732777982474,0.0003995564956595421,0.8237271555601696,-0.04283049683572969,0.08084646649079548,0.0012804329268652288,-0.0003646227355602605,-0.0017424234897589486,0.3840088291326538,36429,441000000,25.91,0,2,4,-4.020000977117882,-2.3089818739819665,4.993136162244372,-4.020000977117882,-2.3089818739819665,4.993136162244372,121.94614958763123
-1.994341477843458,-0.9221660059343091,5.0,-3.7218252926551814,-0.27664080086601833,5.007039925844928,-0.6247217300242814,-0.0001906816351782152,1.352941273515821e-05,0.7808474393202155,-0.05874170878111344,0.049705966404439764,0.0012555888097551438,-0.0030723857662451337,0.0011148681210215727,0.19060890190303326,36429,856000000,17.68,0,2,4,-3.8718496336362733,-2.25063098629161,4.990484524738515,-3.8718496336362733,-2.25063098629161,4.990484524738515,123.00817513465881
-1.943646284461102,-0.7605692911164427,5.0,-3.7031309042727516,-0.2536501353348677,5.0074351233389125,-0.6488429285890784,-3.823043189909913e-05,-0.00047866243806416126,0.7609222190478158,-0.07692006759976808,0.026556448584678982,0.0007464273179437484,-0.002014221399804228,0.0007365403462245013,0.1428695977665484,36430,345000000,12.79,0,2,4,-3.7181548493209817,-2.2323296502829795,4.990374508539801,-3.7181548493209817,-2.2323296502829795,4.990374508539801,123.84475064277649
-1.9229427860856978,-0.6782759984892262,5.0,-3.6910240833011034,-0.21778690627249248,5.007688304580863,-0.6706785314820329,0.00014029580107844183,-0.0007966718586132969,0.7417477017424063,-0.09042336516403245,0.009044492097310302,0.00045286433737215553,-0.0012239203556418943,0.00013897888635483469,0.12423195003066212,36430,730000000,11.61,0,2,4,-3.615214148977205,-2.2610216593549644,4.992547468351481,-3.615214148977205,-2.2610216593549644,4.992547468351481,124.73580193519592
-1.8910921004649763,-0.5112802277408883,5.0,-3.686630381696886,-0.1780598938623043,5.007874869299941,-0.6894819470508334,0.00028663923618526204,-0.0009600762108810722,0.7243021750503092,-0.09936920316512773,-0.0010243740930184109,0.00017569740262222137,-0.0007997941679604992,0.0001839921338842032,0.12116393700125627,36431,163000000,10.84,0,2,4,-3.5047975171008856,-2.315517368214374,4.996303196479361,-3.5047975171008856,-2.315517368214374,4.996303196479361,125.66637802124023
-1.8722922556511628,-0.341884124577298,5.0,-3.686934862486963,-0.14297609861903937,5.007911078236544,-0.7039219496368274,0.00032843018032004974,-0.001091038540470889,0.7102764184372217,-0.10809372463219884,-0.006244982519769857,-0.00015794447155211534,-0.0005177064622330363,0.001163398269454774,0.11145683965878561,36431,577000000,10.32,0,2,4,-3.4030309710251507,-2.3344208116463525,4.99993254528343,-3.4030309710251507,-2.3344208116463525,4.99993254528343,126.48927855491638
-1.866851289671012,-0.17110400235464246,5.0,-3.6906840735477036,-0.09954357113393372,5.007851763675589,-0.7179790863810023,0.00022950996366990876,-0.0013542696559489325,0.6960633195323371,-0.12078495560445293,-0.01036272021997259,-0.0004778417210584399,-0.0005875567524071812,0.0016672223523528373,0.09824349763221107,36431,928000000,10.16,0,2,4,-3.3202471179619852,-2.3013786976498296,5.001999516452763,-3.3202471179619852,-2.3013786976498296,5.001999516452763,127.29546785354614
-1.869215688220526,-0.08552465536015895,5.0,-3.6971296140125482,-0.05430959725598895,5.007722106904659,-0.729780476667229,0.00011379838612885591,-0.0016000729599850952,0.6836796637986259,-0.13115002210751028,-0.012958620372726914,-0.0008092803499701537,-0.00018794918759112988,0.0013847890954821196,0.09253667594748549,36432,308000000,10.83,0,2,4,-3.2184471767582625,-2.2116023264774047,5.002265412675595,-3.2184471767582625,-2.2116023264774047,5.002265412675595,128.07035493850708
-1.8842200513874472,0.08533146576184128,5.0,-3.709609811496882,0.010354809432993106,5.007445273925819,-0.7445090935058313,-1.7843823503223104e-05,-0.0018270550829857948,0.667609819609064,-0.14104903244686087,-0.015057054887875227,-0.0009435782397220878,-7.17213410439399e-05,0.001014405688692932,0.0894373057235498,36432,662000000,12.28,0,2,4,-3.113233989200604,-2.0890009794516198,5.000476623170636,-3.113233989200604,-2.0890009794516198,5.000476623170636,128.99037718772888
-1.9130028030815405,0.2548508388341953,5.0,-3.7253325744108476,0.0753231468560303,5.007225579471928,-0.7579571718949378,-8.404789461256173e-05,-0.0019932675857970406,0.6523012688883183,-0.1472354476975473,-0.016137553823518017,-0.0009998589994830616,-0.00016872636763309856,0.0007086438643000292,0.08750288034207188,36433,152000000,15.05,0,2,4,-2.9665869896080728,-1.896770460760394,4.995858456404985,-2.9665869896080728,-1.896770460760394,4.995858456404985,129.93755078315735
-1.9555767527187298,0.4218884164988501,5.0,-3.741414549474609,0.13439135240011463,5.0069488389968,-0.7660686040878382,-0.0004428786701006801,-0.002457692923571619,0.64275396337548,-0.1928160535369654,-0.01598731827167752,-0.00215436829886986,0.0001937019888487157,0.008658795650262618,0.01616063509572996,36433,605000000,17.84,0,2,4,-2.8288100378641206,-1.7303820412410893,4.9912300339752775,-2.8288100378641206,-1.7303820412410893,4.9912300339752775,130.87301301956177
-1.982013212405946,0.5041124131538817,5.0,-3.7572148112696584,0.1930197571703634,5.006489216658806,-0.7661729959142243,-0.0011011903611754434,-0.0034522679440034177,0.6426241588655479,-0.215754043984486,-0.03045487392895488,-0.0032157791940895684,-0.004019266998511739,0.0036127476960245986,0.010398473477835068,36433,982000000,20.13,0,2,4,-2.714781840796026,-1.6343132333105324,4.9888538991780536,-2.714781840796026,-1.6343132333105324,4.9888538991780536,131.54577469825745
-2.0450859243716706,0.6652337611022429,5.0,-3.7802835132955477,0.24429568962443804,5.0060710674533935,-0.7686861723184552,-0.0006145647939913188,-0.0036943715620689635,0.6396151518024552,-0.17557134389300716,-0.06449311487241204,-0.002647410312866037,-0.003517179607115395,-0.0033197224638570333,0.044535837150760926,36434,266000000,22.28,0,2,4,-2.6290840023205306,-1.5911322517207922,4.988468812244218,-2.6290840023205306,-1.5911322517207922,4.988468812244218,132.1774024963379
-2.081663092373604,0.7438344969402783,5.0,-3.810319081738401,0.2831256324802849,5.005800110144631,-0.7737639249463364,0.00011563937284035197,-0.003561990865816711,0.6334640378902714,-0.13948176161474982,-0.09223846708722103,-0.0018481065730612672,-0.003292703104307293,-0.004052777512697503,0.06823410876677372,36434,545000000,23.83,0,2,4,-2.545032987312497,-1.566003104770678,4.989280320011098,-2.545032987312497,-1.566003104770678,4.989280320011098,132.79692888259888
-2.12155034580164,0.8209305065850954,5.0,-3.8460788432591584,0.31082372086793153,5.005708912088352,-0.7804230776898087,0.0007973917870702603,-0.003412292168245828,0.625241985344605,-0.10919726166092332,-0.11413940109890035,-0.0011276915084810744,-0.0026007978476627613,-0.003292447831881873,0.07946364130475558,36434,823000000,24.88,0,2,4,-2.471578896305525,-1.541726509773133,4.991012601775463,-2.471578896305525,-1.541726509773133,4.991012601775463,133.4195795059204
-2.2110630161493177,0.9700151894744863,5.0,-3.88257769985898,0.3281310667553045,5.005774623274963,-0.7869200485982493,0.0012881051928990972,-0.00328609447450434,0.617044876392508,-0.0861888431468767,-0.12704002622818855,-0.0005587530818639355,-0.0015389488794426143,-0.002535442536100163,0.08020964814932086,36435,100000000,25.67,0,2,4,-2.4138291429226313,-1.50503955415131,4.993338227455371,-2.4138291429226313,-1.50503955415131,4.993338227455371,134.03567910194397
-2.2605751003508394,1.0417088213510084,5.0,-3.917566031727218,0.33818250040211106,5.00596528567402,-0.7927500046361915,0.0016114856634583297,-0.0031555588690796717,0.6095366073596387,-0.06817729618783977,-0.13412717349507464,-5.340654532199096e-05,-0.0010538786000324762,-0.0020833587541346787,0.07791502939653583,36435,372000000,26.46,0,2,4,-2.3729360537367428,-1.4544015903573881,4.995634810259056,-2.3729360537367428,-1.4544015903573881,4.995634810259056,134.69309854507446
-2.313170455097037,1.1113082769611964,5.0,-3.9559672208993115,0.343307817582313,5.006271831577536,-0.7987212093553852,0.0018829900996383763,-0.003002407479439912,0.6016908422300297,-0.04985875160572017,-0.13915945494068302,0.0002235788723241816,-0.00046195776803870103,-0.0017981829273594485,0.07401121474686079,36435,613000000,27.43,0,2,4,-2.344465362880014,-1.3897612814794817,4.997432333090696,-2.344465362880014,-1.3897612814794817,4.997432333090696,135.3521466255188
-2.368774814152509,1.178669013360757,5.0,-3.991058546922688,0.34348578514197514,5.006575871189031,-0.8039225524273614,0.0020590019874014787,-0.0028543405320632003,0.5947235853315547,-0.035713161513376085,-0.14034236452006915,0.00024332280782927355,-4.7619898779771574e-05,-0.001504431395460415,0.0711501321347896,36435,872000000,28.77,0,2,4,-2.3212917403438844,-1.3033303414219477,4.998817625845257,-2.3212917403438844,-1.3033303414219477,4.998817625845257,136.04624390602112
-2.4886778147590656,1.3061054713914066,5.0,-4.025141510284552,0.3401045131592161,5.006874914917012,-0.8088786446998955,0.002176601209661614,-0.0026947157405383644,0.5879654233564351,-0.02370469358232164,-0.13875609729131108,0.0002407469307908351,0.00046332786212133215,-0.0012963115295860916,0.06869481949252076,36436,112000000,30.29,0,2,4,-2.305142833187313,-1.2122491122668744,4.999493517480752,-2.305142833187313,-1.2122491122668744,4.999493517480752,136.70470094680786
-2.5527921950528976,1.365902474300486,5.0,-4.057691304029064,0.33388609138999453,5.007144563552566,-0.8136158000589688,0.0022298583202346603,-0.0025314963750854985,0.5813931106853423,-0.01326014547716312,-0.13550022220089414,0.00013664668431653302,0.0004391818407611936,-0.0010470478628121782,0.06673511379631236,36436,351000000,32.06,0,2,4,-2.293185837376107,-1.1115876757006098,4.999413038516052,-2.293185837376107,-1.1115876757006098,4.999413038516052,137.37882280349731
-2.6195470520451885,1.422904040504092,5.0,-4.088773466889601,0.3248323910078446,5.007377897082897,-0.8182126005636748,0.0022790130603924656,-0.0023863486321524688,0.5749062982073726,-0.002156576710723582,-0.13370941256932195,1.2457803250941764e-05,0.0004989945921352046,-0.0009676859463070286,0.06609224365092814,36436,577000000,34.01,0,2,4,-2.2845747298789014,-1.0063106996416986,4.9987327532470385,-2.2845747298789014,-1.0063106996416986,4.9987327532470385,138.0526750087738
-2.760531064952948,1.527996403481804,5.0,-4.120673864546396,0.3121092917761035,5.007569825735901,-0.8231295457767911,0.0023189306198836126,-0.0022376888374474827,0.567844491193443,0.008059785655346537,-0.1303888520639044,-0.00020859341503552182,0.0003764828591101832,-0.0008201708510569006,0.06661946681560948,36436,831000000,36.1,0,2,4,-2.278871709919139,-0.9001054715030077,4.997588420879015,-2.278871709919139,-0.9001054715030077,4.997588420879015,138.68932509422302
-2.8345189744435983,1.5758343755192035,5.0,-4.152816003136766,0.29561928644737256,5.00769970592654,-0.8284416773336511,0.002360832991011357,-0.0021066618170645693,0.5600664029382441,0.018309264390144304,-0.1270431864613948,-0.0005118824523649478,0.000255606772725514,-0.0007033814483747847,0.0679385157127399,36437,83000000,38.42,0,2,4,-2.2755833941265924,-0.7868342328913871,4.996011606403817,-2.2755833941265924,-0.7868342328913871,4.996011606403817,139.35625648498535
-2.9106650052939886,1.6203720311424952,5.0,-4.1870386121151855,0.2728903029011409,5.007699070511533,-0.8348571928712135,0.0024071068773546186,-0.00197539288897057,0.5504577832773484,0.029863662411394598,-0.12462172045603,-0.0009529320561684545,0.00025565663861470966,-0.00039578933126449556,0.08564053568989038,36437,369000000,40.91,0,2,4,-2.275227196081763,-0.6697687807361861,4.99421444574623,-2.275227196081763,-0.6697687807361861,4.99421444574623,140.102290391922
-3.0688728493258006,1.6990904859004263,5.0,-4.218537071738706,0.24696990402635488,5.007590396403781,-0.8438125354332217,0.002407543160399583,-0.0018956114231582948,0.5366293091502002,0.036251997580745834,-0.12092285137354593,-0.0011402682913606535,0.0004873823115758569,0.0003097828653153556,0.13577502249972895,36437,697000000,43.82,0,2,4,-2.27966056282375,-0.5357117323571339,4.9922313111135805,-2.27966056282375,-0.5357117323571339,4.9922313111135805,140.7738938331604
-3.150638659555576,1.7330566388201085,5.0,-4.245561233204743,0.2211046325069881,5.007452993707182,-0.8566617111485461,0.0023545193334238708,-0.0018956952105841566,0.51586972699551,0.03775902728437533,-0.11765378596124629,-0.0011233845737045483,0.0003255529321677386,0.0010325316225134884,0.1927113058627583,36438,9000000,45.68,0,2,4,-2.2866956415861126,-0.427012370972911,4.991029271973787,-2.2866956415861126,-0.427012370972911,4.991029271973787,141.3853883743286
-3.3187055415643685,1.7897102728947218,5.0,-4.270342846206698,0.1939813267917903,5.007330706744862,-0.8727750713393405,0.0022790236468326437,-0.0019620485928875664,0.4881133385445901,0.036702697530610645,-0.1149910324513331,-0.0010100218035476764,0.0005095499318485963,0.001467891672746191,0.23147985339164734,36438,312000000,46.45,0,2,4,-2.2923386630835574,-0.32650916272529473,4.990496982329481,-2.2923386630835574,-0.32650916272529473,4.990496982329481,142.0396649837494
-3.404672581752349,1.8122200515066011,5.0,-4.291353495483182,0.1682942529820199,5.007234292992436,-0.8887364894265772,0.0021857167756722216,-0.002037595238741593,0.458408685791994,0.034114341351655135,-0.11195141991978388,-0.0008730787824279196,0.0006031783470916707,0.001397839048422611,0.24541897873859853,36438,606000000,46.23,0,2,4,-2.29205066653238,-0.23389567121181806,4.9907397970494785,-2.29205066653238,-0.23389567121181806,4.9907397970494785,142.72725772857666
-3.4916961567944793,1.8307449857865232,5.0,-4.314155725357894,0.13627281383508721,5.007175440412267,-0.9070999005475817,0.0020981750107622954,-0.0020838746180716836,0.42090500775681816,0.032034470272759324,-0.10915445785498443,-0.0006225148700216676,0.0005357152645046881,0.0009347930415515293,0.2428210063953884,36438,894000000,45.45,0,2,4,-2.283925376384643,-0.15380487696372158,4.991684102996321,-2.283925376384643,-0.15380487696372158,4.991684102996321,143.4833700656891
-3.668181996765292,1.8555650925605742,5.0,-4.331790500382956,0.10778831199746511,5.007177219797709,-0.9216862273812105,0.002050702100610089,-0.0020785415854150976,0.38792521514019157,0.029198580169324063,-0.10544473607107545,-0.0003863574254403735,0.0006488905626156338,0.0006266739035254432,0.2377177879679948,36439,223000000,44.23,0,2,4,-2.2644157051764213,-0.06320584632314911,4.9936401456472135,-2.2644157051764213,-0.06320584632314911,4.9936401456472135,144.19581007957458
-3.757265916794269,1.8617428433729168,5.0,-4.346209075924731,0.08145226438750232,5.007242666525975,-0.9339156826424354,0.0020209635165450547,-0.0020475642178307543,0.35748177702052464,0.027289287398970703,-0.1022801444474714,-0.00016915160644386342,0.00038669615776143473,0.00031383260647999123,0.22629093582509086,36439,520000000,42.99,0,2,4,-2.248759593162466,0.010797977918525735,4.995867218191273,-2.248759593162466,0.010797977918525735,4.995867218191273,144.87630414962769
-3.8466503177757674,1.863701659322577,5.0,-4.35862662272148,0.05480691055786204,5.007335768701437,-0.9443682809641258,0.0020279506734017204,-0.001984289204346343,0.3288776366998547,0.027548642251639423,-0.1003100559436791,-9.0937486618499e-05,0.0003572895366232842,-5.2165267661052894e-05,0.20571052154991776,36439,812000000,41.8,0,2,4,-2.249140910621614,0.0780411658766982,4.998001691600937,-2.249140910621614,0.0780411658766982,4.998001691600937,145.55646538734436
-4.025514319678319,1.8548245252560556,5.0,-4.369656632193598,0.026044307623309178,5.0074502181040765,-0.9535336077702459,0.0020451062413623755,-0.0018778146321284715,0.30127387906243625,0.028087778773258538,-0.09742435244056045,-2.2786775988315463e-05,0.00032984997346829914,-0.000348898646507223,0.182688569475431,36440,95000000,40.94,0,2,4,-2.269403460565666,0.147584117925053,4.999766195250614,-2.269403460565666,0.147584117925053,4.999766195250614,146.23980140686035
-4.11458144772037,1.8439434215393662,5.0,-4.379438204633203,-0.006663523225862788,5.0075884864072995,-0.9620336329616168,0.002104442693715232,-0.0017333120044625552,0.27291730615905824,0.030596050883034152,-0.09633889126941368,-4.300629236150522e-05,-0.0002516003320351956,-0.0006534719148021395,0.1673699909588322,36440,393000000,40.59,0,2,4,-2.3117307751237806,0.22497466247477763,5.000922525065098,-2.3117307751237806,0.22497466247477763,5.000922525065098,146.90837025642395
-4.290931179713607,1.809258217798236,5.0,-4.385327983087871,-0.034717042435323565,5.0076785855735295,-0.9680771903239236,0.002199023733983228,-0.001598912197310473,0.2506375098602365,0.03387948861578215,-0.09772311933980782,-0.00014740444935165193,-0.00021396129739059688,-0.0006645215137268679,0.1646089760470204,36440,721000000,40.84,0,2,4,-2.383280795044909,0.3152235331436507,5.000706940129145,-2.383280795044909,0.3152235331436507,5.000706940129145,147.5625
-4.3777843609793425,1.7854702396286055,5.0,-4.389676421628857,-0.06578752952463826,5.007753449922934,-0.9740619914347155,0.002295816823668647,-0.0014678756813814701,0.22626491422297962,0.036559387503864615,-0.10007177516395263,-0.00018202475801307047,-0.0003941658462736086,-0.00047189884355702816,0.17578398546902463,36441,10000000,41.47,0,2,4,-2.452175392334353,0.3917422010742402,4.999894266087096,-2.452175392334353,0.3917422010742402,4.999894266087096,148.26323103904724
-4.463467114098955,1.757414147020783,5.0,-4.392745597802116,-0.10076775241367522,5.0078510565323056,-0.9803825345035622,0.00254320687497394,-0.0014268894901865738,0.19708267840057775,0.031575363456727006,-0.10936119516713272,-0.00026085174534005187,-0.003159377706651867,0.0009159122157598176,0.20266702922526747,36441,315000000,42.32,0,2,4,-2.5226067157505203,0.4755055943803511,4.99883162450237,-2.5226067157505203,0.4755055943803511,4.99883162450237,148.99381756782532
-4.630446991838981,1.6886511897017635,5.0,-4.402304925359829,-0.14370369331303104,5.007917856667894,-0.9873353017737143,0.0033421685201607647,-0.0018344757907956073,0.15860159671189988,-0.007324745356954217,-0.13754569276963066,-0.0010017100703455513,-0.006564532804986811,0.003757507511181757,0.23168532352428883,36441,629000000,42.92,0,2,4,-2.5772974320473243,0.5666053705742005,4.997772280705852,-2.5772974320473243,0.5666053705742005,4.997772280705852,149.72195744514465
-4.711306235361156,1.6480498898808675,5.0,-4.431849870559624,-0.1971871726378892,5.007845954045855,-0.9935570982366186,0.004448585693098956,-0.002630610891578048,0.11321476279751636,-0.06395802818286021,-0.17304719489661563,-0.0022418346829317544,-0.005501628766069189,0.004635428513211082,0.2497155306627974,36441,982000000,42.69,0,2,4,-2.6091591781652608,0.6710273265501151,4.997096440463126,-2.6091591781652608,0.6710273265501151,4.997096440463126,150.5318353176117
-4.866672780420349,1.5547598823221744,5.0,-4.472372940301744,-0.25596281001752386,5.007696654099896,-0.9976394172011231,0.004856522748825191,-0.003105049793938962,0.0684278167061505,-0.08372123739637857,-0.17597361783042148,-0.0026774745968435724,0.0024823400963214226,0.0013459829801831802,0.24129588709911332,36442,370000000,41.36,0,2,4,-2.6176817177846843,0.7821968842783773,4.997208124595958,-2.6176817177846843,0.7821968842783773,4.997208124595958,151.3508219718933
-4.940748158433628,1.502248032917247,5.0,-4.505275445630866,-0.31243308386583435,5.007530638838549,-0.99960682190891,0.004449604136181348,-0.0028455247503141076,0.027537349275032152,-0.06424763126339952,-0.1533121549760893,-0.0022868283369639367,0.0037760452869406436,-0.0017344556113130238,0.2021207896177657,36442,733000000,39.47,0,2,4,-2.6189370631393403,0.8850925691722115,4.997937393398933,-2.6189370631393403,0.8850925691722115,4.997937393398933,152.15074563026428
-5.080621967492752,1.3860239584408682,5.0,-4.522984835029153,-0.3579453373713548,5.007334943567221,-0.9999884313482714,0.003997541410659475,-0.0023434063674527793,-0.00129045685331719,-0.040623379110943346,-0.13491129590710504,-0.0018588056688188105,0.0030825496423858567,-0.0028110570838180138,0.14300187613116577,36443,90000000,37.83,0,2,4,-2.645963372780329,0.973726937224137,4.998894222369861,-2.645963372780329,0.973726937224137,4.998894222369861,152.9182059764862
-5.20808687451648,1.2557198547530424,5.0,-4.531256846028286,-0.39655871765365824,5.0071830808447535,-0.9998135776478041,0.0036624456962728396,-0.0018323131726042069,-0.01886899761666455,-0.020479947920112294,-0.12426881089137583,-0.0014349834292379736,0.0014617950000683777,-0.0030518860285155824,0.09635399910621345,36443,416000000,37.53,0,2,4,-2.7158273938255735,1.0376474400374667,4.999284037570679,-2.7158273938255735,1.0376474400374667,4.999284037570679,153.57101702690125
-5.266668888515909,1.1856537972215457,5.0,-4.532446470291445,-0.43371258536065266,5.007057473888615,-0.9994974742227842,0.0035288947407225045,-0.0013499183852536403,-0.031472585602976666,-6.426324048788827e-05,-0.12536826551923713,-0.0012430476042390116,3.4085449129861445e-05,-0.002805934946081834,0.07662452844670042,36443,711000000,38.33,0,2,4,-2.8037825671285317,1.0782606103116084,4.999019043706461,-2.8037825671285317,1.0782606103116084,4.999019043706461,154.2445833683014
-5.321563693507126,1.112531192373411,5.0,-4.52509789492768,-0.47751113120392985,5.006953553464795,-0.9990275019116679,0.0035581466539270426,-0.0008760064291725848,-0.04393885102340683,0.02249073876154741,-0.1350533365217246,-0.0011876224796424908,-0.0005398470193540561,-0.0022347479443851626,0.0724233737855684,36444,15000000,40.16,0,2,4,-2.9180903413076247,1.1124747247414009,4.998287549494935,-2.9180903413076247,1.1124747247414009,4.998287549494935,154.9790017604828
-5.419572782380206,0.9578462118343007,5.0,-4.507058787712136,-0.5293550342530043,5.006845300540601,-0.9982935581172967,0.003643191896258999,-0.00047094955102690316,-0.05827930319448793,0.0428471153394697,-0.14557163765033274,-0.0012719106605830126,-0.0004658535459611812,-0.0014259075783229491,0.08282044873340055,36444,337000000,42.85,0,2,4,-3.0606543031946547,1.142174634804604,4.99705434986022,-3.0606543031946547,1.142174634804604,4.99705434986022,155.8142533302307
-5.46234774110858,0.8766778679051002,5.0,-4.479975968151291,-0.5835306333522952,5.006745348086179,-0.9970276848618409,0.0037547053170408273,-0.0002008305872487216,-0.07695230648976542,0.0602732488713002,-0.15720345933424795,-0.0013456145700566327,-0.0008787935882992315,-0.0005348412685179937,0.12970837706234306,36444,726000000,46.11,0,2,4,-3.219218699134334,1.1668059878186927,4.995647135320526,-3.219218699134334,1.1668059878186927,4.995647135320526,156.6135823726654
-5.53465865806953,0.7077590007991627,5.0,-4.447952445099824,-0.6340320387354635,5.006690586573034,-0.9946489046558449,0.0038549868790357274,-7.097664992226113e-05,-0.10324093425286951,0.06972200369927087,-0.16748657602460973,-0.0012282510404412175,-0.00023205203802945107,0.00034431297706305486,0.19514697778504342,36445,100000000,48.9,0,2,4,-3.363273069560435,1.184938983897238,4.994789819675142,-3.363273069560435,1.184938983897238,4.994789819675142,157.36397743225098
-5.563913328919968,0.6204686532182451,5.0,-4.412703954586553,-0.6819267327721359,5.006733083630591,-0.9904217721333197,0.003893827284213583,-3.092633472302005e-05,-0.13802010881366938,0.07312715378218373,-0.17621037216964244,-0.0010985035904386951,2.3953924355168965e-05,0.0007020549958269839,0.23951325129019096,36445,440000000,50.13,0,2,4,-3.4727000041619336,1.1983627507920667,4.994935605755502,-3.4727000041619336,1.1983627507920667,4.994935605755502,158.08441925048828
-5.608003711183438,0.44145250573565586,5.0,-4.374725931568962,-0.7265246746612785,5.006780017205555,-0.9845436152965299,0.003895960364700992,4.072406821231363e-06,-0.17509623369761762,0.07453835799295104,-0.18379053359933636,-0.0011764362985413087,0.00032187525675908546,0.0008284553700832475,0.259443063987419,36445,759000000,49.84,0,2,4,-3.5580235856745426,1.2114181960571027,4.9959969400927395,-3.5580235856745426,1.2114181960571027,4.9959969400927395,158.75613808631897
-5.62262998000515,0.3502455538454226,5.0,-4.341565156431061,-0.7612611867528548,5.006804655102124,-0.9785192120797694,0.0038868159315804647,2.3464576585398083e-05,-0.2061190037384099,0.0740097932459712,-0.18840030007937186,-0.0012857850281397896,-6.016701163957805e-05,0.0006931282712230313,0.26316442526876926,36446,59000000,48.74,0,2,4,-3.622359971439846,1.2243914142201902,4.9977881636833645,-3.622359971439846,1.2243914142201902,4.9977881636833645,159.48292469978333
-5.6366236804729155,0.16579483862679936,5.0,-4.2959314949520575,-0.8031831787491939,5.006766109150947,-0.9698332424445013,0.003932625441527439,0.00012452032678900312,-0.24373756542931552,0.07601520745177559,-0.19538624516375128,-0.0016067602701822358,-0.0005603096781214845,0.00019937943847025963,0.24867564206942916,36446,300000000,47.49,0,2,4,-3.665845616976029,1.2330386490834224,4.999616797496368,-3.665845616976029,1.2330386490834224,4.999616797496368,160.1538417339325
-5.635866735777037,0.07311821098866865,5.0,-4.2352793393970565,-0.8504502783758602,5.006649048845446,-0.95854964284821,0.004063589300273269,0.0003485765923331198,-0.2848963810439281,0.08181350190210049,-0.20398883271743506,-0.0019317559858384055,-0.0011790223197749583,-0.0005028210864566063,0.2219693677034229,36446,597000000,45.88,0,2,4,-3.7135614093617835,1.2399465004839267,5.002182857845076,-3.7135614093617835,1.2399465004839267,5.002182857845076,160.8499095439911
-5.629883710449162,-0.01947024428380043,5.0,-4.170415285469735,-0.8914914311253297,5.006471256901209,-0.9477156329524961,0.004210282801724571,0.0006614268820721845,-0.3190876291720801,0.0895762276937551,-0.21238745503565298,-0.0022012520740651675,-0.0013340134159989248,-0.000625111755425678,0.1966539362911135,36446,959000000,44.23,0,2,4,-3.7655557493117233,1.2405974944868936,5.005195554931671,-3.7655557493117233,1.2405974944868936,5.005195554931671,161.61139822006226
-5.60216778806488,-0.2031831166393795,5.0,-4.108563929148023,-0.924349373490069,5.006306031297044,-0.9383787326517067,0.0043127572957422245,0.000916948001916497,-0.3455805455141342,0.09279154072032933,-0.21567902846213896,-0.002362720396994222,-0.0007843582068289834,-0.0005076151296634634,0.17458907386753708,36447,305000000,43.3,0,2,4,-3.81626673672388,1.2294162123673085,5.007453867353636,-3.81626673672388,1.2294162123673085,5.007453867353636,162.2989466190338
-5.5804423759517086,-0.2936973719598432,5.0,-4.0401270056699845,-0.9557005519186328,5.0060923724383315,-0.9289290462413624,0.004379101905500589,0.0011564577367213255,-0.37023008132932284,0.09509968172638503,-0.21686928376508843,-0.0025209391271664816,-0.0010640668165251554,-0.0006340466200072115,0.15818109386600554,36447,610000000,42.95,0,2,4,-3.8606858780295186,1.212671091929213,5.0074521424150324,-3.8606858780295186,1.212671091929213,5.0074521424150324,163.05791974067688
-5.5214107162752395,-0.47049514599288356,5.0,-3.9688290229614505,-0.9832055282080988,5.005887509052124,-0.9194528687743124,0.004442735524154752,0.0014196314197146567,-0.39317256879184903,0.0984550913067859,-0.2188351699718083,-0.0025545649365856264,-0.0007999787044354889,-0.0006194498212153121,0.15392565983347595,36447,927000000,42.83,0,2,4,-3.900058474010358,1.2022502842286307,5.005636165128682,-3.900058474010358,1.2022502842286307,5.005636165128682,163.6973521709442
-5.484222145100808,-0.5561561147666688,5.0,-3.904722240980836,-1.0041147174206777,5.005721892681059,-0.9108200793708878,0.004486343215934113,0.001636264943745807,-0.4127759420998178,0.10167679741023054,-0.22072574374553627,-0.0026242875154401796,-0.001153553591848322,-0.0006331565032269282,0.1498597310273908,36448,244000000,42.42,0,2,4,-3.9191740635501833,1.2420207932703864,5.02120542230713,-3.9191740635501833,1.2420207932703864,5.02120542230713,164.3295202255249
-5.442028892397166,-0.6395771442850378,5.0,-3.823410505932025,-1.0250494055082342,5.005513879175611,-0.9006778896946986,0.004554598067867172,0.0019267237742739592,-0.4344592988843051,0.10954642353409652,-0.22447228397286353,-0.002745033834911041,-0.0009367216989630833,-0.0007350222745117208,0.12241274234838784,36448,532000000,41.31,0,2,4,-3.9063278108031896,1.3410589782680078,5.078606029663142,-3.9063278108031896,1.3410589782680078,5.078606029663142,165.06381130218506
-5.343077510917503,-0.7984666866361086,5.0,-3.769221877736123,-1.0358348935178567,5.005394006465746,-0.8952169429893302,0.00457246814760505,0.0020988400093436945,-0.44560219073798585,0.11442175682985649,-0.22478697314723428,-0.002749987003828841,-0.000811322416893745,-0.0008839839779284375,0.09885395411401987,36448,864000000,39.73,0,2,4,-3.869212896098148,1.5319097878568402,5.203931313020386,-3.869212896098148,1.5319097878568402,5.203931313020386,165.74815201759338
-5.286593714276308,-0.8733278962592992,5.0,-3.6990793377660895,-1.0464143379401571,5.005232433630621,-0.8910008171825973,0.004592231606963584,0.002371951739434117,-0.45397227782515237,0.12359269264430288,-0.22360775306740743,-0.002983587592718307,-0.002179331931984052,-0.001861059593011305,0.04569314514810685,36449,94000000,39.1,0,2,4,-3.8438713819932655,1.6835684350883187,5.310765397818936,-3.8438713819932655,1.6835684350883187,5.310765397818936,166.40766978263855
-5.160445885414503,-1.0124057225364496,5.0,-3.6321108564516407,-1.052994635502535,5.00502292866517,-0.8889474308133599,0.004750399598588121,0.002810901460767796,-0.45797597948686997,0.1356041272972867,-0.22405042461165178,-0.003517828976411739,-0.004838979839405511,-0.0028684524295385927,0.026708142286224756,36449,361000000,39.41,0,2,4,-3.8319244782323887,1.8832397793308158,5.453524196598807,-3.8319244782323887,1.8832397793308158,5.453524196598807,167.02097392082214
-5.091176207556139,-1.076053313764426,5.0,-3.573965267554573,-1.0562504377127688,5.004772311460008,-0.8878218315808635,0.005039117762866102,0.0033819555229854413,-0.4601473297080114,0.1461121580177554,-0.22451721009088935,-0.004236868315322061,-0.0065267024638160365,-0.0036322048799775075,0.018190575792687014,36449,625000000,40.43,0,2,4,-3.847466603693968,2.0630156619402675,5.543153758932987,-3.847466603693968,2.0630156619402675,5.543153758932987,167.71289777755737
-5.018071913829636,-1.1354094319985468,5.0,-3.4969106193320214,-1.0568036605423794,5.004260569114975,-0.8870841601554876,0.005660118057227323,0.004400340819225769,-0.46155204784020387,0.16613020210365245,-0.2272923527611285,-0.005952249618821292,-0.008282001817860873,-0.005050271101936232,0.006502083851955831,36449,844000000,41.48,0,2,4,-3.876833062469036,2.2055881360842275,5.57569962860977,-3.876833062469036,2.2055881360842275,5.57569962860977,168.47182607650757
-4.861363588304209,-1.2402228705937084,5.0,-3.4164826588528947,-1.0531065496052494,5.003456798805197,-0.8868578476806305,0.006259326151280743,0.005552778259696395,-0.46196660647389887,0.18414894394498718,-0.22773420955073104,-0.007818190724255786,-0.007570740308437962,-0.005429387056210544,0.000637305834061408,36450,131000000,43.02,0,2,4,-3.929788000520769,2.3721450528291808,5.575938436822706,-3.929788000520769,2.3721450528291808,5.575938436822706,169.09756708145142
-4.778308691455196,-1.2852010857470126,5.0,-3.339277481311395,-1.045977416035804,5.002445639255935,-0.8869709976983601,0.006749053223818675,0.006583165157386476,-0.46172888306783266,0.20197864504012436,-0.22744871636403582,-0.009605854685828506,-0.007081656804075465,-0.005240312657406321,-0.00614678656347678,36450,400000000,44.85,0,2,4,-3.9993839346022106,2.5232043864099665,5.559779169673327,-3.9993839346022106,2.5232043864099665,5.559779169673327,169.76036643981934
-4.692516355220243,-1.3249324879979623,5.0,-3.2463527897506594,-1.0324082938106438,5.000915347039015,-0.8877185743112177,0.007229056590685787,0.007663224441480854,-0.46026595415566735,0.22664859825908817,-0.2263845050401517,-0.011838763106045324,-0.005124121935295989,-0.004658960506276344,-0.01332744768660632,36450,673000000,46.89,0,2,4,-4.075098970381433,2.6411995068398206,5.596829173081596,-4.075098970381433,2.6411995068398206,5.596829173081596,170.48662495613098
-4.514011774210335,-1.3878731555776789,5.0,-3.1435973515770113,-1.0117072629738233,4.998852476154843,-0.8887445133597035,0.00754298183845551,0.008540459313450592,-0.45826122894340904,0.2487302935515542,-0.22201915235322459,-0.013717262595068707,-0.003224285933356441,-0.0035290678397359443,-0.013570320425060345,36450,958000000,49.62,0,2,4,-4.169267890484148,2.7494514619306907,5.714741277191988,-4.169267890484148,2.7494514619306907,5.714741277191988,171.1865849494934
-4.421985826607609,-1.4107388887183527,5.0,-3.044895649726762,-0.9870332384484801,4.996650585317876,-0.8896796273347329,0.007756333134069226,0.009151473729393738,-0.45642770569984475,0.26832013683192385,-0.21715797424447922,-0.015038424384318589,-0.003358906246830884,-0.0030392368216780596,-0.015118503779376624,36451,296000000,52.7,0,2,4,-4.269457163866513,2.836579878269091,5.897125215274419,-4.269457163866513,2.836579878269091,5.897125215274419,171.79764866828918
-4.328593055717535,-1.4276734933920339,5.0,-2.9504110167547983,-0.9588751651804195,4.9943576942519075,-0.8907080736424237,0.00799089193148053,0.009729645398285887,-0.45440137235132305,0.2876719723983909,-0.21134511937882317,-0.01630719564711581,-0.0038842983940412523,-0.003433618030612706,-0.014818960153206717,36451,584000000,55.51,0,2,4,-4.368904353683167,2.9059348103653027,6.01904277922093,-4.368904353683167,2.9059348103653027,6.01904277922093,172.44357252120972
-4.13923338756614,-1.4432997137763375,5.0,-2.8547270993893523,-0.9262507542283942,4.991884143837896,-0.8914894540794466,0.008260156715618736,0.010430006168789033,-0.4528460423228654,0.3010152146650525,-0.20326771386817302,-0.017419059392329093,-0.004870708971793647,-0.004407964115671348,-0.008826186331134522,36451,867000000,57.93,0,2,4,-4.450136620900983,2.95416173518468,6.08429525855622,-4.450136620900983,2.95416173518468,6.08429525855622,173.0865833759308
-4.044058244565728,-1.4418270080303621,5.0,-2.7591074538775353,-0.8899848684396773,4.989205435690743,-0.8918557238352454,0.008569245484388692,0.011342778700343396,-0.4520965353389625,0.3119339710242956,-0.1947296835455865,-0.018934178684759273,-0.0059902153680013726,-0.005587957639363594,-0.004535701327768038,36452,148000000,60.08,0,2,4,-4.5031015820129285,2.959133843548564,6.113735798693562,-4.5031015820129285,2.959133843548564,6.113735798693562,173.75538635253906
-3.9490968824942665,-1.4340968839754855,5.0,-2.649312085108136,-0.8434598970408919,4.985757447734915,-0.8920988459098553,0.008925095713195115,0.012594957901601662,-0.4515765259934037,0.32673629614206756,-0.1857062074182311,-0.021145750526537246,-0.005322596689438797,-0.006393794183168211,-0.0005055450003510487,36452,430000000,62.19,0,2,4,-4.508901739864729,2.855611882953328,6.133175615369885,-4.508901739864729,2.855611882953328,6.133175615369885,174.46017336845398
-3.761492128384366,-1.399826416087859,5.0,-2.5188814637615535,-0.7820277415643754,4.981248544131113,-0.8917796030615653,0.009169964991610303,0.014051754981246792,-0.45215882108763095,0.3382166534435517,-0.17565149305361777,-0.022898467613162273,-0.004096917427887092,-0.006010929655531072,0.00872322771101608,36452,741000000,64.94,0,2,4,-4.475482147733006,2.6277157143560586,6.154523523901081,-4.475482147733006,2.6277157143560586,6.154523523901081,175.23187375068665
-3.669699527147076,-1.3733382131263714,5.0,-2.395984744146796,-0.7188526662541399,4.976837655982174,-0.8907264888645513,0.009324481373308926,0.015304280977712895,-0.45418625591920125,0.34796635712491536,-0.16869971719043722,-0.02413510330035086,-0.004358665273684892,-0.005779681805506698,0.019321187755849678,36453,136000000,69.06,0,2,4,-4.403122812788091,2.2320406576271736,6.158053509120395,-4.403122812788091,2.2320406576271736,6.158053509120395,175.93048572540283
-3.4922782081715784,-1.3020080000147989,5.0,-2.246289240063812,-0.6360094757498126,4.9712804107411985,-0.8835317099823468,0.009192498823048335,0.017601514039831262,-0.4679502132968465,0.34516102860233155,-0.17042669327099513,-0.02602003963171367,-0.006980747048146441,-0.012885599880974041,0.16366136551368982,36453,492000000,74.79,0,2,4,-4.338333906402111,1.7398798255412862,6.067486425683791,-4.338333906402111,1.7398798255412862,6.067486425683791,176.8281466960907
-3.4075055759769564,-1.2573982493631848,5.0,-2.11386564380574,-0.5595210885486388,4.96625626722,-0.8640947754139954,0.008589515559755033,0.020817268183615737,-0.5028250994829682,0.3299574982442202,-0.18709794266558225,-0.02822559683235389,-0.008106586938083638,-0.011094116416643374,0.22633336193393916,36453,926000000,85.06,0,2,4,-4.279621807319529,1.0073593982182734,5.834925593782311,-4.279621807319529,1.0073593982182734,5.834925593782311,177.74780869483948
-3.247946282581665,-1.151103907610978,5.0,-1.9807418693132728,-0.4766515213827353,4.9612157947203865,-0.841387330643468,0.007675497436456966,0.023265729972996793,-0.539876978931854,0.3031825728391823,-0.1901042234908827,-0.027491476300080215,-0.0014289859677774075,-0.005546964621316874,0.153386163583491,36454,334000000,97.21,0,2,4,-4.237222960493223,0.28110174166551377,5.637245029672935,-4.237222960493223,0.28110174166551377,5.637245029672935,178.59960675239563
-3.104424524471549,-1.0234962470043503,5.0,-1.8734583529534388,-0.4028265135542549,4.957514947362569,-0.8281159196941629,0.0067035765779919,0.0240997437322295,-0.5599984713927301,0.275653698075745,-0.17393464082636328,-0.024331990580550612,0.0009272805016280472,-0.002785212836897699,0.10284631425747648,36454,745000000,110.56,0,2,4,-4.220183777621808,-0.3510747804400915,5.413254223330045,-4.220183777621808,-0.3510747804400915,5.413254223330045,179.38974809646606
-2.980038460824571,-0.8767573544618206,5.0,-1.7789480692760495,-0.3313255732863294,4.954511876989583,-0.8177480331284361,0.005929682551545865,0.024455071557476983,-0.5750260365014184,0.2534439610213873,-0.15728397292285087,-0.02164982823538316,0.00011653820948254179,-0.0014582662174689176,0.09664007884566672,36455,128000000,119.97,0,2,4,-4.255617934592461,-0.7592511171172236,5.184662899192745,-4.255617934592461,-0.7592511171172236,5.184662899192745,180.21635270118713
-2.9259191094683263,-0.7970297927898848,5.0,-1.6859877242412062,-0.2542143991692538,4.951723346485272,-0.80477848742782,0.0053651285637045815,0.024825508113775416,-0.5930316144319608,0.23669005433998908,-0.14665525576949523,-0.019575827274466617,-0.0016066309854068095,-0.0006385576284628769,0.12235332542331889,36455,516000000,126.28,0,2,4,-4.308528461609352,-1.0834194371431873,4.945990803628745,-4.308528461609352,-1.0834194371431873,4.945990803628745,181.05656170845032
-2.835442685871385,-0.6267475664967088,5.0,-1.6088948923395958,-0.1846073464178913,4.949631354799935,-0.7897724847898131,0.004950810293714322,0.02518373129292302,-0.612862701936189,0.22670641081730417,-0.143707248671551,-0.018354396120414403,-0.0016356924447791243,-9.018758220236123e-05,0.13970564177725464,36455,936000000,129.25,0,2,4,-4.353530912868318,-1.3337570577445352,4.735036711417879,-4.353530912868318,-1.3337570577445352,4.735036711417879,181.9035940170288
-2.7705084874816763,-0.44486725058763915,5.0,-1.5405483175109809,-0.11788493177789175,4.947873851362124,-0.7737469015154897,0.004513533784724239,0.02544007474508262,-0.6329677424679062,0.2184500203116678,-0.14239405635607688,-0.01771178405418222,-0.001058520376773231,0.0004655152793020534,0.14352925354614854,36456,310000000,130.1,0,2,4,-4.397822483665558,-1.5344932980339745,4.5844165794339755,-4.397822483665558,-1.5344932980339745,4.5844165794339755,182.74788975715637
-2.7482075264478603,-0.350735802504131,5.0,-1.4872224374312222,-0.06188391580681587,4.946460542933426,-0.7599370889967937,0.004125239433386059,0.02554789396142049,-0.6494812609158421,0.21123953167408124,-0.1403625143464267,-0.017329990768731693,-0.00074148460385004,0.0008129891853059235,0.1437812185031362,36456,672000000,129.76,0,2,4,-4.445877138856785,-1.6951929315911687,4.495953295765879,-4.445877138856785,-1.6951929315911687,4.495953295765879,183.61244773864746
-2.724824971108223,-0.15859900911057498,5.0,-1.424707931690775,0.009245655058064739,4.9446532656368065,-0.741772531217889,0.003623316374359477,0.025576945250704503,-0.6701538654523299,0.20193951667200297,-0.13691510402065127,-0.01701616177244022,-0.00036632336559705436,0.0012028502055727586,0.1467696376494132,36456,959000000,128.88,0,2,4,-4.483149222698157,-1.797307673027894,4.468728567605349,-4.483149222698157,-1.797307673027894,4.468728567605349,184.38699865341187
-2.730486467711441,0.03514813417843812,5.0,-1.3677546547003903,0.08052862417965943,4.942751450961387,-0.7225742118756657,0.003097982570728571,0.0255276032189827,-0.6908149189979513,0.19377650124468515,-0.13382088519882834,-0.016737821240982047,-0.0001260662330082596,0.001366064748253848,0.15063953178469092,36457,343000000,127.19,0,2,4,-4.49423855696088,-1.8701998041869856,4.501643509515123,-4.49423855696088,-1.8701998041869856,4.501643509515123,185.18705463409424
-2.7443399660226797,0.1312407294709807,5.0,-1.3161047100936718,0.15207160336829834,4.940801882589366,-0.7022892811762957,0.0025345861632625633,0.025421866824522958,-0.7114331100708056,0.18668058518541245,-0.13109835364745104,-0.01641920953147933,0.00022233043921460194,0.0013615687976198387,0.15426383033627644,36457,734000000,124.99,0,2,4,-4.437215027149369,-1.8696587996010798,4.6091792117980095,-4.437215027149369,-1.8696587996010798,4.6091792117980095,186.03338837623596
-2.793979435212246,0.31901512081565536,5.0,-1.2742771602916982,0.21634667309568703,4.939012525039389,-0.683242516497915,0.001985055948180726,0.025288523228304854,-0.7297507888282206,0.18086776355414472,-0.12878273052759667,-0.01619096868136408,0.000504813777979507,0.0012840457088714174,0.15674820024287328,36458,107000000,122.3,0,2,4,-4.312684863451222,-1.7965972702969177,4.771526226435989,-4.312684863451222,-1.7965972702969177,4.771526226435989,186.85627841949463
-2.829584670417623,0.40954603682440355,5.0,-1.2386513642128993,0.2769489455773476,4.937276663088538,-0.6646084092709229,0.0014320503567331853,0.025131935186692725,-0.7467676997513489,0.17554419747099143,-0.12650931736244644,-0.016015482001260718,0.0007187279436493554,0.001222065156980534,0.15899867285043,36458,438000000,119.46,0,2,4,-4.175018746702566,-1.687184206681067,4.928436044874958,-4.175018746702566,-1.687184206681067,4.928436044874958,187.63330459594727
-2.9215633329804627,0.5810330070037255,5.0,-1.2047853134883129,0.3412979140803845,4.9353711007592205,-0.6440470217545262,0.000822406638793776,0.02494624875427279,-0.7645786042582772,0.170075819377109,-0.12391861579887256,-0.015784367075411664,0.0007033712449810992,0.0010957508379760839,0.16111599106807262,36458,766000000,116.48,0,2,4,-4.0477777872402205,-1.5675829492865379,5.060639162305016,-4.0477777872402205,-1.5675829492865379,5.060639162305016,188.39253187179565
-3.039606333049361,0.7360326110174092,5.0,-1.1783032441832266,0.397909363754878,4.933666816162402,-0.6252795676841216,0.00026808543183397433,0.024776168484336343,-0.7800073921715067,0.1654182394490861,-0.12166099471592376,-0.015536140250648825,0.0008738070675917697,0.0010461140163897653,0.16335635737050325,36459,98000000,113.2,0,2,4,-3.9284992148503615,-1.4434921754554164,5.171902488160215,-3.9284992148503615,-1.4434921754554164,5.171902488160215,189.2432210445404
-3.1076127598771013,0.8060094687197145,5.0,-1.1492092114226842,0.46918837592861823,4.931480151576069,-0.600433094201956,-0.0004587435958243076,0.024513210117485855,-0.7992990625986709,0.15952980031262504,-0.11891729729220187,-0.01518297526927206,0.00101519078725687,0.001083867914530856,0.16896485030883923,36459,417000000,110.3,0,2,4,-3.8350777504770006,-1.340236295020929,5.243714933412688,-3.8350777504770006,-1.340236295020929,5.243714933412688,190.03982305526733
-3.2596058602927536,0.928424885430785,5.0,-1.1194987447349531,0.5582487771516361,4.9287203360793965,-0.5667689875295687,-0.0013831109020325874,0.024138999495691815,-0.8235218943551452,0.15269836674760823,-0.11565766626824033,-0.014726091504759727,0.0008140581996940455,0.0011673866879391426,0.1770959614077583,36459,796000000,106.82,0,2,4,-3.749897885232828,-1.242341260962501,5.283600248966202,-3.749897885232828,-1.242341260962501,5.283600248966202,191.14912819862366
-3.4297285565919866,1.0244738800151723,5.0,-1.0977090844134902,0.6461774817133328,4.925978835448931,-0.5306821777876487,-0.0023218997462740847,0.023713698996564544,-0.8472359148667075,0.14742120005508286,-0.11215053260712785,-0.01410230495542463,0.0010595557682790968,0.0011238247793698974,0.18328751757508144,36460,276000000,102.46,0,2,4,-3.65899414032839,-1.1350609147709636,5.270677394508381,-3.65899414032839,-1.1350609147709636,5.270677394508381,192.10604977607727
-3.613585460813739,1.091095804182873,5.0,-1.0844171697983305,0.7328659171574666,4.923420843237501,-0.492371164121699,-0.003299478459385311,0.02320447522425325,-0.8700697112949662,0.14384177168675166,-0.10747739910702465,-0.013153454343008741,0.001246200929472252,0.0010440205869599595,0.18870707572204992,36460,739000000,98.24,0,2,4,-3.5962269357357233,-1.0605128200539884,5.202066749730713,-3.5962269357357233,-1.0605128200539884,5.202066749730713,193.13779640197754
-3.806191424908657,1.125941599827035,5.0,-1.0803954308294907,0.8003831493257311,4.921600465019571,-0.4606880934939233,-0.004098846983621273,0.022736244440810217,-0.887261372513797,0.14241131251201783,-0.10328520097639446,-0.012353667967278197,0.0017344182197120972,0.000975252464741061,0.19078078912571073,36461,218000000,93.99,0,2,4,-3.5472683473145814,-0.9991056340578368,5.10218613393567,-3.5472683473145814,-0.9991056340578368,5.10218613393567,194.07113027572632
-4.002081165514412,1.1274980792667018,5.0,-1.0819327788872026,0.8598163190115223,4.920132686614747,-0.43158891511024444,-0.004821914706007154,0.02226239084488678,-0.9017827584548285,0.142065862677982,-0.09913337816694083,-0.011636456160198535,0.0018358908619120484,0.0009167119344510866,0.19187012076145038,36461,609000000,90.58,0,2,4,-3.518479205926869,-0.9570213558380833,5.022133215008619,-3.518479205926869,-0.9570213558380833,5.022133215008619,194.96543192863464
-4.195446119266206,1.0951972719395262,5.0,-1.0902118443239492,0.928185846820563,4.918600237868389,-0.3965174109916249,-0.005653297980246837,0.021677810723209606,-0.9177538098666187,0.14305803650297322,-0.09359558831235766,-0.010876147638597367,0.0016268474041680747,0.0008484833074362541,0.1940346133778803,36461,955000000,87.48,0,2,4,-3.498223987884177,-0.9200601774142246,4.957702084668048,-3.498223987884177,-0.9200601774142246,4.957702084668048,195.90946555137634
-4.380297183323266,1.0295048821430575,5.0,-1.1049934140464337,0.991346795900166,4.917313479335353,-0.362177030352488,-0.006426088926357469,0.021130957501345218,-0.9318476198935315,0.14608306717272596,-0.08777167186362275,-0.010134736879287575,0.0014561955708813912,0.0006734204816893907,0.1974234459339641,36462,342000000,83.81,0,2,4,-3.483696954173226,-0.8816362789444058,4.9110599235790655,-3.483696954173226,-0.8816362789444058,4.9110599235790655,196.87252044677734
-4.467654407923079,0.984580801534397,5.0,-1.1259748067646322,1.049283177370305,4.916314823347445,-0.32852433689806043,-0.007147145349714225,0.02060063641271668,-0.9442437673389381,0.15235089813853336,-0.08058195581063185,-0.009341430832493714,0.001494759158049419,0.0008982890790321107,0.20211055962136015,36462,723000000,80.2,0,2,4,-3.4759897058191656,-0.8431833901999487,4.889254479331539,-3.4759897058191656,-0.8431833901999487,4.889254479331539,197.83809995651245
-4.62857279409085,0.8720786905599872,5.0,-1.157650444167455,1.1079608134713175,4.915548437756431,-0.2912593476079828,-0.00783831879780741,0.020003081823584436,-0.9564028596292229,0.16673167238721004,-0.06916676887888312,-0.008201193734441921,0.0011819650580946472,0.0012376797712931875,0.2133788773790002,36463,83000000,76.72,0,2,4,-3.4737005118093665,-0.8089819293131861,4.8903878997638355,-3.4737005118093665,-0.8089819293131861,4.8903878997638355,198.81194067001343
-4.766481664549914,0.7321925005821849,5.0,-1.2148223249334462,1.1743725156667382,4.9153029191688296,-0.24222661125493167,-0.008605558350715907,0.019213891773600174,-0.9699912574494354,0.1988811353033138,-0.04892419689724158,-0.006378639903897855,0.00127329535644094,0.0016216780409195053,0.2305678339325823,36463,470000000,73.01,0,2,4,-3.474415482808766,-0.7784319410471678,4.910260435600807,-3.474415482808766,-0.7784319410471678,4.910260435600807,199.81679606437683
-4.876337874442031,0.5692599843818492,5.0,-1.2787562006370858,1.2206383021703437,4.91572881573553,-0.20078747896742166,-0.00917932944604306,0.018484461592543064,-0.9794174048282284,0.23923148979022404,-0.024954273101444303,-0.0049092188726180255,0.00218450177271734,0.0019751737227124977,0.24586022191215307,36463,937000000,68.44,0,2,4,-3.475553848068193,-0.752060464868191,4.951232765703813,-3.475553848068193,-0.752060464868191,4.951232765703813,200.7024793624878
-4.953867385546926,0.3886348038838938,5.0,-1.3589259712208648,1.2508620082225892,4.915684212671531,-0.16193301249581088,-0.011852593103589661,0.010887341991269875,-0.9866705028960363,0.3992028031067881,0.060474008942669674,-0.019535565464945868,0.1438418956240639,-0.02954928804683732,0.30765666742809117,36464,278000000,64.94,0,2,4,-3.4732105649892016,-0.7426923339845809,4.9829633414655286,-3.4732105649892016,-0.7426923339845809,4.9829633414655286,201.4759578704834
-4.995785428973118,0.19656138848925678,5.0,-1.577780499340299,1.2573468042353872,4.907039201431506,-0.09796887822615169,-0.024764707657074364,-0.011098922573226646,-0.9948193916844819,0.7636671141691954,0.18249478290944682,-0.07603745549077968,0.10816784342750907,-0.07805865243426524,0.3894632332958281,36464,585000000,61.98,0,2,4,-3.4665603959675027,-0.7410763165704563,5.008561570015247,-3.4665603959675027,-0.7410763165704563,5.008561570015247,202.29550576210022
-5.002684765033148,0.09838451082574427,5.0,-1.936343819427735,1.2221519069958247,4.890916589944872,-0.019069803135721597,-0.041304681527314216,-0.028414993352653017,-0.9985603907851844,1.055811060543466,0.1980569633432368,-0.14775018948246063,0.060423105242080055,-0.09977090085158125,0.42793363390956074,36464,954000000,58.14,0,2,4,-3.451151292413472,-0.7464648559604335,5.0322359406848145,-3.451151292413472,-0.7464648559604335,5.0322359406848145,203.10517525672913
-4.987684824072758,-0.09764700864012206,5.0,-2.3534890322028788,1.1370274128153697,4.8717178195603665,0.0623843797039384,-0.05615895009369526,-0.03786190426853368,-0.9957513935207366,1.2284083496249072,0.13962479040278422,-0.20990234378467226,-0.009864426374406321,-0.08133816590998322,0.4887097573373467,36465,334000000,55.27,0,2,4,-3.424401775475975,-0.7590898721026029,5.04720204731421,-3.424401775475975,-0.7590898721026029,5.04720204731421,203.90236496925354
-4.934453042581679,-0.2868863210573869,5.0,-2.774593856126522,1.0162685348872498,4.85450405561859,0.14947906121230342,-0.06329027284145747,-0.036849482090033824,-0.9860489172918545,1.2750420709957226,-0.003752706331143865,-0.20670309969306605,-0.0901477294974029,-0.009628162570152199,0.570761103881523,36465,687000000,54.42,0,2,4,-3.3866961451642847,-0.775874489116532,5.051758506120583,-3.3866961451642847,-0.775874489116532,5.051758506120583,204.69141578674316
-4.893927271527632,-0.3765554849144581,5.0,-3.1820286178845865,0.884598651820746,4.852942154815811,0.24176142022672448,-0.057805907393480065,-0.02390748288429507,-0.9683172646516793,1.1645461929007523,-0.22343930089573058,-0.1175129891692234,-0.1260295044630766,0.08215190027840436,0.5056377907749265,36466,27000000,55.2,0,2,4,-3.3408932322903597,-0.7938073082295998,5.048463752807244,-3.3408932322903597,-0.7938073082295998,5.048463752807244,205.44651556015015
-4.786786898395479,-0.5412867784393244,5.0,-3.6348513297587504,0.7672727086269593,4.877046747072029,-0.32495812412164354,0.03954133060684106,0.004557429689004171,0.9448904331063008,0.8202841422020404,-0.42925046793082017,0.0039941101955442955,-0.042797728383447975,0.10104605971719138,0.2844451810233295,36466,364000000,58.16,0,2,4,-3.283853483782803,-0.8119466417085134,5.039656246105036,-3.283853483782803,-0.8119466417085134,5.039656246105036,206.34386944770813
-4.721166655891902,-0.6145526050955212,5.0,-3.980366961267092,0.7397328044108209,4.915720217422495,-0.38850869294945195,0.023804016604170277,-0.005229210391589727,0.9211226952230074,0.4392360779365915,-0.5021940527982414,0.061157952525320095,-0.015243925645336276,0.06790205661673099,0.3941914561437443,36466,798000000,67.02,0,2,4,-3.195908754918974,-0.8396132395745639,5.024469393484522,-3.195908754918974,-0.8396132395745639,5.024469393484522,207.28918623924255
-4.569047104336048,-0.7387432862955571,5.0,-4.221699117042832,0.818110469423416,4.956446865189805,-0.4948526606764372,0.01403302260474497,-0.008917376671926302,0.8688178168588145,-0.11350846444149412,-0.4280350138596085,0.05214475248407916,0.001087969928903476,0.03388871336937882,0.6106900109443814,36467,246000000,71.96,0,2,4,-3.1070188410878385,-0.9157776700164032,5.013523615223047,-3.1070188410878385,-0.9157776700164032,5.013523615223047,208.25766468048096
-4.394456790301289,-0.8283779877478669,5.0,-4.300664878684196,1.0304696384724112,4.9752901703366215,-0.6148821644447875,0.012099249568211769,-0.011191763490110751,0.7884467492719851,-0.5525272640616274,-0.22221916549367285,0.01537212322158438,-0.01194512369693257,0.013558946739067324,0.5918885115534067,36467,730000000,63.91,0,2,4,-2.9958517117250003,-1.0508672265165682,5.007912845908778,-2.9958517117250003,-1.0508672265165682,5.007912845908778,209.225665807724
-4.204974123151435,-0.8789151602050683,5.0,-4.320698386525169,1.3240028086472635,4.97836350346621,-0.703421947570235,0.01050148481962524,-0.01091031144916522,0.7106111789137313,-0.5899409103295408,-0.03603147609142742,0.0021120751647089463,0.01780271231837105,0.011179827015439514,0.39425711147487164,36468,188000000,46.71,0,2,4,-2.8731589460888745,-1.2001714787280697,5.007238253650964,-2.8731589460888745,-1.2001714787280697,5.007238253650964,210.18489480018616
-4.009232162892936,-0.887451980204179,5.0,-4.328411675604545,1.5026267745830293,4.979771299693399,-0.7416878137597315,0.0076115641573544935,-0.008904252930438969,0.67064294918469,-0.43549309803105485,0.03781424468916521,0.005708440519264775,0.02626056520966813,0.0031919453022055677,0.21471819782163948,36468,645000000,31.26,0,2,4,-2.7387675738157125,-1.3429920096603607,5.009351469689219,-2.7387675738157125,-1.3429920096603607,5.009351469689219,210.94739151000977
-3.8165691082559876,-0.8530002098206052,5.0,-4.3235463555181335,1.6048181457879913,4.982188220825268,-0.7567806577633578,0.005189778053998438,-0.0066338728614785515,0.6536146372059513,-0.21792903816091297,0.07367620098118184,0.00853640639614311,0.018333130719838664,0.0008042869581004197,0.10378216538811103,36468,984000000,24.26,0,2,4,-2.630878855847901,-1.4362014756932553,5.011855712052769,-2.630878855847901,-1.4362014756932553,5.011855712052769,211.6547622680664
-3.724399429526773,-0.81992031658865,5.0,-4.302152092323694,1.6322546406155318,4.984033373955264,-0.7647324876131463,0.003269168783265196,-0.0051191005989796945,0.6443192762392982,0.05780693704640786,0.09132169978859254,0.004590709151732434,0.015530444034084212,0.000739595213872235,0.07328216306632385,36469,287000000,21.58,0,2,4,-2.5356054066311775,-1.49979235723248,5.0133032124009995,-2.5356054066311775,-1.49979235723248,5.0133032124009995,212.37822270393372
-3.636601080010044,-0.776690076510659,5.0,-4.266652204009531,1.5850687911910812,4.983991990967131,-0.7715158416891411,0.0018254816061949225,-0.0037864498299983434,0.6361962247901872,0.302650789193543,0.09316698404573455,-0.0013075618657631322,0.013684531040780712,-0.0029277108751557535,0.08215505731641315,36469,579000000,20.54,0,2,4,-2.4436300433858933,-1.5491628218790292,5.013539518172844,-2.4436300433858933,-1.5491628218790292,5.013539518172844,213.0799388885498
-3.4787306928416317,-0.6618795656421455,5.0,-4.212383283361384,1.461069728785851,4.982242113146034,-0.7805251021927931,0.001010342254082858,-0.001942328717070891,0.6251206054951429,0.48694698655279867,0.076683677946983,-0.004704040269391676,0.008809565952105913,-0.007791162443027133,0.09254994438379072,36469,868000000,20.01,0,2,4,-2.360720357986811,-1.5896424192422345,5.012607755599039,-2.360720357986811,-1.5896424192422345,5.012607755599039,213.7929151058197
-3.4108307471117234,-0.5916963676169309,5.0,-4.1534975709086925,1.3033120694651197,4.9808269085505446,-0.7896512016416044,0.0009857088134790682,-0.00028317330271199805,0.6135551547636007,0.52075964452405,0.05122562077399976,-0.0021228798288719522,0.003964425604863209,-0.006636354191869032,0.08936948288464919,36470,180000000,19.5,0,2,4,-2.2693954069531572,-1.6351309846150748,5.010406397897999,-2.2693954069531572,-1.6351309846150748,5.010406397897999,214.52038288116455
-3.3019467579008337,-0.4302576799951901,5.0,-4.10666767280278,1.1721086783844443,4.981149307057259,-0.7969373735420983,0.001091621476251714,0.0005156249965391942,0.6040607296830652,0.4562696012365005,0.029139093965490866,0.0032644355229788638,0.0006345300789689645,-0.002589870655356208,0.07965228796820156,36470,510000000,19.13,0,2,4,-2.1816818889483454,-1.6839484098998119,5.00743362100258,-2.1816818889483454,-1.6839484098998119,5.00743362100258,215.2204887866974
-3.2625949715173483,-0.34115989501771693,5.0,-4.06905525513435,1.0608293887675315,4.9834717657573195,-0.8034077564403215,0.001106116969401682,0.0005946638629055026,0.5954279131613405,0.3204478101310408,0.0029879051083436907,0.009914271433206978,-0.0008298431680486829,0.0012022840564895887,0.06148146130726673,36470,796000000,18.87,0,2,4,-2.1089343374441425,-1.7294973062785952,5.004539390577465,-2.1089343374441425,-1.7294973062785952,5.004539390577465,215.91842794418335
-3.2171929813418867,-0.15237920310723663,5.0,-4.050021894169967,0.9853711859243158,4.9879930585461105,-0.8085584298669852,0.001039519873485589,0.00024152410500927413,0.5884149272032233,0.1411337423489581,-0.028250458948852274,0.014982753162434036,-0.0012952435213264835,0.002300207734151627,0.04260285604686942,36471,83000000,18.67,0,2,4,-2.0371210339695547,-1.7793497304849908,5.001586720264756,-2.0371210339695547,-1.7793497304849908,5.001586720264756,216.68926310539246
-3.211945953178299,-0.05541497349941108,5.0,-4.05674123902311,0.9622692402310734,4.993283219851018,-0.8122225775159375,0.0010481392513310274,-0.00018269841734864958,0.5833466830271388,-0.011820756090366823,-0.05795095186112518,0.016943350755239932,-0.002573037045294768,0.0023009350798020023,0.037370338759501465,36471,428000000,18.54,0,2,4,-1.969140488459154,-1.8314295742422726,4.999074778262762,-1.969140488459154,-1.8314295742422726,4.999074778262762,217.43725085258484
-3.2371071164773877,0.13645309916067708,5.0,-4.090456878394481,0.9818694803698232,4.998965223330247,-0.8162210574264395,0.0011999896660209904,-0.0007649830701087833,0.5777379684938222,-0.15482198740159162,-0.09024942567936925,0.01522968823585034,-0.003439688339312852,0.002808336375892395,0.04979325603926554,36471,753000000,18.38,0,2,4,-1.9228178046374929,-1.8685167768244098,4.997917503766322,-1.9228178046374929,-1.8685167768244098,4.997917503766322,218.1801142692566
-3.267271249411667,0.22839620850894257,5.0,-4.133080160070459,1.0227556340874084,5.002605757313086,-0.8204958252454344,0.0013644216083754498,-0.0013370485250324925,0.5716493255569621,-0.24478586484274514,-0.11064007021653952,0.011803867871091504,-0.005166943856238504,0.0034843619005187065,0.06794038708903827,36472,85000000,18.01,0,2,4,-1.89996872928474,-1.8806007101955988,4.997880231519624,-1.89996872928474,-1.8806007101955988,4.997880231519624,218.85824131965637
-3.308679683530565,0.3157154098814325,5.0,-4.207434140183973,1.1001290641924724,5.005849021248212,-0.8285776100641016,0.0017212388175676739,-0.0024021755774171357,0.5598664224526146,-0.32686948375563984,-0.13060471691608067,0.005141425778515267,-0.005634002036458696,0.004677061861002585,0.10006524898926727,36472,351000000,17.42,0,2,4,-1.9033675767779246,-1.863628965745215,4.998290905833623,-1.9033675767779246,-1.863628965745215,4.998290905833623,219.57147812843323
-3.4226475183504643,0.4708387324053992,5.0,-4.280267450538039,1.1761281429425459,5.006943569379363,-0.8370201110979153,0.0020088248892832666,-0.0033420798287578314,0.5471582300784811,-0.3700908700642807,-0.13724406384340773,-0.0007928057574588482,-0.005429535622170079,0.0049106050028058235,0.1180384453618899,36472,685000000,16.16,0,2,4,-1.9375198640869542,-1.798352230503657,4.998426641305822,-1.9375198640869542,-1.798352230503657,4.998426641305822,220.24319767951965
-3.4934479233798426,0.5360142196544851,5.0,-4.354464246577459,1.2522028519468802,5.006683891426176,-0.8457903847621762,0.002272531990712714,-0.0042050190932392635,0.533493934788978,-0.3966788153266536,-0.13739792528341457,-0.006184255327291025,-0.0051242659083072795,0.0050737020046653925,0.13145139964763075,36472,969000000,14.81,0,2,4,-1.9920968847361542,-1.7038472121125867,4.997511677101589,-1.9920968847361542,-1.7038472121125867,4.997511677101589,220.8943226337433
-3.6569669959055218,0.635873106918289,5.0,-4.433214630013468,1.3310410960938621,5.005273444738556,-0.8551566462335545,0.002506252738655762,-0.005045264109161426,0.5183390535256418,-0.41474522180597806,-0.13260992257959273,-0.011112895971401228,-0.0038068172898420016,0.0051944932693004375,0.14025145792402327,36473,226000000,13.4,0,2,4,-2.060665983184879,-1.5890522451416123,4.9956909618150505,-2.060665983184879,-1.5890522451416123,4.9956909618150505,221.52352690696716
-3.746928586755153,0.6687150811805102,5.0,-4.521451802805959,1.417623142147617,5.002668502087821,-0.8652364656719111,0.002631295873002378,-0.005833401871073764,0.5013231554359112,-0.42960239002133954,-0.12242658227025294,-0.015392111643959056,-0.0022048196115065366,0.004957600458510569,0.1404214563081041,36473,495000000,11.87,0,2,4,-2.143002796779847,-1.4546056304011292,4.99273102599531,-2.143002796779847,-1.4546056304011292,4.99273102599531,222.1733911037445
-3.840301083373493,0.6892405284284435,5.0,-4.612150453399586,1.5058789180433831,4.999227178825618,-0.8747470237193249,0.00261675322559116,-0.006462105775582032,0.48452970836232995,-0.44316516180656074,-0.10817041560831249,-0.018325172961323997,-0.0005270556016512273,0.004354864677225123,0.13325580803211778,36473,757000000,10.2,0,2,4,-2.2384353454340276,-1.3013702669135663,4.9887677139260775,-2.2384353454340276,-1.3013702669135663,4.9887677139260775,222.82616567611694
-3.93541214837569,0.6970139234065245,5.0,-4.704308540680301,1.5960041333357247,4.99532736600355,-0.8832966200444183,0.0024605929276568074,-0.006890347380239105,0.4687574528618508,-0.4544377493218841,-0.09128182926497515,-0.01974078312929837,0.0016858179492373893,0.0034889997323261923,0.12122873376938514,36474,47000000,8.59,0,2,4,-2.332879307699962,-1.1513023608574209,4.984714754370075,-2.332879307699962,-1.1513023608574209,4.984714754370075,223.48480033874512
-4.123837055971175,0.673713131509541,5.0,-4.790328272392528,1.6815071654188607,4.99161219914736,-0.8901779475805258,0.00215192692542293,-0.007084979725275916,0.45555284426081966,-0.46246920078522047,-0.07367241303419425,-0.0197487526049161,0.0034045960319417645,0.0025939877559721936,0.10634543359628879,36474,326000000,7.12,0,2,4,-2.421627699095901,-1.0117129771919222,4.981289358853555,-2.421627699095901,-1.0117129771919222,4.981289358853555,224.13329553604126
-4.213577971504894,0.6429546640999306,5.0,-4.875733387608828,1.7688573159452003,4.988112649916939,-0.895857273918361,0.001684403945783551,-0.007084042801443022,0.4442822570039198,-0.4674989792492224,-0.053015663347347995,-0.018441209200685194,0.005802069154015044,0.001605522822956118,0.08583014641772024,36474,589000000,5.89,0,2,4,-2.4987956527458257,-0.8932317061036265,4.9790286280151435,-2.4987956527458257,-0.8932317061036265,4.9790286280151435,224.78926301002502
-4.297980831351451,0.6000895134453678,5.0,-4.971281727106853,1.8727814407454317,4.984696333997824,-0.9005638489035417,0.0009062228095454081,-0.006814227679426205,0.43466941358852357,-0.4680559438081624,-0.024854810593546713,-0.015409379439397328,0.006572999518539291,0.0003305528338160002,0.05712028760171961,36474,848000000,4.84,0,2,4,-2.5680506960954106,-0.7888306224055871,4.978187050699691,-2.5680506960954106,-0.7888306224055871,4.978187050699691,225.52571177482605
-4.4441006615415,0.4814557117933096,5.0,-5.038199325922032,1.9505954542073936,4.982832811035402,-0.9028905793733057,0.00034435624457524773,-0.006507943156643598,0.42982104389336584,-0.4632266218220156,-0.007135317433305907,-0.012514788308106716,0.0066305604377703276,-0.000594977097989613,0.04122276550333481,36475,141000000,3.94,0,2,4,-2.636026572893474,-0.6876581928123752,4.979262340105873,-2.636026572893474,-0.6876581928123752,4.979262340105873,226.2344720363617
-4.502780852147916,0.40800449104564396,5.0,-5.101574457856319,2.0285291755932677,4.981627978362271,-0.9043651928933747,-0.000214605443512989,-0.006087098383831037,0.42671594657417994,-0.4485703439081698,0.00870393075448769,-0.008815948154356833,0.006594025626327493,-0.0018001676835410763,0.02287741681357147,36475,367000000,3.46,0,2,4,-2.6781890454126875,-0.6257539145589983,4.981428280339361,-2.6781890454126875,-0.6257539145589983,4.981428280339361,226.90647649765015
-4.585078969668523,0.2402890951575203,5.0,-5.164459939873489,2.1105818220490304,4.9813304412460875,-0.9049631130606426,-0.0007294583431719337,-0.005468457586624339,0.4254542605988796,-0.4111903282812519,0.020931207399862758,-0.003067662586891944,0.005070074712421047,-0.003737812198778556,0.004292537005312624,36475,589000000,3.14,0,2,4,-2.713458700636302,-0.573797250068337,4.9846176237648026,-2.713458700636302,-0.573797250068337,4.9846176237648026,227.55375504493713
-4.6068386358912825,0.14957229017972345,5.0,-5.223028611129533,2.1906898200571776,4.982431130034163,-0.9049860093303692,-0.0009419241049067931,-0.004691012260401995,0.4254144215929283,-0.3460947978520935,0.021942113120131355,0.003955300115172613,0.001963761178558343,-0.005745502494391985,0.0013478927598953305,36475,834000000,2.99,0,2,4,-2.7440458963049355,-0.5275745181838561,4.988972637141781,-2.7440458963049355,-0.5275745181838561,4.988972637141781,228.22692012786865
-4.614873984444279,0.056887900766473605,5.0,-5.266041905286089,2.248481497202101,4.984853684360992,-0.9053161024245359,-0.0007419363931891051,-0.003923422499916769,0.42471968517732106,-0.2517695921791166,0.007552241514447805,0.01054868833199447,-0.000575626347654179,-0.006916600477779866,0.012879123096354306,36476,78000000,2.95,0,2,4,-2.767595114914677,-0.4887287273546071,4.994302421595508,-2.767595114914677,-0.4887287273546071,4.994302421595508,228.9199686050415
-4.589169708118952,-0.12603691933330227,5.0,-5.301730210680189,2.286780077047365,4.989273730718857,-0.906675670721507,-0.00012584612038733594,-0.0030879842367235767,0.4218171127844542,-0.09261950817660433,-0.02953460673290153,0.01527434693950524,-0.002704257462937676,-0.00644298447696201,0.026677204732550308,36476,327000000,2.87,0,2,4,-2.7808079158402426,-0.4617926871314544,4.999394990948807,-2.7808079158402426,-0.4617926871314544,4.999394990948807,229.60996270179749
-4.555934074211958,-0.21204316808162715,5.0,-5.313733411570394,2.272770318343766,4.994243676268718,-0.9082538319613641,0.0008417552925355659,-0.002502613342280988,0.4184112870155209,0.12346180997871421,-0.09052306884770296,0.01318196427204758,-0.0067496064275474055,-0.0059639415212586755,0.006196438289407524,36476,630000000,2.68,0,2,4,-2.7855929953612906,-0.43829479348674727,5.0053840203697835,-2.7855929953612906,-0.43829479348674727,5.0053840203697835,230.30495405197144
-4.509996677017998,-0.29164985758713996,5.0,-5.295252672209872,2.1932799037749438,4.996993372240983,-0.9073572551189221,0.002231399389994789,-0.0021095152300948457,0.4203491196437926,0.350854961422803,-0.15607256427331348,0.0048832485957390525,-0.010504244892217685,-0.008282362159661716,-0.044308494034339674,36476,955000000,2.77,0,2,4,-2.7768695605163045,-0.42347356888053467,5.010807959215972,-2.7768695605163045,-0.42347356888053467,5.010807959215972,230.9475269317627
-4.3846329938375295,-0.42404446706870175,5.0,-5.25357693408444,2.0642289294033436,4.997280518107048,-0.9030149248851834,0.004108045433314388,-0.0014721660044458831,0.42958701344963834,0.5268053060326505,-0.19626247144083092,-0.004638684987761879,-0.011957395508943591,-0.012018681081826799,-0.10289393685525283,36477,251000000,3.93,0,2,4,-2.7567044817634647,-0.4172177241162246,5.014633183256174,-2.7567044817634647,-0.4172177241162246,5.014633183256174,231.57445001602173
-4.308275714869883,-0.4734882085347663,5.0,-5.196628690233518,1.8998269233665661,4.995667004014359,-0.8950735936675661,0.006304457784662902,-0.0005392055016463144,0.4458735526901062,0.6331426337576451,-0.2013076356823557,-0.01400283639736546,-0.011242197888350347,-0.015016793804534245,-0.15592903655488044,36477,535000000,6.41,0,2,4,-2.7274613467024476,-0.41656854371771007,5.016905220100106,-2.7274613467024476,-0.41656854371771007,5.016905220100106,232.20882964134216
-4.225299414513357,-0.5099474716281459,5.0,-5.13149446276666,1.717872564403345,4.992441150976106,-0.8838305840616321,0.008322695527299325,0.0007187971038598081,0.46773252479078004,0.6760208081503524,-0.17184947507282258,-0.021872817330049768,-0.002098431195918238,-0.015013290976639837,-0.18594994762679562,36477,809000000,10.21,0,2,4,-2.687544403230625,-0.41948041445780726,5.0178092286380656,-2.687544403230625,-0.41948041445780726,5.0178092286380656,232.87133646011353
-4.137858892742297,-0.5324424153764127,5.0,-5.064928507406528,1.537864508326668,4.9884351065449275,-0.8715256926710757,0.00919568044137328,0.0021020704429424364,0.4902591026949675,0.6513341338287054,-0.12312931105053286,-0.024228595061844084,0.005665036087521003,-0.009764063452166738,-0.16477979806950316,36478,92000000,15.1,0,2,4,-2.6383263963145707,-0.42457062209704377,5.0173847440016965,-2.6383263963145707,-0.42457062209704377,5.0173847440016965,233.51302456855774
-3.9589795805588652,-0.5334250886383893,5.0,-5.002360205424826,1.3740326063609722,4.9847893880696486,-0.8619742511364468,0.008883931960117069,0.003095684129316712,0.5068647579684948,0.5791581256667778,-0.08062007400984617,-0.020370474146234212,0.009683023563411552,-0.0018470047393748246,-0.1001446282316465,36478,371000000,20.33,0,2,4,-2.5801828015399484,-0.43066840297503206,5.0158733892789815,-2.5801828015399484,-0.43066840297503206,5.0158733892789815,234.16883087158203
-3.8724446829733865,-0.5118455734870044,5.0,-4.944282477224204,1.2258249905013552,4.9824335934580315,-0.8572181665192316,0.007628621407506324,0.003441443059314051,0.5148854004479999,0.47402752290856576,-0.053770107056939596,-0.011431022714672208,0.008933972185332095,0.0050824623940570746,-0.025865617863018997,36478,646000000,24.88,0,2,4,-2.512514248337946,-0.43681183073059515,5.01352244816298,-2.512514248337946,-0.43681183073059515,5.01352244816298,234.82691287994385
-3.7911183791804586,-0.47620212986063115,5.0,-4.900637474540816,1.11521438588704,4.982237680721323,-0.8571019702660463,0.006230682156465038,0.003171140484375652,0.5150993448199626,0.3703437286693935,-0.04359133286687183,-0.001900515300621837,0.006503386111944565,0.008080468705884414,0.02072685419989284,36478,941000000,28.39,0,2,4,-2.431319700406041,-0.4430323014499571,5.010444808869845,-2.431319700406041,-0.4430323014499571,5.010444808869845,235.49878597259521
-3.653306005244452,-0.36718969756849185,5.0,-4.867651720282413,1.0269648328627234,4.9842637671592875,-0.8599812911327658,0.004852361373811788,0.0025191336298890725,0.5102962741941917,0.2545598187760267,-0.04291421499053671,0.007582287699743079,0.004557172360364348,0.008798839826340554,0.05006125611544121,36479,233000000,30.5,0,2,4,-2.349127618399205,-0.448443555244601,5.0073678677344144,-2.349127618399205,-0.448443555244601,5.0073678677344144,236.24311470985413
-3.600914859085754,-0.2970476397843563,5.0,-4.8502692361529425,0.9659733941778409,4.988618628273238,-0.8646664999954625,0.003654312986729334,0.0017002526088099042,0.5023301692345961,0.1358723297076047,-0.04910181499188306,0.015233373065129346,0.002472442315593071,0.007854640625737375,0.06249096622923389,36479,537000000,31.87,0,2,4,-2.248232433918905,-0.4547431586353245,5.003822476535561,-2.248232433918905,-0.4547431586353245,5.003822476535561,236.9228446483612
-3.537110163093061,-0.13615891042552986,5.0,-4.85302410331918,0.93403708340946,4.994951594777382,-0.8701949468902013,0.0027560950264287395,0.0008666364609363001,0.49269910420885615,0.02307343063978905,-0.05973429069447789,0.01965878645474752,0.0013574509239333565,0.006504579641841701,0.06806370511185378,36479,844000000,32.46,0,2,4,-2.1474466361890725,-0.46188022910181087,5.000726320392623,-2.1474466361890725,-0.46188022910181087,5.000726320392623,237.6882038116455
-3.527690969900185,-0.05048940568249943,5.0,-4.8730465108785985,0.9295559343322289,5.001115291936465,-0.875365157823233,0.00223240624578874,0.00018303460429309787,0.48345715769837694,-0.06407601283137115,-0.07032154179770497,0.020182243165079862,-0.0005640150959607126,0.005493486742125242,0.07461953719030134,36480,181000000,32.57,0,2,4,-2.0288757272495124,-0.47219173401203707,4.997772844427677,-2.0288757272495124,-0.47219173401203707,4.997772844427677,238.36957693099976
-3.5338116804435082,0.03499572415445523,5.0,-4.903564370543278,0.9406982776675139,5.006177083473752,-0.8802213298354923,0.001984863469431299,-0.00040983212427778777,0.47455906150580984,-0.13010793931706746,-0.07972350438532905,0.018118222730866135,-0.0010662039017006464,0.00484025167679647,0.08187422208720818,36480,493000000,32.21,0,2,4,-1.9226923008144425,-0.4846404568552346,4.995761306784562,-1.9226923008144425,-0.4846404568552346,4.995761306784562,239.04416012763977
-3.5912559407229514,0.19412507309907312,5.0,-4.951597511149976,0.9669593540814774,5.01093857967998,-0.8863334148440589,0.0018292829271617322,-0.0010839041036100603,0.4630427157474088,-0.1882667959441202,-0.08618189651808685,0.012869844219138903,-0.001627889264455007,0.004331988748162985,0.09175781306112185,36480,749000000,31.56,0,2,4,-1.832389563248765,-0.4982432701029264,4.994582788698605,-1.832389563248765,-0.4982432701029264,4.994582788698605,239.7318422794342
-3.640556958431398,0.26234652631188454,5.0,-5.014139654358265,1.0055553221272915,5.014148545208611,-0.8933544963023835,0.0018376907982596185,-0.001769756250520461,0.44934534023583506,-0.2336762936966256,-0.0911061096344711,0.005854640967419527,-0.0027590824402068392,0.003927338957510074,0.10170879322686233,36481,49000000,30.42,0,2,4,-1.734500709262123,-0.5160584259220748,4.994017696083907,-1.734500709262123,-0.5160584259220748,4.994017696083907,240.46404123306274
-3.771511948538038,0.3642707925968209,5.0,-5.077739836154456,1.0455259471884562,5.015123133033911,-0.8998846213979894,0.001951764849081448,-0.002380942900739752,0.4361171745027641,-0.2660856154502872,-0.09493596922804423,-0.0006524167461380058,-0.0024646562451380305,0.00366830267921614,0.10831662730197422,36481,362000000,28.82,0,2,4,-1.6480155147057294,-0.534390337303024,4.994691582145692,-1.6480155147057294,-0.534390337303024,4.994691582145692,241.1291377544403
-3.848335497212682,0.3943401179112721,5.0,-5.174462280949244,1.1056470613408138,5.013855005960259,-0.9089041777243031,0.0021656223726979782,-0.003148873040281612,0.4169875182707793,-0.30161914287801606,-0.09642892519081102,-0.00865152881290886,-0.002734724625952367,0.0035006114785574027,0.1142622553743422,36481,646000000,27.15,0,2,4,-1.595568133709769,-0.5460221350151453,4.996382894450451,-1.595568133709769,-0.5460221350151453,4.996382894450451,241.8192913532257
-3.928944433310108,0.40887174815873295,5.0,-5.264721124551455,1.1603735721320247,5.010823721575626,-0.9164541798713579,0.0023247231971109646,-0.003750555372196698,0.4001153148690681,-0.3270523076246724,-0.09497463094957767,-0.01392149282332728,-0.001418462795754749,0.0033096910101448884,0.11588905326789245,36482,36000000,24.64,0,2,4,-1.5715858444516209,-0.5476294285529434,4.999540166796197,-1.5715858444516209,-0.5476294285529434,4.999540166796197,242.52355003356934
-4.089008373582524,0.3899711648727302,5.0,-5.378957825943815,1.2284527912453826,5.005735987982587,-0.9249271985472363,0.0022906138446736196,-0.004262945620821521,0.3801134801219365,-0.34469864947099077,-0.08535720663239615,-0.017095949814938848,0.0003739470230357256,0.002456840093145729,0.11049082095269114,36482,349000000,22.4,0,2,4,-1.609640747922042,-0.5267770427630483,5.001302047335565,-1.609640747922042,-0.5267770427630483,5.001302047335565,243.295508146286
-4.162134528420906,0.357447401296653,5.0,-5.477354800585533,1.2871530801468185,5.00104983915534,-0.9313268990586676,0.002118321548872952,-0.00448284535296551,0.364150551147631,-0.35310419116560837,-0.07276796458033166,-0.01745494840414984,0.0016035143971748766,0.001753900312451151,0.10322847811039537,36482,719000000,19.72,0,2,4,-1.7255177145190101,-0.4728400880206383,5.001086329008433,-1.7255177145190101,-0.4728400880206383,5.001086329008433,243.9984266757965
-4.279912224566699,0.25328915598209495,5.0,-5.570063813932647,1.3436976933997946,4.99685100883337,-0.9366427600940985,0.0018330548107664546,-0.004541787380145138,0.350251840881334,-0.3547541215660696,-0.05763690681547919,-0.015842857174016227,0.0031189663332042983,0.0008809205326087977,0.09257015190087259,36483,49000000,17.53,0,2,4,-1.8745715223034156,-0.4070798666257639,4.998529022553109,-1.8745715223034156,-0.4070798666257639,4.998529022553109,244.70297288894653
-4.319720011453268,0.1862232914442295,5.0,-5.659462273402384,1.400240799801108,4.9935183767768265,-0.9410501623602305,0.0014076784691669868,-0.00438102398971669,0.338235741742224,-0.3401918995447741,-0.03931591833756868,-0.011784177550239975,0.004090909260412445,-0.0005455573102608469,0.07629916144651361,36483,337000000,15.56,0,2,4,-2.0377414955063093,-0.3378448031240658,4.994823316463216,-2.0377414955063093,-0.3378448031240658,4.994823316463216,245.46227025985718
-4.353069585607864,0.03697117415894612,5.0,-5.741478353500889,1.4548427272913282,4.991513759340623,-0.9444959948290241,0.0009574126361924181,-0.003998410106545336,0.3284972021640305,-0.30890796883614136,-0.02200897151273354,-0.006354378906473444,0.004226492046655039,-0.00197363585812127,0.06089563685236499,36483,648000000,13.75,0,2,4,-2.2022365325216184,-0.2708664456350919,4.990884893328468,-2.2022365325216184,-0.2708664456350919,4.990884893328468,246.1547727584839
-4.345371320201593,-0.03840444221973282,5.0,-5.823103933843291,1.5117409224777658,4.991280238655174,-0.947614907955836,0.000544475657415388,-0.003306823770106341,0.31939748696986353,-0.23247303875091913,-0.008665213245024329,0.001261338961577718,0.0030171401022016653,-0.003787722448578279,0.04655691627704073,36483,953000000,12.19,0,2,4,-2.349188654163802,-0.212473215807112,4.987906858851113,-2.349188654163802,-0.212473215807112,4.987906858851113,246.90374779701233
-4.283784081748948,-0.1732710158852498,5.0,-5.86947616477519,1.544142520058396,4.992868379416135,-0.94966272141006,0.0004203254563511223,-0.002613219211111715,0.3132630044801078,-0.1378998239950704,-0.006552887101480743,0.006718406292727385,0.001540356765872275,-0.004285746672394453,0.03975051768065896,36484,298000000,10.68,0,2,4,-2.489067127624526,-0.15631718774027198,4.9866662011223815,-2.489067127624526,-0.15631718774027198,4.9866662011223815,247.586443901062
-4.233189858539408,-0.22637908444547392,5.0,-5.889258569099392,1.5554933435746794,4.99534696747388,-0.9512787970044402,0.0005184185807182193,-0.002024083260040032,0.30832496606489135,-0.013451203989467609,-0.01461441052404556,0.00909662275235171,-0.0012782879935002711,-0.004281625888324925,0.03269126464147121,36484,607000000,9.74,0,2,4,-2.569317495970308,-0.12091379568513468,4.987879693668558,-2.569317495970308,-0.12091379568513468,4.987879693668558,248.274254322052
-4.1727376602558985,-0.2663981057164597,5.0,-5.876890198737546,1.538451688240166,4.997661183175181,-0.9524579645663367,0.0009162160702991264,-0.001515635108841971,0.3046648800444182,0.15354545997709756,-0.0335703129439691,0.007011801196436097,-0.0027350547952664783,-0.00491845953547454,0.019625050481408834,36484,893000000,9.17,0,2,4,-2.6130567368123203,-0.09589558881648327,4.990616335722654,-2.6130567368123203,-0.09589558881648327,4.990616335722654,248.94239377975464
-4.035487133954632,-0.30041124034177896,5.0,-5.829143129966578,1.489218750642635,4.998880821063161,-0.9529081976503658,0.001515894124492947,-0.0008798081480139568,0.30325384557059964,0.31755239814348374,-0.054809952852077036,0.00207839580238139,-0.003176552604600147,-0.006731470830345643,0.00018355444026951773,36485,167000000,9.06,0,2,4,-2.626013198263831,-0.07662965822847191,4.994500189846392,-2.626013198263831,-0.07662965822847191,4.994500189846392,249.60312676429749
