x_ref,y_ref,z_ref,x,y,z,eta,e1,e2,e3,u,v,w,p,q,r,sec,nanosec,angle2,angle3,control_mode,std_test,x2,y2,z2,real_x2,real_y2,real_z2,time
0.0,0.0,5.0,-1.9752850503803248,0.34536128889797746,4.956915901375007,-0.8867700319028378,-0.0007344212336385863,0.0014349350791261284,0.46220808312470063,-0.0030225417943180862,-0.0024429838100653916,-0.04341430469535841,0.0012985970329282281,-0.0010276876196257945,-0.0014488185684058408,33341,116000000,1.91,0,2,4,-0.4036751376516069,-1.9728813008022121,5.065095604588357,-0.4036751376516069,-1.9728813008022121,5.065095604588357,9.512901306152344e-05
0.0,0.0,5.0,-1.9761512938121886,0.34562062430432855,4.946985077797731,-0.886642860956422,-0.0008045196570852192,0.0015959193808692583,0.4624513411208383,-0.0012659337238868488,-0.0009929266373363223,-0.015215634810037537,0.00012372247368830358,-0.00015962853296969115,-0.0018259735156789247,33341,473000000,0.83,0,2,4,-0.4025737242414109,-1.9733232284096043,4.949338472931392,-0.4025737242414109,-1.9733232284096043,4.949338472931392,0.5464799404144287
0.0,0.0,5.0,-1.9762639484366027,0.34567950740587566,4.946839282986115,-0.8864758456632389,-0.000779661209785872,0.0015410970315381054,0.46277164152958067,0.0006271869659826468,0.000679952957826947,0.013135205261886251,-0.0007421041800625972,0.0006294514435012388,-0.0022219078346097376,33341,805000000,2.0,0,2,4,-0.401416570695464,-1.9710011973559391,4.86124296106587,-0.401416570695464,-1.9710011973559391,4.86124296106587,1.1016783714294434
0.0,0.0,5.0,-1.9755429571809615,0.34553461630451443,4.955995570490903,-0.8862871987240661,-0.0006545785429628292,0.0012983389765875673,0.4631337681714438,0.0023240832863068305,0.002195246741789967,0.035740199436411726,-0.0018891803279075248,0.0012307362226238183,-0.0021809012423545937,33342,162000000,3.21,0,2,4,-0.4003483632203018,-1.966850744594904,4.798189645353557,-0.4003483632203018,-1.966850744594904,4.798189645353557,1.6530227661132812
0.0,0.0,5.0,-1.974225682957102,0.3452292209473577,4.970861079952332,-0.8861239663147134,-0.00045445420804773797,0.0009282375108960629,0.46344713632643875,0.003638898793893624,0.0031777048419146837,0.04927937439275892,-0.0024194573825297994,0.0016630675872875145,-0.0019133151454298059,33342,521000000,3.93,0,2,4,-0.3997690511178219,-1.9623186643761916,4.770345925769331,-0.3997690511178219,-1.9623186643761916,4.770345925769331,2.1845877170562744
0.0,0.0,5.0,-1.9723554816692797,0.3447015959840936,4.989882419692781,-0.8859763262055824,-0.00020479118245428252,0.0004469109876231945,0.46373021007305565,0.004659432522805264,0.0037124230667562375,0.053779455994493054,-0.0027514250177773647,0.0018516859086048498,-0.0015872826111262839,33342,874000000,4.08,0,2,4,-0.39966358849025097,-1.9586380280742752,4.776251286549685,-0.39966358849025097,-1.9586380280742752,4.776251286549685,2.7160706520080566
0.0,0.0,5.0,-1.9703444935946115,0.3440559878767523,5.007736323367668,-0.8858623438300022,3.6239788444632014e-05,-2.5968088050575216e-05,0.4639481714549063,0.005067542715311231,0.0037296828621898605,0.04942713249628514,-0.0024989315988932503,0.0018374678461441363,-0.0012599626415976672,33343,225000000,3.69,0,2,4,-0.40000466601877765,-1.9561689681369372,4.813020809859165,-0.40000466601877765,-1.9561689681369372,4.813020809859165,3.241704225540161
0.0,0.0,5.0,-1.9683795396826196,0.34333030161751676,5.022905145991501,-0.8857709599106598,0.00024009099809583538,-0.00046132825663864816,0.4641223288223701,0.004838753892459401,0.003150316191135237,0.03858695863064738,-0.002123716853930091,0.0015915397739263426,-0.0011048133842450625,33343,566000000,2.86,0,2,4,-0.4006917350011645,-1.9555500969720452,4.869918723884926,-0.4006917350011645,-1.9555500969720452,4.869918723884926,3.7704946994781494
-0.007994025752217304,0.06280566511082372,5.0,-1.966665720042699,0.34255153432804036,5.034034804611591,-0.885684881000979,0.00039828253742388704,-0.0008190083312281389,0.4642859702410307,0.003924918804732403,0.002081603232624427,0.022728968816473023,-0.0013098395243105188,0.0010813876087922836,-0.0008667233771575411,33343,909000000,1.78,0,2,4,-0.4015867731407145,-1.9565202345361883,4.937164643848274,-0.4015867731407145,-1.9565202345361883,4.937164643848274,4.299942493438721
-0.01697820740838507,0.1255483960083878,5.0,-1.9658160963323899,0.341975222606609,5.038995847663377,-0.8856232443133956,0.0004956331408134052,-0.0010363442362567856,0.4644030032958759,0.0005129007890804755,-0.0009167809160494283,0.006765759988269187,-0.0009243433908068255,0.0006924444562628196,-0.0007332682173455396,33344,262000000,0.68,0,2,4,-0.4026240822861537,-1.958712532253139,5.0073624224729825,-0.4026240822861537,-1.958712532253139,5.0073624224729825,4.817817211151123
-0.026955524430023026,0.18821223430714068,5.0,-1.9672239521384998,0.3420064442599978,5.038854128327904,-0.8855666973348552,0.0005705682539395031,-0.0011675702459876933,0.4645104259357641,-0.006419372494625511,-0.006892582110661394,-0.006927486189527263,-0.0006975989208513056,0.00023851177957112668,-0.000878146585137074,33344,599000000,0.77,0,2,4,-0.4035028044164033,-1.9605488060869953,5.063710333927484,-0.4035028044164033,-1.9605488060869953,5.063710333927484,5.337148427963257
-0.03792871608951609,0.2507810623072051,5.0,-1.97249246636284,0.343004494477527,5.034384966810078,-0.8854957045330161,0.0006454658673961571,-0.0012081356039334384,0.4646455434368801,-0.016224448507391815,-0.01553292322559011,-0.018278975347442945,-0.00025538359125221177,-0.00031265903999155853,-0.00077314409736573,33344,929000000,1.46,0,2,4,-0.40358285518217907,-1.9567129591490706,5.102483349235192,-0.40358285518217907,-1.9567129591490706,5.102483349235192,5.839779853820801
-0.04990027644803874,0.3132386055305398,5.0,-1.9816016346433838,0.3449382424580661,5.027316259802165,-0.8854534805654101,0.0007036288810598735,-0.0011527241001726184,0.4647260589725385,-0.02575264378758515,-0.024272082988582487,-0.024877665767234533,2.3106583491028232e-05,-0.0007154806269227265,-0.00021040537774297263,33345,262000000,1.98,0,2,4,-0.40245475201864694,-1.9406072942494974,5.125726755081624,-0.40245475201864694,-1.9406072942494974,5.125726755081624,6.336022138595581
-0.06287244931678915,0.37556843537659224,5.0,-1.9964686932704687,0.3480793532247403,5.017742246366844,-0.8854775853631026,0.0007357393840093413,-0.001006444319524958,0.464680418757795,-0.034653539896662894,-0.03320161119878902,-0.02730961208342056,0.0005564777268318721,-0.0009039220117301738,0.001059190958585532,33345,595000000,2.26,0,2,4,-0.4002736077935775,-1.909738153412862,5.129964241412661,-0.4002736077935775,-1.909738153412862,5.129964241412661,6.83300518989563
-0.07684722320348403,0.4377539718994975,5.0,-2.016270097379412,0.3519886088905101,5.007663816572435,-0.8856420513572285,0.0007187407793854618,-0.0008009317871598047,0.4643673102057513,-0.04062510257501596,-0.03994879502211638,-0.02490730413270576,0.0006599094433568098,-0.000986583199846791,0.0028908066951771616,33345,942000000,2.57,0,2,4,-0.3967310472119094,-1.8487790077061,5.1158952000284295,-0.3967310472119094,-1.8487790077061,5.1158952000284295,7.395133018493652
-0.10781122113602892,0.5616251059963305,5.0,-2.036154089925576,0.3556802600562008,4.999990016954857,-0.8859269282523375,0.0006880969795784657,-0.000602205722111967,0.4638239339104785,-0.04289523907389049,-0.042902893290395004,-0.01981469775311783,0.0008562690197777556,-0.0009451911353153264,0.004682747930928599,33346,330000000,3.4,0,2,4,-0.3923873228515529,-1.7557141215330792,5.084279481706251,-0.3923873228515529,-1.7557141215330792,5.084279481706251,7.8806679248809814
-0.12480310003259198,0.6232768136895412,5.0,-2.0565863604248324,0.3592437560667845,4.9944764549400595,-0.8863786876171769,0.0006412956949308474,-0.000406607860172758,0.4629603066656265,-0.04242920370774705,-0.04357928638065942,-0.01249764154947763,0.0007158008088481438,-0.0008143296952312085,0.007300289098566282,33346,663000000,4.71,0,2,4,-0.38856481184223246,-1.6560310726236174,5.047933534819982,-0.38856481184223246,-1.6560310726236174,5.047933534819982,8.382004261016846
-0.14280287947149173,0.6847164547362532,5.0,-2.0779126294526837,0.36252813766859115,4.99155340912142,-0.8871016767720612,0.0005933883447292465,-0.00023845578807538698,0.4615736193689008,-0.03973624325162121,-0.04232451946569458,-0.00393178730614816,0.0006256504946122732,-0.0005361429600725387,0.010552261574048316,33347,13000000,6.32,0,2,4,-0.38540247648627857,-1.552651781729969,5.011158062110709,-0.38540247648627857,-1.552651781729969,5.011158062110709,8.881325244903564
-0.16181119526917875,0.7459267385199392,5.0,-2.0955657492901967,0.36490537075647905,4.991509179954861,-0.8879722931121917,0.0005390555113575119,-0.00013753146187092517,0.45989661574024254,-0.035568396152303255,-0.03881163569766402,0.003265904950632851,0.0005506116565356933,-0.00017168673878131813,0.013540200779971201,33347,363000000,8.08,0,2,4,-0.3831362921336626,-1.4491173564024353,4.977343906528171,-0.3831362921336626,-1.4491173564024353,4.977343906528171,9.377613544464111
-0.18182839742572066,0.8068902424093126,5.0,-2.1137534081066964,0.36710519073982717,4.9941704612880615,-0.8893043420960636,0.00046797263588920803,-0.0001011645740540487,0.45731559988308756,-0.029088465661076996,-0.032042920366807566,0.009942103500721467,0.00025665196403679147,0.00019602046137379148,0.017433765970054083,33347,694000000,9.48,0,2,4,-0.382145753963448,-1.3678202460684254,4.954962077273549,-0.382145753963448,-1.3678202460684254,4.954962077273549,9.891022443771362
-0.20285454502857725,0.867589415443657,5.0,-2.1268278635179168,0.36860720859077584,4.99827949896064,-0.8907537490584587,0.0004239491221243207,-0.00013005346197497746,0.4544860414705157,-0.023080172396786232,-0.025177177090050868,0.013597169299521986,-1.9480042523500884e-06,0.0004097010418036007,0.02034938570432132,33348,69000000,10.81,0,2,4,-0.38206683022605836,-1.287816778807058,4.939882626558397,-0.38206683022605836,-1.287816778807058,4.939882626558397,10.390397310256958
-0.22488940115985745,0.9280065821559788,5.0,-2.13682395211155,0.36979807175873464,5.003236745795492,-0.8924146198013113,0.00039459492729823566,-0.00019672164535105739,0.45121608122973444,-0.017426080753289615,-0.018302014201165485,0.014859662315931188,-5.409897276820175e-05,0.00042152401249495597,0.023094327298167627,33348,411000000,11.62,0,2,4,-0.38273013686097446,-1.2314921852201532,4.937360296327765,-0.38273013686097446,-1.2314921852201532,4.937360296327765,10.889266014099121
-0.24793242780967706,0.9881239465359675,5.0,-2.1435946060705446,0.3707381332907306,5.007897778244641,-0.8941526843998564,0.00038520660278334843,-0.00026598944193730024,0.4477619432756883,-0.01273991859716773,-0.012563602645528804,0.013727864003086666,-0.0002740279370527787,0.0005152077676484623,0.025483427452854812,33348,741000000,12.11,0,2,4,-0.3837853313647251,-1.1873724568531823,4.94426764506514,-0.3837853313647251,-1.1873724568531823,4.94426764506514,11.395180940628052
-0.2719827807983455,1.0479235961347382,5.0,-2.1487106197239547,0.3715959896204478,5.012295589527516,-0.8962779866782323,0.00039938791782416136,-0.00037391640458769534,0.44349235762505257,-0.008526764358769751,-0.007707499032772262,0.010337274010501062,-0.0004152491555942106,0.000438637582078627,0.027462225807539653,33349,67000000,12.34,0,2,4,-0.38498007867067613,-1.1538611871417044,4.957610672261892,-0.38498007867067613,-1.1538611871417044,4.957610672261892,11.897269248962402
-0.2970393047101876,1.1073875063133007,5.0,-2.1516309999667347,0.3721883751680173,5.0149951673151465,-0.8982545011809372,0.0004284859852214032,-0.0004515610735049276,0.43947521386369803,-0.005797064482592167,-0.004902494617945915,0.006416964145886228,-0.0003343217258588993,0.0003174988108867183,0.028580539401446003,33349,419000000,12.42,0,2,4,-0.3865102238849229,-1.120665091649262,4.97742913661178,-0.3865102238849229,-1.120665091649262,4.97742913661178,12.40663766860962
-0.3231005278418917,1.1664975446366894,5.0,-2.153670455337254,0.3726177226893523,5.016407429384732,-0.9004043325690821,0.0004554718935076341,-0.0005127096740748496,0.43505352264401853,-0.0038407687275741676,-0.003235635597487869,0.0019844224196824975,-0.0002550801951883841,0.00023254336412037446,0.029093837110849563,33349,749000000,12.47,0,2,4,-0.38817695977853206,-1.0906611075432664,4.996308775072212,-0.38817695977853206,-1.0906611075432664,4.996308775072212,12.919976711273193
-0.35016465716835876,1.2252354754156587,5.0,-2.155001345606598,0.3728614984113777,5.016412798246662,-0.9024256828092169,0.0004613427894460152,-0.0005433766423302355,0.4308449592498139,-0.002676856970444436,-0.0025077908863105937,-0.0017107104101186591,0.00015467613110331513,6.372076839511465e-05,0.029336010447877925,33350,94000000,12.6,0,2,4,-0.39053424091908573,-1.0541200555650296,5.014569068746383,-0.39053424091908573,-1.0541200555650296,5.014569068746383,13.45439887046814
-0.37822957332913054,1.2835829643978252,5.0,-2.155999171206844,0.3729409302609166,5.015456381733054,-0.9043174826727616,0.00043923163401412017,-0.0005272956879896602,0.426859953107841,-0.0020906375589865036,-0.00236034386882498,-0.0044483809764767545,0.00029005781243540696,-8.750369815402337e-05,0.02934711483248975,33350,406000000,12.85,0,2,4,-0.39356106480597874,-1.0128903610275117,5.027894322227484,-0.39356106480597874,-1.0128903610275117,5.027894322227484,13.999202489852905
-0.40729282563855174,1.3415215836101098,5.0,-2.157038988773834,0.37294456013569266,5.013535044242087,-0.9064329443907686,0.0003952317556099503,-0.00047582589659964455,0.42234930413658467,-0.001809293019436557,-0.002274106529356319,-0.006527517634602101,0.000551293931039254,-0.00024056496670255,0.02940285103250062,33350,716000000,13.24,0,2,4,-0.39724498479943204,-0.9672266969488693,5.035941520681221,-0.39724498479943204,-0.9672266969488693,5.035941520681221,14.553588628768921
-0.43735162712291586,1.399032816354308,5.0,-2.157855049457524,0.37290927682344766,5.011420437091554,-0.9082959830709687,0.00034366084170624916,-0.00039945774076109795,0.4183277775475606,-0.0015421831971583681,-0.0018746273852277323,-0.0073152543605981574,0.0005837032119870855,-0.00041958086569593434,0.029832612017344218,33351,40000000,13.86,0,2,4,-0.4025496399635882,-0.907531337993309,5.039342778822937,-0.4025496399635882,-0.907531337993309,5.039342778822937,15.116393804550171
-0.46840284958794687,1.456098062357568,5.0,-2.158512172707809,0.37296379969881954,5.008941089752117,-0.9104285144170849,0.00028008093178209846,-0.00028219513046050563,0.41366624476367386,-0.0011600097372421716,-0.0006296091887379743,-0.006998810110114599,0.0007548707401383581,-0.0004414461727719754,0.030549047005479224,33351,343000000,14.56,0,2,4,-0.4082923148842246,-0.8483214996501939,5.037612989833775,-0.4082923148842246,-0.8483214996501939,5.037612989833775,15.65174388885498
-0.5004430187200422,1.5126986430795495,5.0,-2.1586306351352675,0.37328376111381195,5.006627802090399,-0.9127254618789782,0.00019529964295723643,-0.00016281606710350982,0.40857333073364344,-0.0005957722308452875,0.001511654841725215,-0.005681425094245836,0.0006916665427070257,-0.000390499221225582,0.031874362321104854,33351,687000000,15.6,0,2,4,-0.4166552578303515,-0.7705959284189443,5.031210332900123,-0.4166552578303515,-0.7705959284189443,5.031210332900123,16.160499572753906
-0.5334683092248316,1.568815807177966,5.0,-2.158009218723374,0.37399920426522426,5.004981825409667,-0.9149675638354973,0.00010860095785748877,-5.755667702107358e-05,0.4035273745633574,-0.00010633542627326189,0.004199797114111276,-0.003922769074259194,0.0008260534627879679,-0.00030915226147953945,0.03324949102534447,33352,44000000,16.92,0,2,4,-0.4273516338618845,-0.6801520810302598,5.021192476738852,-0.4273516338618845,-0.6801520810302598,5.021192476738852,16.640031337738037
-0.5674745400066574,1.6244307361341979,5.0,-2.156293298696681,0.3754997553435419,5.003919213010312,-0.917560197106379,-5.339216162128044e-06,4.182423080306734e-05,0.39759688493287937,0.000507496006924773,0.007917204888271618,-0.0016602381973151556,0.0007162592794429656,-0.00014562760384251305,0.03518468110996764,33352,386000000,18.29,0,2,4,-0.43849326411737904,-0.5914695340126368,5.010358738570444,-0.43849326411737904,-0.5914695340126368,5.010358738570444,17.213361740112305
-0.6024571693927263,1.6795245500406104,5.0,-2.1581432510470417,0.3815220078386682,5.003634193899521,-0.9205700493599338,7.94041219326642e-05,-0.00017088990189903817,0.39057745545931816,-0.04938897256931786,0.0006844662227761236,-0.0001789558261498874,-0.002082569653794053,0.0024684732352397987,0.03799077057919931,33352,771000000,19.81,0,2,4,-0.44006077859343046,-0.5007372888504612,4.998524738846032,-0.44006077859343046,-0.5007372888504612,4.998524738846032,17.837518453598022
-0.6384112904057448,1.7340783135511595,5.0,-2.1897488486491423,0.40856634855399016,5.003519416624317,-0.923807250203648,0.0003236793683122816,-0.0008817022900423138,0.3828567386163034,-0.15771903420929173,-0.020264652745362873,-0.001357288586454227,-0.00268414016773022,0.0025920215193764307,0.042906205635517836,33353,196000000,21.2,0,2,4,-0.4151667292561413,-0.42317438369470217,4.987052377183385,-0.4151667292561413,-0.42317438369470217,4.987052377183385,18.412533044815063
-0.7132125248877181,1.8414897076674175,5.0,-2.2647849400660083,0.4640954374105494,5.002727202612554,-0.9276021048074188,0.000528466938153786,-0.0015257948634637155,0.3735662295090072,-0.24619175978919577,-0.03348403691125125,-0.0025281740474533787,-0.001325331049883971,0.0022862923060529283,0.04821509828616399,33353,600000000,21.83,0,2,4,-0.3510546659445335,-0.3793372789241216,4.97822875247479,-0.3510546659445335,-0.3793372789241216,4.97822875247479,19.046218395233154
-0.7520479560913946,1.8943092462609985,5.0,-2.3389613667918314,0.5194971143257641,5.002187369702015,-0.930803851930917,0.0002863150565434612,-0.0016855874640789679,0.36551506952403034,-0.23600398749326304,-0.014923166248641035,-0.0014209466917029256,0.0037851639490327216,-0.0004703145748408133,0.04579958113026805,33354,43000000,21.69,0,2,4,-0.25382360577155966,-0.356223605215838,4.973345577881567,-0.25382360577155966,-0.356223605215838,4.973345577881567,19.57385563850403
-0.7918315053403964,1.9465125635026175,5.0,-2.391773582133085,0.5702672736873146,5.002310176822147,-0.9335595057823145,-0.0002694126727409912,-0.0012180161932929486,0.3584202742826433,-0.17232514225634948,0.026464982243752565,0.0009807492147454583,0.004237271832607803,-0.0016234043869189918,0.03766705449379515,33354,407000000,21.35,0,2,4,-0.16897623073109982,-0.3367920853123974,4.973703268918215,-0.16897623073109982,-0.3367920853123974,4.973703268918215,20.104532480239868
-0.8325563702020884,1.99808054193334,5.0,-2.419937596568111,0.6198701881571793,5.003252879410962,-0.9358588893268173,-0.0008496977432780039,-0.0006791305246314237,0.35237331917080705,-0.11546078425702802,0.06826772773290773,0.003098266671294329,0.0037441044696606696,-0.0014697770097882312,0.03046908586838981,33354,775000000,21.16,0,2,4,-0.11216905915226089,-0.2979033315010356,4.977780475389961,-0.11216905915226089,-0.2979033315010356,4.977780475389961,20.621574640274048
-0.8742153558203847,2.048994047871031,5.0,-2.425763329162043,0.6622661582108629,5.004632120473359,-0.9376118333134624,-0.001235595366813216,-0.0003011989920200781,0.3476815103134252,-0.07710596357982932,0.09319697460848031,0.0041980626126182485,0.0021221485440037213,-0.0011805545682364027,0.029918799009465147,33355,138000000,21.3,0,2,4,-0.09270632237424054,-0.22571097187232952,4.984894679510829,-0.09270632237424054,-0.22571097187232952,4.984894679510829,21.13877844810486
-0.916800870643431,2.099233938543985,5.0,-2.4194507625027493,0.7038352349475429,5.006346268874792,-0.9395603407258564,-0.0013921040332693728,-5.07106354983932e-05,0.34238052749813946,-0.04886828191625961,0.10038828136390598,0.004470898382812666,0.0004295883883287388,-0.0009709786922940111,0.033935573082999326,33355,489000000,21.76,0,2,4,-0.10477466085517007,-0.13392477539126502,4.992221162168279,-0.10477466085517007,-0.13392477539126502,4.992221162168279,21.65005660057068
-0.9603049222340583,2.148781069398533,5.0,-2.40925384486209,0.736053722107199,5.00782436184535,-0.9415120927045979,-0.0013201541190638278,6.107577141957975e-05,0.33697660564772214,-0.03289051776205722,0.09225663068703967,0.004036458129325065,-0.0010787272003653925,-0.0007356901505772839,0.038384592699003406,33355,839000000,22.48,0,2,4,-0.13719646718587886,-0.01842653510162395,4.99964048125768,-0.13719646718587886,-0.01842653510162395,4.99964048125768,22.1433527469635
-1.00471911316775,2.1976163015816503,5.0,-2.3985670115588626,0.7639548003762482,5.009114544328765,-0.9438015593277435,-0.0010663063334048835,6.831997969895462e-05,0.33051093012743726,-0.023091929200108854,0.07285155286404282,0.003048987723681293,-0.0019600120822360623,-0.0004221266834747439,0.042356248741270974,33356,169000000,23.22,0,2,4,-0.1740026405749883,0.08828837266716323,5.0051111856613515,-0.1740026405749883,0.08828837266716323,5.0051111856613515,22.651110649108887
-1.0500346370229905,2.245720509599518,5.0,-2.3911290873683515,0.7844545629779482,5.009990321252686,-0.9462361007823714,-0.0007326713151997381,2.8525180706125792e-06,0.32347597246284066,-0.017911595616012032,0.048842559924423504,0.0018970758622449957,-0.0022563619268112234,-0.00027136977962527453,0.045490967022487894,33356,515000000,24.0,0,2,4,-0.21439495166579428,0.19517599843860792,5.00935798333489,-0.21439495166579428,0.19517599843860792,5.00935798333489,23.13843870162964
-1.096242274468954,2.293074589152906,5.0,-2.388122710886851,0.796534709435804,5.010420226938205,-0.9484748137275707,-0.00041018351705844456,-6.972211041299904e-05,0.3168522599142379,-0.015301138692312494,0.027957009274066868,0.0008573326743075338,-0.0023913988798085484,-0.0002921118920085064,0.04786432436958421,33356,840000000,24.69,0,2,4,-0.2515483047779656,0.2881771357244236,5.011932487856824,-0.2515483047779656,0.2881771357244236,5.011932487856824,23.62935996055603
-1.143332389455625,2.3396594651501514,5.0,-2.388670269890286,0.8043274050012487,5.010489489098691,-0.9512417870893211,-3.6097505962584496e-05,-0.00014409851419229318,0.30844617103751276,-0.013063204587758837,0.006614241137964253,-0.0004595666227428277,-0.0018895303128374508,-0.00017866932040533356,0.05079204092908185,33357,156000000,25.15,0,2,4,-0.27964720377932456,0.3562352648838365,5.012959150674594,-0.27964720377932456,0.3562352648838365,5.012959150674594,24.13654136657715
-1.1912949255115115,2.385456099898427,5.0,-2.392001437031533,0.8063839318143449,5.0101738805414815,-0.9537658497006642,0.00021121214690724213,-0.00020090167596536422,0.30055052648883396,-0.011387472942028567,-0.00663287883466782,-0.0014124234441771654,-0.001248080741333979,-0.00012071499639887406,0.05301127093844116,33357,506000000,25.54,0,2,4,-0.3078229418327639,0.42267956034567056,5.012912476016539,-0.3078229418327639,0.42267956034567056,5.012912476016539,24.65690851211548
-1.2401194021542623,2.4304455014738875,5.0,-2.397389419075571,0.8051324447771899,5.009541008554337,-0.956635113553968,0.0003788043945089841,-0.00022881265370868295,0.291288626052557,-0.009302656984874754,-0.014078742227129912,-0.001981838775855722,-0.0005722389801121608,-8.873087082861275e-05,0.05453866288007703,33357,836000000,25.87,0,2,4,-0.33122448821377887,0.4757958215279281,5.011879293939522,-0.33122448821377887,0.4757958215279281,5.011879293939522,25.179083824157715
-1.2897949114195773,2.4746087322711814,5.0,-2.4025344742083536,0.8024141166921688,5.008836987321696,-0.9593168204858249,0.0004323742360207997,-0.00022534996318280347,0.282331365956533,-0.007270343722687027,-0.014366292824976683,-0.002131160704972129,8.295489450915738e-05,-0.00011375454178619293,0.0556979539396707,33358,187000000,25.99,0,2,4,-0.35247264777943543,0.5221099129505948,5.010280260922523,-0.35247264777943543,0.5221099129505948,5.010280260922523,25.717288970947266
-1.3403101145139145,2.5179269177327237,5.0,-2.40679525867886,0.7999057552315149,5.0080780391536965,-0.9621215347828634,0.000390830351550487,-0.00018961149087493712,0.2726205487599679,-0.005394752720468148,-0.008850695551076591,-0.002062237604117795,0.0005573109490342176,-4.8464668722658644e-05,0.05649721606459934,33358,529000000,26.11,0,2,4,-0.3728191231773818,0.5642316872887846,5.00838279037027,-0.3728191231773818,0.5642316872887846,5.00838279037027,26.24994397163391
-1.3916532385966196,2.560381255257994,5.0,-2.409109684366767,0.7994045130994242,5.007359185294284,-0.9649987579220556,0.00026595146243639425,-0.00014206722385133195,0.2622542779357721,-0.003751975457396764,0.001027664552121355,-0.0015953322615015683,0.0008846675370932644,-8.460232763241038e-05,0.05668163539667148,33358,885000000,26.15,0,2,4,-0.39405189509765454,0.6063563428801754,5.006405287908414,-0.39405189509765454,0.6063563428801754,5.006405287908414,26.780553817749023
-1.4438120736971953,2.601953023293036,5.0,-2.4086964280942835,0.8026936619447423,5.006844563468128,-0.9680572774557767,5.2877096439517364e-05,-7.327790764466338e-05,0.25072913552132287,-0.0023805502524258887,0.013786069339453002,-0.0009020595730851531,0.0012261837582627777,4.857138087288604e-05,0.05694967076124158,33359,267000000,26.13,0,2,4,-0.4147336728290552,0.6500574637991866,5.0046178862459305,-0.4147336728290552,0.6500574637991866,5.0046178862459305,27.423009634017944
-1.550525833917094,2.682374425708024,5.0,-2.4054391515431326,0.8104067981384843,5.006597695100641,-0.9709812218958105,-0.00017057108832166411,-2.4595934941731582e-05,0.2391556752959509,-0.001510457829266277,0.02554366945401333,-0.00026409555542088094,0.0009818989497034636,-2.5301515194087187e-05,0.05654524502460845,33359,687000000,26.06,0,2,4,-0.42718387073186126,0.6995721293158712,5.003154614522827,-0.42718387073186126,0.6995721293158712,5.003154614522827,28.030181884765625
-1.6050541277109547,2.7211871065411257,5.0,-2.4048304060015053,0.8222414625905687,5.006589049411194,-0.9735921622084449,-7.066813191826603e-05,-0.00020371249533015487,0.22829422943543515,-0.039482593905479854,0.023449637814057702,5.730351144434699e-05,-0.0021847186872037128,0.0022921836034583976,0.05455104437714908,33360,103000000,26.01,0,2,4,-0.4163629421839408,0.7525923086799409,5.002057831308146,-0.4163629421839408,0.7525923086799409,5.002057831308146,28.599371433258057
-1.6603448647470773,2.7590433302296336,5.0,-2.4237267038343364,0.8390041893689911,5.006636560317694,-0.9757500787626452,0.00014721331434633384,-0.0007294434391272675,0.21888634044910277,-0.09215328405853596,0.01536198714651896,7.970096165945168e-05,-0.001488136194893741,0.002653059755175491,0.052415472964639775,33360,512000000,26.14,0,2,4,-0.3798431240344845,0.8131181295667513,5.001412366240642,-0.3798431240344845,0.8131181295667513,5.001412366240642,29.10732650756836
-1.7163836083088557,2.795924923097814,5.0,-2.4525814336050775,0.857530063518161,5.006729281954203,-0.9775400001572911,6.050382638678252e-05,-0.001024322997066215,0.21074746782385717,-0.10448287606489617,0.01956681780405754,0.00023898910052005192,0.002713203321036417,0.0002528417653024917,0.052444370157900266,33360,859000000,26.32,0,2,4,-0.3399784219787162,0.8766149038398864,5.0014362703119595,-0.3399784219787162,0.8766149038398864,5.0014362703119595,29.61079716682434
-1.7731554692254243,2.8318138508311876,5.0,-2.4764037219898642,0.8777028487416869,5.006921922915074,-0.9792734509577965,-0.00029239158262033156,-0.0008335304600667188,0.20254068229208233,-0.08304304283815049,0.03538649841608974,0.0005943628625302154,0.002342871425753401,-0.0011937765975744696,0.051698353854590096,33361,186000000,26.53,0,2,4,-0.3225762193668725,0.939204229926552,5.001678160135283,-0.3225762193668725,0.939204229926552,5.001678160135283,30.123337984085083
-1.8306451039041485,2.866692228821392,5.0,-2.49330361362802,0.9008678191629574,5.007220461732114,-0.9809922112040865,-0.0005867406037583691,-0.0005660047861210183,0.1940453991491748,-0.06286287222409401,0.050586785432097645,0.0008185338555480544,0.0018514573298489267,-0.0010963606428049388,0.050375547652947716,33361,513000000,26.89,0,2,4,-0.3331179638209537,1.0093509064530795,5.001885972768906,-0.3331179638209537,1.0093509064530795,5.001885972768906,30.64034628868103
-1.888836712547877,2.900542332687862,5.0,-2.503345552778091,0.9256542065571407,5.0075566932714795,-0.9826156067855909,-0.0008138814353881488,-0.00036630590940386735,0.185649596601702,-0.047551377914870255,0.061167685511559634,0.0008868204861212176,0.001317392070632195,-0.0007866798682698573,0.050742411985993385,33361,843000000,27.54,0,2,4,-0.37022085874673144,1.0926031265927612,5.001901215216959,-0.37022085874673144,1.0926031265927612,5.001901215216959,31.148731470108032
-1.9477140375636162,2.9333466089752442,5.0,-2.508955258731428,0.9525738339252865,5.007930105452064,-0.98428892877317,-0.000943947960234311,-0.0002263260021416308,0.17656263034219427,-0.03585598469757624,0.06579240395925937,0.0008522409503770601,0.000409909350196358,-0.0006112998221396992,0.05213486583670601,33362,185000000,28.38,0,2,4,-0.4252977819655974,1.180143413371593,5.001706165758254,-0.4252977819655974,1.180143413371593,5.001706165758254,31.65640926361084
-2.0072603621694096,2.9650876860252895,5.0,-2.511532475172236,0.9786816657342944,5.00824911762769,-0.9859278475877739,-0.0009591881936700211,-0.00013589370790078313,0.167168600047522,-0.027374242694515726,0.0645292281759217,0.0005531846427466174,-6.363139064546885e-05,-0.00044623255632814107,0.054267351151793264,33362,545000000,29.33,0,2,4,-0.4929329599534401,1.2714536315390774,5.001520115513068,-0.4929329599534401,1.2714536315390774,5.001520115513068,32.17647957801819
-2.0674585092062747,2.995748385021807,5.0,-2.512596379042313,1.0051378514104532,5.008448203833337,-0.9877240583383452,-0.0009001645813553724,-8.299049259942611e-05,0.1562061695194329,-0.020452199659127566,0.058281085370082794,0.00032641969788531984,-0.0003888025531750827,-0.00028429114422579005,0.057029686286114156,33362,898000000,30.29,0,2,4,-0.5644140546674324,1.3586013103116341,5.0014920781387024,-0.5644140546674324,1.3586013103116341,5.0014920781387024,32.76372957229614
-2.1282908401621645,3.0253117312070743,5.0,-2.518787297055768,1.0284814850527986,5.008534787076557,-0.9895981874913634,-0.0003797956896361666,-0.0003074332594600015,0.14385822379632496,-0.059562970686124275,0.03166661871529857,-0.00039947114340933555,-0.004381910821393831,0.0022711533347319346,0.06327158407657407,33363,303000000,31.38,0,2,4,-0.6382423375984035,1.4517103857872056,5.001643386971277,-0.6382423375984035,1.4517103857872056,5.001643386971277,33.36534380912781
-2.1897392544150174,3.053760965267927,5.0,-2.55295902885213,1.0430118685377159,5.008057885885445,-0.9915347937951112,0.00046154946145608516,-0.0009417280381574066,0.12983702404970077,-0.14569088159913682,-0.010971734045006214,-0.0030930627578004007,-0.005583525216934504,0.003157601236125629,0.09877982811303809,33363,728000000,32.32,0,2,4,-0.6846560297068948,1.5467918441702118,5.002044634430429,-0.6846560297068948,1.5467918441702118,5.002044634430429,33.915586948394775
-2.314409616822441,3.107251206474837,5.0,-2.647774363468354,1.0489204576937656,5.005856428488065,-0.9947344636246054,0.00153916537364631,-0.0017979083009390254,0.10245850561648268,-0.2517265564543793,-0.052252896359047826,-0.0073462863144454025,-0.00433248110311979,0.0033916493975993944,0.1391342404531315,33364,103000000,32.37,0,2,4,-0.6830511833295201,1.6309349001117297,5.002603282636004,-0.6830511833295201,1.6309349001117297,5.002603282636004,34.552968978881836
-2.377593049581021,3.132259877026839,5.0,-2.778054896803424,1.0482541624988737,5.002585407847721,-0.9975175999819007,0.0015139141808908699,-0.0022229564177162478,0.07036621529517062,-0.24579026612569513,-0.023376517985584988,-0.007233022751840561,0.003406310247555666,-0.0001910372105839997,0.11711996339727193,33364,573000000,30.39,0,2,4,-0.6298706843704714,1.7292118989720582,5.003233495321276,-0.6298706843704714,1.7292118989720582,5.003233495321276,35.20397901535034
-2.4413155349798927,3.1560897861919237,5.0,-2.8532047213133405,1.05656946340058,5.000805763174591,-0.9985961895896708,0.0008122549774568998,-0.001984197295099841,0.05292497841223731,-0.19570114538955358,0.021507635862528567,-0.004758611161681942,0.006181449907671777,-0.002022843227678095,0.07552204115199856,33365,42000000,27.37,0,2,4,-0.5513023585299156,1.8279467295558696,5.003824134480771,-0.5513023585299156,1.8279467295558696,5.003824134480771,35.726070404052734
-2.505556658665967,3.1787254284606545,5.0,-2.911246544385876,1.0793493795754112,4.999939503471679,-0.9990840752502009,-0.00021495658583008679,-0.0015017661854870748,0.0427634081130267,-0.13937724345858343,0.07261302315877757,-0.0010139073306259718,0.005932347448833752,-0.0024306465093104634,0.04170055362919811,33365,389000000,25.7,0,2,4,-0.5202103892712897,1.8884884525137717,5.004209419322664,-0.5202103892712897,1.8884884525137717,5.004209419322664,36.251601219177246
-2.5702955446416795,3.2001515855234994,5.0,-2.9480896433273296,1.1140764728661439,5.00037265570583,-0.9993260996857428,-0.0010553238261952918,-0.0010824170080501651,0.03667507534993353,-0.09574957425941671,0.10941625191359264,0.0025117319476901595,0.004371497288957471,-0.0022052220401747036,0.03307412262074649,33365,745000000,24.87,0,2,4,-0.5272763062817578,1.9457071870834108,5.004358009634224,-0.5272763062817578,1.9457071870834108,5.004358009634224,36.78230834007263
-2.635510856246645,3.220353338778097,5.0,-2.971749045007332,1.1568820726125661,5.001884012889609,-0.9995170458505868,-0.0015856932390035919,-0.0007319162505926866,0.031026197473581818,-0.06312385342338721,0.12681400016660857,0.005071189086335578,0.0019497212406349718,-0.0017650754330134077,0.03535071409714874,33366,89000000,24.64,0,2,4,-0.572110251161824,1.9993137792019704,5.0040022520179015,-0.572110251161824,1.9993137792019704,5.0040022520179015,37.30530571937561
-2.701180797417952,3.2393160819846116,5.0,-2.9892046774379764,1.211110447054547,5.0046102922577305,-0.999734891835931,-0.0017443631835188595,-0.00043713459558976603,0.022954567219368782,-0.03718010671049053,0.12130462085727985,0.006590073539265497,-9.692157476592911e-05,-0.0011610514434323704,0.041872561632771976,33366,425000000,24.79,0,2,4,-0.653294474925423,2.0578860512466894,5.002927573709035,-0.653294474925423,2.0578860512466894,5.002927573709035,37.85669660568237
-2.767283114236859,3.2570255340654644,5.0,-2.9987447852712528,1.2545343405016078,5.0073563410429935,-0.9998918085922381,-0.0015704572376679187,-0.00027681424413199143,0.014622863880971948,-0.023659987159665486,0.10210382625160745,0.006718345074005613,-0.0017143969671451487,-0.0007391792507860373,0.04605495232681278,33366,846000000,25.43,0,2,4,-0.7881476324182985,2.1364971390216922,5.000888651014317,-0.7881476324182985,2.1364971390216922,5.000888651014317,38.38846468925476
-2.900693581211407,3.288629144128325,5.0,-3.005145241391378,1.2870139530444884,5.009735766310401,-0.9999805268956967,-0.0012011767269461994,-0.00018476728708786874,0.006121181660816433,-0.016931249784286475,0.07581916178907608,0.005683069462717303,-0.002660396694409428,-0.0005105179354814027,0.04825066316698212,33367,236000000,26.32,0,2,4,-0.9215069619640743,2.207580876960184,4.998987130558908,-0.9215069619640743,2.207580876960184,4.998987130558908,38.91665267944336
-2.9679549523380278,3.3024964829044703,5.0,-3.010991091199808,1.3109853429970009,5.011645818498141,-0.9999927140500466,-0.0007219278396826336,-0.00011887027244084926,-0.003746536650578891,-0.01299577788691111,0.04520735117618583,0.003483018309704193,-0.0022267357735472615,-0.0002285414311131717,0.050907322292914614,33367,597000000,27.47,0,2,4,-1.0498183370216607,2.27311416217756,4.997540553631006,-1.0498183370216607,2.27311416217756,4.997540553631006,39.442991733551025
-3.035555146278904,3.3150569186864494,5.0,-3.0160290843284114,1.3242552075817178,5.012572535929161,-0.9998912337913269,-0.0002903359444835847,-9.860358385172873e-05,-0.014745391470916913,-0.010128890536392689,0.020016746001906394,0.0008592760441928901,-0.0019485951497699716,1.5204382020073126e-05,0.05434691047412343,33367,997000000,28.45,0,2,4,-1.1636150870496897,2.3297208289986755,4.997180262190977,-1.1636150870496897,2.3297208289986755,4.997180262190977,39.953728675842285
-3.1034696536139035,3.3262979929658782,5.0,-3.020134584220918,1.3286269125221484,5.012395838533678,-0.9996349107058278,6.0781820496993386e-05,-0.00010705151265651727,-0.027019070000568857,-0.007790005589322274,0.0027918148119578283,-0.0015015134381346205,-0.0013000751891922846,9.044153870263472e-05,0.0574753026739927,33368,414000000,28.93,0,2,4,-1.2476803848391607,2.370943142852419,4.998436495122306,-1.2476803848391607,2.370943142852419,4.998436495122306,40.49023103713989
-3.171673522805388,3.3362076519872628,5.0,-3.0231463200711364,1.3275418535989782,5.011257483887892,-0.9991788665529537,0.00022323600138455792,-0.00012132694880379943,-0.040515775685696254,-0.005659019262935942,-0.004127246426097418,-0.0033177197997675953,-0.0002591203269730613,8.974920930882035e-05,0.06012655321683269,33368,848000000,28.98,0,2,4,-1.3086835801839651,2.401166367287239,5.001465404510436,-1.3086835801839651,2.401166367287239,5.001465404510436,41.051196575164795
-3.240141363972521,3.344774260432901,5.0,-3.025086784485999,1.325671675811323,5.009534091513714,-0.9985475450444369,0.00023376915907436476,-0.0001348747793070845,-0.05387696582494461,-0.003984512014754349,-0.001498135998518834,-0.0043230426479874805,0.00013024887550727726,6.362811575399974e-05,0.0614666030742228,33369,302000000,28.4,0,2,4,-1.3421673431900247,2.421048236324713,5.005758521460391,-1.3421673431900247,2.421048236324713,5.005758521460391,41.66021800041199
-3.3088473530161293,3.3519866152130127,5.0,-3.026523031740994,1.3263681389464015,5.007760439113522,-0.997807263387823,0.00012776774604386122,-0.00014379896752327796,-0.06618631374962236,-0.002756376196938418,0.007393024548455693,-0.004260782764343399,0.0008994205245471676,-4.0694262537499526e-05,0.061752909095957875,33369,738000000,27.34,0,2,4,-1.3474911313897775,2.436728933017151,5.009813142550827,-1.3474911313897775,2.436728933017151,5.009813142550827,42.241310119628906
-3.3777652361022836,3.357833959354922,5.0,-3.0283827776814976,1.3324128030935223,5.006083841821364,-0.9968221104888773,-0.00011439992742038096,-0.00014717864723587116,-0.07965955869575786,-0.0015854525638261889,0.021693994296943846,-0.0031917362003088617,0.0012295147939767048,-7.715582626133255e-05,0.06076924801163841,33370,140000000,26.21,0,2,4,-1.3377607711220185,2.457019968868202,5.012506236818396,-1.3377607711220185,2.457019968868202,5.012506236818396,42.829535722732544
-3.4468683345128004,3.3623059959848027,5.0,-3.030772612189226,1.3434762106981737,5.005087360001506,-0.9957922034776865,-0.0003510107111658492,-0.00015439774480378526,-0.0916391861916655,-0.0008144805944999521,0.034839119045121617,-0.0016936520262318,0.001171363987850782,-8.160998845596623e-05,0.059082564621348865,33370,583000000,25.16,0,2,4,-1.335409603725833,2.4871800512249664,5.01390869531399,-1.335409603725833,2.4871800512249664,5.01390869531399,43.41404151916504
-3.5855213697497295,3.3670853441910054,5.0,-3.033790143919879,1.3576188226651358,5.004762977994883,-0.9947771986609117,-0.0005410212638751931,-0.0001595208429878846,-0.10206863805029148,-0.0006243536097301752,0.044823887781644194,-0.00023192955886927407,0.0009978770094676293,-0.00014569296666877563,0.05684064781235065,33370,982000000,24.54,0,2,4,-1.3637736788395802,2.5129840748700767,5.013474530987704,-1.3637736788395802,2.5129840748700767,5.013474530987704,43.976139068603516
-3.6550158736733924,3.36737448950702,5.0,-3.038749126879808,1.3782083872873505,5.005011246322068,-0.9935174561141592,-0.0007803058095585019,-0.00016074292027811252,-0.11367686519695563,-0.0018251016276608564,0.05697213293099372,0.0011757466962453499,0.001300148119298683,-0.00014870367692765285,0.05414667830336839,33371,358000000,24.51,0,2,4,-1.422957733749095,2.5378007521028785,5.011548512130182,-1.422957733749095,2.5378007521028785,5.011548512130182,44.583608627319336
-3.724584739516201,3.36625202328831,5.0,-3.050985945276076,1.402132732886462,5.005767629216112,-0.9921608212698756,-0.0006851564943478182,-0.0003273432594494731,-0.12496530776201231,-0.042030851903345115,0.05594715990024779,0.001765049158527935,-0.001571420523305278,0.002337459090995253,0.047681609430583194,33371,771000000,24.86,0,2,4,-1.5116785124358716,2.567765136803564,5.008388111159159,-1.5116785124358716,2.567765136803564,5.008388111159159,45.221794843673706
-3.7941992503107094,3.3637101616261953,5.0,-3.0847540138717378,1.4118680687060063,5.006257890657085,-0.9910674297134061,-0.00023087700086960473,-0.0007553103628530633,-0.1333593864837752,-0.13218591010429404,0.0331860332139891,-0.0005313756042455907,-0.002575693315520766,0.002536703618716274,0.040214920227299444,33372,200000000,25.88,0,2,4,-1.6150131164161303,2.61728333676721,5.004539410822077,-1.6150131164161303,2.61728333676721,5.004539410822077,45.80051064491272
-3.8638303014711917,3.359741666140802,5.0,-3.1639593795694543,1.3964302153379917,5.005228374551486,-0.9897006316597728,0.0003647873309530675,-0.0011940004208929446,-0.14314713055260475,-0.24205840593772895,0.0014842880875786594,-0.004968025737664063,-0.0024824747697493876,0.00253287214491138,0.06305341739789583,33372,582000000,27.05,0,2,4,-1.6883837431211255,2.6861376524558738,5.00152738355611,-1.6883837431211255,2.6861376524558738,5.00152738355611,46.456453800201416
-4.003023714772229,3.347498634375969,5.0,-3.302361380656768,1.348938483004272,5.002243736414171,-0.9869502762452184,0.0008960025392417887,-0.0017175112172354828,-0.16101366263194972,-0.300462452205636,-0.008146702737612052,-0.007238180873491108,-0.0009468917824051459,0.00199912135485647,0.07121818562154658,33373,16000000,27.84,0,2,4,-1.7432882001714296,2.7828535143513204,4.998988589243673,-1.7432882001714296,2.7828535143513204,4.998988589243673,47.173409938812256
-4.07252600064417,3.339212478898365,5.0,-3.403434850971263,1.3130134261642905,5.0001461066374215,-0.9849534216310247,0.0006726848795414748,-0.0019427001055886798,-0.17280778520856388,-0.2724707905168235,0.016334246872963552,-0.005891648849010099,0.004867725147050805,-0.0009021113328344654,0.05342943695723079,33373,528000000,27.36,0,2,4,-1.7788483359559932,2.9208463451317654,4.997050510541421,-1.7788483359559932,2.9208463451317654,4.997050510541421,47.73269200325012
-4.14192469183082,3.3294764801465,5.0,-3.492255832093169,1.2962511006705149,4.998954970885708,-0.9835046008468514,-0.000248970337148918,-0.0017457610219241242,-0.18087451574309965,-0.19864915811291828,0.06358145351097585,-0.0019508520224608718,0.004676375147028011,-0.0023633926275579142,0.03386924945516512,33373,897000000,27.04,0,2,4,-1.8066106953924275,3.021914867722459,4.996482570827718,-1.8066106953924275,3.021914867722459,4.996482570827718,48.27658152580261
-4.211188869122791,3.3182863441177943,5.0,-3.559458724922231,1.3025363695516234,4.999219168694293,-0.9825174049634687,-0.0010337882619718662,-0.001474207946524124,-0.1861620448335558,-0.14064249225642017,0.10073106108388034,0.0019334906198456962,0.0035537371104510385,-0.0021501834226000938,0.027809735365735833,33374,265000000,26.9,0,2,4,-1.86221719495672,3.0904933289755068,4.996556993965829,-1.86221719495672,3.0904933289755068,4.996556993965829,48.81385087966919
-4.280287278212759,3.305638409093179,5.0,-3.6110133640931594,1.3233709463459542,5.000627931755129,-0.9816076550715214,-0.001542207011513374,-0.0012458879233676631,-0.19089913793887342,-0.0990671877210093,0.12037456183681702,0.004882131921409698,0.0018585588463793101,-0.001740525794957648,0.031240552925737575,33374,624000000,27.22,0,2,4,-1.9477468219822922,3.1356017943495034,4.997049590874279,-1.9477468219822922,3.1356017943495034,4.997049590874279,49.36002588272095
-4.349188340051508,3.29152966007783,5.0,-3.6484443442421317,1.3479793070733428,5.002575224998939,-0.9806246422785222,-0.001733251245327063,-0.0010555950158317882,-0.19588566184231915,-0.07212490085237304,0.12223189593777739,0.00659722681202837,-0.00034404012581035204,-0.0014059055729376269,0.037643043833668344,33374,966000000,27.67,0,2,4,-2.0498056407411025,3.163290558316262,4.9977901836582275,-2.0498056407411025,3.163290558316262,4.9977901836582275,49.91423940658569
-4.4862705475593625,3.2589209801061942,5.0,-3.684614707876018,1.3779669880811893,5.0052932676015285,-0.9791254193803005,-0.0016059401641072587,-0.0008238475916496255,-0.20324899841004274,-0.050182388825476834,0.10665610913651061,0.007156270867718138,-0.0016757493654040445,-0.0009920434763444064,0.0459391489130212,33375,271000000,28.07,0,2,4,-2.1472813586723776,3.1797264795869045,4.998653779701423,-2.1472813586723776,3.1797264795869045,4.998653779701423,50.48019981384277
-4.554387011362157,3.2404183821897035,5.0,-3.7151678249540105,1.405709052584714,5.008192690478527,-0.9770881779284137,-0.0012821021360385374,-0.0006082282013293313,-0.212830164274475,-0.034684947407330094,0.08201387935340122,0.006436195839514376,-0.0019246873534939368,-0.0006527491564156662,0.05182687673368491,33375,628000000,28.45,0,2,4,-2.2620496779748906,3.1926470133456823,4.999916185740551,-2.2620496779748906,3.1926470133456823,4.999916185740551,51.0474579334259
-4.622176788304897,3.2204496648906975,5.0,-3.736645708881402,1.4251899632585063,5.010454347850163,-0.9748827876293975,-0.0009226892268037192,-0.0004409638241747666,-0.22271619738903486,-0.025043654669821093,0.05845434915722346,0.004869868489405735,-0.002269615060868091,-0.000382628059014678,0.05474104582390282,33376,35000000,28.75,0,2,4,-2.378079002832778,3.2010171179277846,5.001510757252939,-2.378079002832778,3.2010171179277846,5.001510757252939,51.59074521064758
-4.689606847955658,3.199015261803648,5.0,-3.7504984167278734,1.436540786086073,5.011815448592504,-0.9727306438050687,-0.0005686764870135982,-0.00031693018266575496,-0.23193678182834426,-0.018972031924112464,0.03800709404885501,0.0028963001357543905,-0.002271236485285044,-0.00019889170488340824,0.05692312915925868,33376,400000000,29.05,0,2,4,-2.480909423885553,3.2046484032468827,5.002964429790208,-2.480909423885553,3.2046484032468827,5.002964429790208,52.11638069152832
-4.756643907567153,3.176116338729032,5.0,-3.760424945900055,1.442889389758876,5.01244992962313,-0.9702596017671306,-0.0002267476915831241,-0.00021106081979646078,-0.2420665388224979,-0.014104192935415708,0.01998550627549164,0.0005665623051409418,-0.001760227132763248,-0.00013682370223477847,0.05904925455979537,33376,742000000,29.35,0,2,4,-2.5650637844008455,3.2054458198547056,5.0041818652537255,-2.5650637844008455,3.2054458198547056,5.0041818652537255,52.64919304847717
-4.823254445927119,3.1517548076050006,5.0,-3.766526096214203,1.4449560990024157,5.012251789221102,-0.9675949942965733,3.877305284552768e-06,-0.00013384824039592503,-0.2525072456026346,-0.010468287093895278,0.007971161580249103,-0.0015382547100946235,-0.0009236179380422982,-7.619959134785859e-05,0.06088077716412954,33377,108000000,29.61,0,2,4,-2.643307023829951,3.204808716217642,5.005365708240356,-2.643307023829951,3.204808716217642,5.005365708240356,53.16744589805603
-4.889404717734269,3.125933340311662,5.0,-3.770318438235213,1.4447026639970721,5.01133524542315,-0.9645781323780479,0.0001189807079811942,-9.334372687598971e-05,-0.26379727759894867,-0.007755066760863185,0.0027753654178677466,-0.00307210904715477,-0.0003250963061418588,-2.665058342898874e-05,0.0620618142420426,33377,477000000,29.84,0,2,4,-2.713769705484201,3.203170091011036,5.006405253177899,-2.713769705484201,3.203170091011036,5.006405253177899,53.679582357406616
-4.955060768505769,3.0986553823329843,5.0,-3.7730972903246878,1.4443550201583029,5.009999707995596,-0.9613813361421286,0.000127366792752285,-9.112218217893081e-05,-0.2752197340163369,-0.005835264796589775,0.004789164496776665,-0.0037453859024932194,0.00026123345548967336,6.016422133825472e-05,0.06284785340540111,33377,844000000,29.76,0,2,4,-2.7703253482113963,3.201206572032172,5.007254668621351,-2.7703253482113963,3.201206572032172,5.007254668621351,54.196367025375366
-5.020188450021896,3.0699251662608846,5.0,-3.7765725639486516,1.445958376592561,5.008485037503039,-0.9578363174752405,4.168628029814142e-05,-0.00012481054600557202,-0.28731441246490236,-0.004704867159893805,0.012553203700024069,-0.0036602020327091353,0.000670830610260964,-1.1959901158320463e-05,0.06309858290478587,33378,227000000,29.58,0,2,4,-2.8206729136605557,3.20101519654754,5.007916663123356,-2.8206729136605557,3.20101519654754,5.007916663123356,54.81266188621521
-5.084753436313343,3.039747725125622,5.0,-3.7830492525888593,1.450087577707219,5.007073487447316,-0.9539450056685497,3.6762208215024945e-05,-0.00019398674210994478,-0.29998147805775316,-0.013990828057434974,0.01992902955072534,-0.002937158674382467,-0.0003274013209875193,0.0009363537515127973,0.06307082585408352,33378,628000000,29.25,0,2,4,-2.863045849772458,3.211660309036671,5.008098230081688,-2.863045849772458,3.211660309036671,5.008098230081688,55.38122844696045
-5.212057230359671,2.9750753806135473,5.0,-3.7978285066451383,1.449704396009714,5.006031001689961,-0.9499273415439605,0.00039673073878686993,-0.00039525933035597756,-0.31247037005451583,-0.05355354124466867,0.016245007583757815,-0.0021260664956220506,-0.002061475856862671,0.0021414078673842596,0.06139301767689176,33379,38000000,28.98,0,2,4,-2.9000371258245563,3.2515967302330666,5.007508051714875,-2.9000371258245563,3.2515967302330666,5.007508051714875,55.938005685806274
-5.274726649010381,2.9405946627005166,5.0,-3.822718689331155,1.4387892535014308,5.005402218443475,-0.9462501180096741,0.00044865405683780957,-0.0006816758043463838,-0.32343476652072,-0.07027045179086136,0.02492204440315127,-0.0011951883827357869,0.0028889978011648054,4.5040981788702084e-05,0.06033774116076529,33379,472000000,28.87,0,2,4,-2.937020266288225,3.3204657213181172,5.00632706662894,-2.937020266288225,3.3204657213181172,5.00632706662894,56.43041968345642
-5.3366946300784015,2.9046951158287793,5.0,-3.8562196655804915,1.434918665627687,5.005264639497856,-0.9417733432328508,-0.00017534588900999196,-0.000737944609263954,-0.33624751994266316,-0.053968099201311084,0.05184047874685208,0.00040401996360591406,0.002468551110723638,-0.0009555526389704028,0.05708552744181361,33379,854000000,28.86,0,2,4,-2.974987815471483,3.3975357917501334,5.00503900996832,-2.974987815471483,3.3975357917501334,5.00503900996832,57.0009183883667
-5.397926217987752,2.8673859679266163,5.0,-3.8819790300395907,1.44005548172143,5.0056264034923315,-0.938504669681881,-0.0005633475064687485,-0.0007247546331273613,-0.34526532168118484,-0.04364350434066881,0.06744081191541701,0.001353159970009875,0.0019226434915253776,-0.0007556979426226462,0.05584525933954865,33380,301000000,28.86,0,2,4,-3.027534736084188,3.5021091107762565,5.003328333032387,-3.027534736084188,3.5021091107762565,5.003328333032387,57.52946448326111
-5.458386386995352,2.82867732274762,5.0,-3.909892912143293,1.4507557011075087,5.006298976345766,-0.9350106310524073,-0.0008300480375971708,-0.0007094936266474119,-0.35461800216293016,-0.03493284604008018,0.07641724667630509,0.001954106005086827,0.0008358633806437865,-0.0005915591259508801,0.05505878616531845,33380,646000000,28.8,0,2,4,-3.068773475340479,3.5798589740674007,5.001998329477293,-3.068773475340479,3.5798589740674007,5.001998329477293,58.0339937210083
-5.518040061101152,2.7885801715016205,5.0,-3.9354698280521916,1.4631307666419564,5.007080196174405,-0.9316401225163515,-0.0009443490848145789,-0.0006690820091900598,-0.36338043790466784,-0.02838264585249205,0.07692913738748283,0.0021540516911886503,0.00024073548274827772,-0.0004527690208533386,0.056030935593298636,33381,3000000,28.21,0,2,4,-3.102374396759023,3.6401968122685413,5.000568791506216,-3.102374396759023,3.6401968122685413,5.000568791506216,58.52156329154968
-5.576852134532016,2.7471064041681794,5.0,-3.9593095260123827,1.4757999923295961,5.00785658225434,-0.9280983541833461,-0.0009710947652425265,-0.0006218260613169737,-0.37233333891752235,-0.02329753748058266,0.07235546781722477,0.001962232533800335,-0.00017293515242045032,-0.00031598972043411777,0.05709219949494582,33381,342000000,27.25,0,2,4,-3.1250507077437133,3.6737897197498923,4.999753400983135,-3.1250507077437133,3.6737897197498923,4.999753400983135,59.03710174560547
-5.634787492801395,2.704268820472575,5.0,-3.9808152588215866,1.487536434469483,5.008503576827599,-0.9244290841797622,-0.0009371067633609681,-0.0005723062911163229,-0.38135241263035075,-0.019302938312817985,0.06512678470274605,0.0014568492879112607,-0.000451260282829935,-0.00020799152906647578,0.05728487631131429,33381,681000000,26.06,0,2,4,-3.1424696721802743,3.6930594872076377,4.999460562094428,-3.1424696721802743,3.6930594872076377,4.999460562094428,59.56918001174927
-5.691811034346381,2.660081140503768,5.0,-4.000923326021944,1.4984785191937027,5.008948468252836,-0.9204688192695194,-0.0008673950350019552,-0.000527083070291621,-0.39081469082145187,-0.01615176490292327,0.05739686805119494,0.0007443334049474201,-0.0004580394232789331,-5.648894543242022e-05,0.05627727623505052,33382,18000000,24.83,0,2,4,-3.1596242741474496,3.7037756558225285,4.999746123794936,-3.1596242741474496,3.7037756558225285,4.999746123794936,60.07956409454346
-5.747887692743202,2.6145580149533583,5.0,-4.017852623409436,1.5074522216505857,5.009126931570013,-0.9167348697453499,-0.0008051543985660894,-0.0005073237779225975,-0.39949502242450396,-0.014235912859426787,0.051735285252566564,0.00012760393361020431,-0.00029913823311744636,6.685223841174093e-06,0.05444683883979451,33382,377000000,23.64,0,2,4,-3.1823465390420984,3.7056910918493116,5.00115657412046,-3.1823465390420984,3.7056910918493116,5.00115657412046,60.5722861289978
-5.802982459501712,2.567715034954065,5.0,-4.033446533778304,1.5154379307250188,5.0091137865735105,-0.9130608913493596,-0.0007623820729784647,-0.0005002738681032875,-0.40782223724062,-0.013056361515349762,0.048326817580738576,-0.0003622835693146561,-0.00018531453065406822,1.892220797827804e-05,0.0522841073689051,33382,733000000,22.58,0,2,4,-3.207099085388232,3.6966150461708116,5.003762892363002,-3.207099085388232,3.6966150461708116,5.003762892363002,61.060587644577026
-5.857060407438873,2.519568741495847,5.0,-4.049326766119128,1.523301982474586,5.008936460875097,-0.9092554442800636,-0.0007555445266008579,-0.0005100924614536849,-0.4162375595801191,-0.012674970255294026,0.04744272936734756,-0.0007726678108244075,0.00023375123703317513,1.8256693223861475e-05,0.05023733356210869,33383,76000000,21.5,0,2,4,-3.231026074853017,3.6770488175343456,5.00739612367343,-3.231026074853017,3.6770488175343456,5.00739612367343,61.57619571685791
-5.910086714630622,2.4701366343972957,5.0,-4.0646049118012995,1.5305162688599068,5.008656467912056,-0.9057300020582086,-0.0007923804411444374,-0.0005418155411787525,-0.42385403376727804,-0.013374647707191803,0.049161650241909806,-0.000994704013250871,0.0003640773797997099,7.530028796054467e-05,0.04812436272914056,33383,418000000,20.2,0,2,4,-3.250729568369849,3.6471813083263727,5.012042327771037,-3.250729568369849,3.6471813083263727,5.012042327771037,62.1108033657074
-5.962026688940954,2.4194371808094957,5.0,-4.080981328508295,1.5377748316719795,5.008344498619498,-0.9023012036099726,-0.0008423396908500841,-0.0005873616887004979,-0.431104956401671,-0.01487408711915271,0.052696600769622945,-0.0009994495939869002,0.00045694436607846,2.2719804526616372e-05,0.04600402680807747,33383,769000000,18.74,0,2,4,-3.260485824016207,3.613797483683668,5.0169095868431395,-3.260485824016207,3.613797483683668,5.0169095868431395,62.618942737579346
-6.012845793126372,2.367489823229123,5.0,-4.098946409933465,1.5451654508665638,5.008056241852338,-0.898982093758556,-0.0009109267121981973,-0.0006249740864435659,-0.4379839891153546,-0.016981537393188813,0.05725293132336251,-0.0009876934334835477,0.0005273438205222192,-8.159564970355859e-05,0.04333585311542265,33384,107000000,17.02,0,2,4,-3.2599247804504774,3.579138673436648,5.022029421621713,-3.2599247804504774,3.579138673436648,5.022029421621713,63.09850478172302
-6.062509670513252,2.314314986997085,5.0,-4.118824524564491,1.5526586788478647,5.007758255346767,-0.8958347550514256,-0.000993133231681989,-0.0006581674738751971,-0.4443857245050886,-0.019597361993954145,0.06237621731004822,-0.0009995617832982908,0.0005863935029992717,-4.157684401207007e-05,0.039985752300708555,33384,455000000,15.05,0,2,4,-3.2492009571996543,3.5463984267376576,5.0271682476009785,-3.2492009571996543,3.5463984267376576,5.0271682476009785,63.59419059753418
-6.110984171244919,2.259934087258609,5.0,-4.142166920112859,1.560629913402295,5.007484336359048,-0.8927653609542159,-0.001084473752343902,-0.0007074012242026253,-0.45052007034146313,-0.02267289997126703,0.06776801504423449,-0.0008170845167664084,0.0006237344734927319,-6.167712314208984e-05,0.035604278673417866,33384,795000000,12.91,0,2,4,-3.2297801694952004,3.5177016730859334,5.032163470480763,-3.2297801694952004,3.5177016730859334,5.032163470480763,64.10977125167847
-6.158235379094583,2.204369535360273,5.0,-4.167725064574051,1.568449966597408,5.007306721157559,-0.8900353603190831,-0.0011734143443604076,-0.0007465448203646537,-0.45588937600177437,-0.02589030466306424,0.0723779056895643,-0.0005749772872738968,0.0004833313994367927,-7.298949498135698e-05,0.03073156258324161,33385,139000000,10.53,0,2,4,-3.2018905511061257,3.4931843488003573,5.037218336205028,-3.2018905511061257,3.4931843488003573,5.037218336205028,64.63413333892822
-6.204229638839507,2.147644744659009,5.0,-4.195233801104512,1.5758729922478303,5.007231932108446,-0.887684459534081,-0.001218794558179856,-0.0007651966136473837,-0.46045002911896293,-0.029100366345370922,0.07553701331255268,-0.00019453809185788085,4.932925143918965e-05,-5.193381369394956e-05,0.025483788158453535,33385,502000000,8.16,0,2,4,-3.1688404760813595,3.4753801425180946,5.0419686753736785,-3.1688404760813595,3.4753801425180946,5.0419686753736785,65.12620711326599
-6.24893358419099,2.0897841357178186,5.0,-4.222455029780019,1.5822345209212392,5.007319892547043,-0.8858660645426486,-0.0012185757204741595,-0.0007598724392845007,-0.4639388465722712,-0.03172067701951599,0.07674949541843122,0.0001849077064294197,-9.176059236892797e-05,-9.503995883619609e-05,0.019870769028784707,33385,860000000,5.9,0,2,4,-3.1327775358703325,3.464382910151221,5.046264194409076,-3.1327775358703325,3.464382910151221,5.046264194409076,65.61573791503906
-6.2923141662739965,2.030813140862436,5.0,-4.253587475986003,1.5884365745576465,5.007512199344083,-0.8843859313456078,-0.0012019216513686113,-0.0007390821090363567,-0.46675425394948633,-0.03417335551512336,0.07642570506422504,0.00031335221867813303,-0.00016423457225300808,-2.0957451773995217e-05,0.012795388010999886,33386,207000000,3.95,0,2,4,-3.0973824619654886,3.460000885328621,5.0497082033622736,-3.0973824619654886,3.460000885328621,5.0497082033622736,66.17743039131165
-6.3343386826493955,1.9707582080728947,5.0,-4.281679282336684,1.593079007290618,5.007693855221711,-0.8835553512424543,-0.0011829565412533305,-0.0007325838620202544,-0.46832467928300486,-0.03618282332583973,0.07551477620303335,0.0003170787647629226,-6.632029467823486e-05,1.8194581663522058e-05,0.007412504328385694,33386,590000000,2.13,0,2,4,-3.057296933415165,3.461233959209761,5.052582447701975,-3.057296933415165,3.461233959209761,5.052582447701975,66.70038890838623
-6.374974806870911,1.9096468041835581,5.0,-4.309857392810858,1.5968957366660712,5.007874855788419,-0.8831533507821795,-0.0011589522805750753,-0.0007193530643746836,-0.46908240039782834,-0.038087382230146884,0.07414455338403939,0.00032101030158822867,-0.0003365765564922185,-9.644861691526785e-05,0.001997084882532363,33386,932000000,1.21,0,2,4,-3.0215454919214624,3.467581342201485,5.054113747622367,-3.0215454919214624,3.467581342201485,5.054113747622367,67.19248700141907
-6.414190618568051,1.847507417364816,5.0,-4.33959257766971,1.5999752206962725,5.008064310532191,-0.8831959890717425,-0.0011292153000460915,-0.0006763344708243106,-0.46900225194776657,-0.04034752263692715,0.07244955668520313,0.00032700572243764785,-0.00018598094158051026,-0.0001345015121501092,-0.003412368369026808,33387,267000000,1.58,0,2,4,-2.9864147383592283,3.47911508259312,5.054509527185052,-2.9864147383592283,3.47911508259312,5.054509527185052,67.67953658103943
-6.4519546340452365,1.7843695588594015,5.0,-4.367756313583725,1.6019533585188999,5.00823460060732,-0.8836291559465703,-0.001127638737684978,-0.0006548739340880062,-0.46818566224539526,-0.04307048124940367,0.07142749169592605,0.0002456547463067316,8.32597258693113e-05,-3.42618157844754e-05,-0.008083292777882889,33387,623000000,2.39,0,2,4,-2.9528891406080127,3.4962338630317666,5.053375951025674,-2.9528891406080127,3.4962338630317666,5.053375951025674,68.20449447631836
-6.488235837386567,1.720263763945857,5.0,-4.396281121064168,1.6030159829839667,5.00834764999241,-0.8844182422345692,-0.001131993363755033,-0.0006575828533590631,-0.4666933243346533,-0.04624104366733604,0.07081416583262708,6.530237904324595e-06,-6.513176202815885e-05,7.7685758270718e-05,-0.012032570884912275,33387,974000000,2.98,0,2,4,-2.929553383493179,3.5130077396451704,5.050663308932777,-2.929553383493179,3.5130077396451704,5.050663308932777,68.68928861618042
-6.523003712054525,1.6552215921015208,5.0,-4.427032506134606,1.603144888869203,5.008359896017956,-0.8855574730910319,-0.001119812512206411,-0.000667879402649865,-0.4645279989512655,-0.05005463528805829,0.07056246966500032,-0.0002979424431655461,-6.8032059097333786e-06,0.00010329216948434805,-0.015215797247947194,33388,308000000,3.36,0,2,4,-2.9167465039050007,3.524097148459706,5.0462144323951925,-2.9167465039050007,3.524097148459706,5.0462144323951925,69.16163086891174
-6.55622827296996,1.5892756263370473,5.0,-4.456842013069288,1.6023162685132808,5.008282887093393,-0.8868395339762241,-0.0011331541749895098,-0.0006948007984812544,-0.4620756152301264,-0.054098374171501554,0.07067554148840409,-0.0005268479263253435,0.00036515400552161736,0.00020693592119869209,-0.017640815713093616,33388,668000000,3.96,0,2,4,-2.923214521173709,3.491155544458038,5.037231672748344,-2.923214521173709,3.491155544458038,5.037231672748344,69.68260312080383
-6.587880099059713,1.5224594716742677,5.0,-4.487512787082681,1.600507159406058,5.0081395433061555,-0.888287479129862,-0.0011660107436873646,-0.0007512724644829263,-0.4592857829606144,-0.05844848794299988,0.0706278660772737,-0.0007119449659576522,0.0002840169258888636,0.00022500591114749113,-0.019173916189174633,33389,13000000,4.15,0,2,4,-3.0286871528941934,3.3599831105955547,5.018289893643279,-3.0286871528941934,3.3599831105955547,5.018289893643279,70.14645862579346
-6.617930366256996,1.4548077527390042,5.0,-4.524645441442419,1.5970165913669014,5.007918317060108,-0.8901165558425409,-0.001207266115204549,-0.000815310952417439,-0.45573061647380075,-0.06357755312007474,0.07029818647265933,-0.0007676695953546188,0.0003730763410203508,0.0002372530417460439,-0.021134498638275545,33389,345000000,3.97,0,2,4,-3.2531861160695916,3.110070644448032,4.995252748406191,-3.2531861160695916,3.110070644448032,4.995252748406191,70.73789811134338
-6.6463508809387175,1.3863561104401976,5.0,-4.5625005961324945,1.5903191507875791,5.007704673808263,-0.8921271125271619,-0.0012429950178336983,-0.001020571808835846,-0.45178161592800237,-0.09343543781776584,0.0701125180116246,-0.0009543751258846662,0.0009547064109938219,0.0023258816781890346,-0.027433861941972282,33389,738000000,3.6,0,2,4,-3.6215210195520835,2.7059861618052645,4.97683340777464,-3.6215210195520835,2.7059861618052645,4.97683340777464,71.3261649608612
-6.673114113782642,1.3171411977066247,5.0,-4.780341864313606,1.3746801618538136,5.020669793301079,-0.9160882264168184,0.01929938421474975,-0.04093046603394465,-0.3984151002907186,-0.8764613833520551,6.401643598094478e-05,-0.03375141017793675,-0.005707610807803576,0.06323718662315514,-0.1572454915731214,33390,136000000,2.99,0,2,4,-4.04264007615249,2.245329820997971,4.97674516299971,-4.04264007615249,2.245329820997971,4.97674516299971,72.05347180366516
-6.721562144107404,1.1765732003413591,5.0,-5.0762544709558926,1.0689257453601548,5.0416757539932835,-0.9263168139078,0.015729639763531915,-0.03595879547605016,-0.37469548133454117,-0.7863386645981206,-0.008299329751500233,-0.02644179115090308,0.0028398095309967175,-0.04345651286712382,-0.08914719728636555,33390,665000000,12.91,0,2,4,-4.5255887960907275,1.7871273618040617,5.029903722550149,-4.5255887960907275,1.7871273618040617,5.029903722550149,72.76771950721741
-6.74319551466748,1.1052984295239994,5.0,-5.361613545386543,0.8024571196696646,5.056514505862021,-0.9350511453332746,0.010323118824028388,-0.02741207236779304,-0.3533006752288755,-0.7061365100022063,0.0044913260658401965,-0.021130841417377384,0.005035031244915444,-0.032235764956567436,-0.08895907376427203,33391,185000000,29.36,0,2,4,-4.810572727080167,1.7082239473565646,5.207556941644948,-4.810572727080167,1.7082239473565646,5.207556941644948,73.51670336723328
-6.781158373172982,0.9609705267747856,5.0,-5.672717331460141,0.5516342875825841,5.063652058832096,-0.9397609224760317,0.00559253215244811,-0.020232365282113998,-0.3411873144860649,-0.635572582609693,0.032666864017460565,-0.022283522145060058,0.00575735771235486,-0.024712993217690382,0.012710070313914912,33391,716000000,26.87,0,2,4,-4.981732746190371,1.6656828694137924,5.171961446084147,-4.981732746190371,1.6656828694137924,5.171961446084147,74.27961087226868
-6.797441363051352,0.8880015879993646,5.0,-5.9564115452903925,0.34677904357396216,5.063056957472067,-0.9306216320956436,0.0015818238281390265,-0.012319078699133346,-0.36577194535532886,-0.6170506618947909,0.08232946385806256,-0.021468907105727932,0.0037388999544418766,-0.040587668991065584,0.19017273443751037,33392,308000000,21.09,0,2,4,-5.068203191344707,1.611084244246684,4.888154939039813,-5.068203191344707,1.611084244246684,4.888154939039813,75.04517126083374
-6.824501000073965,0.7406713850157627,5.0,-6.221725152882679,0.1093818954575626,5.0515099351528345,-0.906947082997169,0.004012568267171782,-0.005521126080736344,-0.4211892746801943,-0.5047840634796976,-0.05285404217799035,-0.04222345684442002,-0.020187122390780132,0.006428219603549223,0.19426897051744163,33392,876000000,21.87,0,2,4,-5.005973649510129,1.4887783926132583,4.461108152044637,-5.005973649510129,1.4887783926132583,4.461108152044637,75.82577919960022
-6.835236727174377,0.6663999931584091,5.0,-6.307423869632309,-0.08327978182674646,5.033718412743756,-0.8898453473873009,0.008039519445981202,-0.006949653196314794,-0.45613849451751204,-0.43362260265148656,-0.1670191369870774,-0.047240178167859054,-0.0051850634463335155,0.023635094294149894,0.13287705078255385,33393,494000000,31.39,0,2,4,-4.80086226591283,1.3774313637714026,3.897446060954583,-4.80086226591283,1.3774313637714026,3.897446060954583,76.44605875015259
-6.851025303291818,0.5168761650432264,5.0,-6.330385633185678,-0.24640246819207448,5.021460917880085,-0.8794762331799908,0.010027366029843167,-0.009452255812421336,-0.4757432732704629,-0.38086962080813713,-0.23096513968923152,-0.046475035489717306,0.0022874660544403014,0.003509024668346683,0.1234827606822364,33393,934000000,37.61,0,2,4,-4.628063568656308,1.3078485728326357,3.4372983203547944,-4.628063568656308,1.3078485728326357,3.4372983203547944,76.99764084815979
-6.856043471467056,0.44171901599366026,5.0,-6.321024826357608,-0.40251037120349636,5.008134418182396,-0.8680486866543857,0.009568549707027958,-0.00898778416658109,-0.49630549079158404,-0.33242081730013884,-0.2645471128174653,-0.04936609323489855,0.003818533514277078,-0.004520020229392685,0.14575273380614817,33394,290000000,41.69,0,2,4,-4.493915355877579,1.2631277568780066,3.0208488173909647,-4.493915355877579,1.2631277568780066,3.0208488173909647,77.52034163475037
-6.859122968711804,0.366363343942322,5.0,-6.290145377905088,-0.5502424695354433,4.993586819652091,-0.8539341513567713,0.008949996158124293,-0.008527571688006191,-0.5202342195938923,-0.3053375324220796,-0.27939812846939616,-0.05041581579533394,0.0038255035178735852,-0.0009952204834462464,0.16097675106721,33394,657000000,46.02,0,2,4,-4.393286967063303,1.2376325155242514,2.5446903406394705,-4.393286967063303,1.2376325155242514,2.5446903406394705,78.00768303871155
-6.860249304751699,0.2908589257138678,5.0,-6.244531398623495,-0.6913136831390431,4.97871129506161,-0.8384439709179676,0.008582321531428048,-0.008759791836162309,-0.5448498118155389,-0.2923707569050431,-0.2867189178719138,-0.04844118717177231,0.005632514375975006,0.001858050643477327,0.15781733382027596,33395,14000000,49.05,0,2,4,-4.345834784375925,1.2429108777070947,2.1343955768678393,-4.345834784375925,1.2429108777070947,2.1343955768678393,78.53627324104309
-6.85940919637302,0.2152563534425758,5.0,-6.1879467185548656,-0.8275394850628085,4.9652353548401384,-0.8231309058371004,0.008045610573665096,-0.009541642321469656,-0.567714485518998,-0.2875538162139494,-0.29083207343648854,-0.04166978825542168,0.008866481948643923,0.002729208654272952,0.14535266382154077,33395,374000000,51.6,0,2,4,-4.328996890053535,1.261822721471705,1.724924204976032,-4.328996890053535,1.261822721471705,1.724924204976032,79.07370615005493
-6.856590604617711,0.1396070113204253,5.0,-6.119367023020533,-0.9672752827101424,4.954246849227724,-0.8078419056556239,0.0071191646849142615,-0.010775889318026421,-0.5892577137130108,-0.28657059364366394,-0.29148367896314986,-0.03043142132649181,0.01072494669642765,0.002508067541384662,0.13179965608287603,33395,736000000,53.65,0,2,4,-4.3357365082547465,1.2839611113326128,1.3337617523699037,-4.3357365082547465,1.2839611113326128,1.3337617523699037,79.5734589099884
-6.8517827719018864,0.06396305092467663,5.0,-6.048418009689885,-1.0958961853416533,4.947897057502945,-0.7942485354101372,0.005930485171226804,-0.012178720848677334,-0.6074419907307822,-0.2856423516007546,-0.2879748882880827,-0.017888503371646103,0.013005918754060986,0.0020059926328030997,0.11902502592420205,33396,100000000,55.51,0,2,4,-4.35745496770622,1.305634202913123,0.9194498109471307,-4.35745496770622,1.305634202913123,0.9194498109471307,80.0808494091034
-6.844976259014825,-0.01162263489980088,5.0,-5.9737332120445625,-1.2199942939532857,4.945727681980348,-0.7818035769254175,0.004491430816368566,-0.013766130197685368,-0.6233566297194768,-0.28143304400329455,-0.2802673834730775,-0.005315035617156105,0.014039926736586494,0.0015753293496345577,0.1027493977744598,33396,466000000,57.03,0,2,4,-4.389282518133023,1.3215584567340868,0.5330948335549723,-4.389282518133023,1.3215584567340868,0.5330948335549723,80.62678623199463
-6.836162981953649,-0.08709643962752353,5.0,-5.897301961943979,-1.3380172580025262,4.947401271973144,-0.7711431116498078,0.002915734095130515,-0.01548172210425728,-0.636466901048613,-0.2717613738219146,-0.2691412601213107,0.005691721085134134,0.01477475716455956,0.001398202164182294,0.08211302265408449,33396,828000000,58.1,0,2,4,-4.456245516913808,1.2796184742727914,0.3037511053409398,-4.456245516913808,1.2796184742727914,0.3037511053409398,81.14083743095398
-6.825336248547242,-0.1624040721318142,5.0,-5.820827186406632,-1.4483675825861517,4.952060894130927,-0.7628167216936949,0.00128881195351019,-0.017283478594523234,-0.6463824482733928,-0.2561815212593079,-0.2560980235254197,0.01404721690688066,0.014707136506331153,0.0013742115811510303,0.05901068034290802,33397,193000000,58.43,0,2,4,-4.576617255999326,1.1347030136483485,0.3862892036001562,-4.576617255999326,1.1347030136483485,0.3862892036001562,81.62605619430542
-6.81249079482118,-0.23749058727900846,5.0,-5.745794363972087,-1.5496037582953228,4.95866901993757,-0.7571826090958804,-0.0003039944062026116,-0.01908974655071301,-0.6529241806264994,-0.23476991079426007,-0.24143953979488328,0.019333062533471536,0.013704130014957627,0.0014646404565610283,0.03501321480143815,33397,545000000,58.02,0,2,4,-4.7504709436403045,0.9260063796134266,0.7110407944838377,-4.7504709436403045,0.9260063796134266,0.7110407944838377,82.17019128799438
-6.797622821053677,-0.3123004180587462,5.0,-5.673636180724911,-1.6405724994307649,4.966143453400331,-0.7542222582516152,-0.0017704173121367867,-0.02076241274907767,-0.656288483060012,-0.20914813470095264,-0.22550453035349033,0.021731714320697402,0.012008893190795789,0.0011529610446814331,0.013750966536463238,33397,902000000,57.61,0,2,4,-4.9485133792895475,0.6978238828914954,1.0556632016194194,-4.9485133792895475,0.6978238828914954,1.0556632016194194,82.696608543396
-6.780730027470835,-0.38677740927057114,5.0,-5.6054648677881875,-1.7207557567562786,4.973643839891348,-0.7535270750606263,-0.0031181168565020036,-0.022194084704104375,-0.6570347381242435,-0.1813762828554904,-0.20893804937966753,0.022002250074861,0.010498444680706598,0.0007957394984714483,-0.002622033321131312,33398,269000000,57.44,0,2,4,-5.135743911590023,0.4967101499606606,1.313989183606467,-5.135743911590023,0.4967101499606606,1.313989183606467,83.20135474205017
-6.761811649527623,-0.46086485278605455,5.0,-5.5418941145020115,-1.7900879908236957,4.98058132494713,-0.7545269088178238,-0.004385844123103676,-0.023411889247236636,-0.6558367111431184,-0.15327364827590445,-0.1924858955100931,0.02073340384674113,0.009185772341879783,0.00033740556091288454,-0.014223614834918408,33398,619000000,55.82,0,2,4,-5.228753429395696,0.45621610401372265,1.5090329721552762,-5.228753429395696,0.45621610401372265,1.5090329721552762,83.72963571548462
-6.740868492719295,-0.53450552440425,5.0,-5.486064542608154,-1.8462104793703984,4.986271641046965,-0.7564992750254926,-0.005525991938038145,-0.024385338181036338,-0.6535163850897703,-0.12851744052407157,-0.1784961045136423,0.018664222970683306,0.008647713366372045,0.00022565788384554253,-0.02124411203112686,33398,986000000,53.37,0,2,4,-5.259532074431162,0.520942302901102,1.6486508604317012,-5.259532074431162,0.520942302901102,1.6486508604317012,84.26605749130249
-6.717902966866081,-0.6076417223171494,5.0,-5.430874769485134,-1.8967344819213998,4.9911799405990775,-0.7592250799205404,-0.006621650995208219,-0.025247911038026066,-0.6503045246236276,-0.10538967504799471,-0.1660014964036933,0.016098005511920175,0.006504622569991625,-0.00015188153810186122,-0.02416676052234834,33399,330000000,49.95,0,2,4,-5.250177345460341,0.6434354749048251,1.8324868080569439,-5.250177345460341,0.6434354749048251,1.8324868080569439,84.82451677322388
-6.692919119812252,-0.6802153072003038,5.0,-5.376044805415191,-1.9420370917397203,4.995186996544011,-0.7621584129748568,-0.007501982955954679,-0.02576805602749581,-0.6468340444595816,-0.08676421736505137,-0.15661968314092625,0.013598845791292854,0.0035313604939801735,-0.0008673208981235803,-0.021971530622977298,33399,697000000,43.61,0,2,4,-5.20289145483261,0.8322775245816765,2.236209956364468,-5.20289145483261,0.8322775245816765,2.236209956364468,85.3804030418396
-6.636921041207126,-0.8234401450252024,5.0,-5.326113810269836,-1.9796134202230757,4.998042177006114,-0.7644794974027457,-0.008027283406809282,-0.025823357134122572,-0.6440805966633955,-0.07489087858819994,-0.15158789388610466,0.011661129436066437,0.0006180756258800102,-0.0018564954984867654,-0.016522923215234187,33400,69000000,35.34,0,2,4,-5.1498054043079415,0.9939653978579576,2.796980301269811,-5.1498054043079415,0.9939653978579576,2.796980301269811,85.92118644714355
-6.605923389329609,-0.8939733155664553,5.0,-5.276543070733036,-2.0145406611289203,5.000232227625044,-0.7657207909312576,-0.00805264449817249,-0.02522305041458647,-0.642627903984863,-0.07283299502783643,-0.15615636910256867,0.010379453654798941,-0.005498156269823085,-0.003419244967517443,0.0004987836206282736,33400,423000000,25.4,0,2,4,-5.11128707449277,1.1075825497739569,3.458042479069953,-5.11128707449277,1.1075825497739569,3.458042479069953,86.46746110916138
-6.572940637900542,-0.9637078000306676,5.0,-5.223734582330339,-2.051369836433834,5.002016234827915,-0.7646029678288471,-0.007470422809216372,-0.023796631105783443,-0.6440187999727847,-0.07918832112658515,-0.16712563926824128,0.009558332899790422,-0.01049546553986147,-0.005744890995629248,0.02170997267967323,33400,790000000,15.13,0,2,4,-5.107629910441775,1.1759351253299046,4.137304976419937,-5.107629910441775,1.1759351253299046,4.137304976419937,86.99883008003235
-6.5379855055198695,-1.0325839306182591,5.0,-5.164413991881358,-2.0933887439788283,5.003702930143969,-0.7607859488008281,-0.006330688838689632,-0.021285030513260316,-0.6486228564906581,-0.087982303828511,-0.1757641475281749,0.008788443165755888,-0.015319027625082526,-0.008508113933203276,0.04157755938649643,33401,140000000,8.64,0,2,4,-5.140650244551982,1.2086562134056387,4.774163475794658,-5.140650244551982,1.2086562134056387,4.774163475794658,87.53519225120544
-6.501072535179841,-1.100541877335473,5.0,-5.10588517012296,-2.1358677923716516,5.0052719582660075,-0.7551841536889852,-0.004918897339591107,-0.018051670615718638,-0.6552456300151839,-0.09700561548797385,-0.17949082186597234,0.007989573800731379,-0.02006920531130163,-0.011333827569615096,0.05488268034241628,33401,519000000,12.21,0,2,4,-5.198851788283438,1.208661783958371,5.355852086464242,-5.198851788283438,1.208661783958371,5.355852086464242,88.07278275489807
-6.462218122063195,-1.1675216997484856,5.0,-5.049852997032131,-2.1780284004699633,5.006807541191702,-0.748592679484222,-0.0033425638525292753,-0.014185189770909792,-0.6628699781108568,-0.10566188865835184,-0.178139668652177,0.00713799317729794,-0.025089948758250102,-0.013145373395673232,0.06285414565354586,33401,882000000,18.21,0,2,4,-5.269249991117384,1.168501102125432,5.7968866062597275,-5.269249991117384,1.168501102125432,5.7968866062597275,88.60310053825378
-6.421440540219725,-1.2334634004219198,5.0,-4.988107330690964,-2.226921684906088,5.008649188402531,-0.7403126102433096,-0.0012991059459418431,-0.009202539774015684,-0.6721985307185566,-0.11473645804633523,-0.17185311633209904,0.0061447607291485375,-0.026609893939166795,-0.013187064541853033,0.06733387490385212,33402,237000000,23.0,0,2,4,-5.350890265954004,1.0914508242880319,6.115950460194281,-5.350890265954004,1.0914508242880319,6.115950460194281,89.1314971446991
-6.378759968046356,-1.298306980039814,5.0,-4.9344664888653895,-2.2719244900311897,5.010410539562533,-0.7324685990618769,0.0005453748209593569,-0.00475762979940535,-0.6807839737488888,-0.12237618470815448,-0.1648196493797402,0.005256676339252658,-0.026042618628707714,-0.011954331421293318,0.06882936504553072,33402,607000000,25.99,0,2,4,-5.44109086402559,0.9800795464102812,6.296940100682178,-5.44109086402559,0.9800795464102812,6.296940100682178,89.64373683929443
-6.334198512494224,-1.3619924942046309,5.0,-4.87941413020732,-2.320832076878572,5.012281852294979,-0.7239617352467881,0.0024032002819780116,-0.0003040498218076662,-0.6898358776408849,-0.13006173710835997,-0.15669148508995998,0.004020546288854744,-0.023456891540263314,-0.010394124547019601,0.06855297251604497,33402,939000000,27.3,0,2,4,-5.531102527199911,0.8467318796278068,6.333053870829336,-5.531102527199911,0.8467318796278068,6.333053870829336,90.15224695205688
-6.287780231924655,-1.4244601119072358,5.0,-4.826223370377499,-2.370897794074667,5.013956079257064,-0.7153926286329286,0.004018119566971333,0.0036084062526445535,-0.6987018112307495,-0.13734525673898815,-0.14904855495341862,0.0026210162881562006,-0.0202460174477892,-0.008245431581599405,0.06875647959532216,33403,297000000,27.11,0,2,4,-5.625224839028368,0.6850323473414773,6.22906859154932,-5.625224839028368,0.6850323473414773,6.22906859154932,90.6837146282196
-6.239531157534259,-1.4856501756582063,5.0,-4.768602746438897,-2.428012594013663,5.015466646801747,-0.7056082037426087,0.005508936687992303,0.007163578955716425,-0.708544562864074,-0.14528876650913913,-0.142248909737768,0.0009221066886044153,-0.016063575094449334,-0.005788867429146194,0.07069994899211451,33403,677000000,25.35,0,2,4,-5.713158086105799,0.5112734200126049,5.9745477174739,-5.713158086105799,0.5112734200126049,5.9745477174739,91.21474194526672
-6.189479313267984,-1.5455032632678436,5.0,-4.714575071416797,-2.483632125893399,5.0163665371868085,-0.6958266183370667,0.006587316157566516,0.009702953471514989,-0.7181140418995939,-0.15226917002555276,-0.13725432668592352,-0.0010975985389632063,-0.011609416833380237,-0.0034320326449233107,0.07425470976158977,33404,64000000,22.85,0,2,4,-5.788793117198362,0.3624634959462685,5.630579686226645,-5.788793117198362,0.3624634959462685,5.630579686226645,91.74968457221985
-6.137654734137321,-1.603960251259457,5.0,-4.65773864895732,-2.5432295370758506,5.016523956790974,-0.6847672231382318,0.007290905068267324,0.011334040010518716,-0.7286372433219979,-0.15812386414484064,-0.13267332663392856,-0.0034355998265704775,-0.005759203850175254,-0.0007090779945428949,0.07924982928670943,33404,445000000,21.12,0,2,4,-5.849121957266064,0.25805331921473756,5.258749148728784,-5.849121957266064,0.25805331921473756,5.258749148728784,92.28998160362244
-6.08408948285958,-1.660962379897295,5.0,-4.603498304230628,-2.6000656482796516,5.015843530366539,-0.6734252817268728,0.007499843470166344,0.011763581542105729,-0.739123643532195,-0.1617344771067322,-0.12890226126655904,-0.00578618696302622,0.0009461931767873466,0.0018431737657920166,0.08428482833551243,33404,856000000,20.91,0,2,4,-5.8945506994095105,0.19651725898479747,4.887789362965199,-5.8945506994095105,0.19651725898479747,4.887789362965199,92.82113218307495
-6.028817664732745,-1.716451319807343,5.0,-4.545680590491007,-2.6591996003419407,5.014069353005405,-0.6605817739405502,0.0071684013906986276,0.010873722164433886,-0.7506411233907639,-0.16340958095098324,-0.12586378877924176,-0.008626885784414737,0.007864792860345915,0.0043203611312492285,0.08813899476081133,33405,236000000,21.64,0,2,4,-5.924170504270216,0.17578489114634707,4.591471803417046,-5.924170504270216,0.17578489114634707,4.591471803417046,93.36607646942139
-5.971875440659106,-1.7703692401658633,5.0,-4.486663874962301,-2.7166882259196092,5.011087073625033,-0.647166593604011,0.006232437806543825,0.008583783443157083,-0.762274803141078,-0.16354461406328077,-0.1248232847287553,-0.011161876009697858,0.015758397057652473,0.006135444846222526,0.08879490778781474,33405,632000000,22.22,0,2,4,-5.945866470336863,0.18294756692548955,4.360978887631296,-5.945866470336863,0.18294756692548955,4.360978887631296,93.89548754692078
-5.853134760780966,-1.8732636115574528,5.0,-4.425661400190717,-2.7719226633761473,5.007120418453274,-0.6336660421592019,0.004944602048679591,0.005297818080382204,-0.7735727703638874,-0.16275827251044978,-0.1252821156017645,-0.012803058165570789,0.017972211207961664,0.007011499565123813,0.08625859045423567,33406,26000000,21.9,0,2,4,-5.961283257573393,0.20743761407763228,4.231531810443954,-5.961283257573393,0.20743761407763228,4.231531810443954,94.44205451011658
-5.791418994331977,-1.9221275287416824,5.0,-4.361765343224201,-2.825154224050661,5.002500376588112,-0.6202032821689063,0.003819140791105313,0.0019124721402708805,-0.7844295031427913,-0.16914898238524526,-0.13280367051751626,-0.013692543808080968,0.016275564485113136,0.006859879476905917,0.08839644942781888,33406,436000000,20.51,0,2,4,-5.972460658409422,0.23561533663596718,4.212018339402191,-5.972460658409422,0.23561533663596718,4.212018339402191,94.97225856781006
-5.728198212313908,-1.9691955055186912,5.0,-4.298064148634314,-2.873954218917148,4.9981091637696045,-0.6075377989162523,0.0030530669605597707,-0.0008470420271026716,-0.7942844479088924,-0.18037833432826017,-0.14217586476358152,-0.013263022760587957,0.014360580098582432,0.005914340545132291,0.08874746054061688,33406,827000000,18.15,0,2,4,-5.980262419774393,0.2534275636454493,4.302457088061106,-5.980262419774393,0.2534275636454493,4.302457088061106,95.49759531021118
-5.6635189779972706,-2.014413279305643,5.0,-4.225453980551283,-2.9263900265431744,4.9939234011962474,-0.5941477654954497,0.0024358786808178056,-0.003244854127790177,-0.8043456782836007,-0.19010695405070938,-0.14672030413264858,-0.01086335767878589,0.010750122146419017,0.004028101056974265,0.08723863356863149,33407,193000000,15.45,0,2,4,-5.984266343899939,0.24950711678143198,4.469149778957267,-5.984266343899939,0.24950711678143198,4.469149778957267,96.03934454917908
-5.59742994452607,-2.057727526260811,5.0,-4.14152037860782,-2.9847718869664304,4.990649157410877,-0.5793767121544857,0.0019707779722415966,-0.004918491380600763,-0.8150426675271554,-0.1977477374301194,-0.14514824325201547,-0.006494883969955638,0.005964717774986639,0.0013376054994296283,0.08675294084241614,33407,562000000,12.8,0,2,4,-5.984896294685027,0.2210950483312486,4.700719074265073,-5.984896294685027,0.2210950483312486,4.700719074265073,96.58546113967896
-5.529981852465275,-2.0990859394333827,5.0,-4.068452890668034,-3.034771805540572,4.9893931644961755,-0.5666055617750293,0.00172313927141247,-0.005488190836761957,-0.8239690818944568,-0.2017986718398929,-0.1397011174293617,-0.0020698841938966398,0.0013295979556460225,-0.0007262144208652899,0.08617642015451565,33407,985000000,11.08,0,2,4,-5.980946767797138,0.16675731531848276,4.963734814864669,-5.980946767797138,0.16675731531848276,4.963734814864669,97.11409640312195
-5.461227524768241,-2.1384373081434203,5.0,-3.9841840588750164,-3.092558558172499,4.99005637124552,-0.5518709440156274,0.0016433503361739858,-0.0050574813616239885,-0.8339125748142003,-0.2025863859620327,-0.12802927151983806,0.003530392505159735,-0.003311412410766934,-0.0029395934234344168,0.0819181113911327,33408,351000000,10.76,0,2,4,-5.974100331547307,0.1069828679083756,5.162789076836582,-5.974100331547307,0.1069828679083756,5.162789076836582,97.65262269973755
-5.391221859070367,-2.1757315985306627,5.0,-3.90690979192587,-3.146667817398613,4.992796817471397,-0.5385017534079,0.0017787257052758315,-0.003695824450603729,-0.8426144068274128,-0.20157981300715364,-0.11501834391480048,0.008171610261302467,-0.008456030536763137,-0.003988240632679663,0.07691873324802145,33408,773000000,11.06,0,2,4,-5.9624324278737335,0.025472751299527335,5.339150816818973,-5.9624324278737335,0.025472751299527335,5.339150816818973,98.18924260139465
-5.320021817215077,-2.210920035206205,5.0,-3.8330362662361703,-3.2002208055375916,4.997176058771359,-0.5259678310993001,0.0021211910603578703,-0.0016920241642162607,-0.8505001341865921,-0.19939583555065404,-0.10123074495657533,0.011347336281445058,-0.01030660823744256,-0.004117643538847915,0.06960542159504257,33409,176000000,11.31,0,2,4,-5.946982795971432,-0.06509785295865597,5.439063490349756,-5.946982795971432,-0.06509785295865597,5.439063490349756,98.74338364601135
-5.247686411918379,-2.2439551839362215,5.0,-3.7700411164603693,-3.2478885798757053,5.001928808899316,-0.5157693492302418,0.002512548342541703,0.0003049362623046613,-0.856723743402338,-0.19627972160504906,-0.0889254654436646,0.012536776761684437,-0.011180898945895024,-0.003837117583316285,0.062154026090865955,33409,561000000,10.92,0,2,4,-5.928867215582677,-0.15469273582179083,5.460283433569207,-5.928867215582677,-0.15469273582179083,5.460283433569207,99.26988816261292
-5.174276690478312,-2.274791035281989,5.0,-3.7102863487489097,-3.295165682917371,5.006801728688318,-0.5066454124535388,0.002920786775666649,0.002277962366835207,-0.8621465687061857,-0.19316202339749378,-0.07769337712104178,0.011927433224752709,-0.010362429839005927,-0.003326324485897203,0.055044496184564196,33409,927000000,10.07,0,2,4,-5.908342407976956,-0.24414208879407712,5.419231847127476,-5.908342407976956,-0.24414208879407712,5.419231847127476,99.81520867347717
-5.09985571543612,-2.3033830891153344,5.0,-3.6502691659793443,-3.3448969855728143,5.011320245202107,-0.49805919428302015,0.003271762064024939,0.004051838022733231,-0.8671273938538573,-0.19146699044618315,-0.06778513995284521,0.009350754156748608,-0.00782712186264689,-0.0024535204602216254,0.049411853615310974,33410,291000000,8.82,0,2,4,-5.886912223791416,-0.3312902440135218,5.327427841893788,-5.886912223791416,-0.3312902440135218,5.327427841893788,100.35578346252441
-5.0244885420965195,-2.3296884399234474,5.0,-3.58917870392935,-3.3977129621340465,5.014643180419528,-0.4898065681454285,0.0035159398370429975,0.005334102497239959,-0.8718077261180983,-0.19237099480373415,-0.06006662146189834,0.004982991947501053,-0.004662328183258069,-0.0011783447348534537,0.04530878613877576,33410,672000000,7.46,0,2,4,-5.865806567924448,-0.41418744310511296,5.1975456088473,-5.865806567924448,-0.41418744310511296,5.1975456088473,100.89749932289124
-4.871185627962738,-2.375275900107432,5.0,-3.5229596684610094,-3.4568214281847665,5.016011172066075,-0.48141093676721447,0.0036328952863793037,0.005932267647708533,-0.8764674096812196,-0.19497929274630024,-0.05391988734033598,-0.0005552220009649795,-0.0009985404744838888,-6.624797077581235e-06,0.04185700527159497,33411,69000000,6.49,0,2,4,-5.847317295699241,-0.4861897793299443,5.052404575189356,-5.847317295699241,-0.4861897793299443,5.052404575189356,101.46709513664246
-4.793389713475383,-2.394480948462829,5.0,-3.4651287284118024,-3.509425419199591,5.015233517304725,-0.4744508629125442,0.003640581816207517,0.005840701688209056,-0.8802550829443536,-0.20722110245025505,-0.05251693828315549,-0.005296004038738117,0.001812735956718825,0.0013926814517617458,0.042409369780216366,33411,499000000,6.19,0,2,4,-5.832446447580642,-0.5454752840156474,4.909890238173183,-5.832446447580642,-0.5454752840156474,4.909890238173183,102.0104558467865
-4.7149271849044485,-2.411245346347941,5.0,-3.4027812996649214,-3.566527606674554,5.01274644396886,-0.467371367343025,0.003524168536508808,0.005029922214423231,-0.8840397531257033,-0.2231635635427327,-0.05208401436366469,-0.009296067509794127,0.00642207241980941,0.002012750451285683,0.04106591804884374,33411,879000000,6.25,0,2,4,-5.823521889028067,-0.5828355298032429,4.817931800234329,-5.823521889028067,-0.5828355298032429,4.817931800234329,102.54487824440002
-4.6358726078780785,-2.425535461820819,5.0,-3.3303803030126256,-3.633174517830286,5.008634884010368,-0.45994118571772413,0.003115828331887732,0.003408985392582018,-0.8879373717289823,-0.23204245141946842,-0.04955841444392246,-0.011729318267833012,0.009073696037376067,0.002196761215600418,0.03858654417854268,33412,271000000,6.17,0,2,4,-5.816316734665063,-0.6123285638050566,4.763853846983523,-5.816316734665063,-0.6123285638050566,4.763853846983523,103.08123779296875
-4.556302334890787,-2.437319780454559,5.0,-3.253514118634496,-3.7042311733610624,5.00375083176458,-0.45265512519066053,0.002593897459537587,0.0014534355927883211,-0.891680714639256,-0.23172308708226855,-0.0448688406258259,-0.011886348347425925,0.008997242184705101,0.0020145543885519146,0.03540859470376745,33412,694000000,5.72,0,2,4,-5.807443246384512,-0.6421325751128604,4.751239168441008,-5.807443246384512,-0.6421325751128604,4.751239168441008,103.62466263771057
-4.476294458338724,-2.446568993295677,5.0,-3.1855369899128907,-3.7674874003500247,4.999665067000621,-0.4466529788818757,0.002117483336469313,-0.0002094874733673815,-0.8947047495320816,-0.22220403915846615,-0.03929730106975583,-0.00997942172959582,0.008339996747963596,0.0013024849067733157,0.030913725640857592,33413,127000000,4.82,0,2,4,-5.793953068153156,-0.6762502157214649,4.7882530649217045,-5.793953068153156,-0.6762502157214649,4.7882530649217045,104.1548388004303
-4.3959287597209284,-2.4532560847220677,5.0,-3.131245216846362,-3.818295950568373,4.997036880109484,-0.4422330496042016,0.0017106848307327676,-0.0013878675020856572,-0.8968974730809393,-0.20689371444789365,-0.03376997718940541,-0.006959913887256533,0.006643824372076779,0.0005825375581025583,0.026222078486171085,33413,532000000,3.81,0,2,4,-5.776125818881539,-0.7129165534058023,4.857676586105993,-5.776125818881539,-0.7129165534058023,4.857676586105993,104.6668496131897
-4.315286654929753,-2.457356420062667,5.0,-3.0794056075625624,-3.867333329131297,4.99557965394641,-0.438415061889576,0.0013322918836360005,-0.002253109058214158,-0.898768814549252,-0.1841859171995893,-0.027123859151964348,-0.002649635947251012,0.003980761766797514,-0.00018473070753088905,0.020631253937608562,33413,868000000,3.11,0,2,4,-5.756283334004495,-0.7486856893423999,4.930936266361412,-5.756283334004495,-0.7486856893423999,4.930936266361412,105.17655801773071
-4.234451135556854,-2.4588478328347407,5.0,-3.03893171834378,-3.906246322558911,4.995584426494569,-0.4357116797792614,0.0010778852532919137,-0.002608182429136942,-0.9000818671941632,-0.16415146120456076,-0.021516981660799385,0.0012216221289843773,0.001107659386434534,-0.0009173354612812545,0.016816646166262217,33414,219000000,2.79,0,2,4,-5.730740326154833,-0.7905924836419761,5.008858743239469,-5.730740326154833,-0.7905924836419761,5.008858743239469,105.68349027633667
-4.153506706144404,-2.457710711448501,5.0,-3.003323679352246,-3.941341598026162,4.996737660376072,-0.43349719605825554,0.0009040473254600754,-0.0025520139227822756,-0.9011508480454321,-0.14710543453926733,-0.016338006845508617,0.004687547926361679,-0.0014014794032846112,-0.0014141993460725644,0.0137427901790943,33414,549000000,2.87,0,2,4,-5.704552257278598,-0.8306376950822909,5.068256263215571,-5.704552257278598,-0.8306376950822909,5.068256263215571,106.18638396263123
-4.072539317315207,-2.4539280852224348,5.0,-2.968104743196995,-3.9773604722521303,4.9991733880726805,-0.4314857634004122,0.0008263533451200517,-0.0020824615645944314,-0.902116963855987,-0.13319492133420166,-0.011078022949335194,0.007539524312402915,-0.0033436972898925887,-0.0017249605207325658,0.01103302738556522,33414,876000000,3.05,0,2,4,-5.675397467877926,-0.8728333138566962,5.111791811561564,-5.675397467877926,-0.8728333138566962,5.111791811561564,106.70861053466797
-3.991636294719297,-2.447485709546427,5.0,-2.938238138760007,-4.00954208174105,5.002140484778038,-0.4299285711516284,0.0008354031697030029,-0.00139890962348437,-0.9028614339204707,-0.1258253017290935,-0.006397143335135791,0.00884765467220174,-0.004278122833056841,-0.0016706128690202604,0.009174422666546889,33415,217000000,3.14,0,2,4,-5.639274303715476,-0.9223912299708823,5.138565482769802,-5.639274303715476,-0.9223912299708823,5.138565482769802,107.2174289226532
-3.9108862637393114,-2.438372150023384,5.0,-2.913773028482586,-4.03751048722652,5.004939128840891,-0.42877489365001803,0.0008913136848581493,-0.0007400192168864591,-0.9034106200985736,-0.12211196426672496,-0.002392430534351353,0.008912479612858357,-0.004442131375981262,-0.0015003991052253696,0.0075994730650563724,33415,558000000,3.03,0,2,4,-5.599435697701427,-0.9731086778456789,5.141641367980642,-5.599435697701427,-0.9731086778456789,5.141641367980642,107.71570205688477
-3.8303790699016456,-2.4265788654137266,5.0,-2.8893017561593473,-4.067286098683597,5.007726502703115,-0.4277899798302016,0.0009714563327080855,-5.509761277842234e-05,-0.9038776390605767,-0.11885137938985857,0.0017197574415651021,0.00782340161559408,-0.0039745857975503895,-0.0012862088851761655,0.006029830456100171,33415,861000000,2.77,0,2,4,-5.558592388743092,-1.0217365793465305,5.128228527028552,-5.558592388743092,-1.0217365793465305,5.128228527028552,108.21118068695068
-3.7502056949456506,-2.412100289200765,5.0,-2.8636433377397688,-4.100705126292015,5.010253166993003,-0.42691967614849324,0.0010453223270523238,0.0005780503659110779,-0.9042887610029622,-0.11504296994386505,0.005812019923396797,0.005685705387975902,-0.002819414680743648,-0.0010179668947785103,0.004500415207076003,33416,193000000,2.38,0,2,4,-5.510813391699253,-1.0758366351386446,5.101209318722062,-5.510813391699253,-1.0758366351386446,5.101209318722062,108.70699906349182
-3.6704581685088824,-2.39493390958863,5.0,-2.8411990519889545,-4.131950298094267,5.011815805773149,-0.4263093807779833,0.00106939457646063,0.0009774279378636148,-0.9045762615117413,-0.11025381975596386,0.009002954843842578,0.003276585045005535,-0.0015218290627672104,-0.0007476995051547419,0.0034525569617471774,33416,541000000,1.9,0,2,4,-5.4547798010451,-1.136563317134312,5.062113474543402,-5.4547798010451,-1.136563317134312,5.062113474543402,109.20995950698853
-3.5912294753923018,-2.375080347738145,5.0,-2.8219000307510456,-4.16043118170804,5.01251890203313,-0.42585705542625346,0.001046054436717765,0.0011639432844279107,-0.9047891021391818,-0.1026782760196561,0.01100649434396339,0.000982096039367776,-0.0002444132917389652,-0.0005380035759117163,0.002733677979449567,33416,885000000,1.54,0,2,4,-5.402480203985138,-1.1911838765860494,5.023676250201487,-5.402480203985138,-1.1911838765860494,5.023676250201487,109.70744633674622
-3.5126134583758732,-2.352543434039778,5.0,-2.803950737581048,-4.1881926678586066,5.012465094554457,-0.42547108430722475,0.0009545192291762115,0.0011508454266067909,-0.9049707845374233,-0.08943457466737062,0.011243754923217678,-0.0011928039168097812,0.0010219447176496033,-0.0003963006889762255,0.0024177657451218693,33417,200000000,1.37,0,2,4,-5.355530709099441,-1.2387001439573009,4.990674793436146,-5.355530709099441,-1.2387001439573009,4.990674793436146,110.20859289169312
-3.434704716561925,-2.3273302822166575,5.0,-2.789871453286891,-4.2105362732873814,5.011832964569241,-0.4251078230957978,0.0008053462196232447,0.000964875815319275,-0.9051418447817332,-0.07349860618937198,0.009801183065623009,-0.0026687510776298028,0.002307432168890955,-0.0003260652448489054,0.0028101334237362607,33417,541000000,1.34,0,2,4,-5.30985984214327,-1.2837056931575226,4.962916552559262,-5.30985984214327,-1.2837056931575226,4.962916552559262,110.71448063850403
-3.357598499230817,-2.2994513610445213,5.0,-2.778248070063941,-4.229002757436768,5.010740468274308,-0.42464447860158017,0.0006021979956859809,0.0006557023514432045,-0.9053597485006677,-0.0531271175532532,0.006544152539475555,-0.0035897279974364863,0.0021833586288266815,-0.00031281263090932043,0.003030907487300283,33417,875000000,1.36,0,2,4,-5.271505630580954,-1.3205419789160844,4.945898709015795,-5.271505630580954,-1.3205419789160844,4.945898709015795,111.22062563896179
-3.2813905952014384,-2.2689205634695666,5.0,-2.769887261719742,-4.241336745666157,5.009381559652788,-0.4241419881579098,0.00039236556171594973,0.0003347053328448713,-0.9055955542641878,-0.028981827570269646,0.0012517025356353097,-0.003865248087239999,0.002214578694292868,-0.0002704100268147158,0.0032572982490819413,33418,216000000,1.32,0,2,4,-5.2328658407083735,-1.3563868496783296,4.938061110983234,-5.2328658407083735,-1.3563868496783296,4.938061110983234,111.73459529876709
-3.2061772176970886,-2.2357552728992647,5.0,-2.7663692994265534,-4.245153795600845,5.008382799647923,-0.4237475913800033,0.0002480284812707133,0.00010518436925666478,-0.9057802748005537,-0.011067992589138457,-0.0034331752836966587,-0.003747784986803525,0.0022436731569541735,-0.00026930131582503236,0.0034090450526491622,33418,558000000,1.17,0,2,4,-5.199396233597593,-1.385935324299826,4.941122997119148,-5.199396233597593,-1.385935324299826,4.941122997119148,112.26125931739807
-3.1320548847261422,-2.1999764264355766,5.0,-2.764802552011542,-4.243114363628206,5.007223618465793,-0.4232630289934324,7.108251179572557e-05,-0.00014780272195272158,-0.9060068329703349,0.013889315343578942,-0.011459250054189896,-0.0029311950503867557,0.0012998291595067712,-0.0003936981528340766,0.002302796542608121,33418,829000000,1.0,0,2,4,-5.174373895706747,-1.4066077730247566,4.949253597902401,-5.174373895706747,-1.4066077730247566,4.949253597902401,112.77935123443604
-3.0591202949960317,-2.1616085748145166,5.0,-2.7663629295242926,-4.232924952392829,5.00641131265762,-0.42302742448919417,-6.571261533658486e-05,-0.000266976772792273,-0.9061168371326592,0.03742789945434612,-0.020147928691155493,-0.0018966247009212333,0.0006136617230367847,-0.0004975372689841606,0.0006257436268697347,33419,166000000,0.7,0,2,4,-5.140293451606301,-1.4323598113311207,4.96518051486338,-5.140293451606301,-1.4323598113311207,4.96518051486338,113.29624962806702
-2.987470199388719,-2.1206799388106825,5.0,-2.7705218525191793,-4.214898725982039,5.005915506320357,-0.42307581129433125,-0.0001612126433917469,-0.00025882758512934677,-0.9060942362229262,0.05868748689665924,-0.02911491941036572,-0.001002457440791751,-0.00037975692066538613,-0.0006191396551002981,-0.0017925670590557274,33419,506000000,0.38,0,2,4,-5.102570853096405,-1.4578350465540741,4.98393807564936,-5.102570853096405,-1.4578350465540741,4.98393807564936,113.81109070777893
-2.917201268036015,-2.0772224618603534,5.0,-2.777065658651443,-4.188154604115996,5.005722151911909,-0.42359819311731395,-0.00021175245584799385,-0.00010453979795410758,-0.9058501614616375,0.07747392098379302,-0.038167286294651125,-7.692216137842085e-05,-0.001066278366579354,-0.0005995465812702605,-0.004959422312822426,33419,850000000,0.06,0,2,4,-5.059539292524128,-1.4838383675904858,5.0025520491473685,-5.059539292524128,-1.4838383675904858,5.0025520491473685,114.33169960975647
-2.8484099530437836,-2.0312718586519574,5.0,-2.7845367067102793,-4.156785612881155,5.005831754879812,-0.42456960328752447,-0.0002094304353892987,0.0001395966878714098,-0.9053952665084634,0.09147571216920566,-0.046138936778592474,0.0005260317999898295,-0.0017435425434086937,-0.0007019830832177831,-0.00801722535470617,33420,202000000,0.22,0,2,4,-5.007589704270878,-1.512146511105222,5.019433962905273,-5.007589704270878,-1.512146511105222,5.019433962905273,114.8481707572937
-2.781192346925178,-1.982867659428194,5.0,-2.7925792255740145,-4.1204753167342405,5.00608836956001,-0.42602332477290217,-0.00018371594180576514,0.00048385297685959837,-0.9047120309160213,0.10238046175237876,-0.053615540375445914,0.000802670693072062,-0.0022310653321255813,-0.0007590931375034415,-0.011193828049727017,33420,537000000,0.41,0,2,4,-4.953624313657557,-1.5391249096897557,5.030802663029255,-4.953624313657557,-1.5391249096897557,5.030802663029255,115.37832474708557
-2.651859954547784,-1.8788759053881385,5.0,-2.80068347815654,-4.080052050828938,5.0064464856844015,-0.4279699629565994,-0.00012697463211138713,0.0008989987702752887,-0.9037925018971891,0.11111491054584584,-0.06063342896832589,0.0009308418218885652,-0.0027603079843174783,-0.0008063899372245942,-0.014659610951639479,33420,887000000,0.5,0,2,4,-4.896647555862822,-1.5655867900698779,5.03676447128369,-4.896647555862822,-1.5655867900698779,5.03676447128369,115.92621564865112
-2.589934222700604,-1.8233868222867717,5.0,-2.808878374916138,-4.032168694330929,5.006843864159856,-0.43088440512335513,1.4146635559494827e-06,0.0015339397291521922,-0.9024058269140323,0.12805036169896294,-0.07581911424748765,0.0005343129556708082,-0.004526278189587174,-0.0011183262586200726,-0.02383606060902821,33421,224000000,0.49,0,2,4,-4.838480272788621,-1.5908310144097384,5.037320161559856,-4.838480272788621,-1.5908310144097384,5.037320161559856,116.46458506584167
-2.5299599967034996,-1.7656411409762818,5.0,-2.8157105468990857,-3.976777209658855,5.0070628897119285,-0.4351857144180762,0.00014253970301678748,0.002267049581377293,-0.9003378444423278,0.15088577424093313,-0.09627036540905808,-0.00032173859401264025,-0.004209181042824639,-0.0012102659979973396,-0.032543707493459806,33421,581000000,0.46,0,2,4,-4.777222767920178,-1.6156989730703932,5.032895716953948,-4.777222767920178,-1.6156989730703932,5.032895716953948,116.99302315711975
-2.472029303148281,-1.7056979655151356,5.0,-2.8212225124394688,-3.91141333313125,5.007063893119868,-0.4406701696178513,0.00026222014251882646,0.002936077985368232,-0.8976642536581451,0.1704161893813054,-0.11430345682680461,-0.0013532261519804147,-0.0036832534078712342,-0.0011889757274730073,-0.0396811210521264,33421,934000000,0.79,0,2,4,-4.721116151290827,-1.637000562814803,5.025482403938662,-4.721116151290827,-1.637000562814803,5.025482403938662,117.51571917533875
-2.416232874429461,-1.6436203764744557,5.0,-2.8251613744257416,-3.833668119453137,5.006789181772251,-0.44761614621010803,0.00035188095614617216,0.0035222280190526593,-0.8942187963477315,0.18468760601606835,-0.1282797988098589,-0.002415844753527523,-0.0025773660354388994,-0.0010524466688366374,-0.046844790267641656,33422,265000000,1.59,0,2,4,-4.666643736931752,-1.6561439974761982,5.0165831001857155,-4.666643736931752,-1.6561439974761982,5.0165831001857155,118.042316198349
-2.3626599798714096,-1.579475437759419,5.0,-2.826950084286243,-3.7504496089424935,5.006284522961649,-0.455531453922015,0.0004024418435240821,0.003915544665901602,-0.8902109868105577,0.1920957532944838,-0.13609467528771516,-0.0032103975877478,-0.001479043328345142,-0.0007168504623678018,-0.05149718272150494,33422,621000000,2.76,0,2,4,-4.6102340278893825,-1.6741269478405352,5.007287370222175,-4.6102340278893825,-1.6741269478405352,5.007287370222175,118.57780027389526
-2.311398253509508,-1.5133341969800527,5.0,-2.8266055657034967,-3.6648988961355258,5.005606282208405,-0.4638931290191089,0.0004222406529612677,0.004099294913513348,-0.8858815848311237,0.19335830723922265,-0.13859369809188912,-0.003688903883044453,-0.0002287992742822098,-0.00041799504515438457,-0.052270409651100636,33422,984000000,4.18,0,2,4,-4.553981870462996,-1.6899273405043878,4.999491094952378,-4.553981870462996,-1.6899273405043878,4.999491094952378,119.09040594100952
-2.26253351870906,-1.445271679093754,5.0,-2.824258303257016,-3.5797345976667043,5.004846280046709,-0.4720501664892435,0.00040808957141968516,0.004102680399106798,-0.8815620464799524,0.1898415137673127,-0.13735528286579748,-0.0037336888823802663,0.00046407200500198087,-9.004261656286872e-05,-0.04919023849652149,33423,337000000,5.71,0,2,4,-4.49700417151488,-1.7035860403454932,4.9941508790755735,-4.49700417151488,-1.7035860403454932,4.9941508790755735,119.62828040122986
-2.216149609821941,-1.3753668730420945,5.0,-2.820096429713805,-3.496528099000328,5.0041330158806865,-0.47951470610939684,0.0003925243719428153,0.003989284295144854,-0.8775246880631044,0.18422117235781219,-0.13470345013394397,-0.0033710616429978315,0.0009553206552936899,0.0002119688687685084,-0.04425582737894729,33423,705000000,7.24,0,2,4,-4.43867239059225,-1.7151024179591845,4.991655778899258,-4.43867239059225,-1.7151024179591845,4.991655778899258,120.16614747047424
-2.1723281910977024,-1.303702711105489,5.0,-2.8139305880674184,-3.411284939461706,5.003553235489732,-0.4864226357258036,0.0003843338873018305,0.0038047639732377526,-0.8737152828651523,0.1782235682760052,-0.1322020275387989,-0.0026577237642987886,0.0009514169846625009,0.00032159967133793543,-0.037917037479928695,33424,68000000,8.66,0,2,4,-4.378776503718031,-1.7244978677263587,4.99188023403588,-4.378776503718031,-1.7244978677263587,4.99188023403588,120.7115261554718
-2.1311485730830233,-1.230366040701051,5.0,-2.806513718739856,-3.332557995822313,5.003253758152263,-0.4919949793071539,0.00038590657661419854,0.0036355813061862445,-0.8705903594465272,0.1741855980674713,-0.13133051528916767,-0.0018595503827600053,0.0008151769577580126,0.0003942574210213934,-0.03272098438173998,33424,438000000,10.0,0,2,4,-4.314442362788719,-1.731993099930126,4.994517773851328,-4.314442362788719,-1.731993099930126,4.994517773851328,121.24911212921143
-2.0926875267610416,-1.1554475883514095,5.0,-2.7970996150968905,-3.2505695933268726,5.003222836245201,-0.49703947265827986,0.00040521917740777994,0.0035033689507046315,-0.8677207643147606,0.1718540986423331,-0.13190658130466779,-0.0010216891181311736,0.0003843124858349256,0.0001785389102337831,-0.027783654695667792,33424,809000000,11.13,0,2,4,-4.252743899524408,-1.736644838162084,4.998564402234814,-4.252743899524408,-1.736644838162084,4.998564402234814,121.82045006752014
-2.057019095700143,-1.0790419155556983,5.0,-2.7842117622226406,-3.1559314913084324,5.003532360307128,-0.502007592815611,0.00044850001149135117,0.003477717696741437,-0.8648561042640776,0.17196517188626725,-0.13484541908471165,-0.0003463656107259566,-0.0002124071230014124,0.00016827017930154398,-0.024770541858742945,33425,181000000,12.21,0,2,4,-4.1869472202284355,-1.7389667374866784,5.003553360960104,-4.1869472202284355,-1.7389667374866784,5.003553360960104,122.46845817565918
-1.994341477843458,-0.9221660059343091,5.0,-2.7616630852042054,-3.061836708933324,5.004034082537326,-0.5045219632348099,0.0006757605031868477,0.003607527944757233,-0.86339105722932,0.11474375986534566,-0.1593312456400665,-0.00038526558579134363,-0.0015743251083222276,0.0010609480568746221,0.007079741590132471,33425,618000000,13.19,0,2,4,-4.104469517528768,-1.7364818240140882,5.008751031250577,-4.104469517528768,-1.7364818240140882,5.008751031250577,123.13663935661316
-1.9674650284751696,-0.8419035512031989,5.0,-2.7208786701457868,-3.00527201673693,5.00433975235687,-0.5024657389855368,0.0011625886848959921,0.003956997520777403,-0.8645872840285639,0.04699383024571679,-0.199004006370756,-0.0010717953487643032,-0.004958847239322495,0.002168067067032098,0.016796906857052818,33426,84000000,13.71,0,2,4,-4.015160231188496,-1.722582392876453,5.012344961546415,-4.015160231188496,-1.722582392876453,5.012344961546415,123.70543694496155
-1.943646284461102,-0.7605692911164427,5.0,-2.649737073112681,-2.9582332449830013,5.004446523667668,-0.49881484777862706,0.0019570910637480617,0.004496102174201534,-0.8666946997042223,-0.013327264711888234,-0.24484883474490476,-0.002543973806541605,-0.004416910405780072,0.0022264739527599886,0.0315799090458313,33426,453000000,13.55,0,2,4,-3.963930524595263,-1.6828051819646737,5.013181366593965,-3.963930524595263,-1.6828051819646737,5.013181366593965,124.27231526374817
-1.9229427860856978,-0.6782759984892262,5.0,-2.5571009964818114,-2.9189377988434897,5.004180716728862,-0.4921565220301607,0.002666177559316747,0.005053655125705814,-0.8704879722835166,-0.05041297497871664,-0.2783814949697404,-0.004416535720047682,-0.00464709546577069,0.0018025933286480722,0.05139580462127924,33426,833000000,13.51,0,2,4,-3.9375230649634996,-1.6092193849228762,5.012002736194797,-3.9375230649634996,-1.6092193849228762,5.012002736194797,124.83555173873901
-1.9054081947771935,-0.5951398318827819,5.0,-2.4085827127563313,-2.8650418761579566,5.003157311494802,-0.4775663378189425,0.003470348508470735,0.005867118843653666,-0.8785692497349924,-0.07055931010205753,-0.3135951927226703,-0.006880564423643196,-0.0037957113818265498,0.0014259060662880074,0.07623130877618678,33427,210000000,13.33,0,2,4,-3.934219587461482,-1.5111139384528496,5.00907135623137,-3.934219587461482,-1.5111139384528496,5.00907135623137,125.56458711624146
-1.8800398297952032,-0.42681978251394254,5.0,-2.3006115310986117,-2.8197110045616403,5.002102586386706,-0.4681416044464877,0.003764129112691374,0.006332151936561686,-0.883622755122424,-0.023799541153236528,-0.3172349542514582,-0.007949109288308689,-0.0018875829709941172,-0.0012794661188308964,0.00678544865877484,33427,732000000,12.6,0,2,4,-3.94975479586845,-1.3529131891522654,5.003568519042446,-3.94975479586845,-1.3529131891522654,5.003568519042446,126.10259819030762
-1.8722922556511628,-0.341884124577298,5.0,-2.214287146170566,-2.7461043793562867,5.000750069166456,-0.47390756155773384,0.0035678373835147477,0.006907350102833291,-0.8805402785502571,0.10371411723082039,-0.31168887915218285,-0.009450943311138037,-0.0032673044415787444,-0.004425516863193479,-0.08154200550052337,33428,92000000,12.29,0,2,4,-3.955082104025419,-1.247611420630545,4.999881357649452,-3.955082104025419,-1.247611420630545,4.999881357649452,126.61803889274597
-1.8678856084453814,-0.256601775764857,5.0,-2.1534161307040884,-2.633348689462601,4.9988026376395345,-0.4910245388325022,0.0031269238912364885,0.0076913442000594535,-0.8711061748350214,0.23562454694513701,-0.30686273890393956,-0.011472987131611153,-0.002015942482103128,-0.00557218590984121,-0.12859687267336994,33428,448000000,14.07,0,2,4,-3.9395653302200495,-1.1648394679428444,4.997361845646863,-3.9395653302200495,-1.1648394679428444,4.997361845646863,127.15345072746277
-1.866851289671012,-0.17110400235464246,5.0,-2.1110138612560205,-2.4899310701898667,4.99661784074931,-0.5125101199286478,0.0025590098080425948,0.00824591029921377,-0.8586377777636286,0.32493733400695557,-0.28796900502481837,-0.011962079814360909,0.0004874113869846042,-0.00515793644808582,-0.140747323166579,33428,816000000,17.59,0,2,4,-3.9029559889675203,-1.1003432149391645,4.996387294014745,-3.9029559889675203,-1.1003432149391645,4.996387294014745,127.67368745803833
-1.869215688220526,-0.08552465536015895,5.0,-2.0820525114484068,-2.3424239214269638,4.994848047529298,-0.5324300403917832,0.0019280824527031976,0.008295050340782355,-0.8464311706962968,0.35865584166362535,-0.25308983163732307,-0.010427731091267853,0.004021783570351545,-0.003477115683381271,-0.1270426029805094,33429,159000000,21.98,0,2,4,-3.8490499111413388,-1.0478456428141918,4.997022119790126,-3.8490499111413388,-1.0478456428141918,4.997022119790126,128.18039679527283
-1.875,-5.204748896376251e-16,5.0,-2.060927753608359,-2.1986984782467296,4.993744547721856,-0.5484915461238822,0.0013040820336868218,0.0077832944970948285,-0.8361188572968883,0.350317249883625,-0.20921458420707947,-0.0072078665426068885,0.0062116485878505046,-0.0009279096673253662,-0.08698251258465461,33429,503000000,26.31,0,2,4,-3.790419743358049,-1.0063850169966453,4.998868609486647,-3.790419743358049,-1.0063850169966453,4.998868609486647,128.69831371307373
-1.8842200513874472,0.08533146576184128,5.0,-2.0439808517617633,-2.0481208955205803,4.993682271343688,-0.5585396816527036,0.0007755756373574131,0.006710312091906325,-0.829450296409228,0.3070406016368846,-0.1609312849442728,-0.002094458126108696,0.0061047573126415955,0.001560581529247429,-0.030904563573130872,33429,847000000,30.23,0,2,4,-3.731998642433613,-0.9712965519139158,5.001509465081631,-3.731998642433613,-0.9712965519139158,5.001509465081631,129.2611906528473
-1.896886127103417,0.170329203690781,5.0,-2.0218931767707136,-1.8955533729776275,4.9956186032262435,-0.5589091349712136,0.0006008840939829676,0.005345938165690039,-0.8292114559804173,0.19092078815657043,-0.15184169024851088,0.002623895224601437,0.003515492949190957,0.0028533183240142534,0.025583737988199573,33430,244000000,33.59,0,2,4,-3.671108819204673,-0.937292924059516,5.0049952390518495,-3.671108819204673,-0.937292924059516,5.0049952390518495,129.98232173919678
-1.9325687849456785,0.33875237418948145,5.0,-1.9854673443492823,-1.8234779170280815,4.99775572271777,-0.5491775897169978,0.0011237767014314096,0.004969657153582876,-0.8356901426882634,0.0769015268187168,-0.17730489874854682,0.003920556967232572,-0.0039512359762738924,0.005764336810898385,0.13131868181517348,33430,760000000,35.98,0,2,4,-3.611264397243855,-0.9030634991491177,5.009102306344751,-3.611264397243855,-0.9030634991491177,5.009102306344751,130.54673099517822
-1.9555767527187298,0.4218884164988501,5.0,-1.9250869428129855,-1.7871520969275947,4.9998906833441925,-0.5229174943625077,0.0023880721740874074,0.005154999735253947,-0.8523643687875846,-0.023830491715847446,-0.21033709375762255,0.0033507039170440787,-0.006099043184804032,0.006624048637604574,0.21326102723833174,33431,146000000,36.03,0,2,4,-3.590746596155054,-0.8744709542073706,5.011053074350963,-3.590746596155054,-0.8744709542073706,5.011053074350963,131.07309579849243
-1.982013212405946,0.5041124131538817,5.0,-1.829966898398282,-1.7625215576395086,5.002051382001568,-0.4811424412300791,0.003687635425071228,0.005575953960824069,-0.876616941046406,-0.08608358944881814,-0.23801388424019215,0.0011262581471684556,-0.003711042472787085,0.004351097686594585,0.23211109510157257,33431,510000000,33.37,0,2,4,-3.605464446903139,-0.8292783566567127,5.011332039286288,-3.605464446903139,-0.8292783566567127,5.011332039286288,131.686377286911
-2.011858355112553,0.5852769001628508,5.0,-1.726345257066293,-1.7337782614289954,5.00353808722035,-0.4420842927797237,0.004083082298074277,0.005874918273691722,-0.8969449770480216,-0.05510686818874242,-0.23454331197339712,-0.000794464224221109,-0.00021253668478493637,-0.0002609133616715553,0.16100188222480938,33431,936000000,28.68,0,2,4,-3.663766054861349,-0.7523930343233092,5.009562285474887,-3.663766054861349,-0.7523930343233092,5.009562285474887,132.2643473148346
-2.0450859243716706,0.6652337611022429,5.0,-1.6563109689430309,-1.677287313762808,5.004081708367573,-0.42274528297050395,0.0035672088072857674,0.006055403014269381,-0.9062212935270547,0.07317929953082059,-0.21519937825398064,-0.003449188312492254,0.0011599084700719686,-0.0039537424527225085,0.028218637089594267,33432,341000000,24.46,0,2,4,-3.7492839863844867,-0.6574351506581677,5.005983445721662,-3.7492839863844867,-0.6574351506581677,5.005983445721662,132.8790214061737
-2.12155034580164,0.8209305065850954,5.0,-1.632826146229737,-1.5952194181303538,5.003306953040619,-0.4242814105151854,0.002824256624712267,0.006270876645086564,-0.9055042707640116,0.20475458854003376,-0.20429388840271034,-0.006828426506728788,-2.4231578876765525e-05,-0.005255470114207128,-0.0466134322778089,33432,747000000,22.91,0,2,4,-3.8136088004707336,-0.5730983042338533,5.002469289200443,-3.8136088004707336,-0.5730983042338533,5.002469289200443,133.40429091453552
-2.1647013819922893,0.8963733779731449,5.0,-1.636846971346776,-1.4811099831799859,5.001385312049126,-0.4351817865734924,0.002107535801385271,0.006828594831908235,-0.9003142458165208,0.3267233061340339,-0.20327419133142208,-0.010816586871692525,-0.002703897644096287,-0.006640448464168003,-0.09536011566524394,33433,80000000,24.01,0,2,4,-3.8390332506547007,-0.5095066419985921,5.000369914425654,-3.8390332506547007,-0.5095066419985921,5.000369914425654,133.9499228000641
-2.2110630161493177,0.9700151894744863,5.0,-1.6639558250389839,-1.3186020969906966,4.998092485503352,-0.45354335063031903,0.001230508064709342,0.007631220122122084,-0.8912006953702256,0.4238726214435825,-0.19591192564818516,-0.014359306047567114,-0.0003855475171121725,-0.006555606478286791,-0.11041685356758535,33433,437000000,26.43,0,2,4,-3.839480594066497,-0.4464323918337852,4.9994961906668305,-3.839480594066497,-0.4464323918337852,4.9994961906668305,134.50302934646606
-2.2605751003508394,1.0417088213510084,5.0,-1.7009417791253654,-1.1480484282581085,4.994616109452261,-0.4703289706781991,0.0003797477877762255,0.007915540645841402,-0.8824555849155736,0.4560399706780915,-0.17449003668820204,-0.014869512378720157,0.0028491311240941286,-0.004449876951184706,-0.09119713722611777,33433,806000000,30.61,0,2,4,-3.821544675942985,-0.38792561222719896,5.000028103165448,-3.821544675942985,-0.38792561222719896,5.000028103165448,135.05641841888428
-2.313170455097037,1.1113082769611964,5.0,-1.7432456696505712,-0.9712003016083132,4.991485178994289,-0.48252031719729044,-0.0003548424781144553,0.007515185404849819,-0.8758524644978585,0.4320601034789557,-0.14354839724892804,-0.011783925771966696,0.00541446456736594,-0.0009198982354519103,-0.04385508109407965,33434,176000000,34.92,0,2,4,-3.7955233677231544,-0.3359978622077551,5.001727622301786,-3.7955233677231544,-0.3359978622077551,5.001727622301786,135.61219906806946
-2.368774814152509,1.178669013360757,5.0,-1.7923022635657189,-0.7796668602245888,4.989801381309573,-0.48529556333979007,-0.0007334985668011533,0.006261857541813739,-0.8743274371325048,0.34617328848054507,-0.10676402840169327,-0.003710006596150847,0.005054097209722386,0.0028051327035427676,0.016924015653785318,33434,548000000,39.12,0,2,4,-3.7683649750776493,-0.29041252897195186,5.004334525946459,-3.7683649750776493,-0.29041252897195186,5.004334525946459,136.2911355495453
-2.427306783441804,1.2436482809025367,5.0,-1.8331801093770426,-0.6162101252026959,4.991977364776171,-0.4647416997503995,-0.00030671566267696966,0.005068695996841668,-0.8854317403162726,0.21865643823136502,-0.09341817288144483,0.005638717280983564,0.0008757377884194284,0.004449900507097482,0.1630055921850726,33435,33000000,42.84,0,2,4,-3.743258471858168,-0.2487320612710302,5.007846880035651,-3.743258471858168,-0.2487320612710302,5.007846880035651,137.07469034194946
-2.5527921950528976,1.365902474300486,5.0,-1.8331851658589304,-0.5279361453288477,4.996596633023992,-0.4212334656853681,0.0013213380677847878,0.005875115689523619,-0.9069322491057638,0.05036646262273736,-0.14511095011801986,0.008620042146764345,-0.011184086088178447,0.00780163090894348,0.24982326722238213,33435,595000000,43.66,0,2,4,-3.7306032521694124,-0.22237767707706882,5.011156929841823,-3.7306032521694124,-0.22237767707706882,5.011156929841823,137.7763056755066
-2.6195470520451885,1.422904040504092,5.0,-1.7722489222494826,-0.48701242354516305,5.001049291755008,-0.369779152781963,0.003405637949456244,0.007532250788126903,-0.9290829053405705,-0.09683726614603526,-0.1918709111131939,0.006893591351272406,-0.011467875810922123,0.008011107365746284,0.27929576172027737,33436,68000000,40.48,0,2,4,-3.7341569259438656,-0.2151674433036102,5.012606323009619,-3.7341569259438656,-0.2151674433036102,5.012606323009619,138.3728802204132
-2.688832376937758,1.4769781529302695,5.0,-1.6566347688952612,-0.45885971919546886,5.0054853185575565,-0.30860696700845136,0.004782124075074364,0.008544733748230761,-0.9511392425551303,-0.17488936407781647,-0.19227632914982024,0.00373424391695375,-0.0014250385675040889,0.004061565141455503,0.2489978534867987,33436,492000000,35.43,0,2,4,-3.7765113427238033,-0.2062454059832337,5.01237608885984,-3.7765113427238033,-0.2062454059832337,5.01237608885984,139.03396892547607
-2.8345189744435983,1.5758343755192035,5.0,-1.5586480117284578,-0.434217299043096,5.008340793850977,-0.26689519594235195,0.004477570582905787,0.008118502496068353,-0.9636809615540767,-0.11259946110411365,-0.1541873511053564,0.0018919831625548924,0.006369023003571783,-0.0030771682077102014,0.1345988130196929,33436,964000000,28.97,0,2,4,-3.881621778456063,-0.18634002794287916,5.0100582153440705,-3.881621778456063,-0.18634002794287916,5.0100582153440705,139.63024377822876
-2.9106650052939886,1.6203720311424952,5.0,-1.5183564896385433,-0.3956146934825283,5.009425797745306,-0.2508809625979158,0.0033492044086932105,0.0076933182542536505,-0.9679815795199878,0.050635184521190355,-0.1398544611493992,-0.002886182137194818,0.0015430119788106822,-0.005363336867958424,0.030271067043941002,33437,376000000,24.64,0,2,4,-3.983415838431172,-0.16546919892564227,5.007291017667735,-3.983415838431172,-0.16546919892564227,5.007291017667735,140.18820810317993
-2.988831197316232,1.6614941024508862,5.0,-1.5414588638858608,-0.31916101384476403,5.007598067755857,-0.25184505798614626,0.0022439547831048486,0.007778739201650919,-0.9677337044101124,0.249971224987343,-0.15814383543329963,-0.011473274954562882,0.0005172561316157953,-0.006665226010227343,-0.04078921156178694,33437,760000000,23.35,0,2,4,-4.050128697631257,-0.1426119276135242,5.004955118043366,-4.050128697631257,-0.1426119276135242,5.004955118043366,140.77351093292236
-3.0688728493258006,1.6990904859004263,5.0,-1.616041392819292,-0.20665380403645395,5.003089500875313,-0.26225190420899197,0.0010252734705780255,0.007900378270282872,-0.9649665650043293,0.4038324015467955,-0.1757964595174183,-0.018720479858160607,0.001957637459781836,-0.008015979256015271,-0.07493122029700316,33438,144000000,24.53,0,2,4,-4.089637663139568,-0.11235276767620953,5.003333061381504,-4.089637663139568,-0.11235276767620953,5.003333061381504,141.3195779323578
-3.150638659555576,1.7330566388201085,5.0,-1.722683926249874,-0.06684625894533058,4.997123219499392,-0.2764546253363313,-0.0003605922113571942,0.007796324261890256,-0.9609952796093273,0.4826778203877634,-0.1736801848396002,-0.021849577971060817,0.004157772718826891,-0.0072304069362871815,-0.08289592660730705,33438,513000000,27.44,0,2,4,-4.107322747137087,-0.07741488199130221,5.0027773853248165,-4.107322747137087,-0.07741488199130221,5.0027773853248165,141.8571720123291
-3.2339708880394786,1.7632939770863434,5.0,-1.8386799124151791,0.07870214821115698,4.991365792097508,-0.2895706702419771,-0.001477450437921868,0.007385096400626551,-0.957127005379625,0.4800436021482299,-0.15006668008549703,-0.019519195209423003,0.00436798782175174,-0.003975843037551385,-0.05937698188063223,33438,866000000,31.47,0,2,4,-4.113108329314767,-0.040848279857009506,5.003168373942471,-4.113108329314767,-0.040848279857009506,5.003168373942471,142.42018461227417
-3.404672581752349,1.8122200515066011,5.0,-1.9524117196856596,0.2186758703852841,4.987455482596668,-0.29655965526922307,-0.0029699704903764744,0.0022942367793487416,-0.9550069563199453,0.4192542151767804,-0.12605682356551148,-0.007646121975657352,0.05371200713852886,0.0070924038936936995,-0.009305421917815693,33439,223000000,35.85,0,2,4,-4.11384134809216,-0.008215457818678745,5.004302322514541,-4.11384134809216,-0.008215457818678745,5.004302322514541,142.99553775787354
-3.4916961567944793,1.8307449857865232,5.0,-2.0549342668435653,0.3485583702694493,4.988437269123097,-0.29444056764758675,-0.003162086597604597,-0.003864588858613008,-0.9556567471036188,0.3341436220030798,-0.1058105313188709,0.007172219623041075,0.00567494048482331,0.004850196000916185,0.028412393839971628,33439,613000000,39.84,0,2,4,-4.114571913217417,0.016699970539638283,5.005970156269285,-4.114571913217417,0.016699970539638283,5.005970156269285,143.6028974056244
-3.5795948573113288,1.8452142872850619,5.0,-2.134403944794245,0.45026141374041617,4.993346729084159,-0.2815948773684469,-0.0025949548361901076,-0.004448258901841308,-0.95951956949402,0.24685108814607043,-0.08876987391270053,0.0156440003156088,-0.0021605675556202186,0.001716192730327748,0.12756067153532058,33440,35000000,43.07,0,2,4,-4.11874550811971,0.028430316178820185,5.007973214578746,-4.11874550811971,0.028430316178820185,5.007973214578746,144.21505689620972
-3.668181996765292,1.8555650925605742,5.0,-2.195047057415327,0.5393823909782243,5.00295699609314,-0.23591431756484443,-0.0017662667775302323,-0.003703739898554843,-0.9717651966294882,0.12528955774153702,-0.09253414195596438,0.020766177033750312,-0.0045867861445003655,0.0016732805988795008,0.23324575304286554,33440,456000000,44.8,0,2,4,-4.126545952759837,0.023469629094614024,5.009774104680564,-4.126545952759837,0.023469629094614024,5.009774104680564,144.90147280693054
-3.8466503177757674,1.863701659322577,5.0,-2.207523641562589,0.5905385488564551,5.011527207724119,-0.18496063383129213,-0.0009326259789343669,-0.0025729700675632262,-0.9827421197682236,0.028864839432863332,-0.10581130115362028,0.019859871323321295,-0.007513575292250607,0.0025302775839008973,0.2609832299640402,33440,961000000,42.84,0,2,4,-4.13877946738246,-0.0014021832388138348,5.011173457228746,-4.13877946738246,-0.0014021832388138348,5.011173457228746,145.49402737617493
-3.9361346148648746,1.8614047014503705,5.0,-2.191982712377309,0.6339882617216839,5.018984031161312,-0.1296558731300091,-0.00027616910217405735,-0.0014618616720791355,-0.9915579364081424,-0.010712876945419888,-0.09312738894025871,0.013834779947081818,-0.003991234507338959,9.367138815719045e-05,0.23657612764509395,33441,382000000,39.07,0,2,4,-4.148621141133486,-0.03092785509950452,5.011416718722342,-4.148621141133486,-0.03092785509950452,5.011416718722342,146.15201926231384
-4.025514319678319,1.8548245252560556,5.0,-2.1837091442903045,0.6684173840463603,5.023172550167164,-0.08322087285342183,-0.00025162337303136147,-0.0005292246780632249,-0.9965309543252696,0.019118906495354554,-0.07019508099602664,0.005039510598720904,-0.004313980844017351,-0.0012495736314122041,0.17360789643134922,33441,837000000,34.5,0,2,4,-4.158044622533896,-0.06624080848940465,5.010807495754991,-4.158044622533896,-0.06624080848940465,5.010807495754991,146.81880712509155
-4.11458144772037,1.8439434215393662,5.0,-2.1985987008243213,0.6964876138148766,5.023444317850205,-0.055523010440620246,-0.0004629174525983108,0.00045949824126782757,-0.9984571948162871,0.08119234795253097,-0.06324073923750193,-0.003754836637976818,-0.0053895628752798075,-0.0017219324263351155,0.08452669353573583,33442,271000000,30.67,0,2,4,-4.164586263122675,-0.09679340136851008,5.009696915883546,-4.164586263122675,-0.09679340136851008,5.009696915883546,147.40639781951904
-4.290931179713607,1.809258217798236,5.0,-2.2432901737376953,0.7268815245112018,5.020361390326925,-0.04379215864709196,-0.000787310363308722,0.0015305409811345845,-0.9990391806269285,0.15584067704437166,-0.0692164514269056,-0.011849482379737571,-0.005566896243180963,-0.0019625914092102903,0.040740996337262914,33442,675000000,28.92,0,2,4,-4.168698621384438,-0.12165303276580955,5.008452089926128,-4.168698621384438,-0.12165303276580955,5.008452089926128,147.98649287223816
-4.3777843609793425,1.7854702396286055,5.0,-2.3233999311429394,0.7656997976257417,5.01419007956975,-0.03736289520253744,-0.0012246877476297692,0.002750654647514556,-0.999297227105637,0.24262424595009735,-0.0869091702422404,-0.018536589699725485,-0.0058666365021053934,-0.0027488355271998444,0.020490605129452888,33443,60000000,29.29,0,2,4,-4.170836951281756,-0.14193800661630013,5.007357851630438,-4.170836951281756,-0.14193800661630013,5.007357851630438,148.60195469856262
-4.463467114098955,1.757414147020783,5.0,-2.46158529073074,0.8248864106130284,5.00460594736814,-0.03362118107778589,-0.0018780102429609615,0.003910483471280256,-0.9994252335114832,0.3115350964863872,-0.1089499016166218,-0.02171032094817927,-0.003545424215189996,-0.002447293309160159,0.011463249029475264,33443,480000000,30.87,0,2,4,-4.171473199360947,-0.15917316580154012,5.006534884747853,-4.171473199360947,-0.15917316580154012,5.006534884747853,149.25547909736633
-4.54776098223119,1.7251254755365253,5.0,-2.6048051141043813,0.8944660927562209,4.9956458264705565,-0.030842434944047814,-0.0022385229880582834,0.004554922678767785,-0.9995113735725795,0.2741354872492528,-0.14906093238024903,-0.01922770087759621,-0.0020324762999734958,-0.0002701650089420582,0.01343596541119041,33443,981000000,34.26,0,2,4,-4.170436404095062,-0.1780504239986012,5.006159680210144,-4.170436404095062,-0.1780504239986012,5.006159680210144,149.95023107528687
-4.711306235361156,1.6480498898808675,5.0,-2.6934785787765194,0.9675988579514648,4.989893878842486,-0.021572390410553144,-0.001964990656587024,0.005160469964532175,-0.9997520394244961,0.17051031230620323,-0.19240345989274615,-0.014370285875894676,-0.004847542777497438,0.00454870664725604,0.11933653222513385,33444,470000000,38.45,0,2,4,-4.167634416997107,-0.19645875263459414,5.006419174428778,-4.167634416997107,-0.19645875263459414,5.006419174428778,150.504896402359
-4.790120476949589,1.6033919925910052,5.0,-2.7352028989429242,1.058682037764073,4.986352937619702,0.014406434017308012,-0.0008973527345992639,0.006190341505538223,-0.9998766569377542,0.0385292534578021,-0.2339215678393832,-0.007913419340811561,-0.005346559737517964,0.007202693859653664,0.22461458429461345,33444,871000000,41.22,0,2,4,-4.164595236830784,-0.21291623875362095,5.006972268782852,-4.164595236830784,-0.21291623875362095,5.006972268782852,151.11737179756165
-4.866672780420349,1.5547598823221744,5.0,-2.735906517144024,1.1678709962287355,4.985773761274337,0.06881828609264162,0.00017182763574475658,0.0069716900083454485,-0.9976048363520309,-0.06760157270427367,-0.25472717095586866,-0.00158468760976131,-0.0016554281387470837,0.005524658172362251,0.2614625671412796,33445,290000000,40.29,0,2,4,-4.188251201117705,-0.24700172637265547,5.007189303678015,-4.188251201117705,-0.24700172637265547,5.007189303678015,151.72784113883972
-4.940748158433628,1.502248032917247,5.0,-2.72014426094032,1.271274817097361,4.987799274571122,0.11921852593222693,0.0005377676918893381,0.006341434870028369,-0.9928476419291359,-0.0748672048917307,-0.22122066824456219,0.005210849351079825,0.008262962091976078,-0.0003407157265655769,0.2272401558002457,33445,720000000,36.38,0,2,4,-4.256013419945925,-0.31372508399082805,5.006467331641129,-4.256013419945925,-0.31372508399082805,5.006467331641129,152.29566836357117
-5.012134241778318,1.4459630965622292,5.0,-2.7238470249966453,1.3434149667209978,4.991627243540474,0.1527642237485493,0.00018583378302489129,0.004974105462902946,-0.988250128096704,0.001609674686819365,-0.17296712670308872,0.010598385788530168,0.007144202936615329,-0.0032621174341329606,0.10720960126491264,33446,132000000,32.13,0,2,4,-4.335428799415088,-0.3909766702750192,5.005539852648101,-4.335428799415088,-0.3909766702750192,5.005539852648101,152.82201027870178
-5.080621967492752,1.3860239584408682,5.0,-2.7586467884328116,1.3874085879876565,4.996100380217469,0.1623893013477642,-0.0003071100368728114,0.003931082026540996,-0.9867188895958721,0.11394318344062557,-0.142581825600139,0.012138317921975717,0.0037127875884834793,-0.003845469564112136,0.0177741123479791,33446,483000000,29.43,0,2,4,-4.3995388309204415,-0.4534512240568826,5.004815777135273,-4.3995388309204415,-0.4534512240568826,5.004815777135273,153.34846925735474
-5.146006284404249,1.3225617551199518,5.0,-2.833390189832137,1.4125701937768387,5.000601424873891,0.16212155585696808,-0.0008835708974036947,0.0033296257055239068,-0.9867647815065382,0.22808601249931826,-0.12621679661978996,0.010224550607493794,0.0015961446706569404,-0.003882829514623154,-0.012722921474050963,33446,837000000,29.45,0,2,4,-4.447405894366286,-0.4976720697372082,5.00443207836237,-4.447405894366286,-0.4976720697372082,5.00443207836237,153.85726618766785
-5.20808687451648,1.2557198547530424,5.0,-2.940634710262614,1.4225591556759207,5.004037322708195,0.15945222435290968,-0.0014990673595298297,0.003027147191742708,-0.9871998669599993,0.30805310518120554,-0.11569874996774487,0.006342739701644937,0.0005799538769224455,-0.0035380267718210234,-0.01181844627353712,33447,183000000,30.97,0,2,4,-4.480960246028879,-0.5255768368074009,5.004550383699339,-4.480960246028879,-0.5255768368074009,5.004550383699339,154.36936330795288
-5.266668888515909,1.1856537972215457,5.0,-3.058987294757481,1.423106650334256,5.006035140521807,0.15826128902653602,-0.0019962399309306177,0.0028193043654384225,-0.987391224867171,0.3406631186496422,-0.10460849684030718,0.002396918436308309,0.0010731915722317353,-0.002473534163982549,0.0015268600918716402,33447,540000000,33.14,0,2,4,-4.5069905531005885,-0.5460633868251229,5.005139121326853,-4.5069905531005885,-0.5460633868251229,5.005139121326853,154.87947964668274
-5.372589630922011,1.0365315745723227,5.0,-3.1865392307674476,1.4180702445418478,5.006853453302239,0.16006575660248534,-0.0022921520791471736,0.002533848763739339,-0.987100440285872,0.3315357053429175,-0.0905411098095232,-0.000996489325427178,0.0016836500094541407,-0.0010502276495572005,0.021778087102575228,33447,885000000,35.38,0,2,4,-4.52372609873709,-0.5627914153368027,5.006000586383097,-4.52372609873709,-0.5627914153368027,5.006000586383097,155.38896012306213
-5.419572782380206,0.9578462118343007,5.0,-3.2919741440617076,1.4109592927252625,5.006721112296258,0.16460100366848274,-0.002371362079288629,0.002258415993706507,-0.9863547971143124,0.30767352527658104,-0.07849020679169114,-0.0029758099588329955,0.0016752530200392357,-0.00042003773614851525,0.03543145503499545,33448,239000000,37.63,0,2,4,-4.533633665631452,-0.5826304095456928,5.007029337252511,-4.533633665631452,-0.5826304095456928,5.007029337252511,155.8906011581421
-5.46234774110858,0.8766778679051002,5.0,-3.400029050898311,1.4005906568203048,5.005954571768136,0.1720534003246334,-0.002345349910235093,0.0019286876418777965,-0.9850829441902391,0.2741460626966395,-0.06636822397463332,-0.00393104348348423,0.001975706663870369,0.0005944721863215818,0.05058687129348982,33448,566000000,39.37,0,2,4,-4.535852495501205,-0.6046628978516333,5.007892406320496,-4.535852495501205,-0.6046628978516333,5.007892406320496,156.41542506217957
-5.500758386356226,0.7932405157210881,5.0,-3.497912286736525,1.3888722006393088,5.00494945568385,0.1827542436687487,-0.0021290606768256865,0.0015971637511456198,-0.9831550246983688,0.22980621046912555,-0.05588929375595962,-0.003541912715230535,0.0017312812815362122,0.0012250447298356448,0.06423938539228402,33448,926000000,41.13,0,2,4,-4.531158619537846,-0.6356037123894357,5.008717075735729,-4.531158619537846,-0.6356037123894357,5.008717075735729,156.95184779167175
-5.53465865806953,0.7077590007991627,5.0,-3.574554443458342,1.3783617516654456,5.004180989038482,0.19490215100064878,-0.001852494926428876,0.0013255824659292766,-0.9808200459967127,0.18736318159167578,-0.047871318202008725,-0.00233177174725929,0.0016704349945939612,0.0015981887372618075,0.07371757965302095,33449,301000000,42.63,0,2,4,-4.51839273538819,-0.6750098138851496,5.009286854676509,-4.51839273538819,-0.6750098138851496,5.009286854676509,157.51473236083984
-5.563913328919968,0.6204686532182451,5.0,-3.641926066897028,1.368505542877799,5.003842054564413,0.21208063977191755,-0.001504184225284254,0.001115183240196989,-0.9772503753031212,0.14259643547321427,-0.041227515653975075,-0.0005687825117331488,0.0007562177358977351,0.0016464686723338673,0.11299824618618004,33449,663000000,43.7,0,2,4,-4.499603248248839,-0.7173453630208793,5.009483362329938,-4.499603248248839,-0.7173453630208793,5.009483362329938,158.11261367797852
-5.588398770606261,0.5316148469865358,5.0,-3.690925295294342,1.3613591958134728,5.0040785988691745,0.23559206988490922,-0.0012247330788146477,0.0010545015635162025,-0.9718506905192188,0.10882237575247466,-0.03718826632643764,0.0010527943241302803,0.000280804025010184,0.0014695229083372396,0.14142558356979862,33450,76000000,44.27,0,2,4,-4.47218656603196,-0.7677293812741552,5.009318691386139,-4.47218656603196,-0.7677293812741552,5.009318691386139,158.6478521823883
-5.608003711183438,0.44145250573565586,5.0,-3.7276828166694123,1.3557290784200964,5.0047932065646625,-0.26122909659403026,0.0010081947636873425,-0.001021617165796583,0.96527576315494,0.08844056764685983,-0.03339602292055374,0.002227527659030456,0.0005129289945671189,0.0011250326110712194,0.1490716662374325,33450,443000000,43.75,0,2,4,-4.440739767799423,-0.8170154957224547,5.008830123773672,-4.440739767799423,-0.8170154957224547,5.008830123773672,159.1897075176239
-5.62262998000515,0.3502455538454226,5.0,-3.779090757952146,1.3440345609604678,5.0065042865174965,-0.3011449822217313,0.0008003403288408669,-0.0008922629322376636,0.9535776124704747,0.08246636808046316,-0.0267222490035768,0.002924711299071232,0.0005614262079234322,0.00033285103882008116,0.12548394734039903,33450,817000000,42.77,0,2,4,-4.404799110744818,-0.8662977939132981,5.00812870021371,-4.404799110744818,-0.8662977939132981,5.00812870021371,160.0111734867096
-5.6366236804729155,0.16579483862679936,5.0,-3.830366464949176,1.3242838288455903,5.008446301255229,-0.34410513405354654,0.0008183872902967994,-0.0007578830445456752,0.9389304620543124,0.088616351664603,-0.024992436857466476,0.0029832614081656906,-1.7772042149033496e-05,-0.0003146616990079565,0.17238610016647726,33451,413000000,41.06,0,2,4,-4.34348649015284,-0.9387831606308714,5.00701927853387,-4.34348649015284,-0.9387831606308714,5.00701927853387,160.90771627426147
-5.629883710449162,-0.01947024428380043,5.0,-3.8719391346718126,1.3036727793209928,5.007573456998051,-0.44790649170587254,0.014425108603879345,-0.04966863773823721,0.8925831711133316,0.07318451132548265,-0.033820711985513355,-0.013451727008181081,-0.27603851922322065,0.11280428152531385,0.8129533031024039,33452,29000000,39.03,0,2,4,-4.271982191119471,-1.0102022906598638,5.006088597195375,-4.271982191119471,-1.0102022906598638,5.006088597195375,161.62406396865845
-5.61865242203085,-0.11167178091919192,5.0,-3.9068948525854807,1.3062970357021688,4.997979210891101,-0.6407466894736085,0.028296387183987512,-0.11390026091634693,0.7587290194556504,-0.06322621092008907,-0.06497605847016902,-0.03771049295884848,-0.12887443735962734,0.15882700245128945,0.7671909232158214,33452,541000000,28.69,0,2,4,-4.2085621992292745,-1.06454541721964,5.005735122431014,-4.2085621992292745,-1.06454541721964,5.005735122431014,162.45494675636292
-5.5804423759517086,-0.2936973719598432,5.0,-3.9498305273353833,1.382967952566991,5.000631273133067,-0.7443041950809971,0.03959097938535481,-0.14016836699504434,0.6517642583251096,-0.28640014701184213,-0.11646401295212765,-0.024129727767261452,-0.055561322733410634,0.04689161687565502,0.3553583548637107,33453,111000000,7.86,0,2,4,-4.131661339642021,-1.119805084831639,5.005758711895018,-4.131661339642021,-1.119805084831639,5.005758711895018,163.12334871292114
-5.553506907881683,-0.38290506286009296,5.0,-4.0721056692680815,1.5852965799125491,5.063602310306068,-0.7926515856992995,0.06347097920562317,-0.15401849525286634,0.5864752352888465,-0.507591749687101,-0.16503644215615,0.046081625217823094,-0.07462787107215263,0.012127783065807307,0.2599177008960396,33453,592000000,12.7,0,2,4,-4.055638996933213,-1.1655764981023713,5.0060610652042685,-4.055638996933213,-1.1655764981023713,5.0060610652042685,163.89484357833862
-5.484222145100808,-0.5561561147666688,5.0,-4.22338060256582,1.8233577152170048,5.1835484253328055,-0.8253928463943857,0.08803980463719255,-0.15991786289164847,0.5342302116584073,-0.5846043403923008,-0.1415379965102794,0.14846219183955414,-0.06772490742150694,-0.015277216425602091,0.1947800104971975,33454,151000000,15.74,0,2,4,-3.9586459617078846,-1.2151231207003845,5.006586488408764,-3.9586459617078846,-1.2151231207003845,5.006586488408764,164.63250517845154
-5.442028892397166,-0.6395771442850378,5.0,-4.376872986174754,2.069977531065275,5.335038700095708,-0.8502149733276811,0.10940265853458817,-0.16095940291427882,0.48913968153120985,-0.6046301459585257,-0.10303916747735889,0.13495983541763232,-0.04688648150477093,0.013813698569720145,0.208690830913838,33454,660000000,17.08,0,2,4,-3.8636780351350692,-1.2557820936399544,5.006990646747872,-3.8636780351350692,-1.2557820936399544,5.006990646747872,165.36251282691956
-5.394938289305385,-0.7204492827602554,5.0,-4.612552188200408,2.3815389638346462,5.461116254538962,-0.8789551485921625,0.1277687540828402,-0.170943898449519,0.4264870171837927,-0.5762732056857185,-0.046479966541055164,-0.03248825551296167,-0.04019440930278506,0.05569579006987624,0.17999337724177167,33455,191000000,18.45,0,2,4,-3.766443408798796,-1.290408350839528,5.007134171506269,-3.766443408798796,-1.290408350839528,5.007134171506269,166.29508090019226
-5.286593714276308,-0.8733278962592992,5.0,-4.840226602837513,2.6022093564423967,5.4841297556526944,-0.8962033428827214,0.13931327853963144,-0.18164358922898372,0.3800223481854541,-0.5403720329979992,-0.030129877798342773,-0.15244946875964518,-0.03575952068786137,0.044480367068899795,0.15239344793371856,33455,863000000,21.51,0,2,4,-3.63818647699107,-1.3264813769509038,5.006886396884476,-3.63818647699107,-1.3264813769509038,5.006886396884476,167.09754276275635
-5.160445885414503,-1.0124057225364496,5.0,-5.059961921263777,2.6811981422114615,5.420211788409851,-0.9043915629299313,0.13720957233430245,-0.16293106993317327,0.36973355353744314,-0.03351161252366056,-0.2691569137587208,-0.46595735797517907,0.05025732061767485,-0.18314811604795977,-0.06291920362855308,33456,429000000,23.56,0,2,4,-3.5323836636677375,-1.3489447246331507,5.006375377607068,-3.5323836636677375,-1.3489447246331507,5.006375377607068,167.8361599445343
-5.091176207556139,-1.076053313764426,5.0,-5.197997090811321,2.468680754442334,5.21641180751771,-0.8916171947958522,0.15228866766847413,-0.12419670637669453,0.4079241568837491,0.46396644974083906,-0.41555980212377025,-0.8348279915240072,-0.03269983862992376,-0.2893568220315501,-0.268648040946573,33456,954000000,21.97,0,2,4,-3.4336474505453585,-1.3647110565022722,5.0057178854588615,-3.4336474505453585,-1.3647110565022722,5.0057178854588615,168.45967769622803
-4.941379274201433,-1.1902148176291472,5.0,-5.300152357435907,2.0407857428909923,4.877167016326007,-0.8552225694431304,0.17089386116928612,-0.0712509830082131,0.4840588211675374,0.8513658288027621,-0.40760357070356834,-1.0421237038603197,0.10403363266959786,-0.31173183233477175,-0.37449652154464275,33457,373000000,14.32,0,2,4,-3.353002480379496,-1.3740332526586039,5.005131064286125,-3.353002480379496,-1.3740332526586039,5.005131064286125,169.1169993877411
-4.861363588304209,-1.2402228705937084,5.0,-5.36603323851494,1.4732548630391773,4.561178502287849,-0.8069753908042563,0.1638609519692011,-0.010872665608685717,0.5672936560535702,1.1398892639007414,-0.3730882651209916,-0.9341307093759568,0.2785078017041087,-0.23332113632932305,-0.4388738831039518,33457,817000000,0.95,0,2,4,-3.2626715240868642,-1.3807727507512226,5.0045061222058544,-3.2626715240868642,-1.3807727507512226,5.0045061222058544,169.77247524261475
-4.778308691455196,-1.2852010857470126,5.0,-5.411243287797026,0.9232828287797695,4.387511332800209,-0.75622564821392,0.14519576593777106,0.033342539732966206,0.6371257596278275,1.2845735187205032,-0.2699160421829845,-0.7063458191097889,0.257226379471831,-0.13823859335388988,-0.47919597709551454,33458,252000000,16.33,0,2,4,-3.1770249744548256,-1.3835593557408983,5.0039983490515985,-3.1770249744548256,-1.3835593557408983,5.0039983490515985,170.33445000648499
-4.692516355220243,-1.3249324879979623,5.0,-5.45695754631235,0.39132883392163,4.311742701520499,-0.704740738478009,0.1275692066262165,0.0577429828710096,0.6955086893629628,1.2215452267116123,-0.0980429407926912,-0.43434507639301667,0.1351173094008118,0.0067686522470467025,-0.32647265470586717,33458,636000000,33.42,0,2,4,-3.095919667458153,-1.3829653285063848,5.003609440952275,-3.095919667458153,-1.3829653285063848,5.003609440952275,170.9098482131958
-4.514011774210335,-1.3878731555776789,5.0,-5.4935552829384315,-0.06466268660816546,4.315137278200237,-0.6757583501192498,0.1064423242304532,0.055410895064135365,0.7272897060764162,0.9689548115579625,-0.008290482165386236,-0.13216561484588465,0.056268889966304414,0.1239703080500476,-0.14760061458218843,33459,6000000,50.95,0,2,4,-3.0109104563601234,-1.3789380541126437,5.003320359828106,-3.0109104563601234,-1.3789380541126437,5.003320359828106,171.45296812057495
-4.421985826607609,-1.4107388887183527,5.0,-5.555014622919624,-0.5284642730804964,4.461831290695889,-0.6646665012261331,0.05854499517735601,0.03273202148522546,0.7441233368582015,0.519693190436697,-0.07900012209111752,0.2683980398316665,0.04886728092969861,0.14931605983292684,-0.015808004536665976,33459,411000000,64.87,0,2,4,-2.9169450924975666,-1.3701744601374413,5.003218527130169,-2.9169450924975666,-1.3701744601374413,5.003218527130169,172.40177154541016
-4.234212049709711,-1.4385586417559681,5.0,-5.634284653642712,-0.7074797554709079,4.686395173932028,-0.6662043602517125,0.025870559662017126,0.020202265805409538,0.7450465307487228,0.2695342668410209,-0.14464285545630437,0.467324740869451,0.044854557927465066,0.0904737382370513,0.01500325834058458,33460,71000000,79.05,0,2,4,-2.7537487698993792,-1.339867860586448,5.003861268282565,-2.7537487698993792,-1.339867860586448,5.003861268282565,173.16189312934875
-4.13923338756614,-1.4432997137763375,5.0,-5.737200037594033,-0.7745997537954266,4.957281624456389,-0.7106814408748485,0.010029089778259573,0.021429416030217384,0.7031159840900165,0.06262727596531409,-0.23014549029103346,0.5319009460257133,0.029228437779238448,-0.014430055125558283,0.5381625087466091,33460,604000000,84.93,0,2,4,-2.623856705952328,-1.2983565996623303,5.004509709088679,-2.623856705952328,-1.2983565996623303,5.004509709088679,173.90464425086975
-3.9490968824942665,-1.4340968839754855,5.0,-5.880835260048364,-0.7653813784973781,5.236149670057894,-0.8142535337680195,0.008942330701446176,0.0351100432188914,0.5793776853944983,-0.1215047221174717,-0.25633431263335715,0.561960776422711,0.006534350904985331,-0.06640855353907682,0.6655149860307574,33461,133000000,81.0,0,2,4,-2.5129997203903236,-1.249303557499949,5.004721924196112,-2.5129997203903236,-1.249303557499949,5.004721924196112,174.62286376953125
-3.8547670261357823,-1.4200928255936496,5.0,-6.0492100729322384,-0.7340619286822612,5.542735356125097,-0.8927371520570171,0.008143161368976203,0.04913913239239194,0.4478162702803101,-0.11616991478059033,-0.1777898517469705,0.5611376679571407,0.008175618131645024,-0.020205554210406262,0.38050889561418444,33461,648000000,64.28,0,2,4,-2.4151811484642374,-1.193675040457587,5.0044852420652886,-2.4151811484642374,-1.193675040457587,5.0044852420652886,175.39245295524597
-3.669699527147076,-1.3733382131263714,5.0,-6.14390401254947,-0.7331278299038346,5.793097035793788,-0.9229962943258201,-0.0007342420537921508,0.04824521807956511,0.38177179110283377,-0.022087318942578142,-0.03247050170496021,0.3258053899532894,0.012999905084143393,0.043095612272736616,0.1527547268779017,33462,202000000,49.15,0,2,4,-2.319665080646173,-1.126425689242108,5.003950120351741,-2.319665080646173,-1.126425689242108,5.003950120351741,176.17222118377686
-3.5798184980862184,-1.340698514002861,5.0,-6.126575197169287,-0.7314700293498326,5.87449665029868,-0.9321373314014346,-0.009849368999532593,0.04363282367188292,0.35933154890232133,0.13416800568043025,0.1146663928374169,0.019129612878127186,0.039475372977904044,0.01064659209077945,0.0655047086183913,33462,737000000,43.37,0,2,4,-2.234438735057921,-1.0549479269250324,5.003486965167302,-2.234438735057921,-1.0549479269250324,5.003486965167302,176.82496619224548
-3.4922782081715784,-1.3020080000147989,5.0,-6.014330720286754,-0.7392618966567007,5.835610186995848,-0.936706706340025,-0.016553040328949845,0.04505215331483432,0.3468095250064311,0.3360266658864586,0.2218216227688344,-0.2918135781735051,0.028158029635960702,0.0023246506543728174,0.09773686906555668,33463,193000000,41.68,0,2,4,-2.160799917703004,-0.9957832268796923,5.00324006334469,-2.160799917703004,-0.9957832268796923,5.00324006334469,177.36657118797302
-3.4075055759769564,-1.2573982493631848,5.0,-5.807484551848217,-0.771148404540221,5.684280380716414,-0.9452148340506862,-0.020578142127602332,0.047792845301060476,0.3222751952836872,0.5292602942080341,0.26018151006194706,-0.5817866156112028,0.001492092712851445,-0.016496360694873147,0.1871621614554897,33463,568000000,40.76,0,2,4,-2.081471370121736,-0.9527348778195858,5.003916890957863,-2.081471370121736,-0.9527348778195858,5.003916890957863,177.90860271453857
-3.247946282581665,-1.151103907610978,5.0,-5.544445017373686,-0.821165563440621,5.45357768776925,-0.9574525506365752,-0.018123386337241133,0.05103340272873794,0.2834638388809294,0.6129035515648781,0.2274352287826678,-0.7229192349428877,-0.04360704479040578,-0.02137004612450255,0.23172322835307568,33463,944000000,38.33,0,2,4,-1.9900486260001127,-0.9163263062789494,5.005802857838485,-1.9900486260001127,-0.9163263062789494,5.005802857838485,178.4803867340088
-3.173981799655357,-1.08983952153489,5.0,-5.263991811545864,-0.8752317799704101,5.188454300610092,-0.9693685020488627,-0.0102949810200909,0.05233373689572915,0.2397496623227397,0.5781554536138309,0.16995938510272607,-0.7199567756564833,-0.05182217792025767,-0.028168602329969872,0.21425383893074468,33464,326000000,34.23,0,2,4,-1.8896773486541318,-0.8852524749769214,5.008433756840644,-1.8896773486541318,-0.8852524749769214,5.008433756840644,179.03792262077332
-3.104424524471549,-1.0234962470043503,5.0,-5.042947202251418,-0.9146640551617604,4.962252480436925,-0.9771677291262486,-0.004785372206504237,0.053922158100730075,0.20545736840730527,0.4767860334007542,0.1106087618635456,-0.6483129263500129,-0.021006851420679595,-0.01158200366262463,0.1708547060843557,33464,727000000,29.35,0,2,4,-1.7737951242760899,-0.8612099127866938,5.010662252658418,-1.7737951242760899,-0.8612099127866938,5.010662252658418,179.57057809829712
-3.0396553185209894,-0.9523625059581973,5.0,-4.865379478852409,-0.9488770512949901,4.756937475338349,-0.9825509461310458,-0.0036695406874939426,0.052335311769922614,0.1784409926840645,0.33665067381238156,0.04326646793258702,-0.5175754297040907,-0.004628220403901651,0.018678857304621488,0.11750986959668808,33465,93000000,25.43,0,2,4,-1.6622808602699146,-0.8484002774542481,5.011203788157213,-1.6622808602699146,-0.8484002774542481,5.011203788157213,180.09178042411804
-2.980038460824571,-0.8767573544618206,5.0,-4.756404211485476,-0.9773545067752484,4.608250439935661,-0.9858327191837304,-0.004351481418133463,0.046465718126355,0.16110819791457526,0.20721533106951057,-0.007335746271917956,-0.3610925715122135,-0.0059228351346973795,0.04022402463306207,0.07913424051366746,33465,468000000,22.45,0,2,4,-1.539997132680725,-0.8427249184579879,5.009919273093579,-1.539997132680725,-0.8427249184579879,5.009919273093579,180.61732625961304
-2.9259191094683263,-0.7970297927898848,5.0,-4.698725029519257,-1.0045971153173057,4.510973046368125,-0.9881160915443119,-0.004606075180165172,0.03768780166913725,0.14894631015226717,0.08747025244621873,-0.044244610323465834,-0.17291594597550425,-0.010151825608772924,0.04655857010220643,0.05352553889679257,33465,821000000,20.89,0,2,4,-1.4220555678879627,-0.8426707125834796,5.007000574764573,-1.4220555678879627,-0.8426707125834796,5.007000574764573,181.16703510284424
-2.87762075564036,-0.7135578685927886,5.0,-4.689787112885529,-1.0294269272769982,4.482889402375961,-0.9897100135144149,-0.00415310893179199,0.029049581296298175,0.14004628756952708,-0.008679917555105218,-0.06708466496325813,0.021222643083785995,-0.011208396972506307,0.04031841817777604,0.04489846069191117,33466,206000000,20.24,0,2,4,-1.296768952851722,-0.8398080082258326,5.001115030200106,-1.296768952851722,-0.8398080082258326,5.001115030200106,181.7255482673645
-2.835442685871385,-0.6267475664967088,5.0,-4.714331198009259,-1.0505866164369562,4.521777976674316,-0.9909692044565508,-0.0037190294309449416,0.022628965027027468,0.13211409682788627,-0.07187976870398186,-0.07619560548692869,0.19747899799109636,-0.007357696449616924,0.030518225685227662,0.04734056528832298,33466,597000000,19.74,0,2,4,-1.1771580485674091,-0.8422766314173151,4.99510997389064,-1.1771580485674091,-0.8422766314173151,4.99510997389064,182.26022338867188
-2.7996574692572436,-0.5370314784908558,5.0,-4.758738976499278,-1.0696796400274766,4.626672879986217,-0.992258382916719,-0.0036140379649073047,0.01770550213284748,0.12286885470008102,-0.09484967147653664,-0.0690013386157026,0.34737588489197285,-0.0041723993945197435,0.022958900990488473,0.05104163610667456,33466,950000000,18.83,0,2,4,-1.0730220230717873,-0.8556000169212123,4.992127299967598,-1.0730220230717873,-0.8556000169212123,4.992127299967598,182.80344247817993
-2.7705084874816763,-0.44486725058763915,5.0,-4.797807895126704,-1.0829512997191435,4.758958770964857,-0.9933245556656556,-0.003535856618871994,0.014358777199681502,0.11440126899177377,-0.07682175684703314,-0.04888803871629581,0.4183011024148122,-0.004533681703833281,0.015776464169903193,0.04725603939732537,33467,329000000,17.35,0,2,4,-0.9750943535318775,-0.8785914468078819,4.9925604242073,-0.9750943535318775,-0.8785914468078819,4.9925604242073,183.34133625030518
-2.7482075264478603,-0.350735802504131,5.0,-4.823205726214078,-1.090810638498223,4.911462146831051,-0.9942165640589671,-0.0034898280861437305,0.012033606631092042,0.1066603823458303,-0.024770424794499417,-0.013842655823115921,0.4162011208361916,0.0003289935662564858,0.007901885237515671,0.038502031748066656,33467,661000000,15.85,0,2,4,-0.8983233119843355,-0.9054478938760335,4.9958036313215235,-0.8983233119843355,-0.9054478938760335,4.9958036313215235,183.88450956344604
-2.724824971108223,-0.15859900911057498,5.0,-4.822778217317738,-1.089427727869959,5.060431702245259,-0.9949284065478392,-0.004001247193410962,0.010940715959781558,0.09990874135611,0.043923815161907076,0.029844339672767888,0.3571791499167672,0.004106881351617631,0.0023736863795420504,0.03395162275410257,33468,26000000,14.44,0,2,4,-0.8309078702668211,-0.9384252372176729,5.001500288479817,-0.8309078702668211,-0.9384252372176729,5.001500288479817,184.4384205341339
-2.7239885575064235,-0.06165264491862666,5.0,-4.789114801818567,-1.0750509910567023,5.185572058486987,-0.9956163802251761,-0.005231596977003875,0.010903868287919581,0.09274567093264946,0.12226963369516497,0.08273107884016753,0.2564092363188559,0.00832504001664347,-0.003332174719616887,0.04116614691156428,33468,412000000,13.24,0,2,4,-0.7809299584554462,-0.9750970941581808,5.009036653562177,-0.7809299584554462,-0.9750970941581808,5.009036653562177,185.01999878883362
-2.730486467711441,0.03514813417843812,5.0,-4.728440555189216,-1.048223404383931,5.260023722582551,-0.9963629082129146,-0.006194325137221864,0.011286012772448565,0.08423307776223049,0.1888393776085301,0.1251412948117706,0.14386964884314066,0.00267831248947914,0.0024865747946023475,0.05692130434908904,33468,805000000,12.09,0,2,4,-0.7572350052182042,-1.0113834354271383,5.017272342615386,-0.7572350052182042,-1.0113834354271383,5.017272342615386,185.5775706768036
-2.7443399660226797,0.1312407294709807,5.0,-4.63949110422917,-1.0089970000688677,5.292574443537085,-0.9973416463753968,-0.006467227543616464,0.010281783911670478,0.07184775774306207,0.23701580172760778,0.14781083243176588,0.014930433602904766,-0.0025288610231655184,0.008976286790129961,0.07493427328881808,33469,174000000,10.87,0,2,4,-0.764391548076978,-1.0374510298487918,5.0236286559745595,-0.764391548076978,-1.0374510298487918,5.0236286559745595,186.12575817108154
-2.765526723775945,0.22605470640676142,5.0,-4.5380849093341125,-0.9646437710262905,5.27701038635512,-0.9983313924169495,-0.006473305829735588,0.0086295409122229,0.056727931833564504,0.2517399406134285,0.14511407737337914,-0.10476046496503892,-0.0015056557458592579,0.00840330649225507,0.08271510596387088,33469,553000000,9.17,0,2,4,-0.8034075325110233,-1.0499930055650584,5.027347798854877,-0.8034075325110233,-1.0499930055650584,5.027347798854877,186.64852261543274
-2.793979435212246,0.31901512081565536,5.0,-4.458897267531767,-0.9302848345963864,5.234900503770995,-0.9989597331158382,-0.006514103074536878,0.0075814716656027676,0.04449201458297014,0.24014082965904496,0.12881173882959146,-0.1795045189821709,-0.0033447376836193143,0.0061798082697350765,0.07619117095600814,33469,929000000,7.26,0,2,4,-0.8717246540393916,-1.034775575406728,5.026946899296182,-0.8717246540393916,-1.034775575406728,5.026946899296182,187.20131158828735
-2.829584670417623,0.40954603682440355,5.0,-4.375384446826681,-0.89499871214937,5.161233428268087,-0.9994253030474176,-0.0058904232683253295,0.006427413176032588,0.03275751672763971,0.19750117671246717,0.09539029471718227,-0.2263471599199503,-0.006617974122491432,0.005859587190570892,0.04938818674418144,33470,231000000,5.78,0,2,4,-0.9422941916257221,-1.0052754349710586,5.023262932417275,-0.9422941916257221,-1.0052754349710586,5.023262932417275,187.72561478614807
-2.8721819883953725,0.497074222526359,5.0,-4.311295727233673,-0.8696657124397869,5.078278684229522,-0.999634421882865,-0.004806552049319177,0.0053776592432795865,0.02605763660369881,0.14399124235731628,0.06122328212499846,-0.23228656475255072,-0.006448562317018514,0.004099538318769191,0.024737904459470883,33470,583000000,4.17,0,2,4,-1.0398396617635692,-0.9594012650358273,5.015432625699516,-1.0398396617635692,-0.9594012650358273,5.015432625699516,188.24017572402954
-2.9215633329804627,0.5810330070037255,5.0,-4.267465206261033,-0.8547285223599701,4.998139135598694,-0.9997169195671556,-0.003804825068577047,0.004644530058761289,0.023022432058501574,0.0922971301475466,0.03019524206039994,-0.20946129469393066,-0.004636158155335579,0.0030729510172022856,0.009260322894988349,33470,949000000,2.93,0,2,4,-1.1403887718544727,-0.9125147126003285,5.00573376102053,-1.1403887718544727,-0.9125147126003285,5.00573376102053,188.75958442687988
-2.977472733724384,0.6608662797593143,5.0,-4.2397758859624455,-0.8495069647299264,4.924047362003137,-0.9997446415385551,-0.0029530597520635643,0.0039557605554087685,0.022051827848839523,0.045173976998913,0.0013507533340210197,-0.1576945886929061,-0.0037307306001821416,0.003295847977824451,0.0018977866488967265,33471,311000000,2.53,0,2,4,-1.2427300748814158,-0.8637578380402431,4.995685215309869,-1.2427300748814158,-0.8637578380402431,4.995685215309869,189.3522424697876
-3.039606333049361,0.7360326110174092,5.0,-4.228868889267397,-0.8531327738089539,4.875668003022791,-0.9997539705919272,-0.002225583105555631,0.003256384434875536,0.02182752908435165,0.014820023765800416,-0.01678317050125607,-0.0949241205187548,-0.0038476791360153584,0.0036381121617523604,0.0014585992403226555,33471,708000000,3.48,0,2,4,-1.3574093503994678,-0.806119515312741,4.985680693140558,-1.3574093503994678,-0.806119515312741,4.985680693140558,189.88385152816772
-3.1810938685625367,0.8702975053934883,5.0,-4.227055881354529,-0.8604200547957929,4.853870458398868,-0.9997650621638678,-0.0016126252948975932,0.0026398203880551884,0.02145346742263604,0.00013784998781814025,-0.023480882813268898,-0.032765931772037876,-0.0036876187323287013,0.0034340048387093702,0.0037671863992727594,33472,80000000,4.98,0,2,4,-1.463029475962565,-0.7489146403565138,4.979044401076113,-1.463029475962565,-0.7489146403565138,4.979044401076113,190.42849493026733
-3.2596058602927536,0.928424885430785,5.0,-4.22839191348092,-0.8687817811275723,4.854851577642156,-0.999788704918751,-0.0011027913422669855,0.002040173186557093,0.020424667965744325,-0.0017894900520677493,-0.01693796695614713,0.035741705478447634,-0.00205037022169563,0.0028070446887795697,0.007571050582555472,33472,428000000,6.54,0,2,4,-1.5516173720698467,-0.6898846474442821,4.978016126799259,-1.5516173720698467,-0.6898846474442821,4.978016126799259,190.95718026161194
-3.3426608021318156,0.97995162071707,5.0,-4.228287163455777,-0.8724116334632345,4.878105455855132,-0.999821825098097,-0.0008554814902284147,0.0016033708725920253,0.018788704339975093,0.004588540252045143,-0.0017198131006973861,0.08946372404161253,-0.000977470824636839,0.0019630297401818098,0.011158770121255657,33472,805000000,8.21,0,2,4,-1.6444016915100137,-0.62159219579917,4.980717783421448,-1.6444016915100137,-0.62159219579917,4.980717783421448,191.5087525844574
-3.4297285565919866,1.0244738800151723,5.0,-4.22493556403316,-0.8697721443771228,4.9201957371676475,-0.9998651008910042,-0.0007117789003255933,0.0012909220005714256,0.01635869528438011,0.013019536765239249,0.016534645746626764,0.125171437493524,-0.0006022074614975281,0.0012655963473662268,0.014829480278422125,33473,173000000,9.47,0,2,4,-1.7268517701796124,-0.5629320212843388,4.984930988901031,-1.7268517701796124,-0.5629320212843388,4.984930988901031,192.04499411582947
-3.5202391319817106,1.0616282350796522,5.0,-4.2188983585035205,-0.8612535698610734,4.968128100661299,-0.9999092894232169,-0.0006088710814808683,0.0010893697389028694,0.013411020644815752,0.01872253964440914,0.030853588354956697,0.13487512076177535,-0.00031237573239195626,0.0009240737540494592,0.018609458311402705,33473,551000000,10.47,0,2,4,-1.8082011982856092,-0.5088300411310929,4.98992952131756,-1.8082011982856092,-0.5088300411310929,4.98992952131756,192.58638310432434
-3.613585460813739,1.091095804182873,5.0,-4.2118772645249125,-0.8493785683057612,5.012886211250847,-0.9999496072748644,-0.0005148644440609441,0.0009374625837440791,0.00998193314706225,0.02054275516301429,0.03837587998813105,0.12353529684734643,-0.0006937494958947354,0.0009787407748262922,0.022129720855446067,33473,911000000,11.21,0,2,4,-1.880518094941448,-0.4631637397155124,4.994483775266401,-1.880518094941448,-0.4631637397155124,4.994483775266401,193.10219645500183
-3.7091266102495677,1.112606251616039,5.0,-4.204089938237693,-0.8346634612456607,5.0543535578101375,-0.999984589091311,-0.00035335776148996906,0.0007347674945959238,0.005491523914437801,0.01893226673669161,0.037756086768540656,0.09147892079783808,-0.0009874054512692965,0.0012343440062068112,0.02507285917090485,33474,247000000,11.82,0,2,4,-1.9463248145289713,-0.42252108314521086,4.998240584083781,-1.9463248145289713,-0.42252108314521086,4.998240584083781,193.6682631969452
-3.806191424908657,1.125941599827035,5.0,-4.197476162479719,-0.8215588593936881,5.081602289852395,-0.9999996868607207,-0.00017558911450269043,0.0004977927580999476,0.0005896179214494035,0.01517110953293237,0.029864430558738376,0.050754955876620364,-0.0010669846460586996,0.0014101934198151866,0.02648900444910396,33474,633000000,12.54,0,2,4,-2.0196058260583083,-0.37707139242490395,5.001359646469576,-2.0196058260583083,-0.37707139242490395,5.001359646469576,194.2168378829956
-3.9040825983866703,1.1309398092152152,5.0,-4.192649828682986,-0.8125244855936352,5.09264679434073,-0.9999898374006763,5.966636812543165e-05,0.00023524464717510258,-0.004501799112515026,0.010366518832824592,0.016351725263490737,0.0077371690824370705,-0.0016432735378657526,0.0014698266909363156,0.02703377576835919,33475,7000000,13.42,0,2,4,-2.095106862154093,-0.3291096180172806,5.0030960573380385,-2.095106862154093,-0.3291096180172806,5.0030960573380385,194.77775716781616
-4.002081165514412,1.1274980792667018,5.0,-4.189676614901475,-0.8093717736486654,5.08781490151927,-0.9999528758440344,0.0003789972133170754,-2.023279987185204e-05,-0.009700620752877198,0.005556148630832221,-0.0006063973128246009,-0.03117428031948133,-0.0018978656953549944,0.0012941351428708003,0.02798530949803535,33475,384000000,14.53,0,2,4,-2.173634353837563,-0.27752544402771423,5.003536736276068,-2.173634353837563,-0.27752544402771423,5.003536736276068,195.31032013893127
-4.099451402761684,1.1155758237290432,5.0,-4.188341156609104,-0.8126282600586429,5.071109922985078,-0.9998894115714494,0.0007292412367582307,-0.0002178552004248213,-0.014852116806386373,0.00169990794225042,-0.01767104708055459,-0.05840577789590921,-0.00207962862077693,0.0009838338542067504,0.029636535873578396,33475,758000000,15.93,0,2,4,-2.254395327293827,-0.22272771776927566,5.002990236180667,-2.254395327293827,-0.22272771776927566,5.002990236180667,195.80761170387268
-4.195446119266206,1.0951972719395262,5.0,-4.187956194021018,-0.8241632689918751,5.042467208795814,-0.9997720545167434,0.0011857087222918016,-0.00037305720715225725,-0.021314172057946834,-0.0014632019011346646,-0.036615211380483806,-0.07375030239287328,-0.0022219340507945162,0.000637553176829897,0.032307500441675074,33476,134000000,17.51,0,2,4,-2.330948505257744,-0.1694146740161752,5.001972656702879,-2.330948505257744,-0.1694146740161752,5.001972656702879,196.39987921714783
-4.380297183323266,1.0295048821430575,5.0,-4.193915227966453,-0.8448177404811136,5.01096371267883,-0.9995815555854595,0.0018722406795589736,-0.0005059780851507161,-0.02886091534182672,-0.052717107812243216,-0.06370082870162957,-0.0729949190566337,-0.0042403120914968895,0.0013491594359038572,0.04265423885954078,33476,551000000,19.83,0,2,4,-2.4077007732841094,-0.0962967178128056,4.9992279064542355,-2.4077007732841094,-0.0962967178128056,4.9992279064542355,196.96761846542358
-4.467654407923079,0.984580801534397,5.0,-4.233280768954674,-0.8824613208382701,4.982698604518671,-0.9992119812895893,0.002879146532648444,-0.0007886161511949557,-0.039579098614582864,-0.1507894468726101,-0.10493998806428037,-0.060523049475200555,-0.005073085685580736,0.0014493669937110099,0.06298172811511904,33476,960000000,22.39,0,2,4,-2.4564268397876323,-0.008679507282226837,4.994253446715055,-2.4564268397876323,-0.008679507282226837,4.994253446715055,197.56123876571655
-4.550650741557703,0.9319817652840376,5.0,-4.307610536158939,-0.9411945491162231,4.961768996562847,-0.9985222847566484,0.0037856912091102793,-0.0010951537428261066,-0.05420070133043969,-0.20766805682592776,-0.13321572685963512,-0.03934088589980669,-0.00302436790207139,0.0023311428776651155,0.0745870202081278,33477,392000000,24.25,0,2,4,-2.4641345785407536,0.08968083080046987,4.988172785765385,-2.4641345785407536,0.08968083080046987,4.988172785765385,198.13830995559692
-4.62857279409085,0.8720786905599872,5.0,-4.369076588429525,-0.9928009811060221,4.952863510790513,-0.9977844820870874,0.004018180037662582,-0.0013122538336056081,-0.06639472513132266,-0.19695834400887696,-0.13377003805830848,-0.01888866840555885,0.0013009199506086588,0.0007635395490979136,0.07731469231657684,33477,811000000,25.09,0,2,4,-2.440192136057339,0.19399198952594313,4.983635685222093,-2.440192136057339,0.19399198952594313,4.983635685222093,198.6563379764557
-4.700733994569124,0.8053124355523127,5.0,-4.423219058173289,-1.0463274112849998,4.951311485824159,-0.9967534324758206,0.003669981626067377,-0.0012254664191554763,-0.08042154135919855,-0.14654447342312799,-0.11588515424897641,0.006518150832532132,0.002572624157437531,-0.0009932355737873877,0.08101872299448587,33478,125000000,25.34,0,2,4,-2.4230977401768605,0.2681144437014547,4.982541322010995,-2.4230977401768605,0.2681144437014547,4.982541322010995,199.17312932014465
-4.766481664549914,0.7321925005821849,5.0,-4.46084756270509,-1.092292658760434,4.958173443391489,-0.9954558977275337,0.0032174748488668714,-0.0009671238085982624,-0.0951644272120914,-0.10715095537977601,-0.10149943648376387,0.027881769761630253,0.002291566602252715,-0.0015979224713191797,0.08317651227116585,33478,480000000,25.51,0,2,4,-2.430083850606644,0.334931017168067,4.984219151842098,-2.430083850606644,0.334931017168067,4.984219151842098,199.69906210899353
-4.825204140223434,0.6532950152558216,5.0,-4.485961495326088,-1.1334786965036767,4.971478762162646,-0.9939405298768977,0.002853992900943083,-0.0006664431113693086,-0.10988008757792306,-0.0788196949747892,-0.0975262733766551,0.04231934262315391,0.0014736221487510193,-0.0016282343949569622,0.0795577718236018,33478,846000000,25.79,0,2,4,-2.4792968402245,0.3845803568315175,4.98801004478021,-2.4792968402245,0.3845803568315175,4.98801004478021,200.21866941452026
-4.876337874442031,0.5692599843818492,5.0,-4.50078541937891,-1.1717402587015062,4.9873985194819115,-0.9924091109318902,0.0026566043960800064,-0.00039426014338010185,-0.12295098027830842,-0.060089035566130766,-0.10420532470466992,0.04777755837477403,0.0004086647692247425,-0.0014774824990126945,0.07495811878470704,33479,198000000,26.5,0,2,4,-2.572797179686093,0.42206647902857514,4.992607348072158,-2.572797179686093,0.42206647902857514,4.992607348072158,200.74755716323853
-4.91937444438218,0.48078777128475003,5.0,-4.508828924404027,-1.2151784992139973,5.004683796862128,-0.9906979070599081,0.002633171407297226,-0.00013361516274744238,-0.13605405360534306,-0.04669755611739781,-0.11992669817212513,0.04503286851271436,-0.0007144347762277903,-0.0010371045277679514,0.07211622069007717,33479,555000000,27.68,0,2,4,-2.6875510943695504,0.4497981567899329,4.996971516572852,-2.6875510943695504,0.4497981567899329,4.996971516572852,201.27018904685974
-4.953867385546926,0.3886348038838938,5.0,-4.510089479298144,-1.264308855314461,5.019651849142425,-0.9888546710062909,0.002792878278777178,6.533177540909486e-05,-0.14885776832842507,-0.03813043809712039,-0.1413283475046567,0.03538322150634479,-0.0015118559986149194,-0.0005586070528806886,0.07243407817441039,33479,907000000,29.29,0,2,4,-2.817268517480292,0.4724129877322769,5.001209982589315,-2.817268517480292,0.4724129877322769,5.001209982589315,201.80598545074463
-4.979438768275345,0.2936084964698319,5.0,-4.505668092232473,-1.3171906507784856,5.0298691777069875,-0.9869233115055144,0.0031108695628743084,0.00021241902062755103,-0.16116033809753427,-0.03305048051857524,-0.16315965061966917,0.02230089369029649,-0.002676628673725645,-0.00015727364086615125,0.07469462943845429,33480,262000000,30.98,0,2,4,-2.9368526817074665,0.4889180384132534,5.004832391449171,-2.9368526817074665,0.4889180384132534,5.004832391449171,202.35923314094543
-4.995785428973118,0.19656138848925678,5.0,-4.494744310281749,-1.3838447443728006,5.035642722856275,-0.9844816637425107,0.003651696952953476,0.00035657561660398687,-0.17544911432655202,-0.029636778396123442,-0.18648309828176574,0.0057234216901355175,-0.00324863692640065,5.4567599150345814e-05,0.07853450006223284,33480,610000000,32.37,0,2,4,-3.0294759802773403,0.5004591788389409,5.007617453123469,-3.0294759802773403,0.5004591788389409,5.007617453123469,202.89120483398438
-5.0,6.123233995736766e-16,5.0,-4.478989652454311,-1.4535847134346171,5.035520859542211,-0.9818416399538202,0.004273754556242316,0.0005027331595353086,-0.18965356926289545,-0.02820072297204741,-0.2060796175279676,-0.008872538225767668,-0.003839264809357701,0.00025842885804649995,0.08267984740086831,33480,986000000,33.51,0,2,4,-3.1036372364909455,0.5112211314578246,5.010079483620358,-3.1036372364909455,0.5112211314578246,5.010079483620358,203.42187571525574
-4.987684824072758,-0.09764700864012206,5.0,-4.455441985282016,-1.5383556443411526,5.030055745789541,-0.9784591097241697,0.005197715721355743,0.0006961276635139139,-0.20637410146464852,-0.028072562234494298,-0.23278315666793076,-0.021411025750866893,-0.005535024456548854,0.000489088216681921,0.08891875113476999,33481,350000000,34.1,0,2,4,-3.1448113035050826,0.5216975727111967,5.011750193952326,-3.1448113035050826,0.5216975727111967,5.011750193952326,203.94381618499756
-4.9657873146656355,-0.19359716638148772,5.0,-4.427703763701147,-1.623111789810921,5.021896082791276,-0.9749335049092338,0.006126299714312478,0.0008970681562352686,-0.22241026218664012,-0.029812688195641646,-0.2573180690847812,-0.028383687343672637,-0.004906095909973374,0.0005197491816488764,0.09423318115295842,33481,752000000,34.21,0,2,4,-3.1607979415831986,0.5360282402638246,5.012779460025264,-3.1607979415831986,0.5360282402638246,5.012779460025264,204.44633102416992
-4.934453042581679,-0.2868863210573869,5.0,-4.392774684527588,-1.7194466088341938,5.0118467712664945,-0.9706772389677054,0.006953335960165503,0.0011032682891780514,-0.24028344027031717,-0.035062320480940115,-0.27525524193705664,-0.030295028265489316,-0.0038688974200340454,0.0007277334361788235,0.09937062786775641,33482,99000000,33.97,0,2,4,-3.1554342355385927,0.5518541022744354,5.012838614226943,-3.1554342355385927,0.5518541022744354,5.012838614226943,204.9832248687744
-4.893927271527632,-0.3765554849144581,5.0,-4.353977501050852,-1.8202107629970896,5.002244184623541,-0.9658629484332557,0.0075448666693650225,0.0012541348789505608,-0.2589406630416798,-0.04305451611293058,-0.28528430098193913,-0.02761163134524059,-0.002369807430113724,0.0007146617008402245,0.10396129946457222,33482,490000000,33.47,0,2,4,-3.138031279947748,0.5702500168967216,5.012031419538504,-3.138031279947748,0.5702500168967216,5.012031419538504,205.5022575855255
-4.844556162327864,-0.4616612813243391,5.0,-4.317281777872906,-1.9124226011191032,4.995208788972609,-0.9610471813705082,0.0078421184571922,0.0013582214747529598,-0.27626974425790873,-0.05209477046751078,-0.2887367718328667,-0.022343602983883028,-0.0011575485473258595,0.0007508833732572384,0.10809591185534373,33482,862000000,32.8,0,2,4,-3.117186798034486,0.5874752186043491,5.010590522515889,-3.117186798034486,0.5874752186043491,5.010590522515889,206.01956391334534
-4.786786898395479,-0.5412867784393244,5.0,-4.275541288559089,-2.016262398185207,4.989980694836547,-0.9550451571441845,0.007902852869150977,0.0014056640018991705,-0.2963516776410791,-0.06445385518276842,-0.286941672826511,-0.014293880481448928,0.0006138419450962829,0.0006956845936656464,0.112905209971359,33483,213000000,32.1,0,2,4,-3.101977862663271,0.5990869475216478,5.009096686536893,-3.101977862663271,0.5990869475216478,5.009096686536893,206.5640206336975
-4.721166655891902,-0.6145526050955212,5.0,-4.230144086184568,-2.1308197863235634,4.987922704120324,-0.9475847458247808,0.007676541915423989,0.0013934769307447094,-0.319409264747361,-0.08024822048067011,-0.28106140896278137,-0.0049813976633969045,0.0016187235587494797,0.0006198303879045852,0.11827931957668625,33483,589000000,31.25,0,2,4,-3.093169640725867,0.6057078717965457,5.007453470133149,-3.093169640725867,0.6057078717965457,5.007453470133149,207.1004023551941
-4.648340350641419,-0.6806282316581954,5.0,-4.192534193932162,-2.2286386773045184,4.989013367873674,-0.9404656871790518,0.007360205071857676,0.001354196936473056,-0.3398062459266918,-0.09471453375538698,-0.2733615154564349,0.0018209866669406047,0.002077791918964067,0.0005170368410745141,0.12198364129289985,33484,1000000,30.21,0,2,4,-3.095265993852592,0.6043732712135731,5.005932481974269,-3.095265993852592,0.6043732712135731,5.005932481974269,207.65574264526367
-4.569047104336048,-0.7387432862955571,5.0,-4.153295122849196,-2.3361885933871176,4.992603986845899,-0.931805742540203,0.006913341427926358,0.0012791135455904159,-0.36288927753233347,-0.11111584819929601,-0.259257220210695,0.00734345219219871,0.0026329514639655827,0.0004526761046008687,0.12412823271006346,33484,374000000,29.22,0,2,4,-3.104730041735409,0.5974197176380669,5.005079153313878,-3.104730041735409,0.5974197176380669,5.005079153313878,208.17301487922668
-4.484115384919367,-0.7881987655942971,5.0,-4.113117549288873,-2.456751159596533,4.998525440005599,-0.9210388327642356,0.00636070834387153,0.0011684968102022805,-0.38941705733681364,-0.12864355602739233,-0.23788284124076578,0.01035599222876778,0.002384479398642725,0.0003143877023603636,0.12455034593585879,33484,765000000,27.95,0,2,4,-3.118560257679086,0.5869731197289914,5.004741592549112,-3.118560257679086,0.5869731197289914,5.004741592549112,208.75589871406555
-4.394456790301289,-0.8283779877478669,5.0,-4.080191565942134,-2.5680860476218945,5.0045709246417935,-0.9101305457744737,0.005865221665861316,0.0010848781053499645,-0.4142786645032124,-0.14150414213781173,-0.2137396676538982,0.010190634109243767,0.0022565717927136575,9.28909784647658e-05,0.12128594316891395,33485,219000000,26.23,0,2,4,-3.1310153216089867,0.5778448886606029,5.005155124022717,-3.1310153216089867,0.5778448886606029,5.005155124022717,209.28448128700256
-4.301058460725572,-0.8587571270304252,5.0,-4.051053024110388,-2.6823996921451854,5.010161409510034,-0.8981100658793391,0.005291449802746346,0.0009789922266029184,-0.4397378215475834,-0.1469997853526019,-0.1807820820880795,0.007372035148221792,0.002514789503038628,-2.1644002146103958e-05,0.11168065902893431,33485,669000000,24.36,0,2,4,-3.138219542597566,0.5731000764995344,5.006194838368113,-3.138219542597566,0.5731000764995344,5.006194838368113,209.85359978675842
-4.204974123151435,-0.8789151602050683,5.0,-4.032525380499759,-2.768945176463809,5.013303066665515,-0.8884961364839221,0.004757759977753395,0.0008540720715117939,-0.45885863807281013,-0.1427782150321443,-0.1499211383078275,0.004047236007306828,0.0032979244451780687,-0.000318899861895261,0.09937520226230845,33486,156000000,22.22,0,2,4,-3.1424504067666215,0.5712418093411006,5.008021483996029,-3.1424504067666215,0.5712418093411006,5.008021483996029,210.36357927322388
-4.107313790845381,-0.8885430492071804,5.0,-4.0193857711676095,-2.8437189922675286,5.014791038587703,-0.8799536478818737,0.004020304545303467,0.0006712219995603965,-0.4750420657076316,-0.12540615486506493,-0.11372657897823343,0.00039932211243243773,0.00439399377683003,-0.000861587881217929,0.08085646622930653,33486,543000000,20.47,0,2,4,-3.1437151966676518,0.5717818417415007,5.009758347052739,-3.1437151966676518,0.5717818417415007,5.009758347052739,210.87312197685242
-4.009232162892936,-0.887451980204179,5.0,-4.011512794042669,-2.899430369299199,5.014679376364381,-0.8732733618669094,0.0031927881382802243,0.000488926293757252,-0.48721987080644513,-0.09706365005138567,-0.07852025896892842,-0.002723138013466458,0.004530317801254569,-0.0012197451837892004,0.0636693526757881,33486,942000000,18.91,0,2,4,-3.1437424981026223,0.5740415068508146,5.01182920907684,-3.1437424981026223,0.5740415068508146,5.01182920907684,211.4348759651184
-3.8165691082559876,-0.8530002098206052,5.0,-4.006959063741534,-2.937383918025528,5.013344299882917,-0.867946445260645,0.0023513550820213353,0.0003266789206261213,-0.496652124297854,-0.05918554865298511,-0.04539036918294507,-0.0049686296308763325,0.0043985869979223935,-0.0014498636573989643,0.0491333325044252,33487,335000000,17.66,0,2,4,-3.1428664314632155,0.5776558314191748,5.013890175252845,-3.1428664314632155,0.5776558314191748,5.013890175252845,211.94294095039368
-3.724399429526773,-0.81992031658865,5.0,-4.00355733387918,-2.955005789214745,5.011001038990636,-0.8633973402923845,0.001411605985341018,0.00018014817384391364,-0.5045225541947693,-0.00031170151826984604,-0.010821736919371152,-0.006235009153093464,0.004200762850814499,-0.0017875092453323305,0.03739411185961217,33487,715000000,16.63,0,2,4,-3.1414423766103687,0.5824848954111737,5.015791628398408,-3.1414423766103687,0.5824848954111737,5.015791628398408,212.47339057922363
-3.636601080010044,-0.776690076510659,5.0,-3.998224680539057,-2.9412000786507293,5.0082555609833435,-0.8596490768246872,0.0005371017462949353,0.00011504059219944311,-0.5108846865994705,0.07259907514542469,0.019138912326584736,-0.0065928089986865375,0.0033723068327162764,-0.0018884418409470527,0.03406070936762262,33488,123000000,15.7,0,2,4,-3.1398593697386774,0.5875034601340354,5.014528190699786,-3.1398593697386774,0.5875034601340354,5.014528190699786,213.03017735481262
-3.5543388089763526,-0.7237997670733144,5.0,-3.9887035228450003,-2.8974463272002646,5.005631949617464,-0.8559960038786987,-0.00016867634564182087,0.00014045647201760953,-0.5169823915414997,0.14200927658149348,0.04026225433359874,-0.006422926386242532,0.0026083866714543547,-0.0021034101791883586,0.038828200194984674,33488,546000000,14.9,0,2,4,-3.13947753877549,0.5931511059933728,5.009078395233323,-3.13947753877549,0.5931511059933728,5.009078395233323,213.61901688575745
-3.4787306928416317,-0.6618795656421455,5.0,-3.972973359251207,-2.8232607297614227,5.003129937369562,-0.851361848852858,-0.0008035388596563763,0.00026158552573161476,-0.5245782002868178,0.20187911938634778,0.052102772403160726,-0.0056743619918065615,0.0019649910427688155,-0.0021219755808488117,0.04692341935879085,33488,957000000,14.08,0,2,4,-3.139720479558389,0.5954153993586033,5.000887938738465,-3.139720479558389,0.5954153993586033,5.000887938738465,214.20980310440063
-3.4108307471117234,-0.5916963676169309,5.0,-3.951882191280915,-2.7289173347898426,5.001212421466383,-0.8458163924211362,-0.001238805024743377,0.00046725240176259897,-0.5334724710320096,0.24059516068506967,0.05336677550282093,-0.004235951131823258,0.0005593018556737661,-0.0018335268578084651,0.05278153876133729,33489,363000000,12.99,0,2,4,-3.1386505844944517,0.5896337827196285,4.992111053991066,-3.1386505844944517,0.5896337827196285,4.992111053991066,214.76314282417297
-3.3516114943543616,-0.5141484180143086,5.0,-3.930633967076725,-2.6393338358486576,5.000208288581719,-0.8406260955316281,-0.001449342168581998,0.000659718714027316,-0.5416135445959106,0.25576591125826376,0.04830461926218746,-0.002668616125675577,0.00015189364717116405,-0.0013358304158828105,0.05388717654568609,33489,777000000,11.81,0,2,4,-3.143713787462954,0.5820872164566673,4.980623005159657,-3.143713787462954,0.5820872164566673,4.980623005159657,215.28766059875488
-3.3019467579008337,-0.4302576799951901,5.0,-3.905171217953254,-2.5381424671358626,4.999861565089881,-0.8348599839277965,-0.0015407909310257712,0.0008201278250799403,-0.5504595903331474,0.25469391340375414,0.038814250619071754,-0.0006617773196069102,-0.0003994304762500178,-0.0005420188188054453,0.05043088603997603,33490,155000000,10.88,0,2,4,-3.1551282915106595,0.5761606563139607,4.968297384480348,-3.1551282915106595,0.5761606563139607,4.968297384480348,215.81780290603638
-3.2625949715173483,-0.34115989501771693,5.0,-3.8804482042369064,-2.4452325316625076,5.000290846923275,-0.8297862739983533,-0.0015079496636968138,0.0009096305914682978,-0.5580785232777985,0.2464977100676967,0.02983689209579184,0.0011186037865616965,-0.0005692380909749772,-0.00025580264662039554,0.04518983623711392,33490,545000000,10.0,0,2,4,-3.173287314221394,0.5687545030043755,4.952578879221019,-3.173287314221394,0.5687545030043755,4.952578879221019,216.39359402656555
-3.2171929813418867,-0.15237920310723663,5.0,-3.85562247022942,-2.356035219600931,5.001288732687409,-0.8252295239844295,-0.0014590106644982415,0.0009666336344291489,-0.5647948031380329,0.23799345237032082,0.022506495783398705,0.00230612533172756,-0.000332960672722038,3.804719312938687e-05,0.03940219139622059,33490,936000000,9.36,0,2,4,-3.192938462302411,0.5586736507671937,4.936324941547865,-3.192938462302411,0.5586736507671937,4.936324941547865,216.963276386261
-3.211945953178299,-0.05541497349941108,5.0,-3.8275820520177954,-2.2584025050929335,5.002625144011674,-0.8207709350479028,-0.0015265969109807265,0.0009804357331612682,-0.5712545670961727,0.25666799909782656,0.018924384749395794,0.0017817862386272597,0.0006218052931217244,-0.000996463506908185,0.03594022236939054,33491,316000000,8.91,0,2,4,-3.2133412389844622,0.5422340387459567,4.917822218234334,-3.2133412389844622,0.5422340387459567,4.917822218234334,217.55301976203918
-3.21859354421624,0.04135457483112127,5.0,-3.800239116198282,-2.1635468017267683,5.003347271814663,-0.817145710836349,-0.0017422507960568145,0.001078029167675204,-0.5764275233514052,0.28979838508809946,0.018180795968490576,0.00017548126542128582,0.0006385668939401512,-0.0012027037200823543,0.03363600335433148,33491,728000000,8.51,0,2,4,-3.230812402048375,0.5179551452812957,4.897370717907269,-3.230812402048375,0.5179551452812957,4.897370717907269,218.0645740032196
-3.2371071164773877,0.13645309916067708,5.0,-3.770235683566368,-2.0582498620378806,5.003541762082614,-0.8137563814296689,-0.001961561759774416,0.0011484048102212068,-0.5812016733667804,0.3132030783402199,0.017189055166528584,-0.0015515991011783128,0.0008209271413761599,-0.0007814387629423436,0.03115651743428316,33492,84000000,8.23,0,2,4,-3.241456416769451,0.4895999047008872,4.877148018289103,-3.241456416769451,0.4895999047008872,4.877148018289103,218.5731542110443
-3.267271249411667,0.22839620850894257,5.0,-3.729008005676702,-1.9105823777471376,5.0030615329038834,-0.8095366755465437,-0.002196201610170037,0.0010963509971587055,-0.5870641750763098,0.3193776234695659,0.015136842346446805,-0.0028635706159982474,0.0008451509472706675,-3.91288907053422e-05,0.02921999512182083,33492,452000000,7.96,0,2,4,-3.245068936085642,0.45690432963937244,4.855390323945905,-3.245068936085642,0.45690432963937244,4.855390323945905,219.14402842521667
-3.308679683530565,0.3157154098814325,5.0,-3.6991161551519927,-1.8005627714954002,5.002501246241144,-0.8064907732979881,-0.0022958890979579974,0.000971510424336682,-0.5912414207800044,0.30936384466844,0.013594828196804895,-0.002795476763631471,0.0007819073232440132,0.000649530045393476,0.027949006835115142,33492,921000000,7.63,0,2,4,-3.236821376462565,0.41088850826324036,4.824712799850129,-3.236821376462565,0.41088850826324036,4.824712799850129,219.6969735622406
-3.36073431890886,0.39698317216108925,5.0,-3.6675419298239,-1.680909578258039,5.002146776479435,-0.8031859862230408,-0.002273420017028068,0.0006593677858494389,-0.5957236509745689,0.2721485541881098,0.010582251821481488,-0.0008122262704214579,0.0007289151881195721,0.002088766746055626,0.024229706104961224,33493,294000000,7.44,0,2,4,-3.2205152909233092,0.3780179442334624,4.80097115619602,-3.2205152909233092,0.3780179442334624,4.80097115619602,220.2531270980835
-3.4226475183504643,0.4708387324053992,5.0,-3.6372033467930613,-1.5641694136608941,5.003115301182481,-0.799907038779829,-0.0021075627897304767,3.1572600632189494e-06,-0.6001202275207893,0.20931501492551002,0.0061978234560449205,0.00318493771159649,0.0010970791436193394,0.002702933056752954,0.019675081603054423,33493,700000000,7.44,0,2,4,-3.191476770736412,0.3452479315424517,4.773216925550435,-3.191476770736412,0.3452479315424517,4.773216925550435,221.00671982765198
-3.5719899405559112,0.5913606251811727,5.0,-3.617250636514099,-1.4887607888324303,5.007247761368913,-0.7973897143404238,-0.0019221599947306983,-0.0007086098109547283,-0.6034612221486875,0.07982341961152747,-0.0005380372463882311,0.015552762031910486,0.0010723768127718358,0.0027617754767561564,0.012986255933356006,33494,203000000,7.94,0,2,4,-3.1466563187507086,0.31922955067265585,4.7425428420771985,-3.1466563187507086,0.31922955067265585,4.7425428420771985,221.6910240650177
-3.6569669959055218,0.635873106918289,5.0,-3.6142294824794217,-1.4812245394953552,5.016220305201176,-0.7960152232991012,-0.0018532634946308076,-0.0013671466909320191,-0.605272220245095,-0.037329807158349895,-0.0014953860924870517,0.03010482925085145,0.0024169679136321065,0.0034084764138242463,0.009276613400288625,33494,716000000,8.89,0,2,4,-3.098213023528328,0.3118219611450643,4.716481595565779,-3.098213023528328,0.3118219611450643,4.716481595565779,222.21324014663696
-3.746928586755153,0.6687150811805102,5.0,-3.621681445934015,-1.5075914734372184,5.028651249924098,-0.7952335527796194,-0.0018835641668298313,-0.002094681253856914,-0.6062966774030502,-0.11487737274428995,0.004935299629475255,0.04181081329414655,0.0033961057397391414,0.003605112328841642,0.004630317835108144,33495,104000000,9.62,0,2,4,-3.063491641468939,0.3186754851350519,4.701358234294089,-3.063491641468939,0.3186754851350519,4.701358234294089,222.74645805358887
-3.840301083373493,0.6892405284284435,5.0,-3.644061931849938,-1.5663516908757955,5.049355600204951,-0.795244760453963,-0.0021280369029471405,-0.003188630643293779,-0.6062764015398252,-0.15270682246325612,0.026308228586409625,0.04944064776832928,0.004241204442223534,0.0031188844332064036,-0.006440222432502196,33495,456000000,10.07,0,2,4,-3.038350748382079,0.3322245948058558,4.69252680301327,-3.038350748382079,0.3322245948058558,4.69252680301327,223.3631076812744
-3.93541214837569,0.6970139234065245,5.0,-3.676397253896154,-1.618223595266805,5.070362355384842,-0.7964059008848575,-0.002707024409164995,-0.004029765243610099,-0.6047429818085596,-0.08346151936675883,0.05434283147270723,0.0387924437149791,0.004512218629315612,-0.0005268362770038948,-0.009367479742650175,33495,885000000,10.37,0,2,4,-3.0193222519523206,0.35021173099068637,4.6881304023022725,-3.0193222519523206,0.35021173099068637,4.6881304023022725,223.97086310386658
-4.123837055971175,0.673713131509541,5.0,-3.700707101743318,-1.6225420442040601,5.080549801333703,-0.797127412695832,-0.003519286130652014,-0.004362202498598156,-0.6037851221613036,0.03675453856616344,0.07841772984261573,0.015504618757318839,0.006272128393902676,-0.0034490853977331426,-0.0008216186870413367,33496,325000000,10.51,0,2,4,-3.010224178030558,0.3602126205119491,4.6930635635629585,-3.010224178030558,0.3602126205119491,4.6930635635629585,224.4731924533844
-4.213577971504894,0.6429546640999306,5.0,-3.725735605700129,-1.5554102872134543,5.07841277683541,-0.7956715982422136,-0.005296118769412826,-0.0044912751220544875,-0.605688440804709,0.21458999062055922,0.11269637300470112,-0.026601864474191682,0.0073837463787640445,-0.005225020458965446,0.026138973589695524,33496,676000000,10.53,0,2,4,-2.997547912222883,0.3655701294635721,4.708987958399813,-2.997547912222883,0.3655701294635721,4.708987958399813,225.01730918884277
-4.297980831351451,0.6000895134453678,5.0,-3.7518076310148314,-1.3908463272214964,5.053659016789872,-0.7895893811422979,-0.007331834095090756,-0.004332611545785454,-0.6135764678288421,0.3227791305453799,0.12866783226585846,-0.06518955401367707,0.004457179466044181,-0.005115369276609272,0.04429891414474696,33497,102000000,10.83,0,2,4,-2.9751249349751836,0.37905683636449466,4.741275954588531,-2.9751249349751836,0.37905683636449466,4.741275954588531,225.72875380516052
-4.375351597002221,0.545909725712853,5.0,-3.7814910753748925,-1.2057618850792096,5.014243919626636,-0.7841761503202158,-0.008180403647447246,-0.0038645528948063443,-0.6204723293556724,0.22759830138893822,0.11570894148057961,-0.06826268020231376,-0.0005430991109278693,0.00011707900213764333,0.010408158414065838,33497,640000000,12.4,0,2,4,-2.945365430790644,0.4131249210978959,4.792669194588042,-2.945365430790644,0.4131249210978959,4.792669194588042,226.52904200553894
-4.502780852147916,0.40800449104564396,5.0,-3.8213464697103463,-1.1265849890474715,4.983264300766515,-0.7866663967821272,-0.007565825326810583,-0.0038825840998686,-0.6173197421123482,-0.008537698450367085,0.08881584692356674,-0.04698693722653724,-0.002488602035555232,0.002837900365193491,-0.04669779482355807,33498,233000000,14.75,0,2,4,-2.9203956671389726,0.4713731546087194,4.856054360287219,-2.9203956671389726,0.4713731546087194,4.856054360287219,227.23213839530945
-4.55012454847181,0.3270519548461499,5.0,-3.8650891106982015,-1.1687033293499667,4.967701464648108,-0.7947686791024877,-0.006465696776768509,-0.003782751627883881,-0.6068662391936128,-0.22989863803639912,0.04722142861512031,-0.025386456806662044,-0.00552626324861194,0.0025131063694061595,-0.07415362852043472,33498,776000000,15.06,0,2,4,-2.9114934744720555,0.5375867911621987,4.917866049583022,-2.9114934744720555,0.5375867911621987,4.917866049583022,227.92664217948914
-4.6068386358912825,0.14957229017972345,5.0,-3.9217537319850577,-1.3352751644252925,4.96118018638097,-0.8056217438751896,-0.004489891008743015,-0.0032825765144600546,-0.5924041452974942,-0.4200170449869125,-0.020719181849597885,0.00046115721135274446,-0.00772987386881141,0.004639903818315361,-0.05626616402878426,33499,214000000,13.01,0,2,4,-2.916697557752308,0.5941479618897857,4.968102222336165,-2.916697557752308,0.5941479618897857,4.968102222336165,228.63492703437805
-4.614873984444279,0.056887900766473605,5.0,-3.961436546877694,-1.5302795512852834,4.965779709745703,-0.8104376945344932,-0.002380606542615765,-0.0025462859136219833,-0.5858144692802923,-0.4420771017595214,-0.0831728412186812,0.020085974814599963,-0.010712885068642208,0.0016378417853957217,-0.009804763249121606,33499,718000000,9.06,0,2,4,-2.938746631809928,0.6583079017716857,5.025894173222048,-2.938746631809928,0.6583079017716857,5.025894173222048,229.20901727676392
-4.608955120236752,-0.03568839499673635,5.0,-3.9742613532021966,-1.6867095525966251,4.975417108565676,-0.8098242156750999,-0.0009063674600859896,-0.001630601540682519,-0.5866696339021238,-0.3989273927016475,-0.11243236118791652,0.031297396755894775,-0.009127594057645183,0.00028505702971415303,0.024954700529633556,33500,159000000,6.14,0,2,4,-2.9721848165853455,0.7065226520358869,5.07216791643537,-2.9721848165853455,0.7065226520358869,5.07216791643537,229.7363293170929
-4.589169708118952,-0.12603691933330227,5.0,-3.9756405757861324,-1.8404718599615457,4.989367674768425,-0.8055781356861835,0.0002591562544259396,-0.0007675515779823734,-0.5924889965281916,-0.3337915794743844,-0.10935058965405664,0.03583987832982798,-0.005753949744757847,-0.0005669620406933973,0.04470856110856403,33500,530000000,4.63,0,2,4,-3.009068542605083,0.7411529621567753,5.108522994894071,-3.009068542605083,0.7411529621567753,5.108522994894071,230.26031732559204
-4.555934074211958,-0.21204316808162715,5.0,-3.971228854248735,-1.9790361907143637,5.005175492509172,-0.7995576937456093,0.0009864003100399459,-4.460857561228035e-05,-0.6005884775757071,-0.26608300511584143,-0.0904433469562084,0.03352034212122808,-0.003674573008538573,-0.0008236478834078298,0.04472718428587541,33500,936000000,3.91,0,2,4,-3.0601270122463995,0.7735586331391128,5.148661124179507,-3.0601270122463995,0.7735586331391128,5.148661124179507,230.83831524848938
-4.509996677017998,-0.29164985758713996,5.0,-3.966276909953095,-2.070973290675772,5.0164684266529225,-0.795035721823111,0.0013550714267737368,0.00040578380125645,-0.6065609616074379,-0.2202247644331766,-0.07486911041615027,0.02728273327046026,-0.002612400658108527,-0.0009148415529125487,0.03642773335741367,33501,357000000,3.86,0,2,4,-3.1272503059905183,0.7992467495096668,5.194074720917391,-3.1272503059905183,0.7992467495096668,5.194074720917391,231.33065843582153
-4.452433238747426,-0.36291068388312064,5.0,-3.9624056311956637,-2.1313024868407897,5.023264605580581,-0.7922163464724085,0.0015365732640454145,0.0006955910093354451,-0.6102379990443568,-0.19078065665602612,-0.06435574611505171,0.02006055690317558,-0.0017235681298188865,-0.0009189541174237092,0.028618394571822137,33501,719000000,4.2,0,2,4,-3.1884307995151184,0.8102450540258275,5.232610270154105,-3.1884307995151184,0.8102450540258275,5.232610270154105,231.8848259449005
-4.308275714869883,-0.4734882085347663,5.0,-3.9577809494429177,-2.197799008295274,5.028463895463057,-0.7895289956904186,0.0016965428471221863,0.001025414917287935,-0.6137100579513866,-0.16431006870313639,-0.0548076637037602,0.00821366587903551,-0.0020033001419506036,-0.0007592369740905269,0.022051670021028258,33502,7000000,4.68,0,2,4,-3.2382178395091135,0.8115383202828425,5.263435204137551,-3.2382178395091135,0.8115383202828425,5.263435204137551,232.36978006362915
-4.225299414513357,-0.5099474716281459,5.0,-3.953457372293175,-2.254594026260947,5.029452350497264,-0.7871759455504481,0.0019967113830051805,0.001343110052162191,-0.6167237955080043,-0.1612373293110789,-0.05363233152529416,-0.002638705560036866,-0.0034222029398733866,0.0002721475226508119,0.025660718529252335,33502,363000000,5.52,0,2,4,-3.302875401172801,0.8031968156436656,5.303932531196613,-3.302875401172801,0.8031968156436656,5.303932531196613,232.87849760055542
-4.137858892742297,-0.5324424153764127,5.0,-3.94860529661229,-2.3144853513743264,5.02700529344456,-0.7842765270368054,0.0024626801873713603,0.0015916200735114085,-0.6204044899022921,-0.17466793918487442,-0.056008493298012475,-0.01168095868834237,-0.0027082126507593784,0.0007082165041083499,0.028045651197317056,33502,697000000,6.46,0,2,4,-3.3623054989304126,0.7847721967701021,5.3428734707991845,-3.3623054989304126,0.7847721967701021,5.3428734707991845,233.37663578987122
-4.048275596775072,-0.5403477738975248,5.0,-3.94340954932122,-2.386410219474353,5.021343862940721,-0.780985991319128,0.0028587218060932814,0.0017657283028390798,-0.6245395033754667,-0.1859158188669082,-0.05430006400586936,-0.017961004678499835,-0.0016722087707421451,0.00045000173827247636,0.027114409385831095,33503,50000000,7.41,0,2,4,-3.418127035985605,0.7563867967466725,5.382273512606857,-3.418127035985605,0.7563867967466725,5.382273512606857,233.85710334777832
-3.9589795805588652,-0.5334250886383893,5.0,-3.93971323345901,-2.4562611125373346,5.0145302589203835,-0.7780122015406027,0.0030495824602154746,0.001895309587531718,-0.6282389052759548,-0.1845888336561215,-0.04764494993716713,-0.019947761012179047,-0.0008260828622042027,-0.00031418491914791957,0.025186054517689627,33503,424000000,8.46,0,2,4,-3.4738989146568255,0.7136689414872853,5.4265406511729255,-3.4738989146568255,0.7136689414872853,5.4265406511729255,234.402902841568
-3.8724446829733865,-0.5118455734870044,5.0,-3.937795782806348,-2.525007773191913,5.007347584447091,-0.7752175028385154,0.003025190998706683,0.002090484460714877,-0.6316837035945736,-0.16128749291593064,-0.03546554883432298,-0.017718891407340277,-0.0002453772410149213,-0.0014575010709449998,0.020529795438051224,33503,778000000,9.34,0,2,4,-3.5169708252728027,0.6642851545627552,5.466830601367999,-3.5169708252728027,0.6642851545627552,5.466830601367999,234.87770581245422
-3.7911183791804586,-0.47620212986063115,5.0,-3.937751296776348,-2.5772414670411736,5.001849918372104,-0.7731634624498078,0.0028354719954542485,0.0023755772711928644,-0.634196008394736,-0.11685666582271034,-0.021744662094131322,-0.01287840784932195,-0.00014878370251381057,-0.002325427180949191,0.014529269537888467,33504,165000000,10.11,0,2,4,-3.5498781658446568,0.6043820538534425,5.506267988070778,-3.5498781658446568,0.6043820538534425,5.506267988070778,235.40579390525818
-3.717348085883062,-0.427509234340068,5.0,-3.9384875943543443,-2.609124367823127,4.998174644416136,-0.7717637880573454,0.002580133196418422,0.0027919796723357908,-0.635897950307732,-0.04202742074739148,-0.007004176004603739,-0.0066021524585238665,-0.0006052787227872614,-0.0026242525564157404,0.008447206164419185,33504,522000000,10.67,0,2,4,-3.5667336246043564,0.5400077439952419,5.538372981602877,-3.5667336246043564,0.5400077439952419,5.538372981602877,235.97536396980286
-3.653306005244452,-0.36718969756849185,5.0,-3.938121091399361,-2.608644675128477,4.996798608268107,-0.7709485579210718,0.0023667500422135212,0.0032277876961262085,-0.636884841176367,0.049751423185808816,0.004974508080605289,-0.0015382058620947907,-0.0007195790487912745,-0.002700649088183127,0.006467740467996919,33504,898000000,11.14,0,2,4,-3.568832812452596,0.4677984115978087,5.566996180488018,-3.568832812452596,0.4677984115978087,5.566996180488018,236.48333764076233
-3.600914859085754,-0.2970476397843563,5.0,-3.934783097229896,-2.5723677848307913,4.996952876611902,-0.7701418570408929,0.002191182224182459,0.003741834346881509,-0.637857913198375,0.15230695220399731,0.013522383317521609,0.0014004135930981514,-0.001547308011140558,-0.003268224031671707,0.008638663894089404,33505,260000000,11.52,0,2,4,-3.55457360235985,0.4003036345119562,5.589729516979191,-3.55457360235985,0.4003036345119562,5.589729516979191,236.98984217643738
-3.56177707900695,-0.2192274424343797,5.0,-3.9271172796755565,-2.4999928506689546,4.997872006766114,-0.768970677288644,0.001993280971832133,0.004393134738172966,-0.6392658481949303,0.24543869457802744,0.017705447820314614,0.0019365073060384308,-0.0014933461898181122,-0.003986303272540681,0.012094820613128832,33505,624000000,11.91,0,2,4,-3.522815556898816,0.34150992065794317,5.610364534753253,-3.522815556898816,0.34150992065794317,5.610364534753253,237.52501249313354
-3.537110163093061,-0.13615891042552986,5.0,-3.9144608796526295,-2.392375957685767,4.998858954002693,-0.7673427391602192,0.0017175322034463766,0.0051798310306556145,-0.6412139581229619,0.31485582765341485,0.017881714290081386,0.00028124854788541515,-0.001740157949825516,-0.004297690247767605,0.014469767666014377,33505,994000000,12.39,0,2,4,-3.472575958922961,0.3030266114547534,5.630725181026015,-3.472575958922961,0.3030266114547534,5.630725181026015,238.04933142662048
-3.527690969900185,-0.05048940568249943,5.0,-3.8993621877671885,-2.2725582032569305,4.999193944720853,-0.765654791057276,0.001481257505137943,0.005986442585638864,-0.64322213061462,0.3465881736305775,0.01581711038744096,-0.002684448708072457,-0.0022266037376539316,-0.004291583491067286,0.014053085305931745,33506,362000000,13.13,0,2,4,-3.407635762730501,0.2910682164405609,5.652177092695311,-3.407635762730501,0.2910682164405609,5.652177092695311,238.54534268379211
-3.5338116804435082,0.03499572415445523,5.0,-3.8822024763191485,-2.140626738408492,4.9984914849550375,-0.7641060431082591,0.001279334710069694,0.006844628612939368,-0.6450530747522174,0.34453242317432037,0.013339698290050314,-0.006304640396994339,-0.002138067520718323,-0.003884708121404401,0.010076531179947779,33506,727000000,14.06,0,2,4,-3.3469264503581324,0.3035590539431792,5.67122624671704,-3.3469264503581324,0.3035590539431792,5.67122624671704,239.0835382938385
-3.5552500057415717,0.1174625157534436,5.0,-3.866662268366006,-2.0214689721248558,4.996770933285525,-0.7632097906564101,0.0011444036000767513,0.0075674920617893274,-0.6461054394218433,0.31763266160017734,0.012042338875917647,-0.008879122484634155,-0.0020754345086970716,-0.0031171261298368336,0.004226087821734836,33507,102000000,15.05,0,2,4,-3.293692209111572,0.3370685591378176,5.685599931476682,-3.293692209111572,0.3370685591378176,5.685599931476682,239.6382131576538
-3.5912559407229514,0.19412507309907312,5.0,-3.853900743000707,-1.9204641725586078,4.994562140458755,-0.7630530075910726,0.0011338924216370192,0.008137701476897425,-0.6462836836164652,0.2778466440240378,0.012145621503477751,-0.009666568811606789,-0.002385281641181791,-0.0019371585267435876,-0.0025696675265862723,33507,461000000,15.81,0,2,4,-3.259691258405027,0.3782721324941281,5.692383679609,-3.259691258405027,0.3782721324941281,5.692383679609,240.16339921951294
-3.640556958431398,0.26234652631188454,5.0,-3.8437765363182788,-1.8342804205351453,4.992295361650842,-0.7636463741575716,0.0012786691873246363,0.008542784773894493,-0.6455769520896872,0.23162075714071179,0.01330420531296533,-0.008588428614867458,-0.002122112232427753,-0.0005340776738194108,-0.00871400425239699,33507,815000000,16.34,0,2,4,-3.2439632021353813,0.4119300927378878,5.692715771542688,-3.2439632021353813,0.4119300927378878,5.692715771542688,240.6632125377655
-3.7013829998418393,0.3197407343716797,5.0,-3.8362460336144433,-1.7600154260806025,4.990466646141048,-0.7649273568472663,0.0015643864862128236,0.008750631007273552,-0.6440552133928823,0.1835612370187758,0.014885981621611422,-0.005687306036307309,-0.0017688911270852259,0.0006239109666239528,-0.013170253168937052,33508,144000000,16.63,0,2,4,-3.2411201402861045,0.44051959048768935,5.687505008845403,-3.2411201402861045,0.44051959048768935,5.687505008845403,241.16695976257324
-3.771511948538038,0.3642707925968209,5.0,-3.8314879036448595,-1.698739676606525,4.989644606842886,-0.7666837311674928,0.0019211824734729401,0.008804855547959796,-0.6419617122070245,0.1405627442265904,0.01624339164563665,-0.0016025040081812773,-0.0013811982057632122,0.0010976527846651152,-0.01548843938508071,33508,514000000,16.68,0,2,4,-3.248612108359215,0.46681593648823394,5.676653888450402,-3.248612108359215,0.46681593648823394,5.676653888450402,241.696430683136
-3.848335497212682,0.3943401179112721,5.0,-3.8295707414333355,-1.6562236170302824,4.990163782350811,-0.768415097560883,0.00224076334076389,0.008795027572972118,-0.6398873840842152,0.1091928055467924,0.017059497829527613,0.002371997183186494,-0.0013608336303150281,0.0011752443811019475,-0.0160218934979639,33508,885000000,16.47,0,2,4,-3.2639359647482373,0.490363580203473,5.660406361273262,-3.2639359647482373,0.490363580203473,5.660406361273262,242.24311447143555
-3.928944433310108,0.40887174815873295,5.0,-3.8294782841035433,-1.619928377812173,4.992147499042823,-0.7703580632404033,0.002557275859919837,0.008738394983335725,-0.6375465121807081,0.08009412140096207,0.017325434164645666,0.0064468670823227495,-0.0006539301978136791,0.0012495008718360623,-0.015924741092021577,33509,236000000,16.13,0,2,4,-3.280937215295451,0.5073287958815877,5.642721947256537,-3.280937215295451,0.5073287958815877,5.642721947256537,242.77427697181702
-4.010231421210636,0.40737153560357,5.0,-3.8307409672369217,-1.5971269800600452,4.994826596573654,-0.7719620888136713,0.0027906805619927855,0.008651925351006744,-0.6356035633350043,0.05930579944497218,0.016981724996938653,0.009160059997134144,-0.0008635499796127988,0.001283047822653316,-0.015257415270752972,33509,605000000,15.61,0,2,4,-3.301207848364356,0.5214140929195011,5.620369373683242,-3.301207848364356,0.5214140929195011,5.620369373683242,243.26767230033875
-4.089008373582524,0.3899711648727302,5.0,-3.8330607285851777,-1.5797619562079275,4.998367672850633,-0.7735526110722761,0.003033773946289514,0.008540897236349211,-0.6336672685197688,0.03857457584976794,0.015712111205044628,0.010924166649424662,-0.0003205127057981372,0.0014342192116600927,-0.0140578380523948,33509,928000000,15.1,0,2,4,-3.319083341579455,0.5290489929964576,5.599779643842258,-3.319083341579455,0.5290489929964576,5.599779643842258,243.75879955291748
-4.162134528420906,0.357447401296653,5.0,-3.836108075375012,-1.5694796853667627,5.002224890135114,-0.7750061975654468,0.003239792431961731,0.008362666422703047,-0.6318899930292043,0.01707695640808084,0.01311928438408561,0.011337398232019583,-8.226593948279515e-05,0.0016356553601326596,-0.012813199464289937,33510,262000000,14.5,0,2,4,-3.3390367634059195,0.5324294592716262,5.5763756655335115,-3.3390367634059195,0.5324294592716262,5.5763756655335115,244.28002858161926
-4.226650431644696,0.31121468769207083,5.0,-3.8398947077579364,-1.5671328301369425,5.006335735079473,-0.7764691603453585,0.003479858247307926,0.008127952381531972,-0.6300932232687763,-0.009581565851556662,0.007950287142785648,0.010251434588219612,-0.00022496017919593214,0.0017804530102694116,-0.011459022880444536,33510,608000000,13.85,0,2,4,-3.3596839127512985,0.5302562950196501,5.551580153462728,-3.3596839127512985,0.5302562950196501,5.551580153462728,244.8434841632843
-4.279912224566699,0.25328915598209495,5.0,-3.843332476410521,-1.5749228759175362,5.009611365627051,-0.7776902763609924,0.0037241872185574893,0.007892470237541558,-0.6285870452027099,-0.03740055780980021,0.0006932609296172941,0.008279016808355336,-0.0001665699585373659,0.0020337031628514524,-0.00961747782639577,33510,992000000,13.11,0,2,4,-3.3823889574575765,0.5207033322321786,5.522414997867396,-3.3823889574575765,0.5207033322321786,5.522414997867396,245.35602617263794
-4.319720011453268,0.1862232914442295,5.0,-3.845972735366101,-1.5936686642957612,5.01201972799375,-0.7786361857403591,0.003988112017367417,0.007617189533999376,-0.6274167384138271,-0.06764383523753845,-0.00918875407615479,0.00560046459637418,-0.00015151387344758405,0.0021322449129002052,-0.006398352616088232,33511,353000000,12.39,0,2,4,-3.4017545719102515,0.5048888879053389,5.493550559995723,-3.4017545719102515,0.5048888879053389,5.493550559995723,245.85007572174072
-4.344433696010581,0.11301185359284438,5.0,-3.8471328844089356,-1.6240951444492568,5.013375248175354,-0.7791243338649976,0.004272821601494712,0.007355604128008457,-0.6268117025573927,-0.0987826445475332,-0.021193474306612115,0.0025311725489303273,-0.0005199653458021203,0.0021752219481641077,-0.0013034559970037662,33511,704000000,11.65,0,2,4,-3.417061679464617,0.4833619742915269,5.4636891826912,-3.417061679464617,0.4833619742915269,5.4636891826912,246.3627278804779
-4.353069585607864,0.03697117415894612,5.0,-3.846106043144748,-1.6690659162266752,5.013643420183833,-0.7789101072022379,0.00460108221176928,0.007095729594091934,-0.6270785641067681,-0.13066411461929298,-0.03485677583433918,-0.0006035510751066837,-0.0004944345846524811,0.002271708331136324,0.005886935332455323,33512,63000000,10.87,0,2,4,-3.426721727456771,0.45764424119597713,5.432996672378381,-3.426721727456771,0.45764424119597713,5.432996672378381,246.9384891986847
-4.321849329598748,-0.10960387327479358,5.0,-3.842708679614921,-1.7230721305755083,5.012947046443011,-0.7778886398973943,0.004886836873257096,0.006834010220033744,-0.6283459867368204,-0.15772778913759034,-0.04696788102685933,-0.002917604898138513,-0.0001590382566973858,0.002224817558271752,0.013435581604426261,33512,454000000,10.0,0,2,4,-3.429679195391411,0.4279789995439999,5.399837125749973,-3.429679195391411,0.4279789995439999,5.399837125749973,247.49325466156006
-4.283784081748948,-0.1732710158852498,5.0,-3.8367655437795167,-1.7875434864537887,5.011630444941948,-0.77586422016988,0.005190803974809057,0.006589249339196716,-0.6308441560381017,-0.1886809764789509,-0.060706922301201206,-0.0047127457939076965,-0.0009810526989895152,0.0026101279672730016,0.024640750962134916,33512,815000000,9.12,0,2,4,-3.426351853877622,0.3991892324320994,5.367854050891537,-3.426351853877622,0.3991892324320994,5.367854050891537,248.02215147018433
-4.233189858539408,-0.22637908444547392,5.0,-3.8281585348584066,-1.860574413921101,5.009925576721408,-0.772709256943587,0.005532677529020997,0.006336540270896057,-0.6347043736815151,-0.2201542496910931,-0.0728913293842404,-0.005948922592039671,-0.0001819135974301389,0.0027139618850924307,0.03387377910257783,33513,172000000,8.21,0,2,4,-3.4195769301404444,0.3704802363179239,5.3355447161062,-3.4195769301404444,0.3704802363179239,5.3355447161062,248.54319286346436
-4.1727376602558985,-0.2663981057164597,5.0,-3.816775566880326,-1.9482983760922026,5.007964062440325,-0.7684496838038128,0.005736550654893579,0.0059744370318635335,-0.6398566101483645,-0.2436920690839559,-0.07866155312781892,-0.006192734469249504,0.0011489744338177843,0.0024998302023959695,0.040169053681893274,33513,512000000,7.34,0,2,4,-3.409678566653681,0.34480595104583345,5.304916915078776,-3.409678566653681,0.34480595104583345,5.304916915078776,249.04771161079407
-4.105638041562169,-0.2914457139415669,5.0,-3.8045267609597455,-2.0421730967557212,5.006147453405135,-0.763641362005254,0.005732085939268813,0.005526167684722989,-0.6455915697221157,-0.2545778336033075,-0.07702088263087377,-0.005519860402982132,0.0023647156467632158,0.0019378232309463783,0.042049486728501506,33513,876000000,6.43,0,2,4,-3.395302592476391,0.32072921928353804,5.272484999818922,-3.395302592476391,0.32072921928353804,5.272484999818922,249.57323741912842
-4.035487133954632,-0.30041124034177896,5.0,-3.7923173800768777,-2.14192402731672,5.004697808238691,-0.758590909557239,0.005471652707726729,0.005008587522872116,-0.6515249857102892,-0.24920824631207839,-0.0678601363003111,-0.003777169663407135,0.0034163030477429857,0.0010024968105426524,0.03843822123599239,33514,230000000,5.6,0,2,4,-3.3768420662334386,0.3019802606213065,5.240044045859439,-3.3768420662334386,0.3019802606213065,5.240044045859439,250.13891530036926
