x_ref,y_ref,z_ref,x,y,z,eta,e1,e2,e3,u,v,w,p,q,r,sec,nanosec,angle2,angle3,control_mode,std_test
0.0,0.0,5.0,0.02797949410557502,-0.23056371172540768,4.981535878891359,-0.6861481600174248,-0.00039590308962600407,-0.0016183491148037896,-0.7274599141613154,-0.01794263650543361,-0.0008145652207999759,-0.0004778159145917515,-0.0002710967550001442,-0.0011763171869461075,0.0013593183098237205,1520,152000000,2.42,0,2,1
0.0,0.0,5.0,0.02814575470655924,-0.23208510593108642,4.981477607318085,-0.686098693879118,-0.00042780000712192706,-0.0015704926815118601,-0.7275066548130398,-0.013172203745085403,-0.0007384489805172339,-0.0007064122472199113,-0.00024674553174008906,-0.0010782309800561052,0.0013591728134088044,1520,260000000,2.41,0,2,1
-0.0006168375916972835,0.07853658655910338,5.0627905195293135,0.028254393984447287,-0.2329738976343875,4.981414455704073,-0.6860591296878668,-0.00045129796904482694,-0.0015352710669546067,-0.7275440260525964,-0.009647561783204334,-0.000683330755569543,-0.0008786381976074182,-0.00022884942438849976,-0.0009987902899410983,0.0013587288208327664,1520,373000000,2.39,0,2,1
-0.0006168375916972835,0.07853658655910338,5.0627905195293135,0.028342993900402107,-0.23359235530937525,4.981337492080231,-0.6860195791881524,-0.00047299051353311334,-0.0015027012818954104,-0.7275813735516746,-0.006363096140293317,-0.0006328839525857167,-0.0010418910126107303,-0.00021224847159828641,-0.0009215933459927328,0.0013581783377958345,1520,453000000,2.38,0,2,1
-0.0006168375916972835,0.07853658655910338,5.0627905195293135,0.02842766389381467,-0.2340132091330367,4.9812230284922405,-0.6859701624411692,-0.0004976597476628699,-0.001465526537112804,-0.7276280236543811,-0.002570431927175396,-0.0005758046477067349,-0.001233999686244167,-0.00019317445918431986,-0.0008305252606533031,0.0013574789136328036,1520,549000000,2.36,0,2,1
-0.002467198171341778,0.15705379539064146,5.125333233564304,0.02848306960264437,-0.2340264298373041,4.981154905003011,-0.685920773183058,-0.0005160801675684265,-0.001426254212001243,-0.7276746473363896,0.0018269338035783208,-0.000524778377509085,-0.00012786046163516216,-0.000351444742818785,-0.0007920523557913839,0.0013567325822805287,1520,635000000,2.35,0,2,1
-0.002467198171341778,0.15705379539064146,5.125333233564304,0.02851117489888573,-0.23333457213357955,4.981258247181822,-0.6858516663967865,-0.0005384555870743099,-0.001373317194416222,-0.7277398681989432,0.007493336357572761,-0.00046254348615436855,0.0014777300796557922,-0.00031060623939538345,-0.0007158355799674609,0.001355874326236517,1520,742000000,2.33,0,2,1
-0.005550625190149816,0.23553225354821328,5.187381314585725,0.02849989764909641,-0.23237261451944763,4.981477158363847,-0.6858023258788938,-0.0005534363215890083,-0.0013388959170072454,-0.7277864184532855,0.011485862994309932,-0.00046875656128701965,0.0030973667241926814,-0.0002822169705041233,-0.0006961256417525874,0.001355271353986609,1520,854000000,2.31,0,2,1
-0.005550625190149816,0.23553225354821328,5.187381314585725,0.028463108527114468,-0.2306481182297053,4.98206508608847,-0.6857427442311813,-0.0005731319867779857,-0.0012984363374342633,-0.7278426164474651,0.0187823628376382,-0.0007573022158948364,0.008628011217007157,-0.00025073402127873123,-0.0006970412073314947,0.0014068831433178275,1520,942000000,2.3,0,2,1
-0.009866357858641983,0.31395259764656686,5.248689887164855,0.028448188556950506,-0.226429460991768,4.984903775013833,-0.6856890817324863,-0.0005853528863268396,-0.001270897649994154,-0.7278932101441951,0.05866227029463639,-0.0035341226300513798,0.0445032323704672,-0.00027583344603954174,-0.00011008558626901532,0.0015156865742937953,1521,49000000,2.29,0,2,1
-0.015413331334360514,0.3922954786392247,5.3090169943749475,0.02885359680055128,-0.20806739374732336,5.0034212742138875,-0.685570320420473,-0.00038288628962722534,-0.0014358756078539435,-0.7280048951881423,0.09991385545047696,-0.009283312636486282,0.1193066447608431,-6.526156326458477e-05,0.004433576305018505,0.0014198906455931137,1521,138000000,2.28,0,2,1
-0.015413331334360514,0.3922954786392247,5.3090169943749475,0.02953666442000182,-0.19289131019795352,5.023433815006315,-0.6854994023713007,-0.00010040694950513526,-0.0017119823992749305,-0.7280711698613663,0.11406811037584139,-0.012435589795127164,0.1632069926313227,0.00029354067976328224,0.006582937385246623,0.0013593531889455335,1521,222000000,2.22,0,2,1
-0.022190176984599574,0.47054156659257157,5.368124552684678,0.03039755096975919,-0.1787325382852894,5.045282187802086,-0.6854366996973051,0.00020823343751996454,-0.0020503280534577353,-0.7281293041086692,0.11595122003924896,-0.01492868774245637,0.19855404661904222,0.0008449168888091663,0.008584466286265524,0.0016080910427263007,1521,328000000,2.16,0,2,1
-0.030195222724101356,0.5486715554552264,5.425779291565073,0.032039663339185356,-0.16038190048170375,5.080730449544624,-0.6853204964801348,0.0007464802106307943,-0.0026701464970532002,-0.7282363147970586,0.10999951124347959,-0.017956347746512096,0.24192554442349476,0.0011641233641057624,0.012225930277054431,0.0025358871198477573,1521,396000000,2.09,0,2,1
-0.03942649342761051,0.6266661678215213,5.481753674101715,0.03333468116516493,-0.1493087078175466,5.106250350906632,-0.685212647619816,0.0011969243471578325,-0.0031848281454573387,-0.7283351232665033,0.10766904668885877,-0.01967785593801131,0.2671882784069385,0.001470799577418802,0.014936355091776932,0.00333777923060552,1521,473000000,1.98,0,2,1
-0.03942649342761051,0.6266661678215213,5.481753674101715,0.03449898511589452,-0.14049839653272192,5.128439091099903,-0.6851059665846706,0.0016153022232797585,-0.0036659681701289607,-0.7284324031961971,0.10675543012899447,-0.020954651623458963,0.28652989310844246,0.001711431059447932,0.01641170856601093,0.0038379017496481538,1521,587000000,1.89,0,2,1
-0.049881711417212315,0.7045061596879133,5.5358267949789965,0.036064958514868226,-0.12909235552841397,5.1582565452725415,-0.6849618607330323,0.002127067996182624,-0.004281780199723389,-0.7285632376679478,0.11480610435513179,-0.022212782712356344,0.3092633667970204,0.0021402989432317554,0.015204133069346426,0.0039342160107480595,1521,689000000,1.81,0,2,1
-0.049881711417212315,0.7045061596879133,5.5358267949789965,0.03762864349816758,-0.11592691975606854,5.190148977158184,-0.6848405418483562,0.0025059892063588915,-0.004807185426066625,-0.7286727957233116,0.13927112170607364,-0.022934442551210597,0.328811964113037,0.0026461061224836158,0.010710199421737343,0.002692342854970775,1521,826000000,1.72,0,2,1
-0.061558297024310704,0.7821723252011543,5.587785252292473,0.03879509422238975,-0.10322138836231567,5.216904774736901,-0.6847854617031158,0.0026847007531099107,-0.0051351582122165,-0.7287216848509807,0.1653459901909586,-0.02334072500001382,0.34181127316291393,0.002988566870953946,0.00784289559305762,0.0013031605931246304,1521,940000000,1.64,0,2,1
-0.061558297024310704,0.7821723252011543,5.587785252292473,0.04010124157404614,-0.08428115690821888,5.251688179423614,-0.6847729245806293,0.002839764818599955,-0.005465050841506367,-0.7287304787892204,0.19971621630519204,-0.02346230505358491,0.35656751464475844,0.0025521808993289596,0.006320997454167809,-0.00040246389403364446,1522,49000000,1.6,0,2,1
-0.07445336922613066,0.8596455013970477,5.637423989748689,0.04121935011865487,-0.06197601495538048,5.287800811395519,-0.6848113568559707,0.0029983352685122727,-0.005785331612414787,-0.7286912552273673,0.2318096424278442,-0.02349364620325579,0.3696213756635785,0.002474660914231208,0.007282111300810357,-0.0015449656302735093,1522,144000000,1.56,0,2,1
-0.07445336922613066,0.8596455013970477,5.637423989748689,0.042159538887138824,-0.03656493764874649,5.325111635030946,-0.684885848031246,0.0032150110844938115,-0.006164606348047566,-0.7286172084838657,0.2613318465988862,-0.02340548025662902,0.3818099339840141,0.002572577045611979,0.009399941518495325,-0.0024278123419207986,1522,362000000,1.52,0,2,1
-0.08856374635655673,0.936906572928623,5.684547105928688,0.04293098742954703,-0.008324179883391824,5.363501251382027,-0.6849826369288106,0.0035193181711261046,-0.006639735330307357,-0.7285206348624635,0.28780330999678916,-0.023203679214069316,0.39265134336679525,0.0027054437623519334,0.012261350639164448,-0.002875345035135979,1522,502000000,1.47,0,2,1
-0.1038859468911717,1.0139364767825625,5.728968627421412,0.04385519924231087,0.04197208455766947,5.426946869418587,-0.6851608055162729,0.004245001011002753,-0.0076047284851828755,-0.728339768689981,0.32241060319900505,-0.022835985115419104,0.40895373767175053,0.0024124838319039554,0.017360295169055462,-0.0031796317898624693,1522,627000000,1.4,0,2,1
-0.1038859468911717,1.0139364767825625,5.728968627421412,0.044632382275810366,0.11113410312637946,5.509579037947346,-0.6853547362226797,0.005591475433407991,-0.009183586157899114,-0.7281299902386242,0.34854939583651423,-0.022384154726719237,0.4293090581888775,0.002108684884660761,0.023065189816406928,-0.0023693571847616113,1522,795000000,1.27,0,2,1
-0.12041619030626283,1.0907162069827128,5.770513242775789,0.0451734095818692,0.18434676857245344,5.595965641172467,-0.6854788160908447,0.007289778488727614,-0.011057584943777746,-0.7279721022370913,0.3604048986952165,-0.022002696136089274,0.45018060797179044,0.0018753359540824022,0.02639137346704956,-0.001583373648372799,1522,890000000,1.09,0,2,1
-0.138150398011617,1.1672268192795268,5.8090169943749475,0.045658189644988086,0.2591513189094618,5.684335164254873,-0.6855233612365734,0.009180453543136643,-0.0130822766921446,-0.7278751915735298,0.3612843105690815,-0.022337201318662854,0.4265962669294458,0.0015466986269530025,0.02726790316955885,-0.00042129821054004424,1522,975000000,0.94,0,2,1
-0.15708419435684462,1.243449435824274,5.844327925502015,0.046083715608302385,0.3113770812660323,5.736608457067507,-0.6855009552311665,0.010367398111339451,-0.014380704732004066,-0.7278558598822779,0.3583428970197954,-0.02332228032332247,0.35131265263193917,0.0016185285062420007,0.02217153687524842,0.0005331231136551651,1523,67000000,0.91,0,2,1
-0.1772129077110094,1.3193652498268647,5.8763066800438635,0.04689479756573753,0.38469313993009385,5.793889747481165,-0.6854204692801464,0.011481764251684158,-0.01558698997844735,-0.7278900982462011,0.3510519922296547,-0.024617158089510534,0.2551168652554412,0.0007395879038085695,0.01101143570849672,0.0011562817348931276,1523,161000000,0.96,0,2,1
-0.1985315716152849,1.3949555301961465,5.90482705246602,0.04843251171228929,0.4831188307014074,5.844030551357877,-0.6852636003548823,0.011767131846451423,-0.015879961376589247,-0.7280268947390957,0.3358510810937255,-0.025876492867399375,0.13789888942138787,-0.0009466571498251142,-0.004416946330820792,0.0018556484292275854,1523,243000000,1.02,0,2,1
-0.2210349260083495,1.4702016261615198,5.929776485888251,0.05025926389293346,0.5759116590440856,5.877126701408799,-0.6850512969957011,0.010913305032100676,-0.014892345830097761,-0.7282608312228941,0.31409850132968514,-0.02526436704555064,0.1624154361654655,-0.0002297153571362287,-0.010612761980155483,0.0027303942715661833,1523,342000000,1.02,0,2,1
-0.24471741852423268,1.545084971874737,5.951056516295154,0.05190873771754269,0.650616054471701,5.921309603493374,-0.6847808289790472,0.010167302431035457,-0.014204247507262558,-0.7285396911471583,0.29506487008073,-0.024188200026660497,0.2233506526264235,0.00040694452252409974,-0.006289521297730971,0.003478386247479648,1523,438000000,0.99,0,2,1
-0.2695732058622733,1.619587090990747,5.968583161128631,0.05313378744244492,0.7043625166271044,5.96347211494723,-0.6845510729617135,0.009841061328907367,-0.01395859343955755,-0.7287648040953107,0.2847661736610064,-0.023344553310266226,0.26235855634915917,0.0006663262638539891,-0.002910073044404271,0.0036506391779767,1523,561000000,1.03,0,2,1
-0.29559615522887306,1.6936896012264568,5.982287250728689,0.054170661207690755,0.7507210353475486,6.00650315913964,-0.6843104533988588,0.009725359833935182,-0.013891859808430744,-0.7289935781446991,0.2751896440665681,-0.02228036355670134,0.29229543834357136,0.0004444338600251285,-0.0006001764234042639,0.0045717175908066565,1523,645000000,1.09,0,2,1
-0.322779845850663,1.7673742188962853,5.9921147013144775,0.055106671321200215,0.7958992087172364,6.054063755553761,-0.6840260083569379,0.009719880231196059,-0.013983556724025455,-0.7292588045138099,0.2685960609735417,-0.0210899129539689,0.3186844757506647,0.0011925880812668765,0.0018882740846493107,0.005105074387756758,1523,820000000,1.14,0,2,1
-0.3511175705587428,1.8406227634233896,5.998026728428272,0.055780543920627056,0.8349649852409262,6.098916780487752,-0.683763576861745,0.009800983200188408,-0.014182242050938562,-0.7294999490719313,0.2667490836069757,-0.019767010741173763,0.3387404164143469,0.001399892107656342,0.00345282767284516,0.005083227597424411,1524,9000000,1.18,0,2,1
-0.3806023374435661,1.913417161825449,6.0,0.05628648210269294,0.8798433308885523,6.153301594772063,-0.6834735529061872,0.009944069587551676,-0.014491836502933042,-0.729763663546359,0.2702473075057066,-0.01796220461877271,0.3580986697338366,0.0017923383552442829,0.00421681229454407,0.0047742928018124076,1524,215000000,1.21,0,2,1
-0.4112268715800944,1.985739453173903,5.998026728428272,0.05639662872893613,0.9259906917681362,6.210357549627859,-0.6832068154723546,0.010085425359257529,-0.014835043283405954,-0.7300045568201791,0.2808880718645833,-0.015863331392476962,0.37318731585741444,0.0020142191260674736,0.004113147861062316,0.004319380104789161,1524,393000000,1.25,0,2,1
-0.4429836168227732,2.0575717930255437,5.9921147013144775,0.056004078442772214,0.9744068867588195,6.269369325056252,-0.682964684387676,0.010224526078233188,-0.015184108575185845,-0.7302219811759261,0.29645635089500166,-0.013585224382373789,0.38433598313822737,0.0019425277059781365,0.004468447241379181,0.00397354988308507,1524,546000000,1.29,0,2,1
-0.47586473766990167,2.1288964578253635,5.982287250728689,0.05504845029035208,1.0256206655101594,6.329734056901945,-0.6827341392453815,0.010386206026028185,-0.015579836213451947,-0.7304269234747681,0.31484368796603424,-0.011143269004302746,0.391911836838492,0.0023433817204931984,0.005191129866943811,0.0039032042877806816,1524,734000000,1.33,0,2,1
-0.5098621211969219,2.1996958492795757,5.968583161128631,0.05393500422532976,1.0660188625619051,6.375555353272894,-0.6825549993388711,0.01054365737588494,-0.01591573398541376,-0.7305848298304305,0.32838511696527306,-0.009270605831103524,0.395595039270728,0.002325921082046989,0.006208648983374587,0.004229943669997738,1525,22000000,1.37,0,2,1
-0.5098621211969219,2.1996958492795757,5.968583161128631,0.05221328959375927,1.115146886532812,6.429350124874842,-0.6823232799413916,0.010794457972576813,-0.016361052733722688,-0.7307877511839835,0.3428921526371048,-0.007110866543388422,0.3982704349336432,0.002396779450464237,0.007594820635858923,0.0047131602514127735,1525,303000000,1.39,0,2,1
-0.5449673790581606,2.2699524986977337,5.951056516295154,0.04968713073088966,1.173706798737052,6.490911897738565,-0.6820163085253036,0.01115366309172517,-0.016953734041345158,-0.731055347841194,0.35795993774848195,-0.004654660930811966,0.39872952459165695,0.002390416216258018,0.008858494220476132,0.005655712175212102,1525,540000000,1.4,0,2,1
-0.581171849556533,2.339649071302867,5.929776485888252,0.047031459741363996,1.2266867650435183,6.544630674349637,-0.681703623580039,0.011554633695852308,-0.01751335914340742,-0.7313275205333879,0.3667473585434048,-0.0028588458801747504,0.3985575239945853,0.0017981288692681119,0.010312167614756618,0.006268696279221331,1525,723000000,1.39,0,2,1
-0.6184665997806817,2.4087683705085765,5.904827052466019,0.04403175222809025,1.280746690801813,6.598144052659478,-0.681360181585813,0.012028979335354479,-0.01810554161725317,-0.731625447868131,0.37375351322703027,-0.0012494653824789727,0.3950545603171687,0.001667923436343699,0.01088773378796759,0.0069134713612584164,1525,886000000,1.38,0,2,1
-0.6184665997806817,2.4087683705085765,5.904827052466019,0.04072518016370084,1.3357796385631524,6.644012746059178,-0.6809803605474978,0.012441466999296703,-0.01864286710192643,-0.7319586067215311,0.38344171157007906,-0.0010118137629218586,0.3013039080456252,0.0019258920019638026,0.007479882469851873,0.00770986234783777,1526,43000000,1.35,0,2,1
-0.6568424278090443,2.477293342162038,5.8763066800438635,0.03554666813969788,1.4152742493697585,6.687805484439837,-0.6803691973958739,0.01248515171081301,-0.018911022851500876,-0.7325191119939207,0.39167591310570643,-0.00046817835922490625,0.17961716294865285,0.0017350191114928748,-0.003231281584703538,0.008919798074202845,1526,189000000,1.32,0,2,1
-0.6962898649802813,2.5452070787518566,5.844327925502015,0.029885107035429414,1.4948742984328236,6.708653078529382,-0.6796959958352287,0.011714451185235085,-0.01837910851122024,-0.7331700575237086,0.39592458863055074,-0.00010451190812209624,0.07090055452300918,0.0011006315958184132,-0.014772676695429254,0.009652510743762832,1526,339000000,1.36,0,2,1
-0.7367991782295391,2.612492823579744,5.8090169943749475,0.025054435242742187,1.5579696558230913,6.710558499717024,-0.6791108557612092,0.010612765434741137,-0.01737214139956505,-0.7337533805716322,0.39353626272123454,0.0004137546163243195,-0.008536275354503586,0.00021438233233084247,-0.022172861645231023,0.010601020858302945,1526,517000000,1.51,0,2,1
-0.7783603724899244,2.679133974894983,5.770513242775789,0.02061931979168781,1.6123123232904566,6.702838486572747,-0.6785475213171834,0.00936058709058456,-0.01614342780134057,-0.73431943353179,0.38787609198997514,0.0013997396355173348,-0.05263124484200467,-0.0010042980761681974,-0.02723596408031881,0.011986836307187332,1526,657000000,1.74,0,2,1
-0.820963193158649,2.745114089990659,5.728968627421412,0.015248853763147394,1.6728743189401656,6.695084623248158,-0.6777972050174343,0.007881137272857521,-0.014578989863341076,-0.7350620991456469,0.37521790432599744,0.004038007895449142,-0.022324571562713197,-0.0020807578948733862,-0.025421264581382275,0.01406845740348217,1526,813000000,2.0,0,2,1
-0.820963193158649,2.745114089990659,5.728968627421412,0.009515853070665195,1.7314109228285832,6.691876594466538,-0.6769358478285364,0.0066442161893659115,-0.01314060727154733,-0.7358947185273342,0.36153158960400844,0.006856306352518981,0.0012985118543279157,-0.002726785965023737,-0.022220863138500135,0.015298754442483187,1526,943000000,2.33,0,2,1
-0.8645971286271905,2.8104168892606527,5.684547105928689,0.003379000214456934,1.787845911960233,6.692340873183911,-0.6760235505076089,0.005621967021597455,-0.011828884561032711,-0.7367636189008901,0.3485079147078472,0.009880990134351088,0.020961276773198017,-0.0033247136116187903,-0.01906410379888257,0.015815400183782913,1527,94000000,2.61,0,2,1
-0.909251412874883,2.875026260216393,5.63742398974869,-0.003154518027834778,1.8423082257997827,6.695980055125189,-0.6750874490581631,0.004807243621358804,-0.010748922697241094,-0.7376437400220757,0.33653002560004774,0.012434461624753194,0.038596156970361305,-0.0026661571155273123,-0.014559361898136558,0.016039018737501465,1527,250000000,2.85,0,2,1
-0.9549150281252627,2.938926261462366,5.587785252292473,-0.01004173145104017,1.895166689841615,6.702054821328005,-0.6741267724933674,0.004216372967827083,-0.009980582023229895,-0.738536190575079,0.32921345458020596,0.014449892809599251,0.03554323022434737,-0.0015241431697177177,-0.009920910542859929,0.016606893404969014,1527,396000000,3.02,0,2,1
-0.9549150281252627,2.938926261462366,5.587785252292473,-0.016351565150490677,1.9406309517979743,6.700141997443281,-0.6732599615226686,0.0037592855564261693,-0.009480210911855958,-0.7393355243620223,0.32655289425101625,0.015245981571658648,-0.04402304314103594,-0.0001513526356688999,-0.01026638456096407,0.016922486247494817,1527,531000000,3.14,0,2,1
-1.001576707564547,3.0021011266294195,5.5358267949789965,-0.0229521974270586,1.9856551322735847,6.687614298496673,-0.672372783247512,0.003132336724265087,-0.008937851821526482,-0.7401521084341086,0.326503464366635,0.016254570073584676,-0.11776710986496937,0.000932947028786657,-0.013482123631547438,0.017494909479864873,1527,665000000,3.22,0,2,1
-1.0492249381215486,3.0645352682648825,5.481753674101715,-0.030920670083610557,2.037165487853152,6.661328166890669,-0.6713253007786639,0.0021222859258108275,-0.008136562461363286,-0.7411151278905308,0.32926941558269224,0.01724284602696824,-0.19500024508042174,0.0014108712434790505,-0.01867086175479926,0.01782872659532586,1527,868000000,3.31,0,2,1
-1.097847963308351,3.1262132816785253,5.425779291565073,-0.0393614938013056,2.088950568610797,6.623429637948502,-0.6702849263904814,0.0007597014344749961,-0.006986136464242537,-0.7420705722535695,0.3306243766359798,0.018626933051814554,-0.26548169171782415,0.0007988285915416782,-0.02559824333729921,0.01725986567180371,1528,67000000,3.44,0,2,1
-1.097847963308351,3.1262132816785253,5.425779291565073,-0.046039343370528014,2.1279204743911526,6.588060654343866,-0.6695281294605321,-0.0004702612785508196,-0.005841726706875211,-0.7427635807876506,0.33226079547980286,0.020096581154615906,-0.3139047804799838,-0.0012138801025685098,-0.030160053756844718,0.016669734759489074,1528,223000000,3.62,0,2,1
-1.147433786121054,3.1871199487434483,5.368124552684678,-0.05308464238861909,2.167198784355456,6.54894853821766,-0.6687929757792125,-0.001814941363355453,-0.004477440169718965,-0.7434329923172361,0.334665706851919,0.022553772039296767,-0.31446987116859076,-0.0037057693134556757,-0.03294338130217511,0.01618731657799799,1528,376000000,3.79,0,2,1
-1.1979701719998452,3.2472402416509185,5.3090169943749475,-0.059305093278083115,2.2003075437222748,6.519095921448216,-0.6681929673571118,-0.0028854217135814717,-0.003243679194799067,-0.743975343181018,0.3377891871656037,0.02521555522992665,-0.28502557563999,-0.005149421303940471,-0.03175407509843353,0.015807946692802943,1528,523000000,3.97,0,2,1
-1.249444651847702,3.306559326618259,5.248689887164855,-0.06857015463781622,2.2473914280869898,6.482359998247145,-0.6673999908736231,-0.004111981920280127,-0.0015124608022118863,-0.7446865489915181,0.34419430347987634,0.029125813355415642,-0.24499699342701264,-0.008012638045329368,-0.027350051641406026,0.014591499439120525,1528,682000000,4.12,0,2,1
-1.249444651847702,3.306559326618259,5.248689887164855,-0.08152757353950774,2.309505906577786,6.443201491018694,-0.6664277819844043,-0.00518929559906715,0.0004191097717661254,-0.7455514113443363,0.3543617853152969,0.03432466158499712,-0.19864910950470963,-0.007853418992453953,-0.019504707051964942,0.014504597584164003,1528,853000000,4.29,0,2,1
-1.3018445251069517,3.3650625675488666,5.187381314585725,-0.09729599135630294,2.3806017334119622,6.408918456498034,-0.6652587618343369,-0.0058371573391699325,0.0018818916668791727,-0.7465876813078265,0.3657259056242427,0.03933941747907386,-0.15496452628152993,-0.006071593725209823,-0.010526242658670526,0.016507214058947284,1529,2000000,4.45,0,2,1
-1.355156862892942,3.422735529643443,5.125333233564304,-0.11249655937962035,2.4462181419735174,6.378560133402376,-0.6640477635935855,-0.006123902938679496,0.0026244387503973348,-0.7476604695986009,0.372996610132284,0.04155694150675447,-0.20978060257914377,-0.0030284040121841826,-0.0074183326887578005,0.01897948022815399,1529,155000000,4.52,0,2,1
-1.4093685111840557,3.4795639829615714,5.0627905195293135,-0.12661587533909135,2.5052975696035116,6.339862210720833,-0.6628547535047984,-0.006643029732767001,0.0031516523477585793,-0.7487119025363103,0.3741674851183251,0.043160805628978824,-0.27895767493658846,0.0003551228417109087,-0.01137502822530223,0.02053114822047064,1529,298000000,4.52,0,2,1
-1.4644660940672622,3.5355339059327373,5.0,-0.13569042195594508,2.5422733481259168,6.310302845506243,-0.6620663045488101,-0.00718910939893185,0.003519713516507163,-0.7494025198142144,0.37264898093786986,0.0440323290375993,-0.3194932303494647,0.0027425561938798637,-0.014456130065809703,0.02127034058503341,1529,446000000,4.55,0,2,1
-1.5204360170384286,3.5906314888159443,4.9372094804706865,-0.14680155856129432,2.5864113935372943,6.269707313225533,-0.6610867174623136,-0.008047809223611466,0.004032916974948928,-0.750255503373535,0.36922209680913015,0.0450694496416411,-0.36538485849168517,0.0016877256484804093,-0.018250938956043683,0.021594040481431875,1529,616000000,4.72,0,2,1
-1.5772644703565568,3.644843137107058,4.874666766435696,-0.16206807853594318,2.644724795233426,6.207562568382278,-0.6598226555884691,-0.009341489082395762,0.005114716884914458,-0.7513458853451523,0.3632865676644791,0.04773305054527506,-0.4214165614214048,-0.0013304724575391447,-0.023675057127547916,0.01953294122358784,1529,765000000,4.68,0,2,1
-1.5772644703565568,3.644843137107058,4.874666766435696,-0.17802781991317224,2.7024399279083537,6.140420004852154,-0.6587168372141374,-0.01075749499356737,0.006584855412759338,-0.752285214763164,0.36007784744165255,0.05202490145964119,-0.4094726008183141,-0.003101764059465495,-0.025764510974113364,0.0170082092154189,1529,891000000,4.82,0,2,1
-1.6349374324511334,3.6981554748930483,4.812618685414275,-0.19697896589989972,2.766909355023648,6.074192235665669,-0.6576606973354323,-0.012054779704488813,0.008285315223933058,-0.7531722532184714,0.357825562676446,0.05793184646334757,-0.35101349613275123,-0.0055797263030399336,-0.02037307513091946,0.013891713297198294,1530,7000000,4.98,0,2,1
-1.6934406733817404,3.7505553481522975,4.751310112835146,-0.21470941139058544,2.823609402039811,6.023993157011202,-0.6569317272140827,-0.012693887544068048,0.009643528798236208,-0.7537815156601135,0.3552238781749546,0.06321106308005325,-0.30260265814829324,-0.007955580349516822,-0.01416128252458293,0.010610738354444038,1530,115000000,5.13,0,2,1
-1.7527597583490815,3.8020298280001548,4.6909830056250525,-0.23084033020157432,2.872719906977802,5.986213446271504,-0.6564053794855302,-0.012896318638250148,0.010572656521494611,-0.7542240261899087,0.3535594532121623,0.06747760553308164,-0.26407009607109555,-0.008396500834351173,-0.008114897536870558,0.009561138904246036,1530,244000000,5.18,0,2,1
-1.8128800512565513,3.852566213878946,4.631875447315322,-0.25235159863449985,2.935041490452482,5.945013949376648,-0.6557764799594741,-0.012815245142849142,0.01125838411767046,-0.7547623643312833,0.34862308786809226,0.0725868848774318,-0.22822050874845975,-0.005219928061706014,-0.001154151220816857,0.00915875643840991,1530,436000000,5.17,0,2,1
-1.8737867183214734,3.9021520366916485,4.574220708434928,-0.272099241150251,2.9892349082443936,5.904365592644315,-0.6551854850939905,-0.012742987716685389,0.011343495141146385,-0.7552753944781913,0.3397776200856985,0.0764911506865135,-0.2980747825423865,0.0005175497335585533,-0.00016679692507182153,0.010444649797136663,1530,624000000,5.09,0,2,1
-1.9354647317351175,3.950775061878452,4.518246325898285,-0.2897936006435283,3.0356423247554427,5.859988587410176,-0.6546075569253853,-0.012983436013845438,0.011238941466230242,-0.7557738173555442,0.3305190395090386,0.07952061654529127,-0.35448874333702135,0.004938228948958567,-0.0031106194683161448,0.01113025509766885,1530,813000000,5.0,0,2,1
-1.9978988733705796,3.9984232924354526,4.4641732050210035,-0.30783444220220446,3.0809288459461257,5.808017622561527,-0.6539913363161038,-0.013555256185151717,0.01110425698346896,-0.7562990695023211,0.32135728726294077,0.08215477034321858,-0.4067631337110848,0.008226697809732286,-0.006329525740511599,0.01182996302304673,1530,967000000,4.93,0,2,1
-2.0610737385376336,4.045084971874736,4.4122147477075275,-0.3235981569781858,3.11899097418656,5.757889039431671,-0.6534423024331533,-0.01419395492652826,0.011086754952584247,-0.7567620318825623,0.31548244650528223,0.08456005125933844,-0.4479405928048893,0.005393367155193118,-0.00931437243707478,0.011548260226845741,1531,81000000,4.9,0,2,1
-2.0610737385376336,4.045084971874736,4.4122147477075275,-0.33971970353817105,3.1566276943420926,5.703088004402107,-0.6529302482816521,-0.014887958858077926,0.011289136886165221,-0.7571875559914238,0.3109879489325547,0.08740527131821205,-0.4855489987181415,0.0027884088012797292,-0.012507214796642074,0.010043148358818144,1531,196000000,4.89,0,2,1
-2.124973739783607,4.090748587125117,4.362576010251311,-0.3506991223600364,3.1815266568463776,5.664172534105429,-0.6526412666140604,-0.015384005678369936,0.011548462339531627,-0.7574228294019629,0.3083141457100013,0.08958111354963279,-0.5087632709594033,0.0028957219001313206,-0.014438761718338355,0.008690741287864512,1531,341000000,4.89,0,2,1
-2.1895831107393464,4.135402871372809,4.315452894071312,-0.36757465524375926,3.218822086267929,5.602574596052812,-0.6522737612271154,-0.01615154246992565,0.012094612153090125,-0.7577148463949617,0.3074744299435099,0.09323230511875262,-0.5401981872213941,0.0011309807462112076,-0.016536961811652873,0.007196815204224549,1531,507000000,4.9,0,2,1
-2.2548859100093415,4.179036806841351,4.271031372578588,-0.39086829254106337,3.2690739795937214,5.515257069138442,-0.6518219761817957,-0.017214636412766535,0.012989491707365857,-0.7580653275047072,0.31188842419869983,0.09763150077252937,-0.5752624003333414,-0.0006394877800630638,-0.017887234207591973,0.007562924383819336,1531,693000000,4.91,0,2,1
-2.2548859100093415,4.179036806841351,4.271031372578588,-0.4120705954996091,3.3142100464700537,5.4347704123114715,-0.651347576687739,-0.018172438104036178,0.013827872398573514,-0.7584358158613644,0.3195725384361542,0.10132334034789844,-0.6017656899384247,-3.549004645719833e-07,-0.0184056045327452,0.009680383936938597,1531,853000000,4.95,0,2,1
-2.3208660251050173,4.221639627510076,4.229486757224211,-0.4372731586562493,3.3675563451164643,5.338786008441993,-0.6506637580119214,-0.019325881807646862,0.014803807172460909,-0.7589756462465453,0.32975982960949785,0.10532746644932134,-0.6281170450401381,-0.00030728936337709456,-0.019369710571481846,0.011848182657558937,1531,998000000,5.18,0,2,1
-2.3875071764202556,4.263200821770461,4.1909830056250525,-0.46017295848622886,3.4158926837033268,5.251888907124827,-0.6499581012646506,-0.020395962462723665,0.01568979137132009,-0.7595342663516859,0.33931440362594,0.10804130718438554,-0.6466874734345824,0.00025021820988513355,-0.02025635876634624,0.013729125021200161,1532,159000000,5.07,0,2,1
-2.3875071764202556,4.263200821770461,4.1909830056250525,-0.490633036408589,3.480436331808728,5.1371661407368965,-0.6488928018050987,-0.021834101684259172,0.01687809459295484,-0.7603792038792759,0.3522846399628813,0.11081536283956073,-0.6654490464679574,1.7855622225226853e-05,-0.021156732509552967,0.0163048987815273,1532,335000000,5.17,0,2,1
-2.454792921248144,4.303710135019719,4.155672074497985,-0.5222406013370858,3.547137772179843,5.0197754623123005,-0.6478091932577488,-0.023342708707781445,0.018199366942771706,-0.7612273971185026,0.35839083891529655,0.11468084891060452,-0.6811428215452147,-6.689829845640816e-05,-0.023004819377092645,0.014452326377067948,1532,456000000,5.32,0,2,1
-2.522706657837962,4.343157572190956,4.1236933199561365,-0.5622179165389353,3.629624684950005,4.873283169900408,-0.6467591567256284,-0.025387430139292132,0.019844015631113137,-0.7620133113181872,0.35547308228696,0.11933909326895464,-0.6968307199794004,0.0005215541392544765,-0.024101832059386652,0.009598067845217884,1532,604000000,5.5,0,2,1
-2.5912316294914244,4.381533400219318,4.09517294753398,-0.5958326863531658,3.69615852453868,4.751312456466187,-0.6463027736062505,-0.027113092673088694,0.02117059409725617,-0.7623053266114159,0.34373234406625214,0.12444203062356995,-0.7078340035759905,0.0020071126073162304,-0.023386191969620995,0.003551340478225029,1532,730000000,5.7,0,2,1
-2.660350928697133,4.418828150443467,4.070223514111748,-0.6263187106867193,3.7534435984643606,4.641457558787384,-0.6462489593162603,-0.0286141902623488,0.02221801537858556,-0.7622662726966986,0.32644343955399113,0.12996731694792335,-0.7161808281737658,0.002941439788628486,-0.021894164456170984,-0.0028632646944970475,1532,834000000,5.81,0,2,1
-2.730047501302266,4.455032620941839,4.048943483704846,-0.6534159765724249,3.8013221132062194,4.54436201082191,-0.6465037249340672,-0.029863818021187025,0.022965629044905102,-0.7619800954763484,0.3073810858777653,0.13528856085705504,-0.721649389018743,0.004278032020010869,-0.019325212997500785,-0.008208911276597064,1532,937000000,5.86,0,2,1
-2.8003041507204247,4.490137878803078,4.031416838871369,-0.6887676013829435,3.858925940105379,4.418555649788865,-0.6472425281441292,-0.03132666304067962,0.023581886226968964,-0.7612750124536534,0.2791212680243841,0.14250873581755058,-0.725713832976133,0.006991649479459738,-0.014392493812920293,-0.014719140199304093,1533,49000000,5.83,0,2,1
-2.8711035421746365,4.524135262330098,4.017712749271311,-0.720650227165289,3.906106698362145,4.306245164090089,-0.648235780183436,-0.03238853893388712,0.02373794806600786,-0.7603800797346782,0.2554493082491107,0.14878597590636597,-0.7261266631993217,0.008405520293308655,-0.008487554714520229,-0.01876493806776125,1533,209000000,5.72,0,2,1
-2.8711035421746365,4.524135262330098,4.017712749271311,-0.7489139591593962,3.9446142764605403,4.207922143384338,-0.6492749084160295,-0.03307812631370499,0.023555831872479976,-0.759468928690125,0.23779120351463212,0.15394005891450663,-0.724544822059577,0.009671853877080139,-0.0034554772810224677,-0.021256785294099245,1533,352000000,5.53,0,2,1
-2.942428206974456,4.557016383177226,4.0078852986855225,-0.7734205140222928,3.9758952066927127,4.123835773781115,-0.6502371392282018,-0.03350405011438781,0.023169737911893997,-0.7586384544955196,0.2270758589720014,0.15757841802401973,-0.7210961156438593,0.011063823149015661,0.0009107811877129279,-0.02140148262697039,1533,495000000,5.31,0,2,1
-3.0142605468260975,4.588773128419906,4.001973271571728,-0.7981640552328796,4.006218782878679,4.040278454057679,-0.6511544732598724,-0.03377985522798306,0.02257066688087722,-0.7578570698561746,0.22308125409253673,0.15977736375422003,-0.7150587209013883,0.012293890176806599,0.005206445757721667,-0.01877090344351018,1533,635000000,5.09,0,2,1
-3.086582838174551,4.619397662556434,4.0,-0.8230851643388729,4.036580034088921,3.9576665226462886,-0.6518603914319454,-0.0339008012751898,0.021762944832120393,-0.7572682087525693,0.22883135052102732,0.16016833888294404,-0.7060007758068397,0.012463090934033971,0.009318407501268666,-0.012131531366321724,1533,828000000,4.86,0,2,1
-3.086582838174551,4.619397662556434,4.0,-0.8566333228505393,4.078878547132836,3.849626042042432,-0.6522154702095061,-0.03379779194033859,0.02050088391409011,-0.7570022479742654,0.24893038629673359,0.15931341030175802,-0.6907646417991472,0.010279979505867232,0.012801712728105485,0.00034763637568602235,1534,21000000,4.65,0,2,1
-3.1593772365766095,4.648882429441256,4.001973271571728,-0.8820956995175044,4.112865008080037,3.770471577249863,-0.6519683964304361,-0.03357158289394777,0.01955401385842496,-0.7572501564344143,0.2696326473263438,0.15813672459444333,-0.6777583491503206,0.008441910904366523,0.013322408176463796,0.010385566110926447,1534,239000000,4.44,0,2,1
-3.2326257811037142,4.677220154149337,4.0078852986855225,-0.9121513832822807,4.1554132651019815,3.6803513169648587,-0.6511540551989999,-0.033271230886128905,0.0185655838917857,-0.7579886151440379,0.29455508980406625,0.15608347800607164,-0.661819580677877,0.0066717961090034805,0.011212041317776311,0.019829150369332638,1534,407000000,4.36,0,2,1
-3.2326257811037142,4.677220154149337,4.0078852986855225,-0.9381901195882212,4.194253406647025,3.6081399335882995,-0.650131239184117,-0.03303201936109094,0.01793129979881957,-0.7588917749069215,0.31842258516996297,0.15586500132533737,-0.587466052329492,0.001991974977499922,0.008766112387093017,0.024397025117650628,1534,578000000,4.39,0,2,1
-3.3063103987735425,4.704403844771127,4.017712749271311,-0.9734331107067307,4.24869944061642,3.528655472314703,-0.6486032306765286,-0.03241952150472447,0.017540340937966158,-0.7602336221327983,0.34395920041728145,0.15781368638288104,-0.47160049971565937,-0.005290885292197345,0.00918097448447952,0.02540423611208098,1534,705000000,4.49,0,2,1
-3.380412909009253,4.730426794137727,4.031416838871369,-1.0137786101062265,4.311342518471612,3.460135235358996,-0.6471422088907026,-0.03127274989777613,0.017442586112621106,-0.7615278936293779,0.35486192308336095,0.1620073312631514,-0.3554414371007629,-0.010714997097238665,0.01165902940556407,0.018334203377889935,1534,877000000,4.68,0,2,1
-3.380412909009253,4.730426794137727,4.031416838871369,-1.0546531207526495,4.372066173466536,3.4108757866898016,-0.6464090232732255,-0.029794225424586943,0.01733625298595138,-0.7622120000988638,0.34372497371092325,0.1687695699153776,-0.25384326179065597,-0.011418388658057665,0.015295470711862436,0.0062238243572210195,1535,38000000,4.89,0,2,1
-3.4549150281252627,4.755282581475767,4.048943483704846,-1.0866948732248622,4.416283360234573,3.384282386318256,-0.646254982138084,-0.02848295069647344,0.01694760883182477,-0.7624014678213903,0.3276440885058019,0.17435623269334596,-0.1817797737588072,-0.007758097490295768,0.020224276158842258,0.0021693567987313145,1535,187000000,5.02,0,2,1
-3.5297983738384797,4.7789650739916505,4.070223514111748,-1.1142215883899658,4.4516194810102805,3.3672426079464346,-0.6462257896828254,-0.0272236215969458,0.01633189197368311,-0.7624856539506266,0.30818316578186733,0.17769302876844972,-0.16834549288110495,-0.0021283746491462807,0.024360684255952947,0.0016834128587106534,1535,302000000,5.1,0,2,1
-3.6050444698038526,4.801468428384715,4.09517294753398,-1.1416374420135706,4.484355770783356,3.3480999362247377,-0.6461784884030065,-0.026096140482323987,0.015346480005859881,-0.7625856267518828,0.2863205570482802,0.17981867191804854,-0.18868303400222214,0.004546448417386273,0.025251133229176048,0.002103541601172765,1535,414000000,5.17,0,2,1
-3.6806347501731365,4.822787092288991,4.1236933199561365,-1.173452399143046,4.519458894874957,3.3227868212272673,-0.6460808790784719,-0.02507369529098209,0.013830797970595814,-0.7627316150004143,0.26310756885176684,0.18189555373770844,-0.2068757176247112,0.009091791707760422,0.02503179475752404,0.0021601871821985696,1535,549000000,5.28,0,2,1
-3.6806347501731365,4.822787092288991,4.1236933199561365,-1.2006096926221024,4.547108813453089,3.2990870320838663,-0.6460318765709717,-0.02432768794247861,0.01243388928558773,-0.762821326688495,0.24516314061467756,0.18375256711601706,-0.21927850559946963,0.01040500501403585,0.024034021043917164,0.0003613178449768384,1535,693000000,5.44,0,2,1
-3.7565505641757264,4.842915805643155,4.155672074497985,-1.2322401455507521,4.5767836042654775,3.2695483060198454,-0.6461426443775736,-0.023571008804744248,0.010840084030946544,-0.7627755785543248,0.22675833329591244,0.18632905786385182,-0.23120666662186387,0.010318296608602395,0.021865675080334768,-0.004112932265343261,1535,824000000,5.6,0,2,1
-3.7565505641757264,4.842915805643155,4.155672074497985,-1.259372748957831,4.600302735228538,3.242858561635265,-0.6464529668113659,-0.023023312830601966,0.009573526437299319,-0.7625462847320428,0.2132540089730143,0.18848271906423114,-0.24014394796877161,0.010403897067590151,0.01959962482942501,-0.009103247884922894,1535,975000000,5.78,0,2,1
-3.832773180720473,4.861849601988383,4.1909830056250525,-1.2865236342575,4.622355056313419,3.2150666038851465,-0.6469861540568249,-0.02257427489503303,0.008403001989447784,-0.7621211899227622,0.20351209740323606,0.19029234604232242,-0.2477452749575813,0.009981977109418949,0.017465700693719555,-0.012664361111092148,1536,90000000,5.92,0,2,1
-3.909283793017287,4.879583809693736,4.22948675722421,-1.3183464278303603,4.64736904785402,3.1865680295427765,-0.6476476643397646,-0.022008891761075795,0.0072655253626076,-0.7615873710218035,0.20767853374783196,0.19308312318862403,-0.1767802020062559,0.003446565438025573,0.016989090727292933,-0.00906107779883314,1536,247000000,6.03,0,2,1
-3.909283793017287,4.879583809693736,4.22948675722421,-1.3458020700214604,4.669740723197246,3.171507903312737,-0.6478266888526026,-0.021169007835062578,0.006590620150228336,-0.7614650471581655,0.22358011063842403,0.1937984001996351,-0.10543844654901191,-0.0036408070855031838,0.019097539370704908,0.0032042263001130777,1536,429000000,6.16,0,2,1
-3.986063523217436,4.896114053108828,4.271031372578588,-1.3780554794780808,4.69840834607299,3.164515823055638,-0.6471936195841802,-0.019732148561403935,0.006018914648187401,-0.7620464774205938,0.2504295463179343,0.19279182806448641,-0.025814334830700815,-0.010275163276673993,0.02255973104183795,0.02271506964461878,1536,605000000,6.34,0,2,1
-4.063093427071376,4.911436253643443,4.315452894071311,-1.4151751083128419,4.735559002653218,3.169747486987434,-0.6452121875459571,-0.017539088070747187,0.0055238110185043465,-0.7637821030527221,0.28303974268249743,0.189156444543801,0.05977641009719925,-0.016221388250414748,0.026432449885760434,0.04148141269979533,1536,759000000,6.66,0,2,1
-4.063093427071376,4.911436253643443,4.315452894071311,-1.4571208425273894,4.782244226968751,3.1912177173232514,-0.6420116306291279,-0.01446761707706614,0.005160952961647724,-0.7665410091818747,0.31184413547060635,0.18419619679666735,0.14926293264509144,-0.021912197917117737,0.030227599017962348,0.051357158008613624,1536,871000000,7.2,0,2,1
-4.140354498602952,4.92554663077387,4.362576010251311,-1.489926371475876,4.82100564302295,3.2177522191205714,-0.6393259627841834,-0.011630695146078167,0.005059444654303538,-0.7688312183179646,0.323853490136839,0.18123275525473037,0.1869996057301538,-0.026309984605177306,0.03294186826678924,0.049816059254226275,1537,1000000,7.93,0,2,1
-4.217827674798845,4.938441702975689,4.412214747707527,-1.5276249103184851,4.866401871092314,3.2459531069159206,-0.6365016751348501,-0.008563809317784981,0.004696191470709856,-0.7712134753141756,0.32656422969380045,0.1785930004829183,0.15173699964642037,-0.017311490410065744,0.03093937375524547,0.041976230932050385,1537,112000000,8.52,0,2,1
-4.295493840312086,4.950118288582788,4.464173205021003,-1.5655201578056142,4.9113154040435205,3.268268166417463,-0.6343719566560235,-0.0062385687193441675,0.0038519043309258785,-0.7729931847705822,0.3197092388050821,0.17925464855215328,0.11792290307311135,-0.007019931263130275,0.02720380580285564,0.028789939096895978,1537,249000000,9.15,0,2,1
-4.373333832178478,4.960573506572389,4.518246325898284,-1.6036937612955546,4.954780857663059,3.2851721180380307,-0.6329276986348491,-0.004554922305500548,0.002788767954011642,-0.7741924849524717,0.30968440715167855,0.18199364733197748,0.08742392181153294,-0.000707812824884968,0.022456303304352332,0.019222388436901383,1537,396000000,9.66,0,2,1
-4.373333832178478,4.960573506572389,4.518246325898284,-1.6325648571139966,4.9861810833553175,3.2946973938626494,-0.632146941554512,-0.0035986685383804077,0.002052442650042696,-0.7748374547911292,0.30122864291379725,0.18506508678258976,0.06725940825059128,-0.0005377297839004314,0.018001498574449215,0.015299266124202404,1537,520000000,10.05,0,2,1
-4.451328444544773,4.969804777275899,4.574220708434927,-1.666571525481182,5.021408546354152,3.3028453174443997,-0.6314072633820239,-0.0027518118070661538,0.0014051036965435962,-0.7754452404675675,0.2908814590723888,0.18936187626853349,0.04657271205952229,-0.0010779080071188218,0.012794005397154251,0.012264534052519593,1537,622000000,10.28,0,2,1
-4.529458433407429,4.9778098230154,4.6318754473153225,-1.6911070485746968,5.045576498281117,3.3069475576029035,-0.6309712467985858,-0.0022983322638601943,0.0010966113156235403,-0.7758020371369653,0.2832426733743857,0.19263472897311296,0.0333288493835464,-0.0017298930401921098,0.00938227130973246,0.010374255180067848,1537,755000000,10.51,0,2,1
-4.529458433407429,4.9778098230154,4.6318754473153225,-1.7207916562615404,5.073490662442095,3.3101573403280584,-0.6305410861022773,-0.0018967598720798294,0.0008915851368396717,-0.7761530429721266,0.27448607985034534,0.19638349741407718,0.018900958799464688,-0.0020095409809073317,0.005608226547337836,0.008561930644646054,1537,884000000,10.64,0,2,1
-4.607704521360775,4.9845866686656395,4.6909830056250525,-1.750752807202228,5.100357097355203,3.3117658747173526,-0.6301648443129892,-0.0016556379234747027,0.0008333774410735771,-0.7764591639855201,0.26736373931498736,0.20009611539869807,0.007004086105414663,-0.0018385887301519688,0.002158292795684247,0.007755033129797084,1538,32000000,10.77,0,2,1
-4.686047402353433,4.990133642141358,4.751310112835145,-1.7911553817316455,5.1349489748953685,3.3119516039619428,-0.6297039456690917,-0.0015684729468768749,0.0009205346605427789,-0.7768330794432811,0.2608829023538517,0.2043069577040702,-0.00568675995013018,-0.0013004782658754266,-0.0013615914554065967,0.007194562977019814,1538,189000000,10.89,0,2,1
-4.686047402353433,4.990133642141358,4.751310112835145,-1.8371659340281017,5.172731942936413,3.310049419710072,-0.6292062581177371,-0.0016965968964655885,0.0011486273291389495,-0.7772356701539791,0.25650156782399475,0.20837492911996214,-0.01629936747421591,-0.0007845746551993216,-0.0036683376265500556,0.0071188659603649285,1538,364000000,11.02,0,2,1
-4.764467746451786,4.99444937480985,4.812618685414275,-1.8733863965202222,5.201719721199184,3.3075480601322242,-0.6287546106700881,-0.0018797835216108785,0.0014041786218191863,-0.7776002406490212,0.2567979479349166,0.2109191121833247,-0.021019049040175337,-0.0012380429211589217,-0.004803854426427279,0.009480207700107712,1538,503000000,11.16,0,2,1
-4.842946204609358,4.997532801828658,4.874666766435696,-1.9099560629383419,5.230846655401523,3.304531809691336,-0.6281435236148196,-0.002107462839089963,0.0016912484942547433,-0.7780928042461714,0.26005943876640986,0.2119802226927503,-0.024198215406441383,-0.0011330168263157248,-0.005316492934070993,0.013089714320813073,1538,667000000,11.27,0,2,1
-4.921463413440897,4.999383162408303,4.9372094804706865,-1.9520502144477887,5.26485049392949,3.3007771051106314,-0.6271858614813878,-0.002374923512968101,0.002044720049051666,-0.778863321781221,0.2667218262990726,0.21196940441530723,-0.02503301328272234,-0.0015945635936986946,-0.005347887372408877,0.017424006000510417,1538,830000000,11.4,0,2,1
-4.921463413440897,4.999383162408303,4.9372094804706865,-1.9944706595781945,5.299928669888457,3.2972231117107387,-0.6259508675193293,-0.0026127376966087338,0.0024178283723014027,-0.779854370481752,0.2746339671731653,0.2117493877752883,-0.02267446772205923,-0.0019524784192981315,-0.005076099159850855,0.021743980687460862,1538,975000000,11.58,0,2,1
-5.0,5.0,5.0,-2.042630699905615,5.34061271788913,3.293938348757699,-0.6243051786988861,-0.0028268108784911426,0.0028423054170324587,-0.7811702594760793,0.28240180287962824,0.21178063271292696,-0.017720412771818128,-0.002460534597048536,-0.004487365458771819,0.024649019542266615,1539,121000000,11.81,0,2,1
-5.078536586559102,4.999383162408303,5.062790519529313,-2.085791415008308,5.3773431971543335,3.291820542136097,-0.6228512421205252,-0.0029514947717705093,0.0032025059064224957,-0.7823281682410843,0.2844914492073784,0.2121560957131964,-0.013336428321784463,-0.0026892147161561297,-0.0035760046557697933,0.022086532590037677,1539,233000000,12.1,0,2,1
-5.157053795390642,4.997532801828658,5.125333233564304,-2.1292342445021486,5.413953049208161,3.294871586224685,-0.6215874016824345,-0.002887056312284515,0.0036184812937320055,-0.7833311391542253,0.283888174777201,0.2135886983051632,0.06469675463704748,-0.008533662185072899,-0.0008093393773833668,0.018388232820143458,1539,350000000,12.36,0,2,1
-5.157053795390642,4.997532801828658,5.125333233564304,-2.1785422319974086,5.454020788213917,3.3180422464266375,-0.6205825403052878,-0.0018892703562241385,0.004415628230441355,-0.7841264206447116,0.27648403729392534,0.21710917102772548,0.18072285002953054,-0.018313333566766232,0.00710161752977001,0.010667108472262044,1539,466000000,12.6,0,2,1
-5.235532253548213,4.99444937480985,5.187381314585724,-2.2228271659078054,5.487750406171007,3.3551854607593783,-0.6201673048956384,-0.00011101000429302853,0.0052620744973411555,-0.7844519183399601,0.26528964219366646,0.22115047723588513,0.2748167942557377,-0.025236793044314254,0.014028338682692265,0.0036016556578033487,1539,600000000,12.84,0,2,1
-5.313952597646567,4.990133642141358,5.248689887164855,-2.267508462348843,5.519268872163928,3.4061828706740265,-0.6202462441511816,0.0022354762749754666,0.005910462429297015,-0.784381709179943,0.250725051981658,0.22458099611675797,0.3573982189052933,-0.025553810155543033,0.021197067508182954,-0.005777620572189335,1539,750000000,13.02,0,2,1
-5.392295478639224,4.9845866686656395,5.3090169943749475,-2.3068461972496,5.54492844500992,3.460723222500661,-0.6208291951697238,0.004486544619882063,0.005972642797496687,-0.7839102683855468,0.23787339299215343,0.22722120101175386,0.4210273693855924,-0.01849583968578372,0.02759141498245299,-0.015653000264137518,1539,923000000,13.15,0,2,1
-5.470541566592572,4.9778098230154,5.368124552684678,-2.3407226758276436,5.565707306196247,3.5140032160323664,-0.621741549345328,0.006455334622136617,0.0055650212235545185,-0.7831761008938976,0.22803913932381087,0.22900699959852017,0.4699712848940935,-0.010357877181377262,0.03176380596414674,-0.023656172379560303,1540,65000000,13.21,0,2,1
-5.470541566592572,4.9778098230154,5.368124552684678,-2.374695192085755,5.58570093065475,3.5726971088107513,-0.6229846917927225,0.008369783355687926,0.004765214085459745,-0.782174733197912,0.22107006836543217,0.22984051740742112,0.514049283203726,-0.003030004177162482,0.03376569147803821,-0.028719049078063108,1540,203000000,13.22,0,2,1
-5.548671555455226,4.969804777275899,5.425779291565073,-2.4142942147720294,5.609125621367275,3.6471965610590624,-0.6245385873122736,0.010227294636481327,0.0032583565337138604,-0.7809201870326486,0.22246743014480558,0.22771728563161903,0.5583841746295455,0.0037142862083783257,0.03361177405167837,-0.027297368433210067,1540,368000000,13.23,0,2,1
-5.62666616782152,4.9605735065723895,5.481753674101715,-2.4536161011000126,5.634102417356754,3.727193906216403,-0.6258255803957474,0.011857425418792804,0.0015985000796355413,-0.7798712644932232,0.23262350340505855,0.22217351383387168,0.5951464588225959,0.003801434627348499,0.03194299861206673,-0.02043538243015064,1540,527000000,13.15,0,2,1
-5.704506159687912,4.950118288582789,5.535826794978996,-2.492496383080103,5.6614940521015935,3.8117575565000537,-0.6267348909842833,0.013394748691978101,-1.4946943884681409e-05,-0.779117421770933,0.2460824664083257,0.21550343166293517,0.6265479479562537,0.004863173626290518,0.031062895868672058,-0.01408870948580443,1540,710000000,13.13,0,2,1
-5.704506159687912,4.950118288582789,5.535826794978996,-2.530930479797612,5.691594400656904,3.9002007944538493,-0.6273215828569456,0.014836673291675118,-0.0016875657430717537,-0.7786171439991256,0.26115820292908365,0.20865143582238482,0.65327826827819,0.0067470589328877395,0.030825071371509694,-0.00858103749123984,1540,856000000,13.15,0,2,1
-5.782172325201154,4.938441702975689,5.587785252292473,-2.563542235519955,5.719568885234407,3.9786238428688856,-0.627636238872288,0.01600010466037252,-0.0032289918275715847,-0.7783356100788932,0.27223290163902647,0.2038556716351681,0.6732360056188023,0.009650782976677874,0.03184494926244952,-0.007020604425633792,1541,28000000,13.2,0,2,1
-5.859645501397048,4.925546630773869,5.63742398974869,-2.617474602718242,5.7690141580069305,4.113938213036585,-0.628369366793772,0.01799987506376811,-0.006178774348167719,-0.7776823041065271,0.27687455914260334,0.20109905529094801,0.7019610682309301,0.010027603821072262,0.03638932066678535,-0.014452342202275759,1541,205000000,13.27,0,2,1
-5.859645501397048,4.925546630773869,5.63742398974869,-2.6659720973547603,5.813196470833078,4.240107083085421,-0.6299445184596052,0.02004742089621851,-0.009281567658027356,-0.7763258704177746,0.2604517162679859,0.20678300888467122,0.7253467074826433,0.009566981498210225,0.03986782357969787,-0.02900352410506457,1541,362000000,13.35,0,2,1
-5.936906572928623,4.911436253643443,5.684547105928688,-2.7039261972801856,5.845848326086428,4.340927892028893,-0.6317788674325575,0.02174308152715692,-0.011627344469928268,-0.7747564171608492,0.24087405697103287,0.2141192688201617,0.742248021337381,0.008247282676165923,0.03911456587957218,-0.0388700940675335,1541,527000000,13.32,0,2,1
-6.013936476782562,4.896114053108828,5.728968627421411,-2.7312404531810257,5.867824969610029,4.4142834897634184,-0.6333684907249986,0.022955407449009993,-0.013149770478351237,-0.7733980138078671,0.22459865372798019,0.21985881418707837,0.7525463991716166,0.007109176885933266,0.03712231664394494,-0.04449312873475719,1541,678000000,13.21,0,2,1
-6.090716206982711,4.879583809693737,5.770513242775789,-2.7587400799634256,5.8884341087592365,4.486634257953556,-0.6351617822972817,0.02408592665029334,-0.01457037745975389,-0.7718659744716161,0.21051606049651497,0.22641101193031524,0.7138507809274343,0.007643162825843319,0.033412276388844475,-0.049114355715573765,1541,777000000,13.09,0,2,1
-6.090716206982711,4.879583809693737,5.770513242775789,-2.7976011523403814,5.91522091916443,4.578521964941089,-0.6379447128638672,0.02510851966545022,-0.016592045535311635,-0.7694938658587226,0.19503472161346824,0.2359220831383871,0.6343048555613311,0.014306664706964511,0.02580082400527317,-0.05429576485767029,1541,893000000,12.93,0,2,1
-6.167226819279528,4.861849601988383,5.8090169943749475,-2.8425486537145086,5.943325523411218,4.6704919466670605,-0.6414028014673111,0.025438584031314014,-0.01879851831762777,-0.7665519815520853,0.18212723473472375,0.24616045272792406,0.5496048281045891,0.018922611889138352,0.016270517335215118,-0.05767396833107341,1542,48000000,12.65,0,2,1
-6.2434494358242745,4.842915805643155,5.844327925502015,-2.8880367424098434,5.969373486594443,4.749617617101031,-0.6450184970451764,0.025156372068688867,-0.020573485834221198,-0.7634756231174329,0.17295767135612225,0.25479518018021335,0.471423800202997,0.017721057338349055,0.0075296848990547005,-0.059722780861193314,1542,189000000,12.26,0,2,1
-6.319365249826864,4.822787092288991,5.8763066800438635,-2.9224791357938664,5.987788851593085,4.801185030449077,-0.6478063825350812,0.024703798774970902,-0.021519414203341625,-0.7611002088327415,0.16724016488550014,0.26074867907772437,0.4171885633347445,0.013061299159744522,0.0019597863683884498,-0.061452388763427734,1542,330000000,11.8,0,2,1
-6.319365249826864,4.822787092288991,5.8763066800438635,-2.957231565883206,6.005341080918517,4.846583175332047,-0.650666279433048,0.02412666270493754,-0.0221280767297262,-0.7586577918770228,0.16229874473816952,0.266361711381051,0.36653485647999345,0.008058221374085406,-0.0029248890314192977,-0.06320729371509515,1542,473000000,11.42,0,2,1
-6.394955530196146,4.801468428384715,5.904827052466019,-2.9981954748471673,6.0248843329891795,4.892276828456058,-0.6540815698942991,0.02339367323614288,-0.022359141471351394,-0.7557315030947126,0.15792959292935752,0.27237926668190243,0.3115357768544625,0.0032548442504776176,-0.008286159390991088,-0.06437183692469262,1542,593000000,11.01,0,2,1
-6.4702016261615185,4.778965073991651,5.929776485888251,-3.0396036288564297,6.043776840211477,4.930663094734816,-0.6574634213489199,0.02267363684253896,-0.021976860280185147,-0.7528245302809482,0.15656974458269457,0.27710820145237935,0.2604826730387582,-0.0011049267072849034,-0.013808821131533477,-0.06267684293561615,1542,784000000,10.5,0,2,1
-6.4702016261615185,4.778965073991651,5.929776485888251,-3.081393880960214,6.062532696884717,4.962265358601738,-0.6606704897104342,0.021806597167439882,-0.021209255852667256,-0.7500594268535846,0.15929463481996758,0.28089778060678555,0.2136628666014993,-0.003144867514492944,-0.01900437091535423,-0.057913716955226846,1542,955000000,9.98,0,2,1
-6.5450849718747355,4.755282581475768,5.951056516295154,-3.123555191700377,6.081943183318858,4.987648975060156,-0.6635012373796914,0.02073073775261866,-0.02011402959387122,-0.7476173956786636,0.1689260343037385,0.2834211577519039,0.17120675299682953,-0.003715014463523403,-0.02481560604792321,-0.04810063946933951,1543,96000000,9.47,0,2,1
-6.6195870909907475,4.730426794137727,5.968583161128631,-3.1599221113600704,6.099931161922194,5.004875690009014,-0.6654245108334443,0.019590000082584453,-0.018936265836227536,-0.7459677406664548,0.18285842186508988,0.28392857732293614,0.1379820802590132,-0.004121198571738205,-0.029664662724826485,-0.036078224002267234,1543,204000000,8.98,0,2,1
-6.6195870909907475,4.730426794137727,5.968583161128631,-3.2024556397884383,6.123191801971648,5.020142084222026,-0.6669552108414976,0.018010751521151693,-0.017368997636897813,-0.744677566119798,0.2021396869523727,0.2832615937206648,0.1026971864519505,-0.0021944658783468185,-0.0332532639731653,-0.022159539730637334,1543,313000000,8.63,0,2,1
-6.693689601226457,4.704403844771127,5.982287250728689,-3.238992517929448,6.1451102595276685,5.029509440326541,-0.667748498168571,0.016527611813659682,-0.015975015291978947,-0.7440319752052164,0.2172615661112268,0.28285230809415934,0.07561822411704303,-0.00099319603918957,-0.03420924658712465,-0.013525493341148831,1543,445000000,8.29,0,2,1
-6.693689601226457,4.704403844771127,5.982287250728689,-3.2817567154477656,6.172495661085,5.036609221573312,-0.6683498008675037,0.01472791927819474,-0.01442691315337714,-0.74356136011157,0.2297101875138634,0.2831569004626763,0.04707340150976715,0.0010661885312401864,-0.03345992008689791,-0.010475250564923044,1543,612000000,8.08,0,2,1
-6.767374218896285,4.677220154149337,5.9921147013144775,-3.324764525961172,6.200715231556498,5.040056925375326,-0.669082243805653,0.012920016761491954,-0.01302864677506268,-0.7429618284636741,0.2308233403734762,0.2859422421528445,0.02149280042270591,0.002967154728139576,-0.03162619650538545,-0.018304846526007168,1543,762000000,7.89,0,2,1
-6.840622763423388,4.648882429441257,5.998026728428272,-3.3807088881397975,6.235465805868627,5.039817930498636,-0.670977425575114,0.010616178694196067,-0.01153991660166428,-0.7413119595982192,0.21451417942088655,0.29310561413615355,-0.008224864104450105,0.00564077290619025,-0.028595324693014845,-0.03716181636264082,1543,900000000,7.54,0,2,1
-6.913417161825448,4.619397662556434,6.0,-3.4248803262149097,6.2593785214963304,5.036381613696777,-0.67346097646615,0.008826626277820498,-0.010654943478432955,-0.7390932796510078,0.1875938869032406,0.3017188253487617,-0.02928873168388052,0.008150763551384443,-0.026258905199938454,-0.05666827491950244,1543,997000000,7.36,0,2,1
-6.913417161825448,4.619397662556434,6.0,-3.4697796629508675,6.2793631819145475,5.030404008039728,-0.6768271342143525,0.007061001795072176,-0.009967939690311099,-0.7360406325897823,0.1565668918528162,0.31107127014514263,-0.048327840447305884,0.009590691570338095,-0.024192300224967767,-0.07213463468360715,1544,141000000,6.97,0,2,1
-6.985739453173903,4.588773128419906,5.998026728428272,-3.5023271356775982,6.291065912707489,5.0247356265565655,-0.6796748314598393,0.005818988269591879,-0.009573433943912262,-0.733427987070359,0.13324607213199724,0.3177899322043209,-0.06057769091450789,0.010615544397296617,-0.022845078456157353,-0.08191990564228036,1544,295000000,6.47,0,2,1
-7.057571793025543,4.557016383177227,5.9921147013144775,-3.548564371824845,6.303905509316072,5.015082043445658,-0.6842242349898406,0.004103358848764911,-0.009141179966541128,-0.7292028507401385,0.10207113450135182,0.32606378243168493,-0.07567313487413059,0.011951512624364113,-0.020878941904811654,-0.09350805412395857,1544,424000000,6.05,0,2,1
-7.1288964578253635,4.524135262330097,5.982287250728689,-3.588647745556724,6.312264632359188,5.005405139639777,-0.6884575398887861,0.002662468159689201,-0.00890066637322743,-0.7252171434623506,0.08151314362004097,0.3305542508903444,-0.08690342213699805,0.013673370995093137,-0.018895769426308107,-0.09913919056998566,1544,578000000,5.4,0,2,1
-7.1288964578253635,4.524135262330097,5.982287250728689,-3.622246663369453,6.3179664142813685,4.9964619628971025,-0.6921009782846128,0.0014837616475738744,-0.008801801251883018,-0.7217454971134751,0.06901107007891759,0.3329954928305103,-0.0953112374630866,0.01463522921767435,-0.017107086387113668,-0.10123738102265634,1544,683000000,4.8,0,2,1
-7.199695849279576,4.490137878803078,5.968583161128631,-3.669460869278916,6.324940029830484,4.982757697919328,-0.6972019492720253,-9.799528664048048e-05,-0.008793997343819734,-0.7168208269427786,0.05902146299477914,0.33476970139269724,-0.10564220733094302,0.015313307812903076,-0.014562411979568424,-0.10076613834826276,1544,834000000,4.28,0,2,1
-7.199695849279576,4.490137878803078,5.968583161128631,-3.7099533341480586,6.330826734525482,4.9700490276431495,-0.7014722503487117,-0.0013780930595644206,-0.008887390002806382,-0.7126400193289536,0.057228993551577435,0.3345499871370382,-0.11321701403405482,0.015594870819768403,-0.01262761652469635,-0.09839675039984286,1544,940000000,3.55,0,2,1
-7.269952498697734,4.455032620941839,5.951056516295154,-3.743617480601178,6.336080017853032,4.958869126138608,-0.7049323399355797,-0.0023889806420611527,-0.009013503857934542,-0.7092132582183183,0.0577437781989243,0.33408197628573266,-0.11893989552467639,0.015755197819089517,-0.011243816607020563,-0.09660165887908079,1545,75000000,2.93,0,2,1
-7.339649071302866,4.418828150443467,5.929776485888252,-3.777215637283159,6.34180025708425,4.947193143340252,-0.7083155378884456,-0.0033578727428314587,-0.009178657911711135,-0.7058282905320419,0.05947454186105098,0.33376560347158424,-0.12430230170936736,0.015398087634821422,-0.010045949420600664,-0.09505503767286427,1545,242000000,2.43,0,2,1
-7.339649071302866,4.418828150443467,5.929776485888252,-3.817391585782076,6.349556128712072,4.93260614707431,-0.7122294888738075,-0.0044538609712811,-0.009386019670332101,-0.7018698034078338,0.06527232634482613,0.33251335166825163,-0.1298138155850797,0.014918130455043865,-0.009174225851893425,-0.09102127442019992,1545,406000000,1.92,0,2,1
-7.408768370508577,4.381533400219317,5.904827052466019,-3.864024327427938,6.360150667003328,4.914864035770656,-0.7165722789321909,-0.005679166459481886,-0.009632054224575519,-0.6974232141717585,0.07363342469784973,0.3316094252500193,-0.13601922913155037,0.014637556614616187,-0.008639232055429602,-0.08691880502738059,1545,560000000,1.33,0,2,1
-7.408768370508577,4.381533400219317,5.904827052466019,-3.9038406726188133,6.370726122838551,4.899056023796282,-0.7201170133875205,-0.006703790896735457,-0.009831006162776771,-0.6937506018269661,0.08215138034954919,0.3312491928793304,-0.14103341441069964,0.01411443645338295,-0.008542376963305287,-0.08351346841664053,1545,689000000,0.67,0,2,1
-7.477293342162038,4.343157572190956,5.8763066800438635,-3.936907134146332,6.380653327877371,4.885500348421963,-0.722953666638992,-0.0075367754082691,-0.009972377189542908,-0.6907834281472536,0.08909186822952357,0.3311490942267355,-0.1449212154728161,0.013617089098261204,-0.008496494956489187,-0.0812964266515337,1545,799000000,0.14,0,2,1
-7.477293342162038,4.343157572190956,5.8763066800438635,-3.9633079430716083,6.389245146166695,4.874410659004318,-0.7251728984422424,-0.008191537464542467,-0.01007123008187392,-0.6884444323280433,0.09368343101619674,0.3313760382720444,-0.14803944101695293,0.013225394923210843,-0.008446774336334784,-0.0802605107310228,1545,925000000,0.33,0,2,1
-7.545207078751856,4.303710135019719,5.844327925502015,-4.002828098708,6.403060726926826,4.857395854330231,-0.7284251177004792,-0.009143734398034955,-0.010187612079505153,-0.6849886514274661,0.09887892918002672,0.33157061086328926,-0.15230264629335916,0.012697820875473553,-0.00843939533297089,-0.07837019875296392,1546,52000000,0.88,0,2,1
-7.545207078751856,4.303710135019719,5.844327925502015,-4.055409888097103,6.422795744745253,4.834027360665293,-0.7326458063324901,-0.010404054870907276,-0.010324134096588066,-0.6804522689805759,0.10269431425239002,0.3322745853689756,-0.1579032961275144,0.012251680254848907,-0.008304589755425695,-0.07680425915168598,1546,138000000,1.19,0,2,1
-7.612492823579744,4.263200821770462,5.8090169943749475,-4.121064723907596,6.44900920788985,4.803757340362731,-0.737789973573426,-0.011908460909193714,-0.010463472667335954,-0.6748441740083687,0.10462966419659672,0.3340419557743182,-0.16494383345121771,0.011705949327733833,-0.0076716512921848334,-0.07594109192723408,1546,283000000,1.86,0,2,1
-7.6791339748949845,4.221639627510075,5.770513242775788,-4.173735048807155,6.46999616919356,4.778704669328533,-0.7420758201127187,-0.013049729153046707,-0.010606297018797978,-0.6701049829964085,0.09403575204386068,0.3357047665759584,-0.17009124301984543,0.01153146386059234,-0.006292399120866321,-0.08292883794638328,1546,413000000,2.7,0,2,1
-7.745114089990659,4.179036806841351,5.728968627421411,-4.213458314870009,6.484823768402162,4.7594509096448085,-0.7455628077679101,-0.013857120803927998,-0.010753160079135005,-0.6662045102103166,0.078971195696238,0.3374760282259123,-0.17429335023536505,0.011980857561866287,-0.005116502279634005,-0.09284324914915487,1546,507000000,3.4,0,2,1
-7.745114089990659,4.179036806841351,5.728968627421411,-4.246848512107592,6.495840450918246,4.743051539727763,-0.7488078026424315,-0.01451584058866504,-0.010921848075224555,-0.6625382089422763,0.06062451910585308,0.33921538896071196,-0.17817896530888372,0.01335566203124472,-0.004020207370558637,-0.10399129096185789,1546,620000000,3.98,0,2,1
-7.810416889260654,4.135402871372809,5.684547105928688,-4.287437264718572,6.506541400760227,4.722867252963613,-0.7532842790506377,-0.015338900630590466,-0.011220496962862115,-0.6574204237096014,0.030204258540026497,0.34133254375541006,-0.18360453261437198,0.014202407965058228,-0.0024549932504669414,-0.1211293856613338,1546,738000000,4.52,0,2,1
-7.8750262602163925,4.090748587125117,5.63742398974869,-4.321773040379989,6.513043112896896,4.705582077157621,-0.757471322798545,-0.016001239983758575,-0.011528188865441012,-0.6525704991173653,0.0029647849278604736,0.3426580134326166,-0.18829048546551658,0.014215457304089796,-0.0007595889826461644,-0.13342262100195512,1546,863000000,5.26,0,2,1
-7.8750262602163925,4.090748587125117,5.63742398974869,-4.370577779570004,6.518618949357859,4.680737292738787,-0.7638113501719255,-0.01681654598713146,-0.012029691090327008,-0.6451082945226128,-0.031545020909283315,0.3432306034721869,-0.19403974837588858,0.013128165664966218,0.0020441059859876987,-0.14411088195629418,1546,989000000,5.96,0,2,1
-7.938926261462365,4.045084971874737,5.587785252292473,-4.41299973683179,6.52083973309999,4.658879062289062,-0.7694457479736502,-0.017366549171427905,-0.01251140131616111,-0.6383534355921116,-0.05432851504716578,0.34318773051015217,-0.19869804846045416,0.011654727404675214,0.004456029000721173,-0.14794440648984164,1547,72000000,7.01,0,2,1
-7.938926261462365,4.045084971874737,5.587785252292473,-4.46301912476157,6.521571350418038,4.632803590113441,-0.7760351200702656,-0.017824114528164688,-0.013113736680458848,-0.630301374954149,-0.07220931196999805,0.3426186741512744,-0.20298176866728887,0.009622549623600207,0.006770917661924614,-0.14795351889915764,1547,173000000,7.96,0,2,1
-8.00210112662942,3.9984232924354535,5.535826794978997,-4.498940998314031,6.521619546391052,4.613910391909146,-0.7806349998258244,-0.01803227686153195,-0.013546689504063328,-0.6245801159511921,-0.0773219597892831,0.3420626316379109,-0.2053199495091008,0.00777260074755759,0.007867951535445172,-0.1445732093998231,1547,300000000,9.07,0,2,1
-8.064535268264883,3.9507750618784514,5.481753674101714,-4.527684695692484,6.521919535376927,4.598658748428175,-0.7841810789646113,-0.018139563001321562,-0.013881879904674873,-0.6201115101804926,-0.07748543769931468,0.34186650853659883,-0.20703377286468916,0.007181326964200707,0.008254507883975748,-0.14106707385508344,1547,449000000,9.85,0,2,1
-8.064535268264883,3.9507750618784514,5.481753674101714,-4.556408275217132,6.522666835004329,4.58369014954579,-0.7876120768389692,-0.01821941513366707,-0.01419915618828298,-0.6157382993554432,-0.07354428169169476,0.3431029967328959,-0.18890021951478958,0.0051780416924884776,0.008027029889490223,-0.13684080477105454,1547,659000000,10.46,0,2,1
-8.126213281678526,3.9021520366916485,5.425779291565072,-4.5922799096730005,6.524594915318838,4.569956602675596,-0.7917492808582931,-0.018083081154983777,-0.01436380351434445,-0.6104095015519657,-0.06766997431890164,0.3475277405020868,-0.1252493002095642,-0.00465850721411698,0.0067366734583629295,-0.13358479627640918,1547,806000000,11.05,0,2,1
-8.126213281678526,3.9021520366916485,5.425779291565072,-4.62096145133817,6.526860964366858,4.56338492577435,-0.794993571398626,-0.017736799649985428,-0.014240743073861289,-0.6061912475528974,-0.06418482247230221,0.3509353702128846,-0.07780681026807397,-0.011893806549778674,0.005173907902644714,-0.13254145887913182,1547,925000000,11.77,0,2,1
-8.18711994874345,3.852566213878946,5.368124552684678,-4.656806486869851,6.530487179663007,4.5603061253878,-0.7989933129790213,-0.017050940707190307,-0.013789903279388352,-0.6009399219583872,-0.06073814898195914,0.35488170332221597,-0.02178576207892336,-0.019986932966276072,0.0031221359449773445,-0.13155541382730007,1548,34000000,12.34,0,2,1
-8.18711994874345,3.852566213878946,5.368124552684678,-4.699839130382187,6.535858200624018,4.563582510665901,-0.803729951825965,-0.015885728983717297,-0.012877545773672833,-0.5946427305259306,-0.058327988022428,0.35922880916136246,0.039896251615666234,-0.029182453363318928,0.0019017207705473993,-0.1311099884333089,1548,143000000,13.05,0,2,1
-8.247240241650918,3.802029828000155,5.3090169943749475,-4.735721852765376,6.5410873150326525,4.571644863696981,-0.8076291168066669,-0.014590885808990683,-0.01188932175801778,-0.5893903288700335,-0.05690452116362499,0.3622999060245603,0.08742167093402542,-0.03584163459890988,0.0021389118728620815,-0.13070727727608755,1548,244000000,13.9,0,2,1
-8.247240241650918,3.802029828000155,5.3090169943749475,-4.7716537842031785,6.546934270330235,4.584109590007837,-0.8114905547356606,-0.013025714772271949,-0.010760094134518974,-0.5841212465778809,-0.05626976454741618,0.36512846927128667,0.13099090668594432,-0.04092597009730525,0.0024886095388865215,-0.1306167134316638,1548,383000000,14.8,0,2,1
-8.30655932661826,3.7505553481522984,5.248689887164855,-4.807639554978536,6.553372259513316,4.6006275269647645,-0.8152961059420144,-0.011155876808308741,-0.00948347903997655,-0.5788591103832811,-0.0556917960081049,0.36728291600065555,0.17170126953034232,-0.04733042915177066,0.00323288043091452,-0.12941135792061687,1548,510000000,15.33,0,2,1
-8.30655932661826,3.7505553481522984,5.248689887164855,-4.843652911859786,6.56037064667463,4.620760745927794,-0.8190302235778371,-0.009194532384610592,-0.008243261312829191,-0.5736174701690968,-0.05550311712745618,0.3684802741347796,0.20694401957200234,-0.04656950077333022,0.004615721627487801,-0.1282035038457252,1548,657000000,16.04,0,2,1
-8.365062567548867,3.698155474893048,5.187381314585724,-4.879636285951135,6.567899400642681,4.644026798639766,-0.8226770896704628,-0.007209106737512776,-0.007114428944309666,-0.5684187011457139,-0.055228234859150425,0.36872150364330325,0.2381641187433027,-0.04555085179163143,0.006111006359788007,-0.12619190820259973,1548,748000000,16.75,0,2,1
-8.365062567548867,3.698155474893048,5.187381314585724,-4.908378780042185,6.574281778107439,4.6646096982586185,-0.8255288594761442,-0.005617433778071975,-0.006297277364909386,-0.5642968110024676,-0.055343813184657184,0.36853482630669643,0.259806770427939,-0.044508484279504046,0.007222489875857718,-0.12476127885747701,1548,824000000,17.44,0,2,1
-8.422735529643443,3.644843137107057,5.125333233564304,-4.9442225916937845,6.58269006895566,4.69249307914782,-0.8290081463811445,-0.0036377033409253383,-0.005383523255520896,-0.5591987822102793,-0.055277835991496285,0.36768398011897374,0.28415330421746143,-0.042858651067945175,0.008506193717039423,-0.1224885942065157,1548,910000000,18.0,0,2,1
-8.422735529643443,3.644843137107057,5.125333233564304,-4.9870678497524885,6.593375565346639,4.728661630423457,-0.833058324028537,-0.0012895542321818918,-0.004444861756973173,-0.5531658060840425,-0.05563524314280972,0.36604349298749383,0.30837825442026434,-0.04026690403406974,0.010034339993580943,-0.11995601453236304,1548,995000000,18.67,0,2,1
-8.479563982961572,3.5906314888159443,5.0627905195293135,-5.022605313487285,6.602743736636278,4.760709689818422,-0.8363297352652838,0.0006238696421512816,-0.0037881621832443844,-0.5482133111527329,-0.05604753030715707,0.36447950392705974,0.32595719011711444,-0.038902030428289436,0.01063193076333846,-0.11799189232988283,1549,85000000,19.47,0,2,1
-8.479563982961572,3.5906314888159443,5.0627905195293135,-5.058013073150187,6.6124860756905095,4.794217508607342,-0.8395233181142262,0.00249208386446025,-0.003208805961410212,-0.5433084680223511,-0.057051896528621346,0.3629414381018245,0.3407907617454398,-0.037418540159706026,0.010755804487416754,-0.11659052834147587,1549,196000000,20.13,0,2,1
-8.535533905932738,3.5355339059327378,5.0,-5.093286372364229,6.622576277115561,4.828976749513769,-0.8426431303631757,0.004302029632761056,-0.0026988294999721533,-0.5384484782336346,-0.058025676458751986,0.36112688551766886,0.35374785900916,-0.03577387578843627,0.010807201852003345,-0.11504354843054898,1549,316000000,20.98,0,2,1
-8.535533905932738,3.5355339059327378,5.0,-5.1284229320712695,6.6329772810948135,4.864748922107942,-0.8456945906641913,0.006045529132843886,-0.0022570456319046706,-0.5336281632783686,-0.05947904313496098,0.35924280769341593,0.3638761135122891,-0.033929632627405226,0.01078352424883633,-0.1138140207331162,1549,421000000,21.42,0,2,1
-8.590631488815944,3.4795639829615723,4.937209480470687,-5.170406662697448,6.64582385553839,4.9087391600676,-0.8492663193836326,0.008037917444255435,-0.0018039502529786605,-0.5279004228140206,-0.06139681070089849,0.35676397951402805,0.37378710788539676,-0.0319918617606163,0.01051563058354077,-0.11198540232726373,1549,513000000,22.26,0,2,1
-8.590631488815944,3.4795639829615723,4.937209480470687,-5.2122205069472605,6.658960373739385,4.953567915244928,-0.8527573606665554,0.009935743036725045,-0.0014139567782147661,-0.5222108439754461,-0.06533241104599881,0.3539361962223308,0.3807724014716524,-0.03051842977583874,0.010355341146350838,-0.11140128699480556,1549,611000000,22.82,0,2,1
-8.644843137107056,3.422735529643444,4.874666766435697,-5.274855932824429,6.678019620518723,5.021856261629952,-0.8579880334510787,0.012625173054515052,-0.0010172794635662777,-0.5135134901855912,-0.08192771894351264,0.34675864494105907,0.38750254041167176,-0.02670458325155778,0.011215229096706025,-0.11626824343693443,1549,698000000,23.57,0,2,1
-8.644843137107056,3.422735529643444,4.874666766435697,-5.31680424027194,6.689218914689293,5.067739619150574,-0.8616087744175028,0.014252994822506894,-0.0009458251798509986,-0.5073719320184035,-0.09958116089812896,0.33981828460502933,0.389566296841395,-0.023269183475349564,0.01145073483712622,-0.12141514307586476,1549,793000000,24.73,0,2,1
-8.69815547489305,3.3650625675488666,4.812618685414275,-5.351960405193125,6.697391574376645,5.106096382453405,-0.8646971364815412,0.015461329628959075,-0.000953846538971531,-0.5020546779221435,-0.11481868601202735,0.3342770954749231,0.3904553755481975,-0.020703362497442868,0.010388381997472607,-0.12510291271610186,1549,882000000,25.53,0,2,1
-8.750555348152298,3.306559326618259,4.751310112835145,-5.387379120803066,6.704331585050415,5.144414118309843,-0.8678538195466047,0.016532893328873265,-0.0009957649660264035,-0.4965434722042751,-0.13196371370280494,0.32805982937385414,0.38948913541363733,-0.018708761854213662,0.008940550560510019,-0.1286412327317521,1549,992000000,26.23,0,2,1
-8.750555348152298,3.306559326618259,4.751310112835145,-5.430215884540686,6.711069136203968,5.186388947429656,-0.8716505129051187,0.017520053952345276,-0.0010833529916001762,-0.4898134924724368,-0.14913483789216153,0.32307809185349917,0.31915911726097734,-0.010219323667115532,0.006371987183229066,-0.12902453599963337,1550,108000000,26.94,0,2,1
-8.802029828000155,3.247240241650919,4.6909830056250525,-5.466182021925231,6.715622379162902,5.2139158308755045,-0.8747724939207517,0.017849691535252836,-0.0013221201152836242,-0.48420318502686993,-0.16056189120566344,0.32063273754443117,0.252028397433053,-0.0007721763381596247,0.004800448959940695,-0.12794045760529116,1550,213000000,27.8,0,2,1
-8.852566213878946,3.187119948743449,4.6318754473153225,-5.50236280277485,6.719533880688586,5.234885432824653,-0.8778203701304983,0.017769141126820077,-0.0017061831449316969,-0.47865723053835274,-0.16896708873332314,0.3195673651622247,0.1873417396569062,0.00790285680523084,0.00379339539904322,-0.12572138075483963,1550,311000000,28.72,0,2,1
-8.852566213878946,3.187119948743449,4.6318754473153225,-5.54596536148343,6.723887642184045,5.2518376577276165,-0.8813317765983768,0.017169605487443344,-0.002354475832196911,-0.4721800087349208,-0.17358021125273693,0.31992683670873523,0.11374468673128105,0.016883492207853124,0.0022622393089477555,-0.12067388815921731,1550,418000000,29.21,0,2,1
-8.902152036691648,3.126213281678527,4.574220708434928,-5.5896950444482325,6.728339729254817,5.260259192428714,-0.8847035045459017,0.016017874063302677,-0.0031076781390229156,-0.46586852124958567,-0.1756518846148011,0.3215207759480287,0.04313332835378257,0.025718649339978583,-0.0011733822361748025,-0.11812461234512739,1550,521000000,30.01,0,2,1
-8.902152036691648,3.126213281678527,4.574220708434928,-5.6262418581859635,6.732279588262939,5.2610625239535915,-0.8874527036953338,0.014660906416440567,-0.003771467511681716,-0.46065011946128764,-0.17726788975173963,0.3228191925096263,-0.012606754051413016,0.031199407749227248,-0.003116499487987312,-0.11742646747734398,1550,630000000,30.79,0,2,1
-8.950775061878453,3.0645352682648817,4.518246325898285,-5.662900883726075,6.736371985823565,5.256578237190283,-0.8901666487837726,0.013048001000751396,-0.004464791398750011,-0.4554263416851484,-0.17979945459693852,0.32337174586826556,-0.06506410875423208,0.0357646156771807,-0.003969956878790981,-0.1174478602479212,1550,740000000,31.44,0,2,1
-8.950775061878453,3.0645352682648817,4.518246325898285,-5.707104576655778,6.741294902737362,5.244619760805939,-0.8934002891729848,0.010850258488599732,-0.005332710538329861,-0.449098828093185,-0.18522071081117453,0.32256689321435494,-0.12465866780899353,0.03974145511165261,-0.005135784476806293,-0.11833338576252572,1550,927000000,32.08,0,2,1
-8.998423292435453,3.00210112662942,4.4641732050210035,-5.7441465754275605,6.745263597606426,5.229575641518538,-0.8960658188114226,0.008880768819628668,-0.006052289931789405,-0.4437911108726363,-0.19093927247786271,0.32087015126750673,-0.17017012057733688,0.039521460348623805,-0.005883131052542012,-0.11826607442344539,1551,31000000,32.86,0,2,1
-9.045084971874736,2.9389262614623664,4.4122147477075275,-5.796438439035679,6.750433122214847,5.201522383735815,-0.8997220846214313,0.0061480356593497125,-0.006953170335025312,-0.43636455576076455,-0.2004889335187737,0.3178673888857092,-0.2272425302139935,0.03857975207210984,-0.00632274704912561,-0.11713010535459034,1551,144000000,33.52,0,2,1
-9.045084971874736,2.9389262614623664,4.4122147477075275,-5.841724430909535,6.754436293555129,5.171776963456548,-0.9027474512590921,0.003907400448058879,-0.007601043475716327,-0.4300860327946399,-0.20971353766572837,0.3146227733579509,-0.2695587433798722,0.03585337726690341,-0.007146625011955621,-0.11431442908360623,1551,261000000,34.45,0,2,1
-9.090748587125116,2.8750262602163934,4.362576010251311,-5.8951967090002855,6.758488154810095,5.131279269800152,-0.9060971390728618,0.00140155177647286,-0.00822175693234238,-0.4229874855471942,-0.22138728658321316,0.3105079446516897,-0.3132891345465827,0.03396766878722701,-0.007359855362665257,-0.10854093779926188,1551,366000000,35.23,0,2,1
-9.090748587125116,2.8750262602163934,4.362576010251311,-5.926096195666427,6.760479308261738,5.105617946648837,-0.9078884776201454,1.291846854589631e-05,-0.00854045536909253,-0.4191247697998489,-0.22815274590103765,0.30808200783185774,-0.3357317726962144,0.03331400112074334,-0.00710877129677101,-0.10262002178933471,1551,481000000,36.12,0,2,1
-9.135402871372808,2.810416889260654,4.315452894071312,-5.965062169074371,6.762615883273763,5.071310884360433,-0.9098332256033947,-0.001666206322562884,-0.008871727047486082,-0.4148759065115825,-0.23638956868119862,0.3048173961543867,-0.3602230795831567,0.032496558560524136,-0.007561759048257954,-0.0869195384439081,1551,562000000,36.61,0,2,1
-9.17903680684135,2.7451140899906603,4.271031372578589,-6.004404001945074,6.764339396089795,5.034783346576565,-0.9114379407588014,-0.0032870471569789754,-0.009134462177363075,-0.4113230325025254,-0.24457710705067517,0.3013470136208401,-0.3820430458551037,0.030581259488826618,-0.00853342698974302,-0.07053094886941835,1551,685000000,37.14,0,2,1
-9.17903680684135,2.7451140899906603,4.271031372578589,-6.052047010276018,6.765781842492108,4.98846827484499,-0.9127864808347037,-0.005202033910566531,-0.009322287545902815,-0.40829753146878267,-0.25366819251157735,0.2966570389683428,-0.40367911634191067,0.02922075364040211,-0.010612308415147709,-0.04377732293505687,1551,796000000,37.58,0,2,1
-9.221639627510074,2.679133974894985,4.229486757224212,-6.09208656155132,6.766420296591143,4.948064205752122,-0.9134899581312824,-0.006747095677093929,-0.009388952842932315,-0.4066969641609649,-0.2609850621810653,0.29299510729661227,-0.41992294643687467,0.028100921008444857,-0.01136588671215577,-0.02817862605297705,1551,898000000,37.95,0,2,1
-9.221639627510074,2.679133974894985,4.229486757224212,-6.148625946750727,6.766378246694792,4.889065433974462,-0.9139863663234145,-0.00884523917466487,-0.00941357445102501,-0.40553923180737866,-0.27068201219770216,0.2876818727355026,-0.43954310871454505,0.02710018707148265,-0.011851763338199817,-0.007817706909918343,1552,3000000,38.14,0,2,1
-9.263200821770461,2.6124928235797467,4.190983005625053,-6.197462615025314,6.765454207286828,4.836573802617241,-0.9139431318903133,-0.0105732521972008,-0.009412270559809517,-0.40559532439539875,-0.27805996528367494,0.2832137076533776,-0.45366539823292334,0.02569109983596718,-0.011748298948077718,0.008259229525720002,1552,124000000,38.27,0,2,1
-9.303710135019719,2.5452070787518553,4.155672074497985,-6.254778220511872,6.763309479662067,4.77345403219327,-0.9134879442776527,-0.012472764300887574,-0.00940517594982678,-0.40656579845756236,-0.28547322804254444,0.27805599768124567,-0.46737447127728604,0.02416651877865661,-0.01087942846424994,0.020378740555315744,1552,215000000,38.26,0,2,1
-9.303710135019719,2.5452070787518553,4.155672074497985,-6.304097153461778,6.7606067979599835,4.718930424651631,-0.9128850007974277,-0.013969938413455238,-0.009422778201426086,-0.4078688850485793,-0.2910759463954539,0.2750724506262189,-0.4454497357073096,0.02082113514916273,-0.010136574201169424,0.02638754558574874,1552,363000000,38.13,0,2,1
-9.343157572190957,2.477293342162037,4.123693319956136,-6.353601322491,6.7571683619242915,4.671338632936552,-0.912179107290245,-0.015056525805184484,-0.009213613091881795,-0.4094113903980232,-0.29644490788735706,0.27481048476509906,-0.376502596462294,0.01079186049537384,-0.01223314757226035,0.028834951808676124,1552,500000000,37.96,0,2,1
-9.343157572190957,2.477293342162037,4.123693319956136,-6.403245912053768,6.753023830439125,4.631725288659706,-0.911474147786181,-0.015713159792971443,-0.00862468962696676,-0.4109666522427507,-0.30087123043143355,0.27468839026981795,-0.31173657220615864,0.0027785669544755365,-0.01514346868134453,0.02560416451160563,1552,617000000,37.77,0,2,1
-9.381533400219318,2.408768370508576,4.09517294753398,-6.461150062463838,6.747426168325544,4.5949184600298185,-0.9108684114382666,-0.016050853561203587,-0.007526841933774355,-0.4123159635454217,-0.3046868777610025,0.27401622749507576,-0.2410142984554257,-0.006039810159563785,-0.01787707496987423,0.01717270861263387,1552,704000000,37.58,0,2,1
-9.381533400219318,2.408768370508576,4.09517294753398,-6.518939793994204,6.741050941233079,4.567405397463607,-0.9104732360096319,-0.015923643167054257,-0.006045344765441705,-0.4132171074690691,-0.3077470693508656,0.2728007322625631,-0.17650085154350253,-0.0139251428663556,-0.01900716124509927,0.010733516046457225,1552,810000000,37.43,0,2,1
-9.418828150443467,2.339649071302867,4.070223514111749,-6.56008740499628,6.736077253906343,4.5529107065641705,-0.910301145713658,-0.015574230305259154,-0.0048570123119516095,-0.4136250438430942,-0.3093982172559161,0.27151462282055244,-0.1346165585760734,-0.01788103600119939,-0.018186909255746286,0.006575434781552758,1552,913000000,37.34,0,2,1
-9.45503262094184,2.269952498697734,4.048943483704846,-6.60109902430283,6.730770132051325,4.542301005209708,-0.9102121231706524,-0.015041616699074839,-0.0036457282751292275,-0.4138530527440809,-0.3107661702397497,0.2699137649255375,-0.0959449962816953,-0.021138325246283785,-0.017498650413472205,0.0031194319717542385,1553,13000000,37.31,0,2,1
-9.45503262094184,2.269952498697734,4.048943483704846,-6.650021714262172,6.724077675502333,4.5342196969824204,-0.9103531421057088,-0.014179980088222341,-0.002277298105161186,-0.41358300102434165,-0.3102763183527909,0.2670450535391433,-0.05459655829460523,-0.022916005946171936,-0.012337103726167697,-0.01138567249654443,1553,141000000,37.31,0,2,1
-9.490137878803077,2.1996958492795766,4.031416838871369,-6.690441602876651,6.718306515543877,4.530890806891364,-0.9107031754279922,-0.013325793310669092,-0.001351301092249249,-0.412844187900679,-0.3094905227361628,0.26372025185297304,-0.024709162633653074,-0.02275726783409482,-0.0073978833825094625,-0.019799898291239515,1553,253000000,37.37,0,2,1
-9.524135262330097,2.1288964578253644,4.017712749271311,-6.7305040294715015,6.712368612675523,4.530260638922566,-0.9111833998584256,-0.01239336148244304,-0.0006279298683844244,-0.4118140625545546,-0.30865508587517004,0.259910637220326,0.0018166856120313691,-0.022836932839709334,-0.003768061037590087,-0.02463876735419035,1553,393000000,37.49,0,2,1
-9.524135262330097,2.1288964578253644,4.017712749271311,-6.785931551114617,6.703866254592741,4.53334772034012,-0.9119666350166429,-0.011019028492216056,0.00011691107494213489,-0.41011635417197073,-0.30641543342448946,0.2541950840587528,0.03351940013699716,-0.021309719340933952,0.0005660715800104299,-0.027714265161193907,1553,532000000,37.65,0,2,1
-9.557016383177224,2.0575717930255455,4.0078852986855225,-6.832784342943906,6.696437385300879,4.539100761621359,-0.9126669283779806,-0.009827375529690988,0.0005414356312251891,-0.4085856181790516,-0.3045761905654477,0.2489037968523308,0.055929449232857975,-0.020304075769672636,0.0030522463475790573,-0.027750024128181394,1553,657000000,37.91,0,2,1
-9.557016383177224,2.0575717930255455,4.0078852986855225,-6.886697250897904,6.687592233195384,4.548830579260309,-0.9134525178522915,-0.00844385909016873,0.00089186816569172,-0.40685673577335424,-0.3023900576842936,0.24287662307243485,0.07817830537085516,-0.019386710664548445,0.004231769662510487,-0.025792331325646956,1553,773000000,38.14,0,2,1
-9.588773128419906,1.9857394531739052,4.001973271571728,-6.932261240719213,6.67991106580938,4.559372436737812,-0.9140533360984763,-0.0072955629445367355,0.0011182091874021379,-0.4055268463823095,-0.30018962163668933,0.23776853531636083,0.09402619677392146,-0.018354565145273227,0.00484582546960155,-0.022519567210110836,1553,892000000,38.42,0,2,1
-9.588773128419906,1.9857394531739052,4.001973271571728,-6.96977133939561,6.673436590077611,4.569453635351751,-0.9144837353061226,-0.0063701160588821235,0.0012658250950702103,-0.4045705342320249,-0.29833684342785116,0.2336205614928188,0.10541492629818508,-0.017868556642497424,0.004971899306838168,-0.018923941024695523,1554,23000000,38.65,0,2,1
-9.619397662556432,1.9134171618254514,4.0,-7.014234215598937,6.665601293100848,4.582898896431063,-0.9148515424748851,-0.005284321462539047,0.0014230776932306329,-0.4037532737054685,-0.2958752705933675,0.22883119839255542,0.11717967901260887,-0.017504370407550596,0.005045893067290308,-0.009752041660249233,1554,172000000,38.82,0,2,1
-9.648882429441256,1.8406227634233907,4.001973271571728,-7.050837955074449,6.658984875013171,4.5950585310557654,-0.9149214309752288,-0.004390407756745853,0.0015381489480475307,-0.40360517038286636,-0.29388660264837224,0.2249690595325103,0.1254347413230546,-0.017307925554632675,0.00517760427101166,0.001758518567385181,1554,275000000,38.99,0,2,1
-9.648882429441256,1.8406227634233907,4.001973271571728,-7.094220425940883,6.650939868810032,4.610623219973912,-0.9147444417106911,-0.0033343026550479537,0.001665340732711108,-0.40401573660619255,-0.29118271626114134,0.2206926818450708,0.13400444920144608,-0.01689933214947814,0.005071909936305019,0.01187548023153795,1554,373000000,39.06,0,2,1
-9.677220154149337,1.7673742188962849,4.0078852986855225,-7.129932692197774,6.644112450895557,4.624293432018599,-0.9144359781539011,-0.0024776423367721878,0.0017719774716242632,-0.4047191164771055,-0.28925985104267465,0.21709839105272724,0.14009166793492453,-0.01651326601859182,0.00489831718368805,0.01805304545996478,1554,478000000,39.07,0,2,1
-9.677220154149337,1.7673742188962849,4.0078852986855225,-7.172279706011605,6.635706869149983,4.6414023189183755,-0.9139274473124926,-0.0014854114406002532,0.0018943852979551932,-0.40587045458627047,-0.28718277630186784,0.2128342017196397,0.14632158790229816,-0.015692564193159342,0.004694847848440986,0.023223927746585105,1554,591000000,39.04,0,2,1
-9.704403844771127,1.6936896012264566,4.017712749271311,-7.207148596428304,6.628530597427094,4.656167315965567,-0.9134208528992823,-0.0007017601358505866,0.0019951603617344525,-0.4070108995550247,-0.2853214433427506,0.20943466576245345,0.15078901669106,-0.014852780350338435,0.004401229989525746,0.026377556605439167,1554,698000000,38.95,0,2,1
-9.704403844771127,1.6936896012264566,4.017712749271311,-7.234771668173878,6.622658594941238,4.667808448551839,-0.9129698288476404,-0.00011328770432457815,0.0020676148778801962,-0.408021817735918,-0.28417666861538515,0.2066505496464636,0.13243851633904516,-0.01309760782532976,0.0044087319110985845,0.0286093270915444,1554,837000000,38.86,0,2,1
-9.730426794137728,1.6195870909907473,4.031416838871369,-7.268968990605757,6.615149714911754,4.677470482924741,-0.9123600664099785,0.0004458885419291839,0.0020243931447010686,-0.40938345378896707,-0.28273517233586987,0.20357622008575743,0.07053512605542546,-0.00695537182764383,0.006498349557659822,0.030740699367015623,1554,958000000,38.77,0,2,1
-9.730426794137728,1.6195870909907473,4.031416838871369,-7.296069244792806,6.6090067855958194,4.680879160368446,-0.9118424821464608,0.0007367688437705562,0.001804141992289497,-0.41053561355420015,-0.2817757343468911,0.20121424756459,0.023700753636157288,-0.002471276184223825,0.009344062254967866,0.032202060538111255,1555,95000000,38.64,0,2,1
-9.755282581475768,1.5450849718747375,4.048943483704846,-7.336304997081532,6.599551667664108,4.679232069652413,-0.9110183800563053,0.0009835937376496855,0.001134541643550319,-0.41236301550721455,-0.28013993622584465,0.19787983975837947,-0.04254901916097185,0.0035732256719711586,0.01403180394845549,0.03437584200582933,1555,209000000,38.52,0,2,1
-9.77896507399165,1.4702016261615207,4.070223514111748,-7.38267301644475,6.588075649576313,4.667838440827106,-0.9099833863265118,0.000983340341896006,-9.758159105531625e-05,-0.41464353380866725,-0.2794627737748726,0.19364326913559385,-0.11287017098307603,0.010490737349755364,0.017151366773759946,0.036893658034387045,1555,301000000,38.34,0,2,1
-9.77896507399165,1.4702016261615207,4.070223514111748,-7.415482179640428,6.579486400661776,4.6540472787673375,-0.9092076302062295,0.0007951564701791802,-0.001157835365849931,-0.4163406205479178,-0.27971569357386555,0.1904218755131772,-0.1581931541359492,0.013551910524256527,0.01788106565072667,0.037056338260299526,1555,428000000,38.1,0,2,1
-9.801468428384716,1.3949555301961478,4.09517294753398,-7.44808749176155,6.570489282340748,4.636026409060984,-0.9084449898228517,0.0005042191587700727,-0.0022890808689019315,-0.41799785446527626,-0.28044698005918456,0.18698632279421998,-0.1996376172708129,0.015526081187999807,0.01831739991757786,0.035902027229894884,1555,529000000,37.91,0,2,1
-9.801468428384716,1.3949555301961478,4.09517294753398,-7.480541816064434,6.561021735743886,4.6146263295355725,-0.9077648596617266,0.00016965839548151282,-0.0033875233346329983,-0.419465678530451,-0.28250893696101026,0.18336728241274336,-0.2165866011529151,0.015218746011669282,0.016375423729186878,0.03005966191267362,1555,645000000,37.73,0,2,1
-9.82278709228899,1.3193652498268662,4.123693319956136,-7.506446594594279,6.553066680763461,4.598778884857829,-0.9072775517726014,-6.055019577130101e-05,-0.004095156836319816,-0.42051238991696105,-0.2851919010558543,0.18076849935925612,-0.188301078719752,0.011034226099582156,0.01141288130384055,0.02821332309395075,1555,758000000,37.58,0,2,1
-9.82278709228899,1.3193652498268662,4.123693319956136,-7.551757287093047,6.538251735564294,4.576571072490488,-0.9064467975183097,-0.00039921753031528897,-0.004692884874917015,-0.4222937611730897,-0.2912482691523766,0.17656441395858943,-0.13835672200592414,0.005814066389575601,9.622532353148472e-05,0.02881802138290368,1555,852000000,37.47,0,2,1
-9.842915805643155,1.2434494358242763,4.155672074497984,-7.59062982651953,6.524602287909596,4.563121539478742,-0.9056846495898025,-0.0007283117784772934,-0.0045144577172555505,-0.423927357846682,-0.2968875393417688,0.17327598579526418,-0.09584748732992404,0.0023820655542294844,-0.009165749816020252,0.03115426043223124,1555,971000000,37.29,0,2,1
-9.861849601988382,1.1672268192795276,4.1909830056250525,-7.636003824078848,6.507582120215429,4.55363914756928,-0.9047276486656446,-0.001099957800109684,-0.003705736479121347,-0.42597293264938707,-0.3025296833121643,0.16969960070919438,-0.0496427281827989,-0.0019960420672759938,-0.014765973355679307,0.03295497735962272,1556,53000000,37.12,0,2,1
-9.861849601988382,1.1672268192795276,4.1909830056250525,-7.668361396189456,6.494805687585362,4.550577433108069,-0.9040381602072864,-0.001270849442600837,-0.002936046790394114,-0.4274397846012503,-0.3052777969470357,0.16719929561825358,-0.019853441744410515,-0.0045892094931332394,-0.015143207838264061,0.030026023887330666,1556,146000000,36.92,0,2,1
-9.879583809693736,1.0907162069827139,4.22948675722421,-7.700590792953273,6.481598998824626,4.550288320050932,-0.9034648767245865,-0.001324447574678196,-0.0021606941691350097,-0.42865463226746625,-0.3071150414125385,0.16439982341271792,0.0073175340745419174,-0.00630734443802794,-0.013846976708009606,0.024567111904616468,1556,235000000,36.79,0,2,1
-9.879583809693736,1.0907162069827139,4.22948675722421,-7.73262819630088,6.4680124298188755,4.5525195726079355,-0.9029848541728133,-0.0012706467086882555,-0.0014580633717906177,-0.42966802608833776,-0.3081264540153496,0.16122826476724894,0.031888251884296254,-0.00756149001972517,-0.011180851652170531,0.020940602189511992,1556,351000000,36.69,0,2,1
-9.896114053108828,1.0139364767825616,4.271031372578589,-7.764397434830346,6.454147328466943,4.556982526462203,-0.9025600052345353,-0.0011002593981942028,-0.0008639540952406092,-0.4305618189802869,-0.30762671860703983,0.15810454001305985,0.05330296447863314,-0.008441008958470775,-0.008035433984332485,0.01904735891002929,1556,481000000,36.61,0,2,1
-9.896114053108828,1.0139364767825616,4.271031372578589,-7.795845523426417,6.440067305842245,4.563444052161017,-0.9021552964183797,-0.0008567094634218449,-0.00039450403911636634,-0.4314103980663007,-0.30681941479122804,0.15478431034551782,0.07285450756515835,-0.008622318910056492,-0.005429906786957872,0.018652356084203348,1556,599000000,36.56,0,2,1
-9.911436253643444,0.9369065729286229,4.315452894071312,-7.833120708440001,6.422954529185041,4.573564211717732,-0.9016633008883139,-0.00048334656674074657,5.919439824424226e-05,-0.4324384981743754,-0.3049123158553779,0.15099305039930738,0.09353337590017144,-0.00913531812329893,-0.0031821666880205157,0.019469517064862885,1556,698000000,36.51,0,2,1
-9.92554663077387,0.8596455013970479,4.36257601025131,-7.8759286354422775,6.4027648239516735,4.588298273323136,-0.9010394455831444,4.1823851388803014e-05,0.0004785013708095601,-0.4337368865918868,-0.30226342613390705,0.1465898100790119,0.11524208994025135,-0.009518770548311295,-0.0014574379179066455,0.021711903900722973,1556,784000000,36.46,0,2,1
-9.92554663077387,0.8596455013970479,4.36257601025131,-7.906035003803274,6.38823482226791,4.600561319870491,-0.9005476641217315,0.00045091892002487196,0.0007404222904480539,-0.43475642961531025,-0.3001262031276558,0.14349584438349747,0.12931355529741514,-0.009923295237967977,-0.0008254340912117186,0.023503029296989553,1556,873000000,36.39,0,2,1
-9.938441702975688,0.7821723252011549,4.412214747707527,-7.935745692927369,6.373612524245058,4.614171357029563,-0.9000166108605261,0.0008812137395373056,0.0009856402312616117,-0.43585359026949844,-0.2980642619219937,0.14041805856909184,0.14257181239378963,-0.009966734614863526,-0.0005744948907704384,0.024767095237621106,1557,4000000,36.32,0,2,1
-9.938441702975688,0.7821723252011549,4.412214747707527,-7.9708771869971455,6.355934400141829,4.632187765274262,-0.8994100204938305,0.0014253700919405028,0.0012760030989870414,-0.4371017675227129,-0.2956067372261367,0.1365279071105061,0.15761221585328447,-0.010487253439350752,-0.0002573277910755678,0.02216663287981646,1557,135000000,36.25,0,2,1
-9.950118288582788,0.7045061596879143,4.464173205021003,-8.00542225216409,6.338153409740289,4.651863541066291,-0.8988349752309822,0.001992009748145894,0.0015611295548642772,-0.4382799129246008,-0.2927494361650269,0.13268394489984375,0.17091376275193199,-0.01068363553713425,8.091850247637922e-05,0.02184614677389618,1557,262000000,36.17,0,2,1
-9.950118288582788,0.7045061596879143,4.464173205021003,-8.033758547346396,6.323255791470654,4.669437519786763,-0.8983484885193376,0.002470054479498448,0.0017864316590063382,-0.4392729227573873,-0.2905258044715248,0.12943992411142866,0.18136708787982503,-0.010736379408626817,0.00028161419152183953,0.022465173788077664,1557,367000000,36.1,0,2,1
-9.960573506572388,0.6266661678215226,4.518246325898284,-8.067235886576464,6.305304416207472,4.691806833585049,-0.8977359725844553,0.0030489986018696854,0.0020546860979334344,-0.4405185641949799,-0.28776169072814506,0.12577516342886763,0.19272031777966403,-0.0108575801277766,0.00040453404892559774,0.02386652213317575,1557,459000000,36.03,0,2,1
-9.969804777275897,0.5486715554552282,4.574220708434926,-8.100141300908914,6.287264127370183,4.715479258934515,-0.8970751511441029,0.0036395198199034064,0.0023153683885052028,-0.4418569521513618,-0.2850371976049936,0.12211661766489704,0.20317668627340785,-0.010824746550497366,0.000642539981754453,0.025791550433496013,1557,581000000,35.95,0,2,1
-9.969804777275897,0.5486715554552282,4.574220708434926,-8.127135458228366,6.2721817830579925,4.736092792706893,-0.8964842126884581,0.004124177345476979,0.002524723884901704,-0.443049289956415,-0.2827382112086296,0.11928418001762911,0.2110198922050716,-0.01067765342668281,0.0007007191868524387,0.027370258067094255,1557,674000000,35.85,0,2,1
-9.9778098230154,0.47054156659257174,4.631875447315322,-8.148457597137234,6.260076131724249,4.753138919894734,-0.8959818666154721,0.004514444749177085,0.002689514619207577,-0.444059546678116,-0.28104874763912724,0.11698422269698934,0.21717963955802402,-0.01035455716191791,0.0007943095340579021,0.028786474103981163,1557,775000000,35.77,0,2,1
-9.9778098230154,0.47054156659257174,4.631875447315322,-8.17477150273191,6.244872469194183,4.775041858972793,-0.8953183650255627,0.004999253040564438,0.0028874284697137163,-0.44538937512453275,-0.2791968034067865,0.11400340973060534,0.21755012056779374,-0.01032339314406272,0.0010799371693792637,0.030485335082630627,1557,892000000,35.69,0,2,1
-9.984586668665639,0.3922954786392253,4.690983005625052,-8.195561779925919,6.232650650662251,4.790158188070835,-0.8947690095201974,0.005356627613461969,0.0029977112168446942,-0.4464871105309936,-0.2776604132325763,0.11260790840492493,0.16977360879862216,-0.008123604948195862,0.002413787296973169,0.03066800818487536,1558,17000000,35.58,0,2,1
-9.984586668665639,0.3922954786392253,4.690983005625052,-8.226335105854412,6.214239879089955,4.805957716913981,-0.8939352249973396,0.005808456549378998,0.0029281795955519658,-0.4481489720011929,-0.2756073020475226,0.11057156967359597,0.10308570921926119,-0.004642147359845694,0.006684975551252137,0.03129700417048298,1558,133000000,35.49,0,2,1
-9.990133642141359,0.3139525976465679,4.751310112835144,-8.2516098148989,6.198814319573972,4.81325639877408,-0.8932210560861691,0.0061475453937002884,0.002610544059389241,-0.4495681680342316,-0.2739512005995586,0.108938460875363,0.051420878687001716,-0.002068987009806733,0.010779233616631245,0.03212267874914687,1558,242000000,35.35,0,2,1
-9.99444937480985,0.23553225354821478,4.812618685414274,-8.28644109886272,6.1770357583301925,4.815295424535257,-0.8921801998283149,0.006554912173129975,0.0017694145012010967,-0.45162860110165026,-0.2722499169147875,0.1063845273052996,-0.01449529320702352,0.0032637510912536527,0.015401117707369849,0.03352693893248215,1558,340000000,35.23,0,2,1
-9.99444937480985,0.23553225354821478,4.812618685414274,-8.310971613977792,6.161265653343044,4.811437415509213,-0.8914076930270145,0.006680488956807282,0.000932706036701183,-0.4531521002257439,-0.27211579711183786,0.10426930990694647,-0.05664836733377464,0.007787962567817885,0.0165508054124075,0.034608625355758704,1558,465000000,35.05,0,2,1
-9.997532801828658,0.15705379539064118,4.874666766435696,-8.335258669287468,6.145189927645645,4.803667609361216,-0.8906074510763196,0.0066701513744210576,-4.751110303234749e-06,-0.4547239570832069,-0.27263790783704395,0.10182578328622796,-0.09476904506456361,0.009430330919713015,0.017116852723120246,0.035633950028568506,1558,561000000,34.92,0,2,1
-9.997532801828658,0.15705379539064118,4.874666766435696,-8.359333212047204,6.128721093345004,4.793701129585951,-0.8897759079411328,0.006590260552127185,-0.0009677478817710261,-0.4563490611115847,-0.2746832768255581,0.0984069638205856,-0.08990929228339359,0.009919507920130854,0.016097063962661196,0.03703326765389647,1558,696000000,34.78,0,2,1
-9.999383162408304,0.07853658655910355,4.9372094804706865,-8.387998214532413,6.108305659142049,4.785824854868388,-0.8887298840919967,0.006443617526763609,-0.0019029844795569319,-0.45838199306371685,-0.2787276313022793,0.09405989555487768,-0.047636483935673664,0.008818900187179679,0.009901253906718921,0.03896659363817889,1558,801000000,34.63,0,2,1
-10.0,6.123233995736766e-16,4.999999999999999,-8.4117499355017,6.090660859978616,4.783196079394365,-0.887815122461405,0.006245468055308503,-0.0023608955598414406,-0.460151853880614,-0.28294124024602374,0.0904685161190267,-0.012331136024624923,0.007521057659687358,0.0035533404115994927,0.04062185944349039,1558,910000000,34.45,0,2,1
-10.0,6.123233995736766e-16,4.999999999999999,-8.435405916181672,6.072421397601574,4.784068216393681,-0.8868592124532589,0.005952091535055866,-0.0024991690957082797,-0.4619946580286126,-0.28716627710456827,0.08724767977915054,0.021816739735547982,0.005834599596710177,-0.0027350842628948158,0.04220387927489355,1558,991000000,34.29,0,2,1
-9.999383162408304,-0.07853658655910231,5.062790519529313,-8.458955330401764,6.0536002134017455,4.788303514624055,-0.8858642286002967,0.005624487348296315,-0.0023664702539516157,-0.4639044443061602,-0.2911536855549216,0.08393825819415403,0.0550094560176855,0.0037152567756493227,-0.006929713754288969,0.043791656571556814,1559,83000000,34.11,0,2,1
-9.999383162408304,-0.07853658655910231,5.062790519529313,-8.482345539064907,6.034247959338528,4.795738362082355,-0.8848296612824389,0.005368129469521882,-0.0020643428849099173,-0.4658791605011498,-0.29401961776056645,0.0806705739873343,0.0861928002038336,0.001140466190463485,-0.008179789710993646,0.04521111986832693,1559,174000000,33.94,0,2,1
-9.997532801828658,-0.15705379539063996,5.125333233564303,-8.505523707269973,6.014474900451046,4.806111704332163,-0.8837620370123624,0.0051946985686337965,-0.0016796626076966317,-0.46790475075175797,-0.2954468647061929,0.07784422534970449,0.114442240319565,-0.0009908180345519213,-0.00840284483274445,0.0462685802631313,1559,294000000,33.75,0,2,1
-9.99444937480985,-0.23553225354821355,5.187381314585725,-8.528440193031498,5.9943758006725565,4.8185058704329435,-0.8826613177731809,0.005102499016922793,-0.0012657334695430143,-0.469980170357727,-0.29578021363182116,0.07523941191688525,0.11388902802843885,-0.0024603208430562518,-0.007505586199840764,0.04756533162435517,1559,393000000,33.56,0,2,1
-9.99444937480985,-0.23553225354821355,5.187381314585725,-8.54655712616116,5.978140776807615,4.826224172222824,-0.8817573219333978,0.005067298276029511,-0.0009979998914452586,-0.47167504884320577,-0.2949281535239364,0.07379111649708708,0.08069970461620458,-0.0017385956539328618,-0.004975684760211152,0.048366133705712855,1559,534000000,33.36,0,2,1
-9.990133642141359,-0.31395259764656674,5.248689887164855,-8.573332452268577,5.953608096318779,4.832999263012061,-0.8803655703379678,0.005102181253510217,-0.0008341522216619682,-0.4742675769015121,-0.2932470717098174,0.07148275286185593,0.034152242695554266,-0.0011737986824300606,0.0007389788834188948,0.04958907993568573,1559,637000000,33.2,0,2,1
-9.990133642141359,-0.31395259764656674,5.248689887164855,-8.599572608045127,5.928905870977518,4.834438273427644,-0.878927102941681,0.00530017960050372,-0.0010035578129312015,-0.4769256217508786,-0.29097833122494493,0.0690776010959845,-0.008685916718783894,-0.0009819927299759001,0.006983064349697088,0.050950516015291214,1559,722000000,32.96,0,2,1
-9.984586668665639,-0.3922954786392241,5.309016994374947,-8.625259470789155,5.904074747173443,4.831000131143241,-0.8774452155717892,0.0055720981078590725,-0.0014884620215587759,-0.4796421894221389,-0.2889230268938678,0.06668150316709157,-0.047467202463070346,0.001471319922075054,0.011142630228277994,0.0520902503922116,1559,824000000,32.7,0,2,1
-9.9778098230154,-0.4705415665925705,5.3681245526846775,-8.64209278310267,5.8873996388488745,4.826302150710795,-0.8764334210381435,0.005738589154643125,-0.0019417269973182152,-0.4814849496901832,-0.2880105046846121,0.06492718471927347,-0.07063703177658395,0.00245614166942687,0.012867914119851775,0.052815517119597644,1559,950000000,32.44,0,2,1
-9.9778098230154,-0.4705415665925705,5.3681245526846775,-8.65871414677171,5.870592964955859,4.819888996481377,-0.8754045902361667,0.0058522834471796915,-0.0024622135238882006,-0.4833492440011318,-0.28769201496234265,0.06319981468228929,-0.09133462002267417,0.004525242366071325,0.013113529621477937,0.05347132282622624,1560,39000000,32.25,0,2,1
-9.969804777275899,-0.5486715554552248,5.425779291565071,-8.67921787858182,5.849349217711557,4.809739938286508,-0.8740949148619249,0.005951642633880553,-0.0031382198205598616,-0.4857085642016622,-0.28802444738491517,0.06080616470197177,-0.11373999294527015,0.005498583686858183,0.012675346988544334,0.05438816224341281,1560,161000000,32.07,0,2,1
-9.969804777275899,-0.5486715554552248,5.425779291565071,-8.69542415115233,5.832093881123225,4.800195241817572,-0.8730246796885394,0.00597044265024566,-0.0036753931780655327,-0.48762562889400074,-0.28916700148368457,0.058627664729228514,-0.12852996254145915,0.0070459264406963484,0.011673988956317771,0.05529648988158442,1560,250000000,31.84,0,2,1
-9.96057350657239,-0.6266661678215214,5.481753674101715,-8.719437435658067,5.805685495364476,4.783907224786465,-0.871380244846987,0.005896916742090388,-0.00443844902885045,-0.4905527448027991,-0.2914498958508299,0.055306930776281814,-0.1475609116816235,0.0080020205132314,0.009854511972662294,0.05653982952935621,1560,341000000,31.64,0,2,1
-9.950118288582788,-0.7045061596879131,5.5358267949789965,-8.739183779054372,5.783156616953375,4.768808619070215,-0.8699734914677719,0.005781128245620085,-0.00501769736098889,-0.4930390708785417,-0.29378720766899324,0.05234681250861112,-0.16049748491148236,0.008289711149700452,0.00850992646519444,0.05765269524999894,1560,454000000,31.35,0,2,1
-9.950118288582788,-0.7045061596879131,5.5358267949789965,-8.758698083865369,5.7601478236015,4.752548579626186,-0.8685335313493814,0.005619983959777918,-0.005542173751336963,-0.49556755847429595,-0.2961449055651335,0.04957752344923385,-0.1716045580260842,0.008548555615561781,0.007071596155583393,0.058732003162731417,1560,550000000,31.1,0,2,1
-9.93844170297569,-0.7821723252011537,5.5877852522924725,-8.78179990048311,5.731872138290616,4.73179642512455,-0.8667567381756555,0.0053816031628842916,-0.006108230023320017,-0.4986647016788711,-0.29941297877606027,0.04586310399523837,-0.18188705781832548,0.008657699527248042,0.00571511277485115,0.060229871814954095,1560,617000000,30.84,0,2,1
-9.93844170297569,-0.7821723252011537,5.5877852522924725,-8.79699740536748,5.712600562431835,4.717386795193289,-0.8655430670297806,0.005206596352325074,-0.006446121365588377,-0.500765951309037,-0.3016431280063536,0.04334004057711708,-0.18708430025150724,0.008458660067844903,0.004821680158784147,0.061075366829754785,1560,752000000,30.52,0,2,1
-9.92554663077387,-0.8596455013970467,5.637423989748689,-8.815770701707413,5.688060691549424,4.698870148408059,-0.8639993345861257,0.004976744581835687,-0.006818300086162018,-0.5034221813071351,-0.3041971594717426,0.04052036955722344,-0.19256659287681818,0.007877893949626014,0.0038048493706810405,0.06182633514981717,1560,876000000,30.31,0,2,1
-9.92554663077387,-0.8596455013970467,5.637423989748689,-8.834283405793927,5.663039088532185,4.679899435549334,-0.8624260288317422,0.004750613476871748,-0.007147361516095716,-0.506110355247215,-0.3067331261799441,0.03756544831879571,-0.1964352442307849,0.007678103520447621,0.003145623963973776,0.06285431591095403,1560,987000000,30.03,0,2,1
-9.911436253643444,-0.9369065729286239,5.684547105928689,-8.852532141210828,5.637554759532793,4.660649641873568,-0.8608180011843256,0.0045089917588330124,-0.007443034826530481,-0.5088385196335987,-0.3089799630700171,0.034980331623934685,-0.19893980473541228,0.007417613096549758,0.0023507438754677423,0.06379691913025454,1561,64000000,29.75,0,2,1
-9.896114053108828,-1.0139364767825625,5.728968627421412,-8.874067320466015,5.606387602511895,4.637342537522312,-0.8588405422949021,0.004232211113668204,-0.0077526760862912025,-0.5121668744786105,-0.3116870857229622,0.0317043344157457,-0.20016762697379004,0.006855514857306844,0.0018443154999658873,0.06519089583889581,1561,153000000,29.47,0,2,1
-9.896114053108828,-1.0139364767825625,5.728968627421412,-8.891698407425833,5.579961738211388,4.617873163666016,-0.8571553275658687,0.004023480129444418,-0.007973418012158307,-0.5149805633597248,-0.31354670091796594,0.02923362427619495,-0.20016806876951304,0.005976043439659406,0.0014868119933453272,0.06605449452763423,1561,233000000,29.12,0,2,1
-9.896114053108828,-1.0139364767825625,5.728968627421412,-8.909028778993736,5.553140982722956,4.5984809654921674,-0.8554381578401028,0.003850009307897892,-0.008163397104844483,-0.5178263169125038,-0.3153964670558441,0.026669577352335234,-0.19905611091627953,0.005328279667082825,0.00137170611651527,0.06692596798529848,1561,342000000,28.82,0,2,1
-9.879583809693738,-1.0907162069827125,5.770513242775789,-8.926044609676856,5.525923628705385,4.579272492949111,-0.8536864118079526,0.003695988887444177,-0.008342169566479294,-0.520707459296994,-0.31723195412184196,0.024112100701641475,-0.1968730337251185,0.004808485300600296,0.001382405594085867,0.06785430232412182,1561,433000000,28.52,0,2,1
-9.879583809693738,-1.0907162069827125,5.770513242775789,-8.942745689010197,5.498357573981081,4.560313140346941,-0.8519094094497341,0.0035712857913228454,-0.008503776876191901,-0.5236079542822489,-0.31849430965452574,0.021987287225721165,-0.194292363124052,0.00402834211854497,0.0013361799688027531,0.06822872601333074,1561,551000000,28.22,0,2,1
-9.861849601988382,-1.1672268192795263,5.8090169943749475,-8.962383742133788,5.464895179176046,4.540520245654402,-0.8497546131443945,0.0034652838407675823,-0.008643603896130347,-0.5270961746772691,-0.3208158974553566,0.02002261084154014,-0.1354285860770299,0.002795273280753463,0.00011475868790800092,0.06859543427708559,1561,642000000,27.91,0,2,1
-9.861849601988382,-1.1672268192795263,5.8090169943749475,-8.975234754886573,5.442353307860522,4.532592072928616,-0.8483005122337428,0.00338181037683782,-0.008639285117893448,-0.5294338174457653,-0.3226727622014308,0.018728745945055462,-0.08187584498294928,0.0019799867459369125,-0.0026002498543675756,0.06900667940499261,1561,764000000,27.54,0,2,1
-9.842915805643155,-1.243449435824273,5.844327925502014,-8.991025145449656,5.413951386154827,4.52851579773028,-0.8464692569689045,0.003219684848778916,-0.008454281187291985,-0.5323607383772693,-0.32442773910458056,0.017459261817532178,-0.018499512625944247,0.0010357352834944322,-0.007077867121552117,0.06910183001309633,1561,852000000,27.29,0,2,1
-9.82278709228899,-1.3193652498268629,5.876306680043863,-9.009553021542617,5.379578653328429,4.531689290223899,-0.8442484007419151,0.0029397397382318617,-0.007940162965644527,-0.5358852018735627,-0.3258084694979723,0.01588476811974119,0.05304671453834812,-0.002032241570759652,-0.011466564865258988,0.06956498473300599,1561,960000000,26.97,0,2,1
-9.82278709228899,-1.3193652498268629,5.876306680043863,-9.027579288232083,5.345088060525897,4.542965487576669,-0.8420092916249087,0.002773980685895333,-0.007188836799899796,-0.539407988885906,-0.32474715238975566,0.014694534213415952,0.11812432374470432,-0.005806752869830234,-0.012327838703640737,0.06945852073840797,1562,45000000,26.6,0,2,1
-9.801468428384716,-1.3949555301961445,5.904827052466019,-9.042160304942588,5.316386648315917,4.558032712440365,-0.8401347829760868,0.0027308316435694785,-0.006467328734355694,-0.5423322437872375,-0.32272954738219484,0.013434416106478154,0.16818011920746084,-0.008234077449742472,-0.012727483135677176,0.06934733610250987,1562,139000000,26.22,0,2,1
-9.801468428384716,-1.3949555301961445,5.904827052466019,-9.059064248422182,5.282122914152353,4.582350073467296,-0.8378770118159764,0.002787130138048934,-0.005512705806478302,-0.5458241063296994,-0.31867396594224334,0.01184780728662441,0.22269666131003502,-0.010881380239879945,-0.012812187378585804,0.0689541055180598,1562,252000000,25.9,0,2,1
-9.77896507399165,-1.4702016261615194,5.929776485888251,-9.075285121693526,5.248283499704117,4.612600712063857,-0.8356304264629262,0.003008794195104071,-0.0044808422325215425,-0.5492655638029447,-0.31235486159512976,0.010495095358532379,0.26905300872740867,-0.014150075367069803,-0.011756813273677835,0.06794959408580326,1562,364000000,25.53,0,2,1
-9.77896507399165,-1.4702016261615194,5.929776485888251,-9.08569740678186,5.226045086698012,4.635633604517724,-0.834141765102345,0.0032384767686897704,-0.003783146397754739,-0.5515276201456242,-0.30772248702022026,0.009363345880241422,0.2967034940685406,-0.013714162378164474,-0.011231997359573143,0.067426359601086,1562,454000000,25.16,0,2,1
-9.755282581475768,-1.5450849718747364,5.951056516295154,-9.098258155026652,5.1986556753568145,4.667294227809823,-0.8322958834522702,0.00357923922044985,-0.0029111829557426526,-0.5543124357695808,-0.30117185212166164,0.008118605252890317,0.32735724444432324,-0.014974548957980005,-0.010381915944890352,0.06627205439144745,1562,565000000,24.92,0,2,1
-9.755282581475768,-1.5450849718747364,5.951056516295154,-9.11266866464884,5.166453638155324,4.708977089492365,-0.8301082800460912,0.004097827870931724,-0.0018668385278146318,-0.5575840439965724,-0.29285388040751414,0.006520117961603615,0.3590188997865581,-0.017662628488324117,-0.008798412727628602,0.06485066915047355,1562,666000000,24.62,0,2,1
-9.730426794137728,-1.6195870909907482,5.968583161128631,-9.126376084749293,5.135039910658723,4.754094554874647,-0.8279592645788477,0.004718301757177303,-0.0008572540172618803,-0.5607677406396799,-0.28435962864853287,0.004846627827081157,0.3860487666387542,-0.018064771938952617,-0.007285854690053384,0.06336166625260375,1562,783000000,24.26,0,2,1
-9.730426794137728,-1.6195870909907482,5.968583161128631,-9.137264113565648,5.109433374626781,4.793999079152824,-0.8261880527290542,0.005252611376630899,-7.171574046581971e-05,-0.5633699552322189,-0.27771114111332734,0.0031368911859801125,0.4061230518327014,-0.017527408999740146,-0.006323930119833676,0.0625364868028555,1562,867000000,23.91,0,2,1
-9.704403844771127,-1.6936896012264575,5.982287250728689,-9.147686538455961,5.084333003945327,4.835750464433704,-0.8244336522427442,0.005794299679930443,0.0006704450088407133,-0.5659285552473905,-0.27122584678952305,0.0015015510118360034,0.42374445000104266,-0.017025559645844623,-0.005411439406088903,0.06162935897009447,1562,963000000,23.62,0,2,1
-9.677220154149335,-1.7673742188962858,5.9921147013144775,-9.157656577536411,5.059703661799361,4.879119708397229,-0.8226959972395944,0.006342644192555213,0.0013564391640283314,-0.5684445681536503,-0.26525797089482755,-0.00034836150833699185,0.43918234534110984,-0.01601862040843116,-0.004281545261619613,0.06080632520024665,1563,82000000,23.34,0,2,1
-9.677220154149335,-1.7673742188962858,5.9921147013144775,-9.167202409522364,5.035527699307745,4.923899231081729,-0.8209763304773232,0.006887803916144087,0.0019780185154029523,-0.5709172535455154,-0.2594537641483519,-0.001854652776857535,0.45243168311690507,-0.015533306577708572,-0.0031443999432667624,0.059835306092281826,1563,207000000,23.05,0,2,1
-9.648882429441258,-1.8406227634233896,5.998026728428272,-9.176345741370918,5.011771590214776,4.969897038174761,-0.8192685519796982,0.007455025818028086,0.00254875064868029,-0.5733558809302227,-0.2543010239216411,-0.003624597869208354,0.4639367415105359,-0.015234638340189122,-0.0019581081687647384,0.059324577523511834,1563,305000000,22.76,0,2,1
-9.648882429441258,-1.8406227634233896,5.998026728428272,-9.185095018724452,4.988375016564594,5.016944100987501,-0.8175653674606476,0.008031068771055467,0.0030613785315436177,-0.5757716559755415,-0.24979360340711138,-0.00552356460847198,0.4736983458303251,-0.014627764448960079,-0.0008469878878258896,0.05894637797609903,1563,428000000,22.48,0,2,1
-9.619397662556434,-1.9134171618254483,6.0,-9.195106393334276,4.960735602784395,5.074564438188,-0.8155243105259825,0.008698287763329695,0.0035841382942973575,-0.5786463450880809,-0.24475132300299532,-0.007530619030482738,0.48337694457550623,-0.013582356496044667,0.0003499811555229826,0.05857707037648652,1563,536000000,22.19,0,2,1
-9.619397662556434,-1.9134171618254483,6.0,-9.201495111208017,4.942539804998353,5.1135651321682625,-0.8141642012455428,0.009136638551031757,0.0038839760366212216,-0.5805498169634902,-0.24187994686272846,-0.008991679838794234,0.4886505428304944,-0.012754092949762708,0.0011181834452145267,0.05836313830513973,1563,634000000,21.84,0,2,1
-9.588773128419906,-1.985739453173902,5.998026728428272,-9.21067560543424,4.915563879846353,5.17276357432295,-0.8121245633458847,0.00976487974158858,0.004253195920968001,-0.5833868794019506,-0.2378097235701276,-0.010895340353226406,0.49497466653413574,-0.011377970895409817,0.0020886491029159515,0.058094228006666526,1563,736000000,21.61,0,2,1
-9.588773128419906,-1.985739453173902,5.998026728428272,-9.216535318893538,4.897761038918354,5.212605820937898,-0.810762549829547,0.010167825738212684,0.004453401767920936,-0.5852699123706446,-0.23560298192013077,-0.012268035302029013,0.4982189850586827,-0.010515160010982072,0.0026712727049016394,0.0580295774852857,1563,854000000,21.26,0,2,1
-9.557016383177228,-2.0575717930255424,5.9921147013144775,-9.22219772891805,4.880084752470674,5.2526717247003125,-0.8093985292977641,0.010547886428125791,0.004613628707521802,-0.5871468958383963,-0.23349395319883018,-0.013384729707204928,0.5005163578704667,-0.009451454297959572,0.003164851955261838,0.05790154718852136,1563,961000000,21.03,0,2,1
-9.557016383177228,-2.0575717930255424,5.9921147013144775,-9.229023433491403,4.85815698637014,5.30148455035446,-0.8076890000573813,0.011013644561379727,0.004772567699822754,-0.5894865574526136,-0.23100563162153853,-0.013516339935377302,0.461128977622063,-0.009289956051361514,0.004190478921373142,0.057910797113436274,1564,73000000,20.79,0,2,1
-9.557016383177228,-2.0575717930255424,5.9921147013144775,-9.235623742377124,4.836395824143954,5.344252030951926,-0.8059752054111644,0.011529904324359201,0.004843201207809034,-0.5918171786715583,-0.22875760865415984,-0.01259056202170484,0.39818868921876704,-0.00881267815202591,0.007021504279691726,0.057620204097474925,1564,172000000,20.49,0,2,1
-9.524135262330098,-2.1288964578253613,5.982287250728689,-9.240752222502664,4.819081888041256,5.374048760124767,-0.8046015908042893,0.012010703380992213,0.004803034242159597,-0.5936741142593042,-0.22742294444511607,-0.012055718419412182,0.34996061043423643,-0.008850402355164988,0.009932516422850313,0.0576167345570866,1564,256000000,20.19,0,2,1
-9.524135262330098,-2.1288964578253613,5.982287250728689,-9.24818616226001,4.793222824130164,5.411767665916396,-0.8025340340986136,0.012834524190059746,0.0045504300602635765,-0.5964509138969332,-0.2257244752708171,-0.011189554757960822,0.28151668235718585,-0.00702121897120378,0.01413038035025238,0.05743141009588726,1564,372000000,19.95,0,2,1
-9.490137878803079,-2.1996958492795735,5.968583161128632,-9.25416558934761,4.77171723790724,5.437171220251265,-0.800805591871417,0.013489406041309975,0.004124680682296594,-0.5987582374893818,-0.2253479890781303,-0.010500159334451531,0.22815744254639614,-0.0032323958976121503,0.016240059994743206,0.05751010176027194,1564,470000000,19.6,0,2,1
-9.45503262094184,-2.2699524986977355,5.951056516295154,-9.259953745152519,4.750087460162715,5.457469721006641,-0.7990622836101936,0.014050226449630686,0.0035458080195181615,-0.6010736105452187,-0.22649623916209416,-0.010310030571371533,0.17830978471268621,-0.0004121504346699112,0.01711529075691942,0.05792744705104269,1564,567000000,19.3,0,2,1
-9.45503262094184,-2.2699524986977355,5.951056516295154,-9.265554066098291,4.728212390846661,5.473024140064926,-0.7972988112657586,0.014514513176087741,0.0028729141212404732,-0.6034034146621323,-0.22841981811292222,-0.01031091576276846,0.13202088230322934,0.0013972062561151688,0.01723833138385089,0.058424808958079666,1564,682000000,19.0,0,2,1
-9.418828150443467,-2.3396490713028677,5.929776485888251,-9.270970678122604,4.705961738129138,5.484168210324601,-0.7955137173652687,0.014841168475272882,0.002133396628246467,-0.605750042361374,-0.2319459850911621,-0.010751162267445932,0.08886686339909891,0.004642054227588233,0.016120708278322127,0.0590381896472536,1564,781000000,18.7,0,2,1
-9.418828150443467,-2.3396490713028677,5.929776485888251,-9.276197731627065,4.683166839928025,5.491209500119937,-0.793701619305781,0.015029605758525771,0.0013792597019548318,-0.6081200112681696,-0.23696802784921606,-0.011794486151494366,0.048728185155088935,0.00734522086531797,0.01433943853044184,0.059880238040932454,1564,875000000,18.39,0,2,1
-9.381533400219318,-2.408768370508577,5.904827052466019,-9.281236457742098,4.659719001518498,5.494465799346425,-0.7918647668998047,0.015059434464899275,0.000627105631662201,-0.6105104512740482,-0.24249002898574412,-0.012922423502121031,0.011868052526261042,0.009282344035455026,0.012318099470576271,0.06044773253961466,1564,971000000,18.08,0,2,1
-9.381533400219318,-2.408768370508577,5.904827052466019,-9.287027288812652,4.6306198371190535,5.4937915143212654,-0.7896281392879798,0.01494902472950485,-0.0002224513716843268,-0.6134035203841159,-0.2502910060766857,-0.014745965912149661,-0.028587758996338686,0.011534176064742496,0.009590707577444846,0.06130145338829607,1565,46000000,17.77,0,2,1
-9.343157572190956,-2.477293342162038,5.8763066800438635,-9.291647705001598,4.605510778313505,5.489761177896459,-0.7877356771567615,0.014756016700271064,-0.0008680725410018259,-0.6158360247302711,-0.25702953471881995,-0.016276768735479064,-0.05902360097670889,0.011765986982936738,0.007649898952877265,0.06199918934726156,1565,154000000,17.4,0,2,1
-9.343157572190956,-2.477293342162038,5.8763066800438635,-9.296931913610578,4.5742917515772685,5.481156940458664,-0.7854232704714749,0.014461378640020686,-0.0015510744607202323,-0.618788129247596,-0.2655486479169467,-0.018423342550077614,-0.09220896836907508,0.011654363697743975,0.00582958909944864,0.06294716222328134,1565,245000000,17.08,0,2,1
-9.303710135019719,-2.545207078751856,5.844327925502015,-9.301932093532185,4.5419050743613,5.46888187097901,-0.7830704059310295,0.014113074121018067,-0.0021578481725541684,-0.6217691727523417,-0.2739358604495526,-0.020422254358739383,-0.12142663463301155,0.011412587082304526,0.00415119320678059,0.06389433110598475,1565,330000000,16.69,0,2,1
-9.303710135019719,-2.545207078751856,5.844327925502015,-9.306642334035349,4.5083609790368975,5.4533398647291635,-0.7806628196080835,0.013739168304331875,-0.0026771643000945526,-0.6247956707013681,-0.28216881558804574,-0.02242699826513853,-0.14754310977593224,0.010950862815661822,0.0029259994107633247,0.06501107636722736,1565,444000000,16.3,0,2,1
-9.263200821770461,-2.6124928235797436,5.8090169943749475,-9.310341585835266,4.4795765110279975,5.438156168749739,-0.77862159405736,0.013422604371304422,-0.0030628183051138493,-0.6273427022796207,-0.2886344021406607,-0.02401986510168557,-0.1670921899526503,0.01030139565045829,0.0022773665932618314,0.06572566489921883,1565,545000000,15.9,0,2,1
-9.263200821770461,-2.6124928235797436,5.8090169943749475,-9.313823534897649,4.450049778690465,5.421137574862048,-0.7765460820241307,0.013103710712650245,-0.003399894931022122,-0.6299150069437854,-0.29510258683029755,-0.025628164931480686,-0.18480165122260278,0.009841439623414772,0.0014240724453884468,0.06650718569289893,1565,658000000,15.56,0,2,1
-9.221639627510076,-2.6791339748949823,5.77051324277579,-9.31646009993068,4.425927827919118,5.4063475182643534,-0.7748685816806496,0.012832949372868965,-0.003641129744803403,-0.6319815968118004,-0.2998557454793866,-0.026628489155658592,-0.19724256517841088,0.009479412256041542,0.0007025937350135791,0.0667507185426075,1565,752000000,15.22,0,2,1
-9.179036806841353,-2.745114089990657,5.728968627421413,-9.320164379628038,4.388953731315288,5.382422360707817,-0.7723189789944307,0.012401641285614858,-0.00394265108097693,-0.6351016056355681,-0.30691642410703646,-0.028183246542260336,-0.21396475805420206,0.009302286616730271,-0.0007982220836311171,0.06764871213817969,1565,857000000,14.94,0,2,1
-9.179036806841353,-2.745114089990657,5.728968627421413,-9.32301582172612,4.357458312920098,5.361084521837878,-0.7701676188745682,0.01201992721258656,-0.0041372783589182964,-0.6377148603526993,-0.3123484233099053,-0.029340598525466267,-0.22585296592829698,0.008998748126032297,-0.0018455294707564462,0.06798194954171777,1565,951000000,14.52,0,2,1
-9.135402871372811,-2.8104168892606514,5.68454710592869,-9.32564175066333,4.325373092067277,5.338625111697007,-0.7679927711981449,0.011622679127552387,-0.004282729647428851,-0.640338718916839,-0.3176915480477421,-0.030617961833957784,-0.2366591519754521,0.008454829276161036,-0.0027037562631448964,0.06851032303529792,1566,57000000,14.16,0,2,1
-9.135402871372811,-2.8104168892606514,5.68454710592869,-9.327554744364171,4.299282025260435,5.319906417139216,-0.766232208188411,0.011298467800920047,-0.004371589720653225,-0.6424495598592759,-0.3220137181385929,-0.03194320741255309,-0.24478298949637384,0.008087381411314709,-0.0032320574291588855,0.06905456466483884,1566,169000000,13.8,0,2,1
-9.09074858712512,-2.8750262602163907,5.637423989748691,-9.329706961841262,4.266172942010771,5.295674319647686,-0.7640136345018143,0.010892137880042077,-0.004447173919254422,-0.6450928229889572,-0.32686256705524963,-0.033153391220160235,-0.25335339323046496,0.007591936036988045,-0.003941622935599298,0.06915392077644356,1566,277000000,13.51,0,2,1
-9.09074858712512,-2.8750262602163907,5.637423989748691,-9.330874058189648,4.246064052065047,5.280739682759526,-0.7626760852331316,0.010649286775876014,-0.004472924309450962,-0.6466774889021205,-0.3296895916794463,-0.03391076430901446,-0.2581053050189645,0.007328186711674789,-0.004412463613334694,0.06929310475243255,1566,396000000,13.14,0,2,1
-9.09074858712512,-2.8750262602163907,5.637423989748691,-9.33227835805334,4.218979480872515,5.260401560802083,-0.7608838704746134,0.010327976658102492,-0.004485428695775875,-0.6487903740647948,-0.3332336402912529,-0.03483799859460872,-0.26378258043843567,0.00689944804435072,-0.00481024940199859,0.06936131030670367,1566,505000000,12.93,0,2,1
-9.04508497187474,-2.9389262614623632,5.587785252292475,-9.333515195389559,4.191609537648821,5.239641386458819,-0.7590856045212211,0.010009132856540174,-0.004479751075129101,-0.6508984514487779,-0.3365811264039483,-0.03570412073215981,-0.2687963861452512,0.006652112733718241,-0.005139076574778301,0.06943690532352775,1566,612000000,12.63,0,2,1
-9.04508497187474,-2.9389262614623632,5.587785252292475,-9.3345759153998,4.1639621492042265,5.218489017907483,-0.7572775833299367,0.009687671357461368,-0.00445813933819875,-0.6530060763907805,-0.3397886328713137,-0.036548123198648017,-0.2733246985205412,0.006245194845178048,-0.0054982516758173006,0.06945178174646571,1566,714000000,12.33,0,2,1
-8.99842329243545,-3.0021011266294213,5.535826794978996,-9.335469185637875,4.13606957892641,5.197004644617109,-0.755469769135052,0.00937000947270927,-0.004419812893653924,-0.6551015921973455,-0.3425924989329038,-0.03716941484733218,-0.27702741920058993,0.005960900716672768,-0.005714341114071431,0.0691021494276356,1566,815000000,12.03,0,2,1
-8.99842329243545,-3.0021011266294213,5.535826794978996,-9.336350303699598,4.100896683280591,5.169749943729807,-0.7532127674058506,0.008978361219858096,-0.004358788181458163,-0.657701236894241,-0.34595703809486933,-0.038065561489078185,-0.2812109583630674,0.005594576077783131,-0.005868362359251478,0.06886819974170066,1566,920000000,11.73,0,2,1
-8.950775061878451,-3.064535268264883,5.481753674101715,-9.33685699537159,4.072522138896644,5.147655003806186,-0.7514041743634905,0.008676144856797303,-0.004296424817033821,-0.6597711966987772,-0.3483738216288721,-0.038691555410849565,-0.28401995188168094,0.005035960748500656,-0.00586917676628218,0.06873284437460825,1567,29000000,11.36,0,2,1
-8.950775061878451,-3.064535268264883,5.481753674101715,-9.337236231665596,4.036782559208917,5.119708772980627,-0.7491364632108668,0.008311041877196897,-0.0042077638203574155,-0.6623501949833344,-0.35142768857466333,-0.03968252914214792,-0.2875460063216564,0.00470906211376132,-0.005909716719543212,0.06879375432617962,1567,125000000,11.07,0,2,1
-8.902152036691648,-3.1262132816785257,5.425779291565073,-9.337326505528363,4.007981341493807,5.0971042587033,-0.7473173342652923,0.008035095948554201,-0.0041273655399551665,-0.66440590303926,-0.353617072823409,-0.04036501912094233,-0.28987304929021984,0.004195213296043221,-0.005784752784165903,0.0685710707330145,1567,218000000,10.69,0,2,1
-8.902152036691648,-3.1262132816785257,5.425779291565073,-9.3372270031528,3.979012812433003,5.074310285512274,-0.7454978993956481,0.00777486155862824,-0.004042315383943031,-0.6664503681526156,-0.3557412572374047,-0.04114808630356916,-0.2921105545288791,0.003881041357089998,-0.005665566504831077,0.06841760987299494,1567,307000000,10.39,0,2,1
-8.852566213878946,-3.1871199487434483,5.368124552684678,-9.336929361335066,3.949883153101245,5.0513344442963435,-0.7436780570206596,0.007527608527451316,-0.0039551397067633795,-0.6684838363683403,-0.35767327136691784,-0.04186194248482888,-0.2940537827165022,0.0035971186434835545,-0.005437829986476572,0.06806064557167701,1567,393000000,10.1,0,2,1
-8.852566213878946,-3.1871199487434483,5.368124552684678,-9.33643936588116,3.920612334284779,5.028205886965525,-0.7418634771605596,0.007293453100618798,-0.0038694579029075055,-0.670500122365873,-0.35951365522825174,-0.04260650518874624,-0.29581586369820845,0.0033575869110791245,-0.005275104695101618,0.06776167574571446,1567,482000000,9.8,0,2,1
-8.802029828000155,-3.2472402416509176,5.309016994374948,-9.335544732800724,3.883833320761602,4.99909454080682,-0.739597577009739,0.007019212173757377,-0.0037588323951277276,-0.6730022480800552,-0.3615621135085654,-0.04349029450165885,-0.29766775251305133,0.0028763779482687823,-0.0049954705445998115,0.06732368710800074,1567,540000000,9.5,0,2,1
-8.802029828000155,-3.2472402416509176,5.309016994374948,-9.334604895640926,3.8542742584291743,4.97566175021287,-0.737786016970019,0.006813152677363934,-0.003669022477277532,-0.6749903054031006,-0.3632214385307947,-0.044269879135591585,-0.2992444991091897,0.0026813756903720787,-0.004920804076391505,0.06727813160978258,1567,624000000,9.14,0,2,1
-8.750555348152298,-3.3065593266182587,5.248689887164856,-9.333144714772228,3.817165466179476,4.946200060420911,-0.7355177032830795,0.006574954831079439,-0.0035546718245015314,-0.677464273917358,-0.3649869045797859,-0.045128252809938756,-0.30076359649123763,0.002259798225168197,-0.004552048130790354,0.06706323983962648,1567,709000000,8.84,0,2,1
-8.750555348152298,-3.3065593266182587,5.248689887164856,-9.331357576877938,3.7798939527490547,4.916561237660272,-0.7332437160323799,0.006356337111577072,-0.003443402121228595,-0.6799274908836839,-0.366781064589163,-0.0461865220425867,-0.3024691493165982,0.0019562422721719486,-0.004324397241362021,0.06704101760988124,1567,780000000,8.48,0,2,1
-8.750555348152298,-3.3065593266182587,5.248689887164856,-9.329693032329176,3.7499760667286233,4.892741290516694,-0.7314256185687918,0.006202186229369442,-0.0033510609078557098,-0.6818847906927005,-0.3678911851697916,-0.04685310942938629,-0.3033395699629691,0.001561060548738169,-0.004020110372948693,0.06665826949756593,1567,880000000,8.12,0,2,1
-8.69815547489305,-3.3650625675488657,5.187381314585726,-9.327815588501743,3.719978818399433,4.868833059290445,-0.7296083597310603,0.006056389857098131,-0.003265013681211746,-0.6838306085852781,-0.3690882712462734,-0.04771741139362019,-0.30447893369592155,0.0016317482163685781,-0.003840794170173467,0.066556431556819,1567,981000000,7.83,0,2,1
-8.69815547489305,-3.3650625675488657,5.187381314585726,-9.325155425301075,3.6823642508874723,4.841518317707275,-0.7273344503853553,0.005864530097288904,-0.0031488381975828387,-0.6862508939064317,-0.3712689832763498,-0.049009914678446766,-0.24906184391457878,0.0018563152138995065,-0.004997474707124638,0.06627368347835727,1568,71000000,7.54,0,2,1
-8.64484313710706,-3.422735529643442,5.125333233564306,-9.322171122012545,3.644652635080652,4.820556034079168,-0.7250691581605465,0.005547347162421429,-0.002960965718716276,-0.6886473520647766,-0.37306830888333914,-0.04998697960418254,-0.1866265347854279,0.0028986161396460375,-0.008816085573926102,0.06572039783350192,1568,150000000,7.18,0,2,1
-8.64484313710706,-3.422735529643442,5.125333233564306,-9.318870405114843,3.606869919678757,4.8055659678906375,-0.7228107762825725,0.005025303024679086,-0.0026434592496555184,-0.6910226770103064,-0.37485859324497306,-0.05112384259523735,-0.12857889117041105,0.00397904395867954,-0.014091478169575566,0.06553251441800967,1568,225000000,6.82,0,2,1
-8.590631488815946,-3.4795639829615697,5.062790519529315,-9.315248327541244,3.569028967592506,4.79613334314542,-0.7205567813564355,0.00429388448592889,-0.002161198728793129,-0.6933792732821842,-0.3761320261098701,-0.052040847461707215,-0.07409450633949195,0.004037491908093216,-0.01901253763207933,0.06513687549158931,1568,306000000,6.46,0,2,1
-8.590631488815946,-3.4795639829615697,5.062790519529315,-9.311305882820967,3.5311974946629996,4.791766454134416,-0.7182925909909843,0.0035019364380608864,-0.0015561849145315043,-0.6957306004892654,-0.3763543597774818,-0.05296292272990695,-0.02521777660421707,0.002784605726446898,-0.01999404667003546,0.06546777512994595,1568,386000000,6.11,0,2,1
-8.53553390593274,-3.5355339059327355,5.000000000000003,-9.307062709353836,3.493508810742709,4.791917724977727,-0.7160101763319277,0.0028144569900237964,-0.0009407247569093872,-0.6980835345844397,-0.374719356382368,-0.05340717529547244,0.018146767447581192,0.0008556986529129063,-0.017064028361346573,0.06569347897311673,1568,471000000,5.76,0,2,1
-8.53553390593274,-3.5355339059327355,5.000000000000003,-9.301587280173921,3.4486603821227706,4.797221881324144,-0.7132501618537358,0.0022216930756854903,-0.0003188336659873611,-0.7009059630511004,-0.3709340416455018,-0.053941112862205286,0.061887487344581896,-0.0009063034951850568,-0.011795490627264371,0.06569805045728572,1568,565000000,5.42,0,2,1
-8.47956398296157,-3.5906314888159447,4.937209480470686,-9.297714536746486,3.4190965761918,4.802714204653965,-0.7114133300848774,0.0019677609180631566,3.4764866531757435e-08,-0.7027710876910868,-0.36747919306310556,-0.05414119121034032,0.0595254892223193,-0.0011137377441627905,-0.008765953680267558,0.06528873127535917,1568,671000000,5.01,0,2,1
-8.47956398296157,-3.5906314888159447,4.937209480470686,-9.292626435987843,3.382583915545865,4.806700035801353,-0.7091257255249553,0.0018637046041694617,0.00027812785598693875,-0.7050795378173654,-0.3626005199076419,-0.05440385081035588,0.022198172649377124,-0.0028529029123092187,-0.0026058369940074044,0.06480384399765171,1568,762000000,4.74,0,2,1
-8.422735529643443,-3.644843137107058,4.874666766435695,-9.286167180776292,3.339485741569519,4.806624394611092,-0.7064122154078739,0.002105840927618664,0.0003696990316704008,-0.707797436191424,-0.35595858121407226,-0.054574200521656846,-0.021790378557461118,-0.00458144813819672,0.005710392406399478,0.06327399460133165,1568,860000000,4.4,0,2,1
-8.422735529643443,-3.644843137107058,4.874666766435695,-9.279328868191293,3.2972399293073065,4.8012816286972315,-0.7037531221545956,0.002746294642443572,0.00016920110688035278,-0.7104392812157707,-0.34912331862469975,-0.054939708004078436,-0.06560803074377894,-0.005195081985220895,0.01324761597061297,0.061749963788315654,1568,941000000,3.99,0,2,1
-8.365062567548867,-3.6981554748930483,4.812618685414275,-9.273346191668894,3.262659893691139,4.793005717560239,-0.7015738489381019,0.0034890599222724894,-0.0001870920810807823,-0.7125881881869706,-0.3439553352345517,-0.055321587252905736,-0.09967235729596782,-0.00481715696878382,0.017270894204557408,0.06076410681998823,1569,38000000,3.58,0,2,1
-8.30655932661826,-3.7505553481522975,4.751310112835146,-9.26708140304187,3.2285157217849294,4.781509562287778,-0.6994135228600333,0.004305175225086624,-0.0006553918900758457,-0.7147039666661079,-0.34016682709136303,-0.05604087250176458,-0.13136842661599551,-0.004340495070209727,0.019092214097327087,0.060154273160151206,1569,119000000,3.24,0,2,1
-8.30655932661826,-3.7505553481522975,4.751310112835146,-9.260535037174852,3.19468869309649,4.767118253793546,-0.6972712160976532,0.005118311594248368,-0.0011742406838212522,-0.716788166229703,-0.3373541440975766,-0.05662362570855978,-0.1593725417316548,-0.0036581092217602418,0.019105761566606816,0.059413832786958665,1569,231000000,2.89,0,2,1
-8.247240241650918,-3.8020298280001557,4.690983005625052,-9.255093394741658,3.1677671162560026,4.753727134596374,-0.6955651614367291,0.005724368252486979,-0.0015810844871467162,-0.7184384719483299,-0.33633838323774456,-0.057223565318660685,-0.17983602914295163,-0.002850349073924008,0.01747423884808086,0.05919111135881394,1569,326000000,2.55,0,2,1
-8.247240241650918,-3.8020298280001557,4.690983005625052,-9.248007500826503,3.134159091817557,4.736382561512259,-0.6934312172636156,0.006372283684239745,-0.002035541790705311,-0.7204917747584397,-0.33689277156108,-0.05866959344966373,-0.16139305222590067,-0.0014125750112725655,0.013951061555417255,0.059199941097176634,1569,423000000,2.27,0,2,1
-8.187119948743447,-3.852566213878947,4.631875447315322,-9.240576494311695,3.1004711135774774,4.7231025162420135,-0.6912978326033442,0.006739799753225039,-0.0023724983650439207,-0.7225346033157948,-0.3389444256051582,-0.06029238349066497,-0.11811417687384713,0.0011314538710394118,0.006839563138782978,0.058938419897458516,1569,535000000,1.93,0,2,1
-8.187119948743447,-3.852566213878947,4.631875447315322,-9.232787723276104,3.0666201382351868,4.714052944402864,-0.6891671075854637,0.0067464289599351475,-0.0025070357772373976,-0.7245666969231928,-0.3419116100585958,-0.06213686461960297,-0.07709323092274697,0.0029075587690385873,-0.0014372515352079063,0.05887084407731891,1569,646000000,1.6,0,2,1
-8.126213281678526,-3.902152036691649,4.574220708434927,-9.224641607790327,3.0325722543014066,4.709014552303449,-0.6870449374170465,0.006403240724104861,-0.0024275178948330338,-0.7265826585012237,-0.34499982976949745,-0.0637364891859948,-0.03767265872134586,0.004363900370663032,-0.009187165505863959,0.05841210768267047,1569,730000000,1.29,0,2,1
-8.126213281678526,-3.902152036691649,4.574220708434927,-9.216142691271711,2.998345736149604,4.707665248051786,-0.6849196434154984,0.005839216033785672,-0.002152883691362968,-0.7285920331100998,-0.3476065139790962,-0.06533496776685994,-0.0023526483705061116,0.004035122492496157,-0.013676478010893334,0.05867373074579518,1569,828000000,1.01,0,2,1
-8.064535268264883,-3.950775061878452,4.518246325898285,-9.207318979730632,2.9640385532131286,4.709569477111263,-0.6827791697327726,0.005223219644899312,-0.0017781672765973897,-0.7306039703400901,-0.34871804187040967,-0.06644829579012708,0.02879566426787928,0.003246082633268088,-0.014305194417829625,0.058913683096761815,1569,947000000,0.81,0,2,1
-8.064535268264883,-3.950775061878452,4.518246325898285,-9.19632634173926,2.922914546794783,4.7154936499721245,-0.68017962242412,0.004535124748623016,-0.0013339813140511017,-0.7330302411062927,-0.3485536647993225,-0.06775442592031622,0.05950502648286495,0.002057380243059015,-0.012314364903431851,0.0595181634707842,1570,70000000,0.73,0,2,1
-8.00210112662942,-3.9984232924354526,4.4641732050210035,-9.188771282838559,2.8956198473604755,4.721313609855374,-0.6784333099834016,0.004147817427860653,-0.0010706330953440574,-0.7346495036820796,-0.3476054385847088,-0.06847318999577871,0.0774565519946812,0.0020850096916547045,-0.010971764731948497,0.059609421441564336,1570,169000000,0.83,0,2,1
-8.00210112662942,-3.9984232924354526,4.4641732050210035,-9.179082964814251,2.8617035182797967,4.728123782254422,-0.6762350675218783,0.003754546595340266,-0.0007930195509809276,-0.7366759178590919,-0.3454684193661811,-0.0691413721215356,0.04473757588241577,0.000791278182532551,-0.007891294990258757,0.05997128537273966,1570,278000000,0.99,0,2,1
-7.938926261462367,-4.045084971874736,4.4122147477075275,-9.167121609964724,2.821386757495269,4.730090290810233,-0.6735934099488909,0.0035801421987215103,-0.0005862204074045215,-0.7390931991304588,-0.3419661564812918,-0.0697128624048299,-0.011844775041884059,-0.0013523969528250745,-0.0010374910914379143,0.05939251132076606,1570,353000000,1.24,0,2,1
-7.938926261462367,-4.045084971874736,4.4122147477075275,-9.156882556199504,2.7881632810995756,4.726606505470991,-0.6714058276590198,0.0037480364788673496,-0.0005786593208457545,-0.7410801791718964,-0.3388261439536334,-0.07028652777845641,-0.057650356117382215,-0.002878191003219399,0.005403600198405911,0.05875527058378793,1570,449000000,1.56,0,2,1
-7.875026260216394,-4.090748587125116,4.362576010251311,-9.146405357682834,2.755301389851871,4.718691391941832,-0.6692398853645256,0.004190408149906798,-0.0007272887128681568,-0.7430342437384307,-0.33558626402735553,-0.07084967536038272,-0.10101170133352042,-0.0038891191252332646,0.011098543745902134,0.058046365302288905,1570,543000000,1.84,0,2,1
-7.875026260216394,-4.090748587125116,4.362576010251311,-9.135668298950321,2.7227355390303596,4.706619416889256,-0.6670772293393,0.004814372340195652,-0.0010003843104085543,-0.7449723425384357,-0.33334757886769406,-0.07164316813248288,-0.14172139736005554,-0.00414994933635171,0.014506857769447379,0.05801128863822669,1570,659000000,2.11,0,2,1
-7.8104168892606545,-4.135402871372808,4.315452894071313,-9.124668328722343,2.69035856298935,4.690785638657969,-0.6649149136363055,0.005500247612929068,-0.0013448620662000264,-0.7468976477712617,-0.3321239354359476,-0.07219088197165906,-0.17776573570181123,-0.003678883308566583,0.015309808350139065,0.05775211757281795,1570,754000000,2.39,0,2,1
-7.8104168892606545,-4.135402871372808,4.315452894071313,-9.115663023035873,2.6645060836767023,4.675697360943393,-0.6631835430625458,0.006035066763196848,-0.0016238164945115,-0.7484307111551237,-0.332186321571477,-0.07290696897012468,-0.20380768408793518,-0.00347183513440541,0.014560940508090425,0.057764307712204754,1570,856000000,2.68,0,2,1
-7.745114089990657,-4.179036806841353,4.271031372578587,-9.104132762889932,2.632160382272471,4.6541589901438,-0.661023560792506,0.00663158018520819,-0.00194189966063578,-0.7503333280930223,-0.3330356748068416,-0.07365497375872812,-0.23231662875516262,-0.002716130688895646,0.012381641226966167,0.05729672520828899,1570,948000000,2.92,0,2,1
-7.745114089990657,-4.179036806841353,4.271031372578587,-9.094673800792483,2.6061947776050887,4.6372233634177205,-0.6593028709056442,0.0069943329490105705,-0.002147609645476502,-0.7518418660163747,-0.335400752436208,-0.0749023948770341,-0.2019078675421858,-0.0010037426420694828,0.008472176341456361,0.05709660217689816,1571,61000000,3.24,0,2,1
-7.679133974894982,-4.2216396275100765,4.22948675722421,-9.082528317226002,2.5735500140176955,4.6198094141085155,-0.657161782804091,0.0071644604855065665,-0.0022863993203085784,-0.7537120365934513,-0.3389776975715279,-0.07640622749543946,-0.16075011146140422,0.001101522229873808,0.0011081379511779232,0.05659852067765314,1571,166000000,3.56,0,2,1
-7.679133974894982,-4.2216396275100765,4.22948675722421,-9.072552916278044,2.5472569306406556,4.6088024603527895,-0.6554594266530092,0.007029270730578092,-0.0022664116563334245,-0.7551942748345677,-0.3423409947289035,-0.07774507083018341,-0.12890526938153837,0.002914902620432258,-0.005681133870893973,0.05637632966681849,1571,255000000,3.82,0,2,1
-7.612492823579743,-4.263200821770462,4.190983005625052,-9.062337996685425,2.5207908733661455,4.600291444434167,-0.6537635070935239,0.0066548197522568586,-0.0021154203508877093,-0.7566667133973715,-0.3457001463101057,-0.0789785897175912,-0.09779336553110729,0.004228393345329096,-0.012403549862938235,0.055990849068621174,1571,343000000,4.08,0,2,1
-7.612492823579743,-4.263200821770462,4.190983005625052,-9.046581736537687,2.4808058011638647,4.591951754999271,-0.6512259307172756,0.005761088544554098,-0.0016713248203257293,-0.7588602003620593,-0.34999690155488883,-0.08084113580929121,-0.05496269832865297,0.004365949826024007,-0.017848369679995812,0.056131798919523135,1571,467000000,4.35,0,2,1
-7.545207078751855,-4.303710135019719,4.155672074497985,-9.03580937555281,2.454038475580108,4.589012840322674,-0.6495211930709912,0.005120961592423843,-0.0013202244448952927,-0.7603250965944897,-0.3516403383417325,-0.08171176717116614,-0.02986692070689507,0.004047824040753767,-0.017708051564113703,0.05636356145259924,1571,565000000,4.77,0,2,1
-7.545207078751855,-4.303710135019719,4.155672074497985,-9.02206430933844,2.4205509163485557,4.587890713930265,-0.6473597429544267,0.00436794046077312,-0.0009043885307508514,-0.7621715465559542,-0.35291615305537816,-0.08294056308431155,-0.002480801763000795,0.003811508622675319,-0.016212451373576187,0.05729783333663363,1571,660000000,5.05,0,2,1
-7.477293342162037,-4.3431575721909566,4.1236933199561365,-9.00802756262599,2.387111993805061,4.589271842064429,-0.6451635275292553,0.0036920442339280174,-0.0005414587874087262,-0.7640354038771788,-0.3530547238994105,-0.08382352642853369,0.021645730270041904,0.0034416088965372182,-0.014005423963681096,0.05789787865069229,1571,768000000,5.4,0,2,1
-7.477293342162037,-4.3431575721909566,4.1236933199561365,-8.993725256438209,2.3538197891151,4.592781797473254,-0.6429340758191697,0.003138274922319069,-0.00024747345415944595,-0.7659150502098462,-0.3521661778776587,-0.08472056985512497,0.041459838743142456,0.0026194424208370037,-0.010779326203191886,0.05865553430339787,1571,867000000,5.76,0,2,1
-7.408768370508577,-4.381533400219318,4.09517294753398,-8.979186917888226,2.3207657936850676,4.598074225177724,-0.6406818231800907,0.002706041551995185,-3.977383130700099e-05,-0.7678017173748676,-0.3504304357077642,-0.08537098266257338,0.058410864765287465,0.002348240104765864,-0.008074919060163666,0.05889019230380654,1571,950000000,6.12,0,2,1
-7.408768370508577,-4.381533400219318,4.09517294753398,-8.964415151090298,2.2880005453741865,4.604858303054065,-0.6384135923795159,0.0023752590468816845,0.00010096642303504956,-0.7696898290969699,-0.34837305790404305,-0.0862257619421573,0.07236025027449623,0.0022081640736359986,-0.005908031380386092,0.0590845949773211,1572,50000000,6.48,0,2,1
-7.339649071302867,-4.418828150443467,4.070223514111749,-8.946403905683933,2.249127506757393,4.614648680656055,-0.6356944302316669,0.0020671701080632273,0.00018230090740235935,-0.7719380058959138,-0.34526434231797115,-0.08708221443047658,0.08639638069329161,0.002561314659033087,-0.003899577131960541,0.05859476550540421,1572,133000000,6.91,0,2,1
-7.269952498697735,-4.455032620941839,4.048943483704846,-8.931141781647488,2.217121786150541,4.623958507353662,-0.6334384735969332,0.0018516969327592137,0.00018909176340755457,-0.773790821624269,-0.34277688260259875,-0.08808463730577418,0.09622814555254341,0.0028007637865812285,-0.0029571225695690373,0.058160444314125925,1572,228000000,7.27,0,2,1
-7.269952498697735,-4.455032620941839,4.048943483704846,-8.918776359993794,2.191776190258188,4.632060201732988,-0.6316500054931403,0.0016976093883653387,0.0001710071036400675,-0.7752518038930646,-0.3406548870373476,-0.0886749128052595,0.10321154657754203,0.002900964705077058,-0.0024437835463686497,0.05745967791881412,1572,299000000,7.63,0,2,1
-7.199695849279577,-4.490137878803077,4.031416838871369,-8.90627305796168,2.1666585714833055,4.64067354661713,-0.6298766955632391,0.0015541384832237428,0.00013935860786951234,-0.7766935776862633,-0.3386709854686508,-0.08944913252778103,0.10921657689914621,0.002969456068058207,-0.002050906527983898,0.0569136183912633,1572,386000000,7.91,0,2,1
-7.199695849279577,-4.490137878803077,4.031416838871369,-8.893618478992495,2.1417603028876537,4.649726295477274,-0.6281131719510247,0.001419295461241562,9.74612318139185e-05,-0.778120697143653,-0.3368651918255495,-0.09038043614144582,0.11439540722220061,0.003011969874933129,-0.0017465935570726288,0.056625618162797764,1572,502000000,8.19,0,2,1
-7.128896457825361,-4.524135262330099,4.017712749271311,-8.880804441134192,2.117072104657396,4.659145989022116,-0.6263546912079184,0.0012916040056180664,4.227875027848016e-05,-0.7795371259750449,-0.33509457975456314,-0.09127697130215064,0.1187360183500555,0.003325526972730586,-0.0014108514733379707,0.056188719827332534,1572,590000000,8.47,0,2,1
-7.128896457825361,-4.524135262330099,4.017712749271311,-8.867842859122435,2.0925948662154523,4.668878263640898,-0.6246100642233139,0.001171975076526509,-2.4635486149004147e-05,-0.7809359087264847,-0.3334191441974345,-0.09217051782134869,0.12240376700018327,0.00303721574255178,-0.0011089329973401618,0.055782976414775476,1572,673000000,8.74,0,2,1
-7.0575717930255415,-4.557016383177227,4.007885298685522,-8.851422155360131,2.062276283289326,4.681408794644072,-0.6224388438026904,0.001036067347442298,-0.00011501234174388894,-0.7826677449992319,-0.3314501897083376,-0.09328884494880052,0.12628546296038107,0.003281190242887533,-0.0008673682998505683,0.055299030645983294,1572,783000000,9.01,0,2,1
-7.0575717930255415,-4.557016383177227,4.007885298685522,-8.838108971743173,2.0382376440536487,4.6916795908318845,-0.6207090021522874,0.0009336455329062305,-0.0001919675778908377,-0.7840404492764257,-0.33010320689798345,-0.0943788854959832,0.12874308011683683,0.003054675494240655,-0.0007184471769505762,0.05519538972293958,1572,883000000,9.35,0,2,1
-6.985739453173902,-4.5887731284199065,4.001973271571728,-8.821235320827805,2.0084434343868534,4.704756207847423,-0.6185484683732296,0.0008117916035974061,-0.0002920055161559905,-0.785746172755746,-0.3284596423473609,-0.09559364114762889,0.13124967097397072,0.003125016473859432,-0.0006194693696670583,0.054940092741162516,1572,986000000,9.62,0,2,1
-6.985739453173902,-4.5887731284199065,4.001973271571728,-8.81098734599267,1.9906978162788769,4.712707112828109,-0.6172529002373586,0.000745712640011141,-0.0003472887895948605,-0.7867643741627632,-0.32763846663697543,-0.09646541821607964,0.13240537389439516,0.002725593139984994,-0.0005537113111131475,0.05493299904628657,1573,101000000,9.96,0,2,1
-6.985739453173902,-4.5887731284199065,4.001973271571728,-8.797168798572876,1.9671802839767896,4.72340520673941,-0.6155239268023818,0.00066064021604136,-0.0004215884519578168,-0.7881178093099142,-0.32659928480626077,-0.09755475796693866,0.1337279717039608,0.003066601425416593,-0.0004964411061791907,0.05478288767335471,1573,212000000,10.16,0,2,1
-6.913417161825448,-4.619397662556434,4.0,-8.779663383266527,1.9380064946616193,4.736899029438401,-0.6133664373914124,0.0005512380189582893,-0.0005244267594400444,-0.7897980973609565,-0.3254549359673076,-0.09890409773664141,0.13491486739181954,0.0028634388399950694,-0.000430892413305628,0.05475806065078359,1573,317000000,10.43,0,2,1
-6.913417161825448,-4.619397662556434,4.0,-8.76902930042126,1.9206140997350074,4.744678282946303,-0.6120679971178413,0.0004910909688500354,-0.0005840544193270547,-0.790804770227298,-0.3247984531178853,-0.09968345562045924,0.11661664161302525,0.0026963394702761434,-0.0002415061885585601,0.05471158692671452,1573,396000000,10.76,0,2,1
-6.840622763423389,-4.648882429441257,4.001973271571728,-8.75111049462283,1.8918119073082713,4.75278663721104,-0.6099110239165839,0.0004921792642455899,-0.0006662049815939775,-0.7924694674468653,-0.32361624206124995,-0.1008075158799568,0.05182179428576657,0.00016246361873584192,0.0024231348106695805,0.054243498379946686,1573,464000000,10.96,0,2,1
-6.840622763423389,-4.648882429441257,4.001973271571728,-8.732947870009768,1.8632340884124317,4.754644938604133,-0.6077611361291468,0.000730529570464285,-0.0007466545295068961,-0.7941192040522436,-0.32266748561102687,-0.10216213212186809,-0.009049531271080593,-0.0029417934456432704,0.006801782046750304,0.05430126657302026,1573,538000000,11.3,0,2,1
-6.767374218896285,-4.677220154149337,4.0078852986855225,-8.714535157026415,1.8348666120752637,4.7506421095553435,-0.6056101208073835,0.001225565262588288,-0.0008770227334750502,-0.7957600834400894,-0.32164254586303037,-0.10322730178913937,-0.0662489411718347,-0.004827101383853005,0.01163271854238701,0.05396493543230463,1573,622000000,11.63,0,2,1
-6.767374218896285,-4.677220154149337,4.0078852986855225,-8.692092926731837,1.8010620747468207,4.738656849032054,-0.6030071415943921,0.0021554743765418295,-0.0010759546947862412,-0.7977321501844259,-0.321134250296789,-0.1047539664737406,-0.12975804339714153,-0.007679439204366645,0.016279517330985982,0.05472463381011039,1573,698000000,11.96,0,2,1
-6.693689601226457,-4.704403844771127,4.017712749271311,-8.673080679957108,1.772996359795543,4.723202069201918,-0.600811783067573,0.0031038653445915865,-0.0012516477834775678,-0.7993835129178686,-0.321545252984621,-0.10569595531806394,-0.17757970176837087,-0.00875702362463926,0.01788577064871788,0.05512104762601666,1573,803000000,12.46,0,2,1
-6.693689601226457,-4.704403844771127,4.017712749271311,-8.653747726284307,1.7449138346416169,4.7033410272874665,-0.59858414115473,0.004094140114750873,-0.0014135242314218728,-0.8010482294618858,-0.32293568057244487,-0.10675327695449785,-0.22012205136877244,-0.009569443409418454,0.01808151664590696,0.055880541913211346,1573,899000000,12.7,0,2,1
-6.6195870909907475,-4.730426794137727,4.031416838871369,-8.638034707716844,1.7223806319068373,4.684644927120488,-0.5967884483095727,0.004853873500465502,-0.0015340761703841214,-0.8023824739403256,-0.32469082844855984,-0.10736456819354967,-0.24964804358474044,-0.008616414743300993,0.016483585204696283,0.05583748461504001,1573,984000000,13.04,0,2,1
-6.6195870909907475,-4.730426794137727,4.031416838871369,-8.626099449942028,1.7054131452116255,4.669271378665226,-0.5954411083498832,0.005384475006241101,-0.0015992666718674796,-0.8033793227747912,-0.3265412815519867,-0.10794377848416506,-0.26144488919294684,-0.008171345234586624,0.014440130598813994,0.055732625332893804,1574,61000000,13.32,0,2,1
-6.545084971874738,-4.755282581475767,4.048943483704846,-8.605877043715576,1.6769263426045973,4.645618961874322,-0.5932084326932142,0.0060265020730178274,-0.0016526465692320363,-0.8050246613699118,-0.33117731026127056,-0.10924678330295423,-0.22343313568257944,-0.004587794455801486,0.007500302626795019,0.05487160487973597,1574,129000000,13.53,0,2,1
-6.545084971874738,-4.755282581475767,4.048943483704846,-8.585234881256314,1.648136856665747,4.625851281078075,-0.5910221706749895,0.0062145632477599334,-0.0015829698649744372,-0.8066298204137196,-0.33650166711750007,-0.11073471216295534,-0.1846808367563849,-0.0018952790810544684,-0.0021004731479479233,0.05375215150706936,1574,214000000,13.88,0,2,1
-6.470201626161521,-4.77896507399165,4.070223514111748,-8.564164341187952,1.6190271363421511,4.609979525536219,-0.5888936176715854,0.0059251699671871785,-0.0013210518399161368,-0.8081877592790977,-0.3419082998695614,-0.11213263446043709,-0.1459432449420724,0.0004082235989244509,-0.01163294436992146,0.052097711886744946,1574,289000000,14.22,0,2,1
-6.470201626161521,-4.77896507399165,4.070223514111748,-8.542660452418273,1.5896149559371469,4.5978685198478395,-0.5868046422520654,0.005246272863849455,-0.0009026506100500075,-0.8097110433199857,-0.34721873695797273,-0.11387308893397816,-0.1086598722655477,0.002106508736687829,-0.018625098346092273,0.05157969135325402,1574,399000000,14.56,0,2,1
-6.394955530196148,-4.801468428384715,4.09517294753398,-8.52075089584828,1.5599722554665967,4.589244442595021,-0.5847167812264794,0.004380103016742038,-0.0004043547674403513,-0.8112255771035143,-0.35119494256666073,-0.11523075341737159,-0.07466665154917658,0.002773298797364987,-0.02063442298094742,0.05172183955437504,1574,489000000,14.9,0,2,1
-6.394955530196148,-4.801468428384715,4.09517294753398,-8.502961296391348,1.5361647954385422,4.584625194898628,-0.5830198490342549,0.00367349332159706,-1.2837742908658988e-05,-0.8124496051535031,-0.3534400989784062,-0.11634715278461594,-0.049936448978040275,0.0027843982252306887,-0.019536560648703016,0.05281778940116055,1574,600000000,15.24,0,2,1
-6.319365249826863,-4.822787092288991,4.123693319956137,-8.480445910848884,1.506390129593211,4.581402803124106,-0.5808444239979931,0.0028678387340891663,0.0004037388641483161,-0.8140094395069166,-0.35489214510691514,-0.11728770751682369,-0.022284033247929533,0.0030230487027438357,-0.01659951467445353,0.05414841325546149,1574,721000000,15.52,0,2,1
-6.319365249826863,-4.822787092288991,4.123693319956137,-8.457664200601144,1.476692120268029,4.5807261948157825,-0.5786047897603908,0.0021744713049063323,0.0007168087241073514,-0.8156048400580584,-0.3553317020732821,-0.11829780201939573,0.002443795319091379,0.0031385422744278912,-0.013257816863188054,0.055822121794335544,1574,811000000,15.88,0,2,1
-6.243449435824273,-4.842915805643156,4.155672074497986,-8.439280818681278,1.453067108401325,4.58180092534927,-0.5767640243852203,0.0017345790047551427,0.0008853399127949568,-0.8169084817676211,-0.35462898702803425,-0.11872588971293514,0.019613875267969233,0.003105266046077304,-0.010024113998952089,0.0568130020837998,1574,897000000,16.25,0,2,1
-6.243449435824273,-4.842915805643156,4.155672074497986,-8.416132657498427,1.423764810236959,4.584942095753463,-0.5744190490216295,0.0013048802311893706,0.0010011192722393036,-0.8185597419668716,-0.3533975209368089,-0.11954235186683707,0.03916023565871006,0.0031512530767940916,-0.0069227231506374665,0.057815396212390624,1574,975000000,16.55,0,2,1
-6.167226819279525,-4.861849601988383,4.190983005625053,-8.397483729805215,1.4005442723269481,4.588756118237283,-0.5725225914655949,0.001046511425164654,0.00103650927796153,-0.8198876220091831,-0.3518050857950537,-0.12000141542640932,0.05294638701458776,0.0029773125334031647,-0.0048212816636805655,0.057844461480272,1575,50000000,16.94,0,2,1
-6.167226819279525,-4.861849601988383,4.190983005625053,-8.369339117857205,1.3661603266759137,4.596381703319618,-0.5696819103871718,0.0007747835343263378,0.0010025124087456514,-0.8218642927253668,-0.3488283616316009,-0.12084336926517165,0.07134993944894086,0.0032125964025908615,-0.0022499399392472696,0.05746192000515293,1575,150000000,17.25,0,2,1
-6.090716206982712,-4.879583809693737,4.229486757224211,-8.350469372311665,1.3435622494221917,4.602610152160309,-0.5678050841702705,0.000643256145062482,0.0009304061497926875,-0.8231622604057599,-0.34662214802980446,-0.12136798409298492,0.08227223914224197,0.0035018148309973185,-0.0012653549106289574,0.056772313109831885,1575,252000000,17.71,0,2,1
-6.090716206982712,-4.879583809693737,4.229486757224211,-8.326760967275566,1.3156958014492832,4.611576420692813,-0.5654827850602273,0.0005120301190910978,0.0008021514093972991,-0.8247595493104656,-0.3438067877623972,-0.1222716697606081,0.09513732456048564,0.003760326490009902,-0.00033973003041865013,0.0560962191229919,1575,357000000,18.14,0,2,1
-6.013936476782562,-4.896114053108828,4.271031372578589,-8.307699130699739,1.2937116168648717,4.6196320283873415,-0.5636501706516227,0.0004148690006121826,0.0006716383109683043,-0.8260132334957401,-0.3414737386025016,-0.12286825949315314,0.10459233269643782,0.004227500221531955,-1.375469578235311e-05,0.05507309615495615,1575,444000000,18.39,0,2,1
-6.013936476782562,-4.896114053108828,4.271031372578589,-8.278951093947958,1.2612543850266735,4.633075016457571,-0.560946642030467,0.00027102381276760404,0.000447553794215012,-0.8278517929173297,-0.3380029062702879,-0.12403866284359233,0.11788355147097958,0.004656668352254201,0.0003092306826601998,0.05399138208304066,1575,552000000,18.69,0,2,1
-5.936906572928623,-4.911436253643443,4.315452894071312,-8.254857260664522,1.2346923330021016,4.645430937893287,-0.5587410084028896,0.00014922060611135169,0.00023615884739891215,-0.8293421534512346,-0.33503467436445644,-0.12493472348448262,0.127983629296288,0.0049696142923494335,0.00039855009390521445,0.052680437511298805,1575,641000000,19.14,0,2,1
-5.859645501397048,-4.925546630773869,4.36257601025131,-8.230626174085119,1.208557898899932,4.6587732142477405,-0.5565789321977652,2.4978233470420348e-05,1.4270131090529542e-05,-0.83079473482085,-0.3323961667247398,-0.1261004778653661,0.13770167072026213,0.005146318744664313,0.00034669595265768294,0.05169756477698684,1575,732000000,19.5,0,2,1
-5.859645501397048,-4.925546630773869,4.36257601025131,-8.206254977844074,1.1828391347313092,4.673032267035243,-0.5544599704504904,-0.0001133393624302703,-0.00021555318147627146,-0.8322103591394763,-0.32971086481852685,-0.12712591811317608,0.14651958580585236,0.005446493787530926,0.00012156169830745966,0.050442235442460515,1575,831000000,19.86,0,2,1
-5.782172325201155,-4.938441702975688,4.412214747707527,-8.18174651557471,1.1575368767090741,4.688149046255706,-0.5523742624467983,-0.00026327649374146856,-0.00045367336678730363,-0.8335960646814017,-0.3270609834312191,-0.1283375853352271,0.15505381648510883,0.005619041940008174,8.151932320288324e-05,0.04983988001185935,1575,901000000,20.21,0,2,1
-5.782172325201155,-4.938441702975688,4.412214747707527,-8.157080763646453,1.1326471442916854,4.704106105733587,-0.5503037810234549,-0.00040524204360034956,-0.0006860171697492133,-0.834964139200372,-0.32458653985883434,-0.12972724109945394,0.1634204426745504,0.005562106025536195,0.00016441205730188813,0.049434594984631985,1576,4000000,20.55,0,2,1
-5.704506159687915,-4.950118288582788,4.464173205021003,-8.13724120601663,1.1130264362662987,4.717437503989169,-0.548663746554424,-0.0005257922670330718,-0.0008826008850099018,-0.8360424856279927,-0.32259815139047976,-0.13064663687925776,0.16947539665860817,0.00581509730182006,8.144679881638694e-05,0.048826511920196936,1576,94000000,20.9,0,2,1
-5.704506159687915,-4.950118288582788,4.464173205021003,-8.112306025468097,1.0888559411100736,4.733800648794697,-0.5466322341782535,-0.0006654758145236884,-0.0011155674492337145,-0.8373717891166967,-0.3202861021565725,-0.1321187700342139,0.14420665528769055,0.004506732784648193,0.0004977055652943818,0.048377388520748354,1576,203000000,21.17,0,2,1
-5.626666167821523,-4.960573506572389,4.518246325898284,-8.092242870277104,1.069800846833631,4.743213244526819,-0.5450214050065828,-0.0006750158655675824,-0.001254858466418467,-0.8384209192097133,-0.3184342512719022,-0.13331660134845175,0.09789215191736873,0.0018666758933250094,0.0027335416916685062,0.047780550085008144,1576,303000000,21.51,0,2,1
-5.626666167821523,-4.960573506572389,4.518246325898284,-8.072084018025372,1.050992955623686,4.749043461588191,-0.5434270582012326,-0.0005236541006509272,-0.001361855199599165,-0.839455123012274,-0.3166591592381576,-0.13464350700602773,0.054307770543354617,-0.0010584600374841102,0.006104786007199436,0.047344698759843595,1576,381000000,21.77,0,2,1
-5.548671555455229,-4.969804777275898,4.574220708434925,-8.04674169821352,1.0278249922594127,4.751616718826099,-0.541453373907351,-8.464140962705514e-05,-0.0014847319920701422,-0.8407294643885688,-0.31448048785756416,-0.1362551696111213,0.0028876639063914328,-0.003920953395208926,0.010742674658104079,0.04663382896978874,1576,460000000,22.04,0,2,1
-5.548671555455229,-4.969804777275898,4.574220708434925,-8.01610893897996,1.000477627326204,4.748299227039641,-0.53910104649469,0.0007773324265499526,-0.0016151801045922634,-0.8422391872953064,-0.31268095062706297,-0.13815839608820138,-0.053188251428101484,-0.007298007631106884,0.014853847915219376,0.04672026225307491,1576,588000000,22.36,0,2,1
-5.47054156659257,-4.9778098230154,4.631875447315323,-7.99036926296411,0.9779700999460744,4.740721091440112,-0.5371220244469643,0.0016835243499416603,-0.0016864597285395832,-0.843501186989883,-0.31192068269411405,-0.13945824544916235,-0.09541272161530445,-0.00947866228671046,0.0168367261721869,0.04719003009086009,1576,678000000,22.89,0,2,1
-5.47054156659257,-4.9778098230154,4.631875447315323,-7.9643915226157596,0.9556354387308629,4.729256814849524,-0.5351051231586235,0.0027046595206128426,-0.001703380144858477,-0.8447794330370229,-0.3119844337661431,-0.1408340087088526,-0.13299253002253142,-0.011231183179916115,0.017978517644223757,0.04811177423107438,1576,781000000,23.06,0,2,1
-5.392295478639223,-4.9845866686656395,4.690983005625053,-7.94342248439511,0.9378448910326803,4.717569129022957,-0.533463571577689,0.003557022287522669,-0.0016883221111481893,-0.8458138772569712,-0.3125549759156928,-0.1415692570123073,-0.16006316668119597,-0.011840480510727502,0.01771330353221856,0.048711638009990565,1576,885000000,23.39,0,2,1
-5.392295478639223,-4.9845866686656395,4.690983005625053,-7.9169549086856295,0.9156281446715695,4.700220217805028,-0.5313743774612578,0.004597386046544567,-0.0016218671720893058,-0.8471230752175718,-0.3141529003190163,-0.14251542713390938,-0.1890252684109268,-0.01215182810483384,0.016176505778275896,0.04971686430508271,1576,992000000,23.65,0,2,1
-5.313952597646566,-4.990133642141358,4.751310112835146,-7.890167318660054,0.8933577782535611,4.680311642752699,-0.5292609566000974,0.005537541184966652,-0.0014921594962262925,-0.84843971436774,-0.31647738115016366,-0.14316870704874055,-0.21337937735484855,-0.011878965415235143,0.013390276217251085,0.0496516589919338,1577,82000000,23.99,0,2,1
-5.235532253548213,-4.99444937480985,4.812618685414276,-7.868487258950163,0.8754627525252238,4.662849103775424,-0.5275727530173074,0.006191337357629261,-0.0013295191354291938,-0.8494862506211219,-0.3188724625782987,-0.14383173957147438,-0.2294394866149378,-0.011855287903017597,0.010866319735214347,0.04952166746079456,1577,173000000,24.32,0,2,1
-5.235532253548213,-4.99444937480985,4.812618685414276,-7.835531488888732,0.848457419213823,4.634496615711089,-0.5250671025387263,0.007031746021968389,-0.0009834538812805867,-0.8510312128223807,-0.3226949383978909,-0.14458975586614825,-0.2501691272999998,-0.012088303265045397,0.0075105473115399946,0.048462832637596875,1577,260000000,24.59,0,2,1
-5.157053795390642,-4.997532801828658,4.874666766435696,-7.8132623349621575,0.8303359665461314,4.614402293171672,-0.5234218808828689,0.007500827760207664,-0.0006862203264230327,-0.8520403753916918,-0.32542744746234964,-0.14525048476639302,-0.2611271857432841,-0.012170891568530351,0.005448072079161648,0.047954223919077776,1577,351000000,25.0,0,2,1
-5.157053795390642,-4.997532801828658,4.874666766435696,-7.7850657486816015,0.8075567516385848,4.588256528932853,-0.5213823809152467,0.007997650064777583,-0.0002489857721484378,-0.8532856429535629,-0.3289537425632044,-0.14627864286698328,-0.2717646127060732,-0.012247756058059167,0.003267433703513234,0.04753801295009907,1577,421000000,25.27,0,2,1
-5.078536586559104,-4.999383162408303,4.9372094804706865,-7.762224314373812,0.789239148859248,4.5666479228008745,-0.519766770356254,0.008335231699194435,0.00012727554639114722,-0.8542675296105343,-0.3316548237468423,-0.14690398745623628,-0.27914410805277895,-0.011960783649556106,0.0019236784851273114,0.0468227040983038,1577,536000000,25.6,0,2,1
-5.078536586559104,-4.999383162408303,4.9372094804706865,-7.733338038289248,0.7662344196001826,4.538961350563736,-0.5177728083762094,0.008695173668502185,0.0006403187193006138,-0.8554737300776836,-0.3349355418817284,-0.1477170841372826,-0.28584436656323425,-0.012170766876806738,0.000410681022344761,0.0463540134660434,1577,663000000,25.86,0,2,1
-5.000000000000001,-5.0,4.999999999999999,-7.709974408018963,0.7477564142086677,4.516415928851231,-0.5161944535419921,0.00893672941068734,0.0010715814688632991,-0.8564241196469654,-0.3373543953166159,-0.1481294031974529,-0.2899530367493102,-0.011845030894619413,-0.0005398042333126796,0.045675161891267635,1577,757000000,26.19,0,2,1
-5.000000000000001,-5.0,4.999999999999999,-7.680469054305356,0.7245856277779645,4.487887352548674,-0.514245573365992,0.009197558329688563,0.001623665755152437,-0.85759212852251,-0.34023872587650195,-0.14888571174894366,-0.29318736085650565,-0.011656980768748326,-0.0012063311942256405,0.045172806494520046,1577,836000000,26.62,0,2,1
-4.921463413440898,-4.999383162408303,5.062790519529313,-7.656628664633872,0.7060094934100624,4.464887914718428,-0.5127020537364608,0.009378009929667575,0.0020577103539973825,-0.8585129136199834,-0.3422508389695783,-0.14935316421173464,-0.29496554161464195,-0.011033507598767756,-0.001568274410601589,0.04459380652406253,1577,925000000,26.78,0,2,1
-4.921463413440898,-4.999383162408303,5.062790519529313,-7.632595759351013,0.6874145272319135,4.441798214154608,-0.5111709348674729,0.009544469073457958,0.0024859082482798804,-0.8594224797601004,-0.34411809818659195,-0.14992857444457625,-0.2956293040807374,-0.011041727248084499,-0.00157930491013758,0.04445747945283074,1578,32000000,27.04,0,2,1
-4.84294620460936,-4.997532801828658,5.1253332335643025,-7.596192365414565,0.6595182812057899,4.407172585913324,-0.5088768834827099,0.00978420944212909,0.003106094632306163,-0.860778100835896,-0.34655457698822384,-0.15069698383242935,-0.2953646863387829,-0.010228455357719213,-0.0014531335295941972,0.04419317192514427,1578,115000000,27.3,0,2,1
-4.84294620460936,-4.997532801828658,5.1253332335643025,-7.571703216960766,0.6409405211280764,4.384190618858202,-0.5073514676092556,0.00994199965747893,0.003495184020420355,-0.8616747812523053,-0.3479192259979499,-0.15134053647775764,-0.29370364907671076,-0.009855118696577847,-0.001020437912302441,0.04415174626046792,1578,213000000,27.69,0,2,1
-4.764467746451789,-4.99444937480985,5.187381314585723,-7.547050929093219,0.6223961961191234,4.361369953357121,-0.5058319245879848,0.010099739624673157,0.0038584822700628778,-0.8625642998882463,-0.34905215380404464,-0.15183102806051932,-0.29167156251768167,-0.00921667306101881,-0.0007221554824354826,0.04384472413221374,1578,334000000,27.95,0,2,1
-4.764467746451789,-4.99444937480985,5.187381314585723,-7.522240586366837,0.6038967058738599,4.338741628325996,-0.5043133523013957,0.01025664183768661,0.004195899028536308,-0.8634496154496126,-0.3500489153777072,-0.15252023723435434,-0.2889625613034791,-0.008789871390035842,-0.00026646444553080073,0.044035307655576617,1578,405000000,28.21,0,2,1
-4.686047402353436,-4.990133642141358,5.248689887164852,-7.497274399196882,0.5854615128790227,4.316370023594473,-0.5027868887449469,0.010420196891771661,0.004509121755151611,-0.8643358327779256,-0.3507575997372611,-0.1531213390048623,-0.2857088249851828,-0.008370171599381138,0.00018859486630162792,0.04395492869662121,1578,505000000,28.47,0,2,1
-4.686047402353436,-4.990133642141358,5.248689887164852,-7.465881374833919,0.5625309722096238,4.288829276695787,-0.5008803727204252,0.010637085314856755,0.004870165512077668,-0.8654374536194613,-0.3513529222303155,-0.15390639868636724,-0.2807054020723284,-0.007931220352475066,0.0008815283479179925,0.04417909040057566,1578,590000000,28.73,0,2,1
-4.607704521360774,-4.9845866686656395,5.309016994374948,-7.434287749357617,0.539753239814109,4.261851429751812,-0.49896056744047956,0.010862269070103361,0.005184572444743272,-0.8665411031559256,-0.3516306908794457,-0.15470093892061448,-0.2751071412934572,-0.006950961915208609,0.001372754070416704,0.04420410004968289,1578,683000000,29.06,0,2,1
-4.607704521360774,-4.9845866686656395,5.309016994374948,-7.4024995923813,0.5171539281635371,4.235508681626993,-0.4970263251775505,0.011093223574593141,0.005455509422477455,-0.8676473995167421,-0.3517988469960756,-0.1557784546575831,-0.26850466057340905,-0.00632995443083928,0.0019657011534945923,0.04474965171539225,1578,782000000,29.39,0,2,1
-4.529458433407427,-4.9778098230154,5.368124552684678,-7.370523241486839,0.494753847764223,4.20985053165264,-0.49507598845322365,0.011319236353297887,0.005679216283648879,-0.868757381003376,-0.3516411642006211,-0.1567270479564454,-0.2618279973996066,-0.005430099599834648,0.002256581092296983,0.044872517537442036,1578,861000000,29.72,0,2,1
-4.529458433407427,-4.9778098230154,5.368124552684678,-7.33837119090231,0.4725791115732505,4.184933968023958,-0.49310797379693283,0.011552208673312149,0.005873042355966232,-0.8698715882394001,-0.35126225627167573,-0.15787013928629848,-0.2541561106684239,-0.005087866657049744,0.0028291854050621623,0.045350048822001554,1578,946000000,30.06,0,2,1
-4.451328444544774,-4.969804777275899,5.425779291565073,-7.312539165382243,0.4550154170677308,4.165564161531891,-0.4915243576250683,0.011739981129933436,0.00600061923223795,-0.870764015835038,-0.3507505113022586,-0.1585911503424022,-0.24810157812506456,-0.004462019523998606,0.0030635749226348707,0.0454063465440413,1579,16000000,30.4,0,2,1
-4.451328444544774,-4.969804777275899,5.425779291565073,-7.286614414821243,0.4376205949272153,4.146717891568732,-0.4899329007566679,0.011929984000783107,0.00610708141436328,-0.8716571182491979,-0.35010357118037577,-0.1595463850301145,-0.24138081955472152,-0.0040958715089800535,0.0035032131791012944,0.04568484291667119,1579,143000000,30.67,0,2,1
-4.373333832178479,-4.9605735065723895,5.481753674101715,-7.254085807847255,0.41613199691658054,4.123932819488464,-0.48793544902042896,0.012163670879628998,0.006203288865834657,-0.8727729154294438,-0.3490690689122634,-0.16053613119738958,-0.23302960924314137,-0.0032304302521879436,0.003750165251403814,0.04561773966997862,1579,225000000,31.13,0,2,1
-4.373333832178479,-4.9605735065723895,5.481753674101715,-7.227983113404023,0.39915513533479996,4.106333121034182,-0.4863348708037488,0.012348473264902755,0.006255538583270628,-0.8736628508099448,-0.34808834605268646,-0.1614547251945769,-0.22592495738899596,-0.0028922432193212444,0.004119800723856315,0.045885760118835606,1579,302000000,31.28,0,2,1
-4.295493840312087,-4.950118288582788,5.5358267949789965,-7.195256688313248,0.3782223117274413,4.085162209534829,-0.48432178654817026,0.012580464410106199,0.006287773238212821,-0.8747768874963028,-0.34668442837420754,-0.16252542698496447,-0.21698171418596068,-0.0020911602632622817,0.0043420390738901915,0.04591367505781818,1579,396000000,31.56,0,2,1
-4.295493840312087,-4.950118288582788,5.5358267949789965,-7.162429491329321,0.35762897147082645,4.064936431085702,-0.48229726506823856,0.012805512537253438,0.006279236387177291,-0.8758915104890269,-0.34512148498883427,-0.1639371668392176,-0.2074198569815328,-0.0013039059808761522,0.004647079504138674,0.046387874681386165,1579,471000000,31.91,0,2,1
-4.217827674798847,-4.938441702975689,5.5877852522924725,-7.129509336353229,0.3373917014741764,4.045681198127828,-0.4802637315655258,0.013022159198976336,0.006233358910795886,-0.87700531169956,-0.34333831378824997,-0.16509097513016757,-0.19789339509442225,-0.0005690247746770183,0.0049127395868708845,0.046320986075443216,1579,566000000,32.25,0,2,1
-4.217827674798847,-4.938441702975689,5.5877852522924725,-7.089889566917509,0.31360479995839197,4.02388631687068,-0.4778036884370244,0.013278213646792984,0.006130859357431847,-0.8783448849522972,-0.3410262848205572,-0.16682263468956712,-0.18611820967084156,0.00010806141546026993,0.005232681041889009,0.04664927182602696,1579,667000000,32.6,0,2,1
-4.140354498602954,-4.92554663077387,5.637423989748688,-7.056800084226826,0.2942130499907182,4.006801877173387,-0.4757562504768867,0.013485472899612402,0.006021245572407156,-0.8794531691651377,-0.3389179606209572,-0.1681335550557449,-0.17646348035937529,0.00042999315326142096,0.005328438010110403,0.046549045146093704,1579,763000000,33.02,0,2,1
-4.140354498602954,-4.92554663077387,5.637423989748688,-7.023631414012811,0.27522376251401387,3.99117534970132,-0.4736963108045621,0.013686153724151613,0.005890315349429412,-0.8805622059295247,-0.3373766147701819,-0.17036220627172233,-0.14518906899124845,0.0016996171893879364,0.005114360737934476,0.04683318475144915,1579,852000000,33.37,0,2,1
-4.0630934270713785,-4.911436253643443,5.684547105928687,-6.997015539256494,0.2603307300174596,3.9831089375329793,-0.4720468781910886,0.013745023015693837,0.005696337658628051,-0.8814478832407645,-0.33681650777820815,-0.1731016706641743,-0.08518428260560292,0.005887643101232243,0.003012355386999843,0.04680404672399163,1579,954000000,33.72,0,2,1
-3.9860635232174397,-4.896114053108829,5.72896862742141,-6.963646874928729,0.24210154662952907,3.9795974573412893,-0.4699754460407702,0.013572904612707661,0.005326219938074252,-0.8825590562451471,-0.33592929207756306,-0.17652632098253113,-0.013575719078311005,0.010796619153552456,-0.0009223089193710621,0.04736196351586841,1580,58000000,34.0,0,2,1
-3.9860635232174397,-4.896114053108829,5.72896862742141,-6.930197964198259,0.22431737540139737,3.9829886477400014,-0.46789896670411474,0.013094982576211743,0.004851071557553287,-0.8836716276385101,-0.33459348400205213,-0.17932411611926416,0.0537174046953518,0.01537077951070387,-0.0055782073104637675,0.04722046869574115,1580,132000000,34.36,0,2,1
-3.90928379301729,-4.879583809693738,5.770513242775788,-6.890011703207441,0.20362142176195516,3.9955725438464476,-0.4654113310726363,0.012161302344740058,0.00412747948686535,-0.8850013330767147,-0.3317798951623819,-0.18257513072138296,0.12962609990499555,0.02129421627614647,-0.0092735738689953,0.047192052807076834,1580,217000000,34.71,0,2,1
-3.90928379301729,-4.879583809693738,5.770513242775788,-6.856508700915438,0.18701761544774134,4.012711285620998,-0.4633508634690573,0.011134011866645834,0.003362317347908457,-0.8860985870230718,-0.32829403080160624,-0.18520865770892453,0.1887900519350102,0.02510232134227408,-0.011810735395556549,0.04653600735764485,1580,319000000,35.13,0,2,1
-3.832773180720472,-4.861849601988383,5.809016994374948,-6.823066273909208,0.17108500824583417,4.035409701042734,-0.46136506849461045,0.009939851809571278,0.002501595118626426,-0.8871511793041982,-0.3234902221537652,-0.18720539710409206,0.24323027705235592,0.027672382384480443,-0.013937176390754757,0.04437208190211095,1580,392000000,35.47,0,2,1
-3.832773180720472,-4.861849601988383,5.809016994374948,-6.783100862782006,0.15295798299810515,4.069197663317973,-0.45913572954153425,0.00843358973387272,0.0015099347846942736,-0.8883248147606312,-0.31579555425412253,-0.18932821148908896,0.30017973933585873,0.0259427315540961,-0.014845484383840812,0.04034596167912241,1580,494000000,35.8,0,2,1
-3.7565505641757255,-4.842915805643155,5.844327925502015,-6.750044195730197,0.1387544924430537,4.10206089483607,-0.4574718939851854,0.007185117430617545,0.0007342995061373225,-0.8891947486942051,-0.3080825391849818,-0.190382607892393,0.3408656312174426,0.024945460609160364,-0.014912777987774462,0.03575291266315617,1580,607000000,36.17,0,2,1
-3.7565505641757255,-4.842915805643155,5.844327925502015,-6.710746082943977,0.12284636381888724,4.1463662203617435,-0.4557252985666507,0.005717042509664271,-0.0001737293346969265,-0.8901020938574393,-0.29815311660193505,-0.1915410570960873,0.38373677764347625,0.02467140984663274,-0.014608981837227475,0.03065910132136196,1580,712000000,36.45,0,2,1
-3.680634750173135,-4.822787092288991,5.8763066800438635,-6.684807620047299,0.1129226332616246,4.178506034078187,-0.4547047786000603,0.004751133140835941,-0.0007858393028004804,-0.8906292009072788,-0.29138451553152916,-0.19190326651358017,0.4091561500574792,0.024897654111555312,-0.014425371682591503,0.027632338060357142,1580,818000000,36.74,0,2,1
-3.605044469803854,-4.801468428384715,5.904827052466019,-6.64630179242426,0.09904786078275166,4.23015082878061,-0.45335968010006356,0.003349329561618144,-0.0016957647949760665,-0.8913197556616904,-0.2809637482727775,-0.19252875109446427,0.4427883749840392,0.024214377117459662,-0.013485189174389234,0.023252866594702937,1580,923000000,36.91,0,2,1
-3.605044469803854,-4.801468428384715,5.904827052466019,-6.614596785387396,0.08838939625239273,4.275955082532994,-0.45244787544760345,0.0022278305936526102,-0.0024792113018552602,-0.8917846210185038,-0.2723230432608917,-0.1927112427600336,0.46711535010720295,0.024077928901533596,-0.012413118020049296,0.01855762347986456,1581,0,37.14,0,2,1
-3.5297983738384806,-4.7789650739916505,5.929776485888251,-6.589481072131355,0.08043735683472963,4.3141921656699775,-0.4518471183289604,0.0013742754087549428,-0.003117584388207505,-0.89208888217066,-0.26558587618486934,-0.1929472334840606,0.4846981210292725,0.023840278845455032,-0.011447639917605557,0.015735368106106762,1581,110000000,37.3,0,2,1
-3.5297983738384806,-4.7789650739916505,5.929776485888251,-6.552171149056221,0.06942390739977217,4.3739494645567145,-0.45122137869663576,0.0001892380362806432,-0.004066727243368064,-0.8924027640732635,-0.25608334095190277,-0.19363198130964415,0.5085292527221096,0.02287594325025566,-0.009663905257184524,0.007898644344095374,1581,221000000,37.41,0,2,1
-3.4549150281252636,-4.755282581475768,5.951056516295154,-6.521396125449682,0.061045969244956304,4.425674623025624,-0.4510075978111412,-0.0007207248873222685,-0.004897564347754184,-0.8925063815658241,-0.2483467749628264,-0.19405236842083612,0.5254207214249002,0.023080235951056238,-0.008008213899302064,0.002611252239148598,1581,334000000,37.52,0,2,1
-3.3804129090092543,-4.730426794137727,5.968583161128631,-6.484820476258268,0.05190639498888222,4.489736668855884,-0.4510106063981407,-0.0017114734916006988,-0.005941212172458131,-0.89249717409793,-0.2396088262350155,-0.1946949504911802,0.5432766524270307,0.023192024673335254,-0.005862314947080449,-0.004167556312495435,1581,424000000,37.57,0,2,1
-3.3804129090092543,-4.730426794137727,5.968583161128631,-6.44260261161796,0.042408401548111714,4.566839141737405,-0.45165894745074175,-0.002718717767762422,-0.007231999336722245,-0.8921572181779289,-0.23005172701936413,-0.1954899248072553,0.5608640723549903,0.022740337044524495,-0.003201621211701422,-0.014789220313105034,1581,536000000,37.6,0,2,1
-3.3063103987735447,-4.704403844771128,5.982287250728689,-6.406753438440242,0.035205413915779804,4.6346296917663095,-0.4525926803390772,-0.0034360825595381693,-0.008345966760949834,-0.8916716906344839,-0.22244109271796758,-0.19652638940677591,0.5735389345095747,0.021183557510084938,-0.001227858274432947,-0.01939582343766233,1581,646000000,37.53,0,2,1
-3.3063103987735447,-4.704403844771128,5.982287250728689,-6.377078063732645,0.02982689922788905,4.692146199582529,-0.4535351037269153,-0.003941957807176708,-0.00927179158955227,-0.8911814655482813,-0.21651052771132417,-0.1973614916264543,0.5826279507998154,0.021834694598510396,0.0004125778502839239,-0.024163668604160193,1581,758000000,37.42,0,2,1
-3.2326257811037165,-4.677220154149337,5.9921147013144775,-6.329977305305727,0.022307050173287504,4.784844294863059,-0.4556985486291558,-0.004604806869665988,-0.010878588368354777,-0.8900557762556713,-0.20743053828472952,-0.19962116532929294,0.5630600031374945,0.02045788751274813,0.0037235374975352897,-0.0351652670360636,1581,851000000,37.3,0,2,1
-3.1593772365766126,-4.648882429441258,5.998026728428272,-6.300696802419922,0.01828641000556179,4.837399898677796,-0.45736287013708443,-0.004781207961101883,-0.011776601493287532,-0.8891893255812675,-0.20199661844784011,-0.2030645050828405,0.5037362878028749,0.01535864748802851,0.007177728366514202,-0.03895414884027559,1581,957000000,37.02,0,2,1
-3.1593772365766126,-4.648882429441258,5.998026728428272,-6.265699340343886,0.014114332984263385,4.8928603708826905,-0.45951760650334944,-0.004609921419259703,-0.01264082070510248,-0.8880667360000836,-0.19593831737393758,-0.2075020501396283,0.4368342176191685,0.007781755675750901,0.011777464624174172,-0.041093288382398896,1582,67000000,36.96,0,2,1
-3.086582838174554,-4.619397662556435,6.0,-6.230801531949638,0.010613005385531015,4.940565546463676,-0.4617313243732515,-0.004014572045390029,-0.013261846913891429,-0.8869116025400998,-0.19053129747814532,-0.21259703020488424,0.37407861697716427,0.0028463508670029114,0.01606428068043897,-0.04198824790364597,1582,166000000,36.53,0,2,1
-3.0142605468261,-4.588773128419907,5.998026728428272,-6.201738144247043,0.008157100929463541,4.974746771501223,-0.46363947689900675,-0.0032742175034259774,-0.01369679958899872,-0.8859120230821874,-0.18683730472878018,-0.2169086013508586,0.32476961031484014,-0.0008953914516496297,0.01885876408778131,-0.04386263171909377,1582,254000000,36.24,0,2,1
-3.0142605468261,-4.588773128419907,5.998026728428272,-6.155155247085655,0.004813371931362164,5.019745490116481,-0.4668277818875337,-0.0017275006720024423,-0.014087225048593267,-0.8842343512269943,-0.18333479660968646,-0.22331633082797406,0.2526169703527764,-0.0090430006821407,0.02015770696743857,-0.0427959985245252,1582,362000000,35.99,0,2,1
-2.942428206974456,-4.557016383177226,5.9921147013144775,-6.125877577823706,0.0029107283274988223,5.042334630740472,-0.46861444659841367,-0.0006269758234388545,-0.014064564866708172,-0.8832906064006847,-0.1828717014484945,-0.22728065925740135,0.2116449143884857,-0.01233476068591699,0.019151480228174478,-0.037741826599813066,1582,471000000,35.58,0,2,1
-2.942428206974456,-4.557016383177226,5.9921147013144775,-6.090494183808572,0.0006126212502681999,5.0686648195777355,-0.4704671971434049,0.0006201770755870535,-0.013964236675495149,-0.8823067674491079,-0.18457693678406978,-0.22896444819024184,0.23824497902307323,-0.009167454663838726,0.016384262562496588,-0.03204705644748174,1582,590000000,35.35,0,2,1
-2.871103542174641,-4.524135262330099,5.98228725072869,-6.048846709341578,-0.0023096101091335092,5.104498351421948,-0.4721739062899889,0.0015983071541890922,-0.01402418528665963,-0.8813924040177218,-0.1887336870846613,-0.23043096282773776,0.2759587052863699,-0.0033811078992584953,0.00945268984651193,-0.02230036388937151,1582,726000000,35.11,0,2,1
-2.8003041507204247,-4.490137878803078,5.968583161128631,-6.01875407347753,-0.004667404817440048,5.1332715222101895,-0.47296605829674065,0.0018986054602720646,-0.014117165231610565,-0.8809654979863702,-0.19276038384326916,-0.23134244027185144,0.3014384568474728,0.000525773640447369,0.0036412062854651595,-0.013953835059510311,1582,843000000,34.89,0,2,1
-2.730047501302271,-4.455032620941842,5.951056516295155,-5.982236024455998,-0.007865817010300638,5.171065512317006,-0.4734418960696713,0.001839350715688034,-0.014241712496994064,-0.8807079887568023,-0.19763168937314216,-0.23206376019240477,0.3298480954830733,0.0027583181008594693,-0.0021633218693750678,-0.005100099815535941,1582,958000000,34.97,0,2,1
-2.730047501302271,-4.455032620941842,5.951056516295155,-5.9453061881348575,-0.011370507939039057,5.2120043025786655,-0.4735165203769197,0.0015160953156040293,-0.014324366131795703,-0.880667144226495,-0.2012198431807454,-0.2330384738374201,0.3542794542630648,0.004271734042049502,-0.005276414231047966,0.0011222346927297622,1583,110000000,34.74,0,2,1
-2.6603509286971345,-4.418828150443468,5.929776485888252,-5.901762212462312,-0.015613467765001261,5.263059752268982,-0.47330623366142877,0.000967348708386986,-0.01443384995593507,-0.8807791649381579,-0.20361791338029459,-0.2347019884186013,0.3776983532928359,0.0055263768445001915,-0.006790342149542994,0.004798998998012394,1583,222000000,34.74,0,2,1
-2.6603509286971345,-4.418828150443468,5.929776485888252,-5.876672048207111,-0.01802994982887893,5.293116172197662,-0.47311387219235235,0.0006119888624440363,-0.014506848881372877,-0.880881626976249,-0.20398401163807475,-0.23649489549195649,0.36774027676132126,0.0054179281505639665,-0.007032304938547895,0.00569649901080993,1583,330000000,34.78,0,2,1
-2.5912316294914213,-4.3815334002193165,5.904827052466018,-5.838784384506394,-0.021500950634047607,5.3327272244273765,-0.4728048575131326,0.00024746662534451316,-0.014442585369831454,-0.8810487598311972,-0.2027831154173088,-0.24084749372540576,0.30475606646791237,-0.0010689035434552352,-0.004633949038179708,0.005874573616893031,1583,450000000,34.81,0,2,1
-2.522706657837964,-4.343157572190957,5.876306680043864,-5.794254337898715,-0.025206701191146427,5.3696177653183605,-0.4723804320043491,0.00028326799427145187,-0.014069961814102938,-0.8812824084214875,-0.20060792256158436,-0.24602660384797476,0.23466060540814465,-0.007965991972014308,3.594099426962316e-05,0.009387381760461722,1583,555000000,34.86,0,2,1
-2.522706657837964,-4.343157572190957,5.876306680043864,-5.7494795969783885,-0.028476689580665442,5.397051886456312,-0.47156358899392503,0.0008167259172229754,-0.01344268950955227,-0.8817292150046375,-0.19860606285069718,-0.2507014549639805,0.16907936607006285,-0.01426108447049046,0.004102221464563627,0.017119268704846036,1583,705000000,34.91,0,2,1
-2.454792921248142,-4.303710135019717,5.844327925502014,-5.71087274188394,-0.030966629240062903,5.4135867909112605,-0.470447055773778,0.0015668471362208,-0.012737415727327915,-0.8823348972722459,-0.1981627356144322,-0.25450817867436554,0.11698180392099508,-0.017451782696298324,0.005749114825448487,0.025179312797263265,1583,819000000,35.02,0,2,1
-2.3875071764202582,-4.263200821770463,5.809016994374949,-5.671966833070522,-0.03328224959311017,5.424210879705349,-0.46890525167954167,0.002444506829848205,-0.01191398586995144,-0.8831647333733356,-0.19913736756014125,-0.25772367996919154,0.06913226504010395,-0.01917117497214349,0.006045811051080818,0.03261511446908116,1583,939000000,35.16,0,2,1
-2.3875071764202582,-4.263200821770463,5.809016994374949,-5.639280555084402,-0.03517858903121234,5.428940946943571,-0.46734281328161387,0.0032063822109065724,-0.011149654489369793,-0.8840000561040208,-0.20091275444717463,-0.25989415551550465,0.03247837116513017,-0.02111846479238011,0.005830977170262486,0.036685225131805055,1584,64000000,35.36,0,2,1
-2.3208660251050164,-4.221639627510075,5.770513242775789,-5.5929937169292545,-0.037928155596079684,5.429831135595094,-0.46510548898345605,0.004258637392396462,-0.009925047108889001,-0.8851893817511067,-0.2054309136838434,-0.26293771773902624,-0.014387491011231782,-0.02296682068845257,0.0038726160710211843,0.03500852362776641,1584,171000000,35.56,0,2,1
-2.3208660251050164,-4.221639627510075,5.770513242775789,-5.566210407276598,-0.039605860681828475,5.427571246444608,-0.4638865564479835,0.004830429544314287,-0.009146830173841327,-0.8858342199277582,-0.20844163961256465,-0.2645340541109272,-0.03902253530282338,-0.023596481696586125,0.0029579106922028586,0.03386475837032776,1584,298000000,35.85,0,2,1
-2.254885910009345,-4.179036806841354,5.7289686274214136,-5.525572242912798,-0.04233535689608813,5.42078511723034,-0.4621009068462306,0.0056270945973753575,-0.007922787043896231,-0.8867741071680771,-0.21341984621898202,-0.2663588078850888,-0.07263169491235139,-0.024371895960939582,0.0016950833582995983,0.03307545630377717,1584,408000000,36.01,0,2,1
-2.1895831107393473,-4.1354028713728095,5.684547105928688,-5.484361456051908,-0.0453535925816827,5.410268582208033,-0.4604133514181433,0.006372016894813156,-0.006626882562748084,-0.8876570439443968,-0.2189136135472955,-0.2678915908693458,-0.1030362508129226,-0.02466279565851437,0.0002444353569330815,0.028331350040389225,1584,542000000,36.25,0,2,1
-2.1895831107393473,-4.1354028713728095,5.684547105928688,-5.442593856255368,-0.04873895086942091,5.3964338149196465,-0.4591386946483813,0.007062725012212074,-0.005266126754384752,-0.8883209132408112,-0.2244363759277991,-0.26892725617084084,-0.13037913288667777,-0.026041269848064985,-0.0006563319686847535,0.020014616893604398,1584,625000000,36.48,0,2,1
-2.124973739783611,-4.09074858712512,5.637423989748693,-5.407369114648359,-0.051838857311863676,5.382564785381911,-0.45836623866937265,0.0076372753657487965,-0.00406847174742034,-0.8887212784730204,-0.22874086801063082,-0.26988020474545793,-0.15172582813205318,-0.026684271688282024,-0.001000596262201725,0.015330473524954868,1584,743000000,36.64,0,2,1
-2.124973739783611,-4.09074858712512,5.637423989748693,-5.371759695538881,-0.05516917562762789,5.36671157730716,-0.4577361560707611,0.008196623440723824,-0.0028392086781238116,-0.8890457612990552,-0.23282816117438604,-0.2709040593636412,-0.17169999471122138,-0.02690603560040472,-0.0014229777661967091,0.012987014906684635,1584,883000000,36.75,0,2,1
-2.0610737385376354,-4.045084971874738,5.587785252292473,-5.328575668126689,-0.05947018505757503,5.345322485535816,-0.4571025023584992,0.008828393189347791,-0.0013565478438157799,-0.8893691705862306,-0.23740301367126512,-0.27142379597088523,-0.19301294513364847,-0.02646430020831758,-0.002361817314522341,0.010760377881524619,1585,14000000,36.83,0,2,1
-2.0610737385376354,-4.045084971874738,5.587785252292473,-5.284943694695746,-0.06408002629908878,5.321602802072698,-0.45655184080022415,0.009396045164130073,0.00012391292829918871,-0.8896471860478098,-0.24156180617810796,-0.2717670284708179,-0.21228931772426435,-0.025866507894534152,-0.0032325101983587956,0.009373982265969971,1585,159000000,36.9,0,2,1
-1.9978988733705845,-3.998423292435456,5.535826794979001,-5.240927825743992,-0.06898161495498138,5.295812943167066,-0.4560686601448326,0.009907887024189932,0.0015832781792017277,-0.8898880290455761,-0.2452992347319994,-0.2718509617842371,-0.22958963390669834,-0.025051892589544877,-0.003765728661164758,0.008640424857730977,1585,253000000,36.96,0,2,1
-1.9354647317351192,-3.950775061878453,5.481753674101717,-5.196552602339172,-0.07411892769373517,5.268132206445374,-0.4555635353305295,0.010371332226807368,0.0030042926572057343,-0.8901377842618637,-0.248486010232489,-0.2718685036469094,-0.24526068912781557,-0.023799446535122115,-0.003979810344389989,0.01115018449127092,1585,377000000,37.02,0,2,1
-1.9354647317351192,-3.950775061878453,5.481753674101717,-5.159361214247538,-0.07854035397484221,5.24379111513436,-0.4549383745435521,0.010721036564233748,0.004136409297861705,-0.8904487772245967,-0.2506810719439734,-0.27154720828167805,-0.2568225990288404,-0.02265927669213852,-0.004048797427458339,0.016439791033917572,1585,496000000,37.07,0,2,1
-1.8737867183214725,-3.902152036691647,5.425779291565071,-5.129486020072693,-0.08213457459956744,5.223555713224359,-0.45423405569160946,0.01097086604269548,0.00501106123897928,-0.8908007364239682,-0.25223801089664416,-0.27133284139701896,-0.26546463267721476,-0.02185294852097286,-0.0042164437218161765,0.021649340669682715,1585,597000000,37.14,0,2,1
-1.8737867183214725,-3.902152036691647,5.425779291565071,-5.091983941074911,-0.08665377655724808,5.197365138295016,-0.45315652064507683,0.0112456194994751,0.006068474148992578,-0.8913393727758377,-0.2539969272628594,-0.2714204261638121,-0.27553919014907124,-0.020745436995639466,-0.004580987115332391,0.025568189084879123,1585,714000000,37.22,0,2,1
-1.8128800512565535,-3.852566213878948,5.36812455268468,-5.061833477923165,-0.09025926442185161,5.178041308105987,-0.45220953136558106,0.01139146968781064,0.006826117493937404,-0.8918128605713377,-0.2561855151199952,-0.27303754825193094,-0.231051648218119,-0.01564972353662597,-0.005700264637198416,0.026754940881801303,1585,826000000,37.35,0,2,1
-1.8128800512565535,-3.852566213878948,5.36812455268468,-5.0239448424142275,-0.09471821249108131,5.158976554722905,-0.45100372701231506,0.011294184511449997,0.0074873654190864055,-0.8924191946480664,-0.25860676925210213,-0.27569764375700795,-0.17628328753421588,-0.006938767137398827,-0.008995745520223863,0.027112299903819803,1585,951000000,37.46,0,2,1
-1.7527597583490806,-3.802029828000154,5.309016994374947,-4.978182857915161,-0.09995229431850758,5.143072089051663,-0.44957459071859496,0.01073375150091158,0.007954165620407818,-0.8931428806233678,-0.2610853357268177,-0.27898556596087126,-0.11464358648389923,0.0012956165960531507,-0.013738892994297203,0.026453602549736388,1586,44000000,37.61,0,2,1
-1.6934406733817435,-3.7505553481523,5.248689887164858,-4.932126786296331,-0.1050167401918124,5.1341917815849945,-0.4481944094339936,0.009719132818715311,0.008125321386326568,-0.8938463452751455,-0.2627118870287659,-0.28231854264184164,-0.05809701705888705,0.007817484174665879,-0.017227318494406063,0.026044153310067486,1586,147000000,37.78,0,2,1
-1.6934406733817435,-3.7505553481523,5.248689887164858,-4.87041761404321,-0.11137572477787508,5.132091050606742,-0.4462929842667152,0.008043966856120684,0.007954820089383238,-0.8948153930442149,-0.2627602491284081,-0.28612467953495574,0.008402050482231551,0.014104948786552995,-0.016835722090036143,0.02830403627740452,1586,268000000,37.95,0,2,1
-1.634937432451133,-3.6981554748930483,5.187381314585725,-4.816291452429922,-0.11634724562071838,5.138076768399522,-0.44442558995945447,0.006566322068883105,0.007458035730202898,-0.8957606578248039,-0.2605874301071019,-0.2889892621083368,0.05720279133478702,0.017318970094493125,-0.01393183192703873,0.03179501072736457,1586,393000000,38.2,0,2,1
-1.634937432451133,-3.6981554748930483,5.187381314585725,-4.785366338367548,-0.11887522846025066,5.144255603937696,-0.44326810753907664,0.005754543461555953,0.007046470494259187,-0.8963429127972441,-0.25886407722058125,-0.29006518505503565,0.0763870528795532,0.018365343566983938,-0.012536953363451175,0.03290520362497773,1586,514000000,38.45,0,2,1
-1.5772644703565604,-3.6448431371070606,5.125333233564308,-4.746818849981865,-0.12170463134086926,5.150380566116068,-0.4417976652962682,0.004930715635762694,0.00659914377122407,-0.8970768987570533,-0.25582807821975917,-0.28952039817912995,0.03869327858238427,0.01255437709914986,-0.00885843664946151,0.03300857024441939,1586,627000000,38.6,0,2,1
-1.520436017038429,-3.5906314888159447,5.0627905195293135,-4.708421749020078,-0.12414311717167696,5.152691427733471,-0.4405398094494819,0.004465343478530452,0.006334056050144869,-0.8976996250037015,-0.25220243652663393,-0.28948663054706464,0.0008704985854267125,0.006071674897611956,-0.0031454173495149007,0.023336308004218154,1586,730000000,38.8,0,2,1
-1.520436017038429,-3.5906314888159447,5.0627905195293135,-4.655020124453256,-0.1267946994853041,5.149578904057482,-0.439516446074532,0.004502970565053698,0.006176030608739885,-0.8982020226719727,-0.24554523926467717,-0.28957985916526596,-0.05136144649981844,-0.0014825636071691406,0.005259437602944672,0.011178228214703267,1586,816000000,38.98,0,2,1
-1.4644660940672658,-3.5355339059327417,5.000000000000004,-4.602013256131212,-0.12852679449941115,5.139324801519542,-0.43904882536255474,0.0051670709456259276,0.0062404845197530055,-0.8984266729558746,-0.23915917196593206,-0.2905606125632804,-0.10144631635819057,-0.00784919502621051,0.00996424387267325,0.004872836416325299,1586,900000000,39.13,0,2,1
-1.4644660940672658,-3.5355339059327417,5.000000000000004,-4.541766314544692,-0.12952956475231836,5.119581167505536,-0.4388219899765091,0.006335645994844041,0.0065996882311627186,-0.898527442440205,-0.23306687760629768,-0.2913434687729357,-0.15275672810045715,-0.012455291744117858,0.011714215725078247,0.0017353868656755367,1586,988000000,39.2,0,2,1
-1.409368511184057,-3.4795639829615728,4.937209480470687,-4.49675500554393,-0.12975319913819344,5.1001176810662585,-0.438751795621384,0.00730968140977811,0.0070321586072089265,-0.8985510442607152,-0.22969937260602266,-0.29226235299034353,-0.16972390721996425,-0.013757438955508405,0.010675962130335392,0.0006543767597122496,1587,97000000,39.25,0,2,1
-1.3551568628929438,-3.422735529643445,4.8746667664356975,-4.444248609713652,-0.12954482666338263,5.081557995141165,-0.4387302404283431,0.00811776220261044,0.0073307536023289425,-0.8985522456274493,-0.22764515975753233,-0.2953870381018932,-0.11476745201066119,-0.003920717790606432,0.005607342654911918,-0.0003999459295300767,1587,202000000,39.27,0,2,1
-1.3018445251069535,-3.3650625675488683,4.812618685414277,-4.4066972107145075,-0.12916873468410078,5.072949093482656,-0.4387689700929566,0.008254736668650054,0.007292894410779298,-0.8985323944617747,-0.22698398982773318,-0.2976415490065626,-0.0773408068432393,0.0025761535653145984,-4.0056997230308866e-05,-0.0015151314300965169,1587,337000000,39.28,0,2,1
-1.3018445251069535,-3.3650625675488683,4.812618685414277,-4.369062250743884,-0.12864689633916035,5.067975793720959,-0.4388727025978254,0.007989957164115482,0.007124191190427146,-0.8984854797930117,-0.2267035402681028,-0.299972288267035,-0.04187663352565071,0.00745089705560531,-0.0056687659707677085,-0.0026993524443241768,1587,485000000,39.29,0,2,1
-1.2494446518477016,-3.306559326618258,4.751310112835144,-4.331324483879364,-0.12798156516229775,5.066373248151426,-0.4390332174947539,0.007382931381948381,0.006846533150013928,-0.8984144095261603,-0.22638103324623682,-0.3025083504836882,-0.008980902159867524,0.012076496659574332,-0.010498212213860825,-0.003849990321214136,1587,622000000,39.28,0,2,1
-1.2494446518477016,-3.306559326618258,4.751310112835144,-4.293510178689195,-0.12712858357390833,5.06776276780907,-0.43925586455275833,0.006611666821473156,0.00651998011416443,-0.8983140103422419,-0.22497659128181424,-0.3048354396999022,0.019501746557286214,0.013664197103935294,-0.011430079757701606,-0.00536006741640449,1587,716000000,39.26,0,2,1
-1.1979701719998475,-3.247240241650921,4.690983005625055,-4.255693695125286,-0.12604853658287019,5.071770422155182,-0.43954534171936466,0.005824381877278958,0.006141737352970031,-0.8981805209482343,-0.22277842947142182,-0.30652633354950753,0.04482593509622816,0.014240150721889222,-0.01038177097143489,-0.006975965061428724,1587,809000000,39.23,0,2,1
-1.1979701719998475,-3.247240241650921,4.690983005625055,-4.217936136078878,-0.12469826546898162,5.078022306481082,-0.4399224480111954,0.005080692754892146,0.005681406606163717,-0.8980034231092566,-0.2197690454729476,-0.3081191814749852,0.06621991845328096,0.015060409805300878,-0.008587898628320545,-0.00928276695049135,1587,906000000,39.19,0,2,1
-1.147433786121053,-3.1871199487434483,4.631875447315322,-4.1802981692267,-0.12305160200878935,5.085127238243926,-0.4404177180298603,0.004429560383661234,0.00518794868836249,-0.8977670621205618,-0.21603255746513406,-0.30863615639349823,0.05020323959693572,0.012693513963313308,-0.006361019177347771,-0.012329304354352644,1588,55000000,39.14,0,2,1
-1.0978479633083538,-3.1262132816785293,4.574220708434931,-4.142830531176799,-0.12109305466323247,5.087904978699474,-0.441080894461217,0.0040571050047048095,0.004912740770939091,-0.8974447333504114,-0.21181959001150577,-0.3088987037596559,0.0015317066668924636,0.0046726540404051775,-0.0026999001420335844,-0.01636354863876477,1588,196000000,39.07,0,2,1
-1.0978479633083538,-3.1262132816785293,4.574220708434931,-4.098117572696599,-0.11832279197618768,5.084982246242947,-0.4421094390667972,0.004070668870898236,0.004897236535964183,-0.8969385099421787,-0.2064059441116041,-0.309167300706776,-0.054037938197647496,-0.0033083137623179937,0.002597945194793283,-0.02106153333443217,1588,338000000,38.99,0,2,1
-1.0492249381215486,-3.0645352682648825,4.518246325898285,-4.061069239183225,-0.11563550525745053,5.077560480026032,-0.4431118434990244,0.004438671470853148,0.005082396954671968,-0.8964409414945664,-0.20158918568076975,-0.30972811419576834,-0.09879138994976411,-0.009624606718716677,0.006366854449879611,-0.023248612160386983,1588,468000000,38.85,0,2,1
-1.0492249381215486,-3.0645352682648825,4.518246325898285,-4.016827081574776,-0.11195353076382245,5.062958753489615,-0.4443873839923286,0.005225819520825196,0.0055748715144635546,-0.8958021347185926,-0.19620861947335672,-0.3103411510161645,-0.14960074947406676,-0.015382110996142728,0.008834754589770455,-0.02428451207379112,1588,613000000,38.72,0,2,1
-1.0015767075645505,-3.0021011266294244,4.464173205021007,-3.965434657874832,-0.10717519783790735,5.038807503314617,-0.4459195384345339,0.006340891123264046,0.006390235234688013,-0.8950277779129207,-0.1913801421309938,-0.3106726459676879,-0.20235885292285616,-0.018744774570222944,0.00821727571747033,-0.024813285745040048,1588,717000000,38.55,0,2,1
-1.0015767075645505,-3.0021011266294244,4.464173205021007,-3.9287942745133506,-0.10352416082323955,5.017363968420645,-0.4470252488758899,0.00713029118243617,0.007105974970069547,-0.8944646951863595,-0.1886736260759834,-0.31080716014940346,-0.236010757549222,-0.019997774506919086,0.006596921184609528,-0.025122576334979385,1588,821000000,38.14,0,2,1
-0.9549150281252636,-2.938926261462367,4.4122147477075275,-3.877538530195658,-0.09819378785723855,4.982217458166839,-0.44861241034921207,0.00812017951578378,0.008244837772722615,-0.8936514928177556,-0.18571765860969325,-0.31081287557492715,-0.2776330378821563,-0.021131167886778712,0.0034440630543031148,-0.02631006846058881,1588,898000000,38.2,0,2,1
-0.9092514128748839,-2.875026260216394,4.362576010251312,-3.8409066826027427,-0.09427019608416175,4.953842070600963,-0.44981142167016186,0.008702663481830969,0.009139558006171994,-0.8930343873910127,-0.18446930800334518,-0.3106114527962208,-0.30372944617670966,-0.02072872593998909,0.0006015073807930094,-0.027860275804414414,1589,2000000,37.98,0,2,1
-0.9092514128748839,-2.875026260216394,4.362576010251312,-3.7969033288648717,-0.08958660610401566,4.9166787888796994,-0.45134629891449984,0.00924973124773058,0.01028769079295325,-0.8922416289022701,-0.18360692458167846,-0.309971035692964,-0.3315960870447175,-0.021464895144163165,-0.002011193896578334,-0.029815723974024877,1589,104000000,37.81,0,2,1
-0.8645971286271923,-2.8104168892606545,4.315452894071313,-3.7601904826461854,-0.08563378787900254,4.883344378615849,-0.452702295398738,0.009608534531124695,0.011308015916260392,-0.8915382417938758,-0.18201394033223095,-0.31016409086168567,-0.3527095742414238,-0.021222577925072983,-0.004353289523351123,-0.03009328975167591,1589,217000000,37.6,0,2,1
-0.8209631931586472,-2.745114089990657,4.271031372578587,-3.7087435813983007,-0.07987945168481662,4.833456072842211,-0.4544378464999231,0.009962055268255356,0.012807363660773712,-0.8906306600153653,-0.17942786000928426,-0.31033930245786995,-0.3789366803741327,-0.0215045361983357,-0.006540638742080773,-0.025335753525723703,1589,309000000,37.4,0,2,1
-0.8209631931586472,-2.745114089990657,4.271031372578587,-3.6793464110662972,-0.07646994217762533,4.803450907875634,-0.4552645581863717,0.010118963097431257,0.013690279235187749,-0.8901934424043254,-0.17792943220429644,-0.31020040976811564,-0.39219025977393734,-0.021203890901233535,-0.007270525748026557,-0.021992367510392796,1589,404000000,37.15,0,2,1
-0.7783603724899262,-2.6791339748949854,4.229486757224212,-3.635273108617577,-0.07113955353006703,4.756623864419286,-0.4563436120089447,0.010293580811016645,0.01501095562307741,-0.8896174577783412,-0.1754016036197645,-0.3101607646738992,-0.4104114973012364,-0.020755086552526336,-0.008051056556723779,-0.019238880668126512,1589,531000000,37.02,0,2,1
-0.7783603724899262,-2.6791339748949854,4.229486757224212,-3.591224268508621,-0.06549694675224577,4.707798687495953,-0.45734606884367546,0.010420691667812688,0.016312723197665645,-0.8890781054329684,-0.17258679487135362,-0.3104127707277337,-0.4266838476697833,-0.0202675228138105,-0.008634831374365604,-0.01884030662040459,1589,639000000,36.85,0,2,1
-0.7367991782295382,-2.6124928235797436,4.190983005625052,-3.5398949183052086,-0.058536484306185535,4.648691490588184,-0.4585409233341433,0.01052854243457,0.017807725201163107,-0.8884324714604002,-0.17010497761672566,-0.309997303348768,-0.44278352428768486,-0.018596341396914795,-0.008818373225949472,-0.019618668375187553,1589,761000000,36.69,0,2,1
-0.696289864980284,-2.5452070787518597,4.1556720744979865,-3.4959230428793124,-0.05251688259612221,4.59640951699773,-0.45959514871284624,0.01058615084887647,0.019001509209536395,-0.8878621375740614,-0.17115515256769384,-0.3078959477747366,-0.45482210725712335,-0.017652951828495134,-0.008679479105921928,-0.019798255198111292,1589,881000000,36.5,0,2,1
-0.696289864980284,-2.5452070787518597,4.1556720744979865,-3.4446015305647477,-0.04612413240834041,4.533796720686405,-0.46084016611115286,0.010639868553258606,0.020324763331658346,-0.8871865860636793,-0.17661572297434408,-0.30321119768720506,-0.4669825972778982,-0.01673007482168032,-0.008400713795708725,-0.020723448324133642,1589,988000000,36.33,0,2,1
-0.6568424278090434,-2.4772933421620373,4.1236933199561365,-3.393155980809088,-0.04099448350658136,4.469644173045674,-0.4622559455959063,0.01068518152572039,0.02157308757738333,-0.8864196915397216,-0.18545781576215492,-0.2971438795164807,-0.47751974548197007,-0.015545205314992927,-0.00812772850622423,-0.025797568923735525,1590,134000000,36.13,0,2,1
-0.6568424278090434,-2.4772933421620373,4.1236933199561365,-3.3489163522958307,-0.0378810339609733,4.413593302356324,-0.4637551863100157,0.010727509019790353,0.0225637146964281,-0.8856110469613006,-0.19392313896939092,-0.2915089527361274,-0.4851037657150127,-0.014714928329340182,-0.007427026230288902,-0.030242156208259985,1590,211000000,35.9,0,2,1
-0.6184665997806844,-2.4087683705085805,4.095172947533982,-3.3119650039381945,-0.036266267574005064,4.366265077099858,-0.4651582683789548,0.010779364549615866,0.02332123524717617,-0.884854626842819,-0.20076032812044606,-0.28682941649396093,-0.490337693544307,-0.013219692482380196,-0.006470795096902293,-0.03242399288865272,1590,355000000,35.66,0,2,1
-0.581171849556533,-2.3396490713028677,4.070223514111749,-3.26756623300493,-0.035355578686271184,4.308882688626688,-0.46686649165137595,0.010866672149460998,0.024113744790366556,-0.8839321929433935,-0.20691385038784707,-0.2820756211482455,-0.49499010540600413,-0.01180601684609428,-0.004889987712886068,-0.030434380460064858,1590,459000000,35.43,0,2,1
-0.581171849556533,-2.3396490713028677,4.070223514111749,-3.230607370152294,-0.03520827090133467,4.260741465087052,-0.4680655630700994,0.010985177268015315,0.024673418306902097,-0.8832809162306823,-0.20885266722861967,-0.27922798915621516,-0.497259427239267,-0.009927792507369304,-0.0028489863325376064,-0.02519255103834439,1590,577000000,35.15,0,2,1
-0.5449673790581606,-2.2699524986977346,4.048943483704846,-3.186410939621347,-0.03519953853137044,4.202758929847204,-0.4693126793302289,0.01119575595767136,0.025179998792310088,-0.8826019667603495,-0.20675291336449858,-0.27810338152411557,-0.4990336297251514,-0.008328680087288376,-0.0002544011579175276,-0.022860254102852196,1590,666000000,34.93,0,2,1
-0.5098621211969228,-2.199695849279577,4.031416838871369,-3.142462928089322,-0.03472616335938688,4.144666389073123,-0.47046959365165697,0.011520858541635795,0.025551884903200303,-0.8819709362816905,-0.19857832254911903,-0.2798002181455812,-0.4997209544072504,-0.007898609783296706,0.0027363142635294935,-0.019158316172251943,1590,786000000,34.69,0,2,1
-0.5098621211969228,-2.199695849279577,4.031416838871369,-3.0989309718891933,-0.03309410312305454,4.0866325079661125,-0.4712648517607785,0.011974202720234237,0.02585015040999008,-0.8815315239331416,-0.18620236052324,-0.28286864798885586,-0.499407202367146,-0.008184797570720548,0.004600948523147963,-0.0125892600408406,1590,912000000,34.45,0,2,1
-0.47586473766990345,-2.128896457825365,4.017712749271311,-3.0701702746449655,-0.03117251396071146,4.048019654689111,-0.4716477480205054,0.012307606233807378,0.02604518886351802,-0.8813163862955475,-0.17715120529309708,-0.28533276019873793,-0.49899683499718084,-0.008197778424801072,0.004729159036287456,-0.009837804100243375,1591,43000000,34.26,0,2,1
-0.47586473766990345,-2.128896457825365,4.017712749271311,-3.027431201673005,-0.02696828757289502,3.99027050037507,-0.47180088015987764,0.012797003756537629,0.02633781645311817,-0.8812187501407931,-0.16345836951346154,-0.2889821471937708,-0.49768684478965464,-0.00836738727230113,0.004575087814373546,0.0014089910223447077,1591,172000000,34.16,0,2,1
-0.442983616822775,-2.057571793025546,4.0078852986855225,-2.9921936991768505,-0.02231074319364381,3.942370910372305,-0.471575073691974,0.013178063050283864,0.026634665134496666,-0.8813250723426771,-0.1530696397548142,-0.29131616473663036,-0.4957183664386677,-0.009092522122955415,0.003560820050552138,0.007199213814601535,1591,319000000,34.06,0,2,1
-0.4112268715800935,-1.9857394531739017,4.001973271571728,-2.957291488666108,-0.016664183911135777,3.8947412250191173,-0.4711647534751643,0.01350340480926233,0.026974116595469496,-0.8815292565622191,-0.14339675612475491,-0.2935369617703026,-0.4933416915330936,-0.009122391747951042,0.0021349954295146745,0.010339084656152409,1591,446000000,34.03,0,2,1
-0.4112268715800935,-1.9857394531739017,4.001973271571728,-2.9158271537967027,-0.008693146721240604,3.837992385783893,-0.47054891264243304,0.013797124201605608,0.0274345044889562,-0.8818393890829751,-0.13301347390044088,-0.29578360897330336,-0.4899301020387128,-0.009152773145615356,0.00012083914526783701,0.012160659025539644,1591,570000000,34.04,0,2,1
-0.38060233744356786,-1.913417161825452,4.0,-2.8747849526251077,0.0005016881175046035,3.78174052901843,-0.4698805206578368,0.013976296876755117,0.027940084487651756,-0.8821770293488466,-0.12335920079032536,-0.2981572833062447,-0.4861128546297337,-0.008665746008773567,-0.001773541362126707,0.012647791027120547,1591,653000000,34.07,0,2,1
-0.38060233744356786,-1.913417161825452,4.0,-2.8341167365726014,0.010869323018809189,3.7260229919083407,-0.46925136009635876,0.014052169867860221,0.02847532980016441,-0.8824935428446452,-0.11457713644154426,-0.30047268003274735,-0.48193586437244196,-0.008723756855033571,-0.00359361513346812,0.009319325636170106,1591,790000000,34.12,0,2,1
-0.3511175705587428,-1.8406227634233894,4.001973271571728,-2.78711865771149,0.02425571389855681,3.661759310424738,-0.4689620464204671,0.014035666149176045,0.02916899236379879,-0.8826249310875809,-0.10537049391502754,-0.30271482992815,-0.476483716539765,-0.008913097281038063,-0.005566304207604844,0.00026988970329711037,1591,895000000,34.18,0,2,1
-0.3511175705587428,-1.8406227634233894,4.001973271571728,-2.753811383142594,0.03448290093439023,3.6163849988178702,-0.46910039073593907,0.01396491363052051,0.029689792056818955,-0.8825351669176158,-0.102634391413791,-0.3024803193743783,-0.4721412372139408,-0.008189211348508252,-0.006848692282801494,-0.005937743890171987,1592,4000000,34.2,0,2,1
-0.32277984585066477,-1.7673742188962895,4.007885298685522,-2.720635031202556,0.044613798243045816,3.571471164014668,-0.46948713471534886,0.01382599121265052,0.030176593489275837,-0.8823151622346419,-0.10382211065812537,-0.3004291100537689,-0.46763954395799495,-0.006795591752961627,-0.00763366779210628,-0.010553531683399342,1592,133000000,34.17,0,2,1
-0.29559615522887306,-1.693689601226457,4.017712749271311,-2.680843473021309,0.0557659679231065,3.518166938624193,-0.47020074421619773,0.013596389025107488,0.0307665718528089,-0.8819182594778483,-0.11619892272096144,-0.2930627235338899,-0.4618587715853935,-0.007163397231124691,-0.008962241736298893,-0.016016662266338244,1592,238000000,34.11,0,2,1
-0.29559615522887306,-1.693689601226457,4.017712749271311,-2.647560480831199,0.06332202811580484,3.474239703364892,-0.4710598022891527,0.013376974515801845,0.03125761128132813,-0.8814457901408873,-0.13255007766720286,-0.28414533242955126,-0.4567361035291618,-0.006118181181591353,-0.009096824123844272,-0.02167108432331588,1592,338000000,34.01,0,2,1
-0.2695732058622733,-1.619587090990748,4.031416838871369,-2.607369302521709,0.06971158244695189,3.422128688446075,-0.4723372941955175,0.01310912034443828,0.031717966225337,-0.8807494547794965,-0.15432336521226758,-0.2728558442406016,-0.45030598820436074,-0.0037199847611191217,-0.007525615501435823,-0.025087745416385587,1592,443000000,33.88,0,2,1
-0.2695732058622733,-1.619587090990748,4.031416838871369,-2.5668735387491037,0.07307006582018218,3.370705738967163,-0.4736858604511335,0.012895313356716339,0.031985240353693406,-0.8800183866838339,-0.17565725279925407,-0.2619615251647757,-0.4433264936865803,-0.0009811828761030483,-0.004801132854481693,-0.025534137785143685,1592,547000000,33.67,0,2,1
-0.24471741852423268,-1.5450849718747381,4.048943483704846,-2.5329544697425748,0.07372404651076721,3.3284530764418934,-0.4748186599706207,0.012778057936483518,0.03203402070435108,-0.8794076318162067,-0.19086091758926862,-0.2539347027620936,-0.4366321616707284,0.0014351830827763479,-0.002240952244392247,-0.025833774452621583,1592,658000000,33.43,0,2,1
-0.2210349260083504,-1.4702016261615214,4.070223514111748,-2.492132892299407,0.07239010532840069,3.278612864053418,-0.47618444186885167,0.012709290164620935,0.031876554702209486,-0.8786755581702945,-0.20420280284543021,-0.24665910072298428,-0.4275584515913417,0.004722739276985521,0.0008989294940420223,-0.02454490659147268,1592,773000000,33.22,0,2,1
-0.2210349260083504,-1.4702016261615214,4.070223514111748,-2.458149495880476,0.07018299350178198,3.237914360137441,-0.4771498131055603,0.012714614594067059,0.031547132394573685,-0.878163522851372,-0.20808505354318627,-0.24367049291439638,-0.4189667802873583,0.006765572652511764,0.003929795730073238,-0.020240423691575415,1592,881000000,32.95,0,2,1
-0.1985315716152849,-1.3949555301961483,4.09517294753398,-2.4108868349812997,0.06690347240458114,3.1824547189550016,-0.47822252559635847,0.01287947797720738,0.03084879058547909,-0.8776022374508213,-0.2017597385101642,-0.2446339669061232,-0.4055291640020551,0.008693918425706215,0.008634210735181114,-0.013527095052268123,1592,996000000,32.73,0,2,1
-0.1985315716152849,-1.3949555301961483,4.09517294753398,-2.377522748882841,0.06539193678584508,3.144034797698356,-0.4786358064363715,0.013134571138843929,0.030215798489942942,-0.8773951523456339,-0.1892374288677167,-0.24849136045203063,-0.3955502654410016,0.00864935227582464,0.011819707742688479,-0.005576881585511728,1593,151000000,32.45,0,2,1
-0.17721290771101028,-1.3193652498268669,4.123693319956136,-2.3446575060190376,0.06542257260941167,3.106656923666364,-0.4786738494538514,0.013506704316123,0.02954238726472287,-0.8773916811448861,-0.17154747695882927,-0.25423629457728003,-0.38561941777218023,0.007708579823884065,0.013476439471560298,0.0024028484631344327,1593,244000000,32.29,0,2,1
-0.1570841943568455,-1.2434494358242767,4.155672074497984,-2.31235611945136,0.06740019551264512,3.070336021297841,-0.4783025609957269,0.013934242721897534,0.028923297742657512,-0.877608078741522,-0.15041563153275528,-0.26147564845852667,-0.37552529982530763,0.0063355206293636,0.013469657096720766,0.011972754600719782,1593,337000000,32.18,0,2,1
-0.1570841943568455,-1.2434494358242767,4.155672074497984,-2.2806116150175373,0.07143388563601176,3.036640644088354,-0.4775090820888903,0.014315017340296863,0.028351842499987474,-0.8780525780544284,-0.1304301516844436,-0.27172879829062846,-0.32301264846718303,0.008145869287545793,0.01173121727333637,0.02182819789595669,1593,459000000,32.14,0,2,1
-0.138150398011617,-1.1672268192795259,4.190983005625053,-2.2430922300683287,0.07893501309698228,3.0058835915895377,-0.47608831985012223,0.014433116276850193,0.027466456761002657,-0.878849924964338,-0.10840777503162125,-0.2859825040466486,-0.23390727125999553,0.015422341130033601,0.00759293875489675,0.030214557955332566,1593,571000000,32.16,0,2,1
-0.138150398011617,-1.1672268192795259,4.190983005625053,-2.2061642230551572,0.08914501086429065,2.9854934929218873,-0.4743750433372615,0.01409472582202724,0.02632595368491184,-0.8798162314514053,-0.08870998166676633,-0.2988749380836575,-0.1501605868314062,0.022500277373183053,0.0029272403708091588,0.034034476630040444,1593,684000000,32.26,0,2,1
-0.12041619030626372,-1.0907162069827165,4.229486757224209,-2.1698128138379404,0.10178327838901675,2.9747615673324765,-0.47255851947103256,0.013327528197697905,0.02493736888734288,-0.8808455882278469,-0.07122456913798712,-0.31010557493370794,-0.07176861716792768,0.029560068287537433,-0.0007092573014233494,0.03535710711730644,1593,795000000,32.42,0,2,1
-0.12041619030626372,-1.0907162069827165,4.229486757224209,-2.139954792909305,0.11402421294985071,2.9727432540055014,-0.47100691291735164,0.012436297931866437,0.023542990645716154,-0.8817275962956314,-0.05770888065507691,-0.318322072671096,-0.009911048322108498,0.036268288022256456,-0.0017983196471504925,0.036085964893572964,1593,912000000,32.62,0,2,1
-0.1038859468911717,-1.0139364767825623,4.271031372578588,-2.116362109000154,0.12484481223200092,2.975415179958662,-0.4697449766893329,0.011609260518964694,0.022218137819463656,-0.8824461662317855,-0.047678896828193304,-0.32394498144644657,0.03725100609328541,0.04087183697265573,-0.0017254721456083644,0.036453374195843935,1594,13000000,32.8,0,2,1
-0.08856374635655673,-0.9369065729286234,4.315452894071311,-2.081471541353433,0.14270061979181148,2.9861962443952095,-0.4678540042018693,0.010205615682130315,0.019776870422314387,-0.8835255239986701,-0.032895419609298704,-0.33133860669531573,0.10523468929923856,0.05107626966491807,0.00014518135937890975,0.03598080002120696,1594,139000000,32.95,0,2,1
-0.08856374635655673,-0.9369065729286234,4.315452894071311,-2.047241634942895,0.16238893995383447,3.001936968259469,-0.46604229179808576,0.0087098636901612,0.016831426808244607,-0.884559451705585,-0.01880804568632571,-0.3339268752131366,0.11273232352592266,0.054140212887432426,0.00286060740108951,0.033171299946843646,1594,265000000,33.19,0,2,1
-0.07445336922613066,-0.8596455013970484,4.36257601025131,-2.008236680489088,0.18752804498441364,3.0180204648142044,-0.464191170194599,0.007362261817425482,0.013688712261917311,-0.8855986527603296,-0.002641769282580386,-0.33620490916565826,0.09538497691856047,0.04308744209993165,0.005655527047565556,0.026799327133630868,1594,368000000,33.42,0,2,1
-0.07445336922613066,-0.8596455013970484,4.36257601025131,-1.9487200730405505,0.23081746180158513,3.037785329594879,-0.46307096042098295,0.006452095516358693,0.01004759533087031,-0.886240769715715,0.012062937948273122,-0.33538751867104744,0.06757680209723366,0.024958918038464617,0.010885798656090628,-0.0053745476634503575,1594,475000000,33.66,0,2,1
-0.06155829702431159,-0.7821723252011556,4.412214747707526,-1.9008097007071028,0.265261181155322,3.049475673567876,-0.46456828741064937,0.006747261538390999,0.007855879214327056,-0.8854767450113179,-0.00016538868844323957,-0.3238906492972,0.0493497764039577,0.016793723625596613,0.015491972953896038,-0.027206003142055124,1594,580000000,33.8,0,2,1
-0.049881711417212315,-0.704506159687915,4.464173205021003,-1.8688065539340455,0.2855266415131205,3.055606798903759,-0.46626425065675087,0.007215000121041798,0.006547346683480024,-0.8845918406723849,-0.024144395153042814,-0.30956632526669386,0.04892881345608297,0.014501466012006858,0.01759913157002302,-0.03533924864314031,1594,680000000,33.57,0,2,1
-0.0394264934276114,-0.6266661678215233,4.518246325898283,-1.8309912073175887,0.30464709384543226,3.069422294176318,-0.4686896545976213,0.007655665878504685,0.004735554152645916,-0.8833170285803316,-0.05401527511968122,-0.29485149820046097,0.13095443960847428,0.02583458790468285,0.016331904953403864,-0.044454901581048034,1594,796000000,33.3,0,2,1
-0.030195222724102244,-0.5486715554552288,4.574220708434925,-1.7981420935100423,0.31725411681648086,3.090029790606638,-0.47127430383465113,0.007607385413525526,0.002753447076136147,-0.8819495885602155,-0.07815959679428224,-0.28251444881249477,0.19718633655709417,0.032049739093054086,0.012490885183069622,-0.05176835402380675,1594,906000000,32.91,0,2,1
-0.022190176984599574,-0.4705415665925745,4.63187544731532,-1.7649850657444242,0.3267193095653685,3.1182204629377224,-0.4741378481018188,0.007182968112373566,0.0006536002589319087,-0.8804210803775512,-0.09885959195294367,-0.2708758770014133,0.25931296452523367,0.03499662925605662,0.007975995231390698,-0.055462788805016316,1595,18000000,32.48,0,2,1
-0.022190176984599574,-0.4705415665925745,4.63187544731532,-1.7261860701414609,0.3344880537871532,3.1599779696887844,-0.47756925583332255,0.006412054537320102,-0.001678618569475545,-0.8785691058073434,-0.11566044373371012,-0.25811362285664535,0.3253693923724598,0.031919819230097346,0.005492053787747864,-0.05359690039767884,1595,132000000,31.99,0,2,1
-0.015413331334360514,-0.3922954786392281,4.69098300562505,-1.6932270762482462,0.339167750668835,3.2025729896234623,-0.48022881618478197,0.005801259858216995,-0.003466938964605089,-0.8771172155556154,-0.1234825888301243,-0.2478682948686981,0.3755302521467459,0.02879615713027306,0.005514374606718775,-0.04615546204149723,1595,219000000,31.4,0,2,1
-0.015413331334360514,-0.3922954786392281,4.69098300562505,-1.6608258422014008,0.3427023332176437,3.250730428619659,-0.48241906876916973,0.0052511228075436565,-0.005134547969876744,-0.8759097580312095,-0.12582933636033777,-0.2388162811633062,0.41977756308337166,0.02790632515825564,0.005284069493427523,-0.036801498936256394,1595,334000000,30.93,0,2,1
-0.009866357858641983,-0.3139525976465663,4.751310112835146,-1.6344005574096943,0.34536245893275563,3.294576381064019,-0.48386054073828483,0.004780700457584156,-0.006479410047057497,-0.8751080729058733,-0.1215395463051027,-0.23356079069491176,0.45217802445077454,0.02812921975419158,0.0039302072536884225,-0.029250556508486625,1595,451000000,30.51,0,2,1
-0.005550625190149816,-0.2355322535482132,4.812618685414275,-1.608655245521323,0.3488309642559947,3.341368431897792,-0.48497149274025164,0.004192901874133046,-0.007788048503954431,-0.8744852297801639,-0.10765134917362344,-0.2323937108885373,0.4808916674496513,0.02812579314195318,0.0013432672972157889,-0.022589856962440535,1595,597000000,30.21,0,2,1
-0.005550625190149816,-0.2355322535482132,4.812618685414275,-1.5788133781007596,0.3555406777306188,3.4008102784342404,-0.4860248695453596,0.0033021456369436548,-0.009130551867364846,-0.8738910430026193,-0.0762980377876432,-0.2379275228189325,0.5094803929247601,0.024492492229910567,-0.004426033819981967,-0.018162488959205803,1595,801000000,29.97,0,2,1
-0.002467198171341778,-0.1570537953906418,4.874666766435696,-1.5549154821245006,0.36421190361494316,3.4526685835792157,-0.4867743641602219,0.002450445740079256,-0.010050396988080162,-0.8734664866109451,-0.04620028834739418,-0.24440090637384654,0.5305385975249124,0.023909158517199103,-0.006337437707770732,-0.016764915017120074,1595,980000000,29.71,0,2,1
-0.0006168375916972835,-0.07853658655910416,4.937209480470686,-1.531889348392172,0.3757536579254207,3.5064223271434525,-0.4875341697613934,0.0015999874779523745,-0.010959859405626509,-0.8730336504608217,-0.01741513474916846,-0.2502713143610021,0.549822631871674,0.0244024276980781,-0.005045643592893612,-0.018028862359642517,1596,114000000,29.53,0,2,1
-0.0006168375916972835,-0.07853658655910416,4.937209480470686,-1.5140684086140523,0.3869139312627022,3.5506463681107747,-0.4882007379052601,0.000981982623289514,-0.011747699623913786,-0.8726517442671121,0.0039422797733511955,-0.25417751089984064,0.5634811200718868,0.024879054763005115,-0.002530250958443503,-0.019884710127371363,1596,252000000,29.35,0,2,1
0.0,-1.2246467991473533e-15,4.999999999999999,-1.4925103202152143,0.4030943009370376,3.6073034871303054,-0.4891509959591125,0.00035145453938818794,-0.012820378300506535,-0.8721048202665473,0.028998095649838785,-0.258281837007827,0.5793649714590487,0.024830958318489138,0.0016289362520183204,-0.02333052980247885,1596,367000000,29.2,0,2,1
0.0,-1.2246467991473533e-15,4.999999999999999,-1.4717202397255285,0.42158891146012245,3.6653831951423337,-0.49026360466520996,-7.288534508113204e-05,-0.013968193197495517,-0.871462266657139,0.05232033801682919,-0.2616455575125452,0.5942208539779,0.023785286430211272,0.006196398226165911,-0.02721010969253257,1596,493000000,29.01,0,2,1
-0.0006168375916972835,0.07853658655910171,5.062790519529312,-1.4516742715209707,0.44222727119113425,3.724743662094473,-0.49154348087972627,-0.00029830511149249624,-0.01525159575887274,-0.8707194187828304,0.0739202284185532,-0.26405906892961795,0.607331128012842,0.02420589153189212,0.011291182181594195,-0.030938179770600982,1596,625000000,28.8,0,2,1
-0.0006168375916972835,0.07853658655910171,5.062790519529312,-1.4323430208193257,0.46484847533831836,3.785266441665233,-0.492981793886693,-0.0002978955649864997,-0.01659770896453005,-0.8698812437405574,0.09379880644509547,-0.26589760395940065,0.6197384312347334,0.023222886920848396,0.015547420116490684,-0.03443158930167556,1596,750000000,28.57,0,2,1
0.0,0.0,5.0,-1.4136763083154769,0.4892543991973007,3.846828714515953,-0.4945567265567731,-0.00015370389645291693,-0.018041321880235342,-0.8689580722321274,0.11140054486191911,-0.26688138053004,0.6306996866927304,0.023162083016359247,0.01865636368165724,-0.037304122088244185,1596,867000000,28.33,0,2,1
0.0,0.0,5.0,-1.3920785942862453,0.5206490106128423,3.921930009687342,-0.4966110913610089,0.00016556166770759044,-0.019815416408779117,-0.8677469364965273,0.13028723263152514,-0.26742507313665803,0.6427141495645223,0.022847683976578992,0.020918421978421975,-0.040724601785768755,1596,967000000,28.07,0,2,1
0.0,0.0,5.0,-1.3712710997457267,0.5540067215496541,3.998111423622832,-0.4988222601055222,0.0005658558356875024,-0.021670679668712844,-0.8664331562637061,0.1425532063410673,-0.2645439481742703,0.6485588743149033,0.023968793902895413,0.022759600506105926,-0.04328286922827829,1597,68000000,27.74,0,2,1
0.0,0.0,5.0,-1.3417389674109612,0.5991354198212382,4.107692054046644,-0.5022457677579331,0.0014302071605275923,-0.02379265620344622,-0.8643963516741071,0.10150612735999642,-0.22623986846022892,0.5982171943587782,0.00702352754160529,0.017727541126077995,-0.043532335985219106,1597,187000000,27.4,0,2,1
0.0,0.0,5.0,-1.323049297128627,0.6239010020638253,4.176010755852645,-0.5044002225544464,0.0020342117790006706,-0.024417660993383532,-0.863122271350401,0.07490573024090422,-0.20450577029551553,0.5666262763745022,-0.00021248073309720894,0.012179249642940704,-0.03928636397176888,1597,286000000,26.88,0,2,1
0.0,0.0,5.0,-1.307946400512484,0.6414339633480493,4.230277297073271,-0.5060069825146161,0.002481123565642368,-0.024523034715526682,-0.862177127068821,0.0532891957120004,-0.18822490257442057,0.5420504083897911,-0.00404635329687153,0.007777042264933698,-0.034287202288396657,1597,389000000,26.55,0,2,1
