x_ref,y_ref,z_ref,x,y,z,eta,e1,e2,e3,u,v,w,p,q,r,sec,nanosec,angle2,angle3,control_mode,std_test,x2,y2,z2
0.0,0.0,5.0,-0.16012829685762905,-1.0239652630592693,4.947290621188874,-0.693697055934029,-6.834498045393171e-05,0.0009905469909722363,-0.7202662068527739,0.11902077140110753,-0.028725990452808402,0.004718188304363546,0.00016624835836864804,0.00046123884658300085,0.004863748608840979,51387,334000000,4.79,0,2,3,-0.4027265005865164,0.8424496185979459,4.948825802489229
0.0,0.0,5.0,-0.14925885591721783,-0.9939921992974918,4.949040297898953,-0.6926907580794045,8.515505230686674e-05,0.000885553282335581,-0.7212341660067006,0.02424792559795727,-0.0354020057930518,0.00391444565915843,-0.0005605476189884939,0.0021264494534989353,0.010962756186927436,51387,703000000,4.85,0,2,3,-0.4027265005865164,0.8424496185979459,4.948825802489229
0.0,0.0,5.0,-0.13478198405723305,-1.003734350436628,4.950223073471229,-0.6909410119341814,0.00046938678232627724,0.0006733640940085331,-0.7229106751765495,-0.0756260604954966,-0.04209912032247803,0.0025422185854242483,-0.0007470014395494218,0.00240543001837068,0.015965296552167274,51388,62000000,4.79,0,2,3,-0.4027265005865164,0.8424496185979459,4.948825802489229
0.0,0.0,5.0,-0.11561434074402888,-1.0481095601839694,4.950915238317033,-0.6883628260396828,0.0008773305032827141,0.0004908781607546994,-0.7253658449751272,-0.15691413808335042,-0.046654197842741364,0.0007816444441966121,-0.0008786806120042456,0.0022125292161945254,0.022863896811031736,51388,441000000,4.59,0,2,3,-0.4027265005865164,0.8424496185979459,4.948825802489229
0.0,0.0,5.0,-0.09459339217218017,-1.1145326077185227,4.950949421686473,-0.6849654115350631,0.0012309075509530998,0.0003294331314831712,-0.7285744720624064,-0.2128920892351473,-0.0483436945268954,-0.001185582322598617,-0.0004864031211582187,0.001987601217479096,0.02962711532745743,51388,798000000,4.23,0,2,3,-0.34249339563675457,0.7421342521910748,4.95677002548564
0.0,0.0,5.0,-0.06522904343788982,-1.221985975588714,4.950011468192807,-0.6795368538892331,0.0015610164580226378,0.00010280586079033395,-0.7336397050766102,-0.2552866228183652,-0.045502255343925956,-0.00399935123985892,-3.908538559471708e-05,0.0015272442738023528,0.034138952833018266,51389,144000000,3.71,0,2,3,-0.34249339563675457,0.7421342521910748,4.95677002548564
0.002985000000000067,0.0,5.0,-0.03031024157175238,-1.3582606042296437,4.947910398221258,-0.6733639950487867,0.0017627790872745647,-0.00013600704433079744,-0.7393090046008574,-0.2180843917252604,-0.036740808282085854,-0.00376624301948012,0.0002844779004362863,0.0006886964513341809,0.0237863268921501,51389,508000000,2.86,0,2,3,-0.34249339563675457,0.7421342521910748,4.95677002548564
0.026595000000000202,0.0,5.0,-0.009732605410825173,-1.4306454305895935,4.946987144572347,-0.6703578353468654,0.0016229424669836471,-0.00018397930617278832,-0.7420361883347929,-0.13692267648539777,-0.029908025189826333,-0.0017466782140479636,0.0010218057013844373,-0.002032405791396741,0.015159896611294243,51389,901000000,1.86,0,2,3,-0.34249339563675457,0.7421342521910748,4.95677002548564
0.04704000000000026,0.0,5.0,0.0033811516234293886,-1.4624435975094006,4.946854903124456,-0.6687116052572345,0.0011991220508721402,-9.922124646180304e-06,-0.7435209149729084,-0.0500858065091359,-0.02496579278449211,0.00044077437347431626,0.000745134195767605,-0.002435575606796192,0.009502243756287498,51390,260000000,1.37,0,2,3,-0.32590780934932073,1.0942761725075796,4.955126105542779
0.1047600000000004,0.0,5.0,0.012655523739973447,-1.465416774799371,4.947417669513617,-0.6676690326664259,0.000824165079954311,0.0002079756628557383,-0.7444577491814588,0.024443378429325913,-0.022483084746132184,0.0021719080439766224,0.0002087729612298972,-0.002085576807075995,0.005132307842359296,51390,594000000,1.07,0,2,3,-0.32590780934932073,1.0942761725075796,4.955126105542779
0.14185500000000045,0.0,5.0,0.018483998130371753,-1.4454904417299885,4.9483886871104685,-0.6672509049130984,0.0005564399044962004,0.00040391241570837883,-0.744832704116867,0.07834252283728452,-0.022405261243604847,0.0030509099027321374,0.00016457512259648865,-0.0016291319639094581,2.21621491713897e-05,51391,86000000,0.87,0,2,3,-0.32590780934932073,1.0942761725075796,4.955126105542779
0.18432000000000054,0.0,5.0,0.022982317881533036,-1.4064853149048577,4.949654019036543,-0.6675386994950229,0.000347136962560004,0.0005740230771058286,-0.7445748012590337,0.11890215857288107,-0.023652487422523454,0.003460568024467872,-3.346640546908475e-05,-0.0013052303188487713,-0.003833470304925868,51391,519000000,0.77,0,2,3,-0.29782925716525743,1.1187267925420394,4.956228670614399
0.28500000000000064,0.0,5.0,0.02736059809249575,-1.3462780114281112,4.951262509318371,-0.6683650490527556,0.00018285713227897383,0.0007544195378000732,-0.7438330179678351,0.14720703693422527,-0.02588924889101222,0.0035754562965668105,-0.00016386593841843933,-0.0009311670112310821,-0.006162456293168361,51391,887000000,0.78,0,2,3,-0.2841823972465302,1.0904261375496571,4.957164640910177
0.3430350000000007,0.0,5.0,0.03217812333661258,-1.276825497287429,4.952884265683395,-0.6695539481091923,0.00010641211959400734,0.0009123588433678298,-0.7427628604401237,0.16168998807783438,-0.029586488524664944,0.0033254802565370416,-0.00040786898694022966,-0.0005867132074399706,-0.008869337398209609,51392,260000000,0.88,0,2,3,-0.2656081689114823,1.0426193474987087,4.958349403869865
0.4740450000000009,0.0,5.0,0.03874286348372271,-1.203145445352122,4.954368581074625,-0.6712010256534667,8.004950763749856e-05,0.0010345669350619348,-0.7412746497925499,0.16680732104479473,-0.034067695345723875,0.0029616893874951596,-0.0002569216974279698,-0.0003752443603843858,-0.011437390821811277,51392,625000000,1.08,0,2,3,-0.24675951647635366,0.9913467281577092,4.959397986168462
0.5468400000000009,0.0,5.0,0.04677246937608558,-1.135237247049034,4.955589200101803,-0.6730351693754972,8.74980892534977e-05,0.0011322282124673472,-0.7396096072841774,0.16608878283252723,-0.03927264648749459,0.00248849815816943,-0.000487410648020159,-0.0002635911954484982,-0.013630320063384715,51392,998000000,1.35,0,2,3,-0.2246635350707961,0.9338640191617615,4.96044653038106
0.624375000000001,0.0,5.0,0.05948940296397403,-1.0583664096486884,4.956731433046922,-0.6754881073183354,0.00015227330122428453,0.0012549259015975202,-0.7373697978933746,0.1610294686991466,-0.04612950523765259,0.0018875185429011762,-0.0006172035739382409,-4.011770862177855e-05,-0.015121557862585178,51393,451000000,1.66,0,2,3,-0.20256143505324717,0.880572811119549,4.961289691772574
0.7933050000000011,0.0,5.0,0.07764979874802354,-0.9967739275466376,4.957440790864801,-0.6770577861292498,0.0003830126887110941,0.0012656707590720313,-0.735928668839969,0.062636796251931,-0.05712114396376118,8.796835862549159e-05,-0.0007961863616401388,0.0018545491684562876,0.001901249549973727,51393,995000000,2.09,0,2,3,-0.20256143505324717,0.880572811119549,4.961289691772574
0.8845200000000012,0.0,5.0,0.10004304970623622,-0.9929195689296578,4.957175587662988,-0.6761770051604332,0.0007803718080480656,0.0011659465969537834,-0.7367378701279319,-0.047373560114247246,-0.06948350793611657,-0.001837325362203711,-0.0014721657748850703,0.0021960940557619324,0.011069327410950791,51394,416000000,2.37,0,2,3,-0.14473263605424014,0.7786461048916049,4.962397409560762
1.0800000000000012,0.0,5.0,0.1302807960041872,-1.0243746931014925,4.956255211622352,-0.6740536678772078,0.0012251114367103784,0.001090175948809534,-0.7386805557476459,-0.13392310452023187,-0.08155642794659963,-0.0037717351199166743,-0.0012995435213269957,0.0020928359390381956,0.023519099704572,51394,765000000,2.23,0,2,3,-0.12276986208526196,0.7870195604711235,4.962049826109123
1.1840850000000014,0.0,5.0,0.1808347788428075,-1.1046189345423312,4.954020801468356,-0.6682287965022365,0.001843483769354894,0.0010751368933425084,-0.743952768106568,-0.21220871716542358,-0.09470573108344024,-0.0064298446864677105,-0.0018318401430406084,0.0019888015231117606,0.042070329072885215,51395,148000000,1.88,0,2,3,-0.10113648310642005,0.8299236985318033,4.9611217493133495
1.2922800000000014,0.0,5.0,0.23340571161185653,-1.1967131695674484,4.951327166690845,-0.66097724305689,0.002363869534360746,0.0010800950955306297,-0.7504014456784595,-0.24214682451163427,-0.10184463328324393,-0.007679896114248906,-0.0014273337569647992,0.001960875374606985,0.04989735389244743,51395,501000000,0.96,0,2,3,-0.07094499367370875,0.9245392374029765,4.9590397843010035
1.5206400000000015,0.0,5.0,0.28427589541624276,-1.2782571740105408,4.948889013007031,-0.6543477256748316,0.002576199501856512,0.0010653699679890505,-0.7561886550902053,-0.19086085247215223,-0.104747576404433,-0.006490061443140566,0.0001942178400327066,-0.0008566936287479621,0.035705111440620385,51395,888000000,0.32,0,2,3,-0.07094499367370875,0.9245392374029765,4.9590397843010035
1.6406250000000018,0.0,5.0,0.3325430705746084,-1.3255112977101418,4.947276371709297,-0.6500777046371077,0.0023321173987404234,0.001267815014139993,-0.7598631007012234,-0.09742511673302567,-0.11085531598934084,-0.0036782880388736153,-9.65779996420224e-05,-0.001912910011014901,0.026247660207445733,51396,341000000,1.29,0,2,3,-0.010943402552344472,1.1260816381662633,4.953924529779952
1.7643600000000017,0.0,5.0,0.37693301966523624,-1.3401751409304505,4.946649201462282,-0.6468914358343241,0.002102650426177102,0.0015238450873054216,-0.7625776858796365,-0.02713262408260055,-0.12003113625498855,-0.0013706586173762023,-0.00047912539287153777,-0.001722655224511982,0.018556601389718708,51396,765000000,1.99,0,2,3,0.024940404477157858,1.2072575925277997,4.95183627944066
2.0227200000000014,0.0,5.0,0.42370999977298,-1.3312021828770948,4.946719283621394,-0.6452220947148908,0.001940816587769569,0.0018051428762030266,-0.7639904601380161,0.028672558605504807,-0.13068659654608514,0.0002733777912829503,-0.0007222789349725645,-0.001536249908440368,9.507811462583504e-05,51397,194000000,2.51,0,2,3,0.06412327164796859,1.2509327241663628,4.950593571688643
2.1571650000000018,0.0,5.0,0.4690284099643338,-1.3054449849987741,4.947269639393153,-0.6463983112052981,0.00184776502501114,0.002085090722019427,-0.7629950599001488,0.06714687612765155,-0.14208794694673915,0.0011758168524569695,-0.0010791650879582448,-0.001362649027214502,-0.01908541889861226,51397,615000000,2.78,0,2,3,0.06412327164796859,1.2509327241663628,4.950593571688643
2.2950000000000026,0.0,5.0,0.5169304606450277,-1.2678804183183432,4.948100567136023,-0.6500077052073966,0.0018046259583755593,0.0023611132388989715,-0.7599218062672223,0.09312000156763049,-0.1535585888224012,0.0016815382023064296,-0.0010141364555238397,-0.0012007502959932026,-0.0342064075084636,51398,79000000,2.62,0,2,3,0.06412327164796859,1.2509327241663628,4.950593571688643
2.5804800000000023,0.0,5.0,0.5708277534209044,-1.2204665453885108,4.949192599035055,-0.6556629514947719,0.0017904983047569948,0.0026186765286279707,-0.7550470387242262,0.10947189902715773,-0.16339968383415693,0.0018872475305911768,-0.0009714627026369271,-0.0009181945756608911,-0.04383237464935519,51398,516000000,2.08,0,2,3,0.21754161039863393,1.2304444851192284,4.950314930691018
2.727945000000002,0.0,5.0,0.6252821583475542,-1.1716744431538282,4.950295828921177,-0.6619412049314426,0.0018374092167650143,0.0028445518749777216,-0.7495481129760186,0.11766357776900564,-0.17311079402665513,0.0018626224476205391,-0.0013244557180769334,-0.0006689446195196069,-0.04899810337519739,51398,888000000,1.23,0,2,3,0.21754161039863393,1.2304444851192284,4.950314930691018
2.878440000000002,0.0,5.0,0.6875511395141223,-1.118661549579349,4.951521106255477,-0.6692516823950371,0.001922867506518052,0.0030528672191686024,-0.7430270305942489,0.12136313161590426,-0.18388243548139044,0.0018476290792527623,-0.0008857420539243321,-0.0005000899761853361,-0.055142245400929824,51399,239000000,0.27,0,2,3,0.34763999291807696,1.1459349275621384,4.951410353337524
3.188160000000002,0.0,5.0,0.7508825679755916,-1.068493966980243,4.952718879310371,-0.6767952272243395,0.00200479255577728,0.003203333010221782,-0.7361616261873397,0.1225690010512247,-0.1923779357533654,0.0016574890428668093,-0.0009541728786643944,-0.00037063824152028246,-0.05716253835998941,51399,724000000,0.86,0,2,3,0.34763999291807696,1.1459349275621384,4.951410353337524
3.347205000000003,0.0,5.0,0.8260008789271884,-1.0139030288651896,4.953953067614979,-0.6853128512399949,0.0021259280480774535,0.0033635523412733296,-0.728237916391951,0.12222111967934071,-0.20285370287437904,0.001076177097235235,-0.000998804023311095,-0.00029805040639985236,-0.06024305403116159,51400,146000000,2.03,0,2,3,0.49729880064193543,1.0457915227312615,4.952611573851071
3.5089200000000025,0.0,5.0,0.9238037310926236,-0.9509030514669409,4.955179759097804,-0.6958210636657848,0.002311288660145417,0.0035404991596844075,-0.7182027361194369,0.12129859040546775,-0.21587850709442527,0.0003318241033809093,-0.000982209689937008,-6.621164416742431e-05,-0.059840584435733035,51400,537000000,3.37,0,2,3,0.5850960227759651,0.9910870411559343,4.953124800005463
3.8400000000000025,0.0,5.0,1.021424049574304,-0.9062616588914189,4.955912988305201,-0.7007784519630981,0.00269449623379171,0.003633662178334711,-0.7133646314847851,0.03958798926798567,-0.2364063957504583,-0.0017638508043400717,-0.0020576738506861147,0.0023149342951001017,0.021574612583208364,51400,919000000,5.09,0,2,3,0.5850960227759651,0.9910870411559343,4.953124800005463
4.009185000000003,0.0,5.0,1.1216404776369766,-0.9120444219950228,4.955541666559095,-0.6938044670616286,0.0034496134478120676,0.0037063976442287608,-0.720145627126134,-0.08090985396318034,-0.2656228896122917,-0.004985335806253892,-0.0038028795870559406,0.0030285267712315544,0.07465753078577109,51401,276000000,5.92,0,2,3,0.803488603978595,0.8842784552921105,4.953399113075701
4.354395000000002,0.0,5.0,1.2239172753154732,-0.9534577980674639,4.954278496894341,-0.6820085489834629,0.004231278292479451,0.0038525588876384834,-0.7313218123285401,-0.17009759792202042,-0.2855566690527759,-0.008032106538234454,-0.0033967090985242976,0.0032140409530256875,0.10647758754203096,51401,648000000,4.8,0,2,3,0.9017412398269254,0.8950224868728294,4.952575190090802
4.530240000000003,0.0,5.0,1.373464776790638,-1.041704768641279,4.951392865721769,-0.6596533608181347,0.005335271921090729,0.004157666491339336,-0.7515395480240641,-0.24968036128629373,-0.2953964368075088,-0.011862643550458137,-0.004124870702071348,0.00354057851836842,0.14559382107108831,51402,11000000,2.92,0,2,3,0.994614693867082,0.9380857626943241,4.9513457146363145
4.887960000000002,0.0,5.0,1.5589512861932635,-1.1524665305340482,4.9472075258503025,-0.631866989741542,0.005909173909809938,0.004082245227789379,-0.7750435627837738,-0.22015740823206142,-0.2898650087104705,-0.011490968303221449,0.000775294154209405,0.0013170885608815297,0.1029678744089324,51402,367000000,0.67,0,2,3,0.994614693867082,0.9380857626943241,4.9513457146363145
5.069655000000004,0.0,5.0,1.6887891536755433,-1.2013315931560742,4.944856869015688,-0.6172618178055307,0.005747547011944241,0.004008085953989956,-0.7867266038654994,-0.15354742257149998,-0.29122649384772636,-0.009661567907611395,0.001190351827062841,-0.001302777047840209,0.08270774778793566,51402,751000000,4.93,0,2,3,0.994614693867082,0.9380857626943241,4.9513457146363145
5.438265000000004,0.0,5.0,1.8083043578778224,-1.2167792263041883,4.943190726371013,-0.6057583901511439,0.005289861078948774,0.0041394476774351254,-0.795620295809619,-0.0896736250359885,-0.2975238991596997,-0.0077977243939445565,0.0009719805120766978,-0.0020390628151290002,0.07260469792527147,51403,106000000,7.12,0,2,3,0.994614693867082,0.9380857626943241,4.9513457146363145
5.6250000000000036,0.0,5.0,1.9378690620013475,-1.2071022317893265,4.942028544137381,-0.5942110406034193,0.004846300612181348,0.004377945587870846,-0.8042826531685283,-0.04508116416911153,-0.309214316650574,-0.005999963856464034,-6.428610133113466e-06,-0.001781954472335201,0.06466388731496409,51403,474000000,8.85,0,2,3,1.531185950668678,1.1837387882897907,4.944941856396778
5.813235000000003,0.0,5.0,2.0370513672758745,-1.18687681570312,4.941604265367801,-0.5862972796707794,0.00461010659909596,0.004593801283438963,-0.8100698388148747,-0.025717857137856202,-0.3196604445228486,-0.0049915925423046105,-0.00043471553681229125,-0.0014177116213431873,0.055594226796529256,51403,860000000,10.59,0,2,3,1.667278986058792,1.1674235824808086,4.943956904157723
6.193845000000003,0.0,5.0,2.1565797256628008,-1.1540592079340226,4.941502702261413,-0.5795821218785148,0.004410712621487244,0.004819380114136997,-0.8148876506539319,-0.015630671927915618,-0.33100727973220495,-0.003983050223124444,-0.00018057393162962398,-0.0012227641718709492,0.021651591487170663,51404,242000000,11.78,0,2,3,1.667278986058792,1.1674235824808086,4.943956904157723
6.386040000000003,0.0,5.0,2.2790547193829025,-1.1167119321468615,4.941838735142451,-0.5778825931046924,0.004254221624823821,0.0049864940280214135,-0.8160935884212496,-0.014434092591042294,-0.34324002173935797,-0.0032110698643313647,-0.0003464147084741853,-0.0009703033015284745,0.0054973969781713095,51404,732000000,12.83,0,2,3,1.667278986058792,1.1674235824808086,4.943956904157723
6.579375000000004,0.0,5.0,2.4133045709808996,-1.0764650515654386,4.9424622633564015,-0.576774850783184,0.004161736430233219,0.005119313297392955,-0.8168765170362557,-0.020655091155607517,-0.3558680099626873,-0.0030142341962083965,-0.00023484092537273682,-0.00039236562940914155,0.012044404047628632,51405,174000000,13.18,0,2,3,2.042295791927235,1.0578972485357914,4.941900526414401
6.969105000000003,0.0,5.0,2.5314193848859796,-1.0430693853362443,4.943056030857035,-0.5744022815672414,0.004138741620714479,0.005181982024310158,-0.8185462948486446,-0.02902885892117547,-0.3639359293871991,-0.0030430272123752396,-0.00020642287523742198,-2.7262702140262718e-05,0.025361490042996593,51405,565000000,13.41,0,2,3,2.18885986826865,1.0106766596870185,4.941148976565915
7.165320000000004,0.0,5.0,2.667368109788315,-1.007276426644479,4.943764441201437,-0.5695658646921707,0.004165547662003329,0.005248218882927015,-0.8219183841408416,-0.04201569974575885,-0.37324244453286415,-0.003081936104079287,-0.0005016072236685432,0.0002814592050981446,0.035018350899918005,51405,936000000,13.81,0,2,3,2.18885986826865,1.0106766596870185,4.941148976565915
7.362315000000003,0.0,5.0,2.8157558316448856,-0.9715836269071779,4.944565941695885,-0.5630672143171256,0.004244171595639956,0.0053248265319438175,-0.8263830500385541,-0.057099686291070616,-0.3828491050359968,-0.003246635497265158,-0.0005495472805705504,0.0004800666715709667,0.045636102731805295,51406,401000000,14.57,0,2,3,2.464014064556593,0.9306116144767513,4.9392470918806275
7.758285000000004,0.0,5.0,2.9624673271587096,-0.9443442084893886,4.9451059178481875,-0.5519668872032306,0.004670132561000681,0.005619832390320114,-0.8338340139242002,-0.12726117104027787,-0.381929409128985,-0.005966507865004101,-0.004924697213937179,0.00386540002637048,0.125621679762844,51406,977000000,15.54,0,2,3,2.464014064556593,0.9306116144767513,4.9392470918806275
7.957080000000003,0.0,5.0,3.1574972884985666,-0.9531586854824011,4.9439941599570405,-0.5203566881789173,0.00597630862708253,0.006089374102377124,-0.8539063885026882,-0.2555381684435862,-0.3700940011706554,-0.011234826586277332,-0.004053923430547002,0.005381494520406704,0.18514940311433747,51407,364000000,17.14,0,2,3,2.464014064556593,0.9306116144767513,4.9392470918806275
8.156295000000004,0.0,5.0,3.379219077362833,-0.9879277094908366,4.941608686355701,-0.4814715613143376,0.006914150104387732,0.006265000173080008,-0.8764120491793224,-0.308554792673718,-0.35979769752118057,-0.01334915590987408,-0.0007358716686667321,0.003478465782791318,0.18066114716930315,51407,759000000,21.39,0,2,3,2.464014064556593,0.9306116144767513,4.9392470918806275
8.555625000000004,0.0,5.0,3.5576938367178177,-1.0083572894529425,4.939674950703678,-0.4509905740949797,0.007165192459393055,0.006391910710963416,-0.8924770616503055,-0.30080322033717344,-0.35413164773585576,-0.013519972930381402,-0.0005361378441648412,0.001107446030346182,0.1860029442468658,51408,167000000,26.42,0,2,3,2.464014064556593,0.9306116144767513,4.9392470918806275
8.755560000000003,0.0,5.0,3.721774032866545,-1.0118566416589219,4.937800468380916,-0.4198930330729521,0.007131960427581798,0.006773581402198097,-0.9075202997797039,-0.2841601128040096,-0.3487016545115882,-0.014016281469923004,-0.001984877530958329,0.0007513124614888511,0.204000438679941,51408,498000000,30.24,0,2,3,3.3367111919738415,1.0477415898407927,4.9301657116005435
9.155520000000006,0.0,5.0,3.90859409703525,-1.0003126774468902,4.9352007958704425,-0.3792854566862591,0.007175605342767077,0.007405971299731553,-0.9252222460702986,-0.28453978421969556,-0.3400439582313665,-0.015543529884324989,-0.0021747740674982197,0.001188730243484315,0.21505440963665023,51408,871000000,34.46,0,2,3,3.508819655514603,1.0584249084947441,4.928200984413789
9.355365000000004,0.0,5.0,4.094187209240481,-0.9773137137923191,4.932023622368019,-0.33949584866465,0.0072517344232302505,0.008064483450257526,-0.9405450256069638,-0.3023494616584135,-0.33454227110642354,-0.017504185174654695,-0.0023845095483920886,0.0011546609698598331,0.1792256662156433,51409,252000000,39.4,0,2,3,3.508819655514603,1.0584249084947441,4.928200984413789
9.555000000000007,0.0,5.0,4.266093406906677,-0.9502298702425713,4.928601138335679,-0.3080876835394789,0.0073459094558865875,0.00864920181624966,-0.9512902859661111,-0.32761440447734314,-0.3299508060876342,-0.01949939314654152,-0.0022960569822316756,0.00156805051574338,0.1783014100510627,51409,634000000,44.49,0,2,3,3.890406489414912,1.0236669693322034,4.922758619959958
9.953280000000005,0.0,5.0,4.501841168296245,-0.9117647268945889,4.923273896992734,-0.28041805742634,0.007470085679577525,0.009056951563780821,-0.9598061692433264,-0.3698711387046324,-0.32540069309660136,-0.02189536548988862,-0.0008577664516451478,0.0005181655978958588,0.02238728484371677,51409,974000000,48.45,0,2,3,4.073710140593707,0.9936427628465906,4.919498925229655
10.151745000000005,0.0,5.0,4.7469882939333905,-0.8865777322591722,4.916758488823314,-0.2836394602581209,0.007903858892733824,0.008685141934891817,-0.9588590897043507,-0.4527960942972675,-0.29938776957728946,-0.02831538836814803,0.001805797990073188,0.004636769472199376,-0.04664310654334258,51410,364000000,51.89,0,2,3,4.073710140593707,0.9936427628465906,4.919498925229655
10.546875000000004,0.0,5.0,5.078797107735114,-0.9096994594894462,4.904966714522292,-0.2921774656494223,0.009270394487867057,0.008310165768742488,-0.9562830802108839,-0.5265050361972761,-0.2725321769990624,-0.03415228141371958,-0.0010086352517646446,0.003721080747709493,-0.004283638145352597,51410,765000000,51.33,0,2,3,4.073710140593707,0.9936427628465906,4.919498925229655
10.743360000000003,0.0,5.0,5.351894940514525,-0.9441417825593732,4.895039415782493,-0.28314742896583056,0.010075735747081663,0.008976677133115906,-0.9589814556532584,-0.5315141932731823,-0.26254341183278973,-0.03450105508994143,-0.004705550509243039,0.002114330641234119,0.11339497068547644,51411,142000000,49.61,0,2,3,4.861153439690246,1.0282801829484773,4.903312165932461
11.133720000000002,0.0,5.0,5.678389793455184,-0.9742328077556873,4.883985613360423,-0.2596579804473778,0.010285760530238826,0.009738871692442384,-0.965596753670217,-0.5203754028597163,-0.25566704371695725,-0.03239674727026913,-0.0012109049407627026,-0.00019592708184745788,0.03269955086580012,51411,609000000,50.44,0,2,3,4.861153439690246,1.0282801829484773,4.903312165932461
11.327415000000002,0.0,5.0,5.989217185248209,-0.9872793770684443,4.874563839196978,-0.24902202658239636,0.01019330022384759,0.01047561393903374,-0.9683875197563954,-0.5037463063766857,-0.26837372961269174,-0.030654731419581093,-0.002376421753069735,-0.0005857364271832921,0.06107242879807018,51412,97000000,53.11,0,2,3,4.861153439690246,1.0282801829484773,4.903312165932461
11.711385000000007,0.0,5.0,6.2717254574884205,-0.9850368358422481,4.86661027566197,-0.22002753133390784,0.010095043334864648,0.011017692863974759,-0.9753792011310926,-0.4960396644100471,-0.251310121889715,-0.029383589135876447,0.0002486366540210838,0.0022573459091290715,0.198395513871219,51412,470000000,53.89,0,2,3,5.72438698086783,1.0899070044227677,4.885835251882555
11.901480000000008,0.0,5.0,6.525743675755241,-0.9734550741429281,4.859707434530471,-0.18735623644077026,0.009903937084987817,0.011223185718042025,-0.9821779842774451,-0.500724499844889,-0.2378910322759257,-0.02810661758622688,-0.00042470877019695763,-0.0015122737750061788,0.0339905011060182,51412,831000000,56.55,0,2,3,5.72438698086783,1.0899070044227677,4.885835251882555
12.277440000000006,0.0,5.0,6.759759356816299,-0.9539272888616255,4.853966021968601,-0.18787933105610644,0.009475026715112958,0.011355909300607205,-0.9820807625417647,-0.5019425535615645,-0.2547098237004698,-0.026849361431686963,4.9207253383087846e-05,-0.0024304071985170594,-0.024824945649015717,51413,243000000,59.71,0,2,3,5.72438698086783,1.0899070044227677,4.885835251882555
12.463125000000007,0.0,5.0,7.110793644949464,-0.922696170991222,4.846186898680687,-0.18772395219473353,0.00911554302057553,0.011714105187329177,-0.9821096702443619,-0.5137355432680288,-0.25100346658690964,-0.02594182055014286,-0.0009022113090395578,-0.00018007575590672786,0.03373762592673302,51413,665000000,59.0,0,2,3,6.447659069625664,0.9427350865373579,4.874412820073326
12.829455000000008,0.0,5.0,7.386954002911441,-0.9056262740675572,4.840046003816419,-0.1861485360756926,0.00902256274988725,0.011477444747290223,-0.9824131433059992,-0.5342835548791774,-0.23286137840197302,-0.027109242743005503,0.0020640332195398514,-0.00021144711865872523,-0.04465518723009154,51414,45000000,58.16,0,2,3,6.768532904759073,0.978535331478208,4.871423178695724
13.009920000000006,0.0,5.0,7.660108106060814,-0.9041935703351079,4.833010932925901,-0.20284111849204162,0.009114675406361924,0.010175664843037438,-0.979116366519392,-0.5657315643584302,-0.22190143847230734,-0.029980187430414577,0.006514303458970971,0.0018012166378866823,-0.10393369884695858,51414,544000000,58.26,0,2,3,7.031042193819277,1.053305097496857,4.870646551187489
13.365000000000007,0.0,5.0,7.956128071529616,-0.921250746424737,4.824632720942199,-0.22830781815786955,0.00952402190279478,0.009189881982585139,-0.9734990391592251,-0.5700958831817362,-0.24138436500519456,-0.03001118751544584,0.00040735577044870297,-8.321603672811761e-05,-0.1057032095559407,51415,24000000,56.38,0,2,3,7.29270191000165,1.1319318384915003,4.871004327482042
13.539435000000006,0.0,5.0,8.264248224099678,-0.9387957789942284,4.817284329615101,-0.24978736460507855,0.009647621893109436,0.009418919911545604,-0.9682068373148152,-0.5511968332096053,-0.26700747990275325,-0.026479056633297703,-0.0026274040692442213,-0.001251976971161639,-0.06359591134241782,51415,605000000,53.14,0,2,3,7.29270191000165,1.1319318384915003,4.871004327482042
13.881645000000006,0.0,5.0,8.56605307152217,-0.9540631459023547,4.812114903543466,-0.2527924461518952,0.009679425388574896,0.010242698753749988,-0.9674178905803469,-0.5284077893650512,-0.26527009251472355,-0.021612575087075814,-0.0030617945867561502,-9.760709005490753e-05,0.06033493082213681,51416,70000000,49.93,0,2,3,7.850040948684428,1.157406458600984,4.871743790176404
14.049240000000006,0.0,5.0,8.832955065376805,-0.9638359238426768,4.8094856041542355,-0.2381209661712198,0.00954138929386087,0.010989376292901205,-0.9711264598231895,-0.5127880400473702,-0.25278353843796836,-0.01697217814883787,-0.0023136334675655235,-0.0014002927173351054,0.052310196406324394,51416,626000000,48.75,0,2,3,8.12913009650729,1.1008472293573632,4.871644459238439
14.214375000000006,0.0,5.0,9.070563721421012,-0.9656408757780164,4.8086958118614875,-0.2293536060390714,0.0091371003742384,0.011420950287112878,-0.9732332704383696,-0.49938580291407453,-0.25402498732108025,-0.013390165588154526,-0.000446600458303692,-0.0020921006125718122,0.03286153805674985,51417,155000000,49.94,0,2,3,8.38765556645368,1.035842491587133,4.871553756392594
14.536905000000008,0.0,5.0,9.359569948011943,-0.9587101780173305,4.809257720007102,-0.2256193014056752,0.008481616473416895,0.011426951302040475,-0.9741116043858392,-0.4876560888038933,-0.26091930868170715,-0.010060040778932832,0.001149386059751123,-0.002415008452771872,-0.00713864014869614,51417,669000000,50.64,0,2,3,8.627003744269738,0.9730691617284595,4.871304217346101
14.694120000000009,0.0,5.0,9.635922924568991,-0.9469200929219221,4.810780482270708,-0.23053946643775053,0.00792065785067288,0.011067915062535662,-0.9729677892150275,-0.48455618792668453,-0.27110481248218404,-0.008360741310899835,0.0020000001313746907,-0.0017437914038964664,-0.033903212533914484,51418,128000000,50.82,0,2,3,8.627003744269738,0.9730691617284595,4.871304217346101
15.0,0.0,5.0,9.957014993055795,-0.9333090242955671,4.81303797677986,-0.230489676792563,0.007676077515273076,0.01102947524722066,-0.9729819820540409,-0.48100819928784855,-0.26487550044639124,-0.006995482734378196,-0.00027275628440293076,0.00017148878157513536,0.04577051513479091,51418,555000000,49.99,0,2,3,8.627003744269738,0.9730691617284595,4.871304217346101
15.0,0.0,5.0,10.22826653393683,-0.9231664069288144,4.815305454683447,-0.20605181240327564,0.0077734034497500245,0.01120301672361916,-0.9784460727196073,-0.4805964152032861,-0.23531295604220376,-0.006530196676067031,7.204336753829921e-05,0.003095192391810997,0.1699714281130582,51419,180000000,49.54,0,2,3,9.492168984554299,0.9506084924222932,4.886815783160981
15.0,0.0,5.0,10.515368648475118,-0.9110724711079673,4.81760163190132,-0.17751853900249287,0.0076193439333087165,0.010400338195416546,-0.9840330009069143,-0.49369468786021564,-0.20648289597031363,-0.006470301742755416,0.004662852961700992,-0.0011181984291397384,0.005052811411587754,51419,644000000,52.34,0,2,3,9.492168984554299,0.9506084924222932,4.886815783160981
15.0,0.0,5.0,10.782666343140143,-0.8992736760269873,4.819568780996457,-0.1819380560431635,0.0071098089111051544,0.009934283280428922,-0.9832341045733647,-0.4838772581391103,-0.21676399899668505,-0.005460102283623436,0.0005829473025187326,-0.00248328917678009,-0.028503063731477596,51420,118000000,56.1,0,2,3,10.028284790109906,1.1153030500780239,4.914057475646572
15.0,0.0,5.0,11.01323285885677,-0.8849180461922879,4.821697557697701,-0.19268740206105267,0.006497418185075192,0.009512404741803381,-0.981192571720719,-0.46753358882158463,-0.22716495239482715,-0.0036767170827338054,0.003331910875203903,-0.0037713730307586957,-0.08758110416238196,51420,591000000,55.7,0,2,3,10.29622770011264,1.1407790738681496,4.924775599487546
15.0,0.0,5.0,11.249085382191717,-0.870148228979806,4.824519648555432,-0.2157695780430003,0.005724452481834528,0.008938080749617178,-0.9763866194020903,-0.44615793548154825,-0.2396315437088427,-0.000925899082632301,0.002285418099745584,-0.0038996390230749967,-0.11128285696031526,51421,100000000,54.09,0,2,3,10.5229813625365,1.1146193897666754,4.930667998810993
15.0,0.0,5.0,11.47785481466169,-0.8586827376154341,4.8283038124281354,-0.24051890040775747,0.005030290263800226,0.008500882585953192,-0.9705941941521001,-0.42233149779735807,-0.2456245551916353,0.0023586824545091577,0.0020993439420635696,-0.003317143296044378,-0.10651539851096459,51421,589000000,50.74,0,2,3,10.5229813625365,1.1146193897666754,4.930667998810993
15.0,0.0,5.0,11.669136160830861,-0.8524530510737455,4.832478098658413,-0.25659751383229956,0.004627283529778443,0.008352045651731773,-0.9664711829514883,-0.39790113939411814,-0.2415910283182207,0.005175253223676529,-9.109482590474727e-06,-0.0014002351690578507,-0.03399902598175686,51422,47000000,47.12,0,2,3,10.975084417534546,0.9980158732473358,4.936343679805198
15.0,0.0,5.0,11.859770360887707,-0.8508970279160246,4.837500625590155,-0.2625930205033065,0.004354788183295944,0.007818748356824513,-0.9648651763728242,-0.3928505577699223,-0.2161520432199145,0.005945806181813237,0.004864015863859095,-0.0005286103998969338,-0.05162117522559129,51422,465000000,44.68,0,2,3,11.166062198726802,0.9379223396405203,4.937456870641428
15.0,0.0,5.0,12.038785908459664,-0.8653316568861855,4.8412724382871275,-0.27479010373583984,0.004244305350455875,0.007002421066779695,-0.9614693707342641,-0.41882669646190357,-0.18099346284629764,0.0010969278437258445,0.003021172778971959,0.0010403988540019782,-0.07137058200896718,51422,984000000,43.62,0,2,3,11.358322555579807,0.8922669997578028,4.94052150440114
15.0,0.0,5.0,12.221540639332625,-0.9066093495654781,4.84167593955029,-0.28986561184264553,0.004541078749836824,0.006276387610849878,-0.9570360038334162,-0.4640186502217948,-0.13978817498239188,-0.008869587000383207,0.002841389937202621,0.002779047053991235,-0.08897650841390714,51423,500000000,41.92,0,2,3,11.526717974355291,0.8846216934546821,4.947128058086079
15.0,0.0,5.0,12.48258386603092,-1.0063746125529927,4.836095993515474,-0.3143795340833043,0.005257503751999125,0.0055017801493483336,-0.9492668737605091,-0.4893298284338906,-0.11559714517988326,-0.017624231477613612,0.0008640204043786071,0.0018573249462860986,-0.09025292238220572,51424,63000000,39.9,0,2,3,11.526717974355291,0.8846216934546821,4.947128058086079
15.0,0.0,5.0,12.714608631518391,-1.1056007730925965,4.830164894121829,-0.3293979893608009,0.005576432108467725,0.005515856486349922,-0.9441585901410966,-0.42763034756824225,-0.1378903927310042,-0.011327843258287867,-0.0011997833894383803,-0.0009732316812005593,-0.017842913803178817,51424,576000000,36.69,0,2,3,11.878447321035175,0.9840849197019172,4.9767030042866764
15.0,0.0,5.0,12.874248477324276,-1.1570930088733882,4.82937722621754,-0.3283406774526588,0.005311325835098922,0.0057524459755156,-0.9445269179399288,-0.35493871198962396,-0.15689419006355781,-0.0018423457399083514,-0.0001358567473630501,-0.00195210186575423,0.03939010566682555,51425,110000000,34.57,0,2,3,12.03993171199344,1.0698907102488213,4.995760154623085
15.0,0.0,5.0,13.04132026573098,-1.186584068666938,4.8332025620970755,-0.31683898839069663,0.004712945785275085,0.006016745280583157,-0.9484485449162825,-0.27499468617137696,-0.17051745008462219,0.009045260823985466,-1.6228535759665874e-05,-0.0027512046699484927,0.05185385489312466,51425,606000000,34.45,0,2,3,12.154970484908368,1.1253960368743516,5.00889376576027
15.0,0.0,5.0,13.16821547929727,-1.1888487849236165,4.840180917802189,-0.30747504541516824,0.0040903799955972955,0.006187003708292399,-0.9515272388237477,-0.22167921815369343,-0.17864453343062023,0.016257736522642945,0.00046360163707959146,-0.002691333020266029,0.038661945654894225,51426,60000000,35.58,0,2,3,12.29449545590033,1.1467934384045049,5.018943800812326
15.0,0.0,5.0,13.2809062538887,-1.1755976642830461,4.849518012699017,-0.30125245579017396,0.0035174422138344735,0.006252206195028063,-0.9535174331905822,-0.1822683424591891,-0.18328049105814243,0.021188293813639753,0.0006645455187026528,-0.002318742554052733,0.02112255278916564,51426,511000000,36.55,0,2,3,12.29449545590033,1.1467934384045049,5.018943800812326
15.0,0.0,5.0,13.39175943945776,-1.1496718640206576,4.861489288789728,-0.2984216766055067,0.0030021922667372945,0.00622994221733203,-0.9544090724597709,-0.15140363897000556,-0.18455869726386825,0.024485870169141704,0.0008234859876665723,-0.0017507807456240698,0.004415399325807812,51426,972000000,37.24,0,2,3,12.29449545590033,1.1467934384045049,5.018943800812326
15.0,0.0,5.0,13.492683814949617,-1.1167676466898462,4.874437516607952,-0.2983836840521028,0.0026034867003636927,0.006087060202237099,-0.9544230438576964,-0.12962916908591438,-0.1828769725749414,0.026023402490171082,0.0012376496442811913,-0.0012530646927189082,-0.0035941198575528688,51427,371000000,37.58,0,2,3,12.683616007090889,1.0452824016122921,5.019091471254232
15.0,0.0,5.0,13.589803420147373,-1.0785988070318198,4.888202827397018,-0.29969142625725714,0.0022933443308494833,0.005865499600274223,-0.9540154010885307,-0.1129919334097044,-0.17879401639596526,0.0260636546985469,0.001203441422603646,-0.0007790370489146881,-0.007670580271224026,51427,789000000,37.64,0,2,3,12.81760147459043,0.9866854569065499,5.013031292369301
15.0,0.0,5.0,13.672746130077734,-1.0420374134120747,4.900493181825258,-0.30220503227647105,0.0020947573909104004,0.0056710577666741445,-0.9532237772748102,-0.10098976872119461,-0.1740246563507259,0.025116658959255182,0.0010119940952790785,-0.0006574736005404702,-0.019136505034111906,51428,194000000,37.6,0,2,3,12.81760147459043,0.9866854569065499,5.013031292369301
15.0,0.0,5.0,13.79459459069954,-0.9834353950539262,4.918615946680027,-0.3105794917576693,0.0018244905324546713,0.005292536739750057,-0.9505309251090693,-0.08531166950690183,-0.165518585536169,0.02255765877341106,0.00105029533870038,-0.00040581380744697526,-0.02905489891418256,51428,594000000,37.46,0,2,3,13.074283464224076,0.8618988935976218,4.997506358573748
15.0,0.0,5.0,13.886516543087202,-0.9485507731002992,4.9304270972316795,-0.32534691748204564,0.0016787660602422313,0.0043831045092638694,-0.9455830758977801,-0.1263898926263833,-0.13511531489815143,0.016504521180477617,0.00415309364143468,0.0009989019986278436,-0.09787489980226383,51429,156000000,36.82,0,2,3,13.074283464224076,0.8618988935976218,4.997506358573748
15.0,0.0,5.0,13.988555570344609,-0.9533809924935106,4.937484284462732,-0.3470686821646002,0.0018127920092826874,0.0032995843943174124,-0.9378321578984606,-0.1898945980944659,-0.10065141265915574,0.00835981556777256,0.0030438208568739356,0.002069243487312633,-0.0681166784488596,51429,666000000,35.34,0,2,3,13.074283464224076,0.8618988935976218,4.997506358573748
15.0,0.0,5.0,14.101698564304316,-0.984516848550347,4.941195011037571,-0.3592213507058709,0.0020204241323563965,0.0029547674542432017,-0.9332455241964283,-0.17726211320520918,-0.09987651274656152,0.0050675051690319516,-0.00017083995800248886,-0.0002418959311967228,-0.026940551833831705,51430,81000000,32.73,0,2,3,13.456391121181802,0.822576620095892,4.982750961355829
15.0,0.0,5.0,14.221365761818415,-1.0237613147007396,4.942909238298883,-0.3743965234463402,0.002023421007582689,0.002230505504054547,-0.9272638102740323,-0.23522776486405336,-0.06276912598381003,-0.0034148160810658656,0.0028597610935321427,0.001954055915120989,-0.09179659027722664,51430,550000000,31.13,0,2,3,13.528242111682998,0.9158682819353694,4.985698816753801
15.0,0.0,5.0,14.31934371795438,-1.0843411875876192,4.940734699742451,-0.391912698022865,0.002219994559939306,0.0019677667472527962,-0.9199976286092376,-0.21609162063132592,-0.06857213234217051,-0.0050530494316641285,-0.0009800823136174586,-0.0008700506214154302,-0.056992186728166416,51430,978000000,29.34,0,2,3,13.59833652283001,1.0502398895483651,4.990352121904159
15.0,0.0,5.0,14.392736327586103,-1.115790073861786,4.93962483954014,-0.3999800276867084,0.0020572577577212016,0.002250092385125778,-0.9165187844373494,-0.14954551595279802,-0.08959975349474474,-0.002135537044200847,-0.0010826996344803774,-0.001810993524031801,-0.02934132171503734,51431,376000000,27.28,0,2,3,13.651924328404125,1.1529660281023086,4.9937506974617785
15.0,0.0,5.0,14.450767927661952,-1.1243485781691158,4.939647858254194,-0.4042612538506454,0.0018246502493493998,0.0025244800260641217,-0.9146382543318257,-0.09286774743855189,-0.10317503491025452,0.0006180122754698836,-0.0006460391091422935,-0.001708288687041204,-0.023155555209086742,51431,846000000,26.37,0,2,3,13.702397120782358,1.2124849791048886,4.995875834472121
15.0,0.0,5.0,14.48450583128992,-1.1203868747959496,4.9402285261825485,-0.40707706038227404,0.001668173373620016,0.0026568279976115572,-0.9133884307199829,-0.06060702007123038,-0.10888395393427483,0.0022572703635508275,-7.203477920825208e-05,-0.0015135880062189244,-0.025953462318284437,51432,321000000,25.72,0,2,3,13.747059522129923,1.2323137310344388,4.996511001147893
15.0,0.0,5.0,14.524089918183007,-1.1047947113224839,4.941636485379042,-0.41215741087253766,0.001447860237981876,0.0027492482448439968,-0.9111073559123894,-0.023387844881810345,-0.11209828225882357,0.003912348675928593,7.899937415345448e-05,-0.0013562573258241173,-0.0363341056072386,51432,796000000,25.32,0,2,3,13.780393511110994,1.230162499842658,4.996233097421069
15.0,0.0,5.0,14.558250332731461,-1.0789445927215187,4.943620078810131,-0.41907356898726167,0.0012565185370147047,0.0028124359921880763,-0.9079470552522512,0.006333322840379484,-0.11230403344969778,0.005051638480261066,0.00013803427378888955,-0.0009921055607264861,-0.043528042078833096,51433,229000000,24.61,0,2,3,13.82814156971708,1.2096317512942711,4.9949625178541295
15.0,0.0,5.0,14.586292505177264,-1.0464449926930257,4.945968747114531,-0.4269616676628071,0.001120733383559432,0.0028297623504138685,-0.9042646021758883,0.028364898735414062,-0.11016693448479235,0.005825277417941312,0.00031424387429979106,-0.0007150398232624866,-0.048203572077909485,51433,941000000,23.71,0,2,3,13.87977103269289,1.1727230831888897,4.992762679581056
15.0,0.0,5.0,14.607252422591769,-1.0136430292926255,4.948239591276812,-0.4345495350929415,0.0010237951140582623,0.0028120089304778688,-0.9006429625550002,0.042912149265574615,-0.10685284493552868,0.006027062920016639,0.0004135631172630383,-0.0005584670418556925,-0.05054810244473629,51434,463000000,22.71,0,2,3,13.87977103269289,1.1727230831888897,4.992762679581056
15.0,0.0,5.0,14.627121039160214,-0.9744723196790106,4.95075018463861,-0.44329755498330636,0.0009231339656515198,0.002761038528412683,-0.8963697910102438,0.05423206758651623,-0.10224642416283339,0.00589915789411285,0.0006144732367374672,-0.000514966927767091,-0.051771726066363044,51434,984000000,21.78,0,2,3,13.87977103269289,1.1727230831888897,4.992762679581056
15.0,0.0,5.0,14.644191169117663,-0.9340254519795053,4.953195273566747,-0.4520671250719615,0.0008267725756262292,0.002689077767503039,-0.8919794839215978,0.06165566698151244,-0.09723988268452419,0.0056970295089552835,0.0005747369925757084,-0.0003032888230336539,-0.05085675875307061,51435,542000000,20.73,0,2,3,14.028829715794355,1.024957790059744,4.983649961996567
15.0,0.0,5.0,14.660611955739004,-0.8888450154767453,4.955755725860946,-0.4613789985456085,0.0007584102775372716,0.0026018735956587677,-0.8871990051666505,0.0671224906750161,-0.09172900800362403,0.0053063150718842345,0.000512204820779516,-0.00021407657726513207,-0.0484111445985036,51436,130000000,19.7,0,2,3,14.028829715794355,1.024957790059744,4.983649961996567
15.0,0.0,5.0,14.6736777827929,-0.8517345326568817,4.957736712740914,-0.4686585515369355,0.0006963629075582392,0.002483672356314004,-0.8833756327416038,0.05181971245336875,-0.08291070414836235,0.0043420297987251475,0.0011215054087188037,7.380714350802009e-05,-0.03940802926081233,51436,587000000,18.63,0,2,3,14.130925523405507,0.9081379929571551,4.976616631649646
15.0,0.0,5.0,14.696245232995583,-0.8289602767751267,4.959116932190512,-0.4743151914739704,0.0006616012841783707,0.001961658004171275,-0.8803526641742082,-0.04555349786547698,-0.05499954115319851,0.00036680924899905846,0.0030187327865860425,0.002327924130440806,-0.01476892493883497,51436,991000000,17.83,0,2,3,14.168279645322965,0.8784962144361768,4.97370427753175
15.0,0.0,5.0,14.73217391822853,-0.8542153841168928,4.95838745981244,-0.47778924602249306,0.0008731246821147246,0.0012153848942567586,-0.8784732192150799,-0.15200150042583277,-0.028657048255837102,-0.004000380396563809,0.002678738064787467,0.0030338628221215913,-0.039528334673377685,51437,373000000,17.23,0,2,3,14.168279645322965,0.8784962144361768,4.97370427753175
15.0,0.0,5.0,14.785806122877494,-0.922851918373282,4.955849863733618,-0.48593441276839994,0.0011830909468798984,0.0005196203081104457,-0.8739943230810923,-0.2333813305170634,-0.012834801229803378,-0.007831581124877852,0.0015742197433610272,0.002204832321694994,-0.034950769986608066,51437,628000000,16.79,0,2,3,14.213950121133921,0.9380161691074307,4.967761005363363
15.0,0.0,5.0,14.862190608732178,-1.0400924946367562,4.951186969045094,-0.4924573087974058,0.0014461912194608955,-7.689748573754234e-05,-0.8703353960570315,-0.27101527984995666,-0.004444412393228551,-0.009830019214081961,0.0012147670531703625,0.0016608989085398207,-0.02103432943840744,51437,989000000,15.64,0,2,3,14.213950121133921,0.9380161691074307,4.967761005363363
15.0,0.0,5.0,14.92760608185547,-1.142666469762417,4.947091768490185,-0.4965679211009867,0.0015719439920845626,-0.00013918361320812412,-0.8679964339520364,-0.2061721529458012,-0.01826635117377488,-0.007538636475043754,-0.000917543860623482,-0.0009683666405635449,-0.018694990103540476,51438,373000000,14.62,0,2,3,14.213950121133921,0.9380161691074307,4.967761005363363
15.0,0.0,5.0,14.967929242385718,-1.1915523333467317,4.945032346544336,-0.4994831267236293,0.0014372748013013914,0.00018328145693021153,-0.8663224034777353,-0.12298256515160959,-0.034771530970203426,-0.004206975147383117,-0.0014606058812205447,-0.0020050038074259646,-0.016070988385763485,51438,740000000,13.96,0,2,3,14.217737075604097,1.2541558802615538,4.957496923233298
15.0,0.0,5.0,14.996161806977788,-1.2108520000982148,4.944175571427104,-0.5019020221514257,0.0012155961675981571,0.0005442078863392183,-0.8649234569163005,-0.05199399231900779,-0.046385901134331824,-0.001216061483096997,-0.0008253946134573198,-0.002094996057167009,-0.015524607260886114,51439,100000000,13.48,0,2,3,14.217737075604097,1.2541558802615538,4.957496923233298
15.0,0.0,5.0,15.017559693586323,-1.2074706590728541,4.944309954367329,-0.5049300066800182,0.0009382615346583857,0.0008151808574512904,-0.8631593963455295,0.009742307651365509,-0.053824517838757115,0.0014132574993157613,-0.00016933251316686437,-0.0017180076952172385,-0.021419868971861433,51439,464000000,13.08,0,2,3,14.217737075604097,1.2541558802615538,4.957496923233298
15.0,0.0,5.0,15.031299553772731,-1.1814471028972302,4.945455010063272,-0.5096304613461153,0.0006762957121859259,0.0009926499419716942,-0.8603925558361996,0.05959401074718065,-0.057283166686112386,0.0032883937497939523,-4.096707790779419e-05,-0.0012621999985640286,-0.0282339402474463,51439,850000000,12.59,0,2,3,14.255654041895362,1.3227885567368791,4.953673627536505
15.0,0.0,5.0,15.037010965378755,-1.14348550582802,4.947039867747223,-0.5147749892038308,0.0004991865073020648,0.0011008109938174067,-0.8573244715498226,0.09080246577251724,-0.05744155006604705,0.004166943629171323,1.1284499557007166e-05,-0.0009536640959595388,-0.03162396860716399,51440,270000000,11.9,0,2,3,14.284538499362046,1.2891298034248286,4.953489971574701
15.0,0.0,5.0,15.038134630478728,-1.0943685726951156,4.948967415618517,-0.520691222703312,0.00034214427259001453,0.0011714544483775924,-0.8537442012871901,0.11122960954054295,-0.055344065173572,0.004557291081964228,0.00018893596092084408,-0.0008340956640040531,-0.03447222261456773,51440,640000000,11.19,0,2,3,14.314777798205128,1.2423191904660613,4.953625417173115
15.0,0.0,5.0,15.035980721991752,-1.0400894232856144,4.951003246492613,-0.5269637655106469,0.00020213657616949677,0.0012001720250808734,-0.8498868798650527,0.1222396777384426,-0.051907098798481176,0.004637741172855319,0.00029008917294959247,-0.0004968814550920797,-0.03534349270921666,51441,73000000,10.4,0,2,3,14.348754352293998,1.1834019876834663,4.953963901622623
15.0,0.0,5.0,15.03183555601068,-0.9836090550854942,4.953029778263372,-0.5332064055626116,0.00010385366664339771,0.0011860643848159362,-0.8459843447326261,0.1270106238930575,-0.04812822097075211,0.004491218067194286,0.00034342617993843305,-0.0003549398741142795,-0.034413710454828106,51441,461000000,9.59,0,2,3,14.38364782441063,1.1193954845980225,4.954456795581412
15.0,0.0,5.0,15.026897184020205,-0.9294634903491533,4.954870775360182,-0.5388728517038932,2.689468699206205e-05,0.0011545305049690496,-0.8423863223204082,0.12771305813888228,-0.04464216482540914,0.004193521993537928,0.0003792607458308339,-0.0001720158522289239,-0.032137484959093854,51441,907000000,8.8,0,2,3,14.38364782441063,1.1193954845980225,4.954456795581412
15.0,0.0,5.0,15.01905439319915,-0.8525511368005958,4.957303818798288,-0.5463156398038984,-1.3001471721401964e-05,0.0010910955833597115,-0.8375786715569151,0.1246708295777682,-0.039885556049857315,0.0037661850335760803,0.00019534170832002928,8.873179311308377e-05,-0.029216059192549437,51442,457000000,8.09,0,2,3,14.450714043387302,0.9912888306241308,4.955538439038249
15.0,0.0,5.0,15.016561957379666,-0.807464986051593,4.958785588818497,-0.5505590991711149,3.9711685165804355e-05,0.0007979025390262293,-0.8347958074250317,0.02998137200075208,-0.027733552122293042,0.002004121824886405,0.001582188065185619,0.002329577455384424,-0.01145332089436124,51442,939000000,7.18,0,2,3,14.450714043387302,0.9912888306241308,4.955538439038249
15.0,0.0,5.0,15.033039778099035,-0.822519083809452,4.959070424071921,-0.5517897560941039,0.0003539728248033616,0.00027396297200186516,-0.8339831321538456,-0.10921698849974211,-0.014236152243963093,-0.0006990163986105833,0.0008166301483925054,0.0022367725478034117,-0.003574789457161387,51443,306000000,6.68,0,2,3,14.51983042489585,0.8683244494670145,4.956787134116781
15.0,0.0,5.0,15.062727660528747,-0.8815361269192961,4.958373488736301,-0.5523276785423704,0.0006146852506336635,-8.76744445446559e-05,-0.8336268649649136,-0.19526815473226317,-0.007024912026669462,-0.0027887566562314636,0.0006980247064802825,0.0018328280816604092,-0.0031185672241917928,51443,673000000,6.57,0,2,3,14.51983042489585,0.8683244494670145,4.956787134116781
15.0,0.0,5.0,15.105306043363159,-0.9770236130593135,4.956725118510853,-0.5531719368526533,0.0008708179338622093,-0.0004138646116159066,-0.8330665511655677,-0.25233928580879883,-0.002668237210787036,-0.0051690046719526424,0.00045200159206615353,0.0016853658735271893,-0.0065236111822741805,51444,65000000,6.51,0,2,3,14.51983042489585,0.8683244494670145,4.956787134116781
15.0,0.0,5.0,15.17032292777082,-1.1291032611670666,4.953257232576504,-0.5551358745837363,0.0012062121494355936,-0.0007273388967459708,-0.8317584846459518,-0.2691634278622491,-0.002518434770441463,-0.0067675942388475685,0.00011406661570845245,0.0011844346431644226,-0.008180234635801753,51444,495000000,6.38,0,2,3,14.51983042489585,0.8683244494670145,4.956787134116781
15.0,0.0,5.0,15.210608606534077,-1.2221506016030397,4.95096011492676,-0.5564604974107202,0.0012963802435539894,-0.000733887437181754,-0.8308727313066108,-0.2118733245613597,-0.00786176914905117,-0.005359429708836392,-0.0005764720299339388,-0.0010346841690989095,-0.007396710770990467,51444,916000000,6.04,0,2,3,14.4893658402133,1.166355999041063,4.951272237519695
15.0,0.0,5.0,15.240611668285036,-1.2819587327141373,4.949557290977965,-0.5576238180531076,0.0010610213194344373,-0.00043824383546336684,-0.8300929825724194,-0.1069508796417544,-0.01573710723342111,-0.00222546624297814,-0.0005391262789089524,-0.002247815609734971,-0.005712369966204278,51445,330000000,5.79,0,2,3,14.4893658402133,1.166355999041063,4.951272237519695
15.0,0.0,5.0,15.25793324872757,-1.3025750668431955,4.949271953014341,-0.5587845210714353,0.0007193526499383702,-9.679139170316533e-05,-0.8293125660293337,-0.015436130388831756,-0.021257395659673158,0.0004777716797598598,-0.00032975069075291685,-0.001966349850590632,-0.008020848326850682,51445,746000000,5.56,0,2,3,14.478028415116034,1.2672638115165276,4.948534068778673
15.0,0.0,5.0,15.263871885260613,-1.2915300302907626,4.949867712554386,-0.5604114768117491,0.00044819746596541697,0.00015000293835332082,-0.8282141952875622,0.049286071393464435,-0.024081984706937194,0.00210961425666717,-0.00019445989352107063,-0.0016014406583053642,-0.01095354527933523,51446,164000000,5.34,0,2,3,14.48708033443491,1.2644585492408833,4.948578841947227
15.0,0.0,5.0,15.262606546820706,-1.2643575514278047,4.95079000915128,-0.5622287503992291,0.00025918733202886645,0.0003272416559844971,-0.8269816551528497,0.09053055104997684,-0.02486559305174703,0.002906524687447437,-0.0002836228418345854,-0.0013340719306143,-0.014081904555496294,51446,561000000,5.07,0,2,3,14.502530682329626,1.2366570676534112,4.949293786305062
15.0,0.0,5.0,15.256890970056213,-1.225385535010291,4.951934897753837,-0.5644885200518643,0.00010680308678858431,0.0004816094784849274,-0.8254407715730225,0.11925899761548135,-0.024423408692866647,0.003245553936865898,-0.00018774655359266035,-0.0010932250802397903,-0.016032758867368102,51447,156000000,4.79,0,2,3,14.5195488820489,1.1990057034423467,4.950192594984043
15.0,0.0,5.0,15.248719196899408,-1.1816314865526574,4.953075650345486,-0.5667854481275871,-1.8939935853440034e-05,0.0005863706872025314,-0.8238652266005078,0.13594440069495195,-0.023279562196075604,0.003232671978152059,3.783319080241654e-05,-0.0008666926362366212,-0.01658090804994572,51447,597000000,4.47,0,2,3,14.538668824327896,1.1532768165661338,4.951268011694236
15.0,0.0,5.0,15.23757650817296,-1.1281716154835615,4.9543256065416585,-0.5693799572471128,-0.00013976102546186972,0.000646274644550886,-0.8220742223675521,0.14623953852065188,-0.02160576629728179,0.003025808251016552,0.00019013386918231845,-0.0005352764901545015,-0.016474376752739772,51448,53000000,4.14,0,2,3,14.55781061098855,1.10571392923459,4.952337681275874
