x_ref,y_ref,z_ref,x,y,z,eta,e1,e2,e3,u,v,w,p,q,r,sec,nanosec,angle2,angle3,control_mode,std_test,x2,y2,z2
0.002985000000000067,0.0,5.0,-1.6541890703597273,0.08201278964934414,5.098876997339071,-0.9887879278684091,-0.0020140280556924157,-0.0012681766471016875,0.14930763249305157,0.1115123033003104,0.07364944730738684,-0.026992577219072555,-3.7371537864316906e-05,-0.005951679122517817,0.03451207157922909,13093,238000000,10.09,0,2,3,-0.3466094186731404,-0.46406827061219846,5.3050439815996695
0.002985000000000067,0.0,5.0,-1.6241114374182815,0.08881562329806607,5.09253742944203,-0.989180152006373,-0.002024517680940423,-0.0005059730471228992,0.1466910774249202,0.11984325120307018,0.06695521456826692,-0.03206924554880285,0.0007683477235786995,-0.00823630252853036,0.010185415612795623,13093,462000000,10.49,0,2,3,0.21728067194225262,0.13898438521811762,4.670386544261925
0.011880000000000134,0.0,5.0,-1.6037256252675895,0.0969197458997692,5.084516571754328,-0.9889859220228955,-0.0019495687136252327,0.0005379980095172324,0.14799579649603445,0.056594590341872766,0.06942685049885922,-0.04742435588356418,0.0009678926176093228,-0.011286533845122904,-0.028060497425030917,13093,658000000,10.88,0,2,3,1.456641265754617,-1.5479755016722865,4.2069787939486405
0.026595000000000202,0.0,5.0,-1.595687055481781,0.1044318719752235,5.0780413678797185,-0.9888102081409025,-0.001643446918285798,0.001012144470757639,0.1491665073739472,0.01538806923895511,0.05060802838819385,-0.03440990008306852,-0.0036126562918070704,-0.0029080959620841895,-0.005238236053628498,13093,883000000,10.83,0,2,3,0.7530731933732994,-0.3270133656798594,5.416134533088113
0.04704000000000026,0.0,5.0,-1.590202291416734,0.11141829629473975,5.072396071382226,-0.9889655872255049,-0.0013550567595360975,0.0009651098388352666,0.14813608496206998,0.0291632619270387,0.04421305722303191,-0.030912681882572606,-0.002960959341180569,0.0020016484313600813,0.026598761178320274,13094,84000000,10.7,0,2,3,0.8695501346150734,-1.1556712643030704,5.010621139393449
0.07312500000000033,0.0,5.0,-1.5814648428865066,0.11603591826423601,5.067497614562232,-0.9891948045018975,-0.0011889819125687393,0.0006802073121725518,0.14660069026603062,0.05638386556264078,0.04282295130354589,-0.030708377565510425,-0.002390067720625666,0.003858908348775003,0.01342292562185321,13094,299000000,10.68,0,2,3,0.8991113804556458,-1.1026491213198328,4.60339798013419
0.1047600000000004,0.0,5.0,-1.5651648209692592,0.11993925948171871,5.0613683934119225,-0.9894258172709758,-0.0011943450507478416,0.00046187700766939276,0.14503417641090932,0.08611458232493788,0.04153020869897135,-0.03097399847751243,0.00031096604971025954,0.0002943658500953461,0.018937681306852028,13094,470000000,10.7,0,2,3,-0.09432355207867876,-0.627911736469644,4.184054308771277
0.1047600000000004,0.0,5.0,-1.5370972753354264,0.12285238842853374,5.0538897304153965,-0.9894780688546343,-0.0013729908434406259,0.00014831864552486852,0.1446763427566044,0.09637059163644243,0.044677339813189644,-0.016370089361420804,0.005284726967147435,0.0162765929417219,-0.023862942907726392,13094,672000000,10.73,0,2,3,-0.8389482236807957,-0.0785410621543784,5.193026013563603
0.14185500000000045,0.0,5.0,-1.5210696175731644,0.12740631647253592,5.05444922320017,-0.9888705830065276,-0.0021498005503012892,-0.0023185642929955536,0.14874465597641962,0.062068425360756706,0.054537610346172785,0.0198661401339252,0.0034515251627453836,0.03522350853017997,-0.059683722793124616,13094,836000000,10.64,0,2,3,0.9170984874500263,-1.1838998315830727,4.444569583782729
0.18432000000000054,0.0,5.0,-1.5063393561553693,0.14324951056549218,5.06812000786481,-0.9877067391407655,-0.0029396375791126772,-0.006337777885271866,0.15616205863876081,0.027443691660205067,0.06165169430975883,0.04799119480926202,-0.001974644942492887,0.005788751559521188,-0.018723090397543274,13095,11000000,10.11,0,2,3,-0.9850633468736892,-2.014411650640382,4.549025245120158
0.2320650000000006,0.0,5.0,-1.4918848855289464,0.1534248286245064,5.078471444458894,-0.9874584900104393,-0.0026069311852259082,-0.006047510206075275,0.15774144045369204,0.05957642878734901,0.057454544076170476,0.03918933861895872,-0.008144818457367364,-0.0021941492263977125,-0.07278964621946216,13095,174000000,9.48,0,2,3,0.26968692019863416,0.39394939630742376,4.766809991933481
0.28500000000000064,0.0,5.0,-1.4778513880940916,0.1583840465857706,5.084069090923422,-0.9853551471405532,-0.0019827670165173195,-0.006394895052784267,0.17038312110018683,0.08337558834672082,0.05834984826242293,0.03289803051532263,-0.009775097259989707,0.006431804058593116,-0.21762259711977094,13095,366000000,9.58,0,2,3,1.1222820108417126,-0.7553484772162101,5.115021226971668
0.3430350000000007,0.0,5.0,-1.4606426927153222,0.16243030001466996,5.09055023081367,-0.982856037167628,-0.0012527706294317522,-0.007592270977255983,0.18421400107023245,0.05422005940966358,0.0364280268445809,0.03560578324514353,-0.00823268396743515,0.013397654311120277,-0.03943524316127878,13095,601000000,8.48,0,2,3,0.45696439718500315,-1.2436596860522418,5.019637001027804
0.4060800000000008,0.0,5.0,-1.447026797954326,0.16401007626041322,5.095975074771668,-0.9829237295981639,-0.0011951271780796411,-0.00784925293820123,0.18384205909469076,0.07776960039197282,0.034830015433415386,0.02739456239257577,0.0002090128361942334,-0.003900995739058999,0.032169337282539345,13095,791000000,7.35,0,2,3,0.5416130973383585,-0.38909369390441595,4.294544712850648
0.4740450000000009,0.0,5.0,-1.422751824175806,0.16369586191375715,5.100753823806418,-0.9836760866329627,-0.001236445051583752,-0.0066367436665993994,0.17982152658566386,0.10973588991484051,0.03541100466540979,0.01585909813465402,0.0025575364134056144,-0.012970785519428318,0.02676214608072769,13095,944000000,7.45,0,2,3,-0.44234514945478975,-1.0862843837093825,4.979059450351294
0.5468400000000009,0.0,5.0,-1.3917336130871958,0.16166957789492772,5.1029160977481265,-0.9838403428786053,-0.001242549174354155,-0.005062801274088877,0.1789720755853163,0.12544438281675638,0.045196644899210055,0.006726070850758732,0.004282396139387856,-0.008833348874759395,-0.0343055273333448,13096,136000000,7.95,0,2,3,0.07901917432573718,-0.5843420851505311,6.220961695537785
0.624375000000001,0.0,5.0,-1.3724464689538327,0.16489040427448973,5.103751351792419,-0.9824416528975175,-0.0015565969618904954,-0.0048392274517792076,0.18650082449030086,0.08804371618792221,0.07611351685693357,0.005818238904139543,0.0031610849646313,0.0023224121605380788,-0.1359696194413118,13096,288000000,8.2,0,2,3,1.4151269976888603,-0.825704041183135,4.680920330635973
0.7065600000000011,0.0,5.0,-1.3557321985093898,0.17449639032604455,5.102023326529892,-0.9801557791128843,-0.0013890602243809978,-0.004036446747400099,0.1981828102559931,0.045983324970793306,0.08736536013373777,-0.028996891275898155,-0.0014109102039583377,-0.022624943630944472,-0.11463826813269407,13096,487000000,7.72,0,2,3,0.6045558683947329,-1.27971349141624,4.392660571814549
0.7065600000000011,0.0,5.0,-1.3446967586218985,0.1828998718682642,5.0970289142940635,-0.9790127777250233,-0.0014295309537287037,-0.00231771940150603,0.20378068031381819,0.05683967367718765,0.08443130872260282,-0.03798626332500481,0.007387382311208057,-0.02307962677150499,-0.05302375902829226,13096,753000000,7.12,0,2,3,1.660610502430289,-0.5080152859499506,4.456390478202016
0.7933050000000011,0.0,5.0,-1.3270658456836315,0.1912991802439001,5.089823243723362,-0.9786068915023094,-0.001410761088123037,-0.0006553042740273141,0.205733157837156,0.08555898078468457,0.07992515271444418,-0.040846476977247255,0.0011680499824251456,-0.012265235909580952,0.0025813090587689658,13096,928000000,6.89,0,2,3,0.7672469203059162,-0.9827797535934667,5.4904057524359775
0.8845200000000012,0.0,5.0,-1.3073878671907986,0.19633413985847084,5.083267559519162,-0.9788985899526172,-0.0012995870726009375,-2.3561705758993307e-05,0.2043425093001059,0.11257728299308287,0.0765810977605405,-0.04108784401582555,-8.373771507308447e-05,-0.005011655821363092,0.028226391077623703,13097,248000000,6.74,0,2,3,0.5549611378322606,-0.5053940500064595,4.354634244489931
0.8845200000000012,0.0,5.0,-1.2840990573206446,0.19937513753112437,5.076743861110024,-0.9795041485610485,-0.001216095147677247,0.00018538065082150906,0.20142023160124983,0.13752968413388494,0.07407317226041776,-0.04070963002520406,-0.0006445188716952543,-0.001279676712329092,0.0443104585428955,13097,497000000,6.63,0,2,3,0.8624394399975337,-1.3090978518308707,4.615134562806115
0.9801150000000013,0.0,5.0,-1.2504744319167944,0.20090936610610957,5.0686745756916185,-0.9803327704496463,-0.0013767714167658316,0.00039771961212141794,0.19734640990425162,0.16365775043590808,0.07136759880258892,-0.04045227020394096,0.003189647031831555,-0.0029167845468691667,0.03565496481314767,13097,656000000,6.62,0,2,3,0.1259230331698794,-0.47169794270403725,3.6228524533131905
1.0800000000000012,0.0,5.0,-1.2167416800846933,0.20058507639713433,5.061467995200819,-0.9808810089745272,-0.001592589785891686,0.0007633707589436954,0.19460042948557926,0.18218346076499847,0.06925518026466965,-0.04027261489066262,0.002888927269850683,-0.003898149998349254,0.028230045791133307,13097,849000000,6.72,0,2,3,0.624633015488074,-0.7510708869385891,4.3489187954561634
1.1840850000000014,0.0,5.0,-1.1716397393325464,0.19856338516658534,5.055440045139123,-0.9811770072114201,-0.002352641236652873,-0.0016437510031657593,0.19308921171699822,0.20294790240864877,0.06964524718029767,-0.015500332152400523,-0.003532422942953417,0.037668031654902734,0.006688654048048193,13098,37000000,6.81,0,2,3,0.5483738896315145,-0.47870138035212134,4.500432146493579
1.2922800000000014,0.0,5.0,-1.1268939085209158,0.19540939569492574,5.052447976154278,-0.9815104496232804,-0.0020776177136954165,-0.004184837884397119,0.19135152969554026,0.21979537112078082,0.0698088064402803,-0.011597946790394545,-0.006424193361453945,0.015479561170650413,0.023675025659031235,13098,269000000,6.68,0,2,3,0.1270319284576552,-1.0422224796180783,5.187455927611051
1.4044950000000016,0.0,5.0,-1.089819738284074,0.1940233884262429,5.052033013951802,-0.9817745947947367,-0.0018454954037394058,-0.004883480577134401,0.18997734280644435,0.17189962228524566,0.07013267973020933,0.008872074250016012,-0.0037150129401197773,0.002068800586130237,0.010162859598494833,13098,515000000,6.7,0,2,3,0.41908853280533054,-0.4894280347767547,5.32675922298227
1.4044950000000016,0.0,5.0,-1.0523293058188092,0.20174686749715415,5.052313100211281,-0.9804123762862034,-0.001999816141811459,-0.0042992052740219566,0.19689867951372952,0.09683074896271955,0.10227502357119955,-0.006273325984762897,0.0006518015993606241,-0.010315271902072709,-0.08448843145743012,13098,676000000,6.84,0,2,3,0.4697397425725016,-1.0171443311187152,4.328306962050901
1.5206400000000015,0.0,5.0,-1.035243108805807,0.21257529431798056,5.049725975827689,-0.9793626272346423,-0.0018503695274384156,-0.003108602014441309,0.20207859139994716,0.05098160323588182,0.10528398662730243,-0.0239293293203482,0.0013533537526200234,-0.01743870489008259,-0.05417963875515852,13098,848000000,6.25,0,2,3,0.9625609632604775,-1.3039885094822052,5.081811787625461
1.6406250000000018,0.0,5.0,-1.0202381836398247,0.2269507552159032,5.045194252657813,-0.9785960921613769,-0.001774037958109003,-0.0016306781456060036,0.2057762913568767,0.04856835942915375,0.10738630771946064,-0.02198550710893795,0.002627698290780245,-0.013962007324153092,-0.031826490885578096,13098,999000000,5.82,0,2,3,-0.020732661361237747,-0.11636460274360849,4.743661854090741
1.7643600000000017,0.0,5.0,-1.003836370647422,0.2382333463104967,5.041829761224158,-0.9783250678998107,-0.001593036408485054,-0.0008943987141578986,0.20706695488361226,0.08254594874286968,0.10402588286430478,-0.02107880710922758,-0.0011793069688792457,-0.00576063043808972,-0.0038488436985062435,13099,167000000,5.5,0,2,3,0.14890588337243693,-1.799566508009334,5.362671953554627
1.8917550000000016,0.0,5.0,-0.9776609635365398,0.2509917680897044,5.038613936248328,-0.9784932815110066,-0.0017371302928098997,-0.0013016630476901361,0.20626726858490602,0.08680790446600287,0.09876733412481044,-0.008614582337646951,-0.0005213539992610094,0.009325988685304765,0.01704530768620316,13099,340000000,5.39,0,2,3,0.754431179476053,-0.1776460472524113,5.1931231120546615
2.0227200000000014,0.0,5.0,-0.9495422824307795,0.2599325944036434,5.036755650143707,-0.9791119379964797,-0.0017221571754759235,-0.001831843835380206,0.2033063978226048,0.13019957240404095,0.09580432189334433,-0.009737407250059192,-0.0008551089081265673,0.002328532536921557,0.03756278601940721,13099,482000000,5.39,0,2,3,0.8845020727925395,-0.5812630410111732,5.306719052615098
2.0227200000000014,0.0,5.0,-0.9320760396626405,0.2644642288025526,5.035142038935904,-0.9793852478211725,-0.001735045020491243,-0.0017855932526094857,0.2019859837359349,0.1092155917669438,0.08964521306863044,-0.01603055546892903,0.0006498476409433351,-0.002748825522758125,0.01214187168443459,13099,698000000,5.63,0,2,3,1.5386684192370739,-1.0013017900319894,4.577146582933411
2.1571650000000018,0.0,5.0,-0.9092097024162605,0.271782723582937,5.03143214127279,-0.9795908189971814,-0.0018014520512429437,-0.0013493485635558697,0.200989455856252,0.1002568413975041,0.08756314104765549,-0.024109393070195294,0.0026215943307761336,-0.0057692869177117245,0.020700654022220988,13099,867000000,5.73,0,2,3,1.1748141700326695,-0.03491271431300458,5.200677329004548
2.2950000000000026,0.0,5.0,-0.8834326043772063,0.27794329315063737,5.02686934410736,-0.9802249280729016,-0.001956588726651201,-0.0007300874807116816,0.19787553946180436,0.13619423533107028,0.087078043446516,-0.026010527563064233,0.0030343097478180425,-0.00680266225572268,0.04573244077619165,13100,88000000,5.76,0,2,3,1.4272762953569909,-0.1028387333247367,5.194889107369958
2.4361350000000024,0.0,5.0,-0.8631602621506982,0.2807006405525626,5.023693902283261,-0.9807404186678228,-0.0019215587687478968,-0.0003956580882760541,0.1953058684674855,0.15575666584144818,0.08544453949707212,-0.02690316439204481,-0.00010378337265137816,-0.0047215368795150425,0.041468791459919885,13100,273000000,6.08,0,2,3,1.3598068394464469,-1.032007242863249,4.537605154226026
2.5804800000000023,0.0,5.0,-0.8287094144202009,0.28307507294341394,5.018788965281173,-0.9815178287162467,-0.0019557552534692152,-5.835774845567307e-06,0.19136072454784642,0.18910006373062488,0.08464464536970615,-0.02756115227576591,0.00251996912083996,-0.004537696167972172,0.05313390902301762,13100,479000000,6.39,0,2,3,0.5499138302356226,-1.750839896285588,4.143892731424884
2.5804800000000023,0.0,5.0,-0.7834285386602471,0.2832741786178766,5.013303239043757,-0.9826573114962809,-0.0021144915700877114,0.0004991523826497218,0.18541814348978874,0.2281529542591229,0.08445794073381373,-0.027818692303806257,0.0014475144325842848,-0.004651977815228747,0.06382031060638838,13100,710000000,6.88,0,2,3,1.1670164447179683,0.2162926660388944,4.832816353071942
2.727945000000002,0.0,5.0,-0.7421199624002415,0.28187804150432083,5.008968510326987,-0.9834964018608239,-0.002072261147334143,0.0007547831279047848,0.18091424367080644,0.2573205964798294,0.08485051768041614,-0.027373655396119505,-0.00013514937506897695,-0.002520239058867446,0.053059378114994615,13100,878000000,7.57,0,2,3,2.15635218066919,-0.2749767813022143,5.033156553575046
2.878440000000002,0.0,5.0,-0.69468680274294,0.27921381072492857,5.004688111995517,-0.9841960906161953,-0.001720468318764586,0.0007724096436702207,0.1770720152590588,0.2368823427833608,0.07070421955939035,-0.020307698514353503,-0.005422081176220672,0.0005458221153276099,0.033563674514880404,13101,46000000,8.1,0,2,3,1.7938047687844296,-1.0134491890189259,5.8270223059968425
3.0318750000000025,0.0,5.0,-0.6547067845544128,0.276219953825506,5.001715646267359,-0.9848065780238277,-0.0016322910303355614,0.0007313425572942024,0.17364562950173779,0.2508407677860808,0.0687638922989181,-0.018845933024287744,0.0003804110747296363,-0.00038683120635596424,0.05550628193304874,13101,211000000,8.55,0,2,3,1.6950543414541626,-1.602120839128423,5.5846973992396665
3.0318750000000025,0.0,5.0,-0.6169880370141276,0.27293003423887424,4.999131645937615,-0.9855514522174079,-0.0017120949318352272,0.0008206247679223529,0.16936567048281248,0.27114942774563316,0.06905690617715325,-0.019181204337102215,0.001931535894073022,-0.001988362510019215,0.0659856632410083,13101,422000000,8.89,0,2,3,1.386689330539495,-0.6544015121047165,5.790330302142325
3.188160000000002,0.0,5.0,-0.5644681767086418,0.2679250969371271,4.995650747947423,-0.9865004901084291,-0.0020016246785126567,0.0012104411198711384,0.16374159931663917,0.29652554505977474,0.06989547221853963,-0.02098497322072173,0.00476086393064179,-0.005749188085246715,0.057963019935414195,13101,623000000,9.32,0,2,3,1.3378549932743424,-0.6120857789314565,4.195649381528208
3.347205000000003,0.0,5.0,-0.5143436876567153,0.26294493428345306,4.992290517521172,-0.987184411923157,-0.002257964755896964,0.0017900802239489953,0.1595576198866207,0.3153529911207759,0.07064423002669926,-0.022929725514180394,0.003948287576349685,-0.007321964221773669,0.049421697985962965,13101,750000000,9.93,0,2,3,1.343672684263484,-1.081076091156278,4.703916127150629
3.347205000000003,0.0,5.0,-0.4614615189502296,0.2576033926536783,4.988678637525736,-0.9877905259059405,-0.002486917646208079,0.0024515446440038823,0.15574877880723287,0.3321016788764453,0.07135335897285537,-0.025107808880930386,0.0039244240724656265,-0.008195414102374343,0.047730908772791736,13101,925000000,10.41,0,2,3,2.4726332082891656,-0.42282269192110045,5.110308837926795
3.5089200000000025,0.0,5.0,-0.4058941075298868,0.25196389055534596,4.984961650063737,-0.988384725518715,-0.002356352445595318,0.0028568250144916517,0.15192735275546349,0.35000090099482095,0.07234229601074316,-0.024810937497296563,-0.0030481641715596197,-0.0022683004090140457,0.04913377015327569,13102,99000000,10.83,0,2,3,1.9866637703620866,-0.5629731623988026,5.095471114986721
3.6732150000000026,0.0,5.0,-0.3252052678484045,0.24375267558104363,4.980180177675468,-0.9892158301552261,-0.002081853106247858,0.0027574413262368403,0.14642439610694336,0.37075984623400077,0.07211574511004593,-0.023303831621305348,-1.0917722015335585e-05,0.0010117194051417755,0.05401101298048161,13102,241000000,11.24,0,2,3,1.1389454922688302,-0.7294234473362387,4.686804027521724
3.8400000000000025,0.0,5.0,-0.2485434912883668,0.2359058278294638,4.975919131328462,-0.9900737538047002,-0.002165680769371464,0.002809788538948278,0.14050401041337296,0.38267803050020044,0.07114414664459309,-0.022820849779834784,0.001539830543606513,-0.00044446384670493444,0.05770550815213937,13102,404000000,11.84,0,2,3,0.6824473746616679,-0.9686528414331078,4.986645514004096
4.009185000000003,0.0,5.0,-0.19649033691205786,0.23268276571644586,4.974169653481726,-0.9902405073403834,-0.002437941729229573,0.0023727557913507838,0.13932754247577706,0.34770093830176524,0.0889487309375235,-0.007644420595332454,0.002855099455700838,0.011370816810085671,-0.010115793338627554,13102,616000000,12.54,0,2,3,0.7443075417430628,-1.1973768209158715,4.925795328353843
4.009185000000003,0.0,5.0,-0.08814068446803368,0.24196734529938013,4.973757257726401,-0.9877922534452832,-0.002876914818879308,0.0010121305034516133,0.15574711228930743,0.28947603583507586,0.16595808442187993,-0.0014779163760326613,0.001957927247531188,0.005821221884616534,-0.18901120347436517,13102,768000000,12.73,0,2,3,0.7323407233217482,-0.09098904280909481,5.289961242113936
4.180680000000002,0.0,5.0,-0.030167911287080632,0.2584115172706912,4.973881548919715,-0.9845836028924804,-0.003080147434273919,0.0006539359831202274,0.17488628869861672,0.26161471625697896,0.2125795681486887,2.3181557543881005e-05,0.001360238150027726,0.004348110178398201,-0.23234771651914343,13102,958000000,11.26,0,2,3,0.917170816204636,-0.47112334808166384,5.1498807945466725
4.354395000000002,0.0,5.0,0.002602065629420881,0.28034355842596526,4.973936809500886,-0.9823536977259357,-0.001468651980784873,0.007779045173168174,0.1868650370768543,0.034662111019908175,0.18719042676438105,-0.002694118778970281,-0.002542830634411075,-0.15505310439039022,-0.09568803652655333,13103,97000000,9.51,0,2,3,1.5979573814392554,-0.3421580087526106,4.668680210388132
4.530240000000003,0.0,5.0,0.010619201588816773,0.30816352325539786,4.972988420331748,-0.9811513580883215,0.0002532889023826295,0.018522200047359223,0.19235092012147909,-0.025197054317622442,0.17919542336404232,-0.011635756487754039,0.009651630534790456,-0.08773066292633303,-0.05990644967823755,13103,242000000,8.66,0,2,3,3.7112495423364233,-1.0265584005088288,4.495180855943474
4.708125000000003,0.0,5.0,0.020197226491458255,0.34241360338584387,4.971468296333364,-0.9806290180431596,0.000514436326597343,0.02172724152462646,0.1946648178349259,-0.015744759335882635,0.17297343163349646,0.00018031768123746627,0.0002059492196337942,0.008977687139122281,0.012127756690460956,13103,423000000,8.44,0,2,3,3.0772491879303003,-1.5975317759052838,3.9470577477326243
4.887960000000002,0.0,5.0,0.036404535770912336,0.3686413319172979,4.971804206659094,-0.9814910671336434,0.00022160769829476443,0.019762369453816774,0.1904853925645224,0.06856176258459293,0.1652438622604559,-0.001693322534602485,-0.0026790900619744207,0.02873266003007302,0.07212977288872935,13103,590000000,8.3,0,2,3,1.796382857553218,-0.7156480786588401,5.529213479965577
4.887960000000002,0.0,5.0,0.06649772502381561,0.388147020940511,4.97187481305035,-0.9829980218973913,-0.00029379245047885666,0.017038396975600716,0.18282367368673452,0.15642950689403423,0.159144632650525,-0.007794926423493507,-0.0011614414120231231,0.030697465263074264,0.096939476497937,13103,747000000,8.46,0,2,3,1.1510169424749004,-1.2047235743812443,5.281661259817726
5.069655000000004,0.0,5.0,0.11005249815892737,0.401861927100206,4.9710719080871115,-0.9845815079355434,-0.0007633485781042325,0.014403847142334211,0.17433072224315393,0.23629033924480725,0.15353807160829386,-0.014913156001001137,-0.0011724667956514168,0.02779798578558257,0.09528769805910997,13103,903000000,9.04,0,2,3,1.7592865646818137,0.14913030804800798,4.539499765462122
5.253120000000004,0.0,5.0,0.15514639217509305,0.41374030842894655,4.968833718793741,-0.9848398637369289,-0.0011996810274402525,0.012643929067168103,0.17300038906836018,0.23881373651042223,0.1777951396377102,-0.027149033434842523,0.0030942175953896367,0.01845272709033452,-0.040796532630338334,13104,127000000,9.84,0,2,3,2.6481520802850715,-0.8846916622430245,4.882315865064836
5.438265000000004,0.0,5.0,0.22268665040923985,0.4336074811289137,4.96631842877095,-0.9848055359346111,-0.0016191430779002973,0.009624459820214202,0.1733862870627481,0.2429453086556311,0.16562003600836153,-0.0070323217905623155,-0.0003623020830900714,0.027764912920247298,0.04407238993735518,13104,323000000,9.96,0,2,3,1.3440445076276608,-0.6436241953920556,4.616989620330399
5.6250000000000036,0.0,5.0,0.2783256188649585,0.44420910100393984,4.9657696289398165,-0.9859209854950257,-0.0020265796721774657,0.007663967979590302,0.16702385138104286,0.2953902058667059,0.15339311171668962,-0.009762501144328244,0.00019647366542585587,0.017886600289784838,0.0898996448086109,13104,471000000,9.87,0,2,3,3.199516092969155,0.18508337716111467,5.10374233695527
5.813235000000003,0.0,5.0,0.3452228178711622,0.4555452225948406,4.966758531870907,-0.9863889409371953,-0.0025452730633295706,0.00547186135492386,0.16431809856234297,0.2983602600385128,0.17185433375089532,0.009461196014365039,0.0010151293508897652,0.025030164579220582,-0.01509798166807741,13104,783000000,10.5,0,2,3,2.1530210172668953,-0.10694206546522944,5.556077111362338
5.813235000000003,0.0,5.0,0.4025733341078363,0.46444104974782585,4.9685817509178305,-0.9866460899758605,-0.0028435763119465667,0.004047096774918213,0.16280364927359164,0.34127787791322894,0.1650850349435514,0.005684354702546536,0.0006799073503316322,0.013222200595919276,0.04321964333939832,13104,981000000,10.77,0,2,3,2.4609987395096753,-0.5981311601637929,4.155598626331312
6.002880000000004,0.0,5.0,0.45564809500151093,0.4703522966194387,4.968721624203942,-0.9873427772827394,-0.0030581035169370344,0.003372982880478179,0.1585355201113432,0.34308008852638716,0.15590340625995042,-0.012197739165113457,0.0019675291468956857,0.007036575925667421,0.07654200526303612,13105,138000000,10.96,0,2,3,2.818043416778145,-0.8732178710965729,5.157677403815794
6.193845000000003,0.0,5.0,0.5238199777484889,0.4765725249856315,4.965354283691341,-0.9886994802877401,-0.003532278200982034,0.0031681117308860565,0.14983598952696064,0.3666096190207753,0.14067625225952096,-0.025709373569382077,0.006100937844166765,-0.0014501343798656308,0.11980669441982172,13105,292000000,11.45,0,2,3,2.8310091841560903,-0.9034042576350109,4.925333075147071
6.386040000000003,0.0,5.0,0.5891928267630373,0.47928490863600937,4.961492201732317,-0.9901535635191226,-0.003714597222267316,0.0033584952168804303,0.1398958288432396,0.4037177903626599,0.12668241505382155,-0.02831738086064841,0.0009153282860552281,-0.0028731501970469253,0.1272376481210813,13105,486000000,12.42,0,2,3,2.4708500724551326,-1.3794060337383938,4.785516016841604
6.386040000000003,0.0,5.0,0.6594261190865758,0.4797530248978217,4.957312695199105,-0.9914931410982684,-0.003988619970292211,0.003699970869434518,0.13004519322676494,0.4375654697035417,0.11412675035159554,-0.03091580964747197,0.004468199858820299,-0.005668445464834804,0.12075659178663045,13105,666000000,13.52,0,2,3,3.3071631880280563,-0.9879081335791546,5.415462216059813
6.579375000000004,0.0,5.0,0.7437983523743611,0.47821693314713015,4.952274347716361,-0.9927703894567514,-0.004208438842301744,0.004232246840430649,0.11988048609795499,0.47193619950653326,0.10197094835280304,-0.03297039365810766,0.0019592740272855735,-0.006097886944189668,0.10740533543867059,13105,843000000,14.58,0,2,3,3.416759182167571,-0.3916305229362541,5.439581277611728
6.773760000000003,0.0,5.0,0.8129129767174943,0.47583445137181307,4.94823340489399,-0.9935914003870984,-0.004268497155928388,0.004624413026351007,0.11285620857089051,0.49383157079746204,0.09309051058907777,-0.03404573392260538,0.0007570371394649555,-0.005777346632385161,0.09579058241797611,13106,14000000,15.65,0,2,3,2.945885687170376,-1.3242989221906023,3.5482662200330295
6.773760000000003,0.0,5.0,0.9054341330613863,0.47157049268411827,4.942890938895744,-0.9944741119485598,-0.004330911647773572,0.00515445055921691,0.10476600358825855,0.5174464104609364,0.0828364650095638,-0.0360183271426716,0.0010400420478617889,-0.007008972124822321,0.08603314636275172,13106,201000000,16.27,0,2,3,2.9533033062562435,-0.25756039054215524,5.0067834112602725
6.969105000000003,0.0,5.0,1.0231474841236183,0.4648608361652613,4.935963916539933,-0.9954100889503585,-0.004344502016976016,0.005970193696625603,0.09541612497522839,0.53765039089728,0.07094872540464107,-0.03902535339441111,-0.0010384128586338193,-0.007807922975189285,0.0851594282721635,13106,412000000,17.24,0,2,3,2.1777775658950156,-0.894455586646176,4.826214416941517
7.165320000000004,0.0,5.0,1.1299348782423133,0.45916150392948807,4.929373073280308,-0.9961704812978742,-0.0041615099643932665,0.0065430442925067745,0.08708755707311971,0.5227131848728692,0.0677337793072658,-0.04026525541419067,-0.0016799889408503077,-0.004885577300228761,0.07634330831933767,13106,617000000,18.23,0,2,3,2.8328842502457845,-0.056007978490208776,4.850111707514609
7.362315000000003,0.0,5.0,1.2330013764869028,0.4601027694546211,4.923773638295468,-0.995880210485721,-0.004133552015394164,0.006437369399423855,0.09035530081775756,0.4916282710371352,0.11897749726190532,-0.03059984842588892,0.0005730800637593347,0.005039859388489276,-0.09860228310571983,13106,808000000,19.1,0,2,3,2.4602615253017484,-0.3803646596118154,5.507563584459473
7.560000000000004,0.0,5.0,1.3207914822425275,0.466267528456982,4.9202706727360965,-0.995347014413837,-0.004007641798156569,0.005842144499370343,0.09609437575803609,0.45638932577089647,0.12780169111198103,-0.022120542584043407,-0.002147816053366114,0.007836608983780025,-0.041178418905474246,13106,977000000,18.74,0,2,3,3.2617488025100676,-1.6705221210480081,4.556164809532442
7.758285000000004,0.0,5.0,1.4213835747997483,0.47722144078247253,4.91256111692086,-0.9946913326948412,-0.003674727661732046,0.006809687635358794,0.10261226628762099,0.43034068262340214,0.14463047784535332,-0.05646678729318918,0.0057823645875032526,-0.017703108460409567,-0.05010833374399226,13107,117000000,18.12,0,2,3,2.83921108976905,-0.37910012026071216,6.120910637509256
7.957080000000003,0.0,5.0,1.495617275393604,0.4841411367390568,4.904327866259559,-0.9946477446869297,-0.00408557341507872,0.008166918940573685,0.10291974307241719,0.45646274469434733,0.12990649104379218,-0.061182873693962844,0.006187757480802247,-0.015327187793445773,0.026141013950109482,13107,285000000,17.37,0,2,3,4.11470032467599,-0.5556219816322208,5.388301573562254
7.957080000000003,0.0,5.0,1.589521071961785,0.49132719074028497,4.8895025899855025,-0.9947245996678343,-0.0031919623676143483,0.011146561806064454,0.10192416961552297,0.4395421648649216,0.13337110402614405,-0.1090460485538866,-0.007025551758488291,-0.04464917547011282,-0.011911806632269872,13107,442000000,17.32,0,2,3,3.664590979780901,-1.373910985332146,5.382484551386309
8.156295000000004,0.0,5.0,1.6849340167775997,0.4973927529152505,4.8700358329394575,-0.9950805351474908,-0.003677788043698343,0.014448954699584264,0.09794095238345413,0.47616458097999353,0.11478528696397901,-0.11005139010066042,0.007387200548691908,-0.02415470953565091,0.07254559968714602,13107,616000000,17.38,0,2,3,3.4546905025230648,-0.315526608258179,3.924375752810395
8.355840000000004,0.0,5.0,1.797111897306552,0.4993885414027648,4.850018668915369,-0.9959442714264893,-0.0041850811052444896,0.016334856807539436,0.08837797102207634,0.5113247602476472,0.09318540722098828,-0.10017714619079457,-0.0016307702821904968,-0.009661146486905636,0.09223401357303374,13107,788000000,17.77,0,2,3,3.959802994192998,0.535129155440059,4.395747118294839
8.555625000000004,0.0,5.0,1.9239119551294566,0.4998928867253707,4.835915342809988,-0.996807736291855,-0.003800624245966071,0.015862694420152187,0.07815540320272824,0.5247577672692719,0.08248450962446603,-0.05670345670035963,-0.008657205489726039,0.013199639033700805,0.08191368106054142,13107,942000000,18.76,0,2,3,3.5852126843497114,-0.40857212395571374,5.399330525259883
8.755560000000003,0.0,5.0,2.0524341148842162,0.498348223785577,4.829694031744441,-0.9975452166989676,-0.0031066861480127,0.013339779127378052,0.0686726978865711,0.5282250075749487,0.0682561166001965,-0.0367289312972792,-0.006286779444053536,0.02345284174225526,0.075091023609275,13108,117000000,19.79,0,2,3,3.8701377770513194,-0.4831196397846938,4.804690903856196
8.955555000000006,0.0,5.0,2.1574150650023536,0.4996502884996384,4.823394115604545,-0.9980344717794469,-0.002847960500795238,0.011052930293073394,0.06161911223672506,0.5107014269943596,0.07966178521992553,-0.05103367851866534,-0.0034861388712670305,0.020519252757367212,0.06852858132333495,13108,331000000,20.71,0,2,3,5.476890216982086,-0.055558165725841435,4.621626151016107
9.155520000000006,0.0,5.0,2.2395862711544203,0.5032193774137291,4.817229157916491,-0.9983791814593472,-0.003065620313836979,0.010008951767668998,0.05594133431701048,0.5029807471343354,0.08413580198600458,-0.04830551393696003,0.0017359610069433984,0.007981184717209544,0.07294444367289543,13108,536000000,21.4,0,2,3,4.439165217300944,-0.8908158022834833,3.5977544700934843
9.355365000000004,0.0,5.0,2.343830543770952,0.508160837885633,4.80978344791824,-0.9987184992452571,-0.0031670408694397384,0.009591777477741214,0.04959160132774082,0.5313718466095132,0.07177432696653085,-0.0472876437640905,-0.000665258602339236,0.0014349921457323944,0.05544767664105166,13108,727000000,21.98,0,2,3,3.640723226033165,-0.4204505663302063,4.219882847809417
9.355365000000004,0.0,5.0,2.4663104072338786,0.5105068301679678,4.802151965337386,-0.9990198723573013,-0.003091352685652181,0.009461195957024493,0.04313031352583774,0.5681864550306694,0.05613835506498148,-0.04033651652618335,-0.0017116681192419492,0.004186847718301578,0.04470044077606872,13108,897000000,22.6,0,2,3,4.476508637595894,-0.10798934933208287,4.469927454393844
9.555000000000007,0.0,5.0,2.557724410246193,0.5136232037941392,4.800825398995846,-0.9989653945740291,-0.0030237396395991238,0.007949716168881509,0.04467437134398544,0.5663288574423518,0.08078692328892542,4.4553771626113704e-05,-0.001493866636792518,0.028692361956927925,-0.06062928223400377,13109,127000000,23.21,0,2,3,4.844350424395439,-1.0033325392731436,4.060991154351544
9.754335000000006,0.0,5.0,2.6487746844769107,0.5189936598056815,4.80404988715291,-0.9988083075056262,-0.0028372716657957876,0.0058109192019024005,0.048375075868359596,0.5608453821178151,0.08829097257515008,0.019237789263214903,-0.004085446744284127,0.022424262715503573,-0.021713863679906353,13109,297000000,22.99,0,2,3,5.23528236099642,0.31478944450726953,4.425742680998671
9.953280000000005,0.0,5.0,2.835235202831355,0.525664987236541,4.81219240987962,-0.9988988603293278,-0.002521294956555813,0.0038868129732066263,0.046686214126045344,0.5993519188454517,0.06278401879486632,0.015884077414124318,-0.0003342731702105084,0.0038592815599258756,0.03051335661439225,13109,483000000,22.59,0,2,3,4.6528885062842065,0.10786667268354366,4.269582336817935
10.151745000000005,0.0,5.0,2.9706144777153005,0.5250511353711244,4.815931084263507,-0.9990765699758093,-0.002529446460390695,0.0037741658747620413,0.04272428932030764,0.6195721659383483,0.044263283558835693,0.01188403789206163,0.0003018866181037083,-0.0010826692005139193,0.04396761069074273,13109,679000000,22.73,0,2,3,4.335195292639154,-1.8720379229944661,3.8588850381844964
10.349640000000004,0.0,5.0,3.0798538675624356,0.5234820235452778,4.820685373301578,-0.9992921855712881,-0.0025631001102629026,0.0038905868519455164,0.037328564236125295,0.5941268970173263,0.036367591722935785,0.030091704221387138,2.0400725109226414e-05,-0.0011063370834563102,0.07001965714152902,13109,909000000,23.07,0,2,3,4.409204629866231,0.25626542316972517,5.307017875716586
10.546875000000004,0.0,5.0,3.2009513254355046,0.520921192905274,4.827181879419978,-0.9993333879807713,-0.0025652993126548374,0.0034585834342281845,0.03625240829155896,0.6161918688822481,0.028144922037306015,0.02519339959371068,3.66825581465946e-05,0.007550354985141894,-0.03156996190227801,13110,142000000,23.55,0,2,3,5.31848162647676,-0.1035544161008175,4.35509098522702
10.743360000000003,0.0,5.0,3.366688329934922,0.5177781363013253,4.827493203998996,-0.9991180788200926,-0.0017981053852825033,0.005774009508352085,0.041551079481379205,0.5781446306646256,0.03915512180972186,-0.02148955749495263,0.00044481112695393676,-0.025134587122011,-0.022621060998062603,13110,395000000,23.53,0,2,3,3.3177945515774097,-0.2006503991275616,4.356799338092678
10.743360000000003,0.0,5.0,3.4712122656555495,0.5160052390873903,4.82453921657564,-0.9990804765820007,-0.001749338091545699,0.007853955518775352,0.042112427045144674,0.5800930087450177,0.0381443852321381,-0.02687598237922716,0.000342769524763753,-0.021432823996292427,0.00415189995237597,13110,580000000,22.66,0,2,3,5.50195047280274,-0.33022703855507124,5.092642522137886
10.939005000000002,0.0,5.0,3.596999610431156,0.5167348093038979,4.82297978339373,-0.9988766838242227,-0.002589557308279484,0.0083534810627427,0.04657127934044164,0.5602403136821991,0.06749847397983422,-0.007982650257242974,0.00403959193135961,0.0073060647991951555,-0.05964160409348551,13110,732000000,22.39,0,2,3,5.2198430135908955,-0.4192291856376271,4.361306183107327
11.133720000000002,0.0,5.0,3.6877498497697254,0.5192177778065422,4.822982746892745,-0.9987986718705928,-0.002586994909004911,0.007727335434618953,0.04831985941578565,0.5654764499483786,0.07046943509177281,-0.010416252638819734,-0.0009728181680657144,0.008005346080608433,0.0030319570214487612,13110,958000000,21.67,0,2,3,6.197018745687523,-1.325555005254655,4.869244207896499
11.327415000000002,0.0,5.0,3.7782922213358727,0.5229079835793055,4.824106760422875,-0.9987598018127777,-0.0026003279374831067,0.006859842505820817,0.04924468639674506,0.5544481925847492,0.08730349426522216,0.010055838973680096,-0.00015182092738541542,0.014122143056738423,-0.032681414450053126,13111,165000000,21.32,0,2,3,6.4594278411111965,0.1120925486934064,4.981237016904425
11.520000000000007,0.0,5.0,3.880476573754621,0.5284819610438235,4.827979903280959,-0.99868185239511,-0.0025892022448394114,0.005796130527019716,0.0509338649556505,0.5756993586768198,0.08289404997568903,0.012767940738827921,-0.0007423710599141486,0.007978757548698923,0.003754259751076461,13111,320000000,21.09,0,2,3,6.4332508533265,0.16937214919710858,6.048614403402935
11.711385000000007,0.0,5.0,3.9756700059087833,0.5310284922369658,4.830543932809625,-0.9987415897151466,-0.0026054207562314583,0.005507652545622542,0.0497806641114944,0.603222921055058,0.06957379719897044,0.00559119276657151,0.00020975580525828263,0.0001476471477523944,0.020776233031938318,13111,500000000,20.79,0,2,3,6.42051213612911,-0.0945263466235558,4.798643459406013
11.901480000000008,0.0,5.0,4.125722713141301,0.5305984850317551,4.83193503145756,-0.9990101243466561,-0.0027906011167733976,0.0060403353863364645,0.04398293244777929,0.6387398397964101,0.04535951762275185,-0.008915060009516909,0.002902217761402426,-0.009505818616162287,0.06892303063068539,13111,812000000,20.8,0,2,3,5.9078262842137,-0.38371530240245466,3.978577575791512
12.090195000000008,0.0,5.0,4.295576184268913,0.5258121833722096,4.8296793740964326,-0.9993817926237147,-0.0030954141897626473,0.007872014606603599,0.034124512732598145,0.6591142771637244,0.025258677792860028,-0.01910106049498504,0.0009672933458659827,-0.014790930254093837,0.0775969383539632,13112,13000000,21.24,0,2,3,5.99903416464766,-0.6159294479470778,4.402296160639962
12.277440000000006,0.0,5.0,4.4405599977570915,0.5223787098282754,4.829338193929968,-0.9996222329437952,-0.003187530284532503,0.009171941005079664,0.025711992403255834,0.6575432383410613,0.02374854697593369,-0.0071018050089228955,-0.0012306754570090561,-0.008632633398519829,0.07148780350689776,13112,220000000,22.16,0,2,3,6.004386495408278,-0.07088509970450119,4.283109601469857
12.463125000000007,0.0,5.0,4.584034218195121,0.5232985496274275,4.832349861713314,-0.9997439494269797,-0.002973413927970001,0.00922162754505505,0.020448862539948875,0.6450601259588657,0.04291017421419323,0.011551198921005496,-0.0003112118669434949,0.007897536033851793,0.020981145280529745,13112,421000000,23.01,0,2,3,6.645150225503251,0.45441028131608113,4.19700614416969
12.647160000000005,0.0,5.0,4.736185977344516,0.5297437465589394,4.8431959205618105,-0.9996763326637824,-0.0029924401133949435,0.006478462901503576,0.02441935159851749,0.6232978977035135,0.06212833918261197,0.051937851912185404,-0.005522462652152171,0.02635255423228955,-0.05112644466862548,13112,688000000,23.63,0,2,3,6.167612798130698,-0.42991266135873113,4.798812831265866
12.829455000000008,0.0,5.0,4.860140463192247,0.5348437324222446,4.856316291062093,-0.9995876331734395,-0.0023923929031522398,0.0045529110523795735,0.028250859524398264,0.6133664668283516,0.05658494944707652,0.06352871157694386,-0.006353719300022931,0.01456828895243234,-0.03534494280756917,13112,876000000,23.27,0,2,3,6.244599202765979,0.13972179530622364,5.174759300505858
13.009920000000006,0.0,5.0,4.957059245695778,0.5402228839000326,4.866536251208292,-0.9994008411055023,-0.0018505996489069836,0.0037397506329618106,0.03435910859957214,0.5941105636723234,0.08453946065530117,0.05450647369736418,-0.006516122857647133,0.0068266468133515446,-0.10261148418067023,13113,84000000,22.86,0,2,3,6.1789142459213275,-0.2509267953402167,4.3667914081187185
13.188465000000008,0.0,5.0,5.062042601735934,0.5486640678110171,4.873808233658781,-0.9990997849283563,-0.0017560329272491156,0.004688671913583846,0.042125437210280836,0.5629310867629318,0.09453856562340561,0.01458326717336908,0.0023864374497861718,-0.02617752688820474,-0.06537458903039806,13113,255000000,22.19,0,2,3,6.2120275164827,-0.3584589896901122,5.898291392586109
13.188465000000008,0.0,5.0,5.163824777958571,0.5580097563273009,4.877695168543668,-0.9987758205216175,-0.0019208341077997888,0.0061869051503156405,0.04903970781275985,0.5577832714685623,0.11248320332256545,0.02157969695282245,0.0027160575200468884,-0.004922390644424013,-0.09039392607519403,13113,415000000,21.38,0,2,3,7.092563810542438,-0.6235052520195512,4.8665476807198855
13.365000000000007,0.0,5.0,5.307621035904812,0.5759455253901729,4.873002061786853,-0.9980258006351916,-0.0015441486415941497,0.010863228627146502,0.061839365579309635,0.5382051369743353,0.1383397729380827,-0.0620520496891126,0.007610602051499882,-0.04128858054173179,-0.06336041296890471,13113,585000000,20.64,0,2,3,6.116080866871906,-1.0124897012810585,4.317696841866873
13.539435000000006,0.0,5.0,5.4213492284236535,0.5879840924010677,4.862607444725314,-0.9979481832123756,-0.0020064144969271598,0.013451000498406092,0.06256571353047197,0.5699243095712512,0.12295426356996997,-0.06944048779201749,0.0045293563744053245,-0.015752939088997664,0.026447942400409374,13113,741000000,19.34,0,2,3,8.547469317995686,-0.18735980064051708,4.335073189750157
13.711680000000007,0.0,5.0,5.516438586399763,0.5988637817061723,4.856648982241076,-0.9976513971843699,-0.001421376705476751,0.013353838947331099,0.06716654204069367,0.5871101999760373,0.1627991900345112,-0.0393696626533477,-0.007149098064473947,0.012187991615064675,-0.11385698744561523,13113,984000000,19.28,0,2,3,7.87640438004307,-0.7336610374431751,4.795014717771
13.881645000000006,0.0,5.0,5.6415728559942675,0.6138689029246067,4.853293917387256,-0.9971812491876699,-0.0017884680583916332,0.011904023363790388,0.07405843556460329,0.6293467598006286,0.15511587059109744,-0.030343718287115427,0.005061763886260451,0.014702685166412266,-0.0177762669409276,13114,260000000,18.81,0,2,3,7.420627700990459,-0.09809964095353046,4.19913289927093
14.049240000000006,0.0,5.0,5.801638232567601,0.623376479543666,4.849835546186741,-0.9976311936217787,-0.002400380401656547,0.01061999714231997,0.06792242153670236,0.6661074713235331,0.11774729633930558,-0.023249568173802936,0.004414092745719245,0.008166790757968556,0.09469962315051816,13114,472000000,18.2,0,2,3,8.24151821412994,-0.21673176579537826,4.070077868555925
14.214375000000006,0.0,5.0,5.961863952908668,0.6288864506762434,4.851853023286573,-0.998502064543009,-0.0029759096152094365,0.00962991444164794,0.05377765161437498,0.6620776011154152,0.08904076913400075,0.004092867092179648,0.002563367570473929,0.00831362085591536,0.13574302283814177,13114,696000000,19.03,0,2,3,7.126302552694016,0.40292116004966855,4.852404668167998
14.376960000000006,0.0,5.0,6.09805162635417,0.630230946622847,4.854629912101903,-0.999190818686541,-0.00338960654853456,0.00887962065553606,0.039081591024162476,0.6904360877360836,0.05331795355344697,-0.0015376108221551467,0.0023224676169775194,0.006044812289474066,0.15314542688429356,13114,917000000,20.57,0,2,3,8.368479049324977,-0.1286460218945733,4.878914524443758
14.376960000000006,0.0,5.0,6.254541577697127,0.636495649106199,4.8582177664181065,-0.9997154882914906,-0.0020348990417120103,0.006420845675834048,0.022881748115113676,0.5576498012385532,0.06055098413660844,0.004072907223314829,0.00018901598721754453,0.014670264408778166,0.10141507955268025,13115,124000000,22.45,0,2,3,7.732892612832242,-0.7403331479714343,4.335959347920561
14.536905000000008,0.0,5.0,6.357704306384211,0.6418047038900427,4.859056222460593,-0.999868407656222,-0.002204622894427388,0.00594958643361059,0.0149301517130066,0.5834075239648182,0.04309988345747429,-0.008256994156914181,0.0014375939713318076,-0.00120623990369495,0.07960909788380377,13115,300000000,24.19,0,2,3,8.861094748347242,-0.6532659210816106,5.207747518603987
14.694120000000009,0.0,5.0,6.487628592877392,0.6506269596072517,4.860454574426971,-0.9998326465770755,-0.002327058278645303,0.005464377789515469,0.017303300662648013,0.5975586833168192,0.06968792441275544,0.0044113561607929145,-0.0008744745173316915,0.006688716985081555,-0.07287170010386035,13115,470000000,25.0,0,2,3,8.186334056571651,-0.8004201881450232,4.478723339129848
14.84851500000001,0.0,5.0,6.573756507978408,0.6565788937452086,4.86157269580982,-0.9997532709004606,-0.0021951055226299273,0.005235533025247013,0.02147482315447591,0.6261052175754718,0.06366698600433414,-0.0015353880496637498,-0.0016359563574042113,0.0010584242772893049,-0.05076959751022514,13115,661000000,24.72,0,2,3,8.904413801247552,-0.7467067487251391,4.776491524550606
15.0,0.0,5.0,6.6897730712929935,0.6618152451670851,4.861773697094547,-0.9996608995290317,-0.0019383087752319428,0.005490568664834263,0.02538075191233924,0.6556402917900029,0.055641357014785044,-0.010060634550143903,-0.0029384021672740346,-0.006484230107162148,-0.038587064409512095,13115,918000000,24.29,0,2,3,8.445885323794265,-1.4828192168963261,4.594385430236044
15.0,0.0,5.0,6.838318103531073,0.6641238033253365,4.860026929962244,-0.9995961835578067,-0.0018943275908396254,0.0063937474571745725,0.027622478764588287,0.689085012081062,0.03756313009827767,-0.021548762557334213,0.0006273958035762917,-0.00953327007664484,-0.005437846402855939,13116,103000000,23.9,0,2,3,8.820104754506314,0.04778092235136938,4.681882510181534
15.0,0.0,5.0,6.950450275486531,0.6627808309753542,4.857377349825151,-0.9995977604389781,-0.0019171458582673707,0.00726930226536673,0.027345915996949133,0.7090659932126464,0.023703335268757876,-0.030116979602469673,0.0004397501953690153,-0.011876765984197846,0.008875953699316597,13116,268000000,23.68,0,2,3,9.282319578931208,-0.04226863940909725,4.7805480894722
15.0,0.0,5.0,7.1053312895031295,0.6593946366378679,4.853169722951178,-0.9996003647198961,-0.0020127488201458175,0.00831453745764847,0.026943054038155057,0.6965998211323341,0.02296171295397724,-0.029442691642765147,-0.00038144400207329454,-0.007287265680133714,-0.004859131149714813,13116,471000000,23.72,0,2,3,8.946420264740283,0.09223221220781719,4.030504637995751
15.0,0.0,5.0,7.232039384767496,0.6560351898171789,4.849524934809751,-0.9995554473352655,-0.0018782711672869568,0.008992568237832923,0.028363947473985796,0.7092388816540889,0.01789737295085206,-0.03501328367738081,-0.0010495960850676056,-0.007706049836997408,-0.022975709180173,13116,710000000,23.75,0,2,3,9.700420356445012,-0.7292158444303702,4.61731594745303
15.0,0.0,5.0,7.385962884438765,0.6517431336019023,4.8481183761841145,-0.999497555610186,-0.0017482093623416694,0.009370356817840715,0.030228736433972503,0.6901560713666097,0.02451320326545451,-0.004459522477867009,-0.0022147910385683645,0.0011230630207137438,-0.010293092236679513,13116,961000000,23.59,0,2,3,9.183934017685218,0.35099004177934834,5.76272620724443
15.0,0.0,5.0,7.566968494969388,0.6456639652041286,4.849295069062957,-0.9994853914255492,-0.0012318570928697972,0.008992827036677552,0.030766278892773058,0.6885525724817427,0.016507753524969998,-0.023394432810668917,-0.007392291036012466,-0.0013718072750634747,-0.0034238137686770642,13117,140000000,23.36,0,2,3,9.181435038410152,-0.6436629375556447,4.595912598612812
15.0,0.0,5.0,7.7651293052119055,0.6394330552852988,4.836304909280414,-0.9994279368905228,-0.0006530520973244422,0.010653989858839006,0.03209150955936835,0.6372545250986807,0.033717001166588705,-0.06929854284576793,0.004299557076592464,-0.01654346597206313,-0.020433236204553396,13117,405000000,23.27,0,2,3,8.319392509380759,-0.08182479967621442,4.9913021089163205
15.0,0.0,5.0,7.963834952318584,0.6441569540176445,4.819265070973037,-0.9991409972527961,-0.0012976616802783574,0.013263555104061367,0.039238524295047816,0.5955090245975319,0.08238354634599603,-0.067638370042379,0.006953314596103155,-0.01501453889432014,-0.10675213852664456,13117,588000000,22.99,0,2,3,9.581020200168735,0.505317091448799,3.969150534557595
15.0,0.0,5.0,8.070068567439165,0.6527542072804591,4.8100897332744825,-0.9985654613624957,-0.001774061810610436,0.014551119996289195,0.05149890275968699,0.569936243236316,0.11632999396551655,-0.06742334238116945,0.00835622940940084,-0.012501652963692322,-0.15485272306250408,13117,804000000,22.24,0,2,3,9.859598992375837,-1.183699173699096,4.780552413170626
15.0,0.0,5.0,8.195575351381606,0.6635830451398036,4.806501955309649,-0.997996192836986,-0.0025282954058591404,0.012779778505731296,0.06191836614903973,0.5585996308346542,0.10663608086340401,-0.003690861240765053,-0.00014687314244810068,0.03377620560058858,-0.035632441722555086,13117,946000000,21.0,0,2,3,10.023795614623259,-0.25278536916444516,4.890441123494307
15.0,0.0,5.0,8.311666523793022,0.6676638188489,4.809439260478733,-0.998135894494189,-0.0024599852581462765,0.009821811670236472,0.060184853662105575,0.5855921537944281,0.07826463886409703,0.005588786205188724,-0.002552650630605058,0.02613161013869103,0.04925437024212442,13118,129000000,19.91,0,2,3,9.617332172170563,-0.48121985894957586,4.408529366473893
15.0,0.0,5.0,8.40485906292315,0.6691317569091458,4.81208969408532,-0.9983993015668258,-0.0025960265469291434,0.00802022129649109,0.055926481450178034,0.5709840095419458,0.07538855028993487,0.006330334901143328,0.00026168486328970175,0.01965936207852792,0.05600750337180216,13118,338000000,20.06,0,2,3,9.869155706762099,0.1544352018022193,4.067173502202993
15.0,0.0,5.0,8.551245643627983,0.6766971879277173,4.819860751357409,-0.9982820239323381,-0.002603343195028162,0.00508568218470494,0.058312598419891226,0.543514585842639,0.10583116596773785,0.045333911339711756,0.005136420941198594,0.030032342147023883,-0.056498751655453816,13118,513000000,20.49,0,2,3,9.17118541951636,-0.46470459646585904,3.7449355315930797
15.0,0.0,5.0,8.692320124209504,0.6876768607493924,4.841794202089713,-0.9977563448190538,-0.003206840238624424,-0.0004129344152551085,0.06687168335083277,0.5336181437075846,0.11206225436771411,0.12347148685603919,-0.00425529942731373,0.06993899878580123,-0.1420258078724146,13118,737000000,20.25,0,2,3,10.904882741610956,0.8250691327052002,4.6885580239555456
15.0,0.0,5.0,8.825790623069432,0.6954237210600117,4.8825002920879035,-0.9955029327617024,-0.0028983951962129155,-0.011618192989263745,0.09397088783128688,0.5449507049720199,0.12798884650715317,0.20750568632467506,-0.019125397739117034,0.08748976033530198,-0.21824334980919957,13118,920000000,19.4,0,2,3,10.463890485799078,-0.5858284291481433,4.85415301287669
15.0,0.0,5.0,8.94943472207511,0.6967280972705462,4.922973372226315,-0.9941789623675386,-0.002124051687707338,-0.017350301237882147,0.10631390425145065,0.5413035678044925,0.11202951544522428,0.19206154764856934,-0.006133222768767155,0.026572505885269493,-0.04237453504174482,13119,131000000,16.36,0,2,3,10.881224809732254,-0.2911576671463887,4.551035783139099
15.0,0.0,5.0,9.059141144615598,0.6960666413776974,4.95450174578815,-0.9943420340620491,-0.002123174078354457,-0.018056004283934092,0.10465845469181112,0.5226776455940702,0.11131599327942068,0.1633803836463024,0.0029255837262098794,-0.005823860965392669,0.0525813546119025,13119,390000000,15.04,0,2,3,10.468843445919564,0.07434913415829819,5.739790656883809
15.0,0.0,5.0,9.207760826199053,0.6942715654895116,4.988707307505395,-0.9951971567220643,-0.002501423926133039,-0.01496469441112712,0.09670791100960735,0.4911926940348776,0.0944240429100987,0.10178918179589913,0.00013971485941510764,-0.050979838852072135,0.04471962456591427,13119,685000000,15.39,0,2,3,11.17600605581903,-0.23196232261484678,5.293498309185939
15.0,0.0,5.0,9.283076467809106,0.6952257220730053,4.997253357645593,-0.9955076754404593,-0.0019950928596364,-0.009272602729077532,0.0942045995811403,0.43270030401961285,0.09642887043931328,0.03302967293331578,0.0018429407305120549,-0.08431556416326202,0.022560770230484195,13120,14000000,16.58,0,2,3,11.110877309574148,-0.38526622194290155,4.0883624158158
15.0,0.0,5.0,9.343735516050563,0.6972569581864569,4.998472585906045,-0.9957441132537095,-0.0019522241857129698,-0.0038706498972988492,0.09205904524100189,0.42296287357054957,0.09158158933064517,0.004099207330063111,0.009285151827498339,-0.06410250352928415,0.043705135612981394,13120,185000000,17.1,0,2,3,11.87484680973527,-1.040414263904716,3.9165021725097553
15.0,0.0,5.0,9.413808943366558,0.6983771776872864,4.9975196389466,-0.9961205935775445,-0.0021088901069422953,0.0002075219607128461,0.08797313548960817,0.4388580668971695,0.07904138100316378,-0.010713612438389076,0.004804107993550133,-0.04010425036540255,0.05388694298744667,13120,411000000,17.49,0,2,3,11.595207791704768,-0.434307684153069,4.825726890070797
15.0,0.0,5.0,9.505858385109802,0.6968305180072475,4.9948185776564165,-0.9965741495262543,-0.001994920017745659,0.0028978087910552968,0.08262921695354519,0.47013220418185975,0.06312531383301981,-0.017786426957663044,-0.0005047407057645614,-0.016492968825332355,0.05240287027845625,13120,603000000,17.86,0,2,3,10.847552243909554,0.06155498081087446,4.873790172970232
15.0,0.0,5.0,9.583677752705388,0.6934521551699434,4.992317555382553,-0.9968866575481327,-0.0018289685981515299,0.003689773180424657,0.07874028479918016,0.4944588578735127,0.052382083467462114,-0.019870165979490238,-0.0015097275877451466,-0.005953436721028993,0.04603241613949649,13120,765000000,18.52,0,2,3,11.765249282533079,-1.0828916491839844,4.875150638265671
15.0,0.0,5.0,9.653052643870707,0.690016808224169,4.990206124003267,-0.9970290476117754,-0.0018345066133107454,0.0038563821956989017,0.07690800426615046,0.4841397802981227,0.05553643199708663,-0.016874935496749222,0.0013584487305706716,0.0008004976791653462,0.00020834883507347968,13121,27000000,18.89,0,2,3,11.071140728031507,0.4224788486264369,4.7482075775987
15.0,0.0,5.0,9.740155305999076,0.6868874376691396,4.987988286685224,-0.9969782620288347,-0.0018728182096178114,0.0037214602801726305,0.07756924859311887,0.48659779621596455,0.05512550011384445,-0.01727292359844581,-0.0004107477963088968,0.0003208408799082463,0.0007719868932554164,13121,298000000,19.05,0,2,3,11.830545745177353,0.2629004697640984,3.8891755202824143
15.0,0.0,5.0,9.826337822408568,0.6829748429313335,4.986520495574325,-0.9969982466941134,-0.0018504320721624613,0.0032657631072415846,0.07733308982148057,0.463263819953056,0.05032702090697192,-0.004945715055537093,-0.0008094878978681663,0.009378094637213508,0.002558015648901346,13121,539000000,18.97,0,2,3,11.886126115494283,-0.6296662228010832,4.516385508439283
15.0,0.0,5.0,9.901302173806178,0.6789125707952116,4.986143150664606,-0.9970048576633634,-0.001816106936707443,0.0027596804570269575,0.07726836166909429,0.47314810284166997,0.044135055843896806,-0.0068297343479308634,-0.0008638136478111846,0.0030469207331407233,-0.0007059246115659334,13121,741000000,18.95,0,2,3,12.343227061667545,-0.6141010010024457,4.271335698337154
15.0,0.0,5.0,9.997945499244034,0.6719371747585808,4.9849626562284595,-0.9970935588933572,-0.00156640508340626,0.002511169680006601,0.07612933216134227,0.49173202888799794,0.03513655233450856,-0.009601400123073266,-0.003175999131599383,0.002356084382881818,0.024357411530218087,13121,959000000,18.88,0,2,3,11.903245915815468,0.23264540040157655,4.7091647172723885
15.0,0.0,5.0,10.087592777862401,0.664031759401207,4.983276822922984,-0.9972070984125616,-0.0014217625333527491,0.002457416507562174,0.07463204788163397,0.5050341743432728,0.028294586084719457,-0.013748537354007603,-0.001383221876949392,-0.0008425632074704481,0.0115489517156675,13122,220000000,18.9,0,2,3,13.008912665951271,-0.22627381970357796,4.298341367742411
15.0,0.0,5.0,10.184344081616045,0.655258772296551,4.9821526138836845,-0.9972782068385684,-0.0012551305395916128,0.0023652522661783636,0.07368180503961308,0.4655017392897903,0.028284669495399102,-0.0022816308884536186,-0.0018017225784205948,0.00221169548240141,0.008073070421232842,13122,383000000,18.99,0,2,3,11.871100054639356,-0.3993376844473927,5.962939804462266
15.0,0.0,5.0,10.249915649281222,0.6493122514306224,4.981967824666813,-0.9973004637023068,-0.0011390677665057006,0.002247037212327483,0.07338554658482382,0.47286653543806045,0.025348377805450663,-0.004463422571209883,-0.0016795376268419204,0.0010723666491685435,0.001650344859172037,13122,540000000,19.01,0,2,3,13.376938122886656,-0.4306840547821945,4.34835443028666
15.0,0.0,5.0,10.316223051494369,0.6429842860563861,4.981237032357898,-0.9972824744981031,-0.0009645652585238733,0.0023534222407177734,0.07362877886098051,0.4754234128465236,0.024771943158659614,-0.011893543480392527,-0.003100242861364677,-0.006349953082462889,-0.010821292562468443,13122,702000000,18.98,0,2,3,12.50292076978595,0.30620033532693075,4.055070837798867
15.0,0.0,5.0,10.43039521613947,0.6317090292871322,4.977216985875978,-0.9971437192243955,-0.0008578356339438112,0.0036585521584189037,0.07543396002775721,0.48074825693344503,0.02282741419158122,-0.024276309340391454,-0.0006774633845907374,-0.010424454194435384,-0.012063329722877825,13122,888000000,18.91,0,2,3,12.194014496785686,-0.22118950921140196,5.405266542267563
15.0,0.0,5.0,10.526888994959442,0.6212502919868035,4.972796634098616,-0.9970946742951903,-0.0007152485270003857,0.004320176108151525,0.07604626874546622,0.4845116606373841,0.021050114108007653,-0.028350451786447774,-0.0002209210997250466,-0.0035598300655692583,-0.0020410890101629775,13123,55000000,18.71,0,2,3,11.870646495578114,-0.20760201611695334,4.237087846471356
15.0,0.0,5.0,10.627871996209654,0.6125914330105219,4.9656287749820365,-0.9971059257773587,-0.0008782322286269495,0.004065001753041779,0.07591098239765337,0.438669169071647,0.039932880955860235,-0.03428861300563664,0.006731700977979926,0.011153637933603022,-0.013571120325650554,13123,188000000,18.66,0,2,3,12.39683551579937,0.10900178858774684,4.575054755715869
15.0,0.0,5.0,10.729345484081252,0.6101717365057209,4.9663149757132965,-0.9965400341103691,-0.0018945665432190738,0.0007302304321289044,0.0830893362377717,0.3987264377172313,0.06908920787332903,0.028150826009591023,-0.0008530994193733932,0.033934505336219445,-0.07241485363920219,13123,375000000,18.66,0,2,3,12.032380675346118,-1.0438268528638814,5.250345047654416
15.0,0.0,5.0,10.812930760790804,0.6117509337266638,4.9759558535182,-0.9960308697713718,-0.001817250895373921,-0.002229414922821653,0.08896197935505668,0.35545694288193364,0.0761894208720659,0.053030764061713975,-0.005436728315544315,0.01742003641993506,-0.0672328234941233,13123,555000000,17.87,0,2,3,12.51396126428289,0.22553951494419727,3.789242429708669
15.0,0.0,5.0,10.885220295396085,0.6152071801708854,4.985000307458676,-0.9948769940816442,-0.0013118928320847323,-0.0026322103546508125,0.10105007200847388,0.34770976431037914,0.09289534648457201,0.04264030886445629,-0.0037739860545116244,-0.004431519801073591,-0.14928311720723286,13123,706000000,17.29,0,2,3,13.141926219403953,-0.12456961429305763,4.661543173472807
15.0,0.0,5.0,10.976883332002979,0.6189421911991145,5.00002051495368,-0.9937237620595127,-0.0012670318787463553,-0.0021246863667416394,0.11183454321608272,0.34336139525379294,0.08391786370013074,0.06621786399528687,-0.004733971081805066,-0.0017943653233487566,-0.030325778789119795,13123,911000000,16.11,0,2,3,12.390709688336718,-0.2417983237145194,5.599791852640035
15.0,0.0,5.0,11.064284116219264,0.6174678473531624,5.013910987305076,-0.9937865899580095,-0.0007706010925668089,-0.00206356703866348,0.11128055303899231,0.35314614207177575,0.07187349225984221,0.046271802551361964,-0.0034256410117450287,-0.007882697309469222,0.004701717284660845,13124,89000000,15.12,0,2,3,13.009169442711793,-0.23104353668652633,4.80533717524877
15.0,0.0,5.0,11.111828191561226,0.6178138706263235,5.017639473230051,-0.9936358136081113,-0.00043416124316311493,-0.0007936725830716744,0.11263681238028889,0.3115570490933256,0.08308457540311132,0.011881054348216655,-0.0020846482811975875,-0.02557131647336064,-0.03567919702618383,13124,295000000,15.29,0,2,3,13.524464595058433,-0.4639152628914076,5.06925966020487
15.0,0.0,5.0,11.173604820224712,0.6209619770656956,5.017632339184844,-0.9933220078462652,-0.0004916679615550291,0.001667450760246702,0.11536189405016523,0.2920579814741001,0.08425134797071533,-0.0049514738156233844,0.005489822251547594,-0.019751113359234296,-0.010732406190072652,13124,417000000,15.26,0,2,3,13.179565293899534,0.16091878913140317,4.4685879126870205
15.0,0.0,5.0,11.229981230625878,0.6222164847996214,5.016388837005697,-0.9933699866771779,-0.0005453533108209783,0.0028659185659601636,0.11492414310980453,0.3134327297484975,0.07330403437650587,-0.011329606186642402,0.0015456821643056173,-0.00879155359143624,0.01510960137238726,13124,559000000,15.12,0,2,3,12.269711501110361,-0.0548258831253281,4.914082378764483
15.0,0.0,5.0,11.300255120978536,0.6211015715744722,5.015201981959601,-0.9935855181629857,-0.0005241867469951947,0.003373694725780373,0.11303168365083549,0.30625312913805836,0.06475055963364225,-0.002861281230764163,0.00015988583186299365,-8.456974107673432e-05,0.006301448092926876,13124,801000000,15.24,0,2,3,13.025948629617755,0.20709309760179406,4.540171557786275
15.0,0.0,5.0,11.36053484730174,0.6218353576654859,5.015648685819089,-0.993252171100694,-0.000611698638736458,0.0027834711373463496,0.11593965118526317,0.2806703474858442,0.0780501356754349,0.003584740506861206,0.00010627751296787835,0.009637482617108617,-0.049390651474823244,13125,6000000,15.48,0,2,3,14.323613828341571,-0.8834751796553582,3.975635963723425
15.0,0.0,5.0,11.424873247449252,0.6247130543726223,5.02072869961395,-0.9929571926783136,-0.0006791328238029137,0.0010809514766457204,0.11846680476367721,0.2512856138156241,0.0697480738681868,0.028506563041293804,-0.0020727090259242686,0.013383142231759848,0.0012380620233898298,13125,235000000,15.21,0,2,3,12.312615594838213,-0.6545139618490088,5.007291427100795
15.0,0.0,5.0,11.485356497633596,0.6246186670389282,5.02643053768045,-0.9931612172414868,-0.0006011602929171781,9.933735787966299e-05,0.11674941244306108,0.2764331696185048,0.06354538004580904,0.023022603116105766,-0.0014586869156119064,0.005921829733779305,-0.0025187992719111207,13125,463000000,14.96,0,2,3,13.148897585634066,-0.2730998248210698,5.289353576381698
15.0,0.0,5.0,11.535278152231703,0.6278566177529529,5.030180474963942,-0.9922123129720395,-0.0005095083966450995,-0.0003391006916774031,0.12455661924839695,0.2550794541466303,0.10116598884700682,0.01897126386177105,-0.001740686013818049,0.003848065762213082,-0.141478878504131,13125,690000000,15.18,0,2,3,13.395061250128776,0.15231572266546123,4.66655481570005
15.0,0.0,5.0,11.582052275574474,0.6357058395713207,5.032343129398208,-0.9910153151255061,-0.0006082523100901967,-0.0007274047593655187,0.13374507878100345,0.2261070084775804,0.11283869759406576,0.005398736196379082,0.0012833641562792764,0.00485373061565042,-0.06431120200431906,13125,888000000,14.45,0,2,3,13.67379675313661,-1.1977919796476055,4.682571235531966
15.0,0.0,5.0,11.619203708014973,0.643449565093218,5.033542334012458,-0.9905384649104747,-0.0007154090712191348,-0.000823152688578679,0.13723104656859736,0.19700462194300014,0.10440236577567608,0.011475666665662231,0.0009292953336625942,-0.0014034111472938093,-0.03090712179982802,13126,153000000,13.64,0,2,3,14.0530204082743,-0.3446585020137031,4.75035739021085
15.0,0.0,5.0,11.658929291696793,0.6503306741279328,5.035535129632343,-0.9904811564558118,-0.0007219366384315917,-0.0005966443524015579,0.1376452016198333,0.21550857291000822,0.08981877990723511,0.008971326078841766,0.0003418821478362588,-0.002856351989066752,0.020340303308330476,13126,381000000,13.42,0,2,3,13.47545223685591,-0.49172942761000155,5.761932430979076
15.0,0.0,5.0,11.71388952117618,0.6534506690183938,5.036711482256315,-0.9908049709835847,-0.0007598776268638276,-0.00028204698573841655,0.13529542678785417,0.25525743058164135,0.07395440678378606,0.00236955582695424,0.0006278664841374848,-0.0027999018584523583,0.023116996271710377,13126,541000000,13.53,0,2,3,13.392257495843777,-0.11220817528935656,5.213188180507338
15.0,0.0,5.0,11.7640621189455,0.6523488513673146,5.036637471106619,-0.9911850622543201,-0.0007736819233381832,-1.1300795166537328e-05,0.13248235223029803,0.28317110416949787,0.06303097855726275,-0.0027406381665610385,0.0005803354554245743,-0.00308715536903037,0.03689612858579494,13126,739000000,13.93,0,2,3,14.43323943149037,-1.0714315078832706,5.559465224525152
15.0,0.0,5.0,11.833945414885584,0.6504599301211619,5.033891377361012,-0.9915468837778834,-0.0011573282352920977,0.0005949492426889351,0.12974237510205722,0.2540903975362845,0.060668730925218725,-0.016505597699343854,0.0014030038528289879,-0.005120567220728844,0.01576538779772818,13126,911000000,14.35,0,2,3,13.496711853395082,-0.3462106990535883,5.009932185101347
15.0,0.0,5.0,11.89360036745615,0.6474478528756878,5.029790077100961,-0.9918022335009422,-0.0012182544879953397,0.0011956361584664343,0.12777095105195696,0.26958820089573443,0.05364320991940341,-0.021181049788091773,0.0023913789618745795,-0.004955755639457493,0.0190391976502724,13127,119000000,14.76,0,2,3,13.632259580399035,-0.835370211330303,4.701884956009915
15.0,0.0,5.0,11.949241993839513,0.6464994015888279,5.025214302097942,-0.9920545811024031,-0.0014865587065098526,0.0015644809049346615,0.1257897080704362,0.23055996813387947,0.06279209016664203,-0.02197966667742101,0.0009221590403285518,-0.0019080292076978367,0.01640471145947231,13127,326000000,15.07,0,2,3,13.990739151401899,-0.7618787792768884,5.5614881028346765
15.0,0.0,5.0,11.994060597018423,0.6459257245763381,5.021300300484115,-0.9921823144236243,-0.0014275291311157709,0.0017135204699418615,0.12477692476239122,0.2515278462747702,0.055316260445130695,-0.023204136267583452,-0.0005889571070838429,-0.0016369090189982671,0.008063506356847938,13127,573000000,15.34,0,2,3,13.651903783619922,-1.4210170810135825,4.128113299889376
15.0,0.0,5.0,12.059013686565745,0.6418688914222607,5.015879949792365,-0.9921318490855756,-0.001238506468722035,0.0017632103989103885,0.12517887689563578,0.27892693152002906,0.04648228307289025,-0.024076936103685158,0.00025410672606085427,-0.0010213387270141538,-0.009211621363647282,13127,795000000,15.5,0,2,3,13.493565692648103,-0.2857939185597298,4.5844603480944155
15.0,0.0,5.0,12.117022241534464,0.6358260154852312,5.01113114083525,-0.992009100371804,-0.0012823254380721874,0.0020211675767731418,0.1261436296553312,0.2925381428663308,0.04148879537991821,-0.023871202613235675,0.003943170850106981,-0.0011606705243139004,-0.01728575152810663,13127,973000000,15.55,0,2,3,15.065949228433265,-0.44819563737673934,5.051164762890501
15.0,0.0,5.0,12.197041389440397,0.6315738926686085,5.009757338209029,-0.9907258655668669,-0.0021115093975494197,0.00022715566946487627,0.13585929936941504,0.25422937539426194,0.05966860417392572,0.0028340432213913628,-0.0038440804928541183,0.011873092626046855,-0.05766801550635137,13128,154000000,15.56,0,2,3,13.648071932044916,-0.6923548679994604,4.778440630535061
15.0,0.0,5.0,12.245135328277563,0.6286112830818527,5.010285899413771,-0.9902084526886009,-0.0018946994498477187,-0.0005390682891142029,0.1395827344030095,0.267750502238903,0.054897698777787794,0.003042244713954287,-0.0032778383001641487,0.005744023428633227,-0.03156288657919504,13128,312000000,14.7,0,2,3,15.421341667654556,-1.1493971831002372,4.279340344064305
15.0,0.0,5.0,12.301192161397424,0.6275745441936664,5.011770171630171,-0.9899488177291582,-0.002016492287203185,-0.0007888841162734312,0.1414095106325895,0.23012653231002494,0.07445165999567763,0.00964420503611728,-0.0006497387261106269,4.678329013074745e-06,-0.004470960311664385,13128,492000000,14.43,0,2,3,13.910963862487378,-0.21487491760101846,4.086170639126601
15.0,0.0,5.0,12.355862818997576,0.6273315862662584,5.0133566845527024,-0.9900840691649756,-0.0018131834229514032,-0.0005660519657323447,0.14046326187573166,0.24250203469619006,0.06395950574830159,0.008566372729442854,-0.0023799993641659967,-0.003233692905268981,0.014239791380532552,13128,706000000,14.41,0,2,3,15.52740116357487,-0.9646632888901641,4.655469384447999
15.0,0.0,5.0,12.402790110702945,0.6272378939549244,5.0184527970269635,-0.9901910412960295,-0.001451850982989647,-0.00042587023992001686,0.13971189104849535,0.21255300866406027,0.06503592289545851,0.0393201954637494,-0.004181934446023661,-0.0005858058017338408,0.0038704349663021276,13128,893000000,14.73,0,2,3,14.410407307204862,-0.8742795147102845,4.958004035332265
15.0,0.0,5.0,12.449082196256818,0.6263976464012518,5.025846827977063,-0.9903045093362031,-0.0009514594729179984,-0.0006812972395205633,0.13890863669090142,0.23298514748857774,0.055548463661040395,0.03528317211110373,-0.0048749496727396036,0.0031716091825728654,0.010718762769101886,13129,146000000,15.0,0,2,3,14.690493004329353,0.08732350132965405,4.287587922311599
15.0,0.0,5.0,12.498514240219603,0.6228239220372194,5.032049530955365,-0.990444232584403,-0.0007662908559351428,-0.0008617831107361287,0.1379089999546323,0.25067931132024424,0.04640689379807459,0.027842750262288406,-0.0012993342579648015,0.00027721585951212546,0.009114694967138348,13129,378000000,15.34,0,2,3,15.013661714392066,-0.08026603031137813,4.744216426119938
15.0,0.0,5.0,12.56121260443454,0.6154441237798854,5.037306193316376,-0.9904439271490201,-0.0006917473917285592,-0.0006572490840808546,0.1379127139998838,0.2670895274022274,0.0379023211397369,0.017407377046656135,-0.0003034710346128122,-0.002980427098009386,-0.006364614637277555,13129,585000000,15.65,0,2,3,14.28442936733975,-0.13703295920412878,4.603845872316195
15.0,0.0,5.0,12.61003639308177,0.6081323842497143,5.0397039970409825,-0.9903204725089898,-0.0006297228340494516,-0.00035438015222104356,0.13879783713527893,0.2761218870024156,0.03309491257670286,0.010333921009530778,-0.00014086437403193486,-0.0036892200114380103,-0.012266947578609688,13129,775000000,15.88,0,2,3,14.863226173462163,-1.2554798658520512,4.388278983384298
15.0,0.0,5.0,12.655166982744987,0.6016956314685661,5.0426321842502615,-0.9902816842847819,-0.0006043183289360418,-0.00019292388903398937,0.13907474015731797,0.22687765361095696,0.036239234218640656,0.022441206485358373,-9.862955749895264e-05,-0.00035956179544882616,0.003644459411589196,13129,994000000,15.87,0,2,3,14.423914059253327,-1.2522265221443996,4.817190043705797
15.0,0.0,5.0,12.700855806398817,0.5956852206635214,5.04675806524857,-0.9903457550402126,-0.0004386442631203513,-0.0002471642613666499,0.13861829596005482,0.23256338252362077,0.031475639660929165,0.018049482759411182,-0.001815827238260681,0.0006330829023681872,0.004661209823098034,13130,211000000,15.86,0,2,3,15.509959016374047,0.25460566088412817,4.871927299419143
15.0,0.0,5.0,12.738735017274001,0.589757546840054,5.049189643957654,-0.9903913476741396,-0.0003185798788005787,-0.00032744339396571743,0.13829233434968857,0.24224118230657768,0.027495522048203345,0.01303203243681215,-0.001466143498873862,0.0008170015860287094,0.0037271930295901257,13130,508000000,15.81,0,2,3,14.948359153091896,0.014024219134176508,5.073542120033182
15.0,0.0,5.0,12.792816912934304,0.5801220583250714,5.051171298496016,-0.9902378754249453,-0.00023609703285084666,-0.00032361649435834813,0.1393871931148828,0.25350664923292643,0.023747867173250344,0.005657530424454717,-0.0006053541483197478,-0.001060300883182208,-0.014122942775429692,13130,694000000,15.7,0,2,3,14.374074026552496,-0.018044598689746616,5.661315922035323
15.0,0.0,5.0,12.848442497573494,0.5690582668825326,5.051519540349618,-0.9902786480553787,-0.00014243118185454297,-0.00010763157437593843,0.13909768989603583,0.24967191017450324,0.02013646166820145,-0.005633274933259152,-0.0010189570502916467,-0.0061142378854128765,0.007719322729826672,13130,909000000,15.39,0,2,3,16.20521815524029,0.09841435214175598,3.77370972030356
15.0,0.0,5.0,12.892439771195747,0.5615370062521682,5.045163494240388,-0.9902012311624868,0.00021494613091963433,0.0017773699583926708,0.13963637262005607,0.16548759908643426,0.02376143637962692,-0.04761625351821774,0.001170232900449264,-0.022148381867737044,-0.01118132795454585,13131,125000000,15.22,0,2,3,14.638298548737636,-0.6787071527034315,5.338708623983798
15.0,0.0,5.0,12.922956008196351,0.55686748349559,5.036399346285459,-0.9901204320459424,0.00016239239934227618,0.0032811939390878825,0.14018108802616414,0.17352529643102385,0.020567610705708624,-0.05124168640129837,0.0028780820684914943,-0.012650494591071038,-0.002903378322116623,13131,333000000,15.05,0,2,3,14.513719658108469,-0.9392212728677718,3.7464296718502137
15.0,0.0,5.0,12.985881622245566,0.545168768732937,5.020094246734871,-0.9902336919157221,0.0003015671934456575,0.0036529389049897777,0.1393692953614346,0.20031491750864006,0.01587146102584689,-0.04683318474335902,0.0011408973250581766,0.0017503969502286054,-0.005817517376272008,13131,532000000,14.82,0,2,3,14.011939137090346,-0.9975996239168304,5.099509444898744
15.0,0.0,5.0,13.042684969492335,0.5340060830977416,5.007875818422843,-0.9896359673018478,-0.0002951072203843379,0.003476719760271257,0.14355653086492687,0.19026593186207216,0.034257472944123527,-0.04491398696021161,0.013608303106593667,0.0017223703707713867,-0.1054800690326374,13131,723000000,14.61,0,2,3,14.962735487611106,0.42201502897270704,4.844886243673948
15.0,0.0,5.0,13.085961897545412,0.5369986374815894,4.996350245727821,-0.9862828397002197,-0.001575012812097178,0.003437690218576805,0.16502079182173784,0.12011486143935013,0.06986903435876986,-0.04307781250424385,-0.0017817360571825702,0.0027652145035972353,-0.15879504644544795,13131,965000000,14.01,0,2,3,14.89923670141739,-0.48518256600823695,4.628063651677918
15.0,0.0,5.0,13.107241016244535,0.5421001159567902,4.988942531026557,-0.9842153794565067,-0.0013174094080500628,0.0030775677986212314,0.17694315429024354,0.06980334155449588,0.05125771040831996,-0.033377058002711076,-0.0029995410159244784,0.003762356141123746,-0.0920335398404859,13132,140000000,11.72,0,2,3,15.243467420948644,0.12228275436733232,4.64742866921807
15.0,0.0,5.0,13.128710236380481,0.5460979386871078,4.982065238223317,-0.9835338249332649,-0.0010469316086329427,0.002532088895607697,0.18070336928838093,0.08820769586837979,0.04313621054989213,-0.026062080186571423,-0.0027206581535210717,0.004551571100819274,-0.0010469257347267558,13132,313000000,10.37,0,2,3,14.468653423891597,-0.6310989762211451,4.644191084689217
15.0,0.0,5.0,13.158085814406105,0.5459098990510578,4.976109912765349,-0.9835718372517668,-0.0009411147537929396,0.0017697793365110878,0.1805060197037885,0.10631706371107266,0.04166896063015849,-0.017791367298777287,0.0013097203236611676,0.009903809223033022,-0.01756021647452144,13132,516000000,9.87,0,2,3,15.118362405734475,0.2525869430424059,5.287561120295545
15.0,0.0,5.0,13.184153313099177,0.5516820081278244,4.974202980243206,-0.9822918254444395,-0.0012822102102379206,-0.00021621465245732954,0.18735281917609686,0.05800657771912471,0.053682040714080594,-0.004375646081080738,-0.004955484337187954,0.011757126503653126,-0.057230012680520304,13132,688000000,9.83,0,2,3,15.074763616216067,0.08582232707538368,4.797624950528238
15.0,0.0,5.0,13.19688653156442,0.5574088492718015,4.972214563672554,-0.9811974033466087,-0.0009451228491935634,-0.0010907914985844598,0.1930014833688562,0.02946832379078778,0.03887778199348393,-0.011371543395324252,-0.0043246994664514204,0.004478400296648033,-0.0491349845106015,13132,913000000,9.08,0,2,3,15.543469116519917,-0.6100518901890679,5.049293818338783
15.0,0.0,5.0,13.200889789096227,0.5634175034384805,4.970714167400021,-0.9802034698321946,-0.0005952579869848045,-0.0015005707525733386,0.1979862411489013,-0.004847369880307055,0.027133116553385482,-0.00365587763060901,-0.001966437559985934,0.0015736005138933251,-0.036226149677531794,13133,142000000,8.41,0,2,3,14.506005145198927,0.6448600445542433,4.68600800561481
15.0,0.0,5.0,13.205010592537073,0.5666681649217442,4.970076192009482,-0.9800007093600249,-0.0005061737681705766,-0.0014816156255793,0.19898783444497892,0.03012875929294842,0.02422616923443107,-0.0033898555195109397,-0.0007109983016562182,-0.001586611426773743,0.004646924435292021,13133,347000000,7.74,0,2,3,14.267328646670235,0.11732244855266732,5.249304078423179
15.0,0.0,5.0,13.211079800735451,0.5672680651480977,4.97087261959475,-0.981630066561294,-0.00014404457939913985,-0.002249745831310622,0.19078084368647347,0.0022377101137690336,0.0034459041583682314,0.003033962254989129,0.0003662594281195197,0.0008849643052144529,0.07746035553282127,13133,537000000,7.54,0,2,3,14.879329120254846,-0.3509529135832306,4.862166738518121
15.0,0.0,5.0,13.201940054620453,0.5731792099453697,4.968691715879969,-0.9834300675515668,7.164061454510468e-06,-0.0011177503227737507,0.18128445277632776,-0.058659247011029855,0.012410577364630315,-0.00678068424084699,0.00041505707599753805,-0.0024016822635530843,0.04649661132134497,13133,863000000,8.27,0,2,3,14.089056885823096,0.3074028860113009,5.385358729795784
15.0,0.0,5.0,13.189272436577648,0.5815311858043378,4.96773275963801,-0.9842518658021719,-1.8788628693284116e-05,-0.0010803409660763547,0.17676848467791856,-0.08696722233359865,0.02048526107729841,-0.003515233220659878,0.0003348714528783603,0.000882871478324887,0.045107267214916646,13134,139000000,8.87,0,2,3,14.480373680341152,-0.017320049903094215,4.826380739263146
15.0,0.0,5.0,13.172272145526899,0.5927238801353487,4.9669976295089,-0.9849709093726445,-7.365054935587706e-05,-0.0011879110009681885,0.17271621560431527,-0.10932018414657677,0.02564516214138373,-0.003980448974178245,0.002062325984297786,0.0016322108194799512,0.03573872636479791,13134,407000000,9.15,0,2,3,14.97320829632242,-0.07542232622720041,3.7722710658108625
15.0,0.0,5.0,13.149593170550881,0.6070974130981974,4.966840256976053,-0.9850762929557173,-0.0006842837459622292,-0.0015890836123784978,0.17210956866382948,-0.11950185827312683,0.02665379317794056,0.0009821495624616758,0.0012235073995725543,0.0049077656512963586,-0.010531222233112203,13134,603000000,9.37,0,2,3,15.032325541061844,-0.40648288242226976,4.655241717632366
15.0,0.0,5.0,13.134136710572832,0.6184772272215416,4.967095734540338,-0.9848711188055799,-0.0006119432622893941,-0.001766210139443935,0.17327834651171137,-0.052222055092988676,0.023179366390082244,0.0006513317562472101,-0.0032490380590388668,1.1401197386184947e-05,-0.009578381559549598,13134,860000000,9.17,0,2,3,14.73349587821344,-0.1416924093686045,4.813610134576829
15.0,0.0,5.0,13.132237439913737,0.6247395082283309,4.96712696573555,-0.9847889581341842,-0.00015992620354520403,-0.002017498007054696,0.17374294823787434,0.002291700948819159,0.02150561189191358,0.0005853052448453716,-0.0006917479481671762,0.0019037489209949854,-0.005065393588665756,13135,119000000,8.87,0,2,3,14.871593228663302,0.1956824467195329,4.772986384333531
15.0,0.0,5.0,13.131704770255828,0.6303256018979915,4.96793212414354,-0.9845302188713227,-0.00017408639729349297,-0.002194913202831399,0.17520102790549802,-0.02347175627363669,0.02262237661972448,0.006641051611270816,-0.0015559100688733452,0.0013214094565228152,-0.01781724095053505,13135,391000000,8.76,0,2,3,15.044173584007996,-0.5915917110843293,5.1737299717933976
15.0,0.0,5.0,13.125275826192437,0.6368110902590431,4.970316656236777,-0.9841841439528471,-7.331203867549105e-06,-0.0023264367077617566,0.1771331658112038,-0.0409124540433532,0.013777980087252163,0.013250234166902635,-0.0006423415811696032,-5.827714444350818e-05,-0.013692750417249044,13135,608000000,8.57,0,2,3,15.32247447748334,0.0925966406436533,5.421768658955645
15.0,0.0,5.0,13.123767870821963,0.6403316602332918,4.973054446956585,-0.9841635063645557,3.148790328732316e-05,-0.00210587958202277,0.17725054871542895,0.013265411072984064,0.011580401231712936,0.01156645121222052,0.001191479771023296,-0.0034743010701276944,0.0032552590710110962,13135,839000000,8.32,0,2,3,15.609696170447364,-1.1315966866962244,5.136567641054309
15.0,0.0,5.0,13.129419244188673,0.6400706409957249,4.974735152866528,-0.984114355738481,-3.115090169668734e-05,-0.0017037508511386472,0.17752755023402006,0.050768743543636544,0.01014883719691293,0.009840532069147654,0.0016059889048847253,-0.00552511669411615,-0.007940046634757891,13136,5000000,8.25,0,2,3,15.099283267223607,-0.8798538098872126,4.727002655931885
15.0,0.0,5.0,13.145491704733946,0.6363068888646888,4.976605638054614,-0.9841085641648377,-0.00012791747370161555,-0.0009663424758800406,0.17756515355429564,0.09449611057542186,0.008997191498139009,0.007653880149231991,0.002255392178085458,-0.006939925742699415,0.007323848421947332,13136,264000000,8.18,0,2,3,14.798734087285187,-0.36549624463487174,5.10199776966347
15.0,0.0,5.0,13.166961400138778,0.6301233373028184,4.977876586554976,-0.9843067990136993,-0.00022075829130109253,-0.00026031208253154243,0.17646531930892578,0.12297262035062376,0.008390334414791055,0.005263051199848475,0.0019434771047599497,-0.0061141076002968475,0.01178480961243622,13136,628000000,8.15,0,2,3,15.512442242350172,-0.6877260335189271,4.696485146348326
15.0,0.0,5.0,13.184503937805816,0.6263740695020343,4.9781343380106,-0.9842282534842752,-0.00032965669060189056,-3.0064897584927474e-05,0.17690289841000822,0.07794843806962147,0.019403604800758017,-0.001798867951964065,0.0014945490647733095,2.3539465598965137e-05,-0.015654569688194897,13136,828000000,8.25,0,2,3,15.447459072918107,-0.7097994327481071,4.563831355682921
15.0,0.0,5.0,13.20416996565943,0.6235833034511942,4.9774453853010385,-0.9838765717921811,-0.0003709486725155788,0.0001125101433933683,0.17884837493534778,0.10143221440504993,0.018631421807932418,-0.0039646218423524575,0.00033385413473752124,-0.002209848707934725,-0.018791826005326584,13137,35000000,8.2,0,2,3,14.834589107852358,-0.7075246461985759,5.072885520774585
15.0,0.0,5.0,13.224458630722147,0.6192899156323891,4.9766415536325574,-0.9835691587288036,-0.0003485183901410712,0.00035358592238400214,0.1805310596807106,0.12442017358631789,0.01663554130406546,-0.004994333680855407,0.00021927062903159822,-0.0028936183070982224,-0.01913695341499988,13137,248000000,8.01,0,2,3,14.372690031815726,-0.11034355033824417,5.346781037381488
15.0,0.0,5.0,13.24840337717294,0.613184174022398,4.975738399550501,-0.9832919675399894,-0.00019224985626018723,0.0004589536730818636,0.18203477407587615,0.14660700549282105,0.01500311941832092,-0.005216079058427731,-0.0016437995327578392,-0.0004708916492290882,-0.01546098937978968,13137,477000000,7.83,0,2,3,15.950624966178566,-0.8763417787307124,5.411963352973522
15.0,0.0,5.0,13.272643035157824,0.6081830326388704,4.972848829232457,-0.9825488817861912,5.4073358294031565e-05,0.0011851885096417162,0.18600077232359563,0.09560201901321949,0.025966136294456477,-0.024235407203240033,-0.0004618004069811832,-0.012732408777083037,-0.059642575797624886,13137,705000000,7.69,0,2,3,15.94712985666927,-0.670946587469547,4.9167969954669655
15.0,0.0,5.0,13.306246918434777,0.602592120257632,4.965784658673078,-0.9813171955418744,9.609825537382666e-05,0.0021511183155341,0.19238483617205582,0.12534386012352167,0.022616296753406435,-0.023213620148341017,0.0016548941403016215,-0.002953333932964597,-0.027776725073636044,13137,929000000,7.25,0,2,3,15.105385151949537,0.5391647387214821,4.672379342151004
15.0,0.0,5.0,13.338291743059031,0.594736282833314,4.96065010099634,-0.9809061738834672,3.249299131400643e-05,0.0023483618762482794,0.19446738075574704,0.13457241949286972,0.015229856665505595,-0.018718197766532434,-0.003482881311356323,0.0026207860400973004,0.004853580276176217,13138,153000000,6.69,0,2,3,15.766047316585947,-1.3185632558564984,4.782838691099182
15.0,0.0,5.0,13.370476294638857,0.5810347726392393,4.958330289957745,-0.9823896448647204,0.00018994474543549834,0.0006653623440142518,0.18684246539936622,0.10051184872654766,-0.008364735563049407,-0.0019209779515245394,-8.64097820851839e-05,0.006852449723737664,0.03690054909384344,13138,365000000,6.6,0,2,3,14.397085941932058,-0.9563850437223937,4.817723007819821
15.0,0.0,5.0,13.390410007757943,0.5714871522019594,4.958111601993386,-0.9828614859810371,0.00010817792029412517,0.00023671694271199868,0.18434541393203696,0.11735034126852648,-0.007203646094178466,-0.00046133944426927215,0.0010907126661408029,0.0030327952572406502,0.013912266331317369,13138,534000000,7.48,0,2,3,15.510714814251433,-1.479283335980045,5.367948112792701
15.0,0.0,5.0,13.410637479933161,0.5674954360079741,4.958924702403902,-0.9811520057316583,-0.000729178180078639,-0.0004526004715869357,0.1932356206829849,0.07615974919558124,0.03433759003030716,0.006721141455946984,0.001526126249018489,0.008675482422404457,-0.12802699784515426,13138,749000000,7.7,0,2,3,15.0267714742321,-0.6961318875755963,5.6875477201000235
15.0,0.0,5.0,13.429435464582262,0.5670233807778857,4.960235628070596,-0.9790163199610369,-0.0006985142692101674,-0.0009010579372840693,0.20377866773133402,0.09723141173859769,0.0345034438956051,0.00657223443256307,-0.001003747627237317,0.001576765555455495,-0.09372104468639009,13138,940000000,6.66,0,2,3,15.168731905389862,-0.5416301166052208,4.460966100827066
15.0,0.0,5.0,13.451862943810836,0.5642076413222871,4.961367835362768,-0.9774710440501396,-0.0006971423436010427,-0.0007208003535906174,0.21106717528534003,0.11754779817809413,0.03117139066603118,0.005190654189623296,0.0004742118392186967,-0.0036104268929193495,-0.06243818424991332,13139,139000000,5.45,0,2,3,14.403903889933153,-1.609045410162779,5.352649245189134
15.0,0.0,5.0,13.48816233325596,0.5561597470568738,4.962467340775821,-0.9763343400918382,-0.0008807861086403025,0.00025712233474097445,0.21626468611719918,0.13997826646756892,0.02545947628203991,0.0028594983706352194,0.0032017929925132194,-0.007876172730902908,-0.022989497119851876,13139,342000000,4.62,0,2,3,15.119838446948547,0.09084619710899733,4.198686599289898
15.0,0.0,5.0,13.519444087637263,0.5471653198069292,4.963092810362407,-0.9759324868446182,-0.0010118790095029475,0.0010615568014914996,0.2180679488583926,0.14226197320497885,0.020345011586788517,0.00829529099216052,0.0013059320167485566,0.0017771822570011864,-0.007636403006472392,13139,527000000,4.01,0,2,3,15.506736674509447,-0.2271848251324613,5.175353224301327
15.0,0.0,5.0,13.54529963908211,0.5387282623602404,4.970645244575569,-0.9761581731509945,-0.0014930906574982213,-0.0013016633228643585,0.2170513702868419,0.09907133421648001,0.010416642299442901,0.04439493167091861,-0.0056819954806996975,0.022302576326183043,0.018843310499505606,13139,713000000,3.8,0,2,3,15.193738441484124,-0.5728858157941468,5.224005706742091
15.0,0.0,5.0,13.563518648054702,0.5322560008708945,4.978410961416963,-0.9766072981916232,-0.0012698904904750756,-0.002716855546611793,0.21500974673939632,0.11325704565548118,0.009952897331152167,0.04295055334396121,-0.005324042695065145,0.009905518527375534,0.02604474466352258,13139,908000000,3.87,0,2,3,15.624103568664738,-1.0967860872607011,4.06878997148267
15.0,0.0,5.0,13.582503347255901,0.527016786934885,4.985907297300361,-0.9771030560085829,-0.0014053527624929274,-0.003091954272678537,0.2127394715163991,0.06576814983302137,0.018554546536000034,0.026692855944104442,0.001116032626669039,-0.0012750132668770675,0.01683125192357693,13140,220000000,4.04,0,2,3,15.995035332402006,-0.17411856284202698,5.139566288616708
15.0,0.0,5.0,13.59440223607274,0.5248101027150784,4.989660569957077,-0.9773524787099646,-0.001374200218920494,-0.002720898762249697,0.21159593720856734,0.07953528103078586,0.01811990555569597,0.021505877814940608,0.0005631131955396995,-0.006618623910981114,0.013192636924941326,13140,461000000,4.23,0,2,3,15.289257890379531,-0.8383327601924522,4.446604702967866
15.0,0.0,5.0,13.616402083350538,0.5195105321909045,4.994010111685525,-0.9773778087652801,-0.0009153113131786886,-0.002170512382587194,0.21148775381656548,0.10434018949818594,0.017404735453715,0.016128922265298815,-0.0008658182252929691,-0.004676577646023361,-0.0028065966034773737,13140,793000000,4.35,0,2,3,15.023130743214084,-0.47807409618011526,5.292723887740225
15.0,0.0,5.0,13.63849196831633,0.5131577079964016,4.996707270702272,-0.9775029161873556,-0.0007802561522722029,-0.0016338585875376422,0.21091413075388799,0.12155843306298109,0.01606400831037899,0.012026753227905789,-4.775143480628685e-05,-0.0058767783684743335,0.011267231366218766,13140,996000000,4.39,0,2,3,15.692654161722931,-0.7931422032290103,4.710041093704097
15.0,0.0,5.0,13.657613468007504,0.5098223333366732,4.996986441937392,-0.9770945442086207,-0.0008560453236579114,-0.0006412707772703594,0.2128029784470628,0.05796798956721241,0.02674364832627879,-0.006997533458212332,0.0020994144961150596,-0.009792412765818881,-0.03350298538862262,13141,211000000,4.56,0,2,3,14.741049885586417,-1.5435249310405963,4.763456317764782
15.0,0.0,5.0,13.676660915801973,0.5082682597506527,4.994724129424548,-0.9763560136817349,-0.0007305395820869702,0.00035393684360779615,0.21616723985873026,0.08028083496610111,0.02391935803836617,-0.009791386221767224,-0.001644748601847823,-0.004767502923641587,-0.020812607181142084,13141,410000000,4.48,0,2,3,15.479226444702709,-0.2643166196011357,5.165204072723615
15.0,0.0,5.0,13.694907022207797,0.5047676797583809,4.992702366098938,-0.9759704771940638,-0.0005131894738769123,0.0005741951390998932,0.21790143318045674,0.09368995943724437,0.02182987137012698,-0.011046101172003968,-0.0019512231006046932,-0.0010287447707924002,-0.019043572137888987,13141,605000000,4.4,0,2,3,15.28759020461615,-0.5220118641773162,5.414399392264755
15.0,0.0,5.0,13.706850214292183,0.503284851757127,4.989953598379053,-0.9752358676407036,-0.0003262240484559213,0.00044408533599625,0.22116667658842276,0.03783511501681631,0.02012478451623793,-0.019037583268338928,-0.0022006547169439727,0.002170634365938895,-0.048890229663811624,13141,883000000,4.44,0,2,3,15.479043777857392,-1.2173436069372126,5.786689552418178
15.0,0.0,5.0,13.710701032213478,0.5092356845081542,4.981224408421496,-0.9734672478070876,-0.00048050222847287257,0.00015234683402708533,0.22882583629246067,-0.004539339468917014,0.026365807273582918,-0.03660504591898901,0.0024621783722977852,3.075236065797071e-05,-0.044591772893909365,13142,105000000,4.24,0,2,3,15.163859955494843,-0.4756695121965088,4.56522594375525
15.0,0.0,5.0,13.714446220387822,0.512931104910138,4.974065971773399,-0.9727372088541533,-0.0006574198997273941,0.0003912958652221892,0.23190889848656787,0.019522285656632617,0.023651370418751243,-0.035153302142669554,0.0020737669728987385,-0.0030133379141261685,-0.02357606663281331,13142,356000000,3.53,0,2,3,15.122177547949136,-1.34113540172195,4.901360428791088
15.0,0.0,5.0,13.716620724408907,0.5172112949723884,4.969489519187088,-0.9720995424592731,-0.0010796402722503865,0.0005250080036178061,0.23456563749609655,-0.01825702416654225,0.029283740207864135,-0.016667834528755494,0.004904156457996578,0.0015358802784248837,-0.03534859679348301,13142,531000000,3.28,0,2,3,15.649801483175779,-0.4951544762598572,4.457898970886451
15.0,0.0,5.0,13.718226875432755,0.5228016799321167,4.9667691928994575,-0.9714744351938022,-0.0009186400081182874,0.0002264812168677113,0.23714241833058136,0.00972252458962131,0.02734764750242367,-0.012062663182283237,-0.0031222489496940398,0.0029724950309173437,-0.019971174333477393,13142,743000000,3.05,0,2,3,14.821678358024455,-1.3256719684439122,4.972661482470213
15.0,0.0,5.0,13.727464826909175,0.5248736701058636,4.964157838518747,-0.9706297651886058,-0.0007755156682476445,-8.732567054037525e-06,0.2405769262192507,0.04785670776119461,0.023930426536074578,-0.009959310996134098,-0.0013866831295672455,0.0006905188399741746,-0.0352384118741611,13142,918000000,2.84,0,2,3,14.619648372457144,-0.4437822822677483,5.845319246192898
