x_ref,y_ref,z_ref,x,y,z,eta,e1,e2,e3,u,v,w,p,q,r,sec,nanosec,angle2,angle3,control_mode,std_test,x2,y2,z2,real_x2,real_y2,real_z2,time
0.0,0.0,5.0,-0.09620129036156463,1.4659618834294794,4.966348806362532,-0.45020916525114757,-0.0008236572183832446,0.002668452203441635,0.8929187580488436,0.010287249810530388,0.10909326447023944,-0.007528323383698377,-0.00026792542939801933,0.0010598417588880693,-0.013849291190126678,1497,111000000,0.59,0,2,2,-1.2382077606421193,-0.08957328448964512,4.978161851607,-1.2382077606421193,-0.08957328448964512,4.978161851607,7.605552673339844e-05
0.0,0.0,5.0,-0.08700439734358097,1.460066267555883,4.965614922922721,-0.4494105587678605,-0.0008794202999901512,0.002627843665841309,0.8933210345254179,-0.021517673503354023,0.10879513969518002,-0.008263225964098082,-9.875377173784727e-05,0.0016427411878794373,-0.020950119505869225,1497,226000000,0.65,0,2,2,-1.2247604148782705,-0.09321382419313112,4.977346452412468,-1.2247604148782705,-0.09321382419313112,4.977346452412468,0.22347187995910645
-0.002291386001864737,0.07066929128722992,5.08972966070103,-0.07116423985961294,1.4559086641450574,4.964460004971132,-0.4478268464552043,-0.0009921328605374288,0.002570283391880412,0.8941160578524799,-0.06237823616695095,0.1080362585112907,-0.009281469947166941,2.4745459903385836e-05,0.002043204153778788,-0.028880885292892344,1497,330000000,0.74,0,2,2,-1.215818035635553,-0.0993502350576658,4.976601343077397,-1.215818035635553,-0.0993502350576658,4.976601343077397,0.4757258892059326
-0.002291386001864737,0.07066929128722992,5.08972966070103,-0.05221966240085402,1.4560652778470238,4.9631701631588845,-0.4458060719040961,-0.0011268846733791336,0.0025123536603307993,0.8951253344998442,-0.09859158434452839,0.10685000434044152,-0.010169673746384278,0.00022513931838830104,0.0022988954242464388,-0.034866710848291405,1497,457000000,0.94,0,2,2,-1.2067247995650796,-0.11266060186451925,4.975452776782522,-1.2067247995650796,-0.11266060186451925,4.975452776782522,0.75520920753479
-0.009160726391858276,0.14123938972314432,5.179278617806867,-0.023998943704190968,1.4617807230106168,4.961535933455846,-0.44277585854518586,-0.001312928412969594,0.002415096845363336,0.8966281183499564,-0.1382999750279773,0.10411981820761904,-0.008605201488058942,-0.0002331699718638447,0.0025211440288330778,-0.039584717160323635,1497,611000000,1.19,0,2,2,-1.2012771912234679,-0.13096947097634296,4.974195907420448,-1.2012771912234679,-0.13096947097634296,4.974195907420448,1.061232089996338
-0.009160726391858276,0.14123938972314432,5.179278617806867,0.010098469184564281,1.4725665528350134,4.960355629379802,-0.4395607849626585,-0.001494240688720028,0.002227217424620165,0.8982088415676609,-0.15191496162017817,0.10014157111092967,-0.004575002448065859,-0.0010524506251385901,0.002494899604243983,-0.03250157278671395,1497,793000000,1.56,0,2,2,-1.1988107996222117,-0.1606099944483676,4.97259150217237,-1.1988107996222117,-0.1606099944483676,4.97259150217237,1.409383773803711
-0.020593580356818464,0.21161144053362013,5.268466531635311,0.026774851698284963,1.4778954716138888,4.960193000508626,-0.43839737124341654,-0.0015574648083322403,0.0021206222435507095,0.8987774041171332,-0.13827623694346253,0.09770333276831958,-0.00036256646596818736,-0.0014646905242443609,0.0018673879708330787,-0.021136282157385722,1497,980000000,1.97,0,2,2,-1.1999577422865804,-0.19828592577510265,4.971452938679548,-1.1999577422865804,-0.19828592577510265,4.971452938679548,1.6749258041381836
-0.020593580356818464,0.21161144053362013,5.268466531635311,0.04531379010969306,1.4846601655791356,4.961800805703181,-0.43752247670415634,-0.0015867401083416773,0.001993894336166291,0.8992038639929576,-0.1462864453882221,0.07100355483300368,0.031832111519824215,-0.0020262623593225726,0.0006557716119459656,-0.012135396536905318,1498,87000000,2.11,0,2,2,-1.2009610018534151,-0.21733657046801572,4.971213516954068,-1.2009610018534151,-0.21733657046801572,4.971213516954068,1.928251028060913
-0.03656591995530789,0.28168726406152494,5.357113789597273,0.0614140142021962,1.495120677153856,4.968477602183129,-0.4370941931625355,-0.001490273314751239,0.0018871851492578012,0.8994125215501795,-0.1555272784556459,0.036321708575457384,0.07500689889663115,-0.0025121181352005806,-0.0017218020843756676,-0.004994057280782727,1498,206000000,2.22,0,2,2,-1.2012961775068054,-0.23663502484226812,4.9726587630206645,-1.2012961775068054,-0.23663502484226812,4.9726587630206645,2.1716980934143066
-0.05704419012769257,0.3513696907347439,5.445041867912629,0.07291412239221343,1.5063115215704357,4.97792959177227,-0.43696978645211637,-0.0013183624340884497,0.0018494054002526085,0.899473316640438,-0.16194627230908792,0.010090049296844672,0.10970901359775198,-0.001772587665982428,-0.00360584751888382,-0.001067654011421837,1498,322000000,2.28,0,2,2,-1.2004439946860772,-0.24729245474122388,4.979127828156556,-1.2004439946860772,-0.24729245474122388,4.979127828156556,2.391345262527466
-0.05704419012769257,0.3513696907347439,5.445041867912629,0.08462680611219356,1.5223810139225524,4.993660887402452,-0.4370226278677519,-0.0010357428820653722,0.0019260463643847427,0.8994478530263158,-0.1687796823090151,-0.018174627400679204,0.14893173874065982,-0.00015919037039680006,-0.00579942793592636,0.002236102454844513,1498,425000000,2.29,0,2,2,-1.1987209470551257,-0.24972307726531318,4.988322928880584,-1.1987209470551257,-0.24972307726531318,4.988322928880584,2.6160364151000977
-0.05704419012769257,0.3513696907347439,5.445041867912629,0.09573974982252881,1.5444508369868353,5.017814341598172,-0.4372188923842697,-0.000624539291801992,0.0022219886344609155,0.8993521628702816,-0.17653339408895294,-0.047554715641608944,0.1930179720697564,0.0025629471110732993,-0.008301627894979902,0.003503216134959075,1498,550000000,2.28,0,2,2,-1.19549694513846,-0.24551535903223584,5.003824915012219,-1.19549694513846,-0.24551535903223584,5.003824915012219,2.846829414367676
-0.0819853924892815,0.4205628929340893,5.53207369113335,0.10447080978218022,1.569752462673596,5.047838896125864,-0.43746054449653426,-0.00015466743407638057,0.0027856911462164867,0.8992332778604326,-0.18345734461718433,-0.07295235761169905,0.23331902652391528,0.005838849028805271,-0.010651885077095358,0.004013607804154162,1498,688000000,2.25,0,2,2,-1.1902485541611272,-0.23172248461762368,5.027741525612815,-1.1902485541611272,-0.23172248461762368,5.027741525612815,3.0765676498413086
-0.0819853924892815,0.4205628929340893,5.53207369113335,0.11115915157636529,1.5978521498267206,5.083090520694881,-0.43773619259416063,0.00035282976630553035,0.0036281019758272245,0.8990960672143865,-0.1893177046096483,-0.09453619806429983,0.2689607401331734,0.009181552559311967,-0.01279583639188786,0.004647494642995298,1498,823000000,2.22,0,2,2,-1.1835608707169125,-0.20945573908032805,5.057434273950134,-1.1835608707169125,-0.20945573908032805,5.057434273950134,3.3333592414855957
-0.1113371926862321,0.4891727127417653,5.618033988749895,0.11548963594029854,1.6238876515708414,5.117006614001028,-0.4380058896455815,0.0008260327775322345,0.004520720027388282,0.8989603558533973,-0.19379481866011958,-0.11072010306948321,0.2969709341235122,0.01030740277201403,-0.014301155624707462,0.005152829908183776,1498,968000000,2.18,0,2,2,-1.1756507951021078,-0.17987046189786896,5.092285288514251,-1.1756507951021078,-0.17987046189786896,5.092285288514251,3.564953327178955
-0.1113371926862321,0.4891727127417653,5.618033988749895,0.11867169729247375,1.6515616466539023,5.15235613545138,-0.4382997029875732,0.001333089713444197,0.005507320448505574,0.8988110272211276,-0.19817576380330396,-0.1255228460523706,0.27797359684421724,0.010820806801348226,-0.014973005727370037,0.005449339960250654,1499,84000000,2.15,0,2,2,-1.1680877975812303,-0.14947218732458392,5.125893040992317,-1.1680877975812303,-0.14947218732458392,5.125893040992317,3.7962589263916016
-0.14503805103201373,0.5571069845630509,5.702749648162685,0.12054175664242119,1.6757596523797742,5.177415653758917,-0.4385495891125858,0.0017689411149575721,0.00624703602604851,0.8986835390043612,-0.20189452656363227,-0.1370314712807849,0.2338776761105134,0.007730009838269325,-0.01365183179586893,0.005583836400546716,1499,201000000,2.12,0,2,2,-1.159941779188975,-0.11507130670261942,5.160806269418714,-1.159941779188975,-0.11507130670261942,5.160806269418714,4.023054361343384
-0.14503805103201373,0.5571069845630509,5.702749648162685,0.12193073932595114,1.706064531483803,5.201860481943306,-0.4388640743016725,0.0022686624942375934,0.006891070049178459,0.8985241736377494,-0.2063240163118858,-0.14991729231349502,0.1848709425785789,0.00466775095446792,-0.010920014756266028,0.0059113087445439305,1499,311000000,2.1,0,2,2,-1.1528080772781444,-0.08368452016615223,5.185473641045871,-1.1528080772781444,-0.08368452016615223,5.185473641045871,4.259890079498291
-0.1830173760811178,0.6242758516287834,5.786050063307847,0.12248426374293582,1.7376196650253364,5.220562099552878,-0.439189253234997,0.002685995429154884,0.007287830194631632,0.898360992476017,-0.21047681909904353,-0.1615446267638232,0.13931972801715994,0.00077289819842008,-0.0075710011515184306,0.0059815663007611874,1499,428000000,2.08,0,2,2,-1.1439244979952017,-0.04315944271874987,5.209320517804375,-1.1439244979952017,-0.04315944271874987,5.209320517804375,4.494696855545044
-0.1830173760811178,0.6242758516287834,5.786050063307847,0.12215847635354787,1.7758432965988826,5.2358304840581305,-0.43956171065060134,0.003049650246065945,0.007372864763310994,0.8981769552980501,-0.2146124881625786,-0.17375665863495152,0.09159344704273673,-0.0029525521995310555,-0.0031446696766579407,0.005768390292359982,1499,545000000,2.06,0,2,2,-1.1347320183558147,0.00012160516928018516,5.227273332205442,-1.1347320183558147,0.00012160516928018516,5.227273332205442,4.73073673248291
-0.22519570073643536,0.6905920754040427,5.867767478235116,0.12086562764850108,1.8153433086676183,5.244803815435196,-0.43991503431040385,0.00323831401076933,0.0071005753444800005,0.8980054887025029,-0.21782897553736208,-0.18460069170517726,0.04974657351321736,-0.0061555238517030375,0.001374286136979208,0.005499296275957022,1499,681000000,2.04,0,2,2,-1.1236954351933217,0.053593539656875626,5.241269423100936,-1.1236954351933217,0.053593539656875626,5.241269423100936,4.970576763153076
-0.22519570073643536,0.6905920754040427,5.867767478235116,0.11828370378634033,1.8618027664786092,5.24843768919819,-0.4402994234325278,0.0032304766371011977,0.006428731176202681,0.8978221723488146,-0.22044581686143663,-0.1951526304613193,0.007912704123587131,-0.008670657643961022,0.005700397241525934,0.005270657084111008,1499,832000000,2.02,0,2,2,-1.1132350281382986,0.10885004488109662,5.248865768833499,-1.1132350281382986,0.10885004488109662,5.248865768833499,5.212087392807007
-0.27148488042758245,0.7559713369490784,5.947737324945997,0.11514274966895076,1.9033823847222846,5.246582035374566,-0.440628855944055,0.0030610223322940526,0.005595106905535894,0.897666717791425,-0.22187072231725002,-0.2033546096435955,-0.023083285202719673,-0.010410646791569889,0.008802783395367442,0.0053246424613462295,1499,985000000,1.98,0,2,2,-1.102684080285477,0.17297576251336425,5.250852323186345,-1.102684080285477,0.17297576251336425,5.250852323186345,5.441707611083984
-0.27148488042758245,0.7559713369490784,5.947737324945997,0.11181686315604125,1.939603212987788,5.241842014883925,-0.44091027445095965,0.0028118267404910412,0.004756118313908231,0.8975341792113238,-0.22245544706690734,-0.20941051167435684,-0.04630265090797401,-0.010864430259971414,0.010725859920057701,0.005048778712080093,1500,116000000,1.93,0,2,2,-1.0955776926711396,0.22864209617315825,5.247765814490278,-1.0955776926711396,0.22864209617315825,5.247765814490278,5.6804518699646
-0.32178831283960463,0.8203325293019702,6.0257985548118125,0.10795498713599165,1.9762257208643805,5.23874747066168,-0.4411736263349171,0.0024479558815546994,0.003995736097335816,0.8974095347340261,-0.22177527556688278,-0.2143210282181612,0.004687629220997017,-0.0052923189286957495,0.010810050571308238,0.004955663189321058,1500,239000000,1.89,0,2,2,-1.0909455346097365,0.275954600239744,5.241905513078978,-1.0909455346097365,0.275954600239744,5.241905513078978,5.9175636768341064
-0.32178831283960463,0.8203325293019702,6.0257985548118125,0.10356015476383536,2.0131804238363453,5.242762086267505,-0.44144194378616025,0.0019783349668281427,0.0036417554678915137,0.8972802427748909,-0.22082719315020327,-0.21882163490287515,0.06214376441017747,0.0007353304908974678,0.008392974723392399,0.00486216399622208,1500,357000000,1.84,0,2,2,-1.0876660244923293,0.3227007640296317,5.237514406634136,-1.0876660244923293,0.3227007640296317,5.237514406634136,6.1497626304626465
-0.3760011786149793,0.8835980399786463,6.101793962904205,0.09866903192227433,2.050383906694314,5.2534596687175155,-0.4416952311135931,0.0015260953646845856,0.0036615811368036428,0.8971563891919991,-0.2196929190286569,-0.2228271089468324,0.1164155173747394,0.005854480514244642,0.005092340734336176,0.00462144089397043,1500,480000000,1.79,0,2,2,-1.0862074760246283,0.3681470038707421,5.239854870161198,-1.0862074760246283,0.3681470038707421,5.239854870161198,6.38315486907959
-0.3760011786149793,0.8835980399786463,6.101793962904205,0.0932862325622725,2.087807413174801,5.270498731643198,-0.44193760525415393,0.0011271572153783065,0.004050194503597996,0.8970359404746937,-0.21848622723989014,-0.2264250095284662,0.16780799039588185,0.011325694867991842,0.00121477415859772,0.004197941598249599,1500,597000000,1.76,0,2,2,-1.0864370929951175,0.41234849749904423,5.248410749427929,-1.0864370929951175,0.41234849749904423,5.248410749427929,6.626199007034302
-0.3760011786149793,0.8835980399786463,6.101793962904205,0.08541173723059187,2.1379789162942866,5.302312990321314,-0.44220202569595796,0.0007839394668293039,0.005051371471161532,0.8969009073222993,-0.2167402903652708,-0.23039156500039487,0.2306826331591229,0.014280709910963196,-0.004203437811156618,0.0031736553864902817,1500,725000000,1.74,0,2,2,-1.088349084689688,0.45520599378876664,5.262758202089526,-1.088349084689688,0.45520599378876664,5.262758202089526,6.866167783737183
-0.4340107023969413,0.9456940227146827,6.175570504584947,0.07682391167867289,2.188400860994601,5.343421388644592,-0.44238557579363325,0.0007326621806875212,0.006399826401124676,0.8968018218970677,-0.2147337929303089,-0.23305074539895115,0.2856715481814535,0.016725763271097094,-0.009078280436369823,0.0019653367417049594,1500,882000000,1.74,0,2,2,-1.0936239819111935,0.509961980146751,5.290290210594742,-1.0936239819111935,0.509961980146751,5.290290210594742,7.124342679977417
-0.4340107023969413,0.9456940227146827,6.175570504584947,0.06651845583990441,2.2452931797809184,5.39917146982959,-0.44248695945294836,0.0009482612279566134,0.008297307291267392,0.8967360515817588,-0.21237836499261817,-0.23436132217852518,0.33873704579809993,0.01897605852718698,-0.013330714136827737,0.0005475181865222112,1501,41000000,1.78,0,2,2,-1.1021201501912923,0.5618224847799621,5.326838705897763,-1.1021201501912923,0.5618224847799621,5.326838705897763,7.425517797470093
-0.4956964335288987,1.006550657604654,6.246979603717467,0.05813576960888782,2.2896278917562847,5.448555939720374,-0.4424936407017299,0.0013347411667696384,0.009847590096791118,0.8967165780634545,-0.21038595040667518,-0.23502303466148708,0.3751131710665869,0.01766524692357052,-0.01574921770952642,-0.00038726946058886824,1501,232000000,1.88,0,2,2,-1.1154371196427788,0.6167375451185529,5.3778768295634745,-1.1154371196427788,0.6167375451185529,5.3778768295634745,7.690931558609009
-0.5609305456733971,1.066102398828617,6.315877451879425,0.04947408821739304,2.334027305445937,5.5025825254580125,-0.44245057787878683,0.0018070554334402248,0.011517549632267567,0.8967171051875034,-0.20831040644515103,-0.2350509475738952,0.40704864003361385,0.01891961019282462,-0.01739254657877609,-0.0012802801165889832,1501,368000000,1.98,0,2,2,-1.1282091777796524,0.6572470573326852,5.4242068145052995,-1.1282091777796524,0.6572470573326852,5.4242068145052995,7.9723498821258545
-0.5609305456733971,1.066102398828617,6.315877451879425,0.04060330176749459,2.3784620960375893,5.560582148765818,-0.4423542226010841,0.002377145280814073,0.013219442946237898,0.8967398381110852,-0.2061515213188668,-0.23478003111799675,0.43483702184805556,0.01738116843625903,-0.018606494086270686,-0.0019987711539215525,1501,515000000,2.09,0,2,2,-1.1428503345088858,0.6960633168590515,5.475851282730448,-1.1428503345088858,0.6960633168590515,5.475851282730448,8.246947050094604
-0.6295781545646726,1.1242882091915054,6.3821252979737295,0.03152579292315779,2.422949049763652,5.62208899063634,-0.44221719480742827,0.003027486712398068,0.014894393969668816,0.8967792058077235,-0.20396172658517048,-0.23477317834823191,0.4597908148955459,0.017291827680310234,-0.019092686488875188,-0.002799295020849968,1501,653000000,2.21,0,2,2,-1.1591080863379164,0.7333936955818372,5.532242372207168,-1.1591080863379164,0.7333936955818372,5.532242372207168,8.529496669769287
-0.6295781545646726,1.1242882091915054,6.3821252979737295,0.022230019658495997,2.4675221783142898,5.686709016887052,-0.4420304136941592,0.003678991625039354,0.016604500690590777,0.8968388199374565,-0.20177641457828246,-0.23458536115934742,0.4814772655701615,0.01832221296353964,-0.01914645963552175,-0.003476307142591395,1501,796000000,2.32,0,2,2,-1.1767666404371615,0.7694492055055628,5.592869894050593,-1.1767666404371615,0.7694492055055628,5.592869894050593,8.756264448165894
-0.7014976530615584,1.1810517807396756,6.445589727654783,0.014121412856875916,2.50577926086808,5.744208321240019,-0.4418457631714942,0.004226896228642285,0.01807247002341785,0.8968990136815429,-0.19988841483008,-0.23438770030471795,0.49775598546904404,0.017404746722604614,-0.018787462613545358,-0.0037693929243687307,1501,919000000,2.43,0,2,2,-1.195581975119687,0.8044976751332414,5.6572158435684985,-1.195581975119687,0.8044976751332414,5.6572158435684985,8.979724645614624
-0.7014976530615584,1.1810517807396756,6.445589727654783,0.0030828870938301098,2.55688540393818,5.823491666544417,-0.44158514200548876,0.004932461304647848,0.019979497703340794,0.8969833068998512,-0.19741314674740723,-0.23409975348171494,0.5161347023220165,0.017686779210634995,-0.018043247109744698,-0.0039933258449309506,1502,52000000,2.52,0,2,2,-1.2123722713273177,0.8340795161391449,5.71497377619327,-1.2123722713273177,0.8340795161391449,5.71497377619327,9.211489200592041
-0.7765410626225826,1.2363417407594561,6.506142932007222,-0.008185144453153466,2.608086353641945,5.905220911649211,-0.441303291980845,0.005601223171631545,0.021806556552876003,0.897075529081669,-0.19500752908708247,-0.23403728501361964,0.5314502425857056,0.016283554941765033,-0.017007923270284664,-0.004395004907564726,1502,198000000,2.63,0,2,2,-1.2340689994930385,0.8747628639993433,5.794995873302182,-1.2340689994930385,0.8747628639993433,5.794995873302182,9.459825038909912
-0.7765410626225826,1.2363417407594561,6.506142932007222,-0.015358540604383214,2.6401446657255305,5.957353248952991,-0.44111300491080696,0.005984701910019591,0.02291535129836003,0.897139000889204,-0.19350099723495728,-0.2339317496015818,0.539340946686747,0.016724962551961653,-0.016263960424112156,-0.004611644862961839,1502,358000000,2.74,0,2,2,-1.25301407092834,0.9190773907456333,5.87751847208678,-1.25301407092834,0.9190773907456333,5.87751847208678,9.68289303779602
-0.854554400282348,1.2901118425052371,6.56366296493606,-0.022620462253279273,2.672232490177466,6.010148909890702,-0.4409140414400402,0.0063380759119189296,0.023992127009878912,0.8972062275175573,-0.19203674256338826,-0.2337965381877291,0.5463984962587146,0.01573649024066981,-0.015363175225502346,-0.004793934840563452,1502,458000000,2.81,0,2,2,-1.2630087038151727,0.949125782636258,5.930007466964198,-1.2630087038151727,0.949125782636258,5.930007466964198,9.90294599533081
-0.854554400282348,1.2901118425052371,6.56366296493606,-0.029986490987901137,2.7043580446514857,6.063527675151972,-0.44070716353270606,0.006680092861575988,0.025001591235650295,0.8972778236454988,-0.1905542283872122,-0.23397180679108848,0.5523577985673895,0.015519894986937288,-0.014619856665376574,-0.004956900966135436,1502,562000000,2.89,0,2,2,-1.2716148818091049,0.9809231837125827,5.983026686388586,-1.2716148818091049,0.9809231837125827,5.983026686388586,10.122087240219116
-0.854554400282348,1.2901118425052371,6.56366296493606,-0.037456183751550146,2.736509872952603,6.117335950836384,-0.44049338093219254,0.00697791651811782,0.026021526983908132,0.8973515309896218,-0.18906129745125055,-0.23397930229305097,0.5566722075005939,0.01583511893841205,-0.01389258350172895,-0.005173571116756648,1502,662000000,2.97,0,2,2,-1.278951824945242,1.0143209933729076,6.03645798025703,-1.278951824945242,1.0143209933729076,6.03645798025703,10.351176977157593
-0.9353780601682047,1.34232114004921,6.618033988749895,-0.04658617717442062,2.775139550659591,6.182354934814537,-0.44020608862785626,0.007284099348439429,0.027232774299406685,0.8974541311039821,-0.18726223559072927,-0.23449537818078406,0.5611405932468676,0.016027908714022487,-0.012906306164950365,-0.0058984106090065325,1502,777000000,2.72,0,2,2,-1.2862891883724656,1.0562984505664956,6.1009804627404485,-1.2862891883724656,1.0562984505664956,6.1009804627404485,10.57193660736084
-0.9353780601682047,1.34232114004921,6.618033988749895,-0.0574698277518189,2.8202688013902852,6.258642363103611,-0.4398390554867019,0.007579261901573802,0.028596902837004345,0.8975892029239901,-0.1852662818083695,-0.23485599159205486,0.564525937321347,0.015902204359008465,-0.011644534970400855,-0.006345045085254242,1502,886000000,3.15,0,2,2,-1.2913184277380931,1.0926916130514803,6.154980551761522,-1.2913184277380931,1.0926916130514803,6.154980551761522,10.810277462005615
-1.0188472085586238,1.392934146691272,6.669146507442605,-0.06698486163135255,2.8589873527298986,6.324233981504214,-0.4395018540928699,0.007791354307538183,0.029688801303202998,0.8977170991599541,-0.18355253286943912,-0.23538639928799868,0.5664807168187218,0.013949602907814551,-0.01055017046383,-0.006672173776678392,1503,17000000,3.27,0,2,2,-1.2970014275781712,1.1455300404029447,6.2308866657911794,-1.2970014275781712,1.1455300404029447,6.2308866657911794,11.035870790481567
-1.0188472085586238,1.392934146691272,6.669146507442605,-0.07835092693960467,2.904213668028308,6.400900805591473,-0.4390854565008878,0.008006423283278493,0.03084661675791568,0.897879916976767,-0.18155185576492588,-0.2362813040897378,0.5677734202815123,0.013632971968036145,-0.009310407858720282,-0.007139570152503438,1503,148000000,3.36,0,2,2,-1.3010745591341968,1.1920253848819675,6.296227353047825,-1.3010745591341968,1.1920253848819675,6.296227353047825,11.281742334365845
-1.1047921914498087,1.4419209764156529,6.716897587203732,-0.09169690148622163,2.9559478850746035,6.488486911653036,-0.4385706697854296,0.008212756788498943,0.032020648835956025,0.8980885236311712,-0.17914338692656212,-0.23761854233080354,0.5678420668332257,0.01105813316826243,-0.00796267386249383,-0.00758301243877213,1503,295000000,3.46,0,2,2,-1.3056082488974121,1.2469402869450659,6.372876642508188,-1.3056082488974121,1.2469402869450659,6.372876642508188,11.519786834716797
-1.1047921914498087,1.4419209764156529,6.716897587203732,-0.1019824188315933,2.994769227045925,6.554045502288394,-0.43816767216754415,0.00833861313737336,0.032803302192984794,0.8982558109822926,-0.1773425406314994,-0.2386160817338371,0.5668511012313282,0.010926486265816493,-0.006971562515900587,-0.007770227693981724,1503,443000000,3.54,0,2,2,-1.3113129282783493,1.3097353265887863,6.46114373046016,-1.3113129282783493,1.3097353265887863,6.46114373046016,11.742651224136353
-1.1930389535650132,1.4892574679304111,6.761191063713476,-0.11248594840974771,3.0335864361193816,6.619371727556212,-0.43775323140842787,0.008430062666180536,0.03352676621282253,0.8984302968968902,-0.17557181039285885,-0.23976481913516748,0.5645521253302076,0.00988818719633855,-0.006082631443860009,-0.008063738641794771,1503,562000000,3.58,0,2,2,-1.3166590970670573,1.3560233351209128,6.52786352146542,-1.3166590970670573,1.3560233351209128,6.52786352146542,11.977723360061646
-1.1930389535650132,1.4892574679304111,6.761191063713476,-0.12147817786432613,3.0660224765763417,6.669931010523253,-0.43739227590609886,0.008522070879909647,0.03397913855517284,0.8985882201702007,-0.177717502679226,-0.24610023705287407,0.49722545273371715,0.005522379387912224,-0.0046474929604301,-0.008287349010061007,1503,679000000,3.59,0,2,2,-1.3230035811730725,1.4014988723001058,6.595007734330089,-1.3230035811730725,1.4014988723001058,6.595007734330089,12.212373971939087
-1.2834094677117545,1.5349252908769102,6.801937735804838,-0.13449152784772814,3.111654440171262,6.729538057602455,-0.43687090322948563,0.008690932755392997,0.034122468370283446,0.8988347672134257,-0.18043756836253783,-0.2550255328445417,0.4073875112774011,-0.003026088188562426,-0.0011393968179618241,-0.008381201496376889,1503,795000000,3.58,0,2,2,-1.329443344294211,1.4385101159052358,6.647626026206413,-1.329443344294211,1.4385101159052358,6.647626026206413,12.438660621643066
-1.2834094677117545,1.5349252908769102,6.801937735804838,-0.1460657836669623,3.1509551695336913,6.770976641841419,-0.43641640645603313,0.008834741807475736,0.033759803711988556,0.8990678190028412,-0.18244690772084188,-0.2625876938592377,0.33583431589977397,-0.0085845053945377,0.00226750491947314,-0.008359086041309638,1503,917000000,3.52,0,2,2,-1.340291440814044,1.4890802858525802,6.711086774094224,-1.340291440814044,1.4890802858525802,6.711086774094224,12.699683666229248
-1.3757221733659124,1.5789120338486013,6.839055545102902,-0.1620976915001392,3.203514537666353,6.813459771251836,-0.43578260228140236,0.008975326433422214,0.03263002881070788,0.8994155036934124,-0.18390684775576602,-0.2721088835719002,0.2479844695607633,-0.017315646437054966,0.007132333576009842,-0.009118548950937111,1504,47000000,3.42,0,2,2,-1.351397288048429,1.5311330687298605,6.756652711856068,-1.351397288048429,1.5311330687298605,6.756652711856068,12.966899394989014
-1.3757221733659124,1.5789120338486013,6.839055545102902,-0.1789344963658256,3.2560442365285907,6.842712172382508,-0.43502560404664636,0.009016919200778272,0.030777170138830086,0.8998467562814362,-0.18315618884850937,-0.28032312411586296,0.16814383791449222,-0.023832503939047456,0.012230206175445346,-0.011187176551175071,1504,201000000,3.23,0,2,2,-1.3687828144473817,1.5852914249665588,6.8057342068914375,-1.3687828144473817,1.5852914249665588,6.8057342068914375,13.242728471755981
-1.4697924233383954,1.6212112739117432,6.872469741279474,-0.19665273878322675,3.3082767882281745,6.8600737775319605,-0.4340831180257251,0.008933429793768384,0.028319796366928822,0.9003832681757918,-0.18023994554108372,-0.28772035658628325,0.09621767961785524,-0.029402345353446435,0.016463475549244322,-0.013902281534683425,1504,373000000,2.99,0,2,2,-1.3890158324173227,1.6372642794179484,6.842404064325867,-1.3890158324173227,1.6372642794179484,6.842404064325867,13.51220417022705
-1.4697924233383954,1.6212112739117432,6.872469741279474,-0.21294969374886466,3.3535947039399474,6.866506341004691,-0.43308951721587063,0.008766409141896237,0.02577838547784853,0.9009395623406913,-0.1761746543982742,-0.29280586063540665,0.03864375356640015,-0.033024630465661176,0.019752983826037962,-0.016582297394052148,1504,534000000,2.72,0,2,2,-1.4120430737556733,1.6870404765023945,6.867665259949302,-1.4120430737556733,1.6870404765023945,6.867665259949302,13.764782905578613
-1.5654329373598825,1.6618226273749341,6.902113032590307,-0.2299936581064558,3.39839031850834,6.865515862982507,-0.43191665608457397,0.008506469242046042,0.022955745717760764,0.9015812087196002,-0.17049694073930324,-0.2970094658170147,-0.01384773779215968,-0.035465636756271124,0.022362921663443558,-0.019667522792587988,1504,667000000,2.5,0,2,2,-1.434389895370989,1.7288333241733183,6.881186805301647,-1.434389895370989,1.7288333241733183,6.881186805301647,14.023662567138672
-1.5654329373598825,1.6618226273749341,6.902113032590307,-0.24789774973860448,3.442502222044859,6.857847494967869,-0.4305259179117673,0.008138901309343567,0.01991375724349835,0.9023218021106183,-0.162564710161491,-0.3001818266699516,-0.061714689534822606,-0.03748949020518921,0.025405033375136554,-0.023249238802236505,1504,799000000,2.3,0,2,2,-1.4588117660933613,1.768923333256847,6.887264837262093,-1.4588117660933613,1.768923333256847,6.887264837262093,14.308963060379028
-1.6624542614021296,1.7007517816093567,6.9279257213917065,-0.2639928461873974,3.4796108190730974,6.846452318221845,-0.4291470883506545,0.007691011785651817,0.01719222949867203,0.9030382340425753,-0.15419102230479884,-0.3024664446869386,-0.09884756394107082,-0.03706808711285703,0.027573036459216382,-0.026596167299430817,1504,951000000,2.16,0,2,2,-1.485205475539674,1.807242299405971,6.886349483274868,-1.485205475539674,1.807242299405971,6.886349483274868,14.548398494720459
-1.6624542614021296,1.7007517816093567,6.9279257213917065,-0.2837305859206629,3.522028101871195,6.8281562262958175,-0.4273185278632674,0.007060814941105125,0.013970644261882189,0.9039656197754675,-0.14354271833512797,-0.30447940205696034,-0.13793742049782898,-0.037373670420493,0.0286435422822251,-0.030180831890902482,1505,71000000,2.11,0,2,2,-1.5091564030592741,1.8388049129298576,6.880292282886365,-1.5091564030592741,1.8388049129298576,6.880292282886365,14.792637348175049
-1.760665231540428,1.7380105077773131,6.949855824363647,-0.30448608341481365,3.563431853829318,6.805061149198426,-0.42526313149062867,0.006372998400869197,0.010746035282682673,0.9049835228399851,-0.13177732598023598,-0.305929404674098,-0.17236300549954323,-0.03672286547953263,0.028904077589686494,-0.0338903224474052,1505,199000000,2.15,0,2,2,-1.5377132812618148,1.8750390969773894,6.867514451747117,-1.5377132812618148,1.8750390969773894,6.867514451747117,15.043788194656372
-1.760665231540428,1.7380105077773131,6.949855824363647,-0.32951295342038317,3.6094672673883292,6.773599009268903,-0.4226460230859427,0.00557047452544224,0.0071174482036568025,0.9062497729181874,-0.11773606821061655,-0.3068553150938215,-0.2066948946679233,-0.03623878910730127,0.028006088359688874,-0.03742303742910735,1505,347000000,2.3,0,2,2,-1.565162263407585,1.9125164869415927,6.849267493333047,-1.565162263407585,1.9125164869415927,6.849267493333047,15.291065692901611
-1.8598734411511666,1.77361665438275,6.967859177197259,-0.35588519935650254,3.6541396359980367,6.737464898389991,-0.41979280602147473,0.0048251905796668024,0.003608931922609502,0.9075999631769848,-0.10333707106976278,-0.3075876419963971,-0.23605065675733217,-0.03501833889458794,0.02601083069748711,-0.04060548308189027,1505,509000000,2.6,0,2,2,-1.5933364235812637,1.958758336119074,6.822771333578149,-1.5933364235812637,1.958758336119074,6.822771333578149,15.532878160476685
-1.8598734411511666,1.77361665438275,6.967859177197259,-0.38005137761936986,3.692154307224345,6.7025830648502325,-0.417129359494521,0.004267709229951262,0.0006649380776960199,0.9088368621281665,-0.09103950047560036,-0.30753888199185964,-0.2581624760853769,-0.03421384826651774,0.023810978382243775,-0.042708094042609446,1505,658000000,2.98,0,2,2,-1.6181122089221274,2.008531293463554,6.791178527053751,-1.6181122089221274,2.008531293463554,6.791178527053751,15.775273084640503
-1.9598857102310134,1.8075941216139089,6.981899523535869,-0.4015105243853717,3.7239583755385532,6.670605853118185,-0.41474426301456346,0.0038631500542790835,-0.0017369819258081418,0.9099281593960888,-0.08049195627659886,-0.30737928954152843,-0.2743881499784889,-0.03273508409620263,0.021810474390804302,-0.04452226494322531,1505,799000000,3.36,0,2,2,-1.6374256613721596,2.054549293386825,6.7599737802993545,-1.6374256613721596,2.054549293386825,6.7599737802993545,16.017492294311523
-1.9598857102310134,1.8075941216139089,6.981899523535869,-0.42742149696104476,3.7601728230653277,6.631279654243569,-0.4118403147153956,0.0034754017963855898,-0.0043821574051221635,0.9112388673964441,-0.06846623104549254,-0.3067592518121203,-0.29037401413528413,-0.03146024027955718,0.019369290203030687,-0.04630147959687747,1505,930000000,3.72,0,2,2,-1.6524512995900202,2.095529731062408,6.730938369477802,-1.6524512995900202,2.095529731062408,6.730938369477802,16.26259970664978
-2.060508555620081,1.8399728165048486,6.991948587990478,-0.44644474728284966,3.7854613277238895,6.6020640595768,-0.4097022117265125,0.003256920068908961,-0.006167268789861006,0.912192663297476,-0.06009948518135334,-0.30613138724732136,-0.30001072409164176,-0.030150019483698998,0.01759372462402098,-0.04746759295812808,1506,64000000,4.15,0,2,2,-1.6684874854114626,2.144864444136045,6.69476342571765,-1.6684874854114626,2.144864444136045,6.69476342571765,16.497410535812378
-2.060508555620081,1.8399728165048486,6.991948587990478,-0.47381866680346446,3.8200886922482233,6.559890640825256,-0.40661454466354213,0.0030259836385111497,-0.008503689678290311,0.9135552215125997,-0.04858226602564476,-0.3053432119769419,-0.31113093572065004,-0.028460784233175218,0.015113148219825234,-0.048965849418891594,1506,176000000,4.47,0,2,2,-1.6791989281292437,2.1808272199843253,6.667538812949586,-1.6791989281292437,2.1808272199843253,6.667538812949586,16.747364282608032
-2.161548660910534,1.8707885889991491,6.997986133082629,-0.5060767713249216,3.8586096653927524,6.510258959450142,-0.4029798817413723,0.0028701724915675348,-0.010944117533146287,0.9151388983717164,-0.03604186015932329,-0.3043796134626086,-0.3207039594515708,-0.025974662094085943,0.012327143758739112,-0.05050287763879169,1506,307000000,4.92,0,2,2,-1.6935228814897905,2.231757642967133,6.627660282739245,-1.6935228814897905,2.231757642967133,6.627660282739245,17.02026677131653
-2.161548660910534,1.8707885889991491,6.997986133082629,-0.5435728296928231,3.9007163184374396,6.453129771762683,-0.398746212584109,0.0028271123243190765,-0.013380998154934725,0.9169593307634267,-0.022918708747672278,-0.30330121242952524,-0.32872265190013633,-0.02342614588997094,0.009182307439914439,-0.052141269043204375,1506,475000000,5.44,0,2,2,-1.7103526472115795,2.2893610066666423,6.57971214645335,-1.7103526472115795,2.2893610066666423,6.57971214645335,17.31593608856201
-2.262813344824469,1.90008314905552,7.0,-0.5910048877702098,3.950644888625273,6.38207310581982,-0.3933884359122034,0.002946580679947573,-0.01592193615072806,0.9192297580594629,-0.009738642482126558,-0.3028603135648502,-0.33475776844980104,-0.02040992349066073,0.005709344941351446,-0.052724698616657406,1506,657000000,5.76,0,2,2,-1.73381894126678,2.3587302434260264,6.516472507854481,-1.73381894126678,2.3587302434260264,6.516472507854481,17.632213354110718
-2.262813344824469,1.90008314905552,7.0,-0.6296436147448953,3.9921107222714314,6.32333286581957,-0.38946228477520795,0.003179354595997895,-0.017685640154112614,0.9208671123318318,-0.018651514368906982,-0.30384466061455845,-0.3385032916529757,-0.018039850874629337,0.003813057719526114,-0.04388819506857544,1506,858000000,6.66,0,2,2,-1.7600574037501024,2.425106213715708,6.44997179392583,-1.7600574037501024,2.425106213715708,6.44997179392583,17.955918073654175
-2.364111026850532,1.9279039649910998,6.997986133082629,-0.6539997778336963,4.021881200358034,6.287849197806317,-0.387765990836495,0.003329133904697047,-0.018436843783293307,0.9215674343255333,-0.04680525753768801,-0.31155119270768944,-0.2727868911158199,-0.0075625926911015995,0.0009591725529389805,-0.020553043759719003,1507,38000000,7.12,0,2,2,-1.7866282970152745,2.4816703972182754,6.387685293585102,-1.7866282970152745,2.4816703972182754,6.387685293585102,18.22000479698181
-2.4652516889375873,1.9543041433138177,6.991948587990478,-0.683295885131899,4.066413102710248,6.254287066104903,-0.3873198269871129,0.0033341392874458907,-0.018447929632838964,0.9217547987562345,-0.09116784347937265,-0.3231283544347699,-0.17900577488871902,0.005971941936877556,-0.0013634179936161672,0.009095663062907988,1507,176000000,7.3,0,2,2,-1.8059116336577443,2.517808564686551,6.348981380553685,-1.8059116336577443,2.517808564686551,6.348981380553685,18.49533438682556
-2.4652516889375873,1.9543041433138177,6.991948587990478,-0.7111455582098162,4.123973070037953,6.233576068286372,-0.3893786366711251,0.003127161906639776,-0.017305145264872847,0.9209098925030108,-0.1449654763884937,-0.33532221326340805,-0.08359500135652456,0.018311738858756144,-0.0032064672723208787,0.03716185274242889,1507,323000000,7.31,0,2,2,-1.8347155584611645,2.562854944863838,6.31045911233751,-1.8347155584611645,2.562854944863838,6.31045911233751,18.853708505630493
-2.566047332055854,1.9793422903500921,6.981899523535869,-0.7411664622547399,4.21128114541057,6.2310572848291725,-0.3944823760397138,0.0024766488440137553,-0.014443375330691212,0.9187866510314688,-0.19980303178603287,-0.3459969403447301,0.03160726530175017,0.03059652171941707,-0.004257707178112469,0.04979167024430353,1507,504000000,6.99,0,2,2,-1.8719945309243013,2.608617897953517,6.2836564721735275,-1.8719945309243013,2.608617897953517,6.2836564721735275,19.242828130722046
-2.566047332055854,1.9793422903500921,6.981899523535869,-0.7737772768231778,4.338392321319916,6.267039432383175,-0.40095220117418,0.0011614067756064318,-0.008500784007813537,0.91605879733734,-0.22857597234536492,-0.34808349821772844,0.16753204616814787,0.04305866314098239,-0.009600797511666315,0.027334446349414065,1507,752000000,6.26,0,2,2,-1.9307669573618695,2.660514874121682,6.273449841127096,-1.9307669573618695,2.660514874121682,6.273449841127096,19.770496606826782
-2.666312426451162,2.0030823560282602,6.967859177197259,-0.8002091179601938,4.441888561443855,6.320787608982078,-0.4026810008018827,0.0003148452913947228,-0.002623461390789764,0.9153365664693875,-0.2136146205647925,-0.3434091112876544,0.192532657378252,0.039382803879561834,-0.014545191515935585,-0.0019724512981156295,1508,75000000,5.26,0,2,2,-2.0229510467254026,2.716661985379069,6.300867691087014,-2.0229510467254026,2.716661985379069,6.300867691087014,20.249591588974
-2.765864354436398,2.025593460231259,6.949855824363647,-0.8140504013151796,4.487343756424641,6.341746010036403,-0.4019642274605836,0.0002968056074096888,-0.00040735936005417516,0.915655233047242,-0.19100435612001726,-0.3403559600272492,0.15785936390322275,0.02954588690045057,-0.014099891723162727,-0.02080950180243235,1508,321000000,4.85,0,2,2,-2.102406106026491,2.7589160513344813,6.348952007967801,-2.102406106026491,2.7589160513344813,6.348952007967801,20.48258900642395
-2.8645238445856744,2.046949702184108,6.9279257213917065,-0.8293864099102324,4.530777069003273,6.358488048840581,-0.4004604440941337,0.0004746411309860722,0.001182334388996948,0.9163131612702715,-0.16891690700347603,-0.3383112131034381,0.12428276129043694,0.01569412197568454,-0.013659370779350866,-0.03229987341910601,1508,439000000,4.87,0,2,2,-2.136286449619461,2.7813168726470576,6.367221473459693,-2.136286449619461,2.7813168726470576,6.367221473459693,20.720868587493896
-2.9621153962212468,2.067229953392476,6.902113032590307,-0.8521806318427376,4.58551609519463,6.374301458645864,-0.3976587989334277,0.0012048586969334505,0.002305125040475765,0.9175296803618354,-0.13921799441955834,-0.33617912226885804,0.07886013646927302,0.004169193380221259,-0.013907108677813085,-0.04298556596040726,1508,563000000,5.0,0,2,2,-2.1676062705272603,2.806318790777264,6.380842778393238,-2.1676062705272603,2.806318790777264,6.380842778393238,21.006256103515625
-2.9621153962212468,2.067229953392476,6.902113032590307,-0.8776223975069986,4.636863637732592,6.3829093346735775,-0.39411895704649796,0.0021220615283978365,0.00280426121657286,0.919052708320083,-0.1106964666851085,-0.33554355263248575,0.03557954140463736,-0.0014499452731797646,-0.011782897672674153,-0.05253482595435344,1508,727000000,5.3,0,2,2,-2.2057374061908104,2.843321967039486,6.392132503011697,-2.2057374061908104,2.843321967039486,6.392132503011697,21.247656106948853
-3.0584676931106722,2.086517634697958,6.872469741279474,-0.8984466862407259,4.673356112989624,6.3849763979402,-0.39103268032688304,0.0027965712428161755,0.002833810890237462,0.9203681826429548,-0.08984091671352563,-0.33575387604780305,0.0051655765421284566,-0.005649292188536492,-0.009222386415785877,-0.05884524252905976,1508,878000000,5.72,0,2,2,-2.2403477651524297,2.883910409082404,6.39615262101374,-2.2403477651524297,2.883910409082404,6.39615262101374,21.477715015411377
-3.0584676931106722,2.086517634697958,6.872469741279474,-0.9246332500185804,4.713861671309017,6.382984266883728,-0.38701610716747076,0.0034905426379811927,0.0025185405257408225,0.922062907755566,-0.0658004006039501,-0.3356443633631908,-0.027949234323421834,-0.009345481885247864,-0.005167159451957559,-0.06526809956994839,1509,16000000,6.1,0,2,2,-2.2644321195224846,2.9163135168748604,6.394896778703017,-2.2644321195224846,2.9163135168748604,6.394896778703017,21.702027797698975
-3.153414005322026,2.1049004780634597,6.839055545102902,-0.9486574547222769,4.746797050302204,6.377788571618489,-0.3832488618749504,0.003922559155968494,0.0019980663538622942,0.9236346307561605,-0.04499077571337404,-0.3351976713835829,-0.054377847297857086,-0.010951536387437955,-0.001485476627749449,-0.07043395889922976,1509,147000000,6.62,0,2,2,-2.2908799489820426,2.955886160766313,6.389296826074636,-2.2908799489820426,2.955886160766313,6.389296826074636,21.933687925338745
-3.153414005322026,2.1049004780634597,6.839055545102902,-0.9741676781583279,4.778113039628972,6.3704797022594395,-0.379199266184961,0.004187790911841535,0.001340702392977689,0.9253045884729842,-0.024004710542452675,-0.3346089227132304,-0.04803221460171628,-0.009726692587719299,0.001336807542884344,-0.07489274721592665,1509,264000000,7.1,0,2,2,-2.312369476357427,2.991080015172101,6.381311533833284,-2.312369476357427,2.991080015172101,6.381311533833284,22.169757843017578
-3.2467925782181,2.1224702737481547,6.801937735804838,-1.0011051667503243,4.807869342296775,6.368331486469851,-0.3749280418519585,0.004168785862798107,0.0010067932519758054,0.9270439962724715,-0.0031678120133344103,-0.3339123924379351,0.0063129447348874365,-0.0007028131761899203,0.003222935788471659,-0.07839157115085982,1509,391000000,7.63,0,2,2,-2.333036653153591,3.0272505777014906,6.371528781977475,-2.333036653153591,3.0272505777014906,6.371528781977475,22.393041372299194
-3.2467925782181,2.1224702737481547,6.801937735804838,-1.0342790492312768,4.84073435503705,6.373669712762193,-0.3697253408571524,0.0037978446246982366,0.0011456523055313605,0.9291326257241557,0.019864047091983396,-0.33281065091634593,0.0641215590071491,0.00802991162345279,0.004989268791177892,-0.08121945793391205,1509,506000000,8.19,0,2,2,-2.353036081879946,3.0642142146642817,6.367226943121209,-2.353036081879946,3.0642142146642817,6.367226943121209,22.687468767166138
-3.2467925782181,2.1224702737481547,6.801937735804838,-1.06914457307474,4.8717608931486325,6.3866671098359795,-0.3643659275278487,0.003139947798792889,0.001737978442867272,0.9312489414842432,0.040913840478411304,-0.3311543248473178,0.11637857012375512,0.014429327438847395,0.006025835591572104,-0.08337721155839972,1509,649000000,8.87,0,2,2,-2.375764696217589,3.1081346949418096,6.3704373624867925,-2.375764696217589,3.1081346949418096,6.3704373624867925,22.927884578704834
-3.3384470076063275,2.139322603575742,6.761191063713476,-1.1002338731999195,4.897076591388653,6.403273551079177,-0.35965873620108746,0.002442667014018892,0.0025472039445092924,0.9330772414994164,0.0566353617453952,-0.32924315299695966,0.15699424233897435,0.019191728279110976,0.00561487954655604,-0.08466482031508349,1509,778000000,9.57,0,2,2,-2.3979702007849215,3.152718004606817,6.381696744326859,-2.3979702007849215,3.152718004606817,6.381696744326859,23.136186361312866
-3.4282266000996273,2.155556561042014,6.716897587203732,-1.1321697988565802,4.921405484970902,6.424425304549277,-0.35489785751663694,0.0017432072300911992,0.003562393363452695,0.9348966687886836,0.06954647352467933,-0.32635678749827274,0.19357935641151622,0.0200851036424865,0.00413443385696155,-0.08497430244460702,1509,900000000,10.19,0,2,2,-2.4167096092970257,3.1913404726173016,6.397114944101541,-2.4167096092970257,3.1913404726173016,6.397114944101541,23.359317779541016
-3.4282266000996273,2.155556561042014,6.716897587203732,-1.1701232227607417,4.948766492092747,6.454100972341861,-0.3493435946410214,0.0010688798870021204,0.004803110056411988,0.9369817717078933,0.08158352644945353,-0.32224063643206835,0.22994941726881235,0.019595916637626942,0.002006887598327012,-0.08448828448308632,1510,36000000,10.82,0,2,2,-2.4351874797480617,3.2302814946430916,6.417339574273179,-2.4351874797480617,3.2302814946430916,6.417339574273179,23.57418131828308
-3.4282266000996273,2.155556561042014,6.716897587203732,-1.2141419983969433,4.978973818036852,6.4934425954643284,-0.3430191488164453,0.0004699381549997622,0.006265146883043159,0.9393073994374288,0.09300823116880487,-0.3176299604123694,0.2636762843749584,0.020063904958078638,0.00035120483232731203,-0.08415772608714178,1510,172000000,11.56,0,2,2,-2.4564781304602725,3.2760470072660675,6.446235551726702,-2.4564781304602725,3.2760470072660675,6.446235551726702,23.83149528503418
-3.5159867177842017,2.1712744590479565,6.669146507442605,-1.2474743659040215,5.001048427782488,6.526069740971461,-0.33829616589058553,9.13465079309477e-05,0.007414501363825651,0.9410104786712369,0.09984275449581624,-0.31398654261038567,0.28481194488834116,0.020537768796202727,-0.00046016208159471716,-0.08310844787047245,1510,324000000,12.39,0,2,2,-2.4804277964709,3.3286907141182427,6.485337978710316,-2.4804277964709,3.3286907141182427,6.485337978710316,24.05853033065796
-3.5159867177842017,2.1712744590479565,6.669146507442605,-1.2865177015008653,5.0263239443611925,6.566995432255038,-0.33287108516726766,-0.00030482829273141207,0.008789747720647825,0.9429313273374074,0.10624038319970233,-0.3094817523679141,0.30612513370781513,0.0206176166102523,-0.0008684210342835286,-0.08118359619402327,1510,445000000,13.01,0,2,2,-2.49814745321095,3.3683631999586843,6.518238698889571,-2.49814745321095,3.3683631999586843,6.518238698889571,24.336275815963745
-3.601589106333697,2.1865815260826293,6.618033988749895,-1.3311359800040141,5.054703730030408,6.616839786664719,-0.32685741265456125,-0.0006976163371397509,0.010343879526909124,0.9450167984118297,0.11203033412568804,-0.304203508916305,0.32484381471950574,0.01962117985385703,-0.001179843002319103,-0.07819315214874223,1510,588000000,13.73,0,2,2,-2.5185280079277197,3.414792016470958,6.559884577627238,-2.5185280079277197,3.414792016470958,6.559884577627238,24.642133951187134
-3.601589106333697,2.1865815260826293,6.618033988749895,-1.3812127588873802,5.086131161843358,6.675820153669485,-0.3203569441059596,-0.0010946917007857177,0.012041509763245993,0.9472197379994743,0.11718831410617156,-0.29854110185836935,0.34099108381835824,0.018912973973783664,-0.0009275361605887156,-0.07477046674466692,1510,737000000,14.52,0,2,2,-2.5415119841977543,3.467983046102727,6.610977704387602,-2.5415119841977543,3.467983046102727,6.610977704387602,24.97251296043396
-3.6849022057545957,2.201585591715769,6.56366296493606,-1.4249266875464826,5.114763212829755,6.73034202563894,-0.3152045406068248,-0.0015551514403319188,0.01358077954813667,0.9489253087107029,0.10752676659894275,-0.29922584473057673,0.3535358608389651,0.020022931676066946,0.0008818037031232961,-0.06291925819823518,1510,921000000,15.37,0,2,2,-2.5672356937083247,3.5276783711871276,6.672110156190493,-2.5672356937083247,3.5276783711871276,6.672110156190493,25.239818811416626
-3.7658014429954756,2.2163967622933605,6.506142932007222,-1.4660655630349329,5.146735703195745,6.786766873760026,-0.31165394485349607,-0.002289303898394957,0.0148945276676967,0.9500761710465486,0.06940787504247267,-0.3086764919289074,0.3676838780401714,0.018401297529635485,0.006987972619754146,-0.030544737273885403,1511,92000000,16.04,0,2,2,-2.5911641095388247,3.579414333681504,6.729297478079602,-2.5911641095388247,3.579414333681504,6.729297478079602,25.49268913269043
-3.7658014429954756,2.2163967622933605,6.506142932007222,-1.502701024858198,5.184605168136555,6.845057497606624,-0.3103214548605008,-0.0033034093280498063,0.016157249798077773,0.9504886245605658,0.026295870403448374,-0.3200800483239094,0.3791598054897277,0.01938704572239658,0.007009771161392564,-0.0071382936766895,1511,251000000,16.5,0,2,2,-2.6178067967824434,3.628250130339873,6.7888295655277435,-2.6178067967824434,3.628250130339873,6.7888295655277435,25.74992609024048
-3.8441695057023733,2.23112708776023,6.445589727654783,-1.527438334736878,5.216643127052735,6.889620976165298,-0.3102388868935655,-0.00399922494913809,0.017205416534148903,0.9504945096636455,-0.002733882542287487,-0.327888269186886,0.38487503329164446,0.020773246978933457,0.004212641852063825,0.00281611962691386,1511,417000000,16.68,0,2,2,-2.649115775455337,3.67235437933286,6.850293472292703,-2.649115775455337,3.67235437933286,6.850293472292703,25.983344554901123
-3.8441695057023733,2.23112708776023,6.445589727654783,-1.553761580926871,5.257426453364319,6.942132519156289,-0.3107023545806743,-0.004598571695816059,0.01855265587743121,0.9503150524727454,-0.0326320252703521,-0.3354938208942535,0.38948454058587856,0.02146931947208941,6.814967941082273e-05,0.010635439139150549,1511,536000000,16.68,0,2,2,-2.6756962152885966,3.7023801855052123,6.897189683637637,-2.6756962152885966,3.7023801855052123,6.897189683637637,26.261876821517944
-3.9198965964540973,2.245890220561861,6.3821252979737295,-1.5808956687611542,5.307880196179572,7.002440708947979,-0.3118038797895257,-0.004968631496862912,0.020255629567616916,0.9499175557489536,-0.06211220044450598,-0.3423799865395098,0.39142143960200804,0.021677636505046394,-0.004803525735042058,0.017763286268746015,1511,675000000,16.59,0,2,2,-2.709717852816033,3.7345015513823614,6.952239016022988,-2.709717852816033,3.7345015513823614,6.952239016022988,26.521276473999023
-3.9198965964540973,2.245890220561861,6.3821252979737295,-1.6138913729309707,5.382801999752217,7.084994897616036,-0.3140968885757529,-0.004943277824487911,0.02272832261160728,0.949105964549082,-0.09391324211347993,-0.3484569497860008,0.38987327568305347,0.022390389676729683,-0.010911090703302762,0.02116678806487471,1511,819000000,16.41,0,2,2,-2.751978852768371,3.767826538079848,7.014989091960165,-2.751978852768371,3.767826538079848,7.014989091960165,26.970746755599976
-3.992880666864581,2.2608010676031918,6.315877451879425,-1.6467972898135268,5.46805334511417,7.173248793719778,-0.3153696180390915,-0.004099691684611004,0.025621565361818477,0.948614111182402,-0.10054586757783254,-0.3466312908524927,0.381458176805841,0.02059455418930156,-0.01800197806005599,-0.0013438149437661195,1512,46000000,16.04,0,2,2,-2.8152190688034904,3.8082756498004664,7.099501306965477,-2.8152190688034904,3.8082756498004664,7.099501306965477,27.37193536758423
-4.063027630994201,2.2759754362648694,6.246979603717467,-1.6718787688255283,5.530729038698829,7.237520219064472,-0.3141878610679697,-0.0028706032311512295,0.027735605120062897,0.9489512547034474,-0.08596772817494837,-0.3400293390863007,0.37261050599144835,0.015647349209757522,-0.020337856221885886,-0.022774475837650243,1512,296000000,15.57,0,2,2,-2.8953748608619825,3.8504036108013033,7.195177387150791,-2.8953748608619825,3.8504036108013033,7.195177387150791,27.644862174987793
-4.063027630994201,2.2759754362648694,6.246979603717467,-1.692735794384774,5.577302752545762,7.2861195312173,-0.31201464693350817,-0.0017417034197110617,0.02928945280368931,0.9496241122268412,-0.06042255250059321,-0.33231336758126073,0.362367504902617,0.015290250212274259,-0.022007608822605107,-0.042632910117390566,1512,467000000,15.81,0,2,2,-2.944478590936858,3.8763198081964707,7.251062050829913,-2.944478590936858,3.8763198081964707,7.251062050829913,27.89118719100952
-4.1302515575682675,2.2915296754973697,6.175570504584947,-1.7123370156884667,5.614834038086148,7.326507825889494,-0.3092325129643741,-0.0007078822548493759,0.03048597997483983,0.9504974260109413,-0.03589569892451919,-0.32601341194621286,0.3515098567770056,0.013306376513355644,-0.020114662402193062,-0.05445143542601727,1512,608000000,16.02,0,2,2,-2.9855155461213556,3.9008130842992093,7.297766789691449,-2.9855155461213556,3.9008130842992093,7.297766789691449,28.135275840759277
-4.1302515575682675,2.2915296754973697,6.175570504584947,-1.737358056241905,5.656023858631393,7.367028455773555,-0.3053124824016431,0.00044508283767251064,0.03139813253849165,0.951734336495279,-0.009860774907431029,-0.3260485032380184,0.26093300165492106,0.0010758263726984296,-0.015940022240101825,-0.06259355504880659,1512,735000000,16.32,0,2,2,-3.0187776620804803,3.9236004769295505,7.33607785818633,-3.0187776620804803,3.9236004769295505,7.33607785818633,28.401992082595825
-4.19447484055845,2.307580313030434,6.101793962904205,-1.768687260852882,5.700166998717067,7.395654789924449,-0.30033662208840756,0.0018068130462842447,0.031174506892514352,0.9533219807489748,0.01686319344413743,-0.3280900930695868,0.14427960282553562,-0.013845387275068788,-0.011479444401629735,-0.06810723352828063,1512,876000000,16.58,0,2,2,-3.0606917675841108,3.9564616902946836,7.377985687658266,-3.0606917675841108,3.9564616902946836,7.377985687658266,28.68256664276123
-4.19447484055845,2.307580313030434,6.101793962904205,-1.7853855220728487,5.721157136052346,7.403206080352955,-0.29770213930613304,0.0025068330996788,0.03060389003529765,0.954164846321153,0.029397314545657832,-0.3288217975445279,0.08881876753594108,-0.021375039796112105,-0.009564872379996814,-0.07002076745266095,1513,18000000,17.34,0,2,2,-3.0954319194236315,3.9873683069752937,7.39899859150156,-3.0954319194236315,3.9873683069752937,7.39899859150156,28.922077894210815
-4.255628347741508,2.3242436897493723,6.0257985548118125,-1.8161588370755697,5.756207187535496,7.406224484464384,-0.2929323206756987,0.0037576052157159215,0.028873989340651655,0.9556897135818447,0.05118961012040589,-0.32894464496639475,-0.004243896809588781,-0.035426054819254205,-0.005181033293411019,-0.07288876440725289,1513,117000000,17.48,0,2,2,-3.119306336891279,4.010479910724468,7.405573085574168,-3.119306336891279,4.010479910724468,7.405573085574168,29.163658380508423
-4.313651546909344,2.3416355923008934,5.947737324945997,-1.8589505798154025,5.797750542653833,7.3917548230796735,-0.2864817050108955,0.005053996553195892,0.024927334288644125,0.9577480450609923,0.08331307430361383,-0.3251412238309079,-0.12016683539100617,-0.052534280621330254,0.005900945097891963,-0.07581172321806662,1513,255000000,18.23,0,2,2,-3.147046349521013,4.039152258614173,7.404769834241511,-3.147046349521013,4.039152258614173,7.404769834241511,29.412220001220703
-4.313651546909344,2.3416355923008934,5.947737324945997,-1.9001442619937832,5.8311262842412,7.362537594704638,-0.28053863349254277,0.005778231008153057,0.020414415797640518,0.9596082215113593,0.1115964654368228,-0.31929404677700307,-0.216669272802731,-0.058396496024215594,0.010302102236892097,-0.07818798985681497,1513,417000000,19.01,0,2,2,-3.187207450209881,4.083527563345365,7.386724617241057,-3.187207450209881,4.083527563345365,7.386724617241057,29.682035207748413
-4.368492609464751,2.3598708849992414,5.867767478235116,-1.938565358162915,5.857824149710305,7.325382765742188,-0.27525923337845803,0.006211097588399069,0.016389832175767165,0.9612102528104354,0.1356060529155238,-0.31319059128740107,-0.29296235289702527,-0.05581410332524683,0.011792421173595358,-0.07766554335830733,1513,581000000,19.74,0,2,2,-3.2218424136914905,4.123831326174537,7.354899299085049,-3.2218424136914905,4.123831326174537,7.354899299085049,29.928443670272827
-4.368492609464751,2.3598708849992414,5.867767478235116,-1.9731893363814386,5.8790217012312675,7.285900209266383,-0.27083084250042777,0.00648083198703178,0.013047878869852024,0.9625167044910243,0.15477521787193266,-0.306853674023347,-0.347470365140158,-0.05149419521330856,0.012559709466586355,-0.07369500235654414,1513,722000000,20.4,0,2,2,-3.2515894931492757,4.159521274038671,7.316258820019939,-3.2515894931492757,4.159521274038671,7.316258820019939,30.172805309295654
-4.420108491198272,2.379063142108453,5.786050063307847,-2.0092035211066674,5.898738877282094,7.245871382138329,-0.26672816289617146,0.006512305100089578,0.010146288464369704,0.9636963888231158,0.1741872254561569,-0.29837423924501805,-0.31665364027750403,-0.03931115352315828,0.014600959912058897,-0.06652191368630156,1513,849000000,20.96,0,2,2,-3.2768611862637713,4.190357882748934,7.276122244699655,-3.2768611862637713,4.190357882748934,7.276122244699655,30.40533447265625
-4.420108491198272,2.379063142108453,5.786050063307847,-2.0464826554185858,5.917107591052129,7.209838766685407,-0.26314802616054395,0.00614157815774043,0.007888694658897756,0.964703667372588,0.19138388576133308,-0.29115624494586495,-0.28419189222445174,-0.030632737252744846,0.018300829651707318,-0.05623919241770636,1513,961000000,21.48,0,2,2,-3.3020117563060882,4.221322634890157,7.2358045940360265,-3.3020117563060882,4.221322634890157,7.2358045940360265,30.653332233428955
-4.420108491198272,2.379063142108453,5.786050063307847,-2.0848187003396093,5.934274434959848,7.177907353344818,-0.26023265958574077,0.005393266306943368,0.006023643794431841,0.9655120875881937,0.20606811428058408,-0.28464087313582687,-0.25081550149043963,-0.02307971953996457,0.02250343004561728,-0.0445915233285632,1514,93000000,21.95,0,2,2,-3.3271059860876155,4.252381719972313,7.199712167617222,-3.3271059860876155,4.252381719972313,7.199712167617222,30.89823341369629
-4.468464990103014,2.399324281578565,5.702749648162685,-2.1373036935810754,5.95553637491107,7.141500113273551,0.2572818780197428,-0.0038992950251690245,-0.004104161229785579,-0.9663198159002744,0.22237584072125496,-0.27732931450159365,-0.2084838436266898,-0.014032114177098265,0.025090935378102586,-0.03322741795273032,1514,217000000,22.17,0,2,2,-3.3563502662121243,4.2887202355564735,7.1628015071058275,-3.3563502662121243,4.2887202355564735,7.1628015071058275,31.13488221168518
-4.468464990103014,2.399324281578565,5.702749648162685,-2.251647239342248,5.9971235319572935,7.0842433325319005,0.25278929295623176,-0.00039016549475657527,-0.002318799930749753,-0.9675184981717181,0.23072087686466564,-0.2736085477132527,-0.1356370128340933,0.0025881988904075115,0.01913603573484579,-0.023211445295601152,1514,358000000,22.76,0,2,2,-3.3855923570567867,4.3251464403720785,7.131110009264116,-3.3855923570567867,4.3251464403720785,7.131110009264116,31.707072019577026
-4.513536781146049,2.4207642013125206,5.618033988749895,-2.36868431051495,6.0473783205470975,7.045296499615554,-0.26284351381002463,-0.002231471562902645,0.0009392406275212271,0.9648354396526417,0.17559988228615517,-0.29945282452704247,-0.08403006369300517,-0.0144662501043058,0.012048396456521004,0.2821017405949533,1514,715000000,23.45,0,2,2,-3.4566670622858156,4.413820907834418,7.072317870309619,-3.4566670622858156,4.413820907834418,7.072317870309619,32.35715913772583
-4.555307427976892,2.443490419036353,5.53207369113335,-2.441932644314414,6.0981352306777525,7.026757296032932,-0.3115976667129348,-0.003335370081127293,-0.0009922144780417771,0.9502077588169369,0.08377463365358236,-0.32940883219358397,-0.05783869053870263,-0.008912061275623273,0.011318517499603331,0.45885016734246165,1515,70000000,22.45,0,2,2,-3.5319488411488837,4.5075310772938675,7.0308415727276685,-3.5319488411488837,4.5075310772938675,7.0308415727276685,32.857792139053345
-4.593769371615339,2.4676077168380504,5.445041867912629,-2.4720254364419554,6.1252510726310225,7.020503946738935,-0.3387501897623772,-0.003754267518166321,-0.001709589054775462,0.9408673082409755,0.038468049460962085,-0.3337945385667699,-0.0467658025791567,-0.005757035933129373,0.010090559499076335,0.49238093197345734,1515,324000000,16.75,0,2,2,-3.5898707804941754,4.571220170687719,7.009557930109313,-3.5898707804941754,4.571220170687719,7.009557930109313,33.093685150146484
-4.62892389622261,2.4932177914302063,5.357113789597274,-2.5041972229296774,6.159237452640188,7.01475621861695,-0.3690204140047186,-0.004343862094942483,-0.0019640516568924155,0.9294090635511227,-0.010945396995107687,-0.333376834266102,-0.03811478608974207,0.011600062225625152,0.007836045642761746,0.3660268004750833,1515,451000000,13.48,0,2,2,-3.6205087162048293,4.596636958186628,7.001010172121685,-3.6205087162048293,4.596636958186628,7.001010172121685,33.32944893836975
-4.660781072120873,2.520418911178268,5.268466531635311,-2.5374575906970818,6.200906345812256,7.009001974077564,-0.3873059135728361,-0.004983856707516147,-0.0014421440840650436,0.9219366630654573,-0.05305354384513431,-0.3290906035812339,-0.035468847782864396,0.008517756032233592,0.0019133009800498257,0.16057471802923828,1515,589000000,9.74,0,2,2,-3.6600963273415017,4.622492341747949,6.991458779148326,-3.6600963273415017,4.622492341747949,6.991458779148326,33.56756591796875
-4.660781072120873,2.520418911178268,5.268466531635311,-2.5776398219715415,6.262552744570634,7.000973771353972,-0.3962422691645816,-0.005086502059340946,-0.0007958931936218284,0.918131558208369,-0.09429599990750587,-0.32296616790887167,-0.03872257670374063,0.004140970486332662,-0.004038821771246148,0.04301100634620525,1515,743000000,7.38,0,2,2,-3.7099329560347076,4.64746650577215,6.980818137011756,-3.7099329560347076,4.64746650577215,6.980818137011756,33.9221727848053
-4.689359676286962,2.549305580919973,5.179278617806867,-2.6267511898092635,6.359780398081447,6.9869186868676305,-0.3981978322177428,-0.004441871943683821,-8.324485279112386e-05,0.9172888036278544,-0.13109787040209564,-0.31678701187021013,-0.0484755227025213,0.0017635351014178013,-0.005307681021804456,-0.007028360187177896,1515,968000000,6.07,0,2,2,-3.7842445163869467,4.675914806345985,6.96641405789862,-3.7842445163869467,4.675914806345985,6.96641405789862,34.505287408828735
-4.7146870906059775,2.57996821558224,5.08972966070103,-2.6432883912228236,6.397512148508862,6.980901244067752,-0.39755662601869723,-0.004204343455395583,0.00011508259983315566,0.9175680025811349,-0.13814235782888348,-0.31475994261159324,-0.05146859430460796,0.0011355758715581032,-0.004601964110406698,-0.01473621587138041,1516,279000000,5.5,0,2,2,-3.8947529668510117,4.7137006057521464,6.946227354102316,-3.8947529668510117,4.7137006057521464,6.946227354102316,34.74531698226929
-4.736799178229539,2.612492823579744,5.0,-2.656646961102306,6.429084245571767,6.975601595194975,-0.39668964010769997,-0.004041174994104599,0.00026849177224773065,0.9179438578954915,-0.1309011847217222,-0.3120421719367997,-0.05441127495122492,0.0028802710858144565,-0.0035758436752075795,-0.028019776254950557,1516,398000000,5.46,0,2,2,-3.934251135205087,4.729191646764309,6.93899504027617,-3.934251135205087,4.729191646764309,6.93899504027617,34.979607820510864
-4.736799178229539,2.612492823579744,5.0,-2.6776901042042196,6.469616952712417,6.96747170555987,-0.3936994955407808,-0.0039644679071259145,0.0005754937187822287,0.9192304711072883,-0.08490727467572859,-0.30534738882369683,-0.06078612225099037,0.004325569125285256,-0.0020417974155861884,-0.05892743283766322,1516,515000000,5.47,0,2,2,-3.965753018823742,4.743197686259863,6.933042431306173,-3.965753018823742,4.743197686259863,6.933042431306173,35.21139192581177
-4.75574013844148,2.6469607009543825,4.910270339298971,-2.7060289014355843,6.509743568383044,6.956808942970968,-0.38859062829359753,-0.003956674040779485,0.000932982789524801,0.9214015399791973,-0.03365972971709226,-0.2989180863611821,-0.07042339773034308,0.00326799095091701,-0.00149840316225891,-0.0770092272432521,1516,657000000,5.56,0,2,2,-4.013515349367303,4.767551490584875,6.923585082711675,-4.013515349367303,4.767551490584875,6.923585082711675,35.44007706642151
-4.75574013844148,2.6469607009543825,4.910270339298971,-2.7343364837094484,6.54003030972825,6.946110275124563,-0.38328945857737623,-0.003927916018505118,0.0011766302250711624,0.9236191736644093,0.006885565700581023,-0.29387395592182336,-0.07885598593636886,0.0023884470692792092,-0.0015772433471283875,-0.08565177267882973,1516,800000000,6.23,0,2,2,-4.052868256956573,4.790629095962601,6.914994930818521,-4.052868256956573,4.790629095962601,6.914994930818521,35.690935134887695
-4.771562340490563,2.683448137187101,4.820721382193133,-2.76560565861606,6.566360927677272,6.934199173553747,-0.37761083008990465,-0.0038918201424525626,0.001403175261683207,0.9259551532520227,0.043642975160106276,-0.2888554601711712,-0.08742818375934094,0.0025811878685999545,-0.0012239138186487253,-0.08846322671161033,1516,949000000,6.79,0,2,2,-4.090182074462535,4.815151555955883,6.905871104819655,-4.090182074462535,4.815151555955883,6.905871104819655,35.91804313659668
-4.771562340490563,2.683448137187101,4.820721382193133,-2.79453056068188,6.586116589319853,6.923020129687525,-0.3726937870730495,-0.003883728322796735,0.0015834862076156515,0.9279449069329995,0.07195561244211543,-0.28411986088344665,-0.09403220603675791,0.0026649067649486824,-0.0006239297476895445,-0.08722293569007888,1517,93000000,7.41,0,2,2,-4.125649884286492,4.840920181407151,6.89612456065567,-4.125649884286492,4.840920181407151,6.89612456065567,36.156795024871826
-4.784326136905276,2.722026133583131,4.731533468364689,-2.8251417208858336,6.603535448443658,6.911095652412738,-0.36790294057334977,-0.003914917797279004,0.0017553157627892876,0.9298542996634986,0.09698575186025801,-0.2790146849235511,-0.0999271833217074,0.0031586178693032707,8.246627878349955e-05,-0.0843588903080672,1517,217000000,7.8,0,2,2,-4.159461244276949,4.867779322273567,6.885587622868154,-4.159461244276949,4.867779322273567,6.885587622868154,36.39052414894104
-4.784326136905276,2.722026133583131,4.731533468364689,-2.8626143852678294,6.621304861216221,6.896258791661483,-0.3625545961728113,-0.0040211470292526655,0.0019629532794947016,0.9319517916635822,0.12161872647347731,-0.2726625689101291,-0.10635659730906837,0.003160778533128905,0.0011136892567265022,-0.07963546231621876,1517,336000000,8.34,0,2,2,-4.187234378196257,4.891549533525465,6.87593577904061,-4.187234378196257,4.891549533525465,6.87593577904061,36.63391351699829
-4.784326136905276,2.722026133583131,4.731533468364689,-2.890312943108415,6.632524855617811,6.885147537360262,-0.3589230510982839,-0.004139037595017967,0.0021031690767671623,0.9333556066354989,0.13660593075149444,-0.2679962713940367,-0.11037637613249682,0.0038465766692752368,0.0018283950794284465,-0.07626730730407871,1517,461000000,9.1,0,2,2,-4.213992463603583,4.915936615135396,6.865614883097251,-4.213992463603583,4.915936615135396,6.865614883097251,36.860140800476074
-4.794099656859685,2.762760135098598,4.642886210402727,-2.9301249659404336,6.6464845882930605,6.868863903437414,-0.35408190902581277,-0.0043709032233849,0.0023097941270803645,0.9352013482436488,0.15437066715094222,-0.2615731595633076,-0.11590534342358372,0.003484264129838266,0.002704518169593939,-0.07183905618148856,1517,574000000,9.51,0,2,2,-4.235571902700735,4.9366571111350375,6.8565530211558645,-4.235571902700735,4.9366571111350375,6.8565530211558645,37.113999366760254
-4.794099656859685,2.762760135098598,4.642886210402727,-2.9767470510558502,6.660270818263403,6.84943206920049,-0.34892056539014116,-0.004672428501736433,0.002476959859311197,0.9371373816733465,0.170967460333357,-0.25388063984114406,-0.12016066159845558,0.002720311999837577,0.0033536749015183887,-0.06600284468731843,1517,707000000,10.07,0,2,2,-4.264764194360019,4.966185249148403,6.843233507641899,-4.264764194360019,4.966185249148403,6.843233507641899,37.37295842170715
-4.8009585802116845,2.8057097764408754,4.554958132087371,-3.024231125303056,6.672099884208311,6.829312797096272,-0.34417488007701785,-0.0050197315497297985,0.0026408652678703137,0.9388884279027918,0.18444562520735316,-0.24697302397819954,-0.12455669482624125,0.003277830296610773,0.0038006898648745846,-0.06098110206949059,1517,863000000,10.66,0,2,2,-4.296812728567303,5.000602257326796,6.826981380366588,-4.296812728567303,5.000602257326796,6.826981380366588,37.61954069137573
-4.8009585802116845,2.8057097764408754,4.554958132087371,-3.0782806246954593,6.683726800836727,6.8058226879931505,-0.3393438902301486,-0.0054235875690070105,0.002797878800495141,0.9406425892630885,0.19351778663496486,-0.2405941181731242,-0.12880001297177568,0.00267858054030512,0.0038429735468525905,-0.05372634805098642,1518,18000000,11.2,0,2,2,-4.327591478796217,5.0356189925494315,6.809641460061101,-4.327591478796217,5.0356189925494315,6.809641460061101,37.897666215896606
-4.804985892885419,2.850928643237058,4.46792630886665,-3.1258780086830296,6.693977095454163,6.784149187479353,-0.3358064991042248,-0.005786912897872133,0.002958724036981222,0.9419085692096391,0.18689713491800805,-0.239196136677945,-0.13410677174321456,0.0029606253065139754,0.0037384475945145823,-0.04212719795759767,1518,199000000,11.75,0,2,2,-4.360871968562343,5.075605242148615,6.788754890586577,-4.360871968562343,5.075605242148615,6.788754890586577,38.20428276062012
-4.804985892885419,2.850928643237058,4.46792630886665,-3.1662436081417664,6.704205292633117,6.7644851285967595,-0.333457548531306,-0.006061441276091317,0.0030520455524482835,0.9427406893070298,0.17033393969858363,-0.24088167924203047,-0.13858232260042605,0.001966645595530281,0.003150443512822676,-0.02953705316031119,1518,369000000,12.15,0,2,2,-4.389375725356548,5.111590338080113,6.768978089046365,-4.389375725356548,5.111590338080113,6.768978089046365,38.47244191169739
-4.806271624318301,2.898464049024539,4.381966011250105,-3.209647746446405,6.718947921603299,6.741180319962106,-0.3318495330650793,-0.006298136598231876,0.0031064966352979907,0.94330619130722,0.13718533685006723,-0.24647503870154724,-0.14508946244808424,0.0010405767739030125,0.0021230698393992498,-0.012542771219159476,1518,507000000,12.41,0,2,2,-4.413551342478866,5.143355282379289,6.75078218138653,-4.413551342478866,5.143355282379289,6.75078218138653,38.76904916763306
-4.804912567739545,2.9483568287751334,4.297250351837315,-3.2345660544347163,6.730703039701141,6.726058671052834,-0.3315274266583233,-0.006387862072826858,0.0030988489898757824,0.9434188665308674,0.10879845024070352,-0.25148069572142456,-0.14945009930465636,-0.00010671370844761441,0.0014264363471738761,-0.0019654763946164167,1518,661000000,12.59,0,2,2,-4.440371443038806,5.179921678831626,6.728949400171564,-4.440371443038806,5.179921678831626,6.728949400171564,38.998810052871704
-4.804912567739545,2.9483568287751334,4.297250351837315,-3.27031214196025,6.754173321952633,6.701014044136328,-0.33189245426281777,-0.006475406344789566,0.0030226730382640066,0.9432901628681266,0.062356109755597425,-0.25951106434666094,-0.1566856133527302,-0.0006373207554588589,0.0013559297826759575,0.009895231960399542,1518,776000000,12.46,0,2,2,-4.4599595014291005,5.207494044703736,6.711886214236415,-4.4599595014291005,5.207494044703736,6.711886214236415,39.2510130405426
-4.801011984091487,3.000641149619494,4.213949936692153,-3.30123079082696,6.783057500984635,6.674721865974279,-0.33293630254544326,-0.0065725307138352505,0.0029543033451689725,0.9429217848682516,0.019147328343236528,-0.26666362194279636,-0.16564938308867627,-0.00041105261061602505,0.001332081455984735,0.016753521049395204,1518,922000000,12.56,0,2,2,-4.482414337008213,5.239695287384294,6.691157193287832,-4.482414337008213,5.239695287384294,6.691157193287832,39.49298024177551
-4.801011984091487,3.000641149619494,4.213949936692153,-3.3246853372206644,6.812291308723283,6.650589689226726,-0.3341755348119116,-0.006646575583983529,0.0028767641239173984,0.9424830285975203,-0.014659527893242055,-0.27155933166622775,-0.17310289466232262,-0.0008998345549571241,0.0012307535371292033,0.02030289815593278,1519,79000000,12.41,0,2,2,-4.50965628722211,5.274540451497287,6.666336914155525,-4.50965628722211,5.274540451497287,6.666336914155525,39.71206450462341
-4.794679290446997,3.055344339391937,4.132232521764884,-3.345109508311138,6.844772251612785,6.625463024473385,-0.3355970056099052,-0.006699201972816465,0.002790049017213922,0.9419776993884061,-0.0454834664209763,-0.27561096728480516,-0.18085824452947924,-0.000780635184582934,0.0005951962236849795,0.02233013747172663,1519,219000000,12.22,0,2,2,-4.5364630234837255,5.301907817638834,6.643404452502345,-4.5364630234837255,5.301907817638834,6.643404452502345,39.9493670463562
-4.794679290446997,3.055344339391937,4.132232521764884,-3.36731436229791,6.890803975772798,6.5916699962143,-0.3375554075814497,-0.0066800334787713266,0.002729889022098319,0.9412779991432769,-0.08117626067390185,-0.2794761873661856,-0.1898186814169766,-0.0006853893296465685,-0.0006760570215647022,0.023680382400925737,1519,374000000,11.98,0,2,2,-4.56659125027465,5.325912454338718,6.619329729468805,-4.56659125027465,5.325912454338718,6.619329729468805,40.282078981399536
-4.786029733815932,3.112486733567247,4.052262675054003,-3.387444159615827,6.946583571781084,6.545971204704305,-0.33971290178635694,-0.006532886039581671,0.002410876140716551,0.9405034042660987,-0.11073488587816374,-0.28267559317146135,-0.2872065103031282,-0.009999813482863829,0.0007763657322357176,0.02188194848713465,1519,547000000,11.62,0,2,2,-4.6103110839948345,5.3518033381288905,6.586750556165871,-4.6103110839948345,5.3518033381288905,6.586750556165871,40.653252601623535
-4.786029733815932,3.112486733567247,4.052262675054003,-3.401663196334372,6.992827170177358,6.49116223977032,-0.3408468954404011,-0.006422174754154729,0.0011020964514169254,0.9400962370542065,-0.11473795429166415,-0.28050600336582676,-0.38796324055967607,-0.020664825206040405,0.006803953374401317,0.010490201566426549,1519,755000000,11.19,0,2,2,-4.663869632629717,5.37561568166156,6.542249755398571,-4.663869632629717,5.37561568166156,6.542249755398571,40.93303680419922
-4.775184051270693,3.1720815411108556,3.9742014451881884,-3.412486950920249,7.026890268018993,6.440073042465918,-0.3410182539222581,-0.006493430953641723,-0.00038399483116134236,0.940034168737623,-0.09434306336488968,-0.2741723329326088,-0.4565734515476002,-0.024157472580554895,0.012226142462168355,-0.007220979023259133,1519,903000000,10.92,0,2,2,-4.707548567714504,5.393609780544317,6.488705695115319,-4.707548567714504,5.393609780544317,6.488705695115319,41.173484086990356
-4.762268117355413,3.2341347297119416,3.8982060370957945,-3.4278699436618356,7.062890438939614,6.370754381187885,-0.33985944488775793,-0.006795507078087048,-0.0023952915710625643,0.9404486383542838,-0.05460284220375935,-0.2639028396782569,-0.5272376148505317,-0.026017047275672667,0.014916290365363238,-0.02499175589036895,1520,25000000,10.81,0,2,2,-4.739003047753469,5.408041761182359,6.438920027013111,-4.739003047753469,5.408041761182359,6.438920027013111,41.41243362426758
-4.762268117355413,3.2341347297119416,3.8982060370957945,-3.4464937801025695,7.094589530695923,6.292502619823777,-0.3379366115024727,-0.007128313960259172,-0.004517597043922878,0.9411310350122661,-0.01550471827032655,-0.25322894638794236,-0.5866039913007459,-0.027815891007776372,0.014333061608340358,-0.03125503280898556,1520,160000000,10.87,0,2,2,-4.773255461159146,5.4267417831281,6.3716842842317245,-4.773255461159146,5.4267417831281,6.3716842842317245,41.65683388710022
-4.747412579775129,3.2986449308157644,3.824429495415054,-3.4712308404794836,7.126075403088405,6.19384625297486,-0.3356361654629998,-0.007217534454860762,-0.007275628168369771,0.9419359515723147,0.023044773960370007,-0.23990513135133637,-0.6443594855978592,-0.03488195579848252,0.0107510215457296,-0.0290150093860575,1520,316000000,11.04,0,2,2,-4.804615400663327,5.447487119020976,6.295981482860466,-4.804615400663327,5.447487119020976,6.295981482860466,41.903324365615845
-4.747412579775129,3.2986449308157644,3.824429495415054,-3.4952791483216257,7.14991267259368,6.100685954949993,-0.333976906522509,-0.0068622785122937685,-0.01011025667785621,0.9425020518562187,0.05123272987028025,-0.22589317875194417,-0.6860406088552355,-0.043098284004372545,0.006991781174292555,-0.021138402189535554,1520,468000000,11.28,0,2,2,-4.8369308599681275,5.473355912943467,6.200723365523214,-4.8369308599681275,5.473355912943467,6.200723365523214,42.132139921188354
-4.747412579775129,3.2986449308157644,3.824429495415054,-3.520963293678457,7.17060272816344,6.002338481801347,-0.33291951485704635,-0.006187380131318195,-0.013077539625978827,0.9428442559149366,0.07371431364453145,-0.2107645837486083,-0.7206567958752118,-0.043901251774514094,0.0034407638622724335,-0.011243723474763101,1520,613000000,11.47,0,2,2,-4.862273485280857,5.497605635357036,6.110800120373093,-4.862273485280857,5.497605635357036,6.110800120373093,42.36440467834473
-4.7307524843902575,3.3656033648170482,3.7530203962825333,-3.5438518796743446,7.1861599199734485,5.9146138937676245,-0.33255143682871724,-0.00542596928770484,-0.015618999138899829,0.9429401611907,0.08858668055166674,-0.19720511778919209,-0.7448334304962148,-0.04715679206128698,0.0013716192256651993,-0.002260377982565842,1520,740000000,11.59,0,2,2,-4.885062600410427,5.523054013544498,6.015705469671212,-4.885062600410427,5.523054013544498,6.015705469671212,42.6001353263855
-4.7307524843902575,3.3656033648170482,3.7530203962825333,-3.5671737554958707,7.19989852624598,5.824411656432899,-0.3326944164076015,-0.00454216864967724,-0.018239160584723982,0.9428473508560797,0.10003942723166859,-0.18274973599085942,-0.7636824875266572,-0.04754471046908293,0.00041766955689581664,0.006201754149515182,1520,860000000,11.64,0,2,2,-4.90267368784253,5.54562702882927,5.930712286259479,-4.90267368784253,5.54562702882927,5.930712286259479,42.83723211288452
-4.712426890567834,3.4349937867204927,3.684122548120575,-3.59065215479384,7.211975456877071,5.732301088613001,-0.33326195533684055,-0.0036406827215132356,-0.02078470498036737,0.942598117223489,0.10866231364460369,-0.16832390231811448,-0.7784066075612104,-0.04426022860570811,0.00011725169457577067,0.01266149911316461,1520,989000000,11.63,0,2,2,-4.918618010038264,5.568743311527818,5.842999005687581,-4.918618010038264,5.568743311527818,5.842999005687581,43.101160287857056
-4.712426890567834,3.4349937867204927,3.684122548120575,-3.6140852150921834,7.222597534138847,5.6386623049391495,-0.3341249777728839,-0.002791127736396117,-0.02313491599840755,0.9422406722785721,0.11509467771782866,-0.15460885668178367,-0.7901018188829586,-0.04170538595644757,4.87493291956298e-05,0.01693342528596986,1521,113000000,11.56,0,2,2,-4.933000948003653,5.592271409413941,5.7529842341832955,-4.933000948003653,5.592271409413941,5.7529842341832955,43.33465337753296
-4.692578477964153,3.5067924525178915,3.6178747020262714,-3.645042923398943,7.234739779532156,5.512015689038119,-0.33554506586612537,-0.0017300890092572466,-0.025998118219667694,0.941663747530908,0.12127538106348426,-0.13750300663711937,-0.8017381933692,-0.03525609281496145,-0.0002997095180035103,0.01988288222491974,1521,218000000,11.46,0,2,2,-4.945923202351383,5.616132592989812,5.661009345398438,-4.945923202351383,5.616132592989812,5.661009345398438,43.60455918312073
-4.692578477964153,3.5067924525178915,3.6178747020262714,-3.6717118355587317,7.243730478894274,5.399953104829712,-0.3368988082594371,-0.0008463999985099269,-0.028223382708041846,0.9411173769880827,0.12493073734658308,-0.12364004776821284,-0.8085708033226741,-0.031254183340934105,-0.001044024349994288,0.02095598574669566,1521,386000000,11.28,0,2,2,-4.961040829005843,5.648345773248152,5.535866470028959,-4.961040829005843,5.648345773248152,5.535866470028959,43.83716821670532
-4.671353145833668,3.580968106473816,3.554410272345218,-3.6979259778490734,7.2514005582879255,5.287062970925577,-0.33829891043834015,-2.0294095902805356e-05,-0.03005286483352497,0.9405587021019365,0.12712333308580642,-0.11174580995639356,-0.8138136642906838,-0.02625221441121539,-0.0024342129108845256,0.02147400300600566,1521,532000000,11.1,0,2,2,-4.9724211379395635,5.6768180249591325,5.42448312337066,-4.9724211379395635,5.6768180249591325,5.42448312337066,44.11539912223816
-4.671353145833668,3.580968106473816,3.554410272345218,-3.7272598995693498,7.258859746696994,5.157357095851055,-0.3399262372277164,0.0009428909569048766,-0.0317779036424463,0.9399145860347847,0.12809795045805827,-0.09968798694727535,-0.81677265809723,-0.02241339134343434,-0.004285641898604808,0.021987397121847607,1521,672000000,10.91,0,2,2,-4.9822197844413845,5.705544696879021,5.311673595899266,-4.9822197844413845,5.705544696879021,5.311673595899266,44.397522926330566
-4.648899605976141,3.6574819894536956,3.493857067992778,-3.755842374787184,7.265155573552386,5.0274181345824385,-0.34160051073247377,0.0019279435591808506,-0.033103837506018856,0.939260086474093,0.12705607215813167,-0.08961040697611322,-0.817343188119627,-0.016965284521575086,-0.005971045720798429,0.022908537903276738,1521,822000000,10.68,0,2,2,-4.991651605220922,5.738604421132102,5.181492329290925,-4.991651605220922,5.738604421132102,5.181492329290925,44.73612427711487
-4.648899605976141,3.6574819894536956,3.493857067992778,-3.7793635191341535,7.271011415706859,4.913588648238745,-0.34307572909870326,0.0030316524993245567,-0.03366118146016709,0.9386995142478887,0.10301979103010843,-0.08668069067937482,-0.8197746102076753,-0.010380919229646679,-0.016627458535367623,0.02255283598060487,1521,992000000,10.43,0,2,2,-4.999338945056267,5.771872052106582,5.050450086576302,-4.999338945056267,5.771872052106582,5.050450086576302,45.01847195625305
-4.625368970448108,3.7362878683694305,3.4363370350639406,-3.7996525646239583,7.279680534941371,4.7994045991438,-0.34448443954312596,0.004557777859141972,-0.033654051603813545,0.9381775431038055,0.06302400952275918,-0.08821673515850652,-0.8242819045288803,-0.004305913353164215,-0.022883014935359824,0.021327833383111283,1522,135000000,10.2,0,2,2,-5.004807918158066,5.801098559428271,4.935375257324416,-5.004807918158066,5.801098559428271,4.935375257324416,45.269853830337524
-4.6009143351756405,3.8173320867587197,3.381966011250105,-3.815641896316967,7.29279085552199,4.684642556572301,-0.3457845994017756,0.006189171482006378,-0.03330635637701206,0.9377021870497089,0.01270047823889776,-0.09287084165159183,-0.8296102457215815,-0.002007122998293198,-0.022344232093018945,0.019748005615838338,1522,271000000,9.96,0,2,2,-5.010245720789415,5.829371110843263,4.819948568209188,-5.010245720789415,5.829371110843263,4.819948568209188,45.49211525917053
-4.6009143351756405,3.8173320867587197,3.381966011250105,-3.8269811372713565,7.310923195032147,4.569345679190281,-0.34699841394338826,0.007531236320536481,-0.03305716685155562,0.9372526900041448,-0.037093685140472274,-0.09778412329865174,-0.8336900290180541,-0.004276952358850394,-0.014500500856229337,0.01863018569565611,1522,399000000,9.73,0,2,2,-5.0175619029572065,5.854594559087756,4.704144357750953,-5.0175619029572065,5.854594559087756,4.704144357750953,45.724323749542236
-4.5756903606132395,3.9005536364550437,3.330853492557395,-3.8363511050908277,7.34858623462454,4.387584380669276,-0.34887727965650034,0.008356433570950556,-0.03333344407597469,0.9365381440515321,-0.10308611481224847,-0.1039326429902709,-0.8363906299840126,-0.0055612801588722505,0.002718559471759363,0.01865863159764558,1522,543000000,9.53,0,2,2,-5.027687262514928,5.875776971120871,4.587873436113965,-5.027687262514928,5.875776971120871,4.587873436113965,46.06880807876587
-4.5756903606132395,3.9005536364550437,3.330853492557395,-3.837497693470206,7.386456980268388,4.238996419497592,-0.35052013106043894,0.007801342200336597,-0.03410983393423695,0.9359013281378676,-0.14553137109885989,-0.10733013320929499,-0.8354035054213271,-0.0059630899613694055,0.015041026745166164,0.01971055298781721,1522,769000000,9.24,0,2,2,-5.049823270740673,5.900405222980481,4.404399115149559,-5.049823270740673,5.900405222980481,4.404399115149559,46.377153635025024
-4.54985285059824,3.9858842502461127,3.283102412796268,-3.833724983875934,7.429660864291985,4.090909009489172,-0.3523489769642964,0.006363296301652886,-0.0351507767967649,0.9351866817822925,-0.18079126016275177,-0.1103244760384418,-0.8331034383952417,-0.004930438853989472,0.023511909239459783,0.022289509797701612,1522,939000000,9.02,0,2,2,-5.07298519398166,5.913525498966991,4.254156961986098,-5.07298519398166,5.913525498966991,4.254156961986098,46.75310778617859
-4.54985285059824,3.9858842502461127,3.283102412796268,-3.824838896911793,7.486616449539251,3.91163965512792,-0.355074025919867,0.0035622583759598314,-0.03729273648578371,0.9340872540816099,-0.19067318171304798,-0.10652218463182042,-0.8225340927207647,-0.010220746480626985,0.03746965594473295,0.027931521799473558,1523,130000000,8.8,0,2,2,-5.099256254388738,5.922069257046205,4.104808479275011,-5.099256254388738,5.922069257046205,4.104808479275011,47.16433525085449
-4.523558330551639,4.073248515359478,3.2388089362865244,-3.8182837460734356,7.5272608173414435,3.7832455415864,-0.35737327144924,0.0008458708475053978,-0.03914566536692961,0.9331405286660511,-0.17284237397008212,-0.10012166217195484,-0.8114935811654929,-0.007299387016246328,0.041766434151213616,0.030488801348838024,1523,343000000,8.51,0,2,2,-5.133258111661116,5.9293596424838055,3.924925272078594,-5.133258111661116,5.9293596424838055,3.924925272078594,47.45944333076477
-4.496963626174488,4.162564007555353,3.198062264195162,-3.8139915529210806,7.5605200299213156,3.672497248969239,-0.3594558562467411,-0.001599866160910679,-0.04061723061755876,0.9322763369383293,-0.14316654637235723,-0.0933181806874338,-0.7996672914718832,-0.005490367311722366,0.04028548864880577,0.03042477219423745,1523,503000000,8.3,0,2,2,-5.1570505801960005,5.93531809248606,3.7969862775966483,-5.1570505801960005,5.93531809248606,3.7969862775966483,47.696890354156494
-4.470225443784154,4.253741445548371,3.160944454897099,-3.8120695679298584,7.594415407534934,3.548041093961219,-0.36177338903540807,-0.0040897065136729395,-0.04182642760927803,0.9313183339975182,-0.1071148333071598,-0.08702386096995772,-0.784029669068399,-0.00010298546033737921,0.030636102928838227,0.029504424128390383,1523,656000000,8.13,0,2,2,-5.1755379102748575,5.943001336244114,3.6873778854402715,-5.1755379102748575,5.943001336244114,3.6873778854402715,47.952595472335815
-4.470225443784154,4.253741445548371,3.160944454897099,-3.8132097678740737,7.624304786103317,3.4260631381136,-0.3639585462769448,-0.005829130800220014,-0.04245063094013146,0.9304290095213452,-0.07667338239306486,-0.08292938226740919,-0.7670179469899174,0.0020778590169356903,0.01852675686677685,0.027708169363904744,1523,815000000,7.95,0,2,2,-5.192793910050487,5.955956960125648,3.5650524136111343,-5.192793910050487,5.955956960125648,3.5650524136111343,48.20052123069763
-4.44349995342669,4.346684865422453,3.1275302587205256,-3.8163688977650283,7.647704147000667,3.3214712184427246,-0.36573519889666445,-0.00670447295869098,-0.042592385967557295,0.9297196905454643,-0.055297600402960875,-0.08084680722854036,-0.7513428940722714,0.004032070273751742,0.009260180922865402,0.026225211513519753,1523,972000000,7.78,0,2,2,-5.206097451854157,5.973139683698155,3.445836113892303,-5.206097451854157,5.973139683698155,3.445836113892303,48.45402717590332
-4.44349995342669,4.346684865422453,3.1275302587205256,-3.820461117504072,7.666038977140784,3.233499016463385,-0.367179406093736,-0.007061780658023306,-0.0424743049113898,0.9291530274485916,-0.039842255212970426,-0.07969273173729723,-0.7370592207253899,0.005195514177103178,0.0031876630600891076,0.025444512721151114,1524,110000000,7.63,0,2,2,-5.2148640375927116,5.991238122448401,3.3440623694075113,-5.2148640375927116,5.991238122448401,3.3440623694075113,48.697086811065674
-4.416942375890457,4.441291814646157,3.0978869674096927,-3.825696485478017,7.682940613089495,3.147220690222369,-0.3685797710140796,-0.007160854976085897,-0.042169415647991634,0.9286115522322165,-0.026621596378062738,-0.07916401369691069,-0.7218007530408139,0.0073271850851597264,-0.0014035791991773294,0.02486259490979137,1524,231000000,7.5,0,2,2,-5.220486471036787,6.008784179331015,3.258733287802976,-5.220486471036787,6.008784179331015,3.258733287802976,48.93086075782776
-4.416942375890457,4.441291814646157,3.0978869674096927,-3.831953128591331,7.698629919400677,3.062744783545989,-0.3699372824628452,-0.007083307734317389,-0.04167888257904558,0.928094340324575,-0.015583419759599454,-0.0794974452705543,-0.7056606108757768,0.008234908636950422,-0.004752594213641714,0.024192710952775087,1524,351000000,7.36,0,2,2,-5.224545242324912,6.028034298736097,3.1751683749679867,-5.224545242324912,6.028034298736097,3.1751683749679867,49.178152084350586
-4.3907065747319,4.537453565240048,3.0720742786082935,-3.8391294811583965,7.713249629080207,2.980193614093609,-0.3712483557704135,-0.006869279457491426,-0.0410895811503839,0.9275985757095496,-0.006264056616230364,-0.0802635553921262,-0.6887727861715394,0.008667805832374142,-0.0072089178047463065,0.023320037689700257,1524,474000000,7.22,0,2,2,-5.227209746152202,6.048821158469961,3.093389423560873,-5.227209746152202,6.048821158469961,3.093389423560873,49.399784564971924
-4.3907065747319,4.537453565240048,3.0720742786082935,-3.8485042567101266,7.729199609373879,2.886374884888436,-0.3727022673190868,-0.00648484312444483,-0.04032368535490344,0.9270517607686541,0.002390828810651694,-0.08163065134946237,-0.6688973123771393,0.008817260368232382,-0.009178536402032478,0.022131136392999906,1524,590000000,7.08,0,2,2,-5.228620156014114,6.071040512644589,3.0134009026881725,-5.228620156014114,6.071040512644589,3.0134009026881725,49.63217568397522
-4.3907065747319,4.537453565240048,3.0720742786082935,-3.860343778829465,7.746207718231253,2.7825096336361654,-0.3742712243432182,-0.005960171228807303,-0.03934163147285594,0.9264651979543568,0.009836616345608326,-0.08373016392011806,-0.646046369000423,0.009749527725944063,-0.010516152906347997,0.020937382760166656,1524,724000000,6.91,0,2,2,-5.228841116717907,6.098596674882799,2.922369988706703,-5.228841116717907,6.098596674882799,2.922369988706703,49.87363862991333
-4.3649446544071155,4.635055345592884,3.050144175636353,-3.8715173679627144,7.760274037485411,2.6945655638430295,-0.37557755236694657,-0.005464142012835505,-0.03842848361285399,0.9259778058664979,0.014841919544564066,-0.08578203093170489,-0.6261271490776897,0.009712584778753808,-0.010893859052885091,0.020130756638536695,1524,881000000,6.73,0,2,2,-5.227405878299533,6.132081211021958,2.8213308729090505,-5.227405878299533,6.132081211021958,2.8213308729090505,50.11916255950928
-4.3649446544071155,4.635055345592884,3.050144175636353,-3.883347045601482,7.773670881249391,2.6093594083087703,-0.3768313621523806,-0.004964011426918113,-0.03751260940949751,0.9255086640460071,0.019218185547714144,-0.08773025681710184,-0.6061643018795195,0.009911179040500429,-0.010884510538744507,0.01922191440826282,1525,36000000,6.34,0,2,2,-5.22435510122249,6.167510546715076,2.723444434688105,-5.22435510122249,6.167510546715076,2.723444434688105,50.35672569274902
-4.339806565582618,4.7339765903700695,3.0321408228027407,-3.8957546801497083,7.786480200524161,2.526913405992822,-0.3780256795365531,-0.004491306448965494,-0.036552306457268785,0.925062345288123,0.022381411907520167,-0.09000102397095175,-0.5860357482470602,0.011476880445115967,-0.010858938549063168,0.018342923249292653,1525,172000000,6.41,0,2,2,-5.221119496003678,6.195239384394506,2.6520851974769215,-5.221119496003678,6.195239384394506,2.6520851974769215,50.59613227844238
-4.339806565582618,4.7339765903700695,3.0321408228027407,-3.906832804254166,7.797273463996183,2.463479623153509,-0.37900331800786624,-0.004132521906322829,-0.03565303139766668,0.9246990151145826,0.02089489567769718,-0.09924590354160387,-0.49154597452005994,0.01289633601118112,-0.010412634037493262,0.017508549535705242,1525,306000000,6.26,0,2,2,-5.216418477579263,6.2287355118037375,2.571082817633295,-5.216418477579263,6.2287355118037375,2.571082817633295,50.82398509979248
-4.315439718675568,4.834091207905732,3.018100476464131,-3.9222341367254376,7.81163082012315,2.396178654109456,-0.3802233598666477,-0.003784250496056395,-0.03432317767100466,0.9242498555771949,0.01861813865916741,-0.11042148399396723,-0.3726597190497346,0.015214742052194197,-0.009370051157020498,0.016011296247597784,1525,425000000,6.13,0,2,2,-5.211722540328349,6.258513070861443,2.5085728522785273,-5.211722540328349,6.258513070861443,2.5085728522785273,51.134976625442505
-4.315439718675568,4.834091207905732,3.018100476464131,-3.9402013519715897,7.827839367565846,2.3421320360173277,-0.3814615081471556,-0.003595854433247392,-0.0326195859726335,0.9238020081402541,0.01606973710624131,-0.1210460359217997,-0.2507546598488677,0.018242496298626065,-0.008038055511860875,0.014517161343974294,1525,585000000,5.97,0,2,2,-5.204735123317495,6.299668832382632,2.441997849812045,-5.204735123317495,6.299668832382632,2.441997849812045,51.47859477996826
-4.291988606647645,4.93526786441942,3.0080514120095216,-3.958640771543223,7.84425551936602,2.30885444989711,-0.3825163646552464,-0.0036563712161286153,-0.030335878207635746,0.9234433367640028,0.011927242685807447,-0.13094216301384906,-0.1411116687834165,0.025614760852477048,-0.009056762519321637,0.011795805130532244,1525,763000000,5.8,0,2,2,-5.196779865069298,6.346811572257169,2.3877727991698223,-5.196779865069298,6.346811572257169,2.3877727991698223,51.78210091590881
-4.269594438048033,5.037370284349661,3.0020138669173706,-3.968189858666031,7.854565150606369,2.298455551315778,-0.38304307906318874,-0.0036773012843157385,-0.02860355443626554,0.9232801924175931,-0.016024115159541517,-0.1381292775445091,-0.08748534834296093,0.034842266541090794,-0.015444072050740942,0.011945218193432083,1525,939000000,5.62,0,2,2,-5.190828899110334,6.392371600578117,2.3527516286106227,-5.190828899110334,6.392371600578117,2.3527516286106227,51.99748182296753
-4.269594438048033,5.037370284349661,3.0020138669173706,-3.97858971458426,7.872979672271075,2.292562960428645,-0.38384774410527184,-0.00346146939722395,-0.02573677849558915,0.9230311727171379,-0.06436895995541446,-0.14808676426376113,-0.018818261534641854,0.04150046770519111,-0.021097296485095285,0.014982350148784462,1526,56000000,5.49,0,2,2,-5.190106255733399,6.415095929558971,2.340542560489162,-5.190106255733399,6.415095929558971,2.340542560489162,52.220345973968506
-4.248394781269408,5.140257566049799,3.0,-3.984375850180677,7.897527584538795,2.2959244945554453,-0.38498822503222124,-0.0030890512208704285,-0.022362656045125277,0.9226453467956699,-0.12240081051004048,-0.1581786464111271,0.04441818843948419,0.04370537644717842,-0.023819749185349792,0.021054580247437116,1526,194000000,5.27,0,2,2,-5.191926367220307,6.4440062264566835,2.3313399949130407,-5.191926367220307,6.4440062264566835,2.3313399949130407,52.454102993011475
-4.248394781269408,5.140257566049799,3.0,-3.9857183415451525,7.923356090390978,2.3047464747303885,-0.38626596092072324,-0.002743973870699138,-0.01940588462051752,0.9221792069242736,-0.1660787573584055,-0.16341888918305822,0.06358598679997976,0.0427675655373605,-0.023508913545811083,0.025506004385533743,1526,320000000,4.99,0,2,2,-5.19758480471321,6.469192769638407,2.330822715104701,-5.19758480471321,6.469192769638407,2.330822715104701,52.70933938026428
-4.2285232209468075,5.243784512046629,3.0020138669173706,-3.9821987495777864,7.969100044188019,2.313704167821559,-0.38857429933921867,-0.0022402765723248666,-0.015567658509712614,0.9212831503194008,-0.22162759803859747,-0.1669126809096201,0.022543900210174404,0.032769037716207094,-0.018517212447477505,0.030252995929913595,1526,454000000,4.7,0,2,2,-5.205584449807401,6.48792380498186,2.3362460332086132,-5.205584449807401,6.48792380498186,2.3362460332086132,53.02515387535095
-4.2285232209468075,5.243784512046629,3.0020138669173706,-3.9705950737181306,8.034361754747598,2.3152184142515138,-0.39170507902254753,-0.0019518719331797383,-0.012250964116793654,0.9200071929838944,-0.27098414984047886,-0.16955117904009273,-0.02102503250957336,0.02183376254834002,-0.009821862568060169,0.029692102361877915,1526,622000000,4.25,0,2,2,-5.222284328644817,6.511725663550941,2.3405824133060844,-5.222284328644817,6.511725663550941,2.3405824133060844,53.45539140701294
-4.210109027392585,5.347801973019649,3.0080514120095216,-3.9490513865613663,8.131180859929087,2.302949001646247,-0.39460381200934996,-0.002129995155548709,-0.00959104363886667,0.9187988390013584,-0.2805681082215331,-0.1699657865033253,-0.06976960031765292,0.013635440063808346,-0.0031863800813880516,0.009311057510785758,1526,844000000,3.7,0,2,2,-5.248937835726081,6.535553979658249,2.337812390808774,-5.248937835726081,6.535553979658249,2.337812390808774,53.95158672332764
-4.193276839921718,5.4521572046181594,3.0181004764641304,-3.9340919020333796,8.206596230138365,2.28358698049709,-0.39476102509008315,-0.0024446897178068533,-0.008305718174828709,0.9187430389437575,-0.2569038847828016,-0.1697906785636384,-0.10030488462402176,0.00895414059414179,-0.0007008629324900539,-0.005198673216000316,1527,144000000,3.17,0,2,2,-5.293742820311143,6.561284109467465,2.3218864870419242,-5.293742820311143,6.561284109467465,2.3218864870419242,54.3411545753479
-4.178146364880431,5.5566942361953435,3.0321408228027407,-3.928549163423106,8.242254511795982,2.271282058325762,-0.3942687930882661,-0.0026180993857617125,-0.007863101287264916,0.9189577988082339,-0.23727648086965375,-0.16983958433461002,-0.11333230994113999,0.006966107957850909,-2.4514841534539755e-05,-0.01152257373178145,1527,389000000,3.01,0,2,2,-5.332891541499958,6.57986844123402,2.300702828976136,-5.332891541499958,6.57986844123402,2.300702828976136,54.57828664779663
-4.178146364880431,5.5566942361953435,3.0321408228027407,-3.9245226913717968,8.276314225192658,2.2588496035624055,-0.39351383732559553,-0.0027837460777834526,-0.007523135626755489,0.9192836956138191,-0.21935872621525224,-0.17080405016562117,-0.085235492221748,0.006292000080065918,0.0003659999350702492,-0.015085734958120156,1527,507000000,3.01,0,2,2,-5.349840022865082,6.592189838437776,2.2876790880807305,-5.349840022865082,6.592189838437776,2.2876790880807305,54.81523323059082
-4.164832089147639,5.66125425050276,3.050144175636353,-3.9220007663987277,8.308862129096022,2.2534173983154986,-0.3926244623816466,-0.0029631800063897795,-0.0070641049279000735,0.91966697751161,-0.20242497224287287,-0.17237802529134466,-0.01997017564126296,0.009122560732066631,-0.0011728828667401103,-0.016539908210688736,1527,626000000,3.06,0,2,2,-5.363750161355606,6.607807883823794,2.274620322223894,-5.363750161355606,6.607807883823794,2.274620322223894,55.04711961746216
-4.164832089147639,5.66125425050276,3.050144175636353,-3.920875518974619,8.340001891406462,2.2554677874851174,-0.3916983046776337,-0.003088168533818857,-0.006399294054525945,0.9200662749842414,-0.18677090305255464,-0.17350710009490705,0.04064826542172424,0.012238316139701055,-0.003697111992551072,-0.016807956490083598,1527,743000000,3.12,0,2,2,-5.374747835037245,6.62667411757869,2.2686917029647615,-5.374747835037245,6.62667411757869,2.2686917029647615,55.30342245101929
-4.153443009833245,5.765675973355503,3.0720742786082935,-3.921021939299213,8.369820427919946,2.264449171342223,-0.39076128266216803,-0.0031378982902337325,-0.005498798212875328,0.9204702802289444,-0.1725168359448232,-0.174302419785951,0.09717147659715511,0.015674077803851105,-0.0065516045651747845,-0.0170480367160053,1527,869000000,3.2,0,2,2,-5.383047379926706,6.648524311168717,2.2703659317395344,-5.383047379926706,6.648524311168717,2.2703659317395344,55.54350137710571
-4.153443009833245,5.765675973355503,3.0720742786082935,-3.9226150584297446,8.403186448855637,2.2831058801975535,-0.3896332611254729,-0.003095630230941139,-0.004094348910274871,0.9209557943816864,-0.15796714511102578,-0.17508098247222764,0.1588896545126289,0.020911454703309573,-0.010301509973942302,-0.01798025223251898,1527,980000000,3.28,0,2,2,-5.388871653348778,6.673084422403022,2.2790978246083364,-5.388871653348778,6.673084422403022,2.2790978246083364,55.7723126411438
-4.144082380849918,5.869796072247862,3.0978869674096927,-3.926043149939584,8.43974494069055,2.3143599083718045,-0.38826455133842136,-0.0028377698287801113,-0.0021191406340401657,0.9215411518100243,-0.14415999664077336,-0.1755661784507931,0.2229314920685012,0.021822433154738974,-0.014478748562396504,-0.01878628336271504,1528,128000000,3.37,0,2,2,-5.392847525690152,6.704813760106344,2.297551826402813,-5.392847525690152,6.704813760106344,2.297551826402813,56.02021598815918
-4.144082380849918,5.869796072247862,3.0978869674096927,-3.9301762655226415,8.470650929457497,2.3494505418609837,-0.38703098897064375,-0.0024089279571008876,-0.0002225176895219185,0.9220635342146333,-0.1339126483102607,-0.17537594691853586,0.27209793855885406,0.023050183517625555,-0.01754128770699026,-0.019326017718412913,1528,278000000,3.49,0,2,2,-5.394157872640989,6.744647278578272,2.3285984972978833,-5.394157872640989,6.744647278578272,2.3285984972978833,56.27136421203613
-4.136847476985778,5.973449562871589,3.127530258720525,-3.9343992539075896,8.496479715768116,2.3845770884148485,-0.38596278590261857,-0.0019147155947314713,0.0014718693917688769,0.9225111898307653,-0.1266789547793806,-0.17504421655149208,0.30946911389258236,0.022526455904881004,-0.01932440445671091,-0.019009124662261456,1528,431000000,3.61,0,2,2,-5.392861257840949,6.782175749490547,2.3634002288254687,-5.392861257840949,6.782175749490547,2.3634002288254687,56.51116633415222
-4.136847476985778,5.973449562871589,3.127530258720525,-3.939937380649808,8.526061157529906,2.430329400498422,-0.3847588307773214,-0.001243881488486074,0.0034924307344570147,0.9230096954123915,-0.11966509055164061,-0.17454993881048947,0.32768240453851605,0.02303064648003783,-0.02048877449851716,-0.018212815120932646,1528,550000000,3.72,0,2,2,-5.390164444012842,6.81608944932728,2.3981628294140442,-5.390164444012842,6.81608944932728,2.3981628294140442,56.755372285842896
-4.131829376054615,6.076470222463971,3.1609444548970984,-3.9450907772586303,8.551071768755197,2.466211022466854,-0.383786163788528,-0.0005798578973007945,0.0050740254218792046,0.9234078722402803,-0.11546260874906492,-0.17507870077022158,0.2782189743158168,0.01763205018505687,-0.019924664229620248,-0.016875453547982033,1528,681000000,3.85,0,2,2,-5.385419379086458,6.857383764713437,2.4432730353701215,-5.385419379086458,6.857383764713437,2.4432730353701215,56.97573518753052
-4.131829376054615,6.076470222463971,3.1609444548970984,-3.950508966145604,8.575949948672639,2.496254820010472,-0.3828950158577048,0.00012911942955572304,0.006346275828180794,0.9237700552316107,-0.11282649359755645,-0.1761694620434718,0.231395624034681,0.013646684965351596,-0.01813572926039342,-0.01560611908644205,1528,797000000,3.97,0,2,2,-5.380176133174821,6.894037568810952,2.478419116030577,-5.380176133174821,6.894037568810952,2.478419116030577,57.22161555290222
-4.129112759647949,6.178691008890939,3.1980622641951615,-3.9561201867706983,8.60078119707029,2.5207673861443753,-0.38206860114507835,0.0008178131072919259,0.007349219429621967,0.9241043794802294,-0.11144657943795841,-0.1776493239695143,0.18702620356170233,0.00894314662218676,-0.01579645959282061,-0.014309355537989177,1528,923000000,4.09,0,2,2,-5.374006020716067,6.931775485501751,2.5075605569552346,-5.374006020716067,6.931775485501751,2.5075605569552346,57.453649282455444
-4.129112759647949,6.178691008890939,3.1980622641951615,-3.961870131153692,8.62566975084734,2.540093087416263,-0.38131195036979204,0.0014697225761894392,0.00802460998252507,0.9244104294388734,-0.11069178011740548,-0.17932863750204314,0.14561814374259582,0.0037761243675049627,-0.01274902042496251,-0.013509176096704323,1529,40000000,4.21,0,2,2,-5.367026508475209,6.97049825190763,2.531018993737193,-5.367026508475209,6.97049825190763,2.531018993737193,57.67567753791809
-4.12877573295956,6.279944484351441,3.2388089362865236,-3.9687540539626887,8.6547293541495,2.5566175998446576,-0.380441617237762,0.0021295434501015175,0.00837496982145,0.9247645650643737,-0.10974309217887672,-0.18126732977278537,0.10165080178875693,-0.0011669363516375597,-0.008471583169011865,-0.01355058793706121,1529,160000000,4.32,0,2,2,-5.35933783708169,7.010131759781148,2.5491697330972807,-5.35933783708169,7.010131759781148,2.5491697330972807,57.908416986465454
-4.12877573295956,6.279944484351441,3.2388089362865236,-3.976870969488225,8.687967334683869,2.5684170097757564,-0.3794209879759699,0.0026876018209480135,0.008284882364889059,0.9251831447902575,-0.10845892137037108,-0.1832473564502315,0.05686113290860746,-0.005483982522491715,-0.0037926586401226814,-0.01413385298292269,1529,306000000,4.45,0,2,2,-5.349575161544422,7.057391528708789,2.56419762251042,-5.349575161544422,7.057391528708789,2.56419762251042,58.14425778388977
-4.12877573295956,6.279944484351441,3.2388089362865236,-3.984197195320561,8.717026246779007,2.573243947166807,-0.37849046809480813,0.0029981813367660763,0.007881602194864551,0.9255667759901965,-0.1074023146121986,-0.18503771675465197,0.02254913199721084,-0.007996853128133807,-0.00020039105095293053,-0.014500644465442747,1529,459000000,4.62,0,2,2,-5.337551924758461,7.112525186265009,2.574048997609883,-5.337551924758461,7.112525186265009,2.574048997609883,58.384658098220825
-4.130889664098318,6.3800632425732875,3.283102412796268,-3.990654740190747,8.7419285757883,2.5737980940393412,-0.3776752693882632,0.003136381088652805,0.007352638988129137,0.9259036087552956,-0.10607267739313124,-0.18633635453060948,-0.0038059225003673723,-0.009724021765578073,0.0026628169280229486,-0.014786736664973432,1529,612000000,4.76,0,2,2,-5.327022989881078,7.1610533479872975,2.5771658944544567,-5.327022989881078,7.1610533479872975,2.5771658944544567,58.6203670501709
-4.130889664098318,6.3800632425732875,3.283102412796268,-3.9973010055241573,8.766753346244723,2.5713804159944975,-0.37684314133684355,0.0031571658982584606,0.006690319729947184,0.9262475472317222,-0.10418904239059039,-0.18722790938126105,-0.027698410402178814,-0.010596023912512464,0.00506632632095716,-0.015035096294013783,1529,729000000,4.88,0,2,2,-5.318145816257135,7.202691240787598,2.5761989031483514,-5.318145816257135,7.202691240787598,2.5761989031483514,58.839595079422
-4.13551904324917,6.47888033835782,3.3308534925573943,-4.005315754079562,8.795525851009343,2.565242155185411,-0.3758633042779974,0.003033447705908581,0.005819353637497072,0.9266518816769772,-0.10156282871911962,-0.18806794448351613,-0.051728113568160636,-0.010659563849912956,0.007484859497708385,-0.014875253964419244,1529,841000000,5.01,0,2,2,-5.309382433968959,7.244357674328301,2.5721553628407645,-5.309382433968959,7.244357674328301,2.5721553628407645,59.113773345947266
-4.13551904324917,6.47888033835782,3.3308534925573943,-4.013623370285514,8.82413960392834,2.5561180342185925,-0.37491123307435353,0.0027751162802434623,0.00490193062347697,0.9270436004419971,-0.0989760728880437,-0.18891847562649727,-0.07185044655042486,-0.010708005174819846,0.009079274877876742,-0.014428823487833142,1529,985000000,5.15,0,2,2,-5.299405546842406,7.292844649383544,2.563893077660802,-5.299405546842406,7.292844649383544,2.563893077660802,59.38337779045105
-4.142721361985436,6.576229718320881,3.381966011250105,-4.022207650868177,8.852596897274946,2.5444597613736577,-0.3739848614162686,0.002452480141942454,0.003928792876581825,0.9274232439178676,-0.0967311455098528,-0.1898137408659004,-0.08887814940343061,-0.011422175975894788,0.009863469222182175,-0.014008515699970303,1530,118000000,5.29,0,2,2,-5.289751463232487,7.341091918311366,2.552160102650319,-5.289751463232487,7.341091918311366,2.552160102650319,59.65571975708008
-4.142721361985436,6.576229718320881,3.381966011250105,-4.034794421288551,8.893168507897444,2.5241646343403685,-0.3727333052284958,0.0019583509674951155,0.0024469760820104627,0.9279332197647538,-0.09532478631108794,-0.19067120853585912,-0.10967565457804666,-0.012006260112684686,0.010263617150485516,-0.012856629382440588,1530,272000000,5.43,0,2,2,-5.280405939173593,7.389077244997933,2.53728092017154,-5.280405939173593,7.389077244997933,2.53728092017154,59.97610688209534
-4.152547012978048,6.671946651670999,3.43633703506394,-4.045168628710435,8.930995705863271,2.5028951729215523,-0.3720139746980123,0.0014800069262517718,0.0010268762807540753,0.9282253808930183,-0.11163683886391478,-0.19298567119044252,-0.1239226992201558,-0.012427915498847142,0.011055576760554686,-0.005661993327521486,1530,474000000,5.63,0,2,2,-5.267807974280397,7.456857031580054,2.5112114334591986,-5.267807974280397,7.456857031580054,2.5112114334591986,60.253355741500854
-4.165039210289305,6.765868159862174,3.493857067992778,-4.052023007803361,8.967483740923143,2.482070224571423,-0.3720874468458262,0.0010281970669030437,-0.00024324940314207817,0.9281970779636584,-0.14204825602631446,-0.19588110175802836,-0.13489969642326152,-0.012487947606132366,0.011265029843343655,0.006994128261794685,1530,650000000,5.77,0,2,2,-5.257176923316124,7.517083198282911,2.4834626651991183,-5.257176923316124,7.517083198282911,2.4834626651991183,60.50922417640686
-4.165039210289305,6.765868159862174,3.493857067992778,-4.054909184275413,9.00305886080175,2.4626311463131807,-0.37305923478372516,0.0006226730626851108,-0.0013437709633215733,0.9278063450421303,-0.1796981176836487,-0.19919311108759727,-0.14234173191036043,-0.012311208774917759,0.011227865161345107,0.02313578424946172,1530,803000000,5.82,0,2,2,-5.248444773031008,7.569771220065444,2.4558826310985347,-5.248444773031008,7.569771220065444,2.4558826310985347,60.76812767982483
-4.1802339303802745,6.857833443958347,3.5544102723452164,-4.054100874040441,9.043019690471375,2.4424094481394456,-0.37508489882490914,0.00021552996653658048,-0.002446191268851221,0.9269872104665831,-0.22240268174582717,-0.20266506324273106,-0.14745055181220765,-0.012474070535972714,0.011460864425316686,0.03825722851615865,1530,938000000,5.76,0,2,2,-5.241323539023558,7.615242283935449,2.429744795691845,-5.241323539023558,7.615242283935449,2.429744795691845,61.04941940307617
-4.1802339303802745,6.857833443958347,3.5544102723452164,-4.050398589605156,9.080889076236442,2.4246963488820144,-0.3775064169459801,-0.0001533950862184616,-0.0033907338885275926,0.9260007476013463,-0.25782683324765304,-0.20469368307819086,-0.15060074184314176,-0.01203429219458485,0.012020831763948081,0.047434862062800676,1531,82000000,5.58,0,2,2,-5.234703022178172,7.6600856137586835,2.401951670511804,-5.234703022178172,7.6600856137586835,2.401951670511804,61.30999541282654
-4.198159873902308,6.947684308549583,3.6178747020262705,-4.0402156836322005,9.14317988913675,2.397771168885383,-0.3818149799311243,-0.0007842652986584787,-0.004817785862655199,0.9242258895786883,-0.3032800886173316,-0.20584699133505927,-0.15293675335024437,-0.01174392909888411,0.013381675580603769,0.05431123645394109,1531,215000000,5.36,0,2,2,-5.2295071703642995,7.697910078602004,2.3769931625637684,-5.2295071703642995,7.697910078602004,2.3769931625637684,61.639687061309814
-4.198159873902308,6.947684308549583,3.6178747020262705,-4.024080012816007,9.218072082720548,2.36795824759921,-0.38668347908431305,-0.0016414558850085244,-0.006384782860119202,0.9221889324718977,-0.33612758477414795,-0.20424833203100973,-0.15320013355581724,-0.010048766489489935,0.01459837039874401,0.05098756882944144,1531,395000000,4.98,0,2,2,-5.222480601677616,7.7536538762194125,2.33779442889474,-5.222480601677616,7.7536538762194125,2.33779442889474,61.955700635910034
-4.218838448284354,7.035265581066037,3.684122548120574,-4.0071100212378745,9.288316888677684,2.3416205450928427,-0.3905489769852935,-0.002498649475993964,-0.007782839617492137,0.9205458602014487,-0.35034089608783814,-0.20205927323056802,-0.15071932744007124,-0.009562430568621494,0.015068638549564639,0.0436353322584182,1531,587000000,4.59,0,2,2,-5.215982646778557,7.813877503605906,2.2922788876755207,-5.215982646778557,7.813877503605906,2.2922788876755207,62.253705739974976
-4.242283771069134,7.12042552534505,3.7530203962825324,-3.9893896194272696,9.359382103398248,2.3160182388050066,-0.39368137469668907,-0.003392339533429059,-0.009047988434789002,0.9191961712032414,-0.3511463194040866,-0.19889828702272289,-0.14771135862639156,-0.007965193526615622,0.01443192631995771,0.033213774077012204,1531,776000000,4.36,0,2,2,-5.2112609657889495,7.866594896712764,2.2498447233013263,-5.2112609657889495,7.866594896712764,2.2498447233013263,62.53679180145264
-4.242283771069134,7.12042552534505,3.7530203962825324,-3.9740837541432583,9.421923688174791,2.2940519410876465,-0.3957811546944291,-0.004142812556450364,-0.010074736419637097,0.9182802482787819,-0.34303866088726015,-0.19646856626458326,-0.1427640340931557,-0.007375917675744859,0.013271129319036845,0.024580981335020624,1531,954000000,4.28,0,2,2,-5.207779681193323,7.917641763755812,2.206471948844495,-5.207779681193323,7.917641763755812,2.206471948844495,62.8318932056427
-4.268502693892854,7.203016248319119,3.8244294954150533,-3.960019854521191,9.483049001743412,2.277341237830459,-0.39730656580844653,-0.004818707375051768,-0.010861938683854032,0.9176090077548065,-0.3302826383952939,-0.19650007712069778,-0.06491063687930088,-0.0016924593751355133,0.009462140315008583,0.01731323245621752,1532,110000000,4.34,0,2,2,-5.205636645746314,7.961740033071516,2.1672582507380564,-5.205636645746314,7.961740033071516,2.1672582507380564,63.116546630859375
-4.268502693892854,7.203016248319119,3.8244294954150533,-3.946532008808219,9.549349937803239,2.278647658365681,-0.3984020933308832,-0.00529237205497929,-0.010683729447454814,0.9171333713003227,-0.3103309457056728,-0.1973666655202082,0.053019712326847636,0.008718977551325224,-0.0009975887962809793,0.0098563826213649,1532,269000000,4.53,0,2,2,-5.204455394164074,8.004603950124904,2.1318763170481008,-5.204455394164074,8.004603950124904,2.1318763170481008,63.45365595817566
-4.297494846945124,7.2828940987080575,3.8982060370957945,-3.937076374250849,9.60550203647465,2.2967761236468522,-0.39890580323735153,-0.005219895892908507,-0.009647470253245964,0.9169262997363219,-0.2887225226125561,-0.1979945614521778,0.14979365493574287,0.014594592448702315,-0.010065376318380004,0.004739675250675646,1532,449000000,4.91,0,2,2,-5.2044125792823115,8.051332848247698,2.1105390735413567,-5.2044125792823115,8.051332848247698,2.1105390735413567,63.730412006378174
-4.329252703688477,7.359920056617248,3.9742014451881875,-3.930877812492942,9.652363577733876,2.324716570443248,-0.39903809427255277,-0.0048739841751273116,-0.007996288990531291,0.9168865267632466,-0.26900215917742665,-0.19815924205013685,0.22924068033182232,0.023294968013942707,-0.01712571993266465,-0.00024956044910595665,1532,600000000,5.41,0,2,2,-5.205731804717444,8.091270428259525,2.1073855309938776,-5.205731804717444,8.091270428259525,2.1073855309938776,64.0023865699768
-4.329252703688477,7.359920056617248,3.9742014451881875,-3.92621879530614,9.703281904116507,2.369416691848503,-0.3987947057034216,-0.004109983176725533,-0.0056538396607378055,0.9170135903236654,-0.24505804748026785,-0.19796418329305868,0.31226756968902847,0.023158885232987814,-0.022991778678260744,-0.0057721883877093205,1532,751000000,5.95,0,2,2,-5.208253619655193,8.124564126613055,2.1161389715796126,-5.208253619655193,8.124564126613055,2.1161389715796126,64.26836824417114
-4.363761665560097,7.433960112965551,4.052262675054003,-3.924121622513768,9.75146771961558,2.4262394308240616,-0.39818353454117594,-0.002929730786471999,-0.0032278195139405228,0.9172954108023217,-0.22190433038611518,-0.1975915428622892,0.3849741189822462,0.021767165526398458,-0.02777726185740903,-0.010246551119053038,1532,912000000,6.67,0,2,2,-5.213171215231595,8.160325283883989,2.138246696831007,-5.213171215231595,8.160325283883989,2.138246696831007,64.52798843383789
-4.363761665560097,7.433960112965551,4.052262675054003,-3.924275754295492,9.797243963205583,2.49348362480296,-0.3973062829835013,-0.0014740475002491074,-0.00063062844405347,0.9176846664260911,-0.20073403074599958,-0.19630120808594917,0.44680295028211603,0.02314848970854655,-0.030976974085206166,-0.013183265218685847,1533,75000000,7.43,0,2,2,-5.22209239955407,8.191962993821672,2.172790752980903,-5.22209239955407,8.191962993821672,2.172790752980903,64.79156303405762
-4.401000166322823,7.504885637691123,4.132232521764883,-3.925635376691799,9.830190120022397,2.5497826579357237,-0.39654578539619195,-0.0002589388715961647,0.0013361434382704283,0.9180139365804258,-0.1865556292499392,-0.19510317531665708,0.487227428585456,0.020940685863024555,-0.03222337254555896,-0.01410219610988861,1533,220000000,8.21,0,2,2,-5.234779600026198,8.219874930409063,2.2187269276757546,-5.234779600026198,8.219874930409063,2.2187269276757546,65.02798533439636
-4.401000166322823,7.504885637691123,4.132232521764883,-3.927892874264841,9.86214457567714,2.6104767961675055,-0.3957596557081284,0.0010095889027568522,0.0032954144122706577,0.9183476552416749,-0.17383702769508746,-0.1936121837714901,0.5225977306355046,0.02250476427434478,-0.0325780849379953,-0.014290982562670251,1533,348000000,8.75,0,2,2,-5.246801014515992,8.238662524071454,2.260520367741067,-5.246801014515992,8.238662524071454,2.260520367741067,65.26018047332764
-4.44093979567767,7.5725737357109155,4.213949936692153,-3.9308784340809053,9.893232231439155,2.674927538819563,-0.39498663796754074,0.0022740703372025506,0.005281763569848831,0.9186688671141482,-0.16259451385587856,-0.19172147355473243,0.5530025971084455,0.020900169693049975,-0.03233344468753785,-0.013663488971360493,1533,466000000,9.26,0,2,2,-5.26050113943375,8.256063826398142,2.307963402813493,-5.26050113943375,8.256063826398142,2.307963402813493,65.4918372631073
-4.44093979567767,7.5725737357109155,4.213949936692153,-3.9351094607763284,9.92860926934423,2.754206094365691,-0.394162997261581,0.0037457053135281993,0.00750395181514607,0.9190022807309168,-0.15131834504932581,-0.18953881214610804,0.5832861492597976,0.021545181516557932,-0.031231120010488667,-0.012306252756388858,1533,594000000,9.74,0,2,2,-5.274509000485642,8.273400468754254,2.3603736219639746,-5.274509000485642,8.273400468754254,2.3603736219639746,65.72609949111938
-4.483545441696767,7.63690758964005,4.297250351837314,-3.9385295316751043,9.953392671357856,2.8131397547948183,-0.3936256495755911,0.004732729881975806,0.009072552163441829,0.919213869597984,-0.1443443368739718,-0.18796680475772565,0.602096955922247,0.0206161503228941,-0.029826755780959502,-0.01141154280048795,1533,720000000,10.27,0,2,2,-5.288422533077071,8.296402522302309,2.427098221317046,-5.288422533077071,8.296402522302309,2.427098221317046,65.95461058616638
-4.483545441696767,7.63690758964005,4.297250351837314,-3.94377758203698,9.987579350089089,2.898474639861078,-0.39294910095778285,0.006013396450607957,0.011174235240158092,0.9194726638603214,-0.13603040346106515,-0.18597964075547757,0.6251332470732182,0.02125029914168408,-0.02744530575000681,-0.010090861633216264,1533,835000000,10.63,0,2,2,-5.296486312188435,8.314972092293532,2.4780295591292365,-5.296486312188435,8.314972092293532,2.4780295591292365,66.17512607574463
-4.528775451583464,7.697776788310476,4.381966011250105,-3.950282760318499,10.026086933952783,2.999366758739771,-0.39228251274228915,0.007293257358517387,0.013466991361669907,0.9197172819608006,-0.12830141662166336,-0.18377623685887437,0.6467517619133597,0.019085750318481587,-0.02454751702316571,-0.008601730405644048,1533,974000000,11.1,0,2,2,-5.305327295926496,8.343839748884871,2.5533888519369743,-5.305327295926496,8.343839748884871,2.5533888519369743,66.41833472251892
-4.528775451583464,7.697776788310476,4.381966011250105,-3.9563271377648803,10.059440343100027,3.0900993444309113,-0.39179157868361725,0.008263824216053163,0.015331906172189247,0.9198891241530427,-0.12275321293413774,-0.18198210937361495,0.6622833514076315,0.01905054978124099,-0.02191335370298475,-0.007220079578473815,1534,128000000,11.58,0,2,2,-5.3124015250950105,8.380570891426828,2.6446520298911276,-5.3124015250950105,8.380570891426828,2.6446520298911276,66.63596725463867
-4.576581810215823,7.755077640164158,4.467926308866649,-3.9617132630705054,10.087842763855685,3.169372556460467,-0.39143281286298287,0.008984637130800789,0.01681582198929009,0.9200091616068968,-0.11882140785889847,-0.18068753530776335,0.6736904965751735,0.017374653907609172,-0.019712386347237043,-0.006424317234632326,1534,262000000,11.96,0,2,2,-5.31637042167164,8.415627642294846,2.7284761808495195,-5.31637042167164,8.415627642294846,2.7284761808495195,66.87090373039246
-4.576581810215823,7.755077640164158,4.467926308866649,-3.967261203866086,10.116151689910566,3.2498217207930713,-0.3911124143146818,0.009611708760406908,0.018207758279007384,0.9201125865686757,-0.11564855592592098,-0.1795676713377447,0.6829411446176376,0.018239394012198318,-0.017854428369901143,-0.00570710485590098,1534,396000000,12.25,0,2,2,-5.31839494479372,8.447611269438855,2.8029659926954165,-5.31839494479372,8.447611269438855,2.8029659926954165,67.10464835166931
-4.576581810215823,7.755077640164158,4.467926308866649,-3.9729222418588086,10.144403142227915,3.331142169836021,-0.39083533302703394,0.010144578787331573,0.01956491380866148,0.9201967420755925,-0.11308706474857251,-0.17845328925569132,0.6900399584736869,0.0164571847562911,-0.016246247105300426,-0.004953560664944234,1534,511000000,12.51,0,2,2,-5.319349607133743,8.481198006965142,2.879633901385884,-5.319349607133743,8.481198006965142,2.879633901385884,67.32402467727661
-4.626910335880682,7.8087134706344985,4.55495813208737,-3.97869151373903,10.172648985576055,3.4131594779691,-0.3905999071671567,0.01062785002366517,0.02080655276610687,0.9202640103181663,-0.11098542187280942,-0.17770481948823855,0.6955860761253951,0.016527061234228313,-0.014779477260162821,-0.004214501586830011,1534,629000000,12.74,0,2,2,-5.319405140684183,8.516228387594108,2.958234197854738,-5.319405140684183,8.516228387594108,2.958234197854738,67.54919004440308
-4.626910335880682,7.8087134706344985,4.55495813208737,-3.983564133996851,10.19619270599419,3.4818736059238797,-0.3904326951261153,0.010964813692345223,0.021825088919366794,0.9203074208822353,-0.10952132487112949,-0.1769320047676129,0.6986688281923451,0.016464956206618808,-0.013577798836195143,-0.0036926702478012885,1534,741000000,12.94,0,2,2,-5.318676375044214,8.552510793493703,3.038402550708255,-5.318676375044214,8.552510793493703,3.038402550708255,67.75418066978455
-4.6797008925584365,7.858594902670625,4.642886210402726,-3.98946411483595,10.224452057829431,3.5645668162050157,-0.39026241003443335,0.011308795275222897,0.022996031774552103,0.9203469698902487,-0.10806478954854026,-0.17604188718231967,0.7008144476799882,0.014574042052117875,-0.012244477966305567,-0.0031824952884562663,1534,850000000,13.08,0,2,2,-5.31756879075448,8.583609837635658,3.1062550212591518,-5.31756879075448,8.583609837635658,3.1062550212591518,67.97245764732361
-4.6797008925584365,7.858594902670625,4.642886210402726,-3.996444881917667,10.25747096777531,3.6612333288079375,-0.39008613084656524,0.011669494142065591,0.024209197172255503,0.920386086487567,-0.10657769687116136,-0.17556739361633125,0.7021442064825549,0.014251695665734587,-0.010817393103934592,-0.0028582158165590954,1534,974000000,13.23,0,2,2,-5.31580656024854,8.621767523598047,3.188740263026867,-5.31580656024854,8.621767523598047,3.188740263026867,68.17568707466125
-4.734887618073344,7.904640119602524,4.731533468364688,-4.002517795663622,10.285819143451144,3.7440998724319705,-0.3899456133548976,0.011925152906240407,0.02517687928850867,0.9204163916960233,-0.10546005803032435,-0.17536558777087596,0.7024759990497107,0.012255142064532265,-0.009645757381804287,-0.002879484509321628,1535,97000000,13.37,0,2,2,-5.313503252797828,8.6670594726937,3.2862461326836496,-5.313503252797828,8.6670594726937,3.2862461326836496,68.38478326797485
-4.734887618073344,7.904640119602524,4.731533468364688,-4.009731790776065,10.318980586723546,3.840729759472793,-0.38977303948346725,0.012180447268799539,0.026193331993007277,0.9204577794528412,-0.10434867197665579,-0.17539444831332462,0.7019742795323846,0.012080583201168338,-0.008438255736109568,-0.0028590725605681655,1535,231000000,13.45,0,2,2,-5.311746140849827,8.706117154796074,3.370832127366283,-5.311746140849827,8.706117154796074,3.370832127366283,68.58830165863037
-4.734887618073344,7.904640119602524,4.731533468364688,-4.016016861441863,10.347469873553932,3.9233794191165896,-0.38963282267126037,0.0123707613337455,0.026969673308962577,0.920492185997718,-0.10344932586082276,-0.17559812686340684,0.7007851337147465,0.00923125717235962,-0.00750470208004117,-0.002660939048837463,1535,360000000,13.51,0,2,2,-5.310562282385689,8.751268902788619,3.470459410062642,-5.310562282385689,8.751268902788619,3.470459410062642,68.81385803222656
-4.792399167380991,7.946775109590542,4.820721382193133,-4.022424514404673,10.376027013500762,4.005816983707629,-0.3895020418180497,0.012551005819177945,0.027631443811154073,0.9205254667772143,-0.10253897225537063,-0.1760326459269228,0.6988802792091998,0.009456228872295469,-0.006618831366722588,-0.002507241674720717,1535,493000000,13.52,0,2,2,-5.310345172581446,8.789535747946783,3.5565842569777537,-5.310345172581446,8.789535747946783,3.5565842569777537,69.03618955612183
-4.792399167380991,7.946775109590542,4.820721382193133,-4.027857462332349,10.399882962810425,4.0730967849704856,-0.3893971189056242,0.012667809986291228,0.02815562132904464,0.9205523729618676,-0.1039029563300623,-0.17847053669984886,0.6603742056651152,0.008006787629710743,-0.005790780414827168,-0.0024542873461541603,1535,600000000,13.49,0,2,2,-5.311375584830615,8.826895301947344,3.6433183149002666,-5.311375584830615,8.826895301947344,3.6433183149002666,69.25594806671143
-4.8521589702234715,7.984933890950487,4.91027033929897,-4.034517367027091,10.42870618652759,4.145405093818863,-0.3892698879485022,0.012825373933943767,0.028558478160934733,0.9205915910137059,-0.10750731897142267,-0.18378844535278466,0.5799354929286287,0.002519910435694328,-0.004228570196573855,-0.0024497859840266756,1535,715000000,13.44,0,2,2,-5.313261981081108,8.857304315996833,3.7148669657795486,-5.313261981081108,8.857304315996833,3.7148669657795486,69.49984192848206
-4.8521589702234715,7.984933890950487,4.91027033929897,-4.043690937316768,10.46746640713736,4.227462701029021,-0.3890883137221785,0.01306842889213818,0.028587505755189483,0.9206640292776838,-0.11179725137802114,-0.19113928536005087,0.48145570656076203,-0.003262212021581945,-0.0016622560110590712,-0.0024988415816551424,1535,833000000,13.34,0,2,2,-5.316796235723086,8.893150278436973,3.79319003069143,-5.316796235723086,8.893150278436973,3.79319003069143,69.77786350250244
-4.914085502344078,8.019058717695309,4.999999999999999,-4.054454746517941,10.511403835751961,4.3019379481506865,-0.3888207814166005,0.013350378509816897,0.027922660794507375,0.9207934037265817,-0.11531634811575864,-0.19915602043760344,0.3822769962508762,-0.0113704419163696,0.0016078888734227803,-0.003829444631264778,1535,991000000,13.13,0,2,2,-5.3241317498252725,8.939362045813148,3.884457878481965,-5.3241317498252725,8.939362045813148,3.884457878481965,70.08819651603699
-4.914085502344078,8.019058717695309,4.999999999999999,-4.067148798599062,10.560297487165037,4.365139686604667,-0.38828078722722975,0.013632923752961271,0.026269305919679724,0.9210657399049467,-0.11630748262339016,-0.20666737283143727,0.28466305289202004,-0.019210441314498894,0.00587717172493285,-0.006925417847014614,1536,172000000,12.8,0,2,2,-5.335823945611125,8.989198640604709,3.970615530224913,-5.335823945611125,8.989198640604709,3.970615530224913,70.37121820449829
-4.978092569416851,8.049100264685944,5.089729660701029,-4.079466048033777,10.603910155799705,4.406682851869497,-0.38746340661864975,0.013819874289331315,0.023945477759965767,0.9214704193304009,-0.11352746983486073,-0.21232527243086557,0.2086999471005094,-0.026018499556812458,0.009967047753889346,-0.01105425999412546,1536,359000000,12.36,0,2,2,-5.3529039502121964,9.04186292384695,4.04755848414234,-5.3529039502121964,9.04186292384695,4.04755848414234,70.66671895980835
-4.978092569416851,8.049100264685944,5.089729660701029,-4.091293957030625,10.642022899403024,4.432952432282459,-0.3864228621943029,0.013825213862828496,0.021454523727349083,0.9219685127198447,-0.10858032278811407,-0.21578489750882582,0.1479155901005717,-0.029403586086118594,0.013770401801593835,-0.015455219909199513,1536,546000000,11.92,0,2,2,-5.371757652211701,9.086843183557095,4.101568150951512,-5.371757652211701,9.086843183557095,4.101568150951512,70.94162726402283
-5.044089602812401,8.07501779183718,5.179278617806866,-4.104076520347427,10.679250620833784,4.451426834717517,-0.3850693953130774,0.013637985301272304,0.0187421214084365,0.9225964984950107,-0.09961308590683118,-0.21732936869823155,0.12903682107170653,-0.028833417673013173,0.016783541104814503,-0.01999448304559337,1536,706000000,11.49,0,2,2,-5.391121699722795,9.124905607458194,4.138698834989068,-5.391121699722795,9.124905607458194,4.138698834989068,71.22795939445496
-5.1119819662900525,8.096779286879451,5.26846653163531,-4.116214461221291,10.710771259948128,4.471890562242874,-0.383627647541715,0.013167509876012793,0.0166531194440602,0.9232438022202241,-0.08701156047475157,-0.21635380709909163,0.1763053314796909,-0.02094538231176557,0.01892889522423502,-0.02351716557313921,1536,859000000,11.06,0,2,2,-5.413012884850326,9.160888883643956,4.1675449907847435,-5.413012884850326,9.160888883643956,4.1675449907847435,71.5130980014801
-5.1119819662900525,8.096779286879451,5.26846653163531,-4.1254987668859675,10.732594641306845,4.490546719793361,-0.38246697833917565,0.012630803833678287,0.015459022664909896,0.9237534800437079,-0.07766575838297712,-0.2160452155844383,0.20854117133335787,-0.014373322483152151,0.01983415822905954,-0.026187339972238988,1537,0,10.68,0,2,2,-5.434244654686347,9.190273059891844,4.196478230199849,-5.434244654686347,9.190273059891844,4.196478230199849,71.74417066574097
-5.181671272677615,8.11436158623374,5.357113789597273,-4.139474014791891,10.762175256904793,4.522138637783163,-0.38063686427956644,0.011652109240622347,0.014201860988040235,0.9245421099366645,-0.06446513690917145,-0.2161302795524355,0.252501266385792,-0.00780494483478833,0.01998663374251919,-0.02965783241961617,1537,117000000,10.23,0,2,2,-5.453948910620676,9.213915056601422,4.226077913856166,-5.453948910620676,9.213915056601422,4.226077913856166,71.97822737693787
-5.181671272677615,8.11436158623374,5.357113789597273,-4.156830022892103,10.794696142018374,4.565677856812247,-0.3783229946712008,0.010437840138103035,0.013244993491915697,0.925520034004486,-0.0510602837702258,-0.21614542083170663,0.2988306631360473,-0.002514891207283654,0.017207887322001625,-0.03223280036763754,1537,244000000,10.08,0,2,2,-5.474670800797125,9.236537002388603,4.259906981524641,-5.474670800797125,9.236537002388603,4.259906981524641,72.2387752532959
-5.2530557095740935,8.12775047361449,5.445041867912629,-4.173017489720303,10.82221003670325,4.609599752272318,-0.3761710849224874,0.00950954837325328,0.012785433686146605,0.9264131994112738,-0.0412889642536597,-0.2161914051744831,0.3356587149454488,0.0010254764788442117,0.013095333906676387,-0.033918535336852074,1537,408000000,9.74,0,2,2,-5.50165404921708,9.267180828464992,4.3114534505053665,-5.50165404921708,9.267180828464992,4.3114534505053665,72.46157717704773
-5.2530557095740935,8.12775047361449,5.445041867912629,-4.189994154930344,10.849025918923456,4.658449232250136,-0.3739377641212673,0.008748585967154623,0.01265742718573433,0.9273261564005408,-0.03331612561277117,-0.21586233749189593,0.3684654027613374,0.004247841661708662,0.009050887729245005,-0.034609404974617064,1537,542000000,9.51,0,2,2,-5.52288952945676,9.29612047149328,4.362386237158819,-5.52288952945676,9.29612047149328,4.362386237158819,72.68196153640747
-5.326030373087438,8.136940756034273,5.53207369113335,-4.204991702354665,10.8715767362181,4.703767079922095,-0.37201212198259975,0.008265198315881385,0.012758717081227298,0.9281033793351059,-0.027998076978833514,-0.2153687909124896,0.3937009448560599,0.005486416648636805,0.005272063390293624,-0.03447950330155436,1537,685000000,9.34,0,2,2,-5.541377805072739,9.327536103492646,4.418355098626287,-5.541377805072739,9.327536103492646,4.418355098626287,72.9018166065216
-5.326030373087438,8.136940756034273,5.53207369113335,-4.2202908381055995,10.893844064525949,4.7519646189569205,-0.37010785783985367,0.007946921384992027,0.013029920421203777,0.928863413629535,-0.023849102469545615,-0.21474057044207645,0.4163583024523799,0.00779990205046488,0.0019727099129340786,-0.033720183273544535,1537,805000000,9.23,0,2,2,-5.555166186731606,9.356275746361913,4.469860588270911,-5.555166186731606,9.356275746361913,4.469860588270911,73.14037346839905
-5.326030373087438,8.136940756034273,5.53207369113335,-4.235761665097667,10.915965011458171,4.798791131450063,-0.36826880948777835,0.007805598201871844,0.01337047542602226,0.9295904404532391,-0.023016271452689696,-0.21588452439274913,0.36831034721230427,0.004270266208550311,-0.0010194169533406239,-0.032399761767010204,1537,927000000,9.16,0,2,2,-5.567272448015665,9.386493105154225,4.5242977436366445,-5.567272448015665,9.386493105154225,4.5242977436366445,73.37721848487854
-5.400487608599136,8.141936316943644,5.618033988749894,-4.251342040382258,10.938081976943629,4.838742814035638,-0.3665005317043849,0.007927056260277439,0.013484960271230311,0.930286341878635,-0.02306428521638761,-0.2176012277208788,0.3124321116632743,-0.00043155949640549807,-0.003252008173149079,-0.031070010300027207,1538,47000000,9.12,0,2,2,-5.577956033710235,9.418064826912547,4.577490625733751,-5.577956033710235,9.418064826912547,4.577490625733751,73.60928893089294
-5.400487608599136,8.141936316943644,5.618033988749894,-4.269563186195832,10.963935769695441,4.877151200884871,-0.36453440150257604,0.008301792796437907,0.013372980835960332,0.9310568799708665,-0.023872002500978484,-0.21934946016843368,0.25100401640029335,-0.005007217851016321,-0.004743660656458815,-0.029236997215775773,1538,163000000,9.09,0,2,2,-5.587524791877956,9.450829554326425,4.6238003790597295,-5.587524791877956,9.450829554326425,4.6238003790597295,73.89486837387085
-5.47631735752994,8.142750146300394,5.702749648162685,-4.290400574292965,10.993525480783513,4.9110552750344265,-0.3623729031946418,0.008917989626199142,0.012864694317671392,0.931901737379766,-0.023528693994488228,-0.2212690280015348,0.18772853247318622,-0.01098531465686392,-0.00403804297093302,-0.02925937697000336,1538,311000000,9.06,0,2,2,-5.5982040104124815,9.489684858459203,4.669759773809557,-5.5982040104124815,9.489684858459203,4.669759773809557,74.15088295936584
-5.47631735752994,8.142750146300394,5.702749648162685,-4.314194379473303,11.026565759600294,4.937984612284178,-0.3598434258670213,0.009577701489748455,0.011779711286876143,0.9328891761063884,-0.02013761408615211,-0.22292755920832952,0.12482146842730373,-0.01546490329928929,-0.00047667206786172756,-0.03075009080930613,1538,464000000,9.02,0,2,2,-5.6108111874070365,9.533903941055804,4.712568644963198,-5.6108111874070365,9.533903941055804,4.712568644963198,74.45433163642883
-5.553407509066662,8.139404347423483,5.786050063307846,-4.341531698901724,11.062482936283526,4.955966063671857,-0.35680613004916567,0.010025046255985496,0.01003525247239126,0.9340707562678099,-0.012573394630776766,-0.22427491903724284,0.06632853393028465,-0.018802105478243902,0.00411356031690957,-0.03354757354827598,1538,654000000,8.96,0,2,2,-5.628111378803656,9.580821239017622,4.749320816876016,-5.628111378803656,9.580821239017622,4.749320816876016,74.74812412261963
-5.631644255798397,8.131930120548828,5.867767478235116,-4.360427818866412,11.088029045040201,4.962433901734532,-0.3548804226808725,0.009971198460896965,0.008492696870054007,0.9348199478503719,-0.02530561248286333,-0.2266090621298901,0.03452414555355182,-0.02046632162091555,0.011642334629868856,-0.026084575620188843,1538,838000000,8.86,0,2,2,-5.651260824006134,9.629370685630139,4.777592906568261,-5.651260824006134,9.629370685630139,4.777592906568261,75.00714921951294
-5.631644255798397,8.131930120548828,5.867767478235116,-4.3754581566350215,11.111287940700405,4.964783708927888,-0.3536892372327085,0.009623548333039156,0.007036628150751329,0.9352870129791679,-0.04466327810687142,-0.22958975163948053,0.013216808652531548,-0.020159730775048956,0.01666115495027043,-0.01445078823962831,1538,981000000,8.76,0,2,2,-5.669893538472069,9.661135534801591,4.790410749694292,-5.669893538472069,9.661135534801591,4.790410749694292,75.26704502105713
-5.71091245220216,8.12036772306612,5.947737324945997,-4.392369384993006,11.145936145607951,4.964705004730072,-0.3533964344873086,0.008737732890457305,0.0050633808305205474,0.935419143641051,-0.08366072759586654,-0.23511785267840235,-0.006034512700449659,-0.017863846369436942,0.020822558690269943,0.0076336623806128046,1539,114000000,8.62,0,2,2,-5.687398291694351,9.6869689054223,4.79729047242426,-5.687398291694351,9.6869689054223,4.79729047242426,75.54621052742004
-5.71091245220216,8.12036772306612,5.947737324945997,-4.404918519540374,11.18562723077741,4.962138382730767,-0.35466816373439575,0.007604650481191145,0.0032250743277733303,0.9349557539370035,-0.12445184050199232,-0.2399837839604408,-0.020032888451136394,-0.01580324042151915,0.021400477635324933,0.02388435877946904,1539,259000000,8.32,0,2,2,-5.712718008723909,9.719643076762392,4.801111180944482,-5.712718008723909,9.719643076762392,4.801111180944482,75.87093424797058
-5.791095974912476,8.104766406478063,6.025798554811812,-4.416390691008265,11.246798027505108,4.955618591944728,-0.357355456188308,0.006038951469306558,0.0010476439994243684,0.9339483451667164,-0.16191852906419474,-0.24355546126288524,-0.034503650994768056,-0.012301369497436099,0.019128865824313834,0.02423683399683796,1539,430000000,7.92,0,2,2,-5.7401835151468745,9.75036951457666,4.799391155557517,-5.7401835151468745,9.75036951457666,4.799391155557517,76.21956062316895
-5.791095974912476,8.104766406478063,6.025798554811812,-4.425461087822845,11.310648920906234,4.94611610567192,-0.3586998131010246,0.004701219786503603,-0.0008169266440788557,0.9334407722210698,-0.1596731694113407,-0.24235457851084882,-0.04961340250008655,-0.01082344533642754,0.01573066765558906,0.0016296892567879695,1539,638000000,7.4,0,2,2,-5.781090942308117,9.789845083242119,4.7890206284210715,-5.781090942308117,9.789845083242119,4.7890206284210715,76.56668543815613
-5.872078083707181,8.085184330185637,6.101793962904205,-4.432952143092194,11.349371876651471,4.938484162376699,-0.3580473812723286,0.0040333414923948855,-0.00186265013711032,0.9336928485615064,-0.13407367258517489,-0.23994344787468203,-0.05920941774777444,-0.010279013440595008,0.013016517095820745,-0.01800181489670649,1539,861000000,7.1,0,2,2,-5.825323892534425,9.826388310318634,4.770604644367719,-5.825323892534425,9.826388310318634,4.770604644367719,76.79966688156128
-5.953741782142302,8.061688452265003,6.175570504584946,-4.442894420229504,11.385422196279444,4.929658207819744,-0.3564139074932913,0.0035088946473745795,-0.00282981119740479,0.9343172942701554,-0.10507827713106047,-0.23749514731520596,-0.06831842059516788,-0.010060240583698032,0.01092427410185337,-0.030832465199637227,1540,15000000,7.1,0,2,2,-5.8550411964787346,9.848326071135707,4.755223689295076,-5.8550411964787346,9.848326071135707,4.755223689295076,77.05073142051697
-5.953741782142302,8.061688452265003,6.175570504584946,-4.45365496276839,11.413909083840961,4.921207342744477,-0.35444753139197765,0.0031504288328234728,-0.003611359873854539,0.9350636237006353,-0.07893369686808183,-0.23546388329150597,-0.07462261648061627,-0.009982986739487387,0.00942692777243792,-0.03819689773081336,1540,148000000,7.21,0,2,2,-5.8858427024284845,9.869411456242235,4.73732172098574,-5.8858427024284845,9.869411456242235,4.73732172098574,77.28264737129211
-6.035970176772812,8.034354397463265,6.246979603717467,-4.466476665779877,11.44022805357582,4.9122143495587345,-0.3521477079354822,0.002863989887775082,-0.004353793207767774,0.9359299299853665,-0.053228162132433886,-0.23363343130975558,-0.0784783994934793,-0.009973391752282623,0.007925214777060319,-0.043022750833188184,1540,263000000,7.38,0,2,2,-5.912970236525602,9.886897026145224,4.720218264055126,-5.912970236525602,9.886897026145224,4.720218264055126,77.53954601287842
-6.035970176772812,8.034354397463265,6.246979603717467,-4.483971204391672,11.468312006207366,4.901393652806067,-0.34919857459461345,0.0026352757931593952,-0.005164474508107712,0.9370308100727739,-0.024543064481880518,-0.23131790696307047,-0.08070803135205865,-0.00939094588829903,0.005925583354837727,-0.04623763124982361,1540,394000000,7.6,0,2,2,-5.940677170285686,9.903949978198103,4.701656829493432,-5.940677170285686,9.903949978198103,4.701656829493432,77.78542113304138
-6.118646833902687,8.003266302701505,6.315877451879425,-4.500970870354873,11.490268561470396,4.8919741174491795,-0.34654658668228067,0.002532774274853423,-0.005797522173378707,0.9380114269293217,-0.0015597454450546715,-0.22904349528022064,-0.08122569886865805,-0.009438854885956971,0.004149283404331072,-0.04774487933900673,1540,522000000,7.91,0,2,2,-5.971142303156748,9.925148944498346,4.679750901952141,-5.971142303156748,9.925148944498346,4.679750901952141,78.01045489311218
-6.118646833902687,8.003266302701505,6.315877451879425,-4.519699336918078,11.510384859516614,4.882634988033915,-0.34383184134949474,0.0025193100639391212,-0.0063775032028051855,0.9390062009400766,0.019829352095916207,-0.2265691315587381,-0.08040215720759426,-0.00868007564349682,0.0024374505073865294,-0.04816355794901028,1540,639000000,8.2,0,2,2,-5.994651474517914,9.945061231828284,4.661677739826733,-5.994651474517914,9.945061231828284,4.661677739826733,78.25206685066223
-6.201656132817683,7.968516640433846,6.382125297973729,-4.543491760968294,11.531723775983318,4.871974012291887,-0.3406816279667635,0.002601315385333391,-0.0069636215870688195,0.9401493336159814,0.04239689589321826,-0.223379970569039,-0.07796517488077653,-0.008007287669897778,0.0004964711934007937,-0.047496096885879524,1540,763000000,8.5,0,2,2,-6.015995152922981,9.96636926189282,4.644522266199206,-6.015995152922981,9.96636926189282,4.644522266199206,78.48540568351746
-6.201656132817683,7.968516640433846,6.382125297973729,-4.576746931834148,11.556128146575553,4.859009213040174,-0.3367375006008488,0.002839657322468241,-0.007549757064697338,0.9415640143950108,0.06723466406988576,-0.21894449885643338,-0.07319026040440366,-0.006151078150651301,-0.00153443880890336,-0.04556742132990621,1540,909000000,8.87,0,2,2,-6.038568793823176,9.992686300639214,4.625954890195092,-6.038568793823176,9.992686300639214,4.625954890195092,78.77190685272217
-6.284883614466956,7.930206020270921,6.445589727654783,-4.604342558923983,11.573050706397025,4.849681972651777,-0.3337699788236443,0.003112370693942926,-0.007925585308196174,0.9426160933711294,0.08410280688642638,-0.21550236456248043,-0.06757492154688725,-0.005950137119725696,-0.002754750403255457,-0.04459333104023244,1541,90000000,9.34,0,2,2,-6.064650443594155,10.028302381589453,4.6048318573692475,-6.064650443594155,10.028302381589453,4.6048318573692475,79.02574682235718
-6.284883614466956,7.930206020270921,6.445589727654783,-4.633249199040675,11.588396152760767,4.841401668529561,-0.33085048028087244,0.0034172636225680794,-0.008201199951153376,0.9436413631918699,0.09854963778298835,-0.21242991705478292,-0.04783630544394477,-0.004086230046596029,-0.003571245247258048,-0.043532294148462825,1541,226000000,9.69,0,2,2,-6.083176992644175,10.057022824324838,4.590842930363425,-6.083176992644175,10.057022824324838,4.590842930363425,79.28210210800171
-6.368216324575463,7.888442969334668,6.506142932007221,-4.663232894356577,11.602422860397436,4.842636003992949,-0.32803333855871714,0.0036053514231049054,-0.008098010650872425,0.9446245563495776,0.11101872514337621,-0.2111124109842332,0.049762338108541755,0.004632057834896841,-0.0030378362907867995,-0.04147163672314491,1541,362000000,10.03,0,2,2,-6.100516646909161,10.086388947985327,4.579316176056845,-6.100516646909161,10.086388947985327,4.579316176056845,79.55613970756531
-6.368216324575463,7.888442969334668,6.506142932007221,-4.707546143267496,11.620492389314768,4.866859660196347,-0.3242741554239065,0.0033713407470114176,-0.007050190671574512,0.9459308648084034,0.1253156442999806,-0.20828264384327788,0.17619616678783506,0.015504033217439428,0.0001172688904205188,-0.03833875307464041,1541,507000000,10.35,0,2,2,-6.116924108775102,10.116234801823245,4.578688144397327,-6.116924108775102,10.116234801823245,4.578688144397327,79.90950751304626
-6.451543150187733,7.8433436918687205,6.563662964936059,-4.739082900718009,11.63223528985361,4.898243331288762,-0.32186988599671673,0.002854308655900558,-0.00585270457623515,0.9467615197396336,0.1290342390196853,-0.20636034870292969,0.2586544841957844,0.02106876636389643,0.002339505817872123,-0.03507301407807972,1541,698000000,10.74,0,2,2,-6.139214349946516,10.159389729454308,4.602554003522481,-6.139214349946516,10.159389729454308,4.602554003522481,80.18391060829163
-6.451543150187733,7.8433436918687205,6.563662964936059,-4.779389804973387,11.64710031397134,4.954236651281663,-0.3191169215698806,0.0019815806244889086,-0.004087168416420643,0.9477044680491524,0.12567582926074788,-0.20366270352468022,0.3508891119485418,0.022733510013495106,0.0025087695348702255,-0.02954976152977906,1541,851000000,10.95,0,2,2,-6.154239007519565,10.18977728365766,4.635146717997343,-6.154239007519565,10.18977728365766,4.635146717997343,80.47777652740479
-6.534755148665063,7.795031808684679,6.618033988749895,-4.817792196660753,11.663152220578219,5.025165864354907,-0.3171084226007157,0.001289295974545063,-0.002385692570266224,0.9483854145349011,0.10799239876229197,-0.20173560942133695,0.42784829982305855,0.020909984414174687,0.00012613028417263195,-0.01870155338110635,1542,35000000,11.18,0,2,2,-6.172906910409598,10.228878736490138,4.69385663295478,-6.172906910409598,10.228878736490138,4.69385663295478,80.75865983963013
-6.61774586818253,7.743638077079121,6.669146507442605,-4.845409526364956,11.677332784348662,5.089147011333301,-0.3161949308741178,0.0008429507448689796,-0.000986271433964955,0.9486933553009698,0.08720031273048687,-0.2008606142491492,0.479655599106129,0.021455420392157976,-0.0007187457015334076,-0.009553748259349959,1542,205000000,11.32,0,2,2,-6.190825394505214,10.267875353466895,4.768428066430636,-6.190825394505214,10.267875353466895,4.768428066430636,81.03698325157166
-6.61774586818253,7.743638077079121,6.669146507442605,-4.870224482363044,11.693836716650708,5.159862975859722,-0.31593100924826584,0.0003953246457579114,0.0003285156870187629,0.9487820261742104,0.05376637864237353,-0.20203325775203362,0.5189053704022515,0.01815860869101016,0.001871255051355547,0.002367860315644066,1542,355000000,11.38,0,2,2,-6.20421921004014,10.298073654554482,4.835493295947197,-6.20421921004014,10.298073654554482,4.835493295947197,81.2934057712555
-6.700411658799133,7.689300091909045,6.716897587203731,-4.888274728225957,11.71088186754655,5.219465216943296,-0.3163453502365954,-1.4783021850142556e-05,0.0011854600699117933,0.9486433544012052,0.020569758876777765,-0.2041601070434595,0.4784188534275359,0.013130919433024246,0.0015731580560895964,0.010766202194645302,1542,486000000,11.36,0,2,2,-6.217634992139647,10.32771791164483,4.90915877795587,-6.217634992139647,10.32771791164483,4.90915877795587,81.54102110862732
-6.700411658799133,7.689300091909045,6.716897587203731,-4.9011662089922705,11.727019682493882,5.265455353031703,-0.3169795000896812,-0.00021509789229473065,0.0017043378264023907,0.9484308332653288,-0.00473451065427931,-0.20589720458109065,0.4457800801644213,0.010089463285112288,-0.0005023612970944669,0.0151337891111325,1542,601000000,11.28,0,2,2,-6.230074461267589,10.35195038845071,4.970685396055898,-6.230074461267589,10.35195038845071,4.970685396055898,81.77352643013
-6.7826519732040484,7.632161968564601,6.761191063713475,-4.918201414492247,11.756005118740594,5.332259225506832,-0.3182743545847872,-0.00021162881144227356,0.00236931523954875,0.9479956628446033,-0.03913427276277629,-0.207896561285825,0.39457925639568964,0.006157807092677103,-0.004875303329754388,0.017844240574049763,1542,713000000,11.18,0,2,2,-6.242207729874622,10.3703532870637,5.017591206064214,-6.242207729874622,10.3703532870637,5.017591206064214,82.05516386032104
-6.7826519732040484,7.632161968564601,6.761191063713475,-4.9301150093667445,11.783923688902545,5.38415158560177,-0.3194435950081401,0.00014702506537741817,0.002804525749111378,0.9476011305540047,-0.06257431348967255,-0.20879935561248333,0.3524489692955233,0.0025403179051863845,-0.008471314868074842,0.017072479022317566,1542,862000000,11.02,0,2,2,-6.264850943053068,10.39653487679853,5.084683167374145,-6.264850943053068,10.39653487679853,5.084683167374145,82.29835820198059
-6.864369656274056,7.572374008627096,6.801937735804837,-4.943416271280429,11.82682066892411,5.448601557249884,-0.32092566294271363,0.0011245385140502386,0.003185849076582566,0.9470983605959685,-0.08709483508539159,-0.20928203215446053,0.29874305794201916,-0.0014801956922383397,-0.012015845913992962,0.01409510150551796,1543,12000000,10.89,0,2,2,-6.287520178049222,10.416561538391646,5.1357952015509305,-6.287520178049222,10.416561538391646,5.1357952015509305,82.60821843147278
-6.864369656274056,7.572374008627096,6.801937735804837,-4.956295589580213,11.880266792201208,5.512356033780019,-0.3217715212427401,0.002790404219189393,0.0034574632675559306,0.9468069220855853,-0.09198981096456207,-0.20637029837257245,0.23931497857218748,-0.0036334928381620557,-0.01536108484287979,0.0010334481260088069,1543,210000000,10.75,0,2,2,-6.324308132106068,10.440814506532462,5.197451498793969,-6.324308132106068,10.440814506532462,5.197451498793969,82.99749302864075
-6.945471222611875,7.510092349047391,6.839055545102902,-4.966181382062509,11.919262003085057,5.551196272553824,-0.3213483077532405,0.0043206279163359364,0.0034703677575736317,0.9469448525791585,-0.08177022981640883,-0.20265355746300862,0.19866487101310595,-0.006796890193072613,-0.015922394413792063,-0.00890560631887638,1543,450000000,10.7,0,2,2,-6.374985940208165,10.463586711733097,5.255469054653342,-6.374985940208165,10.463586711733097,5.255469054653342,83.35583806037903
-7.025867121271975,7.445478595724748,6.872469741279475,-4.975423854090402,11.947550816138795,5.576373455628713,-0.3202688204461547,0.005643035327262993,0.003457481859457886,0.9473035863024669,-0.05471012100989183,-0.19741063874351242,0.1662479290138354,-0.00657968071209325,-0.019203374176868238,-0.022625795827480033,1543,629000000,10.78,0,2,2,-6.415665339221632,10.47789530724737,5.289087517852669,-6.415665339221632,10.47789530724737,5.289087517852669,83.59988498687744
-7.025867121271975,7.445478595724748,6.872469741279475,-4.9855260921272135,11.969316550822656,5.594482639962933,-0.31871129840901824,0.0068770700571941495,0.0033734678120137737,0.9478208870291832,-0.027519840656140354,-0.1927165096358679,0.14016087750512007,-0.008674689888721332,-0.01832923971960554,-0.03118438362434972,1543,757000000,10.92,0,2,2,-6.446564976586842,10.489329024054172,5.310362070915293,-6.446564976586842,10.489329024054172,5.310362070915293,83.8472626209259
-7.10547198691976,7.378699442408728,6.902113032590307,-4.997974535230726,11.988534852865001,5.609655210576459,-0.3167312559852637,0.008008535668625064,0.0031491923962112017,0.9484762819521071,0.002207346326971552,-0.18787627745807023,0.11605527897962017,-0.009500563010078622,-0.014561906664312119,-0.03726535396708641,1543,884000000,11.1,0,2,2,-6.471318020070173,10.500336758949041,5.325846408216102,-6.471318020070173,10.500336758949041,5.325846408216102,84.10578393936157
-7.10547198691976,7.378699442408728,6.902113032590307,-5.01836526084734,12.010143898736926,5.625757543679008,-0.3137341980695729,0.009105350702789918,0.0026313874609228136,0.9494635439816799,0.041261211434983895,-0.18135294099342542,0.08669016419173484,-0.010598451990517788,-0.007570896104880376,-0.03984829891123809,1544,14000000,11.31,0,2,2,-6.49449769252534,10.512379255346412,5.339127032488977,-6.49449769252534,10.512379255346412,5.339127032488977,84.34654760360718
-7.184204876711098,7.309926275887015,6.9279257213917065,-5.03961553200154,12.025469235040424,5.63632626267529,-0.3111107182864567,0.009652526470059094,0.002015753499874309,0.9503225170634741,0.07347404573978117,-0.17559883862061776,0.06364597902155755,-0.010323055266781012,-0.0024045224108704133,-0.03850814318866469,1544,158000000,11.58,0,2,2,-6.523326831621433,10.52969565429958,5.353889509272565,-6.523326831621433,10.52969565429958,5.353889509272565,84.58426785469055
-7.184204876711098,7.309926275887015,6.9279257213917065,-5.063814694602764,12.03768300151949,5.643967730500328,-0.30864766071163957,0.009907644114318888,0.0013183533802511695,0.9511239257161503,0.10242425231012682,-0.16968286068587554,0.04284187214294687,-0.010181214565818664,0.0011420206874390715,-0.03490297822281718,1544,305000000,11.78,0,2,2,-6.546964696933168,10.545685254154213,5.364504250186061,-6.546964696933168,10.545685254154213,5.364504250186061,84.81479740142822
-7.261989492222686,7.239334768459573,6.949855824363647,-5.094606589326425,12.048198769149453,5.649487018654294,-0.3062211156533649,0.009963130782996849,0.00046958929595361607,0.9519081593509442,0.1317125771981432,-0.16271029627021183,0.021975905315220094,-0.009850920741882874,0.0036091835454499233,-0.028416635723260697,1544,456000000,11.94,0,2,2,-6.569430782519036,10.56217735926546,5.373352527195553,-6.569430782519036,10.56217735926546,5.373352527195553,85.08572030067444
-7.261989492222686,7.239334768459573,6.949855824363647,-5.128263733060083,12.055398720194567,5.652034624286118,-0.30433922433710436,0.009869076348272238,-0.00037608395887652173,0.9525125177249785,0.15644031483015125,-0.15566666895205672,0.0040654326833742815,-0.009241278257832164,0.004698350585385924,-0.021185699188208673,1544,606000000,12.07,0,2,2,-6.594021283137921,10.58135137426633,5.3816721360013,-6.594021283137921,10.58135137426633,5.3816721360013,85.38726115226746
-7.338754385808782,7.16710445873456,6.967859177197259,-5.168648699781944,12.060307315734137,5.652015375051678,-0.3028859677757996,0.009685607746002928,-0.0012642382530912953,0.9529767474753763,0.17547502667770554,-0.1489913402663607,-0.010948880460450897,-0.008285070634883596,0.00488056248286739,-0.01337994253844954,1544,762000000,12.13,0,2,2,-6.617737085564184,10.600619740767083,5.388461119178009,-6.617737085564184,10.600619740767083,5.388461119178009,85.76198720932007
-7.338754385808782,7.16710445873456,6.967859177197259,-5.209888025877002,12.063608693830172,5.650050254770707,-0.3021755344479267,0.009469213691468692,-0.0020365149393026254,0.953203091151134,0.1764237787550262,-0.14540531733980483,-0.018764155734845547,-0.006985336631259997,0.0046926493723731255,-0.004616650176103576,1544,953000000,12.12,0,2,2,-6.6437625902084045,10.622072308388208,5.3947104272262445,-6.6437625902084045,10.622072308388208,5.3947104272262445,86.10007333755493
-7.414433150806786,7.093418321813691,6.981899523535869,-5.254401601724816,12.067692279050249,5.646853413078217,-0.30221526586551656,0.009221111123266797,-0.0027400560683852734,0.9531911646045768,0.16277983795989368,-0.14437021221900392,-0.020999327419243916,-0.005425499784905696,0.004304083086026367,0.0043163552163605345,1545,130000000,12.04,0,2,2,-6.669405132975041,10.643026205374644,5.399871254815931,-6.669405132975041,10.643026205374644,5.399871254815931,86.43172907829285
-7.488964595062717,7.018462329964086,6.991948587990478,-5.2950459409224875,12.074661156065718,5.64381951437861,-0.30311220560221847,0.008938079041492908,-0.003352195543008645,0.952907059656422,0.13083680046700677,-0.14645931617497454,-0.017386761845304226,-0.00455742983831442,0.0047274957523768535,0.012868769044871442,1545,333000000,11.87,0,2,2,-6.6977479372054525,10.665472353088912,5.404711665304731,-6.6977479372054525,10.665472353088912,5.404711665304731,86.75279450416565
-7.562292897297591,6.942425004900163,6.997986133082629,-5.333601950948252,12.087200975978957,5.641548892585537,-0.3048069244923029,0.008535259076290342,-0.0039035116364739544,0.9523679177350253,0.09096042492275971,-0.1488941816737679,-0.01032681261368553,-0.0033212892958545126,0.005399461952038109,0.01839810865931213,1545,523000000,11.62,0,2,2,-6.726161715924663,10.686830229987534,5.408888945483258,-6.726161715924663,10.686830229987534,5.408888945483258,87.13127541542053
-7.562292897297591,6.942425004900163,6.997986133082629,-5.365541630124723,12.104901106676634,5.644404306302846,-0.30688223158713573,0.008010242668845223,-0.004291382093003839,0.9517041115747149,0.05508785299811729,-0.15163235686736584,0.06284572205533034,0.0012360116443232982,0.006189631858433131,0.020535071053018328,1545,744000000,11.29,0,2,2,-6.757652466639053,10.708919856726013,5.412939916612211,-6.757652466639053,10.708919856726013,5.412939916612211,87.54001879692078
-7.6343677458871,6.865496962822616,7.0,-5.3828773225804,12.11848330553442,5.660443808583229,-0.30824421411762537,0.007465761138642668,-0.004116994317741093,0.951269056172551,0.036522860180513546,-0.15330304802224243,0.15341259121892764,0.007394134354399284,0.007105480472091585,0.020332201347628143,1545,965000000,10.93,0,2,2,-6.789455183390816,10.729420398951014,5.420193487432575,-6.789455183390816,10.729420398951014,5.420193487432575,87.79635810852051
-7.705144459679417,6.78787045338199,6.997986133082629,-5.396127224068006,12.13132131482093,5.6837852876215935,-0.3093954509065017,0.006874142035175009,-0.003689819142115869,0.9509014598602428,0.022304166113253206,-0.15391641918885313,0.2244949776676639,0.011491137320263078,0.007512029787903884,0.01937441065820167,1546,102000000,10.71,0,2,2,-6.809911225044422,10.741553633611714,5.438079344317855,-6.809911225044422,10.741553633611714,5.438079344317855,88.04038667678833
-7.705144459679417,6.78787045338199,6.997986133082629,-5.411746038895735,12.14982545258174,5.7273302783096804,-0.31077950889157013,0.006001375291705016,-0.0028345508375439577,0.9504588605874911,0.006165184742572228,-0.15323948422587322,0.30881091783142706,0.014805679074925138,0.0063964332639443455,0.01642593397264136,1546,231000000,10.52,0,2,2,-6.827570204472475,10.751382676747435,5.462465036973656,-6.827570204472475,10.751382676747435,5.462465036973656,88.31352591514587
-7.774584090529587,6.709738893751633,6.991948587990478,-5.426932667243923,12.172036796440818,5.7908711528727235,-0.31199244205816584,0.005176851077051101,-0.0016007668529412367,0.9500691310936222,-0.008422831989662757,-0.15088934452501288,0.3880846966118823,0.016717786638764665,0.0026242998728776,0.012076166876795469,1546,384000000,10.3,0,2,2,-6.851380188822758,10.763580623294652,5.506719615231733,-6.851380188822758,10.763580623294652,5.506719615231733,88.60717964172363
-7.774584090529587,6.709738893751633,6.991948587990478,-5.440867972143859,12.194460734301764,5.8669661662741595,-0.3127538921568899,0.004775340807027027,4.5728348400458745e-05,0.9498221922916998,-0.006438514795081937,-0.14553064442502178,0.4510241901305395,0.01910217742988607,-0.004217107789372676,0.006426848221963155,1546,571000000,10.1,0,2,2,-6.878212915307664,10.776300534220233,5.5701659135101,-6.878212915307664,10.776300534220233,5.5701659135101,88.87380647659302
-7.842653507283326,6.631296399009046,6.981899523535869,-5.452530040812741,12.21037654641421,5.932908957819202,-0.3129310377473586,0.004928153436897941,0.0017466064156943782,0.9497614586221594,0.015213087668845087,-0.13773668171409686,0.48634599636133674,0.022728538351657335,-0.013891212256567087,-0.0008412598674567562,1546,740000000,10.01,0,2,2,-6.90469875233296,10.78827506103028,5.6452795242574245,-6.90469875233296,10.78827506103028,5.6452795242574245,89.1046404838562
-7.842653507283326,6.631296399009046,6.981899523535869,-5.462159683554247,12.220058037314178,5.982703451193836,-0.3127931622714232,0.0053306606836072195,0.003197481662339497,0.9498009253543284,0.035362352470327624,-0.1312516015585055,0.5058524531461634,0.02910162711486919,-0.02045632263616426,-0.004793268863068079,1546,879000000,10.02,0,2,2,-6.924832504392223,10.797312365337255,5.710302843427177,-6.924832504392223,10.797312365337255,5.710302843427177,89.33142471313477
-7.909325460998192,6.552737310035547,6.967859177197259,-5.475492973992654,12.229448333446337,6.044622575146554,-0.3124238199403125,0.006140606558188344,0.005291063470635597,0.9499082346902517,0.06165617974839684,-0.1227638185041815,0.5236187721733229,0.03163396686431952,-0.02597760594653664,-0.007469352976841037,1546,993000000,10.08,0,2,2,-6.938909843959345,10.803676719824193,5.759637661171738,-6.938909843959345,10.803676719824193,5.759637661171738,89.5632095336914
-7.909325460998192,6.552737310035547,6.967859177197259,-5.49320784408785,12.237627835335642,6.119152922329099,-0.3119631076293558,0.00724551475570348,0.008022799910914601,0.9500327134766198,0.08789864705524557,-0.11324511333676321,0.5385762300338476,0.033997731225099415,-0.027248539845459163,-0.006142659549368545,1547,111000000,10.2,0,2,2,-6.955452694638752,10.811236714062634,5.821462642849763,-6.955452694638752,10.811236714062634,5.821462642849763,89.80174851417542
-7.974578631245801,6.47425572015198,6.949855824363647,-5.509912370773002,12.24263018386591,6.184466207366905,-0.31170884724562026,0.008093287720564247,0.010436541137751698,0.9500858760405602,0.10723402067798951,-0.10568156947237586,0.5475601719265265,0.03503013249428477,-0.024481978834955953,-0.003497108923511405,1547,239000000,10.36,0,2,2,-6.974234300911719,10.820006559419095,5.896554062521522,-6.974234300911719,10.820006559419095,5.896554062521522,90.0624475479126
-7.974578631245801,6.47425572015198,6.949855824363647,-5.537269197434546,12.247087812236407,6.2840542013761596,-0.3116297493440439,0.008901496905337092,0.013868221619103782,0.9500607007479764,0.13256511945591093,-0.09532078198239619,0.5557380002585732,0.03167281684000045,-0.016141996820806526,0.0007217069935450127,1547,367000000,10.48,0,2,2,-6.989886601233473,10.827505440648173,5.962920300245036,-6.989886601233473,10.827505440648173,5.962920300245036,90.35686898231506
-8.038397653394853,6.396045001712609,6.9279257213917065,-5.5636881762883394,12.248273510481834,6.373369679935281,-0.3119079326302302,0.00898814528614953,0.016493860143502015,0.9499266326323405,0.15259869259755457,-0.08697625761981939,0.5575361383058391,0.02833960606949404,-0.007377343627013033,0.005199111274123425,1547,538000000,10.57,0,2,2,-7.012639250086379,10.838727916541767,6.0650820132752,-7.012639250086379,10.838727916541767,6.0650820132752,90.62454032897949
-8.038397653394853,6.396045001712609,6.9279257213917065,-5.606327849649657,12.246033868499122,6.507562711938242,-0.31284922308631313,0.008138764305422801,0.019435105945664288,0.9495690605673457,0.17110392401583502,-0.07779539868280169,0.5570988403542925,0.021216316235950217,0.005100747148389928,0.010728380766522605,1547,705000000,10.55,0,2,2,-7.032242640052093,10.848641801103184,6.157757080609309,-7.032242640052093,10.848641801103184,6.157757080609309,90.99154138565063
-8.10077312683108,6.318297333880579,6.902113032590307,-5.628222831308755,12.243958517547743,6.574605022663445,-0.3135475349825421,0.007296299606459064,0.02039286559484591,0.9493254649229921,0.17283662342630035,-0.07498501546130092,0.5570008774002996,0.01801228900148999,0.010041280711448053,0.013193376889830688,1547,939000000,10.34,0,2,2,-7.060727228051686,10.863357093974267,6.2986887088162655,-7.060727228051686,10.863357093974267,6.2986887088162655,91.24679565429688
-8.161701604126613,6.241203232806258,6.872469741279475,-5.653722786360561,12.241313089012294,6.652813169437939,-0.31449332049165807,0.006108475624724695,0.02118125951236859,0.9490036839428722,0.1683958942450417,-0.07315695721832678,0.5581375180803965,0.013820447384205181,0.015187614917522296,0.015404714758915361,1548,77000000,9.88,0,2,2,-7.076918660355496,10.871821800077187,6.381285755066569,-7.076918660355496,10.871821800077187,6.381285755066569,91.52205204963684
-8.161701604126613,6.241203232806258,6.872469741279475,-5.678093932943813,12.239540358287288,6.731239891522157,-0.3155978819644056,0.004617229815900473,0.021549771415148147,0.9486370567505586,0.14959224645889385,-0.0735587404279643,0.5614327060591113,0.0091421714387252,0.021788803132949397,0.018520423145673703,1548,214000000,9.93,0,2,2,-7.090567531983606,10.879028171350008,6.452003036302676,-7.090567531983606,10.879028171350008,6.452003036302676,91.79569959640503
-8.221185561227667,6.164951085424454,6.839055545102902,-5.697067976343158,12.239695638207014,6.7987479448415185,-0.31669816542929846,0.0030710611102581983,0.021720566100668585,0.948272670493904,0.12712415053895695,-0.07468693904662269,0.5640522094996748,0.013518355535779847,0.023618093655386474,0.02017481510847574,1548,348000000,9.66,0,2,2,-7.106295922111259,10.887289363612883,6.534091565621991,-7.106295922111259,10.887289363612883,6.534091565621991,92.03780436515808
-8.221185561227667,6.164951085424454,6.839055545102902,-5.714191292564511,12.24147360489347,6.86634775447838,-0.3178420053142877,0.0015009188561941542,0.022063649843425355,0.9478857537994578,0.1056071296615562,-0.07540559230433905,0.5650817905294019,0.013729993133893004,0.021287400522851385,0.020594950365193654,1548,472000000,9.4,0,2,2,-7.1196606232296045,10.894210433223861,6.603859555258971,-7.1196606232296045,10.894210433223861,6.603859555258971,92.27285933494568
-8.279233348785443,6.08972668807787,6.801937735804838,-5.73204131588796,12.245377675788964,6.945102429769063,-0.3191891841650327,-6.116888651055453e-05,0.02253061007301827,0.9474231539181242,0.083805235676174,-0.07571707575591037,0.5639302348715611,0.012992533629585523,0.015913976676529273,0.020544863764371257,1548,592000000,9.15,0,2,2,-7.133021534024476,10.900893537335255,6.672899237129912,-7.133021534024476,10.900893537335255,6.672899237129912,92.49890780448914
-8.279233348785443,6.08972668807787,6.801937735804838,-5.750057819500508,12.251795408984496,7.034547665808443,-0.3206973319512499,-0.0013348650374252029,0.023140596912044373,0.9468980685317907,0.06330261135134681,-0.07556442343694085,0.559917304473396,0.011453668685135199,0.00897902518772753,0.019613055883382913,1548,731000000,8.9,0,2,2,-7.148936191400424,10.90809240078077,6.752337577180172,-7.148936191400424,10.90809240078077,6.752337577180172,92.73241710662842
-8.335859124810902,6.015712791162399,6.7611910637134764,-5.764035481268309,12.258823980238507,7.112084228333134,-0.32194234341740857,-0.0020130601389757117,0.02377231701142954,0.9464586372619209,0.048765891688386596,-0.07500912454898792,0.5545242425033299,0.011351709053997183,0.0031918023978505516,0.01825868275773246,1548,878000000,8.68,0,2,2,-7.1681791344691455,10.914923376303834,6.841321637192408,-7.1681791344691455,10.914923376303834,6.841321637192408,92.95998740196228
-8.335859124810902,6.015712791162399,6.7611910637134764,-5.776597047940905,12.26690392047437,7.188730894000872,-0.32310626600299996,-0.0023171977592493717,0.02445237054241492,0.9460438959366522,0.03654524001997768,-0.07431751833125616,0.548013913880798,0.009765209142642561,-0.0015985246591299074,0.017016512174450327,1549,26000000,8.54,0,2,2,-7.18616184426026,10.919488031470797,6.917428465771992,-7.18616184426026,10.919488031470797,6.917428465771992,93.1982171535492
-8.391082768889193,5.94308865097476,6.716897587203732,-5.787910671867671,12.27586968991692,7.264338440850104,-0.3242111171578213,-0.0022895494269069925,0.02509851356059039,0.9456489698042017,0.026494823842858513,-0.07341899090753642,0.5398914454449859,0.007386337802017806,-0.005659770249621943,0.016377808242395986,1549,164000000,8.46,0,2,2,-7.205396814341303,10.922538683777503,6.991700098930293,-7.205396814341303,10.922538683777503,6.991700098930293,93.46490049362183
-8.391082768889193,5.94308865097476,6.716897587203732,-5.799588618884822,12.287091922299465,7.342022355087453,-0.325438166749064,-0.0018981592145893497,0.025723108878486663,0.9452114674950942,0.015346235390053874,-0.07904563047243383,0.4363824319061534,0.003966430585933267,-0.009078383573069004,0.01573024710523896,1549,313000000,8.43,0,2,2,-7.225844060041546,10.924123271472386,7.064030591166401,-7.225844060041546,10.924123271472386,7.064030591166401,93.74593901634216
-8.444929778243836,5.8720295899248365,6.669146507442606,-5.810173225496691,12.299330892177881,7.40192405662545,-0.3266251288211539,-0.0012038557395156017,0.026200912957286906,0.9447899703712606,0.00591763356734488,-0.08467817260540325,0.32942807989906814,0.001398771098592988,-0.011697430545609677,0.015275352780008689,1549,469000000,8.44,0,2,2,-7.250515114036569,10.924613071600202,7.136881139335676,-7.250515114036569,10.924613071600202,7.136881139335676,94.05956554412842
-8.444929778243836,5.8720295899248365,6.669146507442606,-5.819799575421386,12.312332674290287,7.445430405809307,-0.32778451106412476,-0.0002893905204951353,0.02648252390152113,0.9443812294234698,-0.002651782786975297,-0.0893926862349544,0.2314857424813735,-0.0021405154484455124,-0.012657330080401152,0.014886711687722709,1549,622000000,8.5,0,2,2,-7.276114333343608,10.924420318441445,7.190680943662675,-7.276114333343608,10.924420318441445,7.190680943662675,94.35976266860962
-8.497431145994403,5.8027065662537485,6.618033988749895,-5.831877566921351,12.328022171248774,7.4783516550022595,-0.3291600662986192,0.0013811397083156821,0.025872135353679347,0.9439186277532801,0.008771503554381244,-0.09135459319993477,0.11407812853684993,-0.016536829571123235,-0.014975878366385587,0.013678068808076205,1549,784000000,8.61,0,2,2,-7.3021730948453945,10.92380482557223,7.226888582883264,-7.3021730948453945,10.92380482557223,7.226888582883264,94.66958999633789
-8.497431145994403,5.8027065662537485,6.618033988749895,-5.854960492795309,12.342219531249405,7.4865007177925555,-0.33082006087804555,0.004174542797939763,0.023042193298224777,0.9434032636370733,0.059559317825463046,-0.08704941427041492,-0.041306217655014695,-0.03028447990800487,-0.008507207348884549,0.011430783888499718,1549,990000000,8.8,0,2,2,-7.3350706879774075,10.922312940267256,7.249427946440023,-7.3350706879774075,10.922312940267256,7.249427946440023,95.10793447494507
-8.548623222003824,5.735285754374287,6.56366296493606,-5.88898180463406,12.343250955616188,7.454298344954188,-0.33225379235852215,0.006275267917567917,0.019254496689445053,0.9429725885905585,0.1184839462724688,-0.07861809181907478,-0.1793982037635305,-0.03366998571436852,-0.0012482042279771122,0.012298227011342533,1550,268000000,9.1,0,2,2,-7.382537295676819,10.91704761996587,7.242763034625002,-7.382537295676819,10.91704761996587,7.242763034625002,95.62349033355713
-8.59854755676286,5.6699281369230485,6.506142932007222,-5.920272809931713,12.33554797745646,7.4093764661657975,-0.3335083769295728,0.007314513960946617,0.01624630865376263,0.9425787594988779,0.15891848539785905,-0.07123765036487298,-0.26638247907728907,-0.030920195604267064,7.245767541519399e-06,0.014529466443491401,1550,548000000,9.33,0,2,2,-7.432429994097477,10.906117496724955,7.197445291701523,-7.432429994097477,10.906117496724955,7.197445291701523,95.99269652366638
-8.647250728809183,5.6067891095832305,6.4455897276547836,-5.952232350460613,12.3236564792384,7.355502108178511,-0.3352262687860262,0.007930046149202868,0.01344683421194641,0.942008304492878,0.18343635454398444,-0.06415683196009087,-0.3328198289545896,-0.030250876443460584,0.004991653167962795,0.02433512781863101,1550,745000000,9.39,0,2,2,-7.469709715760183,10.894319584226102,7.145752285613816,-7.469709715760183,10.894319584226102,7.145752285613816,96.34276342391968
-8.694784156227092,5.546018099703973,6.3821252979737295,-5.9863404529783635,12.308189347855883,7.291094183881013,-0.33785556144537693,0.008216985808295666,0.010348646383873575,0.9411052046730359,0.20023766954994898,-0.05570491696404917,-0.385597809758627,-0.032540341635467485,0.01002522767521441,0.03654304309748113,1550,929000000,9.34,0,2,2,-7.504314080334771,10.880792591810831,7.0884717407230795,-7.504314080334771,10.880792591810831,7.0884717407230795,96.63746762275696
-8.694784156227092,5.546018099703973,6.3821252979737295,-6.025243571094816,12.287856498415533,7.209755724398706,-0.34177521709589403,0.008224299538383675,0.0066288786578506615,0.9397223631711107,0.21014093772706044,-0.045478753276736734,-0.4318054331354376,-0.03514124036883004,0.013549196410167497,0.045961056093801744,1551,104000000,9.14,0,2,2,-7.539564077439122,10.864700300646732,7.0232499693964066,-7.539564077439122,10.864700300646732,7.0232499693964066,96.95171403884888
-8.741203892820776,5.487758199706242,6.315877451879426,-6.0600894606805475,12.267512303822032,7.129525147941551,-0.345890871258844,0.008035335977334093,0.0032261313984912527,0.9382347950442516,0.21441800385607626,-0.03583050738032201,-0.46496418088226754,-0.032208549600909464,0.014925871982995886,0.05098727015138138,1551,299000000,8.8,0,2,2,-7.5791701873701935,10.84396398992137,6.943403901910925,-7.5791701873701935,10.84396398992137,6.943403901910925,97.24236154556274
-8.786570409599188,5.43214581622669,6.246979603717468,-6.0866398682258085,12.250758865782544,7.063387035402122,-0.3492799121931506,0.007859268300611658,0.0006712638689881328,0.9369852316045019,0.2137124955191705,-0.02865050168500839,-0.4851703430963393,-0.032060999365057796,0.014945358088880312,0.05248229754215572,1551,482000000,8.42,0,2,2,-7.614981503774146,10.82293358770062,6.866281128139366,-7.614981503774146,10.82293358770062,6.866281128139366,97.51824569702148
-8.786570409599188,5.43214581622669,6.246979603717468,-6.112465350744821,12.233449523936052,6.9945834567431096,-0.3527430921870107,0.0076691591767808764,-0.001698292805370049,0.9356872397940532,0.2130333782844213,-0.021621687398451425,-0.5022876258330452,-0.03034119690710213,0.014454901338467607,0.053413012938108295,1551,626000000,8.1,0,2,2,-7.64290309212342,10.805105699677028,6.803392676402432,-7.64290309212342,10.805105699677028,6.803392676402432,97.77718234062195
-8.830948362253947,5.379310335909869,6.175570504584947,-6.13758968176589,12.21556866074627,6.923557373396508,-0.356255517108552,0.007486737182074085,-0.003929808547144479,0.9343503154068433,0.21281613716050513,-0.01475510347173275,-0.5165193255486715,-0.028433184343157336,0.013663983190781437,0.054099941917229444,1551,760000000,7.78,0,2,2,-7.670814571443689,10.786119379101997,6.738469759156855,-7.670814571443689,10.786119379101997,6.738469759156855,98.10145688056946
-8.830948362253947,5.379310335909869,6.175570504584947,-6.168926903032103,12.191774723878371,6.8295907468674155,-0.36083963317676054,0.007285536167726291,-0.006483722672356172,0.9325768823169045,0.2122441953475594,-0.0067799702985627,-0.5307797998968,-0.023519851492892485,0.011660436211968772,0.05518334037333261,1551,914000000,7.46,0,2,2,-7.698633090476424,10.766150767618736,6.6720929758720064,-7.698633090476424,10.766150767618736,6.6720929758720064,98.421635389328
-8.874406345352918,5.329373808715595,6.101793962904206,-6.202587177947278,12.164391706803503,6.7224234994846075,-0.3660227607729372,0.007121931022498146,-0.008852865838796384,0.9305365352639885,0.212599580869626,0.0008048158488226465,-0.5435421359281039,-0.019285892449261155,0.00976766577878152,0.05610655243799556,1552,89000000,7.06,0,2,2,-7.734240419720391,10.739173979125209,6.585096309457617,-7.734240419720391,10.739173979125209,6.585096309457617,98.72176575660706
-8.917016634011365,5.282450649562469,6.0257985548118125,-6.232214756273092,12.138746189807717,6.624074297141982,-0.37078521720793084,0.006973183135960687,-0.01056630973933991,0.9286323548722131,0.21561711474215559,0.006356097813850334,-0.5513407858516548,-0.015238071591738844,0.008509961844538338,0.05753521436417941,1552,277000000,6.66,0,2,2,-7.773543100079266,10.70774750416664,6.486878545126118,-7.773543100079266,10.70774750416664,6.486878545126118,99.03552293777466
-8.917016634011365,5.282450649562469,6.0257985548118125,-6.2582298579448254,12.115099784049804,6.535558353484516,-0.37509497787493684,0.00685165690320319,-0.01177797025797589,0.9268862345440694,0.2184397217751623,0.010307266312424965,-0.5565570157512766,-0.012175460869912058,0.007125752790670958,0.05845527703058906,1552,471000000,6.35,0,2,2,-7.80864479854708,10.67838191626828,6.397572341492057,-7.80864479854708,10.67838191626828,6.397572341492057,99.30798625946045
-8.95885491383951,5.238647359080432,5.947737324945998,-6.287394831763849,12.087442428045101,6.435067763576141,-0.3800319871978454,0.006712102084832782,-0.012879402526220024,0.9248593176168074,0.2248278861427128,0.013629084704201322,-0.5606279271406456,-0.009666179266787367,0.006730335371685214,0.059967974812025204,1552,635000000,6.13,0,2,2,-7.839608094477341,10.65154426113461,6.317721651726455,-7.839608094477341,10.65154426113461,6.317721651726455,99.62569737434387
-8.95885491383951,5.238647359080432,5.947737324945998,-6.310317827140352,12.065082424341329,6.362403666689406,-0.3839386394755983,0.00657748319719564,-0.013617205031452844,0.9232347640549226,0.22983431082854114,0.011773847112436193,-0.47744891519925636,-0.00888585573193268,0.007206974805740174,0.060588493579416536,1552,802000000,5.95,0,2,2,-7.8741453235560215,10.620692925915673,6.227715016431777,-7.8741453235560215,10.620692925915673,6.227715016431777,99.92027306556702
-9.0,5.198062264195162,5.867767478235117,-6.340140777187061,12.035468483131268,6.286814180863329,-0.38897418985819754,0.006188315967678418,-0.014635162352262197,0.9211116090857643,0.23605106889311048,0.008841308071169486,-0.37057029308293504,-0.008617123694421025,0.011511357388371835,0.06046472299203742,1552,951000000,5.87,0,2,2,-7.900844016770702,10.596345037719047,6.163672967354366,-7.900844016770702,10.596345037719047,6.163672967354366,100.24587869644165
-9.040533546240905,5.160785279215,5.786050063307848,-6.373937158583168,12.001273100514124,6.224144700627893,-0.39454157368030424,0.005254342154942893,-0.01592640752532568,0.9187250339844479,0.2449941023972738,0.005048920609559308,-0.26288938580935595,-0.006893236331961816,0.01727356739138486,0.0602168536715908,1553,127000000,5.83,0,2,2,-7.935057585330699,10.564719608871703,6.0995504863938566,-7.935057585330699,10.564719608871703,6.0995504863938566,100.60068202018738
-9.040533546240905,5.160785279215,5.786050063307848,-6.401640603367562,11.972875051742996,6.188460234591144,-0.39900596542726646,0.00403519033542547,-0.016622148363524936,0.9167887766417042,0.2519969664446775,0.0011651517502644809,-0.1871702965141952,-0.0011943998742935946,0.01957392396434443,0.060665969795081764,1553,327000000,5.85,0,2,2,-7.972934900010319,10.529200047222034,6.049851392418538,-7.972934900010319,10.529200047222034,6.049851392418538,100.91937398910522
-9.080539744799685,5.126897688037298,5.702749648162686,-6.451418053407964,11.921332768191924,6.1522007978840865,-0.4069022612836704,0.0013990500123521885,-0.016604348838399584,0.9133197074524073,0.2601650935258025,-0.0064543483305691245,-0.07586405627363665,0.015363202328444459,0.014445183751377044,0.06172149442136288,1553,492000000,5.96,0,2,2,-8.00321507751357,10.500560765407688,6.0244327013181564,-8.00321507751357,10.500560765407688,6.0244327013181564,101.35512781143188
-9.120105018100498,5.096471948035492,5.618033988749896,-6.483983278838467,11.887483438811156,6.143859885608818,-0.41197710692210054,-7.400720254812677e-05,-0.01588187380630683,0.9110557743516203,0.2620823950771726,-0.0106590743673886,-0.015644969611882616,0.013426448458631057,0.01186295849038288,0.061547666700789705,1553,761000000,6.38,0,2,2,-8.056177977001385,10.45034447022248,6.005441021090469,-8.056177977001385,10.45034447022248,6.005441021090469,101.73697972297668
-9.120105018100498,5.096471948035492,5.618033988749896,-6.513033482889393,11.857121711672525,6.144685484003684,-0.4163967635585293,-0.0012452285955610884,-0.014954187502040538,0.909059160329998,0.2622456407521865,-0.013862801745925957,0.02887361485550613,0.016898742978810333,0.007820897735655308,0.0598982773226453,1553,954000000,6.81,0,2,2,-8.089913492969723,10.41840864799696,6.007476816737293,-8.089913492969723,10.41840864799696,6.007476816737293,102.02400302886963
-9.159317703191736,5.069571516131274,5.532073691133351,-6.542025556443369,11.826713684298255,6.15188741583402,-0.42061302587966864,-0.0022226147427475765,-0.013625204299774533,0.9071351036377348,0.2604097436369874,-0.016936353493506577,0.06436241320598009,0.02226501255790936,0.0016208242186621646,0.05593826062977314,1554,116000000,7.26,0,2,2,-8.119562662907802,10.390432368634439,6.016513582300804,-8.119562662907802,10.390432368634439,6.016513582300804,102.3111822605133
-9.198267729892216,5.046250697497813,5.44504186791263,-6.5707961969016795,11.796595892262635,6.164097424290021,-0.42448963323024735,-0.0028563154439726,-0.011923600695532116,0.9053497779800842,0.2566036720805449,-0.019625783591287645,0.09267241555036228,0.0230523712161812,-0.0036895704397466034,0.051318227997398935,1554,264000000,7.75,0,2,2,-8.148818313395209,10.363016181842507,6.030708988825032,-8.148818313395209,10.363016181842507,6.030708988825032,102.61239194869995
-9.198267729892216,5.046250697497813,5.44504186791263,-6.602722896777424,11.76330874895059,6.182491463284951,-0.42841691645193636,-0.0032138369149855737,-0.009893977491857706,0.9035212925877779,0.25163504243879137,-0.02204768296265103,0.11591316087160772,0.021354813361540437,-0.0068627684413513634,0.04593554149323609,1554,434000000,8.25,0,2,2,-8.177609676045872,10.336240893956903,6.0488440743679,-8.177609676045872,10.336240893956903,6.0488440743679,102.88543629646301
-9.237046293633338,5.026554517280455,5.357113789597274,-6.634169506944115,11.730681184136182,6.204321856512618,-0.4319287689278206,-0.0033741413315474694,-0.007905616714542894,0.9018667612054092,0.24700593285650432,-0.024025416438179424,0.13117261315183965,0.019827912001346704,-0.007923275643406669,0.04134585105930455,1554,602000000,8.79,0,2,2,-8.20943033195049,10.306914408326561,6.072674374857778,-8.20943033195049,10.306914408326561,6.072674374857778,103.18430709838867
-9.237046293633338,5.026554517280455,5.357113789597274,-6.665134270452866,11.698722731390083,6.228564082046354,-0.43506376080963494,-0.003438561821437731,-0.006052861324221192,0.9003727357003689,0.24217348293038904,-0.025541033766098325,0.14276267767882195,0.01782045601430582,-0.007968067075125873,0.036900435588904656,1554,789000000,9.29,0,2,2,-8.24068977555699,10.278384051109033,6.0989948729456405,-8.24068977555699,10.278384051109033,6.0989948729456405,103.48907732963562
-9.275745524000433,5.010518615660784,5.268466531635312,-6.688880245257664,11.674322935492361,6.248612406444497,-0.4372708673818572,-0.0034716891231015607,-0.004704839309335495,0.8993108474831293,0.23874657720134146,-0.026644973516589777,0.14774222003496065,0.017045675122062676,-0.007723244470980717,0.03369447367731482,1554,960000000,9.75,0,2,2,-8.27141324622957,10.250603180233567,6.12697349018587,-8.27141324622957,10.250603180233567,6.12697349018587,103.77324628829956
-9.314458149989589,4.998169166528449,5.179278617806868,-6.715694352745826,11.646909805907285,6.272251077412478,-0.4395713844725978,-0.0034875109812486055,-0.003293888543312733,0.8981948483031191,0.23495192482737126,-0.027768688086744892,0.15157847853316556,0.015222285946947522,-0.007305480039576651,0.030591354152420536,1555,114000000,10.09,0,2,2,-8.295007069657375,10.229466207716799,6.149291367002908,-8.295007069657375,10.229466207716799,6.149291367002908,104.06622695922852
-9.314458149989589,4.998169166528449,5.179278617806868,-6.738898473295953,11.623325660173602,6.293272723950689,-0.4414042151404205,-0.0034949756452397913,-0.002159020145700738,0.8972989705964889,0.23205589258309772,-0.028772510913569284,0.15190278359136639,0.014230651959223906,-0.006766503565813764,0.02793799139908515,1555,262000000,10.45,0,2,2,-8.32170568660046,10.205775809499983,6.174942785053452,-8.32170568660046,10.205775809499983,6.174942785053452,104.35252857208252
-9.353277163006274,4.989522819963038,5.089729660701031,-6.768493736085575,11.593476987043443,6.319985355771309,-0.4435276674630176,-0.003516146832203345,-0.0008271893545927507,0.8962534020376385,0.22929823824644938,-0.030274272540642667,0.14780343488981892,0.012689981213043211,-0.00597171051595069,0.02500760801922297,1555,414000000,10.75,0,2,2,-8.344888454445647,10.185412818160563,6.197108277365855,-8.344888454445647,10.185412818160563,6.197108277365855,104.64378690719604
-9.353277163006274,4.989522819963038,5.089729660701031,-6.797921742977367,11.564092354034624,6.345727954385963,-0.445431396625633,-0.0035228582641730977,0.0003267130579472121,0.8953090827353233,0.22675202451046386,-0.031707272166373875,0.14168219762958872,0.010665164700185414,-0.005429102566267829,0.02262035613966873,1555,583000000,11.1,0,2,2,-8.37454322870025,10.159651890940523,6.224684843886751,-8.37454322870025,10.159651890940523,6.224684843886751,104.9272096157074
-9.392295478639225,4.9845866686656395,5.000000000000001,-6.827211664138201,11.535119912286403,6.370081186634925,-0.4471545580815266,-0.0035132745855802824,0.001317928620771798,0.8944488365204302,0.2248307497466598,-0.03316926711248263,0.13220403662626581,0.00907948906387901,-0.004810437349078711,0.020556681920425035,1555,760000000,11.43,0,2,2,-8.404039132940365,10.134311416517619,6.250963549732296,-8.404039132940365,10.134311416517619,6.250963549732296,105.21878504753113
-9.431605598247117,4.983358238416682,4.910270339298971,-6.85305779401364,11.5097477278873,6.3902856133230745,-0.4485741612090742,-0.0034994870807743676,0.002065928567697117,0.8937363746793012,0.22160860332870902,-0.03397229142753529,0.12355756437495033,0.00769737616792554,-0.004141630415688269,0.019379952755116392,1555,944000000,11.74,0,2,2,-8.43343237389102,10.109307523187617,6.275509965637364,-8.43343237389102,10.109307523187617,6.275509965637364,105.52419567108154
-9.431605598247117,4.983358238416682,4.910270339298971,-6.875402400306336,11.487933730373921,6.405021660284938,-0.4497504269422671,-0.003470703359153993,0.0025982737607054625,0.8931437491562629,0.2182219507827996,-0.03498529657591495,0.06952452018166513,0.0056224804211524315,-0.003944434365621419,0.01829138145694742,1556,105000000,12.0,0,2,2,-8.459503960573524,10.087303918748795,6.295641455258319,-8.459503960573524,10.087303918748795,6.295641455258319,105.79875874519348
-9.47129927139662,4.985825502573428,4.820721382193134,-6.897483222494992,11.466542746816465,6.407114389679982,-0.45085767968499,-0.003274508340498672,0.0030247655477394528,0.892584719260629,0.2152091648984579,-0.036767950935943566,-0.029804220596313248,0.0029991269002493937,-0.00675148116897617,0.017107996791310143,1556,240000000,12.21,0,2,2,-8.482325028129075,10.068189082056774,6.309955334773377,-8.482325028129075,10.068189082056774,6.309955334773377,106.09269762039185
-9.47129927139662,4.985825502573428,4.820721382193134,-6.925592276330653,11.439601265660992,6.390273740282652,-0.45217694164844324,-0.0025763208248726164,0.0035170828252554277,0.8919176005331814,0.21156117109537753,-0.03900017486380562,-0.14700996000982086,0.00012262883899438748,-0.011963634005951462,0.015818849169590976,1556,389000000,12.43,0,2,2,-8.5052419239211,10.049227545892487,6.311451964164912,-8.5052419239211,10.049227545892487,6.311451964164912,106.40361762046814
-9.511467160188488,4.991966920557292,4.73153346836469,-6.950388300017768,11.416049447213139,6.358370246151447,-0.453286967075493,-0.0015722601532901857,0.0038572764558812587,0.8913549096156109,0.20934899996080875,-0.04072923606333342,-0.2435582700922807,-0.0029643133757417672,-0.014269135863287374,0.015282677304639947,1556,557000000,12.7,0,2,2,-8.534882174337273,10.02502979072198,6.293758296246318,-8.534882174337273,10.02502979072198,6.293758296246318,106.70624828338623
-9.511467160188488,4.991966920557292,4.73153346836469,-6.97822955111589,11.389661977377328,6.305512251782438,-0.45455318221095997,-0.00023401783459797492,0.003818774549593238,0.8907113824008773,0.20879626882086993,-0.04140401795393996,-0.33622281938958526,-0.00855367934491369,-0.012152997351222439,0.016196728029171936,1556,731000000,12.94,0,2,2,-8.561433009430205,10.003570395294734,6.261084318271407,-8.561433009430205,10.003570395294734,6.261084318271407,107.00046706199646
-9.552198506503384,5.001751500218027,4.642886210402727,-7.006151213430029,11.362961397316784,6.23769052324902,-0.45586500315353673,0.0009595977705176117,0.003087808151395444,0.8900430571117133,0.21051217609270548,-0.040614314813617,-0.4121722267238753,-0.014070053839532193,-0.005429330622064299,0.01642959141463507,1556,917000000,13.24,0,2,2,-8.59502198821468,9.976370053280458,6.201139144487326,-8.59502198821468,9.976370053280458,6.201139144487326,107.27570414543152
-9.593580803191154,5.015138883899101,4.554958132087372,-7.031036932998624,11.338745750154917,6.167090646161007,-0.4570228559572759,0.0017843007815592045,0.0018499250186422944,0.8894512371011699,0.21252028990224972,-0.03817605209036258,-0.4669023034464451,-0.019356173470441718,0.0003950609880121192,0.016147189126058947,1557,97000000,13.51,0,2,2,-8.625646927585,9.951197327213297,6.132559853208038,-8.625646927585,9.951197327213297,6.132559853208038,107.54857039451599
-9.593580803191154,5.015138883899101,4.554958132087372,-7.0558662366558735,11.314032291778615,6.088525142227621,-0.45812842847742064,0.0023702734494487833,0.000217511346990881,0.8888828255250506,0.21449111237678958,-0.03482185982380408,-0.5128455271275334,-0.022275004084804095,0.005099579357192852,0.01491472621637513,1557,240000000,13.67,0,2,2,-8.649656400357602,9.931105535061398,6.071449241138891,-8.649656400357602,9.931105535061398,6.071449241138891,107.86200881004333
-9.635699470216313,5.032079457966313,4.467926308866651,-7.0805517301521395,11.28889930007678,6.003255341524638,-0.45910513092351124,0.0027658105259965853,-0.0017981240069132418,0.8883758190101165,0.21605399820468155,-0.030846953126540306,-0.5515357979688451,-0.024492367629136425,0.008569748115405673,0.012812488512281561,1557,398000000,13.86,0,2,2,-8.677154023214635,9.90762321574059,5.99485503720909,-8.677154023214635,9.90762321574059,5.99485503720909,108.21363115310669
-9.635699470216313,5.032079457966313,4.467926308866651,-7.1019553531748905,11.266656447934222,5.923994495129412,-0.45984715264222914,0.0030275220596212944,-0.0036825675508955743,0.8879852864846614,0.2168262479493454,-0.026786095229292504,-0.5794882609008303,-0.02517795091989683,0.009296177631767932,0.011326246658427408,1557,564000000,14.03,0,2,2,-8.704569482043254,9.883676135262432,5.912305072286388,-8.704569482043254,9.883676135262432,5.912305072286388,108.48180675506592
-9.678637536758645,5.052514485500042,4.381966011250106,-7.129280022328951,11.237704266772747,5.816819931346547,-0.4606763352372813,0.0032946740790011763,-0.005990099889505872,0.8875418739295484,0.22020041533590198,-0.022753828426425503,-0.6097813362837097,-0.022886291844770312,0.009128065175900701,0.009540925930195954,1557,700000000,14.16,0,2,2,-8.728378237264355,9.862436571134326,5.836104643980023,-8.728378237264355,9.862436571134326,5.836104643980023,108.78894352912903
-9.722475330250953,5.076376261790822,4.297250351837315,-7.15672598655462,11.20822478930325,5.7048571667288,-0.46137983210719447,0.003601275538088123,-0.008128107019868738,0.8871581680937786,0.22333537364135064,-0.019111661845206653,-0.6329889782620817,-0.020834999304497615,0.006769477022317005,0.008405729386140592,1557,884000000,14.31,0,2,2,-8.758692300200197,9.834903477885595,5.733604012104128,-8.758692300200197,9.834903477885595,5.733604012104128,109.09897089004517
-9.722475330250953,5.076376261790822,4.297250351837315,-7.181200004507392,11.181723460423203,5.602072293651042,-0.46193256089332363,0.003965965229562846,-0.009775177061997306,0.8868523136462689,0.2253182302598385,-0.016689038534729257,-0.6505881777280907,-0.019009103743883315,0.004448785284694168,0.007411639353449573,1558,75000000,14.45,0,2,2,-8.788637503160375,9.807315833321868,5.626897093843615,-8.788637503160375,9.807315833321868,5.626897093843615,109.34957933425903
-9.76729017331638,5.103588292218058,4.213949936692154,-7.212153664586507,11.148245721715554,5.470022278343243,-0.4625216192454252,0.004468398797525945,-0.011464827869897188,0.8865226127204482,0.22967994030548664,-0.015684007966655596,-0.6681665720727793,-0.016034586769819725,0.002552401474531507,0.006020312184773502,1558,227000000,14.57,0,2,2,-8.814916829811189,9.782907650714053,5.529175627265075,-8.814916829811189,9.782907650714053,5.529175627265075,109.73406147956848
-9.76729017331638,5.103588292218058,4.213949936692154,-7.240580033958643,11.117763585833634,5.348769777861577,-0.46296243916090607,0.005055553829941196,-0.01275218213257193,0.8862717434018273,0.2322626221731051,-0.014983091191521178,-0.678295664286376,-0.014510246364807244,-0.00030613200010520814,0.005346109310266911,1558,431000000,14.71,0,2,2,-8.847330081105095,9.752782235178644,5.404005821671835,-8.847330081105095,9.752782235178644,5.404005821671835,110.08732724189758
-9.813156089545181,5.134065492033123,4.132232521764885,-7.269419397763984,11.087177092890277,5.225903251732829,-0.463328368624603,0.005759154668790601,-0.013791969238784348,0.8860606280326877,0.23319943454104894,-0.01514337605251644,-0.6863249048510269,-0.012966514259460382,-0.002383847640885506,0.0041656704979686765,1558,613000000,14.83,0,2,2,-8.876018977455448,9.726153179061264,5.289419681721714,-8.876018977455448,9.726153179061264,5.289419681721714,110.42679738998413
-9.860143519025664,5.167714407510702,4.052262675054004,-7.298615289410442,11.056675431908856,5.102023432135236,-0.46360991733414103,0.006544696570433701,-0.014635319003006726,0.885894361046458,0.23325636694550617,-0.015473713287123459,-0.6899705442097651,-0.011551760326256044,-0.003973242064603255,0.0032983050232360256,1558,790000000,14.95,0,2,2,-8.904277525038362,9.700127117463676,5.173632940539527,-8.904277525038362,9.700127117463676,5.173632940539527,110.74201965332031
-9.908319044516041,5.204433457876391,3.9742014451881884,-7.331361173001995,11.023116523051778,4.9639318390723295,-0.4638049785606303,0.007432850480626847,-0.015289890553895355,0.8857741889685856,0.23110870634242903,-0.01677572972542133,-0.6917726519857911,-0.009001043963507982,-0.005234637956164079,0.0015540934555247077,1558,965000000,15.06,0,2,2,-8.93216875591281,9.67481149471041,5.057162317172307,-8.93216875591281,9.67481149471041,5.057162317172307,111.06356954574585
-9.908319044516041,5.204433457876391,3.9742014451881884,-7.361042240130897,10.993513228907153,4.839560141538474,-0.46381461028334015,0.008213477853467077,-0.015723905111093416,0.8857546527551076,0.22805247735448192,-0.018688892991968048,-0.6919548015421993,-0.007898546027718112,-0.005332375894795405,-0.0005499836731814867,1559,166000000,15.17,0,2,2,-8.96284589547148,9.64759188365617,4.9274143155916805,-8.96284589547148,9.64759188365617,4.9274143155916805,111.34488129615784
-9.957745129113496,5.24411319736433,3.898206037095796,-7.387606286712686,10.967789047801352,4.7291073310334335,-0.4636936346993068,0.008833394346806316,-0.016024989830927566,0.8858066290023903,0.22505518449165557,-0.021067951111716377,-0.6911914380841849,-0.006619469422730617,-0.004875506328971824,-0.002317254984518513,1559,338000000,15.25,0,2,2,-8.990269463347625,9.623968681038471,4.810666695490022,-8.990269463347625,9.623968681038471,4.810666695490022,111.65460300445557
-9.957745129113496,5.24411319736433,3.898206037095796,-7.410970864841735,10.9458497616073,4.635251691596646,-0.46350072875695614,0.009327917022670912,-0.01627159581648338,0.8858980187218919,0.2213300400311474,-0.025611296118352462,-0.6341364760836534,-0.006337001195788616,-0.004024473491881508,-0.003501015999063384,1559,501000000,15.3,0,2,2,-9.01457318219685,9.603680470436993,4.707082078530618,-9.01457318219685,9.603680470436993,4.707082078530618,111.9591019153595
-10.008479866243734,5.286636596706112,3.824429495415054,-7.4377376301239755,10.92171069091515,4.542899687538855,-0.4631798401407351,0.009667243657959809,-0.016608225910348794,0.8860559502194943,0.21531325436614773,-0.03267180152390923,-0.5321737326466635,-0.005164268350199563,0.0002197830227146369,-0.005376472336138249,1559,650000000,15.33,0,2,2,-9.035840717000346,9.58649854812557,4.619332283408599,-9.035840717000346,9.58649854812557,4.619332283408599,112.26730585098267
-10.060576742758828,5.331879343301653,3.7530203962825333,-7.464371251274213,10.898768214646777,4.466114494083895,-0.46273574837466963,0.009601933975818442,-0.01706539364326104,0.8862799796790284,0.20923120296164135,-0.038968384473375195,-0.4389151728772986,-0.004225914608468884,0.005993065451548318,-0.007002147003731807,1559,797000000,15.36,0,2,2,-9.060344292259188,9.567673647926382,4.5339761809739585,-9.060344292259188,9.567673647926382,4.5339761809739585,112.58222246170044
-10.060576742758828,5.331879343301653,3.7530203962825333,-7.497212477389287,10.87192346394998,4.389777542519016,-0.4620376297409128,0.008884093125058959,-0.017572015577964874,0.8866417122272514,0.19876198315190413,-0.0461689705943764,-0.33622008936867964,0.0001229676136915714,0.010780995035020169,-0.008852405062498292,1559,974000000,15.37,0,2,2,-9.085079503869137,9.549704437308556,4.464234964236093,-9.085079503869137,9.549704437308556,4.464234964236093,112.88752365112305
-10.114084415893515,5.379710159274142,3.684122548120575,-7.52916713518615,10.847690638429818,4.332287242473152,-0.4612552408830547,0.007516847150740463,-0.01751326381663138,0.8870627854652208,0.18479395715453667,-0.053620584598661446,-0.24878009058346712,0.009243797103408724,0.012751779104291927,-0.009260094702767674,1560,164000000,15.36,0,2,2,-9.116370107232576,9.528324066026737,4.396718859584765,-9.116370107232576,9.528324066026737,4.396718859584765,113.21546053886414
-10.114084415893515,5.379710159274142,3.684122548120575,-7.559886586526499,10.826421252844339,4.29101787069011,-0.46050956705197665,0.005755157738332298,-0.01691702676155392,0.8874748621896603,0.16873090755141895,-0.05966007311419095,-0.17253713673352605,0.014491927049675724,0.013134642722434364,-0.008427348620898556,1560,369000000,15.35,0,2,2,-9.14820454450392,9.507976263581261,4.348382667924007,-9.14820454450392,9.507976263581261,4.348382667924007,113.53630137443542
-10.169046504790035,5.429991136564798,3.6178747020262714,-7.589454673060562,10.808105500506258,4.263636188251435,-0.45976802618808,0.0037193910755974648,-0.01568786197288511,0.8878926845130909,0.15421761114164548,-0.06656243673158026,-0.10824790084270544,0.021784206546726637,0.011773470669140806,-0.008846302807796746,1560,564000000,15.34,0,2,2,-9.180663005507395,9.48872813944315,4.316363638086291,-9.180663005507395,9.48872813944315,4.316363638086291,113.9400360584259
-10.225501397259645,5.482578088179083,3.5544102723452173,-7.612484885240924,10.795480269180295,4.250328184318948,-0.45911387763577877,0.0020957450816350386,-0.014242312449249377,0.8882607791357726,0.14325553279649267,-0.07177839142256978,-0.06330910382638069,0.024745932205405552,0.008367862028535455,-0.009773254259926034,1560,774000000,15.34,0,2,2,-9.213748383110362,9.470798242999415,4.297961082548857,-9.213748383110362,9.470798242999415,4.297961082548857,114.24832820892334
-10.283482072404862,5.53732091465431,3.4938570679927787,-7.6406372328009455,10.782109620132562,4.242837055048545,-0.458135670729376,0.0003398185100096556,-0.012164363221523027,0.8887989761448534,0.1303438133705428,-0.078065208334227,-0.01664534078900454,0.026377241374575533,0.003750485552700411,-0.012461311507649953,1560,932000000,15.34,0,2,2,-9.240674623903965,9.45758393450993,4.2912495943827285,-9.240674623903965,9.45758393450993,4.2912495943827285,114.61262369155884
-10.283482072404862,5.53732091465431,3.4938570679927787,-7.665803934109346,10.772201633028546,4.2430555518588156,-0.4569243700046872,-0.0008503644954406609,-0.010053466412416917,0.8894483260927184,0.12243710647087595,-0.08485345790974633,0.01609036591932409,0.02553628564783139,-0.0006914423863690899,-0.016874339780770242,1561,117000000,15.31,0,2,2,-9.274752368619177,9.4426590045827,4.290885708935177,-9.274752368619177,9.4426590045827,4.290885708935177,114.93066215515137
-10.343015939680622,5.5940639847794555,3.436337035063941,-7.703088779976125,10.760535166577904,4.252176886541291,-0.4545029847765417,-0.0019409984373083703,-0.00708340776324388,0.8907149345827431,0.11868182336659432,-0.09572615645619144,0.050991940312501725,0.022687913769914303,-0.005000776172892074,-0.02428561474516755,1561,312000000,15.23,0,2,2,-9.30572525357546,9.430865324276452,4.296497055915027,-9.30572525357546,9.430865324276452,4.296497055915027,115.34080934524536
-10.40412469492493,5.652646529561425,3.3819660112501055,-7.730133711208375,10.753604720627004,4.263168835679058,-0.4523853526912903,-0.0023598538297146046,-0.005128991855482272,0.891804696782219,0.1193516223402911,-0.10232624706104795,0.07018944084636367,0.0201688028028002,-0.006035838214302203,-0.02769438233372057,1561,566000000,15.02,0,2,2,-9.350818923773975,9.41667296563508,4.311734793076248,-9.350818923773975,9.41667296563508,4.311734793076248,115.68549680709839
-10.40412469492493,5.652646529561425,3.3819660112501055,-7.758229034741256,10.747449430148336,4.277068045713222,-0.44999679556140004,-0.0026357242033743615,-0.003317297970068368,0.8930201187412145,0.11950779443471442,-0.10886638804256406,0.08382545018420126,0.018200358135800343,-0.0065243688823102275,-0.031169816793408245,1561,754000000,14.81,0,2,2,-9.38221722512502,9.408772179305311,4.325738535510789,-9.38221722512502,9.408772179305311,4.325738535510789,116.00980114936829
-10.466824193840418,5.71290304839822,3.330853492557395,-7.784220485713461,10.742592064735407,4.291071659746793,-0.44760209239199944,-0.0027460458059863366,-0.001861355566473784,0.8942266834948454,0.12209659154166089,-0.11551333420817358,0.09144953180492157,0.015775034989928827,-0.0072679163167777006,-0.035376812957110815,1561,920000000,14.55,0,2,2,-9.413697033470786,9.402397811138245,4.34161015462678,-9.413697033470786,9.402397811138245,4.34161015462678,116.33253192901611
-10.531124343357522,5.774663726388456,3.2831024127962682,-7.807880073352454,10.738703587075044,4.304156815801448,-0.44528559527006895,-0.0027637038875404545,-0.0006603422671990361,0.8953840877153738,0.12417169638149708,-0.12057898317484257,0.096468919322044,0.014836989976174664,-0.007516847699662321,-0.03818758159468416,1562,79000000,14.29,0,2,2,-9.441759536166531,9.398003667467473,4.356704449103055,-9.441759536166531,9.398003667467473,4.356704449103055,116.62845468521118
-10.531124343357522,5.774663726388456,3.2831024127962682,-7.843075019964748,10.733701985879764,4.323738654553441,-0.4416641689941183,-0.0027149380012738075,0.0009117892106072054,0.8971758799582272,0.12823307532272696,-0.12808308461169984,0.10038990512883154,0.012851368137489771,-0.0071030745857569855,-0.04237434368405957,1562,234000000,14.03,0,2,2,-9.466390647628716,9.395131957206196,4.370316517290578,-9.466390647628716,9.395131957206196,4.370316517290578,116.92892909049988
-10.597029011258085,5.837754861678575,3.2388089362865244,-7.876232069492855,10.729839708885342,4.341614243894813,-0.4380727541575291,-0.0026626270562063767,0.002174695724644939,0.8989329469879839,0.13070104126441848,-0.13511208865252197,0.10047022771454557,0.01151554597527138,-0.006071262487239437,-0.04581756584229879,1562,422000000,13.61,0,2,2,-9.501740934152052,9.392559433541852,4.389911035601719,-9.501740934152052,9.392559433541852,4.389911035601719,117.23702645301819
-10.664535954385098,5.901999301723967,3.198062264195162,-7.9104888636909685,10.726766710148203,4.359406782289655,-0.43429801670945545,-0.002644027447199939,0.0032871660871863135,0.900759366501513,0.13136052331996736,-0.1406502152500578,0.09988295102525421,0.010285281859978568,-0.004852310712522012,-0.0471307950647315,1562,608000000,13.19,0,2,2,-9.533771460571733,9.391710189092501,4.4073145146591886,-9.533771460571733,9.391710189092501,4.4073145146591886,117.52880692481995
-10.664535954385098,5.901999301723967,3.198062264195162,-7.9377085837100925,10.725015290360018,4.373029603048858,-0.43127557504019365,-0.0026482050380818305,0.004037080209925862,0.9022073305882662,0.13100715487311274,-0.1450678326103879,0.0977011119353856,0.009094942106457893,-0.003985660487160203,-0.04851252706430387,1562,781000000,12.74,0,2,2,-9.565988651518431,9.392104668030854,4.424306103463554,-9.565988651518431,9.392104668030854,4.424306103463554,117.80677103996277
-10.733636765710141,5.967216887318114,3.1609444548970993,-7.965388928745634,10.723907048575471,4.386251530211936,-0.4281593689537134,-0.0026634406871118336,0.004690039684227012,0.9036871496201683,0.13042135637711894,-0.14965142799170708,0.09432688645717621,0.007966159228089964,-0.003180677163072687,-0.05012432629882824,1562,925000000,12.38,0,2,2,-9.591214157563734,9.393245662204164,4.437015421688639,-9.591214157563734,9.393245662204164,4.437015421688639,118.08060550689697
-10.733636765710141,5.967216887318114,3.1609444548970993,-7.993454053705591,10.723514165513734,4.39890485505641,-0.4249494080653118,-0.0026982495101544324,0.005267379479062528,0.9051977544978476,0.12848048068081103,-0.15352615594876717,0.09022873746510997,0.007407787552438094,-0.0024217641566792736,-0.05098496731079649,1563,59000000,12.0,0,2,2,-9.616599574660642,9.39508835198956,4.449140785904629,-9.616599574660642,9.39508835198956,4.449140785904629,118.36809062957764
-10.804316840475156,6.033224903224885,3.127530258720526,-8.025670870391336,10.724111490405045,4.412561109329628,-0.4212389883383296,-0.002766739785446252,0.00585071353211271,0.9069265841322689,0.12420491764420212,-0.15772431816365615,0.08449675839298246,0.0065107946738862665,-0.0016291705605908646,-0.051302837528055534,1563,204000000,11.61,0,2,2,-9.642149280231441,9.39760651365791,4.460578380475081,-9.642149280231441,9.39760651365791,4.460578380475081,118.66819953918457
-10.804316840475156,6.033224903224885,3.127530258720526,-8.057901851883,10.725958868401424,4.425216457133682,-0.41751404490978195,-0.002844894221040546,0.006342435397183212,0.9086438809529155,0.11975100379188375,-0.1615352054561,0.07839664009678118,0.005484659413923509,-0.0011511360980875907,-0.05122365182614885,1563,360000000,11.16,0,2,2,-9.671601952630619,9.401306921013663,4.472678472708071,-9.671601952630619,9.401306921013663,4.472678472708071,118.94735050201416
-10.876555361569489,6.0998385342332115,3.097886967409693,-8.094193840517233,10.729451867445126,4.438177754107726,-0.41328586284183744,-0.002915335802349808,0.006773226404996021,0.9105714797841542,0.11541308151567584,-0.16636253115104685,0.07061105755226234,0.004064417316840263,-0.0007330330163313192,-0.05207278773013968,1563,535000000,10.7,0,2,2,-9.701285728457481,9.40580311279612,4.483708043670377,-9.701285728457481,9.40580311279612,4.483708043670377,119.25582075119019
-10.950325304246979,6.166871325440744,3.0720742786082935,-8.130592312179983,10.734356104891312,4.449682316426169,-0.409009848720545,-0.002975129662077313,0.007116182003937285,0.9124973710684198,0.11182968744090534,-0.17057208675206895,0.06275862251427035,0.003312373905828281,-0.00047042094024618564,-0.052083317132201046,1563,716000000,10.17,0,2,2,-9.734980266481264,9.411787304561122,4.494732977424146,-9.734980266481264,9.411787304561122,4.494732977424146,119.52269244194031
-10.950325304246979,6.166871325440744,3.0720742786082935,-8.16706893041781,10.740602405839667,4.459707838376924,-0.40471322113500846,-0.003011156563088207,0.007357466489395392,0.9144091038815916,0.10798392054244725,-0.1751330250166355,0.05443850480745606,0.0021184799834372825,-0.00022339340119970075,-0.05241602957539726,1563,887000000,9.63,0,2,2,-9.769030733031485,9.418691930901309,4.504296247968351,-9.769030733031485,9.418691930901309,4.504296247968351,119.87303066253662
-11.025593460231256,6.234135645563602,3.050144175636353,-8.20355322234773,10.748371846807782,4.468149598490173,-0.40040747996866505,-0.0030460917727028708,0.007515505331819081,0.9163013087896703,0.10275052920142333,-0.18017044688383216,0.04554723159721833,0.0013750901075582078,0.00024012538233364467,-0.05210342387726996,1564,66000000,9.09,0,2,2,-9.803484860120477,9.426507415914939,4.512340936001789,-9.803484860120477,9.426507415914939,4.512340936001789,120.19747805595398
-11.025593460231256,6.234135645563602,3.050144175636353,-8.231827343172773,10.755527796674366,4.4736137881846725,-0.39709807340158704,-0.0030871570902712996,0.007606424872827115,0.9177394684018454,0.09832623500622775,-0.18333478831516062,0.03891915783033874,0.0012425800036908186,0.0005736947230161604,-0.05106155513203703,1564,239000000,8.54,0,2,2,-9.838369705357952,9.435227396661741,4.518861578505083,-9.838369705357952,9.435227396661741,4.518861578505083,120.4602541923523
-11.102320481200636,6.301443152063106,3.0321408228027407,-8.259961645669064,10.763616016940318,4.478150492431064,-0.393831655868144,-0.003129350873407624,0.007655918904846426,0.9191453752834688,0.0942891135975598,-0.18682010508656952,0.03233382312911441,0.0005993634715650842,0.0008242353601417562,-0.05069916915090289,1564,384000000,8.12,0,2,2,-9.865798233047453,9.442613946495188,4.522917554468503,-9.865798233047453,9.442613946495188,4.522917554468503,120.7328884601593
-11.180460941587125,6.368605256877436,3.018100476464131,-8.288060605498863,10.772572940672953,4.481764227086522,-0.39056163079528516,-0.0031753994914114096,0.007679039874920474,0.9205392776710816,0.09201158661031839,-0.19015584961638782,0.02604550965418976,0.00055718069802424,0.0009559286297644576,-0.05096948771097232,1564,526000000,7.7,0,2,2,-9.893504735619796,9.450534355143407,4.526110638366411,-9.893504735619796,9.450534355143407,4.526110638366411,120.99847626686096
-11.180460941587125,6.368605256877436,3.018100476464131,-8.324450669799214,10.784985994814992,4.485136408362904,-0.38626891827216414,-0.0032244613104626427,0.007665726845363728,0.9223487205271343,0.09211257540483611,-0.19483761179991338,0.018261489402828956,-0.00031190914739909203,0.0010085426538353204,-0.05270505898806732,1564,677000000,7.38,0,2,2,-9.925511552146528,9.460242552634863,4.528767756603287,-9.925511552146528,9.460242552634863,4.528767756603287,121.25527811050415
-11.25996342056738,6.435433591546413,3.008051412009522,-8.357343359807881,10.796753450057766,4.486961096287151,-0.38231051782036574,-0.003251229553089446,0.00760358838029791,0.9239969063335979,0.09322822699182125,-0.1998853425995259,0.01161132907765749,-0.0008250529390352312,0.001068357016720256,-0.05428735057648737,1564,839000000,6.74,0,2,2,-9.957878264137957,9.470628984788476,4.530450895402504,-9.957878264137957,9.470628984788476,4.530450895402504,121.51136803627014
-11.25996342056738,6.435433591546413,3.008051412009522,-8.390803042520703,10.80920890777583,4.487766307479532,-0.37827622704657876,-0.0032819019114520525,0.00753452310932878,0.9256562840130043,0.09445890311604781,-0.20437825802411141,0.005671388556737908,-0.000721224211019944,0.0011748338124561997,-0.0546097602637019,1565,3000000,6.23,0,2,2,-9.990580527497182,9.481663489691975,4.531264877216604,-9.990580527497182,9.481663489691975,4.531264877216604,121.79522156715393
-11.340770603066856,6.501740470521191,3.0020138669173706,-8.42050743403637,10.820647229840207,4.487724300592696,-0.3747192936229746,-0.0033175580212270028,0.007469955133243623,0.9271022837668892,0.09551210362708756,-0.20843924820343734,0.0009930879325502277,-0.000718884348316351,0.0013633301477966597,-0.05509148759301752,1565,175000000,5.72,0,2,2,-10.023648183099269,9.49336058233617,4.531293613287762,-10.023648183099269,9.49336058233617,4.531293613287762,122.07886958122253
-11.340770603066856,6.501740470521191,3.0020138669173706,-8.454978609772422,10.834394913768234,4.478580166300833,-0.3706181827767794,-0.0032272045836276896,0.007126996689630369,0.928752364015295,0.09681222349261229,-0.21488831424162944,-0.10396880676392542,-0.008716168667888269,0.0003554254277560176,-0.05528654401132371,1565,313000000,5.27,0,2,2,-10.052882738645325,9.504131730474006,4.530756150979888,-10.052882738645325,9.504131730474006,4.530756150979888,122.3885109424591
-11.42281939954245,6.567339351457388,3.0,-8.481177987365996,10.845171044758823,4.460801459705482,-0.3675300531938263,-0.002903532391382727,0.006455694813160925,0.9299847060589084,0.09779305983279193,-0.21935079806247398,-0.17851206074454956,-0.015373227870441042,-0.0011831425013042463,-0.055618932674406096,1565,467000000,4.75,0,2,2,-10.086665561764924,9.517069637031959,4.521251334659143,-10.086665561764924,9.517069637031959,4.521251334659143,122.64152812957764
-11.42281939954245,6.567339351457388,3.0,-8.51212263591138,10.858250747626352,4.4293459525362255,-0.3638995043123202,-0.002250945583990035,0.005303663496962104,0.9314203965765063,0.09895396340312003,-0.22354709164723846,-0.2580950994292232,-0.021261822439555544,-0.0032607189496047795,-0.05582352496276144,1565,596000000,4.36,0,2,2,-10.112288541278103,9.527242053520657,4.503337937646089,-10.112288541278103,9.527242053520657,4.503337937646089,122.88888049125671
-11.50604108425346,6.632045291300239,3.0020138669173706,-8.548015072668605,10.873720712923499,4.3807830846718145,-0.35973984466266534,-0.001333953265095461,0.0037563285273449565,0.933044133322086,0.10247886336446137,-0.22757644841939442,-0.3368441311513458,-0.022501104467664845,-0.0025670881768746767,-0.055886548580019735,1565,730000000,3.9,0,2,2,-10.14241757752154,9.53956051360706,4.471872927228885,-10.14241757752154,9.53956051360706,4.471872927228885,123.13088941574097
-11.50604108425346,6.632045291300239,3.0020138669173706,-8.580230563732739,10.887468136825941,4.328990170122463,-0.3561045710461332,-0.0006554498689777821,0.0022739509056686046,0.9344431143803227,0.10827788131990768,-0.23035427885461104,-0.3944443871776205,-0.024011701862036716,-5.266733387188083e-05,-0.05531127899303101,1565,882000000,3.37,0,2,2,-10.17723659014076,9.554184306132395,4.423697291016922,-10.17723659014076,9.554184306132395,4.423697291016922,123.3700065612793
-11.59036145167595,6.695675396983499,3.0080514120095216,-8.627783757421197,10.907199458335283,4.242607397200339,-0.3509990315125317,8.98488680997253e-05,-7.232682102321132e-05,0.9363758148165064,0.1171734796432625,-0.23386973363476776,-0.46245710727395534,-0.025451156034250744,0.0023525086589870625,-0.05391296617744956,1566,34000000,2.93,0,2,2,-10.20810284440482,9.567383872338592,4.372593564390792,-10.20810284440482,9.567383872338592,4.372593564390792,123.68620347976685
-11.59036145167595,6.695675396983499,3.0080514120095216,-8.667216997212035,10.922929904882249,4.164997123712767,-0.34704464745191976,0.0005527302188199386,-0.002217056309499251,0.9378458251896193,0.1265875702077422,-0.23476847658252079,-0.5052205460674069,-0.027694391064869706,0.004358404339654953,-0.05203498112678062,1566,235000000,2.35,0,2,2,-10.25288795132308,9.586853513087663,4.287825791931993,-10.25288795132308,9.586853513087663,4.287825791931993,123.94837522506714
-11.675700990661799,6.758049269580246,3.0181004764641304,-8.713151144575614,10.94035041269293,4.074165119765618,-0.34269037615027764,0.0009748462621680587,-0.004622264855685616,0.9394365281573577,0.13748052379316622,-0.23650470066976678,-0.47803096320649685,-0.02283453031850513,0.005186032694837195,-0.05122067050251644,1566,383000000,1.97,0,2,2,-10.289181104109208,9.602862217662999,4.211920380271081,-10.289181104109208,9.602862217662999,4.211920380271081,124.29026651382446
-11.761975075891066,6.818989440763117,3.0321408228027407,-8.755322269230788,10.955612921733533,4.004165472759959,-0.33895565496118074,0.000991574165113951,-0.0063801111367471595,0.9407801948023751,0.14588950104419013,-0.2380501955567485,-0.4072133131392116,-0.016629009769530967,0.008446774336334784,-0.048567158592049964,1566,556000000,1.68,0,2,2,-10.330360381457744,9.621310435108342,4.123561830602475,-10.330360381457744,9.621310435108342,4.123561830602475,124.61205649375916
-11.761975075891066,6.818989440763117,3.0321408228027407,-8.804012811470898,10.972625456799008,3.938584979516759,-0.3349218178654189,0.0004563476414670715,-0.007712422428567947,0.9422142464454868,0.15413531193720975,-0.2411800529080567,-0.33231862999618,-0.007715683705100673,0.011698064918164164,-0.047089131476241164,1566,728000000,1.61,0,2,2,-10.367080032806317,9.638082306594892,4.056206817018342,-10.367080032806317,9.638082306594892,4.056206817018342,124.97159886360168
-11.849094176114601,6.878321800454076,3.0501441756363525,-8.859198942619214,10.991989276110175,3.880799257416762,-0.33052722932412704,-0.0006414066318943795,-0.008124746323387014,0.9437612663009798,0.15650295307778822,-0.24703090865395733,-0.2565884163476507,0.0038886828178874566,0.011187788550159894,-0.04643816464522388,1566,913000000,1.79,0,2,2,-10.408494050872218,9.657432330041042,3.9940459135010955,-10.408494050872218,9.657432330041042,3.9940459135010955,125.27813649177551
-11.936964078633872,6.93587601456928,3.072074278608293,-8.919558646950119,11.015422874254313,3.8333016881263298,-0.32594097607306893,-0.001870071431386221,-0.007462258661363382,0.9453588195204228,0.1452174656530702,-0.2539344484324648,-0.18500240764302472,0.01148633164120838,0.0064037495121738175,-0.042577003841870464,1567,105000000,2.2,0,2,2,-10.454693830812401,9.679579570862055,3.9403971532889583,-10.454693830812401,9.679579570862055,3.9403971532889583,125.64073777198792
-11.936964078633872,6.93587601456928,3.072074278608293,-8.967622629862968,11.03707561433663,3.8053005756415104,-0.3224094277497208,-0.0027003731473655024,-0.006471822695237614,0.946574341715411,0.13286069031396042,-0.25952298404144175,-0.13361937929349493,0.014824848676653346,0.004358159048933885,-0.04064798922627233,1567,335000000,2.74,0,2,2,-10.5059615155177,9.704832525277329,3.897846120302618,-10.5059615155177,9.704832525277329,3.897846120302618,125.95824980735779
-12.025486129416084,6.9914859317930045,3.0978869674096927,-9.003882096755227,11.055681712755785,3.7894997946558786,-0.31978454183891325,-0.0032650068822657353,-0.005532083958761336,0.947468512710585,0.11921560191348948,-0.26405655020773805,-0.09781081240006256,0.01575773785589263,0.0021066413864900824,-0.03854579335893504,1567,509000000,3.2,0,2,2,-10.54831066967631,9.726215049498462,3.874184886958667,-10.54831066967631,9.726215049498462,3.874184886958667,126.27257990837097
-12.114557488195874,7.044989978345844,3.127530258720525,-9.053421791441135,11.085274275681687,3.774953852881534,-0.3162090000341863,-0.003892692019415185,-0.003991091033028574,0.9486731715604632,0.100264620357842,-0.2691194213683623,-0.052483480284901886,0.017121186829172075,-8.778000832876387e-05,-0.03713861515279859,1567,655000000,3.56,0,2,2,-10.581508062215287,9.743320126248854,3.861874349775731,-10.581508062215287,9.743320126248854,3.861874349775731,126.61664819717407
-12.114557488195874,7.044989978345844,3.127530258720525,-9.091244083444078,11.111201255554128,3.769358401537487,-0.3133183848707938,-0.004207044962320029,-0.002725825972218589,0.9496349089768189,0.08706599508916835,-0.2726783915328089,-0.02028312332023017,0.01652105183893582,-0.0019412840174481971,-0.03848118140012957,1567,840000000,4.07,0,2,2,-10.62923766961217,9.768470091578333,3.852358894616076,-10.62923766961217,9.768470091578333,3.852358894616076,126.9441499710083
-12.204071397869395,7.0962315397463875,3.1609444548970984,-9.14571813581974,11.153231147964531,3.769826438792981,-0.30865681467202666,-0.004467717537649046,-0.0008069819204208984,0.9511626354292423,0.07433290916774987,-0.2776189655460383,0.02234536575978397,0.015506143608945422,-0.003849379936582409,-0.04343494729255326,1568,12000000,4.47,0,2,2,-10.667577817242137,9.789232866657805,3.850697360548432,-10.667577817242137,9.789232866657805,3.850697360548432,127.31084847450256
-12.293917467443427,7.145059328602193,3.198062264195161,-9.190091914912701,11.190042735022033,3.777244926943191,-0.3042832691054624,-0.004529663641919719,0.0008642263307206621,0.9525704317280863,0.0713348641083746,-0.2798652643073669,0.052516258608423995,0.015637978685845155,-0.004733759624286904,-0.04772904976562131,1568,238000000,5.1,0,2,2,-10.725220185036793,9.821470603664748,3.856618439889401,-10.725220185036793,9.821470603664748,3.856618439889401,127.63120865821838
-12.293917467443427,7.145059328602193,3.198062264195161,-9.238948069540267,11.231395294288793,3.791742853926402,-0.298938875792853,-0.004468128274788131,0.002648378492851154,0.9542581256980649,0.07605488698415415,-0.2819632377890775,0.08180902013811402,0.013999442762724357,-0.005629602401313605,-0.0539406762982253,1568,444000000,5.67,0,2,2,-10.773316816012533,9.849341215504213,3.8680626968083685,-10.773316816012533,9.849341215504213,3.8680626968083685,128.04015922546387
-12.383981967760793,7.191327737505053,3.2388089362865236,-9.280183384312501,11.26487953177334,3.807964664088453,-0.29396497163063096,-0.004290447831667141,0.004009031350714856,0.9557981560869611,0.08883661694011057,-0.28242798640129935,0.10297456854435623,0.013843727538187522,-0.00607770698479726,-0.060505224246298894,1568,674000000,6.35,0,2,2,-10.826174757104372,9.881000976374391,3.886242465753535,-10.826174757104372,9.881000976374391,3.886242465753535,128.38175582885742
-12.474148139184196,7.234897176147173,3.2831024127962674,-9.323399189197367,11.297184503350689,3.8275893678542574,-0.2884268967262901,-0.0040757950271426355,0.005347276239786166,0.9574783129536428,0.10827849089296945,-0.2804702631542588,0.12110437528063941,0.013219445190770784,-0.00617427499491896,-0.0674649840220809,1568,843000000,6.98,0,2,2,-10.869322245281682,9.90765627197482,3.90479422521946,-10.869322245281682,9.90765627197482,3.90479422521946,128.74465584754944
-12.474148139184196,7.234897176147173,3.2831024127962674,-9.363994019155127,11.32431455408509,3.8475541989053346,-0.2830427257958976,-0.0038494567185556536,0.006478041618050398,0.959077698642709,0.12818446619380547,-0.27784820881675737,0.1359333558144392,0.012422367581166327,-0.006107414310463355,-0.07234861332108267,1569,29000000,7.67,0,2,2,-10.912329899743806,9.934952680654975,3.926220980853038,-10.912329899743806,9.934952680654975,3.926220980853038,129.02946496009827
-12.564296510383741,7.275634391818853,3.3308534925573943,-9.417679796874106,11.356182870284504,3.87559528627712,-0.2758960853947557,-0.0036033599395014037,0.007845951848604607,0.9611486913587228,0.1512050933921781,-0.2748035586717685,0.15301673094528348,0.01233612028954667,-0.004989349326933734,-0.07588785738334991,1569,186000000,8.35,0,2,2,-10.950441962240738,9.959723747573966,3.9474201242453506,-10.950441962240738,9.959723747573966,3.9474201242453506,129.3548936843872
-12.654305227338881,7.313412772494321,3.3819660112501047,-9.468036009995782,11.38354171317547,3.903430661362367,-0.26944343661635695,-0.003492599998256665,0.009064966072338879,0.9629672178219395,0.16403018264430236,-0.27205251395973995,0.16600448253877018,0.012378403516777325,-0.0033838333592939307,-0.07377701258519664,1569,390000000,9.25,0,2,2,-10.99793213822406,9.991308337251553,3.9764563674694444,-10.99793213822406,9.991308337251553,3.9764563674694444,129.6439483165741
-12.654305227338881,7.313412772494321,3.3819660112501047,-9.519383030798615,11.410450881317736,3.933445113422439,-0.2632421809309292,-0.0035066047850642206,0.010193672117768504,0.9646695532410902,0.17059120923169327,-0.2707301198909386,0.1783436934743327,0.011812680986622581,-0.0016666804981468886,-0.06966397049836814,1569,558000000,10.08,0,2,2,-11.040509957047828,10.020255121013069,4.004674188826649,-11.040509957047828,10.020255121013069,4.004674188826649,129.95573139190674
-12.744050391633541,7.348112631760663,3.4363370350639397,-9.565134322986761,11.434688502929488,3.9600445749298516,0.2581296068379316,0.0035953949033142494,-0.011081243714924966,-0.9660400536452488,0.17057518068260977,-0.27221374417838945,0.14283946872814077,0.007728830905762152,-0.0009434515789052966,-0.06370870905811898,1569,739000000,10.89,0,2,2,-11.082975185638434,10.049648816180103,4.034653303746808,-11.082975185638434,10.049648816180103,4.034653303746808,130.2772228717804
-12.83340640709367,7.379621474894889,3.493857067992778,-9.660465806006254,11.489457292272258,3.9734153541561055,0.24886611482052795,0.002715060176362684,-0.010608165234815333,-0.9684759946290487,0.15842462747186511,-0.28149224818113194,-0.03861329674771589,-0.0138479221277521,-0.006960537120903609,-0.0499616999150021,1569,904000000,11.57,0,2,2,-11.12066971728228,10.076136644058781,4.060835910905519,-11.12066971728228,10.076136644058781,4.060835910905519,130.9382345676422
-12.83340640709367,7.379621474894889,3.493857067992778,-9.751223150995552,11.550144037573368,3.932385490747217,0.24298433793187368,-8.750400041950207e-05,-0.007603497880556764,-0.9700004075683881,0.13839944013519634,-0.2908599861520666,-0.1830643779291174,-0.026833481024368666,-0.01703277503111167,-0.0022561897139894427,1570,245000000,12.82,0,2,2,-11.2009079394786,10.133704333512247,4.07231516177814,-11.2009079394786,10.133704333512247,4.07231516177814,131.5022201538086
-12.922246333789698,7.4078342454461295,3.5544102723452164,-9.852485714486294,11.638015699993261,3.82790145080546,-0.2927896037049098,0.024664164649917032,-0.0017421221345514885,0.9558571503916846,0.030801085315587156,-0.31530705393087805,-0.27774579915169595,-0.1480670864111744,-0.25371067167725414,0.7481493870727718,1570,597000000,13.49,0,2,2,-11.286790052352686,10.195799007224018,4.024684130602541,-11.286790052352686,10.195799007224018,4.024684130602541,132.21285486221313
-13.010442248402331,7.432653551733569,3.61787470202627,-9.918653765837611,11.72613062394653,3.767998810415518,-0.43723714414401293,0.07216642872612086,-0.004891325551333953,0.8964327979720822,-0.09918270820085925,-0.2960926682870394,-0.09114780603167935,-0.15633347211405635,-0.17775861488189548,1.0149503708817065,1571,7000000,7.78,0,2,2,-11.385283469089416,10.264051094313746,3.921106363630778,-11.385283469089416,10.264051094313746,3.921106363630778,132.8986005783081
-13.097865609928817,7.453989872725822,3.684122548120574,-9.943382212547323,11.761085039006634,3.7624903659294757,-0.4989438269820533,0.0866779617969857,-0.0035758347082194344,0.8622813936652945,-0.12606521858248268,-0.26918168225339256,-0.010639820697222302,-0.14776986063225195,-0.12731847818940878,1.0364043293520808,1571,348000000,11.25,0,2,2,-11.472278254901218,10.320561890389905,3.8492818906195856,-11.472278254901218,10.320561890389905,3.8492818906195856,133.1576726436615
-13.184387629688551,7.471761742823902,3.7530203962825324,-9.96963673192405,11.796856329775231,3.767843526325846,-0.5565727018440678,0.09395820635165045,5.287946228366841e-05,0.8254687639304938,-0.11161536119230844,-0.22793297684227717,0.05452206873689286,0.008536611721865484,0.02484733468008926,0.591265206458047,1571,492000000,19.36,0,2,2,-11.508894968210978,10.343354750663224,3.8342970062270965,-11.508894968210978,10.343354750663224,3.8342970062270965,133.41385889053345
-13.269879644571253,7.485895915127626,3.8244294954150533,-9.995416598343114,11.822833739675197,3.7812106512731134,-0.5804386242040734,0.08688364687617567,0.0025999011197573585,0.8096514533746887,-0.05917410534664856,-0.20945860471417116,0.09120062386196699,0.07771713862894103,0.09887178384815343,0.17600857390789315,1571,656000000,27.41,0,2,2,-11.556504217015279,10.372339972199281,3.826314018109173,-11.556504217015279,10.372339972199281,3.826314018109173,133.6449191570282
-13.354213492458666,7.496327502823981,3.898206037095794,-10.01955528455581,11.838032305348486,3.797564695447256,-0.5854735623776585,0.0774255001634852,0.00333785474638304,0.8069788463193693,-0.01266620217870588,-0.20888483764486496,0.11378386815960258,0.08577084663556889,0.10946831098408438,-0.002770367532889395,1571,802000000,30.59,0,2,2,-11.593822263960934,10.394719832740927,3.828131765098919,-11.593822263960934,10.394719832740927,3.828131765098919,133.90175080299377
-13.437261888741183,7.503000098395525,3.9742014451881866,-10.050235681754225,11.848717658693499,3.820261789657314,-0.5824391435140325,0.06672205887219076,0.0033977407310052943,0.8101242289429572,0.03386952922229799,-0.21972536357365507,0.13389708315517418,0.08066141454037279,0.10051510762423277,-0.1065953285433352,1571,951000000,31.39,0,2,2,-11.631273482093693,10.417004502883474,3.8362471800101083,-11.631273482093693,10.417004502883474,3.8362471800101083,134.20166563987732
-13.437261888741183,7.503000098395525,3.9742014451881866,-10.080636342712245,11.853735485925638,3.8429843547471454,-0.5756775132350469,0.05826838343198237,0.003383857163243388,0.815591040754148,0.06895356873703838,-0.23417559311390548,0.15044991312872066,0.07426023730658926,0.08866310527082533,-0.14783988881390542,1572,106000000,31.2,0,2,2,-11.674104188872073,10.442406391497228,3.8525742352144157,-11.674104188872073,10.442406391497228,3.8525742352144157,134.48977279663086
-13.518898802844385,7.505865870407254,4.052262675054002,-10.114436143143235,11.855905176409946,3.8682342559967156,-0.5673147247518822,0.05073964049869788,0.0034942534942091243,0.8219290006772342,0.09610905413451516,-0.24758114119642216,0.16867075591147063,0.0669107168505434,0.07836304939701222,-0.1572020788444206,1572,251000000,30.52,0,2,2,-11.711417484287091,10.464607906485094,3.872344407105192,-11.711417484287091,10.464607906485094,3.872344407105192,134.76957082748413
-13.598999833677176,7.504885637691124,4.132232521764883,-10.161536490146496,11.856740629580798,3.9045455055069183,-0.5564637134537238,0.042208452672098315,0.0038677291898648325,0.8297901076797873,0.11371597046574503,-0.2578795060774821,0.1947548637616606,0.05964024348941166,0.06776747977710329,-0.14699597522849217,1572,393000000,29.66,0,2,2,-11.748494199773823,10.486802881752622,3.8967487516628783,-11.748494199773823,10.486802881752622,3.8967487516628783,135.08911204338074
-13.598999833677176,7.504885637691124,4.132232521764883,-10.215667765261744,11.858258184187408,3.950169498169247,-0.5453327614253196,0.03402456395739643,0.0044916241308770085,0.8375167662061527,0.112933672988481,-0.2605893636464275,0.22739626792307405,0.05143165290064644,0.057826744523481466,-0.1320749186561443,1572,566000000,28.58,0,2,2,-11.795667605753273,10.515341225038235,3.934125746678204,-11.795667605753273,10.515341225038235,3.934125746678204,135.39689922332764
-13.677442582912931,7.500028920808715,4.213949936692152,-10.269319223151896,11.862628765685846,4.001675864504437,-0.535066839710871,0.027023700582309004,0.00529202087655785,0.8443608181125534,0.09921955475705828,-0.2579900791136249,0.2613395816882595,0.045635394781129435,0.04882622670265846,-0.1205119006044697,1572,758000000,27.51,0,2,2,-11.847346874868677,10.547044859683027,3.9826471224055378,-11.847346874868677,10.547044859683027,3.9826471224055378,135.7205786705017
-13.677442582912931,7.500028920808715,4.213949936692152,-10.31580394540061,11.869993348688693,4.052833064534984,-0.5264612944964195,0.02160573840094278,0.006188147855530194,0.849901996874594,0.08044377731081817,-0.25221691565353066,0.2889677307846803,0.0404921273002401,0.041232512739952654,-0.111348983773496,1572,964000000,26.56,0,2,2,-11.898217814677757,10.578755080733204,4.037545727678024,-11.898217814677757,10.578755080733204,4.037545727678024,136.0458104610443
-13.75410702501791,7.491273970733897,4.297250351837314,-10.350277507774198,11.878216916143973,4.095576470902877,-0.5201512810667498,0.01798466652743313,0.006922452812612528,0.8538567070777,0.06313190136557348,-0.24638136673076455,0.3099594782974962,0.03630128485383466,0.035371461854083464,-0.1041922289005015,1573,144000000,25.78,0,2,2,-11.943305299460722,10.607281035764329,4.091662690031276,-11.943305299460722,10.607281035764329,4.091662690031276,136.330260515213
-13.828875872947062,7.478607774758877,4.381966011250104,-10.392050135692116,11.892081564301366,4.154131250413995,-0.5125493732315485,0.014030185406995013,0.007974241574835285,0.8585060893020493,0.041038074678231416,-0.23870229920029934,0.3336366245339489,0.032573614225839265,0.027877487264049705,-0.09554861535434611,1573,289000000,25.22,0,2,2,-11.977914782804692,10.629460235803332,4.136437329525591,-11.977914782804692,10.629460235803332,4.136437329525591,136.6906886100769
-13.828875872947062,7.478607774758877,4.381966011250104,-10.418233452797878,11.903295597173624,4.195208002245301,-0.507817929513285,0.01182713818148531,0.008739561983059366,0.8613388934232682,0.026440375890071966,-0.23355925184939091,0.3485033508127567,0.029834902670700103,0.022845739840704482,-0.08986795946839266,1573,465000000,24.54,0,2,2,-12.021826080452442,10.657936554073233,4.197013773305746,-12.021826080452442,10.657936554073233,4.197013773305746,136.9500687122345
-13.90163493843648,7.462026039688312,4.467926308866649,-10.447204466207276,11.918236019593092,4.24511911308717,-0.502571906140216,0.009679392941921593,0.009680526059830991,0.8644270217468161,0.011369150736165292,-0.22873888655642466,0.3649645479702642,0.027252812833467033,0.017232860773219727,-0.08530071936547756,1573,588000000,24.12,0,2,2,-12.050708617618836,10.676884490822044,4.2389501596992005,-12.050708617618836,10.676884490822044,4.2389501596992005,137.18871808052063
-13.972273485833556,7.441533152447317,4.55495813208737,-10.474705431156648,11.93494529607748,4.297080529461601,-0.49755235749343363,0.007944116028598682,0.01073317963571623,0.8673311601851729,-0.001644044613977401,-0.22450815566109544,0.37986656037510735,0.025913016543199774,0.011786895993282087,-0.08104126900434494,1573,726000000,23.65,0,2,2,-12.084015605933953,10.698934789212121,4.289206990426552,-12.084015605933953,10.698934789212121,4.289206990426552,137.41668939590454
-13.972273485833556,7.441533152447317,4.55495813208737,-10.500884674694207,11.953200692394631,4.350863316562297,-0.49275246077398493,0.006596403940089388,0.011870072518352606,0.8700635616060762,-0.012662238778941742,-0.2209748321493324,0.39372474794657836,0.02350974245928228,0.006931624875505804,-0.07768145369482227,1573,867000000,23.2,0,2,2,-12.116953455676752,10.72091222526308,4.3407668325422115,-12.116953455676752,10.72091222526308,4.3407668325422115,137.64980292320251
-14.040684578421265,7.417142118289708,4.642886210402725,-10.533035796448669,11.97855749641042,4.422647812549827,-0.48678298898149364,0.005436541543779021,0.013339532962040965,0.8734041576009588,-0.022367766818107225,-0.21826673825777387,0.41105463945732745,0.019874851932399906,0.0011717752158801886,-0.07519461360061541,1574,17000000,22.9,0,2,2,-12.154216862522375,10.745913119929968,4.401144597132132,-12.154216862522375,10.745913119929968,4.401144597132132,137.9182641506195
-14.040684578421265,7.417142118289708,4.642886210402725,-10.564125025817996,12.005445004867456,4.497153281193376,-0.4809203524836473,0.004803418468169255,0.014908793484094416,0.8766243606099892,-0.027379674906134667,-0.21690292408952588,0.42565883641224617,0.018770753376884386,-0.0035014151990253595,-0.07413352286675945,1574,184000000,22.18,0,2,2,-12.191110812422359,10.770772493344342,4.462831862719171,-12.191110812422359,10.770772493344342,4.462831862719171,138.26921892166138
-14.106765416210758,7.388874476852862,4.731533468364688,-10.584655875090455,12.023931490724546,4.543424214026818,-0.4769896703650182,0.004747724217857232,0.0158276907803587,0.8787535477506667,-0.028261538813626908,-0.22020486475076245,0.3594424404167048,0.0109862528006488,-0.007265823069246835,-0.07529919457738288,1574,359000000,21.6,0,2,2,-12.232243074153564,10.798533804009217,4.533632536675661,-12.232243074153564,10.798533804009217,4.533632536675661,138.51672077178955
-14.106765416210758,7.388874476852862,4.731533468364688,-10.608860107711484,12.045816504438907,4.587101323760079,-0.4723220889705715,0.00513900416131208,0.016506328149424907,0.8812564757422943,-0.02741197509567278,-0.22519984725178213,0.2831126261626403,0.003529874857122195,-0.009992800551117398,-0.07639825707883574,1574,487000000,21.19,0,2,2,-12.259483617102504,10.816992962552252,4.576754596992146,-12.259483617102504,10.816992962552252,4.576754596992146,138.78923106193542
-14.170417664197668,7.356760196364748,4.820721382193132,-10.644532760365971,12.077030968167172,4.631881046137681,-0.4654154287201052,0.006504186499828025,0.01673302447501587,0.8849102667271832,-0.01845657864910672,-0.23404093256454367,0.18421569309871544,-0.008473803063679952,-0.013939638301962987,-0.08035342689254321,1574,631000000,20.7,0,2,2,-12.2911653003685,10.838570598696966,4.616119117914463,-12.2911653003685,10.838570598696966,4.616119117914463,139.15914964675903
-14.170417664197668,7.356760196364748,4.820721382193132,-10.69828279008149,12.118545057769786,4.664008113268691,-0.4549888318446355,0.008875321396547314,0.015704412305684316,0.8903144180574045,0.004649764062651174,-0.2444915210578214,0.06478826487746206,-0.016571717787883244,-0.0063813441556703765,-0.0872016309585888,1574,824000000,19.96,0,2,2,-12.336257257248233,10.86935929727044,4.653842855710779,-12.336257257248233,10.86935929727044,4.653842855710779,139.60276246070862
-14.231547770101251,7.32083754636694,4.910270339298969,-10.73989618340816,12.145754770850461,4.668480330225619,-0.4469923709374146,0.010202805293978887,0.014082213108670852,0.8943687239398768,0.023422880595982846,-0.25042861756652435,-0.0068612744847495,-0.020805354142794386,-0.0017832916796578502,-0.09110324317589402,1575,106000000,18.82,0,2,2,-12.399634027433034,10.911679056103782,4.675246022920534,-12.399634027433034,10.911679056103782,4.675246022920534,139.9265329837799
-14.290067270632257,7.281152949374527,4.999999999999999,-10.788872533603847,12.172855901877005,4.658664967619915,-0.43775827071926016,0.011057331776743555,0.01168285289603586,0.8989487987527827,0.04840633165340765,-0.25289779674348056,-0.05603791972805332,-0.020782206775038503,0.007228419781313278,-0.09455012987018563,1575,305000000,17.93,0,2,2,-12.445678103240795,10.940623728453327,4.672078377466846,-12.445678103240795,10.940623728453327,4.672078377466846,140.32243061065674
-14.345893085364855,7.237760811949752,5.089729660701029,-10.826324503182487,12.19042616772493,4.654805422622165,-0.4309542657773539,0.010866055192511657,0.010107929869445401,0.902251727294888,0.06816520208938637,-0.251002623161986,0.0044742378399713996,-0.011015850941475946,0.013534782192436978,-0.0943138926231768,1575,520000000,16.89,0,2,2,-12.497488537421953,10.970759577361667,4.654946483354206,-12.497488537421953,10.970759577361667,4.654946483354206,140.64835214614868
-14.345893085364855,7.237760811949752,5.089729660701029,-10.864943161954283,12.206407442538495,4.660465885055671,-0.42417976058638307,0.009941784428578373,0.009137751732170879,0.9054773288849012,0.08388801084078693,-0.24829878113473627,0.06229355468123813,-0.0006271802561741424,0.017971771194424946,-0.0930287285882514,1575,687000000,16.11,0,2,2,-12.536056211775087,10.991282437090476,4.646922984516719,-12.536056211775087,10.991282437090476,4.646922984516719,140.95914340019226
-14.398947797320005,7.190723335720643,5.179278617806866,-10.909114699099502,12.222954792707789,4.677684652456283,-0.4167358194572084,0.00827659488699371,0.008589978916718435,0.9089493753893094,0.096101899247661,-0.2434049681189852,0.12482300490521395,0.006349670275085373,0.020976188352506142,-0.08951203417382203,1575,839000000,15.34,0,2,2,-12.575405517099302,11.010563306119932,4.649500700826707,-12.575405517099302,11.010563306119932,4.649500700826707,141.2723400592804
-14.449159919402483,7.140110308928806,5.26846653163531,-10.94844475259217,12.236791240794808,4.702017050020299,-0.4103449197215145,0.0065722445640727855,0.008515500829816999,0.9118669523048584,0.10269027001565634,-0.23818773292861578,0.1757492109592386,0.010651678530848585,0.019480057744658552,-0.08666053108754568,1576,19000000,14.49,0,2,2,-12.62056246474181,11.03078258482612,4.664390612652742,-12.62056246474181,11.03078258482612,4.664390612652742,141.55485653877258
-14.449159919402483,7.140110308928806,5.26846653163531,-10.992268042658608,12.251831111745231,4.738607777448592,-0.4033988557551242,0.00481467203782732,0.008637024644186685,0.9149708104163323,0.10503758616273537,-0.23135880296184333,0.22873243343415123,0.010574652969808085,0.01625013283046428,-0.08269460595329292,1576,190000000,13.76,0,2,2,-12.661184925999928,11.047586538433844,4.687445026192292,-12.661184925999928,11.047586538433844,4.687445026192292,141.8145353794098
-14.496464145870778,7.085998879141749,5.357113789597272,-11.039829607185371,12.268309748038417,4.789788299111385,-0.39604121404872356,0.003244255269197702,0.008939993988561292,0.9181834828018012,0.10498603383626379,-0.22318869551792578,0.2821629051008594,0.010283418396284105,0.01170589603134431,-0.07830664253560826,1576,363000000,12.97,0,2,2,-12.707009481942691,11.065389951862647,4.723082646702883,-12.707009481942691,11.065389951862647,4.723082646702883,142.20722341537476
-14.496464145870778,7.085998879141749,5.357113789597272,-11.072276052327066,12.27982848147787,4.828645417525235,-0.39112785080271417,0.002390900900246036,0.009268279735988743,0.9202865786862647,0.10266787531350352,-0.21874073387311066,0.2565940249770206,0.0070844935635250295,0.008462862570013385,-0.07498568447772413,1576,574000000,12.14,0,2,2,-12.757584369030912,11.084064520582924,4.772809671915939,-12.757584369030912,11.084064520582924,4.772809671915939,142.4930956363678
-14.540801588058912,7.028473307814418,5.445041867912628,-11.108624150759617,12.293079289528668,4.863707107115242,-0.38569108825320697,0.0019497461944911402,0.009211697067434067,0.9225799301789366,0.10162530870099307,-0.21550310769598363,0.19146514219235122,-0.0023797486846888205,0.003207914051017724,-0.0727141770767048,1576,717000000,11.69,0,2,2,-12.797522471189879,11.098337035567287,4.81499954894642,-12.797522471189879,11.098337035567287,4.81499954894642,142.79047203063965
-14.582119993610817,6.967624707432082,5.532073691133349,-11.148773010033898,12.307871223790881,4.891321097038636,-0.3798088458923001,0.0021796809991520695,0.008802787922479379,0.9250205405813932,0.1006283120826463,-0.21163132364458961,0.12433893606134994,-0.007104284304659814,-0.0028438533036023728,-0.06872415178804658,1576,872000000,10.97,0,2,2,-12.831961371152278,11.11050138392426,4.8432851700234965,-12.831961371152278,11.11050138392426,4.8432851700234965,143.11148953437805
-14.582119993610817,6.967624707432082,5.532073691133349,-11.183921916233434,12.320742420697993,4.906352279864431,-0.37479776789357083,0.002873191713325607,0.008217052193151953,0.9270657247491305,0.10360082810074314,-0.2081036667400796,0.07152090286330606,-0.011535160410858225,-0.006203508200997021,-0.06695353295071982,1577,47000000,10.32,0,2,2,-12.87546754939133,11.125767202151032,4.868034359941004,-12.87546754939133,11.125767202151032,4.868034359941004,143.39697933197021
-14.620373948532228,6.903550762011855,5.618033988749894,-11.227552431962092,12.336039849475858,4.914475662801558,-0.36873828495868066,0.003977928949268838,0.0072386010457334985,0.9294965604787926,0.10718164273764715,-0.20289482571090986,0.016646714030074394,-0.01391554533256567,-0.0059370428971305955,-0.06372321950038895,1577,215000000,9.77,0,2,2,-12.913469802836564,11.138901930046412,4.880294575299957,-12.913469802836564,11.138901930046412,4.880294575299957,143.70382833480835
-14.620373948532228,6.903550762011855,5.618033988749894,-11.262323435543452,12.347458393113058,4.913827308154804,-0.3640772819355325,0.004764412944753579,0.0063114780773764,0.9313351697386958,0.11294284779460864,-0.19833718874152945,-0.020837214442569717,-0.014518996249535121,-0.00383908472940675,-0.061821522103855386,1577,404000000,9.11,0,2,2,-12.960399486464002,11.154400176475422,4.884806835891618,-12.960399486464002,11.154400176475422,4.884806835891618,143.97126984596252
-14.655525061410888,6.836355431783316,5.702749648162684,-11.297217010109188,12.357943784929882,4.907828455466777,-0.3595598831083361,0.005413611129013384,0.005321164177741042,0.9330911362163167,0.11929125221017214,-0.19338889009421598,-0.05148210455290362,-0.013949254753242712,-0.0020635562350435066,-0.059274961313349195,1577,568000000,8.61,0,2,2,-12.997702843848582,11.165860139480278,4.881278650752662,-12.997702843848582,11.165860139480278,4.881278650752662,144.28140592575073
-14.68754212920409,6.76614864290927,5.786050063307846,-11.327932229354136,12.366230772501076,4.902660297202865,-0.3557723627591709,0.005779866012337796,0.004574132694894001,0.9345435764883978,0.12713951556608385,-0.18841213390904402,-0.007825541314373565,-0.007924853980512125,0.000494699102659979,-0.05655312706949189,1577,719000000,8.12,0,2,2,-13.034966377461247,11.176317613688315,4.872732589724199,-13.034966377461247,11.176317613688315,4.872732589724199,144.5813286304474
-14.68754212920409,6.76614864290927,5.786050063307846,-11.363341965921435,12.37455307485813,4.9082005119276415,-0.3516811075097164,0.005694231308377452,0.004208494853812275,0.9360930845389317,0.13603971772998927,-0.18244697973762974,0.0694886607056319,-2.2556306811249982e-05,0.004847200852964306,-0.05279583201627247,1577,871000000,7.71,0,2,2,-13.067630461227285,11.184577376098966,4.865609481993174,-13.067630461227285,11.184577376098966,4.865609481993174,144.88709831237793
-14.716401284042247,6.69304596314603,5.867767478235115,-11.39894585602906,12.381677188839536,4.925731991701574,-0.34788743645829284,0.00510485355307379,0.004186886197125802,0.9375130623136143,0.14396939937016034,-0.17584278280553586,0.14216068450006208,0.0048873706418817164,0.009013506678456906,-0.04870356533501763,1578,34000000,7.26,0,2,2,-13.105106118305622,11.192827544060933,4.86946616613644,-13.105106118305622,11.192827544060933,4.86946616613644,145.17562222480774
-14.716401284042247,6.69304596314603,5.867767478235115,-11.434618851972413,12.387662789972623,4.95437084665575,-0.3443862942546808,0.004143755646637996,0.004460153116200754,0.938808296007683,0.14987597083189425,-0.1693132277317741,0.2089420772549516,0.009634230718802428,0.010907716387009714,-0.044874086961499415,1578,189000000,6.83,0,2,2,-13.142738538000328,11.199807023653984,4.885673687199082,-13.142738538000328,11.199807023653984,4.885673687199082,145.4483573436737
-14.742086120548693,6.617168264378271,5.947737324945996,-11.474718508728442,12.393166904411773,4.9985278907050805,-0.340741257620144,0.003002448142600881,0.004908401453465516,0.9401395046777712,0.15630490355762577,-0.1614911613517218,0.2755962589512311,0.009594461789674824,0.009623758614907274,-0.041796201912802644,1578,352000000,6.43,0,2,2,-13.180417498862836,11.205574802789696,4.9132603053533686,-13.180417498862836,11.205574802789696,4.9132603053533686,145.7448480129242
-14.76458780322894,6.538641372996565,6.025798554811812,-11.51463449518616,12.397444202131574,5.0535729303546635,-0.33738165002232307,0.0019893763518817366,0.005564183744238626,0.9413494061554433,0.15938206019976014,-0.153585443826017,0.33142716628753294,0.011435651776992017,0.007408487090287963,-0.037998772677383386,1578,530000000,6.0,0,2,2,-13.222451514966435,11.210830755746851,4.956283096788022,-13.222451514966435,11.210830755746851,4.956283096788022,146.02341532707214
-14.76458780322894,6.538641372996565,6.025798554811812,-11.545299218329472,12.400147032100001,5.102824631254694,-0.33499762885139417,0.0013205798058102771,0.006166609361304906,0.9421978654517876,0.15995389630941986,-0.14714748997331678,0.3695581342340172,0.011431550956331193,0.005433268825072446,-0.03464276924205478,1578,706000000,5.61,0,2,2,-13.26370382715125,11.215057812602367,5.010018704455721,-13.26370382715125,11.215057812602367,5.010018704455721,146.2967813014984
-14.783905153536903,6.457595709116016,6.101793962904204,-11.57555807156929,12.402362888707698,5.154172062529011,-0.33281083138211764,0.0007797666334824912,0.006828759322224617,0.9429685628507771,0.1607099356593707,-0.14170149461996534,0.3448133272562315,0.010522288084757747,0.0026254454496665858,-0.031708836831967346,1578,842000000,5.34,0,2,2,-13.295044513049655,11.217781581556801,5.058115723101966,-13.295044513049655,11.217781581556801,5.058115723101966,146.5625765323639
-14.783905153536903,6.457595709116016,6.101793962904204,-11.605493490305921,12.404074582109974,5.197946872496667,-0.33082496599835215,0.0005474615085533287,0.007482054029364339,0.9436623130260036,0.16083467091569062,-0.13728974480922151,0.2868080239075842,0.009714236421132227,-0.002052851982625725,-0.02847863197530387,1578,980000000,5.09,0,2,2,-13.325652788797912,11.220171260796482,5.108087205047605,-13.325652788797912,11.220171260796482,5.108087205047605,146.862322807312
-14.800044716281226,6.37416591566196,6.175570504584945,-11.63930150429529,12.405492325534686,5.238368726311956,-0.328792213216854,0.0007201974724014727,0.008283519533133677,0.9443656840163708,0.16247371140450756,-0.1327099871249615,0.2250956875747542,0.007676034010728472,-0.007915731839602813,-0.025830934464465827,1579,135000000,4.89,0,2,2,-13.355499923261508,11.222376526452013,5.150269572669997,-13.355499923261508,11.222376526452013,5.150269572669997,147.14717388153076
-14.800044716281226,6.37416591566196,6.175570504584945,-11.685340927963226,12.406330152168598,5.278842596173316,-0.32636680208755825,0.0016267335930901846,0.009069770009429162,0.94519828792954,0.16401771414793184,-0.12663773276746199,0.15002520064815744,-0.0004576980771275885,-0.010802150427480228,-0.02049917329713935,1579,279000000,4.7,0,2,2,-13.388654286878788,11.224728559435867,5.188710854153631,-13.388654286878788,11.224728559435867,5.188710854153631,147.51086616516113
-14.81302080509144,6.288490478373291,6.246979603717467,-11.722435067325502,12.406047509761489,5.300792586799564,-0.32486979159793544,0.0026411603252184334,0.009144935046455662,0.945710850599826,0.16498860902565152,-0.12129095118323271,0.09847838656001659,-0.0041712025904416805,-0.010911884055531118,-0.015793943384778686,1579,502000000,4.53,0,2,2,-13.43274832975476,11.227556456083624,5.2263704936292665,-13.43274832975476,11.227556456083624,5.2263704936292665,147.80468225479126
-14.822855526721316,6.200711337795645,6.315877451879425,-11.762822241538178,12.404808039045385,5.315272526350378,-0.3237176825494075,0.0037949286643960494,0.008753600042856101,0.9461056151442939,0.1632805362877522,-0.11495127194232835,0.04963611367273491,-0.008795619123702636,-0.008675077424413757,-0.009570208476361586,1579,688000000,4.46,0,2,2,-13.467896350933039,11.22914461943712,5.246033492398378,-13.467896350933039,11.22914461943712,5.246033492398378,148.12486004829407
-14.822855526721316,6.200711337795645,6.315877451879425,-11.790515844483236,12.403268680284246,5.320187576714745,-0.3233061181029815,0.004532579178968151,0.008178818299278324,0.9462482320482266,0.16385074608649222,-0.1094507322092612,0.02164653237381636,-0.011521983378770528,-0.0064345643295382615,-0.003912796000804519,1579,882000000,4.43,0,2,2,-13.506259661361021,11.229699560321098,5.2581974526389486,-13.506259661361021,11.229699560321098,5.2581974526389486,148.4388062953949
-14.829578784024937,6.110973494355408,6.382125297973729,-11.82542930150615,12.400291122733382,5.321368534860088,-0.32324299537484075,0.005317761823497347,0.007338495505039457,0.9462726001708024,0.16308093003127472,-0.10170531160260657,-0.007713404233827961,-0.011588295001274673,-0.004076257300766883,0.0023051451080391416,1580,33000000,4.44,0,2,2,-13.532833385732602,11.229126470438153,5.261627247136358,-13.532833385732602,11.229126470438153,5.261627247136358,148.75094485282898
-14.833228257500085,6.0194246076210405,6.445589727654783,-11.859373643713814,12.396144534738768,5.317996034054175,-0.3237104449924296,0.005870841178987881,0.006425456279811841,0.9461161633426681,0.16289194114818398,-0.09365291103265463,-0.03088608593466472,-0.011318504948576447,-0.0015161560440901667,0.007979916881595273,1580,209000000,4.5,0,2,2,-13.566828732093862,11.226922995400418,5.261166814629266,-13.566828732093862,11.226922995400418,5.261166814629266,149.09159970283508
-14.833228257500085,6.0194246076210405,6.445589727654783,-11.899751868676463,12.38926588906602,5.309161542575514,-0.32484047927698995,0.006291006016435612,0.005362805672349301,0.9457326929855587,0.16398128641278523,-0.08313625146231438,-0.05091088678568499,-0.009852480070549063,0.0001756747096237632,0.013533803848986281,1580,388000000,4.58,0,2,2,-13.600761413021994,11.222894368989289,5.256478862187915,-13.600761413021994,11.222894368989289,5.256478862187915,149.46314978599548
-14.833849365352684,5.926214590870866,6.506142932007221,-11.949095643759929,12.377525093830519,5.293222483456699,-0.32713541506473043,0.006559444848840312,0.004159480904110039,0.9449455500780507,0.16319919370325645,-0.06937294502171638,-0.06590732089748859,-0.008030721255636308,0.0016208544707296824,0.020541942285490222,1580,603000000,4.72,0,2,2,-13.64219922177647,11.215467492051426,5.246540577950543,-13.64219922177647,11.215467492051426,5.246540577950543,149.9327108860016
-14.831495202095766,5.831495202095768,6.563662964936059,-11.979460552444179,12.368454997178178,5.281020559756385,-0.3290044886233301,0.00661522044777438,0.0034929654445407603,0.944298726313094,0.16203279399298157,-0.06167425678001872,-0.0735953694599498,-0.006785667528674821,0.0018324910570299835,0.023051589960232377,1580,896000000,4.97,0,2,2,-13.69473986831677,11.202102889386973,5.229451201449123,-13.69473986831677,11.202102889386973,5.229451201449123,150.24130392074585
-14.82622645575601,5.735419632571633,6.618033988749894,-12.00558691665958,12.35945413678472,5.269215069632279,-0.3308795491627383,0.006642541287557073,0.0029671492043228656,0.943644952626095,0.16143523964795825,-0.05440898570296515,-0.07790006926588038,-0.006091699378885096,0.0018022210156232177,0.02648797981237294,1581,73000000,5.17,0,2,2,-13.72824490567355,11.191264762597553,5.216793002752151,-13.72824490567355,11.191264762597553,5.216793002752151,150.54074215888977
-14.82622645575601,5.735419632571633,6.618033988749894,-12.034160891474054,12.347996501805223,5.255366302676214,-0.33333645090997355,0.0066511883510950425,0.002478517002321396,0.9427812201893556,0.16409780319499015,-0.04576574094590309,-0.07997079478558135,-0.004773355840370641,0.0015982860531948972,0.031292339190258645,1581,222000000,5.36,0,2,2,-13.75775518769579,11.180208015984812,5.2049066543151215,-13.75775518769579,11.180208015984812,5.2049066543151215,150.88087511062622
-14.818111303820551,5.638142094139395,6.669146507442605,-12.055990007510115,12.337807306189081,5.244543322225426,-0.3355389555244163,0.006662450438755803,0.0021354709602286973,0.9420003507661303,0.16727766733778554,-0.03837469498769749,-0.0792723954823157,-0.004640832594304811,0.0013985308669361984,0.03500064667605329,1581,399000000,5.62,0,2,2,-13.790574481883217,11.166240052243817,5.191266570529436,-13.790574481883217,11.166240052243817,5.191266570529436,151.20959186553955
-14.818111303820551,5.638142094139395,6.669146507442605,-12.08351907856928,12.323067687072834,5.23083785342035,-0.3386551636299168,0.0066713881002019165,0.001772346576114359,0.940885238227928,0.17055674102007062,-0.02972699883246744,-0.0777338364465841,-0.003620352686084516,0.0011885585649906716,0.038262695306912065,1581,555000000,5.86,0,2,2,-13.815772340282924,11.154285722359102,5.180736698196055,-13.815772340282924,11.154285722359102,5.180736698196055,151.49556016921997
-14.807225288116157,5.5398174063306085,6.716897587203732,-12.11060729398425,12.30644933404735,5.217590834951321,-0.3420710045997169,0.006671647164589999,0.0015225588357698334,0.9396491891928835,0.1767873972297563,-0.021405589459228012,-0.0742972620764758,-0.002437598232063465,0.0007938964415643568,0.04210223887639586,1581,729000000,6.21,0,2,2,-13.847682225095292,11.137588406436242,5.167625393339491,-13.847682225095292,11.137588406436242,5.167625393339491,151.78087544441223
-14.793651168871804,5.440600584473202,6.761191063713476,-12.137499635477186,12.28785749815179,5.205028272034026,-0.3457876432188827,0.006678146810310611,0.0013520576137763109,0.9382880581636535,0.18232541197699942,-0.014195102548447611,-0.0704715957078612,-0.0018237729591419338,0.0005165484537883458,0.04539970577752683,1581,898000000,6.61,0,2,2,-13.878972397283544,11.11946137665517,5.155303625733491,-13.878972397283544,11.11946137665517,5.155303625733491,152.10697841644287
-14.793651168871804,5.440600584473202,6.761191063713476,-12.158196592727446,12.272153887467404,5.195849191859333,-0.34889045813963004,0.006686575911556947,0.0012808399753047378,0.937138782342645,0.18597992679878195,-0.008400144768887969,-0.06598512712665114,-0.0010924193816208572,0.0001550532317651232,0.04866496383328922,1582,80000000,7.05,0,2,2,-13.909581166813796,11.099978059494704,5.144025729666248,-13.909581166813796,11.099978059494704,5.144025729666248,152.3959345817566
-14.77747875827409,5.34064642990583,6.801937735804838,-12.178621230550306,12.255395812521925,5.190228667825829,-0.3521896110068744,0.006682467093437328,0.0012651427167534525,0.9359039597876898,0.19022397880733083,-0.002814753650175219,-0.0021655670380974733,-4.981508929802203e-05,0.0006089899954986322,0.05203906403039582,1582,222000000,7.43,0,2,2,-13.932883348011218,11.083960205227767,5.136093844686423,-13.932883348011218,11.083960205227767,5.136093844686423,152.70995545387268
-14.77747875827409,5.34064642990583,6.801937735804838,-12.198778724674158,12.237593272077826,5.197308685755367,-0.35570604627069596,0.0065344235234492485,0.0012486261735123357,0.9345742083368043,0.19501043423666103,0.0019562868703563675,0.09027467144722222,0.00028860091561000445,0.0036686856219603214,0.05512688039743807,1582,375000000,7.83,0,2,2,-13.95571978055712,11.067205414835351,5.131899993108449,-13.95571978055712,11.067205414835351,5.131899993108449,152.98226404190063
-14.758804733882657,5.240109123419744,6.839055545102901,-12.221614781615608,12.21601846381252,5.220468155333684,-0.3599496346364466,0.006071099487952753,0.0011165260324343279,0.9329513147242545,0.201164679757371,0.00696184234984625,0.18683437319534818,1.220087584297147e-05,0.008184737907868112,0.05840779631398618,1582,509000000,8.27,0,2,2,-13.978099615008704,11.049736698227148,5.140494865402105,-13.978099615008704,11.049736698227148,5.140494865402105,153.29653191566467
-14.737732432329594,5.139141823034612,6.872469741279474,-12.244281023221768,12.193159602965057,5.258203372625099,-0.3643807720383181,0.005295336173740425,0.0009991466265283485,0.931234457099599,0.20525241276274633,0.011047118175145535,0.2731260276882165,0.002476205713719537,0.01059390342561528,0.059929115741397254,1582,658000000,8.79,0,2,2,-14.003100034761694,11.02894854565406,5.165544611659952,-14.003100034761694,11.02894854565406,5.165544611659952,153.5755136013031
-14.737732432329594,5.139141823034612,6.872469741279474,-12.271923258183254,12.163468561061684,5.3229736721498835,-0.3699329876686854,0.004094065664531884,0.0012577601786773265,0.9290485677832927,0.2049808192191386,0.015911063980338747,0.36346108645862785,0.0068710327468579635,0.010090342402691022,0.05928320861130487,1582,835000000,9.34,0,2,2,-14.027389563062728,11.007559122205754,5.2050843271910106,-14.027389563062728,11.007559122205754,5.2050843271910106,153.8834366798401
-14.71437162378238,5.037896267199173,6.902113032590307,-12.293340486004276,12.13913830680941,5.38642365989546,-0.3742388100154238,0.0030073865728047354,0.0021426091075771214,0.9273250120267721,0.20482577115739198,0.019355902843747684,0.4216468882244825,0.015008625905466033,0.007709661804256029,0.05700877991330344,1583,28000000,10.06,0,2,2,-14.0563512516069,10.980508073145765,5.2714189366529505,-14.0563512516069,10.980508073145765,5.2714189366529505,154.14470672607422
-14.71437162378238,5.037896267199173,6.902113032590307,-12.311729955166165,12.11752433222617,5.4489384644003005,-0.3778502521979815,0.0020119417913161074,0.003302296673975381,0.9258586467927093,0.20477668109885722,0.021357146652296485,0.4639546364503949,0.023257232533069327,0.0059523110394366086,0.054170863222680055,1583,191000000,10.63,0,2,2,-14.078204255132098,10.959047227387853,5.3354997873005505,-14.078204255132098,10.959047227387853,5.3354997873005505,154.391348361969
-14.68883826770475,4.936522384489025,6.9279257213917065,-12.32737410294527,12.098868173763671,5.504681580994948,-0.38078447852716846,0.001157568116436583,0.00456022289796011,0.9246518508692713,0.20472700343446654,0.02220351219587737,0.4441397208299759,0.02789742393360939,0.0035127145565638784,0.0512616152263945,1583,323000000,11.13,0,2,2,-14.096297268092208,10.940605510846591,5.398118503305683,-14.096297268092208,10.940605510846591,5.398118503305683,154.64521288871765
-14.68883826770475,4.936522384489025,6.9279257213917065,-12.343026024853144,12.080141355540356,5.554842599191189,-0.3835334291301733,0.0004273547675174975,0.006114585637073266,0.9235066528997178,0.20502660125944452,0.021848580186575584,0.39340456345918356,0.03053832278965274,-0.0012355906505945313,0.04785555065609515,1583,447000000,11.54,0,2,2,-14.11105168979398,10.925185751110002,5.453688174195619,-14.11105168979398,10.925185751110002,5.453688174195619,154.90301513671875
-14.661254250502761,4.8351679108523635,6.949855824363647,-12.36143615840704,12.058287376311183,5.605789347102187,-0.38649858081497396,-0.00013933728294154846,0.00823302505615754,0.9222532433727502,0.2063322986705692,0.02031938870987036,0.33587754456409963,0.032192237631534226,-0.007475733946193941,0.04426182167662773,1583,575000000,11.94,0,2,2,-14.125150617039544,10.910197882074158,5.503568841748041,-14.125150617039544,10.910197882074158,5.503568841748041,155.16863536834717
-14.661254250502761,4.8351679108523635,6.949855824363647,-12.382785279791902,12.033249381303733,5.654514617710915,-0.38968012394820517,-0.00032749076123374157,0.010732905148546728,0.9208876687721391,0.20769952136841355,0.018319050334299994,0.27458413514989816,0.02705803854041733,-0.012230089214426698,0.042527374898782,1583,706000000,12.38,0,2,2,-14.140838654206178,10.893296796591656,5.5541994619259745,-14.140838654206178,10.893296796591656,5.5541994619259745,155.45820021629333
-14.631747105695233,4.733978015430124,6.967859177197259,-12.409377778872681,12.001946807453523,5.702730402203586,-0.39367342070605116,-4.498429492987531e-05,0.013311650866242314,0.9191539782632857,0.20623364308732012,0.018014070429821255,0.20829908391974322,0.019804699331871234,-0.013764308187091956,0.04416984775161836,1583,876000000,12.83,0,2,2,-14.159924978713256,10.872366946348567,5.6080734354613115,-14.159924978713256,10.872366946348567,5.6080734354613115,155.76557278633118
-14.600449717297618,4.633094935949802,6.981899523535869,-12.434996684639032,11.970685316180397,5.738914816608382,-0.3979375862802469,0.0005635065544669646,0.015038347272195027,0.9172890536778114,0.20128892324486158,0.01960729678757705,0.1521239670479367,0.010819565795827657,-0.012738802524836501,0.04775351808348205,1584,69000000,13.48,0,2,2,-14.178013782648415,10.851859116846148,5.650598161979511,-14.178013782648415,10.851859116846148,5.650598161979511,156.09143590927124
-14.600449717297618,4.633094935949802,6.981899523535869,-12.45893344589586,11.939374924438795,5.764925397088015,-0.40254947346567044,0.0013408938323937738,0.015960132737784658,0.9152581043504797,0.19503632313792962,0.024351885888998285,0.10475994846510792,0.0038469929222628707,-0.01095739717129618,0.051783859453280456,1584,274000000,14.12,0,2,2,-14.197247804239595,10.828906957177823,5.686288525036652,-14.197247804239595,10.828906957177823,5.686288525036652,156.45872139930725
-14.567500007156669,4.532657624662312,6.991948587990478,-12.476223542987874,11.914165023987241,5.784104541726306,-0.4065255737950751,0.0020567167627440017,0.01594317534549028,0.9134979709482915,0.18829079868798163,0.03439069633759586,0.14692870799326005,-0.005725166511183488,-0.006892883084219648,0.0560220123588806,1584,473000000,14.81,0,2,2,-14.215836956956649,10.805084305941207,5.711557665527789,-14.215836956956649,10.805084305941207,5.711557665527789,156.75702023506165
-14.533040607019544,4.4328014057587515,6.997986133082629,-12.489614894913386,11.891906497491684,5.809863704074524,-0.4102066037226129,0.0025570562808955094,0.01537619090054913,0.911859406092258,0.18278735640961238,0.043939690725145676,0.20767533361461538,-0.014205401748768054,-0.0011345756718128541,0.05902795019210316,1584,621000000,15.39,0,2,2,-14.230306873765462,10.784880999036078,5.729901775282249,-14.230306873765462,10.784880999036078,5.729901775282249,157.0261106491089
-14.533040607019544,4.4328014057587515,6.997986133082629,-12.501390400934945,11.869413388244707,5.843778027866444,-0.41408167315605793,0.002849618908989401,0.014267489919713461,0.9101234456708298,0.17870124660024767,0.053111090992829145,0.26371943157831723,-0.018724121036939323,0.004694295421359129,0.06271230522543192,1584,760000000,15.92,0,2,2,-14.242682390247708,10.76601777146564,5.75474797237872,-14.242682390247708,10.76601777146564,5.75474797237872,157.31484460830688
-14.497218516165216,4.333657645168838,7.0,-12.514416642156993,11.839882542376758,5.898160978603406,-0.41935731924052894,0.0027871891239403977,0.012714872722758144,0.9077279341233411,0.17447526403137154,0.06382118201736892,0.3270985506292483,-0.014486676718661329,0.008602251909906045,0.0659084937069565,1584,911000000,16.46,0,2,2,-14.254872037770506,10.745887758515158,5.7876348089294405,-14.254872037770506,10.745887758515158,5.7876348089294405,157.6009509563446
-14.497218516165216,4.333657645168838,7.0,-12.525248430191212,11.809901731987788,5.962866052312312,-0.4247177258190634,0.002363780560468544,0.011608389724882255,0.9052483146653961,0.16879465274541833,0.07194992864129628,0.3799119944746979,-0.008897718726075254,0.008848634479363682,0.06554403880727477,1585,91000000,17.19,0,2,2,-14.270275618646789,10.71828360370692,5.840503193131526,-14.270275618646789,10.71828360370692,5.840503193131526,157.87671065330505
-14.460184745468144,4.235353433605286,6.997986133082629,-12.534256502642837,11.779675205835927,6.036099612588049,-0.4300025958556713,0.0018257471962512904,0.010958866001638685,0.9027592909854307,0.16556908813212817,0.07839207825655842,0.423078455962134,-0.003937950259569334,0.007145553308873787,0.06463278332375921,1585,267000000,17.94,0,2,2,-14.2851616543848,10.689352407786098,5.903206820627462,-14.2851616543848,10.689352407786098,5.903206820627462,158.19237852096558
-14.460184745468144,4.235353433605286,6.997986133082629,-12.541284108231455,11.752567150603772,6.107001380474068,-0.434598575434724,0.001259916153708243,0.010978080676013129,0.9005564793981912,0.16462254439231033,0.08119758424477477,0.4536564349550544,0.0038237064245549846,0.004641066789190518,0.06305988572421484,1585,452000000,18.69,0,2,2,-14.299348713301322,10.659653213390136,5.973853799332792,-14.299348713301322,10.659653213390136,5.973853799332792,158.48017978668213
-14.422093948803884,4.138011283678539,6.991948587990478,-12.548891833744703,11.72174666776994,6.185768315104375,-0.43965090848006083,0.0007248983756920312,0.011454908926924386,0.8980953948531736,0.16754116593202606,0.0796539556199582,0.39407325845393826,0.009489689000474755,-0.00021842404436256402,0.0619262908003293,1585,597000000,19.36,0,2,2,-14.311318535141002,10.633038389761799,6.041999200175804,-14.311318535141002,10.633038389761799,6.041999200175804,158.85374236106873
-14.383104042743637,4.041748841864257,6.981899523535869,-12.55831165500721,11.686761417443405,6.254799629285605,-0.4451032553974543,0.0004996706323664602,0.012844992339600184,0.8953869825587388,0.17502029665379396,0.07343895163002039,0.2960637953327746,0.014471283157035941,-0.008259351034212159,0.05995275059831329,1585,787000000,20.1,0,2,2,-14.32401466304143,10.603123026777304,6.117317843274028,-14.32401466304143,10.603123026777304,6.117317843274028,159.25055956840515
-14.383104042743637,4.041748841864257,6.981899523535869,-12.569363293325278,11.650721268855806,6.305109389486686,-0.4504072153053875,0.0008055429359879237,0.014814379118311186,0.8926999639704056,0.18551684204622257,0.0665048454967653,0.20558881367960286,0.015927602362353355,-0.014983611526986351,0.05875033530173823,1585,991000000,20.91,0,2,2,-14.337291657627592,10.57033052055883,6.18246454376423,-14.337291657627592,10.57033052055883,6.18246454376423,159.59377193450928
-14.343375815519579,3.9466786160617637,6.967859177197259,-12.584675140054852,11.605353659713941,6.3433681335627545,-0.4569333000872605,0.0018560187749793967,0.016628217287705003,0.8893435876282604,0.1984299182960688,0.062426495403871796,0.110494067620494,-0.00035791162726894754,-0.01445016778234276,0.06289368029683828,1586,190000000,21.72,0,2,2,-14.349724298137087,10.538010717250128,6.2289551494716395,-14.349724298137087,10.538010717250128,6.2289551494716395,159.9854748249054
-14.303072526274946,3.852907719435575,6.949855824363647,-12.600266837621582,11.55763235911813,6.361204063285695,-0.46387432309864235,0.003114001903755461,0.01710916716550593,0.8857303154802947,0.20368207670216357,0.06507500556460717,0.03220118922921074,-0.007535616714449134,-0.009935976959241088,0.06684822437819093,1586,433000000,22.72,0,2,2,-14.363781419788321,10.498882953929629,6.263127688034829,-14.363781419788321,10.498882953929629,6.263127688034829,160.3875880241394
-14.262359495642343,3.760537631184168,6.927925721391707,-12.615336937596467,11.503237338079412,6.367594982904143,-0.4717689970635332,0.004322441437783377,0.016533814030375328,0.8815565568375596,0.2085307364944659,0.0775923490366865,0.0479699937335763,-0.01585592017363524,-0.002936787836915755,0.06986750740907155,1586,676000000,23.77,0,2,2,-14.37718140980858,10.457943753238192,6.27726415074489,-14.37718140980858,10.457943753238192,6.27726415074489,160.8567759990692
-14.262359495642343,3.760537631184168,6.927925721391707,-12.62343168929715,11.463873664512523,6.383853231090223,-0.4773396784032877,0.004807786446021665,0.015172319947531838,0.8785747078756279,0.21014845973573681,0.09058541992122796,0.11406130447716145,-0.01689376567810541,0.005021161223339732,0.07090333092492074,1586,923000000,24.95,0,2,2,-14.391084186133028,10.410107468435292,6.28001340499866,-14.391084186133028,10.410107468435292,6.28001340499866,161.24182772636414
-14.221403688720377,3.669663974830505,6.902113032590307,-12.629703711581287,11.418682408950538,6.415071034284057,-0.4835282981110659,0.00479345288768452,0.012883799116919205,0.8752207809778881,0.21097459257055995,0.10483585743035626,0.18032196785384827,-0.021387305605458096,0.014304775686468929,0.0706541701219976,1587,112000000,25.76,0,2,2,-14.400255385076004,10.373941774917844,6.294054152564912,-14.400255385076004,10.373941774917844,6.294054152564912,161.58450484275818
-14.180373291542491,3.58037631457762,6.872469741279475,-12.633277086104075,11.372315714449394,6.458409941346135,-0.48960376446102183,0.004313309699024741,0.01027084129706999,0.8718738779227686,0.2102470657252226,0.11466488561793789,0.23720976473168162,-0.019927171524614096,0.017489184392616153,0.06911786331329495,1587,303000000,26.66,0,2,2,-14.410130449636885,10.330818743430719,6.323243875489588,-14.410130449636885,10.330818743430719,6.323243875489588,161.9261724948883
-14.139437282152723,3.49275797021996,6.839055545102902,-12.634827244040062,11.325119463297915,6.51163232788654,-0.4955592903523566,0.003695179499559716,0.007950537496516709,0.8685298638201516,0.21059945867276011,0.12078754000670544,0.28227415840270187,-0.01735056812322,0.01580005045980215,0.06824779338785447,1587,516000000,27.53,0,2,2,-14.419507985818248,10.285236867111852,6.364496773528339,-14.419507985818248,10.285236867111852,6.364496773528339,162.23185777664185
-14.098764997420908,3.4068858510473015,6.801937735804839,-12.635085240178771,11.281993016956251,6.566157244155559,-0.50089321127525,0.003196156804149932,0.006273292847238792,0.8654804569006185,0.21250047462257077,0.1231665192849836,0.3134362072165572,-0.013217829109635204,0.012513801175373374,0.06858177221147344,1587,705000000,28.39,0,2,2,-14.428085321149892,10.238162765889749,6.415094509755834,-14.428085321149892,10.238162765889749,6.415094509755834,162.5727915763855
-14.098764997420908,3.4068858510473015,6.801937735804839,-12.63515568636051,11.238070887896088,6.625338858125714,-0.5061715082276778,0.002830526279870442,0.005025789459121142,0.8624135515051982,0.21941091040387745,0.12098098412758566,0.335759295164232,-0.00935551879592822,0.008757774048717692,0.06740711178281344,1587,882000000,29.18,0,2,2,-14.434978999740549,10.19521829525208,6.4668379787854,-14.434978999740549,10.19521829525208,6.4668379787854,162.92400765419006
-14.058525696744557,3.3228303091230633,6.761191063713478,-12.636133218303637,11.192966688598979,6.687643128264219,-0.5112793080400113,0.002590985019850875,0.00421217961401495,0.8594003802126535,0.23055584163606785,0.1151690669598556,0.34975769644619825,-0.005760680915045668,0.005514851454790914,0.06489481311291456,1588,66000000,29.98,0,2,2,-14.441032090821794,10.152150930903842,6.523053531107399,-14.441032090821794,10.152150930903842,6.523053531107399,163.26469564437866
-14.01888812379634,3.2406550122629065,6.716897587203733,-12.638881839046551,11.146451773596338,6.751853833930836,-0.5160642708147686,0.002452239112602685,0.0037046680387332253,0.856538341433983,0.24451722835177475,0.10545621718302749,0.35789329841473483,-0.0032749938100096188,0.0032900136147873127,0.05974971572868526,1588,242000000,30.76,0,2,2,-14.446300388280694,10.109245454830454,6.582565252735052,-14.446300388280694,10.109245454830454,6.582565252735052,163.63981986045837
-14.01888812379634,3.2406550122629065,6.716897587203733,-12.644398166756398,11.093089379009534,6.8242827606979395,-0.5208512078800434,0.002302998035327896,0.0034017077852765373,0.853637595138647,0.2585780279625304,0.09581600528909431,0.36131683052468466,-0.0011252281524321006,0.002594806960587448,0.05335157366062049,1588,434000000,31.51,0,2,2,-14.450811077623387,10.066610050413484,6.644401880649696,-14.450811077623387,10.066610050413484,6.644401880649696,163.96103954315186
-13.980020067484556,3.160416836982813,6.669146507442608,-12.652762860205062,11.032611352167143,6.904112066529395,-0.5253322482140445,0.0020623710597903523,0.0031999626263047426,0.8508886741819869,0.2700724067592932,0.08842986268517904,0.35987596296993446,-0.00011336980918486006,0.002971185540445731,0.04316765480325557,1588,634000000,32.28,0,2,2,-14.454953863203233,10.019497512447685,6.7147667815863725,-14.454953863203233,10.019497512447685,6.7147667815863725,164.30035495758057
-13.942087923299237,3.082165781628348,6.618033988749896,-12.662598551105281,10.970878847812331,6.983344327025955,-0.5286654845161483,0.0017266812954230917,0.0030469033648741054,0.8488230324590018,0.2758601945883735,0.08437109396783618,0.356355394972741,0.0006963835005535657,0.0036711419852508698,0.029094816272845492,1588,849000000,33.02,0,2,2,-14.45850193216502,9.967879855460302,6.793059119476892,-14.45850193216502,9.967879855460302,6.793059119476892,164.72353744506836
-13.942087923299237,3.082165781628348,6.618033988749896,-12.671360921750567,10.91438663255339,7.054523028072235,-0.5303740509612098,0.0013210530024137677,0.0028693348253662227,0.8477578591812762,0.274293576123504,0.0872795187656252,0.3520235581668649,0.0004213564437804962,0.004492192920224625,0.0145575572787493,1589,75000000,33.61,0,2,2,-14.460979041718518,9.91638691507529,6.871438899117371,-14.460979041718518,9.91638691507529,6.871438899117371,165.1058235168457
-13.905256256218784,3.0059448998392075,6.5636629649360625,-12.678812713561511,10.85804144432194,7.1245491577596125,-0.5299693868594018,0.0008972859872961332,0.0025400588428629903,0.8480124951737451,0.26854405118270547,0.09436670255925275,0.3454504926440618,-0.0008704680340088089,0.0055196740959218005,-0.017737159396347124,1589,272000000,33.96,0,2,2,-14.462418823564025,9.8695084574157,6.941710767222628,-14.462418823564025,9.8695084574157,6.941710767222628,165.46896290779114
-13.869687366350743,2.9317902544446652,6.506142932007222,-12.684001460109842,10.802478725632293,7.193220217885175,-0.526400698589194,0.0003894410950142928,0.002145486899733365,0.8502338206319513,0.2560343124392716,0.10609659312397235,0.3390054280378856,-0.0014379206163539493,0.006567233867826872,-0.05792868832941167,1589,459000000,34.03,0,2,2,-14.463167440310736,9.822320598890975,7.010167307485741,-14.463167440310736,9.822320598890975,7.010167307485741,165.82026767730713
-13.835540858476268,2.8597308918276463,6.445589727654781,-12.686416995962526,10.748093119088894,7.260284588066848,-0.5204240868940937,9.11350631628365e-06,0.0016044454066458402,0.8539064324926529,0.24262968378112898,0.11890200116112352,0.33043141773913953,-0.003090484119638859,0.005363445825423696,-0.07769169678795151,1589,675000000,33.67,0,2,2,-14.463315877558784,9.774669033474938,7.076183880282119,-14.463315877558784,9.774669033474938,7.076183880282119,166.13049626350403
-13.835540858476268,2.8597308918276463,6.445589727654781,-12.686216726305286,10.694821408201006,7.325312776954106,-0.5136060280333428,-0.00019325113665325633,0.0010314753936732132,0.8580254930247253,0.22972727363156548,0.13109539693198444,0.31937223382371965,-0.004074947219123715,0.003972991589762387,-0.08050859250943176,1589,870000000,32.98,0,2,2,-14.462873508093455,9.72646561320393,7.139426876276441,-14.462873508093455,9.72646561320393,7.139426876276441,166.4626326560974
-13.802973216660124,2.789788836736497,6.38212529797373,-12.68317020585797,10.63739995536247,7.391330858646602,-0.5068354604789069,-0.0002850426994740671,0.0005162270799096232,0.8620426139474751,0.21635645009981053,0.14308347856885,0.24926679113060723,-0.001710292144707637,0.001667438277763722,-0.06352053169393912,1590,66000000,32.18,0,2,2,-14.461780976891877,9.677550457222962,7.19966986776858,-14.461780976891877,9.677550457222962,7.19966986776858,166.87625741958618
-13.772137385077528,2.7219791074656707,6.315877451879423,-12.677712312892917,10.581098685315313,7.4287952775336565,-0.5018890467803903,-0.00024636061571380236,0.0009042066406376001,0.864931503899973,0.20637514680458705,0.15117874768553957,0.10061576474501865,0.005870026052434696,-0.005901097711102921,-0.04177810587862041,1590,281000000,31.38,0,2,2,-14.460046789772113,9.622869569802903,7.259726818601567,-14.460046789772113,9.622869569802903,7.259726818601567,167.31204080581665
-13.772137385077528,2.7219791074656707,6.315877451879423,-12.670091708936765,10.520314138175024,7.434680881335676,-0.49902762881295737,0.00025960862520541103,0.0025003567876628807,0.8665824291437099,0.20152208776172023,0.15647279266637662,-0.04393670835883088,0.00920805514397216,-0.013444455271383049,-0.011978356451436412,1590,516000000,30.81,0,2,2,-14.458322429008797,9.567107019933605,7.290029777955745,-14.458322429008797,9.567107019933605,7.290029777955745,167.7126603126526
-13.743182356195256,2.65630975126882,6.2469796037174685,-12.66123519135736,10.459338404676801,7.408225097353915,-0.49998434910473666,0.0011453234095013972,0.004607457501654734,0.8660214259589485,0.20059755204151247,0.16036537830171124,-0.17177256295783244,0.011924540285690455,-0.015007976162451087,0.024484828281856608,1590,741000000,30.54,0,2,2,-14.456956678033848,9.50482606501112,7.286609353591302,-14.456956678033848,9.50482606501112,7.286609353591302,168.12690925598145
-13.716252767427495,2.5927818998102916,6.175570504584947,-12.65311930326096,10.407859684693637,7.36447228603286,-0.5029198450793076,0.0016219038808352312,0.006526767683484911,0.8643068900320142,0.20194447047297098,0.16206754204228205,-0.2648337929362892,0.01608017828402808,-0.013800100896332879,0.039781715895514935,1590,995000000,30.76,0,2,2,-14.45660685592953,9.44025756510308,7.2497929537628725,-14.45660685592953,9.44025756510308,7.2497929537628725,168.46012949943542
-13.691488507366863,2.5313898444048584,6.101793962904209,-12.646242968825073,10.365998209351389,7.3171077421079245,-0.5059018732956522,0.0015345656313259489,0.008270724851652152,0.8625500187320738,0.20526730659900147,0.16296322601270488,-0.3298052860151459,0.02037029989878647,-0.008417258595727617,0.04531951271928847,1591,194000000,31.21,0,2,2,-14.45727623549236,9.3840639446252,7.197394100902395,-14.45727623549236,9.3840639446252,7.197394100902395,168.77058482170105
-13.669024332667991,2.472121130739345,6.025798554811813,-12.638232347795077,10.317708557916635,7.26300096149672,-0.5094103467765656,0.0012079641629395193,0.00941088812867798,0.8604714257918094,0.21446142106012553,0.1664454719480187,-0.27910423253785954,0.007112753746696399,0.0017198101090798446,0.044315738341538236,1591,356000000,31.63,0,2,2,-14.45828392175826,9.337331699243359,7.144124640620506,-14.45828392175826,9.337331699243359,7.144124640620506,169.0874903202057
-13.669024332667991,2.472121130739345,6.025798554811813,-12.631170122217672,10.273131087143181,7.223267300683698,-0.5122792573997798,0.0006931931430349788,0.008931539633428544,0.858772210496458,0.22674174722703078,0.16969099841658591,-0.23104390692154508,-0.005914436815146473,0.013507742096408037,0.039512800867669284,1591,523000000,32.08,0,2,2,-14.459502249948915,9.282693654070247,7.085122048045428,-14.459502249948915,9.282693654070247,7.085122048045428,169.3762435913086
-13.648989496635002,2.4149566727154745,5.947737324946002,-12.62381612964228,10.22070129375718,7.187344253755566,-0.5151348895511556,-0.0002600312103177892,0.007091993583915182,0.857079740501369,0.24408130721633287,0.17140038023689314,-0.1804313404825623,-0.014917403041181387,0.023708417211310007,0.035208004192099907,1591,679000000,32.42,0,2,2,-14.46032776858845,9.232333864767352,7.0428884840725905,-14.46032776858845,9.232333864767352,7.0428884840725905,169.70917439460754
-13.648989496635002,2.4149566727154745,5.947737324946002,-12.61651914781076,10.146848327737839,7.152226587574019,-0.5187492194088497,-0.00199761128357185,0.004411262331004601,0.8549127427267158,0.2692562252534296,0.1654036523368304,-0.12261039404632663,-0.009817204590945039,0.022425945462600794,0.03652633859019261,1591,876000000,32.73,0,2,2,-14.46071828265628,9.173886018309576,7.006343941731833,-14.46071828265628,9.173886018309576,7.006343941731833,170.0946855545044
-13.631507390535248,2.3598708849992422,5.867767478235117,-12.612723619029305,10.069242603689673,7.128835745154384,-0.5227715757023592,-0.003433665294990926,0.002193678750438016,0.852463065096579,0.29009636846621406,0.15675368465907993,-0.07772864762429385,-0.006701705297018634,0.016862405391293578,0.041872688598232344,1592,111000000,33.09,0,2,2,-14.460373704413456,9.093815930535282,6.973466713303796,-14.460373704413456,9.093815930535282,6.973466713303796,170.47808861732483
-13.616695198629978,2.30683183381018,5.786050063307852,-12.612505603390861,9.995550499327491,7.113361237210785,-0.5269146304778572,-0.0043806561101077295,0.0008172901329492877,0.84990653255359,0.3068933726438282,0.14536677866569828,-0.09549035113299928,-0.0020137591718594194,0.010400888822914567,0.04504768694459926,1592,345000000,33.52,0,2,2,-14.459211466331876,9.0125526557177,6.955112858270521,-14.459211466331876,9.0125526557177,6.955112858270521,170.8847472667694
-13.604663567877996,2.255801405432595,5.702749648162687,-12.615059250608267,9.920267349999781,7.079124322930023,-0.5309536123801802,-0.004831423273400057,0.0008870715288781701,0.847386648439597,0.3182424726955514,0.1344870925019145,-0.20589817894566656,0.007571678497697576,-0.003946188758163771,0.0405077855248237,1592,566000000,34.0,0,2,2,-14.457604637919852,8.938354105681046,6.945430705823024,-14.457604637919852,8.938354105681046,6.945430705823024,171.3128776550293
-13.604663567877996,2.255801405432595,5.702749648162687,-12.618181016218994,9.858284477042368,7.0338507158355394,-0.5336288844659045,-0.004526400339756604,0.002146842577349194,0.8457039177103218,0.3203229175595327,0.1293112201768937,-0.28876796525905263,0.011493055171740707,-0.015452600837306818,0.031604801915818825,1592,793000000,34.5,0,2,2,-14.455582173940414,8.86500488258467,6.917101851764098,-14.455582173940414,8.86500488258467,6.917101851764098,171.67333507537842
-13.595516293231295,2.206735491881907,5.618033988749892,-12.62222295143656,9.77594014224905,6.952344991711826,-0.5350481916118557,-0.0033438903515147144,0.004438452671512126,0.8448032618237706,0.3153578063718226,0.12892209269657035,-0.3827049972295391,0.005442020528789726,-0.018058077512250748,-0.005792213823951897,1592,971000000,34.86,0,2,2,-14.453643215647853,8.805823442783348,6.876416991353508,-14.453643215647853,8.805823442783348,6.876416991353508,172.03200602531433
-13.589350019401854,2.159584193111267,5.532073691133351,-12.624481267175852,9.701051928828466,6.860971185376392,-0.532672621540934,-0.0023521615128642933,0.005800416642228828,0.8462982339363013,0.3082427332183889,0.1350685876345857,-0.4464745221855063,0.003596180476961308,-0.010514864061406115,-0.0399407359509496,1593,201000000,35.07,0,2,2,-14.450718103554447,8.72755146501059,6.801314231929766,-14.450718103554447,8.72755146501059,6.801314231929766,172.39823579788208
-13.586253959936645,2.114292035098086,5.445041867912627,-12.62528260113824,9.639927914971778,6.776994960035919,-0.5288115760561316,-0.002025607333826633,0.0064305677477843656,0.848712472950881,0.30438788227856045,0.14093031799301858,-0.4886680862793398,0.005503551028596121,-0.004410377505337237,-0.057480321993352845,1593,433000000,34.75,0,2,2,-14.447648632858394,8.655501217057754,6.71587867506467,-14.447648632858394,8.655501217057754,6.71587867506467,172.72333192825317
-13.586253959936645,2.114292035098086,5.445041867912627,-12.625235599816529,9.585687608910373,6.6965466420755355,-0.5245390594008534,-0.0019054268721806584,0.006660623452425611,0.8513581975916644,0.2990050803311942,0.1477428972901176,-0.5202391620915378,0.001755585219598288,-0.0009459131661060383,-0.06677040219074115,1593,608000000,34.22,0,2,2,-14.444899892409966,8.59600829496952,6.6370351957036435,-14.444899892409966,8.59600829496952,6.6370351957036435,173.04191279411316
-13.586309634393402,2.0707982031062557,5.357113789597275,-12.624276672023006,9.52493549023915,6.600534918661093,-0.5194900272513892,-0.0018292088585775833,0.006655159674191266,0.8544486376787159,0.2936779983565108,0.153924351599665,-0.5504081853504671,-0.00031203689161429793,2.833452157346983e-05,-0.063545630837325,1593,766000000,33.62,0,2,2,-14.442297119903703,8.54261662158905,6.5614439408896805,-14.442297119903703,8.54261662158905,6.5614439408896805,173.35767817497253
-13.589590624362929,2.029036789378015,5.268466531635312,-12.62280443322707,9.464522885470764,6.499737303783931,-0.5150570903727567,-0.0016590549492109387,0.006515905572969305,0.857129502565388,0.28911098537668223,0.15741120568249972,-0.573946739160583,-0.0015656053165002959,-0.0009375847582759889,-0.053010495321359485,1593,939000000,32.91,0,2,2,-14.439224794468831,8.482077600903294,6.471670925178747,-14.439224794468831,8.482077600903294,6.471670925178747,173.7108051776886
-13.589590624362929,2.029036789378015,5.268466531635312,-12.621143992119679,9.40447905966605,6.395061700366892,-0.5119639570048942,-0.0013602326367387657,0.006326347015544045,0.8589825573482293,0.28574018279151053,0.15923464602329368,-0.5939486446056108,-0.0027849357820741716,-0.0019910051150873187,-0.0310882391204359,1594,120000000,32.27,0,2,2,-14.436025298014767,8.421176419758508,6.377916391043892,-14.436025298014767,8.421176419758508,6.377916391043892,174.00619840621948
-13.59616234903493,1.9889370544701188,5.1792786178068715,-12.619380670975033,9.344786263329748,6.287084659824653,-0.5109272283945148,-0.0009698547391182939,0.006144165904977123,0.8596014634074423,0.28283782759060433,0.1598505662332671,-0.6108535572185678,-0.0033847276426968165,-0.0030506158282150864,-0.0010135061472738016,1594,307000000,31.79,0,2,2,-14.432691862885711,8.360139242831572,6.280887575600016,-14.432691862885711,8.360139242831572,6.280887575600016,174.31334042549133
-13.606081860953598,1.950423701411545,5.089729660701031,-12.617497233816207,9.278821355293523,6.164133428301658,-0.5121054922564989,-0.0004983778501279372,0.005961485622825985,0.8589017272711799,0.28211357025509815,0.15750146896891787,-0.6238471438053235,-0.0038636074350506533,-0.0032855891276994953,0.023925938512547873,1594,495000000,31.58,0,2,2,-14.42923974311166,8.299221951866533,6.181230810996818,-14.42923974311166,8.299221951866533,6.181230810996818,174.64389872550964
-13.606081860953598,1.950423701411545,5.089729660701031,-12.616324636347514,9.232815553648752,6.076708749331341,-0.513898421892685,-0.0001461509023607025,0.005795854587224224,0.8578314512103908,0.281913408398343,0.15570086074175832,-0.630884435149426,-0.004627906037057983,-0.003249185147069511,0.03381001697562169,1594,678000000,31.66,0,2,2,-14.425331577575935,8.231941890422535,6.068158845696267,-14.425331577575935,8.231941890422535,6.068158845696267,174.94662022590637
-13.619397662556434,1.9134171618254512,5.000000000000004,-12.614899555493077,9.17384369191484,5.962996372833765,-0.5166505216772903,0.00030201059970197093,0.005564109763563372,0.8561782454154743,0.28181240461797546,0.1535230484360745,-0.638285846314429,-0.004887339264314505,-0.002952321301563643,0.036036452002008446,1594,819000000,31.85,0,2,2,-14.422589155981886,8.18520742399075,5.987916158139934,-14.422589155981886,8.18520742399075,5.987916158139934,175.29217052459717
-13.63614954403571,1.877833893125572,4.910270339298972,-12.613579714650237,9.11509067120939,5.848391479922795,-0.5189625572295913,0.0007114863091959743,0.005363115852100976,0.8547798517567617,0.28142645886021017,0.15117855315602105,-0.6411740509605968,-0.004170210740994662,-0.0027820103696285514,0.02567319206718821,1595,1000000,32.15,0,2,2,-14.419119712071165,8.125613658546426,5.883764214995893,-14.419119712071165,8.125613658546426,5.883764214995893,175.62003254890442
-13.63614954403571,1.877833893125572,4.910270339298972,-12.612414001208853,9.056548332865018,5.733343946961487,-0.5203642500122868,0.001094249045243682,0.0051503065253292925,0.8539281727820393,0.28126940812871537,0.14933913842845165,-0.6433851451193167,-0.004153632289671805,-0.0022527045985043515,0.012950112250109669,1595,178000000,32.41,0,2,2,-14.41569956584798,8.066754808093501,5.778974449003394,-14.41569956584798,8.066754808093501,5.778974449003394,175.9225423336029
-13.656368443005908,1.8435866858678756,4.820721382193137,-12.61151412177982,8.998188049739516,5.617996200855012,-0.5206786205633731,0.0013802461718759047,0.005033483451358313,0.8537368054928127,0.2810549464530634,0.14724523202151496,-0.6445720963271169,-0.0025667011414043372,-0.001904861164803151,-0.0019981253672085586,1595,364000000,32.57,0,2,2,-14.41230240242371,8.00872867433512,5.673824972628491,-14.41230240242371,8.00872867433512,5.673824972628491,176.1970534324646
-13.680076326403402,1.8105849803110527,4.73153346836469,-12.610949057920521,8.940103501100875,5.502671925942875,-0.5199956873509346,0.0016309019472872614,0.005000028220121429,0.8541526942023101,0.2796604203587411,0.14534510141747883,-0.6432116570725814,-0.0016761057509029342,-0.0022598896975978278,-0.01381112042508903,1595,542000000,32.59,0,2,2,-14.408906920770084,7.951571019279155,5.568628903746153,-14.408906920770084,7.951571019279155,5.568628903746153,176.47968697547913
-13.680076326403402,1.8105849803110527,4.73153346836469,-12.61069188068159,8.888854199496901,5.400424685641528,-0.5186772169940546,0.0018509115218531627,0.005029020005498008,0.8549533482334721,0.27714699916787877,0.1439744544942061,-0.6415649637130487,-0.0010116726571141044,-0.0025184326887028874,-0.023249264268088154,1595,719000000,32.49,0,2,2,-14.405521568302582,7.895216309786424,5.463455443307688,-14.405521568302582,7.895216309786424,5.463455443307688,176.81553959846497
-13.707286094986122,1.7787351912154206,4.642886210402724,-12.610612967834928,8.831712233773738,5.293963869055432,-0.5167201902347079,0.00211159591607822,0.004870490213997594,0.8561378770335825,0.27505791890884884,0.14388216607682355,-0.5399540625372397,-0.005976012062092195,0.0006667772709079145,-0.026622691802913323,1595,893000000,32.31,0,2,2,-14.402531336999306,7.845702585318417,5.369961662675152,-14.402531336999306,7.845702585318417,5.369961662675152,177.14733839035034
-13.707286094986122,1.7787351912154206,4.642886210402724,-12.610559432729335,8.781476143739388,5.216468171026946,-0.5149399123067039,0.002236392437645219,0.004144471146934215,0.8572133390360542,0.2714573767393563,0.1450848033994153,-0.44262151650926873,-0.01070141570380656,0.006101716553530423,-0.025192039174726233,1596,63000000,32.04,0,2,2,-14.399150604057018,7.7906603561064225,5.273338888196116,-14.399150604057018,7.7906603561064225,5.273338888196116,177.47683238983154
-13.738001510741421,1.7479410398882975,4.554958132087372,-12.610254968883577,8.725816676635281,5.146720425602367,-0.513089025066778,0.0021009979687579205,0.0026860532030683433,0.8583286219634928,0.26678988806174087,0.14651790932119696,-0.3448304592388597,-0.01498538094892865,0.012810466159862699,-0.022904844445292838,1596,219000000,31.8,0,2,2,-14.396154077168438,7.74227941762436,5.20469338686188,-14.396154077168438,7.74227941762436,5.20469338686188,177.82499361038208
-13.77221714744992,1.71810389246541,4.467926308866647,-12.60874076749292,8.659703877111482,5.0833706754764645,-0.5113958334963016,0.0012712306778820104,0.0010769558873842517,0.8593436597899604,0.25296522013388056,0.15003252971550113,-0.24164977388342476,-0.00472772217108286,0.015305514170904644,-0.014036457741894992,1596,412000000,31.55,0,2,2,-14.392891062911369,7.68845791162768,5.14519543597381,-14.392891062911369,7.68845791162768,5.14519543597381,178.17148876190186
-13.77221714744992,1.71810389246541,4.467926308866647,-12.605647251017393,8.602091235440385,5.043556441724869,-0.5105282375523668,7.110163186884967e-05,-3.176405462381306e-05,0.8598609844604399,0.2386009707433152,0.15210325870404248,-0.16322646011512898,-0.0034598153206388815,0.016940840214374475,-0.0076819260357297026,1596,627000000,31.32,0,2,2,-14.389449449292261,7.623386011358143,5.0945545932942675,-14.389449449292261,7.623386011358143,5.0945545932942675,178.47511458396912
-13.809918364591843,1.6891231034023886,4.3819660112501095,-12.601427690592814,8.552501288138698,5.019821788530717,-0.5100595075989548,-0.0012871877080715473,-0.0006108436231134148,0.8601379358717903,0.22400804488947923,0.15298048944410678,-0.10439382522398663,0.0009241233897228085,0.016196279830182903,-0.005088151647214545,1596,821000000,31.2,0,2,2,-14.387236247266761,7.5649352796084885,5.066223113162295,-14.387236247266761,7.5649352796084885,5.066223113162295,178.78566193580627
-13.851081304720704,1.6608963631376414,4.297250351837316,-12.596639319489478,8.510380784624966,5.006153331518517,-0.5098650516417915,-0.0025673485434217244,-0.0005790149425850297,0.8602503720298331,0.21095565603621863,0.15199804392325966,-0.08798943486124536,0.009290191155741923,0.01160673027698067,-0.0011391178077246877,1597,5000000,31.14,0,2,2,-14.38608672884356,7.513149920042737,5.052606910860778,-14.38608672884356,7.513149920042737,5.052606910860778,179.1149263381958
-13.851081304720704,1.6608963631376414,4.297250351837316,-12.590547938333408,8.465149376805654,4.983297286248024,-0.5099450199868416,-0.0038064113591831142,0.0003407969164463116,0.8601985071369551,0.20004955992772194,0.1475590675662342,-0.15973888323424332,0.018714462021307554,0.0018679615436667518,0.002969923730233859,1597,173000000,31.11,0,2,2,-14.385705393035373,7.4680108163251395,5.047518380279851,-14.385705393035373,7.4680108163251395,5.047518380279851,179.43953394889832
-13.895672914366806,1.6333200488784598,4.213949936692157,-12.585167223131606,8.426580447158097,4.952437680969675,-0.510383412643316,-0.004511300013234502,0.002050327046959839,0.859932681336018,0.19385403984350527,0.1403259794350876,-0.22101182548934345,0.024131672762450762,-0.007499211642425507,0.009393890195497079,1597,342000000,31.13,0,2,2,-14.385945517044957,7.4184031217962705,5.033599673867897,-14.385945517044957,7.4184031217962705,5.033599673867897,179.76378655433655
-13.943650988470747,1.6062895774554231,4.132232521764885,-12.578747513918135,8.375432618715019,4.89506519948701,-0.5117511297952231,-0.0047437863477153164,0.0049975542703691225,0.8591061064244128,0.19056506327309702,0.12738614679351334,-0.29639850381525107,0.02073958621622296,-0.014384698533831397,0.01850525241025025,1597,514000000,31.18,0,2,2,-14.386719002162387,7.3755241413994375,5.009806218042903,-14.386719002162387,7.3755241413994375,5.009806218042903,180.11774039268494
-13.943650988470747,1.6062895774554231,4.132232521764885,-12.575037959192342,8.32486815110203,4.82277150572466,-0.513762490904588,-0.004454369937878085,0.007328661061472328,0.8578895921125372,0.19911217504469805,0.11109949751427686,-0.35928684222561424,0.012341199271759251,-0.01225511377924704,0.023063011758495122,1597,729000000,31.34,0,2,2,-14.388526519917452,7.3185539553377765,4.960662732085514,-14.388526519917452,7.3185539553377765,4.960662732085514,180.45308470726013
-13.994964238284453,1.5796997591868318,4.052262675054007,-12.574841900081132,8.282784092353163,4.754284665947504,-0.5156481513030011,-0.004118458098575124,0.008486497855822431,0.8567485055223794,0.21091304260938576,0.09804872500176678,-0.4025565259610131,0.008010265719349263,-0.009102715011977125,0.025166740124404896,1597,939000000,31.58,0,2,2,-14.39110650193305,7.263256663915676,4.895354875793852,-14.39110650193305,7.263256663915676,4.895354875793852,180.75923681259155
-14.049552382614877,1.5534451516941854,3.974201445188189,-12.577357937509621,8.24416720554612,4.687703779039115,-0.5172754102744332,-0.0037864244122845303,0.00886130947890404,0.8557647399314285,0.22778765650928096,0.0845472004019362,-0.43168116202946133,0.00011172341061183033,-0.004589144327837857,0.022525608619616833,1598,133000000,31.81,0,2,2,-14.39365689322807,7.218712958069076,4.832454432441363,-14.39365689322807,7.218712958069076,4.832454432441363,181.0481402873993
-14.049552382614877,1.5534451516941854,3.974201445188189,-12.582719745821915,8.203997966165275,4.622582577580578,-0.5186762482371344,-0.0035463049375018254,0.008764297076727622,0.8549184524460164,0.24494716131884262,0.07438133645378693,-0.3727869336246755,-0.0051431270549073815,0.0009655966550781159,0.018318065122002736,1598,288000000,32.01,0,2,2,-14.396202082190454,7.179289283195992,4.770757548233757,-14.396202082190454,7.179289283195992,4.770757548233757,181.36622953414917
-14.107346262223295,1.527420412612428,3.898206037095793,-12.59183099378911,8.156959932336648,4.564048209479433,-0.5198027252650737,-0.003564538398980288,0.007753616551625506,0.854243701939543,0.26241657585905875,0.06566394786739561,-0.2877295076026716,-0.011748645465559093,0.010206120350630954,0.01133726145781111,1598,451000000,32.19,0,2,2,-14.398959812794727,7.139848065142797,4.710104451143481,-14.398959812794727,7.139848065142797,4.710104451143481,181.7018337249756
-14.107346262223295,1.527420412612428,3.898206037095793,-12.60482622728444,8.102922991819435,4.515924761453882,-0.5203529641175202,-0.004055196132054852,0.005687813717876647,0.8539227113114816,0.27507861190091465,0.0602879912838233,-0.20201986108776224,-0.015077424995979527,0.018050674589176197,0.0025015279788931366,1598,622000000,32.33,0,2,2,-14.402164105115455,7.095415846956865,4.656160522926911,-14.402164105115455,7.095415846956865,4.656160522926911,182.0526897907257
-14.168267977131398,1.501520650144207,3.824429495415055,-12.620137229055638,8.042970462495456,4.480539474427382,-0.5200325820744902,-0.004972999489886427,0.0035014736611151034,0.8541247698897467,0.27216899789082427,0.06248948409374868,-0.12548651793993545,-0.006999043171163066,0.01608121401659446,-0.009016070998768555,1598,820000000,32.41,0,2,2,-14.405883167122893,7.0460223996478,4.612660750470708,-14.405883167122893,7.0460223996478,4.612660750470708,182.399827003479
-14.232231046524186,1.4756417704159197,3.7530203962825315,-12.63485855560552,7.979583278347503,4.458853904985783,-0.5182352538297837,-0.005998340372729506,0.0022945850452236643,0.8552139945535401,0.2533913908675868,0.07004223523529553,-0.05898356494953131,0.002058246263914043,0.009281280381401302,-0.026732119840744417,1599,43000000,32.39,0,2,2,-14.410377231015747,6.9919063882883705,4.581999781523404,-14.410377231015747,6.9919063882883705,4.581999781523404,182.777117729187
-14.232231046524186,1.4756417704159197,3.7530203962825315,-12.644214790394434,7.929892630001848,4.451447534004699,-0.5151798742043765,-0.0066593309504809906,0.002152190876323968,0.8570535097649892,0.23205586416131463,0.07725280856122319,-0.0157436669202821,0.00240414184418114,0.00519903187523596,-0.041515945849823765,1599,288000000,32.18,0,2,2,-14.415956538286386,6.933705585823239,4.565290119678256,-14.415956538286386,6.933705585823239,4.565290119678256,183.18977808952332
-14.29914059087924,1.449680820605077,3.684122548120576,-12.650844020545648,7.883682733096576,4.451554739542575,-0.5106748716249985,-0.007174005969667804,0.002779049492738249,0.8597394872942936,0.20820690604572806,0.08270626370254457,0.01672975768355467,0.007201337393780705,-0.0003505951440274657,-0.05923493372392841,1599,494000000,31.79,0,2,2,-14.421363288191797,6.886131075776878,4.561708798564621,-14.421363288191797,6.886131075776878,4.561708798564621,183.53960490226746
-14.368893535892646,1.423536326822833,3.6178747020262687,-12.654604521405643,7.845407598601688,4.456642375033124,-0.5059678194465639,-0.00742090092294719,0.0038994541908852123,0.8625116174121911,0.18564255851836653,0.08646837658365406,0.03942148636752355,0.011249705312366132,-0.005291597426548833,-0.061569637909997255,1599,683000000,31.19,0,2,2,-14.427568176840744,6.83970996564077,4.565134114595095,-14.427568176840744,6.83970996564077,4.565134114595095,183.89352798461914
-14.44137883771317,1.3971086257532077,3.554410272345218,-12.656749791612418,7.8064688904345445,4.466392687810422,-0.501531946138398,-0.007354253520711724,0.005231105635871779,0.8650920514555722,0.1647582808483899,0.08774969387616555,0.056727488548677096,0.009943763507180847,-0.007626620708833798,-0.043703786650439724,1599,876000000,30.55,0,2,2,-14.43382990152051,6.799222570152969,4.572412628014886,-14.43382990152051,6.799222570152969,4.572412628014886,184.22493243217468
-14.44137883771317,1.3971086257532077,3.554410272345218,-12.657757300829099,7.770604785931358,4.478920574178262,-0.49916929722925063,-0.007096873208047306,0.006476550973726095,0.8664512111953041,0.15139436344802407,0.0848407849359457,0.06685500446742965,0.008570701356802601,-0.008283068837044993,-0.01659172758081695,1600,75000000,29.94,0,2,2,-14.441515875567354,6.75578459052962,4.583670454483087,-14.441515875567354,6.75578459052962,4.583670454483087,184.52445197105408
-14.516477728939526,1.370300189070615,3.493857067992777,-12.6587012715106,7.736882441113684,4.492998006483921,-0.4988495469507199,-0.006767690846447599,0.007564881635523716,0.8666291596949116,0.14524897221194005,0.07915217064377364,0.07183581383248074,0.006866909188829595,-0.008048598010645946,0.004954171299687005,1600,261000000,29.58,0,2,2,-14.450061257605395,6.713881582007454,4.596926308409467,-14.450061257605395,6.713881582007454,4.596926308409467,184.84676909446716
-14.594063984779455,1.3430159396806216,3.436337035063941,-12.66019518089851,7.710730050827638,4.504889198677596,-0.4996604429454665,-0.0064529546576189015,0.008299388975830763,0.8661575614600121,0.14633628515006675,0.07225851111972567,0.07458937595718682,0.005606444256045506,-0.007956500121508725,0.016017284542613197,1600,466000000,29.48,0,2,2,-14.459556654283459,6.673333331874681,4.6111562483882,-14.459556654283459,6.673333331874681,4.6111562483882,185.19360780715942
-14.594063984779455,1.3430159396806216,3.436337035063941,-12.663389284812679,7.6815002565999455,4.5186078635459905,-0.5011164402155956,-0.006065889934412859,0.008987346161005442,0.865311935624336,0.15302259193429055,0.06254511384010475,0.07518823527530746,0.003964809047829476,-0.007516017149100662,0.02015016470977571,1600,637000000,29.47,0,2,2,-14.468841211708312,6.637900260787535,4.624368566208348,-14.468841211708312,6.637900260787535,4.624368566208348,185.51700258255005
-14.674004208715575,1.3151635588544948,3.3819660112501038,-12.669138624661931,7.651682468042357,4.532120941441606,-0.5026465192932168,-0.0056442502076021125,0.009502576320207762,0.8644213787993018,0.16598117785272265,0.05018968838706944,0.07263514917582467,0.002242722121081897,-0.006743457561242394,0.018814383292919956,1600,806000000,29.69,0,2,2,-14.477682709708306,6.6071542645826975,4.636009748344293,-14.477682709708306,6.6071542645826975,4.636009748344293,185.87126398086548
-14.756158136970098,1.2866537833567335,3.330853492557395,-12.680309661529519,7.613769167411839,4.54783840603986,-0.5042545346617366,-0.005180010344804137,0.010010018331132929,0.8634815176359671,0.18276449692039906,0.03561297190532066,0.06808945908673532,0.0019691266970767174,-0.005502028943737969,0.014752505921933334,1600,986000000,29.85,0,2,2,-14.488152575003912,6.573321005588903,4.648685227630215,-14.488152575003912,6.573321005588903,4.648685227630215,186.23180603981018
-14.756158136970098,1.2866537833567335,3.330853492557395,-12.69697521668164,7.570758210981224,4.563432755764084,-0.50543619183294,-0.00483999785001018,0.010490109214911014,0.8627866410734966,0.19678393889508453,0.022898541513118334,0.05990112975527094,0.0017499013438282418,-0.00374690951048251,0.008200654610845959,1601,205000000,30.02,0,2,2,-14.501740478147179,6.532824184169406,4.662874634588758,-14.501740478147179,6.532824184169406,4.662874634588758,186.61331033706665
-14.840378961010297,1.2574006916957472,3.283102412796267,-12.715520885524702,7.530195271491991,4.575753875072685,-0.5059266520079669,-0.004655557392850823,0.010822332086780347,0.8624960438758978,0.20623774090965719,0.013757168339714559,0.050792339057450744,0.0021683938257410773,-0.0024269325422210386,0.002579419560788665,1601,447000000,30.14,0,2,2,-14.517449188967758,6.489469426074908,4.676209392472781,-14.517449188967758,6.489469426074908,4.676209392472781,187.0005829334259
-14.926513667287587,1.2273219786613712,3.2388089362865244,-12.735844196328447,7.4892946916062995,4.586081858866103,-0.5058554063514604,-0.0046213899386649375,0.01113331868283536,0.8625340572030418,0.2081144857504488,0.009230260960527838,0.04164547663270832,0.0022683560018776916,-0.0011059294024562405,-0.003561353673831036,1601,667000000,30.18,0,2,2,-14.532627666287063,6.450276706866292,4.686213855831523,-14.532627666287063,6.450276706866292,4.686213855831523,187.3892023563385
-15.014403393356975,1.1963392173488867,3.1980622641951637,-12.754757910107491,7.452500893149575,4.5935607400228236,-0.5052505155312956,-0.0046841490808036705,0.011345796384682125,0.8628854200918834,0.20573075475553754,0.007524125469717612,0.03205945096334887,0.002045145902229706,-0.0001417764920574882,-0.009237496851710603,1601,890000000,30.15,0,2,2,-14.548581286186613,6.411452879493623,4.693951359803381,-14.548581286186613,6.411452879493623,4.693951359803381,187.75428128242493
-15.014403393356975,1.1963392173488867,3.1980622641951637,-12.777141743317971,7.409418621108397,4.599819207230196,-0.5039031435525114,-0.004858321975146785,0.011530880052760532,0.8636695302201483,0.19940534135665694,0.007194405297678695,0.018914196721615786,0.001638005187487579,0.0011121233910671435,-0.015971572429407388,1602,78000000,30.06,0,2,2,-14.563809269940956,6.376393484190805,4.698989100022806,-14.563809269940956,6.376393484190805,4.698989100022806,188.20412039756775
-15.103883799479043,1.1643781079072553,3.1609444548970993,-12.799137111671383,7.367589734160217,4.602912715315636,-0.50201490773663,-0.005051763901490638,0.011622105268446087,0.8647661179537478,0.194020952741671,0.00661944200085907,0.006202550886836399,0.0016298059790642583,0.0013675422110281943,-0.01903968059195904,1602,330000000,29.86,0,2,2,-14.583112012303253,6.3345150899873675,4.702544864913651,-14.583112012303253,6.3345150899873675,4.702544864913651,188.57203221321106
-15.194785454764899,1.131368712289839,3.1275302587205274,-12.818596549325216,7.330518245079174,4.603260014336551,-0.5002386005060779,-0.005254454299843794,0.011689803439864577,0.8657927475841252,0.18703474723984362,0.007469828414842776,-0.0038565752518683154,0.000985913226259072,0.0016660316305205924,-0.018078138236887753,1602,562000000,29.59,0,2,2,-14.603782883444676,6.2927298588949165,4.703411119773098,-14.603782883444676,6.2927298588949165,4.703411119773098,188.93433785438538
-15.286934236885259,1.0972456743280026,3.097886967409693,-12.83580126513667,7.297801719440156,4.601696485801791,-0.49875140285385267,-0.005439641078359975,0.011669027235681148,0.8666494575430284,0.18264653634711572,0.007068580849044848,-0.012426115142187904,0.0006487593054771423,0.0019513548750182963,-0.016540593969693873,1602,792000000,29.34,0,2,2,-14.62405264593212,6.254420606231903,4.701954314420191,-14.62405264593212,6.254420606231903,4.701954314420191,189.32458519935608
-15.380151744327637,1.0619484244926003,3.0720742786082944,-12.856404576910517,7.2594400867620905,4.59763553184554,-0.4972094900018491,-0.005652886466223372,0.011521134642045083,0.867535608135632,0.18105169233905594,0.0044541247222706784,-0.021812730976699623,-0.0011735030284398817,0.002538169860599737,-0.013482382018992212,1602,989000000,29.12,0,2,2,-14.643592219753572,6.219577755839889,4.698992904794511,-14.643592219753572,6.219577755839889,4.698992904794511,189.73577165603638
-15.380151744327637,1.0619484244926003,3.0720742786082944,-12.874435536965322,7.227650679995513,4.592603461786075,-0.49611448072811337,-0.005796696788050193,0.011289468647040305,0.8681643670503237,0.18418846865686384,7.568321509149727e-05,-0.028664381873710426,-0.0015472471659450093,0.002501796802789613,-0.011939514843106735,1603,217000000,28.9,0,2,2,-14.668373025405865,6.177781978273934,4.693768808107177,-14.668373025405865,6.177781978273934,4.693768808107177,190.13708209991455
-15.474255720151977,1.0254213687541995,3.050144175636353,-12.895694695609068,7.192519024404255,4.5855231637813025,-0.49507142476390364,-0.005931460796626566,0.010984934579743595,0.8687625874583547,0.18871240570031905,-0.0052136834069243165,-0.03532776276083257,-0.001901850566810026,0.0025683125386422034,-0.010031977672042558,1603,431000000,28.74,0,2,2,-14.690109819479906,6.14301124020236,4.688292625834694,-14.690109819479906,6.14301124020236,4.688292625834694,190.4849977493286
-15.569060486163298,0.9876140610008809,3.0321408228027416,-12.918394486813922,7.157167777395525,4.577173029214117,-0.4942400817178103,-0.006075311850312676,0.010656344767091005,0.8692389053221778,0.19307841406649456,-0.00993195650363089,-0.03996477585969939,-0.002470956997058238,0.0027291484457236947,-0.00814566819826723,1603,649000000,28.59,0,2,2,-14.715208340962306,6.104829594829199,4.681289878026882,-14.715208340962306,6.104829594829199,4.681289878026882,190.83691930770874
-15.664377386391834,0.9484813585216545,3.018100476464131,-12.940607839185377,7.124592560047424,4.568754056919869,-0.49347753899072255,-0.006169401269205274,0.010296154351045642,0.8696757132432863,0.19996249804824653,-0.015615863038873334,-0.0432674532405941,-0.0025344423647766234,0.002553499643909163,-0.00920144748306484,1603,876000000,28.47,0,2,2,-14.741552362367122,6.066767283778885,4.673471880214327,-14.741552362367122,6.066767283778885,4.673471880214327,191.23169422149658
-15.664377386391834,0.9484813585216545,3.018100476464131,-12.96722968426024,7.0881757602994,4.543534714983697,-0.49245642667708345,-0.006084386523912075,0.009929420374331777,0.8702591882169906,0.2080841943733914,-0.026648014095130283,-0.18103300972635916,-0.004065858638568898,-0.0014180147218212369,-0.011935040765820304,1604,72000000,28.37,0,2,2,-14.766530694546843,6.032309475603449,4.665803003904888,-14.766530694546843,6.032309475603449,4.665803003904888,191.6380226612091
-15.76001523874531,0.9079835601142272,3.0080514120095225,-12.993502709854129,7.054603629494721,4.495012624592853,-0.4913076977757519,-0.005414612640908933,0.009736711315172408,0.8709148204784461,0.21465096838070422,-0.03540791743070051,-0.294455902646987,-0.005772194072051207,-0.007886942967161303,-0.014249093874241225,1604,291000000,28.24,0,2,2,-14.795371451340694,5.994550112133012,4.6416324675632215,-14.795371451340694,5.994550112133012,4.6416324675632215,192.00641322135925
-15.85578079367589,0.8660865264278437,3.0020138669173706,-13.021419192121224,7.020702797890914,4.425493975923035,-0.4899621063330725,-0.004119730028124876,0.00969759777120961,0.8716800552838306,0.21875702390367802,-0.04192409766499437,-0.3923326192666749,-0.008863362108968431,-0.013198024316807278,-0.016468658941448666,1604,487000000,28.09,0,2,2,-14.82287168119441,5.9603607014505195,4.594258098344928,-14.82287168119441,5.9603607014505195,4.594258098344928,192.32984924316406
-15.951479198684485,0.8227617822048631,3.0,-13.053790622563316,6.9827419090915805,4.329621008610148,-0.4884111539328547,-0.0023651607023403125,0.0086690842842979,0.8725673599823115,0.22587327404045365,-0.04546743130219055,-0.4724268778599077,-0.02075623724522302,-0.006077420539440936,-0.01638943922444014,1604,686000000,27.91,0,2,2,-14.851568326779121,5.92618497773549,4.526524502085349,-14.851568326779121,5.92618497773549,4.526524502085349,192.6755177974701
-15.951479198684485,0.8227617822048631,3.0,-13.081527030567093,6.950814891229095,4.239826389282818,-0.48709855762125365,-0.0012148517908308052,0.007069286437446889,0.8733175507727333,0.2326999565504111,-0.046307906368015614,-0.5223176596039409,-0.020827288426517043,-0.0007851370696698723,-0.01705880458757747,1604,907000000,27.7,0,2,2,-14.884476122858326,5.888202527235018,4.433809166557146,-14.884476122858326,5.888202527235018,4.433809166557146,192.9741189479828
-16.04691446746932,0.7779866001387802,3.0020138669173706,-13.10382479469074,6.9254008996221605,4.164461158929662,-0.4859909277729662,-0.000464082357793362,0.0054745723878422145,0.8739465840697056,0.23826211872772557,-0.045913719766554215,-0.5524151633999712,-0.025400174126843922,0.0036170292787574,-0.019038265600102022,1605,92000000,27.55,0,2,2,-14.91230561357178,5.856665698671848,4.347319242853999,-14.91230561357178,5.856665698671848,4.347319242853999,193.2487678527832
-16.141889952512262,0.7317440661210041,3.008051412009522,-13.130070033693912,6.895667988106951,4.082088524619299,-0.4845602825136617,0.00011461136267149866,0.0034465680454879646,0.8747510735307638,0.24644032763738682,-0.04444961673895556,-0.47892975614545,-0.025635352358222008,0.009300411511503626,-0.02208683708886383,1605,236000000,27.36,0,2,2,-14.937622554443193,5.828262501662184,4.264610750672389,-14.937622554443193,5.828262501662184,4.264610750672389,193.52367496490479
-16.141889952512262,0.7317440661210041,3.008051412009522,-13.157315674806291,6.865110884627607,4.0119500536585395,-0.4828954388204373,0.00016977366560549706,0.00124910621323835,0.8756771129114814,0.255273707161867,-0.04446849462855456,-0.403981069690439,-0.022884435020387173,0.01557881296321284,-0.025167535022774246,1605,378000000,27.27,0,2,2,-14.960127933108659,5.8031781207979245,4.196850743965377,-14.960127933108659,5.8031781207979245,4.196850743965377,193.8237693309784
-16.236208819886585,0.684023125704271,3.0181004764641304,-13.185642862210111,6.833852515344125,3.9534078346685493,-0.48104782399976787,-0.00023412083812176962,-0.0010114223236339511,0.8766937397046956,0.2635481067999029,-0.0456650414785813,-0.3331108861877728,-0.020918150767101906,0.019935399359383155,-0.02724898931774078,1605,538000000,27.1,0,2,2,-14.986289468257265,5.774310627692454,4.131080783144856,-14.986289468257265,5.774310627692454,4.131080783144856,194.1470296382904
-16.236208819886585,0.684023125704271,3.0181004764641304,-13.222193207925942,6.7942569112412565,3.895060830242931,-0.47872982094058236,-0.0012260193995062892,-0.003319282270845425,0.8779551456559933,0.2678131918805104,-0.04658484338192093,-0.2546757742005348,-0.011517255188664421,0.01929226145875873,-0.025443850063311402,1605,707000000,26.93,0,2,2,-15.012900642646933,5.745329779040651,4.077003061751152,-15.012900642646933,5.745329779040651,4.077003061751152,194.48190259933472
-16.32967452506349,0.6348186116661373,3.032140822802741,-13.259172169198362,6.754898664567622,3.8510755063170357,-0.4766805290687842,-0.002489647690220596,-0.004638718848503344,0.8790608381383663,0.2665482696685678,-0.04758720500060012,-0.1868984964290318,-0.0032686759368516505,0.016502152175235096,-0.021984579871059395,1605,909000000,26.72,0,2,2,-15.04692920970551,5.709057283938103,4.0243223146833875,-15.04692920970551,5.709057283938103,4.0243223146833875,194.78159713745117
-16.42209128849096,0.5841312526123713,3.0501441756363525,-13.295894649275995,6.716466313515761,3.8194427499271493,-0.4749406965269726,-0.003839681989418837,-0.005075030942469495,0.879994792987792,0.25947039512986947,-0.04776579595517309,-0.1289260928621398,0.006934776502021123,0.012225855880387826,-0.018515890224080067,1606,98000000,26.55,0,2,2,-15.081965376375509,5.672880313751476,3.9861093830259873,-15.081965376375509,5.672880313751476,3.9861093830259873,195.12974858283997
-16.42209128849096,0.5841312526123713,3.0501441756363525,-13.328243706415895,6.68320283633314,3.8000491358608124,-0.4734617172604966,-0.00506197304134741,-0.00460129384173565,0.8807878330294149,0.2502840649635537,-0.04804594701095131,-0.08407726876567455,0.011019969770131866,0.008095388784568058,-0.018624670155986678,1606,303000000,26.43,0,2,2,-15.118024303767355,5.636981847279594,3.9602606646896814,-15.118024303767355,5.636981847279594,3.9602606646896814,195.47953343391418
-16.513264569718935,0.5319676626161872,3.072074278608294,-13.359918205871919,6.651357072524038,3.788091707888595,-0.47184010811918087,-0.006125261839230787,-0.003613232448433481,0.8816554531611279,0.2416146861432351,-0.04908770861929086,-0.04522065883741754,0.015217124564514961,0.0034775541735143634,-0.02162253367714584,1606,482000000,26.33,0,2,2,-15.151279466451342,5.605093732643332,3.9459674112046037,-15.151279466451342,5.605093732643332,3.9459674112046037,195.8457911014557
-16.603001538847433,0.47834031194557486,3.0978869674096927,-13.394397798739758,6.617710609438863,3.7822007029403517,-0.4697760969271799,-0.006956129387448032,-0.0021189368683131866,0.8827556519934369,0.23136588365397293,-0.0500173202884646,-0.00955234497021842,0.016348915596609004,-0.0014232935996005835,-0.024358661357837263,1606,672000000,26.19,0,2,2,-15.185229301240817,5.573772131484348,3.938777630891079,-15.185229301240817,5.573772131484348,3.938777630891079,196.20227527618408
-16.603001538847433,0.47834031194557486,3.0978869674096927,-13.434941644186472,6.579675581228464,3.7835831243769578,-0.46705044797188355,-0.007436618470413199,-0.00015964623590202474,0.8841993837749873,0.22121012465803483,-0.05168732421045671,0.02519847711041349,0.015595791228406597,-0.005707510445063235,-0.026558697572909296,1606,870000000,26.0,0,2,2,-15.22358482905947,5.539845503647592,3.9375893696922044,-15.22358482905947,5.539845503647592,3.9375893696922044,196.58297562599182
-16.69111154408141,0.42326747898706985,3.127530258720526,-13.468337923185752,6.549712611834097,3.7905576403599275,-0.46463089296041504,-0.007536178375943635,0.001456786356872844,0.8854711836620115,0.21454845577431908,-0.0533738280594962,0.049156967245379615,0.013750102516496554,-0.006646752308370196,-0.027727406450139824,1607,107000000,25.72,0,2,2,-15.270367594783188,5.50054572368649,3.9435998096659506,-15.270367594783188,5.50054572368649,3.9435998096659506,196.90337991714478
-16.777406574185214,0.36677318353002347,3.1609444548970984,-13.495081856736213,6.526685193858812,3.799276389601067,-0.462629305182277,-0.00749906056342689,0.0027070262974800865,0.8865159683197219,0.21155411375915442,-0.05579162216289717,0.06463175245043139,0.01282677958442946,-0.007742107754893368,-0.028499627842393238,1607,303000000,25.46,0,2,2,-15.309875866777114,5.468982633346502,3.9534556771099236,-15.309875866777114,5.468982633346502,3.9534556771099236,197.23812222480774
-16.777406574185214,0.36677318353002347,3.1609444548970984,-13.525431370176385,6.501618276125265,3.811817067572432,-0.4603391260843338,-0.0073474340400331,0.004057975119673866,0.8877034623379966,0.20892895686760787,-0.058455670093795965,0.07915703576991824,0.011805637950601522,-0.008537404391972814,-0.028739078334183432,1607,471000000,25.23,0,2,2,-15.341812391731398,5.444465880689033,3.9638968288761696,-15.341812391731398,5.444465880689033,3.9638968288761696,197.56991624832153
-16.861701714642972,0.308887101630705,3.1980622641951597,-13.55636829290692,6.477205269194304,3.8268198576670884,-0.4579895033612952,-0.00706011219996378,0.005297755530201098,0.888913777265793,0.21002139666811273,-0.062424756072413566,0.09199248891614767,0.009960465831682086,-0.008995597727334825,-0.02995694685523631,1607,646000000,24.97,0,2,2,-15.378013200418884,5.417660529829653,3.977837071387148,-15.378013200418884,5.417660529829653,3.977837071387148,197.90926694869995
-16.943815596347115,0.24964446233012608,3.2388089362865236,-13.588161893370069,6.4532212014228945,3.8439813402182206,-0.4555776716677977,-0.006755004047141675,0.0064734776375608765,0.8901468693902974,0.21099783311641035,-0.06587168986548628,0.10293696743811018,0.009556836357660359,-0.008279692701762542,-0.030253636941779405,1607,822000000,24.69,0,2,2,-15.414501076367728,5.391591248386047,3.9937500800542503,-15.414501076367728,5.391591248386047,3.9937500800542503,198.2340784072876
-16.943815596347115,0.24964446233012608,3.2388089362865236,-13.621037161361603,6.429456742640531,3.8630676349513515,-0.45305472216095316,-0.006442436726117971,0.007493023048392755,0.8914279378291257,0.21594006273212035,-0.07053272070657088,0.11326843727030197,0.007932231892482378,-0.00745870479477162,-0.03245137122576125,1607,999000000,24.4,0,2,2,-15.451252733325063,5.366180632371258,4.011373347603201,-15.451252733325063,5.366180632371258,4.011373347603201,198.5411593914032
-17.023570835656578,0.18908592655329434,3.283102412796265,-13.663083142832946,6.400367166619464,3.888879443733051,-0.44975285859399194,-0.0061164392879625275,0.008610949559784198,0.8930905927758103,0.22216856550604303,-0.07557025999633422,0.12523233012151264,0.007574352821393404,-0.006192203909449745,-0.03453886529314332,1608,194000000,24.09,0,2,2,-15.488281764145803,5.341343252107424,4.030512825461843,-15.488281764145803,5.341343252107424,4.030512825461843,198.895245552063
-17.100794464688903,0.12725744857032972,3.330853492557394,-13.698795131490437,6.3765851123490105,3.911787625051197,-0.4469283802116055,-0.005942833308152963,0.009448513893875654,0.8945001013297311,0.22597033470537586,-0.07871281216664726,0.13329744748967634,0.007083337732183281,-0.004849847027799115,-0.035547187508200295,1608,416000000,23.69,0,2,2,-15.53395342916752,5.311632309375014,4.055732050333522,-15.53395342916752,5.311632309375014,4.055732050333522,199.22480368614197
-17.100794464688903,0.12725744857032972,3.330853492557394,-13.735570899631005,6.352908368530265,3.9297062719066833,-0.4440034593365331,-0.005744782514082706,0.010134901728013816,0.8959493341355977,0.22973153659958792,-0.08438277006428778,0.05312938354654101,0.003835068173430045,-0.005988166594761424,-0.03702708418131806,1608,591000000,23.34,0,2,2,-15.571633127331165,5.287801193746053,4.077639464260615,-15.571633127331165,5.287801193746053,4.077639464260615,199.55584955215454
-17.17531835073539,0.06421012045168248,3.3819660112501024,-13.769156384707479,6.332017094341572,3.9301825994577015,-0.44128054246453696,-0.005172037153810962,0.010561536076019014,0.8972921412949064,0.23258199325218415,-0.08947428643366735,-0.0355749970361118,-0.00018743823559930206,-0.010581136757537024,-0.03889526706188917,1608,768000000,22.98,0,2,2,-15.60963071738041,5.264326757436027,4.094190158612109,-15.60963071738041,5.264326757436027,4.094190158612109,199.87163972854614
-17.246979603717467,1.0099637174326102e-15,3.4363370350639393,-13.812086682583612,6.306144504578613,3.9121054943420277,-0.4377251698660153,-0.003817342670361681,0.011016680488907398,0.8990332231412309,0.23454801809554895,-0.09442364232840458,-0.1344926748911805,-0.0036856047472610953,-0.016242634046648163,-0.04029995652672369,1608,927000000,22.63,0,2,2,-15.643675165743309,5.243744959718312,4.093104490033381,-15.643675165743309,5.243744959718312,4.093104490033381,200.23594617843628
-17.246979603717467,1.0099637174326102e-15,3.4363370350639393,-13.856009720226584,6.280281654829217,3.8758685417990715,-0.43418778225026566,-0.0019992010632708885,0.011219814900595614,0.9007502920861589,0.23866470475117393,-0.09781769561768383,-0.21948228793000268,-0.0074009633408422815,-0.017666360872681253,-0.03903783581336029,1609,131000000,22.15,0,2,2,-15.686522489877927,5.218308242410364,4.0726942443546506,-15.686522489877927,5.218308242410364,4.0726942443546506,200.56202864646912
-17.315620970633162,-0.06531207730972893,3.493857067992775,-13.91044147997101,6.248474694295096,3.8129258999827855,-0.43017101893133747,0.00018865402256202594,0.011068846956100099,0.9026795331169843,0.24749950311454832,-0.10018849731353337,-0.298304716343205,-0.01160094398073852,-0.01308297705691075,-0.03573988469725009,1609,334000000,21.66,0,2,2,-15.729863701636395,5.192758155220167,4.034269152481322,-15.729863701636395,5.192758155220167,4.034269152481322,200.91077518463135
-17.381091215977307,-0.131660701802711,3.554410272345216,-13.947861396764576,6.2264596413817435,3.7617782849611827,-0.427682374115987,0.001391386565364897,0.010543687875656784,0.9038665175566132,0.2539789858071205,-0.1004013139648835,-0.3394673776228237,-0.012304515530559001,-0.00913342555577401,-0.03373159088368993,1609,557000000,21.13,0,2,2,-15.77846214832378,5.163797343337845,3.9758758301005535,-15.77846214832378,5.163797343337845,3.9758758301005535,201.221497297287
-17.443245487155217,-0.19897610786469808,3.617874702026267,-13.986143874900316,6.203642374415746,3.7071557360579486,-0.42532066879802455,0.002352298692596829,0.009708053411370009,0.9049875960934625,0.26229880070321354,-0.09818277881897419,-0.31971944866037205,-0.013537849827116588,-0.0031206758876578533,-0.03173200966557488,1609,733000000,20.75,0,2,2,-15.819022315170747,5.139103741786301,3.9186214798877703,-15.819022315170747,5.139103741786301,3.9186214798877703,201.5195767879486
-17.443245487155217,-0.19897610786469808,3.617874702026267,-14.025216657749853,6.179764904139969,3.6628212329475756,-0.4231093531797071,0.0027092983993117947,0.008614184028571741,0.9060336256384501,0.2721941585449719,-0.09420799324938908,-0.24341916067130476,-0.013347092590265675,0.007014582297415473,-0.029267376703501213,1609,883000000,20.43,0,2,2,-15.855649127656168,5.116235776056448,3.864671231810946,-15.855649127656168,5.116235776056448,3.864671231810946,201.85629296302795
-17.50194566394982,-0.2671844063214001,3.6841225481205737,-14.064986225680162,6.154707051086367,3.6305129402965752,-0.42106231241515746,0.0023327377326434985,0.00713290608495678,0.9070006665097078,0.2821903333674367,-0.08980414756760205,-0.16972661256729604,-0.013847585796611384,0.016514597518835217,-0.027269788006378803,1610,54000000,20.14,0,2,2,-15.892730133930934,5.0924188816985865,3.8216327126285052,-15.892730133930934,5.0924188816985865,3.8216327126285052,202.15968251228333
-17.50194566394982,-0.2671844063214001,3.6841225481205737,-14.115472436455919,6.121862879502234,3.6058588336404958,-0.4187055338463025,0.0009737291585491044,0.005374395527640267,0.9081056346321835,0.2917081236072949,-0.08520579301594963,-0.0856948412331228,-0.006961390454307548,0.02198492056777468,-0.0246234136284329,1610,210000000,19.89,0,2,2,-15.930167096903805,5.067694527195397,3.7909308276009464,-15.930167096903805,5.067694527195397,3.7909308276009464,202.52411484718323
-17.557060691143427,-0.3362078302261458,3.753020396282529,-14.181206270546907,6.078010689715869,3.5967999228529624,-0.41612221976263936,-0.001329331562697969,0.004483615483606608,0.9092966668198037,0.2909626151397346,-0.07946501967290973,0.008396258856271318,0.00809740067779785,0.015822629939066246,-0.019982054800493643,1610,402000000,19.63,0,2,2,-15.977397967681016,5.035654837719128,3.7686164657678956,-15.977397967681016,5.035654837719128,3.7686164657678956,202.92364263534546
-17.60846689344039,-0.4059649933050725,3.8244294954150524,-14.235490750109943,6.041462269707938,3.606230375899512,-0.41420681296863077,-0.0031222014244070557,0.0047586332642405105,0.9101649978757103,0.28343807351659656,-0.07498772069605222,0.074396744770203,0.012043155220453627,0.01198743038912653,-0.018731592717813328,1610,665000000,19.37,0,2,2,-16.039135316578076,4.993039558783448,3.762823438208923,-16.039135316578076,4.993039558783448,3.762823438208923,203.31347918510437
-17.656048271882852,-0.4763711602713219,3.8982060370957967,-14.283433665091923,6.009249331067685,3.6175915425639116,-0.41243573813184187,-0.004308684925692226,0.005533833809571259,0.9109596993441705,0.2750294153362978,-0.07306647238097178,0.023539982111616627,0.01044414020725526,0.003606286372814793,-0.019799104666162748,1610,882000000,19.18,0,2,2,-16.091350053686238,4.956781021038943,3.7753801274934964,-16.091350053686238,4.956781021038943,3.7753801274934964,203.68210339546204
-17.656048271882852,-0.4763711602713219,3.8982060370957967,-14.32528730088387,5.9814023718088425,3.615261077191406,-0.4107020760029796,-0.004378113658468136,0.006451998074060093,0.9117362604440433,0.265445545150263,-0.07180416782233853,-0.040791487717907055,0.007978379835549276,-0.008300434728880646,-0.021891376127314288,1611,88000000,18.98,0,2,2,-16.138425283622837,4.924196945967346,3.789522645885436,-16.138425283622837,4.924196945967346,3.789522645885436,204.03329253196716
-17.699696781001236,-0.5473385281843403,3.9742014451881866,-14.365756451902053,5.954793150769061,3.6021792185715746,-0.40882865700240595,-0.003496514264683284,0.007506370748963521,0.912573590457112,0.2550472443273488,-0.07043421866735458,-0.09714869274524746,0.005393248329710332,-0.017345338346785866,-0.023597399376740213,1611,259000000,18.76,0,2,2,-16.180157266196186,4.895546960647335,3.7892638655531594,-16.180157266196186,4.895546960647335,3.7892638655531594,204.37966680526733
-17.739312585991428,-0.6187765179971543,4.0522626750540045,-14.40924174181187,5.926511090014374,3.576850417912698,-0.4069758253112124,-0.0019281460449856345,0.008596639210152916,0.9133964405773525,0.24611238599981622,-0.06919432254389771,-0.1504788700690666,0.002313864956704492,-0.019187720863556024,-0.01789268608263228,1611,446000000,18.48,0,2,2,-16.221135093333782,4.867714955918228,3.7776685046177483,-16.221135093333782,4.867714955918228,3.7776685046177483,204.71451663970947
-17.739312585991428,-0.6187765179971543,4.0522626750540045,-14.460142693431068,5.8934842989348555,3.5345188951301196,-0.40566480270869704,-1.8945118432375264e-05,0.009530263037215617,0.9139722323850095,0.24191566781449084,-0.06772329134786174,-0.1982775662837797,-0.001740211143896886,-0.015838532635825686,-0.007521318866565707,1611,651000000,18.18,0,2,2,-16.265927850360104,4.8374716356202825,3.753617554271648,-16.265927850360104,4.8374716356202825,3.753617554271648,205.07826471328735
-17.774804299263565,-0.6905920754040414,4.132232521764882,-14.498247889545379,5.868477519306961,3.496445569566083,-0.4053207026554378,0.0012323699752623506,0.009852642476551791,0.9141206346535315,0.2441776348043539,-0.067047213646698,-0.22485037510851957,-0.002574240738795197,-0.01306005196965998,-0.0021984335262459354,1611,885000000,17.93,0,2,2,-16.31907654484565,4.801294044035632,3.712947518107129,-16.31907654484565,4.801294044035632,3.712947518107129,205.43068313598633
-17.80608919576169,-0.7626899800729106,4.2139499366921545,-14.532314499004208,5.8457288336103375,3.459091306375449,-0.40533039913739133,0.0022181792353666643,0.009726088226828066,0.9141158298726735,0.24708852591052946,-0.0653827051482656,-0.24375587708300778,-0.0070947174663160695,-0.008841312774166,0.0017526202100270893,1612,70000000,17.82,0,2,2,-16.35872688428523,4.77374669536465,3.676216956147146,-16.35872688428523,4.77374669536465,3.676216956147146,205.7475724220276
-17.833093406509576,-0.8349731623213645,4.297250351837313,-14.566697066143801,5.82221073140906,3.419231902721159,-0.4055480793889455,0.002980592374523504,0.009364876714286905,0.914020880755555,0.2534042119312606,-0.06364949783899912,-0.2569383889400323,-0.008252284897025675,-0.005219403965384117,0.003841526472569967,1612,232000000,17.77,0,2,2,-16.393900773668552,4.7487418643113335,3.6403091723836254,-16.393900773668552,4.7487418643113335,3.6403091723836254,206.06127309799194
-17.833093406509576,-0.8349731623213645,4.297250351837313,-14.606078812745054,5.794395592504688,3.3725616533738854,-0.4059395239245645,0.0036602753831603764,0.008659950273011214,0.9138515801601954,0.26189376853475965,-0.060767912813289096,-0.26547029181108334,-0.010689253667806042,-0.0026944467435896513,0.005563673039432615,1612,388000000,17.75,0,2,2,-16.42901517783293,4.7231095743949725,3.6022921134369814,-16.42901517783293,4.7231095743949725,3.6022921134369814,206.3845615386963
-17.85575208989549,-0.9073430262727874,4.381966011250107,-14.65500652221726,5.758276739549606,3.3144160645148593,-0.4066049778867344,0.004356662661600362,0.007583930481805997,0.9135622011919211,0.2716719014660132,-0.05588115309637465,-0.2685169799693064,-0.011567177625693148,-0.001296246148285718,0.007520653798565036,1612,570000000,17.76,0,2,2,-16.468421334944697,4.693443513458857,3.557934325655936,-16.468421334944697,4.693443513458857,3.557934325655936,206.71137833595276
-17.85575208989549,-0.9073430262727874,4.381966011250107,-14.69994819797277,5.7236004369877005,3.2613818333528592,-0.40734979624927053,0.004866286486881693,0.006637796529842625,0.9132351298590815,0.27853814467638627,-0.051582898828901026,-0.26844830884733284,-0.009802007480175234,-0.0006783127901144326,0.008805852303339634,1612,777000000,17.81,0,2,2,-16.516348097041398,4.656001282135119,3.50264334195985,-16.516348097041398,4.656001282135119,3.50264334195985,207.02959394454956
-17.874009580267376,-0.9796997785089396,4.467926308866648,-14.740582562296407,5.691101786356424,3.214105210365698,-0.40815358440184346,0.005251080820404886,0.005942534651546585,0.9128788331274088,0.28366635217269964,-0.047796275083155884,-0.26457585943088935,-0.00793936851550825,-0.0008455124259398872,0.010525273319217376,1612,980000000,17.89,0,2,2,-16.55961190970705,4.6209001136627545,3.4522892823415043,-16.55961190970705,4.6209001136627545,3.4522892823415043,207.3613781929016
-17.887819513469868,-1.051942761218574,4.554958132087373,-14.776695459692812,5.661370923475277,3.1728315748639893,-0.4090065293124336,0.0055648423750410516,0.005429489931937005,0.9124983354221623,0.28635339273620913,-0.04468353624915262,-0.2594461339579868,-0.006888899770274293,-0.0010443825772199489,0.012622391841432545,1613,164000000,17.98,0,2,2,-16.598232884777875,4.588520422198682,3.407614497697703,-16.598232884777875,4.588520422198682,3.407614497697703,207.7068736553192
-17.887819513469868,-1.051942761218574,4.554958132087373,-14.817141412078586,5.627174715456173,3.127674206378083,-0.4101501835694398,0.005876929704427301,0.005036017767946635,0.9119851573025982,0.28851762005402987,-0.041334356494050505,-0.2504183540542421,-0.004621229982149089,-0.0016674541825523193,0.015116185750230215,1613,331000000,18.08,0,2,2,-16.632231618665056,4.559236323622752,3.368827224966447,-16.632231618665056,4.559236323622752,3.368827224966447,208.04744219779968
-17.897144929015358,-1.1239707888274537,4.642886210402725,-14.861351905878893,5.588543326671256,3.0798395043015896,-0.411710272967354,0.006233805821272212,0.004776569664347549,0.9112809529340393,0.28616040189552433,-0.03618306456671625,-0.23690356090182124,-0.003231355049138074,-0.0024062318061623955,0.0187462397661875,1613,508000000,18.22,0,2,2,-16.670028985970752,4.525797775761156,3.326767643925584,-16.670028985970752,4.525797775761156,3.326767643925584,208.42053890228271
-17.90195834864297,-1.1956824870840976,4.731533468364684,-14.921002251548538,5.534053192992444,3.017688049684935,-0.414357366844179,0.00662878169449404,0.004706918143031441,0.91007795090135,0.2805992541023276,-0.029773812359206293,-0.2157466354277639,-0.00014610854037755416,-0.002471119205438299,0.02249496574222576,1613,707000000,18.41,0,2,2,-16.711372318394744,4.488153646366035,3.2825945996106207,-16.711372318394744,4.488153646366035,3.2825945996106207,208.8669776916504
-17.902241831081568,-1.2669766335672648,4.820721382193131,-14.970061486645541,5.487148893941974,2.9694235313390016,-0.41693585675409905,0.006820040169268342,0.0048825482787373566,0.9088972104298265,0.2761136763682076,-0.02503671320237314,-0.1958374691429768,0.002361772999392997,-0.0019492827959766146,0.024707659940759186,1613,993000000,18.74,0,2,2,-16.767919040521054,4.434789581318805,3.2261603512894736,-16.767919040521054,4.434789581318805,3.2261603512894736,209.25455975532532
-17.902241831081568,-1.2669766335672648,4.820721382193131,-15.009528209009787,5.447955159686754,2.933142837190005,-0.4192804378670616,0.006870040260230747,0.005243390834678876,0.9078156331664391,0.27235147109094354,-0.02140255565032107,-0.17705089852823844,0.004605513186106691,-0.0019456853465271706,0.026621446886565536,1614,220000000,19.08,0,2,2,-16.814991952314518,4.388630927398544,3.183417503953703,-16.814991952314518,4.388630927398544,3.183417503953703,209.66394758224487
-17.897987002895686,-1.3377524985761562,4.9102703392989655,-15.047702668592915,5.408799399569018,2.900946500158341,-0.42180268405840504,0.006824402946121945,0.005999489760825802,0.9066421175790169,0.2678596905032906,-0.01850326119167025,-0.1555954378170131,0.006653143418589025,-0.0029119994906068314,0.0285123203866533,1614,434000000,19.38,0,2,2,-16.853108971332745,4.350067359529051,3.152017082199465,-16.853108971332745,4.350067359529051,3.152017082199465,210.03399205207825
-17.88919506535624,-1.4079101853620766,4.999999999999998,-15.08818248169627,5.366088150162137,2.8704315342426465,-0.4247008192721804,0.006744903042478436,0.007043362451642016,0.9052812333401488,0.2613463815413474,-0.01635718143290995,-0.132155620010046,0.008332010929734679,-0.0036881607229588553,0.02944380266853841,1614,628000000,19.71,0,2,2,-16.890110439590906,4.311601279640769,3.1247490314795106,-16.890110439590906,4.311601279640769,3.1247490314795106,210.42171335220337
-17.875876777341105,-1.4773509686611925,5.089729660701025,-15.130423424640584,5.320173100323874,2.84329207530908,-0.4279604698938282,0.006760482149649447,0.008121739268447442,0.9037356745424034,0.2538548432760853,-0.013516474761000893,-0.10449411406607725,0.008328450167027768,-0.004326380849306588,0.030336360941873863,1614,853000000,20.09,0,2,2,-16.929420081208676,4.269556767606797,3.0997785999147824,-16.929420081208676,4.269556767606797,3.0997785999147824,210.78194165229797
-17.85805241433367,-1.5459776304919082,5.179278617806865,-15.164025160554658,5.282460478817996,2.8259132980259403,-0.4307251582621022,0.006804118754570761,0.009058206806377544,0.9024120405322135,0.24762120454392664,-0.010863427291288627,-0.08043637499519538,0.007999633271538187,-0.004406830157677177,0.030664346559206024,1615,82000000,20.51,0,2,2,-16.970525899006546,4.224126487444192,3.0787064289425334,-16.970525899006546,4.224126487444192,3.0787064289425334,211.11745166778564
-17.85805241433367,-1.5459776304919082,5.179278617806865,-15.196106037665304,5.245286948228563,2.8135630783266015,-0.4334630206859517,0.006847143056659667,0.010047583160709422,0.9010893254291719,0.2409520450919651,-0.007900522373394763,-0.054707844507251926,0.008038409396249335,-0.00463250635220902,0.030073055859247688,1615,287000000,20.86,0,2,2,-17.003304606174314,4.186716319412685,3.066135167485229,-17.003304606174314,4.186716319412685,3.066135167485229,211.46774697303772
-17.83575170365043,-1.6136947921872915,5.268466531635306,-15.220774241816423,5.21590568241181,2.8075572580129657,-0.4355722357549072,0.006878833903031031,0.010855831438507069,0.9000620311997305,0.23701122193008847,-0.006055491266617619,-0.032250089134662215,0.00821507555883727,-0.004787836633113329,0.028654119887505658,1615,480000000,21.21,0,2,2,-17.034719054092644,4.149757497987904,3.0582627733896053,-17.034719054092644,4.149757497987904,3.0582627733896053,211.80003452301025
-17.809013736091135,-1.6804092416428786,5.357113789597272,-15.24771634370556,5.183177349674145,2.805014753365502,-0.4377823731146767,0.006861656004842049,0.011702695837697693,0.8989786195327912,0.23348078188722377,-0.004897467844636248,-0.007864595755742684,0.007875895153119927,-0.003400918922125129,0.025983690647990443,1615,645000000,21.47,0,2,2,-17.05886128934426,4.120548082745135,3.0554659676232756,-17.05886128934426,4.120548082745135,3.0554659676232756,212.1722903251648
-17.809013736091135,-1.6804092416428786,5.357113789597272,-15.27677520687818,5.147257826900202,2.8075136530297193,-0.43999714795964506,0.006765683484904846,0.01250487170026161,0.8978866094881469,0.2291248504530373,-0.003246240241128126,0.020719845930617774,0.006941737728993758,-0.002247816610179143,0.023629657152923755,1615,826000000,21.75,0,2,2,-17.08494515317343,4.088132437827579,3.056075435600272,-17.08494515317343,4.088132437827579,3.056075435600272,212.50711107254028
-17.77788685426699,-1.746030254773022,5.445041867912624,-15.30749740466641,5.108371802048911,2.816852177951908,-0.44224075327387635,0.006603920513467315,0.013296321872419225,0.8967735010593652,0.2233791497074793,-0.0008259378475584508,0.05134285756343417,0.0070091435645736055,-0.0017149863197118975,0.021730623848270625,1616,18000000,22.02,0,2,2,-17.112542214128492,4.052698743075564,3.0612766477324183,-17.112542214128492,4.052698743075564,3.0612766477324183,212.86134576797485
-17.742428517923543,-1.8104699101848654,5.532073691133348,-15.331602351684174,5.0771876983659565,2.829056132623285,-0.44391357423793754,0.006429228343244248,0.013899793742371148,0.895938725228533,0.21805392936571252,0.0007801606799400252,0.07226165459835773,0.0061186218772490975,-0.0010070275607176882,0.020028861217724625,1616,238000000,22.29,0,2,2,-17.14116878609546,4.014497114675038,3.072016098869596,-17.14116878609546,4.014497114675038,3.072016098869596,213.1825737953186
-17.742428517923543,-1.8104699101848654,5.532073691133348,-15.357220632886357,5.043311914716698,2.84677975774842,-0.4456191568463788,0.0062094755530120475,0.014570221070015137,0.895082520286733,0.21125683172930923,0.0031048245669242245,0.09356611881760594,0.006305018587227096,-0.0011293497209408088,0.018334579544898588,1616,435000000,22.48,0,2,2,-17.163256222886215,3.9838723669220015,3.0842283449573693,-17.163256222886215,3.9838723669220015,3.0842283449573693,213.52693891525269
-17.702705146635417,-1.8736433960974619,5.618033988749897,-15.37669140899978,5.016741385318817,2.8726513507668834,-0.4468944276847009,0.005972234838998369,0.015107761672531595,0.8944391865591743,0.20840149634969327,0.008678915461100542,0.2114229416425037,0.0065303724113618955,0.0008986058958271315,0.017441750787838828,1616,620000000,22.66,0,2,2,-17.186420612040603,3.9504876980022274,3.1009693881274227,-17.186420612040603,3.9504876980022274,3.1009693881274227,213.85539484024048
-17.65879194030898,-1.9354693085554475,5.702749648162684,-15.395213630813807,4.990612330019258,2.916447348415767,-0.44811779926683737,0.0054805232196151795,0.01545316086464625,0.8938241447090006,0.2049023020162747,0.013370830440121773,0.3171571319286584,0.005808923197037075,0.0056876558119256515,0.016784834406280424,1616,783000000,22.79,0,2,2,-17.20396526172062,3.9242478101797262,3.12531367775014,-17.20396526172062,3.9242478101797262,3.12531367775014,214.15456581115723
-17.65879194030898,-1.9354693085554475,5.702749648162684,-15.412923571611763,4.964949202223201,2.976183926397815,-0.4492898174215128,0.004688218259161063,0.015560504229935481,0.8932382388137043,0.2020018022831782,0.01751975893592122,0.4122906016287282,0.00476866121061903,0.010033298804046353,0.016093664089567028,1616,938000000,22.92,0,2,2,-17.220703822278903,3.8984200805114564,3.1669842680798124,-17.220703822278903,3.8984200805114564,3.1669842680798124,214.46334099769592
-17.61077267798752,-1.99586994001061,5.786050063307849,-15.432051540944713,4.936649464319908,3.060043424557122,-0.4505329757685983,0.003396108322674272,0.01591732616977519,0.8926114176510165,0.19704540930081244,0.021160645673195744,0.5028764317274507,0.010333183763577836,0.01138693405664526,0.01502766172052361,1617,101000000,23.05,0,2,2,-17.236609830413684,3.873000933910455,3.224193499407266,-17.236609830413684,3.873000933910455,3.224193499407266,214.75083303451538
-17.558739495509858,-2.054771557371984,5.867767478235115,-15.45235607301704,4.906414247076113,3.1700639562271564,-0.45179861971718493,0.0016405220945915067,0.016865799896179447,0.8919590016938926,0.188391825402591,0.02396477052108914,0.5828864581160493,0.016986151240416802,0.011061379973398289,0.013497662166628288,1617,285000000,23.19,0,2,2,-17.253409911302764,3.8452001588156035,3.3043476285758833,-17.253409911302764,3.8452001588156035,3.3043476285758833,215.05598258972168
-17.558739495509858,-2.054771557371984,5.867767478235115,-15.468092965219395,4.883289571062047,3.268425082417249,-0.45257303509583613,0.00019876649607387595,0.017908198109993365,0.8915474776120877,0.1827583444803089,0.02520351177741828,0.635224843231273,0.018464835920894984,0.009431761645828374,0.009279693040298298,1617,483000000,23.33,0,2,2,-17.270470032343443,3.815810868407999,3.4094586695777203,-17.270470032343443,3.815810868407999,3.4094586695777203,215.33690094947815
-17.502792642628673,-2.1121046686545992,5.947737324945999,-15.483565396119133,4.861089584859748,3.37353051058424,-0.45302761834214833,-0.0011978505551985263,0.01912688127377233,0.8912904714996267,0.1760939312586852,0.02504942358688881,0.6477456434043477,0.022076580899010878,0.007557391927548451,0.003915385650543612,1617,637000000,23.4,0,2,2,-17.28290098218514,3.7937077267417125,3.5033859014308026,-17.28290098218514,3.7937077267417125,3.5033859014308026,215.65334105491638
-17.502792642628673,-2.1121046686545992,5.947737324945999,-15.497089915619037,4.842598854083215,3.460207292487699,-0.4530665132862086,-0.0023100212169990687,0.020541582278111335,0.8912370289312301,0.17015480502064492,0.02022548307696414,0.589067291315945,0.026324875943828374,0.002413348943264282,-0.0020371676328068133,1617,809000000,23.43,0,2,2,-17.294286945217227,3.7729717783412537,3.603559864633467,-17.294286945217227,3.7729717783412537,3.603559864633467,215.92518615722656
-17.443040220248328,-2.1678042773892896,6.025798554811811,-15.512881239424237,4.8225136079690145,3.549449273221082,-0.45271848352386007,-0.003201585909492698,0.02252094513731695,0.8913632994204117,0.1660117223091913,0.01400372045644339,0.5256730754360158,0.02774398381006904,-0.004499735632634838,-0.007194830959633691,1617,949000000,23.4,0,2,2,-17.303495112137387,3.7560876037879756,3.6855953337222127,-17.303495112137387,3.7560876037879756,3.6855953337222127,216.2105770111084
-17.379597898493536,-2.221810123990574,6.101793962904207,-15.529190000814587,4.803372461946816,3.6288166497935714,-0.45207601124428287,-0.0036442783946478777,0.024732189766195938,0.8916290249211328,0.1626591283217786,0.007955334009879536,0.46594319535312784,0.02646924021973973,-0.00954639226620202,-0.01038252567013842,1618,102000000,23.3,0,2,2,-17.31322795616383,3.738252302203706,3.769405481847899,-17.31322795616383,3.738252302203706,3.769405481847899,216.50513005256653
-17.379597898493536,-2.221810123990574,6.101793962904207,-15.549733344621137,4.780682497692577,3.715547470354,-0.4511929923414529,-0.0036839472518231005,0.027259259028944008,0.8920023794765373,0.15642264313797188,0.004559199467152927,0.4017339691379879,0.01997470299102133,-0.011530039591889363,-0.00928658901102608,1618,265000000,23.14,0,2,2,-17.322217175404866,3.7219080761315086,3.8433392718370585,-17.322217175404866,3.7219080761315086,3.8433392718370585,216.80938005447388
-17.31258861637016,-2.2740669133166804,6.175570504584945,-15.567244442098138,4.761298863973439,3.783746026032227,-0.45062263060269253,-0.0034455771688394962,0.028974945961210335,0.8922375386034973,0.14741904980424908,0.006540709819587309,0.35450197982536596,0.014278445178206312,-0.01055461852956796,-0.0059964589581795735,1618,461000000,22.92,0,2,2,-17.33252905844748,3.7031385203870273,3.923400197790294,-17.33252905844748,3.7031385203870273,3.923400197790294,217.11466908454895
-17.31258861637016,-2.2740669133166804,6.175570504584945,-15.583145478942981,4.742782878037033,3.8440641409961023,-0.4503349797999265,-0.0030224018381543646,0.030080637324244604,0.8923477048291746,0.13759691219119366,0.010361136543379642,0.3131767835561747,0.007254049296534504,-0.009163177128357347,-0.002188930807278666,1618,651000000,22.75,0,2,2,-17.341038512970833,3.687133009528836,3.9853796427944013,-17.341038512970833,3.687133009528836,3.9853796427944013,217.43018651008606
-17.242142263826878,-2.32452452769512,6.2469796037174685,-15.59551122319178,4.726895587576048,3.8930734124404998,-0.4503676156136439,-0.0025656790818853765,0.030601374506935473,0.8923149578347412,0.12879867918585386,0.019475866496663986,0.31697121913465687,0.0013686016700376058,-0.007037086425043526,0.0023332265755016124,1618,822000000,22.62,0,2,2,-17.34893220549881,3.6714094262529122,4.039230151123989,-17.34893220549881,3.6714094262529122,4.039230151123989,217.75522828102112
-17.168395347072096,-2.3731382247284643,6.315877451879424,-15.605714741700833,4.711164084499557,3.9507122862437445,-0.45072673029260363,-0.0021103445385000537,0.030576941011213343,0.8921356464821166,0.12244217047746073,0.03420953625699795,0.389990022117379,-0.00544624199392274,-0.00320159845159651,0.007152499028961756,1618,984000000,22.54,0,2,2,-17.35543872770813,3.657238634048008,4.08240263687214,-17.35543872770813,3.657238634048008,4.08240263687214,218.04102659225464
-17.168395347072096,-2.3731382247284643,6.315877451879424,-15.61453035202858,4.693509748336755,4.028922419738672,-0.45155652124223955,-0.0017410907990177242,0.02990991996840939,0.8917393528458412,0.11462726216868872,0.05035470627662373,0.4648014584595622,-0.010744584324129391,0.0015545455994470103,0.012963785684405593,1619,141000000,22.51,0,2,2,-17.361428513807443,3.642351517569335,4.134107192516813,-17.361428513807443,3.642351517569335,4.134107192516813,218.36934065818787
-17.091490638043396,-2.4198688192387743,6.382125297973731,-15.619406573631176,4.679797563633296,4.0986993586423885,-0.4524930731746269,-0.0015984133764887724,0.029147749736266534,0.8912900047060841,0.10862017439407112,0.061913749388159675,0.5177210695837715,-0.011751764395739883,0.003496471526887035,0.016551162480027415,1619,320000000,22.54,0,2,2,-17.367570791616536,3.624359539660758,4.205709659541243,-17.367570791616536,3.624359539660758,4.205709659541243,218.6394648551941
-17.091490638043396,-2.4198688192387743,6.382125297973731,-15.623062022673615,4.6642524640264975,4.186910654771293,-0.4537107915592662,-0.0015918254473791752,0.02839417993697088,0.8906950961244346,0.1010462280935335,0.0722572258546298,0.5697402457732195,-0.0068454688971542055,0.0036009141240356257,0.017101245248341,1619,477000000,22.6,0,2,2,-17.372522769121424,3.6072841575987598,4.280025420932665,-17.372522769121424,3.6072841575987598,4.280025420932665,218.89317536354065
-17.01157680896766,-2.4646828487541175,6.445589727654782,-15.625322592705468,4.645359051437925,4.307708595837051,-0.4551526655325914,-0.001631034696538733,0.02790077804775822,0.8899746835549456,0.09344051761407246,0.08117696630939322,0.6232389824450665,-0.0038341030176525237,0.0006489243162377534,0.015304025328077842,1619,630000000,22.71,0,2,2,-17.376401354197412,3.5917972247100884,4.352153886630626,-17.376401354197412,3.5917972247100884,4.352153886630626,219.20103406906128
-17.01157680896766,-2.4646828487541175,6.445589727654782,-15.626173341164279,4.630585853558025,4.411173318455277,-0.456208287189555,-0.0014695711833163268,0.027859748222113727,0.8894355926592492,0.0919741248350224,0.08367172632291617,0.6567353334742496,-0.0019650329477371997,-0.0034300473544135457,0.014478585217148066,1619,827000000,22.82,0,2,2,-17.381097249000735,3.5694742236054395,4.464638594167669,-17.381097249000735,3.5694742236054395,4.464638594167669,219.49284625053406
-16.928808052987947,-2.5075527219881533,6.506142932007219,-15.627177113327795,4.612279293164585,4.547291490282562,-0.45754478782907,-0.0009388238658070824,0.028108278369161244,0.8887417006235963,0.0950452623885173,0.08321912515912061,0.6906681302008996,-4.9950884317695454e-05,-0.008298104694404174,0.015464507123397198,1619,994000000,22.88,0,2,2,-17.384408569015545,3.5497023065677675,4.573574935014569,-17.384408569015545,3.5497023065677675,4.573574935014569,219.83035802841187
-16.84334369186872,-2.5484568498122657,6.563662964936059,-15.629103985358332,4.597444986813755,4.6601940150491545,-0.4587535318721071,-0.00014348827253810557,0.028613259226714663,0.8881027293069245,0.10460612896659298,0.07672644077292035,0.7081698634591801,0.0014939868719920923,-0.01413300124113448,0.01774208230926888,1620,181000000,22.98,0,2,2,-17.386798396382265,3.530562062973414,4.68832760169893,-17.386798396382265,3.530562062973414,4.68832760169893,220.15044975280762
-16.84334369186872,-2.5484568498122657,6.563662964936059,-15.632794714783488,4.58220434126644,4.775518854474698,-0.4601025253258055,0.0008510599178853297,0.02933028898916093,0.8873807953937503,0.11625456505555556,0.06941774977273674,0.7207640649378291,0.002678740020201076,-0.016473743198730517,0.019482307470752858,1620,349000000,23.06,0,2,2,-17.388167568460087,3.514287174417294,4.794084380463002,-17.388167568460087,3.514287174417294,4.794084380463002,220.44020318984985
-16.75534777182382,-2.5873797582702727,6.618033988749891,-15.639278702484729,4.564377762109241,4.907173982822908,-0.4617061216455386,0.0019726389410821034,0.03028808512274658,0.8865135068515541,0.13026116702479268,0.06115178295274094,0.7291249134387092,0.004217687228447176,-0.0160574843903305,0.019875333964591846,1620,506000000,23.15,0,2,2,-17.388788362252452,3.498812504666771,4.902582342898737,-17.388788362252452,3.498812504666771,4.902582342898737,220.74097323417664
-16.664988648541065,-2.6243121832372855,6.669146507442605,-15.648013336712225,4.545825890460281,5.039846030311108,-0.46320259424376253,0.002770371883057435,0.03128941418131198,0.885695576530485,0.14136371205310932,0.05469891884545376,0.7323580531715129,0.006129624944151146,-0.011086969698226312,0.01743701268424047,1620,682000000,23.26,0,2,2,-17.38861440597544,3.48242453026963,5.027031422424509,-17.38861440597544,3.48242453026963,5.027031422424509,221.03064560890198
-16.664988648541065,-2.6243121832372855,6.669146507442605,-15.65931836079087,4.5246139687119005,5.187767309821065,-0.4645599370820661,0.002920869899695734,0.032356762441321615,0.884945519962473,0.14728118839211438,0.052983338952453995,0.7338831708369111,0.009893971218843944,-0.003022701548616169,0.013293937172420556,1620,861000000,23.37,0,2,2,-17.38740183525894,3.4670667366558208,5.153404979545785,-17.38740183525894,3.4670667366558208,5.153404979545785,221.35479140281677
-16.572438562504846,-2.659251146377299,6.7168975872037295,-15.667228187750146,4.509646304731588,5.291491909035755,-0.4652240644397707,0.0024777025097792137,0.03300657340607341,0.8845739070130898,0.14500557104464856,0.05665105753545289,0.7346342988688483,0.010132501847692765,0.003474520690360805,0.008968998281488894,1621,70000000,23.45,0,2,2,-17.384803203206225,3.451171368409836,5.295294364533121,-17.384803203206225,3.451171368409836,5.295294364533121,221.6264111995697
-16.572438562504846,-2.659251146377299,6.7168975872037295,-15.674446765816745,4.49483720105354,5.39532473936367,-0.46563680010935427,0.0017199021678465272,0.03348010488669949,0.8843407119980566,0.137638500999182,0.06288290254713813,0.7352168712574351,0.011762523990910267,0.009496023631072603,0.00408288851758698,1621,206000000,23.49,0,2,2,-17.38220857117605,3.4407474916872434,5.39512440792058,-17.38220857117605,3.4407474916872434,5.39512440792058,221.92185950279236
-16.47787320574139,-2.692200012108084,6.761191063713476,-15.680356627704992,4.478811305321328,5.514105458518917,-0.4656461807200152,0.00029399238790460414,0.03383882396685297,0.8843237427220185,0.11704118915803832,0.07695768770194791,0.7363305593414621,0.011713763797160937,0.017627889246796258,-0.0031537803124592756,1621,354000000,23.5,0,2,2,-17.37898026487309,3.430873145071644,5.495097736035679,-17.37898026487309,3.430873145071644,5.495097736035679,222.21557140350342
-16.38147128113288,-2.7231685253367455,6.801937735804836,-15.682283031308181,4.464516018722964,5.633002569492443,-0.4652073478715957,-0.0013781187381866622,0.03376627098849121,0.8845564217270434,0.09024666013831999,0.09268523471089862,0.7362686332240782,0.006431387282646028,0.019411457287787925,-0.007604235815961147,1621,502000000,23.48,0,2,2,-17.374507353249125,3.4202516621917978,5.609143775503539,-17.374507353249125,3.4202516621917978,5.609143775503539,222.5332305431366
-16.38147128113288,-2.7231685253367455,6.801937735804836,-15.680071906419963,4.452182110118703,5.751742432429912,-0.4645606206001922,-0.002771795975792692,0.03345305627503231,0.8849048762214458,0.06369948753987317,0.1072940482654762,0.7346798772143759,0.0027165407800566754,0.015233110480039613,-0.009454580140300095,1621,669000000,23.43,0,2,2,-17.369183393256996,3.4103069779800674,5.722602567361513,-17.369183393256996,3.4103069779800674,5.722602567361513,222.79270434379578
-16.283414055463837,-2.7521728297852173,6.839055545102901,-15.671888562720452,4.439347254023736,5.899657145270246,-0.463677303051196,-0.003678480062408028,0.03292072020583393,0.8853846924364168,0.034386208459097976,0.12282379044395256,0.7309466974422545,-0.002829845630003547,0.0066501089349912945,-0.009811532981984783,1621,831000000,23.36,0,2,2,-17.362972864366885,3.400972796791312,5.835188542365036,-17.362972864366885,3.400972796791312,5.835188542365036,223.09640336036682
-16.283414055463837,-2.7521728297852173,6.839055545102901,-15.658504458850954,4.429115360412651,6.046529395007733,-0.46285730181748863,-0.0035476518939370327,0.03238142565498751,0.8858340564647669,0.010331840631416452,0.13389187003700792,0.724380086273068,-0.007280755289684748,-0.0027260731485512224,-0.008575316314818338,1622,20000000,23.29,0,2,2,-17.354039219738556,3.390058756264377,5.974414064280521,-17.354039219738556,3.390058756264377,5.974414064280521,223.43275260925293
-16.183884907378264,-2.7792354667809693,6.872469741279472,-15.637368678682435,4.419647432462637,6.218801541731835,-0.46236797352675985,-0.0020175757159142313,0.031942880592322774,0.8861102859263357,-0.009535219495694186,0.1364876128062913,0.6666718345442104,-0.01034674987749895,-0.01703279558569193,0.0004748733118731252,1622,221000000,23.22,0,2,2,-17.343862203399475,3.3797898659060914,6.111802231031983,-17.343862203399475,3.3797898659060914,6.111802231031983,223.89926385879517
-16.08306887143714,-2.804385354445228,6.902113032590306,-15.619700022528892,4.41446602679653,6.328016191250177,-0.4628784575429963,-1.8701109224750212e-05,0.032509881297617636,0.8858254008611968,-0.020827546361714865,0.12852843260960145,0.5442365090506094,-2.427521050840653e-05,-0.025908442330546677,0.009383865744894138,1622,457000000,23.21,0,2,2,-17.33071275566817,3.3678018626427177,6.2718038402207945,-17.33071275566817,3.3678018626427177,6.2718038402207945,224.29283833503723
-16.08306887143714,-2.804385354445228,6.902113032590306,-15.603834924731123,4.410657127092175,6.40722216650201,-0.4640357200083234,0.002222846725869386,0.03344321799540311,0.8851821624269787,-0.020937560340238838,0.1188911227800979,0.4432257546843002,-0.00034712150664972796,-0.03321912263345439,0.020228773610142525,1622,654000000,23.3,0,2,2,-17.320415112083182,3.3590407883971265,6.371609998496497,-17.320415112083182,3.3590407883971265,6.371609998496497,224.58498573303223
-15.981152179474375,-2.8276577472677515,6.927925721391707,-15.582997048801218,4.403494849959454,6.4971719431913035,-0.4672050343663604,0.0064515361416848434,0.03462640254273561,0.8834471380852896,0.005730735402009068,0.10042392252117138,0.3045076364484271,-0.018805021136358846,-0.03726319737324957,0.03816091921180487,1622,809000000,23.46,0,2,2,-17.31091168356853,3.351300204244765,6.442425049463878,-17.31091168356853,3.351300204244765,6.442425049463878,224.9708092212677
-15.878321800454078,-2.849094176114604,6.949855824363647,-15.569057836510602,4.389928155159332,6.556054155917799,-0.4720084566554895,0.010624164824316568,0.034768855837952514,0.8808440671487819,0.044499296250537286,0.08682330036765086,0.18307773551261725,-0.01572281489643501,-0.02675369760254398,0.050174321222584695,1623,47000000,23.88,0,2,2,-17.29574316357539,3.339183432360645,6.5203063049855,-17.29574316357539,3.339183432360645,6.5203063049855,225.3543803691864
-15.774764980033865,-2.8687423687722617,6.967859177197259,-15.56221275380525,4.372471760080779,6.584624274420843,-0.4767172618210804,0.012933228921615128,0.03468296217376342,0.8782769927570264,0.0758939875451615,0.08110351321106533,0.09481624393472503,-0.012782114481524331,-0.016796079944469966,0.05563589329540264,1623,288000000,24.5,0,2,2,-17.279424213093506,3.3245178147322054,6.568335149737133,-17.279424213093506,3.3245178147322054,6.568335149737133,225.70776510238647
-15.774764980033865,-2.8687423687722617,6.967859177197259,-15.557944105072389,4.3516622087582215,6.603860085597099,-0.4811316215761581,0.014033547410908502,0.033250312227223654,0.875905154113934,0.10360916207109201,0.09359543970751412,0.1189321660818871,-0.021843347531103063,0.0035156125704816077,0.05669372440024745,1623,479000000,25.09,0,2,2,-17.265010892459422,3.3087253689048364,6.588731419760521,-17.265010892459422,3.3087253689048364,6.588731419760521,226.05707025527954
-15.670668781037511,-2.8866561511884625,6.981899523535869,-15.552112977785571,4.326923859447035,6.631581841371888,-0.4854230116283722,0.013846495117069093,0.030308756936577592,0.8736441802058625,0.10974427202493775,0.11841582492478298,0.16547623597117153,-0.029764381906716153,0.024752177887421567,0.05393546634877566,1623,663000000,25.63,0,2,2,-17.251582893148395,3.2907182938956003,6.601121117530145,-17.251582893148395,3.2907182938956003,6.601121117530145,226.3899712562561
-15.566219626035252,-2.9028953296266673,6.991948587990478,-15.541660626946005,4.30050948443648,6.667271957791961,-0.489363068610551,0.012642892473956124,0.026329133478682775,0.8715909138352802,0.09879666397511505,0.14648517241920275,0.20826949457293376,-0.0337012876116205,0.03666496413643472,0.0484384781884728,1623,838000000,26.13,0,2,2,-17.2377811116263,3.26846737079123,6.6223453972458834,-17.2377811116263,3.26846737079123,6.6223453972458834,226.71843218803406
-15.566219626035252,-2.9028953296266673,6.991948587990478,-15.523447750729872,4.271046890211361,6.715094571056771,-0.49319796617813894,0.010844584748214606,0.021798936470866927,0.8695763149420097,0.0808864003834985,0.17367930644040275,0.24983395521629653,-0.03061452243855456,0.036351033122627996,0.04173169036221225,1624,19000000,26.59,0,2,2,-17.22374083367457,3.2422150939450645,6.651885465454167,-17.22374083367457,3.2422150939450645,6.651885465454167,227.04177594184875
-15.461602843222426,-2.9175255540069984,6.997986133082629,-15.49334977690705,4.236645950412561,6.782070717787281,-0.4971646146566474,0.00911185469707608,0.016858967323767675,0.8674445776290626,0.05944872904245009,0.19865935826426204,0.29174458663882064,-0.02747054459177889,0.028351434411888476,0.03644712924142368,1624,219000000,27.01,0,2,2,-17.2077677407518,3.209167020543253,6.69330372519929,-17.2077677407518,3.209167020543253,6.69330372519929,227.42061066627502
-15.357002216775566,-2.9306181627619963,7.0,-15.46271237047193,4.209186930017194,6.844532367115051,-0.5002197363981693,0.008291209020284475,0.013320237578182013,0.8657563412655944,0.04380487157652716,0.21373379685116914,0.32075136508243224,-0.026817309480975382,0.02121398410963593,0.034919174504466355,1624,468000000,27.46,0,2,2,-17.188281037057095,3.1655959512362086,6.752683167441939,-17.188281037057095,3.1655959512362086,6.752683167441939,227.7826223373413
-15.25259954285125,-2.9422500095898476,6.997986133082629,-15.431617666253285,4.185585600850906,6.895117399448195,-0.5030042174916001,0.007868385678736845,0.010867627025378966,0.864179807896083,0.027987390821808948,0.2229568962134724,0.23353123491214256,-0.016169750415429007,0.014458053465205012,0.03646588957053609,1624,661000000,27.8,0,2,2,-17.17145507976895,3.127119684810795,6.808680422061841,-17.17145507976895,3.127119684810795,6.808680422061841,228.13235783576965
-15.25259954285125,-2.9422500095898476,6.997986133082629,-15.407696121864308,4.166609035908185,6.9226664512142575,-0.5054124780364452,0.007867105940747401,0.009796521404526836,0.8627863952668396,0.04976233786188556,0.21165265136723876,0.15994851749807376,-0.009656659221946029,0.0024641533627800527,0.042874546488747,1624,850000000,28.12,0,2,2,-17.15549123285556,3.091912250609169,6.853127200827065,-17.15549123285556,3.091912250609169,6.853127200827065,228.45423913002014
-15.148574192374907,-2.9525032725414264,6.991948587990478,-15.381504090777732,4.138887484306116,6.943580454307502,-0.5091306418890564,0.008182898037758563,0.009699459970358504,0.8605956949378868,0.08296018756852461,0.19430238060247151,0.07169919367742533,0.0017245124922737887,-0.0069852951128268614,0.05348893682821654,1624,996000000,28.41,0,2,2,-17.142326597955243,3.064785151204427,6.875956920059543,-17.142326597955243,3.064785151204427,6.875956920059543,228.77683234214783
-15.045102681746993,-2.961465245929668,6.981899523535869,-15.35534494567545,4.095335056322818,6.948586377380014,-0.515523075015163,0.008664009917484408,0.010446376514890263,0.8567682109396738,0.1310031662752383,0.17194928032978257,-0.031236265408387354,0.004863145977651584,-0.00520061471434019,0.06822325667599216,1625,174000000,28.89,0,2,2,-17.124211844255697,3.0305518995738527,6.891615198942351,-17.124211844255697,3.0305518995738527,6.891615198942351,229.1379644870758
-15.045102681746993,-2.961465245929668,6.981899523535869,-15.337665302696212,4.04419612329451,6.931322322792315,-0.5228475636098775,0.008417633437256232,0.011419080497665459,0.8523081445551948,0.17230841316763784,0.15516963649687993,-0.11755033163283801,0.007615095864821342,-0.0004330824282305912,0.07195635334937833,1625,397000000,29.74,0,2,2,-17.09804878741847,2.985896736451287,6.891161061859876,-17.09804878741847,2.985896736451287,6.891161061859876,229.5142526626587
-14.942358252569695,-2.969228115601023,6.96785917719726,-15.33032530581867,4.011187364327516,6.91248614716526,-0.5270856608499584,0.008004518104565976,0.011932878474159223,0.8496906732615094,0.19288647837057732,0.1477109279267215,-0.16088967704590418,0.009095199038711144,0.001089647707885888,0.07051793509162962,1625,643000000,30.72,0,2,2,-17.070111859728026,2.9409803177081777,6.8702250597378836,-17.070111859728026,2.9409803177081777,6.8702250597378836,229.81427264213562
-14.840510461471446,-2.975888718158154,6.949855824363648,-15.322717841300648,3.9660971874867523,6.885914554991539,-0.5320998669138137,0.007350001672529546,0.012433861016647058,0.8465583903109899,0.20917417005275057,0.14647113867160055,-0.12461230544377455,0.005171106113266433,0.005649353579428862,0.05942030547885224,1625,797000000,31.18,0,2,2,-17.05058464131564,2.910379008172191,6.846775020872198,-17.05058464131564,2.910379008172191,6.846775020872198,230.14193272590637
-14.840510461471446,-2.975888718158154,6.949855824363648,-15.315041958390637,3.9252599994180515,6.872566903348216,-0.5349992551998815,0.006452131369248441,0.012262261826937518,0.8447388968617779,0.203834441737082,0.15813653387008703,-0.061377919008954375,0.0021141944898772635,0.014414178167498903,0.027662257889460307,1625,957000000,31.97,0,2,2,-17.030494928162806,2.8788809194288025,6.822676024076021,-17.030494928162806,2.8788809194288025,6.822676024076021,230.4646716117859
-14.739724781076784,-2.9815482847712667,6.927925721391708,-15.303954785363336,3.885541699946504,6.868880971779738,-0.5353795364782662,0.005211333690538935,0.011434359659561596,0.8445181166444319,0.18458562777929846,0.17780211510109845,-0.002688410915178651,-0.0024170125243472285,0.02175424979213858,-0.012705445260507986,1626,119000000,32.36,0,2,2,-17.010152202607255,2.8461489433117704,6.80916051858282,-17.010152202607255,2.8461489433117704,6.80916051858282,230.76813769340515
-14.640162213137074,-2.986312170261556,6.902113032590307,-15.283667061423403,3.8390277692411945,6.876543879842034,-0.5324341034983902,0.003454092929567354,0.009921200461610984,0.8464062644234742,0.1502607193889205,0.20453565122865802,0.06310675172062681,-0.004315486330597196,0.023342234635492787,-0.05164780995983165,1626,277000000,32.39,0,2,2,-16.989660801130743,2.812177429263769,6.805686526653329,-16.989660801130743,2.812177429263769,6.805686526653329,231.09419918060303
-14.640162213137074,-2.986312170261556,6.902113032590307,-15.259202063434591,3.800826739462284,6.893695246216849,-0.527705406229264,0.002147825353839669,0.008400459518951686,0.8493832017190633,0.11749475359413789,0.22593777988194189,0.11426065827926994,-0.008468723990517901,0.02022812914219685,-0.06868236887385137,1626,481000000,31.95,0,2,2,-16.963987526648857,2.768335967510385,6.813934914480786,-16.963987526648857,2.768335967510385,6.813934914480786,231.39448523521423
-14.541978914802943,-2.9902895681847994,6.872469741279476,-15.226056949829557,3.7622397857136236,6.9225158488091685,-0.5217866994959501,0.0013749344734553205,0.006394103478526978,0.8530509159628297,0.08381544566136465,0.2445740210174155,0.16307800224425117,-0.015181244270934258,0.015143726159294602,-0.0694513764756266,1626,668000000,31.26,0,2,2,-16.940847564909614,2.72819144888913,6.831566993549565,-16.940847564909614,2.72819144888913,6.831566993549565,231.73444366455078
-14.541978914802943,-2.9902895681847994,6.872469741279476,-15.18788724343601,3.727377382479467,6.956896879460233,-0.5165016043914865,0.0012509901807175473,0.004363106654080158,0.8562741914742689,0.05481764787790213,0.2554995529972609,0.14282057771456366,-0.01326640249317279,0.009045957904163515,-0.05639281444018707,1626,862000000,30.42,0,2,2,-16.914915763596362,2.683516498354955,6.860463739075614,-16.914915763596362,2.683516498354955,6.860463739075614,232.11190366744995
-14.445325838981478,-2.993593212685567,6.839055545102902,-15.14724883938875,3.695152062320395,6.976263716631194,-0.512445439884064,0.0011209469678055489,0.0035326980807267438,0.8587117878917195,0.042629033520565913,0.2544082057199903,0.0535647215066276,-0.0012869664260506397,0.002435106216580607,-0.040182848897529766,1627,62000000,29.66,0,2,2,-16.888912662001456,2.6392832480350066,6.894114525648805,-16.888912662001456,2.6392832480350066,6.894114525648805,232.47740030288696
-14.350348389681816,-2.9963390679327606,6.801937735804841,-15.117477788037549,3.668732246261719,6.979063789785233,-0.5106530311325475,0.0012286455754877519,0.0038051996221271783,0.8597775832626873,0.06832317066553147,0.2322686989921087,-0.016045510160962187,0.00574000550841447,-0.0061747384279442485,-0.016595192937529646,1627,259000000,29.08,0,2,2,-16.862731621325487,2.596102198528937,6.911916268609458,-16.862731621325487,2.596102198528937,6.911916268609458,232.78572177886963
-14.257186093209897,-2.998646005985418,6.7611910637134764,-15.087237343436362,3.6325138322511363,6.9677922527718374,-0.5116358801717885,0.0015782626567710529,0.0049541413387652585,0.8591866454335874,0.10274476070826695,0.20757733865855008,-0.09500311803533115,0.010569001915428089,-0.01051276340149343,0.03540318757586647,1627,425000000,28.81,0,2,2,-16.84139231819934,2.562713378520658,6.913426722818457,-16.84139231819934,2.562713378520658,6.913426722818457,233.10244846343994
-14.257186093209897,-2.998646005985418,6.7611910637134764,-15.063849543516081,3.592306939723315,6.941949108051328,-0.5164424638358703,0.0016367252454053218,0.006551933235057782,0.8562952614889855,0.13634454622952105,0.18774725441175955,-0.16369487039993574,0.01560039399919333,-0.00796616241132142,0.06916451893630438,1627,618000000,28.9,0,2,2,-16.814073899132023,2.5224741801211246,6.901020265475109,-16.814073899132023,2.5224741801211246,6.901020265475109,233.43665266036987
-14.165972286029167,-3.000635473973351,6.716897587203735,-15.045685977773438,3.5484043286254296,6.90358183697374,-0.5230033413092443,0.0012151310054864836,0.008371873177475142,0.8522886483906176,0.16368712098655297,0.17223748677188755,-0.22274357891308352,0.017260238382732496,-0.0057738284340302926,0.08127008331939578,1627,828000000,29.51,0,2,2,-16.786201809398726,2.4833867965140306,6.874905099565179,-16.786201809398726,2.4833867965140306,6.874905099565179,233.75653767585754
-14.076833820056732,-3.0024311515106303,6.669146507442607,-15.033891432514098,3.511052702679008,6.865309850816677,-0.5282404250965753,0.0007693120785503531,0.009610671656108627,0.8490401029651271,0.18096869694641465,0.16249729240676714,-0.2606210710941481,0.015300866107281763,-0.0032338712799173663,0.07409706013277173,1628,28000000,30.36,0,2,2,-16.757761517061976,2.4448606925795286,6.837188525396649,-16.757761517061976,2.4448606925795286,6.837188525396649,234.05874609947205
-14.076833820056732,-3.0024311515106303,6.669146507442607,-15.023043970555912,3.4724626538207284,6.830356983233015,-0.5326805488622319,0.00031490754689236095,0.010421069841615097,0.8462521698645293,0.18539004147305074,0.16480368087246547,-0.1904133191217408,0.00775010112192831,0.0015866727949287451,0.05628483631880954,1628,186000000,31.05,0,2,2,-16.73460148637248,2.414183243782188,6.799997610889287,-16.73460148637248,2.414183243782188,6.799997610889287,234.34354901313782
-13.989890786116403,-3.0041585992905784,6.6180339887498985,-15.010282111353794,3.4343465292847926,6.8062943310792186,-0.5352413581574966,-0.00020782317438321814,0.010386788278375605,0.8446352822115037,0.17085659499784764,0.17943210282883484,-0.12567107065089017,-5.4856491171761945e-05,0.008880287987267366,0.019938461264246143,1628,340000000,31.64,0,2,2,-16.710982841475733,2.3834357803250374,6.766491346375314,-16.710982841475733,2.3834357803250374,6.766491346375314,234.65009236335754
-13.989890786116403,-3.0041585992905784,6.6180339887498985,-14.988027436081275,3.38996576598678,6.789959568083921,-0.5345866319201508,-0.001063595979095955,0.009361096552823217,0.8450611644178135,0.13396998567709056,0.20751255265134247,-0.05256496244371554,-0.005779981165687786,0.015533587065874599,-0.029558663118223194,1628,509000000,31.97,0,2,2,-16.68672517441764,2.352485931571713,6.744161802328354,-16.68672517441764,2.352485931571713,6.744161802328354,234.98438167572021
-13.905256256218784,-3.005944899839202,6.563662964936061,-14.964171399623003,3.3581618616290765,6.786630874765231,-0.5313861385836868,-0.0019561299525918292,0.008491067508431269,0.847084911357353,0.09848720890143015,0.23014378378561293,-0.00212128261466128,-0.004551333813651581,0.015636275202268735,-0.058991970217903145,1628,704000000,31.86,0,2,2,-16.65548041398899,2.3135090352651786,6.730392672491764,-16.65548041398899,2.3135090352651786,6.730392672491764,235.26191878318787
-13.823036045287,-3.0079182914293168,6.50614293200722,-14.923571937423452,3.3198350460238943,6.794190850621203,-0.5248706035768601,-0.0029539919563175876,0.007365155475311866,0.851145039295424,0.054073117744538136,0.2532984886660452,0.057848277290182736,-0.00465126104245428,0.011338193235133076,-0.07520998988184147,1628,872000000,31.4,0,2,2,-16.629952910140407,2.2821714778990794,6.729489570745021,-16.629952910140407,2.2821714778990794,6.729489570745021,235.59989070892334
-13.823036045287,-3.0079182914293168,6.50614293200722,-14.875962002977943,3.2871283329144263,6.813569986743522,-0.5180996993484988,-0.0032748889146832286,0.006275620899608869,0.8552909406862181,0.017731657062243965,0.26727279891714806,0.10649224862778155,-0.009211990072799381,0.005734413025493268,-0.06871333243907429,1629,85000000,30.47,0,2,2,-16.594567274067458,2.2389750798143275,6.740386906404363,-16.594567274067458,2.2389750798143275,6.740386906404363,235.97469425201416
-13.743328492892093,-3.010207796180322,6.445589727654784,-14.82522775592756,3.2580053287838453,6.836985450919131,-0.5122877288756884,-0.0030343746520518832,0.005255573417842476,0.8587924396278239,0.006824152713890162,0.2627016921709725,0.06436966897475813,-0.007190770702436566,0.0005974741043246468,-0.05426622119557578,1629,304000000,29.49,0,2,2,-16.56091378041005,2.1945592823310944,6.762362139564557,-16.56091378041005,2.1945592823310944,6.762362139564557,236.40328121185303
-13.666224265507282,-3.0129428433883514,6.382125297973728,-14.791740137451168,3.2359294041496436,6.841205532994155,-0.5092600006592444,-0.0027296534999060253,0.005184179484266235,0.8605927753609087,0.03316214203227163,0.23955861576812992,-0.011452194318303448,0.00158794305207266,-0.004484277314986684,-0.037072425766382366,1629,528000000,28.61,0,2,2,-16.530197556455665,2.1485783288704416,6.787647929885104,-16.530197556455665,2.1485783288704416,6.787647929885104,236.7251491546631
-13.666224265507282,-3.0129428433883514,6.382125297973728,-14.75384062852295,3.2018487707367327,6.828127220907272,-0.5087293443040009,-0.0022161204401888413,0.00603271699375922,0.8609025202541163,0.07000913269986933,0.212401453189006,-0.10714564256336487,0.00815991352283163,-0.01041586428982555,0.024851051784935407,1629,695000000,28.13,0,2,2,-16.50897804501396,2.1150429474143206,6.792888206919056,-16.50897804501396,2.1150429474143206,6.792888206919056,237.12262988090515
-13.591806179733467,-3.016252889148348,6.315877451879427,-14.726359773915473,3.1669840537719,6.79887800578582,-0.5130173886884847,-0.0019207733079084463,0.007556572449267853,0.8583428031654757,0.10116605680506344,0.1930728459490316,-0.18573867697850777,0.013549365030485205,-0.010926131835731212,0.06591358614969067,1629,907000000,27.95,0,2,2,-16.47883624047894,2.0710006753753327,6.7810518817375165,-16.47883624047894,2.0710006753753327,6.7810518817375165,237.43733525276184
-13.520149046890582,-3.0202670333435666,6.246979603717466,-14.701947370509393,3.1248178954751915,6.750250791336766,-0.5204247080849281,-0.0020489500722445596,0.009519289272007313,0.8538520411348057,0.1295232630179151,0.17598045756724154,-0.2582356413445276,0.015948292093526106,-0.007038180228846613,0.0847346629598178,1630,100000000,28.44,0,2,2,-16.449525771773406,2.033781734256128,6.753237809653302,-16.449525771773406,2.033781734256128,6.753237809653302,237.78074145317078
-13.451319539310912,-3.0251136350888155,6.175570504584948,-14.688700591106272,3.0962124805103666,6.711735630035612,-0.5254484876269014,-0.002377441627655832,0.010648029769429003,0.8507554608017149,0.14390468383264565,0.16779599480939345,-0.2972331406165099,0.015873416668910068,-0.004420472305355361,0.08388726128032431,1630,317000000,29.37,0,2,2,-16.41524216979389,1.9953363193901825,6.706356008590199,-16.41524216979389,1.9953363193901825,6.706356008590199,238.06232833862305
-13.451319539310912,-3.0251136350888155,6.175570504584948,-14.6733993028454,3.0577084825433336,6.6586207644572815,-0.5314510142269666,-0.0028284053795100414,0.01166294519448155,0.847004011389278,0.1593166647725533,0.16244043002513917,-0.2734889162212849,0.007805850964359706,-0.00025273429145045156,0.07220233746920712,1630,476000000,30.02,0,2,2,-16.392438781863778,1.9718589103519182,6.669075222509136,-16.392438781863778,1.9718589103519182,6.669075222509136,238.3852186203003
-13.385376078610724,-3.030919927721646,6.101793962904203,-14.660363183909299,3.022283415372284,6.621281324075321,-0.535516647979413,-0.003164563015108475,0.01155545253542805,0.8444396821529162,0.16526383947458684,0.16498875503508953,-0.20835137760692626,-0.002646207144607615,0.006927820140845142,0.04957649180141743,1630,642000000,30.8,0,2,2,-16.362009859770275,1.9424330488654933,6.617756649366377,-16.362009859770275,1.9424330488654933,6.617756649366377,238.70691180229187
-13.385376078610724,-3.030919927721646,6.101793962904203,-14.646417449539955,2.9866896148026965,6.593852498485904,-0.5379191277280231,-0.0035630061169819845,0.010624196835514958,0.8429219675944701,0.16040072197988267,0.17391329924880228,-0.14889205903483252,-0.009709688765724422,0.012519506526587065,0.023588863223267253,1630,812000000,31.34,0,2,2,-16.33373053050219,1.9166242602414838,6.582065480020031,-16.33373053050219,1.9166242602414838,6.582065480020031,239.0114872455597
-13.322368746156728,-3.0378116344403696,6.025798554811814,-14.629681038424339,2.9523861811319025,6.575218109129451,-0.5381816729936029,-0.004072834424223917,0.009444863089676186,0.8427660965147903,0.1370458572081414,0.19202584223590827,-0.09784999589433857,-0.008830905517243082,0.01326256997344899,-0.01609891269254149,1630,971000000,31.65,0,2,2,-16.304391262413017,1.8909319420721544,6.556300178743659,-16.304391262413017,1.8909319420721544,6.556300178743659,239.28374099731445
-13.262339215882946,-3.045912585689532,5.9477373249459955,-14.60465429343877,2.917849991299388,6.563191463668031,-0.535451655838676,-0.004763414948607698,0.008540958403932854,0.8445092575970908,0.09275261291754522,0.2185477062839528,-0.04840960250389331,-0.0031424308645000565,0.011101460040663369,-0.05121764843352139,1631,129000000,31.68,0,2,2,-16.27426749823558,1.865296687780198,6.539559131864465,-16.27426749823558,1.865296687780198,6.539559131864465,239.56694149971008
-13.262339215882946,-3.045912585689532,5.9477373249459955,-14.560130403773616,2.880126669313166,6.559499686503228,-0.528541321357377,-0.005551089925352307,0.007881821674174037,0.848852834068153,0.03350013542398193,0.2481848630314797,0.003917305470225001,-6.369470071376782e-05,0.007222888871183386,-0.07891514032962732,1631,307000000,31.29,0,2,2,-16.240015532166193,1.8363155339050952,6.529929701908212,-16.240015532166193,1.8363155339050952,6.529929701908212,239.9440884590149
-13.205320709553007,-3.0553443393919357,5.867767478235118,-14.519930647542967,2.857385051253542,6.564081373373526,-0.5221378149182335,-0.005851801141043189,0.00753360331396571,0.8528077763933241,-0.004645043667935568,0.2634432580341655,0.03263530576638941,-0.003244521371925657,0.004565715471471776,-0.08700219841557555,1631,548000000,30.29,0,2,2,-16.196951185098193,1.7953037410238746,6.529151763824813,-16.196951185098193,1.7953037410238746,6.529151763824813,240.26366066932678
-13.151337974501477,-3.0662258051218463,5.786050063307852,-14.470535717642365,2.8367066257348617,6.5610490101035515,-0.5146058911696565,-0.0062351936085938585,0.007791568916989248,0.8573687599790178,-0.03545696691105434,0.2669382127073211,-0.06664267251906544,0.009884923292702297,0.0014426452935367706,-0.08655068013467826,1631,718000000,29.34,0,2,2,-16.169539593333727,1.7606086571287907,6.53559706818785,-16.169539593333727,1.7606086571287907,6.53559706818785,240.66722011566162
-13.151337974501477,-3.0662258051218463,5.786050063307852,-14.42148773680335,2.817836124013299,6.538997022169885,-0.5081967847971223,-0.006905945754074645,0.00909215823388501,0.8611652968471029,-0.030543319772014733,0.24964042330225017,-0.158635549130278,0.016689416952431202,-0.0011745084520953242,-0.06314039055723697,1631,920000000,28.2,0,2,2,-16.145626983943693,1.7171586919010218,6.533575380618416,-16.145626983943693,1.7171586919010218,6.533575380618416,241.0612370967865
-13.100407283827145,-3.0786728733062683,5.702749648162687,-14.378552681788992,2.7966908840949207,6.4992367707184835,-0.5055736402528919,-0.007375038000583019,0.010790665054594178,0.8626844525338386,0.004929631884879994,0.22074095539447022,-0.2441803211675951,0.017928587658389006,-0.0059807680827361764,-0.00827685507829301,1632,127000000,27.17,0,2,2,-16.12702524479073,1.6704191146940819,6.511796354021693,-16.12702524479073,1.6704191146940819,6.511796354021693,241.3924069404602
-13.052536458950115,-3.0927980505305666,5.6180339887499,-14.346658851982724,2.7739413044742802,6.45013482900973,-0.507203792773841,-0.007772704602307376,0.012273842631749982,0.8617036906303969,0.040949970015174156,0.19846220664227893,-0.3081458969180664,0.016501295431226026,-0.004580743325277581,0.040229140358860604,1632,327000000,26.64,0,2,2,-16.10853022713376,1.6249728864257924,6.472393888948847,-16.10853022713376,1.6249728864257924,6.472393888948847,241.69262528419495
-13.052536458950115,-3.0927980505305666,5.6180339887499,-14.31758928580062,2.7443126501276214,6.383156201122677,-0.51240499022566,-0.008336911000604217,0.013544379198029314,0.8585966292147607,0.07695432361999607,0.17988156546814968,-0.36876012491129806,0.013108959319652058,-0.0016521581187589618,0.07481436259695329,1632,514000000,26.72,0,2,2,-16.088905073131073,1.5875811811916203,6.424345312415192,-16.088905073131073,1.5875811811916203,6.424345312415192,241.99113273620605
-13.007724914384157,-3.108710102010856,5.532073691133352,-14.297873020182688,2.717618422901688,6.321586885014973,-0.5180970462923689,-0.008743597347395347,0.013959612665091298,0.855163217954789,0.10044793251026793,0.1700839182413395,-0.40917733637300524,0.006428153847082285,0.0010806644240801688,0.08869001030689105,1632,704000000,27.28,0,2,2,-16.063178315986026,1.549863398640218,6.359450129682383,-16.063178315986026,1.549863398640218,6.359450129682383,242.31076765060425
-12.965963724516012,-3.126513702278765,5.445041867912634,-14.280191476036613,2.6886425975934145,6.2616687920974305,-0.524327496718117,-0.008980857075730608,0.013753921757660426,0.8513582383625485,0.11945581072488234,0.16795769239560449,-0.34673360102501427,-0.005279062588670058,0.003816176786131109,0.09266813794965856,1632,862000000,27.96,0,2,2,-16.03961801773333,1.522151197424407,6.3001608633855914,-16.03961801773333,1.522151197424407,6.3001608633855914,242.63438296318054
-12.965963724516012,-3.126513702278765,5.445041867912634,-14.261719614129337,2.6537984004205217,6.207524192092616,-0.5312902223117102,-0.009023964482104388,0.012451440365200994,0.8470503110050966,0.13604953652369262,0.16825777178186374,-0.27089652350419535,-0.015230337157845497,0.00899828337423969,0.08920689724618569,1633,19000000,28.73,0,2,2,-16.013489054686953,1.4962394460343535,6.242928195211528,-16.013489054686953,1.4962394460343535,6.242928195211528,242.99123668670654
-12.927235712123782,-3.1463090951045274,5.357113789597275,-14.246044337113949,2.6212770654824196,6.170245509276967,-0.5370377769251918,-0.009039121538187488,0.010514326653070338,0.8434442301492721,0.14731973875939955,0.16941847283264738,-0.20919455137712056,-0.0217055263419752,0.013848755588696804,0.08192315144697204,1633,207000000,29.62,0,2,2,-15.981070282235212,1.468842822915894,6.1916826502949505,-15.981070282235212,1.468842822915894,6.1916826502949505,243.28960609436035
-12.891515558308496,-3.168191763661482,5.268466531635316,-14.227110608735195,2.5791080285887675,6.1364383244016825,-0.5434451331070826,-0.009285600873087631,0.008140152757415347,0.8393538603186004,0.15807154533272924,0.16914058032717494,-0.1409969250907232,-0.017879279948829208,0.01354519181404612,0.07125382253434509,1633,377000000,30.25,0,2,2,-15.945880651726057,1.4429872664907335,6.153124914209684,-15.945880651726057,1.4429872664907335,6.153124914209684,243.57800316810608
-12.891515558308496,-3.168191763661482,5.268466531635316,-14.207130877935686,2.531548786170967,6.113115277585839,-0.5490341303858938,-0.009570832182507576,0.006320087546463019,0.8357212330293785,0.1651312609774947,0.16649015052325608,-0.08106496064378249,-0.009127369503403315,0.007981580256455345,0.05018321498937439,1633,558000000,31.23,0,2,2,-15.908511336731626,1.4182791743899152,6.125659512558879,-15.908511336731626,1.4182791743899152,6.125659512558879,243.91939187049866
-12.858769933455328,-3.1922521119096685,5.179278617806869,-14.187850207652337,2.483582404656639,6.101196213359189,-0.5523792466496513,-0.009570469605927643,0.005154870314901391,0.8335220460757604,0.16434422644113728,0.1657694936970619,-0.03471143850586702,-0.004970716099705896,0.003187672814419784,0.018826302948582452,1633,778000000,31.98,0,2,2,-15.860970985301838,1.3890978184497207,6.104478067191694,-15.860970985301838,1.3890978184497207,6.104478067191694,244.34126210212708
-12.828957648784899,-3.2185751581476683,5.089729660701035,-14.170428565931429,2.446066304979905,6.08901454356832,-0.5519757110069103,-0.009495734666783313,0.0050267849194633694,0.8337909671583923,0.14695873886137092,0.17167406609353575,-0.10985842215754245,0.0015244366750266636,-0.0023201725980470655,-0.021029381059634034,1634,2000000,32.42,0,2,2,-15.812832943929962,1.3605693334449214,6.094314864849155,-15.812832943929962,1.3605693334449214,6.094314864849155,244.69343280792236
-12.828957648784899,-3.2185751581476683,5.089729660701035,-14.153679768910447,2.4197726451849255,6.068919454630524,-0.5496986804432189,-0.009614884964652353,0.0058793380087142685,0.8352869854670786,0.10875641534005984,0.18950389483169489,-0.17636505229052318,0.01492179526394466,-0.006721529052811093,-0.052440183571889065,1634,186000000,32.36,0,2,2,-15.77387427964196,1.3374772032333244,6.083134650567993,-15.77387427964196,1.3374772032333244,6.083134650567993,244.9780044555664
-12.802029828000155,-3.2472402416509176,5.000000000000002,-14.135734631224256,2.400330272067782,6.044649383078191,-0.5464865455283532,-0.009823967924190515,0.00712044280297619,0.8373799881206865,0.07505625504070704,0.20391398653717455,-0.2306004731690912,0.02303285673406208,-0.008456935483991401,-0.07551936359959655,1634,321000000,32.03,0,2,2,-15.744492712248874,1.3193239590035952,6.063528350163312,-15.744492712248874,1.3193239590035952,6.063528350163312,245.21240496635437
-12.77793009848097,-3.2783207432808092,4.910270339298968,-14.106973630851526,2.378723656567698,6.002760191645251,-0.5404729216102934,-0.010253329289675156,0.009128155686877177,0.8412494083316001,0.03207652413402993,0.21970944068263618,-0.29690272370310894,0.023270936799235642,-0.006795118224545149,-0.10000880793086253,1634,451000000,31.56,0,2,2,-15.722094248429284,1.301734101723331,6.039501260518922,-15.722094248429284,1.301734101723331,6.039501260518922,245.47957515716553
-12.77793009848097,-3.2783207432808092,4.910270339298968,-14.059921585188246,2.3558903497734396,5.929583471644008,-0.5302213413803385,-0.01110795000986203,0.011551369350544363,0.8477077966242497,-0.018138365624660858,0.2340196398344086,-0.37636543737584804,0.021215473134361673,-0.00045762851641484303,-0.11611132285906933,1634,616000000,30.67,0,2,2,-15.697524641031094,1.2741154770119643,5.9976677420465485,-15.697524641031094,1.2741154770119643,5.9976677420465485,245.80665040016174
-12.756594801426797,-3.3118838209127652,4.820721382193135,-14.001134949923175,2.3379297397405767,5.83167859783204,-0.5184794947467813,-0.012611601899159459,0.013585704894889666,0.8548891095616836,-0.05584711135176544,0.238991161706485,-0.45050597580389073,0.01740410934871761,0.00810358214948792,-0.10945600952254608,1634,818000000,29.1,0,2,2,-15.67449789701472,1.2270421916899361,5.923303688785334,-15.67449789701472,1.2270421916899361,5.923303688785334,246.22881293296814
-12.756594801426797,-3.3118838209127652,4.820721382193135,-13.950108617201119,2.3255741730597985,5.746801379132904,-0.5096590132386789,-0.014146994042236629,0.014365875565018617,0.8601402062474439,-0.06539242331241454,0.2370027576803128,-0.39812603472553476,0.00800911966507556,0.01299213727179449,-0.09444138268008828,1635,63000000,27.25,0,2,2,-15.659815513688194,1.1664205454268188,5.8241428616087445,-15.659815513688194,1.1664205454268188,5.8241428616087445,246.61745810508728
-12.737953220297717,-3.347990160492629,4.731533468364687,-13.912102153713317,2.3141449362050652,5.690146238249309,-0.5051227116680028,-0.01512781639883664,0.013865777670612617,0.8628035324091781,-0.03481610413392722,0.221112210893133,-0.3347523448107025,-0.0040317913772014435,0.015339198216679506,-0.046177363765309565,1635,261000000,25.82,0,2,2,-15.650276890689149,1.113319942364725,5.739325479508966,-15.650276890689149,1.113319942364725,5.739325479508966,246.94246983528137
-12.721927826856154,-3.3866937434896096,4.642886210402729,-13.879076929594067,2.2993325785012115,5.643117879220513,-0.504082275034436,-0.015653408810437766,0.012438061011482225,0.8634241862647787,-0.0002280758577526333,0.2076643980526935,-0.274695588697054,-0.016546233564440627,0.014374567126651527,0.013095903614157578,1635,426000000,25.02,0,2,2,-15.6405942025434,1.0723478848630068,5.683641174725267,-15.6405942025434,1.0723478848630068,5.683641174725267,247.23458695411682
-12.708434544065298,-3.4280416314708004,4.5549581320873695,-13.847542643622516,2.278376215933144,5.600748938377956,-0.5073874483342564,-0.01586957682358374,0.0105624845377373,0.8615071489689927,0.03670222548041637,0.19581781103513743,-0.21500775970750508,-0.017074622337531764,0.009398631573276361,0.06559026587638073,1635,585000000,24.69,0,2,2,-15.627072119699575,1.0346779667940706,5.638572313169375,-15.627072119699575,1.0346779667940706,5.638572313169375,247.52436327934265
-12.708434544065298,-3.4280416314708004,4.5549581320873695,-13.823558347988302,2.2563477642848317,5.571160757809206,-0.5129895906061797,-0.01572685698617698,0.00907626432451599,0.8582027542049444,0.06513761595621817,0.18760128851351646,-0.16974353575316026,-0.016601301467744634,0.0045106547986506484,0.09219682615366764,1635,757000000,24.95,0,2,2,-15.60720732711836,0.9966307613828558,5.599369339043058,-15.60720732711836,0.9966307613828558,5.599369339043058,247.80669593811035
-12.697383025056535,-3.4720737684766467,4.467926308866652,-13.800094776446478,2.2283377031889016,5.545576847257073,-0.5206499872595849,-0.015269821203960247,0.007706676279173579,0.8535988697671295,0.0916323372216337,0.17989376869430357,-0.12657005023586673,-0.014651630408479832,0.00019495790439805205,0.10369807714596391,1635,934000000,25.57,0,2,2,-15.58606568507924,0.9662846499726113,5.573206119822758,-15.58606568507924,0.9662846499726113,5.573206119822758,248.11484146118164
-12.697383025056535,-3.4720737684766467,4.467926308866652,-13.77948128844234,2.197606378036549,5.526303976054949,-0.5286951699564282,-0.014626959145293265,0.006730173186858347,0.8486590446697544,0.11287982196960777,0.17180624646564852,-0.11636939099676447,-0.010841257335414412,-0.003325085322103405,0.10518067138036713,1636,114000000,26.49,0,2,2,-15.559025426098906,0.9356214492663648,5.552078442212253,-15.559025426098906,0.9356214492663648,5.552078442212253,248.4327256679535
-12.688676947336305,-3.518822801829515,4.381966011250103,-13.765085503429058,2.1722465442079555,5.505417038526231,-0.5349277436363749,-0.01413180996798891,0.006432438879571315,0.8447551271020413,0.12788179539278935,0.16355071180936873,-0.18145223726000792,-0.003448225925239967,-0.006810684726588079,0.1046469435095787,1636,280000000,27.5,0,2,2,-15.529129137408434,0.9081486354121194,5.537383648202681,-15.529129137408434,0.9081486354121194,5.537383648202681,248.7459864616394
-12.682214321363698,-3.5683139219579116,4.297250351837317,-13.750066997762177,2.1420395791067444,5.470820052058847,-0.5419419759458666,-0.01358936371758553,0.006780692311136764,0.8402786716997062,0.1414955469159076,0.1545597177460663,-0.24973604468174687,0.0038929727679715143,-0.01192746703964076,0.10301634538336657,1636,437000000,28.19,0,2,2,-15.500716615915405,0.8860137595890767,5.5166630379956425,-15.500716615915405,0.8860137595890767,5.5166630379956425,249.0504128932953
-12.682214321363698,-3.5683139219579116,4.297250351837317,-13.734672917625575,2.1069008347974236,5.41944891507894,-0.5495355978083682,-0.012855199890594676,0.007788287081982138,0.8353350903448871,0.1534970721672367,0.14506498484584734,-0.3201186918929881,0.006845369762231712,-0.01608204529475188,0.09790195399546064,1636,591000000,29.23,0,2,2,-15.474773560432395,0.8680856037298276,5.488836462481331,-15.474773560432395,0.8680856037298276,5.488836462481331,249.34826493263245
-12.67788781259312,-3.6205647217681536,4.213949936692151,-13.71747996882869,2.0624333077069728,5.340858305730156,-0.5580062060742605,-0.01173245503576409,0.00884029112784609,0.8297067389953021,0.16594018345704184,0.1364440632821836,-0.3926628876375463,-0.0011244880113281397,-0.013377255982049974,0.08610828808741644,1636,760000000,30.26,0,2,2,-15.440283448839294,0.8465872977203619,5.44076931000372,-15.440283448839294,0.8465872977203619,5.44076931000372,249.70639657974243
-12.67788781259312,-3.6205647217681536,4.213949936692151,-13.70142584725084,2.0163649049312737,5.248310212172985,-0.5651220084027366,-0.01071446211076612,0.00928458149196457,0.8248855147637477,0.17570669653811322,0.1310442930474639,-0.44914530682517756,-0.0032284911185342935,-0.009060073898581322,0.07003377977525815,1636,985000000,31.42,0,2,2,-15.396631466313213,0.8218359531825824,5.3652238782995205,-15.396631466313213,0.8218359531825824,5.3652238782995205,250.05643916130066
-12.6755850760423,-3.675585076042296,4.132232521764886,-13.687426538881317,1.9732002750204911,5.154686512213122,-0.5699912353475156,-0.010034858256849561,0.009336124942466396,0.8215364447289217,0.18327087650353743,0.12863688960732872,-0.47875944560849576,-0.0030581816190533573,-0.005532940303965006,0.05132442165631801,1637,208000000,32.41,0,2,2,-15.351602390162647,0.7978145341316795,5.274478533982522,-15.351602390162647,0.7978145341316795,5.274478533982522,250.43657541275024
-12.675189102414187,-3.7333770412873593,4.052262675054001,-13.677756219700152,1.9423776256122438,5.093265366581338,-0.5720010270018586,-0.00959550401491631,0.008953799174450138,0.8201479018395782,0.186250970127905,0.13080154721761567,-0.40975007277322967,-0.009733060960570583,-7.722625001704841e-05,0.023834447347326204,1637,408000000,33.1,0,2,2,-15.309907516916304,0.7758887011464844,5.1814044390826,-15.309907516916304,0.7758887011464844,5.1814044390826,250.71026730537415
-12.676578574772654,-3.7939347764051536,3.9742014451881893,-13.665111070267603,1.9024114820449032,5.027686057413996,-0.5719115080260136,-0.009191823428509369,0.00782786346583271,0.8202264698990335,0.1848635355543246,0.13674506815654347,-0.32946354930419913,-0.014971424752729945,0.006758591780453571,-0.030176776817825157,1637,545000000,33.39,0,2,2,-15.280454666986019,0.7602067745006806,5.11979546944597,-15.280454666986019,0.7602067745006806,5.11979546944597,251.03731083869934
-12.676578574772654,-3.7939347764051536,3.9742014451881893,-13.653236357344207,1.872687904744558,4.9858597253373675,-0.5688329711141427,-0.008703672292752856,0.006555540131476439,0.8223808861808872,0.15784745233305789,0.15661368609765428,-0.27741418998156947,-0.019616602367023006,0.004075239712619805,-0.07092007654136978,1637,722000000,33.39,0,2,2,-15.242546224308771,0.7393702345924474,5.0532405413690835,-15.242546224308771,0.7393702345924474,5.0532405413690835,251.3029444217682
-12.679628234745822,-3.8572444844957245,3.8982060370957994,-13.629227852002696,1.835620845537885,4.9374329073598675,-0.5613150970704452,-0.007985168863895543,0.005235206852467537,0.8275470932147748,0.10435849882544053,0.1908761556876963,-0.21757208427033153,-0.01259765231225174,0.0010039783205684216,-0.10725238025770523,1637,874000000,32.97,0,2,2,-15.213272411065564,0.7225611484998252,5.010441952825838,-15.213272411065564,0.7225611484998252,5.010441952825838,251.59727311134338
-12.679628234745822,-3.8572444844957245,3.8982060370957994,-13.592560007162916,1.8033436765691013,4.896654826122491,-0.5504441660440855,-0.007778283292121791,0.005029270074489868,0.83482059439114,0.04672349796908436,0.2191956496555921,-0.16342963640755245,0.0010550985848567507,0.0006914363780197164,-0.12611154961632565,1638,58000000,31.9,0,2,2,-15.17446793268099,0.6955267662485023,4.961268224191809,-15.17446793268099,0.6955267662485023,4.961268224191809,251.95444011688232
-12.684209257207828,-3.9232843760496774,3.824429495415055,-13.560730289112636,1.7846662702803702,4.873939566739411,-0.5418083867775173,-0.00783300730764207,0.005126992840736208,0.8404498973516942,0.011566787518479085,0.23247170146032844,-0.1305264589934852,-0.0002238444466229339,0.001444419501694938,-0.13095860340399668,1638,288000000,30.32,0,2,2,-15.140667285630762,0.6576882005589707,4.920461278871721,-15.140667285630762,0.6576882005589707,4.920461278871721,252.24969744682312
-12.690189632369744,-3.9920246537263036,3.753020396282537,-13.516583749683258,1.7660437335289672,4.849566788785413,-0.5310919108975686,-0.008094567969016909,0.005532115426751276,0.847257490877165,-0.025136860576235015,0.23928553952852308,-0.15398314597428706,0.008545372566004517,0.0008381017892133968,-0.12223464582348242,1638,452000000,29.03,0,2,2,-15.123147921475145,0.623902974538981,4.897714850325737,-15.123147921475145,0.623902974538981,4.897714850325737,252.62332224845886
-12.690189632369744,-3.9920246537263036,3.753020396282537,-13.464573998762722,1.7507883571116178,4.80489878726062,-0.5209113060452794,-0.009154383276987227,0.007424305443687287,0.8535294301836921,-0.05389603849043735,0.23547807758437117,-0.2553908221167452,0.02422523521090625,0.0007007830788552383,-0.09551676048431545,1638,648000000,27.4,0,2,2,-15.10907644843914,0.575094443794913,4.873171662169804,-15.10907644843914,0.575094443794913,4.873171662169804,253.0260627269745
-12.697434554193253,-4.063427518855471,3.684122548120576,-13.42230472525569,1.7402400590169025,4.752907403722701,-0.5150263659660385,-0.010458594418737381,0.00942244985727153,0.8570587363776695,-0.054944723013289745,0.221470562303462,-0.32893341349636884,0.02701869343582075,0.002728844810917508,-0.06365268709487282,1638,862000000,25.78,0,2,2,-15.10047465995988,0.5164634993198335,4.8285724837371475,-15.10047465995988,0.5164634993198335,4.8285724837371475,253.35534834861755
-12.705806814026612,-4.137447199741401,3.6178747020262745,-13.381293423700964,1.725814562584517,4.681091094140775,-0.5133198798628611,-0.011816404870632692,0.011122188321515068,0.8580439210439357,-0.006086699159581132,0.18871736183323456,-0.3967660272884695,0.01937122615345288,0.002527431570342742,0.012129835522500798,1639,55000000,24.8,0,2,2,-15.094236973288018,0.46922440669025095,4.777582986971065,-15.094236973288018,0.46922440669025095,4.777582986971065,253.68163180351257
-12.705806814026612,-4.137447199741401,3.6178747020262745,-13.352458752499938,1.707254517504965,4.6058022372498755,-0.5165089123435662,-0.012674720159702587,0.011801250010863394,0.8561066670904511,0.04157283669446086,0.16574726072732562,-0.4473575068692388,0.009848039189819247,0.0032262869126498117,0.061154891227488406,1639,255000000,24.36,0,2,2,-15.084266034340843,0.4209842702535772,4.707959296453582,-15.084266034340843,0.4209842702535772,4.707959296453582,253.94849491119385
-12.715167198351548,-4.214030001786824,3.5544102723452182,-13.334421701138243,1.6891440558462258,4.541295562754776,-0.5209894831706687,-0.013055874531254712,0.011855981140814261,0.8533808869883202,0.07498346682221753,0.152673964824299,-0.4810364969546622,0.001422226455360942,0.0026434970550326398,0.08577612170483917,1639,422000000,24.62,0,2,2,-15.071337393124988,0.38190908283316205,4.635722614206721,-15.071337393124988,0.38190908283316205,4.635722614206721,254.20450925827026
-12.725374889521806,-4.293114379395578,3.4938570679927814,-13.32136732835926,1.6712522931402898,4.482479901709214,-0.5256555115205359,-0.01316246426368875,0.011621512070424722,0.8505162980212593,0.09959027080366271,0.14411303779980472,-0.5047228823061827,-0.005592141269517015,0.0019424919855737244,0.09349804386147298,1639,568000000,25.11,0,2,2,-15.058753342841909,0.35392783510089143,4.574295188759715,-15.058753342841909,0.35392783510089143,4.574295188759715,254.48458743095398
-12.725374889521806,-4.293114379395578,3.4938570679927814,-13.30819795323209,1.6480096392574473,4.4164005855541815,-0.5312531631845032,-0.01301835567236053,0.010940755275375493,0.8470424422046701,0.12257594499490669,0.1407297207757689,-0.4433424360310677,-0.013564066648541484,0.002597315528873878,0.09287288921768777,1639,682000000,25.65,0,2,2,-15.046304103786932,0.33141959319798453,4.51857550992853,-15.046304103786932,0.33141959319798453,4.51857550992853,254.7505075931549
-12.736287868369429,-4.3746310295518915,3.4363370350639415,-13.296670485260364,1.6225513687897901,4.359859554937106,-0.5366142653870178,-0.012676752021152926,0.009666416042585637,0.8436770653171966,0.14190826058468792,0.1390678142528191,-0.37605805734906106,-0.020581280114129186,0.005927218217038899,0.08795593166723847,1639,825000000,26.33,0,2,2,-15.02994936969691,0.30656625909010204,4.456212623550336,-15.02994936969691,0.30656625909010204,4.456212623550336,255.03238081932068
-12.736287868369429,-4.3746310295518915,3.4363370350639415,-13.286457682817256,1.595181803089872,4.312329291487088,-0.5416657308716698,-0.012332659707136465,0.00796843203806002,0.8404657313624763,0.1582872687443568,0.13768764569645625,-0.31253008036849816,-0.0243292855884647,0.009483193207415752,0.08313505677506328,1639,976000000,26.99,0,2,2,-15.011782461211558,0.2829464261581539,4.403258537202881,-15.011782461211558,0.2829464261581539,4.403258537202881,255.2983694076538
-12.74776331755322,-4.4585030069142375,3.381966011250108,-13.274948470305459,1.5576338965654726,4.263497300601356,-0.5478249226790182,-0.012097218349318409,0.005681912942430938,0.8364862385390754,0.17675476678786256,0.13496456947298835,-0.23836313610154414,-0.02054394226433942,0.010990472492267145,0.08083093198365532,1640,102000000,27.63,0,2,2,-14.992110317867882,0.260302324101895,4.359072467336754,-14.992110317867882,0.260302324101895,4.359072467336754,255.62783789634705
-12.74776331755322,-4.4585030069142375,3.381966011250108,-13.264216647380035,1.5132770232482644,4.223563264020999,-0.5546321153555966,-0.012032181519931599,0.00372040147154821,0.8320003616807734,0.19362019671710426,0.12957384847807402,-0.16640140218987354,-0.016057630273280665,0.008564560721424641,0.0820895547803957,1640,296000000,28.43,0,2,2,-14.965035886049984,0.2323635555239654,4.31393095736965,-14.965035886049984,0.2323635555239654,4.31393095736965,255.93284940719604
-12.759658024525407,-4.544645860202418,3.3308534925573956,-13.256162752367374,1.4714342179467979,4.198754198776496,-0.5608795783301322,-0.011925035112066789,0.002361698014765842,0.827808138720728,0.20642169777947122,0.12428873888649869,-0.11160851250853066,-0.01256543664567289,0.005752370771006099,0.08458209631498903,1640,482000000,29.33,0,2,2,-14.933331314459767,0.2024770168615532,4.277102321021264,-14.933331314459767,0.2024770168615532,4.277102321021264,256.31916975975037
-12.771828782997277,-4.632967789596851,3.283102412796267,-13.25007935514111,1.4330773605831313,4.184276537908862,-0.5662355994345384,-0.011810860693689256,0.0016372151936979787,0.8241571870881749,0.21454877022441016,0.11881885142380325,-0.06962250467875923,-0.007136008935049176,0.0016817009054648224,0.07818869926268235,1640,676000000,30.18,0,2,2,-14.903821061417233,0.1763958054144817,4.254150663611081,-14.903821061417233,0.1763958054144817,4.254150663611081,256.64856481552124
-12.771828782997277,-4.632967789596851,3.283102412796267,-13.244151256765685,1.3891490457166977,4.175204746015966,-0.5714660674992381,-0.011577888680312346,0.0013227293375466607,0.8205429523052171,0.21969201013264925,0.11376887052574045,-0.030898528978296723,-0.0024482732897013193,-0.0029181361924202065,0.06257368804654106,1640,832000000,30.91,0,2,2,-14.877021738281215,0.1536226363919362,4.240557779168159,-14.877021738281215,0.1536226363919362,4.240557779168159,257.02884578704834
-12.784132791792203,-4.7233698248109635,3.238808936286525,-13.240075884961295,1.3600270028337191,4.17255925816344,-0.5741069811746665,-0.011333822979581992,0.001436704603400822,0.8187005890452631,0.21257158584022542,0.11688323772419276,-0.011727096152670206,0.0003439165908503128,-0.006391146416717675,0.04579304477374535,1640,999000000,31.62,0,2,2,-14.846515548042092,0.12821376988406327,4.231577145755872,-14.846515548042092,0.12821376988406327,4.231577145755872,257.33146953582764
-12.796428049985627,-4.815746023439489,3.198062264195161,-13.232757252970059,1.3228267862349032,4.17228086080939,-0.5762597736403547,-0.010905614203044804,0.001882952514483169,0.817191651543657,0.19170860284029842,0.12761149097932867,0.008656952455024298,0.0033262319448112976,-0.00925060276131262,0.017431588275940157,1641,132000000,31.97,0,2,2,-14.826167792331097,0.11133340215120631,4.228723953498445,-14.826167792331097,0.11133340215120631,4.228723953498445,257.60617232322693
-12.796428049985627,-4.815746023439489,3.198062264195161,-13.219753320301935,1.2853776154502525,4.175378406094379,-0.5753506357771838,-0.01042498852505208,0.0028370774280722607,0.8178355070041348,0.15146770682156213,0.14868010945641305,0.02446297566251622,0.005803661679237848,-0.011072371216869215,-0.04043029766762629,1641,282000000,32.25,0,2,2,-14.799277026068788,0.08872302563721171,4.228068673885102,-14.799277026068788,0.08872302563721171,4.228068673885102,257.9410910606384
-12.808573747245086,-4.909983689128907,3.1609444548970993,-13.205387208261072,1.2602483272223182,4.179578689010944,-0.5719291871791806,-0.01003244839071778,0.0037148672067596387,0.8202332318270734,0.11786041840673253,0.16621208545508342,0.03275825906627322,0.006213062079041265,-0.01126891565945698,-0.07336531125474721,1641,471000000,32.09,0,2,2,-14.769704310346691,0.06306083026444054,4.230833789804966,-14.769704310346691,0.06306083026444054,4.230833789804966,258.2125606536865
-12.820430648300832,-5.005963609060587,3.127530258720525,-13.181954197266935,1.23274158480231,4.186715513534132,-0.5654714169367279,-0.009467637555129563,0.00479579551383974,0.8246996064095602,0.07803699999405443,0.18466264856148695,0.04142343932707824,0.005397981203714153,-0.011239742798352381,-0.09853254305198789,1641,605000000,31.57,0,2,2,-14.747426545086782,0.04280478672477187,4.234953405551837,-14.747426545086782,0.04280478672477187,4.234953405551837,258.6086142063141
-12.820430648300832,-5.005963609060587,3.127530258720525,-13.154064792880405,1.2099353053416544,4.195249539910673,-0.5579049375664237,-0.008855222652933451,0.005860274673316809,0.829836925456758,0.045191810249425896,0.1969991902029285,0.04667159392168466,0.005001352610634058,-0.011153336436109385,-0.10340980807086453,1641,796000000,30.61,0,2,2,-14.720096723139159,0.016098575548453713,4.2420486631842715,-14.720096723139159,0.016098575548453713,4.2420486631842715,258.94750809669495
-12.831861470496921,-5.103560310182758,3.0978869674096936,-13.126552844994743,1.1927652801772997,4.203556374672967,-0.551139508296,-0.00829889973118025,0.006748065757969907,0.8343445536869174,0.02204212770423021,0.20399163765867773,0.04918209569775828,0.004764769255416468,-0.01065918595486437,-0.09984470743802376,1641,972000000,29.48,0,2,2,-14.696301730822357,-0.013246211462259015,4.250477263324408,-14.696301730822357,-0.013246211462259015,4.250477263324408,259.2380793094635
-12.842731253395911,-5.2026423335747065,3.0720742786082926,-13.08200665609851,1.171175247986169,4.216697933841288,-0.5422733075023631,-0.00753917151667662,0.00797128343041892,0.8401305133750121,-0.004466184528976337,0.20939501675536637,0.051063889880430965,0.0050915674364659935,-0.009174494516628329,-0.07031240311334841,1642,119000000,28.46,0,2,2,-14.679239411634146,-0.04250185588891053,4.258668911385054,-14.679239411634146,-0.04250185588891053,4.258668911385054,259.66942977905273
-12.842731253395911,-5.2026423335747065,3.0720742786082926,-13.02734695469512,1.149976897879245,4.2322339071208415,-0.5368723535350161,-0.006801907864602673,0.009104247778288974,0.8435869384548137,-0.01166685840612817,0.20693475128546251,0.05023617688908436,0.0014402465922103147,-0.008364922996406676,-0.014498068321699975,1642,366000000,27.08,0,2,2,-14.660179245935405,-0.09138419554880611,4.271564595014721,-14.660179245935405,-0.09138419554880611,4.271564595014721,260.11985206604004
-12.852907719435574,-5.303072526274943,3.050144175636353,-12.990754280890513,1.1335176020970563,4.243070233554626,-0.5374102629170306,-0.006184739889107242,0.009661377040530363,0.8432429164230392,0.005776631938530453,0.1969439600407044,0.049021695267315764,0.00046900139878403024,-0.008010545388970058,0.02037495833064895,1642,646000000,26.15,0,2,2,-14.642478998804922,-0.15082196025933284,4.286936784202421,-14.642478998804922,-0.15082196025933284,4.286936784202421,260.4951524734497
-12.86226162466454,-5.404708349855923,3.0321408228027407,-12.958249474663734,1.1093122724891888,4.245687192713997,-0.5413728571050453,-0.00540190939907832,0.010165372294353152,0.8407038207186175,0.06639116504421441,0.16552674624080238,-0.05646307350301586,0.004377241612019134,-0.009305641742685111,0.05863896949449554,1642,845000000,26.09,0,2,2,-14.62993039371333,-0.19234737171210664,4.297720989968696,-14.62993039371333,-0.19234737171210664,4.297720989968696,260.914847612381
-12.870667098614804,-5.507402204979655,3.018100476464131,-12.941099490784934,1.0859920326617918,4.228930302423104,-0.5460415276126265,-0.005132991063059155,0.011054345608292823,0.837669447913906,0.10773603062798846,0.14588336159122883,-0.15301844651002827,0.009594007678970229,-0.010294330422766507,0.07678641995880753,1643,68000000,26.51,0,2,2,-14.6145638994233,-0.23579543006370074,4.300176205541383,-14.6145638994233,-0.23579543006370074,4.300176205541383,261.2301468849182
-12.87800197240249,-5.61100177112331,3.0080514120095225,-12.928468515464745,1.0581438762403255,4.197534021510489,-0.5515690632025129,-0.004937742542242331,0.012274682319478552,0.8340242918467332,0.14408611207102695,0.1288455805599437,-0.2406974871799957,0.012277490986889461,-0.012678143230004935,0.08699736936250702,1643,220000000,27.08,0,2,2,-14.602185104013707,-0.26591483651523024,4.2832622381041165,-14.602185104013707,-0.26591483651523024,4.2832622381041165,261.53967022895813
-12.87800197240249,-5.61100177112331,3.0080514120095225,-12.917794813462374,1.0175221312390597,4.1403259379321415,-0.5588590711727407,-0.004536496227876088,0.013529989796245138,0.8291398543949203,0.18332702814098006,0.11147919291927896,-0.33221143842104006,0.004942663690599147,-0.010065854257845785,0.08659508021082729,1643,386000000,27.79,0,2,2,-14.588776151307377,-0.2951814037283052,4.251662367892651,-14.588776151307377,-0.2951814037283052,4.251662367892651,261.84862327575684
-12.884148094184555,-5.71535036061986,3.0020138669173706,-12.911952107771347,0.9759148488019252,4.075162909609699,-0.5650120516913151,-0.00413233025722849,0.013884855959645835,0.8249554630797931,0.2139189175184546,0.1000967619367856,-0.3963395420346565,0.0003590733058445039,-0.006251055856409948,0.08001914102351293,1643,582000000,28.75,0,2,2,-14.570606430172022,-0.33140356394783305,4.194540468386804,-14.570606430172022,-0.33140356394783305,4.194540468386804,262.16743421554565
-12.884148094184555,-5.71535036061986,3.0020138669173706,-12.908519349001306,0.9248458971153994,3.990982865021811,-0.5711293289919237,-0.0036184569065324896,0.013573455017734354,0.8207398842835236,0.241319655217201,0.09104257710315375,-0.45075985622456827,-0.0063763373418623814,-0.0025143121092696674,0.0701808967278339,1643,772000000,29.58,0,2,2,-14.552900251849747,-0.36425808373139434,4.129602884606952,-14.552900251849747,-0.36425808373139434,4.129602884606952,262.50955748558044
-12.888991631137213,-5.8202872861178125,3.0,-12.907442840958131,0.875213211301833,3.9095220486790976,-0.5756966972159794,-0.003220824789503505,0.01275036380422822,0.8175575620866997,0.26269650381858256,0.08729559370628669,-0.43502959810347086,-0.010812429354700726,0.0026031637617052183,0.05657356377923861,1643,969000000,30.41,0,2,2,-14.531787688986563,-0.4015733340097982,4.045718164348208,-14.531787688986563,-0.4015733340097982,4.045718164348208,262.81841588020325
-12.892423357163015,-5.92564824052489,3.0020138669173706,-12.906982144714444,0.8289825392216864,3.8470776942682687,-0.5789709832970399,-0.0029467649528247134,0.011318345337179972,0.8152642590811888,0.271609632769426,0.09253199751400319,-0.3604203322583328,-0.018117886247637216,0.010787436622194946,0.045228654562379234,1644,138000000,31.04,0,2,2,-14.51157896339844,-0.4360668733508885,3.9643233015312207,-14.51157896339844,-0.4360668733508885,3.9643233015312207,263.15789222717285
-12.892423357163015,-5.92564824052489,3.0020138669173706,-12.90499020505,0.7763158642788175,3.79028513398278,-0.5815959993741409,-0.0029240372894406043,0.008926934134518096,0.8134235387329789,0.2684583061090212,0.10666945803435204,-0.28416972881560054,-0.02224789514002623,0.01813873604987748,0.028164903778815642,1644,314000000,31.5,0,2,2,-14.49260957691527,-0.46749268292712143,3.9015757658244774,-14.49260957691527,-0.46749268292712143,3.9015757658244774,263.4812159538269
-12.894338925575825,-6.03126568846405,3.0080514120095216,-12.899105905177127,0.7251253962916892,3.746065950012105,-0.5824877254104915,-0.0031076084079915104,0.006497967589057185,0.8128075842001633,0.24635418826980252,0.12983580645319281,-0.2183684530221949,-0.019529007477103733,0.016443112326669507,-0.0007927682929675939,1644,486000000,31.87,0,2,2,-14.470306786807415,-0.5036466884857612,3.844296929616432,-14.470306786807415,-0.5036466884857612,3.844296929616432,263.7893867492676
-12.894639126058248,-6.136969268236469,3.01810047646413,-12.887616752810548,0.6777024399028787,3.7126040827265765,-0.5806375375689441,-0.003566260386691275,0.004957545335080831,0.8141392721745944,0.2121897525793485,0.15451087300346716,-0.1622106682827747,-0.00917302759262384,0.01304170200455701,-0.043485991409397684,1644,668000000,32.01,0,2,2,-14.447355931628643,-0.5407549537295361,3.8000814618568013,-14.447355931628643,-0.5407549537295361,3.8000814618568013,264.08822226524353
-12.894639126058248,-6.136969268236469,3.01810047646413,-12.868430437563491,0.6303339990575152,3.686333856449504,-0.5754928049361926,-0.004388660910795535,0.004167159123125264,0.8177844495384624,0.1739897501544499,0.1781383563846492,-0.10805801727762847,-0.0013234438370091084,0.011021819864254212,-0.07656710367882624,1644,856000000,31.75,0,2,2,-14.424334970291167,-0.5788975428272405,3.767650774004878,-14.424334970291167,-0.5788975428272405,3.767650774004878,264.39233350753784
-12.893230125232524,-6.242586203254562,3.0321408228027398,-12.849122205429788,0.5961556101807254,3.6726285958038223,-0.5699922017248595,-0.00515012686034789,0.0040508214161470504,0.8216239754364667,0.14699085937360104,0.1917882573296705,-0.06990649549484032,0.0036151696576780523,0.008064282883424312,-0.08867935102898628,1645,42000000,31.03,0,2,2,-14.399395333134692,-0.6223449088390705,3.7436245098182197,-14.399395333134692,-0.6223449088390705,3.7436245098182197,264.6895694732666
-12.893230125232524,-6.242586203254562,3.0321408228027398,-12.830069482148566,0.5686437659422919,3.665365220554833,-0.5648254420983099,-0.005731438777224009,0.004183927323562323,0.8251798987615626,0.12560845248088873,0.19982171356340087,-0.040518873541579487,0.007065980480547296,0.004509015570874908,-0.08895993014448322,1645,198000000,30.24,0,2,2,-14.380252958898073,-0.6578877224978417,3.732278682159202,-14.380252958898073,-0.6578877224978417,3.732278682159202,264.99728178977966
-12.890023690234493,-6.3479417218801215,3.050144175636352,-12.806546053213264,0.5396999448969088,3.661810210795655,-0.5592802557489064,-0.006246394893782685,0.004703356103561893,0.8289417690776789,0.1046774811469309,0.20514713052347897,-0.0110264755259587,0.009357239650853444,0.00021914960939284356,-0.07698571789660491,1645,343000000,29.5,0,2,2,-14.364295833519371,-0.6895378502997183,3.7273300927293165,-14.364295833519371,-0.6895378502997183,3.7273300927293165,265.32768392562866
-12.884937394730386,-6.452859484576475,3.0720742786082917,-12.77537373954814,0.506781209057158,3.6635494976208314,-0.553836480898044,-0.006613876541951032,0.005675182474241071,0.8325798468419963,0.08277243316710323,0.20801544366803865,0.02036561050806904,0.009006101754494011,-0.003194035025444464,-0.055679547222098336,1645,506000000,28.68,0,2,2,-14.34728033616028,-0.7262393653384382,3.726575261866249,-14.34728033616028,-0.7262393653384382,3.726575261866249,265.68072390556335
-12.884937394730386,-6.452859484576475,3.0720742786082917,-12.739492582172621,0.4740379001352549,3.672242994217989,-0.5501194431231912,-0.006667832749326056,0.00665694271660444,0.8350328277486608,0.06522338249289367,0.20973552711337753,0.049814070392030355,0.006200995449034963,-0.004767660038851318,-0.023314922327699605,1645,702000000,27.86,0,2,2,-14.327918508119788,-0.7727675872458818,3.731843461382746,-14.327918508119788,-0.7727675872458818,3.731843461382746,266.04880595207214
-12.877894806867692,-6.557162017261522,3.0978869674096923,-12.69571360026367,0.43833336752687346,3.690239913640704,-0.5509353148784177,-0.006349963143118123,0.007441134741114266,0.8344906148673359,0.06046630171252283,0.207854036893358,0.07888708841253658,-0.000347955773349895,-0.006575316228918382,0.031118729748413898,1645,929000000,27.24,0,2,2,-14.308521075179673,-0.8241292314156037,3.7442131704490977,-14.308521075179673,-0.8241292314156037,3.7442131704490977,266.4554271697998
-12.868825658704356,-6.660671149728165,3.1275302587205234,-12.667048092943583,0.4129527432392161,3.7067631625683792,-0.5542510281380426,-0.005778421193113866,0.007687596232644464,0.8322940036553197,0.07387956477756463,0.1995422056166279,0.09583495031864334,-0.0017239289036297123,-0.007308796330107725,0.052578429676941596,1646,181000000,27.23,0,2,2,-14.28710143382154,-0.8839864552481176,3.7658781864421456,-14.28710143382154,-0.8839864552481176,3.7658781864421456,266.82595014572144
-12.857665996714566,-6.763208457982669,3.160944454897098,-12.644613332128264,0.38801552936459877,3.7238234828150722,-0.5583226270421697,-0.005082640627440667,0.00777835704963237,0.8295718823939193,0.10587228134530109,0.1832844920467091,0.10922097226692355,-0.004247038896210142,-0.008930437979870476,0.06739027448929846,1646,359000000,27.61,0,2,2,-14.272842741977948,-0.9247816353398222,3.784495764139599,-14.272842741977948,-0.9247816353398222,3.784495764139599,267.1589095592499
-12.857665996714566,-6.763208457982669,3.160944454897098,-12.626729183160096,0.35909537469760067,3.7428253216945704,-0.5630258850430818,-0.004277952522958014,0.007838608605468896,0.8263910140537565,0.14536582182653074,0.1635341755396019,0.12077402728845979,-0.005083951919004903,-0.009557276280247606,0.07311069202842191,1646,524000000,28.11,0,2,2,-14.260349134339288,-0.9605965419934803,3.803097299066997,-14.260349134339288,-0.9605965419934803,3.803097299066997,267.4570634365082
-12.844358313024607,-6.864595709337353,3.1980622641951624,-12.61231993410702,0.3212720541913757,3.7662074250398576,-0.5685584834682123,-0.0034278721327366665,0.007951251526851607,0.82259727580884,0.18655664577065054,0.14303839336824478,0.13199153361898944,-0.0038728402159904363,-0.008502000036969548,0.0752977459342219,1646,683000000,28.71,0,2,2,-14.247857975670245,-0.9958743327050018,3.8232604153983085,-14.247857975670245,-0.9958743327050018,3.8232604153983085,267.77712202072144
-12.828851657088071,-6.964655309084123,3.238808936286523,-12.60216571282961,0.2736898589170706,3.794259808792218,-0.5745350278568394,-0.0026843830174220597,0.008055297545261651,0.8184359523107557,0.22244115538700412,0.12337843976940463,0.14166977344849785,-0.0031103526907827472,-0.006059599536456517,0.07051420980133116,1646,865000000,29.45,0,2,2,-14.233603461457413,-1.0349460529254566,3.8474927469799387,-14.233603461457413,-1.0349460529254566,3.8474927469799387,268.12108397483826
-12.828851657088071,-6.964655309084123,3.238808936286523,-12.5956922933148,0.21100512395190674,3.8302602549852636,-0.5808706007329049,-0.002105279285764233,0.00808143026011686,0.8139530720430227,0.2492639092329776,0.10861962980715476,0.15158300985469336,-0.002958080017378961,-0.0030926250474294648,0.05923970238654874,1647,74000000,30.27,0,2,2,-14.217253221202972,-1.0778174470328035,3.876032752694329,-14.217253221202972,-1.0778174470328035,3.876032752694329,268.5080358982086
-12.81110172756657,-7.0632107475678865,3.2831024127962687,-12.591097531653151,0.145646010260437,3.868591175808863,-0.5860083587291102,-0.001791945976782635,0.00790596198748493,0.8102644557144804,0.25372157497034953,0.10772792783110315,0.16071317675270821,-0.0025990474114223616,-0.00040521715334307373,0.0454820543382084,1647,312000000,31.14,0,2,2,-14.196570761303995,-1.1289004767388355,3.9122751983821815,-14.196570761303995,-1.1289004767388355,3.9122751983821815,268.9538822174072
-12.791070944239198,-7.160087046474805,3.3308534925573934,-12.583711925304804,0.07597040295535948,3.912264572350043,-0.5896497291725424,-0.0016860263499426007,0.007568276357607602,0.8076218641139363,0.23825705574805095,0.11814444854138846,0.16856649537367013,-0.002889776919801079,0.0013656015653396025,0.021466060388775077,1647,553000000,31.87,0,2,2,-14.174483218408705,-1.17960847688456,3.950221646513928,-14.174483218408705,-1.17960847688456,3.950221646513928,269.4366157054901
-12.768728499821618,-7.255111203149934,3.381966011250106,-12.575043821800218,0.030373820380584483,3.94367733120743,-0.5904001494773631,-0.0016317376166382993,0.007246790482697307,0.807076505021152,0.21888143080516081,0.1312214982813448,0.17384972547618857,-0.003604924813771504,0.001495227206760319,0.003203038068022579,1647,806000000,32.38,0,2,2,-14.149249078769742,-1.2344992577295826,3.9927734396291106,-14.149249078769742,-1.2344992577295826,3.9927734396291106,269.7944462299347
-12.744050391633543,-7.348112631760661,3.4363370350639393,-12.559665014206313,-0.02142505387778982,3.9833366600969518,-0.588005213312202,-0.0015036375393300953,0.006887349378202066,0.8088264168598627,0.19000196090321278,0.14952661753760227,0.18030411679118194,-0.0035892452387997764,0.0007275022198882652,-0.05069667713542003,1647,993000000,32.48,0,2,2,-14.131480055140127,-1.2728731128882875,4.0229884918798575,-14.131480055140127,-1.2728731128882875,4.0229884918798575,270.15162086486816
-12.744050391633543,-7.348112631760661,3.4363370350639393,-12.538732913862303,-0.06830728604665519,4.024411319316687,-0.5816115002074712,-0.0011978584890406062,0.0065140516794199126,0.8134397304608209,0.15883670263674862,0.1683087936342941,0.18684197582244894,-0.004578561038215412,-0.0005379879155498202,-0.08440030142082833,1648,216000000,32.12,0,2,2,-14.109944093294251,-1.320364983723183,4.060661055624337,-14.109944093294251,-1.320364983723183,4.060661055624337,270.48066878318787
-12.71701943311114,-7.4389236001286365,3.493857067992779,-12.513298642519404,-0.11094462577871045,4.066941139677905,-0.5735346039388284,-0.0006858287974651186,0.006187688258828162,0.8191576772744081,0.13401094105134867,0.18139414805698686,0.19354225603024017,-0.004592899176714127,-0.0022864887569085113,-0.09077006834559143,1648,430000000,31.19,0,2,2,-14.089183486723115,-1.36848200261155,4.098950710200878,-14.089183486723115,-1.36848200261155,4.098950710200878,270.8570454120636
-12.687625245218829,-7.527379661061074,3.5544102723452156,-12.490290231247409,-0.1433769287906401,4.1026512790034335,-0.5673586860118924,-0.00022391819809092217,0.005995898194145852,0.8234489179495863,0.11818119624660954,0.18731830821768464,0.1975250305666087,-0.004451502218216774,-0.0027799709869213984,-0.07903367586550303,1648,638000000,30.02,0,2,2,-14.069444008529867,-1.4173222015153093,4.137951222923824,-14.069444008529867,-1.4173222015153093,4.137951222923824,271.228529214859
-12.687625245218829,-7.527379661061074,3.5544102723452156,-12.46632895135287,-0.17441057821147338,4.139102323583381,-0.5628844135883748,0.00028912839557161023,0.005801612155850781,0.8265152113787351,0.11070338562696766,0.18899971936040655,0.2020270235730505,-0.0047935899146978045,-0.0033871052437461913,-0.04721502846223302,1648,820000000,29.12,0,2,2,-14.054103112191582,-1.4576726510516862,4.170252358863399,-14.054103112191582,-1.4576726510516862,4.170252358863399,271.61066913604736
-12.655864227872215,-7.613320077025024,3.617874702026272,-12.440228461617737,-0.20896500550561095,4.1804978302148195,-0.5621297334271609,0.001031896769966251,0.005517166772951649,0.8270300229477552,0.11783966068100386,0.1843262633387221,0.20670370144669392,-0.006364060254782089,-0.004896433711110149,0.01681295343587408,1649,16000000,28.45,0,2,2,-14.039331919276272,-1.4982832544534426,4.20285401093977,-14.039331919276272,-1.4982832544534426,4.20285401093977,271.9595727920532
-12.62173951154128,-7.696588237022761,3.6841225481205733,-12.414448487520028,-0.24925360419945422,4.226749708385811,-0.5659147446475612,0.0018702160096462455,0.005343977485020262,0.8244443255837246,0.1410275014203864,0.17082153900181302,0.20875969530913943,-0.004800710121344309,-0.005650700677506393,0.05793799718958326,1649,214000000,28.29,0,2,2,-14.023398405207722,-1.5437084537538706,4.239526294706925,-14.023398405207722,-1.5437084537538706,4.239526294706925,272.3226809501648
-12.585260889259121,-7.777032064545336,3.753020396282529,-12.389985799883569,-0.3023034871937168,4.281914246383805,-0.5733335239024622,0.0026598137401942397,0.005390319054048562,0.8193000306486922,0.17753484980787057,0.15226197931739444,0.21031879363974096,-0.0025475997745161294,-0.004773350792675046,0.07418704117299058,1649,437000000,28.63,0,2,2,-14.004746876056062,-1.5984295561632587,4.28399786325472,-14.004746876056062,-1.5984295561632587,4.28399786325472,272.76057529449463
-12.585260889259121,-7.777032064545336,3.753020396282529,-12.375524654892377,-0.3477207440904923,4.324661461865009,-0.5793681619790851,0.003039446625801406,0.005496107671026076,0.8150417703710982,0.20418664170919748,0.13988456923545456,0.21128485711157347,-0.0010702772783588443,-0.0029847915129721514,0.07370461826212704,1649,695000000,29.73,0,2,2,-13.986152123124592,-1.6532777466321735,4.32899139037981,-13.986152123124592,-1.6532777466321735,4.32899139037981,273.14162158966064
-12.546444729317436,-7.854504415502291,3.8244294954150524,-12.365014114283687,-0.39170374583219625,4.363362829681728,-0.5844114997088553,0.0031921346382808645,0.005558128418270431,0.8114321391792315,0.22388851398727144,0.13148159338391868,0.21229622625813382,-0.00041727114137302124,-0.0010934762713077362,0.06574124199687503,1649,896000000,30.54,0,2,2,-13.970396838700427,-1.699077774048799,4.367009828917152,-13.970396838700427,-1.699077774048799,4.367009828917152,273.48882937431335
-12.505313868984805,-7.928863465050148,3.8982060370957905,-12.354715239191712,-0.4427697176609621,4.406529066687171,-0.5890519522041662,0.0031337927607966052,0.005514703047904795,0.8080702723140396,0.23234321005886294,0.12852721128710054,0.21259136235149567,-0.00019910681317014678,0.001815121481740789,0.050396790538798086,1650,75000000,31.23,0,2,2,-13.955863069541794,-1.7402464962216295,4.401427840427413,-13.955863069541794,-1.7402464962216295,4.401427840427413,273.85303950309753
-12.461897489637368,-7.99997308226976,3.9742014451881857,-12.340621326299614,-0.5097623899153523,4.462932324045285,-0.5928479473537704,0.0028386763050769646,0.005244286179670428,0.8052923386557964,0.2289267401644075,0.1337036657214361,0.2153064571830965,-0.00031492479877215374,0.0037790279975524754,0.023322493325395044,1650,261000000,31.89,0,2,2,-13.939160252102543,-1.785878962082857,4.439833487991584,-13.939160252102543,-1.785878962082857,4.439833487991584,274.2657368183136
-12.461897489637368,-7.99997308226976,3.9742014451881857,-12.324696882851072,-0.5702231177253331,4.515877107152694,-0.5941693108831362,0.002507649568731468,0.00489320451852385,0.8043212034056039,0.21777223014594876,0.1438159539678754,0.2199823552140246,-0.001218552495174663,0.003955051852244651,0.0026699532327256748,1650,528000000,32.44,0,2,2,-13.916331927546674,-1.8451261187013053,4.490201694383927,-13.916331927546674,-1.8451261187013053,4.490201694383927,274.6531698703766
-12.416230973744334,-8.067703191672502,4.052262675053997,-12.312155291808432,-0.6093480777378362,4.551852837364248,-0.5936892271014045,0.0023364474389753185,0.004605077424373095,0.8046778460346831,0.20849857294930207,0.15145827724409194,0.2239444908961314,-0.0019197999904463359,0.0036765261938853655,-0.014097762414166937,1650,770000000,32.63,0,2,2,-13.894107314928364,-1.8999855172154405,4.53750569355256,-13.894107314928364,-1.8999855172154405,4.53750569355256,274.9472088813782
-12.3683557442016,-8.131930120548828,4.132232521764882,-12.29811642533308,-0.6473701958714198,4.588351572514721,-0.5919933856446051,0.0021957772437191476,0.004318887503748529,0.8059282580515859,0.1975728706063801,0.15872439948928618,0.22690653998702986,-0.0017074617517209845,0.0035387618709137314,-0.03877185263263527,1650,920000000,32.56,0,2,2,-13.87880456171374,-1.9367466004374798,4.5696089671222415,-13.87880456171374,-1.9367466004374798,4.5696089671222415,275.2735366821289
-12.318319086556812,-8.192536931208004,4.213949936692147,-12.280607442505149,-0.6886030973900429,4.629950815385714,-0.5884987365794673,0.0021454209037800103,0.0039094134158842485,0.8084858382805847,0.18475854900469224,0.16675735102653735,0.23067637569602714,-0.003769854265556205,0.0028760764962498797,-0.05420533925644122,1651,82000000,32.32,0,2,2,-13.86333424714814,-1.9736391232170538,4.602033771353355,-13.86333424714814,-1.9736391232170538,4.602033771353355,275.6081612110138
-12.318319086556812,-8.192536931208004,4.213949936692147,-12.257343918486248,-0.7372140548669733,4.681864003876807,-0.5836324626824667,0.002234391572054243,0.0034480614195782104,0.8120075534562154,0.17349994689922918,0.17327627470344467,0.2372284816027991,-0.0033425144238208304,0.0011099176617790363,-0.05253428826108575,1651,259000000,31.82,0,2,2,-13.845884061841353,-2.015327600188782,4.639024963822188,-13.845884061841353,-2.015327600188782,4.639024963822188,275.99614095687866
-12.266173954716844,-8.249413737196672,4.297250351837313,-12.232838692566485,-0.7844990968216091,4.735308994631425,-0.5794894909469928,0.0024285394594630396,0.0030887909893192902,0.8149702396089771,0.1661238258059365,0.17690290732400815,0.24439742675177784,-0.0040689200432098005,-5.336804047573196e-05,-0.03645612159743905,1651,477000000,31.11,0,2,2,-13.824673975032553,-2.0664945466495768,4.685127995475608,-13.824673975032553,-2.0664945466495768,4.685127995475608,276.3502984046936
-12.211978760775317,-8.302458002624428,4.3819660112501,-12.20824972252819,-0.8312780418520229,4.78996667470968,-0.57778759125732,0.002756757813306461,0.0027444326833438505,0.8161779020315787,0.16616082186496503,0.17510649339168005,0.24906958988862607,-0.00529913668287918,-0.0011613125934673008,-0.0025396689920853532,1651,698000000,30.51,0,2,2,-13.803690156052962,-2.1178118648110766,4.73229521286327,-13.803690156052962,-2.1178118648110766,4.73229521286327,276.716432094574
-12.211978760775317,-8.302458002624428,4.3819660112501,-12.184698392859078,-0.8786500954438267,4.845576625369003,-0.5793176006755965,0.003229052736338277,0.002392246756852926,0.8150919996671235,0.17331037229502994,0.16994391534721154,0.2533553485572725,-0.004788815249412437,-0.0018804859564625076,0.030817408332950436,1651,930000000,30.25,0,2,2,-13.782958624856498,-2.169127796721346,4.780380793342613,-13.782958624856498,-2.169127796721346,4.780380793342613,277.0870792865753
-12.155797149641744,-8.35157482376831,4.467926308866648,-12.166520708647177,-0.9183652936421336,4.891787950893176,-0.5823785463658762,0.0036023961266079445,0.0021942815542296606,0.8129067822348246,0.18177492312200944,0.16492575639636323,0.2569970914132783,-0.003952566294174176,-0.001999197047553025,0.04888504627160728,1652,145000000,30.44,0,2,2,-13.762324885413644,-2.2203298830926146,4.829449462271653,-13.762324885413644,-2.2203298830926146,4.829449462271653,277.43742179870605
-12.097697759196603,-8.396677192173357,4.554958132087373,-12.149472754670379,-0.9591821619052936,4.938408376547877,-0.5861977375008626,0.003915477480627714,0.002057590750770869,0.8101559404863182,0.1920064513112171,0.1585346265288827,0.2578846700611579,-0.0029405233817669796,-0.0017034735606102913,0.05444377093226649,1652,323000000,30.86,0,2,2,-13.745418607975047,-2.261990585824941,4.870077677737306,-13.745418607975047,-2.261990585824941,4.870077677737306,277.78280663490295
-12.03775396673645,-8.437686238514564,4.642886210402724,-12.133483092405157,-1.001133112029794,4.985225979917975,-0.5899621840134135,0.004163483408635582,0.0019301131112512643,0.8074178357600275,0.20049750242579895,0.15389506351128468,0.259260298681912,-0.002652935063451878,-0.0010050378705273033,0.04954068863298744,1652,497000000,31.39,0,2,2,-13.72835797717496,-2.3034066741686012,4.911260966056982,-13.72835797717496,-2.3034066741686012,4.911260966056982,278.11373925209045
-12.03775396673645,-8.437686238514564,4.642886210402724,-12.118149492345449,-1.0439998871521141,5.032410132083543,-0.5930620813135337,0.004303522025822595,0.0018557619695729844,0.8051430950792196,0.206863585151477,0.1509330349008182,0.26177561152675544,-0.0014499239227916405,-0.0004527291480371787,0.0380713874619687,1652,680000000,31.92,0,2,2,-13.710981437490918,-2.344565242616704,4.953210494311669,-13.710981437490918,-2.344565242616704,4.953210494311669,278.4341013431549
-11.976043622511344,-8.47453145653513,4.731533468364691,-12.101368613972022,-1.0923243437214536,5.085529504105684,-0.5953498508036981,0.00437914613705245,0.0017468670158693393,0.8034527532361524,0.21018624142203715,0.15044057970208707,0.2660701272220488,-0.0014114035138845793,0.00047226696722191264,0.021735338305006735,1652,870000000,32.36,0,2,2,-13.693201592371185,-2.385454649272369,4.996038430382246,-13.693201592371185,-2.385454649272369,4.996038430382246,278.7424736022949
-11.912648771192371,-8.50715090642781,4.820721382193131,-12.086095385889895,-1.1359658793311678,5.133953633240807,-0.596022388382321,0.00436043909413451,0.0015887068319795734,0.8029544041404482,0.20945022640288843,0.151331153362815,0.26876902398658753,-0.0013007157235733757,0.0016422006524408062,0.001239171194811206,1653,63000000,32.7,0,2,2,-13.6729793319475,-2.4305216979042554,5.044491542874737,-13.6729793319475,-2.4305216979042554,5.044491542874737,279.09927010536194
-11.912648771192371,-8.50715090642781,4.820721382193131,-12.073842584435312,-1.1696889752948856,5.172030572317475,-0.5953986537894089,0.004270726215907333,0.0014478557067461267,0.8034177665929478,0.20562197223094034,0.15439870982266077,0.2722350104991529,-0.0008253922032963601,0.002576296242295939,-0.020639468129957095,1653,253000000,32.82,0,2,2,-13.654316666207398,-2.470752093445427,5.0889016224572545,-13.654316666207398,-2.470752093445427,5.0889016224572545,279.3624792098999
-11.847655362139955,-8.535491397079774,4.910270339298972,-12.061073400201215,-1.2030353537870195,5.210599140534289,-0.593798040664562,0.0041764582514363865,0.001253700401855479,0.8046023069409529,0.20127501694871436,0.15770673049932032,0.2761918017738216,-0.001815136056393385,0.002737343334047182,-0.03523282503010705,1653,384000000,32.74,0,2,2,-13.639558471893931,-2.5018104424480403,5.123807790740901,-13.639558471893931,-2.5018104424480403,5.123807790740901,279.6636800765991
-11.847655362139955,-8.535491397079774,4.910270339298972,-12.045829016064303,-1.2405692321322188,5.255348530173881,-0.5911805522444622,0.004089751917166392,0.0009845326999423953,0.8065282755567542,0.1941471928641949,0.16211171212096814,0.28058558076387036,-0.002029107076850778,0.0028962778742425144,-0.04391179245430976,1653,534000000,32.53,0,2,2,-13.624590391327963,-2.532677450499065,5.159077437312825,-13.624590391327963,-2.532677450499065,5.159077437312825,279.9529616832733
-11.781152949374528,-8.559508646656381,4.999999999999998,-12.031824453360194,-1.272722504120749,5.295062117205709,-0.588675920470227,0.0040164464302073,0.0007521195777918813,0.8083588084092017,0.18743699680099585,0.16587859605719535,0.28492262531923784,-0.0018743571558843541,0.002511752950340451,-0.04351731840870343,1653,680000000,32.18,0,2,2,-13.607230316348154,-2.5677198324143755,5.199895807980085,-13.607230316348154,-2.5677198324143755,5.199895807980085,280.249755859375
-11.713234382178594,-8.57916742105615,5.089729660701032,-12.008778879811768,-1.3220212084688983,5.358593645547718,-0.5851485440692346,0.003953402007442819,0.0004316918377207928,0.8109163740043603,0.1780164255655659,0.17006061922512902,0.2908821325922645,-0.0019284495920146583,0.0017194254496644135,-0.034675438291742466,1653,830000000,31.84,0,2,2,-13.591819814832116,-2.5981626107889975,5.236121360210822,-13.591819814832116,-2.5981626107889975,5.236121360210822,280.5948443412781
-11.713234382178594,-8.57916742105615,5.089729660701032,-11.989147375438792,-1.361318326388503,5.4115720829198946,-0.5830190386263547,0.003967546387426646,0.00019008766308537873,0.8124487817958401,0.1712589364828136,0.17272527475013413,0.29640712240652917,-0.0023884618713054806,0.0011017932706636202,-0.025627059403632302,1654,44000000,31.36,0,2,2,-13.5671969070659,-2.645578308854637,5.294088723667998,-13.5671969070659,-2.645578308854637,5.294088723667998,280.8991107940674
-11.64399548728488,-8.594441649827006,5.179278617806865,-11.97129624427109,-1.3956566332203375,5.459505253526833,-0.5816780131620509,0.004036905492368884,1.099779095461214e-05,0.8134091174046076,0.1677306629494727,0.1737778068151879,0.30173505280953905,-0.0023215062356030103,0.00015973181746176124,-0.01690672870608978,1654,228000000,31.07,0,2,2,-13.546789855072792,-2.6839580718187523,5.342242449210672,-13.546789855072792,-2.6839580718187523,5.342242449210672,281.2106635570526
-11.64399548728488,-8.594441649827006,5.179278617806865,-11.955532121273983,-1.4253971753853911,5.5001179547027865,-0.581135047336625,0.0041400584562072615,-8.999717662025236e-05,0.81379660147579,0.1651789268357872,0.17414852897431468,0.25757692415160915,-0.00017685405055978265,-0.0011813225569312635,-0.0014323406048788456,1654,386000000,30.9,0,2,2,-13.528445391192312,-2.717757842772646,5.385691915134675,-13.528445391192312,-2.717757842772646,5.385691915134675,281.5091633796692
-11.573534743627139,-8.605314519193234,5.268466531635313,-11.937466932969892,-1.4591381892171338,5.533046800123031,-0.5815834402047281,0.004202630134040288,0.0002695312387139058,0.8134758554084448,0.16401503412709728,0.1740406679775898,0.16131842275912142,0.005979280558676692,-0.005354944187274668,0.013923437927587656,1654,529000000,30.83,0,2,2,-13.512213384800603,-2.747060065952909,5.422337023591391,-13.512213384800603,-2.747060065952909,5.422337023591391,281.83173060417175
-11.501952950650319,-8.611778541902554,5.357113789597271,-11.919513019043606,-1.4928216608429978,5.55143193334372,-0.5828577401567003,0.004281236386376003,0.001229258603253422,0.8125620066663926,0.16409801687413472,0.17310948945920474,0.07407041135436598,0.01167883056041319,-0.009768398376763798,0.023785872690496035,1654,690000000,30.91,0,2,2,-13.493530649271266,-2.780188792429614,5.45071963057801,-13.493530649271266,-2.780188792429614,5.45071963057801,282.1643719673157
-11.501952950650319,-8.611778541902554,5.357113789597271,-11.899276382681228,-1.5306282363968893,5.556654934160846,-0.5847082950341718,0.004382998693451016,0.0027788938942185587,0.8112270192673625,0.1627880064185258,0.17400738312929337,-0.011472458147782864,0.01484467275076895,-0.01164320347015746,0.025623228066251613,1654,845000000,31.11,0,2,2,-13.474666409537964,-2.812902043823959,5.464689375508768,-13.474666409537964,-2.812902043823959,5.464689375508768,282.47095465660095
-11.429352891192822,-8.613835603663967,5.4450418679126305,-11.878184793203209,-1.568150908107559,5.548037338320913,-0.5862300655745312,0.00438168106214795,0.004306321453755334,0.810121328371922,0.15829759843371063,0.17930290950041552,-0.08238995841385419,0.014725424352945993,-0.008821385381452274,0.01702923618722707,1655,26000000,31.4,0,2,2,-13.453146690196627,-2.849203799786265,5.465357416014292,-13.453146690196627,-2.849203799786265,5.465357416014292,282.77508211135864
-11.355838989967928,-8.61149698600856,5.532073691133348,-11.855636079304926,-1.6052290044858604,5.52777846314558,-0.5867138221055973,0.0040299353524515516,0.005720174775419594,0.8097641200817897,0.15238716377413727,0.18605538539844219,-0.1430878600144782,0.016161643179657403,-0.004289665957912803,-0.001321658157849015,1655,207000000,31.65,0,2,2,-13.431400461455429,-2.8854211874580757,5.45217214898133,-13.431400461455429,-2.8854211874580757,5.45217214898133,283.11127185821533
-11.355838989967928,-8.61149698600856,5.532073691133348,-11.834208169252769,-1.637701798286796,5.501832326236967,-0.5860209996452572,0.003286437330685822,0.00702573582343537,0.8102587403666708,0.14579608217108242,0.19278463926166972,-0.1710231666037842,0.019476254055916797,-0.0003691569759212143,-0.018039552742266096,1655,392000000,31.76,0,2,2,-13.409448345165263,-2.922044640411031,5.427566017748384,-13.409448345165263,-2.922044640411031,5.427566017748384,283.4196481704712
-11.28151696868165,-8.604783365467831,5.61803398874989,-11.814378742795842,-1.665742153336744,5.482828311624362,-0.584714063904964,0.0025273600598692335,0.007863404313093618,0.8111974129615295,0.14204390067639722,0.1992714425183064,-0.11211064897017695,0.01308320333919255,0.004304215417505475,-0.02704400867514778,1655,539000000,31.69,0,2,2,-13.38973461734791,-2.9551683871207217,5.398266287998295,-13.38973461734791,-2.9551683871207217,5.398266287998295,283.7215268611908
-11.206493498832378,-8.593724789026602,5.702749648162683,-11.787810503683996,-1.7016271641298673,5.470166941038843,-0.5825731735124351,0.0015630151396605692,0.007998544822567106,0.8127373977909744,0.1409135078321667,0.205072861616244,-0.04149433610754959,0.003377295615791809,0.011208782234461978,-0.030040172532608267,1655,695000000,31.52,0,2,2,-13.37231674103359,-2.98476531302532,5.376656889568997,-13.37231674103359,-2.98476531302532,5.376656889568997,284.07283425331116
-11.206493498832378,-8.593724789026602,5.702749648162683,-11.754983332059764,-1.7460484756864942,5.471260122736363,-0.5802069474871252,0.0004102027116213206,0.006980570681907147,0.8144390716648866,0.14511987966801718,0.20713895491165574,0.03907615017441311,-0.004395661835587816,0.015132107364479452,-0.019644369422167074,1655,861000000,31.22,0,2,2,-13.349583555210732,-3.023751156406106,5.361306074802487,-13.349583555210732,-3.023751156406106,5.361306074802487,284.4792227745056
-11.13087585324229,-8.578360625870383,5.786050063307842,-11.725965700282464,-1.7875576194236658,5.486812359414067,-0.5795205926761794,-0.00032168450338342135,0.00557867372980214,0.8149384379097272,0.1525981533096648,0.20449750673535894,0.10519673249678418,-0.009576401589583838,0.013490736273524817,-0.0004667778604527939,1656,87000000,30.86,0,2,2,-13.321144660722414,-3.072547588210727,5.360674289695992,-13.321144660722414,-3.072547588210727,5.360674289695992,284.83624172210693
-11.054771557371982,-8.558739495509858,5.867767478235114,-11.701309587085051,-1.8260909954651816,5.511173659052655,-0.5805623649711278,-0.000537410239799562,0.0041508634072658195,0.8142050244885124,0.16279131002198058,0.19723971648748978,0.15661698249589745,-0.012746710035571596,0.009866536038316553,0.0237171554545057,1656,296000000,30.73,0,2,2,-13.294674444964803,-3.1172098139367925,5.375548919802341,-13.294674444964803,-3.1172098139367925,5.375548919802341,285.150265455246
-11.054771557371982,-8.558739495509858,5.867767478235114,-11.676039215184872,-1.8703035553376006,5.547285067130171,-0.5834577356166445,-0.00024960063058122916,0.0024622502495499376,0.8121397329107419,0.17448349612552436,0.18697682619588102,0.17474540288953497,-0.014903870123816887,0.005548615899897413,0.04456738970475271,1656,477000000,30.69,0,2,2,-13.267590330235635,-3.1613366269816936,5.403140270741311,-13.267590330235635,-3.1613366269816936,5.403140270741311,285.5425674915314
-10.978288041468776,-8.534919172427735,5.947737324945993,-11.659715879010967,-1.9019825168575206,5.567486294758826,-0.5862312215477156,3.7977446908421964e-05,0.001774269743307483,0.8101418427703043,0.1812458057925373,0.17907187455873633,0.11679099325316251,-0.007157979325711494,-0.00026619417852202787,0.051753372463281266,1656,660000000,31.21,0,2,2,-13.242633977844655,-3.2001232953739613,5.436457624947845,-13.242633977844655,-3.2001232953739613,5.436457624947845,285.8817617893219
-10.901532294594322,-8.506966467455548,6.025798554811811,-11.642216632784267,-1.9386344345547764,5.5810314852843055,-0.5896055575220184,0.0003965272703172028,0.0017763480384766148,0.8076892805360981,0.18642013877295754,0.17148280166008117,0.055234456184437605,0.0007287331754923798,-0.006891417478982476,0.051030419126618654,1656,813000000,31.59,0,2,2,-13.222802014262752,-3.2293771330789776,5.457328573914063,-13.222802014262752,-3.2293771330789776,5.457328573914063,286.21045684814453
-10.901532294594322,-8.506966467455548,6.025798554811811,-11.625416276129258,-1.9752219778097955,5.585303249044455,-0.5923803882556924,0.0008629562654835145,0.0024072012671331466,0.8056543528701239,0.1854034452894781,0.16770338956096328,0.0007783264504822651,0.0045348720504989615,-0.011263952183071524,0.03353751890244894,1656,966000000,32.06,0,2,2,-13.199623793166246,-3.2615966150341205,5.471984716525246,-13.199623793166246,-3.2615966150341205,5.471984716525246,286.5018951892853
-10.824610521570174,-8.474957086149745,6.101793962904201,-11.608233691718286,-2.0109491731147844,5.5817792621754805,-0.5936046196179575,0.0013676372176119182,0.003250236371449853,0.8047491044419935,0.17655217630340916,0.17054479277537732,-0.04327404590701981,0.005340579946278012,-0.01092314023480867,0.005588316525972914,1657,132000000,32.46,0,2,2,-13.175976253411294,-3.2924388702724294,5.47758044620167,-13.175976253411294,-3.2924388702724294,5.47758044620167,286.7714457511902
-10.747627803869088,-8.438975464497581,6.175570504584945,-11.59200312095735,-2.0409649328455397,5.573534934021205,-0.5931958684002766,0.0017060737862462448,0.00393352851580091,0.805046755399022,0.1636534791413091,0.1775436059791429,-0.07478827832134731,0.005040342648499063,-0.008163962684193393,-0.019070896632911172,1657,279000000,32.64,0,2,2,-13.151894837794336,-3.3219810361047966,5.475256295317098,-13.151894837794336,-3.3219810361047966,5.475256295317098,287.04310297966003
-10.747627803869088,-8.438975464497581,6.175570504584945,-11.574009962184379,-2.0693934164412764,5.561414077984392,-0.5915220354799886,0.0018487540123651512,0.0045082268258369845,0.8062741094324557,0.14616911854373854,0.18804773625266813,-0.09929713104896849,0.005928848759140237,-0.004719830030808225,-0.038455676985904574,1657,435000000,32.61,0,2,2,-13.13047035651257,-3.3470072866192098,5.467828657089474,-13.13047035651257,-3.3470072866192098,5.467828657089474,287.3347690105438
-10.670687765466973,-8.399114582343575,6.246979603717463,-11.553833208047553,-2.095910322057135,5.546325576897506,-0.5889672546527225,0.0017421295778739638,0.005045085901547694,0.8081392732936663,0.12635919638006538,0.19964415872104124,-0.11831932107658087,0.008555554086342454,-0.0017052516000148898,-0.050216335148434155,1657,571000000,32.39,0,2,2,-13.108746158454544,-3.3714874592236486,5.456309624289181,-13.108746158454544,-3.3714874592236486,5.456309624289181,287.64596796035767
-10.670687765466973,-8.399114582343575,6.246979603717463,-11.52803239913061,-2.123711342757374,5.526228106496608,-0.5854896517284485,0.0012882692689295747,0.005708515547314107,0.8106587573889747,0.10317424012350651,0.2118961533738044,-0.13625501504341375,0.011671897664200515,0.0013237718462733028,-0.055517903092550114,1657,712000000,32.05,0,2,2,-13.086788323557357,-3.3956044053658707,5.441446398572265,-13.086788323557357,-3.3956044053658707,5.441446398572265,287.95244121551514
-10.593892244653583,-8.355475754986642,6.315877451879423,-11.510574802938587,-2.139787965356896,5.512328287362946,-0.5832263572022283,0.0008613864951994466,0.006142418349583583,0.812285999494478,0.0903061680068768,0.2179181756713974,-0.14566031930558526,0.01281967961404007,0.0026951347763315425,-0.05542054459510837,1657,859000000,31.58,0,2,2,-13.061601594188796,-3.422970742585854,5.421149805071612,-13.061601594188796,-3.422970742585854,5.421149805071612,288.2196092605591
-10.517340972781431,-8.308168403456124,6.38212529797373,-11.477322821856877,-2.1667509753471554,5.485234427618571,-0.5792877876322664,-4.08157754619937e-05,0.006890986678614989,0.8150939649738438,0.07371718823797443,0.22383595105008816,-0.160134737040672,0.01264449938389589,0.004301852504795534,-0.051061481644865125,1657,976000000,31.28,0,2,2,-13.045827971339936,-3.4400116891779766,5.4071072389050165,-13.045827971339936,-3.4400116891779766,5.4071072389050165,288.52746176719666
-10.517340972781431,-8.308168403456124,6.38212529797373,-11.440036221303107,-2.195595942950472,5.452545476743918,-0.575696616417728,-0.0011496772051246798,0.007657448044251013,0.8176267165259175,0.07350336285309937,0.21879066074837392,-0.17224560051281915,0.012337943189777434,0.005173335785002564,-0.038073063842603005,1658,147000000,30.73,0,2,2,-13.017348005498922,-3.4705333814105637,5.3799145354520945,-13.017348005498922,-3.4705333814105637,5.3799145354520945,288.8865501880646
-10.441131260909902,-8.257309804031784,6.445589727654782,-11.41180417253041,-2.2193166057753073,5.425031182304087,-0.5735690948414972,-0.002007856152737038,0.008192023528421306,0.8191137605405522,0.08255197619850634,0.20943976722574878,-0.17856082674216717,0.010881882553803734,0.004995504104954307,-0.028705169825116172,1658,343000000,30.22,0,2,2,-12.985619235993461,-3.50415106542576,5.347543392097086,-12.985619235993461,-3.50415106542576,5.347543392097086,289.19786047935486
-10.441131260909902,-8.257309804031784,6.445589727654782,-11.38293497469387,-2.2476923332659755,5.393005679626249,-0.5725200358048441,-0.002837465698152132,0.008705645043155961,0.8198395996381329,0.10161597447925841,0.194271251920003,-0.18458285689871975,0.008927925682655768,0.0037357514429459115,-0.00036466737611817734,1658,507000000,29.91,0,2,2,-12.960124203450977,-3.5306889874525886,5.320634711076548,-12.960124203450977,-3.5306889874525886,5.320634711076548,289.5755252838135
-10.365357695277192,-8.203024817628188,6.506142932007223,-11.36584894458669,-2.2680295462389015,5.371213907669331,-0.5730500029855423,-0.0032923717261428152,0.009023308619060418,0.8194641140820333,0.11562030341711105,0.18402741417300167,-0.1861940488481251,0.008076192261796677,0.002523357034078799,0.019669161702040583,1658,678000000,29.73,0,2,2,-12.931270985597097,-3.5600088724482237,5.289875019532722,-12.931270985597097,-3.5600088724482237,5.289875019532722,289.87982869148254
-10.290111842505238,-8.145445599717654,6.563662964936058,-11.345406270957685,-2.296738984061314,5.341972958814263,-0.5749573889224157,-0.0037271514614325638,0.00936858583755088,0.8181212250424174,0.1306504849042272,0.1729714285406549,-0.18699155789384464,0.00530859383616189,0.0010007291052716027,0.036707195977214724,1658,813000000,29.78,0,2,2,-12.91195261094179,-3.5792032716485416,5.2692782392387665,-12.91195261094179,-3.5792032716485416,5.2692782392387665,290.2335789203644
-10.290111842505238,-8.145445599717654,6.563662964936058,-11.326462288262649,-2.326382388997899,5.312842281220063,-0.5775640044061905,-0.00393535606012314,0.009575521295823477,0.8162797579132286,0.1345715678467358,0.16886131589900613,-0.1847411467694397,0.002409116291346436,-0.00036123580002822564,0.04071797739015892,1658,976000000,30.02,0,2,2,-12.886030131441277,-3.6042348193494997,5.242057141914251,-12.886030131441277,-3.6042348193494997,5.242057141914251,290.5475995540619
-10.215481965412536,-8.08471129151785,6.618033988749896,-11.307299509987356,-2.355583284936998,5.284325037058552,-0.5800591960783692,-0.0039550954774913005,0.009663348703336886,0.8145074007991073,0.12784342605384996,0.1713486338803417,-0.17973599889915412,0.0001237866172232316,-0.001121863158459746,0.034788433185894974,1659,129000000,30.37,0,2,2,-12.85988126783682,-3.628513367001756,5.215407286471242,-12.85988126783682,-3.628513367001756,5.215407286471242,290.8294599056244
-10.141552750277675,-8.020967693220346,6.669146507442604,-11.286313664067231,-2.3829471844621786,5.256764907293348,-0.5816932845364813,-0.0038915806417024225,0.009688941932834132,0.8133411969951427,0.10762196609518201,0.1814704613357394,-0.17339015587861425,-0.00028293911782384384,-0.0008912317014164728,0.014812595964031061,1659,286000000,30.7,0,2,2,-12.833359234300604,-3.6518510232866603,5.189784909904513,-12.833359234300604,-3.6518510232866603,5.189784909904513,291.1133177280426
-10.141552750277675,-8.020967693220346,6.669146507442604,-11.265238261608074,-2.4042031480280177,5.233611793449241,-0.5817204043743427,-0.003871006619974016,0.00970345838423379,0.8133217256029033,0.0814137195464423,0.19437799114834592,-0.16617117163232636,0.0002452519538564957,0.0001983126352911313,-0.013467112239595735,1659,449000000,30.92,0,2,2,-12.806475699559144,-3.6742456948911038,5.165347284253883,-12.806475699559144,-3.6742456948911038,5.165347284253883,291.39606642723083
-10.068405046361017,-7.954366920084192,6.716897587203733,-11.241105199549667,-2.4223466088459547,5.2131794608261295,-0.5802429859189753,-0.003925895942413107,0.00969220732669875,0.8143762801985439,0.051284188538280095,0.20983098326534208,-0.11470063622117403,-0.0010225006178643525,0.0018306074707652442,-0.036832284240517765,1659,581000000,30.92,0,2,2,-12.782630184529316,-3.6930485781542846,5.145097085096617,-12.782630184529316,-3.6930485781542846,5.145097085096617,291.7141592502594
-10.068405046361017,-7.954366920084192,6.716897587203733,-11.20951609961603,-2.4389801360488517,5.205123385957483,-0.5771991112133292,-0.0038198641037888717,0.00917401148344233,0.8165429763129879,0.01681809027649058,0.2276232613200638,-0.003718383247735163,-0.010337990170228295,0.004198933993393439,-0.053721345102530904,1659,733000000,30.71,0,2,2,-12.758528726857945,-3.7111619492818906,5.127564229352427,-12.758528726857945,-3.7111619492818906,5.127564229352427,292.0679018497467
-9.996115618455198,-7.885067042264726,6.761191063713476,-11.170224390948945,-2.453433074767216,5.216207200645092,-0.5729657485624956,-0.0033869779214982083,0.007852364638448238,0.8195346970838776,-0.008985157543742042,0.23704991692714,0.11023374405190492,-0.018850814012694173,0.00544710901522194,-0.05937193491263315,1659,896000000,30.27,0,2,2,-12.730709334918187,-3.7312325759262275,5.122661719426236,-12.730709334918187,-3.7312325759262275,5.122661719426236,292.41190361976624
-9.92475691319517,-7.813231709291097,6.801937735804839,-11.12680289894879,-2.4681996017134953,5.251005161138012,-0.5684326106844402,-0.0022178394765798347,0.0054879973295393165,0.8227085329470203,0.0011049037563348996,0.2241602821509566,0.22310560184315364,-0.030476347274088766,0.002840963452399592,-0.04933032796543557,1660,59000000,29.64,0,2,2,-12.699816310666236,-3.7537317788784237,5.137034643329577,-12.699816310666236,-3.7537317788784237,5.137034643329577,292.79677510261536
-9.854396839817479,-7.739029760147331,6.839055545102901,-11.08884656142765,-2.486032252503308,5.306593282434967,-0.5656374841462277,-0.00036098678512867365,0.0027981071636018454,0.8246491840859165,0.02924614571999195,0.2002156772806673,0.3219133261285526,-0.03272657013440039,-0.0010447125646351196,-0.02379967936576577,1660,272000000,28.96,0,2,2,-12.667265130162836,-3.779800020008802,5.175162302045835,-12.667265130162836,-3.779800020008802,5.175162302045835,293.1313934326172
-9.854396839817479,-7.739029760147331,6.839055545102901,-11.062700837311164,-2.502639046426827,5.3637984597947534,-0.5656750153607497,0.0011436355147661059,0.0012180245152808966,0.8246265733716718,0.04726915436593669,0.18286517480200606,0.38654725753064906,-0.02570999913587002,-0.00587805634495453,0.017025739180098753,1660,463000000,28.5,0,2,2,-12.636803693963346,-3.806793269270971,5.233855811494074,-12.636803693963346,-3.806793269270971,5.233855811494074,293.4575619697571
-9.785098566014495,-7.662634819950148,6.872469741279472,-11.042269891657426,-2.5181939874869435,5.421584339383204,-0.567419389889708,0.0024049119011622486,0.00041665611142694065,0.8234253328466545,0.05682494685685956,0.1699182074543436,0.4338780294475388,-0.016420169231423642,-0.010802873111970257,0.04104037579963915,1660,625000000,28.46,0,2,2,-12.612559691662499,-3.8271256833133296,5.293468502556321,-12.612559691662499,-3.8271256833133296,5.293468502556321,293.74438190460205
-9.716920329484363,-7.584224884252885,6.902113032590306,-11.023469139804563,-2.5338706547091467,5.485350275749298,-0.5702190990161804,0.003599849294821712,0.0002886598950572572,0.8214847149385647,0.060959527787703825,0.15872675813283826,0.4727617954621911,-0.006210253695826395,-0.015391613487736322,0.05385534968809225,1660,769000000,28.67,0,2,2,-12.590586906833433,-3.842772633114885,5.3533534221342105,-12.590586906833433,-3.842772633114885,5.3533534221342105,294.04094791412354
-9.716920329484363,-7.584224884252885,6.902113032590306,-11.005824131832357,-2.548948584416477,5.553968644673524,-0.573408129430312,0.004700609221062772,0.0008179099798348184,0.819255974893956,0.06017490617579544,0.14944522349029918,0.5043407247157249,0.0002628245908908866,-0.01852182213042397,0.05469153511512559,1660,900000000,29.05,0,2,2,-12.567686578042,-3.8558373602299953,5.419145150145421,-12.567686578042,-3.8558373602299953,5.419145150145421,294.3307890892029
-9.649915265730048,-7.503981892038007,6.927925721391706,-10.986560052294545,-2.5648001657138435,5.637264343530107,-0.5767417493627186,0.005799212221444462,0.001959077031624564,0.8169035963299621,0.055031570201735894,0.14108767997125984,0.5339668744616889,0.005562328033192898,-0.019800120026047807,0.04683690676756669,1661,53000000,29.49,0,2,2,-12.543858277742256,-3.86601905072982,5.4898548961353315,-12.543858277742256,-3.86601905072982,5.4898548961353315,294.6277735233307
-9.649915265730048,-7.503981892038007,6.927925721391706,-10.965624972752932,-2.5804871042355644,5.736030299440301,-0.5797729362404817,0.006925684064267308,0.003496051425703754,0.8147411582384684,0.04761065505884637,0.13360277309038163,0.5603750680793685,0.006618816178161069,-0.02010552016145084,0.03665302574518137,1661,213000000,29.97,0,2,2,-12.5155562756593,-3.873995557995342,5.575692463303066,-12.5155562756593,-3.873995557995342,5.575692463303066,294.93821954727173
-9.58413125261237,-7.422091288490966,6.949855824363647,-10.945204504329816,-2.5938242975985033,5.8390156245734115,-0.581979178918163,0.008017892379502222,0.005057186879547693,0.8131484326790508,0.03890055921786065,0.12777781835906885,0.5812800659929956,0.006601900759051205,-0.01961716370715294,0.025184315563819837,1661,383000000,30.42,0,2,2,-12.482462081204643,-3.8784361718103226,5.677616423698445,-12.482462081204643,-3.8784361718103226,5.677616423698445,295.2497169971466
-9.51961077211188,-7.338741578675988,6.9678591771972584,-10.929563561760109,-2.6025761033001347,5.921410004333725,-0.5827615871427133,0.008856783147101727,0.006208692190624069,0.8125711920099511,0.03210447302670422,0.12359897019855393,0.5935300948860038,0.0061765333612129325,-0.019012690063391346,0.004855150837101974,1661,565000000,30.78,0,2,2,-12.448727127754935,-3.878826483200721,5.784187898376256,-12.448727127754935,-3.878826483200721,5.784187898376256,295.54838466644287
-9.51961077211188,-7.338741578675988,6.9678591771972584,-10.911915204540177,-2.6109202889921272,6.0174448371279,-0.5819962763778499,0.009779537959452541,0.007410400774755072,0.8130988752175068,0.02382878391001369,0.11940231022789138,0.6044860486641387,0.005430730061561917,-0.017151344218291342,-0.03067116267629899,1661,704000000,30.93,0,2,2,-12.423370287797018,-3.8776955379518903,5.869839617518269,-12.423370287797018,-3.8776955379518903,5.869839617518269,295.90853238105774
-9.456390789702807,-7.2541238732583775,6.981899523535869,-10.894125722274687,-2.617198869689175,6.114930588581337,-0.5787266485376054,0.010458384971197133,0.008566587597216803,0.8154095302565235,0.009221027893400766,0.1184994778369578,0.6124825482984858,0.008147050994011806,-0.0136958209623117,-0.06557402739417739,1661,867000000,30.87,0,2,2,-12.397652198929435,-3.877187235475194,5.970385541733148,-12.397652198929435,-3.877187235475194,5.970385541733148,296.258914232254
-9.456390789702807,-7.2541238732583775,6.981899523535869,-10.877829939441702,-2.620535402688513,6.201138206701461,-0.5742764817696582,0.010796631658108673,0.009544523741686996,0.8185345791703895,-0.007594528219986937,0.12028839906420512,0.6183137475391143,0.010302898499503499,-0.010217397084488766,-0.0880272600625176,1662,21000000,30.45,0,2,2,-12.376115543032807,-3.878355388468741,6.073442819927414,-12.376115543032807,-3.878355388468741,6.073442819927414,296.5364933013916
-9.394502651690065,-7.16843142743993,6.9919485879904775,-10.857825645422617,-2.6215798373175794,6.300484937064314,-0.5679391128550566,0.010925318930026798,0.010598844851800245,0.8229298062310635,-0.029819170901890187,0.1238766779683846,0.623542496197502,0.011646517032204429,-0.007350144142037607,-0.10265181990689598,1662,171000000,29.86,0,2,2,-12.360375878514786,-3.8805859280570774,6.165237711838951,-12.360375878514786,-3.8805859280570774,6.165237711838951,296.8217613697052
-9.333972000806504,-7.081859174291824,6.997986133082629,-10.836084948187928,-2.619550894826042,6.400406006772914,-0.5611350332935211,0.01101559802388418,0.011576590536406587,0.8275700052336404,-0.0525300122561006,0.127228931079655,0.6265800337321045,0.01018676357489312,-0.008177803010767093,-0.10162434846279211,1662,325000000,29.01,0,2,2,-12.34534222570489,-3.8840062136721634,6.271295831808317,-12.34534222570489,-3.8840062136721634,6.271295831808317,297.1132798194885
-9.333972000806504,-7.081859174291824,6.997986133082629,-10.812806039695024,-2.6146426383592187,6.500520665647164,-0.5546424513593302,0.011371730681295707,0.012505508765461783,0.831917091507286,-0.07223152246473745,0.12794112347043513,0.627251321408018,0.007818136145942844,-0.01136757909989683,-0.09419245252502151,1662,486000000,28.1,0,2,2,-12.332768384569725,-3.887700690037562,6.3779261140891785,-12.332768384569725,-3.887700690037562,6.3779261140891785,297.43704628944397
-9.274818710313482,-6.9946032536850655,7.0,-10.788587306031033,-2.6073375170619544,6.600425230678739,-0.5491459934520915,0.012137010061422634,0.013380087870238012,0.8355311748288445,-0.0859041779391968,0.12548824855993154,0.6252145496980088,0.004021125641884282,-0.015610998343618121,-0.07014240982243791,1662,642000000,27.25,0,2,2,-12.32208096625424,-3.891229436450667,6.48448998097342,-12.32208096625424,-3.891229436450667,6.48448998097342,297.7813847064972
-9.217056836792455,-6.9068605380300525,6.997986133082629,-10.764228783701972,-2.5984421043320354,6.699672003160861,-0.5455766536488901,0.013328187061496884,0.01420638613258802,0.8378345021637533,-0.09119015317742854,0.12024662367017729,0.6203913086761138,0.0006338025968943839,-0.019550375873222947,-0.03832976253761444,1662,803000000,26.54,0,2,2,-12.312810332443384,-3.8943165350527105,6.590536547680428,-12.312810332443384,-3.8943165350527105,6.590536547680428,298.1366662979126
-9.217056836792455,-6.9068605380300525,6.997986133082629,-10.743354237215476,-2.5900049243868826,6.785673935514536,-0.5438690828190363,0.014509002686567964,0.014956457200652475,0.8389113266505742,-0.09118462140849258,0.11495629666922735,0.614312705174994,0.0005305355500695441,-0.019697401876328513,-0.022353051463142037,1662,968000000,26.1,0,2,2,-12.304087308710953,-3.8965392228131424,6.695525593008759,-12.304087308710953,-3.8965392228131424,6.695525593008759,298.4178683757782
-9.16069459176005,-6.8188281560460045,6.991948587990478,-10.720226804208888,-2.5800204793421377,6.882751343912625,-0.5426684038189306,0.015713076118105282,0.01582001657279844,0.8396510166796424,-0.08974799232229463,0.10961020377250423,0.6059351078606775,0.0019084148220827046,-0.016887556557776406,-0.015110194544831757,1663,105000000,25.9,0,2,2,-12.295844594276408,-3.897178909000746,6.786100381906857,-12.295844594276408,-3.897178909000746,6.786100381906857,298.69441294670105
-9.105734332182745,-6.73070301578608,6.98189952353587,-10.700562857126842,-2.5711090256869014,6.966430720333961,-0.5418277128703083,0.016546226379702284,0.016505222820093726,0.8401645848153688,-0.08844674165887585,0.10600142265739596,0.596996243281283,0.002368801528973563,-0.013833402681484586,-0.013860876970284153,1663,264000000,25.77,0,2,2,-12.284499466190262,-3.895710626575241,6.887758359551176,-12.284499466190262,-3.895710626575241,6.887758359551176,298.96271991729736
-9.105734332182745,-6.73070301578608,6.98189952353587,-10.678600242158558,-2.5607588850539234,7.060410949110063,-0.5408591079690153,0.01723088559058636,0.017228623060757065,0.8407601896237449,-0.08817580293803591,0.10261354985482256,0.5856203813838324,0.0040615093894302845,-0.010434497653477592,-0.015280933257599827,1663,412000000,25.68,0,2,2,-12.27144501062092,-3.891446880205043,6.974722897530592,-12.27144501062092,-3.891446880205043,6.974722897530592,299.24531722068787
-9.052172569911487,-6.642681328146602,6.967859177197259,-10.659703302969994,-2.55145724871396,7.14101858944041,-0.5398860050648294,0.017633630061393884,0.017773820052728578,0.8413657040471342,-0.08921903006543341,0.1002138627752813,0.5742137024906511,0.0037830821611350984,-0.0077228984991961624,-0.01776369408617029,1663,568000000,25.57,0,2,2,-12.252596642434552,-3.882814968899839,7.0716372191840655,-12.252596642434552,-3.882814968899839,7.0716372191840655,299.53123021125793
-9.052172569911487,-6.642681328146602,6.967859177197259,-10.643667470689682,-2.5432718595271644,7.208777344486204,-0.5389440816296165,0.017880151153513327,0.018155554313793554,0.8419560279009204,-0.09036308013746679,0.09840569131383527,0.5637886264861276,0.0031772267902852036,-0.006109574860602152,-0.01935814016178483,1663,708000000,25.45,0,2,2,-12.233090711567334,-3.872264076733833,7.154213985069596,-12.233090711567334,-3.872264076733833,7.154213985069596,299.7996702194214
-9.000000000000002,-6.554958132087373,6.949855824363648,-10.62511559369377,-2.533506696306143,7.286166334500963,-0.5377545325664139,0.018099147476470453,0.018513866223348652,0.8427038153007058,-0.09204025180486712,0.09652728132094049,0.5506297835693442,0.002811078275044565,-0.004460505033421214,-0.021121244571986608,1663,828000000,25.34,0,2,2,-12.214409992516037,-3.8611841565863796,7.2232984185942435,-12.214409992516037,-3.8611841565863796,7.2232984185942435,300.0897750854492
-9.000000000000002,-6.554958132087373,6.949855824363648,-10.606667571250144,-2.5234896649949206,7.361586363099673,-0.5364568186510404,0.018245321825508386,0.018779557253083626,0.8435214983529858,-0.09394292287925812,0.09492058384558151,0.5362223013658307,0.002431865391372412,-0.0030596585020248313,-0.02265521889057709,1663,962000000,25.2,0,2,2,-12.19080014010292,-3.8462754544630324,7.301902230833119,-12.19080014010292,-3.8462754544630324,7.301902230833119,300.3858106136322
-8.949201547814672,-6.467726822785956,6.9279257213917065,-10.58829759910552,-2.513258502527647,7.434919195359459,-0.5350754435832451,0.018301072628463838,0.019014488115004474,0.8443919644670747,-0.09621883232954502,0.09344860378639874,0.5210871775486616,0.0035161193409294356,-0.001612150879282126,-0.024230313647422008,1664,100000000,25.04,0,2,2,-12.166147517903285,-3.829999339082539,7.37848570599253,-12.166147517903285,-3.829999339082539,7.37848570599253,300.65809297561646
-8.949201547814672,-6.467726822785956,6.9279257213917065,-10.56997739989261,-2.5027789834473673,7.506071425202436,-0.5336024328023921,0.01827233893068921,0.019213787201150186,0.8453197003020569,-0.09850945075534304,0.0919840892605943,0.5053857480945012,0.003075652921324945,-0.0005709481229132507,-0.02555821483838372,1664,240000000,24.88,0,2,2,-12.141483611406438,-3.813300030207855,7.453269164211714,-12.141483611406438,-3.813300030207855,7.453269164211714,300.9216775894165
-8.899756434788042,-6.381178683941173,6.902113032590307,-10.546495285417215,-2.488995810736169,7.59422351558213,-0.5315861385757794,0.018196934206046237,0.019332997565554972,0.846588024994875,-0.10167990486935648,0.09022521219117337,0.48437081608378596,0.0019892082946171286,0.000873095905262744,-0.027462027355795726,1664,387000000,24.7,0,2,2,-12.11774900228135,-3.7970532624798166,7.526474661987226,-12.11774900228135,-3.7970532624798166,7.526474661987226,301.2201464176178
-8.851638262612344,-6.295502425429958,6.872469741279474,-10.525650183942153,-2.476487099213942,7.669324432226766,-0.5296836423627574,0.018107251325780862,0.019291301341112826,0.8477825264508071,-0.10408893390710783,0.08876101114788823,0.4652340575357874,0.0009385402393036202,0.00179407724090197,-0.028546738940349314,1664,559000000,24.45,0,2,2,-12.089523795540892,-3.777771280084988,7.6185338907607205,-12.089523795540892,-3.777771280084988,7.6185338907607205,301.54442524909973
-8.851638262612344,-6.295502425429958,6.872469741279474,-10.510028473806383,-2.4669779017358078,7.723629780683593,-0.528198013481894,0.018004349368318535,0.01922008687172058,0.8487127253778206,-0.10627344947762396,0.08774814146869445,0.4505589028706522,0.0006261872385948664,0.0027376414436730556,-0.029897340937168337,1664,723000000,24.2,0,2,2,-12.067351150378606,-3.763032538029205,7.6985349258500735,-12.067351150378606,-3.763032538029205,7.6985349258500735,301.8569619655609
-8.804815115615014,-6.210883727508031,6.839055545102902,-10.489165530075798,-2.4540826490951817,7.793262821226104,-0.5261059743369956,0.017828509964105656,0.019031964862396812,0.8500190776170007,-0.1095111369879869,0.08644516266141501,0.4303869282064757,-0.0010199649636888353,0.003954544081352651,-0.03178284387104213,1664,853000000,24.01,0,2,2,-12.052493165897202,-3.753518256111855,7.757293714567549,-12.052493165897202,-3.753518256111855,7.757293714567549,302.1704943180084
-8.804815115615014,-6.210883727508031,6.839055545102902,-10.470851056608945,-2.4426130423372334,7.851430155186249,-0.5241702246129425,0.017667442131949044,0.018730319734998006,0.8512241844780704,-0.11204033814586638,0.08542995877974376,0.41166170449129424,-0.0019335838942424743,0.004824138750336715,-0.03305071950308047,1664,999000000,23.72,0,2,2,-12.034837382838004,-3.742761281145686,7.8338639001659045,-12.034837382838004,-3.742761281145686,7.8338639001659045,302.4663074016571
-8.759249681003741,-6.127504792727141,6.801937735804838,-10.452490815589286,-2.4310203503417394,7.906943378944581,-0.5221557938958342,0.017427490788351607,0.018455916797474586,0.8524722802537322,-0.11484970625511633,0.08425154499570953,0.392531050756137,0.00031121092547437,0.0055599920415261295,-0.034650255474844016,1665,143000000,23.45,0,2,2,-12.021139725719324,-3.734948162177902,7.898892199331619,-12.021139725719324,-3.734948162177902,7.898892199331619,302.74466037750244
-8.71489938661576,-6.045543906721693,6.761191063713477,-10.434094832485181,-2.4192538439898637,7.9597535699248905,-0.520044615800026,0.017123660736208548,0.018207300268750472,0.8537733141983987,-0.11744373689847636,0.08299557380529202,0.37318279104378643,-0.00014592914254762945,0.005964641422906425,-0.03600356612878386,1665,289000000,23.16,0,2,2,-12.0088176371573,-3.7284007258259533,7.961802165612091,-12.0088176371573,-3.7284007258259533,7.961802165612091,302.9864864349365
-8.71489938661576,-6.045543906721693,6.761191063713477,-10.415683564915124,-2.4073625640317178,8.009834358999061,-0.517854444900165,0.016803822849648483,0.017928401758777034,0.8551157686799813,-0.12011591201198442,0.08175930735939077,0.35339813137883896,-0.00025506832770361143,0.006584169841516996,-0.037361894646892324,1665,430000000,22.86,0,2,2,-11.997642458931114,-3.7228922099462674,8.022312841095262,-11.997642458931114,-3.7228922099462674,8.022312841095262,303.2417688369751
-8.671716555753717,-5.965175008993652,6.716897587203731,-10.397217223283477,-2.395292466119186,8.05708589999016,-0.5155673286966627,0.016435089554142242,0.01763300613936798,0.8565099500335205,-0.12341543741630497,0.08048991364447058,0.33283006616342276,0.00019702689542100416,0.007317112886084942,-0.03917162357538473,1665,570000000,22.54,0,2,2,-11.987203234209606,-3.7180369040378833,8.080174352354547,-11.987203234209606,-3.7180369040378833,8.080174352354547,303.50370264053345
-8.671716555753717,-5.965175008993652,6.716897587203731,-10.38132908527205,-2.384767153365373,8.095270550413392,-0.5135177113571088,0.0160827781974996,0.017372471395229683,0.8577523544739643,-0.12611538589869586,0.0793539928288195,0.3150024938479996,-3.5517030383402926e-05,0.007732701214990811,-0.04050840580021031,1665,705000000,22.22,0,2,2,-11.976772593019934,-3.713185088935819,8.135192169419572,-11.976772593019934,-3.713185088935819,8.135192169419572,303.76777958869934
-8.629648578639825,-5.886567274798598,6.669146507442607,-10.365407650108999,-2.374118013170835,8.13131410445005,-0.5114040344038666,0.015710111419334226,0.017106335889274404,0.8590264718081069,-0.1287253431792665,0.07817048032855142,0.29695591205604394,0.0005469432323934598,0.008082400108833099,-0.04172501248831395,1665,834000000,21.93,0,2,2,-11.966907996314337,-3.7082332748948854,8.179962386542368,-11.966907996314337,-3.7082332748948854,8.179962386542368,304.01266646385193
-8.629648578639825,-5.886567274798598,6.669146507442607,-10.349437855431821,-2.3633102959611776,8.165153618559543,-0.5092215530658161,0.015302005785509804,0.016857428762956678,0.8603342871277885,-0.13148792640677046,0.07693105958241968,0.2784992612145804,0.0008246926427091239,0.008392096424358897,-0.04286605035304092,1665,948000000,21.63,0,2,2,-11.955479842806241,-3.7019317910521896,8.222422903643572,-11.955479842806241,-3.7019317910521896,8.222422903643572,304.2603213787079
-8.588638099970249,-5.809884709205925,6.6180339887498985,-10.333439076952176,-2.3523687109914997,8.196772488505092,-0.5069852035491911,0.01486441462848559,0.01662795015590164,0.8616661556737333,-0.13410817491288102,0.0755950571399029,0.25967376547488163,0.0022247916831474868,0.008675370554556139,-0.043922366239712574,1666,66000000,21.33,0,2,2,-11.941860972142363,-3.6937099970604215,8.262318442603728,-11.941860972142363,-3.6937099970604215,8.262318442603728,304.51875400543213
-8.588638099970249,-5.809884709205925,6.6180339887498985,-10.31740615228501,-2.341257603596217,8.226095356013174,-0.504683277780148,0.014374698844130536,0.016454114786144235,0.8630280524228808,-0.13687452304858086,0.07416287568008859,0.240414275520877,0.0026096529381902656,0.008931307820603251,-0.04516273475019261,1666,181000000,21.02,0,2,2,-11.925896643472653,-3.6833966771211473,8.299558110325837,-11.925896643472653,-3.6833966771211473,8.299558110325837,304.75355052948
-8.548623222003823,-5.735285754374288,6.563662964936061,-10.298681116622486,-2.328103683857299,8.257393171076366,-0.5019138048602306,0.013766553370760394,0.01628137288532456,0.8646548047608277,-0.14001771277222105,0.07232236805806173,0.21767774766793924,0.0038598401260969695,0.009272041552321753,-0.04659872538468335,1666,315000000,20.7,0,2,2,-11.90764448252625,-3.670989094256083,8.334007834154624,-11.90764448252625,-3.670989094256083,8.334007834154624,305.0030081272125
-8.548623222003823,-5.735285754374288,6.563662964936061,-10.279936838080172,-2.3147045745885575,8.28550309734508,-0.4990622196302213,0.013111009561940392,0.01614727010980901,0.8663164941486594,-0.14305429298493627,0.07037543501563054,0.19497800478634733,0.003943721458199434,0.0095295868050016,-0.04754665460495744,1666,448000000,20.33,0,2,2,-11.884150505639306,-3.654402781122544,8.370701846359324,-11.884150505639306,-3.654402781122544,8.370701846359324,305.2535169124603
-8.509537722572645,-5.662922911048106,6.506142932007226,-10.26118850264966,-2.3010868910710904,8.310452993663109,-0.4961500042867767,0.012421929238693969,0.01604666323039569,0.8679996391239978,-0.14622065117004546,0.0682842605418966,0.17200854695583254,0.005176875174583984,0.009729090470500523,-0.04872695972153451,1666,591000000,19.95,0,2,2,-11.859179259262577,-3.636314584663318,8.403889312006992,-11.859179259262577,-3.636314584663318,8.403889312006992,305.5028998851776
-8.509537722572645,-5.662922911048106,6.506142932007226,-10.245110689270975,-2.2892000926899017,8.329269311482266,-0.493591119313605,0.011799689902924189,0.015999301543331432,0.8694668461781984,-0.1488082680274975,0.0663347883092112,0.1513002083948669,0.0055246280226128874,0.00988882920864853,-0.04950244911015034,1666,728000000,19.57,0,2,2,-11.833502845688072,-3.617373391894262,8.43377690322059,-11.833502845688072,-3.617373391894262,8.43377690322059,305.73107075691223
-8.471311287357555,-5.592942375243218,6.445589727654784,-10.231734833719356,-2.2791298684636847,8.339445482514808,-0.4914324160639106,0.011232097623168664,0.016000532957970427,0.870696275040632,-0.15364523576076664,0.06309790879771232,0.06920773955540431,0.008036695999180665,0.010847953853954095,-0.04998931981390342,1666,836000000,19.24,0,2,2,-11.811461258330713,-3.6008987065379543,8.456889950625571,-11.811461258330713,-3.6008987065379543,8.456889950625571,305.98022723197937
-8.471311287357555,-5.592942375243218,6.445589727654784,-10.21570751608809,-2.2667907805487597,8.34102061330471,-0.4888024660294128,0.010362930705527192,0.01610888695958482,0.8721841907714678,-0.15908130630293718,0.059175113535362533,-0.02535572485553434,0.010690153885661857,0.013479772587743355,-0.05071585292171221,1666,940000000,18.96,0,2,2,-11.793258223781937,-3.587119144542547,8.470776588977667,-11.793258223781937,-3.587119144542547,8.470776588977667,306.23592376708984
-8.433869755728779,-5.5254836910496365,6.382125297973733,-10.199726661863663,-2.2542149749220064,8.331639844422194,-0.48614088601769195,0.009263543308715419,0.01626464594796205,0.8736799682947347,-0.16372987399826586,0.055016624498006685,-0.11455753911198041,0.01378276219838881,0.01673207098065177,-0.05118555636727251,1667,66000000,18.63,0,2,2,-11.772273922137659,-3.571060388097513,8.477055940066807,-11.772273922137659,-3.571060388097513,8.477055940066807,306.48451566696167
-8.433869755728779,-5.5254836910496365,6.382125297973733,-10.183804298339199,-2.241396857204744,8.311905661801593,-0.48345554138717606,0.007932160188041906,0.0164155725882463,0.8751790384334989,-0.16715722959551965,0.05070430460622004,-0.19857760076057632,0.012766815234499518,0.020923038937326055,-0.05106705611979123,1667,185000000,18.3,0,2,2,-11.752279206129572,-3.555608953181981,8.472823967854037,-11.752279206129572,-3.555608953181981,8.472823967854037,306.7260694503784
-8.397135379411143,-5.460679420436296,6.315877451879427,-10.162785300581362,-2.2242831407868127,8.270734239439532,-0.47994714235275104,0.00586853689359465,0.01615297033734208,0.8771290568504941,-0.16780448186422947,0.045777459038464474,-0.3004668342714422,0.007388522180917789,0.02828194719768362,-0.04868336545769125,1667,305000000,17.97,0,2,2,-11.73378801902157,-3.541309440749583,8.458747537022816,-11.73378801902157,-3.541309440749583,8.458747537022816,306.9802248477936
-8.397135379411143,-5.460679420436296,6.315877451879427,-10.144625314298803,-2.209584052076046,8.222405732384892,-0.4770877056351427,0.0038933041628555235,0.01522808469352576,0.878715123775082,-0.16516212287062812,0.043140730537545045,-0.3770191980292962,9.588150702566356e-06,0.03428652707953006,-0.04418166136019863,1667,457000000,17.56,0,2,2,-11.71173820957887,-3.524434182261089,8.425396075294131,-11.71173820957887,-3.524434182261089,8.425396075294131,307.2594361305237
-8.361027093194929,-5.39865483089787,6.246979603717472,-10.126655988530885,-2.1953559754389658,8.164212132724607,-0.47451147560468077,0.0018076737393361722,0.013803854358939965,0.8801392193510965,-0.16116090568809685,0.041914495910101116,-0.4440842710972401,-0.00563895432605932,0.03797337049036287,-0.03911890889867209,1667,609000000,17.25,0,2,2,-11.695096749793729,-3.5122025443100355,8.383059224330157,-11.695096749793729,-3.5122025443100355,8.383059224330157,307.51628494262695
-8.361027093194929,-5.39865483089787,6.246979603717472,-10.113888701013687,-2.1855036793116125,8.117295178657754,-0.47286237917090856,0.00031444732082722224,0.01253419100164865,0.8810470847483944,-0.15752443457330667,0.04201868165762229,-0.486373218404927,-0.013262911215861095,0.03963029739679769,-0.03482683896436356,1667,740000000,16.97,0,2,2,-11.680914053489438,-3.502717175761829,8.329439801156886,-11.680914053489438,-3.502717175761829,8.329439801156886,307.75721645355225
-8.325460796876843,-5.339527601736071,6.1755705045849485,-10.09857276940646,-2.174135527427265,8.05838589028231,-0.4711706435719656,-0.0013789995640742922,0.01063872095628959,0.8819768367778125,-0.15192644717797707,0.045190916363954794,-0.47695373257995743,-0.017352170289086644,0.040097969031194225,-0.02885364374378696,1667,846000000,16.8,0,2,2,-11.672142737085462,-3.4976542586359014,8.284915097933498,-11.672142737085462,-3.4976542586359014,8.284915097933498,308.03416419029236
-8.325460796876843,-5.339527601736071,6.1755705045849485,-10.0831460017375,-2.163259571521693,8.003546120599886,-0.4698059107454299,-0.002883932386998091,0.008511828140092496,0.882723987407365,-0.14714906903742458,0.049685904490517976,-0.44030840214108347,-0.022998520580586046,0.03798531324719079,-0.0224994711970794,1667,971000000,16.62,0,2,2,-11.662904854109579,-3.493422569539517,8.227796877652786,-11.662904854109579,-3.493422569539517,8.227796877652786,308.2876651287079
-8.290349647581815,-5.283407549718662,6.1017939629042095,-10.067557588052308,-2.1528373050640077,7.953146994146769,-0.468758073789451,-0.004130543329579038,0.006267042282828348,0.8832947022653488,-0.14345198108550625,0.05425161592047634,-0.4045460103174577,-0.024667848083481658,0.034291372867301106,-0.017238696273125242,1668,88000000,16.48,0,2,2,-11.654564731055961,-3.490908958974731,8.173720443579297,-11.654564731055961,-3.490908958974731,8.173720443579297,308.5413992404938
-8.290349647581815,-5.283407549718662,6.1017939629042095,-10.049119141412083,-2.141094948461404,7.899668275702329,-0.4678324749940097,-0.005312887894358825,0.003801880738527982,0.8837930155110139,-0.1407579489680212,0.05884014669330626,-0.36520811875413167,-0.02133324360329425,0.029018557870585937,-0.013116723130224273,1668,204000000,16.36,0,2,2,-11.645847682198642,-3.4888212897999793,8.123215630882756,-11.645847682198642,-3.4888212897999793,8.123215630882756,308.80331778526306
-8.255604361584592,-5.230396374807732,6.025798554811814,-10.030463826568514,-2.1296628730998526,7.85151486857894,-0.4670779109064179,-0.006322493489143139,0.0018376045996619937,0.8841916502821722,-0.13934134170756826,0.06177256142820624,-0.3295223752898247,-0.015384645303129219,0.023183797748060897,-0.01172208658317686,1668,350000000,16.25,0,2,2,-11.633296940918152,-3.484896149193216,8.069024567075099,-11.633296940918152,-3.484896149193216,8.069024567075099,309.03317165374756
-8.255604361584592,-5.230396374807732,6.025798554811814,-10.014363671032466,-2.119969850215621,7.814037555785852,-0.4664583707334354,-0.0070458290720173495,0.0005687186660179935,0.8845149072935266,-0.1387592426128711,0.06308713042813133,-0.30185091926310664,-0.010447381828271318,0.0183804462722037,-0.01171111816802295,1668,481000000,16.17,0,2,2,-11.616741278139854,-3.4776780477671223,8.019852613432581,-11.616741278139854,-3.4776780477671223,8.019852613432581,309.27138090133667
-8.221133524721331,-5.180587426595802,5.947737324945996,-9.995546866933429,-2.1087089242052732,7.774323106336303,-0.465706384702382,-0.007739478423596296,-0.00045234422496684065,0.884905339065072,-0.13870663481174766,0.06339475515341104,-0.27289773446791366,-0.005855239623997477,0.013209447388362605,-0.012794254507753067,1668,614000000,16.1,0,2,2,-11.599177183658915,-3.4684355512711402,7.981360484194276,-11.599177183658915,-3.4684355512711402,7.981360484194276,309.53086280822754
-8.221133524721331,-5.180587426595802,5.947737324945996,-9.979436266579697,-2.098999830143489,7.743334991849926,-0.46498620756263687,-0.008209734708813568,-0.000984579316528086,0.8852793105207512,-0.1390576675029745,0.06279877681063509,-0.2506720593924673,-0.0018886578459387238,0.00936006954361801,-0.014289620048657525,1668,746000000,16.01,0,2,2,-11.575179562559363,-3.4542849019285224,7.940340298914463,-11.575179562559363,-3.4542849019285224,7.940340298914463,309.79955315589905
-8.186843910454819,-5.134065492033124,5.867767478235118,-9.963395382965132,-2.0892087343031704,7.714903065851541,-0.46417923135262934,-0.00857154760816538,-0.0012650236299903586,0.885698915810389,-0.13967745732058395,0.061716715234965025,-0.23067474376480462,-0.0006261875910240633,0.005998933147566277,-0.016124974536069203,1668,876000000,15.86,0,2,2,-11.548308753296297,-3.4371933895299724,7.903042283971383,-11.548308753296297,-3.4371933895299724,7.903042283971383,310.05164217948914
-8.186843910454819,-5.134065492033124,5.867767478235118,-9.9500724337668,-2.0809414524645495,7.692928291206063,-0.463422902448112,-0.008766966554492711,-0.0013870956211088571,0.8860927884537475,-0.14058092773575048,0.06061213557887646,-0.21588683141362625,0.000691614633296922,0.0035885690067516407,-0.01778890236892039,1668,992000000,15.82,0,2,2,-11.52809468278664,-3.423815711112204,7.878336063345511,-11.52809468278664,-3.423815711112204,7.878336063345511,310.29327869415283
-8.152640804633386,-5.090906604973298,5.7860500633078455,-9.934161937255023,-2.070867174780707,7.668434345287367,-0.46241390314328423,-0.008937613133303456,-0.0013344047467932466,0.8866181368634664,-0.14174463996029246,0.058840728625734286,-0.19967297705134873,0.002731131780819851,0.001034471279126592,-0.01992316138057504,1669,95000000,15.72,0,2,2,-11.507779429188043,-3.4101574112314648,7.854925701123604,-11.507779429188043,-3.4101574112314648,7.854925701123604,310.5321853160858
-8.152640804633386,-5.090906604973298,5.7860500633078455,-9.918323756279106,-2.060576828411648,7.645715055479313,-0.4612813798719592,-0.00902082517320221,-0.0011391150241659327,0.887207312702943,-0.1434514260505742,0.05688682157690435,-0.1859510199147552,0.00441153579231468,-0.001184710106372222,-0.02238574033981422,1669,214000000,15.58,0,2,2,-11.483709032042894,-3.393830005932115,7.828331487540426,-11.483709032042894,-3.393830005932115,7.828331487540426,310.7663617134094
-8.118428335962733,-5.051177878006392,5.702749648162688,-9.899936463132216,-2.048260041621772,7.621169294897633,-0.45980516611184163,-0.00902541401216126,-0.0007789889246720512,0.8879736168913048,-0.14568244740002162,0.05442076535331891,-0.1720687743252353,0.004382666202218388,-0.0030778500558881206,-0.024888252301025204,1669,324000000,15.41,0,2,2,-11.460990632596934,-3.3785883749158274,7.803108574700651,-11.460990632596934,-3.3785883749158274,7.803108574700651,311.0127592086792
-8.118428335962733,-5.051177878006392,5.702749648162688,-9.881612003004536,-2.0355558534987015,7.59835370180269,-0.45818020633973944,-0.008942027715226727,-0.00034191329216478206,0.8888142785498635,-0.14816840177121943,0.05182079269048599,-0.16057191462416096,0.005158343674338539,-0.004430806666277931,-0.02721182827372104,1669,468000000,15.16,0,2,2,-11.436704352270079,-3.3626879187378806,7.775102374295367,-11.436704352270079,-3.3626879187378806,7.775102374295367,311.2568962574005
-8.084109811191693,-5.014937356989644,5.618033988749893,-9.86335341487293,-2.0224549078656007,7.577005838982133,-0.45641880434873133,-0.008798836938838886,0.00015310051377924114,0.8897215474886684,-0.15088063163264692,0.049231249035148895,-0.15126594120032782,0.005193046854401473,-0.005396209144237218,-0.02929564670921536,1669,609000000,14.88,0,2,2,-11.41511637820982,-3.349133553822044,7.748301037681577,-11.41511637820982,-3.349133553822044,7.748301037681577,311.5023958683014
-8.084109811191693,-5.014937356989644,5.618033988749893,-9.84771938198038,-2.010887454176748,7.559621962443322,-0.45481057934842817,-0.008643727995233611,0.0006165651350600156,0.8905460362757928,-0.1532179000033238,0.047026493050235596,-0.14462846793494713,0.006082775098548154,-0.005962808927506558,-0.03083018491452094,1669,747000000,14.56,0,2,2,-11.396145987693641,-3.3378869693835775,7.722459322115022,-11.396145987693641,-3.3378869693835775,7.722459322115022,311.7403755187988
-8.049588053997939,-4.982233898625838,5.532073691133352,-9.832109509343908,-1.999025259680274,7.54297346534416,-0.45312562260238304,-0.008470111730206476,0.0011081297942873661,0.891405743417014,-0.15552581956922787,0.04481436295815489,-0.139118944938997,0.005590766204477404,-0.006370169467118103,-0.03219111640646588,1669,857000000,14.26,0,2,2,-11.381855184921307,-3.3300224528066753,7.701041120845672,-11.381855184921307,-3.3300224528066753,7.701041120845672,311.9899306297302
-8.049588053997939,-4.982233898625838,5.532073691133352,-9.816497757013359,-1.9868457655765956,7.52685970585185,-0.45136034746381853,-0.008265822252631895,0.0015960488620542445,0.8923020595896094,-0.1580382584356837,0.04260943878273479,-0.135056130738466,0.005665620938088978,-0.006677154442513711,-0.03376091226527933,1669,977000000,13.94,0,2,2,-11.369232961403313,-3.32368852778513,7.680211901569896,-11.369232961403313,-3.32368852778513,7.680211901569896,312.2504093647003
-8.01476574654723,-4.953107071378241,5.445041867912628,-9.803484124347934,-1.9764596717034728,7.513769187848093,-0.44982566750105735,-0.008082127782333453,0.001997020062468929,0.8930775778053147,-0.16011414444942226,0.040835603006627995,-0.13242901451882377,0.004785389455719269,-0.006783714479752234,-0.03488900911179371,1670,97000000,13.6,0,2,2,-11.358132982454782,-3.3187828357742695,7.65982314282338,-11.358132982454782,-3.3187828357742695,7.65982314282338,312.48005986213684
-8.01476574654723,-4.953107071378241,5.445041867912628,-9.790441338387705,-1.9658527641928503,7.500855737413436,-0.4482463680407138,-0.00787396891091203,0.002362626569757954,0.893872257175258,-0.1623076634182344,0.03918709349352959,-0.1308859146876152,0.004420318100528675,-0.006787019174225861,-0.035734099947148934,1670,209000000,13.3,0,2,2,-11.349932811365234,-3.3157134600553464,7.643062956306701,-11.349932811365234,-3.3157134600553464,7.643062956306701,312.70657992362976
-7.979545772690739,-4.927587079949426,5.357113789597276,-9.772131401468034,-1.9506569399881222,7.483001725511854,-0.4459737694056369,-0.007578954478209394,0.0028505724384788,0.8950094025695583,-0.165207823429366,0.036970672846868745,-0.1294181162764816,0.0033730228778949822,-0.006592788622583612,-0.03689341574499849,1670,313000000,12.99,0,2,2,-11.342539061302364,-3.313428651743139,7.626515729303925,-11.342539061302364,-3.313428651743139,7.626515729303925,312.93307971954346
-7.979545772690739,-4.927587079949426,5.357113789597276,-9.75899881349811,-1.9395601931274453,7.470282163254528,-0.44430260453685366,-0.0073535286255074096,0.0031500213063247913,0.8958410565408865,-0.1672897616321613,0.03551341392149313,-0.12942908715014112,0.0031857260864853743,-0.006368152162394836,-0.03770457151404116,1670,441000000,12.54,0,2,2,-11.333029376636816,-3.311044446875674,7.603670485903939,-11.333029376636816,-3.311044446875674,7.603670485903939,313.1493594646454
-7.943831561758462,-4.9056947134888,5.268466531635309,-9.740536638756181,-1.9237179636782766,7.452438057071642,-0.44191118386063105,-0.007047945782070982,0.0035334744301456873,0.8970241616576444,-0.17000807532470125,0.033575184206658046,-0.1301160999012689,0.0021038710428911145,-0.005892798799322918,-0.038527937795151956,1670,557000000,12.17,0,2,2,-11.324509393880454,-3.3085882570261016,7.584276398745015,-11.324509393880454,-3.3085882570261016,7.584276398745015,313.37743973731995
-7.943831561758462,-4.9056947134888,5.268466531635309,-9.724620064814115,-1.9098602495709618,7.4369667661700545,-0.4398223542487457,-0.006785577300084104,0.003800237613736424,0.8980511181652603,-0.17231583017256166,0.03205234236838167,-0.13156460751529903,0.001751794070514734,-0.005420618208518135,-0.039015995571389794,1670,685000000,11.76,0,2,2,-11.314342807297692,-3.3043675864885143,7.564983912834435,-11.314342807297692,-3.3043675864885143,7.564983912834435,313.6073615550995
-7.943831561758462,-4.9056947134888,5.268466531635309,-9.711291709029236,-1.8981369229250855,7.42393603228086,-0.43806568707250715,-0.00657901801731226,0.003995718318046855,0.8989100091592833,-0.1740810178708831,0.030879950480074646,-0.13297532817546381,0.001039226162902196,-0.0050044432555296225,-0.039213988929986954,1670,804000000,11.38,0,2,2,-11.30185948019256,-3.2976492030211966,7.545842111083355,-11.30185948019256,-3.2976492030211966,7.545842111083355,313.8454895019531
-7.907527431903714,-4.887441317631105,5.179278617806869,-9.695205558897442,-1.8838701824260886,7.407081138415096,-0.4359473620816936,-0.006335817380616418,0.004177198332057093,0.8999401679701973,-0.17587909757590986,0.029040567904449817,-0.16780531919295744,0.0007827740319044096,-0.004278011419955874,-0.03936208158847876,1670,916000000,11.08,0,2,2,-11.289353216096433,-3.289773586025768,7.530012755691368,-11.289353216096433,-3.289773586025768,7.530012755691368,314.0671408176422
-7.907527431903714,-4.887441317631105,5.179278617806869,-9.679070249657059,-1.869398140396861,7.38195244793751,-0.43381747996804954,-0.00619665255844752,0.004331111013014676,0.9009690544345202,-0.1769242479106708,0.026335825620339724,-0.24672535004008642,0.001541246251690609,-0.0015506008367083268,-0.03947615587094333,1671,27000000,10.72,0,2,2,-11.271728608824313,-3.2774885549773014,7.510121140703512,-11.271728608824313,-3.2774885549773014,7.510121140703512,314.31216049194336
-7.870538931953234,-4.872828790405048,5.089729660701028,-9.662910507740445,-1.8547479251838463,7.34776137829235,-0.4316825694444795,-0.006246825106688241,0.004414648073131949,0.9019931525772737,-0.1777798878890319,0.02381310939891882,-0.3197764342508248,0.0008215369291519892,0.0020852729903708678,-0.03938693043892272,1671,144000000,10.38,0,2,2,-11.251603591553364,-3.262474733634278,7.482171122742802,-11.251603591553364,-3.262474733634278,7.482171122742802,314.563188791275
-7.870538931953234,-4.872828790405048,5.089729660701028,-9.643989951449115,-1.8374751825493132,7.297244543728573,-0.4292168511073088,-0.006510559566891935,0.004272356496455196,0.9031678992909452,-0.17818943982262955,0.021590496356233214,-0.3980595714289226,-0.0021529324158109375,0.006870600373076741,-0.038226437027333304,1671,268000000,10.05,0,2,2,-11.229623218031746,-3.2453554785671486,7.445309254261737,-11.229623218031746,-3.2453554785671486,7.445309254261737,314.83368968963623
-7.832773180720472,-4.861849601988382,5.000000000000002,-9.624993370834007,-1.8201728957469856,7.236468507670688,-0.4269006972624463,-0.006946010730410582,0.003638081225742794,0.9042645143854562,-0.17719419590636573,0.020977531396869867,-0.46750669252249305,-0.009135623349720845,0.012434382188075688,-0.03445306319918018,1671,405000000,9.68,0,2,2,-11.202466129794125,-3.223550604345283,7.391838695925397,-11.202466129794125,-3.223550604345283,7.391838695925397,315.09160923957825
-7.832773180720472,-4.861849601988382,5.000000000000002,-9.6058758192909,-1.8030536594689548,7.166654647860425,-0.4248870482527819,-0.007535962302512217,0.0024308731023674948,0.9052117411717401,-0.17470211967453125,0.02221057524788595,-0.5280843946689407,-0.014792730326007586,0.01747309634083649,-0.02900642230088124,1671,550000000,9.36,0,2,2,-11.174501148538416,-3.20063352127348,7.327950128121323,-11.174501148538416,-3.20063352127348,7.327950128121323,315.34052658081055
-7.7941392027451935,-4.854486838222724,4.910270339298976,-9.583851884541716,-1.783924477868394,7.077351911398656,-0.42305096515561424,-0.008376218479189745,0.0005294790312902111,0.906067017111233,-0.17066130828319043,0.025713901704511998,-0.587992453239061,-0.01897089368867455,0.021502307390619535,-0.02160943295166362,1671,690000000,9.1,0,2,2,-11.146583126885496,-3.1776237485192973,7.254799003928999,-11.146583126885496,-3.1776237485192973,7.254799003928999,315.60186409950256
-7.7941392027451935,-4.854486838222724,4.910270339298976,-9.56994474632923,-1.7722696637444797,7.017027010949697,-0.4221927120011878,-0.008955770193003712,-0.0008770723248619884,0.9064614381524837,-0.16773742069631042,0.028914733965898644,-0.6202480108821663,-0.022764361892768648,0.02328980935999425,-0.016459031030535698,1671,841000000,8.87,0,2,2,-11.11556409924704,-3.152390368683727,7.161091845719467,-11.11556409924704,-3.152390368683727,7.161091845719467,315.84413146972656
-7.75454825943156,-4.850714267738887,4.820721382193136,-9.553085440261452,-1.7586172595207918,6.941379880511315,-0.42145122839457966,-0.009702981662249852,-0.002659029078942985,0.9067952601309288,-0.1647432633567127,0.03340578410800737,-0.6279899480599754,-0.023742464145470876,0.024112036771839485,-0.011185774110344937,1671,947000000,8.76,0,2,2,-11.096928062719648,-3.137601428071269,7.097581041624687,-11.096928062719648,-3.137601428071269,7.097581041624687,316.08481526374817
-7.75454825943156,-4.850714267738887,4.820721382193136,-9.538841922394521,-1.7474983614397759,6.881114204401565,-0.4210634912548459,-0.010267244212131592,-0.004248274906311227,0.9069631040945874,-0.16366689743203422,0.03776574223754423,-0.5885673552133188,-0.026156810599786695,0.023084610984369647,-0.0065785683545982465,1672,63000000,8.67,0,2,2,-11.07563541925895,-3.1213416528336997,7.017521884449859,-11.07563541925895,-3.1213416528336997,7.017521884449859,316.32220435142517
-7.713914174568618,-4.850496432481319,4.731533468364694,-9.521490587780944,-1.7344552448834212,6.814005019891922,-0.4208676773236521,-0.010785294746049213,-0.006242008447002855,0.9070364452060249,-0.16283696353294183,0.04299235851773159,-0.5422649330069422,-0.027644352121569682,0.020552191745082382,-0.001643075574975228,1672,170000000,8.61,0,2,2,-11.058752855016783,-3.109011719011555,6.9530619660028865,-11.058752855016783,-3.109011719011555,6.9530619660028865,316.5832841396332
-7.713914174568618,-4.850496432481319,4.731533468364694,-9.503839654312467,-1.7217003972436178,6.75228272922428,-0.4209020283218561,-0.011128393627581765,-0.008178598331915095,0.9070009657873259,-0.16264885042979932,0.04783731247329521,-0.49875509905691295,-0.025954691591323353,0.01722156102914596,0.0018212660961580696,1672,284000000,8.55,0,2,2,-11.039556022167718,-3.0958217970998465,6.8802345568997065,-11.039556022167718,-3.0958217970998465,6.8802345568997065,316.83528232574463
-7.67215365323178,-4.853788761358711,4.642886210402729,-9.482920310919058,-1.707130605544606,6.686671435084488,-0.4211070231435186,-0.011393581682598599,-0.010087562006780217,0.9068832904229769,-0.16273787121438288,0.05224527276650157,-0.4518201706764516,-0.019876344777003396,0.012843509648519102,0.003585384206417075,1672,404000000,8.5,0,2,2,-11.021291316561717,-3.084142873458025,6.812369633852008,-11.021291316561717,-3.084142873458025,6.812369633852008,317.11000776290894
-7.67215365323178,-4.853788761358711,4.642886210402729,-9.458722834302923,-1.690794671318938,6.619237433414994,-0.421374138816325,-0.01160573054456206,-0.011554425440123018,0.906739012841113,-0.16287981507880572,0.05507767225247281,-0.4040453553136589,-0.012374162633932428,0.007830730191926705,0.003091712551395176,1672,556000000,8.45,0,2,2,-11.000722194213441,-3.071945112413918,6.739313598718707,-11.000722194213441,-3.071945112413918,6.739313598718707,317.38346099853516
-7.629186593081786,-4.860537706687095,4.554958132087377,-9.437446071839501,-1.6767048413639474,6.566140138261709,-0.4215412797701117,-0.01167637933540536,-0.012348084441093931,0.9066499525318621,-0.16309635758682578,0.05642158664004524,-0.3672983603207026,-0.007969812577357516,0.003939443558920175,0.0019094924368801003,1672,712000000,8.38,0,2,2,-10.977729234491735,-3.059286888315465,6.663345669052159,-10.977729234491735,-3.059286888315465,6.663345669052159,317.63097620010376
-7.629186593081786,-4.860537706687095,4.554958132087377,-9.422218361280237,-1.6667364439396157,6.531201731347341,-0.42160825299054466,-0.011657421645303923,-0.01269683145884128,0.9066142377007709,-0.16318731469200795,0.05685758410814733,-0.34341111981066447,-0.003424149986130942,0.001461018723603047,0.000710557264937961,1672,854000000,8.29,0,2,2,-10.957861317552595,-3.0489607864217447,6.602791627632071,-10.957861317552595,-3.0489607864217447,6.602791627632071,317.85867261886597
-7.5849363870979465,-4.87068090303198,4.467926308866652,-9.403986861014246,-1.6548660831529844,6.492300356578547,-0.4215968984404942,-0.011591806627389359,-0.01283637367568807,0.9066183942295275,-0.1630947733450367,0.05672737915303692,-0.3169543534346134,-0.0005517407160482435,-0.001194496712741966,-0.0011027061418644735,1672,951000000,8.22,0,2,2,-10.943694054961545,-3.0418206129676144,6.562593240646275,-10.943694054961545,-3.0418206129676144,6.562593240646275,318.1094241142273
-7.5849363870979465,-4.87068090303198,4.467926308866652,-9.385832024063227,-1.6430854785618483,6.456346827048203,-0.4214597076941679,-0.011501507769446286,-0.012673421579472127,0.906685620540463,-0.1628433837404244,0.05611666838125172,-0.29367445785482543,0.004432968944456661,-0.0036535612935040263,-0.0038676449321428663,1673,63000000,8.11,0,2,2,-10.926665799424882,-3.0333680070628897,6.517511629533516,-10.926665799424882,-3.0333680070628897,6.517511629533516,318.370920419693
-7.539330216806069,-4.884147347997373,4.38196601125011,-9.367804421154014,-1.6313883355589909,6.423047797239734,-0.4211671298544617,-0.011358484730981276,-0.012303241816956032,0.9068284643721569,-0.16247148783020435,0.05525893635796727,-0.27277744534237724,0.004288421996534453,-0.0057033420034713345,-0.006438061200242373,1673,191000000,8.0,0,2,2,-10.90947690047505,-3.0248398989246694,6.47564432595079,-10.90947690047505,-3.0248398989246694,6.47564432595079,318.62111139297485
-7.539330216806069,-4.884147347997373,4.38196601125011,-9.349880541963032,-1.6197835806619914,6.3920518257558365,-0.42075574151783046,-0.011118612844584354,-0.011896608672091233,0.9070278127655711,-0.16213746614227115,0.05456744787542014,-0.2544482907849695,0.005591424587692018,-0.007202595043054316,-0.008664560846227687,1673,299000000,7.86,0,2,2,-10.891817311621299,-3.0158667388480795,6.436694448213562,-10.891817311621299,-3.0158667388480795,6.436694448213562,318.88109970092773
-7.492299335087338,-4.900857604452152,4.297250351837317,-9.32911444035859,-1.606354271065275,6.3584780725607954,-0.42010303298324125,-0.010794302668861817,-0.01127826098833541,0.9073421215491174,-0.16169722512406923,0.05364150275911207,-0.23582493513911812,0.006273121880440158,-0.008641438489576103,-0.011508326588227646,1673,423000000,7.71,0,2,2,-10.873538899141396,-3.0062967096616156,6.400336561176423,-10.873538899141396,-3.0062967096616156,6.400336561176423,319.1462526321411
-7.492299335087338,-4.900857604452152,4.297250351837317,-9.308488239182124,-1.5930453125895332,6.327262072389132,-0.41928329878527865,-0.01042250272277147,-0.010558496928553865,0.9077342149216026,-0.1612086881275783,0.052678083777591214,-0.21977173445751513,0.007485748164981487,-0.009665874949860154,-0.014048438060854096,1673,565000000,7.52,0,2,2,-10.851406520052713,-2.9942783949723437,6.360917098384071,-10.851406520052713,-2.9942783949723437,6.360917098384071,319.38697481155396
-7.443779337683475,-4.920724023628251,4.213949936692158,-9.288004874423512,-1.5798545401259625,6.298097723737069,-0.41831970550064246,-0.010013808706314131,-0.009790372701897983,0.9081918829341116,-0.16075453919983362,0.05192209401888527,-0.2063385316026098,0.007226244360936107,-0.010201669192611007,-0.015931480083963834,1673,710000000,7.32,0,2,2,-10.828490017897046,-2.981433559851867,6.324296146519082,-10.828490017897046,-2.981433559851867,6.324296146519082,319.6333487033844
-7.443779337683475,-4.920724023628251,4.213949936692158,-9.270528562957109,-1.5686512258163667,6.27444416155906,-0.41740955185957956,-0.00964736458433063,-0.009121485167510447,0.9086214794298564,-0.1603125905749429,0.05131236069567725,-0.19634069684474162,0.007881617784732953,-0.010368964558438165,-0.017336739074380603,1673,847000000,7.11,0,2,2,-10.804996388508016,-2.9680407743912096,6.289983709010846,-10.804996388508016,-2.9680407743912096,6.289983709010846,319.87103843688965
-7.393710422544579,-4.943650988470749,4.132232521764886,-9.253141729364446,-1.5575415482397839,6.25190417807793,-0.41642414011195167,-0.009283502963198163,-0.008433212310273299,0.9090839526880252,-0.1598239357701487,0.05074157565488944,-0.1877142290516308,0.007989673395059071,-0.010405306784377899,-0.01859183903434314,1673,974000000,6.92,0,2,2,-10.784579988050009,-2.9563519632750683,6.2620913724469816,-10.784579988050009,-2.9563519632750683,6.2620913724469816,320.127179145813
-7.393710422544579,-4.943650988470749,4.132232521764886,-9.235815050268005,-1.5465336099438916,6.230244982896803,-0.4153746414401995,-0.00892294656683993,-0.007735506486721926,0.9095737739251197,-0.15937819822231697,0.05031408458090675,-0.18075384298429248,0.008309228269354207,-0.010352820572734345,-0.019695131049957126,1674,88000000,6.72,0,2,2,-10.76411790055945,-2.9446670177489933,6.23544919908406,-10.76411790055945,-2.9446670177489933,6.23544919908406,320.3915774822235
-7.342037636200248,-4.96953517656723,4.052262675054002,-9.218553421587927,-1.535621210612488,6.209353376437161,-0.41426845768550213,-0.008570585054625272,-0.007032688562708288,0.9100872108376629,-0.1588729285752679,0.04993867432863506,-0.17486046598189142,0.007672663195990026,-0.010168415337830083,-0.020551609486574307,1674,215000000,6.53,0,2,2,-10.74381237633247,-2.933193600799847,6.20990146957857,-10.74381237633247,-2.933193600799847,6.20990146957857,320.61384868621826
-7.342037636200248,-4.96953517656723,4.052262675054002,-9.204196422928767,-1.5266241183537006,6.192386360237502,-0.4133200453170039,-0.00827421544405231,-0.006484074370352637,0.9105251420348011,-0.15837502264217776,0.04989815812519617,-0.17107873932439618,0.007308133262995398,-0.009845139538811054,-0.02099820994772017,1674,320000000,6.32,0,2,2,-10.724218743408592,-2.9225677553134446,6.185108791149479,-10.724218743408592,-2.9225677553134446,6.185108791149479,320.83667278289795
-7.288711106370621,-4.998265841933026,3.9742014451881897,-9.18986965895012,-1.5177169803209813,6.175770547774749,-0.412348911129937,-0.007989148622633932,-0.005947843095907951,0.9109715539778105,-0.15782331398388688,0.04977310836575616,-0.16765719946357355,0.007044958692858927,-0.009503315686743008,-0.021445949278131593,1674,421000000,6.14,0,2,2,-10.708653179906355,-2.9146416292747057,6.164822413176252,-10.708653179906355,-2.9146416292747057,6.164822413176252,321.0643792152405
-7.288711106370621,-4.998265841933026,3.9742014451881897,-9.172691479461626,-1.5071641396745217,6.156148394880602,-0.41117383975668087,-0.007662711323666053,-0.005331567727904215,0.9115091501134152,-0.15718890545334568,0.050080393157988,-0.16521303723835615,0.007032104031168274,-0.008981310747913085,-0.0214627172681503,1674,531000000,5.97,0,2,2,-10.693845199928896,-2.907652616653394,6.1447836328917065,-10.693845199928896,-2.907652616653394,6.1447836328917065,321.2904100418091
-7.2336862600727105,-5.0297251148800814,3.898206037095794,-9.14978736174646,-1.4933460957495672,6.13036439482749,-0.40961011132171693,-0.007262387950896015,-0.004562815871594853,0.9122203654466299,-0.15628866254722867,0.05073484662454375,-0.16305653398921077,0.005891799764867756,-0.008104323023871984,-0.021250075405987445,1674,656000000,5.75,0,2,2,-10.677155544213814,-2.900590081917963,6.121033842314693,-10.677155544213814,-2.900590081917963,6.121033842314693,321.549188375473
-7.2336862600727105,-5.0297251148800814,3.898206037095794,-9.132578381627464,-1.4831941507898114,6.111149133672397,-0.40845123577075854,-0.0069860162384778515,-0.004049885358805497,0.91274442315636,-0.15557676856219577,0.05137377911319535,-0.162256401781041,0.005643159465762437,-0.007416555581585271,-0.02107429645548109,1674,805000000,5.47,0,2,2,-10.65628870448418,-2.8930317829216112,6.089723153321784,-10.65628870448418,-2.8930317829216112,6.089723153321784,321.7744719982147
-7.176924026518295,-5.063788319150504,3.8244294954150555,-9.115349731287004,-1.473226138276958,6.091998530543291,-0.4073001871971712,-0.006735910716808229,-0.003576234721313471,0.913262500906055,-0.1547931715637983,0.05216223426308965,-0.1620190099097581,0.005103629928271403,-0.006716272446283256,-0.020849738939432427,1674,935000000,5.26,0,2,2,-10.641175567336276,-2.888267101148755,6.066444430177317,-10.641175567336276,-2.888267101148755,6.066444430177317,322.00072288513184
-7.176924026518295,-5.063788319150504,3.8244294954150555,-9.098072892194176,-1.463475275180261,6.072793444592464,-0.4061679438793829,-0.0065125899346929,-0.003145252616226521,0.9137698260082332,-0.15391167486138205,0.053177685715890474,-0.16247579899903603,0.004808776020581718,-0.006018152726028347,-0.020339550064818468,1675,52000000,5.06,0,2,2,-10.626025916906231,-2.8837533431078506,6.043344504559407,-10.626025916906231,-2.8837533431078506,6.043344504559407,322.23380875587463
-7.1183910241422845,-5.100324305451515,3.753020396282532,-9.080769399304316,-1.4539427432819363,6.053535266774239,-0.4050771340114475,-0.006314738752715616,-0.0027531307702411407,0.9142565612816341,-0.1529220042091962,0.05419676264718224,-0.16306543297742665,0.003975843173975591,-0.005358426051316201,-0.019352446361153852,1675,158000000,4.86,0,2,2,-10.61008611487983,-2.8785990947969635,6.020593099314668,-10.61008611487983,-2.8785990947969635,6.020593099314668,322.47491788864136
-7.1183910241422845,-5.100324305451515,3.753020396282532,-9.066305877554862,-1.4461877549188666,6.037375520972584,-0.4042167185802612,-0.006164554931421075,-0.002470036555969543,0.9146391318996336,-0.15205613096081164,0.05533734546182928,-0.16413795965601122,0.003930927459805389,-0.004754302199216909,-0.01833546812122222,1675,281000000,4.68,0,2,2,-10.59290242916158,-2.872276663205812,5.9982377416724875,-10.59290242916158,-2.872276663205812,5.9982377416724875,322.6980068683624
-7.058059731145688,-5.139195800486321,3.6841225481205764,-9.051814600836218,-1.4386085929989079,6.021116575741402,-0.4034006525903473,-0.006041992801729627,-0.0021996184321711834,0.9150008576451818,-0.15107190974203916,0.05637519384251943,-0.16508095073901413,0.003563546442819643,-0.004159084937782609,-0.017401915647496935,1675,386000000,4.55,0,2,2,-10.57731504253469,-2.8657688475249112,5.979907668905486,-10.57731504253469,-2.8657688475249112,5.979907668905486,322.9358901977539
-7.058059731145688,-5.139195800486321,3.6841225481205764,-9.034367154080337,-1.4297742916960425,6.001408606973703,-0.4024880906237153,-0.005912347355453568,-0.0019281719396808087,0.9154040983127587,-0.14981540259610593,0.058144017916580214,-0.167078293516154,0.0030466589578281855,-0.0034804777897079475,-0.01595311041455716,1675,496000000,4.42,0,2,2,-10.560475802791572,-2.8580447979306123,5.96181932544235,-10.560475802791572,-2.8580447979306123,5.96181932544235,323.18255591392517
-6.995908638983675,-5.1802597705360105,3.6178747020262696,-9.016857708867535,-1.421235607409354,5.9814743406857005,-0.4016546060176379,-0.005811404934234819,-0.0016898734550426287,0.9157712320035022,-0.14848397585660714,0.05994369144668064,-0.16903910784320647,0.0024735601982683875,-0.0028419046884664567,-0.01439420575479744,1675,610000000,4.28,0,2,2,-10.538806944673015,-2.8473368656043796,5.940420371884438,-10.538806944673015,-2.8473368656043796,5.940420371884438,323.40334844589233
-6.995908638983675,-5.1802597705360105,3.6178747020262696,-8.999254915985686,-1.4130205659423085,5.96124496469318,-0.40091309744901316,-0.005729821361951795,-0.0014964445217242796,0.9160969479781009,-0.1471253746198251,0.06207859594118329,-0.17155783585408524,0.0021947198092675535,-0.0022408990844269283,-0.01266322788069374,1675,724000000,4.16,0,2,2,-10.515828941638937,-2.8354047190126783,5.919230292310893,-10.515828941638937,-2.8354047190126783,5.919230292310893,323.61536931991577
-6.995908638983675,-5.1802597705360105,3.6178747020262696,-8.981573322869004,-1.4051301232055111,5.940724200581817,-0.4002665358743059,-0.005675652735596264,-0.0013293972997364335,0.9163802267225256,-0.1456511951021418,0.06424931629225962,-0.17408679534692556,0.002017726637859596,-0.0016852734916028567,-0.010876143096538726,1675,848000000,4.06,0,2,2,-10.491991642745948,-2.8228040907450063,5.898042457101763,-10.491991642745948,-2.8228040907450063,5.898042457101763,323.83335518836975
-6.931922388278014,-5.223367798610493,3.5544102723452182,-8.963788911291957,-1.3975955344806132,5.919866996774546,-0.3997190537156994,-0.005644975475392605,-0.0011846949652725165,0.9166195551297971,-0.1441073054018755,0.06663914402633705,-0.17678342621265913,0.001750883723161678,-0.001166139315955661,-0.009106740708375582,1675,963000000,3.97,0,2,2,-10.467835521288208,-2.810174332460877,5.876653336401968,-10.467835521288208,-2.810174332460877,5.876653336401968,324.05983090400696
-6.931922388278014,-5.223367798610493,3.5544102723452182,-8.948909208847967,-1.3915803304257928,5.902265872402354,-0.39933590590363016,-0.005637044635726809,-0.001085374582189358,0.9167867145339303,-0.14273394718288895,0.06839068933965568,-0.1785368549857822,0.0016238583611993818,-0.0007294697752513457,-0.007647313987035886,1676,82000000,3.89,0,2,2,-10.443968218452879,-2.798172435486323,5.8549405050974395,-10.443968218452879,-2.798172435486323,5.8549405050974395,324.3018045425415
-6.866091886682804,-5.268366474152286,3.4938570679927774,-8.933997987685908,-1.3857970756527507,5.8845139105494875,-0.3990234676155513,-0.005645512794865669,-0.0010001963100054172,0.9169227885076723,-0.14127617772030676,0.07003437879079155,-0.17995795790380856,0.0014905806210663286,-0.00035218129141867394,-0.0061420281326718396,1676,188000000,3.83,0,2,2,-10.424580224196864,-2.788980201699233,5.8365099467442585,-10.424580224196864,-2.788980201699233,5.8365099467442585,324.5272057056427
-6.866091886682804,-5.268366474152286,3.4938570679927774,-8.916051273984042,-1.3791822942689007,5.862981086852881,-0.3987522446396156,-0.005673019829879455,-0.000923315131037934,0.9170406816112611,-0.13941571041393622,0.07239706507577756,-0.18217289724515778,0.0012590913456733688,0.0001255828230739553,-0.003883813042193651,1676,295000000,3.78,0,2,2,-10.405986238825673,-2.7809569770469027,5.817637213758046,-10.405986238825673,-2.7809569770469027,5.817637213758046,324.76003551483154
-6.798414408284236,-5.315097794245403,3.436337035063942,-8.898052515386505,-1.3729362759405799,5.841216735776158,-0.3986084291389826,-0.00571984508723103,-0.0008660646018059954,0.9171029677869527,-0.13743993698939486,0.0748214533696723,-0.18411072102486595,0.0008923720940856583,0.0005151431594185851,-0.0014580118431695155,1676,403000000,3.73,0,2,2,-10.385079332216504,-2.7732655048726595,5.794395233507216,-10.385079332216504,-2.7732655048726595,5.794395233507216,325.0208351612091
-6.798414408284236,-5.315097794245403,3.436337035063942,-8.879971583939216,-1.3670812547213533,5.819182458251982,-0.3985957655331351,-0.005779694262780229,-0.0008313102255666262,0.9171081287157974,-0.13548903186051278,0.07753789770713844,-0.1863874237379998,0.0010191337196374661,0.0008181639657323103,0.0007916266838492447,1676,524000000,3.7,0,2,2,-10.365926188469508,-2.7679728302826945,5.770484835289554,-10.365926188469508,-2.7679728302826945,5.770484835289554,325.27656269073486
-6.728893674167487,-5.363399575253027,3.3819660112501087,-8.855743939986189,-1.3598813422701614,5.78940315506038,-0.3987501609022197,-0.005887228065085461,-0.0007843998382391793,0.9170403668558202,-0.1328039999017006,0.08125749714021849,-0.18939050553856265,0.0011323418220854364,0.0011861329767270945,0.0033289409202552633,1676,657000000,3.68,0,2,2,-10.34565905056927,-2.764813124777418,5.741720545845881,-10.34565905056927,-2.764813124777418,5.741720545845881,325.53600215911865
-6.728893674167487,-5.363399575253027,3.3819660112501087,-8.834413610392254,-1.3541695363835125,5.762957146137108,-0.3990275271373981,-0.006004823237731142,-0.000748407214036303,0.9169189792839597,-0.13042468698683787,0.08447171256069008,-0.19169655488446685,0.001198902054966311,0.0014386992688741884,0.005176096510695061,1676,806000000,3.66,0,2,2,-10.327310069374569,-2.7646815829977616,5.712069680202539,-10.327310069374569,-2.7646815829977616,5.712069680202539,325.77294182777405
-6.657539913838084,-5.413105873781844,3.3308534925573996,-8.822179336981483,-1.3511399809006446,5.747713862356854,-0.39923444367101896,-0.0060773235831374575,-0.0007304013117429005,0.9168284417701502,-0.12909386260496963,0.08633213197308662,-0.19295508285255386,0.000946208825780559,0.0015132892713154433,0.006193740728122066,1676,937000000,3.66,0,2,2,-10.31001901666943,-2.7666574595437896,5.681795483820934,-10.31001901666943,-2.7666574595437896,5.681795483820934,325.9818561077118
-6.657539913838084,-5.413105873781844,3.3308534925573996,-8.803734603235466,-1.346941749556537,5.72463824073056,-0.39963123385728855,-0.006185676841449748,-0.0007196504790058858,0.9166548404011743,-0.1270637346947246,0.08945234629783379,-0.19505059503777972,0.0008849484856909839,0.0016155920093297027,0.008099716251308564,1677,30000000,3.66,0,2,2,-10.300217470099529,-2.7682479242311895,5.664357815227379,-10.300217470099529,-2.7682479242311895,5.664357815227379,326.2026946544647
-6.58436990723958,-5.4640474158483405,3.283102412796267,-8.785206712734206,-1.3431505747400212,5.701339172208158,-0.40015494882963837,-0.006300601488708998,-0.00071800291674874,0.916425558253283,-0.12473127749481505,0.09238378504654952,-0.1990036742329978,0.000953244494894534,0.0018643716543920164,0.010813171502377372,1677,139000000,3.68,0,2,2,-10.285042524997113,-2.770520283635636,5.638232269508076,-10.285042524997113,-2.770520283635636,5.638232269508076,326.4396481513977
-6.58436990723958,-5.4640474158483405,3.283102412796267,-8.769710474810188,-1.340329193904035,5.677873718794859,-0.40070007583628825,-0.006446724840889352,-0.0006702044776768445,0.9161863564742583,-0.12173657813551439,0.0946514196485451,-0.2665607612790072,0.0031770058058100403,0.0027635771402856335,0.012817634160455782,1677,258000000,3.71,0,2,2,-10.268227797921485,-2.7714224899935243,5.612335131333077,-10.268227797921485,-2.7714224899935243,5.612335131333077,326.68279099464417
-6.509407007165512,-5.516052033102621,3.2388089362865253,-8.75106650764051,-1.3373427217793692,5.641173400372387,-0.4014628220684824,-0.006768253584403342,-0.0004990657098505155,0.9158501756147914,-0.11819650151473297,0.09719539146378617,-0.3417782611805949,0.0060861378187837545,0.004648344383895164,0.01500263242633082,1677,369000000,3.75,0,2,2,-10.252279046329157,-2.7703308919184018,5.587201387270037,-10.252279046329157,-2.7703308919184018,5.587201387270037,326.92312264442444
-6.509407007165512,-5.516052033102621,3.2388089362865253,-8.735464782878276,-1.3351898044996149,5.603958113718162,-0.40219447024739025,-0.007172062426502893,-0.00028007130292790824,0.9155261280722886,-0.11524275692395496,0.09934662283880237,-0.40002413050738134,0.00824054523036466,0.006374703025358031,0.016957605475909077,1677,478000000,3.8,0,2,2,-10.23078220451838,-2.7666843308469264,5.549141977033981,-10.23078220451838,-2.7666843308469264,5.549141977033981,327.1643931865692
-6.432681141919438,-5.56894510494894,3.1980622641951646,-8.710393488195596,-1.3323927681475831,5.533045557630748,-0.40358145723315825,-0.007984229966319631,-2.3914961847622263e-05,0.9149088800954333,-0.11002591207803838,0.10318178557132507,-0.48341124987942685,0.004001406705356203,0.009640755888540298,0.021650802773365285,1677,590000000,3.85,0,2,2,-10.211077624254267,-2.761877365136942,5.51131205453778,-10.211077624254267,-2.761877365136942,5.51131205453778,327.4488606452942
-6.432681141919438,-5.56894510494894,3.1980622641951646,-8.688223235314615,-1.3307271529378784,5.460954582355832,-0.4051524231538916,-0.008726145961320625,-0.0003364658584954364,0.9142074464692997,-0.10510868254462716,0.10816068891499234,-0.5451056033183852,-0.0010501493648007454,0.012889363460999448,0.027194529684493318,1677,746000000,3.96,0,2,2,-10.176628741360156,-2.7513920026845895,5.440233438313593,-10.176628741360156,-2.7513920026845895,5.440233438313593,327.6782639026642
-6.354228798134396,-5.622550005388564,3.1609444548971024,-8.665750035704283,-1.329821250394789,5.380872711487185,-0.40703782737671756,-0.00955862063503426,-0.0008927442473918006,0.9133608503016241,-0.1003126379980478,0.11412451035501976,-0.598822192762626,-0.0034159211963924463,0.014909505807736423,0.03166926762787625,1677,885000000,4.09,0,2,2,-10.144139839611135,-2.7401802416493464,5.368564131985032,-10.144139839611135,-2.7401802416493464,5.368564131985032,327.92475271224976
-6.354228798134396,-5.622550005388564,3.1609444548971024,-8.642842020061456,-1.3296796015693395,5.293895107932925,-0.40919489399003417,-0.01040515189081493,-0.0016908817915780626,0.9123861093119406,-0.09577796096205658,0.12075158625802178,-0.6440668024753831,-0.007031344875940704,0.016214568131545093,0.03583742545743007,1678,29000000,4.27,0,2,2,-10.110088844509916,-2.727989689442763,5.2891708809219775,-10.110088844509916,-2.727989689442763,5.2891708809219775,328.16602396965027
-6.274092983719844,-5.676688553400637,3.127530258720525,-8.6194442845995,-1.3302452618143412,5.201193267011846,-0.41160019908545786,-0.011244003153814946,-0.002652183430212283,0.9112912895605558,-0.09161983062670932,0.1279701812351777,-0.6818118858033709,-0.007771773380227387,0.016639885325275827,0.039376832501147874,1678,166000000,4.49,0,2,2,-10.075047383919351,-2.7154890758377674,5.202981429502926,-10.075047383919351,-2.7154890758377674,5.202981429502926,328.4438271522522
-6.274092983719844,-5.676688553400637,3.127530258720525,-8.598913785995615,-1.3312503053133182,5.120963502556455,-0.4138189136660115,-0.01192529654656276,-0.0035461801330251407,0.9102741996788783,-0.09029510468043372,0.1345580892041694,-0.6484913327852431,-0.010887013377214316,0.01608542133908486,0.041621750278864056,1678,303000000,4.77,0,2,2,-10.039722350898442,-2.703527956007417,5.110631066287649,-10.039722350898442,-2.703527956007417,5.110631066287649,328.7158763408661
-6.192323170961965,-5.731181465669575,3.0978869674096936,-8.574354013724536,-1.332914662280346,5.035116299006269,-0.41653778678350106,-0.012509238252552138,-0.0048226749317665865,0.9090195448648756,-0.09015957394114593,0.14245792070390867,-0.5882615968500832,-0.014827084942226065,0.01420792405042448,0.043510897376108915,1678,430000000,5.03,0,2,2,-10.009759706825202,-2.694425127045741,5.030069873082297,-10.009759706825202,-2.694425127045741,5.030069873082297,329.00904393196106
-6.192323170961965,-5.731181465669575,3.0978869674096936,-8.545310927958392,-1.3352509727414443,4.947056264041998,-0.4197367117244014,-0.012864426535560688,-0.006482275465330006,0.9075315859326821,-0.0940565716255988,0.1511979430347554,-0.5226159485986266,-0.017675010167295113,0.011321311012579827,0.0437380833318457,1678,573000000,5.37,0,2,2,-9.975948066036675,-2.6861005616880838,4.94287784993448,-9.975948066036675,-2.6861005616880838,4.94287784993448,329.31673073768616
-6.108975219860335,-5.785848810464001,3.0720742786082953,-8.510644677806372,-1.3373944770142325,4.859993860338748,-0.42315411115683355,-0.012975999433889754,-0.00811610205092833,0.9059284466983364,-0.10804701169676467,0.16031422597508033,-0.4554826070112005,-0.014342787653731648,0.00660046212033194,0.03938823356293142,1678,727000000,5.77,0,2,2,-9.939620478183441,-2.6807478631048016,4.851924363916793,-9.939620478183441,-2.6807478631048016,4.851924363916793,329.6116545200348
-6.108975219860335,-5.785848810464001,3.0720742786082953,-8.472771471112745,-1.3375314637114917,4.7843124872078215,-0.42586028907171675,-0.01288346677719258,-0.009023102910592003,0.9046522061485396,-0.13293796868725855,0.16740062707739117,-0.3962876353350497,-0.008583943144913064,0.0012488610195759975,0.028020366698910948,1678,902000000,6.19,0,2,2,-9.9018171699674,-2.680487480163903,4.759904344942354,-9.9018171699674,-2.680487480163903,4.759904344942354,329.91308093070984
-6.024111281841859,-5.84051046147144,3.0501441756363548,-8.421396392757675,-1.333658681458705,4.705329498553816,-0.4278325574999179,-0.012637548439408017,-0.009245800620748668,0.9037223634963353,-0.16614825485602475,0.1742349101786254,-0.3338432387809244,0.0019892121486009273,-0.0023365821107290685,0.013933054287917912,1679,90000000,6.51,0,2,2,-9.8673196739356,-2.6863401211545788,4.677583308578122,-9.8673196739356,-2.6863401211545788,4.677583308578122,330.31030893325806
-5.937799684049354,-5.894986550396063,3.0321408228027407,-8.375854552741686,-1.3274581533924612,4.649090584769885,-0.4286902892298601,-0.01254357185827539,-0.008894121297151796,0.9033206459122953,-0.18567468839874718,0.17736663214493187,-0.3276578768664643,0.0034680346743698465,-0.0024785221512502176,0.008245457593147876,1679,305000000,6.7,0,2,2,-9.82944155853476,-2.700850565554387,4.58894826617409,-9.82944155853476,-2.700850565554387,4.58894826617409,330.66635060310364
-5.937799684049354,-5.894986550396063,3.0321408228027407,-8.32859006190751,-1.3198143026619185,4.58401825064659,-0.4294976190713643,-0.013003625648212057,-0.007927573284849219,0.9029395630460787,-0.18876274511492,0.17885653471483393,-0.4000347927733129,0.015247509327309672,0.002398619585619599,0.011734486270142952,1679,484000000,6.74,0,2,2,-9.801193639831665,-2.7177163219358706,4.524080978912286,-9.801193639831665,-2.7177163219358706,4.524080978912286,331.010281085968
-5.85011479445928,-5.9490979171324465,3.018100476464131,-8.297215441125173,-1.3149995688943072,4.5337773787982965,-0.4303534170609919,-0.013800667353050298,-0.006879874274711468,0.9025287504198978,-0.17705900082621362,0.1779790305049171,-0.44399492268309215,0.024153292724804487,0.00604061269768863,0.019991001136077102,1679,662000000,6.74,0,2,2,-9.774296927651454,-2.737437840999401,4.450477394258054,-9.774296927651454,-2.737437840999401,4.450477394258054,331.27628540992737
-5.761136868138604,-6.002666556337735,3.0080514120095225,-8.261750895686468,-1.310673134845383,4.468860578536485,-0.4318069525218204,-0.014998920793555756,-0.005534534773079866,0.9018243493351088,-0.16033776043776948,0.1760445571494999,-0.49053567292408057,0.026002727463492192,0.00767110041124397,0.025923865541699342,1679,795000000,6.77,0,2,2,-9.756161749102395,-2.7506595239145137,4.395154341934817,-9.756161749102395,-2.7506595239145137,4.395154341934817,331.5092074871063
-5.761136868138604,-6.002666556337735,3.0080514120095225,-8.222953331661662,-1.3076743895114848,4.387339957595506,-0.43384303856891077,-0.0163139247001871,-0.004260425563430621,0.900830684712832,-0.14039089501147511,0.17463669735550297,-0.5359284139783134,0.018084802832163405,0.008030690605664859,0.03135565530101303,1679,934000000,6.86,0,2,2,-9.73354487183828,-2.7644046374140196,4.32536633935691,-9.73354487183828,-2.7644046374140196,4.32536633935691,331.754554271698
-5.670951875006609,-6.055516059236666,3.0020138669173706,-8.18560278585173,-1.3067791204395618,4.299285660251827,-0.436287039251245,-0.017393930136555692,-0.003504787979101885,0.899632584468242,-0.12261669134629316,0.17596886565364622,-0.5734062505602544,0.01346639164694352,0.007709186411375413,0.03691517704282887,1680,80000000,7.02,0,2,2,-9.704120695264253,-2.775888120482796,4.2400372226236485,-9.704120695264253,-2.775888120482796,4.2400372226236485,332.027382850647
-5.670951875006609,-6.055516059236666,3.0020138669173706,-8.153778405094435,-1.3076257884330704,4.217791588280423,-0.4387619316345398,-0.0181850058576108,-0.0030855934738258217,0.8984140203843661,-0.10879875509609065,0.177815777783069,-0.6002427762212817,0.010251290404994506,0.006960536484257318,0.04195840192551259,1680,250000000,7.23,0,2,2,-9.670393334172713,-2.782707556182407,4.149932978028696,-9.670393334172713,-2.782707556182407,4.149932978028696,332.2832758426666
-5.579651309521315,-6.10747204950958,3.0,-8.122586351260454,-1.3098329381303835,4.132872832710613,-0.4415261763708478,-0.018866467996351804,-0.002746973668076514,0.8970457881849445,-0.09656502766852422,0.1802562973350041,-0.6223876962742126,0.008425667601841269,0.0059891129239986185,0.046507493607350625,1680,388000000,7.47,0,2,2,-9.637788368960988,-2.785428854965594,4.067889271043356,-9.637788368960988,-2.785428854965594,4.067889271043356,332.5550682544708
-5.579651309521315,-6.10747204950958,3.0,-8.09178374876018,-1.3132662461319513,4.050916513193972,-0.44456562830741786,-0.01936001964806173,-0.0026208335046495612,0.8955332059720612,-0.08960214653010118,0.1846219709373867,-0.5568134367330756,0.0019592940020629612,0.004444361957212095,0.05045541147410404,1680,534000000,7.76,0,2,2,-9.602754093374095,-2.78559471785591,3.9834366567755,-9.602754093374095,-2.78559471785591,3.9834366567755,332.80252861976624
-5.487331982763328,-6.158362612132099,3.0020138669173706,-8.065559758003785,-1.3170555568706928,3.9888194979264564,-0.44735272372860124,-0.01950166405373744,-0.0028355988755592344,0.8941404727730167,-0.0848744533085962,0.1891699535790905,-0.495508662340168,-0.004328299201006303,0.0025556799073456204,0.05337921465979889,1680,665000000,8.11,0,2,2,-9.565524310209241,-2.7836231690553803,3.902754627679582,-9.565524310209241,-2.7836231690553803,3.902754627679582,333.04084968566895
-5.487331982763328,-6.158362612132099,3.0020138669173706,-8.039398107733234,-1.3215763198540629,3.93386455862026,-0.45029511888903323,-0.019395699904489173,-0.003299020926774079,0.8926629986679468,-0.0807535018797983,0.19399765605744884,-0.4370628762630944,-0.008919773154048016,0.0008332243965014641,0.05586399420280941,1680,786000000,8.44,0,2,2,-9.532037413149135,-2.7804861300875636,3.842260120350534,-9.532037413149135,-2.7804861300875636,3.842260120350534,333.2875211238861
-5.394095797442429,-6.208018714056558,3.0080514120095216,-8.004630146485157,-1.3286207384594062,3.8710888589545047,-0.4544057860093426,-0.01906129510300534,-0.00394371745904198,0.8905821106236251,-0.07534773899585083,0.19952639594657812,-0.36404791932094194,-0.005844975430591148,-0.001640912194034172,0.05911990701861214,1680,910000000,8.8,0,2,2,-9.497239437802449,-2.7762246925258167,3.7892862520552844,-9.497239437802449,-2.7762246925258167,3.7892862520552844,333.55396819114685
-5.394095797442429,-6.208018714056558,3.0080514120095216,-7.970121880510275,-1.336773361214144,3.819356012116,-0.4587586884336281,-0.018695990930064254,-0.0041590294701846905,0.8883544496335156,-0.06924735988971878,0.2033221332980831,-0.29774749637948605,-0.00318252284614573,-0.004419540164235514,0.06269571676966734,1681,64000000,9.32,0,2,2,-9.44911126257489,-2.769045941824345,3.7295460783125214,-9.44911126257489,-2.769045941824345,3.7295460783125214,333.8129975795746
-5.300049506402166,-6.256274615650105,3.018100476464131,-7.935975332841719,-1.3459728229133117,3.7776220343756135,-0.46335147783761743,-0.018206534711787355,-0.004148310920393499,0.8859778335804976,-0.06308089312468655,0.20676723465095814,-0.237849057109114,-0.002013710445680772,-0.006924350236658938,0.06620942949666642,1681,231000000,9.9,0,2,2,-9.399395104938888,-2.760434960691966,3.681178429299934,-9.399395104938888,-2.760434960691966,3.681178429299934,334.0833249092102
-5.300049506402166,-6.256274615650105,3.018100476464131,-7.8938199739856465,-1.3588498338244182,3.7380424534317207,-0.46940434752817806,-0.017444148008888154,-0.0038477577373774103,0.8828026138284161,-0.05499930513008143,0.20961340715645055,-0.17110575932089897,-0.00014523177203074056,-0.00970138717093505,0.07009404580458067,1681,391000000,10.53,0,2,2,-9.348703175868145,-2.7507942285046347,3.6429850200379787,-9.348703175868145,-2.7507942285046347,3.6429850200379787,334.4046986103058
-5.205304455247262,-6.30296827183162,3.0321408228027407,-7.840002166960657,-1.3777475330619717,3.7049541927843994,-0.47779135202083617,-0.01626908150233515,-0.0029805414632851756,0.8783176289325847,-0.04390700290106661,0.21291311673452254,-0.09614103680874274,0.003634866266111203,-0.012840046201745281,0.07562847749795765,1681,585000000,11.37,0,2,2,-9.28656476151505,-2.7407184018960304,3.6071267951345662,-9.28656476151505,-2.7407184018960304,3.6071267951345662,334.88491201400757
-5.205304455247262,-6.30296827183162,3.0321408228027407,-7.8033469880649795,-1.3920995522272166,3.6926003939274255,-0.4838809750112616,-0.015255435043445013,-0.0024191285275783035,0.8749974980198245,-0.036849192848447225,0.2147743886168924,-0.05147351512277569,-0.0009626799851503165,-0.013310184294823557,0.07798828301019967,1681,840000000,12.52,0,2,2,-9.213783521770937,-2.7384574380719315,3.575654970179122,-9.213783521770937,-2.7384574380719315,3.575654970179122,335.21555733680725
-5.109976309765509,-6.347941721880122,3.050144175636352,-7.7517705433635085,-1.4089227548298688,3.687801833069709,-0.49061990601213346,-0.013812309238090386,-0.001439941827587968,0.8712630225745206,-0.07197342726534886,0.22463291243370734,0.00021953088596208715,0.0038821701764391037,-0.01619475460756803,0.045727410542895086,1682,27000000,13.33,0,2,2,-9.17043490015356,-2.7466445204627816,3.5617744645766,-9.17043490015356,-2.7466445204627816,3.5617744645766,335.6325914859772
-5.01418476886208,-6.391041466920087,3.0720742786082917,-7.691836304651263,-1.4166517309580706,3.6946195160324913,-0.4928526167950854,-0.01207749301245058,-0.00031031015754847454,0.8700289282480077,-0.12909227994018796,0.23659589595816968,0.04384807995375429,-0.0006734684916409606,-0.017938743076229002,-0.0008620888769073076,1682,264000000,14.17,0,2,2,-9.119842655812867,-2.768541870248828,3.5524066051144416,-9.119842655812867,-2.768541870248828,3.5524066051144416,335.9828600883484
-4.918053263767082,-6.432118834125037,3.097886967409692,-7.616825841595382,-1.4138613302028746,3.7131426562951675,-0.490663233114047,-0.009803316426809837,0.0005080095667997532,0.8712939966414242,-0.1795319806812857,0.24607767013928705,0.08442827657962794,-0.005384629685067921,-0.01827107698773034,-0.018058010027743876,1682,497000000,14.34,0,2,2,-9.075665667496116,-2.8009779297764608,3.55281459050028,-9.075665667496116,-2.8009779297764608,3.55281459050028,336.4193158149719
-4.821708644319341,-6.471030326718811,3.1275302587205234,-7.561462138326567,-1.4083179126461658,3.7315971365440133,-0.4899436471777221,-0.008115241590753355,0.0008130478257357163,0.8717159539651367,-0.1941982014791851,0.24935382087889418,0.1083334887454952,-0.007096272111084545,-0.0175833416506066,-0.004041764987050556,1682,774000000,13.85,0,2,2,-9.032988306711294,-2.845389512315487,3.5631237188463443,-9.032988306711294,-2.845389512315487,3.5631237188463443,336.7874140739441
-4.725280853168204,-6.507637958894582,3.160944454897095,-7.488573017098582,-1.4022464335828633,3.761773076717276,-0.49194405036135774,-0.005554156506362488,0.0008881776635689767,0.8706086456037538,-0.16375100623075206,0.24556317512834816,0.13313899670524937,-0.013210038923716638,-0.020028722610732075,0.03494111297186464,1682,956000000,13.59,0,2,2,-9.005238658064352,-2.8798528212115535,3.575540562226108,-9.005238658064352,-2.8798528212115535,3.575540562226108,337.2212061882019
-4.725280853168204,-6.507637958894582,3.160944454897095,-7.448418263480966,-1.4015857168598211,3.7817595294843898,-0.4942974435951348,-0.0038381780729496912,0.0007407842728278705,0.869284048446223,-0.1429732941199431,0.2436530487045702,0.1460615841751116,-0.013713029420614475,-0.020264647173462436,0.04102815146325156,1683,177000000,13.66,0,2,2,-8.965090915626735,-2.9224561055411207,3.598888465813048,-8.965090915626735,-2.9224561055411207,3.598888465813048,337.4893479347229
-4.628902588772864,-6.541809574814725,3.1980622641951624,-7.398957419137618,-1.4036029887430628,3.809814547242771,-0.4976226345267408,-0.0016477055765424533,0.0004891713378172448,0.8673919295130667,-0.1202105117651866,0.2425710192391965,0.16174061779497217,-0.014656944404123351,-0.019379642071726266,0.04290511533326935,1683,322000000,13.88,0,2,2,-8.937364906099246,-2.9415624186699603,3.6161199605813255,-8.937364906099246,-2.9415624186699603,3.6161199605813255,337.78475069999695
-4.532708958112899,-6.573419150899704,3.2388089362865227,-7.3566313622059605,-1.4077396709631202,3.836756407315209,-0.5008420248578299,0.0002340055614720502,0.0002809138708997197,0.8655386371879091,-0.10218294563169986,0.2416069202162737,0.17319269177522206,-0.013575772572949063,-0.01854553174780449,0.049227690760744736,1683,498000000,14.25,0,2,2,-8.897138452117849,-2.960085129969213,3.641750890222294,-8.897138452117849,-2.960085129969213,3.641750890222294,338.03726530075073
-4.532708958112899,-6.573419150899704,3.2388089362865227,-7.315594336566714,-1.4138066771934172,3.865307062949608,-0.5045246608855414,0.0019708797517094317,9.667031079728806e-05,0.8633950271145789,-0.08622380734601684,0.24155514743463563,0.18367384457548735,-0.012586485718202312,-0.01662410631979583,0.056776674318825826,1683,658000000,14.63,0,2,2,-8.857643605267864,-2.9717156979070567,3.6674341936652595,-8.857643605267864,-2.9717156979070567,3.6674341936652595,338.29871129989624
-4.436837120055821,-6.602347080661456,3.2831024127962647,-7.280482453610758,-1.4205260560264996,3.891519999386078,-0.5081832511051667,0.003346969994471254,-6.569516395801356e-05,0.8612424610829312,-0.07371979580041718,0.24227704454300963,0.19211743333523185,-0.01179740347652114,-0.014886864391883137,0.06403373772627674,1683,821000000,15.09,0,2,2,-8.81509107694073,-2.9795570612211026,3.695570869505399,-8.81509107694073,-2.9795570612211026,3.695570869505399,338.5604479312897
-4.436837120055821,-6.602347080661456,3.2831024127962647,-7.245943601189622,-1.4284112529168023,3.917595121739633,-0.5122298508424256,0.004569416608966271,-0.00020239515972955658,0.8588362238366517,-0.06258640322899303,0.24310845188863883,0.16298938989113632,-0.00833001049613813,-0.01298578126807115,0.07027406682027504,1683,966000000,15.56,0,2,2,-8.775734506193034,-2.983810801559068,3.7219676158618076,-8.775734506193034,-2.983810801559068,3.7219676158618076,338.821261882782
-4.341425920357565,-6.628480441385833,3.3308534925573894,-7.211876191814996,-1.437311583657322,3.9338769381768826,-0.5166238900075599,0.0053594587609321846,8.957156030779635e-05,0.8561956694892714,-0.05322863791679078,0.24489085764475965,0.08039781817341445,0.002283529124724737,-0.010463903618074255,0.07604882484884001,1684,104000000,16.09,0,2,2,-8.73468299175037,-2.9860958837249596,3.7487275071622412,-8.73468299175037,-2.9860958837249596,3.7487275071622412,339.09478402137756
-4.341425920357565,-6.628480441385833,3.3308534925573894,-7.178133211028505,-1.4471090127128827,3.939149218889583,-0.5213331264465001,0.00565318889147829,0.0008619214829407463,0.8533340903867793,-0.04492117795539129,0.24668894359927482,0.004749055070161226,0.010573513736744644,-0.008031710240175016,0.08099164988379925,1684,239000000,16.66,0,2,2,-8.692240513743414,-2.986724201242795,3.766188278026496,-8.692240513743414,-2.986724201242795,3.766188278026496,339.35094809532166
-4.24661551929798,-6.651713242019724,3.381966011250106,-7.139909343452821,-1.4593116264341461,3.9329340423009067,-0.5270521041012144,0.005443178949294474,0.0021587175696948105,0.8498127977995285,-0.035428149293269616,0.248715875911426,-0.073562133194998,0.018014907800534274,-0.0042482659864617744,0.0865396337758284,1684,380000000,17.29,0,2,2,-8.648566154033613,-2.9859630408461864,3.7731639959049468,-8.648566154033613,-2.9859630408461864,3.7731639959049468,339.6637153625488
-4.24661551929798,-6.651713242019724,3.381966011250106,-7.102085254142133,-1.472740974110349,3.9149835675894327,-0.5331802139922307,0.0045340819680627364,0.003739506729432086,0.8459812749684986,-0.023799772339525693,0.24959297011784476,-0.144372541130038,0.025063239809242077,0.0020817895347136073,0.09337756855529733,1684,553000000,18.05,0,2,2,-8.597387582157811,-2.983666753017826,3.769563115518033,-8.597387582157811,-2.983666753017826,3.769563115518033,339.93137788772583
-4.152547012978052,-6.671946651671,3.436337035063939,-7.060129902320337,-1.4894820526867216,3.882412110979696,-0.5405566288805345,0.0027038545653560175,0.0057207163433319625,0.8412838364953416,-0.009891657085217899,0.2498104003950375,-0.2134777313428844,0.03126557385257911,0.007462561325155548,0.10010701298597269,1684,714000000,18.86,0,2,2,-8.54511415366477,-2.9803270512277393,3.7549881908837084,-8.54511415366477,-2.9803270512277393,3.7549881908837084,340.20099401474
-4.059362049326308,-6.689089208183685,3.4938570679927743,-7.023336739190827,-1.5058327608964361,3.8441065384240596,-0.5474671611732556,0.0006627259447685189,0.007371210831626971,0.836794439203616,0.0031741736065125634,0.24894726282490956,-0.2653772541535454,0.03086089673161041,0.011203042140550679,0.10510833963053301,1684,882000000,19.85,0,2,2,-8.485522485544603,-2.976028249732792,3.7270694776307374,-8.485522485544603,-2.976028249732792,3.7270694776307374,340.48647570610046
-4.059362049326308,-6.689089208183685,3.4938570679927743,-6.986934603306947,-1.523504761529798,3.798479050499767,-0.5546178352434734,-0.0015363141934395877,0.008799614083821392,0.832057247646169,0.01572221183590892,0.24828632875501508,-0.30804327750511307,0.0291706097414135,0.013037819826422492,0.10885287993005477,1685,45000000,20.78,0,2,2,-8.432139354322317,-2.972092189219155,3.693445215285321,-8.432139354322317,-2.972092189219155,3.693445215285321,340.77836656570435
-3.9672024398808325,-6.703057006306124,3.5544102723452102,-6.93258601366248,-1.5522330025391644,3.7194239410450147,-0.5655860178150003,-0.004764557453896038,0.010449610806766079,0.824609338461811,0.03309738993511295,0.24809503057587096,-0.3560683700651388,0.02222906296083238,0.013733488140132977,0.11043560589314438,1685,201000000,21.76,0,2,2,-8.378634726508757,-2.968411836119165,3.652651592521966,-8.378634726508757,-2.968411836119165,3.652651592521966,341.21738862991333
-3.9672024398808325,-6.703057006306124,3.5544102723452102,-6.891776554667751,-1.5752628032279714,3.653728140111492,-0.5736331383901514,-0.006957136950624592,0.011329015570750781,0.819004440886808,0.04440554665334631,0.24828744656331905,-0.3843816316245091,0.021655445016222075,0.0120782506201067,0.10837219233508222,1685,441000000,23.3,0,2,2,-8.29920590575583,-2.9657134474811673,3.5799695281671053,-8.29920590575583,-2.9657134474811673,3.5799695281671053,341.5364320278168
-3.8762097684280574,-6.713773865026728,3.6178747020262714,-6.85065458826605,-1.5992609003052998,3.5838014942170267,-0.5811889855105168,-0.008933175601713672,0.012117835253076819,0.8136293502349239,0.05366272709925608,0.24916726147397972,-0.4052426154982062,0.019264639740868006,0.010514432960917475,0.09949164596037008,1685,625000000,24.43,0,2,2,-8.242092895935189,-2.969497652194765,3.517315780263242,-8.242092895935189,-2.969497652194765,3.517315780263242,341.84412693977356
-3.786524997592367,-6.721171473709559,3.6841225481205733,-6.801695468445403,-1.6232711376911662,3.5026133336270138,-0.5876319008857482,-0.010836055348166786,0.013046287939813323,0.8089506309638956,0.019594061512305465,0.26523139995876216,-0.42190104106302934,0.01934396586875664,0.007927135629870463,0.06395155796781182,1685,804000000,25.45,0,2,2,-8.188500483299606,-2.980967350459526,3.4482244773767046,-8.188500483299606,-2.980967350459526,3.4482244773767046,342.16779589653015
-3.786524997592367,-6.721171473709559,3.6841225481205733,-6.745580443026243,-1.639617817492233,3.419055349895433,-0.5911138573537043,-0.012744533034369275,0.014188670153058582,0.8063626145608735,-0.028646203995086633,0.2870307891171081,-0.43337073660719116,0.021437117538880557,0.008747493484406732,0.030064708153076936,1686,14000000,26.24,0,2,2,-8.134326801930465,-3.005058637690306,3.3646028756897746,-8.134326801930465,-3.005058637690306,3.3646028756897746,342.49566173553467
-3.6982880744793807,-6.725189516720688,3.7530203962825284,-6.675229790452803,-1.6481804605670445,3.3256498973017257,-0.5905729922156663,-0.015156160447656528,0.01542899697518901,0.806694352105095,-0.08063696106625286,0.3089142003649551,-0.44047162999607953,0.022919365801499225,0.013774574563285569,-0.029945310780021828,1686,215000000,26.5,0,2,2,-8.085137638143877,-3.039793609489473,3.275759739531871,-8.085137638143877,-3.039793609489473,3.275759739531871,342.88251543045044
-3.6116375364826183,-6.725775776295651,3.8244294954150577,-6.598560488817384,-1.6494134907449705,3.2318284715441283,-0.586166220403265,-0.018055801103803972,0.01640841570643749,0.8098233844479025,-0.1090462394812766,0.3154827336008229,-0.4425216358992222,0.023814314408809878,0.01987614214158384,-0.05411574638856109,1686,423000000,26.09,0,2,2,-8.035552530741347,-3.087412078703761,3.1748147333177195,-8.035552530741347,-3.087412078703761,3.1748147333177195,343.34927201271057
-3.6116375364826183,-6.725775776295651,3.8244294954150577,-6.528510284313639,-1.6495311565099287,3.1471490385782968,-0.582711103417595,-0.020961364158853992,0.017010987533211553,0.8122308892609255,-0.1015047535206665,0.30682448396660045,-0.4392774014448154,0.018849423940991983,0.020949469580955338,-0.03341259143780917,1686,655000000,25.08,0,2,2,-7.988280985949082,-3.139799275760589,3.0736967487257423,-7.988280985949082,-3.139799275760589,3.0736967487257423,343.68700885772705
-3.5267101183659015,-6.722886213458185,3.898206037095796,-6.4557655968989875,-1.6539670409848415,3.055374136720624,-0.5822902737612413,-0.023822878458784915,0.017400688288838877,0.8124455203840261,-0.06074993796454666,0.28760715123343444,-0.43125843266755187,0.015935216470097657,0.016223823513428215,0.020525046238617506,1686,845000000,24.24,0,2,2,-7.9442721265358065,-3.1860230235018268,2.9839029870381673,-7.9442721265358065,-3.1860230235018268,2.9839029870381673,344.0294179916382
-3.4436403617338742,-6.716485026860802,3.9742014451881857,-6.400801028317475,-1.662582246886667,2.981698741565352,-0.5853043860161378,-0.025513516255878575,0.017650760700869433,0.8102199003018955,-0.02883710384957796,0.27507020822399697,-0.42337191291291,0.011347983763698721,0.009068054350791499,0.05641455572913401,1687,65000000,23.84,0,2,2,-7.890638856505711,-3.2283996378572763,2.8897017748244664,-7.890638856505711,-3.2283996378572763,2.8897017748244664,344.31446146965027
-3.3625602280003974,-6.7065446894783225,4.052262675053997,-6.349054208038317,-1.6749973971172143,2.909701559997986,-0.590625087796071,-0.0264946981118693,0.01788333381854632,0.8063127327590571,-0.002028950745021007,0.26679994650502753,-0.4115112719841904,0.007439364162564743,0.0019157163706040592,0.08609211363364011,1687,248000000,24.05,0,2,2,-7.84198848426187,-3.2553192635530213,2.8170554852173453,-7.84198848426187,-3.2553192635530213,2.8170554852173453,344.584303855896
-3.3625602280003974,-6.7065446894783225,4.052262675053997,-6.3158626817924075,-1.6850133084420118,2.863027832096014,-0.5950793619841787,-0.026794320062877346,0.01803105157881299,0.8030177448424366,0.013085366228765114,0.26338611259930506,-0.4003988949678033,0.004747306229546666,-0.0019141956613566435,0.09703252508188598,1687,418000000,24.62,0,2,2,-7.7896437725464365,-3.2761365484738274,2.7485167046423276,-7.7896437725464365,-3.2761365484738274,2.7485167046423276,344.84875774383545
-3.2835987159577487,-6.693045963146028,4.132232521764888,-6.272499455060196,-1.7001605386037104,2.8113221662203745,-0.6016049253163772,-0.02662330726814527,0.017899891630136944,0.7981493013370439,0.027577865252436294,0.26985990694835793,-0.2829195480504304,-0.008275023901660461,-0.005189907187741483,0.10497062248759903,1687,548000000,25.15,0,2,2,-7.753001458555043,-3.2871287396639,2.7052358980924938,-7.753001458555043,-3.2871287396639,2.7052358980924938,345.1659893989563
-3.2835987159577487,-6.693045963146028,4.132232521764888,-6.218995438736416,-1.7214187749960417,2.772966494917212,-0.6102118348329431,-0.025328404098063518,0.016674557541804063,0.7916577213079168,0.042568616971667035,0.2779369285212177,-0.14196064020788426,-0.023278489607037045,-0.006307493549684295,0.1092535319912713,1687,708000000,25.98,0,2,2,-7.702153195594187,-3.298821206647936,2.658723167159294,-7.702153195594187,-3.298821206647936,2.658723167159294,345.5123643875122
-3.2068814850407197,-6.675977890994722,4.213949936692154,-6.171255537694208,-1.7422269242204609,2.7613275918435933,-0.6181661787501614,-0.023453711760221256,0.014699190767594433,0.7855599484729793,0.053576162425127014,0.2844291029636865,-0.0254540564689023,-0.03382603681529872,-0.005308350546329166,0.11224275367567316,1687,898000000,27.13,0,2,2,-7.635739632873222,-3.309533361226602,2.6275481522763893,-7.635739632873222,-3.309533361226602,2.6275481522763893,345.84693717956543
-3.132530485366818,-6.655337767895037,4.297250351837312,-6.1185049448240445,-1.7666644618155223,2.7713335549462426,-0.6272034859690815,-0.02077832527196357,0.012022028899803664,0.7784854007675784,0.06406050157167044,0.28806004526485407,0.09154320220169629,-0.04046372487209737,-0.00745979505154537,0.11586226319195703,1688,97000000,28.08,0,2,2,-7.566963311148293,-3.316830313939396,2.6233629751455037,-7.566963311148293,-3.316830313939396,2.6233629751455037,346.1386094093323
-3.132530485366818,-6.655337767895037,4.297250351837312,-6.060685702999596,-1.7943044073188463,2.8077768496541777,-0.6370052476184197,-0.01661485608964713,0.008406440132939764,0.7706345390832202,0.07062390280103123,0.28934984116459717,0.21175225984121418,-0.056279122873093,-0.012850379607698414,0.11043752892874181,1688,285000000,29.53,0,2,2,-7.503460254382114,-3.3210564539602547,2.6405792108278687,-7.503460254382114,-3.3210564539602547,2.6405792108278687,346.4781816005707
-3.060663595618906,-6.6311310890833415,4.3819660112501,-6.018531779040733,-1.814203912767217,2.849807296713888,-0.6435799519750502,-0.012738906631456612,0.005352304490135898,0.7652541528866548,0.07216096237419065,0.28872923789073524,0.2923815647446676,-0.060881313766003586,-0.014539162020810181,0.10245637604384683,1688,507000000,30.96,0,2,2,-7.424287291251885,-3.3239881288519126,2.6861814569978537,-7.424287291251885,-3.3239881288519126,2.6861814569978537,346.77749395370483
-2.9913942698176106,-6.603371477200641,4.467926308866647,-5.971000047952495,-1.8358403887115227,2.9032138151685056,-0.6500455447792887,-0.008627134961349647,0.0025974683292706254,0.7598418357877085,0.0720252298399919,0.28301328825177785,0.272619319088255,-0.04418741082190536,-0.017520384244562592,0.08436168354819529,1688,674000000,31.94,0,2,2,-7.365940846079541,-3.325056563717848,2.7345796062430874,-7.365940846079541,-3.325056563717848,2.7345796062430874,347.0763576030731
-2.9913942698176106,-6.603371477200641,4.467926308866647,-5.939388224260738,-1.8494802704131494,2.934309944938434,-0.6531733703650928,-0.006395213118247851,0.001722158016810462,0.7571794263362168,0.06877213125077557,0.2790687083943566,0.24210357349039452,-0.02917544206866296,-0.02063277570414357,0.052537144438247196,1688,837000000,32.91,0,2,2,-7.3003057540111715,-3.3261409156294133,2.794898019226509,-7.3003057540111715,-3.3261409156294133,2.794898019226509,347.3445324897766
-2.9248311940096183,-6.572080588034301,4.554958132087365,-5.89739892392622,-1.8663164686771592,2.970046222366147,-0.6549102514005769,-0.00396563333600689,0.001593454432134508,0.7556945793544174,0.06113699003234426,0.27484742441230814,0.20300670340764637,-0.013679562562174397,-0.023293976846616715,0.0015663723402781216,1688,974000000,33.37,0,2,2,-7.2566993087080744,-3.3270392705834166,2.8309801503994705,-7.2566993087080744,-3.3270392705834166,2.8309801503994705,347.64114475250244
-2.9248311940096183,-6.572080588034301,4.554958132087365,-5.845411301673245,-1.885172945303926,3.0062202079282994,-0.6526082853932034,-0.0015212304186860953,0.002308521346997049,0.7576904265089712,0.050561592784959496,0.26931438699443067,0.15867222376591972,-0.007546595497842645,-0.02222501061623916,-0.05519286387425382,1689,130000000,33.58,0,2,2,-7.201172127609047,-3.331307865522934,2.8734082924471362,-7.201172127609047,-3.331307865522934,2.8734082924471362,347.9708206653595
-2.8610779538735933,-6.537287995309999,4.642886210402717,-5.794156866261513,-1.9021745745275094,3.0345165556258493,-0.6468494339572958,0.000388127980111899,0.0031453818709695222,0.7626111497471583,0.03894939800846912,0.26513318351668314,0.12414331337078939,-0.0036171498550174874,-0.01769306563801365,-0.08891246106941253,1689,325000000,33.13,0,2,2,-7.137591640922654,-3.3428792828115825,2.917720605516322,-7.137591640922654,-3.3428792828115825,2.917720605516322,348.284544467926
-2.8002327142182644,-6.499031054937685,4.73153346836469,-5.753235031329315,-1.9142480969707938,3.0526504120910904,-0.6410086969131807,0.0014263566164706707,0.0037277450194081463,0.7675232373717025,0.024922101836697373,0.26529572167670135,0.10183799560889177,-0.0010440597407068708,-0.012201557001390029,-0.09985707511077635,1689,521000000,32.14,0,2,2,-7.0811771737159654,-3.3605144456073517,2.9535044405561517,-7.0811771737159654,-3.3605144456073517,2.9535044405561517,348.56567573547363
-2.8002327142182644,-6.499031054937685,4.73153346836469,-5.717043422375388,-1.923395028474187,3.0659380103209712,-0.6354781577649368,0.0020489439291073424,0.004030006480982687,0.7721056092790809,0.009623938148660234,0.26797376449225097,0.08767537431116378,-0.0020666482214437565,-0.0069464171701838495,-0.10459034965606406,1689,687000000,31.16,0,2,2,-7.04060467344982,-3.3787239724460085,2.977057588313738,-7.04060467344982,-3.3787239724460085,2.977057588313738,348.8540325164795
-2.742387911317235,-6.457354749170536,4.82072138219313,-5.669409311644547,-1.9329019299914274,3.0882378165179705,-0.6283730269335088,0.0027267736800642532,0.003855104994196017,0.777897835125668,-0.009329160613961399,0.27227267474983635,0.17140683160420098,-0.011693170927173924,-0.0025714765115480986,-0.09657698683440685,1689,835000000,30.23,0,2,2,-7.007895864440087,-3.397296292182724,2.9945898303558933,-7.007895864440087,-3.397296292182724,2.9945898303558933,349.1907880306244
-2.742387911317235,-6.457354749170536,4.82072138219313,-5.61534215058982,-1.9410363818261158,3.133965519958178,-0.6215537118491752,0.004066639289440795,0.002435105565120147,0.7833572084255618,-0.02363737774120741,0.27246960473134363,0.2781586285848555,-0.02405691921012476,-0.0011957034303122782,-0.07937119662528858,1690,7000000,29.03,0,2,2,-6.968987152981129,-3.424273233430823,3.0213293387720745,-6.968987152981129,-3.424273233430823,3.0213293387720745,349.5693120956421
-2.687629958992159,-6.412311511189544,4.910270339298964,-5.56146476018817,-1.948192055864082,3.199618458257295,-0.6166460079745415,0.005931627050469048,0.0003698953853947364,0.7872181272220549,-0.025843263242871,0.26538214481598965,0.3738129381785672,-0.02877581846405519,-0.002889643155867816,-0.04922366679238621,1690,206000000,27.86,0,2,2,-6.929027838634955,-3.4575950162024007,3.07055599427729,-6.929027838634955,-3.4575950162024007,3.07055599427729,349.92171716690063
-2.6360389693210795,-6.363961030678936,4.99999999999999,-5.514214476248832,-1.9548288767028401,3.2731878353909107,-0.6154839781129461,0.007856940364918373,-0.0011361853048632658,0.7881094151558637,-0.020899837802572638,0.25510253908792213,0.44359114491217716,-0.02698915468499763,-0.008545479613530915,0.005242482711764751,1690,405000000,26.97,0,2,2,-6.891089870788819,-3.492502695603727,3.1381840754736707,-6.891089870788819,-3.492502695603727,3.1381840754736707,350.2169232368469
-2.587688488810457,-6.312370041007844,5.089729660701031,-5.473353582916881,-1.960716925607757,3.3481224895132984,-0.6170594759347704,0.00966285375721673,-0.0017431652400769831,0.7868552559342276,-0.019572070233931406,0.24674728127359652,0.4958299111995196,-0.019000731299456675,-0.015982585864549037,0.04001893466920592,1690,590000000,26.66,0,2,2,-6.856211526870862,-3.5213308020644716,3.212965028402982,-6.856211526870862,-3.5213308020644716,3.212965028402982,350.4803788661957
-2.587688488810457,-6.312370041007844,5.089729660701031,-5.433250874752373,-1.9658104589055438,3.4306624313074985,-0.6201286022129588,0.011461761953328313,-0.0015592833497195362,0.7844148859919489,-0.021894972183334183,0.23982468653259525,0.5403500981460059,-0.009567729557602433,-0.020967017917428166,0.05528147958102636,1690,754000000,26.8,0,2,2,-6.82222192213037,-3.540868103879921,3.28871617915787,-6.82222192213037,-3.540868103879921,3.28871617915787,350.7471148967743
-2.542645250829466,-6.257612088682768,5.179278617806864,-5.3985374013930505,-1.969019889514408,3.5073943412135224,-0.6232100362733334,0.012859336803661912,-0.0007552999280767154,0.7819484111290075,-0.027305369790555097,0.23577572118344015,0.5435702630147762,0.0009982111237150093,-0.0233623715757858,0.05598136158369016,1690,903000000,27.19,0,2,2,-6.784825229862679,-3.5534665944389707,3.371884444813955,-6.784825229862679,-3.5534665944389707,3.371884444813955,351.0077247619629
-2.542645250829466,-6.257612088682768,5.179278617806864,-5.373836775055377,-1.9704027999839964,3.5588547103762904,-0.6253354697043331,0.013617903699350339,0.0002370346790213293,0.7802371734562877,-0.033198296404285774,0.234632902967748,0.49958764233891334,0.010654949710442452,-0.024207262868003454,0.05279120086925104,1691,39000000,27.6,0,2,2,-6.749729529458708,-3.5591815014975188,3.4489176001889725,-6.749729529458708,-3.5591815014975188,3.4489176001889725,351.24340653419495
-2.5009689450623167,-6.19976728578174,5.268466531635305,-5.344290488841338,-1.9709847139685983,3.614919625520058,-0.6276654562576065,0.014221449124273434,0.001859893809721418,0.7783510558872218,-0.041030180958972914,0.23357905955855768,0.44906181943281387,0.018031045328825712,-0.024452240359096322,0.04715685499832034,1691,153000000,27.9,0,2,2,-6.723500342048622,-3.5604951064019796,3.50045084498948,-6.723500342048622,-3.5604951064019796,3.50045084498948,351.50550723075867
-2.5009689450623167,-6.19976728578174,5.268466531635305,-5.309947518134846,-1.9701363523261444,3.672964508566004,-0.6300147205112614,0.014632647842476258,0.004074177413077644,0.7764346325574625,-0.05059300105101985,0.23239087291812618,0.39368716429807793,0.021178606039029546,-0.023726811377855483,0.04016277816845104,1691,267000000,28.23,0,2,2,-6.690921033782178,-3.559278674527437,3.5566085056211203,-6.690921033782178,-3.559278674527437,3.5566085056211203,351.77893567085266
-2.4627120046900064,-6.138922046126419,5.357113789597264,-5.261175966787953,-1.966442444637138,3.7433195352512683,-0.6329132110605895,0.014984783966791988,0.007147918367992781,0.7740447214324548,-0.061908207673209,0.2308495558209868,0.32391261398597393,0.021287357776600402,-0.01997592407860793,0.035742831096285954,1691,411000000,28.56,0,2,2,-6.6517035799542725,-3.5542694961776684,3.614657823938188,-6.6517035799542725,-3.5542694961776684,3.614657823938188,352.1107850074768
-2.4627120046900064,-6.138922046126419,5.357113789597264,-5.212721261559836,-1.9607068044049953,3.8009301394628956,-0.6356925830632283,0.015139442651820574,0.009664188129248,0.771733335150423,-0.06866257644774193,0.2297701375865822,0.26431916331546945,0.017187045341415796,-0.014599157111661043,0.035964623020845465,1691,604000000,29.0,0,2,2,-6.593903834713639,-3.541116306355461,3.6852326504425648,-6.593903834713639,-3.541116306355461,3.6852326504425648,352.4495327472687
-2.4279194119657,-6.075168805990385,5.44504186791263,-5.164482406250175,-1.9537665301457852,3.847856950030984,-0.6385005353882612,0.015047223230734028,0.01156624720499301,0.7693873337321983,-0.07255550372263625,0.22965500166725952,0.21540084565243908,0.015292555417545373,-0.008987508499558317,0.03651374972832855,1691,815000000,29.42,0,2,2,-6.535288467429069,-3.523744275430743,3.7436622463912825,-6.535288467429069,-3.523744275430743,3.7436622463912825,352.8193199634552
-2.396628522799361,-6.008605730182392,5.5320736911333475,-5.116383569221251,-1.9464884656359858,3.8884335775179713,-0.6413227451417817,0.014935654419807268,0.012603748921299486,0.7670222997436192,-0.06877219492590346,0.2300572560251996,0.22894487083704695,0.004825825544685358,-0.003673565629469522,0.03679460351122543,1692,14000000,29.84,0,2,2,-6.47769718636744,-3.5058209377551566,3.792206410311,-6.47769718636744,-3.5058209377551566,3.792206410311,353.2088041305542
-2.396628522799361,-6.008605730182392,5.5320736911333475,-5.073231625239244,-1.9405129985328011,3.9368435121174588,-0.6436628900227063,0.015315845029337848,0.012300398187277123,0.7650569972904563,-0.0595896648956105,0.2302977374357426,0.3084921244982286,-0.010224172183370683,0.00046208582489271066,0.03234181640436873,1692,207000000,30.25,0,2,2,-6.422865284867875,-3.4908448964226304,3.8356604604665976,-6.422865284867875,-3.4908448964226304,3.8356604604665976,353.5502152442932
-2.368868910916664,-5.939336404381105,5.61803398874989,-5.035009620861062,-1.9360027902396706,3.9913746264388803,-0.645408457244127,0.015943825012756645,0.011175570777034963,0.7635894344341898,-0.05047698131494842,0.22953436574840183,0.3738837252262722,-0.019236374464526307,0.005034840160078602,0.026088305821758695,1692,378000000,30.58,0,2,2,-6.376937945492785,-3.482487997887623,3.88756118052751,-6.376937945492785,-3.482487997887623,3.88756118052751,353.90926361083984
-2.344662232104967,-5.867469514633185,5.70274964816269,-4.9922802089979745,-1.9319701973017822,4.064324462948212,-0.6468196481080578,0.016740989067834194,0.00940806979280504,0.7624011872558781,-0.04150698674013441,0.22687499941021078,0.4381002207205157,-0.022301606441033073,0.006432638747355668,0.01658685469010379,1692,554000000,30.8,0,2,2,-6.3391509366914525,-3.480005940712196,3.9456189820100804,-6.3391509366914525,-3.480005940712196,3.9456189820100804,354.2211711406708
-2.344662232104967,-5.867469514633185,5.70274964816269,-4.94996656996261,-1.9284796950470615,4.147805077344162,-0.6474688372438069,0.017506523964506047,0.00796644850384776,0.7618491728124854,-0.03898987187919508,0.22253953280278066,0.49276330124792567,-0.017120721167884767,0.0016528251535419258,0.004414414070197381,1692,734000000,30.95,0,2,2,-6.3000144788070065,-3.4826835592597276,4.022947981089802,-6.3000144788070065,-3.4826835592597276,4.022947981089802,354.5154960155487
-2.3240221090052797,-5.793118514959282,5.786050063307848,-4.912759263586251,-1.9249944259529448,4.2295751276898805,-0.6474602228159287,0.018229634455899604,0.007248310533487106,0.7618467052453284,-0.04125850518888498,0.21776422627727063,0.5346625102454727,-0.011548857128218515,-0.003287693289166782,-0.002995945988004678,1692,905000000,30.98,0,2,2,-6.264103610286588,-3.489577768122565,4.111375908079172,-6.264103610286588,-3.489577768122565,4.111375908079172,354.8440954685211
-2.306954036853975,-5.716401284042254,5.867767478235114,-4.875999106862796,-1.9205884996379097,4.316677926304966,-0.6472286664705917,0.01897445706851466,0.007085772718635216,0.762026781092787,-0.047153224890548386,0.2129613004378476,0.5421881232685369,-0.00479915865980729,-0.007914816160337068,-0.0031235639198712306,1693,75000000,30.92,0,2,2,-6.234370923139676,-3.4973312090866906,4.197889816060362,-6.234370923139676,-3.4973312090866906,4.197889816060362,355.1623423099518
-2.306954036853975,-5.716401284042254,5.867767478235114,-4.844170444907133,-1.9156244110634042,4.386992884757475,-0.6471724130604567,0.019376671744057584,0.0076139363073743065,0.7620593417441556,-0.05703399101472154,0.21054362753257005,0.4783221673899981,0.007330221751544741,-0.01030172988976119,0.002119865735039639,1693,221000000,30.85,0,2,2,-6.205284076861015,-3.503977612850494,4.28973290405026,-6.205284076861015,-3.503977612850494,4.28973290405026,355.4522638320923
-2.29345531052168,-5.637439771999615,5.947737324945992,-4.812630923298315,-1.9093723204027113,4.448697559273519,-0.6474164872405831,0.019399502726620787,0.008758406182309112,0.7618391179666278,-0.06786792694730978,0.20846559581449692,0.4192764264004354,0.016042107563407626,-0.011048546639358392,0.006234252259673667,1693,365000000,30.82,0,2,2,-6.178396829827197,-3.5060373663943984,4.363932266837813,-6.178396829827197,-3.5060373663943984,4.363932266837813,355.7596604824066
-2.2835149731391997,-5.556359638266128,6.025798554811816,-4.772509965732767,-1.8993441765967425,4.516407999209262,-0.647922055693935,0.019085176218206226,0.010625697094854348,0.7613933676853991,-0.08095024217645527,0.2059998353127513,0.3490994724888036,0.019523812989064027,-0.01022526867018314,0.007434158715113881,1693,515000000,30.74,0,2,2,-6.144841674850696,-3.502483291764767,4.437741211225437,-6.144841674850696,-3.502483291764767,4.437741211225437,356.08135318756104
-2.2835149731391997,-5.556359638266128,6.025798554811816,-4.724096257709584,-1.8846624875980875,4.583360711083287,-0.6485531875865501,0.018521096286003142,0.012650789722042505,0.7608388064387216,-0.09270635298859674,0.2033519821154861,0.2763331401157359,0.014545619160344359,-0.005615218924504006,0.00705679512975621,1693,684000000,30.91,0,2,2,-6.108581745022023,-3.493062566912338,4.500727506655326,-6.108581745022023,-3.493062566912338,4.500727506655326,356.4511342048645
-2.2771137865418183,-5.4732898816341,6.101793962904206,-4.684929653220095,-1.8713255124182913,4.627365670249794,-0.6490368065523331,0.01788590899804988,0.013840988815315525,0.7604207684093571,-0.09953498175508202,0.20140564995335772,0.2269495516141758,0.015473879466298968,-0.0015144760368457355,0.006542170740431175,1693,900000000,31.0,0,2,2,-6.055236134004032,-3.4721489849318083,4.571961724611565,-6.055236134004032,-3.4721489849318083,4.571961724611565,356.77572441101074
-2.2742242237043486,-5.388362463517386,6.175570504584939,-4.646103525762113,-1.8574177185154774,4.663140812016105,-0.649502802083145,0.017200722311936714,0.01450878654149771,0.7600261445181893,-0.10206349287187025,0.20010354988730508,0.1838677553100076,0.010523065611778293,0.0027487360284794704,0.006548700685016229,1694,91000000,31.08,0,2,2,-6.010144387459756,-3.450806761499602,4.619262603798719,-6.010144387459756,-3.450806761499602,4.619262603798719,357.15070271492004
-2.2742242237043486,-5.388362463517386,6.175570504584939,-4.611851716697798,-1.8451582938144537,4.695147412369686,-0.6498529202867722,0.016708236015099527,0.014472509472598424,0.7597384835017793,-0.09706623641357569,0.1991455704912601,0.23765376388262158,-0.0009588495572643296,0.006372936013576691,0.004764617915498093,1694,273000000,31.16,0,2,2,-5.965360741271883,-3.4285247810478903,4.658460730504443,-5.965360741271883,-3.4285247810478903,4.658460730504443,357.49219703674316
-2.2748104832793112,-5.301711925520624,6.246979603717468,-4.573649531036463,-1.831954897609635,4.744532512755628,-0.6500795920419192,0.01654116988269189,0.013583392450755592,0.7595646155259289,-0.08979491598803037,0.19734765750410044,0.31443368719918185,-0.009978563230106374,0.009007541302707978,0.0019124842424389499,1694,432000000,31.23,0,2,2,-5.926338539260115,-3.409072037009253,4.69365101076387,-5.926338539260115,-3.409072037009253,4.69365101076387,357.82032895088196
-2.2788285262904413,-5.213475002407638,6.315877451879423,-4.53588807659046,-1.8196793814726486,4.807027585827687,-0.6501457476725288,0.01668530703712927,0.011944256779447023,0.7595323838009751,-0.08096173693146978,0.19466398001886526,0.3833413032644961,-0.01717081122478703,0.011598221772146644,0.0006228427196219855,1694,598000000,31.28,0,2,2,-5.88426267140333,-3.389492525338337,4.746926707166538,-5.88426267140333,-3.389492525338337,4.746926707166538,358.207994222641
-2.2788285262904413,-5.213475002407638,6.315877451879423,-4.494532581164428,-1.8068445563889328,4.889954238895719,-0.650050797642741,0.016966693575701092,0.010209528261909462,0.7596327121219921,-0.07689712102958414,0.19009471306122389,0.44993473501968617,-0.015510178127442487,0.007091907900758088,-0.002200407607233501,1694,794000000,31.3,0,2,2,-5.844748524804145,-3.3738761559302244,4.813436192717817,-5.844748524804145,-3.3738761559302244,4.813436192717817,358.5496861934662
-2.286226134973271,-5.123790231571948,6.382125297973725,-4.457900511732787,-1.7950517994097501,4.974991450525813,-0.6497435656657686,0.017441706902707153,0.009199997629601464,0.7598976548061378,-0.0787370611876745,0.1848168843712495,0.5006454880100939,-0.011839384114864515,0.0005450007250829003,-0.005667787490892806,1694,990000000,31.27,0,2,2,-5.803935849115935,-3.3614652332331056,4.901101204090586,-5.803935849115935,-3.3614652332331056,4.901101204090586,358.8714168071747
-2.2969429936938752,-5.032797560119191,6.4455897276547764,-4.429822191338474,-1.7852801556424658,5.046854284467684,-0.6493770618254272,0.017929964737103673,0.008847663709672209,0.7602037008502273,-0.08176482749846802,0.18037677093906387,0.5331613308143491,-0.007165917713791714,-0.004137150972383097,-0.007392370298475726,1695,166000000,31.19,0,2,2,-5.76994905699146,-3.354299449946132,4.990942656245883,-5.76994905699146,-3.354299449946132,4.990942656245883,359.1441743373871
-2.2969429936938752,-5.032797560119191,6.4455897276547764,-4.40605994568093,-1.7763205672310272,5.110854250557145,-0.6489826411766759,0.01839377940377227,0.008819711208868077,0.7605296924018043,-0.08692778773953924,0.1768171440490855,0.5252801918428728,-0.0017215987099916674,-0.006796528168706573,-0.009821721505431924,1695,299000000,31.1,0,2,2,-5.7451639671261505,-3.3504316902354483,5.066860761322347,-5.7451639671261505,-3.3504316902354483,5.066860761322347,359.437828540802
-2.3109107918163154,-4.940637950673698,6.506142932007222,-4.382578301855401,-1.7665705150705149,5.169535848047393,-0.6484499904500225,0.018639773245024034,0.009221887121994902,0.7609731437683258,-0.09570735136541006,0.17385459156525318,0.46957485261585497,0.007503276401621406,-0.007932985317893326,-0.013439641588774975,1695,431000000,31.0,0,2,2,-5.724927166968088,-3.3476889107774377,5.134579333362005,-5.724927166968088,-3.3476889107774377,5.134579333362005,359.68753457069397
-2.328053348328999,-4.8474529870219545,6.563662964936058,-4.351752113025088,-1.7521432347939971,5.237698624230622,-0.6474833879901541,0.018549171676983972,0.010303926122361567,0.7617841030195852,-0.1079528642407848,0.1699284069636355,0.3997839294491733,0.014554768677044194,-0.007848537552490598,-0.018071638442052063,1695,552000000,30.88,0,2,2,-5.705348466972481,-3.344810530271914,5.197158184035715,-5.705348466972481,-3.344810530271914,5.197158184035715,359.9897782802582
-2.328053348328999,-4.8474529870219545,6.563662964936058,-4.329005598211876,-1.7402736327590544,5.281726803237231,-0.6465901490680344,0.018275543995044656,0.011289819283921185,0.7625350638497868,-0.1168836655184253,0.16671749170003866,0.3513869370683578,0.016917175162234344,-0.006494852368632564,-0.02126447689079214,1695,700000000,30.67,0,2,2,-5.679122083795208,-3.3387513480940716,5.270492182869022,-5.679122083795208,-3.3387513480940716,5.270492182869022,360.2489776611328
-2.348286757980274,-4.753384480702025,6.618033988749891,-4.302909921594233,-1.7253623965660765,5.32612752760884,-0.6453833312327462,0.017817951809614357,0.012382741898787452,0.7635506165692629,-0.12626387077753082,0.16268274692173615,0.30050181727975195,0.01533287995698629,-0.003597493855522771,-0.024279036551888566,1695,829000000,30.5,0,2,2,-5.65843540055903,-3.3311815725632705,5.318153934945944,-5.65843540055903,-3.3311815725632705,5.318153934945944,360.5052571296692
-2.348286757980274,-4.753384480702025,6.618033988749891,-4.273668707787984,-1.7072381725041632,5.368714320929733,-0.6438143736759201,0.0172370419791674,0.013230471068097743,0.7648731210255773,-0.13410045164070147,0.15817569316934826,0.2488187494271691,0.011796603939728811,0.0008470423892958934,-0.027452245194581337,1695,973000000,30.28,0,2,2,-5.63274280372477,-3.3184893398995987,5.366282450771763,-5.63274280372477,-3.3184893398995987,5.366282450771763,360.76759457588196
-2.3715195586141586,-4.6585740796424515,6.6691465074425995,-4.248575961713146,-1.6907965172635842,5.399616356074847,-0.64226748796787,0.016602956677947388,0.013654946608016765,0.7661790640327653,-0.13917974593070537,0.1540588817409111,0.20903588410713675,0.01082368680727086,0.004959009811500437,-0.030837589292787015,1696,125000000,30.02,0,2,2,-5.6016422533615895,-3.2995416387397,5.412460094990786,-5.6016422533615895,-3.2995416387397,5.412460094990786,361.03021121025085
-2.3715195586141586,-4.6585740796424515,6.6691465074425995,-4.227450052824726,-1.676404732512895,5.42193457874553,-0.6407973105303884,0.01595091403335794,0.01381992804021602,0.7674199533159693,-0.14232173635898507,0.1506139116822283,0.17827003631332036,0.008178419102478074,0.008067937596933916,-0.03366534656379372,1696,275000000,29.77,0,2,2,-5.573431166795343,-3.280096200785796,5.445999941036298,-5.573431166795343,-3.280096200785796,5.445999941036298,361.2932336330414
-2.397652919338544,-4.563162879944184,6.716897587203733,-4.206661443088365,-1.661910925678688,5.442793792566943,-0.6391976234260763,0.01526505118743213,0.013770303377212512,0.7687676860818229,-0.14200045710935516,0.14730324794042565,0.1990011505444459,0.004170563488514745,0.010374834619142348,-0.036459863986237906,1696,392000000,29.53,0,2,2,-5.549070273840808,-3.2621554437010696,5.470331459603126,-5.549070273840808,-3.2621554437010696,5.470331459603126,361.5273792743683
-2.397652919338544,-4.563162879944184,6.716897587203733,-4.186232338444141,-1.647447436948529,5.469327796895867,-0.6374459451966464,0.014748158704286059,0.01336910943279993,0.770237902001817,-0.1397636794611484,0.14391387436398617,0.24959692586345356,-0.002050722105195746,0.011302579696348403,-0.039503833613707684,1696,506000000,29.29,0,2,2,-5.524863662350761,-3.2435699840367045,5.493095516519203,-5.524863662350761,-3.2435699840367045,5.493095516519203,361.78708577156067
-2.4265808491002945,-4.467291041887107,6.761191063713475,-4.166157621061447,-1.633101145210987,5.501719305524129,-0.6355601333508358,0.014406620320237247,0.012716237140042089,0.7718121944482443,-0.1373438824109444,0.1403222071614422,0.29679898268215854,-0.005505117405846249,0.011547024951141793,-0.04211721534375101,1696,626000000,29.03,0,2,2,-5.501216782221514,-3.225168486765711,5.521436739624573,-5.501216782221514,-3.225168486765711,5.521436739624573,362.035462141037
-2.4265808491002945,-4.467291041887107,6.761191063713475,-4.146474098612443,-1.618863944467096,5.539611303842975,-0.6335579363768993,0.014158773154626872,0.011957187278070174,0.7734732678438201,-0.13551433516414116,0.136284771318949,0.3407411232074641,-0.006597800120289321,0.010471493806107901,-0.043886246567126364,1696,742000000,28.74,0,2,2,-5.478497023439029,-3.2076052777348396,5.555598248796741,-5.478497023439029,-3.2076052777348396,5.555598248796741,362.28208470344543
-2.458190425185273,-4.37109741122714,6.801937735804835,-4.123995069728346,-1.6022676647708871,5.590103328316406,-0.6311540639836972,0.013998021857761962,0.011194365468047595,0.7754503782207474,-0.13519185904912484,0.13116294513448926,0.3866586771759034,-0.005086875171400607,0.006752697481715586,-0.044747398715117015,1696,868000000,28.44,0,2,2,-5.456773637225464,-3.191028153559805,5.595181006487226,-5.456773637225464,-3.191028153559805,5.595181006487226,362.5153458118439
-2.458190425185273,-4.37109741122714,6.801937735804835,-4.10206270834024,-1.5853974458312825,5.646605120363981,-0.6287230149291194,0.01397179973153514,0.01073891185854573,0.7774296335249862,-0.13649007756858864,0.1255981947393964,0.42683954836551513,-0.0029078607894916786,0.0022095341364547494,-0.04437057759787422,1697,3000000,28.07,0,2,2,-5.43299698955481,-3.17345554028186,5.647830370893807,-5.43299698955481,-3.17345554028186,5.647830370893807,362.7711224555969
-2.492362041105416,-4.274719146831802,6.839055545102903,-4.080683021465322,-1.5680879110864974,5.70831924770551,-0.6263187816606625,0.014085413850804633,0.010585982152618634,0.7793678989011666,-0.138942902182806,0.11978299207547356,0.4619676559369573,-0.001027997211622278,-0.0016559521441195102,-0.04397321536089294,1697,137000000,27.69,0,2,2,-5.41084952778716,-3.1576161307462636,5.706831616586204,-5.41084952778716,-3.1576161307462636,5.706831616586204,363.0228064060211
-2.492362041105416,-4.274719146831802,6.839055545102903,-4.065754647553045,-1.5553492204559993,5.75521962779552,-0.6246099377987389,0.014222177318855358,0.010651343497262517,0.7807347207323811,-0.14116812867565362,0.11556548621192915,0.4839753570932105,0.001643120083372196,-0.004135768404012197,-0.04346929490566254,1697,279000000,27.3,0,2,2,-5.390274070820723,-3.143299299019212,5.77157281484423,-5.390274070820723,-3.143299299019212,5.77157281484423,363.2674174308777
-2.5289696732811873,-4.178291355680664,6.872469741279475,-4.0482131534455315,-1.5396080267695271,5.814184406323942,-0.6225868286777125,0.014433491419381295,0.010911535330338373,0.7823415197209016,-0.14410033212366657,0.11059522334767977,0.5073696952962317,0.0028913709911648766,-0.006489037377832574,-0.042903896610368975,1697,394000000,27.01,0,2,2,-5.376461324664048,-3.1337104338212667,5.820926767107341,-5.376461324664048,-3.1337104338212667,5.820926767107341,363.517795085907
-2.5289696732811873,-4.178291355680664,6.872469741279475,-4.031071481387268,-1.523277586441288,5.875727761893141,-0.6205721529575983,0.014686683647635446,0.011311209881551735,0.7839302015026726,-0.14774578819883646,0.1055400218250834,0.5275550470336591,0.004073043191965553,-0.008285887724923668,-0.04276258696336299,1697,500000000,26.67,0,2,2,-5.360745065779922,-3.1226314362432435,5.8831941038062725,-5.360745065779922,-3.1226314362432435,5.8831941038062725,363.7771451473236
-2.56788116587496,-4.081946736232923,6.902113032590306,-4.0143259913038305,-1.5063212946883753,5.939448406735744,-0.618556105779639,0.014971690613658401,0.011827454632822,0.7855089457159642,-0.15159780957408495,0.10047134108005154,0.5446845136809337,0.005439847245725105,-0.009571084228809923,-0.042946741086780094,1697,620000000,26.33,0,2,2,-5.345719727268991,-3.1114173536792498,5.948278546018183,-5.345719727268991,-3.1114173536792498,5.948278546018183,364.0273382663727
-2.56788116587496,-4.081946736232923,6.902113032590306,-3.9979760915341416,-1.488679163133427,6.005044067986475,-0.6165187612587131,0.015263089769191931,0.012430701472034686,0.78709410667825,-0.15564413746852104,0.09546787515925091,0.5594674881377102,0.0061201906191854505,-0.010427755205455469,-0.04321883097873069,1697,747000000,25.99,0,2,2,-5.330797909075467,-3.0991007857510176,6.015607947533636,-5.330797909075467,-3.0991007857510176,6.015607947533636,364.28709721565247
-2.6089585330799085,-3.985815231137935,6.927925721391705,-3.979376228355546,-1.4672502462550585,6.083547767326729,-0.6141278163679899,0.01562644413181566,0.01319483651338913,0.7889415286928839,-0.16033085777628825,0.08976169741077245,0.5738448070279796,0.006476351836681715,-0.010935923000943149,-0.04350804265413899,1697,872000000,25.66,0,2,2,-5.315447979303363,-3.0849039239867544,6.084656051953857,-5.315447979303363,-3.0849039239867544,6.084656051953857,364.515456199646
-2.6089585330799085,-3.985815231137935,6.927925721391705,-3.961281886314772,-1.4448769683045888,6.163797107465225,-0.6117056614382391,0.015986959918625965,0.013995357531981785,0.7908000574383632,-0.1650087945763694,0.08411103377437425,0.5853559490920954,0.0071145486799650826,-0.011132924464618554,-0.044041657747584395,1698,4000000,25.27,0,2,2,-5.296539532177759,-3.0654595397766498,6.1667880412153515,-5.296539532177759,-3.0654595397766498,6.1667880412153515,364.7821111679077
-2.652058278119881,-3.8900236902344916,6.949855824363648,-3.9436834668547505,-1.4215932924957182,6.2454017511981395,-0.609251450560104,0.01633101730206669,0.014828128509864197,0.7926702305935197,-0.1696948903751368,0.07837902529057063,0.5944333571877183,0.007642912260052981,-0.010965188539557857,-0.044444826198741794,1698,154000000,24.88,0,2,2,-5.276354640048839,-3.0426373062311707,6.25010208401902,-5.276354640048839,-3.0426373062311707,6.25010208401902,365.0218849182129
-2.652058278119881,-3.8900236902344916,6.949855824363648,-3.926585837782691,-1.3973901796070392,6.32805804917893,-0.6067752134839652,0.016641327174349324,0.015682959324778332,0.794544492975807,-0.17412861710933858,0.07289841605690602,0.6012787712955113,0.008350964526471216,-0.01079122966984869,-0.044698659257846884,1698,292000000,24.49,0,2,2,-5.255000045311471,-3.0166688724744053,6.334200662584989,-5.255000045311471,-3.0166688724744053,6.334200662584989,365.28850650787354
-2.6970317281683824,-3.7946955447527406,6.967859177197259,-3.9123004312844736,-1.3759678557341195,6.399490873365229,-0.6046387692030882,0.016893287037710526,0.016416814239061422,0.7961514076103088,-0.17783380187191078,0.06823234117195874,0.6053759361240676,0.007949137307150522,-0.010409182777948445,-0.04487174373934977,1698,430000000,24.1,0,2,2,-5.232878962410047,-2.9880484137551835,6.418903350100981,-5.232878962410047,-2.9880484137551835,6.418903350100981,365.5400424003601
-2.6970317281683824,-3.7946955447527406,6.967859177197259,-3.8983705729958316,-1.3539104998390747,6.471274169404555,-0.602490982960148,0.01712993321895522,0.017127396567407093,0.7977580041130591,-0.1814521771175173,0.0635424307834929,0.6079640099777013,0.008302517198899295,-0.009990051148633938,-0.04501176226767711,1698,546000000,23.77,0,2,2,-5.213662153348036,-2.9618855958995036,6.491914512883508,-5.213662153348036,-2.9618855958995036,6.491914512883508,365.8034510612488
-2.7437253843499,-3.6999504935978362,6.981899523535869,-3.8847762079652997,-1.331269728896055,6.5431970516986295,-0.6003334807164792,0.01734353205968963,0.017833148938973642,0.7993628041292963,-0.18490378362945314,0.05897334832022105,0.6087300002452083,0.008186352351913229,-0.009456801763008116,-0.04508386482484639,1698,663000000,23.44,0,2,2,-5.194557559613756,-2.9347266915968673,6.5652557115250865,-5.194557559613756,-2.9347266915968673,6.5652557115250865,366.05780029296875
-2.7437253843499,-3.6999504935978362,6.981899523535869,-3.871526193571057,-1.3080377107542334,6.615068631058791,-0.5981707669536112,0.017527417722345822,0.018514389651629753,0.8009630082381722,-0.1884031353403805,0.054328024743083625,0.6080552235884225,0.008572552997065941,-0.008784982492215931,-0.04518010500760283,1698,778000000,23.11,0,2,2,-5.176111919050735,-2.907221357686723,6.639009387251578,-5.176111919050735,-2.907221357686723,6.639009387251578,366.3288857936859
-2.7919812859434368,-3.605904202557586,6.9919485879904775,-3.8586089418225744,-1.284246505225492,6.686729856128372,-0.5959955845994661,0.017675869220262756,0.019183176989110075,0.8025639117888698,-0.19183104039040383,0.049685299072338006,0.6061615672033008,0.008490163963870145,-0.008081139822024852,-0.04538196371868253,1698,901000000,22.78,0,2,2,-5.158750991641603,-2.8798894343329207,6.713223193332684,-5.158750991641603,-2.8798894343329207,6.713223193332684,366.57076501846313
-2.7919812859434368,-3.605904202557586,6.9919485879904775,-3.839880441498016,-1.2475169337704652,6.793547287442256,-0.5927112239311507,0.017830320879480163,0.02015160682518311,0.8049654634987362,-0.19665016929950646,0.042807703636683576,0.6015036161536507,0.009099168710235972,-0.007104585210981895,-0.045577093260362744,1699,35000000,22.45,0,2,2,-5.142873827466063,-2.85321843228318,6.787884889289578,-5.142873827466063,-2.85321843228318,6.787884889289578,366.8561141490936
-2.8416373878679044,-3.5126680172366744,6.997986133082629,-3.825832291483782,-1.2181509864657178,6.875850815275684,-0.5901467295068188,0.017913905439167543,0.02084996037898499,0.8068278681332945,-0.200461808330955,0.03731619736119689,0.5964087925934336,0.008495425299770432,-0.006156655308586778,-0.045515766396420076,1699,198000000,21.96,0,2,2,-5.121909005278718,-2.8148298446467006,6.900444872001653,-5.121909005278718,-2.8148298446467006,6.900444872001653,367.1389756202698
-2.8416373878679044,-3.5126680172366744,6.997986133082629,-3.8122363343026993,-1.1881037310959903,6.957330866181473,-0.5875853004950753,0.017946281033224504,0.021524450730931805,0.8086767856566182,-0.2038534019808383,0.032122883558328194,0.5905070072959685,0.008934716151998146,-0.005429316979643772,-0.04532285456662066,1699,356000000,21.58,0,2,2,-5.107878654178713,-2.7863060577212786,6.988161964966064,-5.107878654178713,-2.7863060577212786,6.988161964966064,367.4179561138153
-2.8925279504904227,-3.420348690478687,7.0,-3.8009258994941555,-1.1618302385778028,7.023839941317845,-0.585396220872082,0.01793631424736876,0.022070912853471417,0.8102483742814415,-0.2103935009738942,0.026571160343974498,0.5295006099960217,0.008259684545919299,-0.004031513753943727,-0.04508879974309821,1699,486000000,21.2,0,2,2,-5.095684955323052,-2.758798620458476,7.075818763735739,-5.095684955323052,-2.758798620458476,7.075818763735739,367.6650187969208
-2.9444839407633383,-3.3290481249933923,6.997986133082629,-3.7917573442440826,-1.1395027059870229,7.071774724316825,-0.5835799112508044,0.017835551935269492,0.022464536621093323,0.8115489664007138,-0.21698055947437478,0.021503164529582897,0.4609991462419892,0.009184817554341862,-0.0013460884474625345,-0.04487755868467502,1699,608000000,20.88,0,2,2,-5.086599237643425,-2.735876465202045,7.148175168892968,-5.086599237643425,-2.735876465202045,7.148175168892968,367.9132430553436
-2.9444839407633383,-3.3290481249933923,6.997986133082629,-3.7792947158362775,-1.10765587186853,7.127697637190718,-0.5810470658265987,0.017448034220354694,0.02291384643706576,0.8133602086637901,-0.225681930312751,0.014526476593939441,0.3706204416795257,0.010036070034402655,0.0034046091514028376,-0.04462951073946897,1699,716000000,20.66,0,2,2,-5.0786616211429525,-2.7133038361138557,7.2111804280094525,-5.0786616211429525,-2.7133038361138557,7.2111804280094525,368.2060899734497
-2.997333443662269,-3.2388631318613967,6.9919485879904775,-3.7673030791128332,-1.075111447973918,7.171398843486854,-0.5785209405920929,0.01679654233095966,0.023125850721037948,0.8151666041310773,-0.23410144094760144,0.006906458493305495,0.28652596070067177,0.007706236192461802,0.00877739430507063,-0.04468971019377932,1699,856000000,20.25,0,2,2,-5.071730775642129,-2.690966710601249,7.26505118634449,-5.071730775642129,-2.690966710601249,7.26505118634449,368.4569675922394
-2.997333443662269,-3.2388631318613967,6.9919485879904775,-3.755825071654178,-1.0419355400553147,7.203793860579232,-0.575971934344104,0.015935450737999648,0.02299115902063564,0.8169906969265778,-0.2410538252876548,-0.0005527090284876218,0.2088638029667084,0.005500881979969563,0.013990638217364904,-0.0451299267297145,1699,989000000,19.9,0,2,2,-5.0645979467360585,-2.664956253040952,7.316938423455463,-5.0645979467360585,-2.664956253040952,7.316938423455463,368.698529958725
-3.050902082867557,-3.149885205540721,6.981899523535869,-3.744845728151543,-1.0083215807492454,7.225783963058139,-0.5733782049369425,0.014892857833201574,0.022503956648568916,0.81884626690485,-0.24640102723545745,-0.007839167104007418,0.13700475028824194,0.002517215148145624,0.018981381617777515,-0.04601076943799853,1700,123000000,19.54,0,2,2,-5.058033960003409,-2.638474652734581,7.357617721519769,-5.058033960003409,-2.638474652734581,7.357617721519769,368.9465596675873
-3.050902082867557,-3.149885205540721,6.981899523535869,-3.735849817450985,-0.9792636169847909,7.236959745745376,-0.5711012260042664,0.01387454036238642,0.021802924826860002,0.8204727413236533,-0.2495249764022686,-0.013740713255615386,0.07965012596954774,-0.00010772867895525451,0.022827422617410775,-0.04695893221651204,1700,264000000,19.19,0,2,2,-5.051785989110673,-2.6113156610926525,7.387748324913166,-5.051785989110673,-2.6113156610926525,7.387748324913166,369.1753740310669
-3.1050134496039394,-3.062200315950648,6.967859177197259,-3.727221490720734,-0.950110732862983,7.2415640300068045,-0.5687749501707412,0.012747861252509481,0.020889079325659667,0.8221290619219611,-0.2515183624646472,-0.019419706513506017,0.0260358565085342,-0.0016929983303271001,0.02610280007502297,-0.04765075573232025,1700,385000000,18.89,0,2,2,-5.046519095768129,-2.587391074711224,7.4056710004450235,-5.046519095768129,-2.587391074711224,7.4056710004450235,369.4330403804779
-3.1050134496039394,-3.062200315950648,6.967859177197259,-3.7189883689029473,-0.9209040324671315,7.240038836962523,-0.56641549134592,0.01152324028865791,0.019796711334288484,0.8238014301498612,-0.2524395279403066,-0.024962644700982257,-0.024098427632913817,-0.0033984951642196393,0.028845098859164864,-0.04809251695405692,1700,503000000,18.6,0,2,2,-5.04120479112831,-2.562794903590163,7.416711696472659,-5.04120479112831,-2.562794903590163,7.416711696472659,369.67503809928894
-3.159489538528554,-2.9758887181581546,6.949855824363648,-3.712425222111763,-0.8966006922048032,7.234401748754892,-0.5644313168316015,0.01044465309331332,0.018771025990696338,0.825200488599444,-0.2522313299306248,-0.029361516269692224,-0.06326776116774815,-0.004077728226548061,0.03078669760725461,-0.04817663902940694,1700,618000000,18.31,0,2,2,-5.035821339736895,-2.5376563392077958,7.421268430270818,-5.035821339736895,-2.5376563392077958,7.421268430270818,369.9194030761719
-3.159489538528554,-2.9758887181581546,6.949855824363648,-3.7049622221962775,-0.8675179403261092,7.222741742876532,-0.5620552711815936,0.009063780078959818,0.017433645382730244,0.8268662455538587,-0.2509373929340896,-0.03482964649129482,-0.10735264978587786,-0.00543068290426163,0.03317699447507039,-0.047807718146941625,1700,729000000,18.07,0,2,2,-5.031279746723734,-2.5163565060343496,7.420413036733827,-5.031279746723734,-2.5163565060343496,7.420413036733827,370.1676003932953
-3.214151189536002,-2.8910247801396665,6.927925721391705,-3.6979714484872135,-0.8386209408999002,7.206136954743716,-0.559695840104895,0.007600895881940874,0.015964230595751767,0.8285094666282053,-0.2483667503416338,-0.0400399287690243,-0.14795911341883775,-0.005913636459808913,0.03529995337885339,-0.04706275030912366,1700,841000000,17.79,0,2,2,-5.025742439452433,-2.4903506598268703,7.414049896701085,-5.025742439452433,-2.4903506598268703,7.414049896701085,370.40869545936584
-3.214151189536002,-2.8910247801396665,6.927925721391705,-3.6904695447061737,-0.8051725585241525,7.181090835327674,-0.557006181050987,0.005809871487167698,0.014149450463997177,0.8303674805264623,-0.24443964760106818,-0.04605907607803117,-0.19083776192331153,-0.007352497459578444,0.03669211691885721,-0.04557835309242364,1700,960000000,17.53,0,2,2,-5.020132341971939,-2.4639009604647093,7.402206295059723,-5.020132341971939,-2.4639009604647093,7.402206295059723,370.6472432613373
-3.214151189536002,-2.8910247801396665,6.927925721391705,-3.6846018444312416,-0.7767678163798245,7.1552368542788445,-0.5547676824561467,0.004262098477119689,0.012521297639598375,0.8319001563434325,-0.24056864882299972,-0.051036239452963705,-0.22408364808987086,-0.007987453591340454,0.037056004293845035,-0.04406041589390952,1701,102000000,17.24,0,2,2,-5.013561175774835,-2.4325621989566164,7.381824144018136,-5.013561175774835,-2.4325621989566164,7.381824144018136,370.8871946334839
-3.2688185343304266,-2.807676829038037,6.9021130325903055,-3.678423270941823,-0.7439100134444769,7.120467898425219,-0.5522451804962786,0.002483063679463342,0.010580541410805791,0.8336109087319158,-0.23553552644417422,-0.056395667464166785,-0.2590281922294267,-0.009338697418570518,0.03666010197775904,-0.04239289955876302,1701,234000000,17.02,0,2,2,-5.007966105220926,-2.4053608915107256,7.359154280219731,-5.007966105220926,-2.4053608915107256,7.359154280219731,371.1234784126282
-3.2688185343304266,-2.807676829038037,6.9021130325903055,-3.6736601169863072,-0.7160467108905323,7.087146149930732,-0.5501550167280012,0.0010274596858670547,0.008872669147391668,0.8350147768978748,-0.23050031610473126,-0.06015855864762002,-0.28558820644412325,-0.011083237950515468,0.03593560722947586,-0.04082977211510297,1701,366000000,16.76,0,2,2,-5.001570051322184,-2.3733172993921325,7.327124442523906,-5.001570051322184,-2.3733172993921325,7.327124442523906,371.36685967445374
-3.323311446599366,-2.725907016280158,6.872469741279474,-3.6700332731455263,-0.6930850699445609,7.0571716286368815,-0.548473064235253,-0.0001285749222981491,0.0074331568740796435,0.8361351741529396,-0.22609337003652197,-0.06295357309596279,-0.3056201646784132,-0.0110083479739842,0.03492970499792136,-0.03953031118726358,1701,480000000,16.56,0,2,2,-4.996103877903676,-2.3456005810600935,7.295371522423111,-4.996103877903676,-2.3456005810600935,7.295371522423111,371.6100788116455
-3.323311446599366,-2.725907016280158,6.872469741279474,-3.666110184990815,-0.6657967092212739,7.018816777921296,-0.5465244234200679,-0.001459934882689782,0.005755256401671545,0.83742211591243,-0.22091180669733199,-0.06644756860603251,-0.3272027641527504,-0.011831121355498908,0.03343446078361012,-0.03795013362832833,1701,592000000,16.4,0,2,2,-4.991543072171452,-2.3223375817226457,7.266139200150582,-4.991543072171452,-2.3223375817226457,7.266139200150582,371.83859038352966
-3.377449994611429,-2.645771201865616,6.8390555451029025,-3.663183522922415,-0.6432861355332049,6.985089870551628,-0.5449583937308276,-0.0024926272521779247,0.004364214147342442,0.8384480243560564,-0.21648594111467517,-0.06902758056439132,-0.34315223329936273,-0.011909705153811956,0.03204405766155105,-0.036678074684459716,1701,703000000,16.21,0,2,2,-4.986022356608901,-2.2941274678777495,7.228045046767454,-4.986022356608901,-2.2941274678777495,7.228045046767454,372.07633209228516
-3.377449994611429,-2.645771201865616,6.8390555451029025,-3.6601032587716493,-0.6164986907992674,6.942723552408246,-0.5431482006682111,-0.003656559835846098,0.0027558519478496934,0.839624360628664,-0.2115057531877857,-0.07243741504024381,-0.3603941362072435,-0.012562893971335143,0.030135153247101698,-0.03519795609463472,1701,811000000,16.06,0,2,2,-4.981387709279027,-2.270371509986941,7.193988313180796,-4.981387709279027,-2.270371509986941,7.193988313180796,372.32194566726685
-3.431054895051064,-2.567318858080564,6.8019377358048345,-3.657473500265707,-0.589950898839756,6.8985311525395225,-0.5414026741579393,-0.004701610885091195,0.0011809048922535694,0.8407494541974755,-0.2066330241568261,-0.0754892443716253,-0.3755282871916069,-0.01261209363292437,0.028054230097041,-0.0338994650519453,1701,925000000,15.89,0,2,2,-4.975841804782614,-2.241595758932524,7.1506602414940295,-4.975841804782614,-2.241595758932524,7.1506602414940295,372.562304019928
-3.431054895051064,-2.567318858080564,6.8019377358048345,-3.65497626343839,-0.5592058712038542,6.844943551207459,-0.5394465431906788,-0.005793754547468433,-0.0005666327436874724,0.8419997258759675,-0.20141338307001783,-0.07907199003523666,-0.3909617012260138,-0.012985058219783241,0.025595223269192502,-0.03256162490288261,1702,48000000,15.72,0,2,2,-4.970353126101397,-2.2125422248611875,7.104907922387543,-4.970353126101397,-2.2125422248611875,7.104907922387543,372.7998881340027
-3.4839479668973814,-2.4905929928344888,6.761191063713474,-3.653063608539474,-0.5286862616635661,6.789484666559096,-0.5375566433110024,-0.0067475555513546795,-0.002213934626191403,0.8431977373189279,-0.19660082601917786,-0.08265454587600166,-0.40419811598110966,-0.01240571273228852,0.023037991195451468,-0.03144228794553783,1702,184000000,15.52,0,2,2,-4.964085541081531,-2.1782961338070748,7.048824017401614,-4.964085541081531,-2.1782961338070748,7.048824017401614,373.0389745235443
-3.4839479668973814,-2.4905929928344888,6.761191063713474,-3.651898458968241,-0.5026456281853093,6.7406596490863375,-0.5359872667238097,-0.0074518725211476615,-0.003547200650863511,0.8441857241587365,-0.19268776016245395,-0.08554235317685985,-0.4138590463889291,-0.013075827155262232,0.020957943343091756,-0.03055758024856914,1702,319000000,15.32,0,2,2,-4.958023111447843,-2.1436548415282166,6.99017182666035,-4.958023111447843,-2.1436548415282166,6.99017182666035,373.2853195667267
-3.5359525841516604,-2.4156300927604164,6.716897587203732,-3.651135307239546,-0.4767314375577808,6.6908442328093765,-0.5344601788497653,-0.0080590111701231,-0.0048123282564503204,0.8451415331526363,-0.18903052151465988,-0.08831209610314474,-0.4220858456286963,-0.01210205764436978,0.018944468138215598,-0.029686181733268313,1702,453000000,15.14,0,2,2,-4.953078770485451,-2.1137445254819314,6.938058383443846,-4.953078770485451,-2.1137445254819314,6.938058383443846,373.53816318511963
-3.5359525841516604,-2.4156300927604164,6.716897587203732,-3.650777914586605,-0.4508817835330518,6.641425521279091,-0.5329769067795791,-0.008595332249213538,-0.005967065868846977,0.8460650868745938,-0.18674086903703271,-0.09118725794308204,-0.3915058761023976,-0.011396621448511723,0.01676450756349368,-0.028885436950076837,1702,572000000,14.97,0,2,2,-4.948553487738128,-2.0838133460013886,6.884431157216803,-4.948553487738128,-2.0838133460013886,6.884431157216803,373.79396891593933
-3.586894126218148,-2.3424600861619225,6.669146507442607,-3.6507848059686507,-0.42505832471212307,6.599621219274759,-0.531529352898843,-0.009049445402178554,-0.006912481496639636,0.8469633239665155,-0.1859893967596752,-0.09429102071404809,-0.320608005463355,-0.008224079647334293,0.012845825403928757,-0.028149243007646874,1702,691000000,14.79,0,2,2,-4.944473911508162,-2.053943829324169,6.830686582329312,-4.944473911508162,-2.053943829324169,6.830686582329312,374.0372302532196
-3.586894126218148,-2.3424600861619225,6.669146507442607,-3.6511766454232304,-0.39920430720068967,6.56603290441547,-0.5301195842955655,-0.009373811014317541,-0.007563300241572783,0.8478373396488388,-0.1857161917818137,-0.0978480118289083,-0.2546539502937101,-0.005634869330606307,0.00817414393168292,-0.027428727298683953,1702,802000000,14.59,0,2,2,-4.941011426104292,-2.0243849714455813,6.784114648810712,-4.941011426104292,-2.0243849714455813,6.784114648810712,374.3059084415436
-3.636600424746965,-2.271106325832519,6.6180339887498985,-3.6519359600272465,-0.373325522495783,6.540108827511152,-0.5287368099148294,-0.009558407127732527,-0.007912840641618117,0.8486951217293818,-0.1856882652058345,-0.10153780276619513,-0.19311983428562235,-0.0014183874668560748,0.0034620340329638566,-0.027063978268415667,1702,926000000,14.39,0,2,2,-4.938236250237734,-1.9952086400098177,6.745321748381004,-4.938236250237734,-1.9952086400098177,6.745321748381004,374.5561509132385
-3.636600424746965,-2.271106325832519,6.6180339887498985,-3.6533231208051222,-0.3430319606183558,6.5187953162842085,-0.5271257453695383,-0.009644894867856876,-0.007850164155928213,0.8496962983880306,-0.1859202901475859,-0.1063743223651715,-0.12688278774118314,0.003718737139024597,-0.0020871375454589725,-0.027324321308697108,1703,38000000,14.16,0,2,2,-4.9363961644855525,-1.9666721170093593,6.713787757460215,-4.9363961644855525,-1.9666721170093593,6.713787757460215,374.8039560317993
-3.6849022057545895,-2.201585591715775,6.563662964936066,-3.655272035272025,-0.31260125033780656,6.506312550710844,-0.5254726366968936,-0.009569434982443848,-0.007307648917503423,0.8507252977690447,-0.18636036641665807,-0.11163969920574861,-0.06656619474541042,0.0071669819135422586,-0.00754957854951499,-0.028151507103757467,1703,180000000,13.88,0,2,2,-4.935721038620133,-1.9345000277179858,6.685473965752784,-4.935721038620133,-1.9345000277179858,6.685473965752784,375.0534701347351
-3.6849022057545895,-2.201585591715775,6.563662964936066,-3.657788819401844,-0.2819633738862892,6.501813078372576,-0.5237707057449986,-0.0093094582704919,-0.006389810796196694,0.8517844516707763,-0.18677077096072262,-0.11659943379306052,-0.011521111641391983,0.010271133487549378,-0.012180326939414954,-0.028870260211988352,1703,319000000,13.56,0,2,2,-4.9369095073362645,-1.9038231634450562,6.665572440176314,-4.9369095073362645,-1.9038231634450562,6.665572440176314,375.3156096935272
-3.731633525847707,-2.133908113317202,6.506142932007231,-3.6603592065693946,-0.25553768126782006,6.503755132237311,-0.5222802814558217,-0.00895038025351182,-0.005367421670651679,0.8527100263749422,-0.18714959230235875,-0.12078632861145297,0.03127998149559166,0.011726979209925048,-0.015636163880117238,-0.029341166919039097,1703,472000000,13.22,0,2,2,-4.940163182774019,-1.8748104256062827,6.653416957204133,-4.940163182774019,-1.8748104256062827,6.653416957204133,375.56071734428406
-3.731633525847707,-2.133908113317202,6.506142932007231,-3.663308736494713,-0.22891542722205768,6.510293879978891,-0.5207693900231449,-0.008473109755062637,-0.004179511622800667,0.8536451139136187,-0.18713063483691972,-0.12476491748008926,0.05641439923288875,0.013139382554072654,-0.01838239695644006,-0.029666216505574994,1703,590000000,12.91,0,2,2,-4.944538600028558,-1.85118200550412,6.648669675321515,-4.944538600028558,-1.85118200550412,6.648669675321515,375.81656312942505
-3.7766322013895053,-2.0680776117219892,6.445589727654784,-3.667190580193403,-0.19763056230413623,6.514859854627769,-0.5189847355015631,-0.007744576821153084,-0.002824278037252636,0.8547437565140807,-0.1858560214837183,-0.12946431636413652,0.006778302322119498,0.008279494704765966,-0.018971453755511902,-0.03003229394380469,1703,710000000,12.59,0,2,2,-4.950330732645675,-1.8286209494111159,6.648546715573763,-4.950330732645675,-1.8286209494111159,6.648546715573763,376.1058838367462
-3.7766322013895053,-2.0680776117219892,6.445589727654784,-3.67086837139488,-0.17054510617806373,6.513318831249118,-0.5174425602989124,-0.007010684480369967,-0.0019073914830294975,0.8556870975725609,-0.1856487540723808,-0.13352796631597078,-0.03335368147284329,0.005142546979186591,-0.017774519801605493,-0.03015153888554778,1703,849000000,12.21,0,2,2,-4.958443221879504,-1.8031647688683055,6.645475500122703,-4.958443221879504,-1.8031647688683055,6.645475500122703,376.3656346797943
-3.819740229463986,-2.0040913610163287,6.382125297973734,-3.6761913935404076,-0.13398974941293426,6.503964852952505,-0.5153893424232818,-0.006016126693547945,-0.001036299022167089,0.856934395400512,-0.1861214873463169,-0.13878559303884364,-0.08375912323505726,0.000456750811395068,-0.014628903227276169,-0.02982209716719808,1703,971000000,11.9,0,2,2,-4.965979727019995,-1.7813529091353337,6.637649954095816,-4.965979727019995,-1.7813529091353337,6.637649954095816,376.6292119026184
-3.819740229463986,-2.0040913610163287,6.382125297973734,-3.6819710130305547,-0.09693238132556317,6.486755710743271,-0.5133502687127063,-0.005138731635876368,-0.000616957736905233,0.858163570895967,-0.18609287719358156,-0.14355553561892204,-0.13024480184550924,-0.002740461013672757,-0.009571613918524235,-0.029875028849346563,1704,117000000,11.5,0,2,2,-4.975698619627508,-1.7508532849140646,6.620338987346775,-4.975698619627508,-1.7508532849140646,6.620338987346775,376.9210841655731
-3.860804199513675,-1.9419402688543215,6.315877451879432,-3.687422733796713,-0.06423121031924342,6.465803844258902,-0.511561182370972,-0.004568473260203758,-0.0006152788444056538,0.8592344890512875,-0.18537043063145328,-0.14768124421762754,-0.16816698035703895,-0.005472818656926393,-0.004728891281047254,-0.029738723242189735,1704,281000000,11.13,0,2,2,-4.9838322367481425,-1.7174385540926986,6.595783557853736,-4.9838322367481425,-1.7174385540926986,6.595783557853736,377.16269087791443
-3.8996756945484794,-1.88160897585772,6.246979603717477,-3.693275332893824,-0.031359644248292816,6.439781472783281,-0.5097758694804827,-0.0041961716600096965,-0.0009177126540353931,0.86029652611312,-0.1837617909038013,-0.15117020255532407,-0.20256356270788617,-0.007413600451400271,-0.000185409591679786,-0.029728628214797936,1704,422000000,10.82,0,2,2,-4.989075949906281,-1.685162385854105,6.568731173972674,-4.989075949906281,-1.685162385854105,6.568731173972674,377.4084758758545
-3.8996756945484794,-1.88160897585772,6.246979603717477,-3.6986036754543448,-0.003156504466661351,6.41382857877813,-0.5082492630350144,-0.004032538295768145,-0.0013872462740239357,0.8611994547182626,-0.18186701765971494,-0.1538758349530009,-0.229883041567816,-0.008947763308242429,0.003268395244049316,-0.029324765091587324,1704,562000000,10.53,0,2,2,-4.992537466395608,-1.6500128360692214,6.536868364030515,-4.992537466395608,-1.6500128360692214,6.536868364030515,377.6548047065735
-3.8996756945484794,-1.88160897585772,6.246979603717477,-3.7042323476241483,0.025056919651862776,6.385653996036417,-0.5067478451660946,-0.003994329913430709,-0.002009541932757464,0.8620827271725625,-0.18015769336720697,-0.15653928655465993,-0.22365698016144217,-0.008939383405959234,0.005797778976557311,-0.02889781644626055,1704,682000000,10.29,0,2,2,-4.994191705735056,-1.6177602527646908,6.506032667105024,-4.994191705735056,-1.6177602527646908,6.506032667105024,377.9135935306549
-3.9362116808494942,-1.8230759734817077,6.1755705045849485,-3.709160268012514,0.04858918343763994,6.365893441150472,-0.5055082050307893,-0.004077111683866003,-0.0024619848651017662,0.8628086522731391,-0.17903434403309032,-0.15882736727046246,-0.17958422679137168,-0.0058830732541537145,0.006013154779793695,-0.028633172223635484,1704,807000000,10.07,0,2,2,-4.994888346478865,-1.5838389024106432,6.4731138963807355,-4.994888346478865,-1.5838389024106432,6.4731138963807355,378.16150093078613
-3.9702748851199168,-1.766313739927293,6.10179396290421,-3.7153473578122638,0.07680566165479472,6.347830630007915,-0.5040351194625712,-0.004248200790567396,-0.002819510806170703,0.863668108417353,-0.17735606468091533,-0.16129622269338467,-0.12981763971272595,-0.0022512365603688522,0.004838498307435657,-0.028280420156079344,1704,915000000,9.89,0,2,2,-4.994888873792645,-1.5544493297468043,6.4495479811590055,-4.994888873792645,-1.5544493297468043,6.4495479811590055,378.4192581176758
-3.9702748851199168,-1.766313739927293,6.10179396290421,-3.72071446935391,0.1002633832221196,6.337210316226496,-0.5028209177985794,-0.004409739378796095,-0.0029455612061791534,0.8643743416437035,-0.1758203594585831,-0.16314342366941392,-0.09091024605159793,0.0005199705697123136,0.003295089913990523,-0.02792520863295067,1705,34000000,9.68,0,2,2,-4.994857962025476,-1.5187037138611876,6.427067240461496,-4.994857962025476,-1.5187037138611876,6.427067240461496,378.668509721756
-4.001734158066968,-1.711288893629383,6.0257985548118205,-3.7296976968691657,0.13772156678233774,6.327799249227895,-0.5009085894123394,-0.004631733416280311,-0.0028046062537272634,0.8654832559225293,-0.1739732068919976,-0.16656613669790285,-0.03559832990382626,0.0048767050884634955,-0.0003268040401849248,-0.027630773183773272,1705,125000000,9.5,0,2,2,-4.994971516446531,-1.4887540092475267,6.412827669390027,-4.994971516446531,-1.4887540092475267,6.412827669390027,378.93307852745056
-4.001734158066968,-1.711288893629383,6.0257985548118205,-3.739163726316719,0.17521754551100058,6.32655891467682,-0.4989728213909164,-0.004716908099205573,-0.0022139808688420026,0.8666019689453082,-0.17261592251881142,-0.16998649214675565,0.012577686944848093,0.008195368536689784,-0.004814888006876572,-0.028144647512817755,1705,277000000,9.22,0,2,2,-4.996547490223357,-1.4418420535552352,6.397616644739647,-4.996547490223357,-1.4418420535552352,6.397616644739647,379.2146170139313
-4.030464823432771,-1.657962363799749,5.947737324945996,-3.7490558587471225,0.21280839066757068,6.332384358897021,-0.49701142286729816,-0.0046079909421961815,-0.0012975261268507784,0.8677307925761597,-0.17171059468500918,-0.17328564114613873,0.05375043085501598,0.009960873740055831,-0.008439559405815089,-0.028291548551351298,1705,438000000,8.94,0,2,2,-5.000865355719919,-1.397387649185215,6.390674171041966,-5.000865355719919,-1.397387649185215,6.390674171041966,379.52780866622925
-4.030464823432771,-1.657962363799749,5.947737324945996,-3.7580046536473577,0.24582670638939538,6.342458461746502,-0.4952728093347438,-0.0043796716502004784,-0.00029191922510292097,0.8687264112441113,-0.17104524940347024,-0.17561553963171828,0.08542925674101633,0.011332000121910824,-0.011085465030191699,-0.02889459501602687,1705,610000000,8.65,0,2,2,-5.0086439229737385,-1.3562633597579121,6.390982972445267,-5.0086439229737385,-1.3562633597579121,6.390982972445267,379.82586550712585
-4.05634901152925,-1.6062895774554242,5.867767478235119,-3.7684777975118755,0.2837153070297915,6.358877896574684,-0.49325615906615594,-0.003970212409539854,0.0009954870903840733,0.8698744782795842,-0.17056776316329153,-0.1779204068022415,0.11584039607986085,0.01128050989791518,-0.013491657955455594,-0.02893906694225734,1705,752000000,8.39,0,2,2,-5.017952376236505,-1.3226783435122897,6.3966010509050175,-5.017952376236505,-1.3226783435122897,6.3966010509050175,380.14015436172485
-4.05634901152925,-1.6062895774554242,5.867767478235119,-3.7764468043748174,0.31227544218533765,6.374028038486044,-0.491749472835891,-0.0035610257850642057,0.002029142052250334,0.8707270856264396,-0.17043505853276988,-0.1791963727014519,0.1351667806972968,0.011763228849304141,-0.015087452084117103,-0.028816151097998954,1705,902000000,8.1,0,2,2,-5.031173957509943,-1.2867800398372817,6.408465481609991,-5.031173957509943,-1.2867800398372817,6.408465481609991,380.4086413383484
-4.079275976371747,-1.5562206623165327,5.786050063307853,-3.784459758465973,0.3409601506203165,6.391275196587001,-0.49024877936295125,-0.0030861167872604984,0.003106560899172432,0.8715715458272437,-0.17042695978555708,-0.1803316737999789,0.15176226467137177,0.011354278740327572,-0.016036383021855727,-0.028639128686336335,1706,28000000,7.89,0,2,2,-5.042717870125041,-1.261411465717089,6.420815463361696,-5.042717870125041,-1.261411465717089,6.420815463361696,380.66201615333557
-4.079275976371747,-1.5562206623165327,5.786050063307853,-3.7938448948518753,0.3746258734942753,6.413533914777482,-0.48851317892666546,-0.00247732921823311,0.004373824545365038,0.8725420371040895,-0.17058262925048112,-0.18151889773327573,0.16759499584747845,0.011834757151518716,-0.016498160039191134,-0.028306381500442512,1706,152000000,7.69,0,2,2,-5.0556839239942315,-1.2374222391157086,6.435790921355681,-5.0556839239942315,-1.2374222391157086,6.435790921355681,380.9079430103302
-4.099142395547844,-1.5077006649126659,5.702749648162695,-3.8032259228933825,0.40849608569678564,6.437684605427575,-0.4867961675978909,-0.0018636253399757052,0.005656857389761567,0.8734952879535585,-0.17078882963211608,-0.18250396006465103,0.1799992879089613,0.011579811598494416,-0.016323983436450362,-0.02804276500683045,1706,288000000,7.47,0,2,2,-5.072638793545999,-1.2112214859834765,6.456207147916891,-5.072638793545999,-1.2112214859834765,6.456207147916891,381.14406871795654
-4.099142395547844,-1.5077006649126659,5.702749648162695,-3.8125918239779915,0.44258090115317206,6.463234799538699,-0.48509799615628635,-0.0012641582613625258,0.006907198348999035,0.874431602036439,-0.1709242124832915,-0.1833704084327616,0.18974294174367812,0.011428967172832927,-0.0156896296175546,-0.027520462026586756,1706,429000000,7.25,0,2,2,-5.091282678733873,-1.186683479694755,6.479276283353303,-5.091282678733873,-1.186683479694755,6.479276283353303,381.38272523880005
-4.115852652002626,-1.460669783193934,5.618033988749894,-3.820597234407477,0.4719473701906928,6.486021935431628,-0.4836723710508311,-0.0007761098932461533,0.007941160872041804,0.8752127587618368,-0.17105728426265426,-0.1840854184284037,0.1958234317420467,0.01102361447919975,-0.014935457329556812,-0.026940555471810512,1706,567000000,7.05,0,2,2,-5.110860505291532,-1.162973996503733,6.504552359831607,-5.110860505291532,-1.162973996503733,6.504552359831607,381.598424911499
-4.115852652002626,-1.460669783193934,5.618033988749894,-3.827252032568904,0.49653523208029227,6.505402351711107,-0.48250642046989856,-0.00038979563574231824,0.00876447679219243,0.8758484950099799,-0.17118409597087686,-0.1846717656257679,0.1993568164295661,0.010809546165546635,-0.014192320577421924,-0.02655015305208508,1706,679000000,6.89,0,2,2,-5.126677774123731,-1.141424860549986,6.52746957680351,-5.126677774123731,-1.141424860549986,6.52746957680351,381.8262526988983
-4.129319096968019,-1.415063612902056,5.532073691133353,-3.833883167982067,0.5212105159239404,6.52504472214289,-0.48135295733119615,-2.948213611610878e-05,0.009561850932068894,0.8764747004940121,-0.17124027687477092,-0.18509927272117815,0.20192791139356925,0.010480982291483087,-0.013443626721709734,-0.02627136855153367,1706,785000000,6.75,0,2,2,-5.13803858421623,-1.1213843362713947,6.547041341134327,-5.13803858421623,-1.1213843362713947,6.547041341134327,382.0398027896881
-4.129319096968019,-1.415063612902056,5.532073691133353,-3.840487284211956,0.5459790884485853,6.544770715807824,-0.48021528500432276,0.0003088787200051365,0.010322913621885584,0.8770898597615343,-0.17145594173232545,-0.18563118210224352,0.2023625728667368,0.010023005415860098,-0.012659599087783135,-0.02587535091151949,1706,887000000,6.61,0,2,2,-5.14753058257885,-1.0992102167682802,6.566767933670762,-5.14753058257885,-1.0992102167682802,6.566767933670762,382.24898505210876
-4.139462293312903,-1.3708134069182165,5.445041867912635,-3.8470610683002104,0.5708310375315764,6.564457851860907,-0.47908639393280084,0.0006212094500851612,0.011048943391083478,0.8776979902547487,-0.1715290935295635,-0.18601878532273428,0.20205217861664754,0.009656560087023536,-0.011819512383226538,-0.025769215062609874,1706,983000000,6.46,0,2,2,-5.15522462310961,-1.0749604787541014,6.58642628286816,-5.15522462310961,-1.0749604787541014,6.58642628286816,382.4739055633545
-4.139462293312903,-1.3708134069182165,5.445041867912635,-3.8536022144378395,0.5957679263110341,6.583964296364495,-0.4779604346630568,0.000904853461891118,0.01174419531177247,0.8783023841555897,-0.17179700249068078,-0.18653788158674725,0.19979674210439397,0.009348017101729056,-0.011002731207554461,-0.025697526871226728,1707,92000000,6.32,0,2,2,-5.16125943809536,-1.048791880036135,6.6058939417392075,-5.16125943809536,-1.048791880036135,6.6058939417392075,382.6983869075775
-4.146211238641287,-1.327846346768223,5.357113789597283,-3.8614101085844834,0.625794123608044,6.606984607744385,-0.47661216361455305,0.0012183735962830134,0.0125074032335836,0.8790238483253947,-0.17195455093930742,-0.18709802496186953,0.19620778464349467,0.008601948775321944,-0.00989887348623597,-0.0255656219451339,1707,186000000,6.18,0,2,2,-5.165770900514154,-1.0208673248149025,6.625098275534106,-5.165770900514154,-1.0208673248149025,6.625098275534106,382.9139144420624
-4.146211238641287,-1.327846346768223,5.357113789597283,-3.8691681203963997,0.6559409546281222,6.629377982312711,-0.4752770960529491,0.0014961492550641014,0.013203517816682574,0.8797358186536153,-0.17232387352980116,-0.18773734563306085,0.1905390794806749,0.007841234764782712,-0.008837312361720251,-0.02529185512685217,1707,302000000,6.0,0,2,2,-5.169361790977865,-0.9852332958313501,6.647616264488328,-5.169361790977865,-0.9852332958313501,6.647616264488328,383.1262090206146
-4.149503567518681,-1.286085825431384,5.26846653163531,-3.8768745479203157,0.6861877533203927,6.6509995880693715,-0.4739496977639507,0.0017457814052493957,0.013816924446861202,0.880441780491802,-0.17260536933226325,-0.18836574479495605,0.18374373395323051,0.006728688094881363,-0.007723916132817976,-0.025054473007912748,1707,423000000,5.83,0,2,2,-5.1713919430774204,-0.9477689323479622,6.669572843188436,-5.1713919430774204,-0.9477689323479622,6.669572843188436,383.3545150756836
-4.149503567518681,-1.286085825431384,5.26846653163531,-3.8858022159880647,0.7216080106870799,6.674993970821676,-0.4724196257969556,0.0020045222422469906,0.014413853002446662,0.8812536070247138,-0.17292480366147506,-0.18914746266862328,0.17423877194830956,0.005367783296605921,-0.0063877278080326505,-0.024805996145005338,1707,554000000,5.66,0,2,2,-5.1722921205020755,-0.9089475085043455,6.690979717789996,-5.1722921205020755,-0.9089475085043455,6.690979717789996,383.5789382457733
-4.149503567518681,-1.286085825431384,5.26846653163531,-3.8921403996845143,0.7469695194385092,6.691268897639879,-0.471329844050686,0.00216833012678864,0.014761335372297601,0.8818308111138121,-0.1730637280158146,-0.1896776271940555,0.16671498036169177,0.004322308177506784,-0.005478256071000942,-0.02475677592883585,1707,678000000,5.46,0,2,2,-5.1730002859104784,-0.8630758489501041,6.71516217397848,-5.1730002859104784,-0.8630758489501041,6.71516217397848,383.82370924949646
-4.149285732261113,-1.2454517405684427,5.17927861780687,-3.9009659861198878,0.7825705132519616,6.711063581574476,-0.46980614562880507,0.002386035302344887,0.015101692085671175,0.8826372025136328,-0.17419477161768124,-0.19189897038529277,0.11245407839120199,0.0006167379041244203,-0.0038046707231842447,-0.024658678012201563,1707,794000000,5.33,0,2,2,-5.173453951283426,-0.8301245564957465,6.7319318696122314,-5.173453951283426,-0.8301245564957465,6.7319318696122314,384.0905683040619
-4.149285732261113,-1.2454517405684427,5.17927861780687,-3.9085345343792617,0.8131986737625848,6.71791508473201,-0.46850302252158593,0.002619450448539345,0.014969413674180579,0.8833311796952134,-0.17571446758039372,-0.19500312734406602,0.02584554764006572,-0.007010653052930138,-0.00048120714382093865,-0.02462527627358213,1707,922000000,5.15,0,2,2,-5.175171079473903,-0.7849346338913128,6.7530349784507475,-5.175171079473903,-0.7849346338913128,6.7530349784507475,384.3663852214813
-4.145513161777275,-1.2058607972548092,5.089729660701036,-3.917374865009323,0.8489973770001509,6.713278551137611,-0.466976761421217,0.0028803684457486276,0.014218134223458967,0.8841505824402154,-0.17714133061643828,-0.19804169254482307,-0.06900049784691001,-0.014197043583408231,0.0042191405100311385,-0.024591886540292762,1708,48000000,5.0,0,2,2,-5.177848693441429,-0.7472030354875582,6.761659281164866,-5.177848693441429,-0.7472030354875582,6.761659281164866,384.6356372833252
-4.145513161777275,-1.2058607972548092,5.089729660701036,-3.9262146168047645,0.8848195416362823,6.695833134017421,-0.46543579599623897,0.0030740288814161904,0.012855290499972558,0.8849829442751678,-0.177575018062179,-0.20008964713643432,-0.15821871384508346,-0.02175476292904932,0.00929704883674276,-0.02520050147722941,1708,186000000,4.84,0,2,2,-5.183075301363667,-0.7052001124747339,6.759917389558837,-5.183075301363667,-0.7052001124747339,6.759917389558837,384.9114394187927
-4.138150398011617,-1.167226819279526,4.999999999999996,-3.9389660267121442,0.9356892015804946,6.650406492333149,-0.46312061240537605,0.0030157959918645787,0.010090737106194382,0.8862326897403742,-0.17494666795868177,-0.2016389780492053,-0.27555550177090343,-0.02590584299468901,0.017476094399171416,-0.0267553501544171,1708,330000000,4.69,0,2,2,-5.190671890802939,-0.665563851857271,6.746326705279385,-5.190671890802939,-0.665563851857271,6.746326705279385,385.23842787742615
-4.127171209594953,-1.129461068046768,4.910270339298969,-3.949524791469422,0.9758095264516568,6.598654075546666,-0.46115506716328897,0.0024410834247287566,0.007512540460683686,0.8872844002219147,-0.16914885961709322,-0.2020327801990019,-0.3553027616009034,-0.026520332357904408,0.023985226289369166,-0.02816554406308569,1708,523000000,4.52,0,2,2,-5.205490814752815,-0.6130036390724006,6.707862070249775,-5.205490814752815,-0.6130036390724006,6.707862070249775,385.51857471466064
-4.127171209594953,-1.129461068046768,4.910270339298969,-3.960546949392739,1.0152725329893146,6.5351883290741855,-0.45912690956594204,0.001511569771547531,0.004747542216650939,0.8883567171537308,-0.16188528054454143,-0.20198980059962324,-0.42544548845486807,-0.025297440697613638,0.028087823375244625,-0.028603502505575307,1708,695000000,4.42,0,2,2,-5.2206014932376394,-0.5744532761727795,6.661634420493315,-5.2206014932376394,-0.5744532761727795,6.661634420493315,385.8034212589264
-4.112558682368897,-1.0924725680962926,4.820721382193136,-3.9691605637039507,1.0444053497376269,6.481078180569221,-0.45760935679341913,0.0006313748358833643,0.0026352346561250837,0.8891492189049242,-0.15549046082932877,-0.20133665400742093,-0.4567773494081934,-0.023214165594254155,0.030396211877814494,-0.02792704035528004,1708,840000000,4.36,0,2,2,-5.238771346505683,-0.5392901908033026,6.602627317357542,-5.238771346505683,-0.5392901908033026,6.602627317357542,386.08660793304443
-4.112558682368897,-1.0924725680962926,4.820721382193136,-3.9795718555833495,1.077820498902558,6.420333153338343,-0.4559132954925026,-0.0005981556700078061,0.00038068531805298707,0.8900239121965482,-0.1475515548987116,-0.2000001014932454,-0.41240229204944195,-0.01855893187894253,0.03004481641255552,-0.026215784964733757,1708,976000000,4.34,0,2,2,-5.25449583752561,-0.5152467233122846,6.55098123864829,-5.25449583752561,-0.5152467233122846,6.55098123864829,386.3382046222687
-4.094305286511201,-1.0561684382415397,4.731533468364695,-3.988764370823975,1.1059490547777306,6.373299438625227,-0.4545621317744725,-0.0017077857625963303,-0.0012482676373892752,0.8907125202063466,-0.14154058628444025,-0.19890796603971223,-0.3753225775570049,-0.01365474545309553,0.0277764967904659,-0.024289794782816898,1709,104000000,4.34,0,2,2,-5.27481467113612,-0.48945916044859655,6.492120583594858,-5.27481467113612,-0.48945916044859655,6.492120583594858,386.590970993042
-4.094305286511201,-1.0561684382415397,4.731533468364695,-3.9981317292144447,1.1336418497711187,6.330712825942408,-0.4533186185194159,-0.002784691820795588,-0.002585456159355943,0.8913404461885254,-0.13645065686859142,-0.1976979631386067,-0.33961280094136936,-0.011301671656838153,0.024634988403704483,-0.022294086738838814,1709,227000000,4.35,0,2,2,-5.2927186558129735,-0.4681186530311358,6.446037582443188,-5.2927186558129735,-0.4681186530311358,6.446037582443188,386.84060406684875
-4.072412920050574,-1.0204542273092634,4.642886210402723,-4.009200954615437,1.1654114366230472,6.286389876020885,-0.4519782963646628,-0.003938287789388932,-0.0037631603244783203,0.8920123026780276,-0.13150839577124324,-0.19636781571246265,-0.30076461429655815,-0.003466502585069975,0.020010773914691526,-0.021297188504831865,1709,349000000,4.37,0,2,2,-5.30988631497129,-0.44627182410142385,6.4040040052903295,-5.30988631497129,-0.44627182410142385,6.4040040052903295,387.072457075119
-4.072412920050574,-1.0204542273092634,4.642886210402723,-4.020404507417885,1.196694745701338,6.247229774520289,-0.45063640009664085,-0.0049920336062493345,-0.004368225655479926,0.8926829409779472,-0.1273872815490739,-0.1956201207898996,-0.26602332120703787,0.0008305448034207075,0.014949018805054948,-0.02169945782952709,1709,477000000,4.4,0,2,2,-5.3269283835255195,-0.41803703552155197,6.360171820790049,-5.3269283835255195,-0.41803703552155197,6.360171820790049,387.31448316574097
-4.046892928621759,-0.9852342534527732,4.55495813208737,-4.031721385387524,1.2275361488423793,6.212660957860211,-0.44924949064796593,-0.005850762767961565,-0.0045978360050617055,0.8933753542781703,-0.12407612193874351,-0.19496217657487225,-0.23561553253923168,0.0036731751833940507,0.010249203933199169,-0.02264309168822365,1709,621000000,4.4,0,2,2,-5.339963938919099,-0.38593530612434096,6.32153743658176,-5.339963938919099,-0.38593530612434096,6.32153743658176,387.56215262413025
-4.046892928621759,-0.9852342534527732,4.55495813208737,-4.04309782905522,1.2579991450202432,6.18206905566349,-0.4477884734286741,-0.00650557112747501,-0.004554118187732933,0.8941042560105923,-0.12126817319031173,-0.19425731646079142,-0.20860948631862047,0.005286168880047626,0.006199722747624037,-0.023991549460333772,1709,770000000,4.37,0,2,2,-5.3493252129049225,-0.35023475744160354,6.2873417199637975,-5.3493252129049225,-0.35023475744160354,6.2873417199637975,387.80969977378845
-4.017766101374163,-0.9504119460020631,4.4679263088666525,-4.0528714279140665,1.2838244450621281,6.158674091552914,-0.44646633557531656,-0.006926630613078457,-0.00433360870794192,0.8947631266552422,-0.1192722815222627,-0.19358286570207922,-0.18838859947990863,0.007081465219016536,0.003248813845857512,-0.025118467419815715,1709,908000000,4.32,0,2,2,-5.355422023604789,-0.3113697709067728,6.257076103870783,-5.355422023604789,-0.3113697709067728,6.257076103870783,388.05090141296387
-4.017766101374163,-0.9504119460020631,4.4679263088666525,-4.062633315074978,1.3094045848564477,6.133403670787012,-0.44508799089116036,-0.007196347710706474,-0.004086005587751626,0.8954486012622019,-0.1160951930427413,-0.1926413052605911,-0.24066918119610978,0.002833981375260919,0.0015240848938447016,-0.025968850968638435,1710,22000000,4.25,0,2,2,-5.3584458766879015,-0.27594167619340276,6.2338045290554955,-5.3584458766879015,-0.27594167619340276,6.2338045290554955,388.3127760887146
-3.985062643010358,-0.915890188808308,4.381966011250111,-4.07236766187283,1.3347203713629654,6.100966310901777,-0.4436750177290001,-0.007268002151555066,-0.004115747412604252,0.8961488243652009,-0.1130815579140132,-0.19138554491726054,-0.29899204344810454,-0.002470614685989858,0.0011045168207601819,-0.02652113907970488,1710,142000000,4.17,0,2,2,-5.359961724757913,-0.23912338439378242,6.20855460466544,-5.359961724757913,-0.23912338439378242,6.20855460466544,388.55800700187683
-3.985062643010358,-0.915890188808308,4.381966011250111,-4.083626731578216,1.3639757104125447,6.054562968432644,-0.4419950302846901,-0.0071880628181151115,-0.004467111206905583,0.8969775749003003,-0.11015700012181528,-0.18954637603327512,-0.3627447878714621,-0.00741494172871171,0.0012959512559973518,-0.027079567371401936,1710,258000000,4.08,0,2,2,-5.361014418597096,-0.2020480586353919,6.1759030777597985,-5.361014418597096,-0.2020480586353919,6.1759030777597985,388.8556225299835
-3.948822121993608,-0.881571664037269,4.29725035183731,-4.094739588309586,1.3929506237572258,5.999690179150199,-0.44030506667120867,-0.0070468482127787726,-0.005087670761336903,0.8978061627100542,-0.10753350469134407,-0.18725959709351123,-0.4206936166453913,-0.010361992099205963,0.0030486737387036555,-0.026606719256960787,1710,399000000,3.97,0,2,2,-5.363111002013456,-0.1600315975959668,6.128858280103633,-5.363111002013456,-0.1600315975959668,6.128858280103633,389.1257221698761
-3.948822121993608,-0.881571664037269,4.29725035183731,-4.108773731860829,1.4297814448457984,5.918162521950462,-0.43824006249257597,-0.006948674336330486,-0.006275814431192609,0.8988091998331436,-0.10387304075659676,-0.18347995102935372,-0.4849734121635613,-0.014018110232427716,0.006284345136009506,-0.024633218163216952,1710,550000000,3.86,0,2,2,-5.367908389969755,-0.12125831813722553,6.0725726999970515,-5.367908389969755,-0.12125831813722553,6.0725726999970515,389.40323400497437
-3.9090933950267024,-0.8473591953666171,4.213949936692152,-4.122445429624821,1.4661034748515487,5.826126850968549,-0.43640032670954826,-0.007006665930528434,-0.007786465326817994,0.8996916318595232,-0.10083857789305566,-0.1787240307635486,-0.53973376470384,-0.015522838475590106,0.008923620862333337,-0.02146912538592005,1710,724000000,3.72,0,2,2,-5.378563955859831,-0.07679127663558463,5.98798427274662,-5.378563955859831,-0.07679127663558463,5.98798427274662,389.71299505233765
-3.9090933950267024,-0.8473591953666171,4.213949936692152,-4.135519673579582,1.5020287783434594,5.72526227044042,-0.4348528201984847,-0.007049753536299231,-0.009801781760069671,0.9004205966185077,-0.09937245319411453,-0.17226493994615008,-0.5850968645332255,-0.02042748255917104,0.010813439257617574,-0.01771248280419968,1710,911000000,3.59,0,2,2,-5.3938663877647866,-0.037976322659389224,5.891308762651292,-5.3938663877647866,-0.037976322659389224,5.891308762651292,389.99833703041077
-3.8659345079668777,-0.8131560895451824,4.1322325217648865,-4.145002566907508,1.5298718210336426,5.641686951868585,-0.43388670858987943,-0.007091262651325673,-0.011548844921617922,0.900865507322834,-0.10141036596901584,-0.165995762038022,-0.6152364150302054,-0.02236749405710725,0.011638168234640034,-0.013617148306366289,1711,81000000,3.46,0,2,2,-5.413112646467205,-0.0042234668395963616,5.784273030419542,-5.413112646467205,-0.0042234668395963616,5.784273030419542,390.2902662754059
-3.8194125734041924,-0.7788664752786676,4.052262675053996,-4.154784787785126,1.561867182072446,5.549222251427253,-0.4330762104797822,-0.007177936687901046,-0.013557795828111096,0.9012267524400611,-0.1070856764876796,-0.16050323863780308,-0.5477896484833993,-0.020288040468585677,0.011613644346653018,-0.009477854291617405,1711,227000000,3.37,0,2,2,-5.430333930011541,0.01888803662527115,5.694908397717441,-5.430333930011541,0.01888803662527115,5.694908397717441,390.6075403690338
-3.8194125734041924,-0.7788664752786676,4.052262675053996,-4.163437029847214,1.5939723712247542,5.468704072259428,-0.432555519488832,-0.007335519034959095,-0.015266289969716016,0.901448197685699,-0.11207200685193877,-0.15517475288748175,-0.47647111869764663,-0.01577801667735912,0.010208387266175123,-0.005697071310351021,1711,391000000,3.27,0,2,2,-5.451406761629232,0.042805309263625184,5.595178635344098,-5.451406761629232,0.042805309263625184,5.595178635344098,390.91905665397644
-3.769603625192266,-0.7443956384154116,3.974201445188184,-4.170165417592614,1.621955868505038,5.407295642156224,-0.43228805959964095,-0.007457896688713528,-0.016510487417035313,0.9015535575382139,-0.11506495498222843,-0.15056551347873667,-0.4191228886174331,-0.014298460246209288,0.008306662766699446,-0.0033820209864643402,1711,543000000,3.19,0,2,2,-5.472029270625287,0.06585580561054968,5.507304361824005,-5.472029270625287,0.06585580561054968,5.507304361824005,391.2033762931824
-3.7165924502813406,-0.7096503524181865,3.898206037095794,-4.177078143988355,1.6535796068553572,5.346557563715246,-0.4320749210733995,-0.007638039039318017,-0.017374254627801795,0.9016379862312688,-0.11680751663020043,-0.14639691177992475,-0.3589931870809282,-0.004585105489240959,0.005021884089728701,-0.0032498930750080035,1711,690000000,3.12,0,2,2,-5.488126933409427,0.08680786703210092,5.439769456542924,-5.488126933409427,0.08680786703210092,5.439769456542924,391.4423484802246
-3.7165924502813406,-0.7096503524181865,3.898206037095794,-4.183402631176404,1.6847499511314477,5.294892761025138,-0.4317856252670572,-0.007868757833862233,-0.01743718257709423,0.9017733646136713,-0.11822792528873582,-0.14353900292008678,-0.3058617393697502,0.0036156746546112117,0.0010100596796291939,-0.0048361962853959994,1711,844000000,3.05,0,2,2,-5.502998661480398,0.11302353011790886,5.372677725241564,-5.502998661480398,0.11302353011790886,5.372677725241564,391.68668484687805
-3.6604723982639324,-0.6745392031231582,3.824429495415056,-4.188492821935052,1.7117331312973831,5.2561765766135835,-0.4314117253384251,-0.008025673360136537,-0.016990906519127706,0.9019594341783326,-0.11993704708537345,-0.14148694536975076,-0.2653137072239279,0.008491876542393584,-0.0023167277959146304,-0.006817426037741825,1711,998000000,2.97,0,2,2,-5.513096059581737,0.14305956423762117,5.315468295181606,-5.513096059581737,0.14305956423762117,5.315468295181606,391.9157943725586
-3.6604723982639324,-0.6745392031231582,3.824429495415056,-4.192533102584057,1.7346939050321872,5.22724319677463,-0.4309809613299177,-0.00812047110412153,-0.016298102644228415,0.9021772779062799,-0.12122821088011612,-0.14012831149520708,-0.2338069533316566,0.013237701568868943,-0.004830606076211552,-0.008953174165071687,1712,137000000,2.87,0,2,2,-5.517396241490434,0.17333533149821484,5.272642280870934,-5.517396241490434,0.17333533149821484,5.272642280870934,392.1715843677521
-3.601345169102129,-0.6389729068050737,3.753020396282527,-4.196319758517888,1.7575002907513029,5.200859779127538,-0.43043191330376457,-0.008171940652781852,-0.015374813008124745,0.9024550972323182,-0.12141217937822928,-0.137898631502538,-0.23887991985387202,0.014661079148936551,-0.006911348509675008,-0.010878621287702117,1712,268000000,2.78,0,2,2,-5.517966808449095,0.2020421007637002,5.240695970036157,-5.517966808449095,0.2020421007637002,5.240695970036157,392.4085178375244
-3.601345169102129,-0.6389729068050737,3.753020396282527,-4.199805208468546,1.780120218560107,5.169568622600989,-0.42978774502430317,-0.008125931061533413,-0.014476100230135427,0.9027773291312952,-0.12038190239836688,-0.13457394454888702,-0.2901102791131149,0.012710092869383516,-0.007406267286569346,-0.012534881716419477,1712,397000000,2.63,0,2,2,-5.515812162340076,0.2379267238259492,5.206528904449658,-5.515812162340076,0.2379267238259492,5.206528904449658,392.63473439216614
-3.601345169102129,-0.6389729068050737,3.753020396282527,-4.203513326090507,1.8063038065286288,5.125565724014828,-0.42892685134209013,-0.00800574347799322,-0.01358722740048551,0.9032015564206544,-0.11973774999604045,-0.13119228986350692,-0.3457173863500159,0.008466554118058411,-0.006830433540017111,-0.014387009741767542,1712,514000000,2.55,0,2,2,-5.513015335074363,0.2644206355498986,5.178192818811368,-5.513015335074363,0.2644206355498986,5.178192818811368,392.90951561927795
-3.5393205795637037,-0.6028646205888604,3.6841225481205715,-4.2067825971737465,1.8323398387007004,5.074012475057109,-0.42796753067753956,-0.007817566692685008,-0.013013151285392998,0.9036666067916851,-0.11963393698863116,-0.127799669064565,-0.39708346990060456,0.0040246654407383176,-0.005237667937763035,-0.01549945809529163,1712,656000000,2.4,0,2,2,-5.509454728438912,0.3005323223520212,5.131625079207683,-5.509454728438912,0.3005323223520212,5.131625079207683,393.1770739555359
-3.5393205795637037,-0.6028646205888604,3.6841225481205715,-4.20999992659101,1.8618738274710889,5.0068376153825955,-0.4268502492217587,-0.00758626249555659,-0.01284522936801978,0.904199266446923,-0.11898855231621694,-0.1234963268338041,-0.4484210546338234,-0.002575895700829278,-0.0019577979401219636,-0.014984675817686366,1712,787000000,2.25,0,2,2,-5.506966021558004,0.3349038592680357,5.077537395647001,-5.506966021558004,0.3349038592680357,5.077537395647001,393.44522047042847
-3.474516308950366,-0.5661302442712226,3.61787470202627,-4.213143395774255,1.8982971783852354,4.912303268970364,-0.4256400302536221,-0.00735936205992015,-0.013440370366575652,0.9047628202353233,-0.11858161795828022,-0.1162988986776019,-0.5032051172466113,-0.007920868847577367,0.002243778317279066,-0.012047766722389497,1712,954000000,2.1,0,2,2,-5.507462856833934,0.3700724425749412,5.006924734337062,-5.507462856833934,0.3700724425749412,5.006924734337062,393.75297260284424
-3.407057624756786,-0.5286887126424467,3.554410272345219,-4.214946087107522,1.930582149178148,4.818768476667392,-0.424819614759509,-0.007260216426683588,-0.014549716913311535,0.9051319737534204,-0.11848358201678522,-0.10867680903836723,-0.5437390887840843,-0.01147740567830624,0.005440763061415055,-0.009014839088195004,1713,154000000,1.93,0,2,2,-5.51276182549592,0.4080763486188872,4.906769084329991,-5.51276182549592,0.4080763486188872,4.906769084329991,394.0521378517151
-3.407057624756786,-0.5286887126424467,3.554410272345219,-4.215604743228929,1.9589522537161803,4.729990922337204,-0.42428312612017516,-0.007267047674541612,-0.01576476276841234,0.9053631819124539,-0.11998799353865404,-0.10106558485566164,-0.5746037228713653,-0.013727309124078602,0.007214532115540351,-0.006359918415910215,1713,336000000,1.83,0,2,2,-5.521207682849222,0.4370503934931239,4.806836438355784,-5.521207682849222,0.4370503934931239,4.806836438355784,394.34997367858887
-3.3370770889519026,-0.49046227742735693,3.4938570679927823,-4.215184049364763,1.9872144740532882,4.644553163520093,-0.423946081341787,-0.007332375293128229,-0.017048524408327586,0.9054972690201788,-0.1256927690394643,-0.09615161113477273,-0.5035575623036497,-0.013190658046369208,0.007345066842390224,-0.0032345041290682275,1713,485000000,1.75,0,2,2,-5.5309632267132605,0.45901742421603486,4.7114453056348795,-5.5309632267132605,0.45901742421603486,4.7114453056348795,394.68121361732483
-3.3370770889519026,-0.49046227742735693,3.4938570679927823,-4.213625794102746,2.015399754909633,4.571340971291412,-0.4238589653401902,-0.007366560748103301,-0.018238359383934644,0.9055145904569787,-0.1307348372990597,-0.0911386096045291,-0.4297800153165632,-0.011947559505642857,0.005922404807279236,0.000255721440112211,1713,651000000,1.71,0,2,2,-5.541690555498207,0.4784722247842475,4.618924862481358,-5.541690555498207,0.4784722247842475,4.618924862481358,394.98057222366333
-3.264714245625722,-0.45137677799617903,3.4363370350639464,-4.211756959026994,2.0363839814146942,4.523938032760072,-0.42393752852945976,-0.0073216119195203535,-0.019038490458474076,0.9054617064151835,-0.13432326112371368,-0.08718171489223307,-0.3782701892012887,-0.01270281527467887,0.0041562874230294256,0.0021861214690943598,1713,799000000,1.7,0,2,2,-5.551354066910236,0.49750100430729494,4.538765371337113,-5.551354066910236,0.49750100430729494,4.538765371337113,395.224406003952
-3.1901152907940897,-0.41136190002975215,3.381966011250113,-4.208821970188759,2.0606616500170665,4.476164427372816,-0.42411640497512704,-0.0072417914384767315,-0.019664366701825642,0.905365199336683,-0.1380428559501217,-0.08326475098942557,-0.3224957900304345,-0.004061199933858006,0.0014295064488578646,0.002732707616814878,1713,930000000,1.71,0,2,2,-5.556568566029442,0.5128164211404037,4.486554079220534,-5.556568566029442,0.5128164211404037,4.486554079220534,395.4475255012512
-3.1901152907940897,-0.41136190002975215,3.381966011250113,-4.2046574149625515,2.088175565385389,4.430639241010215,-0.42424849544190535,-0.007202166599769705,-0.019634849413499734,0.9053042668628363,-0.1422812685073933,-0.08013823105929115,-0.2650881369156694,0.0034063824386976194,-0.0024752211629675003,0.0004985722000583337,1714,72000000,1.73,0,2,2,-5.559536586618555,0.5328831432344441,4.433777063555835,-5.559536586618555,0.5328831432344441,4.433777063555835,395.67226004600525
-3.113432725201406,-0.3703514213601768,3.330853492557396,-4.199628093296694,2.1155913196124465,4.393672136706538,-0.42416140702556904,-0.0070804302929601045,-0.01905192975689656,0.9053584882627954,-0.147314054547647,-0.07741932027766628,-0.21477070442872992,0.00741946851121611,-0.00616129641457519,-0.0025511842977721244,1714,217000000,1.76,0,2,2,-5.558110414275376,0.5597260182075432,4.383411320250074,-5.558110414275376,0.5597260182075432,4.383411320250074,395.93059825897217
-3.113432725201406,-0.3703514213601768,3.330853492557396,-4.194531547222102,2.1395766617160326,4.367534846040005,-0.4238890333022417,-0.0069174882855356015,-0.01814817684223828,0.9055058693786658,-0.1512861758010944,-0.07568946076330078,-0.1751148055179972,0.011988160258624703,-0.008809108203422511,-0.005519533215192496,1714,378000000,1.76,0,2,2,-5.551049504122382,0.5915155233628627,4.342663647978344,-5.551049504122382,0.5915155233628627,4.342663647978344,396.2029836177826
-3.034824991006352,-0.32828344424628625,3.283102412796271,-4.1897097840205495,2.160152657448849,4.349274210400595,-0.4235133029523583,-0.006737406898011074,-0.017145099171452467,0.9057025643913543,-0.1547854279725288,-0.07424022646612502,-0.14700564976139682,0.015489011457248125,-0.01093869432224892,-0.007944742537802085,1714,529000000,1.75,0,2,2,-5.541071534411159,0.6226860526624184,4.314110182663381,-5.541071534411159,0.6226860526624184,4.314110182663381,396.4402735233307
-3.034824991006352,-0.32828344424628625,3.283102412796271,-4.183502323664516,2.1841560934853312,4.3250116113771195,-0.4229107631017203,-0.006477886794683837,-0.015842369314441617,0.9060096813886154,-0.15595096410136006,-0.06981409698613085,-0.20633141529966686,0.015719426119176205,-0.011357795665389858,-0.010705904878705041,1714,648000000,1.72,0,2,2,-5.5308280386772495,0.6507543983970939,4.294156049090985,-5.5308280386772495,0.6507543983970939,4.294156049090985,396.69951462745667
-2.954456093278317,-0.28510061338424086,3.238808936286529,-4.175685799361801,2.21161056582441,4.287490706181653,-0.42199520111095096,-0.006224546146970571,-0.014412211659907942,0.9064621301630102,-0.15842047790299982,-0.06590519766068062,-0.26891608638666026,0.013722632593271555,-0.009671006318967557,-0.014032652507012244,1714,784000000,1.69,0,2,2,-5.517885172922399,0.6839223052631875,4.26819281363446,-5.517885172922399,0.6839223052631875,4.26819281363446,397.0177369117737
-2.954456093278317,-0.28510061338424086,3.238808936286529,-4.168188928550625,2.235768694314389,4.246739547489893,-0.4210091747542104,-0.006096761061358711,-0.013310206367951534,0.9069382242930231,-0.16084930613132156,-0.06331171565635112,-0.31904267291295996,0.012603907543962123,-0.007311502622542321,-0.016520892313565128,1714,948000000,1.64,0,2,2,-5.504872607102299,0.7191147856769895,4.228385064056099,-5.504872607102299,0.7191147856769895,4.228385064056099,397.2877116203308
-2.8724952072728698,-0.24075031899626043,3.1980622641951673,-4.158919248051256,2.263524087981839,4.192020816133834,-0.41977033177481005,-0.006018292789148642,-0.012506687768316932,0.9075242318939125,-0.1636539967332569,-0.059943423570273754,-0.3702046061410474,0.0053284170462575275,-0.0032540050597162917,-0.016912106002564542,1715,91000000,1.59,0,2,2,-5.495832359359691,0.7468917582327548,4.185334535035402,-5.495832359359691,0.7468917582327548,4.185334535035402,397.5393569469452
-2.8724952072728698,-0.24075031899626043,3.1980622641951673,-4.150121652287846,2.2878322068447785,4.137871585415518,-0.41873412817107325,-0.006009779684833473,-0.012381866936558428,0.9080045714775429,-0.1652839657892387,-0.05605250406389831,-0.4089012496100109,-0.001021892035169003,0.0010137290303191548,-0.015555096797470469,1715,245000000,1.54,0,2,2,-5.488230711309753,0.7752114846217031,4.127574559819774,-5.488230711309753,0.7752114846217031,4.127574559819774,397.7895791530609
-2.789116272491974,-0.19518488438498813,3.1609444548970997,-4.137865080986782,2.3189305428406874,4.0609304914444495,-0.41755868263829615,-0.006166133907865424,-0.012798559525290418,0.9085388941702375,-0.1672797075614174,-0.050053672829100594,-0.45178818115019725,-0.0049746385229809675,0.005276537649478996,-0.01332371375610819,1715,396000000,1.5,0,2,2,-5.483622860124502,0.7971910068191813,4.070228985276866,-5.483622860124502,0.7971910068191813,4.070228985276866,398.0541865825653
-2.789116272491974,-0.19518488438498813,3.1609444548970997,-4.129051232996418,2.339535742589026,4.00568796440614,-0.41690139313528835,-0.006343749244526457,-0.013375318908749333,0.9088311647888552,-0.16812209711150428,-0.04551509269283312,-0.4759397233463375,-0.008610510667494964,0.007633106906723697,-0.011061532222811366,1715,560000000,1.48,0,2,2,-5.480000751863156,0.8218164927711159,3.9882103416594124,-5.480000751863156,0.8218164927711159,3.9882103416594124,398.31924390792847
-2.7044975745700466,-0.1483617373876593,3.127530258720528,-4.119747144954169,2.3599971119562184,3.94794461803972,-0.4163523455606284,-0.00659590739129422,-0.014063502294794666,0.9090706442598686,-0.1694455863691007,-0.041259796642323196,-0.4841642084564469,-0.009924196456267964,0.009124349890043959,-0.00935762273002183,1715,691000000,1.48,0,2,2,-5.478777982147066,0.8361118514071494,3.9289276984583474,-5.478777982147066,0.8361118514071494,3.9289276984583474,398.5539231300354
-2.7044975745700466,-0.1483617373876593,3.127530258720528,-4.108225502431185,2.383817630411785,3.8861207716627355,-0.415829216872434,-0.006890995085977876,-0.014944251143203054,0.9092938171678899,-0.17363033887954904,-0.03832453585732702,-0.4149430349770039,-0.010773019766929792,0.008538731890439522,-0.0072260614160768455,1715,809000000,1.49,0,2,2,-5.47839788508615,0.8487865257767857,3.8666525569747168,-5.47839788508615,0.8487865257767857,3.8666525569747168,398.79890966415405
-2.6188213160588383,-0.10024356521196076,3.097886967409696,-4.099568934971876,2.400794306931635,3.8477639201440534,-0.41554244087117775,-0.007030971259104105,-0.015570520428675199,0.9094133296645467,-0.17670593892191105,-0.036097959093361366,-0.3681690296935436,-0.010653617209754884,0.006835832618889981,-0.0058435360642761225,1715,938000000,1.52,0,2,2,-5.47880014648692,0.8618984397405631,3.79897045253212,-5.47880014648692,0.8618984397405631,3.79897045253212,399.0231258869171
-2.6188213160588383,-0.10024356521196076,3.097886967409696,-4.086793178497593,2.4245458035194014,3.8016750489018536,-0.41522208981259123,-0.007085963252423416,-0.016331112658674665,0.909545875707091,-0.18147067091040286,-0.033071740649428756,-0.3066115780689131,-0.008875721596268704,0.003733242101588985,-0.004557285910777864,1716,50000000,1.56,0,2,2,-5.478801828122877,0.8710209737227326,3.7562740922969295,-5.478801828122877,0.8710209737227326,3.7562740922969295,399.27131938934326
-2.532273177214056,-0.050798452185331265,3.072074278608297,-4.073297762284461,2.4482983158095215,3.7638948675042614,-0.4149248788574669,-0.007049643930949907,-0.016724395513392956,0.9096746352516787,-0.1865238656887903,-0.03072035384607767,-0.2497827898766039,-0.00196964032284086,-9.513667826865913e-05,-0.005586425322690047,1716,184000000,1.63,0,2,2,-5.476099137725742,0.8858703834724405,3.704500922845126,-5.476099137725742,0.8858703834724405,3.704500922845126,399.50882720947266
-2.532273177214056,-0.050798452185331265,3.072074278608297,-4.059109832978012,2.472150425378956,3.7336966508557254,-0.4144863541640431,-0.006937237334768058,-0.01661260780736208,0.9098774413138284,-0.19151003047006337,-0.029301118764263334,-0.19787047647440123,0.0029195920660640695,-0.004028413650303264,-0.00819757751742145,1716,319000000,1.71,0,2,2,-5.468376799201045,0.9051893307965863,3.662024647791429,-5.468376799201045,0.9051893307965863,3.662024647791429,399.74719882011414
-2.4450418679126313,-1.6055016990011418e-15,3.0501441756363534,-4.03996703111594,2.5030422693709506,3.704932384189974,-0.4135950452894388,-0.006630519988265499,-0.015892772658613788,0.9102980800232052,-0.19834873535159983,-0.028142095572104696,-0.13800475009332383,0.00708008974470431,-0.008663662265462335,-0.013308629968378227,1716,466000000,1.78,0,2,2,-5.455679156555497,0.9290615350007702,3.628169020719993,-5.455679156555497,0.9290615350007702,3.628169020719993,400.0170798301697
-2.4450418679126313,-1.6055016990011418e-15,3.0501441756363534,-4.02440201219992,2.5273220620543366,3.689579485610062,-0.41259466427056735,-0.0062760114049673936,-0.01495494169233854,0.9107703357132801,-0.20309843845729167,-0.0279172191157408,-0.09620691059868001,0.010503777411940973,-0.011598934997891774,-0.017271399519813713,1716,643000000,1.87,0,2,2,-5.432962398655571,0.9657089549066002,3.596110236076712,-5.432962398655571,0.9657089549066002,3.596110236076712,400.25951528549194
-2.3573186718534025,0.05217256991149122,3.0321408228027416,-4.0106577691036245,2.548309061465846,3.6808291939660123,-0.41156007788987775,-0.005883290590404129,-0.014004460031735468,0.9112560366210618,-0.20720445220953274,-0.027742453587672567,-0.0636253882604759,0.012891007918369723,-0.013703136664844351,-0.02037865688180318,1716,783000000,1.94,0,2,2,-5.411561988378849,0.9976182257173148,3.5790443301824895,-5.411561988378849,0.9976182257173148,3.5790443301824895,400.5077123641968
-2.3573186718534025,0.05217256991149122,3.0321408228027416,-3.9941011652890066,2.572986519330811,3.669036559734602,-0.41013091497908116,-0.00539132814363855,-0.012729991214731857,0.9119218790460845,-0.20958096121142922,-0.025405409583082055,-0.11567045223461392,0.014858808935969137,-0.013904609568271553,-0.024002340614970308,1716,909000000,2.01,0,2,2,-5.391405566726835,1.0265438165326812,3.5692401144651593,-5.391405566726835,1.0265438165326812,3.5692401144651593,400.7517113685608
0.0,0.0,5.0,-3.9720537175941266,2.6050236359914636,3.642494261748406,-0.4079518236115809,-0.004950153727400125,-0.011059032827358296,0.9129230544700817,-0.21360223343173473,-0.023582246950769725,-0.18337922734131365,0.014143441512715071,-0.01051156823450583,-0.028475139879446942,1717,54000000,2.1,0,2,2,-5.367561968818488,1.0602375498185668,3.5563523156930468,-5.367561968818488,1.0602375498185668,3.5563523156930468,401.0202634334564
0.0,0.0,5.0,-3.951728390290112,2.6339230782052687,3.6091174572008455,-0.4057456092692355,-0.004828125905580855,-0.00974519977053992,0.9139213428082358,-0.21725034794289072,-0.02308068539519934,-0.23780299065196364,0.013327002125151921,-0.006252956336538773,-0.031271328043658286,1717,227000000,2.22,0,2,2,-5.337650545928305,1.1021658239143224,3.5284369342556534,-5.337650545928305,1.1021658239143224,3.5284369342556534,401.2867639064789
0.0,0.0,5.0,-3.9255452489830853,2.6668251716925657,3.566215492955223,-0.4023741585746623,-0.005034430089696565,-0.009047113628360078,0.9154167579632786,-0.24338515904131036,0.0009738677068971506,-0.2358596097396864,0.006184641642903443,0.002975349775624636,-0.050978848958038725,1717,397000000,2.46,0,2,2,-5.3105404472814595,1.1406863838717096,3.488651098033274,-5.3105404472814595,1.1406863838717096,3.488651098033274,401.5935163497925
0.0,0.0,5.0,-3.8997971788559114,2.6914622164475355,3.535707834629182,-0.3986934789012746,-0.005473247450721792,-0.008912989788006063,0.9170245973020468,-0.24653519754926378,0.04337319949340058,-0.19845789237855607,0.003969976160078659,0.005157995610716171,-0.06233166714082472,1717,564000000,2.51,0,2,2,-5.288978993940297,1.1720173254976622,3.444330437356404,-5.288978993940297,1.1720173254976622,3.444330437356404,401.83958530426025
