x_ref,y_ref,z_ref,x,y,z,eta,e1,e2,e3,u,v,w,p,q,r,sec,nanosec,angle2,angle3,control_mode,std_test,x2,y2,z2,real_x2,real_y2,real_z2,time
0.0,0.0,5.0,0.46822280916280506,0.9364881193975748,4.954053586044952,-0.4392708163794852,-0.001050271317979976,0.0007629096192633335,0.8983537525810039,-0.09488520593289218,0.0448760823021268,-0.0017080437136250462,-0.0014047842910258623,-0.0012909559359286504,-0.0181524939762312,4389,963000000,5.6,0,2,1,-1.0446164165738658,-0.6599812423242192,4.955485247097834,-1.0446164165738658,-0.6599812423242192,4.955485247097834,0.0003371238708496094
0.0,0.0,5.0,0.4797517877327601,0.9415393306061449,4.953891355585455,-0.43821128949084653,-0.00091727032242523,0.0007259992703289425,0.8988712351071118,-0.06587315201525666,0.040985406104788,-0.0010347407874247423,-0.0012414690104378678,-0.0015427030120918062,-0.015729974256828427,4390,206000000,5.4,0,2,1,-1.0510591703216856,-0.676765107112764,4.9551601460499075,-1.0510591703216856,-0.676765107112764,4.9551601460499075,0.3211357593536377
-0.0006168375916972835,0.07853658655910338,5.0627905195293135,0.48958988197794057,0.9439804684369809,4.953805176136802,-0.43717693388628104,-0.0007649191532594572,0.0006983640718202751,0.8993749249696159,-0.03645195588885898,0.037371951246851866,-0.00034634061914769453,-0.0010738531727838563,-0.001517697921826766,-0.013133975789969554,4390,423000000,5.24,0,2,1,-1.0534861531199522,-0.6877630021962927,4.9549690503688035,-1.0534861531199522,-0.6877630021962927,4.9549690503688035,0.621640682220459
-0.002467198171341778,0.15705379539064146,5.125333233564304,0.49629865239007587,0.9432522863938164,4.953810869689597,-0.436332641203626,-0.000628145110657714,0.0006873435056633215,0.8997849516483883,-0.01041023752162913,0.03443416443132829,0.00019417280202049206,-0.0007540662238625373,-0.0014170097529131453,-0.010536218087509042,4390,581000000,5.09,0,2,1,-1.0530059096923248,-0.696558831395013,4.95484654333369,-1.0530059096923248,-0.696558831395013,4.95484654333369,0.9203305244445801
-0.002467198171341778,0.15705379539064146,5.125333233564304,0.5005844505853161,0.939190766192506,4.954043650345568,-0.4355817535172567,-0.00048611294985468235,0.0006741019171811825,0.9001487906361022,0.01410275668049743,0.031067677376570464,0.0025132940307517108,-0.000830845010568737,-0.00128236122236558,-0.008255987268057652,4390,750000000,4.96,0,2,1,-1.049477657449771,-0.7017701458657284,4.95480510733564,-1.049477657449771,-0.7017701458657284,4.95480510733564,1.2490735054016113
-0.005550625190149816,0.23553225354821328,5.187381314585725,0.5018539667641497,0.934147936411887,4.954673114927832,-0.4351014790779347,-0.0003776507920339966,0.0006436689497209163,0.9003811115157604,0.02956381869338946,0.028101675407635047,0.006292734874308745,-0.0011144704330945387,-0.0011209545505153073,-0.007163919235608773,4390,921000000,4.85,0,2,1,-1.0423309373579215,-0.703761980411622,4.954992466383195,-1.0423309373579215,-0.703761980411622,4.954992466383195,1.5619542598724365
-0.009866357858641983,0.31395259764656686,5.248689887164855,0.5015631790986489,0.9277833286704699,4.955843685207541,-0.43467141923177166,-0.00027877764888386116,0.0006089894081456283,0.9005888677515178,0.04293336133742056,0.025455222424044133,0.010065726670310037,-0.0010131376939170877,-0.0010145816986550926,-0.006587020106962882,4391,131000000,4.78,0,2,1,-1.034732382808472,-0.7026102221909061,4.955597622884141,-1.034732382808472,-0.7026102221909061,4.955597622884141,1.8838777542114258
-0.009866357858641983,0.31395259764656686,5.248689887164855,0.4995934435891604,0.9191834658658277,4.957878521113098,-0.4342152134400674,-0.00017524215930218417,0.0005740976107920675,0.9008089631655067,0.05508648330706244,0.022317504874868922,0.015331593641465194,-0.000906997519223296,-0.0009427270470041549,-0.006107386525400216,4391,366000000,4.71,0,2,1,-1.0255893456437453,-0.6992926116362302,4.956727695524305,-1.0255893456437453,-0.6992926116362302,4.956727695524305,2.201535701751709
-0.015413331334360514,0.3922954786392247,5.3090169943749475,0.496666314674165,0.9108655415738817,4.960469230700736,-0.4338276799760078,-9.163074305597088e-05,0.0005473245173279547,0.9009956915137353,0.06287469797337393,0.01922097940621848,0.021502185931891248,-0.0008252887425896915,-0.0008783281487012573,-0.006300328550423728,4391,557000000,4.65,0,2,1,-1.0135559080768635,-0.6931562002783639,4.95871662320829,-1.0135559080768635,-0.6931562002783639,4.95871662320829,2.49617600440979
-0.015413331334360514,0.3922954786392247,5.3090169943749475,0.49218287060678434,0.900790886075742,4.964523560528524,-0.43336783062244016,2.5608818280460524e-06,0.000504577784568752,0.901216993168849,0.06980642289157366,0.015895118219587022,0.02852469960921684,-0.0010774318297990249,-0.0007815929222942941,-0.006387609937519301,4391,698000000,4.6,0,2,1,-1.001880015358041,-0.685940078004623,4.961184252558922,-1.001880015358041,-0.685940078004623,4.961184252558922,2.7908949851989746
-0.022190176984599574,0.47054156659257157,5.368124552684678,0.4866931460934083,0.8903358303635738,4.969740812135734,-0.4328893369015493,9.224265904520795e-05,0.0004480269250971002,0.9014469550451113,0.07447283861605689,0.012401930658940612,0.03629534594825221,-0.0011009275681317376,-0.0006189757868924062,-0.006921217345734476,4391,841000000,4.53,0,2,1,-0.9856069945741295,-0.6744425141695818,4.9654207402916,-0.9856069945741295,-0.6744425141695818,4.9654207402916,3.0595908164978027
-0.030195222724101356,0.5486715554552264,5.425779291565073,0.4803817863587279,0.8797437679278104,4.976183511481186,-0.43237031122652003,0.00016605477272654465,0.0003938241639988451,0.9016960304327741,0.07781492062607225,0.009212497069651349,0.04351252033602877,-0.0009260668377919501,-0.00047644214760111936,-0.007431892117892858,4392,9000000,4.49,0,2,1,-0.9721666314743491,-0.6638879598736503,4.969737780203537,-0.9721666314743491,-0.6638879598736503,4.969737780203537,3.3299617767333984
-0.030195222724101356,0.5486715554552264,5.425779291565073,0.4743139069757702,0.8704812762730572,4.982777422541602,-0.4318830313724511,0.00022101468969138073,0.0003455951427053842,0.9019295310217126,0.07929985532062157,0.006322994097433027,0.05027793221592534,-0.0009509822916697885,-0.0003487253280809455,-0.007997132433956722,4392,154000000,4.43,0,2,1,-0.9561421629203257,-0.6503012081882205,4.975807524616596,-0.9561421629203257,-0.6503012081882205,4.975807524616596,3.6105434894561768
-0.03942649342761051,0.6266661678215213,5.481753674101715,0.4676641227303276,0.8640566525745116,4.98838447136816,-0.4313555153777238,0.0002742693466591619,0.0003026690157101318,0.902181939810929,0.04547800429820455,-0.028062567476123033,0.023302562756396066,-0.000775778261186133,-0.0006715135327794997,-0.008774082743912004,4392,311000000,4.38,0,2,1,-0.94165812222523,-0.6372655025308215,4.982049480301228,-0.94165812222523,-0.6372655025308215,4.982049480301228,3.91304087638855
-0.03942649342761051,0.6266661678215213,5.481753674101715,0.46020030937981254,0.8660066230145557,4.988936862652898,-0.4307785168962649,0.0003656985345639682,0.0002785790303783714,0.9024575657829902,0.003655106478778445,-0.06856814138672371,-0.012379355121672595,-0.0011518078963490552,-0.0012829532352043316,-0.009336138828075491,4392,463000000,4.32,0,2,1,-0.9270418781404004,-0.620594697576274,4.987251078836231,-0.9270418781404004,-0.620594697576274,4.987251078836231,4.242635726928711
-0.049881711417212315,0.7045061596879133,5.5358267949789965,0.4521737957590058,0.8756695364952244,4.984768841094779,-0.4301822139800695,0.0005112587446668243,0.00018990502393041272,0.9027419151262355,-0.036116857344944436,-0.10419431026118937,-0.04406061845551845,-0.0028913074174852227,-0.0012442834304238204,-0.009494294772594003,4392,650000000,4.25,0,2,1,-0.9128466033163675,-0.5951213090295249,4.98736034284098,-0.9128466033163675,-0.5951213090295249,4.98736034284098,4.586199522018433
-0.061558297024310704,0.7821723252011543,5.587785252292473,0.4394128633663964,0.9051450934809787,4.970049262457629,-0.42931527436026307,0.0007717831713690191,-0.00025420530193065444,0.9031543250914389,-0.09523404766271225,-0.150849377084314,-0.08621816723279818,-0.006217953159648459,0.000689710873302829,-0.007421872624036041,4392,781000000,4.19,0,2,1,-0.9001408757283285,-0.5629446599837129,4.982762006717093,-0.9001408757283285,-0.5629446599837129,4.982762006717093,4.948325872421265
-0.061558297024310704,0.7821723252011543,5.587785252292473,0.4282929833886144,0.9452234397509326,4.949613721353619,-0.4288556798373303,0.0009105165373186075,-0.0010302454654012852,0.9033719695812888,-0.14208683166374642,-0.18525378215804394,-0.11633041365147848,-0.008803257060208125,0.003348894210830622,-0.00280829660823656,4392,937000000,4.09,0,2,1,-0.886582295430745,-0.5048638622136947,4.967407252180717,-0.886582295430745,-0.5048638622136947,4.967407252180717,5.298361778259277
-0.07445336922613066,0.8596455013970477,5.637423989748689,0.4201938637133546,0.9919831291599013,4.926684948287317,-0.4291808687353062,0.0007813915537398565,-0.00205802309270664,0.9032158855333519,-0.19910117753090387,-0.20971520117182557,-0.13814378378162945,-0.010543259850237519,0.008329509728355333,0.009066181519301608,4393,75000000,4.05,0,2,1,-0.8824174935648739,-0.44795506543288865,4.946233051338063,-0.8824174935648739,-0.44795506543288865,4.946233051338063,5.656527519226074
-0.08856374635655673,0.936906572928623,5.684547105928688,0.41493112271663096,1.0558470922409993,4.902511367092463,-0.4308764905213915,0.0003301577858862998,-0.0034018037698978014,0.9024044374020534,-0.25880614968265214,-0.23065363624930413,-0.07854016489799043,-0.006045819327482604,0.010047913838207023,0.026354587134846952,4393,231000000,4.1,0,2,1,-0.8856902224650094,-0.3955307470400829,4.922383914541671,-0.8856902224650094,-0.3955307470400829,4.922383914541671,6.109377145767212
-0.08856374635655673,0.936906572928623,5.684547105928688,0.41317364082566366,1.1382492977214953,4.898962933450585,-0.43438490409890385,-0.0003836389760968088,-0.003672130841814271,0.9007197807127378,-0.3099824281453907,-0.24856920061734367,0.0338264738097176,0.005976072452540393,0.0033949312410186394,0.04116215932299383,4393,391000000,4.32,0,2,1,-0.8959141033490033,-0.3363617413813666,4.896532236384056,-0.8959141033490033,-0.3363617413813666,4.896532236384056,6.554332494735718
-0.1038859468911717,1.0139364767825625,5.728968627421412,0.4135512265234241,1.2379624370928666,4.921629172088385,-0.4391010985046224,-0.0007861360106779128,-0.0022723028631674433,0.8984344405252418,-0.34044574452118603,-0.26208435698674404,0.14296276163725424,0.01793604897102341,-0.00695513053869945,0.04425481965881772,4393,552000000,4.79,0,2,1,-0.9138914311607244,-0.27032799354127435,4.890123027467574,-0.9138914311607244,-0.27032799354127435,4.890123027467574,6.99163031578064
-0.12041619030626283,1.0907162069827128,5.770513242775789,0.4136701382473046,1.3428859615310895,4.968365310504715,-0.44372720204480975,-0.0006680749968244611,0.0007536886280139663,0.8961613447336003,-0.35052524988224015,-0.2699083581476864,0.2382630298333595,0.025111135255428962,-0.016324093485309277,0.0412728692026576,4393,713000000,5.42,0,2,1,-0.9401595638202891,-0.1972722453332238,4.908722768360162,-0.9401595638202891,-0.1972722453332238,4.908722768360162,7.395127058029175
-0.138150398011617,1.1672268192795268,5.8090169943749475,0.4126570955638535,1.4138670151281558,5.0111071061408055,-0.4465501744662633,-0.0002833230571465768,0.003359932362368809,0.8947522407162304,-0.34874952851989466,-0.27309562912179086,0.2944388962453068,0.02855649836419616,-0.020966016199963633,0.03817276119661983,4393,846000000,6.09,0,2,1,-0.9720992626699394,-0.12318514302592723,4.951618788095805,-0.9720992626699394,-0.12318514302592723,4.951618788095805,7.772960901260376
-0.15708419435684462,1.243449435824274,5.844327925502015,0.4108302259715774,1.4760425325784465,5.0550745251581315,-0.4488227821439006,0.00032566006299630584,0.005709210929244823,0.8936024894127688,-0.34398110561370365,-0.2745074525618404,0.33687499419619865,0.02535673847887665,-0.024504996690666303,0.03441726366872899,4393,982000000,6.53,0,2,1,-0.9959570385846571,-0.07321325285946692,4.992516196119448,-0.9959570385846571,-0.07321325285946692,4.992516196119448,8.089688301086426
-0.1772129077110094,1.3193652498268647,5.8763066800438635,0.4076168566240625,1.5467694714398073,5.111678760395135,-0.4511357593103501,0.0012966950364740608,0.008374345433858479,0.8924151027363952,-0.3374065028743036,-0.2750269396758751,0.3785402625073513,0.02288133946422022,-0.027242591022513807,0.030081256045377813,4394,119000000,6.9,0,2,1,-1.0181896037816736,-0.029205736727619065,5.035373912467143,-1.0181896037816736,-0.029205736727619065,5.035373912467143,8.411718606948853
-0.1772129077110094,1.3193652498268647,5.8763066800438635,0.40336091281009906,1.6170765728627616,5.173981058577767,-0.4531310893562893,0.002458087131460978,0.011005282141560779,0.8913725693734472,-0.33099732562390927,-0.2749782367832688,0.413919350272268,0.022517080105899367,-0.028524270055640955,0.02577635950729018,4394,275000000,7.47,0,2,1,-1.0483108238945622,0.027677206751605937,5.098997169550939,-1.0483108238945622,0.027677206751605937,5.098997169550939,8.713492631912231
-0.1985315716152849,1.3949555301961465,5.90482705246602,0.39751818013479967,1.6957700186843985,5.249835029934681,-0.45506106410479547,0.0038175203899866684,0.013956148042323313,0.890342675830887,-0.32442945489277975,-0.27461713061858184,0.4481266484163787,0.02200130584242288,-0.028422655850590672,0.02230866339232307,4394,493000000,7.7,0,2,1,-1.0719508438683405,0.07280183612827429,5.154199010699955,-1.0719508438683405,0.07280183612827429,5.154199010699955,9.029609680175781
-0.1985315716152849,1.3949555301961465,5.90482705246602,0.39154469348092247,1.7653922195181402,5.321524458370735,-0.45655243645200694,0.004988024158149709,0.0165718474285202,0.8895281705812016,-0.3187517758827467,-0.27341287856243474,0.47300925793034077,0.022077616085880436,-0.027734984723792877,0.019411641733313445,4394,683000000,8.08,0,2,1,-1.0983190520182928,0.1352956965250305,5.2307828563958925,-1.0983190520182928,0.1352956965250305,5.2307828563958925,9.311683654785156
-0.2210349260083495,1.4702016261615198,5.929776485888251,0.38497718632417594,1.8347110170817453,5.396501688479699,-0.45787046090256023,0.0060986397113148095,0.019080881689600857,0.8887932085589402,-0.313720718854114,-0.27208817676704106,0.49400077107854923,0.020733508063131012,-0.0261355040493072,0.017235859559150413,4394,859000000,8.39,0,2,1,-1.1161211375293096,0.19617910323512547,5.302705325171129,-1.1161211375293096,0.19617910323512547,5.302705325171129,9.609651803970337
-0.24471741852423268,1.545084971874737,5.951056516295154,0.37882869139530945,1.895145386420987,5.464306705529573,-0.4588995612089899,0.006979364199358675,0.021204611200843878,0.8882076590873274,-0.30950530508828844,-0.2704089701198316,0.5087346724689246,0.02087880566250533,-0.024671485152794048,0.015254996196745196,4395,56000000,8.66,0,2,1,-1.1290462851038987,0.26163350655326423,5.3774845846075365,-1.1290462851038987,0.26163350655326423,5.3774845846075365,9.90490984916687
-0.24471741852423268,1.545084971874737,5.951056516295154,0.37331958386342723,1.9467580182621127,5.523706675422282,-0.45969240760241015,0.0076773698945528475,0.022934967596801553,0.8877488021087582,-0.30619240146279625,-0.26895459076568634,0.5190617028011393,0.019254942708357703,-0.023073678494256455,0.014000790724821854,4395,283000000,8.87,0,2,1,-1.136909739063148,0.32217953099091434,5.444826974487671,-1.136909739063148,0.32217953099091434,5.444826974487671,10.214636325836182
-0.2695732058622733,1.619587090990747,5.968583161128631,0.3666390240405208,2.0068036702133933,5.594186398810612,-0.46054559954813123,0.008423480480480399,0.024802068364261156,0.8872494875277762,-0.30284507118027093,-0.2675882975058799,0.5287353171038334,0.018055065447697416,-0.021088523135404103,0.01281665890928707,4395,520000000,9.14,0,2,1,-1.1420131567612088,0.3853825414713785,5.513575798275255,-1.1420131567612088,0.3853825414713785,5.513575798275255,10.513699531555176
-0.2695732058622733,1.619587090990747,5.968583161128631,0.36070705774384265,2.0581641786151827,5.655368180796925,-0.46121972099220304,0.00898746638060193,0.026312533077817495,0.8868501818339785,-0.30026332149441254,-0.2664861545944639,0.5350021515058748,0.018007229482464027,-0.019472082567517646,0.011900681511178846,4395,763000000,9.22,0,2,1,-1.144471836409869,0.441323355725335,5.573267231617163,-1.144471836409869,0.441323355725335,5.573267231617163,10.792702436447144
-0.29559615522887306,1.6936896012264568,5.982287250728689,0.3515020393654834,2.135015532742613,5.74800569063962,-0.4621469748990026,0.009693104104327077,0.02844976398532177,0.886293872399952,-0.2969157446080285,-0.26497531433522914,0.5415102460931274,0.016439674436696805,-0.016939935812843032,0.010751295849331655,4395,928000000,9.37,0,2,1,-1.1453935824461439,0.4986717712210828,5.633412523016963,-1.1453935824461439,0.4986717712210828,5.633412523016963,11.079596996307373
-0.322779845850663,1.7673742188962853,5.9921147013144775,0.3419529258078667,2.2116879802819702,5.8412044996518695,-0.46298125939854073,0.010234723148516839,0.030414825380033435,0.8857869621330607,-0.29392556507666207,-0.26349657284482453,0.5448527313726654,0.01547702031530207,-0.01450217505407636,0.009611942914489191,4396,81000000,9.57,0,2,1,-1.1443259600859927,0.587017295862895,5.724099700986641,-1.1443259600859927,0.587017295862895,5.724099700986641,11.374717235565186
-0.322779845850663,1.7673742188962853,5.9921147013144775,0.33431463088385754,2.2712111018045507,5.913793538737941,-0.46357713985606036,0.0105688129585288,0.0317768069167197,0.885423497620037,-0.2922092603493964,-0.26272851035832934,0.545910249420688,0.014022417508385843,-0.012571393290272681,0.009066060465556802,4396,241000000,9.75,0,2,1,-1.1408034944725634,0.6776884449347017,5.814945239997233,-1.1408034944725634,0.6776884449347017,5.814945239997233,11.677780628204346
-0.3511175705587428,1.8406227634233896,5.998026728428272,0.3264976374578841,2.3307071120443212,5.98556114874285,-0.4641571770731959,0.010863926554990602,0.03292473291487666,0.8850740376000946,-0.2927009888991031,-0.2642349891229525,0.5173335764580653,0.009826973473536782,-0.010533665772527456,0.009308204789704178,4396,379000000,9.88,0,2,1,-1.1370879480957463,0.7492813813753109,5.885695995610487,-1.1370879480957463,0.7492813813753109,5.885695995610487,12.0025315284729
-0.3511175705587428,1.8406227634233896,5.998026728428272,0.31723931140725325,2.3989452126803505,6.054727817492796,-0.464855836085413,0.011216909099186833,0.03350912900852204,0.8846809429849172,-0.2980551559033771,-0.27138012468930284,0.4132079857882635,-0.000676720321735047,-0.004374366517367889,0.010092267439176794,4396,563000000,10.01,0,2,1,-1.1330007533821593,0.8214700391650183,5.955820057314235,-1.1330007533821593,0.8214700391650183,5.955820057314235,12.301405191421509
-0.3806023374435661,1.913417161825449,6.0,0.3088483212032992,2.4588537418809033,6.102023594296336,-0.46550756251204334,0.011398807291787372,0.033228872770486126,0.884346435765319,-0.302760672593241,-0.27760880280668915,0.3286766038375321,-0.00875287360031507,0.0025454775595790124,0.011051847104681656,4396,725000000,10.15,0,2,1,-1.1290403477004725,0.9040708702391018,6.0237281885264515,-1.1290403477004725,0.9040708702391018,6.0237281885264515,12.597693681716919
-0.4112268715800944,1.985739453173903,5.998026728428272,0.2989423969874209,2.5275126745896666,6.142224259529725,-0.46632052096587623,0.011378083773437733,0.032065395966382394,0.8839612668648313,-0.3076898960084873,-0.2839185255222571,0.23935998538485143,-0.016647394659230486,0.010328598909836728,0.012334736766206333,4396,889000000,10.25,0,2,1,-1.126927555870324,0.975872393638547,6.070795512066259,-1.126927555870324,0.975872393638547,6.070795512066259,12.878695726394653
-0.4112268715800944,1.985739453173903,5.998026728428272,0.287421860166993,2.6048138147888986,6.171335522392917,-0.46733562399617623,0.011068088699269884,0.029767238725700862,0.8835093793816208,-0.31194343625603704,-0.2897418841990899,0.14728280832772825,-0.025184376863762736,0.018370026919001248,0.013888600369682536,4397,32000000,10.35,0,2,1,-1.1271193990962787,1.0564265593576347,6.11206293009168,-1.1271193990962787,1.0564265593576347,6.11206293009168,13.21283769607544
-0.4429836168227732,2.0575717930255437,5.9921147013144775,0.2741166331323189,2.6906058619827165,6.185738190501607,-0.4686027312831237,0.010395147581504371,0.02620437469668597,0.8829590884562607,-0.3150464110862042,-0.29473648279208675,0.055077874670170855,-0.03189182134519797,0.025527244179102127,0.015614269796060398,4397,164000000,10.46,0,2,1,-1.131010967980748,1.1446898166929182,6.144085883720871,-1.131010967980748,1.1446898166929182,6.144085883720871,13.538732051849365
-0.4429836168227732,2.0575717930255437,5.9921147013144775,0.26031099943877095,2.7760228518543193,6.18397630872658,-0.4699296709612679,0.009450915487450457,0.021861455839660864,0.8823824914940537,-0.3144862256505491,-0.29592060754932514,-0.00378951765674423,-0.03502467843645718,0.030515933212882373,0.015542527944489848,4397,287000000,10.58,0,2,1,-1.1397107315604496,1.2397311952790133,6.16380149226584,-1.1397107315604496,1.2397311952790133,6.16380149226584,13.944700479507446
-0.47586473766990167,2.1288964578253635,5.982287250728689,0.24753600637594536,2.8521578783564165,6.184567833233568,-0.47109520315678777,0.008260342186954218,0.018397268634047288,0.8818518111431343,-0.3087765730031231,-0.2928906255536705,0.04414738837551874,-0.02263123278680723,0.027562408104131464,0.0146230663631286,4397,421000000,10.72,0,2,1,-1.1531010286115202,1.3312036731499428,6.168942850722399,-1.1531010286115202,1.3312036731499428,6.168942850722399,14.29874300956726
-0.5098621211969219,2.1996958492795757,5.968583161128631,0.23292945917217972,2.935745783375717,6.195323421400852,-0.4722173365973176,0.006928166264960918,0.015766845036947655,0.8813139021521907,-0.30239617876778746,-0.28990458475492253,0.09137388331887716,-0.012408719248924172,0.020531828522507567,0.011531121253938181,4397,581000000,10.88,0,2,1,-1.168782423913292,1.4103142785316596,6.176813333171149,-1.168782423913292,1.4103142785316596,6.176813333171149,14.676947355270386
-0.5449673790581606,2.2699524986977337,5.951056516295154,0.21936096641058095,3.0100232144912313,6.213060143707783,-0.47301794978257855,0.005845678759489238,0.014498066722362642,0.8809141009682162,-0.296919349603703,-0.2880261692695873,0.13003832063851856,-0.0037000938164055697,0.014147361980576534,0.009246394529327517,4397,756000000,11.09,0,2,1,-1.189528796100631,1.4949868566789002,6.196510046724882,-1.189528796100631,1.4949868566789002,6.196510046724882,15.004586458206177
-0.5449673790581606,2.2699524986977337,5.951056516295154,0.2038042716757151,3.091658130305161,6.240506142543549,-0.4737243215963798,0.0049667325866677315,0.01393044183798617,0.8805490000480727,-0.2919706005849307,-0.28652868309908,0.1667187848282318,0.0013993724564898002,0.0072208899837278295,0.007203446375569911,4397,917000000,11.28,0,2,1,-1.2107874247554784,1.5685082089602955,6.2225048095221345,-1.2107874247554784,1.5685082089602955,6.2225048095221345,15.341037511825562
-0.581171849556533,2.339649071302867,5.929776485888252,0.19103478883669275,3.156423118219033,6.267404272664695,-0.4741952755043971,0.0045210236885058095,0.013974400450517486,0.8802971754846004,-0.288705435448207,-0.28554523042021185,0.1916366553226208,0.004363995230960427,0.002545314305280044,0.006305251235971809,4398,57000000,11.5,0,2,1,-1.2379751147341025,1.6463086335755883,6.25823097891497,-1.2379751147341025,1.6463086335755883,6.25823097891497,15.663893461227417
-0.6184665997806817,2.4087683705085765,5.904827052466019,0.17966377699104963,3.2127253000111216,6.294022125689246,-0.4745490628594544,0.004274107577785316,0.014305842408066975,0.8801024155270925,-0.2856760439238461,-0.2842600033880913,0.2109313468949269,0.006764562749594916,-0.0006001984445447306,0.0051383321078901645,4398,206000000,11.67,0,2,1,-1.262236973155086,1.7058122298139937,6.291161595304481,-1.262236973155086,1.7058122298139937,6.291161595304481,15.957143783569336
-0.6184665997806817,2.4087683705085765,5.904827052466019,0.1681146912626931,3.268705832332456,6.318344845127895,-0.4748320216811305,0.004190168424971139,0.014640448113348501,0.879944686303532,-0.2848686440683075,-0.2855396076340409,0.15170534278166906,0.0008426598753885628,-0.0010171517544677044,0.004050085817652871,4398,334000000,11.82,0,2,1,-1.2850377186547781,1.7561812084835542,6.322866188258039,-1.2850377186547781,1.7561812084835542,6.322866188258039,16.236549139022827
-0.6568424278090443,2.477293342162038,5.8763066800438635,0.15804026563225926,3.3165394157067554,6.3310304925806875,-0.4750256899837638,0.004257431080648827,0.014457690058402868,0.8798428514991855,-0.28473483170164055,-0.2873715117723081,0.08997708088342629,-0.0062862810864317,0.0018659586430658237,0.0033673932193778455,4398,504000000,11.96,0,2,1,-1.3091179124701005,1.8052742894829599,6.352220848717866,-1.3091179124701005,1.8052742894829599,6.352220848717866,16.555485725402832
-0.6962898649802813,2.5452070787518566,5.844327925502015,0.14608767015268992,3.3722004960813585,6.336840519015784,-0.47520773045065784,0.004334218836735458,0.013683420224044686,0.8797565523927526,-0.2844421837415615,-0.2892209122155494,0.022603571414223485,-0.013418131675280165,0.0063601209603803,0.0027087116222901386,4398,701000000,12.28,0,2,1,-1.334027593693409,1.853633165312928,6.371422010932581,-1.334027593693409,1.853633165312928,6.371422010932581,16.85718059539795
-0.6962898649802813,2.5452070787518566,5.844327925502015,0.13219326815855034,3.43556488888021,6.332555851104764,-0.47536134179899514,0.004346985389459966,0.012100472515977977,0.8796966960299285,-0.2836325540028826,-0.2908291332558883,-0.04877477077310472,-0.020889801817247644,0.0118048981676111,0.0018761682554213621,4398,887000000,12.2,0,2,1,-1.3542528284353026,1.8958865954419108,6.380106703126677,-1.3542528284353026,1.8958865954419108,6.380106703126677,17.15579319000244
-0.7367991782295391,2.612492823579744,5.8090169943749475,0.11621913300154552,3.5065279814535533,6.314942557277936,-0.47545014347676795,0.004218234906746242,0.009539698660863849,0.8796808294555771,-0.2819678631427823,-0.2922244944167317,-0.12285903067453181,-0.02718031500990037,0.01724340345390374,0.0007462413691428083,4399,97000000,12.32,0,2,1,-1.3782314806112281,1.954418806834658,6.381224100250847,-1.3782314806112281,1.954418806834658,6.381224100250847,17.468480348587036
-0.7367991782295391,2.612492823579744,5.8090169943749475,0.10168549503966422,3.5692328256010937,6.288999542573344,-0.47541316416481105,0.003947749574182708,0.006733557883532926,0.8797280249090232,-0.27891875269947064,-0.2922702914543125,-0.18224639001402174,-0.03092638980888296,0.021572521836787928,-0.0013542872807192907,4399,277000000,12.43,0,2,1,-1.399538311930105,2.024442170833151,6.369013719695895,-1.399538311930105,2.024442170833151,6.369013719695895,17.74861216545105
-0.7783603724899244,2.679133974894983,5.770513242775789,0.09056405180117717,3.61595251916486,6.263852599972733,-0.475289255196921,0.0036060263105629027,0.004464039756309167,0.8798108846892367,-0.27578729602318214,-0.29216521388935046,-0.22259344164490996,-0.029987468042236287,0.024229143855336588,-0.0030977982760305167,4399,464000000,12.49,0,2,1,-1.4134933591816505,2.0903752834557325,6.34721647585386,-1.4134933591816505,2.0903752834557325,6.34721647585386,18.040095567703247
-0.820963193158649,2.745114089990659,5.728968627421412,0.07534105669590134,3.6777639134132776,6.223610719305698,-0.47497284569548864,0.002937507730088836,0.0013632311097516885,0.879994493449366,-0.2700962980278528,-0.2915048266575925,-0.2703019700931013,-0.029923131842224393,0.02712697041715728,-0.005729131453335867,4399,645000000,12.52,0,2,1,-1.4212519672520845,2.1418486898276092,6.3247674096267685,-1.4212519672520845,2.1418486898276092,6.3247674096267685,18.394280910491943
-0.820963193158649,2.745114089990659,5.728968627421412,0.06162112207677543,3.731277522454458,6.182902025734782,-0.4745412701424139,0.002178637292915605,-0.0013567558322767628,0.8802295130730291,-0.2640340596174765,-0.2908126049087633,-0.30694590665453414,-0.028463254602684174,0.028561523504322395,-0.008091413292277139,4399,848000000,12.54,0,2,1,-1.4285125770096647,2.2128816303609624,6.28760455352035,-1.4285125770096647,2.2128816303609624,6.28760455352035,18.696213960647583
-0.8645971286271905,2.8104168892606527,5.684547105928689,0.04334515796002625,3.799328521688008,6.123953473512681,-0.47379462893720875,0.0011077969146443825,-0.004830423094880861,0.8806214222859747,-0.2559026867287214,-0.2903029933849341,-0.3489370324896644,-0.02829186760209268,0.02868941428459948,-0.010654997913661646,4400,18000000,12.54,0,2,1,-1.4332141161930902,2.2763479158243003,6.249099567150521,-1.4332141161930902,2.2763479158243003,6.249099567150521,19.02039098739624
-0.8645971286271905,2.8104168892606527,5.684547105928689,0.0243438086146158,3.8665476039100977,6.05856083452447,-0.4728569133143431,5.558232931037344e-05,-0.008278738702914297,0.881100334199758,-0.24704105152145628,-0.2890036483971505,-0.38445068556281436,-0.02813544233504217,0.02780917475320166,-0.012997618159715785,4400,149000000,12.53,0,2,1,-1.4386666859693822,2.3584607129084594,6.192308006742305,-1.4386666859693822,2.3584607129084594,6.192308006742305,19.327016592025757
-0.909251412874883,2.875026260216393,5.63742398974869,0.006872007484957288,3.925579916231914,5.995846947190279,-0.47188779902314015,-0.00086148775637145,-0.011172611714401016,0.881587395395046,-0.2392081471977729,-0.28817468964298065,-0.4119231661790422,-0.026112514024134725,0.026233010248688515,-0.014628582448494853,4400,273000000,12.51,0,2,1,-1.4450938848417074,2.439860609710861,6.128115727898855,-1.4450938848417074,2.439860609710861,6.128115727898855,19.636802911758423
-0.9549150281252627,2.938926261462366,5.587785252292473,-0.011123074930699233,3.9839554675712954,5.929449970035499,-0.4708174011231848,-0.0016812674305211805,-0.0139546341008028,0.8821187087498766,-0.2311269117445252,-0.28658980698276865,-0.4348167185332407,-0.02555256123741856,0.024357199254154693,-0.0160239349497715,4400,421000000,12.49,0,2,1,-1.4531898445288414,2.5103100439892705,6.065341954492706,-1.4531898445288414,2.5103100439892705,6.065341954492706,19.970947265625
-0.9549150281252627,2.938926261462366,5.587785252292473,-0.02725352296587627,4.03445373376754,5.868845071946879,-0.4698076652176565,-0.0023399255433640747,-0.016215178408485003,0.8826167630633165,-0.22419611818937688,-0.2853204272760805,-0.4519164702811162,-0.02317163562111091,0.022363885727827437,-0.01703724828985287,4400,559000000,12.45,0,2,1,-1.4639890417096464,2.578543511902511,5.9976934771155435,-1.4639890417096464,2.578543511902511,5.9976934771155435,20.299463987350464
-1.001576707564547,3.0021011266294195,5.5358267949789965,-0.04375575034855894,4.084459511328324,5.806236892401267,-0.46873777109879033,-0.002934628014020146,-0.01829830081237225,0.8831429454460569,-0.21760271730433786,-0.28442209596797,-0.4667720968703275,-0.021884442503505852,0.02027498121606186,-0.018029904458671808,4400,718000000,12.41,0,2,1,-1.4764660040898534,2.6356869749532463,5.934837216049126,-1.4764660040898534,2.6356869749532463,5.934837216049126,20.615472316741943
-1.0492249381215486,3.0645352682648825,5.481753674101715,-0.06305458023981983,4.141045718407168,5.732622559340658,-0.4674396611292882,-0.0034870520920844156,-0.020553837333457392,0.8837791259369692,-0.21023309736589643,-0.2830156273841887,-0.4805364332703614,-0.02177859641960822,0.01794011168385623,-0.019164076911692973,4400,890000000,12.37,0,2,1,-1.491704732260491,2.6904696234552614,5.8689063105078425,-1.491704732260491,2.6904696234552614,5.8689063105078425,20.93328094482422
-1.0492249381215486,3.0645352682648825,5.481753674101715,-0.08525049290901429,4.203949727903564,5.647766106627185,-0.46588208445173834,-0.003969670564123206,-0.022884226556940807,0.8845419364153437,-0.202398559662219,-0.2816099588386571,-0.49300121727232893,-0.019703123143699486,0.015163591979217017,-0.02041078478214331,4401,42000000,12.3,0,2,1,-1.5127793686350337,2.7498596462485745,5.790294854369853,-1.5127793686350337,2.7498596462485745,5.790294854369853,21.239860773086548
-1.097847963308351,3.1262132816785253,5.425779291565073,-0.10543249348274475,4.259299143691679,5.570823652330228,-0.46442136730069106,-0.00429474295050737,-0.024725436910037125,0.8852587201192391,-0.19606351351438522,-0.28105583153101005,-0.502447740428093,-0.018038781308860052,0.01280280794162536,-0.02125693681591656,4401,179000000,12.21,0,2,1,-1.5410023088713503,2.812555102343907,5.698500309574151,-1.5410023088713503,2.812555102343907,5.698500309574151,21.53056788444519
-1.147433786121054,3.1871199487434483,5.368124552684678,-0.12601247833902507,4.31416015522479,5.492758036729457,-0.46289982338133384,-0.0044893630702674756,-0.026441552386779418,0.886004764908254,-0.18997882578912853,-0.27997607817818054,-0.5091560067285942,-0.017763676623872016,0.010671862673916621,-0.02211417340731714,4401,324000000,12.1,0,2,1,-1.5693881442703166,2.8651816861452635,5.614562340251294,-1.5693881442703166,2.8651816861452635,5.614562340251294,21.834996700286865
-1.147433786121054,3.1871199487434483,5.368124552684678,-0.1416680933436105,4.3549635766369,5.433709134641366,-0.46172504596864694,-0.004586573033801262,-0.027597464855024824,0.8865818209317354,-0.18562640097582622,-0.2793638187222454,-0.5128535259870132,-0.015867465299379546,0.00921300033951411,-0.022404235096473712,4401,481000000,11.98,0,2,1,-1.600075641548385,2.9155641666232723,5.528948730635455,-1.600075641548385,2.9155641666232723,5.528948730635455,22.129980087280273
-1.1979701719998452,3.2472402416509185,5.3090169943749475,-0.16018939418478642,4.402232746522571,5.3644262101009,-0.46033216399738364,-0.004651129217687738,-0.028817376805119664,0.8872667155825005,-0.1808101009271968,-0.2789922169575766,-0.5162276980909871,-0.015307859393942636,0.007638119905095664,-0.022937603353057057,4401,643000000,11.89,0,2,1,-1.6236787192732534,2.952589595102868,5.464071636296906,-1.6236787192732534,2.952589595102868,5.464071636296906,22.43774437904358
-1.1979701719998452,3.2472402416509185,5.3090169943749475,-0.1762854669773116,4.442474906028181,5.304810815314089,-0.45910299478202643,-0.004644291991699757,-0.029812478585204964,0.8878705349625458,-0.17679668709214078,-0.27848457961339534,-0.5178533324468826,-0.015422744036186486,0.00646872376819374,-0.023566575146105606,4401,827000000,11.76,0,2,1,-1.6507357073143791,2.9958795298233927,5.38807197089354,-1.6507357073143791,2.9958795298233927,5.38807197089354,22.72311520576477
-1.249444651847702,3.306559326618259,5.248689887164855,-0.19799587184406306,4.495694918285313,5.225249303282082,-0.45740620192869746,-0.004559403505396355,-0.031068548557652925,0.8887032820730207,-0.17170094275466086,-0.27767569826226607,-0.5188146610390355,-0.014730244583915919,0.004951130085828481,-0.02453261458867928,4401,990000000,11.64,0,2,1,-1.6717767847627543,3.034490265806431,5.3231841258267805,-1.6717767847627543,3.034490265806431,5.3231841258267805,23.010823726654053
-1.249444651847702,3.306559326618259,5.248689887164855,-0.21997707326153054,4.548440140291325,5.145740102598776,-0.45564344235151844,-0.004389605597375803,-0.0322501538873395,0.8895671488870306,-0.16680014923800757,-0.2766967785288503,-0.5182683838031832,-0.014047010608919663,0.0035778414030573913,-0.02519356585253263,4402,137000000,11.47,0,2,1,-1.6952591431982766,3.0895282750686452,5.237425226783135,-1.6952591431982766,3.0895282750686452,5.237425226783135,23.29623532295227
-1.3018445251069517,3.3650625675488666,5.187381314585725,-0.2449981079407423,4.607214955209584,5.056587536995611,-0.45359720242458923,-0.004157728281162737,-0.03340318334412024,0.8905708947583034,-0.1616820681519922,-0.27617753149660784,-0.5171231567735936,-0.012118727227061754,0.002198016886723053,-0.026099714887095615,4402,281000000,11.28,0,2,1,-1.713974569300197,3.1483201086966104,5.152642470657335,-1.713974569300197,3.1483201086966104,5.152642470657335,23.608335971832275
-1.355156862892942,3.422735529643443,5.125333233564304,-0.2646754699897869,4.652555319936235,4.987542052771793,-0.4519560364653717,-0.003940087094640974,-0.034207657947502926,0.8913753715208566,-0.15786649862899474,-0.275541518613759,-0.514886986666381,-0.011648869804048445,0.0012535697123894352,-0.02663906016096007,4402,430000000,11.06,0,2,1,-1.7301831712776778,3.218299326347057,5.058542706980759,-1.7301831712776778,3.218299326347057,5.058542706980759,23.922724962234497
-1.355156862892942,3.422735529643443,5.125333233564304,-0.28451261442359693,4.697555122129624,4.918898479694686,-0.45028542973835994,-0.003719930049889915,-0.0348830235610755,0.8921952524828868,-0.1541401337928559,-0.2752889284597061,-0.5122124709025131,-0.00963857137321611,0.00036727323049490224,-0.02692996567930095,4402,585000000,10.88,0,2,1,-1.7397799218928884,3.2750815135332427,4.986363193832886,-1.7397799218928884,3.2750815135332427,4.986363193832886,24.23756694793701
-1.4093685111840557,3.4795639829615714,5.0627905195293135,-0.30744073005331024,4.748607789165165,4.840988158667518,-0.4483502736317421,-0.003473630977640474,-0.035500026677149,0.8931459646262163,-0.14992519886848585,-0.2756266678630257,-0.508711327894363,-0.008102442552626599,-0.0004495382682989657,-0.027359938758309,4402,768000000,10.69,0,2,1,-1.747368502423556,3.3334069893995597,4.9150269159333755,-1.747368502423556,3.3334069893995597,4.9150269159333755,24.56984853744507
-1.4093685111840557,3.4795639829615714,5.0627905195293135,-0.33358132162400517,4.8055703951357,4.754173001280406,-0.44612967122443814,-0.0031771105643005997,-0.03608819051429216,0.8942347929526345,-0.14527287894258362,-0.27574286028087375,-0.5033819408294592,-0.00728678896848578,-0.0012286808555472817,-0.027837705783895217,4402,931000000,10.48,0,2,1,-1.7549673064226758,3.400898945809338,4.83428571946329,-1.7549673064226758,3.400898945809338,4.83428571946329,24.93975567817688
-1.4644660940672622,3.5355339059327373,5.0,-0.36300072436008074,4.868248671117497,4.6589403215273775,-0.4435943019498307,-0.0027954705131290614,-0.03666973181570265,0.8954728423524729,-0.14040753220156524,-0.27609986196048325,-0.4971831078472744,-0.007058650453473092,-0.0021340336843422847,-0.0286651702481322,4403,83000000,10.23,0,2,1,-1.7635589792689494,3.476673696606645,4.7441836170675105,-1.7635589792689494,3.476673696606645,4.7441836170675105,25.299271821975708
-1.5204360170384286,3.5906314888159443,4.9372094804706865,-0.3924560573235108,4.930600126099073,4.565138224213503,-0.44104605836889377,-0.0023940705272086846,-0.03715420572962996,0.8967118867396446,-0.13948639844218202,-0.2755096910836146,-0.48975185930817416,-0.005638925631501479,-0.0025093669592024526,-0.028254074095457327,4403,216000000,10.1,0,2,1,-1.7793564547370484,3.564407466774788,4.634244053069153,-1.7793564547370484,3.564407466774788,4.634244053069153,25.61465334892273
-1.5772644703565568,3.644843137107058,4.874666766435696,-0.4149598699175411,4.98141060573515,4.491153381782667,-0.4393941596772927,-0.0020676251771973575,-0.03729132327310532,0.8975176068335112,-0.15499572569644893,-0.2741160982935897,-0.48466923573839465,-0.0027597847520155483,-0.004037637063447619,-0.018993276717083063,4403,358000000,9.67,0,2,1,-1.7982862159544593,3.6309755112606443,4.54411654972622,-1.7982862159544593,3.6309755112606443,4.54411654972622,25.95154881477356
-1.5772644703565568,3.644843137107058,4.874666766435696,-0.4350385904057297,5.0349114227821605,4.421995280698776,-0.4386149577656624,-0.0017443473652602008,-0.03705988422895028,0.897908926928245,-0.1878950541211009,-0.2784563347260104,-0.4116254028331642,0.005719513455915148,-0.00648698069198872,-0.00268456599314959,4403,470000000,9.51,0,2,1,-1.8201983090828417,3.685852845004691,4.463854848874514,-1.8201983090828417,3.685852845004691,4.463854848874514,26.311022996902466
-1.6349374324511334,3.6981554748930483,4.812618685414275,-0.45359104065217004,5.100222760465597,4.363640856640834,-0.43910805120653845,-0.001551070827015475,-0.03577225840300828,0.8977204793662856,-0.23178177222368887,-0.28599247391197197,-0.29808300536459215,0.017563789879204705,-0.009296881216869224,0.01347700463156798,4403,627000000,9.46,0,2,1,-1.8464552660324858,3.7372124314192248,4.38770790717091,-1.8464552660324858,3.7372124314192248,4.38770790717091,26.719492197036743
-1.6934406733817404,3.7505553481522975,4.751310112835146,-0.4720629410111064,5.19488984916358,4.315748753535459,-0.4412121008368375,-0.0015579014222675026,-0.03270285991298748,0.8968054292720435,-0.2775249754404544,-0.292207438570649,-0.1626964947628696,0.027903955924557522,-0.011459099459898425,0.022320065181702375,4403,800000000,9.57,0,2,1,-1.880837214468579,3.791565186430803,4.321075445277636,-1.880837214468579,3.791565186430803,4.321075445277636,27.2239727973938
-1.6934406733817404,3.7505553481522975,4.751310112835146,-0.4958656925971226,5.360845680710325,4.29990122345312,-0.4441956964539527,-0.002083964045164026,-0.025245729550380246,0.8955716015401087,-0.290827700609503,-0.30047053804519325,0.023925505838715045,0.03993446116510313,-0.01621476658328902,0.006711742071274784,4403,956000000,9.91,0,2,1,-1.933757736842411,3.858913509753535,4.261737158510339,-1.933757736842411,3.858913509753535,4.261737158510339,27.96994709968567
-1.7527597583490815,3.8020298280001548,4.6909830056250525,-0.5118229850840815,5.45841649122403,4.316421026353602,-0.444476716879527,-0.002253836316946629,-0.01999623483931822,0.8955643578024441,-0.2768557632922213,-0.2997173251179572,0.03521800876796481,0.03457260572758969,-0.018404021284368355,-0.0008283880674753163,4404,117000000,10.45,0,2,1,-2.033779268050447,3.9622417185542456,4.227021840408204,-2.033779268050447,3.9622417185542456,4.227021840408204,28.560984134674072
-1.8128800512565513,3.852566213878946,4.631875447315322,-0.5238266582792214,5.5214553847943595,4.320748337356679,-0.4441740459727278,-0.002097656996715067,-0.017354207087240416,0.8957699750581697,-0.261934486173246,-0.29803777770710893,-0.007433656136149737,0.023867674099165015,-0.01445596944904537,-0.006291797217272688,4404,261000000,10.6,0,2,1,-2.0910882969968045,4.025980854609758,4.234281852959396,-2.0910882969968045,4.025980854609758,4.234281852959396,28.895668506622314
-1.8737867183214734,3.9021520366916485,4.574220708434928,-0.5372924396533397,5.5825517634703266,4.318293547608884,-0.4434557095974655,-0.0018527557856598178,-0.015391911164205003,0.8961622007159865,-0.2429078822591179,-0.2976343013141317,-0.04566410156122205,0.017377067706547678,-0.013778255743090995,-0.013409621988103027,4404,412000000,10.63,0,2,1,-2.122948984449492,4.072874993835476,4.233726659013986,-2.122948984449492,4.072874993835476,4.233726659013986,29.22842574119568
-1.9354647317351175,3.950775061878452,4.518246325898285,-0.5526401635491793,5.6412574987251745,4.309618074234283,-0.4421901385963428,-0.0013380375112068297,-0.014118454298864266,0.8968092106083524,-0.22285606067700905,-0.29769681601917103,-0.08255889504509038,0.007240539753183839,-0.01211948438140098,-0.020916029825457372,4404,590000000,10.59,0,2,1,-2.1497408814229093,4.1234774960142335,4.226933888672744,-2.1497408814229093,4.1234774960142335,4.226933888672744,29.53883934020996
-1.9978988733705796,3.9984232924354526,4.4641732050210035,-0.5698037235188295,5.697703596377437,4.295007915209894,-0.4404466354350946,-0.0007666549234827636,-0.013479091719017074,0.8976772736683063,-0.20370555731047638,-0.2983781232250748,-0.11782519820532582,0.0011159250561831868,-0.008385610271943733,-0.026938721566693857,4404,802000000,10.5,0,2,1,-2.172205370045244,4.17730862097688,4.214252597962363,-2.172205370045244,4.17730862097688,4.214252597962363,29.856125593185425
-2.0610737385376336,4.045084971874736,4.4122147477075275,-0.5887491699267277,5.7520700819733825,4.274795316364878,-0.43831019382732883,-0.0002751021731715571,-0.01339388740273216,0.8987239298505889,-0.18536382693363235,-0.29947676586901073,-0.15170027685467924,-0.0043370353978389176,-0.004598911436914932,-0.03201830077159684,4404,987000000,10.34,0,2,1,-2.1909768090540314,4.233890268636048,4.196233885491579,-2.1909768090540314,4.233890268636048,4.196233885491579,30.199424028396606
-2.124973739783607,4.090748587125117,4.362576010251311,-0.6067953537315107,5.798118754847067,4.258964743178308,-0.43615998425738045,-1.4863715155992094e-05,-0.013414038705152313,0.8997691545487032,-0.1710354915352076,-0.3037822326573194,-0.09336574561150834,0.0015138557728278101,-0.003257605976614286,-0.03596823698899243,4405,146000000,10.13,0,2,1,-2.2066744566993806,4.292820075428375,4.173236363833384,-2.2066744566993806,4.292820075428375,4.173236363833384,30.527218103408813
-2.124973739783607,4.090748587125117,4.362576010251311,-0.6291328082772842,5.849181322623187,4.251144842347728,-0.43341417839758,-1.564612896947943e-05,-0.012823042036481137,0.9011036118627422,-0.15497818861864324,-0.3088700053447706,-0.02817635173327489,0.010406222281744704,-0.004129775334149599,-0.039940235001267865,4405,308000000,9.91,0,2,1,-2.2183282331255647,4.346055009160857,4.155586055893898,-2.2183282331255647,4.346055009160857,4.155586055893898,30.8425612449646
-2.1895831107393464,4.135402871372809,4.315452894071312,-0.6501326260757038,5.892565720784294,4.252272571536581,-0.43078476637627494,-0.00016719336350685347,-0.011826797983553312,0.9023771849697739,-0.14116846419707246,-0.31305153267246644,0.02271183353722007,0.01606549249117961,-0.005017336297896691,-0.04308908319217153,4405,489000000,9.61,0,2,1,-2.2296788833300236,4.4085244381779605,4.14655050299623,-2.2296788833300236,4.4085244381779605,4.14655050299623,31.158016681671143
-2.2548859100093415,4.179036806841351,4.271031372578588,-0.6789772058258441,5.946680707518784,4.263391203860547,-0.42708874277828746,-0.00045180046522594244,-0.010009722474162652,0.9041541943299227,-0.12463254773591585,-0.3169805203708237,0.081516910466459,0.022001006982463878,-0.007489770405300078,-0.04753002285724506,4405,735000000,9.33,0,2,1,-2.2381995609425895,4.46436219268134,4.147341941724174,-2.2381995609425895,4.46436219268134,4.147341941724174,31.49407124519348
-2.2548859100093415,4.179036806841351,4.271031372578588,-0.7095817398230423,5.999112086067299,4.284038785279741,-0.4229878029471308,-0.0006355245668445003,-0.00774092028227393,0.9061020874160193,-0.10946280988188824,-0.3198964601159204,0.13200550333069425,0.025041123444680125,-0.010461349484103266,-0.05244508865871467,4406,126000000,8.92,0,2,1,-2.24757945837435,4.537418369799454,4.15892867982909,-2.24757945837435,4.537418369799454,4.15892867982909,31.800349235534668
-2.3208660251050173,4.221639627510076,4.229486757224211,-0.7344552834801921,6.038910049059037,4.30570095278351,-0.4195254643248795,-0.0006765720876075422,-0.005777968650019286,0.9077249264570648,-0.09876630526813333,-0.32172510862779125,0.1654146313535246,0.02612875305203488,-0.01239149742104928,-0.056113403843482956,4406,368000000,8.48,0,2,1,-2.2555318004189195,4.611531757249357,4.180910399179061,-2.2555318004189195,4.611531757249357,4.180910399179061,32.103063106536865
-2.3875071764202556,4.263200821770461,4.1909830056250525,-0.760115799320461,6.07798946438683,4.331551872142989,-0.41585600204543727,-0.0006355612009633096,-0.0037073028088409035,0.9094226946423917,-0.08912942073086587,-0.32257302232150065,0.19489383019558257,0.02665536812855862,-0.013922861762694083,-0.058911773885483854,4406,524000000,8.11,0,2,1,-2.2609736781057923,4.669726590159751,4.204130474556999,-2.2609736781057923,4.669726590159751,4.204130474556999,32.39472055435181
-2.3875071764202556,4.263200821770461,4.1909830056250525,-0.7863608875564343,6.116439154994984,4.361023059186656,-0.4120252207121402,-0.0004868156333615088,-0.0015930018825438146,0.9111709185727195,-0.08056304425785199,-0.322712505196804,0.21997705573323428,0.026114318461623043,-0.015350909598055296,-0.06101545768615324,4406,686000000,7.71,0,2,1,-2.2659121385266934,4.728280444358702,4.231959078400002,-2.2659121385266934,4.728280444358702,4.231959078400002,32.701438665390015
-2.454792921248144,4.303710135019719,4.155672074497985,-0.8169173012641953,6.159778822389324,4.398278867752816,-0.40748256595241034,-0.0001795793482294647,0.0008340974107555644,0.9132125877787747,-0.07185522115645594,-0.32285073670148334,0.24292477001247978,0.025924303918145597,-0.01630363694857806,-0.0633542935247533,4406,856000000,7.31,0,2,1,-2.2704781684756408,4.787076564733807,4.263961666926928,-2.2704781684756408,4.787076564733807,4.263961666926928,33.064621448516846
-2.454792921248144,4.303710135019719,4.155672074497985,-0.8596741254544187,6.218615113053466,4.454395753287837,-0.4010203010727577,0.00031395121132491506,0.00413356648816159,0.9160597869081686,-0.06245929934696197,-0.32218650775342617,0.26814940891220923,0.025363538952660747,-0.015490100668102968,-0.0639925776340533,4407,10000000,6.84,0,2,1,-2.2767824037156266,4.853399074744296,4.304945353286326,-2.2767824037156266,4.853399074744296,4.304945353286326,33.48069882392883
-2.522706657837962,4.343157572190956,4.1236933199561365,-0.8946747343826063,6.266720437671795,4.503628534905497,-0.3958849841118845,0.0006555084786540222,0.006680074842454111,0.9182755720716229,-0.059986136376566225,-0.32166747193668027,0.28450575482046314,0.023846718431741465,-0.013436809058475774,-0.06122459744801745,4407,168000000,6.18,0,2,1,-2.2878688086103467,4.942656003380429,4.3680175582056044,-2.2878688086103467,4.942656003380429,4.3680175582056044,33.820943117141724
-2.5912316294914244,4.381533400219318,4.09517294753398,-0.9238947400606385,6.311278114781689,4.549631099631064,-0.3925738620127976,0.0005649006016914164,0.008680647281219176,0.919679340919674,-0.08960324501349883,-0.3188846492311751,0.2995153385451674,0.022912814529263414,-0.004531614195002476,-0.029759883182123303,4407,320000000,5.64,0,2,1,-2.2994180424542274,5.013635504698749,4.424572876264178,-2.2994180424542274,5.013635504698749,4.424572876264178,34.12211465835571
-2.660350928697133,4.418828150443467,4.070223514111748,-0.9456451746332624,6.353825281766966,4.591562537036624,-0.39176869040445744,0.00013264463946537595,0.010089802295571548,0.9200084083929949,-0.12845749770356024,-0.3160691723533496,0.3110049955994602,0.019490451813908294,-0.00036053577616712573,0.0044348808160066255,4407,462000000,5.25,0,2,1,-2.3115007024260494,5.075219776277644,4.478101538513596,-2.3115007024260494,5.075219776277644,4.478101538513596,34.44028186798096
-2.660350928697133,4.418828150443467,4.070223514111748,-0.9632589263290116,6.4003136666018206,4.634755573354106,-0.3929215847301783,-0.0003925897861549021,0.011335416897071897,0.919502029606327,-0.16804013226081513,-0.3130794992935259,0.31983636901415896,0.018974398517457303,-0.0007288421045359428,0.027487625266076066,4407,614000000,5.1,0,2,1,-2.323668522336847,5.127740312467872,4.527080560673527,-2.323668522336847,5.127740312467872,4.527080560673527,34.741716623306274
-2.730047501302266,4.455032620941839,4.048943483704846,-0.9772297607219795,6.45033308839416,4.678823028271855,-0.3951585376133382,-0.0007907090350753989,0.012580542531004484,0.9185264475670449,-0.20321913961944066,-0.31009049116745585,0.32592148475172894,0.018046181503450498,-0.003704579989971535,0.03979554967372678,4407,785000000,5.15,0,2,1,-2.33757353629506,5.1787474985955955,4.57773639937797,-2.33757353629506,5.1787474985955955,4.57773639937797,35.037678241729736
-2.8003041507204247,4.490137878803078,4.031416838871369,-0.9894077863296367,6.511228245831675,4.729797178189568,-0.39841897375549457,-0.0009491838406666328,0.01402128916657024,0.9170958640468085,-0.23813763885791456,-0.3060377964613691,0.3302526637183365,0.01617108046048088,-0.007799526883900398,0.047753166654729284,4407,967000000,5.33,0,2,1,-2.3531057074221526,5.228351135720739,4.629882008674069,-2.3531057074221526,5.228351135720739,4.629882008674069,35.34529733657837
-2.8003041507204247,4.490137878803078,4.031416838871369,-0.9997993928698552,6.5920437489941355,4.793855678713096,-0.40307780601628435,-0.000711308695275221,0.015867217693528383,0.9150278726572787,-0.2750153603678872,-0.30073440811243624,0.33248772074415456,0.014573523094441043,-0.012286947367101675,0.052909836449543945,4408,119000000,5.64,0,2,1,-2.37345823871811,5.282715143038933,4.690683874868784,-2.37345823871811,5.282715143038933,4.690683874868784,35.698307037353516
-2.8711035421746365,4.524135262330098,4.017712749271311,-1.0059310310974527,6.6771625793336025,4.857609013298708,-0.4080049829270498,-6.712513256423164e-05,0.017674555782865767,0.9128085995863495,-0.30422641498321823,-0.29581407071054155,0.33150678748473417,0.012122920270485338,-0.015213104597933125,0.054464667846332304,4408,242000000,6.13,0,2,1,-2.402678146325705,5.347405488761226,4.768116327280462,-2.402678146325705,5.347405488761226,4.768116327280462,36.1012020111084
-2.8711035421746365,4.524135262330098,4.017712749271311,-1.009924281791569,6.7736676617388465,4.921764855035012,-0.4126398684245507,0.001003594922141889,0.01948687161655257,0.9106852330077617,-0.31659954437848375,-0.295156407234101,0.24990170719910343,0.004737296558232629,-0.015692549277446233,0.03844403654511552,4408,385000000,6.7,0,2,1,-2.437513554773623,5.407906018172573,4.845676695325704,-2.437513554773623,5.407906018172573,4.845676695325704,36.59281325340271
-2.942428206974456,4.557016383177226,4.0078852986855225,-1.0160309490555448,6.887195632650747,4.960222759605569,-0.4154635787879354,0.002531718477200958,0.01945879480595091,0.909398130857422,-0.3008810026557125,-0.30306575934797786,0.08888109522320885,-0.013140618011675542,-0.006145372071841848,0.0098232329946768,4408,533000000,7.27,0,2,1,-2.482316361792201,5.469764999953137,4.924467767981682,-2.482316361792201,5.469764999953137,4.924467767981682,37.18278527259827
-3.0142605468260975,4.588773128419906,4.001973271571728,-1.0388226256399085,7.050083491347622,4.945753496535314,-0.41391749814480183,0.004252696094964265,0.014724987923676689,0.910185362459823,-0.23669910700596214,-0.31748340476274983,-0.12024320914667082,-0.03472703028819524,0.008666397934575798,-0.0231996511502075,4408,779000000,7.66,0,2,1,-2.5432799003938054,5.5381043630077125,4.978958184721021,-2.5432799003938054,5.5381043630077125,4.978958184721021,37.963923931121826
-3.086582838174551,4.619397662556434,4.0,-1.0647692684321357,7.1457056401699655,4.896342738548958,-0.41049840133210513,0.005027695924992928,0.009432726308403099,0.9117986666210158,-0.19381706752872166,-0.3235487978602191,-0.23279628852752876,-0.042701994971139356,0.013549314098781906,-0.03260477496951353,4408,957000000,7.57,0,2,1,-2.642349475280946,5.640182197863397,4.983313000501171,-2.642349475280946,5.640182197863397,4.983313000501171,38.587498903274536
-3.1593772365766095,4.648882429441256,4.001973271571728,-1.0844145640380252,7.201143217308113,4.8529284990037995,-0.407948448501625,0.0054779420873936144,0.0057187108689542125,0.9129706193857507,-0.17070834201362053,-0.3253709543621397,-0.29323747756542534,-0.045668596430914477,0.014212345013220329,-0.036322418236522935,4409,107000000,7.19,0,2,1,-2.6972882673141094,5.712453948692179,4.940791741101189,-2.6972882673141094,5.712453948692179,4.940791741101189,38.9531729221344
-3.2326257811037142,4.677220154149337,4.0078852986855225,-1.106991240783657,7.253802559331013,4.800746117116308,-0.4048247478679362,0.0055439930612304,0.001955205901898894,0.9143753960078321,-0.13738957167384386,-0.3263502371077854,-0.34929649559168907,-0.0421180604462279,0.023004788999969605,-0.04949628055328503,4409,254000000,6.89,0,2,1,-2.727295354613524,5.759187611241466,4.899840030458958,-2.727295354613524,5.759187611241466,4.899840030458958,39.27933168411255
-3.3063103987735425,4.704403844771127,4.017712749271311,-1.1333943557737345,7.302702796724302,4.740714305425716,-0.4007105262251148,0.0048881054175414105,-0.001756699881597363,0.9161899882684509,-0.09972472329333307,-0.3265720003795132,-0.39682800256285766,-0.037311913911253214,0.028037180527462624,-0.06145159495645203,4409,388000000,6.52,0,2,1,-2.75517850280827,5.807226877538523,4.8497720831371,-2.75517850280827,5.807226877538523,4.8497720831371,39.597113370895386
-3.380412909009253,4.730426794137727,4.031416838871369,-1.159567519306039,7.342460703531977,4.682864982538016,-0.39650710517228704,0.004115282376595317,-0.004963235742445709,0.9180090120961879,-0.06753848208925123,-0.3259825276603121,-0.43147598102668355,-0.03741048967640381,0.027666647656587884,-0.06854554085293785,4409,522000000,6.04,0,2,1,-2.781455863906361,5.856313539138728,4.792078774975558,-2.781455863906361,5.856313539138728,4.792078774975558,39.89854121208191
-3.4549150281252627,4.755282581475767,4.048943483704846,-1.1883927342227683,7.379610017931879,4.6208868250813175,-0.3919293883903902,0.003433753185980724,-0.008096364776954936,0.9199532666023806,-0.03716986569798241,-0.3246428776273553,-0.4602670080551691,-0.03686103882500902,0.024595120521553326,-0.07311217996175401,4409,693000000,5.58,0,2,1,-2.8034052741089512,5.89992957786946,4.736357055741231,-2.8034052741089512,5.89992957786946,4.736357055741231,40.2254204750061
-3.5297983738384797,4.7789650739916505,4.070223514111748,-1.219647241501946,7.414376857898739,4.555567315296565,-0.38711702965168354,0.0029446047238417252,-0.011076716686260778,0.9219593488891633,-0.009016807690200402,-0.3226291635410955,-0.48330493159255167,-0.036211920087225735,0.020314554603828583,-0.07573717884952202,4409,896000000,5.1,0,2,1,-2.8245128925753615,5.943987944047228,4.676566447197572,-2.8245128925753615,5.943987944047228,4.676566447197572,40.5733368396759
-3.5297983738384797,4.7789650739916505,4.070223514111748,-1.2580294245959678,7.45148115489595,4.477799164076689,-0.3814584523607993,0.002678310946858454,-0.014275498515957592,0.9242718679669399,0.020140724658106006,-0.31947326086230843,-0.5030816444972583,-0.03512319817673415,0.014953581739973743,-0.07742744273855351,4410,95000000,4.62,0,2,1,-2.84496073213979,5.9883591963796965,4.613420291815057,-2.84496073213979,5.9883591963796965,4.613420291815057,40.908616065979004
-3.6050444698038526,4.801468428384715,4.09517294753398,-1.298900776755295,7.486111076981671,4.397631049378029,-0.3756849163660586,0.0027175381155330513,-0.01719122120319368,0.9265840061835521,0.04579561991546799,-0.315878022026686,-0.5170261432036977,-0.03293718946224544,0.009737725122249685,-0.07851567643228918,4410,300000000,4.08,0,2,1,-2.86771381227788,6.039272788945754,4.537983029324229,-2.86771381227788,6.039272788945754,4.537983029324229,41.22722601890564
-3.6806347501731365,4.822787092288991,4.1236933199561365,-1.3363899340159004,7.514662546442004,4.326166371993008,-0.37059568763650486,0.0029662494041574564,-0.019487684546844755,0.9285850891656084,0.06502170962833112,-0.31200021448592014,-0.5252445979863569,-0.030808163865003735,0.005703931310563348,-0.07816905781510286,4410,572000000,3.58,0,2,1,-2.889919911247703,6.090258302395888,4.459776537742899,-2.889919911247703,6.090258302395888,4.459776537742899,41.5247597694397
-3.6806347501731365,4.822787092288991,4.1236933199561365,-1.3808396669303455,7.545584133782426,4.243586142949438,-0.36478672501254833,0.0034165004176802127,-0.021759550047468643,0.9308305403032537,0.08393350312428745,-0.3076419404883849,-0.5304948082404374,-0.026958838316204492,0.002023546539930976,-0.0779722242441494,4410,970000000,3.17,0,2,1,-2.9090170912680335,6.134824727602017,4.389610525632603,-2.9090170912680335,6.134824727602017,4.389610525632603,41.825051069259644
-3.7565505641757264,4.842915805643155,4.155672074497985,-1.4267432638950526,7.574967459072593,4.160720569392099,-0.35896128138683686,0.003974490612118343,-0.023710836239403055,0.9330427632934744,0.10032991404247316,-0.3035084449963131,-0.5313847203232921,-0.024100549489958212,-0.0005268486745535483,-0.07813758347765543,4411,233000000,2.78,0,2,1,-2.930528168256896,6.185609291793592,4.307960712230405,-2.930528168256896,6.185609291793592,4.307960712230405,42.18674039840698
-3.832773180720473,4.861849601988383,4.1909830056250525,-1.473924342109823,7.603128120112102,4.083248499555149,-0.353118112630159,0.004485967620410824,-0.02518320051961098,0.9352289992502434,0.11349026540799993,-0.30513814550651147,-0.45097002130852826,-0.013227815725258552,-0.0014987390386522748,-0.07796273712301627,4411,397000000,2.5,0,2,1,-2.951864322015547,6.236173831599926,4.225308669158783,-2.951864322015547,6.236173831599926,4.225308669158783,42.54082536697388
-3.832773180720473,4.861849601988383,4.1909830056250525,-1.53389065208861,7.637947086605845,4.009255174451919,-0.34600857948651487,0.004521468918746984,-0.025389759517087024,0.9378768465807252,0.11519427291764832,-0.31252982311242544,-0.32796714573513575,0.0063089694776863325,-0.001540523771836888,-0.07295509640243836,4411,558000000,2.38,0,2,1,-2.9731897800005997,6.286533562660423,4.147324929942136,-2.9731897800005997,6.286533562660423,4.147324929942136,42.964332818984985
-3.909283793017287,4.879583809693736,4.22948675722421,-1.5800010341446507,7.668285284120332,3.966635208760712,-0.341330084251184,0.00441539205995586,-0.024261218141420657,0.9396199610440015,0.08739953992089208,-0.32130712888281204,-0.24220799813106447,0.01816542171582114,-0.006491685326182051,-0.05492096497619059,4411,712000000,2.5,0,2,1,-3.0001023768642714,6.349414016301159,4.071956479098577,-3.0001023768642714,6.349414016301159,4.071956479098577,43.28479027748108
-3.986063523217436,4.896114053108828,4.271031372578588,-1.6220276482775517,7.703078338111015,3.9368697532381094,-0.3381123312826447,0.004302777065368267,-0.022317495529307597,0.9408312637967768,0.0414388774701853,-0.33018990122440084,-0.16616239991887538,0.02693449041544227,-0.008884367980499519,-0.0313080246996833,4411,860000000,2.72,0,2,1,-3.0220023415819646,6.399558984067221,4.0283877394137155,-3.0220023415819646,6.399558984067221,4.0283877394137155,43.584603786468506
-4.063093427071376,4.911436253643443,4.315452894071311,-1.6542490789563853,7.738099090582715,3.9203211306827006,-0.3365476820780243,0.004137640294697955,-0.020237935362555404,0.9414398353548471,0.001582074205626669,-0.33711903158113155,-0.10376914951416087,0.030602905280829873,-0.007552252054665587,-0.018240634199173655,4411,985000000,2.92,0,2,1,-3.044999399406559,6.448932722231903,3.998163508021034,-3.044999399406559,6.448932722231903,3.998163508021034,43.897313594818115
-4.063093427071376,4.911436253643443,4.315452894071311,-1.6788511481509278,7.771091703501915,3.9127916478871403,-0.3357328272069085,0.003851250723187034,-0.018304764537030678,0.9417715074256425,-0.028347648414596426,-0.3421145761500046,-0.05284217102691231,0.03250784575357102,-0.005873288728253101,-0.011956396883761045,4412,138000000,3.04,0,2,1,-3.067777893454231,6.490092744991095,3.98155709124241,-3.067777893454231,6.490092744991095,3.98155709124241,44.2014422416687
-4.140354498602952,4.92554663077387,4.362576010251311,-1.7010293421623293,7.806419206075989,3.9097006502125287,-0.33518882920695525,0.003463411957186485,-0.01632464758533251,0.9420031631760587,-0.05411420377407865,-0.34429751784249596,-0.04399929185011954,0.031020341702969745,-0.004587381272358471,-0.008026454815990292,4412,275000000,3.11,0,2,1,-3.0906912612949733,6.52287441458548,3.9739526129125426,-3.0906912612949733,6.52287441458548,3.9739526129125426,44.52876019477844
-4.140354498602952,4.92554663077387,4.362576010251311,-1.7241944017999091,7.850056529093953,3.902480353820788,-0.3348018944220349,0.003096801312763728,-0.014523073604519758,0.9421715245358052,-0.07988947597672094,-0.3444863250493582,-0.07801342719800039,0.02200460930907866,-0.0030822822964182706,-0.003681795851662173,4412,435000000,3.14,0,2,1,-3.1174492600436605,6.5528551593813615,3.9705667409252596,-3.1174492600436605,6.5528551593813615,3.9705667409252596,44.83953094482422
-4.217827674798845,4.938441702975689,4.412214747707527,-1.7475629254531828,7.902640500232619,3.8886955354106822,-0.3347317533953741,0.002799578891702974,-0.013188934187391461,0.942216996048091,-0.10515050509773778,-0.3447127985059055,-0.11110412296052814,0.012876034816144966,-0.0012030510561089613,0.0012367310546324006,4412,591000000,3.15,0,2,1,-3.1539500683898005,6.5838873686272565,3.962715736957525,-3.1539500683898005,6.5838873686272565,3.962715736957525,45.176518201828
-4.295493840312086,4.950118288582788,4.464173205021003,-1.7728338454048094,7.971784787965487,3.8645516278914958,-0.3351761244872751,0.0024942277573063555,-0.012363036918793303,0.942071069357153,-0.13231872614672796,-0.34456102637278824,-0.14631093273383577,0.005218634441916947,0.001450766274047055,0.007809374710632255,4412,756000000,3.11,0,2,1,-3.2018659717171856,6.614788816241561,3.9481550891080994,-3.2018659717171856,6.614788816241561,3.9481550891080994,45.58616900444031
-4.295493840312086,4.950118288582788,4.464173205021003,-1.8066288279019955,8.08797056015615,3.8131204663586797,-0.336367558126483,0.0019151156894468366,-0.012523240977330728,0.9416455631538582,-0.14957758779837763,-0.34241572824498573,-0.1892422264939962,-0.0033222022466361523,0.006080970297261956,-0.0048781706937006675,4412,915000000,3.0,0,2,1,-3.268381127849406,6.648619595953273,3.923244575802799,-3.268381127849406,6.648619595953273,3.923244575802799,46.24128341674805
-4.373333832178478,4.960573506572389,4.518246325898284,-1.8235562581120834,8.145818160900218,3.789119744316059,-0.33547648454864537,0.0014481891698250905,-0.012701741418043509,0.9419618340612108,-0.14323298032810478,-0.3441288585496482,-0.11936658114316853,0.005504375167220132,0.005401426506068674,-0.016562719247303903,4413,70000000,2.84,0,2,1,-3.3779249540805796,6.70002325967477,3.871477607991482,-3.3779249540805796,6.70002325967477,3.871477607991482,46.65087532997131
-4.451328444544773,4.969804777275899,4.574220708434927,-1.8404295266817001,8.194518740737848,3.7791881430449386,-0.333419049734404,0.00090820321918679,-0.012166164160095057,0.9426997914981996,-0.10470362672183046,-0.34367547895542083,-0.0468449589046041,0.01374642260998371,0.003246695837333391,-0.046000494694453664,4413,264000000,2.94,0,2,1,-3.429235703031742,6.727932009187477,3.8478977691219667,-3.429235703031742,6.727932009187477,3.8478977691219667,46.99337863922119
-4.529458433407429,4.9778098230154,4.6318754473153225,-1.868576158088376,8.251032893804881,3.7805403651104283,-0.3283354085158418,0.00010111195798598316,-0.010594796930109264,0.9445017731953267,-0.046421593702968986,-0.3418596862123427,0.04012208332848629,0.023879356376710348,0.0014457621318797464,-0.06963298146729358,4413,419000000,3.16,0,2,1,-3.4712702323906286,6.754313264112573,3.8388892372440058,-3.4712702323906286,6.754313264112573,3.8388892372440058,47.33874320983887
-4.607704521360775,4.9845866686656395,4.6909830056250525,-1.8995099083623899,8.29575972276903,3.794257154565398,-0.3224379800062974,-0.0006729267913885436,-0.008464407241062158,0.9465525078034759,0.0020683134682578422,-0.33962700218322467,0.11336328066482419,0.03146729832224082,-0.0013651851077156607,-0.08443231417913921,4413,591000000,3.7,0,2,1,-3.5216195094237928,6.7905733303932845,3.8421063928951473,-3.5216195094237928,6.7905733303932845,3.8421063928951473,47.65152621269226
-4.686047402353433,4.990133642141358,4.751310112835145,-1.9354199496837499,8.33601861007025,3.8189795328786325,-0.3156047024571606,-0.0014064389270678841,-0.00570010669988817,0.9488725955048345,0.04555653925471236,-0.3363742760119276,0.18244341346472678,0.03825919957307633,-0.0041023767153092194,-0.09452127196709625,4413,717000000,4.36,0,2,1,-3.5634143395633284,6.824633954755653,3.8578974288855004,-3.5634143395633284,6.824633954755653,3.8578974288855004,47.961997509002686
-4.686047402353433,4.990133642141358,4.751310112835145,-1.9651782799897664,8.363678817102778,3.844278967991815,-0.31008091760156103,-0.0018095540193589267,-0.0034682396745194747,0.9507021202075785,0.07383663056346294,-0.3323502382863442,0.23021061572429655,0.03695318191603292,-0.00704699937159603,-0.09839208360062912,4413,854000000,5.15,0,2,1,-3.6027730040900776,6.860178018834858,3.884729387578234,-3.6027730040900776,6.860178018834858,3.884729387578234,48.279104709625244
-4.764467746451786,4.99444937480985,4.812618685414275,-2.002362286705216,8.393603366780358,3.87829184912139,-0.30343534760802615,-0.0020373099714171908,-0.0009676289964685958,0.9528493600166826,0.1020682637805312,-0.3262671779518994,0.23036516627047204,0.028745456802425906,-0.009468280859437073,-0.09982598712667823,4413,976000000,5.79,0,2,1,-3.630815259028201,6.887681721591595,3.911379708172319,-3.630815259028201,6.887681721591595,3.911379708172319,48.584707260131836
-4.842946204609358,4.997532801828658,4.874666766435696,-2.04148337553107,8.421451767584971,3.9070888400977504,-0.29680762286124646,-0.0017496804118882188,0.0007198380402006326,0.9549354195248536,0.1238153988635075,-0.31963416488366353,0.18550357201922177,0.015298353991965996,-0.012967990096512949,-0.09790096592041664,4414,104000000,6.58,0,2,1,-3.6620859880635237,6.920545148178087,3.9466763102814446,-3.6620859880635237,6.920545148178087,3.9466763102814446,48.900328397750854
-4.842946204609358,4.997532801828658,4.874666766435696,-2.0759870953749755,8.444011020390604,3.9267531210850093,-0.29127364060414285,-0.0010875332989661868,0.0015631688490798127,0.9566378834562644,0.137945516959946,-0.31395867154642854,0.14808216839167182,0.00580360610911157,-0.015943829748721328,-0.09513034019619226,4414,267000000,7.37,0,2,1,-3.69192922676863,6.954107085248247,3.976492425468932,-3.69192922676863,6.954107085248247,3.976492425468932,49.22044920921326
-4.921463413440897,4.999383162408303,4.9372094804706865,-2.1229415395119027,8.472580899216188,3.9462762655878683,-0.2841054697909599,0.0001958993800766104,0.002067944624790469,0.9587907838852643,0.15367619860187648,-0.3069120701312449,0.10196889271487272,-0.0020378469002935162,-0.017493541963631287,-0.09227400660165586,4414,475000000,8.04,0,2,1,-3.7164291695294747,6.983375893970938,3.996896365370066,-3.7164291695294747,6.983375893970938,3.996896365370066,49.517375469207764
-4.921463413440897,4.999383162408303,4.9372094804706865,-2.170793985020995,8.499613277347972,3.958928872645404,-0.27712540856943174,0.0015839319941231339,0.0021594590671871533,0.9608300244170145,0.1676252496356115,-0.2997788325557534,0.060808507112188916,-0.0053546231356449425,-0.0158972250574152,-0.08979344202089123,4414,781000000,8.9,0,2,1,-3.7477359207635,7.023044411062655,4.017267666665102,-3.7477359207635,7.023044411062655,4.017267666665102,49.82518982887268
-5.0,5.0,5.0,-2.2195034483572176,8.525232034412124,3.9656240453265386,-0.27027934275829646,0.002866526419964245,0.0019852621592144183,0.9627756325533928,0.18099927413966604,-0.2932933184164406,0.025876321611558662,-0.007352060401899507,-0.013655154998559738,-0.08839311121846549,4414,943000000,9.75,0,2,1,-3.7778086001963413,7.063265607073496,4.030691525645265,-3.7778086001963413,7.063265607073496,4.030691525645265,50.13852620124817
-5.078536586559102,4.999383162408303,5.062790519529313,-2.256631808554458,8.543599332969826,3.9673223501676906,-0.2652126993581197,0.0037241815959750423,0.0017523127267689022,0.9641811468654256,0.19051777649234286,-0.28837941025233826,0.003198260381488182,-0.0070859140578249935,-0.011601994629018009,-0.08663317930768244,4415,93000000,10.59,0,2,1,-3.8069423815210364,7.1038474168107735,4.038042894854639,-3.8069423815210364,7.1038474168107735,4.038042894854639,50.461910009384155
-5.078536586559102,4.999383162408303,5.062790519529313,-2.3068964803572825,8.566993610078137,3.9658446632129407,0.25863111793543964,-0.004679956177549089,-0.0013917696783472492,-0.9659638222122,0.20289173463515747,-0.2819247457053815,-0.021885833076902374,-0.006719219709339086,-0.00912531950234552,-0.08366845577256754,4415,262000000,11.22,0,2,1,-3.8284017836717665,7.134413736537504,4.040186275657018,-3.8284017836717665,7.134413736537504,4.040186275657018,50.823452949523926
-5.157053795390642,4.997532801828658,5.125333233564304,-2.41438587990355,8.615467203481249,3.9529110441471422,0.24628342405122544,-0.005972088911503892,-0.0009384169109880329,-0.969178997175103,0.2017344708264026,-0.27815004099430674,-0.05480012545288328,-0.002838110867742216,-0.0047072526740521425,-0.06497524009319022,4415,423000000,12.03,0,2,1,-3.856806501467603,7.175186471671136,4.039412423447082,-3.856806501467603,7.175186471671136,4.039412423447082,51.516895055770874
-5.235532253548213,4.99444937480985,5.187381314585724,-2.4815683588450748,8.64921663993394,3.939615498648963,0.2401640206014265,-0.006561237550817507,-0.0006446903660709117,-0.9707099349160343,0.18397524907364365,-0.28248914344619475,-0.07224313785948645,-0.003571648016986728,-0.008338785573869245,-0.02249215031042695,4415,582000000,13.57,0,2,1,-3.917450459865126,7.261169210895664,4.027783225337443,-3.917450459865126,7.261169210895664,4.027783225337443,51.955870628356934
-5.313952597646567,4.990133642141358,5.248689887164855,-2.536020078342459,8.686632610907528,3.923294905256634,0.2452619887964554,-0.008249502219939375,-0.0005014519098486066,-0.9694216064802315,0.12250113008628769,-0.3017227054206942,-0.09511126503710446,-0.007896345459812437,-0.019638624689832795,0.10098667698912323,4415,706000000,14.36,0,2,1,-3.9576180786674846,7.315991693206042,4.015854375881569,-3.9576180786674846,7.315991693206042,4.015854375881569,52.40285062789917
-5.392295478639224,4.9845866686656395,5.3090169943749475,-2.5830689041861605,8.729788905146252,3.902854744277138,-0.2642766670029595,0.010279329425608167,0.0006083327547995532,0.9643919372307226,0.0739663541810478,-0.30371639095551384,-0.11362142878795893,-0.007805100722180214,-0.01838356001826469,0.2586588787380606,4415,842000000,13.84,0,2,1,-3.9949325923422463,7.365116145240125,4.003242504370239,-3.9949325923422463,7.365116145240125,4.003242504370239,52.83416128158569
-5.470541566592572,4.9778098230154,5.368124552684678,-2.632002756628942,8.785644300367313,3.8737282900247174,-0.2972569143943157,0.01230009525210035,0.00024523319982489543,0.9547182696283952,0.016087773292823924,-0.3062316938453441,-0.1331566658522616,-0.013510179360309849,-0.010688043221307453,0.29128304158803076,4415,972000000,11.66,0,2,1,-4.033190969443046,7.413407202756242,3.9898245738677494,-4.033190969443046,7.413407202756242,3.9898245738677494,53.33211612701416
-5.548671555455226,4.969804777275899,5.425779291565073,-2.6609066715100425,8.825622329376097,3.8517933992914615,-0.3186640147072893,0.013241959262036172,-0.00030534489133706485,0.9477751859011885,-0.020356421311869335,-0.30721746783617004,-0.14486382019335836,-0.013441373539535562,-0.005819774969495484,0.27558839065022767,4416,105000000,7.8,0,2,1,-4.081648776676165,7.4691401681684795,3.9731931101435194,-4.081648776676165,7.4691401681684795,3.9731931101435194,53.654850482940674
-5.62666616782152,4.9605735065723895,5.481753674101715,-2.6903178941985693,8.87285201157105,3.826458743284713,-0.33516877306942067,0.01324906112219286,-0.0013161747220457173,0.9420640231017319,-0.051648037740894125,-0.30388948117867576,-0.1391336547637564,-0.010310207017028006,0.013062722791801207,0.12068553187418729,4416,273000000,5.36,0,2,1,-4.117649179674956,7.503336716760324,3.9623285677562774,-4.117649179674956,7.503336716760324,3.9623285677562774,54.02325630187988
-5.62666616782152,4.9605735065723895,5.481753674101715,-2.730960621987009,8.94949461798057,3.7936688418231905,-0.34166495638015454,0.011005734895104464,-0.0029707902201100457,0.9397526833090895,-0.07499953638751106,-0.3012958796764299,-0.0617778095042109,0.0015299088886422396,0.02156848131562583,0.006032793999111163,4416,438000000,3.73,0,2,1,-4.162183853879294,7.538617677898043,3.9507385514651667,-4.162183853879294,7.538617677898043,3.9507385514651667,54.64300751686096
-5.704506159687912,4.950118288582789,5.535826794978996,-2.757549074261552,9.005994989877443,3.7960701680565663,-0.3408436640853884,0.008745595464110106,-0.002597813279874923,0.9400757217261744,-0.0821585730749998,-0.3026565074810764,0.07145835802296295,0.019188030273653567,0.01774722641130211,-0.018944308249047026,4416,575000000,3.66,0,2,1,-4.237645033603393,7.588454848111112,3.9374700281128243,-4.237645033603393,7.588454848111112,3.9374700281128243,55.07138466835022
-5.782172325201154,4.938441702975689,5.587785252292473,-2.7796743692383408,9.050177040519905,3.816128868872509,-0.3382007267415741,0.00689811517409028,-0.0011540622318804584,0.9410480075845657,-0.05670266479324435,-0.30106158123724786,0.16801673581484305,0.029687137248401996,0.013539679275709204,-0.046584380834246986,4416,718000000,4.11,0,2,1,-4.292675460993335,7.622775832482898,3.952702842792154,-4.292675460993335,7.622775832482898,3.952702842792154,55.40693497657776
-5.859645501397048,4.925546630773869,5.63742398974869,-2.8092213103070662,9.095353334397315,3.856369074541921,-0.3330092958814474,0.004869286269607609,0.0015719903992627783,0.9429096604415248,0.0014261357429428832,-0.2964097898569765,0.2712158691850597,0.041115212661679834,0.009189340380544309,-0.0751655206840951,4416,876000000,4.55,0,2,1,-4.335473481777148,7.650656817814856,3.982624231332003,-4.335473481777148,7.650656817814856,3.982624231332003,55.74001741409302
-5.936906572928623,4.911436253643443,5.684547105928688,-2.8419483982469296,9.1294068483577,3.9066802243704704,-0.3266339701875446,0.0034770677289625847,0.004113405417431338,0.9451355666862834,0.05518510857265392,-0.2897444012437867,0.3518059076315635,0.03580777192837559,0.003938801501135458,-0.09151224294328131,4417,203000000,5.17,0,2,1,-4.3818080943748825,7.682597155755535,4.032930438580809,-4.3818080943748825,7.682597155755535,4.032930438580809,56.04647445678711
-6.013936476782562,4.896114053108828,5.728968627421411,-2.874859886121318,9.155109395554389,3.9603645782872845,-0.320337591369034,0.002661504977899602,0.006227633764086402,0.9472792410503033,0.09457021270987052,-0.2825444126695012,0.4122765637741038,0.031322661743615754,-0.0005794917285584233,-0.0972730245848652,4417,439000000,5.81,0,2,1,-4.421226887215231,7.711401060364526,4.090082574758673,-4.421226887215231,7.711401060364526,4.090082574758673,56.41295027732849
-6.013936476782562,4.896114053108828,5.728968627421411,-2.910810137900689,9.177737541004332,4.0216873378786415,-0.3138929519861231,0.0022180599007007606,0.00823969698314431,0.9494200347039976,0.12516826485487287,-0.27400624809281665,0.4630023310776347,0.028102037867938634,-0.004770236500917235,-0.0954483068198897,4417,637000000,6.42,0,2,1,-4.454299099070982,7.736851901560522,4.14804257128207,-4.454299099070982,7.736851901560522,4.14804257128207,56.75363326072693
-6.090716206982711,4.879583809693737,5.770513242775789,-2.948768628180533,9.197997349862888,4.089313186144286,-0.30773787869536645,0.002057290749521685,0.010205453972459855,0.9514142180354799,0.14766996172427033,-0.2644929954071734,0.5046013603281174,0.02737768772931304,-0.006536686214531073,-0.08924528810894117,4417,824000000,7.05,0,2,1,-4.4860335252445465,7.762496465184941,4.212192008332432,-4.4860335252445465,7.762496465184941,4.212192008332432,57.0946900844574
-6.167226819279528,4.861849601988383,5.8090169943749475,-2.993607245392004,9.218934002730766,4.172802831181903,-0.3012751953889556,0.0018940843658333713,0.01247161804962104,0.953453789038035,0.16592493354460444,-0.252939471104374,0.5423773339148908,0.027940452673647087,-0.004728281828647596,-0.08099856568151154,4418,51000000,7.66,0,2,1,-4.516518518777601,7.788276641277937,4.281548970186498,-4.516518518777601,7.788276641277937,4.281548970186498,57.425042152404785
-6.167226819279528,4.861849601988383,5.8090169943749475,-3.0392675465303878,9.238074711921403,4.261540125796279,-0.2954061328480538,0.0015039227887318433,0.014706932929811149,0.9552573794615782,0.17804997023917687,-0.2417603624895734,0.5727174822958607,0.027883957409358118,-0.0008582431235026888,-0.0736258654796984,4418,226000000,8.33,0,2,1,-4.549934282405052,7.817857129250771,4.36608463432263,-4.549934282405052,7.817857129250771,4.36608463432263,57.733052492141724
-6.2434494358242745,4.842915805643155,5.844327925502015,-3.0964944637166547,9.26063935910289,4.378473490399017,-0.2888619922193975,0.0005666068211772016,0.0173389972227627,0.9572135538024207,0.18195920885302488,-0.2308824583395964,0.6047762360081632,0.02714560614549555,0.004863977983404766,-0.0640084850601852,4418,410000000,8.97,0,2,1,-4.581962500962553,7.847545012981632,4.455221477771715,-4.581962500962553,7.847545012981632,4.455221477771715,58.09795427322388
-6.2434494358242745,4.842915805643155,5.844327925502015,-3.1467779343199314,9.281234564641665,4.488432480892294,-0.2839527065238343,-0.0007693495451498861,0.019664079661136646,0.9586363192212919,0.1728756403369585,-0.22402255214055417,0.6284850748099968,0.027723477069230285,0.009427652912563644,-0.05193172910367139,4418,693000000,9.73,0,2,1,-4.620281418175797,7.884767302837762,4.571884398898219,-4.620281418175797,7.884767302837762,4.571884398898219,58.55096077919006
-6.319365249826864,4.822787092288991,5.8763066800438635,-3.1948238095326182,9.303364928572769,4.602087509358567,-0.2801198170833624,-0.0023680981456512956,0.021751039968613342,0.959715672711788,0.15458486505948535,-0.2205043643955114,0.6490642300373657,0.02611270065244753,0.01221165366587229,-0.03817399847321212,4418,895000000,10.34,0,2,1,-4.653369732024462,7.918351846312657,4.68080580756029,-4.653369732024462,7.918351846312657,4.68080580756029,58.949156522750854
-6.394955530196146,4.801468428384715,5.904827052466019,-3.23953828954521,9.328227633965689,4.718777989037744,-0.2774872463435152,-0.00414753051042196,0.023751734362138635,0.960426718298772,0.12619515016529823,-0.21968425615630616,0.6656253420819627,0.026201036416750867,0.013717943511437625,-0.023519129354099277,4419,59000000,10.85,0,2,1,-4.685387482732796,7.951994703100675,4.7925341660791405,-4.685387482732796,7.951994703100675,4.7925341660791405,59.33215880393982
-6.4702016261615185,4.778965073991651,5.929776485888251,-3.2884283958915512,9.363526017925013,4.864438175482678,-0.2757326343718919,-0.006189409074143119,0.026092902695564687,0.9608602218775472,0.08677668471865949,-0.22062274471025778,0.6802825154452443,0.0257473649980966,0.01004560890578432,-0.0108062041363155,4419,229000000,11.24,0,2,1,-4.71645564383522,7.985679471122933,4.9061480626303835,-4.71645564383522,7.985679471122933,4.9061480626303835,59.73757982254028
-6.5450849718747355,4.755282581475768,5.951056516295154,-3.3237235007160306,9.396457842437222,4.985295806910713,-0.27504582851592924,-0.007387528056768303,0.02806449633486386,0.9609930284297941,0.05705062819899224,-0.22162419995873864,0.6885349777502285,0.02340782793908147,0.003958155912187067,-0.005242742872724193,4419,374000000,11.53,0,2,1,-4.753465730728096,8.026817653253026,5.046552586413444,-4.753465730728096,8.026817653253026,5.046552586413444,60.11906385421753
-6.6195870909907475,4.730426794137727,5.968583161128631,-3.351967782421648,9.428434856538,5.093542958127865,-0.27471161277317435,-0.007943400789953205,0.029856635374077505,0.9610301834571018,0.03479354700863123,-0.22224522568427668,0.6930064112834063,0.022489151524496265,-0.0021532655409828294,-0.0033232333862542873,4419,518000000,11.66,0,2,1,-4.78311116011384,8.060438301093203,5.161982880842722,-4.78311116011384,8.060438301093203,5.161982880842722,60.47069334983826
-6.6195870909907475,4.730426794137727,5.968583161128631,-3.374686227455149,9.45835614822111,5.1824491913349195,-0.2745249163581533,-0.007975559984239306,0.03126252878981504,0.9610385606390373,0.018401883810276645,-0.2307274701040271,0.6091524906494692,0.01585338104632683,-0.007556510126960347,-0.0024499489654772333,4419,664000000,11.74,0,2,1,-4.812325334547615,8.093999283232781,5.277295709139928,-4.812325334547615,8.093999283232781,5.277295709139928,60.80583143234253
-6.693689601226457,4.704403844771127,5.982287250728689,-3.395903725406973,9.489997343319425,5.2590499017094,-0.27439719057985773,-0.0075269269380136665,0.032297593449986575,0.9610444280209371,0.004368661359583831,-0.23981410639187745,0.5251469969551116,0.010200416727457196,-0.012486497234931448,-0.0019322474599903217,4419,800000000,11.72,0,2,1,-4.831652857427694,8.116495048857912,5.347886450577741,-4.831652857427694,8.116495048857912,5.347886450577741,61.1451199054718
-6.767374218896285,4.677220154149337,5.9921147013144775,-3.4212204762427243,9.532912645809226,5.340813088669702,-0.2743093087566526,-0.006382126891526401,0.033237355127663064,0.9610457584370815,-0.011966974568195673,-0.2508714468903645,0.42533049998749906,0.003088009066232189,-0.01699347067187773,-0.000928387197518532,4419,963000000,11.71,0,2,1,-4.854246620242981,8.142915729876727,5.418340331727579,-4.854246620242981,8.142915729876727,5.418340331727579,61.50170707702637
-6.767374218896285,4.677220154149337,5.9921147013144775,-3.4544921325074487,9.598497972031986,5.429031240965641,-0.2741370539739499,-0.003900260201542032,0.033246297400056884,0.9611078749641118,-0.027878180640542576,-0.26463530286374864,0.2979387483578352,-0.012581702867464628,-0.01872375469247345,-0.004756581211040611,4420,129000000,11.68,0,2,1,-4.883560461249473,8.176965274131915,5.491501835191657,-4.883560461249473,8.176965274131915,5.491501835191657,61.952316761016846
-6.840622763423388,4.648882429441257,5.998026728428272,-3.4812569992147724,9.655555160194991,5.479582865246461,-0.2733722639051438,-0.0014725664963978601,0.03201951901162473,0.9613741141083184,-0.028461442095015423,-0.27206468853353244,0.2043259255271146,-0.019615053315646946,-0.018228332373837475,-0.01280156084249029,4420,330000000,11.64,0,2,1,-4.927049169417713,8.225642700699778,5.566036980140887,-4.927049169417713,8.225642700699778,5.566036980140887,62.438202142715454
-6.913417161825448,4.619397662556434,6.0,-3.504898236286419,9.700272301950777,5.515200991806681,-0.27151943195990597,0.0007575335796696607,0.030947806760686817,0.9619349549048255,-0.003343556411387506,-0.26320687707368495,0.23700565458066908,-0.014540867232426535,-0.02021746986429207,-0.028114216547692195,4420,510000000,11.7,0,2,1,-4.965462563993091,8.265599453191717,5.604023280957971,-4.965462563993091,8.265599453191717,5.604023280957971,62.85304522514343
-6.985739453173903,4.588773128419906,5.998026728428272,-3.526187873233907,9.731819534358971,5.548712038299784,-0.2689552208659649,0.0024374018066184704,0.03015583953140534,0.9626773985004162,0.03648648961877883,-0.25194725473405555,0.26873979857101227,-0.016046114615164697,-0.017365458552376367,-0.04700501813204028,4420,678000000,11.91,0,2,1,-4.998414563916194,8.29669906643276,5.628850455788381,-4.998414563916194,8.29669906643276,5.628850455788381,63.22187805175781
-7.057571793025543,4.557016383177227,5.9921147013144775,-3.559739342169925,9.766172930658588,5.598225569962528,-0.26403648443535277,0.003945245848043472,0.02910857485463762,0.9640652782836595,0.09862613128082166,-0.2363453837357902,0.3033166776795775,-0.013952754125057254,-0.004812468796444591,-0.06536908695125021,4420,868000000,12.22,0,2,1,-5.025237494988229,8.319419019763066,5.6538640698005995,-5.025237494988229,8.319419019763066,5.6538640698005995,63.61136770248413
-7.057571793025543,4.557016383177227,5.9921147013144775,-3.6061363721764774,9.795580887439582,5.660256945535924,0.2573218550923239,-0.004352345562702337,-0.02803266197313139,-0.9659092554907256,0.16309533055739558,-0.21912593277056266,0.33329210146288685,-0.008184248417819617,0.00500596574966039,-0.07151649915613234,4421,81000000,12.85,0,2,1,-5.06157603589199,8.346668182915133,5.692768782305912,-5.06157603589199,8.346668182915133,5.692768782305912,64.00226473808289
-7.1288964578253635,4.524135262330097,5.982287250728689,-3.7001542988400424,9.831067699276604,5.778145552274232,0.24660076731826047,-0.00307619857379297,-0.026877438391043007,-0.9687394912286351,0.219964921544338,-0.19955198128277246,0.37094553650394896,-0.0009166710867702932,0.015433418957400136,-0.05523940017155837,4421,283000000,13.72,0,2,1,-5.104324798529221,8.374512006338875,5.743693424525453,-5.104324798529221,8.374512006338875,5.743693424525453,64.70719957351685
-7.199695849279576,4.490137878803078,5.968583161128631,-3.7714143696014535,9.851378920332175,5.8683338234744955,0.24146113712505712,-0.0013343943490237032,-0.02650726553406814,-0.9700474748814626,0.22359204705465457,-0.19665247619634318,0.39284693001528276,0.009774659793038154,0.00965765975706745,0.005507441767349519,4421,432000000,15.15,0,2,1,-5.181156363930236,8.417025962393947,5.844462444254951,-5.181156363930236,8.417025962393947,5.844462444254951,65.26945614814758
-7.269952498697734,4.455032620941839,5.951056516295154,-3.847461914678672,9.88257700430634,5.979626677726383,0.25549868985011776,-0.0014322136099522691,-0.02819406084037039,-0.9663971560297442,0.16159327549451905,-0.20813127029132436,0.41653783557147744,0.007306143470486859,-0.027259697162662633,0.20871112792519853,4421,577000000,15.91,0,2,1,-5.237470836214038,8.444081228957026,5.9231765173511395,-5.237470836214038,8.444081228957026,5.9231765173511395,65.80516242980957
-7.339649071302866,4.418828150443467,5.929776485888252,-3.9089966383918826,9.91843503440155,6.096267177681959,-0.29485897643127806,0.005960431638854484,0.03023386729513,0.9550437532076517,0.09686218474473338,-0.19694241267824783,0.4328916385052371,-0.004546073887468083,-0.050113357428926975,0.3317778493510559,4421,720000000,14.46,0,2,1,-5.304444386370517,8.473112981896902,6.019631150636952,-5.304444386370517,8.473112981896902,6.019631150636952,66.34891486167908
-7.408768370508577,4.381533400219317,5.904827052466019,-3.9560513841284988,9.959097218681078,6.216957714057347,-0.339611080170103,0.011485917310490928,0.03163119863479754,0.9399637520682159,0.03497639769993235,-0.19519508502766797,0.44708038338373346,-0.016678975407558028,-0.04383797277114354,0.3128102049231529,4421,891000000,9.89,0,2,1,-5.372392153652343,8.499813156777337,6.118650502391793,-5.372392153652343,8.499813156777337,6.118650502391793,66.98519730567932
-7.477293342162038,4.343157572190956,5.8763066800438635,-3.984987163371844,9.99284671481923,6.305433580626856,-0.3666301613436371,0.014644890939662049,0.03206567555685652,0.9296986847433883,0.003672121908388442,-0.2020267861605872,0.4571352390558885,-0.009840066832111916,-0.033489075940451585,0.2678197663044557,4422,148000000,4.98,0,2,1,-5.44099193172481,8.524440748177462,6.218187825249469,-5.44099193172481,8.524440748177462,6.218187825249469,67.43992400169373
-7.545207078751856,4.303710135019719,5.844327925502015,-4.004556214097338,10.016483126912247,6.367508617230677,-0.37825441122000303,0.015232065807047524,0.03271582884451815,0.9249979778933977,0.010359320141329101,-0.1920082709742471,0.4509823630983282,0.0037962630131005426,-0.0039023977478791494,0.11920033502974547,4422,360000000,3.52,0,2,1,-5.490407483912267,8.540707024744032,6.2883339143257455,-5.490407483912267,8.540707024744032,6.2883339143257455,67.72486734390259
-7.612492823579744,4.263200821770462,5.8090169943749475,-4.027919159081419,10.040204190645362,6.437189541344631,-0.3828533906708301,0.014764352690386598,0.033092666623478526,0.9230981370131941,0.03893435429540565,-0.18168340552313417,0.4370004050392072,0.005548162835111725,0.004175968297204236,0.015027730478323065,4422,546000000,3.9,0,2,1,-5.525209441227876,8.551433464447324,6.336544999699501,-5.525209441227876,8.551433464447324,6.336544999699501,68.03291654586792
-7.6791339748949845,4.221639627510075,5.770513242775788,-4.05133836990394,10.056359878498318,6.496105525939443,-0.3816504299108951,0.014414732318303673,0.03323488030955515,0.9235965610437438,0.07755554856901695,-0.17681244951106456,0.41908893668864866,0.003407834788049513,0.003778628638428927,-0.04458773801161442,4422,701000000,4.41,0,2,1,-5.565219551765171,8.56302535319441,6.390490595916571,-5.565219551765171,8.56302535319441,6.390490595916571,68.34075975418091
-7.745114089990659,4.179036806841351,5.728968627421411,-4.082588532847165,10.069578381843478,6.560507807091195,-0.376880452465901,0.014155224356447733,0.03315645916887542,0.9255600485046331,0.12349052425508308,-0.1749394458791405,0.39614272686261764,0.000650092147225223,0.006876175848447019,-0.07695002204854973,4422,857000000,4.69,0,2,1,-5.600450349432396,8.572563038651786,6.4365196103557185,-5.600450349432396,8.572563038651786,6.4365196103557185,68.69849801063538
-7.810416889260654,4.135402871372809,5.684547105928688,-4.114080295939918,10.076986975108406,6.613966109392373,-0.37159076557814874,0.013720800429969635,0.03274405411099594,0.927717559116449,0.1625261855654328,-0.17486500435026125,0.37375230271343474,-0.0024943377411545953,0.013147830577509012,-0.08260466056526639,4423,74000000,4.91,0,2,1,-5.641050242323062,8.582722528671288,6.487526576195396,-5.641050242323062,8.582722528671288,6.487526576195396,69.05324125289917
-7.810416889260654,4.135402871372809,5.684547105928688,-4.16564590362075,10.081488410783411,6.685068256434399,-0.3640312157544287,0.012454131277409835,0.031630001427245064,0.9307661959805962,0.21323367097649393,-0.17478202675863513,0.33950445432388554,-0.0051030799568252405,0.02227329787274357,-0.0780116613896098,4423,396000000,5.07,0,2,1,-5.676860324462459,8.590963638143464,6.530590563325682,-5.676860324462459,8.590963638143464,6.530590563325682,69.51624369621277
-7.8750262602163925,4.090748587125117,5.63742398974869,-4.229902766652316,10.0795847037653,6.75555020593149,-0.3564800362665754,0.010204392078335015,0.02978223814952374,0.9337723879064412,0.254795310684515,-0.1736696448283062,0.3019066966897103,-0.007479912619601237,0.02939715650427388,-0.06999710749369115,4423,656000000,5.26,0,2,1,-5.728528919190961,8.601651985015437,6.589250265718944,-5.728528919190961,8.601651985015437,6.589250265718944,69.91039633750916
-7.938926261462365,4.045084971874737,5.587785252292473,-4.299754839652797,10.07267888431823,6.818339685161693,-0.34957358541940703,0.007557890899414334,0.027671432575407016,0.9364696890350468,0.2808553158244561,-0.17180787954002405,0.26883930297900194,-0.009594327093509492,0.03136917912343051,-0.06389908303390257,4423,939000000,5.39,0,2,1,-5.7860862844949565,8.611906250168216,6.6495492307629815,-5.7860862844949565,8.611906250168216,6.6495492307629815,70.37904286384583
-8.00210112662942,3.9984232924354535,5.535826794978997,-4.35224425444191,10.066131265657903,6.859655246182145,-0.3449813683443628,0.0055620643478026255,0.025962779048588777,0.9382339010286913,0.28581177341196046,-0.17020359795472423,0.24812959401249324,-0.010826648758666124,0.031857752401265316,-0.058520619131741114,4424,205000000,5.5,0,2,1,-5.844561530971019,8.62045272548968,6.7049438334504,-5.844561530971019,8.62045272548968,6.7049438334504,70.77952337265015
-8.064535268264883,3.9507750618784514,5.481753674101714,-4.404866869445079,10.05942209964395,6.897656051711156,-0.3408151430390223,0.0036275454894700958,0.02420205690129575,0.9398117575508187,0.28177656116243305,-0.16862519531877368,0.22912958210290527,-0.012200655328342691,0.03116666994174011,-0.0511373313202057,4424,486000000,5.59,0,2,1,-5.887605168504606,8.62561209563908,6.742104557928718,-5.887605168504606,8.62561209563908,6.742104557928718,71.14810347557068
-8.126213281678526,3.9021520366916485,5.425779291565072,-4.4564591453236675,10.053446821927732,6.932495650312144,-0.3372639314715238,0.001784881684376025,0.022422438383538065,0.9411413756618505,0.2713067182434641,-0.16696539642184588,0.21050077529057645,-0.012912283455079887,0.029229893334559165,-0.04241241949785035,4424,688000000,5.7,0,2,1,-5.931137761690864,8.629804477143125,6.77636471117547,-5.931137761690864,8.629804477143125,6.77636471117547,71.50698590278625
-8.126213281678526,3.9021520366916485,5.425779291565072,-4.512654067741056,10.048004392633796,6.967877151331733,-0.3339905187151417,-6.339354331641109e-05,0.02052768678640342,0.9423528762967981,0.25770742071511765,-0.16540932143703016,0.18891432409742911,-0.012511961904237978,0.02506572927813977,-0.0348243451298913,4424,836000000,5.81,0,2,1,-5.975175699792514,8.632984008325149,6.807551064939862,-5.975175699792514,8.632984008325149,6.807551064939862,71.87420177459717
-8.18711994874345,3.852566213878946,5.368124552684678,-4.5785865626999955,10.043185681388417,7.00546437768418,-0.33074332415018837,-0.0018180275496424234,0.018397528051878075,0.9435396543163898,0.24156244733780383,-0.163568762737177,0.16142153121640665,-0.012910924942843849,0.019142902965540998,-0.028027861480950378,4424,995000000,5.92,0,2,1,-6.025307465336737,8.635311059880646,6.838836263252445,-6.025307465336737,8.635311059880646,6.838836263252445,72.2999050617218
-8.247240241650918,3.802029828000155,5.3090169943749475,-4.624634254704466,10.040899813472986,7.02903380381395,-0.3287991992425775,-0.0027264497269604455,0.01697737250728316,0.9442433065010706,0.22983864347410807,-0.1622753569147219,0.1427581412537195,-0.01277609098906396,0.01507166034571128,-0.02376821266807383,4425,125000000,6.07,0,2,1,-6.087364041221399,8.636376657420362,6.871575538616514,-6.087364041221399,8.636376657420362,6.871575538616514,72.6880452632904
-8.30655932661826,3.7505553481522984,5.248689887164855,-4.663748281547861,10.039677411306686,7.044220218481901,-0.32732367284147995,-0.0032444944816282266,0.015752579337290074,0.9447753927242943,0.2214727051682861,-0.1638843155774334,0.06674803206531058,-0.01637779059819877,0.01094978470064234,-0.020836706789850723,4425,290000000,6.18,0,2,1,-6.133072182136271,8.635879740307834,6.891457320388084,-6.133072182136271,8.635879740307834,6.891457320388084,73.03478455543518
-8.30655932661826,3.7505553481522984,5.248689887164855,-4.707390361740657,10.039043533315573,7.044017289919873,-0.32587476133290444,-0.0032352127211631478,0.014028264016342818,0.9453033275798615,0.21325839861063933,-0.16602849005101464,-0.05202391303898464,-0.023624912682862487,0.003879662494910008,-0.01742290460242657,4425,426000000,6.29,0,2,1,-6.17345226630861,8.63463296324362,6.903212210933829,-6.17345226630861,8.63463296324362,6.903212210933829,73.38973045349121
-8.365062567548867,3.698155474893048,5.187381314585724,-4.760478161759188,10.039010359498224,7.01834008103495,-0.3243998000331084,-0.0022710866867526663,0.011528718929357442,0.9458470809510321,0.2056807597594268,-0.16621927841045453,-0.18827340511419494,-0.029437235207296908,-0.004748615219796193,-0.014324331823445391,4425,639000000,6.43,0,2,1,-6.220080731043337,8.632461839632954,6.898968016606179,-6.220080731043337,8.632461839632954,6.898968016606179,73.80002474784851
-8.422735529643443,3.644843137107057,5.125333233564304,-4.807163271103312,10.039271148241692,6.973360934462624,-0.3233638936362484,-0.0007536432781081173,0.009007957593413163,0.9462315155469139,0.20088374935982029,-0.16398311731713214,-0.2980721102551733,-0.0333046329615172,-0.008833655101625482,-0.010915103212028043,4425,857000000,6.63,0,2,1,-6.279101958381548,8.628430085128837,6.868141802440911,-6.279101958381548,8.628430085128837,6.868141802440911,74.16430163383484
-8.479563982961572,3.5906314888159443,5.0627905195293135,-4.853369404802541,10.039297210606371,6.910469115093406,-0.3226779086587746,0.0008128449276567527,0.006508827836057136,0.9464861022259774,0.20186037639121368,-0.1603517257795269,-0.39080824097862504,-0.031962700086296536,-0.006921826297912048,-0.006070554400139372,4426,76000000,6.81,0,2,1,-6.332949106367024,8.623372654972524,6.819094879633442,-6.332949106367024,8.623372654972524,6.819094879633442,74.530916929245
-8.479563982961572,3.5906314888159443,5.0627905195293135,-4.894504930421008,10.038688062385654,6.842083282367768,-0.3224944999480936,0.0019231782248419589,0.004112268061689216,0.9465604513923731,0.20476040876719193,-0.15555007257879633,-0.4576306006145089,-0.03265190534875728,-0.0010701382507249946,0.0005141400350794356,4426,239000000,6.94,0,2,1,-6.387679399608463,8.61668940525976,6.753663280856494,-6.387679399608463,8.61668940525976,6.753663280856494,74.89605832099915
-8.535533905932738,3.5355339059327378,5.0,-4.935852449963898,10.03719643990972,6.764087297710093,-0.32275955661942946,0.002708327498983243,0.0014231058531015898,0.946476047421549,0.21006431291122962,-0.14891848469712005,-0.5133118976463852,-0.035642351940623485,0.004037450707983226,0.006372887992256437,4426,388000000,6.96,0,2,1,-6.4370397577373515,8.60923700852465,6.684613797350088,-6.4370397577373515,8.60923700852465,6.684613797350088,75.2487895488739
-8.590631488815944,3.4795639829615723,4.937209480470687,-4.9722989311286705,10.034852697480252,6.6893209530518805,-0.3233177004949651,0.00319815858554453,-0.0012485675086535298,0.9462842476800962,0.21618226330103568,-0.1411266194342152,-0.5532612161631971,-0.03990000186604448,0.007292483542187256,0.010356151415180648,4426,546000000,6.89,0,2,1,-6.486960861255122,8.600105176414035,6.607555282374162,-6.486960861255122,8.600105176414035,6.607555282374162,75.59198045730591
-8.644843137107056,3.422735529643444,4.874666766435697,-5.0194187591923445,10.030123924718398,6.5859336094322565,-0.32433083008515773,0.0036953622304571948,-0.004918330894541737,0.9459237109701129,0.22399353723028828,-0.12910567040449866,-0.595880313042987,-0.03959359564760234,0.008283233819383895,0.013134312848706031,4426,740000000,6.76,0,2,1,-6.530823492999838,8.590654017714668,6.534899604262728,-6.530823492999838,8.590654017714668,6.534899604262728,75.94137501716614
-8.644843137107056,3.422735529643444,4.874666766435697,-5.072025257946173,10.022281277887501,6.463156630346228,-0.32563388210488964,0.004269435989654683,-0.009014857548864049,0.9454433240998652,0.23519248862082093,-0.11364294745393669,-0.63413782161829,-0.039616584763280116,0.007159777032939019,0.014450907383434242,4426,947000000,6.54,0,2,1,-6.587026751107518,8.576546995506384,6.435532141312853,-6.587026751107518,8.576546995506384,6.435532141312853,76.31958556175232
-8.69815547489305,3.3650625675488666,4.812618685414275,-5.125231835949109,10.011159974275861,6.333583853907998,-0.32703966343598173,0.0049593308054376554,-0.012769556758304004,0.944911319647425,0.24905202938292187,-0.09752613331123144,-0.6653031138251181,-0.03493716903903987,0.004170480769971618,0.01547894898976665,4427,102000000,6.27,0,2,1,-6.648723999635444,8.55852905199668,6.318756879358378,-6.648723999635444,8.55852905199668,6.318756879358378,76.72299194335938
-8.750555348152298,3.306559326618259,4.751310112835145,-5.162925388928048,10.001289386761636,6.239658925765717,-0.32808561132592,0.005615779811828679,-0.015186600450518863,0.9445092174376903,0.2590781125860837,-0.08588430879577583,-0.6815555427443266,-0.03287334184278734,0.0012913753835164243,0.01639970505493693,4427,247000000,5.99,0,2,1,-6.709448660522845,8.538225464367592,6.1965268754286384,-6.709448660522845,8.538225464367592,6.1965268754286384,77.06596422195435
-8.750555348152298,3.306559326618259,4.751310112835145,-5.206495164210036,9.98785048785637,6.129829429927322,-0.32938825869564176,0.006506840231583634,-0.017553674698026392,0.944008953648348,0.2708382968701798,-0.07322642271343557,-0.6961426599954488,-0.029825932142557576,-0.001980949002700072,0.01865880585683044,4427,413000000,5.81,0,2,1,-6.751282489043086,8.522842751372137,6.108429681199934,-6.751282489043086,8.522842751372137,6.108429681199934,77.45303726196289
-8.802029828000155,3.247240241650919,4.6909830056250525,-5.256156436938813,9.969855655696778,6.0040453886889535,-0.3310912329789929,0.007768769815725511,-0.01986950060580537,0.9433575380552573,0.28266012183433026,-0.059291246281552114,-0.7072159957102778,-0.025951336465368513,-0.006318455234577414,0.021782785552204587,4427,598000000,5.59,0,2,1,-6.798370405212508,8.50423190222867,6.005851870974426,-6.798370405212508,8.50423190222867,6.005851870974426,77.83967518806458
-8.852566213878946,3.187119948743449,4.6318754473153225,-5.317701620629668,9.943900166015903,5.848399531720883,-0.3335736765179422,0.009526399223942135,-0.022024070322787942,0.9424185855438898,0.29688848610812063,-0.04446020653540534,-0.7140819675055614,-0.021839152577740606,-0.009408630921825534,0.02655716580193257,4427,792000000,5.34,0,2,1,-6.850480686871805,8.482053725408718,5.888688539980825,-6.850480686871805,8.482053725408718,5.888688539980825,78.24020195007324
-8.902152036691648,3.126213281678527,4.574220708434928,-5.3744745246437144,9.916778800677466,5.706077371611686,-0.3362148445058751,0.011205780593163992,-0.023391821319585306,0.9414280809018503,0.30750642978068576,-0.0334362501252833,-0.7169974523465517,-0.015933948998281267,-0.011391226962587098,0.03010395957971923,4427,965000000,5.01,0,2,1,-6.912970913538619,8.453443351471131,5.743957518538305,-6.912970913538619,8.453443351471131,5.743957518538305,78.70305800437927
-8.902152036691648,3.126213281678527,4.574220708434928,-5.426072797421825,9.889926890481503,5.579593923045634,-0.3388923786790469,0.012719795222019522,-0.024162700138388456,0.9404287992212856,0.31518583005467726,-0.028867365350903406,-0.671960976763055,-0.011947271468670806,-0.011813637684099376,0.03345423720020335,4428,131000000,4.68,0,2,1,-6.96874288638361,8.426255974494756,5.611721906677546,-6.96874288638361,8.426255974494756,5.611721906677546,79.11823034286499
-8.950775061878453,3.0645352682648817,4.518246325898285,-5.478215918909387,9.861361709515664,5.470586619477963,-0.34183702014492645,0.013891344390147248,-0.024742565030385535,0.9393307658568352,0.3223392792856961,-0.031223630905914936,-0.5583198602340784,-0.009433552440896165,-0.005674078784068115,0.036319852370070294,4428,294000000,4.35,0,2,1,-7.018240718899114,8.400914378758932,5.494403643502312,-7.018240718899114,8.400914378758932,5.494403643502312,79.56417441368103
-8.998423292435453,3.00210112662942,4.4641732050210035,-5.536230624599157,9.82836520571987,5.372305352728115,-0.34530691898352306,0.014436426865812563,-0.0253661582952159,0.938035862477974,0.32386694695744883,-0.03496087092055228,-0.44404391126112264,-0.005718403372156899,0.00197720945607216,0.03765251240110956,4428,434000000,3.98,0,2,1,-7.067435982008081,8.375050686486212,5.394654249997916,-7.067435982008081,8.375050686486212,5.394654249997916,79.95503449440002
-9.045084971874736,2.9389262614623664,4.4122147477075275,-5.599487433617278,9.791318911582907,5.288933664555409,-0.3493149164300469,0.01391811362528475,-0.02576420440553113,0.9365476928827132,0.32426306598526183,-0.03990819310811745,-0.3332725722299653,0.004884082272837986,0.010820163788594073,0.03949104429921135,4428,605000000,3.49,0,2,1,-7.121887871865895,8.345763589336022,5.306675125759425,-7.121887871865895,8.345763589336022,5.306675125759425,80.35279703140259
-9.090748587125116,2.8750262602163934,4.362576010251311,-5.650444461842056,9.760987348723825,5.237444439304768,-0.3527687817724056,0.012648490152579552,-0.02547891238439893,0.9352780481372269,0.3201129175894417,-0.04490691178885437,-0.2550807510375202,0.007970895148901036,0.015674139285692945,0.04101785889361054,4428,810000000,2.86,0,2,1,-7.181685884023392,8.312811077119273,5.234420469505913,-7.181685884023392,8.312811077119273,5.234420469505913,80.73859548568726
-9.135402871372808,2.810416889260654,4.315452894071312,-5.695008306718213,9.73426428369867,5.202200124583422,-0.3559738559748013,0.010958604749750545,-0.024688853303759244,0.9341054455289914,0.31657582198805784,-0.048010814858175946,-0.2144679450995643,0.01741953892633319,0.01882169090094976,0.04291598124837037,4428,995000000,2.29,0,2,1,-7.230832419618623,8.285122990510086,5.191730412245788,-7.230832419618623,8.285122990510086,5.191730412245788,81.1325912475586
-9.17903680684135,2.7451140899906603,4.271031372578589,-5.744129012065145,9.704364736809673,5.158976959918944,-0.3597227579919152,0.008856161552453373,-0.023242274150401,0.9327276679061066,0.3109552739939037,-0.04529209520756228,-0.26823296435932215,0.024260122518171556,0.014652243771706708,0.04483102020458318,4429,145000000,1.78,0,2,1,-7.280258712531481,8.256802745694362,5.160755497313293,-7.280258712531481,8.256802745694362,5.160755497313293,81.52494788169861
-9.17903680684135,2.7451140899906603,4.271031372578589,-5.797471628477825,9.671539299078747,5.0998612089662325,-0.36402347696602194,0.0070848986858171505,-0.020960660486961553,0.9311269318090472,0.3053829237689447,-0.044937653736920116,-0.3234121001551548,0.02793532476061955,0.004424945791470236,0.04630587027349975,4429,312000000,1.13,0,2,1,-7.324246935084267,8.231009817324873,5.129152105569493,-7.324246935084267,8.231009817324873,5.129152105569493,81.90653562545776
-9.221639627510074,2.679133974894985,4.229486757224212,-5.8446083820667365,9.642355897697753,5.037479775411701,-0.36792718154022286,0.006326441477463824,-0.018600017535024327,0.9296470322492277,0.3005824124634901,-0.04556019223322879,-0.3693318165320769,0.025152754460577853,-0.004553111011773581,0.046556202505598776,4429,485000000,0.52,0,2,1,-7.379108235596129,8.198229197734786,5.078638239176136,-7.379108235596129,8.198229197734786,5.078638239176136,82.2757089138031
-9.263200821770461,2.6124928235797467,4.190983005625053,-5.8909313037164575,9.613385386186682,4.967556155220578,-0.37176879509169186,0.006263900913809146,-0.01683793464094303,0.9281515019103512,0.2959020960933939,-0.045148028888408326,-0.4075585456165326,0.01572676374053117,-0.006528559561047587,0.04544293260551058,4429,693000000,0.35,0,2,1,-7.428344328621189,8.168356833192265,5.023382030318594,-7.428344328621189,8.168356833192265,5.023382030318594,82.63675951957703
-9.303710135019719,2.5452070787518553,4.155672074497985,-5.936421833254763,9.584390293208871,4.891482453563973,-0.37546409493007726,0.0064911395975455494,-0.015733078121878595,0.9266806617049229,0.29231274286455367,-0.04376133061968743,-0.43221765418169233,0.008508785776939476,-0.0058733054174808785,0.04341945968917571,4429,905000000,0.75,0,2,1,-7.477371393758315,8.138057691960435,4.960312238799759,-7.477371393758315,8.138057691960435,4.960312238799759,83.0323212146759
-9.303710135019719,2.5452070787518553,4.155672074497985,-5.9764376222107884,9.558326450918003,4.829532854505149,-0.3785771407960296,0.006645408176011982,-0.01521598129484212,0.9254208020841721,0.2931349159563761,-0.04600000212559628,-0.3522136277045053,0.004585249325828045,-0.0007776260986247507,0.040889708179747686,4430,91000000,1.21,0,2,1,-7.526194831798614,8.107053141494655,4.89111532149111,-7.526194831798614,8.107053141494655,4.89111532149111,83.4389910697937
-9.343157572190957,2.477293342162037,4.123693319956136,-6.021303137790391,9.528316522244808,4.774367439628841,-0.38185887114816763,0.006312531619082035,-0.015072715543015106,0.9240761698670539,0.29533452977594404,-0.04718883036735566,-0.2704641521925466,0.0026740901830635266,0.007219967528726556,0.038100426536402665,4430,267000000,1.62,0,2,1,-7.569503853720303,8.078803863796303,4.835439950006047,-7.569503853720303,8.078803863796303,4.835439950006047,83.81653022766113
-9.381533400219318,2.408768370508576,4.09517294753398,-6.07113401395778,9.493825262329258,4.729425820722984,-0.38528766733693254,0.005219980605048193,-0.015345687494705237,0.9226541470539558,0.3009482314620676,-0.04773931213612354,-0.18745105149109334,0.0026224523708151537,0.01536386989755556,0.03610521525843069,4430,472000000,2.07,0,2,1,-7.6180450424466715,8.046340447979157,4.787626098571573,-7.6180450424466715,8.046340447979157,4.787626098571573,84.1921112537384
-9.418828150443467,2.339649071302867,4.070223514111749,-6.12619478733716,9.454384656738576,4.697511806453685,-0.38899837594824943,0.0031077808697828535,-0.015056556005108798,0.9211101483150399,0.30601185919135093,-0.04941045792921768,-0.10917459011205137,0.016159586630237754,0.017943314924195874,0.03655294385680463,4430,683000000,2.58,0,2,1,-7.671721954619954,8.009344319382242,4.751070364339589,-7.671721954619954,8.009344319382242,4.751070364339589,84.62697649002075
-9.418828150443467,2.339649071302867,4.070223514111749,-6.171375323844444,9.421263442319146,4.682974410647196,-0.3920860996702526,0.0011391260457212678,-0.014189020974594966,0.919818386705225,0.3083269707773852,-0.05097005486034974,-0.054807632152048744,0.0170354174770182,0.016627044897177257,0.03728643823706079,4430,868000000,3.18,0,2,1,-7.730485269908174,7.967768725986237,4.728156022690298,-7.730485269908174,7.967768725986237,4.728156022690298,85.0305507183075
-9.45503262094184,2.269952498697734,4.048943483704846,-6.211564355443624,9.391349538141812,4.677440872335154,-0.3948538844202966,-0.0005405229098893781,-0.012899497046844621,0.9186532102861913,0.30947140381943117,-0.05246538603759816,-0.014139836830087304,0.02358343335799873,0.011305314365017693,0.03761718689929694,4431,42000000,3.69,0,2,1,-7.778234893814708,7.933374255824988,4.720571732702595,-7.778234893814708,7.933374255824988,4.720571732702595,85.4319212436676
-9.490137878803077,2.1996958492795766,4.031416838871369,-6.261676033245084,9.353687859501004,4.678632465541968,-0.39824747858686116,-0.0022313880444134347,-0.010709163338912267,0.9172127782184368,0.3076168193087,-0.05441835934148722,0.02764464225833698,0.027379505445424,0.003837207850665436,0.03621809846663382,4431,197000000,4.13,0,2,1,-7.82026590623369,7.902807800961058,4.720660780361199,-7.82026590623369,7.902807800961058,4.720660780361199,85.8317699432373
-9.524135262330097,2.1288964578253644,4.017712749271311,-6.311329837472891,9.316208947981504,4.686955237530987,-0.4014502150710031,-0.003342217051466515,-0.008128828534731049,0.9158386738674444,0.3039750326420099,-0.05557245854508761,0.05936566310111183,0.026694814005168155,-0.0016422246744696167,0.03424780661589466,4431,412000000,4.64,0,2,1,-7.872111680236365,7.864804017334833,4.727821044467567,-7.872111680236365,7.864804017334833,4.727821044467567,86.22433757781982
-9.557016383177224,2.0575717930255455,4.0078852986855225,-6.355446485539997,9.28269389018194,4.699183900741315,-0.4041493472558341,-0.00398613661625609,-0.005846452017262604,0.9146656410002341,0.30027410903077184,-0.05553066169433416,0.08124977100627699,0.02465301859047031,-0.004264815788701526,0.03200467326678336,4431,596000000,5.07,0,2,1,-7.922970855384211,7.827326967059266,4.740814920449358,-7.922970855384211,7.827326967059266,4.740814920449358,86.60981154441833
-9.557016383177224,2.0575717930255455,4.0078852986855225,-6.398906958171864,9.249388949028358,4.714820017305064,-0.4066681405209004,-0.004401300753425173,-0.003692812268678439,0.9135578882449099,0.29637623846054206,-0.054853538918021194,0.0973670238485701,0.0224304931180086,-0.005941387189523084,0.02981851539516356,4431,774000000,5.41,0,2,1,-7.967817167167706,7.794023459123096,4.756110542027012,-7.967817167167706,7.794023459123096,4.756110542027012,86.99987435340881
-9.588773128419906,1.9857394531739052,4.001973271571728,-6.441659402826878,9.216279256740975,4.733006304049363,-0.40899932193219746,-0.004656805384400333,-0.0016898164594251926,0.9125212399407192,0.2927236834578679,-0.053662537540036526,0.1096473783929085,0.02026518213824602,-0.006650397335761227,0.027444352963357233,4431,935000000,5.72,0,2,1,-8.011773895956196,7.761091427451975,4.773908464360214,-8.011773895956196,7.761091427451975,4.773908464360214,87.3958146572113
-9.619397662556432,1.9134171618254514,4.0,-6.4882875001758755,9.1797555866043,4.755520290967363,-0.41138236254103866,-0.004841143057265268,0.00033721870534279916,0.9114499445430875,0.2881089515526827,-0.0522691414743755,0.12031934284337467,0.01796520155039616,-0.006410603100448498,0.025402848223166075,4432,107000000,6.0,0,2,1,-8.054882062644573,7.72848802064409,4.793613170634726,-8.054882062644573,7.72848802064409,4.793613170634726,87.82480263710022
-9.648882429441256,1.8406227634233907,4.001973271571728,-6.534002629773418,9.143503081351392,4.779903180952654,-0.41363230748009994,-0.004978105141634012,0.002134937041045781,0.9104279074818157,0.2843309254370129,-0.05062404472586861,0.1280977126131426,0.015914032701402903,-0.005910989102630992,0.024373236192332115,4432,285000000,6.28,0,2,1,-8.101894753772829,7.692441791621023,4.817101480049987,-8.101894753772829,7.692441791621023,4.817101480049987,88.20097088813782
-9.677220154149337,1.7673742188962849,4.0078852986855225,-6.57453448776837,9.110873687920797,4.803000435999206,-0.41560291739323296,-0.005086673058180016,0.0035714297652818063,0.9095249230784521,0.28308332382269213,-0.04895197200946921,0.13299258458764335,0.01397019914293196,-0.0052701962431456195,0.0239640465224511,4432,488000000,6.54,0,2,1,-8.148059213891978,7.656524025634767,4.841710999796412,-8.148059213891978,7.656524025634767,4.841710999796412,88.56919002532959
-9.677220154149337,1.7673742188962849,4.0078852986855225,-6.6058199571643295,9.085297613926718,4.821508363189909,-0.41710674084034616,-0.005160482382872459,0.004573777030965223,0.9088313466924385,0.28412955780854837,-0.0477268443664229,0.13556340506352882,0.012885644446214428,-0.0050319123147346545,0.023406445689033717,4432,704000000,6.77,0,2,1,-8.188925893712632,7.624223530473765,4.864461127688671,-8.188925893712632,7.624223530473765,4.864461127688671,88.94476079940796
-9.704403844771127,1.6936896012264566,4.017712749271311,-6.645936727604262,9.051922686741458,4.84573954933093,-0.4190082282839389,-0.005233839846508657,0.005731301906837103,0.9079492627505505,0.2860300018566339,-0.045975117257530417,0.13750576978104564,0.011295702825009357,-0.004588634510582779,0.02328235495951958,4432,893000000,6.94,0,2,1,-8.220296062963842,7.599045223924925,4.882389118568211,-8.220296062963842,7.599045223924925,4.882389118568211,89.3301751613617
-9.730426794137728,1.6195870909907473,4.031416838871369,-6.69032687312785,9.014207941031298,4.872921223313691,-0.4211124545807036,-0.0053093494611701686,0.006859460728219685,0.9069669559602662,0.28740341553013027,-0.04418397175520633,0.13806383161954866,0.009851856975728879,-0.003902691423718352,0.023168405459728092,4433,45000000,7.16,0,2,1,-8.260155724041315,7.566484943735086,4.9055380586369015,-8.260155724041315,7.566484943735086,4.9055380586369015,89.73106861114502
-9.755282581475768,1.5450849718747375,4.048943483704846,-6.73886865649885,8.972002727121197,4.902862732539309,-0.4234379344181548,-0.005414389570626559,0.007952580048731344,0.9058740290745905,0.2891719558781468,-0.041952891412434655,0.13766824562216023,0.008521078507328639,-0.003240247269786778,0.023576802777824923,4433,254000000,7.41,0,2,1,-8.303842695036359,7.530030105976014,4.931189631676272,-8.303842695036359,7.530030105976014,4.931189631676272,90.1602144241333
-9.755282581475768,1.5450849718747375,4.048943483704846,-6.787052606145871,8.928977445654583,4.932690774371902,-0.42582243159986743,-0.005493001910826531,0.008829822233451343,0.9047469911061928,0.29069760006507606,-0.039427990652613244,0.13673532109878594,0.006734235103067476,-0.0026947705691782176,0.024325121194124222,4433,439000000,7.67,0,2,1,-8.346910731426865,7.493229939185214,4.956601400459073,-8.346910731426865,7.493229939185214,4.956601400459073,90.59652352333069
-9.77896507399165,1.4702016261615207,4.070223514111748,-6.826094682646123,8.893181998193981,4.956931302609042,-0.42783273859579735,-0.005549225682416243,0.009404395430221856,0.9037919623599988,0.2913953904557035,-0.03708457969525044,0.13565699023854755,0.005505461513166665,-0.0022102076627561473,0.024988916629808955,4433,634000000,7.97,0,2,1,-8.397828519856617,7.448432939711026,4.9866529641736115,-8.397828519856617,7.448432939711026,4.9866529641736115,91.0216736793518
-9.801468428384716,1.3949555301961478,4.09517294753398,-6.864518599726339,8.85714578058864,4.98092813239907,-0.42992190901570815,-0.005632848751981192,0.00988569675516428,0.9027943819956409,0.2883525615412085,-0.03483327825317306,0.1338123533740212,0.00480218295706436,-0.0014447077774093486,0.02623382279125508,4433,804000000,8.22,0,2,1,-8.435477150065015,7.414326385879395,5.008798631474028,-8.435477150065015,7.414326385879395,5.008798631474028,91.48168802261353
-9.82278709228899,1.3193652498268662,4.123693319956136,-6.902099349089865,8.821104243536773,5.004577941476722,-0.432111635474712,-0.005698744734970146,0.010219045885936508,0.9017442153388046,0.2853564873759296,-0.03239671299449107,0.13162538828783385,0.0032063404887594515,-0.0011436342219894868,0.027504624449647963,4433,994000000,8.47,0,2,1,-8.472667337082832,7.379783694503853,5.030568110285633,-8.472667337082832,7.379783694503853,5.030568110285633,91.8386971950531
-9.842915805643155,1.2434494358242763,4.155672074497984,-6.942891211583106,8.780956778046225,5.030427257544877,-0.4346466056433783,-0.005759255689136657,0.010529769217018372,0.9005211175407454,0.28281483540615027,-0.02959851519937845,0.12931162638633764,0.0027864417461387347,-0.0011507668432386708,0.02863113368221093,4434,189000000,8.74,0,2,1,-8.509402174857085,7.344805554479827,5.051921766808151,-8.509402174857085,7.344805554479827,5.051921766808151,92.21371054649353
-9.861849601988382,1.1672268192795276,4.1909830056250525,-6.978806035794147,8.744582704875674,5.053339985302583,-0.437001597641531,-0.005787512694183077,0.010759468123480373,0.8993777527831471,0.2814989638080997,-0.026867150099796067,0.1274819020906786,0.002166634044442617,-0.0012057484809702146,0.0294014964310918,4434,397000000,9.05,0,2,1,-8.54971656275263,7.305285797729254,5.0752781622447785,-8.54971656275263,7.305285797729254,5.0752781622447785,92.61224579811096
-9.861849601988382,1.1672268192795276,4.1909830056250525,-7.014012041647248,8.707847110620332,5.076001076727181,-0.4394389568375853,-0.0057920870600950535,0.010944337285170842,0.8981871054643187,0.2808301463840423,-0.02389880356007422,0.1262529900610202,0.0016419327380390314,-0.0012285634966247017,0.03069023950956762,4434,568000000,9.34,0,2,1,-8.585542559282695,7.269137674326572,5.095988055160641,-8.585542559282695,7.269137674326572,5.095988055160641,93.00168132781982
-9.879583809693736,1.0907162069827139,4.22948675722421,-7.044741096921817,8.674808362581723,5.096017340521407,-0.4416833591133227,-0.00576356421749214,0.011035813696958122,0.8970846127461602,0.2807235286249457,-0.021251645524694326,0.12562412343934026,0.0005665529783982493,-0.001185735561648471,0.031688598392065614,4434,721000000,9.65,0,2,1,-8.620927122018665,7.232439507677798,5.116457900328974,-8.620927122018665,7.232439507677798,5.116457900328974,93.38118624687195
-9.896114053108828,1.0139364767825616,4.271031372578589,-7.078696713211134,8.637213887471148,5.118390146120179,-0.44427894142879154,-0.005722844135689176,0.011084640755907135,0.8958016532677442,0.28010258321258275,-0.01867838585032876,0.12429067672172882,0.00014688959879549657,-0.0009289505896958872,0.03252724200137891,4434,893000000,9.93,0,2,1,-8.651984022905255,7.199413508316059,5.134454018299484,-8.651984022905255,7.199413508316059,5.134454018299484,93.78567123413086
-9.911436253643444,0.9369065729286229,4.315452894071312,-7.119326940712177,8.59071514038695,5.145489328970148,-0.44755282236137167,-0.005669283466973724,0.011097098409528508,0.894170668736249,0.279839829509464,-0.015556769397944726,0.12336050419788831,-0.000220990574462121,-0.0009075201603536698,0.033907326724147424,4435,83000000,10.26,0,2,1,-8.686471636189015,7.161720222488656,5.1546165593312026,-8.686471636189015,7.161720222488656,5.1546165593312026,94.17553186416626
-9.92554663077387,0.8596455013970479,4.36257601025131,-7.151882451181066,8.552128160150273,5.167608202492908,-0.4503322354054697,-0.005616600920367541,0.01109460198591973,0.8927744627595413,0.27997895346990026,-0.012830441634530888,0.12325882450331851,-0.00033939743957489554,-0.0009371491614729166,0.03499943595670629,4435,302000000,10.68,0,2,1,-8.727964728190983,7.114941262544003,5.1792020280300655,-8.727964728190983,7.114941262544003,5.1792020280300655,94.54128742218018
-9.92554663077387,0.8596455013970479,4.36257601025131,-7.180299797131709,8.517379750974888,5.187344483468187,-0.45288510619038647,-0.005559322504941053,0.011061445219066133,0.8914829325084546,0.28033317036788846,-0.010331238847148237,0.12403749294885544,-0.0007659377615709673,-0.0008387699836021056,0.03630347637226805,4435,523000000,11.04,0,2,1,-8.76137746267001,7.076127723101855,5.199330388134402,-8.76137746267001,7.076127723101855,5.199330388134402,94.94217824935913
-9.938441702975688,0.7821723252011549,4.412214747707527,-7.208225978359584,8.482182830231112,5.207253388632737,-0.4555134668725271,-0.005490884004819592,0.010993473535219582,0.8901440755463392,0.2808243461577126,-0.007785611075743937,0.12525546248806074,-0.0013159541708773759,-0.0008295953875858686,0.03733736120921094,4435,693000000,11.38,0,2,1,-8.79066292549993,7.041209915156025,5.217345432112593,-8.79066292549993,7.041209915156025,5.217345432112593,95.31561183929443
-9.950118288582788,0.7045061596879143,4.464173205021003,-7.239064142845812,8.442093959557194,5.229864834553797,-0.45854240310179695,-0.005416702699650899,0.010889651157204593,0.8885892973624919,0.28078436889674957,-0.005567342059000219,0.1260407098309978,-0.0014084081385590252,-0.000507179942133007,0.038201510687940754,4435,899000000,11.73,0,2,1,-8.819562309080151,7.0058877739435035,5.235577571392448,-8.819562309080151,7.0058877739435035,5.235577571392448,95.72072505950928
-9.960573506572388,0.6266661678215226,4.518246325898284,-7.269371483518316,8.401508048416796,5.252691626644481,-0.46162698101059085,-0.005349751180944481,0.010788308449613756,0.886992402992351,0.281852158793365,-0.003529414960567517,0.12756607151297422,-0.001301048177992925,-0.0006421540376777557,0.0388734471926,4436,77000000,12.13,0,2,1,-8.851616703838722,6.965735798619532,5.256364100502842,-8.851616703838722,6.965735798619532,5.256364100502842,96.09725046157837
-9.960573506572388,0.6266661678215226,4.518246325898284,-7.302662060001815,8.355552325853292,5.278487655739116,-0.46511616572479103,-0.005263603122967482,0.010694628462785016,0.885169402874769,0.28541788761228515,-0.001617716632829108,0.13013113401343068,-0.0011920538213416876,-0.0008215131117594865,0.03971316618844867,4436,268000000,12.55,0,2,1,-8.883178191125392,6.925185809807165,5.277492112380821,-8.883178191125392,6.925185809807165,5.277492112380821,96.46998929977417
-9.969804777275897,0.5486715554552282,4.574220708434926,-7.33243078598352,8.313257358180797,5.30222954078482,-0.46830562839778717,-0.00517401326407231,0.010595725873754538,0.8834878599001261,0.2890620821428679,-8.523294549661815e-05,0.1331575707590657,-0.0014244099702409585,-0.0007698434387748421,0.040300451291841455,4436,457000000,13.03,0,2,1,-8.91763864810967,6.879681172743536,5.301447275357575,-8.91763864810967,6.879681172743536,5.301447275357575,96.88287043571472
-9.9778098230154,0.47054156659257174,4.631875447315322,-7.365255990951833,8.265329936680477,5.329167486067899,-0.4718703897125167,-0.0050900650166494,0.010458106578038383,0.881591206034569,0.29173384163830185,0.0013173015465570725,0.13555000344799062,-0.0016370583011848794,-0.0003794925817146577,0.0404270387662109,4436,624000000,13.47,0,2,1,-8.948096487487314,6.838352818617003,5.323470719956846,-8.948096487487314,6.838352818617003,5.323470719956846,97.33096647262573
-9.984586668665639,0.3922954786392253,4.690983005625052,-7.391255626654667,8.22640023290574,5.351116695088094,-0.47473188964811386,-0.005029151551673135,0.010326093710462798,0.8800555166434014,0.29349418058376625,0.002515637935025786,0.13805491725172891,-0.0017804391632125771,-0.0002940698351494575,0.04071906514582224,4436,786000000,13.97,0,2,1,-8.981312544794532,6.791963765823667,5.3486918823610266,-8.981312544794532,6.791963765823667,5.3486918823610266,97.73225951194763
-9.990133642141359,0.3139525976465679,4.751310112835144,-7.423357728667418,8.177063138673873,5.379194732504844,-0.47832381209496033,-0.004974944585268364,0.010199041007376057,0.8781102210268642,0.29522943294484094,0.0040948812187273816,0.14195352766332361,-0.0012501338801484962,-0.00033997335151525476,0.040951419941848144,4436,971000000,14.37,0,2,1,-9.007416914266454,6.754558758532108,5.369444369467832,-9.007416914266454,6.754558758532108,5.369444369467832,98.10974550247192
-9.990133642141359,0.3139525976465679,4.751310112835144,-7.461199039275688,8.116951573493974,5.414089663758785,-0.48263006480503073,-0.004920130919367808,0.010054896722249481,0.8757527687138265,0.2964821737586957,0.0063514384336838215,0.14798035580868618,-0.0009766854759618582,-0.00016144853844934914,0.04086653207195923,4437,181000000,14.88,0,2,1,-9.039467578174696,6.707459083722087,5.3961481974638374,-9.039467578174696,6.707459083722087,5.3961481974638374,98.56458616256714
-9.99444937480985,0.23553225354821478,4.812618685414274,-7.4888375323903595,8.071408372321825,5.441310974655331,-0.4858457715519853,-0.004915308327147341,0.009963680812487597,0.8739739418734245,0.2957308814857268,0.00871441411225221,0.15317261126606596,-0.0009421045717772358,0.0001502765996974631,0.040847863419912755,4437,364000000,15.49,0,2,1,-9.077042704919394,6.650379046225193,5.429587370371478,-9.077042704919394,6.650379046225193,5.429587370371478,98.98028922080994
-9.997532801828658,0.15705379539064118,4.874666766435696,-7.515609544779291,8.025765262470436,5.469374120361776,-0.4890517448683793,-0.004963546018375714,0.009886022677132518,0.8721846252988779,0.2924288198424637,0.010945947318941874,0.15730468029955416,-0.0004584895918924303,0.0006489487532235216,0.04078303863934707,4437,530000000,15.96,0,2,1,-9.104562532551912,6.607173438866376,5.455709500681097,-9.104562532551912,6.607173438866376,5.455709500681097,99.39027786254883
-9.999383162408304,0.07853658655910355,4.9372094804706865,-7.544199945979347,7.9752144623480605,5.501435684350729,-0.492565530705555,-0.004994688838528752,0.009728507645150078,0.8702066462531526,0.2886255327373507,0.013372899935268797,0.16209623868727563,-0.0011353635613886581,0.0005310829692461994,0.039992462552618235,4437,683000000,16.42,0,2,1,-9.131528372857133,6.563696844913449,5.4826954267677515,-9.131528372857133,6.563696844913449,5.4826954267677515,99.83445143699646
-10.0,6.123233995736766e-16,4.999999999999999,-7.5716149547493385,7.924790821707322,5.534552214862366,-0.4960212805775138,-0.0050222575633556196,0.009614329793974655,0.8682426105679352,0.28538076948106544,0.015923307509317378,0.16762229033406717,-0.0008785133502442477,0.0003151206612983515,0.039640648901695386,4437,859000000,16.94,0,2,1,-9.160856257313233,6.515172736310213,5.51362685401477,-9.160856257313233,6.515172736310213,5.51362685401477,100.24049067497253
-9.999383162408304,-0.07853658655910231,5.062790519529313,-7.597911258490065,7.87439366806922,5.5688418252768885,-0.49944770688004964,-0.005016417151778911,0.009512694282314662,0.8662772837254307,0.2829612610527437,0.018497896409059647,0.17373381230067547,-0.0010541207302594557,-0.00011113250195649016,0.039420637767761946,4438,59000000,17.45,0,2,1,-9.189510992013847,6.466469636988915,5.5455298607194585,-9.189510992013847,6.466469636988915,5.5455298607194585,100.6266736984253
-9.997532801828658,-0.15705379539063996,5.125333233564303,-7.620900519016096,7.828787569588256,5.600763292683217,-0.5024909922605424,-0.004959130030788982,0.009413003617807992,0.8645169779068796,0.28386137770195774,0.019874198889658645,0.17930295562969534,-0.0012995414977012842,-0.0005000028863832995,0.038853516889503226,4438,248000000,17.96,0,2,1,-9.217469004000892,6.417535676587285,5.578530714641713,-9.217469004000892,6.417535676587285,5.578530714641713,101.04708981513977
-9.997532801828658,-0.15705379539063996,5.125333233564303,-7.643503469803197,7.782704844809129,5.633721442389587,-0.5054957255959007,-0.004875377756793686,0.009331444329297934,0.86276487309274,0.285684121514422,0.02103465443056233,0.18516002459209863,-0.001245800649485318,-0.0008178664984370698,0.03851812725770287,4438,425000000,18.42,0,2,1,-9.242027017348565,6.373296567081992,5.609195315590834,-9.242027017348565,6.373296567081992,5.609195315590834,101.4627616405487
-9.99444937480985,-0.23553225354821355,5.187381314585725,-7.665775296842008,7.736091762945309,5.667773186579278,-0.5084911689051813,-0.004784512483182727,0.009259377837266304,0.8610041251398318,0.2874814435149713,0.02217174736245146,0.1913114760739581,-0.0012061808206453861,-0.0007903051425728336,0.03868145831802394,4438,615000000,18.87,0,2,1,-9.26601702412975,6.32885885374564,5.640772017041757,-9.26601702412975,6.32885885374564,5.640772017041757,101.8626720905304
-9.990133642141359,-0.31395259764656674,5.248689887164855,-7.692504973256994,7.6785627905227525,5.710700153949069,-0.5121206449889506,-0.0047161270836505904,0.009174522633182726,0.8588515769653597,0.2883223478907266,0.023155080174862157,0.19697387658197446,-0.0008575516517339565,-0.0003482520980924164,0.03804644366027787,4438,786000000,19.33,0,2,1,-9.289436410053131,6.284189924677659,5.673336603707848,-9.289436410053131,6.284189924677659,5.673336603707848,102.28512787818909
-9.984586668665639,-0.3922954786392241,5.309016994374947,-7.718596925448778,7.6205889543802385,5.754874665745533,-0.5156658542893389,-0.004677962831912265,0.009100299086896843,0.8567286781358019,0.2887340665651068,0.024553394234677294,0.20262950917295836,-0.0007027179606211575,-0.0002639784042912652,0.037215488191577606,4438,993000000,19.88,0,2,1,-9.317285640780717,6.229350051426511,5.714373968610957,-9.317285640780717,6.229350051426511,5.714373968610957,102.73339104652405
-9.9778098230154,-0.4705415665925705,5.3681245526846775,-7.74167275606028,7.56752843433047,5.796150129142948,-0.5188111252025863,-0.004655855547757588,0.00903885063343386,0.8548284263841318,0.28885133862239376,0.026142853240920083,0.20800574623342757,-0.0007623954786595277,-0.00016944133136576056,0.0363998013199307,4439,231000000,20.43,0,2,1,-9.344285560465062,6.17431323824154,5.756597796469461,-9.344285560465062,6.17431323824154,5.756597796469461,103.17537355422974
-9.9778098230154,-0.4705415665925705,5.3681245526846775,-7.759649437578445,7.5248515933563045,5.829941912492979,-0.521253737069377,-0.004631267226791861,0.008971414559683496,0.8533420220965806,0.2888131723217108,0.027574303656649046,0.21222079248310854,-0.0009466645394695661,-0.0001383738919003008,0.03532866139721591,4439,401000000,20.92,0,2,1,-9.368085105027777,6.1241136913661425,5.795984516967402,-9.368085105027777,6.1241136913661425,5.795984516967402,103.58858370780945
-9.969804777275899,-0.5486715554552248,5.425779291565071,-7.781489356776122,7.47123541340175,5.873128882914367,-0.524206267431135,-0.0045951897316064624,0.00888103418937949,0.8515326186641208,0.28871364401105265,0.02943582689678448,0.2174370555685833,-0.0010235565582661366,-0.00017930685913825073,0.034096512899850495,4439,573000000,21.3,0,2,1,-9.38661237135958,6.083842949746904,5.828170231593381,-9.38661237135958,6.083842949746904,5.828170231593381,103.98589062690735
-9.96057350657239,-0.6266661678215214,5.481753674101715,-7.810944613846473,7.395914189839223,5.934957372367947,-0.5281681642624548,-0.00456002428418761,0.008735323525914149,0.8490826170409177,0.2873503050663067,0.03106462265557034,0.22212610284221998,-0.000619438850435472,1.865822918389881e-05,0.032748800731496885,4439,796000000,21.78,0,2,1,-9.409141348827816,6.03340590960418,5.869146141049017,-9.409141348827816,6.03340590960418,5.869146141049017,104.48042726516724
-9.950118288582788,-0.7045061596879131,5.5358267949789965,-7.831172666857268,7.342023366857059,5.9799435194873745,-0.5309306600379542,-0.004554742782720177,0.008664791821238818,0.8473587256484352,0.28637605217017337,0.03258699466683258,0.22550755306366138,-0.0007604088409607357,1.047845610835374e-05,0.032469974394189194,4439,988000000,22.41,0,2,1,-9.439518011284532,5.962449695680266,5.928003704690215,-9.439518011284532,5.962449695680266,5.928003704690215,104.95152425765991
-9.93844170297569,-0.7821723252011537,5.5877852522924725,-7.85068800279893,7.2880067268622515,6.025621814294162,-0.5336789385443046,-0.004525379817074621,0.008579291867642596,0.8456315434293975,0.2857102019137866,0.03434793455710512,0.22895342561232898,-0.0009490379454746289,-0.00013013724498023294,0.03248046959924977,4440,181000000,22.86,0,2,1,-9.460391415945056,5.911535842841706,5.97094642231316,-9.460391415945056,5.911535842841706,5.97094642231316,105.44284510612488
-9.92554663077387,-0.8596455013970467,5.637423989748689,-7.869486237870684,7.2338316547887604,6.07192482140798,-0.5363837536003876,-0.004423178403047618,0.008386585146116603,0.8439209498264398,0.2851338343581342,0.036030557057292835,0.23174588229433457,-0.002069289939754526,-0.00011795754701893202,0.03167816685163416,4440,364000000,23.3,0,2,1,-9.480540950958838,5.860381017620307,6.014637261163837,-9.480540950958838,5.860381017620307,6.014637261163837,105.88121151924133
-9.911436253643444,-0.9369065729286239,5.684547105928689,-7.891086814025953,7.168586304800331,6.128221248580448,-0.5395442003290507,-0.004348141305390272,0.008240702890493699,0.8419057194094501,0.2846150757204674,0.038342348395567286,0.23496921297336842,-0.0013341479871087358,-0.00021745364193748173,0.03089263627771288,4440,540000000,23.74,0,2,1,-9.500022481262526,5.8090886725684125,6.0588210693200555,-9.500022481262526,5.8090886725684125,6.0588210693200555,106.32313513755798
-9.896114053108828,-1.0139364767825625,5.728968627421412,-7.90829842886843,7.113982750417096,6.175688954148123,-0.5421222849097226,-0.004278991683826325,0.008129261457795332,0.8402493877073532,0.2843596582218103,0.04028423325927434,0.23726051845437648,-0.0013399332146946108,-0.00024914605205594853,0.03051317216886673,4440,727000000,24.25,0,2,1,-9.522536103393499,5.747260300055801,6.112463277014411,-9.522536103393499,5.747260300055801,6.112463277014411,106.75301051139832
-9.879583809693738,-1.0907162069827125,5.770513242775789,-7.924776478018078,7.059138675017015,6.223590815448292,-0.5446717597943344,-0.0042002278417789364,0.00802157132748721,0.8386004331993026,0.2842528239917184,0.04247906789475718,0.23923889964899567,-0.0014326551763588213,-0.0003737347469723318,0.03029399122169707,4440,960000000,24.67,0,2,1,-9.540571819507626,5.695534581959941,6.157551754132398,-9.540571819507626,5.695534581959941,6.157551754132398,107.21316814422607
-9.861849601988382,-1.1672268192795263,5.8090169943749475,-7.938972263954112,7.0095506899826185,6.266987965250543,-0.5469489617444282,-0.004098499652501489,0.007874208655554714,0.8371188878440979,0.2842754106382073,0.04439242818203062,0.24040513308387074,-0.0020377404553073575,-0.00026598712565828464,0.0301410738757113,4441,156000000,25.1,0,2,1,-9.557930444255767,5.643560355071114,6.20295576999402,-9.557930444255767,5.643560355071114,6.20295576999402,107.68098640441895
-9.861849601988382,-1.1672268192795263,5.8090169943749475,-7.958424586594265,6.937501143230367,6.330017043407947,-0.5502323713370383,-0.003979249950783041,0.007692414195724415,0.8349666639252671,0.28460663108512835,0.047260212430452773,0.24166580511134686,-0.0017700122043606825,-0.0002544096901146986,0.03035992140212329,4441,352000000,25.48,0,2,1,-9.572975515086895,5.59659618955241,6.243971819759702,-9.572975515086895,5.59659618955241,6.243971819759702,108.15720009803772
-9.842915805643155,-1.243449435824273,5.844327925502014,-7.972547104258078,6.881715407983705,6.378655457097173,-0.5527813998237592,-0.003886471875214187,0.0075468105458206,0.8332830641479723,0.28481041899873144,0.049398767559071396,0.2419811935656578,-0.0018696769075177144,-0.0001843649030774941,0.030618386881542392,4441,535000000,26.03,0,2,1,-9.593768517754059,5.528372304435792,6.30327127830181,-9.593768517754059,5.528372304435792,6.30327127830181,108.58868288993835
-9.82278709228899,-1.3193652498268629,5.876306680043863,-7.987257987033804,6.820135536227267,6.432061565659503,-0.5555475647826271,-0.0037813819006751073,0.007355005790283765,0.8314436290602258,0.28421075635734744,0.05117841956714595,0.24085331105853283,-0.002698108869481075,-3.41207069709526e-05,0.029946750510134734,4441,726000000,26.46,0,2,1,-9.609006767126715,5.475547286859545,6.348831180616512,-9.609006767126715,5.475547286859545,6.348831180616512,109.04030776023865
-9.801468428384716,-1.3949555301961445,5.904827052466019,-8.001122717454951,6.75839523796793,6.485110078829115,-0.5582662831531928,-0.0036067224864351167,0.007052742318819677,0.8296240157282149,0.28383629885054795,0.05297646295834516,0.23876190521159274,-0.0026626134967955295,-7.286157313046715e-05,0.02960493784485152,4441,995000000,26.93,0,2,1,-9.625008119753586,5.417119156109344,6.398733226583586,-9.625008119753586,5.417119156109344,6.398733226583586,109.56180477142334
-9.77896507399165,-1.4702016261615194,5.929776485888251,-8.015282964729513,6.6908100415635605,6.542378292926391,-0.5611968549383419,-0.003450174742587516,0.0068151390990176045,0.8276471108996999,0.2836752163307158,0.05514146290188763,0.23584171134017287,-0.002883871707126673,-0.000290615969333885,0.029251054002088495,4442,220000000,27.39,0,2,1,-9.640216160659193,5.3584004291691265,6.448200086912577,-9.640216160659193,5.3584004291691265,6.448200086912577,110.03053665161133
-9.755282581475768,-1.5450849718747364,5.951056516295154,-8.027357710522331,6.628567859460301,6.594208017343914,-0.5638282718990624,-0.0032615398466041747,0.006564629293562123,0.8258595206252599,0.28404919887729935,0.057283385723376365,0.23265417571962033,-0.0031552369364362676,-0.0004154918940457719,0.02859530086425366,4442,405000000,27.89,0,2,1,-9.655865386260036,5.29390529336198,6.501542648216343,-9.655865386260036,5.29390529336198,6.501542648216343,110.44202995300293
-9.730426794137728,-1.6195870909907482,5.968583161128631,-8.037715575300352,6.571562292551641,6.640622976233178,-0.5661473679693736,-0.0030654917642922996,0.006327483569928042,0.8242740584619086,0.2856980406795019,0.058764933585948254,0.22898079205781685,-0.002893414193749777,-0.0005322982588040759,0.02780232716759201,4442,612000000,28.34,0,2,1,-9.669367209980038,5.234398708997453,6.549653837068892,-9.669367209980038,5.234398708997453,6.549653837068892,110.87754821777344
-9.704403844771127,-1.6936896012264575,5.982287250728689,-8.047722753668287,6.5139548955388795,6.686182741416266,-0.5683727865629594,-0.002811855697130849,0.006021174889749021,0.8227443189807767,0.2889595726431081,0.05917967358766448,0.22413572050429006,-0.003796978285208752,-0.0005487344992616272,0.026482857902010437,4442,856000000,28.73,0,2,1,-9.680898364831641,5.17987373583755,6.592668951833699,-9.680898364831641,5.17987373583755,6.592668951833699,111.31647872924805
-9.677220154149335,-1.7673742188962858,5.9921147013144775,-8.056596470323461,6.461456823750671,6.726291618385611,-0.5702696495113146,-0.002592851214761478,0.005770510384991351,0.8214332018969754,0.29246717143493345,0.05938647559228718,0.2190996935918365,-0.003393482916180801,-0.0006140758216588438,0.025080018167500384,4443,51000000,29.12,0,2,1,-9.691780962500069,5.125036805668021,6.634816873216568,-9.691780962500069,5.125036805668021,6.634816873216568,111.7774338722229
-9.648882429441258,-1.8406227634233896,5.998026728428272,-8.067263317125231,6.396409903918357,6.774021222914756,-0.5724808720653628,-0.00234307166050396,0.0054861766084100235,0.8198963733306158,0.29626809690601374,0.06030220257279899,0.21231244505840277,-0.0031303894274969934,-0.0004080445705767488,0.024125749951053876,4443,251000000,29.45,0,2,1,-9.700990878310254,5.07532815967774,6.671922670165862,-9.700990878310254,5.07532815967774,6.671922670165862,112.21765470504761
-9.619397662556434,-1.9134171618254483,6.0,-8.07901773654818,6.318650524841172,6.8284942032026885,-0.5750353044720308,-0.0021332999080497248,0.005193889682890424,0.8181093271392418,0.29736193146757145,0.0639578368859687,0.20419262280686512,-0.002537109230615897,4.851534392003032e-05,0.023739031530567445,4443,437000000,29.84,0,2,1,-9.711527255369559,5.014136329982893,6.716043347178201,-9.711527255369559,5.014136329982893,6.716043347178201,112.68340682983398
-9.619397662556434,-1.9134171618254483,6.0,-8.086964403395656,6.2584843920953475,6.868975599791577,-0.5769605389410895,-0.0020136279977652524,0.004986000573916592,0.8167543214488497,0.2969815886419081,0.06771761941999369,0.19808691269085554,-0.0027526759140528156,6.6266141729443e-05,0.023283592418010812,4443,674000000,30.29,0,2,1,-9.722927193659986,4.9411052832583415,6.766233128806377,-9.722927193659986,4.9411052832583415,6.766233128806377,113.14402461051941
-9.588773128419906,-1.985739453173902,5.998026728428272,-8.09322168973078,6.204134257994234,6.904277814432967,-0.57859606760758,-0.00186933274164961,0.004748453350725154,0.8155982763192439,0.29666591650803437,0.07113151153366315,0.19178527337730472,-0.002972366928588599,2.801853042910807e-05,0.021645078413712326,4443,901000000,30.64,0,2,1,-9.730899346661884,4.884393051299947,6.803336458693594,-9.730899346661884,4.884393051299947,6.803336458693594,113.62347364425659
-9.557016383177228,-2.0575717930255424,5.9921147013144775,-8.100932607351112,6.125461618155483,6.953118316865562,-0.5807576080043145,-0.0016287425586656206,0.004342507609162588,0.8140633209833549,0.29552222773590453,0.07457494937483272,0.18134569375235327,-0.0038873563880770234,0.0002703090842715028,0.01965616629604483,4444,108000000,30.94,0,2,1,-9.737462328483991,4.832964492506217,6.835551244973647,-9.737462328483991,4.832964492506217,6.835551244973647,114.11703586578369
-9.524135262330098,-2.1288964578253613,5.982287250728689,-8.10640057775803,6.058795352062788,6.9922597239766136,-0.5824993213749878,-0.0014234100226658002,0.004015643282650848,0.8128200225822517,0.2949973950600574,0.07729757761934145,0.17221100854735044,-0.003394213968022086,-5.2559855845402126e-05,0.019380155208637007,4444,329000000,31.34,0,2,1,-9.746001773270697,4.758155340677116,6.879895989011659,-9.746001773270697,4.758155340677116,6.879895989011659,114.57283520698547
-9.490137878803079,-2.1996958492795735,5.968583161128632,-8.110954962320092,5.991933137590743,7.029334955873899,-0.5842339994402933,-0.0012062039980670427,0.0037482254932187176,0.8115757079752733,0.2950844495666549,0.08007288504263088,0.16262753351506504,-0.003677494942166959,-0.00037419675322780677,0.019330537361383904,4444,569000000,31.66,0,2,1,-9.75231228311425,4.694196565810991,6.915150000615808,-9.75231228311425,4.694196565810991,6.915150000615808,115.0615336894989
-9.45503262094184,-2.2699524986977355,5.951056516295154,-8.114025229614402,5.937003489007275,7.058009581118871,-0.5856193116643185,-0.000997473988349046,0.0034856416649163037,0.8105781129253589,0.2955295831960297,0.08235686945155396,0.15403488303022517,-0.0034304489872738486,-0.0002759498300974883,0.01877332506410312,4444,789000000,31.97,0,2,1,-9.757735613445854,4.629581837552202,6.948211690203514,-9.757735613445854,4.629581837552202,6.948211690203514,115.52062916755676
-9.418828150443467,-2.3396490713028677,5.929776485888251,-8.117231316221297,5.863352985683886,7.09375393951461,-0.5873794836105777,-0.0007757869191626441,0.0032070142209244014,0.8093049211810179,0.296686921819226,0.0855071622911693,0.14167895538099115,-0.0029486231824193965,-0.00014777028951584725,0.017399554963049013,4444,989000000,32.22,0,2,1,-9.761527352772896,4.576276968744583,6.97358807192395,-9.761527352772896,4.576276968744583,6.97358807192395,115.99560189247131
-9.381533400219318,-2.408768370508577,5.904827052466019,-8.119641224710833,5.782921274555775,7.129008787811787,-0.5891112282181402,-0.0005744227024433413,0.00296318444380098,0.8080463169669331,0.29830824718167703,0.08879819970246931,0.12747206933184652,-0.0017125038084486732,-0.0002624083577984493,0.015557319602521602,4445,184000000,32.54,0,2,1,-9.76573939918934,4.504668357208282,7.004978764799644,-9.76573939918934,4.504668357208282,7.004978764799644,116.44166398048401
-9.343157572190956,-2.477293342162038,5.8763066800438635,-8.120772965756885,5.72057533499447,7.153590708862379,-0.5903146024651965,-0.0004630704160111629,0.002874276444596275,0.8071680086680016,0.29956385018625253,0.09138884018049391,0.11650236378741122,-0.0014943422229407588,-0.0005627465839097567,0.014450384423980722,4445,369000000,32.85,0,2,1,-9.769156454259225,4.426293079071197,7.035558866459447,-9.769156454259225,4.426293079071197,7.035558866459447,116.88851881027222
-9.303710135019719,-2.545207078751856,5.844327925502015,-8.121297297669534,5.657788823195339,7.1759109137717525,-0.591429563359296,-0.0003377818739700351,0.002765237470845076,0.806351853070214,0.3010929840699988,0.09399413654522568,0.1049321463170662,-0.001371968630792253,-0.0004236078808617094,0.013376200695347507,4445,593000000,33.07,0,2,1,-9.770877643912177,4.365340064298401,7.056499379170947,-9.770877643912177,4.365340064298401,7.056499379170947,117.35805106163025
-9.263200821770461,-2.6124928235797436,5.8090169943749475,-8.121214072997375,5.588216199090513,7.197673707687402,-0.5924771155970823,-0.0002673861704591122,0.002689837675251272,0.8055827460737219,0.3026473533054954,0.09673052904250781,0.09104779659768328,-0.00017193788224290074,-7.138565010222919e-05,0.010692288196878508,4445,842000000,33.27,0,2,1,-9.77181951242783,4.303950822248165,7.075255494363147,-9.77181951242783,4.303950822248165,7.075255494363147,117.84738373756409
-9.221639627510076,-2.6791339748949823,5.77051324277579,-8.1203730290583,5.511718204429878,7.217842304099551,-0.5933929221413151,-0.00028839528153587414,0.002736231620251642,0.8049082368924253,0.30440687490427687,0.09977865951772885,0.07511860842631132,0.0009328284534149134,-0.00019402186666184207,0.008406631604884751,4446,49000000,33.46,0,2,1,-9.771946770404528,4.235882994879799,7.09321927219194,-9.771946770404528,4.235882994879799,7.09321927219194,118.2908239364624
-9.179036806841353,-2.745114089990657,5.728968627421413,-8.11866492429363,5.428138404835437,7.235317139341969,-0.5941272173784572,-0.0003682331170650039,0.0029035274308573267,0.8043657647506891,0.30635034461958527,0.10284825764052,0.0571722050590707,0.0021625862245855387,-0.00028852086870756466,0.00559075874662085,4446,239000000,33.63,0,2,1,-9.771105326127108,4.161039819904713,7.10955175902235,-9.771105326127108,4.161039819904713,7.10955175902235,118.84825301170349
-9.135402871372811,-2.8104168892606514,5.68454710592869,-8.11663885407757,5.356861299549256,7.246466800605897,-0.5945253103392864,-0.0004841844210471747,0.0031400470583032277,0.8040706194333264,0.3078515760194399,0.10533564904813367,0.04211234766133926,0.0028292698289078544,-0.0006072219889574626,0.0036235095421943697,4446,483000000,33.77,0,2,1,-9.769045819020997,4.079237881482929,7.12340950489234,-9.769045819020997,4.079237881482929,7.12340950489234,119.32757544517517
-9.09074858712512,-2.8750262602163907,5.637423989748691,-8.113874202227764,5.278581018938935,7.254774273945013,-0.5947213362910582,-0.0006757233025250456,0.003490854256537111,0.8039240570444177,0.3092562620731078,0.10795974449288522,0.024755484074740156,0.003914073295163689,-0.00026909557107046567,0.0003800172095225207,4446,713000000,33.86,0,2,1,-9.76637516316881,4.009301152971573,7.131809073935417,-9.76637516316881,4.009301152971573,7.131809073935417,119.82002472877502
-9.04508497187474,-2.9389262614623632,5.587785252292475,-8.110876624604115,5.206388809721001,7.258767912185063,-0.594595152267867,-0.0009305935412876846,0.003854475803197595,0.8040154736766547,0.31035121283688,0.11030813646429438,0.009076257500678121,0.004347941467131022,-4.2287563317700005e-05,-0.002753578951342206,4446,926000000,33.9,0,2,1,-9.762685054531012,3.932302913691865,7.137599223289309,-9.762685054531012,3.932302913691865,7.137599223289309,120.25921058654785
-8.99842329243545,-3.0021011266294213,5.535826794978996,-8.107153779981745,5.127179468632433,7.259286895600507,-0.59417606437204,-0.001269879379316867,0.004268217957980362,0.8043226804269408,0.31154935446590476,0.11292656529822506,-0.007441407678834766,0.00427091472374741,0.0005245246143203985,-0.005499363942362834,4447,108000000,33.89,0,2,1,-9.758750446164088,3.8611311003379476,7.140013606646292,-9.758750446164088,3.8611311003379476,7.140013606646292,120.74763703346252
-8.950775061878451,-3.064535268264883,5.481753674101715,-8.103346605552579,5.054142130044167,7.251270072178993,-0.5936112597945468,-0.0016244751064278743,0.004695487998639555,0.8047365939972001,0.3120861064160313,0.1146661148445948,-0.10018712557347956,0.007447072630384355,-0.0013725975009037938,-0.00685039867676096,4447,356000000,33.83,0,2,1,-9.7539497055051,3.782703293404054,7.13957357939509,-9.7539497055051,3.782703293404054,7.13957357939509,121.22406578063965
-8.902152036691648,-3.1262132816785257,5.425779291565073,-8.099263746392019,4.987673493863217,7.217770891718159,-0.5930544622583258,-0.001825292464835432,0.005845598677217097,0.8051390576037227,0.30968276787722626,0.11711144224259921,-0.22994680993781902,0.012789872926077805,-0.009265748394682305,-0.006898872561578173,4447,604000000,33.75,0,2,1,-9.749209528295756,3.710176067370408,7.1314802597350075,-9.749209528295756,3.710176067370408,7.1314802597350075,121.72920179367065
-8.902152036691648,-3.1262132816785257,5.425779291565073,-8.093242104312978,4.908027056772277,7.1461513620761945,-0.5924407950990511,-0.001516913303614652,0.008183992699011357,0.805570993482223,0.3061896268515948,0.11996559400409838,-0.36297520630513364,0.010716031556512462,-0.015506797353737056,-0.005922443233430386,4447,810000000,33.67,0,2,1,-9.74482240872726,3.64385155423032,7.098586225460018,-9.74482240872726,3.64385155423032,7.098586225460018,122.15450716018677
-8.852566213878946,-3.1871199487434483,5.368124552684678,-8.085908171976108,4.827943012096058,7.04674325812286,-0.5919241570683591,-0.0008432400910072394,0.010222388795456679,0.8059283988000272,0.30523614252127207,0.12394636251802878,-0.4656933257182061,0.0027667632366501493,-0.011860517133754911,-0.004839112853005645,4448,11000000,33.6,0,2,1,-9.739334222577101,3.56366654376212,7.0287746728831735,-9.739334222577101,3.56366654376212,7.0287746728831735,122.60285472869873
-8.802029828000155,-3.2472402416509176,5.309016994374948,-8.079516388156021,4.767153262055058,6.95845586349199,-0.5916184309155905,-0.00043854661187911134,0.010825585481563626,0.8061453011565751,0.30651886245895665,0.12822607467514663,-0.5226248990750302,0.004330874980951194,-0.00563814628549153,-0.0038287206280074315,4448,241000000,33.53,0,2,1,-9.733290569099943,3.4822738903024764,6.933281987261009,-9.733290569099943,3.4822738903024764,6.933281987261009,123.00243520736694
-8.750555348152298,-3.3065593266182587,5.248689887164856,-8.072486922075853,4.705300814870073,6.871460799490422,-0.5914001414153709,-0.00029333409191254455,0.01038271743328732,0.8063113454911137,0.3139467267386597,0.13509456728398145,-0.45465628761126514,-0.008117751713143662,0.008284675914183026,-0.002253431193821598,4448,471000000,33.48,0,2,1,-9.728149013338962,3.420084507731383,6.84882068991837,-9.728149013338962,3.420084507731383,6.84882068991837,123.41227412223816
-8.69815547489305,-3.3650625675488657,5.187381314585726,-8.064362644306497,4.634652150016757,6.790196829742824,-0.5913717896528208,-0.0007291189362678449,0.00804333974528697,0.8063585923608294,0.3264223505966497,0.14131562318092106,-0.3743535361545201,-0.018900228133134078,0.023740423057461157,0.001315010047164833,4448,737000000,33.42,0,2,1,-9.722198910924059,3.3567540990629148,6.766316218891065,-9.722198910924059,3.3567540990629148,6.766316218891065,123.83270573616028
-8.64484313710706,-3.422735529643442,5.125333233564306,-8.054885586392416,4.5469796086856755,6.712412249237353,-0.591846872739848,-0.001958197458103387,0.0037553969689206237,0.8060392928910989,0.3415739784334534,0.1456814571360853,-0.2868077378529652,-0.01901705782074714,0.03172760407323949,0.00854013169373502,4448,953000000,33.37,0,2,1,-9.714349613143565,3.2852186039717997,6.6910031470252465,-9.714349613143565,3.2852186039717997,6.6910031470252465,124.26031231880188
-8.590631488815946,-3.4795639829615697,5.062790519529315,-8.046207054718131,4.464732103623985,6.657160096526727,-0.5929349644519879,-0.0035656771622705336,0.0001373338343270468,0.8052424448674522,0.34850720945266256,0.14895472606412968,-0.2209131786683316,-0.013042996488366043,0.03001300083269598,0.01512569851911394,4449,184000000,33.38,0,2,1,-9.703185883678197,3.1985263723159494,6.621523492199566,-9.703185883678197,3.1985263723159494,6.621523492199566,124.68361449241638
-8.53553390593274,-3.5355339059327355,5.000000000000003,-8.038811074956108,4.396912407006767,6.620634065943075,-0.5941885481621301,-0.004948873075280881,-0.0021124660726442035,0.8043077864694315,0.35038147216908044,0.1504854607287374,-0.20275686557096312,-0.010270487382513238,0.025233840278815478,0.01886204754555365,4449,416000000,33.49,0,2,1,-9.691675284724408,3.118611922974477,6.57467621972338,-9.691675284724408,3.118611922974477,6.57467621972338,125.12073993682861
-8.53553390593274,-3.5355339059327355,5.000000000000003,-8.030913604295945,4.329254734223679,6.575908209897495,-0.5955195232757406,-0.006230005043210812,-0.0030028877633021516,0.8033110649677853,0.34877435924829003,0.15183508383536676,-0.28082697672113477,0.004716049579656101,0.010223654589935904,0.018139159328711685,4449,644000000,33.65,0,2,1,-9.681619734245222,3.053258372408643,6.5454269001828385,-9.681619734245222,3.053258372408643,6.5454269001828385,125.52540302276611
-8.47956398296157,-3.5906314888159447,4.937209480470686,-8.023145764535023,4.269841416661423,6.524671073788822,-0.5964925840604058,-0.006902628640057833,-0.002325991911289879,0.8025855347814497,0.3426558458253725,0.1537893597321209,-0.3463360771329019,0.015016235556686297,-0.005341267797120963,0.012643332138395635,4449,871000000,33.84,0,2,1,-9.67120366838621,2.9883179363328853,6.508286205736395,-9.67120366838621,2.9883179363328853,6.508286205736395,125.88940858840942
-8.422735529643443,-3.644843137107058,4.874666766435695,-8.01101478413435,4.189965100874228,6.438322996560858,-0.5969127623346242,-0.006911551288497953,0.00014788355615489874,0.8022763630765204,0.3312616081963516,0.15546446078001414,-0.426313396675397,0.01620578877918888,-0.018240014833281748,-0.0025445754999964265,4450,77000000,33.83,0,2,1,-9.66045267180094,2.9240221096321775,6.457614930939989,-9.66045267180094,2.9240221096321775,6.457614930939989,126.26900219917297
-8.365062567548867,-3.6981554748930483,4.812618685414275,-7.999895297201743,4.1259526970280405,6.356175365929281,-0.5961487911312181,-0.006405491013780569,0.0020577351830924915,0.8028457848451195,0.3232777685358224,0.15864537476668755,-0.4793733178202621,0.014255792029871373,-0.016674579273967538,-0.015801586414454505,4450,317000000,34.08,0,2,1,-9.648060903020648,2.8535308967531607,6.386469061521382,-9.648060903020648,2.8535308967531607,6.386469061521382,126.60899925231934
-8.30655932661826,-3.7505553481522975,4.751310112835146,-7.989316751091024,4.069574618509142,6.276025300752473,-0.5950180405738399,-0.005939093231631805,0.0033929861448631312,0.8036832374812075,0.3199904261524952,0.16055116685460932,-0.5185330712549188,0.009014059742185054,-0.012721320581476903,-0.018587798876978923,4450,557000000,33.98,0,2,1,-9.63630851237666,2.7906536901016903,6.31117981001176,-9.63630851237666,2.7906536901016903,6.31117981001176,126.9814932346344
-8.30655932661826,-3.7505553481522975,4.751310112835146,-7.978498637986007,4.0131961011629045,6.19033822254804,-0.593591994634302,-0.005480816521417343,0.004314455825597261,0.8047359132207648,0.31939969815406777,0.1613396959084529,-0.550747535347995,0.004392882738102344,-0.010218862553301733,-0.02632217001519166,4450,719000000,33.83,0,2,1,-9.625218987887553,2.734870207520767,6.237102463052557,-9.625218987887553,2.734870207520767,6.237102463052557,127.38324046134949
-8.247240241650918,-3.8020298280001557,4.690983005625052,-7.966557415225078,3.9493528597509897,6.088578928232785,-0.591606057674389,-0.004934906612906289,0.004986526868652533,0.8061966594879176,0.3219543742897887,0.16066602709630146,-0.579871980681854,0.0017629016269893327,-0.00831781690067146,-0.027223084907745942,4450,909000000,33.62,0,2,1,-9.613467675072654,2.6789898674748627,6.157500700123929,-9.613467675072654,2.6789898674748627,6.157500700123929,127.77454161643982
-8.187119948743447,-3.852566213878947,4.631875447315322,-7.9543799610602886,3.87743290290823,5.970426879827964,-0.5897488172933163,-0.004326655086611966,0.005476125539854309,0.8075565767213884,0.32812651507451057,0.15629476226818606,-0.6032111260179829,6.285619864598857e-05,-0.0074471796779107535,-0.01972784593817778,4451,116000000,33.31,0,2,1,-9.59946070967764,2.6159237202639116,6.0627964040432945,-9.59946070967764,2.6159237202639116,6.0627964040432945,128.15078330039978
-8.126213281678526,-3.902152036691649,4.574220708434927,-7.942788010862097,3.7969753942176263,5.835937657635625,-0.5885578399006013,-0.003525114551398004,0.005834244816530749,0.8084263752787624,0.33506690417146084,0.1512706432219031,-0.6223900965133131,-0.002601366009002959,-0.008207077371480409,-0.008517305741406744,4451,352000000,33.02,0,2,1,-9.583066887491187,2.5459808521882565,5.952757414930025,-9.583066887491187,2.5459808521882565,5.952757414930025,128.56019568443298
-8.126213281678526,-3.902152036691649,4.574220708434927,-7.935380111085416,3.737665985532823,5.73586353489428,-0.5883558440037275,-0.0028141469975921374,0.006047157819481633,0.8085746182546443,0.33920798863438595,0.1482873225191818,-0.6330336778505491,-0.0030114213814158575,-0.009141836926573887,0.0002971513183069874,4451,566000000,32.8,0,2,1,-9.564139183595799,2.4693551434598335,5.827024888159047,-9.564139183595799,2.4693551434598335,5.827024888159047,128.93929195404053
-8.064535268264883,-3.950775061878452,4.518246325898285,-7.926742997349476,3.662961560122038,5.608725743270665,-0.5885553663720109,-0.0017518254851211393,0.00634068003162,0.8084301501050752,0.33973952583847805,0.14797636751626003,-0.6436592155534184,-0.0037434605019370792,-0.011240677577006863,0.003549719485818059,4451,749000000,32.73,0,2,1,-9.549875134953384,2.413916891840236,5.733092565652181,-9.549875134953384,2.413916891840236,5.733092565652181,129.35346937179565
-8.00210112662942,-3.9984232924354526,4.4641732050210035,-7.919297114853653,3.60353389618401,5.5058177015315515,-0.5885967207453282,-0.000671633726271173,0.006644093422651687,0.8083992239349163,0.33182016278180343,0.15299692987172714,-0.649682702337721,-0.00397154676647915,-0.013980019593873294,-0.0014136353229332599,4451,925000000,32.72,0,2,1,-9.53158281178018,2.345278840773231,5.613672906379731,-9.53158281178018,2.345278840773231,5.613672906379731,129.7273132801056
-7.938926261462367,-4.045084971874736,4.4122147477075275,-7.909305246743331,3.5378721366583434,5.389059650523781,-0.5880617605324581,0.0005963092036262276,0.007138614678684326,0.8087843039990754,0.3178893842325618,0.1624665644869396,-0.6560579325429563,-0.002431052803331113,-0.01460756311644218,-0.012722744577331468,4452,101000000,32.7,0,2,1,-9.516570370053545,2.2909855036436686,5.516980889344126,-9.516570370053545,2.2909855036436686,5.516980889344126,130.09629702568054
-7.938926261462367,-4.045084971874736,4.4122147477075275,-7.894947763023869,3.467352752526414,5.258186415906186,-0.5862580194255067,0.0018043605776624397,0.007979327474171063,0.8100830878837353,0.29482097217566877,0.17774793030329455,-0.6626362423189213,0.0023065536879585125,-0.013659895103046438,-0.0291257441858761,4452,320000000,32.61,0,2,1,-9.499146793654416,2.230578348212759,5.4074112464992155,-9.499146793654416,2.230578348212759,5.4074112464992155,130.45662903785706
-7.875026260216394,-4.090748587125116,4.362576010251311,-7.878574642623512,3.4065708783108883,5.1395129707209675,-0.5837246687063957,0.0024995330305244813,0.008905933755284059,0.8118989763647839,0.2726196810282934,0.19186507410816783,-0.6674631913588522,0.005957849316473585,-0.010208937419520225,-0.03842806436296087,4452,491000000,32.34,0,2,1,-9.47900945506154,2.1642187807911104,5.2851867412776565,-9.47900945506154,2.1642187807911104,5.2851867412776565,130.85390496253967
-7.8104168892606545,-4.135402871372808,4.315452894071313,-7.859304055361407,3.3482771646709852,5.020351446693228,-0.5808473873030848,0.002672094788632307,0.009910184913482622,0.8139477629477219,0.253085995227017,0.20185717994403682,-0.6692897290848222,0.009317971034761285,-0.005569124732573982,-0.039850395478424616,4452,657000000,31.97,0,2,1,-9.460303297677497,2.105111239706294,5.17519281218448,-9.460303297677497,2.105111239706294,5.17519281218448,131.3114356994629
-7.745114089990657,-4.179036806841353,4.271031372578587,-7.833302487856536,3.2797000411659076,4.874864565698138,-0.5778068531786105,0.0021488585985150483,0.011080273914123433,0.8160954909546696,0.2388801518924529,0.20586044571692064,-0.6669070155264466,0.013148784637451172,0.0012436215683919727,-0.028616537747438997,4452,813000000,31.56,0,2,1,-9.44110410147141,2.04650381792576,5.0655172064115845,-9.44110410147141,2.04650381792576,5.0655172064115845,131.78710055351257
-7.679133974894982,-4.2216396275100765,4.22948675722421,-7.811760372221692,3.2246047022769204,4.756678607644282,-0.5761439093355666,0.0012237701568102105,0.011749531371664849,0.8172628993381995,0.23728843572560882,0.20243526107241522,-0.6614472338756534,0.010531673069635872,0.006149252658360638,-0.018863635159505066,4452,998000000,31.12,0,2,1,-9.416984862750226,1.9754602978418379,4.932244738656707,-9.416984862750226,1.9754602978418379,4.932244738656707,132.13720631599426
-7.612492823579743,-4.263200821770462,4.190983005625052,-7.791490202962909,3.1692074660160663,4.639814580462325,-0.5752908720401502,-3.3086841847128345e-05,0.012088486573380767,0.817859572264646,0.24688107094239603,0.19296234316189861,-0.6524662622505885,0.009067914561455837,0.011078608804382384,-0.006459917585743824,4453,197000000,30.86,0,2,1,-9.396838108974409,1.9178419927841857,4.824195112964361,-9.396838108974409,1.9178419927841857,4.824195112964361,132.49740767478943
-7.612492823579743,-4.263200821770462,4.190983005625052,-7.77385847005036,3.1123272701272624,4.524885113971646,-0.5756599605310903,-0.001541439521924563,0.012163521841583848,0.8175972618239088,0.264912309694278,0.17885875529872156,-0.6396738403623473,0.00792278406152036,0.014063369962968864,0.013927719282946782,4453,411000000,30.71,0,2,1,-9.376377710147112,1.8606770509882251,4.717237705628517,-9.376377710147112,1.8606770509882251,4.717237705628517,132.87251687049866
-7.545207078751855,-4.303710135019719,4.155672074497985,-7.759358042172434,3.0533838065698418,4.412315137623052,-0.5772879919486568,-0.002866887923363734,0.011894895054678487,0.816448937029843,0.28393843071352476,0.16561775948824828,-0.6254976534723942,0.0035035318205700605,0.012539338058559224,0.028484086942626163,4453,569000000,30.73,0,2,1,-9.355547404655244,1.8039406258180422,4.611485863188239,-9.355547404655244,1.8039406258180422,4.611485863188239,133.27604937553406
-7.477293342162037,-4.3431575721909566,4.1236933199561365,-7.748507774002684,2.9995331242805876,4.314361355052848,-0.5793841505027584,-0.003587251343006005,0.011548552672668546,0.8149648880198248,0.2950300914002701,0.15783939112698203,-0.6124626581580501,-3.5670571918444693e-05,0.0071357577326125465,0.034671258617891,4453,756000000,30.92,0,2,1,-9.33442806067286,1.7477176383555053,4.507182655784248,-9.33442806067286,1.7477176383555053,4.507182655784248,133.68077445030212
-7.408768370508577,-4.381533400219318,4.09517294753398,-7.735621643006935,2.9316451997730573,4.194473473430987,-0.5819215574477337,-0.0036173620919653354,0.011182764112808023,0.8131599851541496,0.29455054728431823,0.15882125050969548,-0.5993455102629853,-0.0034703208939390606,-0.001656363610891276,0.02762257045105798,4453,921000000,31.18,0,2,1,-9.31540065909339,1.6982206084925147,4.415819606670562,-9.31540065909339,1.6982206084925147,4.415819606670562,134.0410099029541
-7.408768370508577,-4.381533400219318,4.09517294753398,-7.7201539611703,2.86549268904704,4.076706370900776,-0.5832445610516208,-0.002885307199196165,0.011270586233606349,0.812213291501696,0.2734358426447189,0.17363725698682475,-0.5911329183761883,-0.0018888111640080751,-0.00921174350878573,0.007085782635840587,4454,121000000,31.5,0,2,1,-9.291187698255216,1.6369825053260563,4.303577712171341,-9.291187698255216,1.6369825053260563,4.303577712171341,134.45439338684082
-7.339649071302867,-4.418828150443467,4.070223514111749,-7.704068807931808,2.815323214325902,3.9835464046027034,-0.58293530753027,-0.0022149977310201886,0.011801116192982535,0.8124298460028659,0.24768384279043718,0.1905198738329422,-0.5867861886612782,0.0025420548581678304,-0.010570199538051384,-0.012652453278860776,4454,309000000,31.65,0,2,1,-9.266528577037617,1.5764505447422248,4.193743529470011,-9.266528577037617,1.5764505447422248,4.193743529470011,134.83502221107483
-7.269952498697735,-4.455032620941839,4.048943483704846,-7.684324911123513,2.76811144928525,3.891209576431201,-0.5815596021332151,-0.0018858406672578867,0.012685228896068771,0.8134027033022994,0.21990143406599447,0.20611294234488456,-0.5818222479015913,0.009512072301731678,-0.008424012412433513,-0.029197183721407782,4454,484000000,31.59,0,2,1,-9.246446143257309,1.5284736187573555,4.1076629181912,-9.246446143257309,1.5284736187573555,4.1076629181912,135.22549986839294
-7.199695849279577,-4.490137878803077,4.031416838871369,-7.6579279111194865,2.718864071727378,3.788512150346179,-0.579035616316111,-0.0021063686425964664,0.013998103626914074,0.8151793491885164,0.18969362043668075,0.22066163466908822,-0.5751448055486806,0.015450974387931637,-0.0037116294606676092,-0.03757728700293228,4454,664000000,31.18,0,2,1,-9.223458256135427,1.4749345096968642,4.012795721417831,-9.223458256135427,1.4749345096968642,4.012795721417831,135.61977744102478
-7.199695849279577,-4.490137878803077,4.031416838871369,-7.624683733815998,2.6682047539547726,3.6762383289332874,-0.5760120783455619,-0.0030729475102857125,0.015460749086559877,0.8172891824998713,0.16543206956550924,0.22940481730159407,-0.5651509668896013,0.017647431195655372,0.0030705869448865997,-0.03603595723689068,4454,884000000,31.02,0,2,1,-9.202669733918636,1.4276725054306365,3.9303369733280005,-9.202669733918636,1.4276725054306365,3.9303369733280005,136.00222635269165
-7.128896457825361,-4.524135262330099,4.017712749271311,-7.589929828236053,2.619912655922612,3.5665904958473833,-0.5735658221412857,-0.004676015916594323,0.01661677914782506,0.8189775730734578,0.1589555118816856,0.22692918917112853,-0.5506964667533782,0.01806223881430924,0.009582752772985259,-0.025582661692169495,4455,72000000,30.58,0,2,1,-9.176234124354366,1.3689580967318828,3.829832880060317,-9.176234124354366,1.3689580967318828,3.829832880060317,136.35661482810974
-7.0575717930255415,-4.557016383177227,4.007885298685522,-7.557918106777613,2.570752970657801,3.46062671940165,-0.5719569588988401,-0.0069078918077251925,0.017422408194854886,0.8200694957688982,0.18104702893398839,0.206872512323193,-0.5292849428996492,0.017773408580978867,0.015773017730680294,-0.014663334786746418,4455,261000000,30.21,0,2,1,-9.14950336809808,1.3106811969030954,3.7322934850125344,-9.14950336809808,1.3106811969030954,3.7322934850125344,136.78470015525818
-6.985739453173902,-4.5887731284199065,4.001973271571728,-7.532411598002042,2.5178665390167185,3.3593107065451573,-0.571535465819062,-0.009129602713583065,0.018037526639298026,0.8203282936105619,0.21691100418978246,0.1786827119207182,-0.5038296918922172,0.01347331635770388,0.012878794586868025,0.0033059540328395087,4455,423000000,29.96,0,2,1,-9.12249489209046,1.252899412833156,3.6378138674280835,-9.12249489209046,1.252899412833156,3.6378138674280835,137.2496120929718
-6.913417161825448,-4.619397662556434,4.0,-7.513734988769682,2.4606296020000507,3.2628850804329628,-0.5730610628862305,-0.010459047769658059,0.018274077397601847,0.8192421404070482,0.24879864864132725,0.15600184614331997,-0.47884419708557957,0.0055901373798405984,0.006125265463197138,0.028852426112280227,4455,601000000,29.85,0,2,1,-9.095145230984388,1.1957020828311842,3.5464160806370617,-9.095145230984388,1.1957020828311842,3.5464160806370617,137.6838219165802
-6.840622763423389,-4.648882429441257,4.001973271571728,-7.4992316355233735,2.3934025797678617,3.162468229953646,-0.57658165321126,-0.01091439741472422,0.01825903024307587,0.8167625609219771,0.27455670968757995,0.13912748796937977,-0.4509417075724165,-0.0033777450653360575,-0.0003576678437866576,0.04563192815112416,4455,770000000,29.98,0,2,1,-9.067414804988505,1.1392754026380316,3.458270185421322,-9.067414804988505,1.1392754026380316,3.458270185421322,138.0769748687744
-6.840622763423389,-4.648882429441257,4.001973271571728,-7.4884232646888895,2.330095901636604,3.0760945143122513,-0.5805758408237164,-0.010447609874523348,0.01792197832414191,0.8139418549212797,0.2817451438611669,0.13701026171049574,-0.4289658084535186,-0.008909486859920435,-0.004972039596395916,0.049785900409915484,4455,962000000,30.34,0,2,1,-9.03636668933183,1.0782450193994515,3.3652178628704044,-9.03636668933183,1.0782450193994515,3.3652178628704044,138.4845757484436
-6.767374218896285,-4.677220154149337,4.0078852986855225,-7.478308411573692,2.280057068730942,3.0096764176134667,-0.5835546091392697,-0.009479098104832627,0.017593757348794332,0.8118279525575508,0.2671564559855835,0.14930205989773906,-0.4169822202710106,-0.009425717689737212,-0.009903109912556829,0.0428145893238252,4456,176000000,30.78,0,2,1,-9.007411704535928,1.0236822478219505,3.28420290252244,-9.007411704535928,1.0236822478219505,3.28420290252244,138.84909868240356
-6.693689601226457,-4.704403844771127,4.017712749271311,-7.462741445272126,2.2265888940618432,2.9426882503817917,-0.5856756866933601,-0.008254987100196927,0.01752253545254004,0.8103140168820673,0.23593123857530665,0.17469006510550747,-0.324882712662821,-0.009482958375883754,-0.010939400817733258,0.01340016424364876,4456,335000000,31.1,0,2,1,-8.983789552405286,0.9806693820919415,3.221868457631969,-8.983789552405286,0.9806693820919415,3.221868457631969,139.29023623466492
-6.6195870909907475,-4.730426794137727,4.031416838871369,-7.446204224846501,2.188495549143136,2.9054225099527367,-0.5854851744311594,-0.007447337536143003,0.01745938550529879,0.8104608673728267,0.2047930281591431,0.19806614470790967,-0.23329374778058837,-0.008258167508756742,-0.006248500994843198,-0.016302417679980863,4456,501000000,31.3,0,2,1,-8.956658378272396,0.9328531192339486,3.160017941167615,-8.956658378272396,0.9328531192339486,3.160017941167615,139.6475489139557
-6.545084971874738,-4.755282581475767,4.048943483704846,-7.419496906929621,2.144167408200646,2.8754619645905826,-0.5834465759891505,-0.006767336201265997,0.016874707032825644,0.8119479911852925,0.16830307183760862,0.2245465495061898,-0.12610159279090147,-0.011448598615970695,0.0019959446717621177,-0.03660875590867363,4456,672000000,31.03,0,2,1,-8.93190980793301,0.8907511625943865,3.123902711761816,-8.93190980793301,0.8907511625943865,3.123902711761816,139.98126864433289
-6.545084971874738,-4.755282581475767,4.048943483704846,-7.383967516740396,2.1004631668553815,2.863635526154123,-0.5799619772121778,-0.006691793328824369,0.016230094919279844,0.8144543626926537,0.1321560540341045,0.24605364186599968,-0.018705540689755648,-0.007358036646110122,0.005295052005749312,-0.047077528870431706,4456,863000000,30.88,0,2,1,-8.906657717017724,0.8489695316052795,3.1045317228082108,-8.906657717017724,0.8489695316052795,3.1045317228082108,140.33667159080505
-6.470201626161521,-4.77896507399165,4.070223514111748,-7.348039195573333,2.065754061757304,2.870385203643944,-0.5765870456798852,-0.006719534500559918,0.015752987832817148,0.8168562113276587,0.10249002740978948,0.25912906824122994,0.06822749787841598,-0.007478491897927597,0.003648619463092473,-0.04538119428616483,4457,69000000,30.34,0,2,1,-8.874841809997815,0.7971383923930615,3.1014172007902747,-8.874841809997815,0.7971383923930615,3.1014172007902747,140.7253143787384
-6.394955530196148,-4.801468428384715,4.09517294753398,-7.304875429290472,2.0320929359002218,2.895122460414823,-0.5729899771706033,-0.006237207745089473,0.015105988945977157,0.8193994095674833,0.07170855189112328,0.2676758169451532,0.15463780707641703,-0.012189184872113401,-0.0017085234276237315,-0.04305633847252466,4457,265000000,29.83,0,2,1,-8.846296982670443,0.7511349742540248,3.116296035167412,-8.846296982670443,0.7511349742540248,3.116296035167412,141.17359399795532
-6.394955530196148,-4.801468428384715,4.09517294753398,-7.26365357230351,2.0060243242323716,2.931444450088863,-0.5702603083605922,-0.0047043065396201456,0.013608178188183339,0.8213378523451005,0.04643557750913412,0.2732443604537568,0.22663169402087652,-0.0267469260506914,-0.005185346844882588,-0.033665124647086486,4457,462000000,29.25,0,2,1,-8.814669735602713,0.7012740202717971,3.1499006955186557,-8.814669735602713,0.7012740202717971,3.1499006955186557,141.57816219329834
-6.319365249826863,-4.822787092288991,4.123693319956137,-7.222659460781533,1.9817068302914473,2.979853952808796,-0.5689218882773877,-0.002475948672598133,0.011820447008960233,0.8223028832185686,0.05286742935295763,0.2609516217670157,0.292352539611584,-0.03152833160129376,-0.010962267060676822,-0.006424413504646509,4457,668000000,28.78,0,2,1,-8.786046964880887,0.6584270091195291,3.1933195287570824,-8.786046964880887,0.6584270091195291,3.1933195287570824,141.9515745639801
-6.243449435824273,-4.842915805643156,4.155672074497986,-7.175480049611905,1.9462617608591024,3.0605407533409643,-0.5709609845739918,0.0004050347207562024,0.010666072090686353,0.8209078053882353,0.09196054993059735,0.22540158160643906,0.36335317909331943,-0.01563953028380638,-0.016016924018913414,0.04206716985208914,4457,883000000,28.48,0,2,1,-8.756857756966388,0.6184578310129792,3.246722885136695,-8.756857756966388,0.6184578310129792,3.246722885136695,142.3896622657776
-6.167226819279525,-4.861849601988383,4.190983005625053,-7.143810074785872,1.9129880802911214,3.139279111802727,-0.5756509535187189,0.0024161425925243573,0.01045613112392966,0.8176251043662255,0.12103487142003985,0.2004522236917694,0.4109324487965694,-0.012245370726304827,-0.014196882148098666,0.06694804105791263,4458,97000000,28.58,0,2,1,-8.716859333998688,0.5700242734942164,3.3302577672243907,-8.716859333998688,0.5700242734942164,3.3302577672243907,142.81381487846375
-6.090716206982712,-4.879583809693737,4.229486757224211,-7.119729916994068,1.880987095776709,3.21743206347748,-0.5810231847555553,0.003737140180144099,0.010671553920629157,0.813808460570855,0.13926879866214067,0.18309495430612843,0.4452833263167372,-0.006087527572162799,-0.012689080631389515,0.07727824922767468,4458,239000000,29.06,0,2,1,-8.682618662993992,0.5337265699563962,3.4085893444301405,-8.682618662993992,0.5337265699563962,3.4085893444301405,143.2613604068756
-6.013936476782562,-4.896114053108828,4.271031372578589,-7.100784605614596,1.8516790292350276,3.291482572933328,-0.5858071365737726,0.004584631284708233,0.011000304341367303,0.8103628651410536,0.1490526480971689,0.1711819562271947,0.4683229078495402,-0.0026062934466608567,-0.010239089624519693,0.07050510466797277,4458,423000000,29.67,0,2,1,-8.651251624562004,0.5039252813588464,3.484550650024416,-8.651251624562004,0.5039252813588464,3.484550650024416,143.63258051872253
-5.936906572928623,-4.911436253643443,4.315452894071312,-7.079282315827799,1.8147330897121061,3.38856869661619,-0.5907785260164006,0.00524612943514563,0.011450541827770604,0.8067354562777621,0.15566912640507957,0.1601079130704536,0.4900259894252324,3.0904420977861946e-05,-0.006780782496207394,0.05283808641252108,4458,581000000,30.23,0,2,1,-8.623030540761663,0.47959358382670564,3.555477445979966,-8.623030540761663,0.47959358382670564,3.555477445979966,144.02639269828796
-5.936906572928623,-4.911436253643443,4.315452894071312,-7.053501039141884,1.7672108152451589,3.52006680229972,-0.5944555060509668,0.005620305367335572,0.011977765333837362,0.8040196494059549,0.15470832520209468,0.15292698209047498,0.5094385416796672,0.0029238674642328988,-0.0028298081360844662,0.020760189727297984,4458,760000000,30.81,0,2,1,-8.587228190289288,0.4518689512457937,3.6477019141332563,-8.587228190289288,0.4518689512457937,3.6477019141332563,144.52362275123596
-5.859645501397048,-4.925546630773869,4.36257601025131,-7.0355125836308865,1.735629892418882,3.6138141573769293,-0.5953788318554547,0.005598037255517176,0.01224993894630251,0.8033322149354722,0.14741056521735066,0.15392902829415667,0.520716209505367,0.0018769213852465327,-0.0010560352166066878,0.007562489463452948,4458,951000000,31.2,0,2,1,-8.539648984015923,0.4198462555968082,3.7723313439883053,-8.539648984015923,0.4198462555968082,3.7723313439883053,144.9696695804596
-5.782172325201155,-4.938441702975688,4.412214747707527,-7.015925044250676,1.706296209982439,3.7004906573403216,-0.5949456637901177,0.005198965471622914,0.012720737532383897,0.8036484372734093,0.12436886331051915,0.16176924209678842,0.42643756461769555,0.009845822387433145,0.00035726075964248594,-0.015813168465683702,4459,135000000,31.26,0,2,1,-8.505962728586459,0.4000718743320263,3.8610491206093407,-8.505962728586459,0.4000718743320263,3.8610491206093407,145.39951181411743
-5.704506159687915,-4.950118288582788,4.464173205021003,-6.983368050771686,1.674010119742335,3.787704928129898,-0.5907976126322619,0.0037967781697209038,0.014287416178966478,0.8066843466452528,0.06882686664120338,0.18880732619641746,0.29882638572875175,0.022428748525271658,0.002251244245599082,-0.06748106170562096,4459,321000000,31.15,0,2,1,-8.47167766052092,0.3821637363417194,3.9422489187323415,-8.47167766052092,0.3821637363417194,3.9422489187323415,145.8969783782959
-5.626666167821523,-4.960573506572389,4.518246325898284,-6.9486479419934435,1.654721234059713,3.8385502326185925,-0.5840878468813434,0.002476829370794416,0.016155239430422356,0.8115258841717433,0.02231410442247388,0.2091611979921651,0.20621673299220894,0.024464420130243525,-0.001164298078037973,-0.09313733680755831,4459,498000000,30.51,0,2,1,-8.425078239161454,0.36112209877383683,4.02122836248858,-8.425078239161454,0.36112209877383683,4.02122836248858,146.27256417274475
-5.548671555455229,-4.969804777275898,4.574220708434925,-6.903815740261336,1.640026912060269,3.8747341478991566,-0.5753393013034036,0.00169451123165581,0.01793533716305213,0.8177164182577261,-0.01869569757846791,0.22584151946139217,0.1181194799282903,0.012101718766643899,-0.0029977989697727025,-0.09904676117002964,4459,691000000,29.54,0,2,1,-8.385540067771952,0.3459408635950041,4.064431092467518,-8.385540067771952,0.3459408635950041,4.064431092467518,146.72379422187805
-5.47054156659257,-4.9778098230154,4.631875447315323,-6.862965863068106,1.6315321380352485,3.891026736069362,-0.5685041341022432,0.0016356202729369117,0.018602197732334874,0.8224684386008427,-0.04345001656547263,0.23629741428334405,0.05626443675807509,0.009047822004504269,-0.0019590797819546424,-0.0887992006028071,4459,936000000,28.3,0,2,1,-8.342952513362759,0.32944400984636124,4.092020304481049,-8.342952513362759,0.32944400984636124,4.092020304481049,147.1510796546936
-5.47054156659257,-4.9778098230154,4.631875447315323,-6.814422058169077,1.624117965274033,3.8971055740182656,-0.5621707172648646,0.001582139143862838,0.019013423884528854,0.8268011073999745,-0.058885638418334996,0.24366496290430734,-0.002532505095231037,0.0051818080009979894,0.0002557621471055427,-0.06697781209368259,4460,128000000,27.32,0,2,1,-8.311224336123528,0.3125824720663875,4.101916543813976,-8.311224336123528,0.3125824720663875,4.101916543813976,147.5963957309723
-5.392295478639223,-4.9845866686656395,4.690983005625053,-6.760912806438442,1.6144717551538685,3.891688242240369,-0.558845207346049,0.00123940413803042,0.01928301074274233,0.8290468404139957,-0.03876323547489471,0.23744439564874295,-0.05478750213084392,0.003775035679609573,0.0027940784093516413,-0.013683618271898013,4460,311000000,26.37,0,2,1,-8.282124985100666,0.2855352865210631,4.102280576671419,-8.282124985100666,0.2855352865210631,4.102280576671419,148.03290915489197
-5.313952597646566,-4.990133642141358,4.751310112835146,-6.7130450336523895,1.5976436236609872,3.8761952486534272,-0.5596221350020042,0.0006640266573895732,0.019470145363231613,0.8285188824184585,0.01169610824960918,0.21991040434470116,-0.09634174554376077,0.00479272580378165,0.003626238299148099,0.024609169122413732,4460,469000000,25.77,0,2,1,-8.25773735704885,0.2440242999570467,4.092048529926362,-8.25773735704885,0.2440242999570467,4.092048529926362,148.42473244667053
-5.235532253548213,-4.99444937480985,4.812618685414276,-6.679648564744197,1.5765951094761252,3.857809939452454,-0.5625711308990022,7.417847106068465e-06,0.019594460169531286,0.8265166542512363,0.059503387992852284,0.20575772026857556,-0.12143601578593015,0.005002442094337312,0.004804268883162877,0.049699348528520204,4460,669000000,25.69,0,2,1,-8.237541548715484,0.193887552619263,4.072598702197241,-8.237541548715484,0.193887552619263,4.072598702197241,148.84412670135498
-5.157053795390642,-4.997532801828658,4.874666766435696,-6.648033590197821,1.5455824444950064,3.8328775547503704,-0.5677156139686965,-0.001104422884912852,0.02001431788892138,0.822980673518934,0.1063240465707553,0.1934494496124547,-0.1431801292995342,0.009525540099275531,0.005918631768508931,0.07154730337788351,4460,924000000,25.95,0,2,1,-8.219798503592187,0.15151665654699922,4.050940307041145,-8.219798503592187,0.15151665654699922,4.050940307041145,149.2887945175171
-5.078536586559104,-4.999383162408303,4.9372094804706865,-6.62329025058341,1.5119234146288778,3.8074204872636104,-0.5736421763272862,-0.00220733699798358,0.02043415285953002,0.8188481096020098,0.13968979128079495,0.18499234057991282,-0.15715741896310093,0.009571521877660416,0.005530337330128532,0.08617614221293479,4461,119000000,26.51,0,2,1,-8.195688233695412,0.10702041186640639,4.021980582231846,-8.195688233695412,0.10702041186640639,4.021980582231846,149.6727533340454
-5.000000000000001,-5.0,4.999999999999999,-6.598566306126387,1.4696771077842186,3.776833679034189,-0.5811575798968198,-0.0032600538060745757,0.020840896471454214,0.8135176067006289,0.16752247633079945,0.1778181504997503,-0.16713209587619923,0.007574982782898587,0.0035086851312371437,0.0963733225944452,4461,278000000,27.24,0,2,1,-8.169898492425009,0.06985522559193885,3.992592328654634,-8.169898492425009,0.06985522559193885,3.992592328654634,150.0606083869934
-5.000000000000001,-5.0,4.999999999999999,-6.575571170878361,1.4238535063615403,3.7449691659154594,-0.5891480657502093,-0.004022559340605251,0.021191885930409857,0.8077371352177951,0.18717169086656754,0.1726721938395232,-0.1715347915083964,0.005660618626279756,0.001172327722542832,0.10009712641476654,4461,526000000,28.21,0,2,1,-8.137032696472867,0.03151293260509068,3.9572848554541977,-8.137032696472867,0.03151293260509068,3.9572848554541977,150.43671345710754
-4.921463413440898,-4.999383162408303,5.062790519529313,-6.553382597644787,1.375621191486647,3.7127373023923025,-0.5970828629214575,-0.004480934470029844,0.021484157542926426,0.8018792970307076,0.20053103096138636,0.16942664016287207,-0.17172312268484025,0.00360467022346711,-0.0008059763445089629,0.09775754588190466,4461,730000000,29.11,0,2,1,-8.096228433698833,-0.007706922233567671,3.9166597093155904,-8.096228433698833,-0.007706922233567671,3.9166597093155904,150.8471918106079
-4.84294620460936,-4.997532801828658,5.1253332335643025,-6.533571843581786,1.3308477326698092,3.689402726776317,-0.6036872478927792,-0.004623173289038739,0.02155424737077293,0.7969163992669878,0.2105940680946385,0.17137328115034678,-0.088916798321344,-0.002943182835224434,-0.00026233993395408106,0.08778575356700458,4461,952000000,30.32,0,2,1,-8.059618574875108,-0.03793433076125817,3.8829233615195102,-8.059618574875108,-0.03793433076125817,3.8829233615195102,151.22788953781128
-4.764467746451789,-4.99444937480985,5.187381314585723,-6.5178357356155,1.2955373980378244,3.685116161451049,-0.6081865129314267,-0.004528638483708599,0.021091986392137132,0.793500967253241,0.21399229325756797,0.17608661770853593,-0.001415352932469801,-0.009719792706164299,0.0029801450637023663,0.07493212833651341,4462,131000000,31.2,0,2,1,-8.02056307219753,-0.0669071652034292,3.8546849477899685,-8.02056307219753,-0.0669071652034292,3.8546849477899685,151.5790238380432
-4.764467746451789,-4.99444937480985,5.187381314585723,-6.496252832464195,1.2506799365855925,3.6966649367978706,-0.6126119556231194,-0.004221549526448857,0.01970027289271675,0.7901269958653262,0.20659570838499305,0.18778519344523892,0.10107103375151068,-0.01883361201180378,0.0077493626577052055,0.04772646461788099,4462,318000000,31.8,0,2,1,-7.988719859048883,-0.08889773623301461,3.846558243501854,-7.988719859048883,-0.08889773623301461,3.846558243501854,151.97500681877136
-4.686047402353436,-4.990133642141358,5.248689887164852,-6.464167847168811,1.200825470274315,3.734179482203722,-0.6137314570983512,-0.0031465991827414365,0.01685628978271242,0.7893286153284189,0.16536813044582396,0.21730196700807697,0.212700792145037,-0.03283627738710493,0.008006012922123773,-0.014564644607162336,4462,550000000,32.38,0,2,1,-7.946258435371771,-0.11675763685082712,3.853295542904596,-7.946258435371771,-0.11675763685082712,3.853295542904596,152.35853242874146
-4.607704521360774,-4.9845866686656395,5.309016994374948,-6.430946565464644,1.1669986303606517,3.7817049529461384,-0.6110697528597279,-0.0015241349930748653,0.01372802509722887,0.791456237248405,0.11801850014969868,0.24511889443854457,0.29273490592727963,-0.04092381495865993,0.006925440220584278,-0.0525089639268117,4462,760000000,32.46,0,2,1,-7.892673699152643,-0.15036082968924963,3.885536298279875,-7.892673699152643,-0.15036082968924963,3.885536298279875,152.75110459327698
-4.529458433407427,-4.9778098230154,5.368124552684678,-6.395912147029612,1.1428389698723158,3.8348901307083554,-0.6067526428470402,0.00020629003063328544,0.010842910458854502,0.7948167204678929,0.0730900482165112,0.26696895481007743,0.3541704099959365,-0.042883172500296496,0.003963035624110489,-0.07939338538562879,4462,947000000,32.0,0,2,1,-7.847982528543576,-0.17723311070001993,3.9294540231292663,-7.847982528543576,-0.17723311070001993,3.9294540231292663,153.13620162010193
-4.451328444544774,-4.969804777275899,5.425779291565073,-6.3457051266498015,1.1201675831632378,3.913683700573422,-0.5994701863609218,0.002583492257527827,0.007574788675212602,0.8003570726923595,0.022482517799404373,0.28532147086181936,0.4204555295797638,-0.03999889304395765,-0.0012489944424487476,-0.10007809105445631,4463,148000000,31.3,0,2,1,-7.807893899680096,-0.20037259057534312,3.979859523562164,-7.807893899680096,-0.20037259057534312,3.979859523562164,153.5387806892395
-4.451328444544774,-4.969804777275899,5.425779291565073,-6.290206836875088,1.1046553221376876,4.00416602823623,-0.5913948737828443,0.004973285861737185,0.0050976452909387475,0.8063506580288742,-0.01888428771543471,0.2933201798626638,0.4769189132404887,-0.029198580159572884,-0.00736507126930519,-0.09972646294045262,4463,328000000,30.14,0,2,1,-7.759783936664446,-0.23040748141377274,4.055827686756287,-7.759783936664446,-0.23040748141377274,4.055827686756287,153.94364523887634
-4.373333832178479,-4.9605735065723895,5.481753674101715,-6.210513207682993,1.0902565795151113,4.1468599583059484,-0.5811797606269034,0.008446446525670849,0.0038855098612866346,0.8137220939558307,-0.038116315672439366,0.2742068476074234,0.538210294922871,-0.012505430913734017,-0.024409926845692098,-0.07555011470685713,4463,536000000,28.85,0,2,1,-7.716856414269229,-0.2639985817866873,4.1439819826333295,-7.716856414269229,-0.2639985817866873,4.1439819826333295,154.47300338745117
-4.295493840312087,-4.950118288582788,5.5358267949789965,-6.152168463511359,1.0811251580861267,4.269142776558732,-0.57537756812128,0.011705985562868646,0.004719468826548986,0.8177905297928307,-0.03357984104028593,0.24935459586723135,0.5749186249697049,-0.008317764604726108,-0.03146852504869457,-0.0472375384561019,4463,742000000,27.19,0,2,1,-7.6668558555404065,-0.3161181235710804,4.283469430823525,-7.6668558555404065,-0.3161181235710804,4.283469430823525,154.95820474624634
-4.217827674798847,-4.938441702975689,5.5877852522924725,-6.104323838436988,1.0724266433119063,4.386565785763553,-0.5741504266971397,0.014788223936321732,0.006092059436506462,0.8185936004930184,-0.015305327833106347,0.22482713150119077,0.6020088506282516,-0.003196706302333041,-0.032544528585276566,0.008257151694124332,4463,930000000,26.16,0,2,1,-7.632575616428104,-0.3571383266469713,4.403208663407012,-7.632575616428104,-0.3571383266469713,4.403208663407012,155.37325286865234
-4.140354498602954,-4.92554663077387,5.637423989748688,-6.069474000465651,1.064709369330039,4.483951417166937,-0.5761368961100659,0.016758820590179378,0.007534823781428133,0.8171466485911008,-0.0013827257753775278,0.2105671956398197,0.618306276841028,0.0008732372123176901,-0.02805520980473375,0.0457610087323701,4464,110000000,25.79,0,2,1,-7.601014772361555,-0.3902871837790334,4.517468986768004,-7.601014772361555,-0.3902871837790334,4.517468986768004,155.72321152687073
-4.0630934270713785,-4.911436253643443,5.684547105928687,-6.032919552031494,1.0555056307864978,4.596287604485506,-0.5803349690878428,0.018338245042711598,0.009217590260433138,0.8141191979387026,0.009990316247740006,0.19958305147981564,0.6316801785529524,0.005047864715379546,-0.02219276466348674,0.06561290065292269,4464,245000000,25.91,0,2,1,-7.5735041028496495,-0.4121803314879856,4.611278117350396,-7.5735041028496495,-0.4121803314879856,4.611278117350396,156.0605971813202
-4.0630934270713785,-4.911436253643443,5.684547105928687,-5.994309095910622,1.045308822391321,4.723354549776043,-0.5857048777932506,0.019526773750574534,0.011049588009566187,0.8102138037832395,0.016559205150946145,0.19259672614948592,0.64036025559393,0.006873910024296492,-0.018286876002093777,0.06627948168898001,4464,442000000,26.33,0,2,1,-7.540139103825512,-0.4321635695962845,4.718628370935907,-7.540139103825512,-0.4321635695962845,4.718628370935907,156.42763996124268
-3.9860635232174397,-4.896114053108829,5.72896862742141,-5.960547103577665,1.0365990763803616,4.838890105059037,-0.5902859012825639,0.020313612140740716,0.012636505322003572,0.8068396560916387,0.01900725051274619,0.18910005421347242,0.6444501727437582,0.007482143610104686,-0.016213408343901392,0.06105651809775736,4464,636000000,26.92,0,2,1,-7.500202071986328,-0.4490842087497503,4.8394676931638,-7.500202071986328,-0.4490842087497503,4.8394676931638,156.81119322776794
-3.90928379301729,-4.879583809693738,5.770513242775788,-5.931016038269679,1.0293956022360644,4.9404441798184635,-0.5940213579477933,0.020919792179513765,0.01394113437109939,0.8040563620601933,0.017404661741546402,0.18660543045231787,0.6025721894444895,0.008919839092413895,-0.01530761546746362,0.05562145852309186,4464,827000000,27.44,0,2,1,-7.461836243819125,-0.4599941069949097,4.949143397436951,-7.461836243819125,-0.4599941069949097,4.949143397436951,157.16924500465393
-3.832773180720472,-4.861849601988383,5.809016994374948,-5.894479724607463,1.0213467956602582,5.047404932165636,-0.5982538732036706,0.021272843527044324,0.016000471072500265,0.8008643794367045,0.009890182113923365,0.18536038236699157,0.47601920498406847,0.01664958181208931,-0.01494064317739685,0.05030151005485095,4464,999000000,27.86,0,2,1,-7.425923330509174,-0.46649426949155626,5.045526331197159,-7.425923330509174,-0.46649426949155626,5.045526331197159,157.59453201293945
-3.832773180720472,-4.861849601988383,5.809016994374948,-5.850887941756325,1.0129239078646732,5.1444135211519395,-0.6028840563771691,0.021125624685698365,0.019072125392769205,0.7973209997114412,0.0019123583988027407,0.18522466562603232,0.3411192915797171,0.020486648099904414,-0.013444852174870903,0.04705405117420014,4465,184000000,28.34,0,2,1,-7.3787556370225404,-0.4704011176520161,5.146375300565282,-7.3787556370225404,-0.4704011176520161,5.146375300565282,158.02976417541504
-3.7565505641757255,-4.842915805643155,5.844327925502015,-5.81101173761189,1.0057155354773388,5.2070747222158325,-0.6070512335177949,0.020603007322503638,0.021871559253933973,0.7940944218854542,-0.0010441621101765438,0.18575005449030885,0.23412928026505808,0.01641125145397382,-0.00922798435567529,0.04875874183198903,4465,388000000,28.88,0,2,1,-7.31918378927047,-0.46935397229641107,5.236961061527366,-7.31918378927047,-0.46935397229641107,5.236961061527366,158.43875861167908
-3.680634750173135,-4.822787092288991,5.8763066800438635,-5.771406882816509,0.9971456358884069,5.248005992646276,-0.611655604177171,0.01982997640630249,0.02369233894844179,0.7905206303377144,0.006610520771043668,0.18654275458930905,0.14066492723208474,0.011304660074529238,-0.000607383836381814,0.054859721421962604,4465,669000000,29.39,0,2,1,-7.262095090807374,-0.46404406265989456,5.29482256151959,-7.262095090807374,-0.46404406265989456,5.29482256151959,158.85462856292725
-3.605044469803854,-4.801468428384715,5.904827052466019,-5.735744278710178,0.9861030439029869,5.276541264817596,-0.6161080314665657,0.018799323110838765,0.023952437181884712,0.7870729062583817,0.030330534997247777,0.1905514798128058,0.16276171179669335,0.00011887794073572877,0.010987039513565833,0.056614738059579395,4465,887000000,29.98,0,2,1,-7.203015562671016,-0.45673398443990676,5.332081110341455,-7.203015562671016,-0.45673398443990676,5.332081110341455,159.27587985992432
-3.5297983738384806,-4.7789650739916505,5.929776485888251,-5.70037604211517,0.9703746541199832,5.31575437874614,-0.6203419932393728,0.017708882026984472,0.022381154568296917,0.7838120251956755,0.05924699966287881,0.19515318953962718,0.2155633003499172,-0.00952333357417956,0.02191127587138908,0.052150749252177775,4466,76000000,30.57,0,2,1,-7.147825094401343,-0.4503070336009042,5.358306720800944,-7.147825094401343,-0.4503070336009042,5.358306720800944,159.68090844154358
-3.4549150281252636,-4.755282581475768,5.951056516295154,-5.661768899957286,0.9473952666503994,5.370619476056453,-0.6238351368776176,0.016314407897321546,0.019134484995558407,0.7811513512603037,0.08821084221995519,0.19889029752496176,0.26777903388172863,-0.0168390542967245,0.03127250965917483,0.026739869645098224,4466,247000000,31.15,0,2,1,-7.093240811239354,-0.4481255269423035,5.396314958364465,-7.093240811239354,-0.4481255269423035,5.396314958364465,160.0601291656494
-3.4549150281252636,-4.755282581475768,5.951056516295154,-5.623427883498146,0.9197316691745757,5.435956738502654,-0.6234195147005955,0.014671603067594194,0.015600987530172439,0.7815941798286271,0.10210492735568188,0.20223162664793456,0.3115347749645855,-0.013365207814786118,0.03138842948828824,-0.029595947125926614,4466,432000000,31.61,0,2,1,-7.036985877315615,-0.45532299495959877,5.451028316320438,-7.036985877315615,-0.45532299495959877,5.451028316320438,160.46031284332275
-3.3804129090092543,-4.730426794137727,5.968583161128631,-5.59089933092017,0.8965396778639727,5.495812691440232,-0.6199109495397835,0.013360318083248189,0.012930133267829668,0.7844518648043831,0.09370838303870031,0.21053083595100186,0.3419037061951391,-0.013696085443370976,0.02831838955899002,-0.06305787028395571,4466,638000000,31.45,0,2,1,-6.988275238501134,-0.47749092379055935,5.517523833616401,-6.988275238501134,-0.47749092379055935,5.517523833616401,160.8232762813568
-3.3063103987735447,-4.704403844771128,5.982287250728689,-5.550700803719686,0.8742050255923526,5.560498492220645,-0.613783204902688,0.011920807533837903,0.010391379799907657,0.7893162173381337,0.048974400504516014,0.2339986743684473,0.2774120453241366,-0.0052182687795720994,0.024776481950539164,-0.08880261739250273,4466,816000000,30.81,0,2,1,-6.954326241441219,-0.5056129231161235,5.579283417945587,-6.954326241441219,-0.5056129231161235,5.579283417945587,161.23649883270264
-3.2326257811037165,-4.677220154149337,5.9921147013144775,-5.503606749590756,0.8588356219880037,5.606608980054734,-0.6061707334018612,0.010316705389007932,0.009000307503177797,0.7952167012970829,-0.002876578201763921,0.25855272845092697,0.1880945311594726,0.005200102032176801,0.01774083521013381,-0.10019343462772667,4466,968000000,29.76,0,2,1,-6.921839674231497,-0.5439467849941061,5.646280050132618,-6.921839674231497,-0.5439467849941061,5.646280050132618,161.68945217132568
-3.2326257811037165,-4.677220154149337,5.9921147013144775,-5.429021469842317,0.8470654962403236,5.642757610221366,-0.5963666462701172,0.008075563097579322,0.009194065237015563,0.8026188869330246,-0.0456383007999624,0.2704960726071165,0.07603456504975166,0.012815378340746975,0.0065349559918104205,-0.06953474803594872,4467,156000000,28.51,0,2,1,-6.892846827099825,-0.5859716959833948,5.693998964639568,-6.892846827099825,-0.5859716959833948,5.693998964639568,162.15424704551697
-3.1593772365766126,-4.648882429441258,5.998026728428272,-5.36982895585588,0.8400193143612134,5.650476644283576,-0.5916219742451886,0.006793264582527685,0.010312323997861654,0.8061209258667711,-0.04661390255190972,0.2622467924211394,-0.0017554128815147605,0.013763036713498877,0.0016687225297573605,-0.034824297472368926,4467,395000000,26.92,0,2,1,-6.852451740515482,-0.6431068338696083,5.73060368695714,-6.852451740515482,-0.6431068338696083,5.73060368695714,162.53740167617798
-3.086582838174554,-4.619397662556435,6.0,-5.319525971218326,0.8307315371293859,5.643916716352208,-0.5920099800859896,0.006012089839077429,0.01131772754518604,0.8058287332290689,-0.019114568064827087,0.24612559346030674,-0.06289317716622476,0.013957565806776984,-0.00031671495861473886,0.03007554423675174,4467,626000000,26.11,0,2,1,-6.816924139253383,-0.6818302905045542,5.737589209346785,-6.816924139253383,-0.6818302905045542,5.737589209346785,162.94666528701782
-3.0142605468261,-4.588773128419907,5.998026728428272,-5.282383970247413,0.8197470241804309,5.630734641265074,-0.5954186558769673,0.005072617037646623,0.012166365475316045,0.8033074581635452,0.007294183953018349,0.23673010337199715,-0.10428907307280562,0.015558894665446132,0.004659643627746846,0.06816474415245466,4467,836000000,26.06,0,2,1,-6.779563969075843,-0.7102737581080317,5.729740891963686,-6.779563969075843,-0.7102737581080317,5.729740891963686,163.30886101722717
-2.942428206974456,-4.557016383177226,5.9921147013144775,-5.243218684797801,0.8034604660004727,5.608799047213409,-0.601317540559915,0.003471133005186219,0.013100385556094616,0.7988952037338296,0.035223261766751265,0.2289688366842098,-0.14420144432260712,0.01904896562336944,0.009482652785663959,0.09164537113974802,4468,57000000,26.48,0,2,1,-6.746056226793776,-0.7286946336025198,5.715269047197827,-6.746056226793776,-0.7286946336025198,5.715269047197827,163.68252968788147
-2.871103542174641,-4.524135262330099,5.98228725072869,-5.197986057776534,0.7785896990765342,5.57341922952807,-0.6098102758898675,0.0009111781794571049,0.014228858092144879,0.7924191673419078,0.06410715485746664,0.2219331369022798,-0.18504835975728567,0.021141371144040022,0.012215586320962757,0.09956170179066248,4468,256000000,27.27,0,2,1,-6.704906183874306,-0.7457150811245045,5.691805399875362,-6.704906183874306,-0.7457150811245045,5.691805399875362,164.07388973236084
-2.871103542174641,-4.524135262330099,5.98228725072869,-5.154515947791294,0.7495142491686475,5.530178263532043,-0.6184143515749028,-0.0016617019469666837,0.01520174910229621,0.7857034016326152,0.08626127214289124,0.21699414276883,-0.21877919217272654,0.019367380264156964,0.010925397873506881,0.0985551429039333,4468,463000000,28.46,0,2,1,-6.650334728985903,-0.7623987414252646,5.654503843414738,-6.650334728985903,-0.7623987414252646,5.654503843414738,164.4316167831421
-2.8003041507204247,-4.490137878803078,5.968583161128631,-5.1157707207651395,0.7204354484536267,5.485222054855743,-0.6258943702185684,-0.003732680060478102,0.015978812179820848,0.7797351999169906,0.10144590508001397,0.21368123002141295,-0.24391233155168077,0.01707167557469802,0.00894636868906673,0.09356388545711525,4468,691000000,29.71,0,2,1,-6.591885277020024,-0.7757445084080964,5.609383257164677,-6.591885277020024,-0.7757445084080964,5.609383257164677,164.81822037696838
-2.730047501302271,-4.455032620941842,5.951056516295155,-5.077443116302822,0.6895661282389465,5.435984678372273,-0.6326862049940274,-0.005455354481685491,0.01657821307427266,0.7742115782969139,0.11325693639161347,0.21022207633012258,-0.2633701426821702,0.014217037187336246,0.007292511872947216,0.08376903060707264,4468,864000000,30.83,0,2,1,-6.535987749038359,-0.7857022540703386,5.562747588396177,-6.535987749038359,-0.7857022540703386,5.562747588396177,165.2127513885498
-2.6603509286971345,-4.418828150443468,5.929776485888252,-5.046985710157885,0.6639932237771492,5.394172577279812,-0.6372604663942946,-0.006645437620078601,0.016992838421882116,0.770432462693604,0.11983714202562654,0.2075786712166961,-0.27547482740382223,0.012501324363256572,0.006446251882152865,0.06790348634240218,4469,68000000,31.87,0,2,1,-6.477870141502687,-0.7940995733598321,5.511662656193482,-6.477870141502687,-0.7940995733598321,5.511662656193482,165.58240723609924
-2.6603509286971345,-4.418828150443468,5.929776485888252,-5.012858595287792,0.6347086570803939,5.3451400946765615,-0.6408949811805618,-0.007789478930848744,0.017386209307221297,0.7673921206537626,0.12417783388823525,0.20510090450882043,-0.2860636570839553,0.010519327679503476,0.005664177479047794,0.03964571878896095,4469,280000000,32.57,0,2,1,-6.430254662390234,-0.8002500579562569,5.468174470177704,-6.430254662390234,-0.8002500579562569,5.468174470177704,165.95739793777466
-2.5912316294914213,-4.3815334002193165,5.904827052466018,-4.971343032303027,0.5988790818164946,5.283109848542903,-0.6408940974997865,-0.008976267310182336,0.0178395198699563,0.7673694898456151,0.12336841654820596,0.20263492190767957,-0.2951986218759793,0.009215923091687728,0.005536880235013086,-0.030523115310643334,4469,544000000,32.99,0,2,1,-6.370181504125952,-0.8080098383519039,5.411215532562115,-6.370181504125952,-0.8080098383519039,5.411215532562115,166.32640433311462
-2.522706657837964,-4.343157572190957,5.876306680043864,-4.930221542509682,0.5635205423875879,5.219489492621886,-0.636132772530115,-0.009892476708440939,0.018207405900496205,0.7713013191925037,0.11436689488450731,0.2033879270168749,-0.3017833814193235,0.007361980851783301,0.00501527651977085,-0.07376810608548112,4469,776000000,33.15,0,2,1,-6.310569637705045,-0.8172536008089849,5.351783627474838,-6.310569637705045,-0.8172536008089849,5.351783627474838,166.71492433547974
-2.454792921248142,-4.303710135019717,5.844327925502014,-4.88487446715542,0.5340488194422315,5.154140682432868,-0.6285223662792352,-0.01074606561103416,0.018674237947534228,0.7774930417680359,0.06310501230653068,0.22751192104371865,-0.31170001703184147,0.008853282361087622,0.005606271679425845,-0.10010244004661217,4469,968000000,32.37,0,2,1,-6.250267032245975,-0.8357731390998848,5.2835187052815895,-6.250267032245975,-0.8357731390998848,5.2835187052815895,167.1657612323761
-2.454792921248142,-4.303710135019717,5.844327925502014,-4.846879776214214,0.5189515966267771,5.10531061818888,-0.6217500479748266,-0.01143895755024246,0.01908264722934134,0.7828996619415447,0.017466383837728923,0.24785848236366054,-0.3198142795368083,0.010779548483696999,0.006652594311162829,-0.11399273571441881,4470,132000000,31.08,0,2,1,-6.198748223218863,-0.8671926558880847,5.2123277561786905,-6.198748223218863,-0.8671926558880847,5.2123277561786905,167.52499222755432
-2.3875071764202582,-4.263200821770463,5.809016994374949,-4.7873474720528195,0.5074325908528498,5.036424803962993,-0.6112310122128664,-0.012688990163184487,0.01974077656455724,0.791104254177982,-0.04392400146710242,0.270205663604084,-0.329400060576887,0.014449120499193668,0.009923911420628428,-0.12314244668232277,4470,302000000,29.9,0,2,1,-6.166614483984794,-0.8975324643709336,5.1591189278243,-6.166614483984794,-0.8975324643709336,5.1591189278243,167.95462441444397
-2.3208660251050164,-4.221639627510075,5.770513242775789,-4.685589652706462,0.5047884533680745,4.928048479031029,-0.5959566628383766,-0.015722737838774533,0.020568556793403327,0.802599144034452,-0.090772817154588,0.27040859255112887,-0.3339362924420787,0.01436119455320295,0.017458544425608125,-0.097158631979255,4470,540000000,28.07,0,2,1,-6.128094293136687,-0.9467632078154753,5.084918695858874,-6.128094293136687,-0.9467632078154753,5.084918695858874,168.55319452285767
-2.254885910009345,-4.179036806841354,5.7289686274214136,-4.620067567037671,0.5063472860312095,4.857797066867237,-0.5879358049390844,-0.01787444185805545,0.020637621028527862,0.8084467095592491,-0.09487528830250082,0.2582029107305777,-0.3339863671001688,0.010473267684574239,0.017690661297820043,-0.0759312475565821,4470,749000000,25.38,0,2,1,-6.074667634988867,-1.0293915003411,4.971028614124471,-6.074667634988867,-1.0293915003411,4.971028614124471,168.9813368320465
-2.1895831107393473,-4.1354028713728095,5.684547105928688,-4.57547511658344,0.5056540144810792,4.80691390261788,-0.5852457694173091,-0.019314312172349524,0.020459849092364174,0.8103676581031404,-0.06870011773781151,0.23996024430923,-0.3315876060021167,0.006804076701882877,0.015802284906385466,-0.01751049294398399,4470,956000000,23.93,0,2,1,-6.036857107489877,-1.076686539554015,4.899155971533812,-6.036857107489877,-1.076686539554015,4.899155971533812,169.35184335708618
-2.124973739783611,-4.09074858712512,5.637423989748693,-4.534537753982191,0.5018239393514482,4.756368427678422,-0.585906929248551,-0.02052317512138302,0.02021227288634246,0.8098662442442199,-0.04284460387667741,0.2260459687205421,-0.3284125446679192,0.005645948294841219,0.01181063389594783,0.03562536076060496,4471,143000000,23.34,0,2,1,-6.005433934270501,-1.1045840867825882,4.847972403889648,-6.005433934270501,-1.1045840867825882,4.847972403889648,169.70593118667603
-2.0610737385376354,-4.045084971874738,5.587785252292473,-4.491908857289395,0.4941505737293035,4.700070429157078,-0.5899083548857007,-0.02143090317282515,0.019803535813455536,0.8069427917730774,-0.017847692025146272,0.21570739431195157,-0.3241021615961652,0.000834089530599158,0.00705264742464351,0.06910322481417097,4471,302000000,23.25,0,2,1,-5.970563291257325,-1.1266536676567511,4.797847074026335,-5.970563291257325,-1.1266536676567511,4.797847074026335,170.0323281288147
-2.0610737385376354,-4.045084971874738,5.587785252292473,-4.447371994563514,0.48239443260493137,4.638358972800195,-0.5960952639082707,-0.021775502768488237,0.01912837649085809,0.8023904093632553,0.0036118406616730873,0.20947177359247754,-0.31870425807895175,-0.004291913091947208,0.0025970663728003274,0.08176518749678507,4471,501000000,23.63,0,2,1,-5.927702930574836,-1.1451366823233042,4.7427850292528255,-5.927702930574836,-1.1451366823233042,4.7427850292528255,170.35807466506958
-1.9978988733705845,-3.998423292435456,5.535826794979001,-4.4130655503654035,0.4711528024936429,4.589704764684829,-0.6013917535319208,-0.021669282421952814,0.018534283213552247,0.7984452901288094,0.01651717085457359,0.2070737436851696,-0.3140170733458902,-0.006414402605514624,-8.11791341703838e-05,0.08321571658598259,4471,712000000,24.35,0,2,1,-5.876187854178227,-1.158829999053176,4.683070599317017,-5.876187854178227,-1.158829999053176,4.683070599317017,170.6779065132141
-1.9354647317351192,-3.950775061878453,5.481753674101717,-4.3795191073348825,0.45864953476485937,4.541807638143647,-0.6066943297250857,-0.021372180069402887,0.017992640453757928,0.7944441359139178,0.027399786242791248,0.20542056330022196,-0.30804721852468336,-0.007334113934120978,-0.001979790613404475,0.08266777731478214,4471,934000000,24.87,0,2,1,-5.8269823899429545,-1.1660382901287707,4.630623048268805,-5.8269823899429545,-1.1660382901287707,4.630623048268805,171.0057168006897
-1.9354647317351192,-3.950775061878453,5.481753674101717,-4.35054494509556,0.4468727364633347,4.503986758111072,-0.6112799700542753,-0.020967314354772816,0.017510695598310165,0.7909428206127518,0.03397334641055195,0.2092980264423831,-0.2395822959964497,-0.011164517945871921,-0.0030556924457414425,0.08192909881472588,4472,149000000,25.69,0,2,1,-5.787142879742823,-1.1688192028324236,4.590576130128847,-5.787142879742823,-1.1688192028324236,4.590576130128847,171.34263467788696
-1.8737867183214725,-3.902152036691647,5.425779291565071,-4.305039585309994,0.4273441102662856,4.470166992554866,-0.6183912105184577,-0.01967693526548508,0.016031804233272547,0.7854604447234121,0.04044419731980835,0.21780434347543598,-0.09915814733104475,-0.021999681848683394,-0.0028119154421801795,0.08121411738102324,4472,304000000,26.3,0,2,1,-5.746106721036891,-1.169516755867807,4.554426181565371,-5.746106721036891,-1.169516755867807,4.554426181565371,171.79352116584778
-1.8128800512565535,-3.852566213878948,5.36812455268468,-4.2595320515225445,0.40711423986100587,4.465001310159165,-0.6254461452961286,-0.01784865447002069,0.013778816860445044,0.7799414651586039,0.04526355772886768,0.22343950769567927,0.02369918988724028,-0.028328180451353546,-0.0018475565525477577,0.08149167115334421,4472,541000000,27.28,0,2,1,-5.6794254993200655,-1.16727199035717,4.5228940023836035,-5.6794254993200655,-1.16727199035717,4.5228940023836035,172.20526361465454
-1.7527597583490806,-3.802029828000154,5.309016994374947,-4.2139139266508705,0.38675297298955497,4.484506736596417,-0.6325208414580672,-0.015624355419714244,0.01118529715931398,0.7743049488194913,0.04706222937851119,0.22694513040443423,0.12894754799545496,-0.032643452868796885,-0.003670324053928198,0.08161199511960149,4472,878000000,28.28,0,2,1,-5.610671811443718,-1.1617753117568987,4.519278967867028,-5.610671811443718,-1.1617753117568987,4.519278967867028,172.58350133895874
-1.7527597583490806,-3.802029828000154,5.309016994374947,-4.168071736813108,0.367122073940465,4.524995174083753,-0.6392794128874691,-0.012733975266098988,0.008591499453628845,0.7688210872949007,0.04476305476783636,0.2278487117217506,0.2181925647948369,-0.03811361857515294,-0.008839827660267474,0.0745445846405346,4473,91000000,29.31,0,2,1,-5.54054878041216,-1.1538342826620809,4.539401551080957,-5.54054878041216,-1.1538342826620809,4.539401551080957,172.98819875717163
-1.6934406733817435,-3.7505553481523,5.248689887164858,-4.13031937522189,0.3523087289596016,4.571141425634293,-0.6439773988340417,-0.009751663508609176,0.006460397728433615,0.7649550824139589,0.0398491851780711,0.22722680109974105,0.27893976382792474,-0.03925135933968704,-0.0120559456263436,0.06264951007324271,4473,255000000,30.29,0,2,1,-5.470549210450808,-1.1455922289313727,4.5796342997625095,-5.470549210450808,-1.1455922289313727,4.5796342997625095,173.39149379730225
-1.634937432451133,-3.6981554748930483,5.187381314585725,-4.092431252578153,0.3390916590390797,4.626843557847958,-0.6472931319331644,-0.006669569753578876,0.0047936070303181205,0.7621969165006482,0.03226187581349689,0.2241277393723362,0.32780801718142827,-0.035066997952526435,-0.01621258725208463,0.03657111774373334,4473,409000000,30.94,0,2,1,-5.415918379690639,-1.1425558945716505,4.625515079551548,-5.415918379690639,-1.1425558945716505,4.625515079551548,173.78203749656677
-1.5772644703565604,-3.6448431371070606,5.125333233564308,-4.0546164868026455,0.3280042521581036,4.689982405071295,-0.6473724737774131,-0.003483159032383493,0.003579567619930349,0.762157421071344,0.020514723200739292,0.21959469161095718,0.36500736625919156,-0.03187375514244195,-0.019521699141478166,-0.025753226509550586,4473,594000000,31.35,0,2,1,-5.365288498119578,-1.144999764909902,4.681590189476204,-5.365288498119578,-1.144999764909902,4.681590189476204,174.13302159309387
-1.520436017038429,-3.5906314888159447,5.0627905195293135,-4.016262037369587,0.3203030983063455,4.7587328761007,-0.6435899755282142,-0.0005354207682208892,0.0028293668317736606,0.765365044542488,-0.005150288432336878,0.22053969555421515,0.3932041104367977,-0.02592339169495972,-0.019416736176935956,-0.07609466556459665,4473,782000000,31.23,0,2,1,-5.320288916827462,-1.1538600331505724,4.746246877328078,-5.320288916827462,-1.1538600331505724,4.746246877328078,174.47423577308655
-1.520436017038429,-3.5906314888159447,5.0627905195293135,-3.971563604589022,0.3175971176671992,4.840003635836617,-0.6361878030758219,0.002334624090260584,0.002315337289466586,0.7715272308617191,-0.042966575628604745,0.22548230944772554,0.4166449210027411,-0.0209024907235289,-0.01845138376666,-0.11001770180882886,4473,962000000,30.52,0,2,1,-5.280538741645799,-1.1670767477769135,4.817881160792332,-5.280538741645799,-1.1670767477769135,4.817881160792332,174.82656598091125
-1.4644660940672658,-3.5355339059327417,5.000000000000004,-3.9196007991021773,0.3219278717805357,4.933514026916989,-0.6267078478855895,0.005277825540701653,0.002075324618819805,0.7792336690517815,-0.07996131572023568,0.2262303115390613,0.43368385764575834,-0.017107486019085627,-0.021234680752968416,-0.10834128552232869,4474,103000000,29.26,0,2,1,-5.241262775770642,-1.1842371276287451,4.903533135629471,-5.241262775770642,-1.1842371276287451,4.903533135629471,175.31636357307434
-1.409368511184057,-3.4795639829615728,4.937209480470687,-3.861806609112883,0.3328834434259643,5.038669900869388,-0.6175932868328404,0.008728664930713793,0.0023595405314291427,0.7864456593026734,-0.10201237621950918,0.2169389623132078,0.44596988044022695,-0.015501092821068596,-0.02646459124662215,-0.07750640797894448,4474,246000000,27.7,0,2,1,-5.202532938835471,-1.2039541932905922,5.002595126873095,-5.202532938835471,-1.2039541932905922,5.002595126873095,175.8070423603058
-1.3551568628929438,-3.422735529643445,4.8746667664356975,-3.8192699517088537,0.3432211387496541,5.1186854421016745,-0.6139350654321284,0.011470999775919869,0.002830865957446689,0.7892681026083087,-0.10611865434717731,0.20716494229997823,0.4505150541670414,-0.01261155948668602,-0.027384160785004497,-0.034119089832529426,4474,474000000,26.2,0,2,1,-5.164097864198646,-1.2251359490094869,5.1137213347769634,-5.164097864198646,-1.2251359490094869,5.1137213347769634,176.17938995361328
-1.3018445251069535,-3.3650625675488683,4.812618685414277,-3.773410821295628,0.3554854409199279,5.207848778890298,-0.6128470663102179,0.01426268027664862,0.0034240240626917046,0.7900653930691457,-0.10442427642474088,0.19782332365852756,0.45073645320108496,-0.01088493281713454,-0.023872969541116618,0.000628878130726207,4474,692000000,25.54,0,2,1,-5.136157031645621,-1.2391657463469716,5.19761810159733,-5.136157031645621,-1.2391657463469716,5.19761810159733,176.5129795074463
-1.3018445251069535,-3.3650625675488683,4.812618685414277,-3.7243365783770157,0.3694657149524408,5.30503610597508,-0.6133151945151518,0.01666412626487556,0.004021965766400543,0.7896522037353177,-0.103840467492099,0.19183565654997345,0.4441544008341465,-0.0066992452047998086,-0.01777478482836159,0.008413316936639603,4474,906000000,25.25,0,2,1,-5.102494215439397,-1.2488646017499794,5.289955555762402,-5.102494215439397,-1.2488646017499794,5.289955555762402,176.90163898468018
-1.2494446518477016,-3.306559326618258,4.751310112835144,-3.689146879155945,0.38008147899987405,5.3741885427728135,-0.6137923376284902,0.017919466822731836,0.004484409643525942,0.7892513852046705,-0.1053987610826221,0.18952839871724086,0.4225503507930757,-0.003875909010275791,-0.014337960965349339,0.007695613840041915,4475,128000000,25.19,0,2,1,-5.05911821127192,-1.2486052581365366,5.388639906500366,-5.05911821127192,-1.2486052581365366,5.388639906500366,177.27383422851562
-1.1979701719998475,-3.247240241650921,4.690983005625055,-3.6541322104731906,0.3911689672056272,5.431072914910814,-0.6142017629370415,0.018647071453340498,0.0051785380851511,0.7889116958662388,-0.11115538940653288,0.19001654556306077,0.31075057107107495,0.0056177747410401935,-0.010679526803869521,0.005669406345987227,4475,309000000,25.19,0,2,1,-5.0235774628470935,-1.2415861353008835,5.457671527314447,-5.0235774628470935,-1.2415861353008835,5.457671527314447,177.63857793807983
-1.147433786121053,-3.1871199487434483,4.631875447315322,-3.6104583538069797,0.4056995194926357,5.478066744863919,-0.6144980200158201,0.01865106462731371,0.006448835280385178,0.7886714992368058,-0.11884794173534503,0.19114072116095257,0.1817831887597515,0.014017095509188948,-0.005175066644369508,0.0019293918626317463,4475,480000000,25.2,0,2,1,-4.985170518500023,-1.229547239607358,5.513524474114403,-4.985170518500023,-1.229547239607358,5.513524474114403,178.0262930393219
-1.147433786121053,-3.1871199487434483,4.631875447315322,-3.5624439420031693,0.42249724787496346,5.50134260909491,-0.6145026398659721,0.017603690069329457,0.008104547418835222,0.7886766967552863,-0.12675407470576575,0.19216602390692147,0.05179403830889952,0.018646203716343734,0.0016830554841362755,-0.0017339065948362986,4475,667000000,25.19,0,2,1,-4.9337404431996745,-1.2083425822850646,5.558225814394192,-4.9337404431996745,-1.2083425822850646,5.558225814394192,178.40938568115234
-1.0978479633083538,-3.1262132816785293,4.574220708434931,-3.5188462958364948,0.43799420278013895,5.499010790324209,-0.6143620576038064,0.015888616151256817,0.00942185836021216,0.7888079884475406,-0.13018935617236838,0.19245220832959384,-0.05532304267321514,0.023353252618107945,0.008558098670619074,-0.0024088560849122587,4475,859000000,25.16,0,2,1,-4.873985704925018,-1.179017315419005,5.578680637467047,-4.873985704925018,-1.179017315419005,5.578680637467047,178.75491642951965
-1.0492249381215486,-3.0645352682648825,4.518246325898285,-3.479896976909065,0.4512839413366771,5.479569849244361,-0.6144336187947184,0.013546476192719396,0.010456772454474834,0.7887829086557481,-0.1265798483714618,0.1913698712167192,-0.14405166231045874,0.026657226408133283,0.01662786289671203,0.002130372149622417,4476,38000000,25.11,0,2,1,-4.818732035187976,-1.1501324530480592,5.574476259752911,-4.818732035187976,-1.1501324530480592,5.574476259752911,179.12055253982544
-1.0015767075645505,-3.0021011266294244,4.464173205021007,-3.4457526385139605,0.46191938343294486,5.454988729818824,-0.6147804556201314,0.010719360317462567,0.011310067771403302,0.7885443355125278,-0.1160734411783845,0.1895090349457998,-0.13797054501539943,0.028584388201124966,0.024544534244341776,0.0070598331149085425,4476,278000000,25.12,0,2,1,-4.769439804927823,-1.1244271266005468,5.5543652533266465,-4.769439804927823,-1.1244271266005468,5.5543652533266465,179.45656156539917
-1.0015767075645505,-3.0021011266294244,4.464173205021007,-3.407976900105501,0.47202851874693863,5.432961663884329,-0.6155380080147375,0.007523020087516317,0.011412617742261289,0.7879886528461439,-0.10269906764710564,0.18898141043815544,-0.10557524473950597,0.018699595602811314,0.028790034593839664,0.012830271498387447,4476,504000000,25.16,0,2,1,-4.7272826310669664,-1.1042952940703246,5.530078304349427,-4.7272826310669664,-1.1042952940703246,5.530078304349427,179.863463640213
-0.9549150281252636,-2.938926261462367,4.4122147477075275,-3.358242016551243,0.48261628907477494,5.412735874305835,-0.6170875453075287,0.003930349653830288,0.010215156266706635,0.7868183807972294,-0.08752896744778242,0.19041352639122014,-0.06518757358808776,0.006916392567291041,0.028775542341463733,0.0188748261280125,4476,697000000,25.26,0,2,1,-4.682168566103138,-1.0858221686258869,5.509196749998908,-4.682168566103138,-1.0858221686258869,5.509196749998908,180.26364088058472
-0.9092514128748839,-2.875026260216394,4.362576010251312,-3.3130996129028554,0.48991523090801314,5.402403362716927,-0.6188963566453972,0.0013135074260257453,0.00886451539977226,0.7854215395544116,-0.0765454720673053,0.19152920538472423,-0.03324416503404292,0.004420142386152293,0.023297536245081574,0.02211615319538396,4476,886000000,25.45,0,2,1,-4.6275150562051826,-1.0717717376969,5.489245990892351,-4.6275150562051826,-1.0717717376969,5.489245990892351,180.63984084129333
-0.8645971286271923,-2.8104168892606545,4.315452894071313,-3.260146871594737,0.4965569192708341,5.398234876901083,-0.6212008566339474,-0.000945767843850186,0.007692920817138221,0.7836130551552446,-0.06875768479092564,0.19223538576507987,-0.008355204225176362,0.0039750166706653545,0.015143481687118765,0.023111650079954416,4477,113000000,25.64,0,2,1,-4.5827363207302385,-1.0701119328286133,5.477562708028051,-4.5827363207302385,-1.0701119328286133,5.477562708028051,181.15712547302246
-0.8645971286271923,-2.8104168892606545,4.315452894071313,-3.2117105903090284,0.5017716175635706,5.379845350383238,-0.6234037138713546,-0.0028072534630043076,0.00758344982440114,0.7818583120669353,-0.06587575410183484,0.18906352697571993,-0.14081053800767593,0.014243419718695804,0.010771931647468591,0.02405024406471057,4477,273000000,25.82,0,2,1,-4.535370654258151,-1.0799930589600932,5.470281976524176,-4.535370654258151,-1.0799930589600932,5.470281976524176,181.6245150566101
-0.8209631931586472,-2.745114089990657,4.271031372578587,-3.175660598804295,0.5055320494832137,5.346480737263014,-0.6251252350204433,-0.004476892742491271,0.008239655583024069,0.7804681326280276,-0.06479326312601742,0.18623095096499587,-0.22904716566333744,0.019392172362131532,0.009113077794609126,0.025031890254467726,4477,427000000,25.93,0,2,1,-4.495772142140148,-1.0976615085279675,5.448293602147793,-4.495772142140148,-1.0976615085279675,5.448293602147793,181.9946756362915
-0.7783603724899262,-2.6791339748949854,4.229486757224212,-3.1319703358538646,0.5101540906668468,5.285718714063903,-0.6273254508182051,-0.00670224654446297,0.009533058078632858,0.7786700067747969,-0.0631451388727726,0.18113329826416896,-0.32369886077120574,0.019119955140922684,0.00826363484520698,0.026595386952976696,4477,625000000,26.03,0,2,1,-4.466590267857262,-1.1118939310747715,5.412277747499442,-4.466590267857262,-1.1118939310747715,5.412277747499442,182.34569716453552
-0.7367991782295382,-2.6124928235797436,4.190983005625052,-3.0964770926165186,0.5138596933037587,5.222161933756702,-0.6292099747242575,-0.008438960991269309,0.010097370830632852,0.7771239506971815,-0.060619097871588215,0.17830706486296558,-0.38675266629974736,0.017571434182173107,0.012086774404451717,0.02762992098723771,4477,848000000,26.2,0,2,1,-4.42649320434949,-1.1206976874060472,5.348719716652223,-4.42649320434949,-1.1206976874060472,5.348719716652223,182.69321250915527
-0.696289864980284,-2.5452070787518597,4.1556720744979865,-3.0610030887836426,0.5174710473843472,5.148376888686061,-0.6310881349573175,-0.010175687746123822,0.010153386856244673,0.7755779329186302,-0.05843091739295982,0.17668559180394214,-0.4391906697409448,0.012566814166348195,0.015415364396176301,0.026929870000458322,4478,59000000,26.41,0,2,1,-4.388705760071391,-1.118441492514681,5.28348611177961,-4.388705760071391,-1.118441492514681,5.28348611177961,183.07217454910278
-0.696289864980284,-2.5452070787518597,4.1556720744979865,-3.0292479317740146,0.5207051806183167,5.08235474750777,-0.6326601864711291,-0.011539181438903546,0.00967201500650462,0.7742831445096491,-0.057774602029158476,0.18024557229607124,-0.38765100887658643,0.0024715427571209148,0.017171437866636552,0.02467348094796762,4478,218000000,26.67,0,2,1,-4.3468621791678475,-1.1085905436719223,5.208462989124377,-4.3468621791678475,-1.1085905436719223,5.208462989124377,183.41141533851624
-0.6568424278090434,-2.4772933421620373,4.1236933199561365,-2.9970373664247094,0.5241175452457161,5.026722668348262,-0.6340871966628614,-0.01244037037998701,0.008561211561822157,0.7731140729993446,-0.058841995974812975,0.18515279479244437,-0.32435403395924295,-0.00685131431055197,0.016945514107646886,0.022107511722424533,4478,387000000,26.92,0,2,1,-4.306725307638468,-1.0944189224022673,5.141603767346241,-4.306725307638468,-1.0944189224022673,5.141603767346241,183.74798607826233
-0.6184665997806844,-2.4087683705085805,4.095172947533982,-2.960259980865871,0.5283456223091219,4.975822691328663,-0.6355246694088051,-0.012945912814826117,0.00683050310612177,0.7719417997113106,-0.060806405806237564,0.19010718436474183,-0.2576151510092742,-0.01384402348776348,0.01551793648104649,0.019681806952576153,4478,574000000,27.18,0,2,1,-4.26438146313721,-1.076350644644242,5.08520553114439,-4.26438146313721,-1.076350644644242,5.08520553114439,184.0964024066925
-0.581171849556533,-2.3396490713028677,4.070223514111749,-2.9106364620600385,0.5347777020886899,4.925395890163058,-0.6372674166468615,-0.013260902894130717,0.004753587936634248,0.7705139788066124,-0.06492193546084261,0.19411930155972335,-0.1798337341257702,-0.009289462195738452,0.009856621181825176,0.018185456428909674,4478,799000000,27.46,0,2,1,-4.215311450105343,-1.0534669372321661,5.03308260097048,-4.215311450105343,-1.0534669372321661,5.03308260097048,184.55311274528503
-0.581171849556533,-2.3396490713028677,4.070223514111749,-2.8607358986526745,0.5423829321427284,4.891916381039844,-0.638893230084238,-0.01311905212919662,0.0032587972356296156,0.769176645033075,-0.07006764925343122,0.19581792525182978,-0.1150060139808408,-0.008030777553358348,0.004119254253964755,0.016828740626806393,4479,25000000,27.79,0,2,1,-4.150652852677739,-1.0243088294830733,4.979605319396392,-4.150652852677739,-1.0243088294830733,4.979605319396392,184.98616886138916
-0.5449673790581606,-2.2699524986977346,4.048943483704846,-2.8150099473968027,0.5505468227009028,4.873624959364977,-0.6402418747749036,-0.012663493429948085,0.002414755858488645,0.7680651968895676,-0.07528898496573358,0.19570653937143356,-0.06544627582144225,-0.006565579042216996,-0.0005562762623867457,0.014086486953601707,4479,289000000,28.04,0,2,1,-4.091190140150939,-1.0039740771774661,4.940677193040473,-4.091190140150939,-1.0039740771774661,4.940677193040473,185.40990281105042
-0.5098621211969228,-2.199695849279577,4.031416838871369,-2.7696208508357563,0.5598178516578471,4.865260911212815,-0.6410190926079483,-0.011989533924201165,0.002146553119295576,0.7674282808823693,-0.08033004341541636,0.193659350857986,-0.023796227850486778,-0.004701553598351893,-0.005312784014677163,0.0047708813781355275,4479,520000000,28.18,0,2,1,-4.04218171449572,-0.994267923240586,4.915470188285274,-4.04218171449572,-0.994267923240586,4.915470188285274,185.861572265625
-0.47586473766990345,-2.128896457825365,4.017712749271311,-2.720595909692435,0.5716377770553093,4.865451620025273,-0.6410039313059965,-0.010921389070591273,0.002240938781335372,0.7674566186465555,-0.08891558279177383,0.1908114760212503,0.01307078698993153,-0.004860918033955386,-0.008807356061879545,-0.0036859667943645036,4479,709000000,28.18,0,2,1,-3.998100606504471,-0.9920699199174551,4.898894061771459,-3.998100606504471,-0.9920699199174551,4.898894061771459,186.30041933059692
-0.442983616822775,-2.057571793025546,4.0078852986855225,-2.668058007747745,0.5868009537474903,4.874385770096676,-0.6404563087412747,-0.009475328949077017,0.0025374751907377424,0.7679319604981056,-0.09835999899554955,0.18703220775452561,0.04440444565540318,-0.0057338121223438065,-0.010890264456975274,-0.006217668214958394,4479,927000000,27.99,0,2,1,-3.954927834585005,-0.9965504129730547,4.88955266259979,-3.954927834585005,-0.9965504129730547,4.88955266259979,186.73874855041504
-0.4112268715800935,-1.9857394531739017,4.001973271571728,-2.6360808930778368,0.5973193697264488,4.883465555713687,-0.640112134344479,-0.008473834889416587,0.0027563995114177255,0.7682298170788192,-0.10357893540011916,0.18439452234252446,0.059990850860936515,-0.006117374095993,-0.011440519119787496,-0.0055627842812100425,4480,114000000,27.67,0,2,1,-3.9129346340538977,-1.0072646153613536,4.88851628545407,-3.9129346340538977,-1.0072646153613536,4.88851628545407,187.07877492904663
-0.38060233744356786,-1.913417161825452,4.0,-2.6044034687051867,0.6087023614904479,4.894772512621197,-0.6396876292318392,-0.007441980565924437,0.002994828093333495,0.7685931205375811,-0.10898172559841904,0.18135881161145537,0.07286155139608085,-0.005906292017243686,-0.012158060690126149,-0.009149392462859396,4480,281000000,27.45,0,2,1,-3.8890331642269693,-1.015921291463995,4.891919828492904,-3.8890331642269693,-1.015921291463995,4.891919828492904,187.43188428878784
-0.38060233744356786,-1.913417161825452,4.0,-2.5691556426832425,0.6227077328384203,4.9095891809313885,-0.6387876235360505,-0.006205298360967088,0.0032845866348576768,0.7693510757645395,-0.11640422737219273,0.17764087843518908,0.08435045727270654,-0.0064747996930236695,-0.012802175569959218,-0.01708214549580589,4480,447000000,27.22,0,2,1,-3.866175527011203,-1.0254365237068626,4.897973078670281,-3.866175527011203,-1.0254365237068626,4.897973078670281,187.78596687316895
-0.3511175705587428,-1.8406227634233894,4.001973271571728,-2.5381342652931007,0.6364115311972596,4.924245434023371,-0.637504533566848,-0.0050619371373036804,0.0035420423682485905,0.7704218327708495,-0.12412895913421881,0.1740773122339489,0.0927308273383312,-0.006585883966181427,-0.012904501454613637,-0.02397890802967595,4480,614000000,26.9,0,2,1,-3.840346789220762,-1.0344930539535218,4.907572067444438,-3.840346789220762,-1.0344930539535218,4.907572067444438,188.10248374938965
-0.32277984585066477,-1.7673742188962895,4.007885298685522,-2.5074050749470116,0.6513106545930285,4.940066452801823,-0.6358671039774604,-0.003923262362900623,0.0037946907458963047,0.7717792653433313,-0.1312855315384398,0.1702810688994188,0.09991768218587666,-0.006529862230308936,-0.012741300906782271,-0.028794528589060064,4480,778000000,26.57,0,2,1,-3.814493108918267,-1.03583390372469,4.918229092737618,-3.814493108918267,-1.03583390372469,4.918229092737618,188.38375210762024
-0.32277984585066477,-1.7673742188962895,4.007885298685522,-2.47697300923721,0.6673561332654561,4.9568716832594015,-0.6339366330754576,-0.0027907622485759814,0.00401154386205937,0.773369552288469,-0.13885847953898972,0.16642784668060698,0.10609242846034603,-0.006881692752358504,-0.012242462707945378,-0.033555661502759904,4481,39000000,26.22,0,2,1,-3.784925367381752,-1.0289062794006258,4.93055124458821,-3.784925367381752,-1.0289062794006258,4.93055124458821,188.66391849517822
-0.29559615522887306,-1.693689601226457,4.017712749271311,-2.4505526600869434,0.6824128126694677,4.972272001988965,-0.6319872646086511,-0.0018296847581032785,0.004175805843116384,0.7749653619818895,-0.14619790384918424,0.1629999037062528,0.11091313331075632,-0.006681172089884058,-0.011692027055687504,-0.038300210508168675,4481,266000000,25.86,0,2,1,-3.751969989920195,-1.0142485116984097,4.9442752814498325,-3.751969989920195,-1.0142485116984097,4.9442752814498325,188.9551556110382
-0.29559615522887306,-1.693689601226457,4.017712749271311,-2.4243128484099645,0.6984506857250287,4.987566710064525,-0.6297995643933916,-0.0009224983944807921,0.0043398000270331374,0.7767450185371849,-0.1533621086026798,0.15907938389541537,0.08823913592355072,-0.005217386024014559,-0.011019832163583487,-0.042104165549972095,4481,484000000,25.52,0,2,1,-3.7208232231942193,-0.9958920324448072,4.957269700637186,-3.7208232231942193,-0.9958920324448072,4.957269700637186,189.24788188934326
-0.2695732058622733,-1.619587090990748,4.031416838871369,-2.398293547466884,0.7154321708093846,4.993453114335203,-0.6274101661283547,-0.0003012952176045915,0.0046659193662777765,0.7786749141050131,-0.16106849927781566,0.15451660558961516,0.0024275851697661863,0.0008193234805276006,-0.008154380157066043,-0.04571243152895477,4481,705000000,25.17,0,2,1,-3.6879767664495797,-0.9732019907281086,4.970394180238478,-3.6879767664495797,-0.9732019907281086,4.970394180238478,189.541912317276
-0.24471741852423268,-1.5450849718747381,4.048943483704846,-2.3687986094501094,0.7360147230748859,4.986201331610275,-0.6244290021666117,-0.000125670457966587,0.005203923100037965,0.7810642256847473,-0.16976342626646437,0.14930508325359987,-0.0864503484464572,0.0065530450228834525,-0.003509979615046177,-0.049509983728057705,4481,961000000,24.79,0,2,1,-3.6543239952402353,-0.9475919797794153,4.9743325122839,-3.6543239952402353,-0.9475919797794153,4.9743325122839,189.87568759918213
-0.24471741852423268,-1.5450849718747381,4.048943483704846,-2.339567013844152,0.7577568734566885,4.965483217402307,-0.6212168223435528,-0.0005295652429630959,0.00580923339503935,0.783617018705818,-0.1780728855601863,0.14380620859371326,-0.16653310502564714,0.011142444509459892,0.002151496369151573,-0.05282137426547706,4482,219000000,24.34,0,2,1,-3.6157008796101398,-0.9161844183096618,4.9651267354529045,-3.6157008796101398,-0.9161844183096618,4.9651267354529045,190.1811339855194
-0.2210349260083504,-1.4702016261615214,4.070223514111748,-2.3033995858123544,0.7863795935127003,4.922885330682609,-0.6169594236722695,-0.0018056411307615207,0.00635788635117042,0.7869672080101133,-0.1862443090931117,0.13664499902251528,-0.2538405013958846,0.013069561009615427,0.010974101405736292,-0.05504473519977182,4482,378000000,23.85,0,2,1,-3.578201536271575,-0.8846613814292046,4.942798008606289,-3.578201536271575,-0.8846613814292046,4.942798008606289,190.50022435188293
-0.2210349260083504,-1.4702016261615214,4.070223514111748,-2.267703484009006,0.8160598673967917,4.864575623186643,-0.6126612784745229,-0.0036917338682138914,0.006311055370289981,0.7903117736305858,-0.19020945985837828,0.12963588391454073,-0.3260098459904037,0.010204782756773056,0.01873587752925232,-0.05385958975239191,4482,536000000,23.2,0,2,1,-3.533456169820012,-0.8462314481283948,4.898460802375383,-3.533456169820012,-0.8462314481283948,4.898460802375383,190.82911252975464
-0.1985315716152849,-1.3949555301961483,4.09517294753398,-2.2394535242024167,0.8403089919488861,4.808596341128554,-0.6092750944527221,-0.005439951967270673,0.005856060917139528,0.7929186419505818,-0.19230675296690744,0.12474737118597919,-0.3737685783774861,0.008875511502992595,0.022709199583914597,-0.05284247163217515,4482,711000000,22.55,0,2,1,-3.491930042940328,-0.8105079761693287,4.837948235408366,-3.491930042940328,-0.8105079761693287,4.837948235408366,191.1621057987213
-0.17721290771101028,-1.3193652498268669,4.123693319956136,-2.211420086310901,0.8648728023210358,4.745706870947424,-0.6059797813448647,-0.007243302822181194,0.00506807179136397,0.795430923345185,-0.19268983734890377,0.12060342333138463,-0.4140544738944656,0.004632463969755918,0.025510285377094988,-0.050358910448267125,4482,872000000,22.03,0,2,1,-3.4611774122352776,-0.7847187470288166,4.779247029131094,-3.4611774122352776,-0.7847187470288166,4.779247029131094,191.50257635116577
-0.17721290771101028,-1.3193652498268669,4.123693319956136,-2.1800668835018886,0.8927643643705261,4.66826582940613,-0.6024524719586101,-0.009251929134287205,0.003858875660175992,0.7980918054440186,-0.19299899807865772,0.11674246485296982,-0.45021745275645547,0.0020059718735865317,0.0266766164713772,-0.047660353811807,4483,30000000,21.48,0,2,1,-3.4294132369805346,-0.7596738768912026,4.703485758282474,-3.4294132369805346,-0.7596738768912026,4.703485758282474,191.84945487976074
-0.1570841943568455,-1.2434494358242767,4.155672074497984,-2.1522861652806986,0.917890493251349,4.594733675048089,-0.5994496083493361,-0.010958223704919733,0.0026511360987632676,0.8003330905694492,-0.19381647211250033,0.11385437028659443,-0.47540461925174843,5.6467164100126865e-05,0.02620294071675744,-0.04578322696033865,4483,193000000,20.93,0,2,1,-3.4033496692694656,-0.740883161259283,4.628812540693566,-3.4033496692694656,-0.740883161259283,4.628812540693566,192.1781666278839
-0.138150398011617,-1.1672268192795259,4.190983005625053,-2.1176239160625365,0.9497921022602815,4.498021149343876,-0.5958502574399241,-0.012926370006295618,0.001088654367308586,0.8029907810796489,-0.19424030073263931,0.11062565752586462,-0.5001830020540347,-0.0014472658449449227,0.024705956457182765,-0.04348318398115225,4483,338000000,20.42,0,2,1,-3.3790416350369847,-0.7251937015227351,4.54835483647671,-3.3790416350369847,-0.7251937015227351,4.54835483647671,192.50199699401855
-0.138150398011617,-1.1672268192795259,4.190983005625053,-2.089932513094344,0.9757209115804142,4.417798464936216,-0.5930798275524776,-0.014335865981989104,-0.0001578099398298798,0.8050160098984942,-0.19535226585381088,0.108333170429926,-0.5139031774146452,-0.002492643125151517,0.022879527205077466,-0.042212027619825676,4483,463000000,19.78,0,2,1,-3.3506493069038803,-0.7094450310925942,4.4414967499967295,-3.3506493069038803,-0.7094450310925942,4.4414967499967295,192.80801105499268
-0.12041619030626372,-1.0907162069827165,4.229486757224209,-2.0657077391375815,0.9987921390222365,4.346145741202671,-0.5906846735452093,-0.015447315525680863,-0.0011904597137610967,0.8067537292678041,-0.19710043447710582,0.10635506272996538,-0.5222816106988117,-0.003191780069755623,0.021001182358304504,-0.042164052138105035,4483,600000000,19.27,0,2,1,-3.3288321086547117,-0.6987852247484849,4.352314918094615,-3.3288321086547117,-0.6987852247484849,4.352314918094615,193.13160610198975
-0.1038859468911717,-1.0139364767825623,4.271031372578588,-2.0380203342923133,1.0256544098441558,4.263178980624155,-0.5879499963217466,-0.01657459937565987,-0.0022985271673179944,0.8087241811975548,-0.19887299374762252,0.1040998816816324,-0.5285594499290764,-0.0037605494071613066,0.018947969874716364,-0.04175601570750587,4483,755000000,18.82,0,2,1,-3.3090706534148597,-0.6884574352955881,4.2727213525986,-3.3090706534148597,-0.6884574352955881,4.2727213525986,193.44742703437805
-0.1038859468911717,-1.0139364767825623,4.271031372578588,-2.017272970462424,1.0461166618867135,4.200562824735377,-0.5859098433711214,-0.01731799703767288,-0.0030881012605611224,0.8101852911834648,-0.200614457906024,0.10232101138133883,-0.530316368462764,-0.004283904718249687,0.0173328278833651,-0.04190744002698921,4483,934000000,18.31,0,2,1,-3.2845456918753078,-0.6733218856458846,4.180994217391348,-3.2845456918753078,-0.6733218856458846,4.180994217391348,193.73822045326233
-0.08856374635655673,-0.9369065729286234,4.315452894071311,-1.9930867879812335,1.0704186131120679,4.127496684151496,-0.5835020311408676,-0.018071502601175748,-0.003956869250990917,0.8119009444716443,-0.20346646714017388,0.10014822633009349,-0.5298036403709541,-0.004732796151074581,0.015409819752676412,-0.04259617126081139,4484,124000000,17.95,0,2,1,-3.2637713556589674,-0.6577084141544052,4.112623435168176,-3.2637713556589674,-0.6577084141544052,4.112623435168176,194.0473325252533
-0.07445336922613066,-0.8596455013970484,4.36257601025131,-1.968910055692723,1.0952575483180653,4.054775652160532,-0.5810520099959903,-0.018713154536924546,-0.004760715283026528,0.8136373363587063,-0.20662310975545575,0.09781836740528559,-0.5267575564223802,-0.004733733976536314,0.013657616909767967,-0.04296835541026667,4484,328000000,17.53,0,2,1,-3.236919001380936,-0.6346375797003481,4.033846598209502,-3.236919001380936,-0.6346375797003481,4.033846598209502,194.3363597393036
-0.07445336922613066,-0.8596455013970484,4.36257601025131,-1.9378951949234227,1.127977349801791,3.96228891798672,-0.5778620675071073,-0.01939797933968298,-0.005691076263515783,0.8158840364812339,-0.21129675501441908,0.0944179150545903,-0.5197093135398739,-0.004976703439751873,0.0114555823529372,-0.04385211541375611,4484,488000000,17.12,0,2,1,-3.2076169687022227,-0.6067514665730799,3.9564586740430583,-3.2076169687022227,-0.6067514665730799,3.9564586740430583,194.63935327529907
-0.06155829702431159,-0.7821723252011556,4.412214747707526,-1.9104020500266115,1.1579266756834679,3.8814789344353766,-0.5749303914909986,-0.01988326129820261,-0.006410417191193549,0.817935576565532,-0.2164612588224621,0.09099527589014864,-0.5107048099843864,-0.00483753042317403,0.009564741594658699,-0.0455419209174579,4484,652000000,16.61,0,2,1,-3.1671061334120836,-0.564753128045709,3.85941646435201,-3.1671061334120836,-0.564753128045709,3.85941646435201,194.9293851852417
-0.06155829702431159,-0.7821723252011556,4.412214747707526,-1.8864253425578883,1.1848128068498103,3.812084764801476,-0.5722839801999096,-0.020222553825696658,-0.006968148149701983,0.8197765178600078,-0.22052797180611167,0.08780120717513723,-0.501833581022195,-0.0046818103783152765,0.008204386631405214,-0.04654742842831183,4484,833000000,16.16,0,2,1,-3.1293686675725962,-0.5230383603313208,3.7754413117000643,-3.1293686675725962,-0.5230383603313208,3.7754413117000643,195.2354621887207
-0.049881711417212315,-0.704506159687915,4.464173205021003,-1.8625425671748121,1.2122890150510643,3.7459999292637263,-0.5695783706215466,-0.02047868175092392,-0.0074685939112790894,0.8216479315490527,-0.227312205251458,0.08518015557117349,-0.4440279287437014,-0.00541738895663002,0.006224699791346211,-0.04766764977830462,4484,988000000,15.77,0,2,1,-3.0958705032430056,-0.4845461071098438,3.703489685178083,-3.0958705032430056,-0.4845461071098438,3.703489685178083,195.54783725738525
-0.049881711417212315,-0.704506159687915,4.464173205021003,-1.838682190772333,1.240462492261502,3.692925405091739,-0.5668032635592244,-0.020444877963720864,-0.007962724752593176,0.8235609645910709,-0.23627816477548458,0.08305007195569573,-0.3445705053516785,-0.008384158809349174,0.0015508640103689686,-0.04887851464445703,4485,182000000,15.38,0,2,1,-3.0629218402065232,-0.44574487060484796,3.6345985755866144,-3.0629218402065232,-0.44574487060484796,3.6345985755866144,195.87204957008362
-0.0394264934276114,-0.6266661678215233,4.518246325898283,-1.81148189944798,1.273444542567082,3.6486850529637844,-0.5635430925009238,-0.019893023128736333,-0.008460106904739074,0.825803776399972,-0.24634372251605238,0.08002564550170521,-0.23880877172356288,-0.011461889152997173,-0.005132856631462346,-0.050569868835737,4485,360000000,14.97,0,2,1,-3.0310381224954046,-0.4075459308771981,3.577988936279901,-3.0310381224954046,-0.4075459308771981,3.577988936279901,196.1863875389099
-0.030195222724102244,-0.5486715554552288,4.574220708434925,-1.781050877399643,1.3115447360712726,3.618270632133998,-0.5597114806619744,-0.01870759982421465,-0.008705622113226771,0.828430622483029,-0.2563263155906275,0.07551806643718759,-0.12941320864009637,-0.01088798508135369,-0.012698681985057192,-0.05305126869643573,4485,491000000,14.51,0,2,1,-2.996889050808629,-0.3661431084298999,3.5284600888886177,-2.996889050808629,-0.3661431084298999,3.5284600888886177,196.51566767692566
-0.030195222724102244,-0.5486715554552288,4.574220708434925,-1.7509800199498202,1.3505892007723765,3.6066838267863393,-0.555583774178412,-0.017074665826965006,-0.008462815814620266,0.8312421466727109,-0.26524012450757317,0.06932840091707093,-0.02818507217443437,-0.009302252237830544,-0.019529117162164766,-0.05767162292613648,4485,650000000,13.98,0,2,1,-2.961760364039846,-0.32305006760118554,3.490289419342346,-2.961760364039846,-0.32305006760118554,3.490289419342346,196.82280850410461
-0.022190176984599574,-0.4705415665925745,4.63187544731532,-1.7214033487719471,1.390568827157563,3.6124679161147233,-0.5510974824617524,-0.01504379334839975,-0.007797670858909995,0.834268808859102,-0.27273150672230245,0.06206801908276975,0.06592125290058368,-0.007435325733240461,-0.025433905284444336,-0.06223015298019163,4485,778000000,13.43,0,2,1,-2.930156356788806,-0.28375412376170217,3.4690780289781413,-2.930156356788806,-0.28375412376170217,3.4690780289781413,197.15707540512085
-0.015413331334360514,-0.3922954786392281,4.69098300562505,-1.6956182340487065,1.426760200028472,3.6309893916430256,-0.5468583643226044,-0.012951409248063176,-0.00691507081910041,0.8370963935918381,-0.276556322485327,0.055145523376200364,0.1365207710550364,-0.005841362690262031,-0.02973960345116211,-0.0650285895972047,4485,903000000,12.86,0,2,1,-2.9018707122095484,-0.24784732798873,3.4635891141214414,-2.9018707122095484,-0.24784732798873,3.4635891141214414,197.5134789943695
-0.015413331334360514,-0.3922954786392281,4.69098300562505,-1.6735268431818033,1.4587385280519918,3.6490015790886816,-0.5430361850330682,-0.010994409394730214,-0.00606639556004979,0.8396154021644083,-0.2759746352783432,0.04884060268153021,0.10883254949144479,-0.0058488681133894715,-0.029394111152214464,-0.06572330676135607,4486,60000000,12.36,0,2,1,-2.8793341149833203,-0.2184697367710201,3.470849099900788,-2.8793341149833203,-0.2184697367710201,3.470849099900788,197.80809211730957
-0.009866357858641983,-0.3139525976465663,4.751310112835146,-1.651869080227983,1.4909660347556388,3.6632657221234415,-0.5392092015754735,-0.009234898409343125,-0.0052212168060348976,0.8421050364905638,-0.27593116616517516,0.042706239070059264,0.08399905681341559,-0.0026984529995388584,-0.025856030151771847,-0.06443906095228158,4486,231000000,11.95,0,2,1,-2.861545551127957,-0.194595498865513,3.478507387265641,-2.861545551127957,-0.194595498865513,3.478507387265641,198.11394834518433
-0.005550625190149816,-0.2355322535482132,4.812618685414275,-1.6306230589373718,1.523475662146621,3.673938796106644,-0.5355007148069646,-0.007839869728397997,-0.004312609136629281,0.8444873724848145,-0.27607673097092966,0.03678961431791884,0.05918441361839334,0.00154346745375733,-0.022058440481487196,-0.06138793323771097,4486,392000000,11.56,0,2,1,-2.8454563932631602,-0.17228719221320835,3.482525105319361,-2.8454563932631602,-0.17228719221320835,3.482525105319361,198.38815879821777
-0.005550625190149816,-0.2355322535482132,4.812618685414275,-1.6038688130900356,1.565665204443114,3.6826113499033397,-0.5309788446919893,-0.006447938830394266,-0.003319715265998191,0.8473540405668413,-0.27662695010655874,0.02982832634441019,0.030822858108895134,7.212110411103367e-05,-0.01596050351508893,-0.05800127037218772,4486,527000000,11.2,0,2,1,-2.830852093495772,-0.15130242164709679,3.4840903138082266,-2.830852093495772,-0.15130242164709679,3.4840903138082266,198.68767142295837
-0.002467198171341778,-0.1570537953906418,4.874666766435696,-1.577641690323437,1.6083246709820724,3.6866505348197807,-0.5266403877009902,-0.005458642528839744,-0.002768146180547791,0.8500661401506451,-0.27776000834146813,0.023318981834289317,0.008535279214989946,-0.001004351838673756,-0.009772384692041669,-0.05604908219538629,4486,669000000,10.77,0,2,1,-2.8139225495127675,-0.1257362596009185,3.4830933478434556,-2.8139225495127675,-0.1257362596009185,3.4830933478434556,198.978178024292
-0.002467198171341778,-0.1570537953906418,4.874666766435696,-1.5575688550669664,1.6417883333059247,3.687166642803061,-0.5233501912163034,-0.004945012448574737,-0.0025877123496301103,0.8520994237473332,-0.2781032792322374,0.018781012568260265,-0.006331872390267117,-0.00205470644232264,-0.0058555061968945665,-0.05467384908115491,4486,818000000,10.33,0,2,1,-2.7985985843564145,-0.10116852014784362,3.4794079742107367,-2.7985985843564145,-0.10116852014784362,3.4794079742107367,199.2911400794983
-0.0006168375916972835,-0.07853658655910416,4.937209480470686,-1.53494766947515,1.680258355955522,3.685433793108838,-0.5196666563646497,-0.004577582964186523,-0.0026005491581220196,0.8543528832637408,-0.27855783767594133,0.013884651229049347,-0.019702278022332514,-0.0032328495990441297,-0.002110679997713305,-0.053406878214445896,4486,960000000,9.99,0,2,1,-2.7873130922610305,-0.08214629387267028,3.4751327338182247,-2.7873130922610305,-0.08214629387267028,3.4751327338182247,199.62265133857727
0.0,-1.2246467991473533e-15,4.999999999999999,-1.515396434719138,1.7141055026874077,3.682367991985,-0.5165103399329789,-0.004396753631278811,-0.0027665148785928004,0.8562651947237203,-0.2787948018481478,0.010055773410344046,-0.028886611216059378,-0.0038705260976712452,-0.0002042422664771948,-0.05208900474826805,4487,153000000,9.59,0,2,1,-2.774449299631881,-0.05965254870367949,3.469190201444118,-2.774449299631881,-0.05965254870367949,3.469190201444118,199.95080065727234
0.0,-1.2246467991473533e-15,4.999999999999999,-1.493276863577812,1.7529671416158819,3.677541774096553,-0.512993518457004,-0.004276210976808435,-0.0030535016752798053,0.8583763977232273,-0.2793668643517588,0.005936577774832239,-0.03602251587720294,-0.004235466849422664,0.0010928754136330099,-0.050580680908751674,4487,339000000,9.24,0,2,1,-2.762489145785534,-0.03827085700203626,3.46346475621717,-2.762489145785534,-0.03827085700203626,3.46346475621717,200.23378658294678
-0.0006168375916972835,0.07853658655910171,5.062790519529312,-1.4713606874375649,1.7920964148418026,3.67191330749897,-0.5095760339158766,-0.00422347371021775,-0.003386506390818245,0.8604086003189704,-0.2804281267243188,0.0017235471830747303,-0.039430937408501246,-0.004051109317515511,0.001841083076215,-0.04894405465165619,4487,512000000,8.84,0,2,1,-2.7469856952735574,-0.01048070237053464,3.45672082416675,-2.7469856952735574,-0.01048070237053464,3.45672082416675,200.50823545455933
-0.0006168375916972835,0.07853658655910171,5.062790519529312,-1.4496365575898267,1.8315143621899745,3.6659069737667846,-0.5062603041741133,-0.004206293644894692,-0.0037343425269940347,0.862362375221228,-0.28118296137373416,-0.0021369726366786577,-0.04151171030413547,-0.004070852946824743,0.0020324778233771212,-0.047419431211892515,4487,664000000,8.45,0,2,1,-2.7283042880085597,0.022524456171521483,3.4501124374278525,-2.7283042880085597,0.022524456171521483,3.4501124374278525,200.791907787323
0.0,0.0,5.0,-1.4280894222840226,1.8711697349883265,3.6597192246942103,-0.5030437691505838,-0.004203943115239626,-0.004081563744148329,0.8642410740172328,-0.28199829641936547,-0.005994941044046057,-0.04172150694553709,-0.003915359638995142,0.0021709221982746385,-0.04581772300298326,4487,797000000,8.08,0,2,1,-2.7060736361274578,0.06131006734475042,3.444039308293651,-2.7060736361274578,0.06131006734475042,3.444039308293651,201.08330821990967
0.0,0.0,5.0,-1.4067303277325673,1.9110554046753367,3.6536155309388754,-0.4999339293667767,-0.0042194144813330545,-0.004404091727856508,0.8660420698703856,-0.28223710406750235,-0.009593145334050425,-0.04112527746673059,-0.0034239948718095548,0.002035133911704179,-0.044149282985017635,4487,939000000,7.73,0,2,1,-2.680805053746727,0.10519042850527231,3.4387479441281763,-2.680805053746727,0.10519042850527231,3.4387479441281763,201.36212682724
0.0,0.0,5.0,-1.3855772777215314,1.9509827771275536,3.647531590787138,-0.49692495778325746,-0.004236406109711049,-0.004684395666373584,0.8677705316687252,-0.2809566716546665,-0.012393728751564439,-0.04200697518356576,-0.002991068095070659,0.0016800016965135,-0.042791034138645045,4488,92000000,7.4,0,2,1,-2.653353952727667,0.15302995580074835,3.4343242047463836,-2.653353952727667,0.15302995580074835,3.4343242047463836,201.63251042366028
0.0,0.0,5.0,-1.362047210222422,1.995668508829996,3.6404692989152894,-0.49364017147191275,-0.0042504595136670115,-0.004952211508295773,0.8696417597518418,-0.27852910849173373,-0.015005067175005224,-0.04325879963869187,-0.0025695010663184803,0.00139850534424113,-0.04139045049669221,4488,266000000,7.08,0,2,1,-2.624679216663387,0.20352242585474908,3.4307116128421478,-2.624679216663387,0.20352242585474908,3.4307116128421478,201.9265854358673
0.0,0.0,5.0,-1.3439543424790599,2.0301749117693078,3.63484846082605,-0.4911618876004851,-0.004252105142985407,-0.005148511540049496,0.8710427157146219,-0.276221103558746,-0.016825081674715237,-0.043978478399695424,-0.0026273614366800757,0.0012323532473601517,-0.04011450510006398,4488,442000000,6.75,0,2,1,-2.5923192353290707,0.26136551933788044,3.42701821217409,-2.5923192353290707,0.26136551933788044,3.42701821217409,202.19514751434326
0.0,0.0,5.0,-1.323518041525971,2.069284710097691,3.6283267007575786,-0.4884068716949228,-0.004254953502275503,-0.005342318093996358,0.872589297831033,-0.27318667570013627,-0.01874971521967525,-0.04452524954599875,-0.0021173371123950346,0.0010090063824463869,-0.038994553324300796,4488,597000000,6.51,0,2,1,-2.5673320732111113,0.3066652172471032,3.4243122845605067,-2.5673320732111113,0.3066652172471032,3.4243122845605067,202.48602962493896
