x_ref,y_ref,z_ref,x,y,z,eta,e1,e2,e3,u,v,w,p,q,r,sec,nanosec,angle2,angle3,control_mode,std_test,x2,y2,z2
0.0,0.0,5.0,0.8434256932060543,-1.7131083242686305,5.050961350412866,-0.25880889906267207,0.0002457867767775008,-0.0009536229682254392,-0.9659280428469101,0.038987828014384836,-0.11028302874661607,-0.016584783552277813,-0.001694811828656384,-0.0018952777168124157,-0.020473155382205732,47786,317000000,12.48,0,2,2,-1.100356291127217,-0.024768221798911815,4.976379180182607
0.0,0.0,5.0,0.84059741095603,-1.6570659559528031,5.043038474991935,-0.26418125938054826,-1.222282272791747e-05,-0.0005447159912709437,-0.9644728950712916,0.10310527923555986,-0.11213910207519603,-0.020421587219594202,-0.0014330798421724467,-0.0014976272154854087,-0.03459664549154695,47786,753000000,12.09,0,2,2,-1.1111703050531647,0.04475606779614529,4.970702793276479
0.0,0.0,5.0,0.8174559253054385,-1.5859754766429104,5.033400222995992,-0.2730289492070934,-0.00023288442877707384,-0.00017054045795260862,-0.9620057741903971,0.1487827416190012,-0.10896693181219146,-0.02281205374772838,-0.0012698278624156956,-0.0013280920256875106,-0.05047422964707948,47787,270000000,11.4,0,2,2,-1.1008599514043576,0.08615032809320021,4.96647991755806
0.0,0.0,5.0,0.7815104912895543,-1.50801801045283,5.023138421964993,-0.2845264445083188,-0.00041979789012332094,0.00011791837391604833,-0.9586680928457163,0.17493582052443662,-0.1022574137888405,-0.02367342993799812,-0.000767452780792155,-0.0009663876880949829,-0.05740571359638125,47787,634000000,10.32,0,2,2,-1.1008599514043576,0.08615032809320021,4.96647991755806
0.0,0.0,5.0,0.7448605495931196,-1.4384104416695833,5.014222666758787,-0.29508137180444965,-0.0005378273088066407,0.00026295570465106075,-0.9554719386827053,0.18659172017057019,-0.09521840640537023,-0.023387288440255415,-0.0002767374610357365,-0.0006560374913533451,-0.057964445659308694,47787,972000000,8.93,0,2,2,-1.1008599514043576,0.08615032809320021,4.96647991755806
0.0,0.0,5.0,0.703625556744564,-1.3650099344713431,5.005195523134197,-0.3059040686932739,-0.0006222458980297415,0.0003494203854867141,-0.9520620733294323,0.19118036092095753,-0.087167990645031,-0.022081604285277712,-0.0002336210641828984,-0.0004631142218158857,-0.05432737452792935,47788,337000000,7.66,0,2,2,-1.1008599514043576,0.08615032809320021,4.96647991755806
-0.002291386001864737,0.07066929128722992,5.08972966070103,0.6615170940775791,-1.2928178844650327,4.996837415483328,-0.31578058876142057,-0.0006759900233569523,0.000419804484457806,-0.9488319063791929,0.1910828810928381,-0.07964584283454526,-0.0202801426252482,-0.00021281978064280338,-0.00030780910549310647,-0.04861138259002473,47788,701000000,6.35,0,2,2,-0.9522607469863801,0.11785409636107727,4.95888890669943
-0.009160726391858276,0.14123938972314432,5.179278617806867,0.6113424242194441,-1.2084622395743774,4.988622564442863,-0.32609194801676084,-0.0007296661044891259,0.000512363537790497,-0.9453376362494066,0.18833123327916695,-0.07283834954918417,-0.012807337988641598,-0.00018558151850811555,-0.0003797576368924638,-0.04205457807984203,47789,180000000,5.15,0,2,2,-0.9060924940450689,0.11075876477740325,4.9584240745230534
-0.03656591995530789,0.28168726406152494,5.357113789597273,0.5600106196628506,-1.1106202551064035,4.986538998905629,-0.3358186586472929,-0.0008304435234994415,0.00045722486424370535,-0.9419261806603056,0.10851043862542382,-0.06607908258375562,0.00721080205672246,0.0005977467480988707,-3.7741742175967374e-05,-0.021588690106000286,47789,745000000,3.89,0,2,2,-0.8504476360984193,0.09993763798731674,4.958523848237912
-0.05704419012769257,0.3513696907347439,5.445041867912629,0.5542949816917374,-1.0739184894668032,4.992302008425783,-0.3387684228152159,-0.0007783075090637789,0.0003039553847785137,-0.9408694157808704,0.02571017711888434,-0.06443173756500711,0.025651369208575213,0.0008252672898834135,0.0014313881479210977,-0.00793630078987917,47790,276000000,2.67,0,2,2,-0.7787241154507644,0.08676837153994162,4.966975177310266
-0.1113371926862321,0.4891727127417653,5.618033988749895,0.5762138808456168,-1.0603338759769065,5.0066611056304,-0.33914589099881015,-0.0005474931039575329,5.005109897757853e-05,-0.9407336298681002,-0.061087392765545846,-0.06471872786435767,0.05057100423250234,0.0008486977321808808,0.0018407212337478995,0.003963094604841899,47790,740000000,2.25,0,2,2,-0.7787241154507644,0.08676837153994162,4.966975177310266
-0.14503805103201373,0.5571069845630509,5.702749648162685,0.614169059701944,-1.0628180276975514,5.028110540526943,-0.3379119125363014,-0.00035297783725169395,-0.00018973848599875776,-0.9411776552660035,-0.11479761048254655,-0.06678416774302073,0.07722714377982172,0.0010133088721886452,0.0016060046618804336,0.011968068884016247,47791,172000000,2.17,0,2,2,-0.7472059891771795,0.12300392007079597,5.000391073941692
-0.1830173760811178,0.6242758516287834,5.786050063307847,0.6674744819316378,-1.0747642126472605,5.061509523748189,-0.3352769370869655,-0.0002258875901070965,-0.0004938492683835091,-0.9421194619289421,-0.15150131290631236,-0.06895665357323179,0.10718201871097817,0.0016102827089525817,0.0013849878769178758,0.019916311430279166,47791,588000000,2.31,0,2,2,-0.773813308775494,0.17848876859214383,5.0248518890569125
-0.27148488042758245,0.7559713369490784,5.947737324945997,0.7399452928848187,-1.0958365223158726,5.113029141182724,-0.33075656510445123,-8.051522662522404e-05,-0.0007824313043200137,-0.9437157813446042,-0.1774095947577593,-0.0689550124232515,0.13675946076652615,0.0006308888146122626,0.0010040772849606583,0.024894950911402702,47792,35000000,2.65,0,2,2,-0.8202633700478046,0.2565783068190985,5.059642011866041
-0.32178831283960463,0.8203325293019702,6.0257985548118125,0.8030159999728117,-1.1139454142277765,5.166421001787685,-0.3273874685233993,-0.00044131972081843914,-0.0008252765215772146,-0.9448897129344815,-0.12670463129952686,-0.07047609438837316,0.16021708287347108,0.0012185212654003408,-0.0068317171553644584,0.005915281190027599,47792,476000000,3.24,0,2,2,-0.8202633700478046,0.2565783068190985,5.059642011866041
-0.3760011786149793,0.8835980399786463,6.101793962904205,0.8382091651699386,-1.110127658415019,5.224559180718281,-0.3277752028603263,-0.0016167394538812731,-0.0007223940682123806,-0.9447540847703282,-0.025481751217723524,-0.07441455134670295,0.1810062724186521,0.002171522942262527,-0.005575587010753225,-0.008352490840479732,47792,854000000,3.68,0,2,2,-0.8202633700478046,0.2565783068190985,5.059642011866041
-0.4340107023969413,0.9456940227146827,6.175570504584947,0.8493948562908366,-1.0857117173876194,5.289074975303672,-0.329703024697203,-0.0023258446949599664,-0.0010314856471182413,-0.9440812687419076,0.05887773277001013,-0.07772368579904035,0.19756715482062276,0.004437365532794502,-0.002057646247521916,-0.015869543312874157,47793,256000000,3.68,0,2,2,-0.9829952904185989,0.5260564448959256,5.220029465265936
-0.5609305456733971,1.066102398828617,6.315877451879425,0.8416049557726675,-1.0447129920148346,5.358514840823523,-0.33280004735295843,-0.002700976073087698,-0.00177286917821063,-0.9429918823325034,0.12439735956162676,-0.07961924532214093,0.20929379626732586,0.005865429375262465,-0.00027680171683641674,-0.024116378153848927,47793,647000000,3.47,0,2,2,-1.0064558880497745,0.5824433530558564,5.28194055896302
-0.6295781545646726,1.1242882091915054,6.3821252979737295,0.8177186040236836,-0.9877246168046442,5.435481185295714,-0.3376129963663195,-0.002765817470785271,-0.0022073184321812988,-0.9412783555801187,0.17544681810267443,-0.0787516730491738,0.21768049220284563,-0.001971212213902618,0.0009858365956461057,-0.0330838818626944,47794,131000000,3.1,0,2,2,-1.0164080001341327,0.6248077876565634,5.348596765671272
-0.7014976530615584,1.1810517807396756,6.445589727654783,0.7844152504956412,-0.9251972925910577,5.510669660878307,-0.3433289003612785,-0.0023723853195576038,-0.00198219978177072,-0.9392101515894278,0.20850774571474115,-0.07536501435292313,0.22311851064200736,-0.0022292823814495932,0.002483061098246253,-0.03793397881963756,47794,764000000,2.49,0,2,2,-1.0164080001341327,0.6248077876565634,5.348596765671272
-0.7765410626225826,1.2363417407594561,6.506142932007222,0.7414112047292548,-0.8533213168953188,5.591580786323289,-0.3499083954279814,-0.0017577960237455668,-0.0018399183966745327,-0.9367804650303335,0.23123804894960903,-0.0701205018072997,0.22518316731912824,-0.0015191299326033914,0.0033217687587239197,-0.03937597903131973,47795,161000000,1.78,0,2,2,-1.0164080001341327,0.6248077876565634,5.348596765671272
-0.854554400282348,1.2901118425052371,6.56366296493606,0.695875169079264,-0.7822477818321866,5.66813755141255,-0.3561265667047615,-0.0012282736348317716,-0.00204927766032845,-0.9344346741704461,0.24531958722521674,-0.06479498107229982,0.2245598613356971,0.002424720037197403,0.0035374660683373804,-0.03810202542808838,47795,527000000,0.95,0,2,2,-1.0014966844084632,0.7071989479188552,5.580934284398639
-1.0188472085586238,1.392934146691272,6.669146507442605,0.6441485064673348,-0.704773844046711,5.748474634103093,-0.3623256477520428,-0.0009146083523002388,-0.002932356662309957,-0.9320465062200648,0.2556740152865701,-0.059531092534026255,0.22197980294448744,0.006141050062069553,0.003469019293333986,-0.03517127624945715,47795,877000000,0.25,0,2,2,-0.9914268409014152,0.7265087803481077,5.660478740600296
-1.1047921914498087,1.4419209764156529,6.716897587203732,0.5835394626455687,-0.6168622248692908,5.8363633034855615,-0.3685554786222975,-0.0005268157449880187,-0.0034441151168000746,-0.92959922531902,0.26479312314660175,-0.0528154665078982,0.21922897801395386,-0.002426067499072815,0.0018746906675914943,-0.03134318321826868,47796,222000000,0.73,0,2,2,-0.9914268409014152,0.7265087803481077,5.660478740600296
-1.1930389535650132,1.4892574679304111,6.761191063713476,0.5089762974042891,-0.5123945759013969,5.941327716112716,-0.37475202311682565,8.007720320964292e-05,-0.003146347530786616,-0.9271197415947431,0.2509904734027158,-0.045557627736675196,0.22149695077312237,-0.0018355053612140182,0.0022491127992907423,-0.023263079674507026,47796,636000000,1.6,0,2,2,-0.9721891712433315,0.768210727227088,5.84327645891089
-1.3757221733659124,1.5789120338486013,6.839055545102902,0.4514269064861756,-0.42841125513279626,6.039851610752107,-0.37841551133369267,0.0007457887011992831,-0.0037495178771200363,-0.9256279412901072,0.1846058529804036,-0.0440117564503762,0.2298053150990082,0.003884681973431725,0.006530206565003027,-0.010097789163410198,47797,6000000,2.52,0,2,2,-0.9721891712433315,0.768210727227088,5.84327645891089
-1.4697924233383954,1.6212112739117432,6.872469741279474,0.4236719343379205,-0.3765089589849043,6.128688856363063,-0.3795830820875185,0.0014196377351268072,-0.004443819719365972,-0.9251458916776005,0.11044560495914946,-0.04468907262937269,0.24075386440145854,2.768936577246528e-06,0.0027518619390320964,-0.003366695477780013,47797,352000000,3.13,0,2,2,-0.9622620337707356,0.8216522468773858,6.062738171590367
-1.6624542614021296,1.7007517816093567,6.9279257213917065,0.41469554011746484,-0.3454467362610521,6.211723605814682,-0.3798018821637973,0.0013900795262334138,-0.004888852954083858,-0.9250538887548881,0.057906444219463074,-0.044234533872576434,0.2460846949884742,0.006216249448698363,-6.9806849012366e-05,0.0009646943169627775,47797,691000000,3.41,0,2,2,-0.9622620337707356,0.8216522468773858,6.062738171590367
-1.760665231540428,1.7380105077773131,6.949855824363647,0.41596406103245986,-0.32380312210234546,6.299843703644953,-0.37934107730036126,0.0010249501497207997,-0.005164488070425835,-0.9252419276128606,0.02344893799720034,-0.041323177956902116,0.24528197191593631,-0.0021670520482075517,-0.0025016735889948905,0.00446238050244574,47798,38000000,3.5,0,2,2,-0.9845221578470107,0.8815612224702489,6.227576136191106
-1.8598734411511666,1.77361665438275,6.967859177197259,0.42293752351730424,-0.3098072340024568,6.387662441385099,-0.3784123989639277,0.0005632897085813371,-0.004972244474395041,-0.9256235821325838,0.003298606127756993,-0.03693165006155442,0.24130179826823955,0.002643059292495309,-0.002217140558968822,0.006787346910641645,47798,389000000,3.49,0,2,2,-0.9845221578470107,0.8815612224702489,6.227576136191106
-1.9598857102310134,1.8075941216139089,6.981899523535869,0.4333688424659644,-0.30060683776186375,6.4776764339688615,-0.3770966611670421,0.00020201407103808506,-0.004839388087487545,-0.9261612427919463,-0.00870882483395551,-0.031670789532186536,0.23370072369733444,-0.0023465183403459378,-0.002105731960000412,0.007938323415146442,47798,739000000,3.39,0,2,2,-0.9845221578470107,0.8815612224702489,6.227576136191106
-2.060508555620081,1.8399728165048486,6.991948587990478,0.44284338698837905,-0.2957571669657186,6.551594825548124,-0.3759082242756623,-7.42400722385881e-05,-0.004685721538966088,-0.9266450482379912,-0.012723394565232651,-0.0275971981953905,0.22935557933436926,0.0031420132245330024,-0.0016780159739937517,0.007847880715416977,47799,79000000,3.26,0,2,2,-0.9845221578470107,0.8815612224702489,6.227576136191106
-2.262813344824469,1.90008314905552,7.0,0.45338985503285395,-0.29130592285185,6.638069485930309,-0.3745723705207612,-0.0006281732705740338,-0.005463952634923949,-0.9271813683753588,-0.01102534489990378,-0.023852968442019874,0.2267758893380909,0.007266894044732908,-0.0006413029325358366,0.007209820478237816,47799,429000000,3.18,0,2,2,-0.9845221578470107,0.8815612224702489,6.227576136191106
-2.364111026850532,1.9279039649910998,6.997986133082629,0.46124232761384415,-0.2870234548814255,6.714905093479509,-0.37352386360195533,-0.001181776188974732,-0.006686612053942442,-0.927595717941899,-0.004605328720450856,-0.020771405914920917,0.22601248521775008,0.009546399360260693,-0.0002830227941785779,0.005426870347946533,47799,789000000,3.17,0,2,2,-0.9845221578470107,0.8815612224702489,6.227576136191106
-2.4652516889375873,1.9543041433138177,6.991948587990478,0.46649816748295414,-0.28089625756336756,6.796153770929444,-0.3728085714009458,-0.0018438163238179762,-0.008337560230760393,-0.9278689856443895,0.006201332343871316,-0.017372350761554457,0.2261407823215912,0.011347489817126188,0.00027135152151913644,0.0027320832487021107,47800,188000000,3.3,0,2,2,-0.9845221578470107,0.8815612224702489,6.227576136191106
-2.566047332055854,1.9793422903500921,6.981899523535869,0.46820860836500544,-0.2725053840007319,6.877499397149925,-0.37256362786307706,-0.002490212740626236,-0.010234198908264805,-0.9279468752071505,0.01795611099545825,-0.014374934387406658,0.22645286650408805,0.012000338847428793,0.0007906033715698868,-0.00039067035402240435,47800,670000000,3.6,0,2,2,-1.441067280462452,1.3668207266887606,6.698401307353232
-2.765864354436398,2.025593460231259,6.949855824363647,0.4637749473432644,-0.26011242189446,6.952863922392343,-0.3728829002208856,-0.0034800753460062185,-0.012076208741846662,-0.9277932943176892,0.07597940848486472,-0.008163128711349587,0.20648687137052568,0.014064688639336964,-0.007910656222520629,-0.004921489926346112,47801,117000000,4.19,0,2,2,-1.4849693965889725,1.4059712772733248,6.741848320781152
-2.8645238445856744,2.046949702184108,6.9279257213917065,0.43540997323950725,-0.2294266676087108,7.011742001918088,-0.37364184834331104,-0.005202668060053586,-0.012298806954316498,-0.9274769219550163,0.1790117632547611,0.0034983956735279527,0.1622155578201216,-0.010222781656921143,-0.010352278968639439,-0.0015315385780922952,47801,494000000,4.86,0,2,2,-1.4849693965889725,1.4059712772733248,6.741848320781152
-2.9621153962212468,2.067229953392476,6.902113032590307,0.3900307863385174,-0.18815952388721535,7.051617856082565,-0.37334268428220063,-0.005937364775033093,-0.01058820167287175,-0.9276140780399055,0.25380065680444475,0.015326109043772915,0.12241247401996391,-0.008385797264054418,-0.007502153312088922,0.006111596803748398,47801,813000000,5.64,0,2,2,-1.4849693965889725,1.4059712772733248,6.741848320781152
-3.0584676931106722,2.086517634697958,6.872469741279474,0.3337308272775684,-0.14063826608479826,7.078976983946086,-0.3722173842234463,-0.006282919858939691,-0.009489035535699419,-0.9280758061734523,0.30786797143303857,0.024524081212049027,0.08628541656849795,-0.003771429942389659,-0.0034638381066542934,0.01327174768448458,47802,191000000,6.12,0,2,2,-1.4849693965889725,1.4059712772733248,6.741848320781152
-3.2467925782181,2.1224702737481547,6.801937735804838,0.23891192354553556,-0.06449686271683541,7.102001079534038,-0.3690335252646278,-0.006357001483233288,-0.009063313217337329,-0.9293501504365445,0.36085274349315105,0.03326544796315593,0.039174085417246554,-0.00032739926609792747,-0.00022397287295916612,0.02475194924045354,47802,543000000,6.38,0,2,2,-1.4849693965889725,1.4059712772733248,6.741848320781152
-3.3384470076063275,2.139322603575742,6.761191063713476,0.10410152099083245,0.03910092298362545,7.10904649768823,-0.3629509703098624,-0.006574443271601932,-0.009193134480110318,-0.9317396933292197,0.40498001331059985,0.039837580648724204,-0.011133621794435649,0.001779190017714427,-0.001940627760177449,0.034736430097837,47802,923000000,6.41,0,2,2,-1.4849693965889725,1.4059712772733248,6.741848320781152
-3.4282266000996273,2.155556561042014,6.716897587203732,-0.010216940337456716,0.12355640861595145,7.1007783019543735,-0.35710877358613624,-0.007131467501817079,-0.009386041516649974,-0.9339884197481914,0.4194538630922956,0.042169775347748316,-0.041057198813380616,0.002596803437882045,-0.002997236401824921,0.0388762400689302,47803,258000000,6.12,0,2,2,-1.7595008699013264,1.587790207291798,6.892655393509493
-3.601589106333697,2.1865815260826293,6.618033988749895,-0.1554182994300202,0.22701975237238253,7.079244106015935,-0.3490822755725485,-0.007786878602715633,-0.00981123040860401,-0.9370083613077245,0.4284208575406526,0.0419378459422658,-0.0687843057718361,0.003080117403442273,-0.0018468825828676927,0.042967261470039375,47803,619000000,5.77,0,2,2,-1.8158674155264147,1.616691919478894,6.898802942885342
-3.6849022057545957,2.201585591715769,6.56366296493606,-0.335690580645012,0.3508745731029869,7.039949579629032,-0.3384511096519322,-0.007962849108031482,-0.009292139981314061,-0.9409044029783398,0.4372272180029224,0.04236536919968733,-0.09587255105605422,-0.004397787824927946,-0.0018058192608805257,0.0478056121210102,47803,969000000,5.26,0,2,2,-1.8158674155264147,1.616691919478894,6.898802942885342
-3.8441695057023733,2.23112708776023,6.445589727654783,-0.5123607177900136,0.46438058627613077,6.990322374707822,-0.32765429649484695,-0.007720800178405828,-0.008147835920494013,-0.9447310008689693,0.37320793506658434,0.04433335027255435,-0.10798543593801666,-0.004748056608150364,0.000998251152850571,0.042014176869997755,47804,341000000,4.65,0,2,2,-1.9828495087070297,1.6951039614235104,6.885984665215346
-3.9198965964540973,2.245890220561861,6.3821252979737295,-0.6571337615098158,0.5455385276085574,6.936485829024772,-0.3184834006978792,-0.006627484895071989,-0.007343327486326426,-0.9478768250491771,0.28393906058959184,0.04914913041429421,-0.11569966722343043,-0.004092190147275687,0.004134954542678315,0.03540594880178105,47804,690000000,4.28,0,2,2,-1.9828495087070297,1.6951039614235104,6.885984665215346
-4.063027630994201,2.2759754362648694,6.246979603717467,-0.7590446639598579,0.5917444766768959,6.885240855524727,-0.31203902902164254,-0.0048852963248843095,-0.007020921341044045,-0.95003078103321,0.20988729106992893,0.056692492773256165,-0.1218402132624776,-0.003752822340175044,0.011053146226913668,0.023833473278500605,47805,41000000,4.15,0,2,2,-1.9828495087070297,1.6951039614235104,6.885984665215346
-4.19447484055845,2.307580313030434,6.101793962904205,-0.8317713128580442,0.6133051423657458,6.835320778546028,-0.309400584584567,-0.0024818545058155252,-0.006954452246245619,-0.9509031255868784,0.14973027648341522,0.06815055289064043,-0.134127135645494,-0.004276502977518248,0.01023575359795359,-0.0027890035198652185,47805,333000000,4.13,0,2,2,-2.2817104968074307,1.8185483004838972,6.78205194468672
-4.255628347741508,2.3242436897493723,6.0257985548118125,-0.8907824087456916,0.6187956654514293,6.778247758792535,-0.3102751025577077,-0.0008007160100408348,-0.006402622621849411,-0.9506249134176092,0.11301377511935415,0.07757269079725752,-0.15316212186197112,-0.006520338502014056,0.002167347133763542,0.003812662475866091,47805,616000000,3.99,0,2,2,-2.3706033632101757,1.8524275833688688,6.7378841646360135
-4.313651546909344,2.3416355923008934,5.947737324945997,-0.9405753357463922,0.6168052533204577,6.716832797128256,-0.30871736687123913,-0.0005568397693933073,-0.005739613850488601,-0.9511363383629117,0.09462534590711759,0.0805918683097643,-0.17100497076137394,-0.0011728719186976377,-0.0012676550682044763,0.012158049230492907,47805,892000000,3.67,0,2,2,-2.46257208216972,1.8866887679077835,6.687065919690881
-4.368492609464751,2.3598708849992414,5.867767478235116,-0.9812441697765402,0.6112868676700833,6.656388473272239,-0.30668307852446675,-0.0007382499240959233,-0.005466181956560812,-0.9517957055947579,0.08199331724519639,0.08187928767843704,-0.1854368800389902,-0.0014654873211839003,-0.002005035571528424,0.011332563553878572,47806,245000000,3.68,0,2,2,-2.46257208216972,1.8866887679077835,6.687065919690881
-4.468464990103014,2.399324281578565,5.702749648162685,-1.021329994966006,0.6024310171494413,6.587223741407737,-0.30494494176752013,-0.000954823793569491,-0.005100317485765391,-0.9523558460803774,0.07175526681126235,0.08410380374891427,-0.2006027315038525,-0.0018717727243711124,-0.0013875394756723836,0.009016370495373849,47806,689000000,3.78,0,2,2,-2.46257208216972,1.8866887679077835,6.687065919690881
-4.513536781146049,2.4207642013125206,5.618033988749895,-1.0596661580781637,0.5908437650267906,6.512084485333061,-0.3035390574889495,-0.0009252348131259401,-0.004517268941400771,-0.9528078393887046,0.06692435295205354,0.088237172002131,-0.21994103778294521,-0.0048101594984473195,-0.00031573233343351603,0.007190644737420371,47807,37000000,3.86,0,2,2,-2.7195555003384597,1.9786724480793005,6.523120801047303
-4.555307427976892,2.443490419036353,5.53207369113335,-1.10003657804061,0.5814974235184561,6.434398579715016,-0.30178409341526724,-0.000492174397862268,-0.0037403577924700563,-0.9533688312764746,0.12649320966809588,0.08650928644359442,-0.2348994004091059,-0.006605693488381803,0.0035097516956739128,0.02170380757888779,47807,443000000,3.93,0,2,2,-2.7195555003384597,1.9786724480793005,6.523120801047303
-4.593769371615339,2.4676077168380504,5.445041867912629,-1.1678952120154062,0.594241912508818,6.353327483152227,-0.2969854915915828,2.6609162008472097e-06,-0.003084688868783361,-0.954877009081069,0.2388811889614964,0.07635259456913454,-0.24166715515735052,-0.0015880343426033505,-0.0008311131693972129,0.03575781411200296,47807,941000000,4.07,0,2,2,-2.8923554734998778,2.03722441432933,6.393129983812988
-4.660781072120873,2.520418911178268,5.268466531635311,-1.2621875517657108,0.6287346575337659,6.270400604167554,-0.2907501005996857,-0.00040880820611147064,-0.002332314480564969,-0.956796097497417,0.3267203198431493,0.06519180231493765,-0.24510253478891803,-0.005919809291299316,-0.005615136160486145,0.03876328519254457,47808,444000000,4.66,0,2,2,-2.968770761875991,2.062523216527958,6.330835902786161
-4.689359676286962,2.549305580919973,5.179278617806867,-1.3758878121937448,0.6789210624500511,6.18700416418747,-0.2845232456461357,-0.001180858962554195,-0.0011914610946391973,-0.9586676737428665,0.38735265652131207,0.05479522945985331,-0.24603393713781435,-0.004171156797383446,-0.004982969812772353,0.03693492944876198,47808,955000000,5.45,0,2,2,-3.0491552051280038,2.0888454014255924,6.261940329546971
-4.7146870906059775,2.57996821558224,5.08972966070103,-1.5411869906485511,0.7592721663300481,6.079487983321608,-0.2773214907875427,-0.001726630794095493,-4.236581280241949e-05,-0.9607756281768463,0.43458307271209107,0.042011153952687466,-0.24400828893447665,-0.004484502869672724,-0.002617281370476121,0.03003275178343756,47809,389000000,6.22,0,2,2,-3.0491552051280038,2.0888454014255924,6.261940329546971
-4.75574013844148,2.6469607009543825,4.910270339298971,-1.7282493027625396,0.8531329316589287,5.962296037726734,-0.2715553561020647,-0.0027986769290107524,0.0015034500082540948,-0.9624175786101377,0.4064280442778111,0.041176059618650535,-0.2532279235132074,-0.00471409230158315,-0.010892486898228526,0.01860137053881772,47809,796000000,7.18,0,2,2,-3.2351921453187535,2.149733951532812,6.085293087620525
-4.771562340490563,2.683448137187101,4.820721382193133,-1.8982151215746685,0.9305503942424821,5.832338592256873,-0.2684524536875473,-0.004749304943581114,0.003562060001167108,-0.9632746420103855,0.32810499716272173,0.04932473800732539,-0.2732375721332398,-0.005945146813246538,-0.007894157988630468,0.006089186081226217,47810,183000000,8.05,0,2,2,-3.3392186617010533,2.184277376992185,5.975820219144038
-4.794099656859685,2.762760135098598,4.642886210402727,-2.0349782120471245,0.9825571185037664,5.692619181398784,-0.2676768921998453,-0.005831795840521622,0.00456825752321037,-0.9634802554088528,0.2361470467503152,0.057831266417299534,-0.29160927066195763,-0.0004316413082960935,-0.0028159746534583974,0.0007158018604513927,47810,564000000,8.64,0,2,2,-3.449197931076324,2.2219363436691997,5.850699486989787
-4.804985892885419,2.850928643237058,4.46792630886665,-2.1310803411441377,1.0073060858616836,5.549887298015368,-0.26813264143457777,-0.005726301037703707,0.004691328121750092,-0.9633535630879224,0.15543543003822807,0.06316290287189023,-0.3077930772120978,-0.0005361655325941683,0.0027182186386198737,-0.005267691449262202,47810,913000000,8.99,0,2,2,-3.5554855864199695,2.260183028070375,5.719124480427795
-4.806271624318301,2.898464049024539,4.381966011250105,-2.1892374597796316,1.0133298484863977,5.424719447779669,-0.2695634807330008,-0.004858132718848123,0.004624128056295793,-0.962959264891986,0.10390411670847725,0.06462283489437107,-0.3205795481963228,-0.0012591240988513164,0.004894870426142006,-0.010459077475388767,47811,258000000,9.13,0,2,2,-3.5554855864199695,2.260183028070375,5.719124480427795
-4.804912567739545,2.9483568287751334,4.297250351837315,-2.2319739027433303,1.01016652258495,5.293988214743661,-0.27198664215349005,-0.003723071998874804,0.004629971614082117,-0.9622826864221414,0.0670017862028367,0.06443404873494848,-0.3346276640265097,-0.0017922668121173047,0.005410628091340186,-0.014775367071706569,47811,623000000,9.22,0,2,2,-3.5554855864199695,2.260183028070375,5.719124480427795
-4.794679290446997,3.055344339391937,4.132232521764884,-2.261469065510058,1.00217791638824,5.170965787954319,-0.2748592614143972,-0.0025823198541201713,0.005124577048336286,-0.9614673456488154,0.04545977211328803,0.0649680697894612,-0.3493793223754507,-0.007271157301147468,0.004751414871861925,-0.01925176584336441,47811,981000000,9.17,0,2,2,-3.5554855864199695,2.260183028070375,5.719124480427795
-4.786029733815932,3.112486733567247,4.052262675054003,-2.2856655810605213,0.9909826380569705,5.041908945159313,-0.27858896397980737,-0.0013676422719969441,0.0064661234962108995,-0.9603876862758107,0.03221320127060173,0.06624953636954728,-0.36821313258159616,-0.011448297027527587,0.0037019931824033847,-0.024666707031428814,47812,302000000,9.1,0,2,2,-3.5554855864199695,2.260183028070375,5.719124480427795
-4.775184051270693,3.1720815411108556,3.9742014451881884,-2.3078965873400925,0.9773607911142299,4.897305587115976,-0.2835597468290387,-0.00013393686853345813,0.008474494061102263,-0.9589171158080216,0.024614775451579328,0.06792013006978782,-0.39123162084080004,-0.012613352828338975,0.0023046440219332,-0.030352827525348403,47812,653000000,9.03,0,2,2,-3.5554855864199695,2.260183028070375,5.719124480427795
-4.762268117355413,3.2341347297119416,3.8982060370957945,-2.327243474476138,0.9654656005222403,4.761015883963582,-0.2887029767592082,0.0010257125310730256,0.010196163490404874,-0.9573638688472907,0.03790811192109409,0.06560834653954484,-0.4047109166362314,-0.011814442405011505,0.006589628083020216,-0.032349140019505285,47812,992000000,9.0,0,2,2,-3.9930271013421015,2.453727430473778,5.048009973996564
-4.7307524843902575,3.3656033648170482,3.7530203962825333,-2.357579000236493,0.9637456558449413,4.615710508476027,-0.29427466783823203,0.0029981441347513875,0.01172802863690102,-0.9556442247744386,0.11495008086136978,0.04985571076948459,-0.3898874103811255,-0.012096573482267559,0.009029412012750981,-0.03250637491873931,47813,442000000,9.1,0,2,2,-3.9930271013421015,2.453727430473778,5.048009973996564
-4.712426890567834,3.4349937867204927,3.684122548120575,-2.4137148450867185,0.9903025104705055,4.4814261852180435,-0.29911800730674687,0.004050682675527744,0.01181418585906411,-0.9541343902654335,0.2189984705989521,0.022891070573529626,-0.35564107629880287,0.010512421522435034,0.001846678583206085,-0.017944796672964003,47813,917000000,9.38,0,2,2,-4.09554220015185,2.518498445420914,4.844702056385754
-4.692578477964153,3.5067924525178915,3.6178747020262714,-2.490781826261138,1.043861645321681,4.359153761987762,-0.3015552616176053,0.003552555366442256,0.010983080559156486,-0.9533788205548395,0.2953826474827784,-0.0027933133478952603,-0.3233637086783919,0.0005856268899151473,-0.0035089224638795713,-0.01514312489234726,47814,414000000,9.68,0,2,2,-4.14327986004937,2.554164125221506,4.739753463294144
-4.648899605976141,3.6574819894536956,3.493857067992778,-2.5765281525847565,1.1123522942319082,4.25456530026279,-0.3044804349908419,0.002804254859453152,0.01109784514904531,-0.9524498090164744,0.34294372097658876,-0.019527999922082505,-0.2933684452890636,0.001862343617631268,-0.0051847418035322335,-0.022542860824614763,47814,902000000,9.98,0,2,2,-4.187564633096847,2.591432436198377,4.635226463838433
-4.625368970448108,3.7362878683694305,3.4363370350639406,-2.6693916231003536,1.1927327897464948,4.160228357589774,-0.30891076284902064,0.001908155645795018,0.011137717660238236,-0.9510238960107091,0.37098478877718505,-0.03247606839589188,-0.266363076074519,0.0014254036727834318,-0.006367857440636726,-0.03404019407753367,47815,401000000,10.05,0,2,2,-4.226280238786973,2.6280714293064653,4.537317322265186
-4.6009143351756405,3.8173320867587197,3.381966011250105,-2.798606018232976,1.31389860713576,4.045990873510863,-0.3179111237512573,0.0006053669837531609,0.011452210226775738,-0.9480511578005426,0.38792886035162866,-0.04418926966957777,-0.23740759367387304,7.775780517249586e-05,-0.0058737173276313115,-0.04761339914693963,47815,796000000,9.86,0,2,2,-4.262097829132748,2.666062200538232,4.440576503164645
-4.5756903606132395,3.9005536364550437,3.330853492557395,-2.9375937650304005,1.455494678506375,3.9286673355229538,-0.329936052864828,-0.0007575800121698908,0.01221884904346006,-0.9439238988501961,0.3470713669985847,-0.04625371104517166,-0.22913814209899258,-0.0012939991506755177,-0.007521475117755472,-0.04807296718354337,47816,184000000,9.15,0,2,2,-4.3058493674310325,2.720600087294066,4.3108069935125215
-4.523558330551639,4.073248515359478,3.2388089362865244,-3.0328437602486775,1.5628215254508622,3.8231680917820245,-0.3397797511915631,-0.001926515029786034,0.013188128140876894,-0.9404105925053051,0.24836241480574336,-0.04291840007764611,-0.24240731430986187,-0.0023917031512610265,-0.0062146505570126465,-0.04120004414289724,47816,537000000,8.03,0,2,2,-4.3058493674310325,2.720600087294066,4.3108069935125215
-4.470225443784154,4.253741445548371,3.160944454897099,-3.082702191027571,1.630308339494356,3.724070289262505,-0.3472037958405473,-0.002200033815571158,0.013839069087378713,-0.937685002637837,0.15778534217916346,-0.044028541304110026,-0.2623928947058377,-0.0025798209662752924,0.00021133037506615437,-0.03844003404083196,47816,892000000,7.01,0,2,2,-4.3838775940466075,2.850588476438695,4.037468809833021
-4.44349995342669,4.346684865422453,3.1275302587205256,-3.1048516387658536,1.674928447185905,3.627649333004491,-0.3534969424452169,-0.0013805768258706996,0.014656539841369595,-0.9353198338158927,0.09562326001876471,-0.0492503909832613,-0.2747213808851828,-0.009568481254973449,0.0029703160862482036,-0.035448148992145434,47817,286000000,6.69,0,2,2,-4.3838775940466075,2.850588476438695,4.037468809833021
-4.416942375890457,4.441291814646157,3.0978869674096927,-3.1103911878555808,1.7091767542225231,3.529029224656568,-0.3589378002669146,-0.0003107210900051621,0.01518815119852553,-0.9332378469903175,0.05142612612285687,-0.058589435216183906,-0.27813478981071177,0.0015489654856537527,0.005010942959415843,-0.02632502746564569,47817,618000000,6.61,0,2,2,-4.437617415493573,2.9649812032457974,3.848505772640707
-4.3907065747319,4.537453565240048,3.0720742786082935,-3.102675858188062,1.7373648740709007,3.4295369657506494,-0.362617444297718,0.000707458001600359,0.015079491423147226,-0.9318158066552567,0.017643402975388835,-0.06951069847689072,-0.2766221906567218,-0.004582392966767657,0.004276384879631223,-0.0177747177076526,47817,991000000,6.7,0,2,2,-4.437617415493573,2.9649812032457974,3.848505772640707
-4.339806565582618,4.7339765903700695,3.0321408228027407,-3.082727316725278,1.7616407605040612,3.32656855763925,-0.36516731436118843,0.0016317984781640616,0.015138639491630176,-0.9308173780878319,-0.010146844755596764,-0.08039259657406203,-0.27066140330928284,0.0008092360872069548,0.004377111099529429,-0.010385366749687819,47818,349000000,6.95,0,2,2,-4.5045667444819,3.108852656024475,3.6789694963229636
-4.315439718675568,4.834091207905732,3.018100476464131,-3.048861131849334,1.7871177352241527,3.2106926960442084,-0.36708904220317023,0.0028644979832511772,0.015210807523622099,-0.9300570203380769,-0.02077505216659066,-0.0930852661340119,-0.2581817725219781,-0.0047608411477995105,0.005533132843993371,-0.010791903787321644,47818,701000000,7.21,0,2,2,-4.5045667444819,3.108852656024475,3.6789694963229636
-4.291988606647645,4.93526786441942,3.0080514120095216,-3.019508730989381,1.8147715363204182,3.117360538042243,-0.36989819928516426,0.004282784786880461,0.015183092212541528,-0.928938347594138,0.026284460878682154,-0.10374573897998489,-0.2363957604763746,-0.0003898270193758435,0.009209246672980953,-0.026670669285522308,47819,48000000,7.56,0,2,2,-4.5045667444819,3.108852656024475,3.6789694963229636
-4.248394781269408,5.140257566049799,3.0,-3.008896490405616,1.8620537363701155,3.038578962524285,-0.375649184779506,0.005768949032199739,0.0151286463281886,-0.9266204904176427,0.11990972786440894,-0.11137920921666862,-0.20628734696643014,-0.0061006231589999516,0.004819079185836017,-0.04478877308429219,47819,390000000,7.87,0,2,2,-4.5045667444819,3.108852656024475,3.6789694963229636
-4.2285232209468075,5.243784512046629,3.0020138669173706,-3.024287384565242,1.9412364790445178,2.9688480093543084,-0.3849596440153629,0.006600302231726005,0.016227657314495807,-0.9227671275181502,0.22347422497180908,-0.11468467032223965,-0.16926502479096928,-0.008358404102182249,-0.0027785791417045402,-0.06113101298979018,47819,855000000,8.14,0,2,2,-4.5045667444819,3.108852656024475,3.6789694963229636
-4.210109027392585,5.347801973019649,3.0080514120095216,-3.0578471745283085,2.0384702070820278,2.9151125895227157,-0.3958210250542422,0.006529375440672278,0.017837397031489854,-0.9181312055738573,0.27941520639748324,-0.11545943653568695,-0.14214132674537283,-0.008931088450481184,-0.0076040207659389125,-0.0688652231474407,47820,365000000,8.35,0,2,2,-4.6578156561496815,3.5545918922995465,3.3054315024859333
-4.193276839921718,5.4521572046181594,3.0181004764641304,-3.0930728651786166,2.1332424696917336,2.8746099420034503,-0.406434881495321,0.0061422049574926035,0.01967074949613536,-0.9134473285506968,0.306581607698312,-0.11247209219220086,-0.11976187837963918,-0.011360314420016948,-0.009191230310534593,-0.07925024401629344,47820,841000000,8.55,0,2,2,-4.662858873827329,3.62622435406706,3.250395993692384
-4.164832089147639,5.66125425050276,3.050144175636353,-3.142092092161054,2.2545391738601235,2.838141681853525,-0.4209711188634998,0.0051371008998024785,0.02030047440268752,-0.9068322987279313,0.3395846130829064,-0.10564369734136954,-0.08633435869896489,0.010472147369000595,-0.005478830462379847,-0.0857945968164131,47821,223000000,8.86,0,2,2,-4.663994907643187,3.6891602045723513,3.2057692331290886
-4.153443009833245,5.765675973355503,3.0720742786082935,-3.209069122443908,2.418071125727084,2.80919191834203,-0.4396035877892599,0.0038718356851690757,0.018376918704110606,-0.8979955363754208,0.3587551736973487,-0.10253803308244269,-0.051106028422747786,0.009091341416933574,-0.001363831813705474,-0.08545674209017307,47821,591000000,9.47,0,2,2,-4.663994907643187,3.6891602045723513,3.2057692331290886
-4.136847476985778,5.973449562871589,3.127530258720525,-3.268805013378871,2.5872554338826177,2.7916370486714013,-0.45756301650113096,0.003481913237831211,0.016837579057212206,-0.8890109437695816,0.3026813698219972,-0.11120808994073703,-0.0405560809675909,0.004296769884604146,0.0004892354581897962,-0.07217708916869015,47821,944000000,10.6,0,2,2,-4.663994907643187,3.6891602045723513,3.2057692331290886
-4.131829376054615,6.076470222463971,3.1609444548970984,-3.2901433280739156,2.7022135586775846,2.77718448368014,-0.46930755821155334,0.003744818426380368,0.016620202926159285,-0.8828704100801861,0.22746415240262144,-0.12869770504203315,-0.04625160905942958,-0.002945581968560873,0.00031698979796601634,-0.05736747843911871,47822,314000000,12.0,0,2,2,-4.663994907643187,3.6891602045723513,3.2057692331290886
-4.12877573295956,6.279944484351441,3.2388089362865236,-3.286674313514382,2.7834499504285497,2.7620385413688084,-0.4744395072271883,0.0038785789103796967,0.01751482629370415,-0.8801053013518099,0.15503310935323614,-0.15189052868916972,-0.05774641070654061,-0.008437418546236586,-0.010099687551701209,0.0267153152890387,47822,701000000,13.12,0,2,2,-4.663994907643187,3.6891602045723513,3.2057692331290886
-4.130889664098318,6.3800632425732875,3.283102412796268,-3.254266438157936,2.858593735359895,2.7386163013507447,-0.4606915412402817,0.0022324574505361763,0.02063317008286813,-0.8873176388733162,0.0717154881504924,-0.18646462251237486,-0.07158763594005635,-0.012323866121732863,-0.013703661988984095,0.11886554857483134,47823,123000000,13.69,0,2,2,-4.628466884185675,4.125323583779639,3.0227480456960123
-4.13551904324917,6.47888033835782,3.3308534925573943,-3.2039521811043987,2.9177648150057176,2.714962086944693,-0.44271924270119867,0.0014588900568721173,0.023303882685292633,-0.8963562198332028,0.031397545063558095,-0.19752118263429314,-0.06279816384979572,-0.009212115492118755,0.0019529780956872855,0.050263874800293706,47823,511000000,12.29,0,2,2,-4.628466884185675,4.125323583779639,3.0227480456960123
-4.142721361985436,6.576229718320881,3.381966011250105,-3.153468997266816,2.9690529408122264,2.699815654792592,-0.4392492240574742,0.002356761104174831,0.022834481315434297,-0.8980719076471881,0.02344351376661056,-0.1960698722595924,-0.03927759097201448,0.009478974698140519,0.009391424100613222,0.002856214473467844,47823,872000000,10.78,0,2,2,-4.628466884185675,4.125323583779639,3.0227480456960123
-4.165039210289305,6.765868159862174,3.493857067992778,-3.1079716737069547,3.0137130554577443,2.693412303321283,-0.43952983878820273,0.003146815783277813,0.020950855559654466,-0.8979781066465713,0.02210748937555134,-0.19830340692748122,-0.018419871346026146,0.006832760846009478,0.009138799305219436,-0.0021367411136452574,47824,260000000,10.8,0,2,2,-4.625206371388311,4.420519114826623,3.0162582951791435
-4.1802339303802745,6.857833443958347,3.5544102723452164,-3.0577491766331777,3.0711517301432147,2.69533344841716,-0.4417811819211907,0.0038554477191895748,0.019266240574613878,-0.8969076512090424,0.08807867075445991,-0.18906458679941013,0.01839184602996599,0.006573496057171724,0.0036122827850704198,-0.04468222141440492,47824,604000000,11.09,0,2,2,-4.625206371388311,4.420519114826623,3.0162582951791435
-4.198159873902308,6.947684308549583,3.6178747020262705,-3.038962317824697,3.1519264809720386,2.713231835000058,-0.45216215867257314,0.0037365664499170084,0.017569015174685253,-0.8917548710500637,0.20302492414911555,-0.1675251984723693,0.06429940704502538,0.011440051275712904,0.0021456353806570405,-0.07939027491374873,47824,932000000,11.52,0,2,2,-4.629745114662373,4.619496681732368,3.045763909010798
-4.218838448284354,7.035265581066037,3.684122548120574,-3.0458354143117328,3.2574293844716844,2.746738750952045,-0.4658007238648757,0.003617553076259333,0.015606401123242278,-0.8847446180682189,0.28983876389732166,-0.14633316219502115,0.10513525225953205,0.009003029754239833,0.003184839169989573,-0.08682890547788702,47825,316000000,12.52,0,2,2,-4.626114931390706,4.715559358671369,3.0688732231846605
-4.242283771069134,7.12042552534505,3.7530203962825324,-3.0665140324395264,3.3655333623879042,2.787422905309399,-0.4780018419563268,0.003762849456671771,0.01416280989948204,-0.8782365825141174,0.33886598634955983,-0.1279759418407623,0.13361754598860448,0.006419286592063145,0.0030910846589904395,-0.08496539085172117,47825,798000000,13.85,0,2,2,-4.626114931390706,4.715559358671369,3.0688732231846605
-4.297494846945124,7.2828940987080575,3.8982060370957945,-3.108021832856369,3.536529600750236,2.861140436085149,-0.4946109706017974,0.004128599711231249,0.012499551813238563,-0.8690147890739492,0.34126866204073136,-0.11328291707919225,0.15892475715720125,0.004801660452358192,0.004042738282805658,-0.0715478730853647,47826,292000000,15.09,0,2,2,-4.626114931390706,4.715559358671369,3.0688732231846605
-4.329252703688477,7.359920056617248,3.9742014451881875,-3.1362813837228263,3.694284546679157,2.9434951554377244,-0.5078805585526607,0.00490523297623668,0.011125809578706018,-0.8613416820837736,0.275368391787794,-0.12616106618274245,0.17501603321031972,0.003059189680243435,0.005517459840120864,-0.054719522086088546,47826,696000000,16.81,0,2,2,-4.626114931390706,4.715559358671369,3.0688732231846605
-4.401000166322823,7.504885637691123,4.132232521764883,-3.134728303627934,3.8037469618821897,3.0170923765438813,-0.5128760519293227,0.004958128950157914,0.010014847606039486,-0.858389931873698,0.20015797994086623,-0.15422932596183297,0.18467598907953323,0.006379572369041853,-0.0012205063399051141,0.019689067266881466,47827,39000000,18.24,0,2,2,-4.626114931390706,4.715559358671369,3.0688732231846605
-4.44093979567767,7.5725737357109155,4.213949936692153,-3.106770918584676,3.893150116708692,3.0948090125235717,-0.501084175299632,0.002992167454330106,0.008545553285586024,-0.8653511828831437,0.1281217136143034,-0.19197667716032005,0.19937346028179131,0.01635183198231971,-0.006594866954401368,0.14279227470979095,47827,420000000,18.75,0,2,2,-4.578413447183847,5.229321748722387,3.301188760170231
-4.528775451583464,7.697776788310476,4.381966011250105,-3.0571304521750506,3.9734515142992732,3.183955464195579,-0.47646147928043925,0.00026107322641870595,0.006340776590775225,-0.8791724433550517,0.09000073172005012,-0.2028642321922134,0.2159703044602507,0.013559817944042152,-0.0007056839876895538,0.06898165593156591,47827,803000000,17.29,0,2,2,-4.578413447183847,5.229321748722387,3.301188760170231
-4.576581810215823,7.755077640164158,4.467926308866649,-3.0108813432263584,4.044733564215888,3.274008749796992,-0.4701655587585345,-0.0002352433173926638,0.005026853514768777,-0.8825638916030938,0.0807728053388299,-0.1917348178008151,0.231124682523485,0.0009007422079321259,0.0024289625571327633,0.008718435219634557,47828,158000000,14.42,0,2,2,-4.578413447183847,5.229321748722387,3.301188760170231
-4.6797008925584365,7.858594902670625,4.642886210402726,-2.9706850914516276,4.104788035515337,3.3608990130641785,-0.47006263416873073,4.409419136190392e-05,0.004554321209027596,-0.8826213096070031,0.07464279111449322,-0.1851407388539709,0.24829403698819488,0.0025343209699713043,0.0028941149366801255,-0.0026239422368234955,47828,489000000,13.69,0,2,2,-4.578413447183847,5.229321748722387,3.301188760170231
-4.734887618073344,7.904640119602524,4.731533468364688,-2.928759500750894,4.166085873412204,3.459938152481514,-0.4704701131851715,0.000106344179022743,0.0035950288690155463,-0.882408599832231,0.07374040106676129,-0.1826323092425066,0.27130770105443747,0.006645690700679552,0.00224670693569351,-0.0007134027214306116,47828,863000000,13.62,0,2,2,-4.578413447183847,5.229321748722387,3.301188760170231
-4.792399167380991,7.946775109590542,4.820721382193133,-2.887421768025664,4.228007389373464,3.5685496299845,-0.47028205645184795,-0.0003368025050797421,0.0019009174801742868,-0.8825140568037582,0.07797765498626374,-0.18305439222026682,0.29797001316321214,0.011502125562401488,0.002181806735279679,0.0036212971735949395,47829,232000000,13.61,0,2,2,-4.578413447183847,5.229321748722387,3.301188760170231
-4.914085502344078,8.019058717695309,4.999999999999999,-2.851135664884188,4.285615137159076,3.6739285050107897,-0.46968431665392635,-0.0010622020942678081,-0.000225170149849221,-0.88283376901569,0.08764214387206654,-0.18320162254814196,0.32041792884367776,0.015437362526427023,0.0017666035773800104,0.002879198405025818,47829,583000000,13.56,0,2,2,-4.556043095443218,5.799590476884625,3.75327184122287
-4.978092569416851,8.049100264685944,5.089729660701029,-2.819160750423288,4.353173713312381,3.792036120126793,-0.4703457158156344,-0.0027524904039930814,-0.0031103338509602973,-0.8824724682582397,0.14760829757541827,-0.1597563637850073,0.33048873242937693,0.021568443116848357,-0.00662228712826618,-0.02071752805932192,47829,909000000,13.54,0,2,2,-4.556043095443218,5.799590476884625,3.75327184122287
-5.044089602812401,8.07501779183718,5.179278617806866,-2.815918442270025,4.440110016698182,3.909916362375751,-0.4755330843638983,-0.004195218155085487,-0.0035741335644365107,-0.8796805734977056,0.23993255342502207,-0.116297388977426,0.3248607558591653,-0.012511457953223726,-0.004621181369657279,-0.044591517143999226,47830,387000000,13.75,0,2,2,-4.556043095443218,5.799590476884625,3.75327184122287
-5.1119819662900525,8.096779286879451,5.26846653163531,-2.839479945132922,4.542677833581723,4.025411706407225,-0.48307110189322694,-0.0034453568966025462,-0.0016118211214529309,-0.8755728650798806,0.3065814909367692,-0.07831562668387196,0.3153516937621023,-0.009175689319818048,0.002249728163405962,-0.044060391519451514,47830,866000000,14.47,0,2,2,-4.572299275646636,6.048447691577425,4.01114224524164
-5.2530557095740935,8.12775047361449,5.445041867912629,-2.879601778651382,4.649258174015827,4.131167061716893,-0.4886712949608373,-0.002248150741370074,-0.001158293389626707,-0.8724643085284153,0.3479414333416532,-0.05083145993530502,0.3045867869095347,0.0010378615115769207,0.007723549151705811,-0.026089147286256775,47831,277000000,15.62,0,2,2,-4.572299275646636,6.048447691577425,4.01114224524164
-5.326030373087438,8.136940756034273,5.53207369113335,-2.9416043171221875,4.7817249920980975,4.250589620486786,-0.49119937179790396,-0.0005572916331102464,-0.0016386237401939902,-0.8710454531674097,0.37543063850760466,-0.02679739516899588,0.2933455534845168,-0.00469847664135159,0.008426105978287524,-0.0024583101549069397,47831,672000000,16.45,0,2,2,-4.594436933552388,6.198836624105294,4.186828451912256
-5.400487608599136,8.141936316943644,5.618033988749894,-3.0226580350075,4.9305228975111115,4.377200663450887,-0.489898677091633,0.0009534440329824303,-0.0024109801559444857,-0.8717755240330112,0.38984449839711777,-0.008559368965512204,0.2846023331430609,0.0027878085575139266,0.007080235309331329,0.0161905543791363,47832,89000000,16.9,0,2,2,-4.61174456657347,6.284365646789834,4.294118637564045
-5.47631735752994,8.142750146300394,5.702749648162685,-3.114871102485583,5.084743270602032,4.50583624947788,-0.4856523039072741,0.002119546865492016,-0.0032994202261563206,-0.8741432726142854,0.38108480689447655,-0.0019466685022624896,0.28069909593493825,-8.140827318925403e-05,0.005594004051090451,0.025440625904593617,47832,492000000,16.83,0,2,2,-4.634341984698048,6.3755230434867505,4.4151482532399635
-5.631644255798397,8.131930120548828,5.867767478235116,-3.2045446078061843,5.232911515246493,4.640128794399908,-0.48012829053285055,0.0035076228864085682,-0.0036691168179358337,-0.8771835946901114,0.32187417969633964,-0.014307583862617861,0.2878596948371299,-0.001287690736262448,0.00631291054560279,0.02589088908280246,47832,851000000,16.4,0,2,2,-4.662486917815223,6.467358542728346,4.54565770661343
-5.791095974912476,8.104766406478063,6.025798554811812,-3.2689907246602594,5.353492129398692,4.7800126856760485,-0.47486853602475687,0.0044280737523935305,-0.004159628751768365,-0.8800357737871767,0.23635588782109798,-0.031407176436332854,0.3022201833529221,0.0012782346516360121,0.002639291187733761,0.024034102352743503,47833,226000000,15.86,0,2,2,-4.696138527541652,6.5587724958065134,4.684258725670655
-5.872078083707181,8.085184330185637,6.101793962904205,-3.3022351231346656,5.4305592873754795,4.902401796232113,-0.47072284441827406,0.004262349245835843,-0.004560042905521538,-0.8822590561339541,0.1725719752984818,-0.03887909771667192,0.3146374271112917,0.002922404746641405,-0.0016382737953790638,0.0230189651119872,47833,604000000,15.4,0,2,2,-4.733264410979199,6.645342353919569,4.823599162375354
-6.035970176772812,8.034354397463265,6.246979603717467,-3.321500207880635,5.4870560601131695,5.023097287925884,-0.46687319131091576,0.0035292466048650654,-0.0047146416140941925,-0.8843046645856921,0.12715186349749033,-0.03960385486200123,0.32288794597360915,0.0022439326130552217,-0.0037113023608981166,0.02294061087013688,47833,942000000,15.05,0,2,2,-4.733264410979199,6.645342353919569,4.823599162375354
-6.118646833902687,8.003266302701505,6.315877451879425,-3.3335001168366363,5.53115174096505,5.146730744644424,-0.46297353740008806,0.002659074140316493,-0.004536430166475879,-0.8863565049083297,0.09704154328563987,-0.03532380387155965,0.33222866548630353,0.0004614814628212116,-0.005203772298045806,0.023556311316497158,47834,321000000,14.72,0,2,2,-4.733264410979199,6.645342353919569,4.823599162375354
-6.201656132817683,7.968516640433846,6.382125297973729,-3.3433698079343253,5.569862777826165,5.289034417460959,-0.4584906697851281,0.0013713380152374588,-0.004731721332836536,-0.888685566421139,0.07849058150403129,-0.028218006824293512,0.34768010951142914,0.0068388933868845925,-0.0044156408421258675,0.024657997164467815,47834,672000000,14.37,0,2,2,-4.84017237712455,6.832871960939597,5.163081429998164
-6.284883614466956,7.930206020270921,6.445589727654783,-3.352205103764305,5.603132531828297,5.443819878886155,-0.4536122777831907,-0.00010240643919017271,-0.006366501304726798,-0.8911763902945383,0.06250972974244837,-0.021128151617831947,0.3518235623003371,0.011783222089434275,-0.00035971720819816255,0.02501252220099559,47835,29000000,13.93,0,2,2,-4.886309884971333,6.894731397487736,5.2855627955273015
-6.451543150187733,7.8433436918687205,6.563662964936059,-3.364787401963024,5.636221236914919,5.623671604504779,-0.44778882825157884,-0.0013789569675545254,-0.006947086170021769,-0.8941112915988175,0.07586498361153224,-0.0036165879806238123,0.3388564427525979,-0.0007928037348392536,-0.006745448536094045,0.025148358690785244,47835,377000000,13.49,0,2,2,-4.886309884971333,6.894731397487736,5.2855627955273015
-6.534755148665063,7.795031808684679,6.618033988749895,-3.386354006338864,5.665053291982673,5.763919285327844,-0.4430336604344922,-0.0022098980702138344,-0.006364711907820845,-0.8964796609599488,0.09112706709512698,0.011573906017468154,0.33148625794231823,-0.0006930966378604353,-0.002749616146502376,0.025335273312521167,47835,762000000,13.04,0,2,2,-5.001749306728578,7.022023732960943,5.559161247051345
-6.700411658799133,7.689300091909045,6.716897587203731,-3.4209410452288194,5.697690088228129,5.900180736618302,-0.43793860367018633,-0.0037521830113862783,-0.007150010706833954,-0.8989686189656169,0.15268813919059052,0.03703562956693541,0.3096477572437922,0.011492001976876054,-0.009744272301759338,0.03007850427820813,47836,201000000,12.7,0,2,2,-5.001749306728578,7.022023732960943,5.559161247051345
-6.7826519732040484,7.632161968564601,6.761191063713475,-3.4950723614772383,5.7556921569337725,6.034817738582497,-0.4307295048807768,-0.005750050565973528,-0.007694083546515044,-0.9024299593996359,0.2405410675427128,0.06707673353732331,0.2738624019245026,0.0018709378309722524,-0.003995095221398515,0.04034002595290076,47836,661000000,12.35,0,2,2,-5.001749306728578,7.022023732960943,5.559161247051345
-6.864369656274056,7.572374008627096,6.801937735804837,-3.612266435249105,5.838661598451698,6.170745181260646,-0.4203303139047365,-0.005654397093526333,-0.008530357765742297,-0.9073134452892466,0.2795198332624336,0.08235716774080297,0.24832464511112576,0.0031069051374288392,0.005660316855937708,0.047056110634002835,47837,158000000,11.76,0,2,2,-5.175297594712145,7.155864398082595,5.908659996945732
-7.025867121271975,7.445478595724748,6.872469741279475,-3.7515565281311614,5.930223288010836,6.304147023124467,-0.4071540641896834,-0.00475013275968427,-0.010939599888411169,-0.913281626557148,0.29412537975971553,0.08650896000266466,0.22151848030803575,0.007850034489820246,0.005545700469156145,0.05720001609006431,47837,624000000,10.71,0,2,2,-5.175297594712145,7.155864398082595,5.908659996945732
-7.184204876711098,7.309926275887015,6.9279257213917065,-3.879243295696132,6.007265192999575,6.417623770961647,-0.39397324554345214,-0.0030434447344769274,-0.011733595585893656,-0.9190419696481404,0.23115833270735903,0.08216823946067695,0.2206566882639093,-0.004035342954011867,0.007891377026680857,0.051051980335614644,47838,28000000,9.33,0,2,2,-5.175297594712145,7.155864398082595,5.908659996945732
-7.261989492222686,7.239334768459573,6.949855824363647,-3.966233047494236,6.0462870301091645,6.522618310728382,-0.3837383679044066,-0.001795607263348255,-0.012192311877293225,-0.9233596202583827,0.15508359992008947,0.08343885529746818,0.23557514281066322,0.0021904422510488075,0.0027160004719917197,0.04591126671584789,47838,411000000,8.01,0,2,2,-5.175297594712145,7.155864398082595,5.908659996945732
-7.414433150806786,7.093418321813691,6.981899523535869,-4.031010949814657,6.060573578152812,6.631696474960312,-0.3744166472185145,-0.00035899156863732594,-0.013844191194674928,-0.9271571516096209,0.10094194028570225,0.08999685259994208,0.2615680661832284,0.005980150262985262,0.019034908291359898,0.04707786938524805,47838,800000000,7.21,0,2,2,-5.175297594712145,7.155864398082595,5.908659996945732
-7.488964595062717,7.018462329964086,6.991948587990478,-4.087412816807104,6.058500177371914,6.759775046545343,-0.3659362178099448,0.0035638775998427623,-0.01731495110059677,-0.9304720177091785,0.06987294627672244,0.10227548000692281,0.2911532808965308,0.008857735429046443,0.022916504531167448,0.026730514400696848,47839,215000000,6.68,0,2,2,-5.570636721873784,7.296432167863424,6.467974369363698
-7.6343677458871,6.865496962822616,7.0,-4.139883884251331,6.045569648963138,6.895226489001355,-0.3633197851190024,0.005507183915960117,-0.020012276456199775,-0.9314332576505082,0.043239645298585316,0.10937878559352728,0.2785443768986453,0.007940460636746138,-0.004137846599405748,-0.007291212432392058,47839,643000000,6.6,0,2,2,-5.570636721873784,7.296432167863424,6.467974369363698
-7.705144459679417,6.78787045338199,6.997986133082629,-4.173290473248886,6.029102736698828,6.986195742776579,-0.36468777699517646,0.004093630664367091,-0.019475148261850976,-0.9309171746715594,0.023789078690308683,0.11527222929951145,0.25172326976135023,-0.010549921262281714,-0.012657582192332484,-0.0010410140475869412,47840,163000000,7.51,0,2,2,-5.570636721873784,7.296432167863424,6.467974369363698
-7.774584090529587,6.709738893751633,6.991948587990478,-4.206208864767134,6.004136540782259,7.073296979004983,-0.364080743992223,0.0023784944839855097,-0.01746659237176134,-0.9312005545364422,0.008773062119587414,0.12627026711422312,0.22707474369314357,-0.0027669377686834196,-0.011747847747756168,0.0037992321949786856,47840,583000000,8.64,0,2,2,-5.570636721873784,7.296432167863424,6.467974369363698
-7.909325460998192,6.552737310035547,6.967859177197259,-4.238621226429829,5.972598554976989,7.1526966899875415,-0.3637768099324896,0.0007634512544214718,-0.016752443569606108,-0.9313351734644035,-0.0007762333985437828,0.13798518212164884,0.20769388439425449,0.00250391262852645,-0.007759814161545364,-0.002619223550937022,47841,2000000,9.62,0,2,2,-5.867246344812837,7.308101701569548,6.721136630516385
-7.974578631245801,6.47425572015198,6.949855824363647,-4.275047574975993,5.938916771981905,7.224147153865626,-0.3633016529327232,-0.00101626670628557,-0.016673619162804763,-0.931521801463791,0.04693882911998454,0.1482207648528124,0.1696961882139884,0.005139077393323532,-0.016265134217974264,0.02332781114091631,47841,469000000,10.46,0,2,2,-5.867246344812837,7.308101701569548,6.721136630516385
-8.038397653394853,6.396045001712609,6.9279257213917065,-4.3376216382243244,5.9239408611852795,7.275582925942653,-0.3564611104017786,-0.003926943015451108,-0.016144168063324048,-0.9341624172097844,0.1473354714578345,0.1558267304342788,0.10896798182181941,9.540114227490903e-05,-0.015823908506718,0.05740491833421402,47841,998000000,11.21,0,2,2,-6.00610506867247,7.2918738120997295,6.803964319530077
-8.10077312683108,6.318297333880579,6.902113032590307,-4.415143835000231,5.925684150344353,7.303704976334779,-0.34647719012590233,-0.005883991620309976,-0.015732634774087487,-0.9379080016548194,0.2187123165889898,0.15965804446480106,0.05866206480920919,0.003980282281190739,-0.01020601612253813,0.07363969343714416,47842,555000000,11.66,0,2,2,-6.00610506867247,7.2918738120997295,6.803964319530077
-8.221185561227667,6.164951085424454,6.839055545102902,-4.540151687168239,5.942450481773952,7.317754787146549,-0.33026832934304096,-0.007376878507257352,-0.016243626203251794,-0.9437184733299516,0.28388278834643843,0.158732126680376,-0.0012678212439442707,0.005087719637231203,-0.004896300106338458,0.0912523755687289,47843,71000000,11.77,0,2,2,-6.00610506867247,7.2918738120997295,6.803964319530077
-8.279233348785443,6.08972668807787,6.801937735804838,-4.693541269633478,5.967883805804619,7.308844415760147,-0.3099341518452818,-0.008341596466140942,-0.017298792901300306,-0.950564038375374,0.29626153784968473,0.15778638627213218,-0.0447214497771514,0.005503713919097208,-0.002952522731902718,0.0913968171516899,47843,524000000,11.65,0,2,2,-6.228364227403001,7.240807428069153,6.887479206047635
-8.391082768889193,5.94308865097476,6.716897587203732,-4.8676699384433375,5.9830774885376785,7.280807093510139,-0.2877251749119939,-0.008746742770684811,-0.018619076345328583,-0.9574920616949326,0.25955971293509533,0.15931002943119257,-0.0713285275290811,0.00436125765190809,-7.122135627923853e-05,0.07977669811225496,47843,985000000,11.46,0,2,2,-6.228364227403001,7.240807428069153,6.887479206047635
-8.444929778243836,5.8720295899248365,6.669146507442606,-4.998527696010188,5.975937957896776,7.249200809387752,-0.2712977743852575,-0.008414339907597096,-0.019440197794913475,-0.9622623318031419,0.18951369391589695,0.16987836933521283,-0.07850155241709837,0.0015612032939316123,0.002586036794127722,0.06665790206170641,47844,436000000,11.45,0,2,2,-6.438094615898485,7.170160345235256,6.915276562267251
-8.548623222003824,5.735285754374287,6.56366296493606,-5.084014345821085,5.947582478516464,7.222210216727526,-0.26065657295851186,-0.007609996721602155,-0.019850435228711872,-0.9651974923012657,0.12273053964339711,0.1817018659529798,-0.08133932549766551,6.584283411825709e-05,0.004039172927150503,0.04381065482448321,47844,883000000,11.61,0,2,2,-6.438094615898485,7.170160345235256,6.915276562267251
-8.59854755676286,5.6699281369230485,6.506142932007222,-5.151503848216196,5.902598267530952,7.1931212438316345,-0.25419148554946464,-0.006711736521396631,-0.020162801507935185,-0.966920422114651,0.07251409556785218,0.19483669931252895,-0.09042345160073635,0.0006273891131058917,0.004255493331584148,0.028606324667634908,47845,241000000,11.76,0,2,2,-6.617389620206078,7.0954170863556225,6.90141290718425
-8.694784156227092,5.546018099703973,6.3821252979737295,-5.207322826136899,5.844309421560852,7.159511594372061,-0.25061695946448026,-0.005924684182850337,-0.020467512850756674,-0.9678518061479331,0.035113746472099354,0.20671159378373388,-0.10427543710380564,0.0001576408536152485,0.00370168045265018,0.0036487626402958995,47845,596000000,11.74,0,2,2,-6.70109991147432,7.059037430699418,6.883995357842742
-8.741203892820776,5.487758199706242,6.315877451879426,-5.2487434705600755,5.783670046155978,7.124753894854016,-0.25159580060569114,-0.005410272781791735,-0.020756746712101613,-0.967594666961294,0.005856950315839206,0.2141689642609693,-0.11940414121615514,0.0016134036513903993,0.0031456632086701575,-0.01554545324324863,47845,960000000,11.6,0,2,2,-6.70109991147432,7.059037430699418,6.883995357842742
-8.786570409599188,5.43214581622669,6.246979603717468,-5.2933327629746705,5.695375428189536,7.071309813080041,-0.25677353229741046,-0.005022388553027767,-0.02132150824536517,-0.966223329262379,-0.023992993934991352,0.2243509717289065,-0.1429107219817849,0.0025059183599296375,0.0026083060902237776,-0.033053423976525664,47846,317000000,11.16,0,2,2,-6.70109991147432,7.059037430699418,6.883995357842742
-8.830948362253947,5.379310335909869,6.175570504584947,-5.326973396340395,5.611421440870318,7.017045761899397,-0.26386398679244727,-0.004829569539823567,-0.021786094677064372,-0.9643017358746053,-0.04322491581510588,0.23390622898055172,-0.16336560376633472,0.0015758386325614993,0.002150030331904418,-0.045902519559604116,47846,675000000,10.27,0,2,2,-6.70109991147432,7.059037430699418,6.883995357842742
-8.917016634011365,5.282450649562469,6.0257985548118125,-5.3569641053554315,5.532411346906972,6.962019448990565,-0.27036483663214866,-0.004517838025915877,-0.021847603691606907,-0.9624994163454736,-0.029636014132103213,0.2380238036730898,-0.18224120487187045,-0.0031797956580703612,0.004008367295682547,-0.015758580957481172,47846,995000000,9.31,0,2,2,-7.0822260970191016,6.912544057361981,6.737210596396624
-8.95885491383951,5.238647359080432,5.947737324945998,-5.403660358827404,5.4577891313802125,6.896216788178609,-0.2688348651584747,-0.0036526371881142414,-0.02111752311505926,-0.9629478302246086,0.055299165075831304,0.23086035937376032,-0.20554567750094493,-0.008723174869373906,0.002027413029281888,0.041414916631765664,47847,402000000,8.44,0,2,2,-7.162680786992896,6.8738197117006745,6.69320545100201
-9.0,5.198062264195162,5.867767478235117,-5.4814138497461515,5.406709107343877,6.8209287966803505,-0.25800290467101267,-0.0034443167017383543,-0.020200137747390344,-0.9659268048350065,0.16672706287617053,0.21515401008825236,-0.22916019297455764,-0.0015986257608346932,-0.0047961856580513995,0.07948100101202726,47847,858000000,8.17,0,2,2,-7.162680786992896,6.8738197117006745,6.69320545100201
-9.040533546240905,5.160785279215,5.786050063307848,-5.585724312363942,5.375513007566,6.737867524771467,-0.24263028022689193,-0.004315065714978805,-0.01939630887509857,-0.969915311007573,0.24899819462618492,0.19857681533556418,-0.24605147474835162,-0.005208074526308337,-0.008921306016418384,0.09363395292893983,47848,418000000,8.8,0,2,2,-7.325969361490013,6.784271989312647,6.588637335443825
-9.120105018100498,5.096471948035492,5.618033988749896,-5.6938283454905925,5.358745535802518,6.660078044015591,-0.22770098574450925,-0.0051691501408028355,-0.017897851308320716,-0.9735528788393292,0.29825822757890424,0.1847150737572476,-0.2535816644827375,-0.012455011437850771,-0.00792267082942999,0.09673894310253672,47848,862000000,10.11,0,2,2,-7.40525924906212,6.736537716557537,6.530151920199708
-9.159317703191736,5.069571516131274,5.532073691133351,-5.841570718685564,5.346312191217254,6.560829275122541,-0.20870612814670703,-0.005531531864246959,-0.015366983464571753,-0.9778420169170705,0.33747639139170643,0.16881408288667352,-0.2572152472625143,-0.0120174453513755,-0.003975387380705797,0.09786854352569208,47849,260000000,11.5,0,2,2,-7.40525924906212,6.736537716557537,6.530151920199708
-9.198267729892216,5.046250697497813,5.44504186791263,-6.020532375763083,5.3373413043800095,6.444706865476378,-0.187189798765042,-0.005646127072584812,-0.012784858908156749,-0.9822243368345551,0.35468996278039205,0.15533512330369814,-0.2613621721470461,-0.01017555941871251,-0.004969981273461599,0.0907958899915684,47849,631000000,13.56,0,2,2,-7.56174362975004,6.636823894746999,6.398804119368876
-9.275745524000433,5.010518615660784,5.268466531635312,-6.223910098945055,5.31934162451838,6.30491780277603,-0.16728410321888487,-0.006869952575102229,-0.009851345059677687,-0.9858355763322727,0.3073188843566711,0.1626045269812026,-0.2709715586263853,-0.008330443870363524,-0.009006488653540146,0.05420948982646223,47850,3000000,15.94,0,2,2,-7.66024970250956,6.5714189352421535,6.30647536484898
-9.314458149989589,4.998169166528449,5.179278617806868,-6.362874332283811,5.283579008523923,6.186236804236715,-0.15797045263015613,-0.008203376425153322,-0.008628269845981211,-0.9873720644572215,0.22003308440396782,0.1863982871263461,-0.28338065569486376,-0.00104178811852762,-0.005947236240899656,0.02768031718005659,47850,361000000,18.31,0,2,2,-7.774101107063908,6.494216893890258,6.191759161344634
-9.392295478639225,4.9845866686656395,5.000000000000001,-6.456465958170361,5.227906692674172,6.073182380162505,-0.1542711448923194,-0.008612371995012013,-0.008660808186238161,-0.9879530511637654,0.13680472164970575,0.2097886802451267,-0.29353781105717036,0.0012848584105995542,0.0012007463737973012,0.00884021046658745,47850,786000000,19.51,0,2,2,-7.774101107063908,6.494216893890258,6.191759161344634
-9.431605598247117,4.983358238416682,4.910270339298971,-6.519036722423927,5.162991637665677,5.96805200589487,-0.15632554080380434,-0.007979820745344523,-0.009250716707896936,-0.9876300278918521,0.08005057604628309,0.22781387145066118,-0.30454754426228825,0.004628800934369792,0.006727095160385943,-0.057212950923712924,47851,163000000,20.01,0,2,2,-7.949883608912838,6.374893216408766,5.9981099154118915
-9.511467160188488,4.991966920557292,4.73153346836469,-6.569652416007467,5.0827990763356965,5.851896753260966,-0.1699886629207465,-0.006754461756651562,-0.00990813174487199,-0.9853730565882755,0.032820083444680584,0.24084070050950404,-0.31574480045786535,-0.000622181943299438,0.006980001808187808,-0.06032992205291521,47851,514000000,19.8,0,2,2,-8.025460895198954,6.324988910915857,5.909790751520757
-9.552198506503384,5.001751500218027,4.642886210402727,-6.610431032878043,4.991176975732988,5.726346782045785,-0.18014810305417356,-0.0056044382084191055,-0.010251863130708597,-0.9835701045379022,-0.0025636183846710083,0.24397610570661876,-0.32378979679201025,0.0022976657646722742,0.005848172804689966,-0.04667769535444677,47851,857000000,18.29,0,2,2,-8.025460895198954,6.324988910915857,5.909790751520757
-9.593580803191154,5.015138883899101,4.554958132087372,-6.6426152151688616,4.896193044897012,5.597095331596375,-0.18862818556474364,-0.004445209647943524,-0.010691010177227756,-0.981980320588518,-0.016447052076689825,0.24089702272778052,-0.333548231336392,1.5532816988184095e-05,0.00782280239945976,-0.03670562437037006,47852,234000000,17.19,0,2,2,-8.186064232416925,6.2190290360433975,5.7081200655274635
-9.635699470216313,5.032079457966313,4.467926308866651,-6.675132673907343,4.815569017811585,5.478073521610345,-0.19249032700886803,-0.0027121506272793717,-0.010510124043344438,-0.981238837154129,0.042436909015115015,0.21873992135526107,-0.33427417906537243,-0.007675767210457707,0.012934500591654796,0.010995843149430584,47852,582000000,16.2,0,2,2,-8.281786552666484,6.1744902959741585,5.5994785077480875
-9.722475330250953,5.076376261790822,4.297250351837315,-6.731608299275384,4.762036917500867,5.367088811696779,-0.18738383667926517,-0.0008371627809534449,-0.009435658745054698,-0.9822410932423279,0.14341188782685013,0.18525542257170516,-0.3262928373420804,-0.008000462912605144,0.004908571327177924,0.04508477068156935,47852,922000000,15.73,0,2,2,-8.374969465141463,6.13994964707584,5.499837811210564
-9.76729017331638,5.103588292218058,4.213949936692154,-6.812156186937146,4.72914864123678,5.258522028894667,-0.1788054170291144,-0.00041707605592553347,-0.007874087239143299,-0.9838528587338444,0.2237067606083177,0.1561165781205262,-0.318041950283705,-0.010588597797323018,-0.0028800267273254576,0.0534057107870467,47853,306000000,16.34,0,2,2,-8.374969465141463,6.13994964707584,5.499837811210564
-9.813156089545181,5.134065492033123,4.132232521764885,-6.916963293202794,4.71103636905283,5.146204690675365,-0.16959270535064835,-0.0008425796412609562,-0.005785460796295887,-0.9854968963902275,0.2833682527657955,0.13054440074636278,-0.3084064691884713,-0.011235301735723624,-0.00473428076475102,0.047246614849427715,47853,777000000,17.36,0,2,2,-8.374969465141463,6.13994964707584,5.499837811210564
-9.860143519025664,5.167714407510702,4.052262675054004,-7.062761270458081,4.705087960652403,5.014386182640085,-0.16100811681049448,-0.0013818741252822164,-0.0027778640640367777,-0.9869482054374898,0.3283194324000717,0.10716315645283458,-0.293227527362815,-0.014094413381826598,-0.004761286891152849,0.029806407110299915,47854,312000000,18.5,0,2,2,-8.374969465141463,6.13994964707584,5.499837811210564
-9.957745129113496,5.24411319736433,3.898206037095796,-7.265719096545028,4.708042456508034,4.847534805409263,-0.1558958019176927,-0.002782596012723135,0.001818157739577819,-0.9877679132297744,0.3220203259302019,0.10816000298024046,-0.2903062066374905,-0.012721385155600728,-0.009222714743373217,0.006156759536679601,47854,739000000,19.63,0,2,2,-8.374969465141463,6.13994964707584,5.499837811210564
-10.008479866243734,5.286636596706112,3.824429495415054,-7.439734465880845,4.690577784034297,4.677494996957385,-0.1644990897874905,-0.005719437127383839,0.004835015573141194,-0.9863488024641387,0.22011049074755276,0.16058920171628283,-0.3319952649122294,-0.0014731198803019652,-0.014501423993351636,-0.07836848235456273,47855,147000000,20.54,0,2,2,-8.811798239703078,5.934090975230739,4.918175347736592
-10.114084415893515,5.379710159274142,3.684122548120575,-7.543909550579796,4.641391633373565,4.518643984448894,-0.18171772779008133,-0.0074905582301207415,0.005187128898343749,-0.9833085236272504,0.1257661607336653,0.1912948731085033,-0.34992127277409,-0.00015741225638521428,-0.0009116474018355802,-0.05953085201326758,47855,513000000,20.03,0,2,2,-8.811798239703078,5.934090975230739,4.918175347736592
-10.169046504790035,5.429991136564798,3.6178747020262714,-7.6118337758896955,4.581005212968129,4.371659390227734,-0.19458665851885087,-0.007084932479800132,0.004057849469163148,-0.980851349550945,0.061997661188351115,0.19711697455021363,-0.3519185500334586,0.010468990512890741,0.0039026287140586646,-0.07632438355358317,47855,896000000,18.97,0,2,2,-8.994035564639626,5.8481961961791376,4.629600928823048
-10.283482072404862,5.53732091465431,3.4938570679927787,-7.662408356307155,4.509461788141457,4.216959793794126,-0.2104545808102133,-0.006036392101494063,0.0027433772887012885,-0.9775811502210167,0.013514718559650871,0.19284905488623633,-0.34662405590054723,0.0003089946915224573,0.007338154000535724,-0.05824354229844175,47856,290000000,18.24,0,2,2,-8.994035564639626,5.8481961961791376,4.629600928823048
-10.343015939680622,5.5940639847794555,3.436337035063941,-7.698962399121746,4.431232975361801,4.059455930199832,-0.22169825735045562,-0.004275743696745723,0.0021829031570121905,-0.9751034999616286,-0.016297814278364905,0.18406497179956022,-0.3397085994844308,0.0013958128306512663,0.007871971592976479,-0.043276291762595065,47856,687000000,17.17,0,2,2,-9.142329117421216,5.79249496197613,4.393291895387589
-10.466824193840418,5.71290304839822,3.330853492557395,-7.73687339653504,4.350705096560733,3.8868208347282454,-0.22952184078794874,-0.001366851942805866,0.0018546552546366618,-0.9733007842239543,0.027779015212826514,0.15398500966185263,-0.31717214059911786,-0.004721465211332543,0.01333648151558009,-0.014822243792877998,47857,53000000,16.57,0,2,2,-9.142329117421216,5.79249496197613,4.393291895387589
-10.531124343357522,5.774663726388456,3.2831024127962682,-7.781835151795685,4.31448992085783,3.770680103955981,-0.2304390887180175,0.0008352697586970422,0.0022128769231202074,-0.9730838771097603,0.11394463665176927,0.12109311055396317,-0.29151118076948535,-0.00434489061262866,0.009301219597546151,0.011295761305518681,47857,379000000,16.27,0,2,2,-9.142329117421216,5.79249496197613,4.393291895387589
-10.597029011258085,5.837754861678575,3.2388089362865244,-7.860842686257051,4.309075037026902,3.660002502128231,-0.22716579516625646,0.0020529160487045943,0.003671704848842214,-0.9738470134603701,0.22156398656201523,0.08493127962714858,-0.25946043707802946,-0.01200565184262814,-0.0004577662963356488,0.014226523308025207,47857,725000000,16.47,0,2,2,-9.142329117421216,5.79249496197613,4.393291895387589
-10.733636765710141,5.967216887318114,3.1609444548970993,-7.955746106802777,4.327654910003014,3.5714976959585774,-0.2255049567319432,0.0020205767510432654,0.006141427999659338,-0.9742205677468745,0.29156210721479564,0.06164340066678218,-0.2298866061553372,-0.014934419414203148,-0.005028250780014787,0.00022845880227606585,47858,83000000,17.04,0,2,2,-9.142329117421216,5.79249496197613,4.393291895387589
-10.804316840475156,6.033224903224885,3.127530258720526,-8.13243071806809,4.386101893049542,3.454993155758723,-0.22926465784972744,0.001574942439745616,0.01052382443390832,-0.9733059566943187,0.35869615628747387,0.039707365867490796,-0.18679983451443669,-0.013633316757477587,-0.0044724139570462285,-0.02628934453241527,47858,538000000,17.37,0,2,2,-9.142329117421216,5.79249496197613,4.393291895387589
-10.950325304246979,6.166871325440744,3.0720742786082935,-8.321257627042248,4.45819284953976,3.353615876070872,-0.24455427361925647,-0.0006473032924407471,0.014739891123919487,-0.9695233487970571,0.3323894022278145,0.05971045409209967,-0.18950577117278938,-0.00919984686333919,-0.020921285795338918,-0.09326143263024278,47859,107000000,17.19,0,2,2,-9.142329117421216,5.79249496197613,4.393291895387589
-11.025593460231256,6.234135645563602,3.050144175636353,-8.435832296443081,4.492327324890847,3.2768312973325715,-0.26565276610484656,-0.00435440520410689,0.017258319056429473,-0.9639044545179302,0.2620147071908378,0.09876737114794333,-0.22900464506243795,-0.0037581047990897787,-0.03178832594130654,-0.1515678144642152,47859,682000000,15.79,0,2,2,-9.142329117421216,5.79249496197613,4.393291895387589
-11.180460941587125,6.368605256877436,3.018100476464131,-8.54390103446712,4.499850437884624,3.1610186803649674,-0.30293752764284654,-0.010597817829707059,0.02011669067884086,-0.9527391349991978,0.158296194608685,0.1535217751101715,-0.3002967260984027,0.00011052428163793593,-0.03597863651521038,-0.1991338940570131,47860,141000000,13.87,0,2,2,-9.142329117421216,5.79249496197613,4.393291895387589
-11.25996342056738,6.435433591546413,3.008051412009522,-8.640787521476687,4.475276532890754,3.000203349065665,-0.34930475546503,-0.016511018469415727,0.022531104349989974,-0.9365927201379411,0.07905395545656149,0.19076775238638857,-0.3625220660411633,0.004468022098080837,-0.02358825095143402,-0.2032869917456992,47860,551000000,10.97,0,2,2,-9.93093429442653,5.8322564288478675,3.4557811474005296
-11.340770603066856,6.501740470521191,3.0020138669173706,-8.716233397382979,4.441155279347332,2.8445444480985613,-0.3826648465366552,-0.01727201460467134,0.021926138443710514,-0.923465504060396,0.0418207324416558,0.18314514779888308,-0.35112590932450893,0.0048449745918333065,0.022269201690505724,-0.10866951633943245,47860,990000000,9.17,0,2,2,-10.015377534259446,5.856342570976653,3.3721372003927494
-11.50604108425346,6.632045291300239,3.0020138669173706,-8.787084491777527,4.405586563757665,2.6895085439335347,-0.39632981359612807,-0.011246173123497962,0.01717474549596446,-0.9178786578639268,0.03476368392093152,0.14711098039085915,-0.28965451654076135,0.01041426912706811,0.0322280317050172,-0.01746316356729949,47861,444000000,10.29,0,2,2,-10.015377534259446,5.856342570976653,3.3721372003927494
-11.59036145167595,6.695675396983499,3.0080514120095216,-8.84819577463701,4.38596757319017,2.569787811377335,-0.39486623778409685,-0.005577251122072253,0.013138498897623127,-0.918627742001553,0.09042862131745934,0.11704460920502735,-0.22699664458115035,0.0027296604002913227,0.027384350141801406,0.033847255690488964,47861,973000000,12.84,0,2,2,-10.015377534259446,5.856342570976653,3.3721372003927494
-11.761975075891066,6.818989440763117,3.0321408228027407,-8.919869843561655,4.398558931560038,2.4877539127685235,-0.38657114429349587,-0.0014339129767505059,0.011562258393335696,-0.9221859945119737,0.19592713878329288,0.09543876907019876,-0.16025712717606716,-0.0042914925870718434,0.016036407942010555,0.04848758253501728,47862,358000000,14.75,0,2,2,-10.015377534259446,5.856342570976653,3.3721372003927494
-11.849094176114601,6.878321800454076,3.0501441756363525,-9.009324335709323,4.442407114111264,2.4390993770734797,-0.37826097289864374,0.0009148927699701558,0.011931690214419099,-0.9256216473925067,0.28990128398248916,0.08056891796817026,-0.09833001252229415,-0.00904645812624949,0.0061627072682313155,0.040099051693687215,47862,759000000,16.09,0,2,2,-10.360527977517002,6.0049706536683045,3.1285076869178603
-11.936964078633872,6.93587601456928,3.072074278608293,-9.123691182318687,4.5123896948002535,2.4122362841379434,-0.3721489290265964,0.0021284820926845485,0.013528605157983618,-0.9280719912974518,0.3564652911584941,0.06888098201771876,-0.037714792060731236,-0.010409506012365455,-0.00044627648208006576,0.02372272556385724,47863,112000000,16.95,0,2,2,-10.433114385202295,6.041579483577169,3.0909959818556856
-12.114557488195874,7.044989978345844,3.127530258720525,-9.303791770304544,4.63531134282944,2.412546527164997,-0.3661355993955447,0.00239604118978107,0.014877564152522154,-0.9304394875147817,0.4034781068813772,0.05282688147464413,0.03287712848147823,-0.002059771009044198,0.00025949480431108896,0.025781764270504937,47863,681000000,17.46,0,2,2,-10.433114385202295,6.041579483577169,3.0909959818556856
-12.204071397869395,7.0962315397463875,3.1609444548970984,-9.48265719239246,4.759804325616415,2.4394356947912725,-0.3606850348017045,0.0032949832523192953,0.015089214242508277,-0.9325597913104573,0.3416368622040431,0.054693859434569246,0.047603822142420996,-0.0015502970086345158,0.0035849785490427166,0.014553290384355932,47864,223000000,17.62,0,2,2,-10.433114385202295,6.041579483577169,3.0909959818556856
-12.383981967760793,7.191327737505053,3.2388089362865236,-9.605795374631233,4.830638117315527,2.4566473841677072,-0.3614466306549281,0.001599367668631906,0.016531236099225875,-0.9322448677489686,0.22131060936276198,0.0732173852644999,0.013920532891467174,-0.003350463794049574,-0.027367523762222845,-0.03214990356354974,47864,619000000,17.54,0,2,2,-10.722304084212787,6.202995494343589,2.9985250755216795
-12.564296510383741,7.275634391818853,3.3308534925573943,-9.68159553375475,4.854003013627017,2.4558379685588183,-0.36810576339733186,-0.0026030104437233387,0.01855739276762307,-0.9295950701590263,0.1331084683356622,0.08703030512043916,-0.007384767164475417,-0.00043921051542383793,-0.010176906653214246,-0.024723989372432698,47865,53000000,17.0,0,2,2,-10.722304084212787,6.202995494343589,2.9985250755216795
-12.654305227338881,7.313412772494321,3.3819660112501047,-9.73678088913219,4.8565571937965135,2.452417021404179,-0.37301786215611105,-0.003906847579083696,0.018871901986450085,-0.9276239875994432,0.07610071195447639,0.09451874789697991,-0.005364620435633625,0.003070151615247596,-0.008724512372282334,-0.03669088509923313,47865,527000000,16.15,0,2,2,-10.89529753949554,6.307513909555514,2.9876308335544217
-12.744050391633541,7.348112631760663,3.4363370350639397,-9.77804628069205,4.845173687324682,2.451904158859033,-0.379182479589393,-0.0047133638056893416,0.018604061742525498,-0.9251228676563752,0.0503347554780223,0.09777502793855183,0.01049484182957778,0.003142040645798261,0.006869435173939564,-0.021661555365426466,47865,944000000,15.79,0,2,2,-10.974055231597287,6.356306861900298,2.994215938557805
-12.922246333789698,7.4078342454461295,3.5544102723452164,-9.817932463206253,4.832316945851495,2.459960701721644,-0.3815874192480107,-0.002991295872416564,0.017402994936576925,-0.9241640705999579,0.05510974053290716,0.09656874382074078,0.036354770509411966,0.0021855506474821595,0.01197488227262511,-0.008071863430814119,47866,426000000,15.39,0,2,2,-11.050389878571549,6.404225742602908,3.007086010432575
-13.010442248402331,7.432653551733569,3.61787470202627,-9.863382211636704,4.8261501729406024,2.4797979233809917,-0.38165893381540283,-0.0012763356000386073,0.016384608793874336,-0.924157115322388,0.11805864752162416,0.0895588291015587,0.07803949965347297,0.0007664311738153629,0.008073667413555086,0.013611887061415473,47866,891000000,15.4,0,2,2,-11.050389878571549,6.404225742602908,3.007086010432575
-13.097865609928817,7.453989872725822,3.684122548120574,-9.923284757899417,4.843474347850629,2.5141922482497776,-0.37852900233689846,-0.0001301563174050807,0.015831153431256857,-0.9254540248063116,0.19664634932472055,0.08129160485111031,0.12181139675551349,0.00029737520321759803,0.007629017954968731,0.021775694767711684,47867,304000000,15.45,0,2,2,-11.204528781481056,6.499833910396113,3.051828238479673
-13.269879644571253,7.485895915127626,3.8244294954150533,-10.002715970365264,4.879715461252563,2.56536308016311,-0.37467415452573805,0.0009790114512516143,0.015181887912845738,-0.9270317307117396,0.26667214546104623,0.07275840032029401,0.1613934724562916,0.0019580252455853042,0.006125527124822838,0.02538453245506389,47867,688000000,15.54,0,2,2,-11.273357717631486,6.5413617949484255,3.0793889974423885
-13.354213492458666,7.496327502823981,3.898206037095794,-10.145857626038305,4.965352947617422,2.6628694353854234,-0.3681778715379808,0.0022120576408876606,0.014026723706363145,-0.9296469290719034,0.35158364935804326,0.05885435005045623,0.2090730851335118,0.0023373053863906534,0.006823435660407995,0.027245517594565172,47868,92000000,15.63,0,2,2,-11.346074527504884,6.584211309107483,3.113132861796547
-13.437261888741183,7.503000098395525,3.9742014451881866,-10.315058330729348,5.077045882426588,2.784902679991597,-0.3617994271666653,0.003969972901218359,0.012619480105240399,-0.9321620902712733,0.3774946897231255,0.05341593862287194,0.23844524146626211,0.0021940365968475817,0.008560075912100729,0.02252962312923046,47868,645000000,15.79,0,2,2,-11.45179386482203,6.644259373181147,3.171441129529267
-13.598999833677176,7.504885637691124,4.132232521764883,-10.488587948531617,5.186626731579307,2.9208614027896314,-0.35708955489475724,0.005957015649873465,0.010979677927113482,-0.9339866221859003,0.32715421493705327,0.06286442757912208,0.24574612587602945,0.0025659434413682902,0.007970909246068913,0.012443670493667014,47869,220000000,16.02,0,2,2,-11.562359828958163,6.704411383116898,3.2432424242754148
-13.75410702501791,7.491273970733897,4.297250351837314,-10.649949566283414,5.264078004233775,3.0701597667783287,-0.35605724550954976,0.0067648158405382314,0.009625490819683882,-0.9343900818786958,0.2183721598400025,0.08780942577550815,0.24102953797976184,0.0021886800141146523,-0.00022904838203885447,-0.005862382658960996,47869,678000000,16.2,0,2,2,-11.677089271744482,6.76409373957586,3.3274644615968687
-13.90163493843648,7.462026039688312,4.467926308866649,-10.747161462134464,5.2847991260522535,3.183700292446501,-0.3584284524649292,0.005874666728383362,0.0092850020218481,-0.9334925396016192,0.1401395983734431,0.10741940410592063,0.23972618492395764,0.002447400993332849,-0.0050880575145129114,-0.016406636495958082,47870,121000000,16.02,0,2,2,-11.677089271744482,6.76409373957586,3.3274644615968687
-13.972273485833556,7.441533152447317,4.55495813208737,-10.823922617524614,5.275018579959524,3.2990554872263553,-0.36649607523885175,0.0035498817014248505,0.009522551594644699,-0.9303640933449393,0.0672403484194977,0.12913077361325193,0.250002280330213,0.0019743044049391756,-0.015541304674115963,-0.06552541963174008,47870,499000000,15.51,0,2,2,-11.902912251871095,6.8703743530859,3.5213871922103634
-14.040684578421265,7.417142118289708,4.642886210402725,-10.875779105651976,5.246785697905491,3.400284388075253,-0.37772502844371125,0.0010122821666298945,0.009662730409720856,-0.9258668423769378,0.036400324067645866,0.1379052177952398,0.2599719354109665,0.006848249131508055,-0.004753401981361094,-0.03432480261835735,47870,887000000,14.33,0,2,2,-11.902912251871095,6.8703743530859,3.5213871922103634
-14.170417664197668,7.356760196364748,4.820721382193132,-10.925240269366668,5.215124482243177,3.5051266602618387,-0.3815819639212559,0.0004875265672201791,0.00886081656895956,-0.9242924066860956,0.03327066720834053,0.13979642629041428,0.269889774240404,0.00279811752079695,0.001203691419959796,-0.011871908191096736,47871,262000000,12.83,0,2,2,-11.902912251871095,6.8703743530859,3.5213871922103634
-14.231547770101251,7.32083754636694,4.910270339298969,-10.978334708764379,5.181373648651219,3.620839970648657,-0.3834502409242223,0.0004871151697783782,0.007741288823198978,-0.9235289643001582,0.03579081888126565,0.1448627306400935,0.28765002073264634,0.0068498508881020825,0.0026266432541888207,-0.009722677168610971,47871,643000000,12.21,0,2,2,-11.902912251871095,6.8703743530859,3.5213871922103634
-14.290067270632257,7.281152949374527,4.999999999999999,-11.04003985900993,5.143938358875902,3.7580583262949894,-0.38577613544059525,0.00039964574244182515,0.0058313414912282875,-0.9225739043915193,0.04028015218738908,0.1526008157211376,0.31271392590424896,0.007832729170331731,0.0028544137421704363,-0.01274349097002414,47871,985000000,11.81,0,2,2,-11.902912251871095,6.8703743530859,3.5213871922103634
-14.398947797320005,7.190723335720643,5.179278617806866,-11.099819706898279,5.1095125747984795,3.893639580671558,-0.3884274143468218,0.0002854035680236837,0.0040088070335691514,-0.9214705593749661,0.04403634242992892,0.15949391970709026,0.33570708090538276,0.008477178653265582,0.0027931481554333004,-0.014915257906977786,47872,356000000,11.37,0,2,2,-12.339019677249198,7.028754333999283,3.9820282482176337
-14.449159919402483,7.140110308928806,5.26846653163531,-11.158876195967684,5.083016993742383,4.023537543888622,-0.3896852858988267,-0.0004779872950010668,0.0028552127690577396,-0.9209435364028236,0.10024775814933909,0.14781221871285283,0.34295470295674946,0.007938212638691766,-0.010176099567615893,0.013126928388373926,47872,877000000,10.95,0,2,2,-12.339019677249198,7.028754333999283,3.9820282482176337
-14.496464145870778,7.085998879141749,5.357113789597272,-11.23990678343754,5.088461599429355,4.15923292810745,-0.3844714039433476,-0.0025841829524575065,0.002686864216999501,-0.9231293746322768,0.19880364520797605,0.12180528097716406,0.33365387447450545,0.0011956311141148035,-0.0071787981141824275,0.042174251211690716,47873,419000000,10.7,0,2,2,-12.496575553074624,7.067481765116758,4.1744995943540575
-14.582119993610817,6.967624707432082,5.532073691133349,-11.337955934776836,5.122405316471578,4.290796056011967,-0.3758431223417056,-0.003361250888457577,0.0020398871034976764,-0.9266749636423266,0.2670975878398749,0.10214290852587689,0.3204183157907443,0.006984174933677423,0.002517739335416991,0.04709807981271297,47873,978000000,11.22,0,2,2,-12.574955326448706,7.082576068201191,4.274655910242282
-14.620373948532228,6.903550762011855,5.618033988749894,-11.442014656360076,5.17160137194195,4.410878529371856,-0.3677765576529014,-0.0028539070657249165,0.0004890285081750718,-0.9299096836287707,0.30649987623990693,0.09018096580139104,0.3083002876920765,0.005511038898475817,0.008391664596274495,0.04262853108230047,47874,579000000,12.26,0,2,2,-12.574955326448706,7.082576068201191,4.274655910242282
-14.655525061410888,6.836355431783316,5.702749648162684,-11.540816357395816,5.223067041101883,4.5145318921929825,-0.36146024466628357,-0.0017051873612810163,-0.0008840793570972839,-0.9323855437883748,0.32495028033703505,0.08389868233160992,0.2983756626747563,0.0042622850287443725,0.009853538813331397,0.0357477674697293,47875,73000000,13.29,0,2,2,-12.574955326448706,7.082576068201191,4.274655910242282
-14.68754212920409,6.76614864290927,5.786050063307846,-11.654447053348623,5.284378406705241,4.625968977044935,-0.3558266807692477,-0.00040127251606608466,-0.002444538680121505,-0.9345486806281141,0.33347857089826083,0.07920551942761303,0.2873489041230036,0.0063103042521106545,0.008793561391939875,0.026618993251759093,47875,547000000,14.11,0,2,2,-12.574955326448706,7.082576068201191,4.274655910242282
-14.742086120548693,6.617168264378271,5.947737324945996,-11.797501538817498,5.359772693661558,4.762371468592639,-0.35100558297986867,0.0007692768974922699,-0.004866887124071605,-0.936360401949879,0.308196436610075,0.08773209929202744,0.2869992876995487,0.007621377335453872,0.0076052155236538965,0.016183857951546088,47875,958000000,14.86,0,2,2,-12.574955326448706,7.082576068201191,4.274655910242282
-14.76458780322894,6.538641372996565,6.025798554811812,-11.913653739178745,5.407081146714694,4.886124461886709,-0.34853044750175166,0.0015359444842598029,-0.007165030572119211,-0.9372688143620647,0.2394204676529726,0.11759454873199413,0.3117024884364763,0.009044253783940803,0.008205114136217162,0.007095736873452552,47876,362000000,15.54,0,2,2,-12.95341174913557,7.111888877889631,4.799322541424384
-14.800044716281226,6.37416591566196,6.175570504584945,-12.017523892788445,5.421200340611678,5.029524679716129,-0.3483524598572888,0.0023431731974326397,-0.008562438951137124,-0.9373215872313786,0.16198860128900536,0.14440276497537546,0.3311319456628028,0.002264065460622078,0.003058351785512059,-0.007898179592302768,47876,767000000,15.97,0,2,2,-13.029539104916486,7.106357572015771,4.916555837900278
-14.81302080509144,6.288490478373291,6.246979603717467,-12.093556489895175,5.413253560187556,5.156197409989014,-0.3502240270500546,0.002688216100618102,-0.008209064922749434,-0.9366261343909493,0.10308114473059345,0.1599669467552892,0.3341371073751241,-0.007598517504447955,0.0006265936690397211,-0.010652832497726195,47877,231000000,16.21,0,2,2,-13.029539104916486,7.106357572015771,4.916555837900278
-14.829578784024937,6.110973494355408,6.382125297973729,-12.165518386510723,5.379286964630634,5.304766416463956,-0.35309340103642617,0.0029052561850134617,-0.006857012282670992,-0.9355584380537563,0.03875458276427924,0.17909876616943515,0.33939383699957293,-0.005116393867865554,-0.0022704970433551352,-0.019949650959460996,47877,658000000,16.15,0,2,2,-13.171642352174722,7.082409137556063,5.149227874984607
-14.833228257500085,6.0194246076210405,6.445589727654783,-12.224398791167483,5.3237962362076745,5.455600911134332,-0.3587439829734935,0.0025296115424823054,-0.005980944867365381,-0.9334134046842542,-0.010730390116781318,0.19221847408235898,0.34083441950308574,-0.001583850075803639,-0.0024070913468676736,-0.037544283986790106,47878,39000000,15.99,0,2,2,-13.244874519713239,7.063159695153076,5.274366496592648
-14.831495202095766,5.831495202095768,6.563662964936059,-12.269328830725174,5.26797291634825,5.58457631179952,-0.3643228519386935,0.0014191359102921038,-0.004531347130598908,-0.9312606039673893,0.00986787886017772,0.18076895974736826,0.3299537400926948,-0.007545109792772564,-0.018957954671350308,-0.00933037272261572,47878,428000000,15.52,0,2,2,-13.244874519713239,7.063159695153076,5.274366496592648
-14.82622645575601,5.735419632571633,6.618033988749894,-12.321983229970446,5.235129505128948,5.700377418230221,-0.3636228839211062,-0.0014598794883576133,-0.0026344226254199628,-0.9315413715226006,0.07675701972281099,0.1576177219555772,0.31192626803580953,-0.0012968279179403908,-0.016502571452292614,0.013991224477649666,47878,829000000,15.04,0,2,2,-13.373951917852649,7.013361644799838,5.508275984850201
-14.818111303820551,5.638142094139395,6.669146507442605,-12.377855711466355,5.222260328048504,5.798085907246412,-0.36101246088899513,-0.00336307800111141,-0.00213725209711315,-0.932552478385374,0.12420501634064929,0.14251465059737517,0.29623741233756834,0.004459153251445969,-0.007856191859900719,0.017409683277946897,47879,203000000,15.3,0,2,2,-13.373951917852649,7.013361644799838,5.508275984850201
-14.807225288116157,5.5398174063306085,6.716897587203732,-12.46072345409525,5.221674767450365,5.918612006446002,-0.3576238617846323,-0.0041609773136997525,-0.0025373899310740886,-0.9338529977477068,0.16465471570435494,0.12995625462056384,0.27412615011450875,0.0016254621868938557,0.0013136038091943192,0.01814634379115887,47879,559000000,15.73,0,2,2,-13.4734168708982,6.959769432458615,5.69856523338399
-14.77747875827409,5.34064642990583,6.801937735804838,-12.55924545074849,5.233385988549761,6.040199020179282,-0.35394421523324643,-0.003646643503373135,-0.003532855420357016,-0.9352527537658788,0.18825338336251934,0.12212979263480646,0.25115126850190217,0.004224644408168388,0.005168176949155168,0.014783227561565582,47879,931000000,16.2,0,2,2,-13.4734168708982,6.959769432458615,5.69856523338399
-14.758804733882657,5.240109123419744,6.839055545102901,-12.642319659046597,5.245182520558989,6.13408126710355,-0.352285191972689,-0.0027246734233831796,-0.004795280991538515,-0.9358764474820986,0.16371553316243687,0.13226289929199603,0.2450412782035137,0.003907481141141034,0.010886094605666585,-0.0032950526701824856,47880,418000000,16.63,0,2,2,-13.592934449837925,6.87268906795415,5.936399161746999
-14.737732432329594,5.139141823034612,6.872469741279474,-12.704345476871433,5.23995300595041,6.213734576618717,-0.3540345525412209,-0.0012528442584661252,-0.005952859752363707,-0.935212558432023,0.09823870589086023,0.15533045734162604,0.24937619716309425,0.004451531549420906,0.01289772662858013,-0.022435877872339915,47880,838000000,16.79,0,2,2,-13.592934449837925,6.87268906795415,5.936399161746999
-14.68883826770475,4.936522384489025,6.9279257213917065,-12.761111597474132,5.205277106576774,6.310190056197855,-0.35957620402569407,0.0005364594494643121,-0.006783913904059033,-0.9330909088732318,0.006517737275288403,0.1845133321598426,0.25451435487758,-0.002956907064799452,0.007121328235371038,-0.036925130916642956,47881,274000000,16.55,0,2,2,-13.592934449837925,6.87268906795415,5.936399161746999
-14.661254250502761,4.8351679108523635,6.949855824363647,-12.806324492693113,5.13569994690518,6.419521601893973,-0.36848781296258093,0.001417294003455465,-0.006613146251040106,-0.9296079761234969,-0.07136054268338231,0.2092980616908085,0.2613762776088483,-0.0020289619897084776,0.0023041584881866584,-0.05788046328234486,47881,647000000,15.82,0,2,2,-13.592934449837925,6.87268906795415,5.936399161746999
-14.631747105695233,4.733978015430124,6.967859177197259,-12.847692893248663,5.021930140656649,6.557289416695694,-0.3838567703479016,0.0011591552580418269,-0.006191969652067848,-0.9233711581639279,-0.10692111962090253,0.2144256254089702,0.2583872878689587,1.5582356316379276e-05,-0.003514837089824141,-0.06582860441994853,47882,89000000,14.69,0,2,2,-13.592934449837925,6.87268906795415,5.936399161746999
-14.567500007156669,4.532657624662312,6.991948587990478,-12.879530609586995,4.93662999934774,6.658852970313269,-0.3950176218689529,-5.5229973683198694e-05,-0.005633124334486565,-0.9186562704694716,-0.07276629268702009,0.19524390255458318,0.23759034665155956,0.000527618217915915,-0.011356251525285188,-0.04832939521293156,47882,524000000,12.85,0,2,2,-14.010133186330382,6.849062068472614,6.412266338842249
-14.533040607019544,4.4328014057587515,6.997986133082629,-12.914051733893004,4.883506084890528,6.735526510363144,-0.4018008340601283,-0.0018491729382279485,-0.005485835945405167,-0.9157087833541895,-0.021121770251842982,0.17260156629442286,0.20863285395767014,0.00594185721638496,-0.006961608960409649,-0.043730324614443816,47882,909000000,11.61,0,2,2,-14.109656976881285,6.863812469245284,6.490078393879987
-14.460184745468144,4.235353433605286,6.997986133082629,-12.957177602132933,4.844905303172103,6.8055080223625035,-0.4083961134486442,-0.0027675523033346685,-0.005581245559237095,-0.9127835476564516,0.01825019201073625,0.15622205637838954,0.17683869630838445,-0.0031138464919422404,-0.0026402611865705694,-0.029246678059280384,47883,269000000,10.88,0,2,2,-14.109656976881285,6.863812469245284,6.490078393879987
-14.422093948803884,4.138011283678539,6.991948587990478,-13.00486606404762,4.817678917832388,6.8643110095305815,-0.4119433073675414,-0.002856981875217164,-0.00510087523995637,-0.9111907211124586,0.04048119205616342,0.1477947881107506,0.14692213603068688,-0.0020200548533466645,-0.00022731263982223027,-0.01533459853817476,47883,598000000,10.09,0,2,2,-14.229962204862824,6.8183014042978405,6.615927087720374
-14.383104042743637,4.041748841864257,6.981899523535869,-13.054817984147041,4.796149283371318,6.912690781643074,-0.41400239108558834,-0.0027764368143382255,-0.005114054273602484,-0.9102571933376402,0.050286284813236784,0.14335297585176474,0.11918495058353781,0.0017737079019752855,0.0013472192222252488,-0.010961576026602415,47884,2000000,9.6,0,2,2,-14.229962204862824,6.8183014042978405,6.615927087720374
-14.343375815519579,3.9466786160617637,6.967859177197259,-13.102477256074502,4.778092178655615,6.949540739092403,-0.41550240240228586,-0.0026349767344672342,-0.0054168782697676665,-0.9095721345365347,0.05190402204296533,0.14088195466190923,0.09489450213915568,0.00025666015233127837,0.001686087864527508,-0.007441251182171982,47884,480000000,9.23,0,2,2,-14.229962204862824,6.8183014042978405,6.615927087720374
-14.262359495642343,3.760537631184168,6.927925721391707,-13.154953009294085,4.7580740198955125,6.98137687595614,-0.416681677697362,-0.0024680224693555877,-0.005752017919608636,-0.9090309140102194,0.04784720652444898,0.13907539287302456,0.070036234040214,0.0021242225102469092,0.0016259871131296677,-0.007796958561812062,47884,853000000,8.92,0,2,2,-14.229962204862824,6.8183014042978405,6.615927087720374
-14.221403688720377,3.669663974830505,6.902113032590307,-13.200290763801313,4.739033359638557,7.002189983052555,-0.41814753825851014,-0.0024292780900441813,-0.00628358549317493,-0.908354144268445,0.03943590126141205,0.1379231311463217,0.04910619343346799,0.003425677414270467,0.0018091593346980517,-0.012607938879227731,47885,180000000,8.62,0,2,2,-14.229962204862824,6.8183014042978405,6.615927087720374
-14.180373291542491,3.58037631457762,6.872469741279475,-13.250391249964824,4.713435272538961,7.017755308170449,-0.42104784336526313,-0.0024484643224755285,-0.007111153511488224,-0.9070072492078871,0.024955823235983006,0.13677630192127668,0.02557298731163335,0.004129050557821756,0.001787002850051067,-0.020086697077204008,47885,537000000,8.31,0,2,2,-14.331224143610063,6.4560447185923575,6.850333543305582
-14.139437282152723,3.49275797021996,6.839055545102902,-13.294266686153868,4.6854081825357845,7.024293967659962,-0.4250198744864515,-0.0025384070405797985,-0.007941171515789894,-0.9051456239612352,0.009947831127780686,0.13537507005891855,0.005105698327075155,0.004156937984589604,0.0014903445162417484,-0.026717084620031528,47885,968000000,7.8,0,2,2,-14.331224143610063,6.4560447185923575,6.850333543305582
-14.058525696744557,3.3228303091230633,6.761191063713478,-13.334316985368037,4.653477807432837,7.023422613992936,-0.42967012951384964,-0.0025321318623558802,-0.008283619648777284,-0.902944377997503,-0.006371278342872051,0.1342205390519119,-0.01380959512061052,-0.0009736874517329852,0.0003009568899869919,-0.02504489602870308,47886,491000000,7.15,0,2,2,-14.331224143610063,6.4560447185923575,6.850333543305582
-14.01888812379634,3.2406550122629065,6.716897587203733,-13.377431931817688,4.6086343032360535,7.012961404502821,-0.4350892307287807,-0.0025397523084279574,-0.008200167901462631,-0.9003464156692341,-0.029066048397786325,0.13314049546044632,-0.03648359906160914,0.00022911989816520872,4.563659750100868e-06,-0.029556402114394587,47886,884000000,6.37,0,2,2,-14.345105876103583,6.172415452696585,6.914061260618952
-13.980020067484556,3.160416836982813,6.669146507442608,-13.40627899218233,4.552860987496626,6.994554809060505,-0.4434128058875608,-0.0026651627064583567,-0.008682780342232545,-0.8962714933591254,-0.13068425508311582,0.13994904714109177,-0.055468656350642784,0.004125870873394888,0.0026548438881945913,-0.07290338835446164,47887,239000000,5.42,0,2,2,-14.383287434941952,6.110007545223154,6.917713706408929
-13.905256256218784,3.0059448998392075,6.5636629649360625,-13.397925795102417,4.408122360658555,6.9604476008964,-0.46486817441453215,-0.0021427621335860874,-0.009574980179936717,-0.8853255382860548,-0.30863099253755655,0.1434907489193314,-0.07760163845959075,0.0007066288276291743,0.004979962523066206,-0.0980521013843827,47887,592000000,4.17,0,2,2,-14.433654680809989,6.074901507154911,6.908758744523727
-13.869687366350743,2.9317902544446652,6.506142932007222,-13.352533251217654,4.194354057948658,6.913749485523522,-0.4892429331617888,-0.0008921956642924224,-0.010013599570016605,-0.8720896078739829,-0.3975410796743197,0.1299594160451661,-0.09907317952591835,-0.0018157692807108106,0.005682470282408758,-0.09729963130666874,47887,958000000,2.06,0,2,2,-14.433654680809989,6.074901507154911,6.908758744523727
-13.802973216660124,2.789788836736497,6.38212529797373,-13.316380238942177,4.03845736260563,6.876063415898899,-0.5046730817614031,0.00010474655485491393,-0.009880061565084253,-0.8632539915674167,-0.3800956270459733,0.11574974789823392,-0.10984470016664327,-0.00579357479182363,0.002889612915168982,-0.08513432476320304,47888,303000000,3.22,0,2,2,-14.598708532526725,6.027457478150986,6.832942924360892
-13.772137385077528,2.7219791074656707,6.315877451879423,-13.291041001788996,3.9084231239806395,6.837065141168696,-0.5169621981563481,0.0006955474337600005,-0.008902698750029976,-0.8559616485836794,-0.31865409095058517,0.10289863247004041,-0.11761466575146748,-0.00829299342512968,-0.0019248036323915585,-0.07466834140359424,47888,644000000,5.01,0,2,2,-14.598708532526725,6.027457478150986,6.832942924360892
-13.716252767427495,2.5927818998102916,6.175570504584947,-13.273199037534907,3.7773071867095704,6.784968174494623,-0.529488026464598,0.0006467915233184375,-0.007332567314643608,-0.8482854737338879,-0.25218966758844424,0.09259087619872094,-0.12713349535923718,-0.004621602693077875,-0.004312023838792811,-0.056698421758483164,47889,23000000,6.54,0,2,2,-14.598708532526725,6.027457478150986,6.832942924360892
-13.691488507366863,2.5313898444048584,6.101793962904209,-13.26648819593852,3.6737516602977323,6.730569528365064,-0.5384522613802155,0.000252194466430039,-0.006032152953165032,-0.8426343879425006,-0.20955378673994468,0.08820358004360883,-0.1387004752560097,-0.004205964432912879,-0.004914398277833243,-0.04367555993667338,47889,378000000,8.17,0,2,2,-14.598708532526725,6.027457478150986,6.832942924360892
-13.669024332667991,2.472121130739345,6.025798554811813,-13.266599104414833,3.5796200678583086,6.667382816837826,-0.5455841975853692,-0.0001464696253838959,-0.004763371268940931,-0.8380424644288209,-0.18125408061736742,0.08635664755416453,-0.15189682620664086,-0.0037334978969738586,-0.00391714656871045,-0.032853574157343246,47889,765000000,9.37,0,2,2,-14.598708532526725,6.027457478150986,6.832942924360892
-13.631507390535248,2.3598708849992422,5.867767478235117,-13.271558916995463,3.495007806414195,6.5985800284133,-0.5509785479367065,-0.0003324718080119503,-0.0036498605877097437,-0.8345113586367446,-0.16307070833957613,0.08521964338055588,-0.16305519564951163,-0.0038065308444856782,-0.0029191753810664522,-0.025662053485575598,47890,143000000,10.34,0,2,2,-14.621706286831945,5.584277771024977,6.579732540190753
-13.616695198629978,2.30683183381018,5.786050063307852,-13.27897121271004,3.4199543417299263,6.528190922372033,-0.5551628617287887,-0.00036668545768781956,-0.0026491213033095623,-0.8317373651911986,-0.15343516217530612,0.08407277953191417,-0.1748019915013089,-0.003944441778003238,-0.0026619445179676404,-0.02231318921985803,47890,540000000,11.07,0,2,2,-14.621706286831945,5.584277771024977,6.579732540190753
-13.604663567877996,2.255801405432595,5.702749648162687,-13.286720708287556,3.3547018411233225,6.459864206563438,-0.5582140190892446,-0.0005639960524046403,-0.0022411972657866964,-0.8296937795569526,-0.148416554963647,0.08215201715608196,-0.18567087877875438,0.0015954673017404275,-0.0010528364214223984,-0.013191620473662624,47890,998000000,11.63,0,2,2,-14.621706286831945,5.584277771024977,6.579732540190753
-13.589350019401854,2.159584193111267,5.532073691133351,-13.294689339054775,3.2913746729305458,6.387712936157972,-0.5597816619350248,-0.0007135868146501978,-0.002250160730060788,-0.8286367832360618,-0.14468331032927617,0.08013541955555455,-0.19460266034141271,-0.0007253636283621745,-0.00047434301393423084,-0.00787236695032334,47891,417000000,12.03,0,2,2,-14.621706286831945,5.584277771024977,6.579732540190753
-13.586253959936645,2.114292035098086,5.445041867912627,-13.303492983733763,3.2228027226717453,6.304153297360057,-0.5610456043506971,-0.0006284166219305386,-0.0018860054902155475,-0.8277825064076922,-0.14316020983324004,0.07858849303572021,-0.20515291921533244,-0.002504151439097768,-0.0009898274470288015,-0.007224889668577816,47891,944000000,12.24,0,2,2,-14.436847569735896,4.979178514821675,6.33605849609633
-13.586309634393402,2.0707982031062557,5.357113789597275,-13.313967043168713,3.1384270055582077,6.194010508444616,-0.5626538247062203,-0.0003930078480921711,-0.001112443729709522,-0.8266917693779474,-0.14340321252467436,0.07735000763839316,-0.21856070137256728,-0.0029505792781492346,-0.0007776532243042311,-0.007804653978382703,47892,509000000,12.46,0,2,2,-14.436847569735896,4.979178514821675,6.33605849609633
-13.589590624362929,2.029036789378015,5.268466531635312,-13.32174338859412,3.0737220058913373,6.1049948376457195,-0.5637228339985364,-0.0003490396522917523,-0.0009566291632844852,-0.8259633947461736,-0.14297350376776152,0.075917751239626,-0.22632419333364054,0.0013290865126691642,0.0004886085037014709,-0.0033146613077406073,47892,890000000,12.76,0,2,2,-14.436847569735896,4.979178514821675,6.33605849609633
-13.606081860953598,1.950423701411545,5.089729660701031,-13.329181292670688,3.009678137594878,6.013469358090805,-0.5640688795749486,-0.00021702722047132816,-0.0009698133640357862,-0.8257271410437509,-0.1411294792702676,0.07452448066262632,-0.23075993359932162,-0.00200542199308984,0.0003235868064166425,-0.0018828210045285232,47893,232000000,12.98,0,2,2,-14.436847569735896,4.979178514821675,6.33605849609633
-13.619397662556434,1.9134171618254512,5.000000000000004,-13.335836628409373,2.9528319499981217,5.929908702013585,-0.56439991116033,8.623403091653417e-05,-0.0005138971594812612,-0.8255013438848013,-0.139648521522787,0.07441427355816689,-0.23479799716384853,-0.004496757355809677,-0.0006109630987793935,-0.0031088034575077472,47893,684000000,13.17,0,2,2,-14.436847569735896,4.979178514821675,6.33605849609633
-13.63614954403571,1.877833893125572,4.910270339298972,-13.342751381632102,2.896325427751002,5.844378513063598,-0.5649726098310388,0.00043209792624377124,0.0002468184261525594,-0.8251095094063279,-0.1386116962588327,0.0752528735687385,-0.24020182670345647,-0.005127686972627998,-0.0009772156204235216,-0.004827323573408648,47894,113000000,13.46,0,2,2,-14.436847569735896,4.979178514821675,6.33605849609633
-13.656368443005908,1.8435866858678756,4.820721382193137,-13.35099330884262,2.8340161435029887,5.7472554908719475,-0.5659358340152334,0.0008312135109259974,0.001186363407591517,-0.8244480174052493,-0.13689524916806378,0.07650325595663296,-0.24480684106062167,-0.005005777711630799,-0.0011213617540306586,-0.007181233195296954,47894,536000000,13.93,0,2,2,-14.474451776822324,4.5184197173083485,5.756580244851461
-13.707286094986122,1.7787351912154206,4.642886210402724,-13.359437323287858,2.7752610647608256,5.653467293433,-0.5672115588249246,0.001200541840745932,0.0020858567526495417,-0.8235686100357972,-0.13679183339873685,0.0775671102078767,-0.24785404683389894,-0.005240764767222572,-0.001115121790462581,-0.009481525739829522,47894,978000000,14.51,0,2,2,-14.474451776822324,4.5184197173083485,5.756580244851461
-13.738001510741421,1.7479410398882975,4.554958132087372,-13.367205372102891,2.7225777081764737,5.568472046958775,-0.5683012764172963,0.0011261421842379826,0.002104051326552782,-0.8228170902419734,-0.13580022439036346,0.07724688738597371,-0.25234917049322836,0.007309279362743837,0.0010872068628486886,-0.0018524741676628764,47895,415000000,15.02,0,2,2,-14.589458481176731,4.5095229514823805,5.501431595178898
-13.77221714744992,1.71810389246541,4.467926308866647,-13.37472524201746,2.673886334094137,5.4865853527027575,-0.5680934919882363,0.0008380068214773754,0.001221013374162945,-0.8229626912755637,-0.1322153313181876,0.07684176585109623,-0.2582920910791251,0.0034592449310366646,0.001719276326639374,0.0031855365477895248,47895,789000000,15.39,0,2,2,-14.627664317551794,4.4945268993995136,5.393079147544646
-13.809918364591843,1.6891231034023886,4.3819660112501095,-13.383305236524068,2.6232707016947576,5.397845252048525,-0.5675230654701169,0.0005956244428495718,0.00037522723175201266,-0.8233571974516583,-0.12794217326171714,0.07694340856663093,-0.2631140763278971,0.00781083408583072,0.002002060909944703,0.005709402421416598,47896,179000000,15.62,0,2,2,-14.627664317551794,4.4945268993995136,5.393079147544646
-13.851081304720704,1.6608963631376414,4.297250351837316,-13.392400076192109,2.574003396901413,5.307721949332708,-0.5665644216620572,0.00020015104011797733,-0.0008151337919458227,-0.8240170214280774,-0.12322100838059473,0.0766410944532874,-0.2669735844072757,0.006770824484192417,0.002082834612338047,0.007689171252422966,47896,593000000,15.58,0,2,2,-14.64594820890288,4.393240954982259,5.193909131606153
-13.943650988470747,1.6062895774554231,4.132232521764885,-13.40276511540671,2.523290145763526,5.21114370101643,-0.565397954074091,-2.2637321671710366e-06,-0.0016552120091154153,-0.8248165940358574,-0.11819781926455097,0.07768344348224634,-0.26994803405745543,0.001996584796870593,0.0011486167409202608,0.007482133605662966,47897,119000000,15.58,0,2,2,-14.64594820890288,4.393240954982259,5.193909131606153
-13.994964238284453,1.5796997591868318,4.052262675054007,-13.415011337264058,2.471159286806099,5.108097399572155,-0.5642446437468127,-0.00021143148823422843,-0.0022484568113372884,-0.8256045553058229,-0.11324335978445574,0.08009641515895478,-0.2743118997342743,0.0047566494686179794,0.0008901532225991104,0.007557415028713876,47897,518000000,15.55,0,2,2,-14.64594820890288,4.393240954982259,5.193909131606153
-14.049552382614877,1.5534451516941854,3.974201445188189,-13.428905974887597,2.42022909387791,5.003014609769781,-0.5630774862217962,-0.00039678284728734427,-0.0027640347941880394,-0.8263993872124853,-0.10831345670154513,0.08354612505196984,-0.279492498970263,0.0007360073141171597,0.00036987534031140967,0.006881629951749346,47897,913000000,15.51,0,2,2,-14.577379314482378,4.086866488149723,4.9031960238063546
-14.107346262223295,1.527420412612428,3.898206037095793,-13.446680265758118,2.3652648907356166,4.885157419329185,-0.5619907278106867,-0.0003183859863560227,-0.0026516509428258853,-0.8271392199820146,-0.10262669793604584,0.08870615875585645,-0.2823524660892998,-0.0018500597093407123,-0.0003985150669905124,0.00546415030839853,47898,277000000,15.44,0,2,2,-14.550012583433565,3.9722338894988924,4.807285324504658
-14.232231046524186,1.4756417704159197,3.7530203962825315,-13.463418398776254,2.310039983755693,4.772516154985771,-0.5615519470032603,-0.0007868356197002627,-0.002608691565751574,-0.8274369984686868,-0.14266845409745887,0.08381992980728106,-0.2808251452260998,0.0035061191965723992,-0.004606154789144057,-0.0033013352776833926,47898,633000000,15.5,0,2,2,-14.550012583433565,3.9722338894988924,4.807285324504658
-14.29914059087924,1.449680820605077,3.684122548120576,-13.467741338658664,2.245959385438056,4.677669277692139,-0.5622894479412728,-0.0012760569848040415,-0.002675277555711577,-0.8269351796256281,-0.18583572983907792,0.07867126604313032,-0.2796028869431188,0.0006657454946434882,0.0020318316728662467,-0.004481798305278062,47899,31000000,15.74,0,2,2,-14.559309036896458,3.8078458649822866,4.569235424275478
-14.368893535892646,1.423536326822833,3.6178747020262687,-13.464155872151577,2.125955920524317,4.533326688949041,-0.5643298542986296,-0.0008174125464797306,-0.00257365757662255,-0.8255449858552194,-0.2634154989966254,0.0708692208394909,-0.27461412154989034,-0.0028518007638922427,-0.0008389927018015442,-0.017652521091804374,47899,406000000,16.08,0,2,2,-14.559309036896458,3.8078458649822866,4.569235424275478
-14.516477728939526,1.370300189070615,3.493857067992777,-13.442863289007153,1.9564652512772693,4.376526010982043,-0.5679112269154662,0.0004571432183581275,-0.0034196217125495856,-0.8230825812461291,-0.2823769011613422,0.07175290175386777,-0.2695415716515929,0.0014093486015553935,0.009412197232450126,-0.010108191418112256,47899,747000000,16.54,0,2,2,-14.559309036896458,3.8078458649822866,4.569235424275478
-14.674004208715575,1.3151635588544948,3.3819660112501038,-13.434056544838354,1.8498786365991293,4.275223582826095,-0.5693032071720274,0.0018878008105031353,-0.004277411109042315,-0.8221143462231684,-0.241123236147055,0.08383602136551449,-0.2679350432824922,-0.002206306908192346,0.008446650463156402,-0.007372036452579778,47900,72000000,16.96,0,2,2,-14.559309036896458,3.8078458649822866,4.569235424275478
-14.756158136970098,1.2866537833567335,3.330853492557395,-13.441625971211828,1.7500536664068551,4.158898749153075,-0.5706899086275585,0.003141036077271053,-0.004372624547992877,-0.8211480026387401,-0.16953725155462998,0.10498751562059716,-0.26497070555001273,-0.0032328501674783183,0.001382917150749563,-0.009212057193508372,47900,415000000,17.06,0,2,2,-14.559309036896458,3.8078458649822866,4.569235424275478
-14.840378961010297,1.2574006916957472,3.283102412796267,-13.464373509744528,1.6798232025078925,4.054475390925494,-0.5722226372213542,0.003236483971787666,-0.003780717719116454,-0.8200832182141439,-0.1181531352747549,0.12119085562055136,-0.2601624588345808,-0.002473336030561768,-0.0032007585105020553,-0.009108414724323666,47900,743000000,17.16,0,2,2,-14.864621084116068,3.6976189292717545,3.8415844249073183
-15.014403393356975,1.1963392173488867,3.1980622641951637,-13.496988299911198,1.6272429603463585,3.957247271850595,-0.573462513160722,0.0028197409973381386,-0.002926686116694107,-0.8192217218607369,-0.08056492053097877,0.1334322259041174,-0.2532261139639899,-0.0027348331286702887,-0.004999693828722229,-0.00603178182245756,47901,117000000,17.34,0,2,2,-14.884253165462821,3.6265708815468343,3.7350820530327202
-15.103883799479043,1.1643781079072553,3.1609444548970993,-13.535500042099402,1.5873515488585734,3.867668208543598,-0.5737582140653319,0.0016280829971138942,-0.0031637756933799747,-0.8190170032799546,-0.052751902228622416,0.1413328405084466,-0.24627969153848603,0.01423791318302392,-0.003049394899790059,0.0062539615555579076,47901,494000000,17.52,0,2,2,-14.884253165462821,3.6265708815468343,3.7350820530327202
-15.194785454764899,1.131368712289839,3.1275302587205274,-13.579423519559723,1.5550499607305135,3.7805983291417373,-0.5720259020194992,-7.45065052883665e-05,-0.004845844298396818,-0.8202212382403874,-0.030768497749875286,0.14638120246715883,-0.2391366880995823,0.012555712055473123,-0.001968695687537547,0.016600804701738525,47901,875000000,17.56,0,2,2,-14.889592660127612,3.4449919334882826,3.566866693783982
-15.286934236885259,1.0972456743280026,3.097886967409693,-13.627523843202866,1.5283294113420578,3.696648748851228,-0.5691680107622127,-0.0013335477550339685,-0.0060347785248022956,-0.8221980166745279,-0.01397924228482838,0.15135112866759598,-0.23020112931148531,0.006520724673464429,-0.002220577493972087,0.021659645062754862,47902,294000000,17.33,0,2,2,-14.889592660127612,3.4449919334882826,3.566866693783982
-15.380151744327637,1.0619484244926003,3.0720742786082944,-13.67623147338847,1.5067250966023666,3.6206317928745686,-0.5658912431205253,-0.0022956456766685483,-0.006807297088496051,-0.8244485985656004,-0.0017841477296060035,0.15554541829471114,-0.22079447334021465,0.008236362282332266,-0.001927057996908843,0.02578640796855325,47902,691000000,16.96,0,2,2,-14.884037015362184,3.243465698410512,3.4356912460288718
-15.569060486163298,0.9876140610008809,3.0321408228027416,-13.7335471946367,1.485575534396359,3.5398151170350416,-0.5615926260453878,-0.0031569152773492522,-0.007523698321017597,-0.8273736460759136,0.008856683424361961,0.15960426605215577,-0.20922021137663646,0.0033821910164988367,-0.0018120931031262444,0.028366833612381015,47903,28000000,16.54,0,2,2,-14.884037015362184,3.243465698410512,3.4356912460288718
-15.664377386391834,0.9484813585216545,3.018100476464131,-13.80340323341289,1.4635922028712491,3.4519236134038653,-0.5561071614012774,-0.00391278478922205,-0.008138207047147242,-0.8310615408857904,0.018190598101557893,0.16589327268138196,-0.19615924179241245,0.00479584741697181,-0.00110558733013022,0.032381580967921764,47903,543000000,15.98,0,2,2,-14.884681708744075,3.0412120367702085,3.3291794765517944
-15.76001523874531,0.9079835601142272,3.0080514120095225,-13.865706058472513,1.4371266945314678,3.3771166526217735,-0.5533457880202316,-0.004736211390288228,-0.00825416703217699,-0.832897278125304,-0.057514250703346724,0.16030257886667795,-0.1831990995867301,0.0004536744654615177,-0.007117395625755307,-0.021298244973877445,47904,124000000,15.35,0,2,2,-14.898358138264877,2.9290858088756675,3.269498275183292
-15.85578079367589,0.8660865264278437,3.0020138669173706,-13.900069322330678,1.3801349302889172,3.3179960845968615,-0.5589089005577982,-0.00552306924539471,-0.007793124553203891,-0.8291740491555931,-0.16743054785515105,0.14851246394032458,-0.17054359141605663,0.0006563688828009617,-0.001932374232183065,-0.05140521752764471,47904,498000000,15.12,0,2,2,-14.934062819120161,2.854679473625793,3.211975405888475
-16.04691446746932,0.7779866001387802,3.0020138669173706,-13.92171949270013,1.283426533618751,3.257065899236459,-0.567417196956042,-0.005337569339300347,-0.007879985129115556,-0.8233754555404607,-0.2553180548041165,0.13812760349029093,-0.15509925048317805,-0.0008366529300474213,0.004766658776134136,-0.049973736531683244,47904,946000000,15.87,0,2,2,-14.934062819120161,2.854679473625793,3.211975405888475
-16.141889952512262,0.7317440661210041,3.008051412009522,-13.934299578720344,1.1423786626200558,3.194201019741034,-0.5772538766687181,-0.004275946684647871,-0.008231324215570638,-0.8165120473407264,-0.3195143484046251,0.13302760753659998,-0.1370036130892576,-0.0019027534676752111,0.004741117118101101,-0.06609554911847226,47905,347000000,16.9,0,2,2,-15.070506997956661,2.805651228721246,3.092727985799466
-16.236208819886585,0.684023125704271,3.0181004764641304,-13.949087803459433,0.9700829173304057,3.132446603792438,-0.5895867035361816,-0.0027020381469528257,-0.008301538625273474,-0.8076579117792656,-0.28163862092706904,0.14344587152845228,-0.11742390004490535,-0.004138842450629454,0.006633789098486886,-0.047305511543527246,47905,731000000,17.94,0,2,2,-15.070506997956661,2.805651228721246,3.092727985799466
-16.42209128849096,0.5841312526123713,3.0501441756363525,-13.974844702727959,0.8678924176444959,3.093956571248176,-0.5957352588520546,-0.001848590381445356,-0.008464315132349187,-0.8031341353991979,-0.2104936831598753,0.1599470186590878,-0.10486598965101353,1.6793387658253778e-05,0.0030205568464225507,-0.03679287510749418,47906,93000000,19.22,0,2,2,-15.324702603593982,2.829326492826119,2.945292453031616
-16.513264569718935,0.5319676626161872,3.072074278608294,-14.016356737215672,0.7910847311479092,3.059920705070951,-0.6005059151102684,-0.001720853241487998,-0.008524168332461257,-0.7995730255179573,-0.1362356455169528,0.17949735220682259,-0.09145810254800814,-0.0007630931463609159,-0.0006626906667861476,-0.03002894427481806,47906,442000000,19.85,0,2,2,-15.409301076047798,2.819710302959269,2.9021962846394773
-16.69111154408141,0.42326747898706985,3.127530258720526,-14.071678885414734,0.7356270002442861,3.0310968292409397,-0.6040122586090387,-0.002140554689365716,-0.008497165522836025,-0.7969268521349414,-0.0788064671008413,0.1968707533017815,-0.07621239944263111,0.003654913894024503,-0.002247964266643976,-0.013798009331367211,47906,807000000,20.37,0,2,2,-15.475194532033852,2.7849440270727213,2.869265400085974
-16.777406574185214,0.36677318353002347,3.1609444548970984,-14.137504830839172,0.6962857100122749,3.007950489391748,-0.6046404883614138,-0.0028942004442744085,-0.00870331486550269,-0.7964457016948558,-0.03620612416489425,0.21160148344241153,-0.059444007464796514,0.003351424038555706,-0.0028885432357128593,0.0067256831698614405,47907,147000000,20.78,0,2,2,-15.475194532033852,2.7849440270727213,2.869265400085974
-16.861701714642972,0.308887101630705,3.1980622641951597,-14.220025772151631,0.6654370021285754,2.9898126711337136,-0.6021145534430035,-0.0036337417787343845,-0.008744574737128114,-0.7983535512950917,-0.0029445990119940594,0.22440043080659083,-0.03935700120232406,0.0016382423837058013,-0.0029401578331089695,0.0259629139691242,47907,523000000,20.85,0,2,2,-15.571767044459175,2.661907626384004,2.8325731899835853
-17.023570835656578,0.18908592655329434,3.283102412796265,-14.290944421322756,0.6471979496315396,2.9811303529764985,-0.5981392537129825,-0.003990681514158524,-0.008547235403867487,-0.8013366660746778,0.015748076958483258,0.23130926098586904,-0.02335558332437229,-0.0008931339095852309,-0.002793611224660708,0.036860410909866914,47907,978000000,20.52,0,2,2,-15.615558791889486,2.5746450719632827,2.828273391840374
-17.100794464688903,0.12725744857032972,3.330853492557394,-14.374211869271788,0.6306814521740678,2.9777133981726993,-0.592057780516045,-0.00416055136424504,-0.008104461254217023,-0.8058440246415797,0.029489135183161624,0.23739184981425918,-0.003559145580357913,-0.0016574625988141634,-0.0024488303779435228,0.04782523101312108,47908,356000000,20.0,0,2,2,-15.615558791889486,2.5746450719632827,2.828273391840374
-17.17531835073539,0.06421012045168248,3.3819660112501024,-14.465013805754955,0.6150094982129114,2.98218743666535,-0.5841262378012075,-0.0040987217133898,-0.0074831718365774725,-0.8116179772108225,0.03811938252837177,0.2425894478089649,0.018610364382813903,-0.003828091030300129,-0.001830619009979273,0.055075382988434285,47908,714000000,19.22,0,2,2,-15.615558791889486,2.5746450719632827,2.828273391840374
-17.246979603717467,1.0099637174326102e-15,3.4363370350639393,-14.547904627480348,0.6010584307428826,2.9931504798642736,-0.5763252213164378,-0.003768438414666876,-0.0067061666854990425,-0.8171842298251111,0.0428089026280498,0.24568338798029918,0.037774985647362716,-0.005922359787291498,-0.0013549849654737045,0.0567591891012853,47909,91000000,18.21,0,2,2,-15.615558791889486,2.5746450719632827,2.828273391840374
-17.381091215977307,-0.131660701802711,3.554410272345216,-14.626703287493617,0.5872910966973943,3.009185368980009,-0.5689290987020197,-0.0032804385559405957,-0.005808159631068755,-0.8223595227482248,0.04553250541121335,0.2474919053853423,0.055072169011019134,-0.00686103007865313,-0.0009610724987396679,0.055073649127734825,47909,527000000,17.23,0,2,2,-15.615558791889486,2.5746450719632827,2.828273391840374
-17.443245487155217,-0.19897610786469808,3.617874702026267,-14.695999625726223,0.5744989598224932,3.0275691056778338,-0.5627056873867083,-0.002794143322021607,-0.004991071035020884,-0.8266375211395084,0.04665489434087628,0.24902796860889437,0.07037455164328711,-0.0065186988649657,-0.0006665212993084424,0.05205802881391719,47910,29000000,16.32,0,2,2,-15.615558791889486,2.5746450719632827,2.828273391840374
-17.50194566394982,-0.2671844063214001,3.6841225481205737,-14.780582055200833,0.5573549219710268,3.055920585280231,-0.5557354041644401,-0.002219040582291375,-0.0040659000481740315,-0.831346320659374,0.046025038422682865,0.25145109136207877,0.09067592797135562,-0.006003319504088722,-0.0003018686612676902,0.046325941002578475,47910,396000000,15.57,0,2,2,-15.838270953758732,2.0957908262255933,2.9463249312386894
-17.60846689344039,-0.4059649933050725,3.8244294954150524,-14.867551320728172,0.5325094289125646,3.093238546469847,-0.5522469928910987,-0.0014510307199960119,-0.0035294495581242283,-0.8336718157275109,-0.016281487710114253,0.24511791625494633,0.11348277842506013,-0.0032002146099330275,0.006282953791014734,-0.03258373653807212,47910,750000000,14.75,0,2,2,-15.838270953758732,2.0957908262255933,2.9463249312386894
-17.656048271882852,-0.4763711602713219,3.8982060370957967,-14.936362657891172,0.47437561891971697,3.1394807564457032,-0.5619970313795257,-0.00017174420647412094,-0.003575891630341075,-0.8271315011674842,-0.13188816926996366,0.23461390885055292,0.14050848607486593,-0.004622867982106982,0.005204531089475495,-0.08322719222633168,47911,102000000,14.42,0,2,2,-15.838270953758732,2.0957908262255933,2.9463249312386894
-17.699696781001236,-0.5473385281843403,3.9742014451881866,-14.991084233061137,0.3846102130428179,3.195894980517876,-0.5756310561529799,0.00047220387437735744,-0.003448344112731969,-0.8177021298361561,-0.22044626927614797,0.22797270098581804,0.16780083365477588,-0.00034486912170450523,0.0012993998097954318,-0.09987484227167442,47911,465000000,15.77,0,2,2,-15.978142766435164,1.84225437106302,3.081920127275802
-17.774804299263565,-0.6905920754040414,4.132232521764882,-15.047501542312691,0.2463969452227907,3.2763882542798726,-0.5909367336214039,0.0007009271092427083,-0.003551810273325809,-0.8067097806533868,-0.28499817466157096,0.2139862029237348,0.1887762629084923,7.855575958615191e-05,0.0037971302845107857,-0.05234502204984892,47911,857000000,17.5,0,2,2,-15.978142766435164,1.84225437106302,3.081920127275802
-17.80608919576169,-0.7626899800729106,4.2139499366921545,-15.09570299215927,0.09256958425229454,3.3639293213889188,-0.6012056846757872,0.0006627477247988264,-0.003995909423873779,-0.799084049513471,-0.31899729219255224,0.20091344167775943,0.2045238805967446,0.002457126311128377,-0.0027552270012165536,-0.08329221236635931,47912,196000000,19.29,0,2,2,-15.978142766435164,1.84225437106302,3.081920127275802
-17.85575208989549,-0.9073430262727874,4.381966011250107,-15.156386483841242,-0.1046601206444148,3.4852571954214717,-0.6206388231363498,-0.0011569903619131627,-0.0032673162635854115,-0.784088921764402,-0.288344047058978,0.1948476764807221,0.22177812982767228,0.0009156706767043943,-0.008248715585068567,-0.08322044086526148,47912,555000000,20.52,0,2,2,-15.978142766435164,1.84225437106302,3.081920127275802
-17.887819513469868,-1.051942761218574,4.554958132087373,-15.207443064389835,-0.21822430627435532,3.5716624541528237,-0.6321450396069888,-0.0025113429402698396,-0.002572316560970717,-0.7748417420637745,-0.22804882777859517,0.20169575102606077,0.22888625897157017,0.0022402052991310484,-0.007953793010528898,-0.06790073020965792,47912,926000000,23.47,0,2,2,-15.978142766435164,1.84225437106302,3.081920127275802
-17.897144929015358,-1.1239707888274537,4.642886210402725,-15.266829653240254,-0.3006539533169755,3.6553984851252586,-0.6407191562068246,-0.003556435652128567,-0.0022107984448978386,-0.7677639135862684,-0.16309103269028294,0.21203495036951647,0.23388223757240043,0.0025738808972164406,-0.0027478066840558313,-0.057025653222808614,47913,267000000,25.42,0,2,2,-16.525707553685415,1.532264569514086,3.5326024463931702
-17.90195834864297,-1.1956824870840976,4.731533468364684,-15.346202374893046,-0.37154150275368314,3.7553671504834027,-0.6491020544232664,-0.0038480004717008974,-0.0025093056689697055,-0.7606874648769519,-0.1104204043077716,0.22024158733214608,0.238889996685,0.0017305079609286622,0.002191390490224876,-0.04681544487539213,47913,583000000,26.98,0,2,2,-16.525707553685415,1.532264569514086,3.5326024463931702
-17.902241831081568,-1.2669766335672648,4.820721382193131,-15.428013185705899,-0.4218605051588562,3.8524506757960033,-0.6542513004536521,-0.0030141827488594226,-0.0023211588406020505,-0.7562676528707928,-0.08076456626245934,0.22583147183335703,0.2431703607098044,-0.007886323055572575,0.0021324845647541224,-0.011578630710573634,47913,876000000,28.52,0,2,2,-16.757149488348894,1.46263081038268,3.7384481606440216
-17.88919506535624,-1.4079101853620766,4.999999999999998,-15.5178641453664,-0.4649980397782339,3.9559578279038607,-0.6543211679828136,-0.0018946154514089702,-0.0017458301481777308,-0.7562123852721478,-0.06352571506467641,0.22873967074956658,0.24656357889524066,-0.0034030226061076974,0.002529714197407884,0.007428211756632663,47914,209000000,29.54,0,2,2,-16.757149488348894,1.46263081038268,3.7384481606440216
-17.875876777341105,-1.4773509686611925,5.089729660701025,-15.6001636154907,-0.4999503193871446,4.050701680186333,-0.6526649186443564,-0.0009172917535585141,-0.0013458837197636113,-0.7576449373841333,-0.05781568833218076,0.2281312303221006,0.2512849510330192,-0.006657547010036069,0.002237013450212544,0.016467023488075938,47914,565000000,29.76,0,2,2,-16.908027712545906,1.3128633803081953,3.9591114830216667
-17.85805241433367,-1.5459776304919082,5.179278617806865,-15.681869561605602,-0.5344499036231386,4.14758997834136,-0.6500754396489646,-0.00012314414200827162,-0.0010236882131297626,-0.75986897532612,-0.05751497393002124,0.22462713142954738,0.25691967295343004,-0.0009972223779186606,0.002122033038176596,0.017613298041396774,47914,928000000,29.68,0,2,2,-16.958879713264434,1.2271594851679617,4.062620562903647
-17.83575170365043,-1.6136947921872915,5.268466531635306,-15.757412121965412,-0.5676222074250772,4.240925895390381,-0.6476258318929042,0.00042465254950737604,-0.0008739970837356031,-0.7619578975667445,-0.059646426392763664,0.2194742603826539,0.26046082623976596,-0.005034304786022403,0.0011115846518805483,0.01954613017005613,47915,293000000,29.55,0,2,2,-17.004482522398458,1.1315414764965206,4.170791427314915
-17.77788685426699,-1.746030254773022,5.445041867912624,-15.838732071883534,-0.6060044662923816,4.345714644691475,-0.6444868530586371,0.0010397735951326093,-0.00033170472992551504,-0.764614612126539,-0.06345326235756153,0.2130061307756277,0.26291736549808986,-0.003141319302812917,0.00027458353031306615,0.020993863836338278,47915,724000000,29.15,0,2,2,-17.03844805008102,1.047691788952282,4.261376448587101
-17.742428517923543,-1.8104699101848654,5.532073691133348,-15.905396073256213,-0.6400467656427944,4.435455888061801,-0.6417863748971759,0.0013243182027100776,-3.986886312178583e-05,-0.7668823205604058,-0.06769123961202221,0.2068139989487955,0.266143419890967,-0.0017032842947628524,0.0003016109218378915,0.019888322094629984,47916,180000000,28.76,0,2,2,-17.03844805008102,1.047691788952282,4.261376448587101
-17.702705146635417,-1.8736433960974619,5.618033988749897,-15.972966710707524,-0.6779858746530619,4.532099235890639,-0.639161667754837,0.0014649818991125248,7.259764343761697e-05,-0.7690710051942359,-0.07313892064497347,0.19908971208137166,0.27068811127938597,-7.327411992719135e-05,0.00017527618041413007,0.017781147289497312,47916,729000000,28.41,0,2,2,-17.03844805008102,1.047691788952282,4.261376448587101
-17.65879194030898,-1.9354693085554475,5.702749648162684,-16.033618697232377,-0.7153450510146186,4.62458385159731,-0.636994714085724,0.0013462946670904242,-0.00010555146626008074,-0.770866986305941,-0.07739940977280962,0.19115391966862888,0.2734348553950402,0.003348194036334462,0.00039656032129187224,0.014320188984129345,47917,99000000,28.09,0,2,2,-17.03844805008102,1.047691788952282,4.261376448587101
-17.558739495509858,-2.054771557371984,5.867767478235115,-16.091002313740603,-0.753695242067262,4.717850752143858,-0.6353866633445189,0.0009894305924558746,-0.0006902787657090258,-0.7721931964128195,-0.08062975691290485,0.18261379337383252,0.27473767538224186,0.005155894950803486,0.0009548815057769389,0.009508750918030273,47917,473000000,27.87,0,2,2,-17.03844805008102,1.047691788952282,4.261376448587101
-17.502792642628673,-2.1121046686545992,5.947737324945999,-16.148008134866735,-0.7948646031010227,4.8170872817806485,-0.6344105545907623,0.000515887332696495,-0.0016172456234986193,-0.7729944156335764,-0.08402513482573677,0.172471460185111,0.276721261465637,0.006500056588265579,0.001758752239311434,0.003673543710647209,47917,883000000,27.77,0,2,2,-17.03844805008102,1.047691788952282,4.261376448587101
-17.443040220248328,-2.1678042773892896,6.025798554811811,-16.209044709147797,-0.8435708372581765,4.934460176456762,-0.6342899648858789,-5.4991443871088e-05,-0.002945236337032856,-0.7730896215859651,-0.08811870099502842,0.15979414541504242,0.28009393539988203,0.006791467149014352,0.0021314493324098294,-0.002408688055766106,47918,291000000,27.83,0,2,2,-17.289598057576494,0.6124479018961804,4.854187630369455
-17.379597898493536,-2.221810123990574,6.101793962904207,-16.25216574150412,-0.8864011173358783,5.030392735588882,-0.632965245049284,0.00020648593094670358,-0.004181161463452003,-0.7741688923045646,-0.13432180429723836,0.13220700224344734,0.28118154611245216,0.002970352647935215,0.015355459163401974,0.04674185693147592,47918,704000000,28.14,0,2,2,-17.289598057576494,0.6124479018961804,4.854187630369455
-17.242142263826878,-2.32452452769512,6.2469796037174685,-16.278871691737265,-0.9724320705945377,5.149761293067952,-0.6215272929784792,0.0027511100048664807,-0.006219890974821071,-0.783362986381694,-0.238922879041734,0.08801171390481763,0.28357162274649583,-0.002979817099912907,0.01157424749180791,0.07943667587824166,47919,98000000,28.23,0,2,2,-17.451172283990253,0.5632430553158866,5.096860310413957
-17.168395347072096,-2.3731382247284643,6.315877451879424,-16.274264581817107,-1.1317257391862234,5.305371845029679,-0.6066097146648756,0.0031495297599335344,-0.006501873346859761,-0.7949669554009592,-0.3369214474831509,0.04568580692398865,0.28145540527795393,0.0029309980163816363,-0.007402564506264753,0.05509746297320817,47919,471000000,26.85,0,2,2,-17.451172283990253,0.5632430553158866,5.096860310413957
-17.01157680896766,-2.4646828487541175,6.445589727654782,-16.254245379736094,-1.2485500080348446,5.401951225302185,-0.6002519022981109,0.0011994796827500612,-0.0057371149951298646,-0.7997895351575451,-0.3386037767408168,0.04238742246505013,0.27850580637493705,0.0030043202059459873,-0.019585128757171333,0.029502033794415183,47919,832000000,24.85,0,2,2,-17.650262468176855,0.5146456670716649,5.417613579145616
-16.928808052987947,-2.5075527219881533,6.506142932007219,-16.23912943526311,-1.3606122960041147,5.502403612525721,-0.5976099088643223,-0.00197092760960995,-0.004085561453295742,-0.8017741704863941,-0.2814074966140655,0.05785740761503947,0.2748451974667495,0.004547603748505935,-0.01780251823220169,0.010587590350041864,47920,217000000,23.94,0,2,2,-17.70952704877863,0.49286678055414024,5.529668879131298
-16.84334369186872,-2.5484568498122657,6.563662964936059,-16.234700002896474,-1.4535420413446094,5.600480951901609,-0.5963191037154996,-0.0039068949817401685,-0.0026552960320912838,-0.8027335872620047,-0.22368004781039336,0.07080175509304022,0.26919615181876777,-0.004947538127453299,-0.009699645943328505,0.010552330786595121,47920,581000000,23.51,0,2,2,-17.755995531745405,0.45658682612258905,5.645094757996595
-16.75534777182382,-2.5873797582702727,6.618033988749891,-16.23843402060812,-1.5267531773132315,5.6909029825138795,-0.5946475526635688,-0.004218847472764294,-0.001292940747310531,-0.8039743887347739,-0.18300179945735742,0.07827727564418738,0.26311392453679405,-0.005962740169707104,-0.0036104803939451813,0.013898624092689715,47920,941000000,23.27,0,2,2,-17.755995531745405,0.45658682612258905,5.645094757996595
-16.572438562504846,-2.659251146377299,6.7168975872037295,-16.247033813501442,-1.5893814114801366,5.779073052561059,-0.5925738840809072,-0.0038235127745972586,-0.0003514730723813528,-0.805506951628606,-0.15386843869953085,0.08079874377847136,0.2564747688986641,-0.006101952840253944,8.1608309798753e-05,0.016666627561789937,47921,273000000,22.99,0,2,2,-17.782734794372494,0.32887005321682766,5.849054562370982
-16.47787320574139,-2.692200012108084,6.761191063713476,-16.25795554611726,-1.6442923578028539,5.865045416063771,-0.5901696863248725,-0.0032152435640256582,7.916530231839402e-05,-0.8072728146573996,-0.13441606812560017,0.0782062960703109,0.2508256713224825,-0.0019436345837675617,0.0025032858502527233,0.018059220201394055,47921,617000000,22.66,0,2,2,-17.782734794372494,0.32887005321682766,5.849054562370982
-16.38147128113288,-2.7231685253367455,6.801937735804836,-16.268643626599097,-1.6937715829274513,5.949435171133938,-0.5875862457555606,-0.002493428783102266,0.00021211998290486186,-0.8091576741382992,-0.1226034872183281,0.07218636229905095,0.2463057190566793,-0.005599799897026969,0.0028358756708257715,0.020361074348329566,47921,973000000,22.29,0,2,2,-17.753920066655798,0.1580236837442694,6.020719406562659
-16.283414055463837,-2.7521728297852173,6.839055545102901,-16.27845625892305,-1.7422685047508117,6.03702528896134,-0.5844690181342223,-0.001722218546112009,0.00042457211478001894,-0.8114140869759514,-0.11529645681466798,0.06446173499571987,0.2407017722544429,-0.0013937469361735566,0.002848689155143802,0.021896903672313783,47922,386000000,21.91,0,2,2,-17.72655448522928,0.06342424829851014,6.096557441950269
-16.183884907378264,-2.7792354667809693,6.872469741279472,-16.285825266572274,-1.787948676812596,6.122411714447521,-0.5811832841940774,-0.0010690285478390208,0.0005143632081955491,-0.8137718247652963,-0.11147053134357661,0.05608479749494607,0.23397303322428692,-0.004161687093073851,0.0021951197368252906,0.023432131456502248,47922,738000000,21.45,0,2,2,-17.690860024991956,-0.03994767410221734,6.170100486808386
-15.981152179474375,-2.8276577472677515,6.927925721391707,-16.290010861759885,-1.8270322580744798,6.196137076650805,-0.5780377782724193,-0.0005035137472540843,0.0007801723061876278,-0.8160094758610124,-0.1102005896018186,0.048599347956291894,0.22698191974096044,-0.0030681340604132856,0.0017017366985783156,0.024998274784593377,47923,158000000,20.95,0,2,2,-17.64913233692712,-0.14504831605044977,6.237996324166818
-15.878321800454078,-2.849094176114604,6.949855824363647,-16.291552631585272,-1.869874363536185,6.276144011808182,-0.5742306708560835,-5.243613685593164e-06,0.000990770632834937,-0.8186929552611467,-0.11106988103760754,0.038243990961865086,0.21805880091123192,-0.0022496369183500065,0.0016102366998893558,0.026873572096519638,47923,682000000,20.47,0,2,2,-17.64913233692712,-0.14504831605044977,6.237996324166818
-15.774764980033865,-2.8687423687722617,6.967859177197259,-16.287792490150146,-1.9188928015372995,6.365401638029606,-0.5694615004292206,0.000437744972894748,0.0011119165875443434,-0.8220171358005511,-0.11400051401377176,0.025025082062043357,0.20711167843151412,-0.0011894789395228145,0.0011790673852374312,0.028416051463864278,47924,31000000,19.9,0,2,2,-17.559236222800575,-0.34203257196917336,6.355914414281568
-15.670668781037511,-2.8866561511884625,6.981899523535869,-16.279206544971405,-1.962641762403233,6.442091344334946,-0.5649570740936848,0.0005506197588989658,0.0009066175412468518,-0.8251196151431727,-0.11736786059628886,0.013745373733507479,0.19637801079470846,0.002315120104867674,0.0012548757581498649,0.029073055884509813,47924,391000000,19.25,0,2,2,-17.559236222800575,-0.34203257196917336,6.355914414281568
-15.461602843222426,-2.9175255540069984,6.997986133082629,-16.267314363450144,-2.0014095488700097,6.507060763800458,-0.5607957370687212,0.0005474842371161327,0.0005624041423037121,-0.8279538183063958,-0.12015636771499236,0.0043608572350657794,0.18543790437217167,0.0005811816095047107,0.0008799298484518658,0.03077460678468924,47924,745000000,18.71,0,2,2,-17.48455226179579,-0.5174995934821909,6.499526170012256
-15.357002216775566,-2.9306181627619963,7.0,-16.2471885745878,-2.0471388704806115,6.574778490704881,-0.5556024184119547,0.001038760026994817,0.0003793891607551242,-0.8314473703706434,-0.16295677624543525,-0.0189186867637018,0.16988915938645163,-0.0017723445807860116,0.00701988547007204,0.03685242809297051,47925,88000000,18.28,0,2,2,-17.47339148416995,-0.562244718148036,6.568623587989913
-15.25259954285125,-2.9422500095898476,6.997986133082629,-16.193597079704155,-2.1286747852447614,6.648209068673089,-0.5476929469962217,0.0025098814339211788,6.811731829448595e-05,-0.8366756430456261,-0.24974072524123705,-0.0543245916017853,0.14810583001424987,-0.0026421933398523834,0.003832427387351345,0.045528697592089884,47925,429000000,17.75,0,2,2,-17.47339148416995,-0.562244718148036,6.568623587989913
-15.045102681746993,-2.961465245929668,6.981899523535869,-16.109692730844454,-2.2387037925289213,6.717732007795509,-0.5376620417227708,0.0025000037640994692,0.00017987464497454014,-0.843156715277055,-0.26939035219945995,-0.06495023411170626,0.12846526838014918,0.0007757690923426708,-0.0038467419926746516,0.04866815979767125,47925,773000000,16.87,0,2,2,-17.47339148416995,-0.562244718148036,6.568623587989913
-14.942358252569695,-2.969228115601023,6.96785917719726,-16.05164961999638,-2.3098242054966094,6.7597554763151155,-0.5305423774450623,0.0017576808473929845,0.0002595313878127251,-0.8476565512850346,-0.24973490716502722,-0.06361470847813773,0.11600404152472694,0.004217387322569266,-0.004458133525986341,0.052063663315493613,47926,106000000,15.66,0,2,2,-17.47339148416995,-0.562244718148036,6.568623587989913
-14.840510461471446,-2.975888718158154,6.949855824363648,-15.99749602817343,-2.3714034100318657,6.796896589219962,-0.5228021548989209,0.0008148472595238274,-3.5826113081510876e-05,-0.8524536594874105,-0.21804460025403355,-0.06132839128525086,0.10097723784112,0.005591408489635796,-0.002847373798431363,0.05472781267599203,47926,466000000,14.78,0,2,2,-17.468694268793886,-0.6374742624502365,6.888657619036502
-14.640162213137074,-2.986312170261556,6.902113032590307,-15.944190295829474,-2.426088042593139,6.83018982034924,-0.5143918987052015,0.00010818099644061224,-0.0006487755185423001,-0.8575549789568341,-0.19061875089713864,-0.0616623209632551,0.08382698740923061,0.004707066727860365,-0.0005567399739447865,0.053654575094697066,47926,815000000,13.8,0,2,2,-17.468694268793886,-0.6374742624502365,6.888657619036502
-14.541978914802943,-2.9902895681847994,6.872469741279476,-15.893201694664905,-2.472221278889528,6.857291448559585,-0.5061836871157053,0.00015100189433807522,-0.0005212598230822465,-0.8624255216449561,-0.17302341911234187,-0.06431164021361477,0.06655413112892707,-0.007203280802059453,-0.0006877039311348199,0.052759077880182303,47927,146000000,12.77,0,2,2,-17.4576594016457,-0.6366553492975355,6.992095930234035
-14.445325838981478,-2.993593212685567,6.839055545102902,-15.85109301044746,-2.506348223793059,6.875091481384261,-0.4993764398482217,0.0005389711375232722,0.0003311372692282624,-0.8663848862848065,-0.16465559151514736,-0.06750664957599764,0.052093262324924415,-0.005041003305450431,-0.0005209876064782293,0.051745743257924914,47927,503000000,11.77,0,2,2,-17.420339427018266,-0.6642438671131211,7.029066471251385
-14.350348389681816,-2.9963390679327606,6.801937735804841,-15.805638177595414,-2.539571394563204,6.889291362477212,-0.4923053830093388,0.0009123065996627874,0.0011092392675759856,-0.8704213618385889,-0.15946433357991674,-0.07164148506771086,0.03648454563320425,-0.006311062543318258,-0.0004028870932870632,0.0497980337968329,47927,932000000,10.92,0,2,2,-17.420339427018266,-0.6642438671131211,7.029066471251385
-14.165972286029167,-3.000635473973351,6.716897587203735,-15.747377636942439,-2.5778270603113156,6.900114360070134,-0.48374731797382653,0.0014283845158790194,0.0021774789453250687,-0.8752038337760222,-0.15694097833337123,-0.07649076539140688,0.017153322760803474,-0.005635236220769002,-0.00014873072728960324,0.048461990809300914,47928,315000000,10.02,0,2,2,-17.420339427018266,-0.6642438671131211,7.029066471251385
-14.076833820056732,-3.0024311515106303,6.669146507442607,-15.683753744499523,-2.61530968982787,6.903239901025047,-0.4747610938018421,0.0019260047788831583,0.0030908095479237614,-0.8801071759814305,-0.1579208236166964,-0.08258327596368344,-0.00396140100359144,-0.0044170977162139025,0.0003337496906397064,0.049611114081926644,47928,653000000,8.88,0,2,2,-17.420339427018266,-0.6642438671131211,7.029066471251385
-13.989890786116403,-3.0041585992905784,6.6180339887498985,-15.62304176447738,-2.6474113247725426,6.898234538550042,-0.4663379366006351,0.002327379752199251,0.003699497761365656,-0.8845958545612027,-0.16052492354859896,-0.08810736584062154,-0.0237187183350168,-0.0032832182114361785,0.0006149718160486373,0.050861954514402896,47929,25000000,7.68,0,2,2,-17.420339427018266,-0.6642438671131211,7.029066471251385
-13.905256256218784,-3.005944899839202,6.563662964936061,-15.552727331597335,-2.681277344022193,6.884273464033887,-0.4567747923114476,0.00271057719204512,0.004221366663508748,-0.889568222197495,-0.1636912783656775,-0.09251259113529688,-0.04417036565191623,-0.0028161984346297686,0.0006322052172436088,0.05174547914066352,47929,490000000,6.54,0,2,2,-17.420339427018266,-0.6642438671131211,7.029066471251385
-13.743328492892093,-3.010207796180322,6.445589727654784,-15.486664011103706,-2.710690272115301,6.86470181557855,-0.4479453949994274,0.0029993296321005245,0.004626206533131693,-0.8940439168931678,-0.1664959543921894,-0.09533033118644113,-0.06069035886793852,-0.0023039478492137277,0.0004696598637110583,0.05257106495264452,47929,997000000,5.31,0,2,2,-16.85357147414675,-1.1110009471761708,7.0070249840525864
-13.666224265507282,-3.0129428433883514,6.382125297973728,-15.418443931066683,-2.7390547442090036,6.839021862506189,-0.43889800893052244,0.00320320619843901,0.005017732701573142,-0.8985171671066773,-0.1703638548894705,-0.09811834368848768,-0.07759993768841145,-0.0023312053599511273,-9.09487836153744e-06,0.05394114923547022,47930,337000000,4.36,0,2,2,-16.77125029361571,-1.1518275386204104,6.982595027479834
-13.591806179733467,-3.016252889148348,6.315877451879427,-15.35899215358921,-2.762341738815131,6.812280371167626,-0.43115479955563185,0.0033444543521637493,0.0054215806079357335,-0.9022554848317302,-0.1743212111880129,-0.10024661562785105,-0.0919307264937968,-0.003064405905206513,-0.00012552747676863873,0.05215494129515719,47930,671000000,3.7,0,2,2,-16.77125029361571,-1.1518275386204104,6.982595027479834
-13.520149046890582,-3.0202670333435666,6.246979603717466,-15.293983927443763,-2.786572279294208,6.779126141743143,-0.4233312794888018,0.003482698801965628,0.005882972039060943,-0.9059491648295814,-0.1782104799786005,-0.10193813208905785,-0.10573531921515496,-0.0023403194290949614,-0.00026778224082590896,0.04984803235856816,47931,29000000,3.45,0,2,2,-16.647998407787647,-1.1734572695906316,6.9326499021973085
-13.385376078610724,-3.030919927721646,6.101793962904203,-15.223360594373501,-2.811669113676961,6.739206479730453,-0.4152481029092101,0.0035744794501336597,0.006344559250757539,-0.9096790547741966,-0.18199099494445198,-0.10293930983007979,-0.11896434446970913,-0.0027637018320092466,-0.0004376882031920104,0.04943207859469112,47931,388000000,3.61,0,2,2,-16.60170746172914,-1.1683551820219469,6.902786496897249
-13.322368746156728,-3.0378116344403696,6.025798554811814,-15.155158184166956,-2.8349580498347478,6.697183419461602,-0.407614563185505,0.003610063863136172,0.006747847315559552,-0.9131220082084319,-0.1861819119799484,-0.10388883305544394,-0.1325192939970788,-0.0016044430708461732,-0.0005968933010080946,0.04865773917117622,47931,682000000,4.01,0,2,2,-16.60170746172914,-1.1683551820219469,6.902786496897249
-13.262339215882946,-3.045912585689532,5.9477373249459955,-15.0809595222475,-2.8592450952156416,6.647274754456741,-0.39969136667438415,0.0035975925955174575,0.007075303605381775,-0.9166154094342791,-0.1907699348761184,-0.10499496323249746,-0.14778492118043612,-0.0015143011978580034,-0.00042681798220201017,0.047298934441641904,47932,11000000,4.6,0,2,2,-16.60170746172914,-1.1683551820219469,6.902786496897249
-13.205320709553007,-3.0553443393919357,5.867767478235118,-15.00513116010116,-2.8830968566393294,6.592248315441399,-0.39196148972078637,0.003629762638346458,0.007450047447246329,-0.9199442984181623,-0.19440665387157324,-0.10499862621316092,-0.1611489442879603,-0.0024841471713443752,-0.00037153133689571405,0.04616688675014302,47932,421000000,5.41,0,2,2,-16.60170746172914,-1.1683551820219469,6.902786496897249
-13.151337974501477,-3.0662258051218463,5.786050063307852,-14.928154845454529,-2.9065945518204463,6.53277655222958,-0.3843442594399395,0.0037166560184460676,0.007971139313878002,-0.9231479500284034,-0.1972795944384826,-0.10373271863506797,-0.17254206744472741,-0.0033397975585103268,-0.0004308189971879983,0.04578949592541903,47932,823000000,6.33,0,2,2,-16.366840777016158,-1.1435672114262663,6.6896566741007835
-13.052536458950115,-3.0927980505305666,5.6180339887499,-14.854880756238444,-2.92854602806541,6.47318708427167,-0.3771774456880425,0.0038280859983520106,0.008605172191387579,-0.9260931223334883,-0.19933151571513136,-0.1014928441289826,-0.18161910805181447,-0.004334906043368392,-0.0005601179566383507,0.04511678052949719,47933,214000000,7.33,0,2,2,-16.27702505814922,-1.1689035982386633,6.618755280623433
-13.007724914384157,-3.108710102010856,5.532073691133352,-14.776886377971003,-2.9515269986179837,6.406741469793784,-0.36992038494852847,0.0037435603121986683,0.008779776725824568,-0.9290144294231204,-0.20144347190060258,-0.10032089689037108,-0.19256518040671478,0.0032153015126823448,-0.00011703730464773798,0.040076377263176255,47933,632000000,8.34,0,2,2,-16.190712330051785,-1.191381616754822,6.5456735686694065
-12.965963724516012,-3.126513702278765,5.445041867912634,-14.697998379366014,-2.9738493336539977,6.335874653632646,-0.36359443881791925,0.003517236602611058,0.0082581385025509,-0.9315140987960602,-0.20316214723088652,-0.10060948598452009,-0.20471661262509394,0.0034496181569920736,0.0004922739208268467,0.03537153170327656,47934,1000000,9.45,0,2,2,-16.10730975722145,-1.2009405856769462,6.461229357273749
-12.927235712123782,-3.1463090951045274,5.357113789597275,-14.622915264894463,-2.9942802474628887,6.265129218200181,-0.35823333492992626,0.0033970885187190195,0.0077483792498359875,-0.93359375541698,-0.20383099980588354,-0.10028805559095229,-0.21473660660555033,0.0029695018156417063,0.0008669223632296053,0.03188542650605086,47934,373000000,10.52,0,2,2,-16.03032492735285,-1.1976246806309825,6.369390909703342
-12.858769933455328,-3.1922521119096685,5.179278617806869,-14.552143503451434,-3.0129881533001535,6.195673252272068,-0.3536710582800972,0.003347955505249812,0.007284507480403199,-0.9353355064786852,-0.2036273902788787,-0.09933243049833188,-0.22260809916086544,0.003172985179844545,0.0011151477679050004,0.02869146610464668,47934,721000000,11.52,0,2,2,-15.959534815323622,-1.1877406579383694,6.275169937410102
-12.828957648784899,-3.2185751581476683,5.089729660701035,-14.47714279915358,-3.0324166792091827,6.119171656648803,-0.3493725863038001,0.0032849203625743436,0.006713074110508477,-0.9369540756481035,-0.20343989562203535,-0.09796536445055777,-0.23187366916470303,0.003765268797906174,0.0007398651518997212,0.024996401589305606,47935,59000000,12.39,0,2,2,-15.959534815323622,-1.1877406579383694,6.275169937410102
-12.802029828000155,-3.2472402416509176,5.000000000000002,-14.402259060745378,-3.0516312771745264,6.03905731839837,-0.3456375972404286,0.0031652759318059826,0.006113768811412421,-0.9383428234036104,-0.20335475961325672,-0.09651690110221431,-0.24234018610609248,0.003821170139417518,0.0008115301000088948,0.021359849779400975,47935,404000000,13.21,0,2,2,-15.959534815323622,-1.1877406579383694,6.275169937410102
-12.77793009848097,-3.2783207432808092,4.910270339298968,-14.31904234535142,-3.0729014385072064,5.945636712850147,-0.342082401220202,0.0031707608911921027,0.005712717049408967,-0.9396472433390655,-0.20225196565573023,-0.09387859035005941,-0.2520580712681112,7.225053266779469e-05,0.0008426780141235213,0.018811024165188428,47935,760000000,13.94,0,2,2,-15.67450592220424,-1.2773536627958328,6.000927653599133
-12.756594801426797,-3.3118838209127652,4.820721382193135,-14.241214515472814,-3.09312807108435,5.854102114545124,-0.33902343492678166,0.003366735563375386,0.005901877130962135,-0.9407533914413614,-0.2005218692413861,-0.08958671632115447,-0.2592559660962977,-0.0029289593157955096,0.0006487734367510711,0.01713547189865494,47936,114000000,14.68,0,2,2,-15.67450592220424,-1.2773536627958328,6.000927653599133
-12.721927826856154,-3.3866937434896096,4.642886210402729,-14.16482822138302,-3.1136136755679367,5.760348381231818,-0.33644250138274484,0.0034340880442258054,0.00572069460886067,-0.9416803725021661,-0.19783236447895242,-0.08588602170509406,-0.2644503266383111,0.004932816091240966,0.0012020805911561183,0.01164114191851695,47936,474000000,15.36,0,2,2,-15.419714019973672,-1.412901344096855,5.805812091571577
-12.708434544065298,-3.4280416314708004,4.5549581320873695,-14.085768978921712,-3.135125726832929,5.659449669290579,-0.33476737029366405,0.0034165822994165506,0.00513511642177138,-0.9422806192060786,-0.1949637566920723,-0.08220364221578251,-0.2706403280483049,0.0009986823897634167,0.0004525272544242398,0.007458848813257646,47936,826000000,16.05,0,2,2,-15.305459054982382,-1.4656931246408558,5.706919476203805
-12.697383025056535,-3.4720737684766467,4.467926308866652,-14.012451878786793,-3.15600072375212,5.561331685773263,-0.3337724481813757,0.003332272834949572,0.004703352557990247,-0.9426360523911015,-0.19258038663277194,-0.07821967891019148,-0.2770507862363841,0.004476315507417894,0.0006401756763807498,0.0032238682706520194,47937,164000000,16.7,0,2,2,-15.305459054982382,-1.4656931246408558,5.706919476203805
-12.688676947336305,-3.518822801829515,4.381966011250103,-13.940750780834447,-3.1772679154185046,5.461218381567666,-0.33357669204919416,0.0032245169363615744,0.003997760756682158,-0.9427089746687344,-0.1894306392303186,-0.07452897364948616,-0.28139341989703875,0.0034562114478831063,0.0007902727247710573,-0.001116734847528278,47937,530000000,17.33,0,2,2,-15.305459054982382,-1.4656931246408558,5.706919476203805
-12.682214321363698,-3.5683139219579116,4.297250351837317,-13.878629320502988,-3.196587183686941,5.371193026887869,-0.3339105139074794,0.0032420276309204003,0.0037160063859341523,-0.9425918784157983,-0.18628864702525602,-0.07014961813435686,-0.2835639190103666,-0.001532177179797145,0.0005405936121860577,-0.0029792352279400802,47937,886000000,17.84,0,2,2,-15.305459054982382,-1.4656931246408558,5.706919476203805
-12.6755850760423,-3.675585076042296,4.132232521764886,-13.811056489773867,-3.2192343461981254,5.269393837432804,-0.3345005883446588,0.0034719394516524327,0.004207118103225183,-0.9423797547649178,-0.18237162738564955,-0.0628552036745712,-0.28424678733281133,-0.0051460844588291366,-7.299353725898072e-05,-0.003879160567521467,47938,232000000,18.16,0,2,2,-15.000929620581077,-1.478219804703993,5.238022118123511
-12.675189102414187,-3.7333770412873593,4.052262675054001,-13.742762695276298,-3.244605078019247,5.161727125247701,-0.3353196853724013,0.003727316393927032,0.0052111011740791,-0.9420826185313084,-0.17912843180344232,-0.05356042685279827,-0.28606709251143236,-0.006194080970089999,-0.001140832443979889,-0.005826763754157582,47938,538000000,18.45,0,2,2,-14.952973447260382,-1.4538478126530785,5.113140064165032
-12.676578574772654,-3.7939347764051536,3.9742014451881893,-13.670574087742574,-3.274890063719831,5.04132535603376,-0.3370303409057721,0.003413083783192471,0.0047455627869595505,-0.9414756395158946,-0.17617329368137108,-0.04714538932806198,-0.2893519478462493,0.009795240202947753,0.00029639145679993817,-0.01309424224018585,47938,895000000,18.68,0,2,2,-14.909363550231383,-1.4258232557871209,4.9810826076710555
-12.684209257207828,-3.9232843760496774,3.824429495415055,-13.594368530667857,-3.3091912824311396,4.9082557118614805,-0.34045566467704225,0.002901307603392253,0.0028414033979168667,-0.940251800971545,-0.17211978150237262,-0.04344869942873935,-0.2905751443274235,0.00747126550777466,0.0007897536647760717,-0.018308214566786774,47939,241000000,18.81,0,2,2,-14.909363550231383,-1.4258232557871209,4.9810826076710555
-12.690189632369744,-3.9920246537263036,3.753020396282537,-13.53388879430213,-3.3385972521633027,4.798069929199478,-0.3439211226423773,0.002597417709055517,0.001633993904861672,-0.9389935276057926,-0.16935521803206335,-0.03842366592938356,-0.29149135838307133,0.0057607210237620166,0.00043598040235792723,-0.02060117021756014,47939,594000000,18.67,0,2,2,-14.909363550231383,-1.4258232557871209,4.9810826076710555
-12.697434554193253,-4.063427518855471,3.684122548120576,-13.473105952488298,-3.3716022895069924,4.681711908401694,-0.34786726848209276,0.002482088367357714,0.0011481824577024575,-0.9375398041860346,-0.16652354832898023,-0.030281258615526618,-0.29082722827043733,-0.0004046551993042158,1.9956517594010847e-05,-0.02099684625136433,47939,951000000,18.44,0,2,2,-14.909363550231383,-1.4258232557871209,4.9810826076710555
-12.705806814026612,-4.137447199741401,3.6178747020262745,-13.4186975438459,-3.405235854045817,4.572070568632584,-0.3516143447982108,0.0025976064176770276,0.001556457788148597,-0.9361400442306576,-0.1635955496216861,-0.020862161385233734,-0.2871420642060478,-0.0042073924760188675,-0.0004882001178430073,-0.021112255853950046,47940,322000000,18.12,0,2,2,-14.576729201145532,-1.6099958630088855,4.464177214661303
-12.725374889521806,-4.293114379395578,3.4938570679927814,-13.367817932196937,-3.4412895403139316,4.464245745438204,-0.35540197495840964,0.002825264099005934,0.0025050795302460293,-0.9347059316464081,-0.1606609236119129,-0.010520533405362664,-0.2812463846687362,-0.006272884866120876,-0.0009024845780913893,-0.02157597045879811,47940,719000000,17.79,0,2,2,-14.475566484264691,-1.7095603009292342,4.365925885559467
-12.736287868369429,-4.3746310295518915,3.4363370350639415,-13.322852594706493,-3.4776231972846676,4.364260776162198,-0.3592858618276634,0.002628464494266419,0.002353159271906052,-0.9332208866643504,-0.1585921617775063,-0.0030526344084865504,-0.27606848477304946,0.009777765899343649,-0.0002310759114720895,-0.026519232596911024,47941,68000000,17.55,0,2,2,-14.475566484264691,-1.7095603009292342,4.365925885559467
-12.74776331755322,-4.4585030069142375,3.381966011250108,-13.277925663283,-3.517866463915515,4.260421569405108,-0.3643980192666485,0.0020557884182792092,0.0008196015294561228,-0.9312406700428495,-0.15712083216131165,0.0026085792851657046,-0.27111036341937134,0.00759615018068871,0.00019282797296682475,-0.030756269916309975,47941,436000000,17.44,0,2,2,-14.475566484264691,-1.7095603009292342,4.365925885559467
-12.759658024525407,-4.544645860202418,3.3308534925573956,-13.233511443313246,-3.562503365675592,4.1534640879305265,-0.3702505832373849,0.0017551225115516656,1.0003161710013292e-05,-0.9289302584463929,-0.1559246928726013,0.010231325057518828,-0.26439192263502675,0.001322267814884981,-0.00016551141470699804,-0.031650801611249335,47941,751000000,17.31,0,2,2,-14.260559786714085,-1.8958164895529308,4.035624017125604
-12.784132791792203,-4.7233698248109635,3.238808936286525,-13.174077995225352,-3.634324027554534,4.014432047764205,-0.37857812938530083,0.0013730073858138603,0.00030519272158956634,-0.9255682695832046,-0.19981349216959987,0.03174840405842451,-0.250210137619904,-0.0007188410563685466,-0.002627911703712016,-0.035629688136396,47942,117000000,17.07,0,2,2,-14.260559786714085,-1.8958164895529308,4.035624017125604
-12.796428049985627,-4.815746023439489,3.198062264195161,-13.121375446571955,-3.7093390514181572,3.911617580949736,-0.3857629881357908,0.0010462333508416957,-0.000555288531312864,-0.9225971569623267,-0.21715807733620718,0.04122308199891066,-0.2415846538671876,0.008003556649782695,0.0033776649161154637,-0.0383155307645211,47942,492000000,16.65,0,2,2,-14.260559786714085,-1.8958164895529308,4.035624017125604
-12.820430648300832,-5.005963609060587,3.127530258720525,-13.08082494435585,-3.771944615703743,3.830676788951726,-0.3918773533488924,0.0013193331854455623,-0.0015033466388981675,-0.9200152929387078,-0.20830961263836717,0.044080084247477266,-0.2350811862609449,-0.00021182354856819074,0.0034531388564573717,-0.04011733253719285,47942,920000000,16.19,0,2,2,-14.260559786714085,-1.8958164895529308,4.035624017125604
-12.831861470496921,-5.103560310182758,3.0978869674096936,-13.043126351932214,-3.8359824110270067,3.748014864840434,-0.3986622758321457,0.0018199575260113789,-0.001355876707550718,-0.91709500008521,-0.19324206330464583,0.04868575297705481,-0.2260034239570648,-0.004304112599129439,0.0009302783382736379,-0.04224185358907562,47943,364000000,15.73,0,2,2,-14.260559786714085,-1.8958164895529308,4.035624017125604
-12.842731253395911,-5.2026423335747065,3.0720742786082926,-13.01105553236912,-3.8985717473455086,3.6686688189379026,-0.40572202852686506,0.0021035560956142664,-0.0006257190447833535,-0.9139938835109758,-0.18248376222440083,0.05529225613454232,-0.21631354482547088,-0.004998615258955397,-0.0010998757602465048,-0.04308601492084563,47943,746000000,15.21,0,2,2,-14.260559786714085,-1.8958164895529308,4.035624017125604
-12.852907719435574,-5.303072526274943,3.050144175636353,-12.985179180727028,-3.957310882885805,3.597027272646792,-0.41242974343993954,0.0021854909652349536,0.00023061248440295616,-0.9109867601525219,-0.17580913674012716,0.06149093494918546,-0.20630644405160753,-0.005333824492481654,-0.0020431590883163153,-0.04350413000793196,47944,145000000,14.71,0,2,2,-14.166301270993285,-1.9761897762588196,3.2758026260192645
-12.870667098614804,-5.507402204979655,3.018100476464131,-12.962870882111801,-4.016321944300874,3.528839725509898,-0.41921645679511654,0.0021920628085765194,0.001159356195112541,-0.907882929185258,-0.1718269000892076,0.06756999203083736,-0.19553897768185202,-0.005316025453794282,-0.002551414786466921,-0.04462759134185035,47944,526000000,14.25,0,2,2,-14.141753441029168,-2.0349327866414035,3.194368389512195
-12.87800197240249,-5.61100177112331,3.0080514120095225,-12.940256080396786,-4.086700680406822,3.4532532999941052,-0.42752328992171107,0.0013919739386845055,0.0002954543030378509,-0.9040032144244982,-0.1706238213952532,0.07135307888947087,-0.18324515311955197,0.016794336625025608,-9.072383662100947e-05,-0.04764065524796024,47944,900000000,13.79,0,2,2,-14.141753441029168,-2.0349327866414035,3.194368389512195
-12.884148094184555,-5.71535036061986,3.0020138669173706,-12.920702568292118,-4.154580684389821,3.3858546772197364,-0.43583036853163026,0.0002624016223632243,-0.002322089983970526,-0.9000257934687639,-0.17160510802260462,0.07231429588562574,-0.17243779277184326,0.013747945286013419,0.001105958563130116,-0.048991940639098175,47945,269000000,13.18,0,2,2,-14.141753441029168,-2.0349327866414035,3.194368389512195
-12.888991631137213,-5.8202872861178125,3.0,-12.904519768387495,-4.216414356250473,3.3292843804996646,-0.4433193848161734,-0.00038170668877468106,-0.004004153593884365,-0.8963546977063319,-0.1733262406770314,0.07390946009639975,-0.16179727642373345,0.007187053961388301,0.001014660267628642,-0.048770427019917406,47945,650000000,12.41,0,2,2,-13.993076491797902,-2.3784930273528295,3.009788135083602
-12.894338925575825,-6.03126568846405,3.0080514120095216,-12.887909316324999,-4.287100062611681,3.270777519811125,-0.45156415020801244,-0.0007403524136188225,-0.004940179724555491,-0.8922246716772116,-0.17610831469599045,0.07666045612557068,-0.14836580306542668,0.003277096743659058,0.0004230086005918565,-0.04822746050194837,47946,42000000,11.63,0,2,2,-13.943157950728164,-2.5014018388379187,2.9741534169358212
-12.894639126058248,-6.136969268236469,3.01810047646413,-12.872781211036541,-4.359834095191993,3.217587807147406,-0.45975808548856356,-0.0011586774731944848,-0.005801115600419183,-0.8880244970450951,-0.18083946146281865,0.07967063832293887,-0.13433847929163867,0.006917624750713003,0.0006668373771390179,-0.04910967109026387,47946,585000000,10.82,0,2,2,-13.943157950728164,-2.5014018388379187,2.9741534169358212
-12.893230125232524,-6.242586203254562,3.0321408228027398,-12.860134477075325,-4.427192522993031,3.174651203520172,-0.4672147873458815,-0.0015743063362935275,-0.006750722525490235,-0.8841166731774069,-0.1861462240129432,0.08183947406583116,-0.12140520674669379,0.0053613063755619805,0.0008993119024580665,-0.04977357202733401,47947,12000000,10.22,0,2,2,-13.943157950728164,-2.5014018388379187,2.9741534169358212
-12.890023690234493,-6.3479417218801215,3.050144175636352,-12.84818267864112,-4.496588773533523,3.13633949521099,-0.47471287838816795,-0.0018077172278215445,-0.007357724286933454,-0.8801081065097411,-0.19126014634403068,0.08363804260474987,-0.1076635733088421,0.0017796225051824877,0.00080702195646154,-0.05029812382417731,47947,351000000,9.86,0,2,2,-13.943157950728164,-2.5014018388379187,2.9741534169358212
-12.884937394730386,-6.452859484576475,3.0720742786082917,-12.835071022547538,-4.580688854522431,3.0975066949981476,-0.483603016220557,-0.0018507204512314963,-0.007502444745045227,-0.8752533409585127,-0.19704522196389138,0.0855546278992893,-0.09064865502534206,-0.00042071366408436006,0.0002475333104712263,-0.05100817506900057,47947,711000000,9.64,0,2,2,-13.859216729020469,-2.861331174558606,2.8068921776402282
-12.868825658704356,-6.660671149728165,3.1275302587205234,-12.82265560740176,-4.667781896020152,3.0655833715151455,-0.49260420812107875,-0.0017959135226649713,-0.007312851858463119,-0.8702208863465183,-0.20817017136314253,0.08701783195633266,-0.07296155479160174,-0.0016481003399348992,0.00038896718592695834,-0.05242179904598743,47948,71000000,9.54,0,2,2,-13.86913018185824,-2.9186750804757837,2.7604261853406515
-12.857665996714566,-6.763208457982669,3.160944454897098,-12.81040946868376,-4.75496116379788,3.041909885941576,-0.5012521078832992,-0.001853347474036919,-0.007475243475762323,-0.8652670166952325,-0.21735823169328272,0.08744988006602541,-0.056051415780034516,0.003521264648043143,0.0011183324204466771,-0.05165973670955282,47948,415000000,9.63,0,2,2,-13.887215352120199,-2.968328020020254,2.7190732201841894
-12.844358313024607,-6.864595709337353,3.1980622641951624,-12.799357748902615,-4.839386914702787,3.0254350800974787,-0.5091921769800878,-0.002022789548337928,-0.00804378668293966,-0.8606128820326369,-0.2207758609510761,0.08679389022553917,-0.040285444498177454,0.002919963731073949,0.0014766205708838243,-0.05049782557762228,47948,751000000,9.88,0,2,2,-13.909736027172713,-3.0117124463873326,2.684832835398616
-12.81110172756657,-7.0632107475678865,3.2831024127962687,-12.788981051832945,-4.924537946055719,3.0146768131555852,-0.5169147720514797,-0.0021052693300646964,-0.008516139101672255,-0.8559919168139472,-0.22263910732232955,0.08520926792838439,-0.02468930676650124,0.0019929074824176496,0.0014335125001707638,-0.04923422347928863,47949,159000000,10.23,0,2,2,-13.909736027172713,-3.0117124463873326,2.684832835398616
-12.791070944239198,-7.160087046474805,3.3308534925573934,-12.779192813061005,-5.010098307514334,3.0096562460157528,-0.5243854125544376,-0.0021401612963730834,-0.00887408443922223,-0.8514320932611732,-0.22542114527588392,0.08364749566745641,-0.008085534453312733,0.0014899741472618189,0.0014380125662682985,-0.04781628704222385,47949,512000000,10.69,0,2,2,-13.960813713408966,-3.0909193811707265,2.637021631990123
-12.768728499821618,-7.255111203149934,3.381966011250106,-12.769241492110208,-5.101587617713125,3.0112256597974096,-0.5319988162759376,-0.0021024473624987544,-0.009060236964155182,-0.846694012794612,-0.22956452085451967,0.08215695395979046,0.010578738480249188,-0.00024858796621174406,0.0007980478812896763,-0.046406470937654376,47949,874000000,11.21,0,2,2,-13.960813713408966,-3.0909193811707265,2.637021631990123
-12.744050391633543,-7.348112631760661,3.4363370350639393,-12.760115627327217,-5.1892653273815235,3.019187215874406,-0.5388998841731751,-0.0021136380492484293,-0.009084759175743957,-0.8423181789104719,-0.23263531478267097,0.08019335534071925,0.027668192682145477,0.00044986098544086417,0.0003802614372716562,-0.043449487566249445,47950,250000000,11.8,0,2,2,-13.960813713408966,-3.0909193811707265,2.637021631990123
-12.71701943311114,-7.4389236001286365,3.493857067992779,-12.75115661029498,-5.27749759367023,3.0331562314491194,-0.5452846358761119,-0.0021661848365987875,-0.00907452707191847,-0.8381990375078765,-0.23476854600823338,0.07761050920376908,0.0438603333584978,-0.0004912671272450098,-4.593478735159806e-05,-0.04109144319954794,47950,628000000,12.39,0,2,2,-13.949887264817512,-3.369515124255019,2.654892748983418
-12.655864227872215,-7.613320077025024,3.617874702026272,-12.742226454771377,-5.365939951358165,3.0527632919902468,-0.5513379128763974,-0.002201822477392669,-0.008910763645519761,-0.8342315362620437,-0.23607554119502466,0.07444711053914399,0.05918043462464888,-0.0010801396001625108,-0.00040371477894041163,-0.039017093513393775,47950,977000000,12.99,0,2,2,-13.949887264817512,-3.369515124255019,2.654892748983418
-12.62173951154128,-7.696588237022761,3.6841225481205733,-12.733711240063766,-5.449457016668379,3.0762755279587433,-0.5566467889072302,-0.0022610930329205387,-0.008750348295439766,-0.8307001091021202,-0.23778443908992536,0.07128724735372345,0.07420492447680571,-9.666880060876792e-05,-0.00020159933455943246,-0.03451564734859858,47951,315000000,13.62,0,2,2,-13.949887264817512,-3.369515124255019,2.654892748983418
-12.585260889259121,-7.777032064545336,3.753020396282529,-12.723736830906558,-5.54325958396177,3.108898761989423,-0.561707070632594,-0.0023403013603280243,-0.008688272504086412,-0.8272872558620661,-0.24036683796444752,0.06765125128370628,0.09175530849096905,-9.149815269893224e-05,-0.00023649535592085158,-0.03006657698279014,47951,692000000,14.27,0,2,2,-13.87725035007899,-3.75516650402085,2.766229355914461
-12.546444729317436,-7.854504415502291,3.8244294954150524,-12.7142705328108,-5.627385383656375,3.1434446034283576,-0.5657823678614462,-0.002421099255762605,-0.008592102378448728,-0.8245062924394253,-0.2417269119411022,0.06398097366377353,0.10601829942357735,-0.00046307647494359117,-0.0005565903450133192,-0.027979947117273696,47952,103000000,15.02,0,2,2,-13.87725035007899,-3.75516650402085,2.766229355914461
-12.505313868984805,-7.928863465050148,3.8982060370957905,-12.704186129598547,-5.711373984117618,3.182587233717428,-0.5694117163984098,-0.00249801410143873,-0.00841244532710707,-0.8220056495653689,-0.2421794373882804,0.06002707037205209,0.11893443393242922,-0.0009661148283157672,-0.0008237587792336853,-0.021618776554532815,47952,495000000,15.71,0,2,2,-13.89429383972052,-3.9270605092451967,2.847310102653712
-12.416230973744334,-8.067703191672502,4.052262675053997,-12.692826591788902,-5.799848999590275,3.228460984775475,-0.5721734423692448,-0.002597170915574112,-0.008212303936780088,-0.8200874127887914,-0.2417277159821527,0.05603750745492506,0.1309995875464402,-0.0002507443980448443,-0.0008682151758421242,-0.01644747499085497,47952,855000000,16.32,0,2,2,-13.912884244960606,-3.9892303031236658,2.8891453672366283
-12.3683557442016,-8.131930120548828,4.132232521764882,-12.680612440967655,-5.887690974410272,3.2785720794771014,-0.574283418335109,-0.0026900047102350996,-0.008042692474394304,-0.8186126278025297,-0.2418634393965544,0.051890311564283906,0.14413306119145344,-0.0008875899538907106,-0.0006751392902515363,-0.010672028747649165,47953,210000000,16.81,0,2,2,-13.912884244960606,-3.9892303031236658,2.8891453672366283
-12.318319086556812,-8.192536931208004,4.213949936692147,-12.667984967118867,-5.970446834261755,3.3306366673780734,-0.5754144417737327,-0.0027286679613917554,-0.007828340974008799,-0.8178199628567245,-0.24252482270709114,0.048057596221262835,0.15784060829598484,-0.0010166953416046454,-0.0009992264267566497,-0.005282586198518402,47953,569000000,17.18,0,2,2,-13.948300983920937,-4.116931392801791,2.997631838571612
-12.266173954716844,-8.249413737196672,4.297250351837313,-12.65419494449865,-6.052813120729804,3.3870840690526736,-0.5759201415257666,-0.0028298604342482754,-0.007625653573206184,-0.817465492777796,-0.24207420397237236,0.044010478316349064,0.1700881897939563,-0.00018728462123362988,-0.0010833084729711118,-0.0024986671405713423,47953,951000000,17.41,0,2,2,-13.948300983920937,-4.116931392801791,2.997631838571612
-12.211978760775317,-8.302458002624428,4.3819660112501,-12.640121893609562,-6.129610289107267,3.4436980298645445,-0.5760917087040078,-0.002934850398458187,-0.007449446796937268,-0.8173458481928286,-0.2408174195556858,0.040133775077735266,0.18018567783751868,-0.0012423674093042791,-0.0012761555808538105,0.0012191259429528145,47954,310000000,17.56,0,2,2,-13.973254427825497,-4.242543915246347,3.128033319373064
-12.097697759196603,-8.396677192173357,4.554958132087373,-12.624029378365295,-6.210233509869093,3.5071646599740682,-0.5756375458421905,-0.0030532129446352793,-0.007231274663230848,-0.817667293203195,-0.23879060635202998,0.03607394911973845,0.1898918601368891,9.95208701226602e-05,-0.0012213134596095188,0.004731016133519006,47954,676000000,17.66,0,2,2,-13.973254427825497,-4.242543915246347,3.128033319373064
-12.03775396673645,-8.437686238514564,4.642886210402724,-12.604526386265082,-6.2989645081996475,3.5819955215318897,-0.574609711946781,-0.0031298562324978303,-0.00699254552606589,-0.8183917077069311,-0.237070144755659,0.031203589155692525,0.2024981366479511,-0.0016684945762790448,-0.0009799034273783036,0.009521900119580096,47955,31000000,17.67,0,2,2,-13.958390722559948,-4.406048677724496,3.2776753918508965
-11.976043622511344,-8.47453145653513,4.731533468364691,-12.583094730733414,-6.386537753710083,3.6619997797624895,-0.572903623523449,-0.0031847707254905686,-0.0067437837010083,-0.8195888095688728,-0.23547096305856688,0.026286836011318045,0.21593738190354056,-8.765941501565067e-05,-0.001044991529397521,0.011877026463480433,47955,379000000,17.63,0,2,2,-13.929875392893875,-4.521593026429965,3.372322898205336
-11.847655362139955,-8.535491397079774,4.910270339298972,-12.55715461831711,-6.481575264446027,3.755769596638416,-0.5706181017363199,-0.0032850110119508474,-0.006463120922481726,-0.8211835475345519,-0.23277369707623863,0.021054474080911188,0.22808090082688173,-0.0014701839518238558,-0.0015397458696497779,0.015509953664150089,47955,743000000,17.53,0,2,2,-13.929875392893875,-4.521593026429965,3.372322898205336
-11.781152949374528,-8.559508646656381,4.999999999999998,-12.533172032508233,-6.56146265575563,3.839876022223492,-0.5681217391880595,-0.0033293087688133663,-0.006081966651029978,-0.8229153145049082,-0.23036226397842938,0.016470304249028078,0.2385910913365102,-0.0018746975456451764,-0.001358203860490903,0.01857938004832249,47956,85000000,17.41,0,2,2,-13.885708199911628,-4.738960045361199,3.5899286010126463
-11.713234382178594,-8.57916742105615,5.089729660701032,-12.505795853146033,-6.643986411773621,3.932973143875191,-0.5650691720156529,-0.003431735571445436,-0.0058574689996895545,-0.8250156023284831,-0.22689849638588103,0.011010919028266893,0.24958364491358584,0.0006429634311189147,-0.0010124567893399217,0.019924035768781323,47956,435000000,17.23,0,2,2,-13.885708199911628,-4.738960045361199,3.5899286010126463
-11.64399548728488,-8.594441649827006,5.179278617806865,-12.478002380245327,-6.719981013412974,4.024415954187767,-0.5619492411503406,-0.0034972999537593486,-0.005655764648632974,-0.827144988251654,-0.2230433260147405,0.006357611051227332,0.2573651888260816,-0.0024341800781257916,-0.0014072327758185565,0.023229333964991383,47956,796000000,16.98,0,2,2,-13.826844865036104,-4.941531611322585,3.799951792322462
-11.573534743627139,-8.605314519193234,5.268466531635313,-12.450354751196528,-6.789900024737434,4.112979510760882,-0.558513292409127,-0.003549288199958232,-0.0053539550536556985,-0.8294706986511784,-0.2191479903763439,0.0024117530202086503,0.2627670091068465,0.00017023324687670538,-0.001190128091366205,0.024953177307907026,47957,151000000,16.7,0,2,2,-13.786301314476177,-5.046080527278734,3.903745033886648
-11.429352891192822,-8.613835603663967,5.4450418679126305,-12.41786529506534,-6.86558125335607,4.213628108517019,-0.5544471210228679,-0.003564678959561505,-0.0050773946362181275,-0.8321958321916041,-0.2143771884126834,-0.002050295969324191,0.2666123587362228,-0.0028882919878014945,-0.0011370466950211267,0.027317572312313132,47957,482000000,16.37,0,2,2,-13.749469948849416,-5.139182673718505,4.0037663668779055
-11.355838989967928,-8.61149698600856,5.532073691133348,-12.385595333921133,-6.934965993664752,4.310280548170999,-0.5501800779392438,-0.003393588062995776,-0.004554245197311629,-0.8350267206799484,-0.21033413275492152,-0.006896230793836821,0.27180280602945395,-0.0031947563684298075,-0.0007548268399659719,0.029673019162146375,47957,835000000,16.0,0,2,2,-13.718843678466499,-5.22697033582661,4.120134783352535
-11.28151696868165,-8.604783365467831,5.61803398874989,-12.35335803897363,-6.998321293537062,4.4037262806583195,-0.545848505126999,-0.003217203847513546,-0.004128190062515853,-0.8378675414985544,-0.20655767247615703,-0.012155968002926404,0.27792159939284,-0.0023862784019001992,-0.0006733319708018826,0.03129895085294265,47958,149000000,15.59,0,2,2,-13.699531921541835,-5.294882489234625,4.237756691513381
-11.206493498832378,-8.593724789026602,5.702749648162683,-12.317405484445338,-7.062959728627801,4.504549081210534,-0.5410248821577475,-0.003080225555445801,-0.003754020166530675,-0.8409925662152504,-0.2022662849565661,-0.01734273858008043,0.28237155911885403,-0.002264120098516287,-0.0006754992057267373,0.03255600204283837,47958,482000000,15.2,0,2,2,-13.689819991452701,-5.346729504355129,4.359687072799127
-11.054771557371982,-8.558739495509858,5.867767478235114,-12.275533768314553,-7.131806691747921,4.617953506604522,-0.5354314571816448,-0.002899916284506176,-0.003284526202872523,-0.844567319420723,-0.19744465910399084,-0.022473280084245758,0.28505853433325673,-0.002715660161811684,-0.0006963378666569042,0.03392598082427867,47958,874000000,14.82,0,2,2,-13.689819991452701,-5.346729504355129,4.359687072799127
-10.978288041468776,-8.534919172427735,5.947737324945993,-12.231775396606592,-7.197553992403921,4.73234794559712,-0.5295647893691532,-0.0026516827713781157,-0.0027417726332784062,-0.8482609180680857,-0.19270461326278188,-0.02847180977837458,0.2887659589830742,-0.0032418183309346205,-0.0003939290365906345,0.03571622655726969,47959,259000000,14.48,0,2,2,-13.672753671811742,-5.447508879543245,4.668889685296572
-10.901532294594322,-8.506966467455548,6.025798554811811,-12.183297129548567,-7.262796440436958,4.854343832426268,-0.5231123446278366,-0.00257534631449469,-0.002609070570883781,-0.8522558508101213,-0.18711518934795032,-0.03543808125726071,0.2924513121503943,0.0013621893003801233,0.00017089532491354475,0.03619229100877419,47959,672000000,14.0,0,2,2,-13.635283498914795,-5.515950078465306,4.827113869423309
-10.824610521570174,-8.474957086149745,6.101793962904201,-12.139887632553714,-7.315439077012443,4.959673254863874,-0.5174906047193212,-0.002404954029676297,-0.0024078538295258627,-0.8556821211543933,-0.1826903235910681,-0.04019951035725198,0.293333482622608,-0.005699514804291539,-0.0004408065848338083,0.037520229670917615,47960,38000000,13.36,0,2,2,-13.635283498914795,-5.515950078465306,4.827113869423309
-10.670687765466973,-8.399114582343575,6.246979603717463,-12.080226513835077,-7.381761977522904,5.099813089923891,-0.5096261476599417,-0.0018188324970871861,-0.0011387631758058437,-0.8603932732698834,-0.1772958736400439,-0.045091842315895476,0.2908495069347371,-0.005675610464095371,-0.0008410894679400371,0.038542725815204903,47960,398000000,12.76,0,2,2,-13.499775128127279,-5.689001594067355,5.099386893499871
-10.593892244653583,-8.355475754986642,6.315877451879423,-12.016099279269879,-7.446103859372992,5.244381127137359,-0.5011845904869678,-0.001513298570226996,-0.0005277502278376043,-0.8653389149145809,-0.1712185539701934,-0.05205707657671764,0.2893144908945232,-0.0005669485688031273,0.0004076293237176287,0.039992082747630775,47960,778000000,11.96,0,2,2,-13.412483613330744,-5.788885454608443,5.259011850168137
-10.517340972781431,-8.308168403456124,6.38212529797373,-11.962732753169327,-7.493422383872165,5.359670943148532,-0.4942228317813738,-0.0012107294298330162,-0.00013764776255068445,-0.8693344050095688,-0.16660998573423888,-0.05740735327747796,0.2871452110369245,-0.004299708371036104,-0.0001627265334036565,0.040005281334742904,47961,117000000,11.33,0,2,2,-13.412483613330744,-5.788885454608443,5.259011850168137
-10.365357695277192,-8.203024817628188,6.506142932007223,-11.899791531883892,-7.543757025863197,5.490231419456185,-0.4862240747402888,-0.0008171192892271929,0.0006701942137842604,-0.8738335266506618,-0.16134522299922388,-0.06236571921701241,0.2801696272107252,-0.0036194407584844157,-0.00028293013656366384,0.03978152308263816,47961,485000000,11.2,0,2,2,-13.292815884944195,-5.906291806274238,5.596880066862484
-10.290111842505238,-8.145445599717654,6.563662964936058,-11.843867320702158,-7.583877090633503,5.600823737914651,-0.47922636540446495,-0.0006939832366181287,0.0008540260926295235,-0.8776906514985371,-0.15606725523503107,-0.06838867988722208,0.2739201722420299,0.0012400407285895199,0.0005543177906019991,0.040345512388739735,47961,848000000,11.17,0,2,2,-13.292815884944195,-5.906291806274238,5.596880066862484
-10.215481965412536,-8.08471129151785,6.618033988749896,-11.783311603194177,-7.621444775591041,5.71447020314095,-0.4717682714513386,-0.00038053579533451525,0.0012368747310444286,-0.8817216246555509,-0.1509278547204427,-0.07478115847722086,0.2671193375462394,-0.005842786549692391,-7.920993709831237e-05,0.040037677899817936,47962,198000000,11.26,0,2,2,-13.292815884944195,-5.906291806274238,5.596880066862484
-10.068405046361017,-7.954366920084192,6.716897587203733,-11.724448882026849,-7.653612804610176,5.81969806546602,-0.464683729543802,-9.747929561024226e-05,0.0017865077831948906,-0.8854749179875114,-0.1462480673042442,-0.08004840152023782,0.2587758539682882,-0.0006339701258184505,0.00023982110377573918,0.04040857675136067,47962,543000000,11.25,0,2,2,-13.121845542075826,-6.021962685934902,6.0631815754235125
-9.996115618455198,-7.885067042264726,6.761191063713476,-11.664310383811195,-7.681761946494878,5.921484516269917,-0.45745056977200216,-0.00016871443399154456,0.0013941164494722554,-0.8892339423290339,-0.14057706529198993,-0.08756795270987258,0.2505934539903789,0.004415702323967707,0.0010825987715179508,0.04123118706047535,47962,943000000,11.04,0,2,2,-13.037866040852915,-6.079727606084956,6.175343053796384
-9.92475691319517,-7.813231709291097,6.801937735804839,-11.608594509328698,-7.70292880283958,6.010426504310404,-0.4508787575488462,9.759498017513377e-05,0.0016252622972462564,-0.8925837187563381,-0.13637105506686237,-0.09417894076280413,0.24324271086026336,-0.009061429136636434,-0.00024177764714750083,0.03992821293650195,47963,344000000,10.67,0,2,2,-13.037866040852915,-6.079727606084956,6.175343053796384
-9.854396839817479,-7.739029760147331,6.839055545102901,-11.542371260354507,-7.72404598507309,6.110625800791551,-0.4435120549664018,0.0007222703646369453,0.0032101897496854374,-0.8962623667803813,-0.13263042439727593,-0.09972178268708934,0.2330622171813081,-0.00736992406018544,-0.0008246820982549252,0.03868403582600877,47963,780000000,10.34,0,2,2,-12.855969438518423,-6.200375317652283,6.3504757320641145
-9.716920329484363,-7.584224884252885,6.902113032590306,-11.468603404977735,-7.743433290920383,6.2152710397024595,-0.4354392565380536,0.001056891124418707,0.004125064153280516,-0.9002080430058761,-0.13085863498921174,-0.10536629744284318,0.22059797793500707,-0.002037565241153061,0.0003000068602432293,0.03991262237832416,47964,141000000,10.12,0,2,2,-12.768504313168432,-6.24109268914128,6.448708515756561
-9.649915265730048,-7.503981892038007,6.927925721391706,-11.3768234306957,-7.76441841794226,6.3302663288816445,-0.42530709548816636,0.0017161795351793394,0.004855845606881369,-0.9050344468685514,-0.1480777726594347,-0.11429488520757902,0.20305040830775586,-0.003868427438646904,0.0018537285654929292,0.043590272252913564,47964,620000000,10.36,0,2,2,-12.768504313168432,-6.24109268914128,6.448708515756561
-9.51961077211188,-7.338741578675988,6.9678591771972584,-11.302494974312177,-7.781203121562215,6.409537654410637,-0.41746904819314223,0.002047524838587755,0.00539531302245757,-0.9086728190279143,-0.14843290094026482,-0.11956368499906651,0.19178042070272122,-0.0025843308094408712,-0.0012646020991269324,0.041395679727429524,47965,105000000,11.23,0,2,2,-12.768504313168432,-6.24109268914128,6.448708515756561
-9.456390789702807,-7.2541238732583775,6.981899523535869,-11.232503433382314,-7.792108292463301,6.481033165776701,-0.41030161890072836,0.0018041663051052658,0.0055605993749119524,-0.9119311411756793,-0.13594721701859566,-0.12551242587133912,0.1815344234879772,0.0022259905563259963,-0.0009498177860223223,0.04312701421440579,47965,522000000,11.89,0,2,2,-12.768504313168432,-6.24109268914128,6.448708515756561
-9.394502651690065,-7.16843142743993,6.9919485879904775,-11.160000574549832,-7.7963523824262575,6.551665893573371,-0.40218960456407205,0.0013685010451394716,0.004846211503447236,-0.915542551397557,-0.12262529265390461,-0.13350282019377574,0.1688061593802102,0.005914233679504832,0.00024673760918858534,0.04567271353153046,47965,970000000,12.5,0,2,2,-12.768504313168432,-6.24109268914128,6.448708515756561
-9.333972000806504,-7.081859174291824,6.997986133082629,-11.084682864436031,-7.79298446775767,6.619986468325441,-0.3933316013458261,0.0008841914521016952,0.0034401179856601615,-0.9193898167678651,-0.11099841297098686,-0.1420784399702742,0.15443002754639004,0.00782849629104021,0.0011314881589896686,0.04594987112795934,47966,371000000,13.16,0,2,2,-12.768504313168432,-6.24109268914128,6.448708515756561
-9.217056836792455,-6.9068605380300525,6.997986133082629,-11.006246033822512,-7.781697430442067,6.68491668837878,-0.38409074805528043,0.00042067944118298096,0.001663278342558912,-0.9232937527094494,-0.10131374170544316,-0.150620938916891,0.13931184424900295,0.008554476426070323,0.0013728782278121798,0.04501187504502013,47966,788000000,13.9,0,2,2,-12.768504313168432,-6.24109268914128,6.448708515756561
-9.16069459176005,-6.8188281560460045,6.991948587990478,-10.917191217522307,-7.760004870956301,6.750252815204304,-0.37368724351969573,-5.954720311190988e-05,-0.0004345965534506412,-0.9275546623302681,-0.09208352437365311,-0.16198031167662294,0.1216864940848033,0.007762581026327098,0.0014746926126463222,0.04516148619586602,47967,193000000,14.36,0,2,2,-12.253788942261084,-6.167768509071461,7.138085949855857
-9.105734332182745,-6.73070301578608,6.98189952353587,-10.845563901585228,-7.735982570632956,6.796021849289399,-0.36530423864095557,-0.0003558350426093302,-0.002002268546435833,-0.9308859637641134,-0.0861826823011759,-0.17052073476813834,0.10770031151683576,0.008003479160834104,0.0014396102983482706,0.04494485510804225,47967,584000000,14.92,0,2,2,-12.253788942261084,-6.167768509071461,7.138085949855857
-9.000000000000002,-6.554958132087373,6.949855824363648,-10.773894098235008,-7.7073690924311276,6.8359203345268025,-0.3577791416898751,0.00016971195311645817,-0.0008970589105392093,-0.9338057893667292,-0.08367434125512582,-0.1736655017039574,0.09281456152188698,-0.0201211763851461,-0.0017044569062818482,0.03030740026588319,47967,953000000,15.35,0,2,2,-11.982180479486829,-6.236955600509344,7.184776368550193
-8.949201547814672,-6.467726822785956,6.9279257213917065,-10.690097491197202,-7.680607016157334,6.871075357684678,-0.35002028965554544,0.0014900509018126718,0.002755722947238415,-0.9367368801156469,-0.14537864656038404,-0.1679633995216421,0.05969523639461438,-0.016091663019324187,0.002837851002368552,0.057663095140014775,47968,355000000,15.78,0,2,2,-11.865850339639179,-6.25307736538058,7.194831568724423
-8.899756434788042,-6.381178683941173,6.902113032590307,-10.565553694361443,-7.684264306719203,6.8886881807018625,-0.33400707191895856,0.003480446537911854,0.005850183082570378,-0.9425459870785726,-0.26455900307096203,-0.1531167024187432,0.008817459303975948,-0.013871896862838184,0.0045071788008499425,0.08249856546171941,47968,823000000,16.47,0,2,2,-11.865850339639179,-6.25307736538058,7.194831568724423
-8.804815115615014,-6.210883727508031,6.839055545102902,-10.333964349988063,-7.737640736237466,6.878001382204402,-0.3072089381909439,0.006011707450721602,0.00909200707121551,-0.9515796672252599,-0.34886922612994703,-0.13744051418423023,-0.041144013877955396,-0.0089770762315311,0.004888501507593901,0.08098665493889712,47969,363000000,18.14,0,2,2,-11.865850339639179,-6.25307736538058,7.194831568724423
-8.71489938661576,-6.045543906721693,6.761191063713477,-10.175333875314765,-7.773903484218727,6.859041641058482,-0.29122487954890974,0.007059563435305376,0.010493086058516055,-0.9565710257167496,-0.30892043122300356,-0.1412192392995628,-0.04972719951383081,-0.005648911337630125,0.0001225513535985101,0.06674198011751287,47969,773000000,21.15,0,2,2,-11.865850339639179,-6.25307736538058,7.194831568724423
-8.671716555753717,-5.965175008993652,6.716897587203731,-10.04631381826394,-7.783485662971849,6.840934284398205,-0.27809050203856495,0.0067879598848255545,0.011621753201688881,-0.9604605828086126,-0.23164061181651832,-0.15422822719114618,-0.04801750301070033,-0.0036809705989071517,-0.003782094358939503,0.06754562127753161,47970,150000000,23.09,0,2,2,-11.483472922846316,-5.96847605512459,7.291119827720247
-8.629648578639825,-5.886567274798598,6.669146507442607,-9.926041774191775,-7.7654937369487405,6.820654732211219,-0.2628697289805373,0.005857496244895733,0.012824373312107118,-0.9647283196696319,-0.1619192890256312,-0.168034044240053,-0.04804316899530138,-0.0034552214174254914,-0.004247455262884614,0.06243148818612099,47970,546000000,24.77,0,2,2,-11.483472922846316,-5.96847605512459,7.291119827720247
-8.548623222003823,-5.735285754374288,6.563662964936061,-9.83515251240056,-7.728778056190966,6.801457806834906,-0.2521843372280744,0.0050864646907288185,0.014000516418554215,-0.9675645577809269,-0.11685691378620947,-0.17937771508953454,-0.05113946437327195,-0.004811368307855446,-0.003979938082920853,0.02891046769946115,47970,981000000,26.51,0,2,2,-11.301818999522611,-5.831010905373698,7.2872710498268
-8.509537722572645,-5.662922911048106,6.506142932007226,-9.753774530461953,-7.6755674849062885,6.778964127756039,-0.248462921984818,0.004511988949374117,0.015384651634112503,-0.9685087149058513,-0.08359999496759238,-0.1908631646890377,-0.060105904127723916,-0.005518267744264449,-0.0033538422258061473,0.005965775289951125,47971,404000000,27.67,0,2,2,-11.187979552103418,-5.8144424598024855,7.251287756020726
-8.433869755728779,-5.5254836910496365,6.382125297973733,-9.693393666161512,-7.623389941443388,6.756705671499835,-0.2486323924926897,0.004209451271869376,0.016463348323088704,-0.9684488484609517,-0.06437020226283091,-0.19795683005778966,-0.07045439705396606,-0.004793158313987078,-0.002644721485012269,-0.010790976557473186,47971,898000000,28.07,0,2,2,-11.058735815119181,-5.813518859995103,7.195778848384219
-8.397135379411143,-5.460679420436296,6.315877451879427,-9.625714613400666,-7.553586009107319,6.723965070852647,-0.25269346907847223,0.004038253474500762,0.017574670198495734,-0.967378330417514,-0.04709932225046822,-0.20479072507069826,-0.08721499572014024,-0.004401225396577502,-0.0018895696939580375,-0.02490704155206913,47972,305000000,28.07,0,2,2,-11.058735815119181,-5.813518859995103,7.195778848384219
-8.361027093194929,-5.39865483089787,6.246979603717472,-9.567147578985931,-7.485067511595504,6.687053784694046,-0.2584483809330876,0.004045966212345609,0.018438432907887107,-0.9658406124937879,-0.03513430791713895,-0.2094319514202005,-0.10371254226779258,-0.0036471664543569204,-0.0011733213000297837,-0.032042930615716614,47972,708000000,27.71,0,2,2,-11.058735815119181,-5.813518859995103,7.195778848384219
-8.290349647581815,-5.283407549718662,6.1017939629042095,-9.495012920464488,-7.392699188457211,6.6301410823495415,-0.2673025432047152,0.004266165882691595,0.019602124893653688,-0.9634038130112452,-0.02254087329166053,-0.21149191030571757,-0.12270866544848198,-0.00457308901786746,-0.0009399280429533974,-0.03523688355926424,47973,147000000,27.21,0,2,2,-10.686979802935735,-5.831321233921426,6.989861153561648
-8.255604361584592,-5.230396374807732,6.025798554811814,-9.435014156468277,-7.312826381359237,6.57375445549371,-0.2744533798981877,0.004480105703513379,0.020736897356133134,-0.9613663464067106,-0.023082698277751827,-0.20950812343927933,-0.1415205109932744,-0.005317021759765339,-0.0012685177239291079,-0.02682607628230471,47973,621000000,26.51,0,2,2,-10.686979802935735,-5.831321233921426,6.989861153561648
-8.186843910454819,-5.134065492033124,5.867767478235118,-9.381472940281295,-7.251019026511576,6.5196411089337625,-0.2782671159054191,0.004502348826588386,0.021046275506991403,-0.9602625658370774,-0.05642053606583532,-0.2002085701385285,-0.16311804121620627,0.0023676503587921616,0.00023416890115868227,-0.0099397640042298,47974,301000000,26.04,0,2,2,-10.686979802935735,-5.831321233921426,6.989861153561648
-8.152640804633386,-5.090906604973298,5.7860500633078455,-9.31018741560362,-7.201003085235241,6.452127790354966,-0.27886354750418296,0.004841912236050161,0.020881888416495673,-0.960091466733999,-0.10721982128326749,-0.18890430842397163,-0.19107059717702826,-0.0015558668451376434,0.003040583351321402,0.0015827338302187854,47974,744000000,25.85,0,2,2,-10.33700943250592,-5.753861535265613,6.720691214104962
-8.118428335962733,-5.051177878006392,5.702749648162688,-9.227926842286069,-7.167446010680205,6.377337076176082,-0.2807488085152141,0.005208907257697255,0.02115769733333634,-0.9595339106284984,-0.17878414034595888,-0.16993459978638784,-0.21811667727059011,-0.0016567435181968904,-0.003764906978176441,-0.04077447883901186,47975,174000000,25.9,0,2,2,-10.28102045848614,-5.665218481583223,6.637961734134519
-8.049588053997939,-4.982233898625838,5.532073691133352,-9.097360936992178,-7.161531682266327,6.273348521329883,-0.2909120395979385,0.004714720907723458,0.020232625629007198,-0.9565242273376486,-0.2743078968576571,-0.14619037604392196,-0.24376198704340496,0.00858884523040615,0.0015901082520031196,-0.0360815098247258,47975,651000000,25.68,0,2,2,-10.28102045848614,-5.665218481583223,6.637961734134519
-8.01476574654723,-4.953107071378241,5.445041867912628,-8.998427892833186,-7.173818568849672,6.199814049784113,-0.29485591237910935,0.005011817189608402,0.018769785031876193,-0.9553442142983847,-0.31025126960707905,-0.13875663995144347,-0.2565480505057754,0.010580065827525686,0.006724234890498337,-0.00548387210983492,47976,94000000,24.35,0,2,2,-10.206173462623468,-5.404674233182207,6.45106816245448
-7.979545772690739,-4.927587079949426,5.357113789597276,-8.883280617878741,-7.190656028857553,6.112543414684,-0.29298427662638643,0.00629979108723241,0.01726455158994608,-0.9559406161160684,-0.2781888485390404,-0.1471390265926494,-0.2630375941871374,0.0003079452767451585,0.015552862350887153,0.012740749116346706,47976,543000000,23.75,0,2,2,-10.206173462623468,-5.404674233182207,6.45106816245448
-7.907527431903714,-4.887441317631105,5.179278617806869,-8.785527849164495,-7.187663937754304,6.026106626599664,-0.291500898496632,0.008446069212910794,0.016095540552821336,-0.9563978375471263,-0.19005962625173684,-0.16990346885339103,-0.2592587523136243,0.007558895413239952,0.011308153898426099,0.004740037957162713,47976,923000000,23.8,0,2,2,-10.158386450819673,-5.192934496881023,6.299836595113792
-7.870538931953234,-4.872828790405048,5.089729660701028,-8.706386034849087,-7.163252941157074,5.941124264211828,-0.29131500831004326,0.009328496053750732,0.015064786447094452,-0.9564630663564577,-0.11723377835516044,-0.1893995711227461,-0.25723537031695504,0.0007925641170913877,0.0027033560854761163,-0.003378335486559081,47977,384000000,23.86,0,2,2,-10.158386450819673,-5.192934496881023,6.299836595113792
-7.832773180720472,-4.861849601988382,5.000000000000002,-8.638757168663066,-7.119459170475678,5.851138146204818,-0.2929130364764824,0.009201236749703245,0.014907082832853573,-0.955978592430718,-0.05814690066938246,-0.20352112113682197,-0.25804359062607823,0.0019479665525068413,-0.00278071058801288,-0.018458803788234945,47977,806000000,23.77,0,2,2,-10.158386450819673,-5.192934496881023,6.299836595113792
-7.7941392027451935,-4.854486838222724,4.910270339298976,-8.58672806927239,-7.06575096718255,5.765806945891382,-0.2970513179444963,0.008602498346057554,0.015165887118219874,-0.9547023134975432,-0.01565021895365768,-0.21091337230026747,-0.25886746293311225,-0.0035832064213536796,-0.005139422546562855,-0.03327660924696829,47978,350000000,23.47,0,2,2,-10.158386450819673,-5.192934496881023,6.299836595113792
-7.75454825943156,-4.850714267738887,4.820721382193136,-8.543701776063191,-7.004126020383582,5.680228262978927,-0.30342244245929895,0.008033155506468641,0.01621001867992567,-0.9526843785425677,0.016463508143913473,-0.21208879921892043,-0.25941580108552736,-0.00718121054887888,-0.005960785165370908,-0.04566339084703941,47978,802000000,22.9,0,2,2,-9.932988013984755,-4.987492246592319,5.937770749323933
-7.67215365323178,-4.853788761358711,4.642886210402729,-8.505681844467576,-6.933759338316936,5.589651205525256,-0.3120311878659779,0.00753948988932887,0.017710894376060517,-0.9498768436547738,0.04113876010354638,-0.20867541416653448,-0.25941191047990997,-0.007675718552491162,-0.006119359932199586,-0.054295068548526615,47979,182000000,22.11,0,2,2,-9.858109023511082,-4.975063894663367,5.8432608263029575
-7.629186593081786,-4.860537706687095,4.554958132087377,-8.473094772571258,-6.860670146595205,5.499043646182551,-0.3218212844350262,0.006791239618313346,0.01810770024072033,-0.946602900450357,0.05728315539547142,-0.20561653495541593,-0.2614197331554215,0.007014157245066599,-0.0048838803195394576,-0.06073454787838273,47979,577000000,21.1,0,2,2,-9.858109023511082,-4.975063894663367,5.8432608263029575
-7.5849363870979465,-4.87068090303198,4.467926308866652,-8.439817913459974,-6.7776964457321895,5.396682904095381,-0.33370262069352236,0.005820010049120819,0.017116591665152378,-0.9425050189336244,0.06779688200099658,-0.20317180473511326,-0.2658227798359115,0.005744497548221261,-0.0034785887010002625,-0.06402126891771331,47979,971000000,20.01,0,2,2,-9.858109023511082,-4.975063894663367,5.8432608263029575
-7.539330216806069,-4.884147347997373,4.38196601125011,-8.41271657846628,-6.707107720887676,5.3082593408802055,-0.34397099108792833,0.005301306105287155,0.016698414291915216,-0.9388168172778446,0.07276358209198396,-0.19897321353701963,-0.2687516349273866,0.0005133392960487981,-0.0030716352512172307,-0.06345236106426455,47980,435000000,18.7,0,2,2,-9.858109023511082,-4.975063894663367,5.8432608263029575
-7.443779337683475,-4.920724023628251,4.213949936692158,-8.381657999457607,-6.625680288754116,5.203180144045485,-0.3556438577856149,0.005078604542319998,0.017137378827047235,-0.9344506217249824,0.07515920229388323,-0.19091947663384337,-0.2704685821460018,-0.0037460298017322202,-0.0028370180416459334,-0.06046523922123015,47980,736000000,17.59,0,2,2,-9.512039691100737,-4.978523576529704,5.42643015006408
-7.393710422544579,-4.943650988470749,4.132232521764886,-8.34443303438294,-6.538448750757681,5.080815920841921,-0.3664718759480957,0.004760881702177525,0.01834680710882835,-0.930236041450455,0.0489540631020002,-0.17779617079538929,-0.27859999830908266,-0.00453317607025383,-0.00564636429771781,-0.034500035690143704,47981,69000000,16.37,0,2,2,-9.512039691100737,-4.978523576529704,5.42643015006408
-7.342037636200248,-4.96953517656723,4.052262675054002,-8.303734583597638,-6.481332403867969,4.975234581327715,-0.37051536839645643,0.003824268834479079,0.018219224189114695,-0.928639756105599,-0.016001023368610055,-0.16631000949814895,-0.2925766881895786,0.00958766249823384,-0.003939194220947684,-0.004689058869189466,47981,414000000,15.34,0,2,2,-9.512039691100737,-4.978523576529704,5.42643015006408
-7.2336862600727105,-5.0297251148800814,3.898206037095794,-8.232661187626967,-6.445272723000269,4.844811577838786,-0.36945100202956876,0.0034437257421506716,0.017151789021839236,-0.9290855256571973,-0.10100701549152775,-0.15471485760089973,-0.3096815490203022,0.001866385207449639,0.004225134352964233,0.010233121247438248,47981,756000000,15.08,0,2,2,-9.512039691100737,-4.978523576529704,5.42643015006408
-7.176924026518295,-5.063788319150504,3.8244294954150555,-8.150398839936807,-6.429204334483313,4.714948584007022,-0.36849048152383546,0.005149069170727676,0.016794801101613493,-0.9294655382363373,-0.11217123084413154,-0.1500775888162727,-0.3143236639143283,-0.0041906233491317835,0.0117403847980313,-0.009103552565647988,47982,114000000,15.32,0,2,2,-9.149899429756328,-4.949304950801591,4.932685896158452
-7.058059731145688,-5.139195800486321,3.6841225481205764,-8.08151223462526,-6.415801138509197,4.604001664258033,-0.3700366598797525,0.00658053636359011,0.01718875471241366,-0.92883481502237,-0.1446660677620532,-0.13922522468714457,-0.31332346087022694,-0.005832805572936195,-0.0045329524709813995,0.0016973882793536177,47982,451000000,15.52,0,2,2,-9.149899429756328,-4.949304950801591,4.932685896158452
-6.995908638983675,-5.1802597705360105,3.6178747020262696,-7.97018668548425,-6.432421613182146,4.461165092874865,-0.365741966036829,0.0049830975932581385,0.01634650358593089,-0.9305593881308198,-0.2532200814664869,-0.12072096369958404,-0.3191404290972836,0.013906881395087112,-0.0008675625451814994,0.04210804290778469,47982,789000000,15.48,0,2,2,-9.077089207695915,-4.7725886299415645,4.673163868241446
-6.931922388278014,-5.223367798610493,3.5544102723452182,-7.865377566419675,-6.466639446080358,4.346772995769476,-0.3584233667120983,0.005108925993261736,0.014423011796074671,-0.9334337500865769,-0.2829293507064629,-0.113270148297266,-0.3183409869812589,0.00459244665762526,0.013518545711121988,0.032991490297717974,47983,150000000,16.21,0,2,2,-9.039906520818914,-4.646189234787474,4.504341317946236
-6.798414408284236,-5.315097794245403,3.436337035063942,-7.77482032074437,-6.494898503843742,4.247805793284246,-0.35477222458319724,0.006996655955575363,0.012628643151032272,-0.9348412875145666,-0.24327024153125693,-0.11663423287506842,-0.3066980846980156,0.009563090861774981,0.01696786112006521,0.013940838653070386,47983,499000000,16.94,0,2,2,-9.006847736057548,-4.57264212944107,4.386869393475001
-6.728893674167487,-5.363399575253027,3.3819660112501087,-7.683431658867666,-6.509083335785434,4.136550750040965,-0.35358813548490126,0.00868200056685559,0.010132101202120049,-0.9353060428735067,-0.16800001886409013,-0.12957934071965507,-0.28918630547153984,0.00925307022043853,0.007990648009581491,0.002200039261879283,47983,899000000,17.3,0,2,2,-9.006847736057548,-4.57264212944107,4.386869393475001
-6.657539913838084,-5.413105873781844,3.3308534925573996,-7.611274209723939,-6.504972960534514,4.036872442499175,-0.35361928332761516,0.008767291157056642,0.008608977638036811,-0.9353087311517297,-0.1164796055831423,-0.13848322615925174,-0.27433860748060235,0.006641299023613101,-8.170494618653379e-05,-0.002689482153073186,47984,249000000,17.36,0,2,2,-8.9131414218784,-4.482552857940346,4.16065170940915
-6.58436990723958,-5.4640474158483405,3.283102412796267,-7.549424142789872,-6.489063489130896,3.9421229303238476,-0.35442763309049596,0.008151952979999825,0.00820482551288414,-0.9350119140432295,-0.08068833249745441,-0.1424562090459131,-0.26035388422956324,-0.0006756127447715699,-0.00411449391322094,-0.007082231149979634,47984,646000000,17.29,0,2,2,-8.845666820621902,-4.475374150446998,4.053327285624749
-6.432681141919438,-5.56894510494894,3.1980622641951646,-7.498098823580623,-6.467260310008449,3.8570874788433174,-0.3559006474333952,0.00732362073094395,0.00832734244785428,-0.9344579975063809,-0.05809363578953043,-0.1430737153094016,-0.24732912962370124,0.0034302522408324876,-0.005243991108727641,-0.01223554318130482,47985,108000000,17.16,0,2,2,-8.845666820621902,-4.475374150446998,4.053327285624749
-6.354228798134396,-5.622550005388564,3.1609444548971024,-7.448678173384559,-6.440072826568863,3.771636177302499,-0.3583033100382328,0.006230210569085017,0.008082841622165039,-0.9335494578024358,-0.04552146167895972,-0.1425548833344652,-0.2347809138399315,0.003396230204089079,-0.005394147092374624,-0.015319008161895908,47985,486000000,16.98,0,2,2,-8.845666820621902,-4.475374150446998,4.053327285624749
-6.274092983719844,-5.676688553400637,3.127530258720525,-7.401643122276437,-6.411741369887207,3.690173375445113,-0.3609188131386045,0.005292617721523523,0.008136357094182133,-0.9325467270938816,-0.04179384406150217,-0.1402735823679587,-0.22382663158152044,-0.00093989797278482,-0.004927590225634049,-0.015066526430018712,47985,932000000,16.71,0,2,2,-8.845666820621902,-4.475374150446998,4.053327285624749
-6.192323170961965,-5.731181465669575,3.0978869674096936,-7.3556751993263765,-6.384241186349388,3.6126097492682097,-0.36334015770806727,0.004691908937880658,0.008763657016365563,-0.9316035176527055,-0.04305509988339924,-0.1360788164376893,-0.21275705902206896,-0.0038575197777390713,-0.004219230095259263,-0.013240035787021043,47986,354000000,16.43,0,2,2,-8.845666820621902,-4.475374150446998,4.053327285624749
-6.108975219860335,-5.785848810464001,3.0720742786082953,-7.310031546759829,-6.358931006070926,3.53909986944741,-0.3653555479523124,0.004358997982538381,0.009708064673498499,-0.9308072175253846,-0.0476462734814854,-0.13076844909615187,-0.2013797542968136,-0.004987791908206418,-0.0034047778171952814,-0.010192473382630851,47986,707000000,16.21,0,2,2,-8.410412217283552,-4.641149182032121,3.6156909950015965
-5.937799684049354,-5.894986550396063,3.0321408228027407,-7.253865478746892,-6.332034533839604,3.454898234733462,-0.36704805257357537,0.004209754117929979,0.011023794565769646,-0.9301271316468434,-0.05618886913563631,-0.12417224426558111,-0.18728623377215353,-0.005307686114974786,-0.002539192769290821,-0.006127888082119171,47987,181000000,16.09,0,2,2,-8.314331644457834,-4.6910167122041395,3.544509890723487
-5.85011479445928,-5.9490979171324465,3.018100476464131,-7.204572351494328,-6.316671598602711,3.3902975512327207,-0.36720016690242796,0.0036762915206238283,0.010891792527491262,-0.9300709065243479,-0.10564328539969423,-0.114254800619549,-0.17858974798579932,0.009585501265974017,-0.002677109205251327,0.010681682852009544,47987,525000000,16.11,0,2,2,-8.314331644457834,-4.6910167122041395,3.544509890723487
-5.761136868138604,-6.002666556337735,3.0080514120095225,-7.131074763814451,-6.324349192044873,3.321255188702926,-0.3641435318155791,0.002974237714148254,0.009330212291838877,-0.9312913557450672,-0.17894994897969646,-0.10250683797205132,-0.1703638160186453,0.007547766426796443,0.002664514590833278,0.01734291399770882,47987,842000000,16.32,0,2,2,-8.132108607722241,-4.747580757916952,3.390514388221224
-5.579651309521315,-6.10747204950958,3.0,-7.03069229321335,-6.3577414161728205,3.2490344696161393,-0.3594640594646725,0.0031225910749239478,0.00811697703773651,-0.9331184030239281,-0.2769181021759575,-0.08270884273748284,-0.161854493485841,0.0031172726266959216,0.001962805595212558,0.033201078986166976,47988,227000000,16.9,0,2,2,-8.132108607722241,-4.747580757916952,3.390514388221224
-5.487331982763328,-6.158362612132099,3.0020138669173706,-6.884327523763383,-6.437864444112626,3.1716885263033503,-0.35152247682961774,0.003549177814393995,0.006520001115847385,-0.9361500099908464,-0.348975972386388,-0.06752918233448349,-0.14888819889462204,0.006343068389469408,0.005783559754490852,0.03058502006751951,47988,597000000,17.67,0,2,2,-8.132108607722241,-4.747580757916952,3.390514388221224
-5.300049506402166,-6.256274615650105,3.018100476464131,-6.7725544368197905,-6.501496893747022,3.121099406375192,-0.3467668366043331,0.004250996741620428,0.0055318482663551174,-0.9379254174575313,-0.33192753485443605,-0.07077041384159158,-0.13434064836690068,0.0009558670626574894,0.006061134990886785,0.02388561024417868,47988,956000000,18.76,0,2,2,-7.942956510028547,-4.614798748481764,3.1099185018947613
-5.205304455247262,-6.30296827183162,3.0321408228027407,-6.675929127736346,-6.549270697216674,3.0793927283307583,-0.34318251398525534,0.00496059156631144,0.005424178523157716,-0.9392399762113093,-0.2832502494840524,-0.07951683529961151,-0.11548224713695358,-0.0030504995038427296,0.0023299831582335173,0.022987358352111187,47989,288000000,19.28,0,2,2,-7.904250221344942,-4.55815646350599,3.040569569371485
-5.109976309765509,-6.347941721880122,3.050144175636352,-6.584263054701415,-6.585961529760341,3.042676370870782,-0.33947635554749306,0.004926847608498172,0.005147506603001138,-0.940587600052545,-0.24009052596413555,-0.08822364061330515,-0.09430862462549357,0.0073662508839333896,-0.00046862211036113877,0.01796791493688943,47989,660000000,19.68,0,2,2,-7.862137941683849,-4.517443625671556,2.982833586595934
-5.01418476886208,-6.391041466920087,3.0720742786082917,-6.500804788782462,-6.611150521555148,3.0132090450274074,-0.33690280562302344,0.004285501316279599,0.004102433404265816,-0.9415207401231089,-0.208593482620738,-0.09635418369118823,-0.07469388956962372,0.006332758448479581,-0.0017437427914046566,0.012844328557548579,47990,15000000,20.1,0,2,2,-7.797316437404362,-4.512990349384164,2.932365303229972
-4.821708644319341,-6.471030326718811,3.1275302587205234,-6.427270240389412,-6.627348544929021,2.9914604879656723,-0.3350814867770194,0.0036336455986954925,0.003319454425655423,-0.9421762972296008,-0.1879986409456116,-0.10179310107702202,-0.057509499777937,0.005110371284899884,-0.0018926086795545416,0.009798890550882788,47990,354000000,20.41,0,2,2,-7.71362042323769,-4.540750690173499,2.8924210291191077
-4.725280853168204,-6.507637958894582,3.160944454897095,-6.36124888559397,-6.638034063427137,2.976155896168826,-0.3337304372249061,0.0031016053297542538,0.002714917844950044,-0.9426595379749501,-0.17622898739443343,-0.10541815399079879,-0.041272109795853884,0.004373460160422837,-0.0015734877365503053,0.008624103975307662,47990,721000000,20.67,0,2,2,-7.62170482592016,-4.5875824134051,2.864312722571221
-4.628902588772864,-6.541809574814725,3.1980622641951624,-6.292620758317446,-6.646609215804267,2.9656454123606593,-0.3323826054316024,0.0026313262546202214,0.002121117895612446,-0.9431385797365699,-0.17034044256358147,-0.10813744144109232,-0.02358702282403632,0.004232798664816073,-0.0010289524311701825,0.008082992280833423,47991,163000000,20.88,0,2,2,-7.62170482592016,-4.5875824134051,2.864312722571221
-4.532708958112899,-6.573419150899704,3.2388089362865227,-6.220663530595464,-6.653953993873853,2.960881311742504,-0.3310578757249457,0.002233171686160867,0.0014895148532887653,-0.9436066326654388,-0.1675404928756618,-0.10988637718636682,-0.005478640561445697,0.0039564561575389234,-0.0007474505878235504,0.007561458869531634,47991,540000000,21.08,0,2,2,-7.425041749826621,-4.709314570617097,2.836171327216762
-4.436837120055821,-6.602347080661456,3.2831024127962647,-6.1528658832377765,-6.660021209799138,2.9621660247267965,-0.32980836408140973,0.0018991507229658379,0.0009440064754123709,-0.9440455206504874,-0.16682799320801475,-0.11085433324911217,0.01090772626695146,0.003428117543080589,-0.0006777339876862243,0.008725404040887952,47991,933000000,21.26,0,2,2,-7.313256394784034,-4.784014785261957,2.833940287237403
-4.24661551929798,-6.651713242019724,3.381966011250106,-6.080934647357918,-6.666037075986842,2.969450637634389,-0.3282914867913728,0.0015708546326200683,0.0003759009034753637,-0.9445750847945036,-0.1673345572174196,-0.11129714344290838,0.02776058071828715,0.0038566580769838765,-0.0005330209091880533,0.008215823709178949,47992,365000000,21.43,0,2,2,-7.207033361925139,-4.8545722348779226,2.839193127874809
-4.152547012978052,-6.671946651671,3.436337035063939,-6.008543474067654,-6.671961836910649,2.982735483365107,-0.3269201248889151,0.001257413347636219,-0.00025211019905621546,-0.9450511030069944,-0.16996317795292357,-0.11218604890284081,0.045439210965995916,0.004044676506964606,-0.000259901545973662,0.008630009142507333,47992,865000000,21.66,0,2,2,-7.098245847542444,-4.920425260101884,2.850771151822932
-4.059362049326308,-6.689089208183685,3.4938570679927743,-5.938890778664883,-6.677803702885259,3.00132113034663,-0.3254664925719889,0.000994988702844364,-0.0008454639819267173,-0.9455526729913167,-0.17389703883417723,-0.11329664742289791,0.06256555656363011,0.0035662680602399632,-0.00022812258464455226,0.009311548183177365,47993,223000000,21.93,0,2,2,-7.098245847542444,-4.920425260101884,2.850771151822932
-3.9672024398808325,-6.703057006306124,3.5544102723452102,-5.868036217965332,-6.683923360546636,3.025424231427462,-0.323952615490625,0.0007501977168707425,-0.001377393072652063,-0.9460720072534079,-0.17723158949223217,-0.11396538335985748,0.07814935883236236,0.0033205379395440104,-0.0003866904961569162,0.009395700635650428,47993,573000000,22.31,0,2,2,-7.098245847542444,-4.920425260101884,2.850771151822932
-3.8762097684280574,-6.713773865026728,3.6178747020262714,-5.796256075891,-6.690254613339815,3.0545033931392886,-0.3223787209797998,0.0004968642610697696,-0.0018729503403150422,-0.9466087921852179,-0.17972940703580936,-0.11437782903716928,0.09219383106156129,0.003240633236600843,-0.00035679124437137943,0.011041208836104488,47993,936000000,22.47,0,2,2,-7.098245847542444,-4.920425260101884,2.850771151822932
-3.6982880744793807,-6.725189516720688,3.7530203962825284,-5.710954739436532,-6.697745825719422,3.0944068795010313,-0.3199916952729566,0.00022335834699668496,-0.002474060726245562,-0.9474170908796773,-0.181756342171168,-0.11448760657668484,0.10683615697793428,0.003366064652254863,-0.0002887821636932131,0.014467240634985501,47994,288000000,22.71,0,2,2,-6.785732518189214,-4.969211854291269,2.9382395582791117
-3.6116375364826183,-6.725775776295651,3.8244294954150577,-5.624878340798869,-6.705126926056714,3.1399423754252673,-0.3169580167022551,-2.763117608461322e-05,-0.0030995234244311515,-0.9484345037161145,-0.1845089678785615,-0.11521631361748552,0.12205941086853685,0.003504660298858653,4.776451305588125e-05,0.018120913955499418,47994,624000000,23.06,0,2,2,-6.717169144781874,-4.941901849792161,2.9799203528925764
-3.5267101183659015,-6.722886213458185,3.898206037095796,-5.550594300949282,-6.711188296294481,3.1836484608798385,-0.3141412371016617,-0.00017602893783289116,-0.0035052339053931484,-0.9493697727973642,-0.18699682768408468,-0.11610382798104846,0.13534708887444086,0.0013535817288357066,-0.0002887106376192605,0.013954505993751809,47994,958000000,23.46,0,2,2,-6.717169144781874,-4.941901849792161,2.9799203528925764
-3.4436403617338742,-6.716485026860802,3.9742014451881857,-5.480012258440073,-6.716658116203709,3.228655352367732,-0.31236722893674623,-0.00030670599381204004,-0.00367719075511749,-0.949954261259963,-0.18815746100243075,-0.11677332262111192,0.14629915497689655,0.001047509533691482,-0.0005128437294388277,0.009837679863267113,47995,297000000,23.8,0,2,2,-6.600693930385319,-4.8727868971070984,3.076923049907074
-3.2835987159577487,-6.693045963146028,4.132232521764888,-5.400242420377624,-6.722469369056178,3.2831033723925658,-0.3107862868435197,-0.00048277695885044704,-0.003920275879067187,-0.9504716104510736,-0.18836434496800022,-0.11740471154942911,0.15691479066121947,0.0022918559125173488,-0.00044093559381508385,0.00967669202509569,47995,651000000,24.01,0,2,2,-6.600693930385319,-4.8727868971070984,3.076923049907074
-3.2068814850407197,-6.675977890994722,4.213949936692154,-5.315768553046814,-6.72800725161126,3.344682552689348,-0.30904129563613003,-0.0006061754540166327,-0.004074717503033661,-0.9510396978150445,-0.1887947076282565,-0.11877682608768207,0.16959170961863407,-0.0005351583240553737,-0.000271150454977942,0.008808200891508022,47995,989000000,24.21,0,2,2,-6.471219759975538,-4.843435268908488,3.189997885546414
-3.132530485366818,-6.655337767895037,4.297250351837312,-5.239596994273153,-6.732324553035941,3.4043112685479584,-0.30762968271425545,-0.0006861905937811967,-0.00414092838937569,-0.9514969049700948,-0.1891371462282573,-0.12064595527422188,0.1820875030075122,0.0017075613868655637,-0.0003428458143162061,0.009406708340975456,47996,351000000,24.44,0,2,2,-6.376746161043354,-4.86428129366842,3.2603133654464593
-3.060663595618906,-6.6311310890833415,4.3819660112501,-5.1585675838739355,-6.736019444711819,3.4717168191332566,-0.30602163058067267,-0.0008152023528926384,-0.004247872122946403,-0.9520147334176594,-0.1885004587042388,-0.12226372970436679,0.19345430420404092,-0.00044114767092651164,-0.0008156733656505821,0.00831501629363629,47996,715000000,24.63,0,2,2,-6.2810716750508595,-4.900387740613673,3.327139687125733
-2.9248311940096183,-6.572080588034301,4.554958132087365,-5.082020191551753,-6.738685054946526,3.538813411553415,-0.30479813461350513,-0.0009393695674869251,-0.004118286033916151,-0.9524076093989831,-0.18705002540507978,-0.12337765254121831,0.20257910733219547,-0.0007838846897811891,-0.0009811491054279031,0.006825535911048064,47997,60000000,24.88,0,2,2,-6.2810716750508595,-4.900387740613673,3.327139687125733
-2.8610779538735933,-6.537287995309999,4.642886210402717,-4.996739052242041,-6.740661385568515,3.617441384844146,-0.30362720180736646,-0.0010393373314868763,-0.0039290031365691504,-0.9527822442903167,-0.18504857221398482,-0.1252785981839743,0.21398349332675473,-0.0008113612636861944,-0.0005135749631790532,0.006307084095169557,47997,390000000,25.15,0,2,2,-6.083373934872919,-4.961659481032225,3.4798747209409746
-2.8002327142182644,-6.499031054937685,4.73153346836469,-4.907023720549332,-6.741168334667466,3.7053232795887694,-0.30235239255425966,-0.0011809082220135558,-0.004058000760803802,-0.9531868488404103,-0.18250369296533728,-0.12817940620162102,0.22685477756739858,0.0022659629848931218,-0.0005341899964150798,0.0074942228820873424,47997,734000000,25.55,0,2,2,-6.083373934872919,-4.961659481032225,3.4798747209409746
-2.742387911317235,-6.457354749170536,4.82072138219313,-4.830952982438102,-6.740101190939074,3.7837007604861705,-0.3011651754536619,-0.0013364542545836362,-0.004201086850520547,-0.9535617976058315,-0.1797712656551908,-0.13018934797042808,0.23580433272897916,-0.0007530503069119732,-0.0007958429137033818,0.006078745900595095,47998,134000000,26.1,0,2,2,-6.083373934872919,-4.961659481032225,3.4798747209409746
-2.6360389693210795,-6.363961030678936,4.99999999999999,-4.746524107905743,-6.737363698099678,3.8743728621358966,-0.30014755836773127,-0.001529102501771155,-0.004329475784369107,-0.9538817330732676,-0.17564650483125505,-0.13227431632428954,0.2430081858159771,0.0026736096742752125,-0.0006564140051068534,0.006109261539677391,47998,523000000,26.54,0,2,2,-6.083373934872919,-4.961659481032225,3.4798747209409746
-2.587688488810457,-6.312370041007844,5.089729660701031,-4.671686263596867,-6.733224924799595,3.9575627996105855,-0.2990744451018124,-0.0017675453424709187,-0.0048762859129710765,-0.954215685212835,-0.1712462521540053,-0.13513396838515823,0.2500569346359005,0.004783715530720656,-1.0226357050058255e-05,0.007320890381379286,47998,858000000,26.95,0,2,2,-5.738500469997528,-4.881285671705333,3.892986557745779
-2.542645250829466,-6.257612088682768,5.179278617806864,-4.588685100360514,-6.725947172934227,4.053814881492885,-0.29762724597734735,-0.0020633029840333135,-0.005956278360438085,-0.9546613472749529,-0.1656574061264512,-0.13936003240872014,0.2592149400075002,0.007226631760204327,0.0002852492087868086,0.008770329532126198,47999,188000000,27.24,0,2,2,-5.738500469997528,-4.881285671705333,3.892986557745779
-2.5009689450623167,-6.19976728578174,5.268466531635305,-4.515117266535709,-6.71700447079212,4.142454342168746,-0.2964185556776947,-0.0020872044540241586,-0.006113960090409714,-0.955036283561797,-0.16102641669700224,-0.1418312478244364,0.2657157829737567,-0.007469328738807235,-0.00044219040375992336,0.003165985845043906,47999,561000000,27.49,0,2,2,-5.738500469997528,-4.881285671705333,3.892986557745779
-2.4279194119657,-6.075168805990385,5.44504186791263,-4.434041163142047,-6.705426947212262,4.243893274657392,-0.2963057366252809,-0.0019304563081446356,-0.00518463972791342,-0.9550771190287638,-0.15584590943241533,-0.14363145141801972,0.2711633201738974,-0.0023825686184864026,-0.0007322126293729525,-0.0002453360849585806,47999,923000000,27.67,0,2,2,-5.478022605877158,-4.896602247724298,4.193522082127736
-2.396628522799361,-6.008605730182392,5.5320736911333475,-4.358461920421326,-6.692821020445641,4.341838205521349,-0.29633443989426717,-0.001995808987962527,-0.005080351432665508,-0.9550686396842665,-0.1498952829318834,-0.14647364866434448,0.27727771205757434,0.001798307448552805,-0.0002062392297830229,0.00031847083903358,48000,261000000,27.73,0,2,2,-5.478022605877158,-4.896602247724298,4.193522082127736
-2.368868910916664,-5.939336404381105,5.61803398874989,-4.27178961469041,-6.6751985589398855,4.459338600143936,-0.2965087850704257,-0.0018941524337372764,-0.00457157591095196,-0.955017305213004,-0.14255152522045583,-0.14980516869087906,0.28491617207937114,-0.00599433078605216,-0.0005768470543898729,-0.003575023720259196,48000,620000000,27.9,0,2,2,-5.270816256082353,-4.953068852347346,4.401820300346139
-2.344662232104967,-5.867469514633185,5.70274964816269,-4.194155491244122,-6.658628016174304,4.567951592124257,-0.2970976102511685,-0.0017117344286108067,-0.004239440341453342,-0.9548361676716492,-0.15039560442005584,-0.14557919015574414,0.28906245374527667,0.0014592602951779554,0.0022273636886893655,-0.000718174595704113,48000,972000000,28.23,0,2,2,-5.270816256082353,-4.953068852347346,4.401820300346139
-2.306954036853975,-5.716401284042254,5.867767478235114,-4.10555904232053,-6.645552071331427,4.68927082251165,-0.2973570505059116,-0.0014319966493432947,-0.00388769747295486,-0.9547573616937339,-0.15314026605563372,-0.14346008064155352,0.29068411413872436,-0.004745778505821363,-0.0019126501911159721,-0.004888159810434445,48001,346000000,28.49,0,2,2,-5.078001875769648,-4.927879367511227,4.659189298611966
-2.29345531052168,-5.637439771999615,5.947737324945992,-4.012587917323532,-6.633176080452567,4.816777451578734,-0.29848844148050707,-0.0013411503249575352,-0.003974140441524962,-0.954404032800624,-0.17630814892050048,-0.13265187392816508,0.2914055415292654,0.003105002679149038,0.004573608748614788,-0.0038988144751783693,48001,749000000,28.79,0,2,2,-4.996354125292395,-4.880514320540244,4.801191116306045
-2.2771137865418183,-5.4732898816341,6.101793962904206,-3.934764501931738,-6.633434612487384,4.91557289768423,-0.29912721259489056,-0.0008619528845022247,-0.0038707074819525917,-0.9542050017402053,-0.18946716345222095,-0.12707931989871957,0.2915973270622937,-0.006802179450460244,-0.0020142822449997766,-0.005661079558194615,48002,90000000,28.95,0,2,2,-4.921340972644773,-4.814481389867502,4.952867534171233
-2.2742242237043486,-5.388362463517386,6.175570504584939,-3.8496946335317657,-6.631150237757871,5.026173972530751,-0.3005156438204354,-0.0012684318883451188,-0.0023860764633256153,-0.9537730576708722,-0.16544502989792123,-0.13742275756912795,0.29292022128395856,-0.006913432980582002,-0.005976564625598257,-0.010089532497659093,48002,464000000,29.01,0,2,2,-4.86635938041679,-4.762317570985227,5.069298332936423
-2.2748104832793112,-5.301711925520624,6.246979603717468,-3.775417875471299,-6.619428200991917,5.1316665525073635,-0.3025334589673283,-0.0018228303492236746,-0.0011365853692363863,-0.9531363447421781,-0.13444239327992938,-0.14994461420369862,0.294508277270042,-0.004939749578625197,-0.003882018063450232,-0.013612214479508111,48002,815000000,28.91,0,2,2,-4.86635938041679,-4.762317570985227,5.069298332936423
-2.2788285262904413,-5.213475002407638,6.315877451879423,-3.7073010613448023,-6.598989912605351,5.237440114763555,-0.3051258340214198,-0.0020394920317061568,-0.00039096605052891,-0.9523097778719551,-0.10773764598000864,-0.15943499570139089,0.2941530295622309,-0.0025240009108529193,-0.0013163673429517075,-0.016923299335758202,48003,184000000,28.7,0,2,2,-4.731018271974087,-4.695746490685696,5.310425594945603
-2.2969429936938752,-5.032797560119191,6.4455897276547764,-3.6478553287055564,-6.573269790781895,5.336933537859535,-0.30805839639118765,-0.002077650526959176,-0.00033082374603723324,-0.9513651235655145,-0.0866970648872546,-0.16600296633511133,0.2920067643970509,0.0029558347478086944,0.0003752961191594295,-0.019165207777405158,48003,540000000,28.43,0,2,2,-4.731018271974087,-4.695746490685696,5.310425594945603
-2.3109107918163154,-4.940637950673698,6.506142932007222,-3.586155994910637,-6.538436843622245,5.447084977497303,-0.31190486210454804,-0.0019504499511500684,-0.00043066617914807063,-0.95011123941735,-0.06606242908955187,-0.17206380798608623,0.28965149754783903,-0.002823217414515966,0.0006711724495289673,-0.025285683113906998,48003,906000000,28.12,0,2,2,-4.731018271974087,-4.695746490685696,5.310425594945603
-2.328053348328999,-4.8474529870219545,6.563662964936058,-3.534725147023649,-6.502493562548748,5.545161970607145,-0.3163493142969726,-0.0017837790232011928,-0.00037856192285622484,-0.9486410207065168,-0.04923185610133947,-0.1768102718535051,0.28789101648379695,0.0023173378394858446,0.0009289904539855343,-0.029219137286418118,48004,268000000,27.72,0,2,2,-4.487910287609377,-4.7120664328838044,5.617744177834088
-2.348286757980274,-4.753384480702025,6.618033988749891,-3.478191794727779,-6.455032568493283,5.659334789860353,-0.3221316570568833,-0.0018700864879113526,-0.0013509782467657136,-0.9466920688144012,-0.03106412296943481,-0.18152510038531416,0.2836183269045771,0.007133672261261381,0.0013017873470744235,-0.03173880904796533,48004,683000000,27.25,0,2,2,-4.4079625937040525,-4.727238703443066,5.704441785486097
-2.397652919338544,-4.563162879944184,6.716897587203733,-3.4218976535008974,-6.408702778182121,5.770958280145762,-0.32653248892433834,-0.0010093142687741716,-0.002473026113565353,-0.9451822041825719,-0.07617739453723589,-0.15957363059308358,0.2745818783591021,-0.000681285592918357,0.014299890335678356,-0.002650419946803595,48005,81000000,26.65,0,2,2,-4.31527819052796,-4.743398260637029,5.8024181191751865
-2.4265808491002945,-4.467291041887107,6.761191063713475,-3.3529877662975345,-6.393901477412826,5.873055624077461,-0.3265002440443772,0.0013951025109345612,-0.0027471770340235977,-0.9451920954738724,-0.15630271218290692,-0.12616450189405914,0.2645703328107896,-0.0040874928799894406,0.008542990508431103,-0.010344417205487844,48005,479000000,26.26,0,2,2,-4.228992820195499,-4.746889352842386,5.900713690091383
-2.458190425185273,-4.37109741122714,6.801937735804835,-3.2705378372252447,-6.403015330019992,5.97217937154144,-0.33068888771608934,0.002354442884148269,-0.002275759370067711,-0.9437341453285932,-0.21073072384916064,-0.10628030406529806,0.2553893669261894,-0.003514067452670133,-0.00020198209682575907,-0.04440800330485217,48005,929000000,26.45,0,2,2,-4.228992820195499,-4.746889352842386,5.900713690091383
-2.5289696732811873,-4.178291355680664,6.872469741279475,-3.164244575813664,-6.4324360947819335,6.082684445630832,-0.338897584494901,0.002025436507913983,-0.0012814510242604611,-0.9408202180617433,-0.24547895922020743,-0.09619591462735631,0.24567338968753144,-0.0038846739698783495,-0.004616517162503442,-0.01809634322853526,48006,274000000,26.11,0,2,2,-4.10416331353911,-4.664914327419423,6.1100938228907955
-2.56788116587496,-4.081946736232923,6.902113032590306,-3.0415889834834755,-6.470320599180422,6.20341142615786,-0.34127523560485934,0.00033477899333856465,-0.00043589897033952167,-0.9399632500677677,-0.20849937948941583,-0.10806370847705571,0.23565614197819468,0.0015395325135614257,-0.009582326492818538,-0.007043535470074858,48006,642000000,25.23,0,2,2,-4.10416331353911,-4.664914327419423,6.1100938228907955
-2.652058278119881,-3.8900236902344916,6.949855824363648,-2.9686371721259235,-6.479737286123621,6.282362780359687,-0.3426329183532939,-0.0009889306025939208,0.00022190214826545016,-0.9394688158935371,-0.1452191515359333,-0.12853680659056962,0.22930752222934295,-0.004546767058855039,-0.009927695009537274,-0.013226959435996832,48007,14000000,24.96,0,2,2,-4.008125563410027,-4.446870803298559,6.3821727164104445
-2.6970317281683824,-3.7946955447527406,6.967859177197259,-2.9076371712261864,-6.46397671328106,6.363500103019414,-0.34569033049082537,-0.0023573625496545107,0.0007375612891262375,-0.938345402424021,-0.05799448983944342,-0.15576919425523955,0.221553514582864,0.004399121235110215,-0.005988197426631814,-0.023264280753210187,48007,380000000,24.75,0,2,2,-3.9750580186196705,-4.375446144518044,6.471502070850593
-2.7437253843499,-3.6999504935978362,6.981899523535869,-2.8628634371253106,-6.4233301805193435,6.441450555480119,-0.3506784905106249,-0.0030106368893497862,0.0006919910082369097,-0.936490818698803,0.014811960845505696,-0.1747399343247094,0.2114557705987977,-0.0024018790554691805,-0.0019043195948142966,-0.039701591595076025,48007,721000000,24.31,0,2,2,-3.935724182724375,-4.31878205580322,6.557032533078561
-2.8416373878679044,-3.5126680172366744,6.997986133082629,-2.831558070668493,-6.364096749981734,6.5154298958686585,-0.35893182935530216,-0.003022675709624947,0.0011132940714965792,-0.933358219486774,0.07204747269383219,-0.18476775457378694,0.19835741301412274,-0.0019517330429152935,-0.001143150200277887,-0.06091427530918736,48008,90000000,23.65,0,2,2,-3.8930596066461596,-4.277643639934246,6.632978210577778
-2.8925279504904227,-3.420348690478687,7.0,-2.8100681808915464,-6.287076511036839,6.587960049070864,-0.37135806529055604,-0.0029336208370529028,0.0016201946445117649,-0.9284836865458398,0.12063643122759002,-0.18807372615153825,0.18148788083120207,-0.0031756282623973675,3.200860554386509e-05,-0.08065608708420768,48008,432000000,22.63,0,2,2,-3.8930596066461596,-4.277643639934246,6.632978210577778
-2.9444839407633383,-3.3290481249933923,6.997986133082629,-2.799521025189409,-6.213467737813143,6.643891745995367,-0.384161278064948,-0.0025940862301227956,0.0021081544411254887,-0.9232599519295683,0.1541537079047037,-0.18630019176539175,0.16540084411123407,-0.003619159679146833,0.0015775538713569404,-0.09229031420545653,48008,834000000,21.14,0,2,2,-3.8007326630093594,-4.22070149734283,6.761528915753608
-3.050902082867557,-3.149885205540721,6.981899523535869,-2.794421635177255,-6.134067900894205,6.694451232444487,-0.39830790223528617,-0.0020880002835399554,0.0024044408602357007,-0.9172462449832601,0.18145315787154653,-0.18111146387969743,0.14764316147796647,-0.0005363497905364056,0.0026133677465622895,-0.09911171873682179,48009,224000000,19.63,0,2,2,-3.8007326630093594,-4.22070149734283,6.761528915753608
-3.1050134496039394,-3.062200315950648,6.967859177197259,-2.794696524407924,-6.01779586140656,6.754357487626995,-0.418894762784091,-0.0012514604094777042,0.002799997999570867,-0.9080296094126589,0.21395773667323725,-0.17016497523120594,0.12158335109862903,-0.004938708298141137,0.0021623068050757865,-0.10624261776683852,48009,605000000,17.98,0,2,2,-3.8007326630093594,-4.22070149734283,6.761528915753608
-3.159489538528554,-2.9758887181581546,6.949855824363648,-2.800462277547802,-5.89256175279041,6.80544835419637,-0.43999282828850905,-0.0004833117931402895,0.003054217675287966,-0.8979959628076182,0.21199499786235884,-0.15330496901560825,0.09893466951168216,-0.0003042363516669866,0.00297349097309052,-0.09082543692784384,48009,973000000,15.58,0,2,2,-3.6778324917457064,-4.148569720929923,6.892802195707408
-3.2688185343304266,-2.807676829038037,6.9021130325903055,-2.7998247219676418,-5.788674353652425,6.845201320572684,-0.45504498436077623,9.598795594873105e-05,0.0021535686360518056,-0.8904658416450026,0.15045455574527875,-0.1306198991458048,0.07879791477985759,0.0042269000005035195,0.005922307582295616,-0.05628807411994785,48010,422000000,13.12,0,2,2,-3.6778324917457064,-4.148569720929923,6.892802195707408
-3.323311446599366,-2.725907016280158,6.872469741279474,-2.7886772646470943,-5.728595284522719,6.8706866427992015,-0.46291482738538714,0.000754802658562691,0.0014788170145231812,-0.8864012104910175,0.08882368806416881,-0.11485875156220027,0.06155126289005704,-0.0009252807558368659,0.0037622959325744887,-0.04534659528871998,48010,929000000,11.32,0,2,2,-3.6778324917457064,-4.148569720929923,6.892802195707408
-3.431054895051064,-2.567318858080564,6.8019377358048345,-2.769096535006182,-5.687609499500178,6.889770841095617,-0.46956566333310257,0.0012385970109531623,0.0014089956424408574,-0.8828955591842488,0.0427917488654279,-0.1059666337438309,0.04421085583492971,-0.0006749924807536445,0.0014394559570973797,-0.036254154838388786,48011,262000000,10.35,0,2,2,-3.580991871696386,-4.026949735439823,6.971679258986267
-3.4839479668973814,-2.4905929928344888,6.761191063713474,-2.743556822790278,-5.6590714102480355,6.902515556620567,-0.4745382626907822,0.0013942812648599253,0.0013646123893078972,-0.8802327141473416,0.014332442744038193,-0.09934597937412952,0.02414393276655275,0.0006051253762962006,0.0005386812233609817,-0.024365352510358207,48011,623000000,9.44,0,2,2,-3.580991871696386,-4.026949735439823,6.971679258986267
-3.5359525841516604,-2.4156300927604164,6.716897587203732,-2.717365493782338,-5.639770786353874,6.906977542001176,-0.4776380538069922,0.0015168885518128125,0.0014823227259489033,-0.8785541482025603,-0.0012410313280031132,-0.09246205040407325,0.0018843212438683827,-0.003047734935535118,-0.00018146990328204993,-0.018779560195980594,48011,992000000,8.66,0,2,2,-3.580991871696386,-4.026949735439823,6.971679258986267
-3.636600424746965,-2.271106325832519,6.6180339887498985,-2.6841592296296106,-5.621808215783372,6.902342470361653,-0.48078442499015067,0.001735908781733149,0.0020606996014895566,-0.8768346918460423,-0.010191037506176918,-0.0876690502842548,-0.02410378114271245,-0.0027937933282373706,-0.0005942621328358655,-0.014716723399033071,48012,360000000,8.11,0,2,2,-3.539050145374089,-3.8879831327684005,6.9789613317430454
-3.6849022057545895,-2.201585591715775,6.563662964936066,-2.6525176172684257,-5.607619226407739,6.888054064138722,-0.48304670433576347,0.0018510740762395016,0.002490781094274696,-0.8755890879657316,-0.014070483970450857,-0.08237046576755339,-0.048980832613367734,-0.0015448640397153213,-0.0005749836020640942,-0.010427305460325442,48012,724000000,7.53,0,2,2,-3.539050145374089,-3.8879831327684005,6.9789613317430454
-3.731633525847707,-2.133908113317202,6.506142932007231,-2.613684835651488,-5.592437646862985,6.854260244233939,-0.4853931039560155,0.001935064343146387,0.002906129208272191,-0.8742890509270702,-0.014443094609095477,-0.07516759030624107,-0.08101477335836994,-0.0015683112451370107,-0.0005108438244860736,-0.01140365757237305,48013,43000000,7.08,0,2,2,-3.54132369338473,-3.731559466803191,6.947479193455002
-3.819740229463986,-2.0040913610163287,6.382125297973734,-2.592097120311099,-5.578838817622872,6.8239504931770165,-0.4878999407398391,0.002069287995455406,0.003269574111544736,-0.8728909873279608,0.04806043406307471,-0.07555088966347627,-0.09652758743909177,-0.003280228793300921,-0.0005512855750566814,-0.031982290965970606,48013,378000000,6.67,0,2,2,-3.560900444109876,-3.6008923487872138,6.912234891341602
-3.860804199513675,-1.9419402688543215,6.315877451879432,-2.5901865697098607,-5.524584246755964,6.784869044471751,-0.49500415803863096,0.002054756070737793,0.0038484426162759197,-0.8688796527663568,0.18565099593908652,-0.07772473124004559,-0.11072831076450891,-0.0019211536255170358,-0.0024518812097085174,-0.04930910363327712,48013,820000000,6.3,0,2,2,-3.5748518229691184,-3.5169594650066993,6.88352503163474
-3.8996756945484794,-1.88160897585772,6.246979603717477,-2.6079568753365843,-5.441067895414387,6.745325078847312,-0.5026722062103692,0.0016498372378679418,0.0043408181755280936,-0.8644646253249784,0.2834191942781244,-0.07560581378471491,-0.12302590996680092,-0.00041203976195447467,-0.004673056037063361,-0.05394063227868173,48014,263000000,5.37,0,2,2,-3.5905503309761584,-3.42765588593856,6.84623545829961
-3.9362116808494942,-1.8230759734817077,6.1755705045849485,-2.6455770503717324,-5.31246251415815,6.694323162990595,-0.5122378813278198,0.0007642175468860796,0.0048918269250218215,-0.8588293421475904,0.3598198685684989,-0.06794320929378969,-0.1337844765559912,0.0004002741633257756,-0.005509526909008855,-0.05680708272848278,48014,712000000,4.4,0,2,2,-3.5905503309761584,-3.42765588593856,6.84623545829961
-4.001734158066968,-1.711288893629383,6.0257985548118205,-2.7017158627143276,-5.1426898532684024,6.631756306473334,-0.5232833310570029,-0.0002841363499734989,0.005226182535872875,-0.8521426885918364,0.3931865560537291,-0.05518218150165742,-0.14275604158183042,0.0018647259366844082,-0.0035503662502378575,-0.05416501444415189,48015,68000000,3.22,0,2,2,-3.6226340689994734,-3.2635563573414315,6.759620420930327
-4.030464823432771,-1.657962363799749,5.947737324945996,-2.758881891167306,-4.976513141076787,6.568305913144064,-0.5328585146122063,-0.0008192050338307675,0.005299500698596386,-0.8461873596318555,0.39229759181667817,-0.04301233934573745,-0.1525132576373286,0.0006338378000236844,-0.0010303747899342852,-0.04702151163655799,48015,440000000,1.98,0,2,2,-3.643950249058312,-3.1655317377438754,6.697887349109832
-4.079275976371747,-1.5562206623165327,5.786050063307853,-2.8230721257985816,-4.791581303699527,6.486513687939823,-0.541631892325206,-0.0012839409103829777,0.005273462081082415,-0.8405982603536807,0.3404513804744682,-0.032072987687022644,-0.1695098375381879,0.0014305486388366262,-0.0023015986243990483,-0.03142247587675229,48015,798000000,1.36,0,2,2,-3.643950249058312,-3.1655317377438754,6.697887349109832
-4.099142395547844,-1.5077006649126659,5.702749648162695,-2.8687678422740017,-4.6526902867494355,6.401112247520433,-0.5468608634199156,-0.0016294194800311398,0.005200914498729543,-0.837205764158465,0.25571296931609583,-0.028294900929499517,-0.19444429947571995,0.0007821845940725325,0.0003826332090284268,-0.019976606745331082,48016,141000000,1.67,0,2,2,-3.693371236334562,-2.9640593110321665,6.548021618015334
-4.129319096968019,-1.415063612902056,5.532073691133353,-2.891487402241632,-4.574255222076988,6.328387986631405,-0.5494066397276737,-0.0013617988270445277,0.005238481885453285,-0.8355375802647279,0.19292804312337822,-0.026547984752288905,-0.21184224008433908,-0.002915239383582957,0.0009238924974397378,-0.012265459645277588,48016,558000000,2.19,0,2,2,-3.720493450751148,-2.8640935843919344,6.462568537493543
-4.146211238641287,-1.327846346768223,5.357113789597283,-2.9055420905867826,-4.518007224552461,6.254565649105482,-0.5507375917026804,-0.0009918671341773758,0.00532431600292684,-0.8346608730162333,0.14373634681725594,-0.025201183915538307,-0.22573719498362257,0.00020248542824674587,0.0020161811562502407,-0.006524661330331583,48016,957000000,2.57,0,2,2,-3.7413857986423658,-2.7897343349414823,6.394798604231458
-4.149503567518681,-1.286085825431384,5.26846653163531,-2.915069146930742,-4.466822688119938,6.15601037967774,-0.5514739826704729,-0.0005660933297615741,0.004948824094548605,-0.8341772204489823,0.09851459385725272,-0.025283137268347494,-0.24637825765249,0.0005215249302636948,0.0030237902592489263,-0.002063587157863367,48017,469000000,2.83,0,2,2,-3.7615155756229792,-2.7198547297307516,6.3275261685124695
-4.145513161777275,-1.2058607972548092,5.089729660701036,-2.9179335816466443,-4.433436498292044,6.059056049241557,-0.5516365557485373,-0.00010635890094663324,0.00457752046502786,-0.8340720264797682,0.06773092233823651,-0.02584589577967089,-0.2644664727080393,0.00010450373650883193,0.002731273934841738,8.961142655694587e-06,48017,807000000,3.09,0,2,2,-3.7869251257474827,-2.6335643687181274,6.239412728667573
-4.138150398011617,-1.167226819279526,4.999999999999996,-2.9169383560138225,-4.408454871534972,5.955571382183275,-0.5515595699007976,0.0003546808116109165,0.004352207688459644,-0.8341240755071186,0.056137214792073245,-0.026155019967501858,-0.2810043943905999,-0.0007942292711504706,0.0022925369876247714,0.0007255613809320494,48018,188000000,3.34,0,2,2,-3.7869251257474827,-2.6335643687181274,6.239412728667573
-4.127171209594953,-1.129461068046768,4.910270339298969,-2.915380397516703,-4.3858039159110165,5.851636580734007,-0.5514067010176702,0.0006333424124164207,0.004320947331119639,-0.8342251364975524,0.04946275427446118,-0.027070128746161954,-0.29794405495722176,-0.0006836109946561919,0.00022700599799918564,0.0016503344113516505,48018,534000000,3.6,0,2,2,-3.8327350430176494,-2.479043229993469,6.066628858043446
-4.112558682368897,-1.0924725680962926,4.820721382193136,-2.9133618648764217,-4.3662514860467825,5.754377845380498,-0.5512781509398529,0.0010723812154564928,0.004431025691775608,-0.8343090652187498,0.08548986588338446,-0.02583415360071174,-0.30514695681210846,-0.004626838835974922,0.007674241851418628,-0.0025476504561083857,48018,929000000,3.85,0,2,2,-3.8538440424808202,-2.406798166049974,5.978231218200557
-4.072412920050574,-1.0204542273092634,4.642886210402723,-2.926633983782828,-4.310082931661732,5.640228017350163,-0.5522214084136408,0.0024776827073300445,0.004070063195489402,-0.8336838799950741,0.20652519681032805,-0.02070377571107623,-0.29607166451265143,-0.00036901109865539183,0.004258898616171791,-0.008259557307610521,48019,393000000,4.15,0,2,2,-3.8721054894154943,-2.343509338588744,5.897050486956235
-4.046892928621759,-0.9852342534527732,4.55495813208737,-2.9548488587162898,-4.222750025415505,5.535232290224844,-0.553615608254332,0.0024822189338279286,0.004019562709626976,-0.8327589327062026,0.294013484181629,-0.018439308264817433,-0.2888038436717561,0.0007479575685920281,-0.002906214831455145,-0.01023912900564028,48019,834000000,4.63,0,2,2,-3.8721054894154943,-2.343509338588744,5.897050486956235
-4.017766101374163,-0.9504119460020631,4.4679263088666525,-2.9933868404115582,-4.111174235352305,5.432601720000277,-0.5552166554747756,0.0017735960348319601,0.004432511451290803,-0.8316920539975979,0.3526739941827269,-0.017558955539842405,-0.2812347007731834,-0.00029250414286252635,-0.004476856656765449,-0.010831797590071801,48020,346000000,4.93,0,2,2,-3.911629809272517,-2.2006432013195085,5.70086936481655
-3.948822121993608,-0.881571664037269,4.29725035183731,-3.045887431102887,-3.962205569680786,5.317599892570464,-0.557153261453203,0.0011298113759860878,0.005312958998679921,-0.8303919190629155,0.39047523663717454,-0.01635849700808995,-0.2688737514088597,-0.0029588073630293366,-0.005643741405947367,-0.011454148625489324,48020,829000000,5.09,0,2,2,-3.911629809272517,-2.2006432013195085,5.70086936481655
-3.9090933950267024,-0.8473591953666171,4.213949936692152,-3.1080585962688727,-3.781584945125854,5.183603379771698,-0.5594340966025578,-0.000694566834841133,0.006628986156103958,-0.8288480353345443,0.33919865803821125,-0.022720658096315915,-0.282557811575619,0.0009593774677796318,-0.013065188977634534,-0.010145484429813223,48021,196000000,5.03,0,2,2,-3.9481599044283073,-2.0515508042463275,5.475503132840442
-3.8194125734041924,-0.7788664752786676,4.052262675053996,-3.1492120167054294,-3.6356918688274455,5.0311937416411565,-0.5616679044823931,-0.002551428806059979,0.008712771353811452,-0.8273129655098732,0.2323645072508682,-0.03205689994267124,-0.30896316648450084,-0.004381578219181392,-0.006995452167757321,-0.010656818358256714,48021,535000000,5.1,0,2,2,-3.9481599044283073,-2.0515508042463275,5.475503132840442
-3.769603625192266,-0.7443956384154116,3.974201445188184,-3.1636822320794256,-3.555714156153415,4.90505121786696,-0.5633869741460904,-0.0027330434650534178,0.009459245288197058,-0.826134474837183,0.15767723489324262,-0.04098870434326106,-0.3304445547887145,-0.001069484312665736,0.0006789471115098422,-0.00982698265943327,48021,948000000,5.17,0,2,2,-3.980536451562083,-1.8750615272007471,5.184344177137311
-3.6604723982639324,-0.6745392031231582,3.824429495415056,-3.1642399310057137,-3.5050646277209543,4.783708291734214,-0.5647043275516803,-0.0019459737129520482,0.00979408926442148,-0.8252328831585622,0.09721897141794857,-0.048616529727725684,-0.34462929625549876,-0.0071364507675752975,0.0024935134206316434,-0.006929992150617181,48022,331000000,5.41,0,2,2,-3.980536451562083,-1.8750615272007471,5.184344177137311
-3.601345169102129,-0.6389729068050737,3.753020396282527,-3.1547788364103413,-3.4723479266814756,4.65896428591273,-0.5654158550036837,-0.0010341438416188401,0.009923983451526728,-0.8247456310944737,0.047954366060273555,-0.05722816849949401,-0.3533450707551459,0.0010241362588203629,0.004900390285911271,-0.0015530392715845664,48022,713000000,5.81,0,2,2,-3.980536451562083,-1.8750615272007471,5.184344177137311
-3.5393205795637037,-0.6028646205888604,3.6841225481205715,-3.136152496370702,-3.452332685884283,4.530065912735801,-0.5652954431729226,-5.275816334475436e-05,0.009552809566236803,-0.8248331970610155,0.012963394168297948,-0.0678970829327576,-0.3658329930052015,-0.0038582713386858813,0.005574125589191681,0.003159682682962739,48023,77000000,6.19,0,2,2,-3.9934227625883287,-1.6841392018987265,4.848531364725591
-3.474516308950366,-0.5661302442712226,3.61787470202627,-3.107585961510455,-3.4395918825321625,4.382842927952398,-0.5647341390821127,0.001711323923942053,0.009991129709832333,-0.8252106402929701,-0.006673582263798564,-0.07396629659437301,-0.3665478060707955,-0.008994201562018134,0.006597248784601106,0.0018332874788029585,48023,400000000,6.63,0,2,2,-3.9934227625883287,-1.6841392018987265,4.848531364725591
-3.3370770889519026,-0.49046227742735693,3.4938570679927823,-3.0792091704393694,-3.426559271640921,4.246822947326925,-0.5650857677565497,0.0036158234970126413,0.00962739424581973,-0.8249680685817267,0.03345776042604321,-0.07559898430091086,-0.3492138848677197,0.0007580776298254932,0.014260318494052626,-0.010414405278424965,48023,757000000,7.21,0,2,2,-3.9934227625883287,-1.6841392018987265,4.848531364725591
-3.264714245625722,-0.45137677799617903,3.4363370350639464,-3.0599217091434867,-3.3846969619450196,4.113072723358625,-0.5678556986226495,0.005664537475478828,0.008442890323873674,-0.8230653292175236,0.1323706645655275,-0.07553361613544546,-0.322049148241618,-0.002369528738199733,0.007837554403522518,-0.024121681963151786,48024,128000000,7.83,0,2,2,-3.9934227625883287,-1.6841392018987265,4.848531364725591
-3.1901152907940897,-0.41136190002975215,3.381966011250113,-3.0549077227694097,-3.3192250306011077,4.008260487506694,-0.5717370461696287,0.0064615049439565204,0.00863621203775259,-0.8203660249137124,0.21205526923752688,-0.07402728985048874,-0.29775325919995177,-0.005677584340446629,-0.0014782953940084553,-0.0313945158268325,48024,481000000,8.59,0,2,2,-3.9761477658535394,-1.4244963332703118,4.397302571897224
-3.034824991006352,-0.32828344424628625,3.283102412796271,-3.058108325597947,-3.2266716866330096,3.906375880753087,-0.5767952774536502,0.0064955178622520355,0.009973166283790528,-0.8168020274883894,0.2707981682524233,-0.07112262620493001,-0.27153622082511186,-0.007740814453427447,-0.006528453104692744,-0.03795647753577214,48024,922000000,9.11,0,2,2,-3.962565530674401,-1.3734418461516653,4.299973567133568
