x_ref,y_ref,z_ref,x,y,z,eta,e1,e2,e3,u,v,w,p,q,r,sec,nanosec,angle2,angle3,control_mode,std_test,x2,y2,z2,real_x2,real_y2,real_z2,time
0.0,0.0,5.0,1.5349189321909313,-0.9628041388110674,4.934054538820428,-0.23603690517034875,0.00010644903572547553,0.0014945939670952797,-0.9717429363031562,0.11671151036023289,0.0003334026763110058,0.001849998040791604,-0.00024186644793644518,-0.0017139844089797407,-0.012762664846377447,10771,665000000,7.43,0,2,4,-0.26880705188630094,0.2827117206053558,4.970042501660704,-0.26880705188630094,0.2827117206053558,4.970042501660704,0.0006349086761474609
0.0,0.0,5.0,1.51685495837396,-0.9532999731685456,4.934409541888057,-0.23707331785685337,-1.4234226224215589e-05,0.0015608001460154643,-0.9714905072416478,0.1364398212181372,-0.001809637276085168,0.002376528411423553,-0.0005476068679399759,-0.0016542297316846089,-0.0138967281600344,10771,862000000,7.32,0,2,4,-0.2763576323368913,0.28521655662914414,4.969976732371999,-0.2763576323368913,0.28521655662914414,4.969976732371999,0.4001476764678955
0.0,0.0,5.0,1.4910460822754181,-0.9392041460561781,4.93496806990444,-0.2384789980484724,-0.00015672259328102368,0.0016339725169951214,-0.9711462675939392,0.1557845296938292,-0.0038016041429548494,0.002861336879586185,-0.00031899127179713105,-0.0014982909306127112,-0.014893702245899476,10772,28000000,7.2,0,2,4,-0.28192751976817065,0.28651077326703583,4.9699213697685165,-0.28192751976817065,0.28651077326703583,4.9699213697685165,0.837515115737915
0.0,0.0,5.0,1.4654347516426478,-0.9248582575343388,4.935547487629717,-0.23981221017103027,-0.00026979472027323836,0.0017010800499769885,-0.9708177673437781,0.16917497383028285,-0.00509864714976378,0.0031312924247632857,-0.00039303892265252216,-0.0013360138950702094,-0.015498098036914598,10772,241000000,7.05,0,2,4,-0.2864770461018059,0.28666781202694824,4.969865865351099,-0.2864770461018059,0.28666781202694824,4.969865865351099,1.3090295791625977
0.0,0.0,5.0,1.4442893956689604,-0.9128317812441097,4.93603752395367,-0.24088117291467875,-0.00034649373092455636,0.0017471101100127984,-0.9705529805650006,0.1773659333364582,-0.005844873710969789,0.003320959200494115,-0.0003395122973870457,-0.0011679368753902963,-0.015904001156741288,10772,472000000,6.91,0,2,4,-0.2885955725488635,0.2856335532309285,4.9698279314969245,-0.2885955725488635,0.2856335532309285,4.9698279314969245,1.7876176834106445
0.0,0.0,5.0,1.4126527578955417,-0.8946266909360863,4.936779034503647,-0.24244874611835177,-0.00044292136626673285,0.0017809390550073113,-0.97016247999105,0.18638734504323218,-0.006442401824906417,0.0034082070378881014,6.547506572474049e-05,-0.0009363009951357526,-0.016369173499697354,10772,700000000,6.8,0,2,4,-0.28912314313751347,0.2841852242972843,4.969805655537685,-0.28912314313751347,0.2841852242972843,4.969805655537685,2.2852189540863037
0.0,0.0,5.0,1.372463208440048,-0.8715662247866223,4.937754867459701,-0.24442005434532788,-0.0005419493204810644,0.0017901715891596747,-0.9696676433760396,0.16636880727461653,-0.0035983851013239995,0.0033584212829912688,0.0003948087226035568,-0.0005510147900622542,-0.014924144215910928,10772,891000000,6.65,0,2,4,-0.2884712805025008,0.28150546766148643,4.969781066772385,-0.2884712805025008,0.28150546766148643,4.969781066772385,2.811123847961426
0.0,0.0,5.0,1.341098863119372,-0.8542067254293315,4.938597336557201,-0.2460841908556447,-0.0005850651145308677,0.0017504338805325477,-0.9692466996028225,0.12912725433939934,0.0008287005287909641,0.002898378402778484,0.0006564140448972466,0.00019318670609891342,-0.013627011503558606,10773,71000000,6.48,0,2,4,-0.2857103406419946,0.2776773270740658,4.969751381506246,-0.2857103406419946,0.2776773270740658,4.969751381506246,3.342545509338379
-0.007994025752217304,0.06280566511082372,5.0,1.3239303970901148,-0.8453264256209657,4.938936157542594,-0.2472228722840713,-0.0005416896602078394,0.0016824584177390464,-0.9689570306910407,0.09163614088198185,-0.002326474186655108,-0.003872437300409627,0.0005784911252249003,0.000859554484122782,-0.012692865493590944,10773,264000000,6.37,0,2,4,-0.2817202695236875,0.2741767632494074,4.969739804595143,-0.2817202695236875,0.2741767632494074,4.969739804595143,3.821592092514038
-0.01697820740838507,0.1255483960083878,5.0,1.3146569652798796,-0.837114873605022,4.936058295059557,-0.24819505970343292,-0.00044415314238653613,0.0015882328518245017,-0.968708672709811,0.06075461945789886,-0.029467994190456516,-0.030349272992140817,0.0006876004988498607,0.0018304180002814974,-0.012497632360464195,10773,447000000,6.32,0,2,4,-0.27808746272647134,0.27200401497943477,4.9696068808781995,-0.27808746272647134,0.27200401497943477,4.9696068808781995,4.230439901351929
-0.026955524430023026,0.18821223430714068,5.0,1.3116262853425165,-0.8264561242782344,4.928054029458246,-0.24931080346757956,-0.00026667761002956386,0.001540400767472372,-0.9684222629219537,0.0281253234682164,-0.05569683819449619,-0.056954580711034306,-0.0005313964550168748,0.0021364309077398502,-0.01308821529164561,10773,621000000,6.29,0,2,4,-0.2747634058578,0.27493488726176507,4.966476647186269,-0.2747634058578,0.27493488726176507,4.966476647186269,4.663298845291138
-0.03792871608951609,0.2507810623072051,5.0,1.3163537679489337,-0.8131589048953741,4.913898246677381,-0.2505714313415339,-2.890036615558198e-05,0.0016110537997596143,-0.9680967727793941,-0.0028047188835133565,-0.08110140512470781,-0.08314512578350058,-0.0020557226434902987,0.0020731030190290767,-0.012705126482615015,10773,762000000,6.26,0,2,4,-0.2749991961406956,0.28790203772763867,4.95841057870646,-0.2749991961406956,0.28790203772763867,4.95841057870646,5.086405277252197
-0.04990027644803874,0.3132386055305398,5.0,1.3268822550295822,-0.8000089790180334,4.896979977373991,-0.2515025627415981,0.0001948625285228422,0.0018305768149993514,-0.9678548816591916,-0.026579769590800394,-0.1010941173995531,-0.10386380620131894,-0.0036000497630084283,0.001677772456787352,-0.009284972111345269,10773,922000000,6.23,0,2,4,-0.28416739065464336,0.3157779563912333,4.944365356991827,-0.28416739065464336,0.3157779563912333,4.944365356991827,5.519884824752808
-0.06287244931678915,0.37556843537659224,5.0,1.3466126924492052,-0.7825864387562942,4.871638768358917,-0.2520733083632621,0.00048259932652680495,0.0023401594833312887,-0.9677051916582251,-0.050871408299094686,-0.12203832515553774,-0.1258174082286918,-0.006100134169173543,0.0012182057616882958,-0.00206602491061858,10774,115000000,6.22,0,2,4,-0.3007568404499024,0.3522106054159035,4.927670414231007,-0.3007568404499024,0.3522106054159035,4.927670414231007,6.015224933624268
-0.07684722320348403,0.4377539718994975,5.0,1.364889115025228,-0.7689865606752053,4.850451367788949,-0.25196964662937826,0.0007023287498148212,0.00283660809501543,-0.9677307257529383,-0.0645100517167502,-0.1351966460757462,-0.13930172953074396,-0.0070161684107006295,0.0011201681445527356,0.0036660460636994685,10774,315000000,6.26,0,2,4,-0.32800860045518543,0.4075204880430673,4.902930138966864,-0.32800860045518543,0.4075204880430673,4.902930138966864,6.4473559856414795
-0.09182632624610987,0.49977848670888325,5.0,1.3861473921912935,-0.7511550320215639,4.8244691113946825,-0.25201151136652605,0.001067755854725698,0.0034591739300054054,-0.9677174650443774,-0.041351572180891805,-0.15017375804926625,-0.15004325565391638,-0.008051865916058887,0.002919129246947705,-0.0050663883484958205,10774,458000000,6.34,0,2,4,-0.3495070830674175,0.45228901909163327,4.882463439352209,-0.3495070830674175,0.45228901909163327,4.882463439352209,6.857661247253418
-0.10781122113602892,0.5616251059963305,5.0,1.4017436749953842,-0.7269709366319366,4.796990830541043,-0.25332122079014424,0.0015556716376359902,0.004203277796414816,-0.9673718372161311,0.019923136765900913,-0.1653075549388094,-0.15713503049871375,-0.009664065510150976,0.0027055276859755395,-0.023049455558066256,10774,648000000,6.4,0,2,4,-0.37125377053980235,0.5036505775140261,4.857454441288783,-0.37125377053980235,0.5036505775140261,4.857454441288783,7.253827333450317
-0.12480310003259198,0.6232768136895412,5.0,1.4086008961677925,-0.6990070462507145,4.771691366477288,-0.2555943841891554,0.0019044607264821118,0.004892906957056494,-0.9667698502031479,0.0736418090209886,-0.1769796890660357,-0.16189131870555992,-0.009349657739221584,0.0009739098516092781,-0.03424183669267222,10774,903000000,6.31,0,2,4,-0.38948269169009336,0.5548540545245797,4.830788983113319,-0.38948269169009336,0.5548540545245797,4.830788983113319,7.669813871383667
-0.14280287947149173,0.6847164547362532,5.0,1.409417632920984,-0.6655495856891323,4.745788385974772,-0.25860698698565904,0.002092178137001642,0.005621765214147109,-0.9659639976876566,0.1217905264087473,-0.18638664193073515,-0.16529798233681153,-0.009359826708532637,-0.0014386542488864507,-0.04297866762499325,10775,140000000,6.1,0,2,4,-0.40267220838705803,0.599804873070869,4.806068458083422,-0.40267220838705803,0.599804873070869,4.806068458083422,8.119754314422607
-0.16181119526917875,0.7459267385199392,5.0,1.4057577911256507,-0.6323306876608509,4.722823192257104,-0.2617704177863299,0.002099794150352012,0.0062852958316357704,-0.9651074211158078,0.15870018227521715,-0.19271195241923214,-0.16695190527747159,-0.00899238921192591,-0.003702394656102115,-0.05014672460674774,10775,327000000,5.8,0,2,4,-0.4133979280078599,0.644275934753937,4.780635532567042,-0.4133979280078599,0.644275934753937,4.780635532567042,8.537503957748413
-0.18182839742572066,0.8068902424093126,5.0,1.3959617860732991,-0.5850408373966498,4.693162018171388,-0.266533423399597,0.0018977087563752434,0.007144051682797114,-0.9637973311012644,0.19923626722328389,-0.19850694623152784,-0.16769917212777927,-0.008214306399167981,-0.006202595477589057,-0.05922151431150269,10775,473000000,5.56,0,2,4,-0.42201236659207697,0.6883451888867271,4.754703008741206,-0.42201236659207697,0.6883451888867271,4.754703008741206,8.91449785232544
-0.20285454502857725,0.867589415443657,5.0,1.3795518579985389,-0.5275113814824844,4.660374802430648,-0.27272333471948845,0.0014493853816212,0.008054831955931173,-0.962057691442493,0.23644674263248824,-0.2021488389594137,-0.1667319532766773,-0.006865705790914944,-0.00805139006843092,-0.06822034338256344,10775,670000000,4.98,0,2,4,-0.4288501135176539,0.7321032668595143,4.728496424272282,-0.4288501135176539,0.7321032668595143,4.728496424272282,9.352296829223633
-0.22488940115985745,0.9280065821559788,5.0,1.3629988748412523,-0.47838113023833445,4.6344869688266215,-0.2782685508616737,0.0009782771667914284,0.008707121003514295,-0.9604633478790116,0.2615147662431147,-0.20337123070735932,-0.16502359022600954,-0.005600144095296855,-0.008807351150608156,-0.07478039769921452,10775,865000000,4.33,0,2,4,-0.43533922007721354,0.7864714181431767,4.695603204624735,-0.43533922007721354,0.7864714181431767,4.695603204624735,9.78505563735962
-0.24793242780967706,0.9881239465359675,5.0,1.34139962611574,-0.4203872089703429,4.605864442494154,-0.28501430515945675,0.00038988447003453913,0.009391710999642297,-0.9584771721898604,0.2853864982998387,-0.20301911662076275,-0.16235337791588905,-0.004845062403546763,-0.009308459721069084,-0.0808128468634095,10776,49000000,3.73,0,2,4,-0.43913377265520487,0.8296820880718724,4.6693222209039185,-0.43913377265520487,0.8296820880718724,4.6693222209039185,10.264087677001953
-0.2719827807983455,1.0479235961347382,5.0,1.3058386766815326,-0.3327128889533533,4.565817666856731,-0.2954995527806399,-0.0005273197247278611,0.010262323995095487,-0.9552876116367097,0.3120327950300429,-0.1995881284746718,-0.1569367371382258,-0.003210011664123158,-0.009510778454568936,-0.08621682500233874,10776,263000000,3.0,0,2,4,-0.4422178172794583,0.8780665268883656,4.639958730647055,-0.4422178172794583,0.8780665268883656,4.639958730647055,10.84312129020691
-0.2970393047101876,1.1073875063133007,5.0,1.2580044068259706,-0.22078878181679848,4.518770928382808,-0.3085355425388239,-0.0016782760280475819,0.01103147502419459,-0.951147364470216,0.32615061939118467,-0.19440811987010181,-0.15111687917455424,-0.0010509707408346003,-0.008994772542791907,-0.08043197231017984,10776,433000000,1.86,0,2,4,-0.4450415830451351,0.9477010930313307,4.598277590575381,-0.4450415830451351,0.9477010930313307,4.598277590575381,11.51800012588501
-0.3231005278418917,1.1664975446366894,5.0,1.2201167129293211,-0.12940443205457652,4.481888182290815,-0.31787310479188363,-0.002565554742139045,0.011501835330390165,-0.9480600270884041,0.3173113151946327,-0.19167834134446382,-0.14814277908332335,-0.0014497639085675473,-0.008149919995048549,-0.06587679308722727,10776,613000000,0.46,0,2,4,-0.4468273700198567,1.0331790983282803,4.548738941146077,-0.4468273700198567,1.0331790983282803,4.548738941146077,12.237851619720459
-0.35016465716835876,1.2252354754156587,5.0,1.1862451691105331,-0.03474018772541431,4.442859447791589,-0.3249751626334653,-0.003391418231706505,0.0120545180062625,-0.9456396409570438,0.2778286508634459,-0.1919708799110002,-0.14663112949990678,-0.001959492010428221,-0.006698978540953249,-0.03965798387071118,10776,795000000,0.62,0,2,4,-0.44735299627861524,1.1023508295428879,4.510210557841971,-0.44735299627861524,1.1023508295428879,4.510210557841971,12.898754358291626
-0.37822957332913054,1.2835829643978252,5.0,1.164119485044435,0.057698342017245594,4.401444889311218,-0.32884065101796284,-0.003979022165598162,0.012556025281267726,-0.9442935665617043,0.21573895331695078,-0.19554234667340947,-0.14467193265185258,-0.0011167199659212201,-0.0033097190907938057,-0.01738513874443015,10776,952000000,1.37,0,2,4,-0.44752258078211005,1.1766922270556817,4.47081081178572,-0.44752258078211005,1.1766922270556817,4.47081081178572,13.525963544845581
-0.40729282563855174,1.3415215836101098,5.0,1.1577515744424214,0.12936523988849855,4.366102496767567,-0.33026730995878056,-0.004099007187243011,0.012757511449653113,-0.9437923225022979,0.1636429210664912,-0.19926693722901162,-0.14143052260517522,-0.0009967087862605695,0.00021730069050818202,-0.006306981322268257,10777,114000000,1.76,0,2,4,-0.4478520103129455,1.2563341978897955,4.431441835486184,-0.4478520103129455,1.2563341978897955,4.431441835486184,14.189819097518921
-0.43735162712291586,1.399032816354308,5.0,1.1615368226468925,0.1889180035268476,4.334281064446074,-0.3304888956552985,-0.0038624607724857003,0.01279557644093735,-0.9437152348398674,0.11985708784490226,-0.20220377390294736,-0.1368440637484525,-0.0012072993058609427,0.0030139111004245933,0.0022231459979593637,10777,261000000,1.89,0,2,4,-0.44857127691576426,1.3255523687914488,4.3997251357491605,-0.44857127691576426,1.3255523687914488,4.3997251357491605,14.791612148284912
-0.46840284958794687,1.456098062357568,5.0,1.1773553286872567,0.2555440113892189,4.296197748183677,-0.32940053204281994,-0.003219604689644398,0.012700029010784247,-0.9440993766011472,0.07366867024946114,-0.20497134152087879,-0.1288455359410944,-0.00040308410120815097,0.005443389272841159,0.012790739765478065,10777,422000000,1.91,0,2,4,-0.4497181612807077,1.3895143416194,4.372525391257447,-0.4497181612807077,1.3895143416194,4.372525391257447,15.403778553009033
-0.5004430187200422,1.5126986430795495,5.0,1.1954214516420936,0.299747759257161,4.269756963616762,-0.32773927501219396,-0.0026159373969265503,0.012495031149615175,-0.9446819563655204,0.04567230157923573,-0.20645938720565668,-0.12246398713812465,-4.8875929792302486e-05,0.006350733610815951,0.01885045949165942,10777,635000000,1.83,0,2,4,-0.4518469685805165,1.4692862076774182,4.34145730499527,-0.4518469685805165,1.4692862076774182,4.34145730499527,16.006091117858887
-0.5334683092248316,1.568815807177966,5.0,1.213556507062992,0.33343784161214457,4.249160203131658,-0.32588883775310556,-0.0020855172047409345,0.012283600318496804,-0.9453259909730263,0.025812348308298795,-0.2071946210367847,-0.11682573552199108,0.00036553857114540733,0.006677262945231632,0.023714596500212792,10777,794000000,1.73,0,2,4,-0.4540120380964972,1.5277250884898392,4.320720897596457,-0.4540120380964972,1.5277250884898392,4.320720897596457,16.530224561691284
-0.5674745400066574,1.6244307361341979,5.0,1.2334113442297814,0.37073652359011583,4.2277149479829115,-0.32445767348069926,-0.001506774871635164,0.012013398153747414,-0.9458227244118094,0.04625239232188018,-0.20421801615604657,-0.10783104119196973,0.0010516813176764117,0.006199789731908822,0.007143797438402544,10777,954000000,1.63,0,2,4,-0.4562268234080262,1.5755178392795384,4.305064752655141,-0.4562268234080262,1.5755178392795384,4.305064752655141,16.963109254837036
-0.6024571693927263,1.6795245500406104,5.0,1.2462074263978382,0.41229975576138334,4.2083339368591695,-0.3256466960926518,-0.0009640177467472076,0.011646184839458104,-0.9454193071713783,0.10252582671423353,-0.19832872004498542,-0.09695174788561414,0.002221106660726946,0.005722678906749934,-0.026023921054729726,10778,225000000,1.63,0,2,4,-0.4592403962958786,1.6286466797404437,4.2890624484338415,-0.4592403962958786,1.6286466797404437,4.2890624484338415,17.4024395942688
-0.6384112904057448,1.7340783135511595,5.0,1.2493317412484428,0.45000390888498404,4.1944315257587945,-0.32840924177465125,-0.0006034570626621332,0.011328404456248716,-0.944467401771521,0.15223428295498714,-0.19284668768962754,-0.08818155737209091,0.0027738980861613527,0.004545310730463825,-0.04389526984596159,10778,542000000,1.87,0,2,4,-0.46291804268793924,1.681839796882582,4.274534877096528,-0.46291804268793924,1.681839796882582,4.274534877096528,17.840956211090088
-0.6753316260889739,1.7880730419968338,5.0,1.2427352068925304,0.5137319692613487,4.176169540578097,-0.33418233152406934,-0.00031990565136236996,0.010864937429267009,-0.9424457650667062,0.2163708789493079,-0.1841576452378398,-0.07542856608843343,0.003280426790297497,0.0013808730386699608,-0.055592277567484416,10778,812000000,2.21,0,2,4,-0.46636121198209346,1.724481675257789,4.2639229952439175,-0.46636121198209346,1.724481675257789,4.2639229952439175,18.429123640060425
-0.7132125248877181,1.8414897076674175,5.0,1.2231826874170901,0.590585788529885,4.159760260630462,-0.3412669175101481,-0.0004264199851236484,0.0104241908045853,-0.939908530350261,0.2684258397873983,-0.174347186088504,-0.06262061877450364,0.004352364703663625,-0.0015279773833754007,-0.05835603915329557,10779,77000000,2.85,0,2,4,-0.47238460104784613,1.788650126565927,4.249598462474977,-0.47238460104784613,1.788650126565927,4.249598462474977,18.992939949035645
-0.7520479560913946,1.8943092462609985,5.0,1.1929347206215821,0.6790235400960625,4.145491651147004,-0.34868415738020864,-0.0008718528779954231,0.00995542893348721,-0.9371870078588174,0.2958057119806348,-0.16585262016798413,-0.051251363350688126,0.0045481744109565625,-0.002996297712343221,-0.05032280023442581,10779,383000000,3.62,0,2,4,-0.48008631648265343,1.8583763451998179,4.236183062567871,-0.48008631648265343,1.8583763451998179,4.236183062567871,19.650063276290894
-0.7918315053403964,1.9465125635026175,5.0,1.1653531302086804,0.7554793582376396,4.135514520440559,-0.3535801571945165,-0.0013463710719374853,0.009587544476708964,-0.9353541247645967,0.29086147838520227,-0.16211065818262146,-0.043621322283239,0.004653796759157558,-0.0028072340683138464,-0.03579588628781494,10779,644000000,4.42,0,2,4,-0.48951084845630893,1.933404461260384,4.224022869031677,-0.48951084845630893,1.933404461260384,4.224022869031677,20.2785906791687
-0.8325563702020884,1.99808054193334,5.0,1.1348881056592504,0.8522412798595085,4.12453810886119,-0.3572405255670585,-0.001857330088894247,0.009075446469234229,-0.9339664841357513,0.2502704205081478,-0.1625544403604472,-0.03593890060401627,0.0038267748550424585,-0.0011000873314515047,-0.01505915342931985,10779,901000000,4.96,0,2,4,-0.49850854811817036,1.9975650612311218,4.215368729544603,-0.49850854811817036,1.9975650612311218,4.215368729544603,20.96238422393799
-0.8742153558203847,2.048994047871031,5.0,1.1170021197455087,0.9345617648855241,4.116169437479778,-0.3585603169339638,-0.00206144195188023,0.008594699190648798,-0.9334647185208,0.20570403995272132,-0.16502988030634363,-0.029652910308431903,0.0033533672421981464,0.0006797174023631669,-0.00473283948849712,10780,172000000,5.36,0,2,4,-0.5119594860699757,2.082960409803731,4.206162125910575,-0.5119594860699757,2.082960409803731,4.206162125910575,21.59740376472473
-0.916800870643431,2.099233938543985,5.0,1.110594412163482,0.9896611416328436,4.111067597939994,-0.35877458218008795,-0.002060117169320436,0.008227263323312226,-0.9333857012173267,0.17444670158622733,-0.16704430890388394,-0.025391015259616966,0.0028163597107777605,0.0016907160784285225,0.00036564775740544064,10780,406000000,5.53,0,2,4,-0.5262187272402982,2.16296840491412,4.199737831952472,-0.5262187272402982,2.16296840491412,4.199737831952472,22.193263053894043
-0.9603049222340583,2.148781069398533,5.0,1.1092348421512708,1.031597427640089,4.107541391866063,-0.35851585230763355,-0.001961739494808666,0.007932788295490406,-0.93348787142209,0.15034102037041963,-0.1682380351281839,-0.02173129289429535,0.002543940968280367,0.0025372861955474946,0.004969787869413267,10780,589000000,5.57,0,2,4,-0.5377181398547689,2.2216485642461348,4.196243355386176,-0.5377181398547689,2.2216485642461348,4.196243355386176,22.71045446395874
-1.00471911316775,2.1976163015816503,5.0,1.1114412356008607,1.079528244101836,4.104094439190445,-0.35775396319820696,-0.0017730720412876943,0.007523865497404525,-0.9337838879952305,0.1290217217176956,-0.16838182593362525,-0.01671676962998751,0.0032594470440017176,0.0031349512937595136,0.008584902298025554,10780,779000000,5.57,0,2,4,-0.5477693963880972,2.2696281696926723,4.19407042656777,-0.5477693963880972,2.2696281696926723,4.19407042656777,23.21300959587097
-1.0500346370229905,2.245720509599518,5.0,1.1156225361506107,1.1253370312512585,4.101716364822953,-0.3569207698729927,-0.0016093175507765822,0.0070655571941138666,-0.9341065528256546,0.12245772645457517,-0.1666904133339007,-0.011423802122885435,0.003329308037791634,0.0026349490781285567,0.00703962523402879,10780,976000000,5.52,0,2,4,-0.5608950178378208,2.328186463990257,4.192184258277607,-0.5608950178378208,2.328186463990257,4.192184258277607,23.732064962387085
-1.096242274468954,2.293074589152906,5.0,1.118685290634647,1.1668666318294656,4.100560072460949,-0.35657445301187657,-0.0015379878552125793,0.00668173751376557,-0.9342417505316465,0.13107389762700836,-0.16336787368290934,-0.00634826814988447,0.0032375592809330556,0.0016635756423966086,0.001337511957899551,10781,157000000,5.46,0,2,4,-0.5748782315168495,2.3865828427969995,4.1910534341419545,-0.5748782315168495,2.3865828427969995,4.1910534341419545,24.23985242843628
-1.143332389455625,2.3396594651501514,5.0,1.1183334367473543,1.2058635268552207,4.100398805534145,-0.35705174562211583,-0.0015493610161525727,0.006379727282230166,-0.934061534112419,0.15846013269308087,-0.15742142386856886,-0.001558753097031114,0.0031534979370917426,0.0006658473694187705,-0.010372220458521042,10781,396000000,5.44,0,2,4,-0.5882885546066062,2.439491447407793,4.190616221410691,-0.5882885546066062,2.439491447407793,4.190616221410691,24.69562268257141
-1.1912949255115115,2.385456099898427,5.0,1.1108859660289399,1.2576260347211694,4.101366575379546,-0.35892662575471507,-0.0016135575980554331,0.006066256333309664,-0.9333446706819035,0.2048016208018406,-0.14767430419071476,0.004094624477866002,0.0027650844685922493,0.00021210063323451323,-0.024195517289626878,10781,658000000,5.43,0,2,4,-0.6023754842944403,2.492260964758596,4.1906602948351885,-0.6023754842944403,2.492260964758596,4.1906602948351885,25.172147750854492
-1.2401194021542623,2.4304455014738875,5.0,1.098049509282063,1.3040146684364449,4.103042971240504,-0.36129489289127803,-0.0016739013615933774,0.005848052210241615,-0.9324317662490149,0.24406638042658066,-0.13902518406769687,0.008066134142788256,0.0025231344352505403,9.213825222786909e-05,-0.030958676870795898,10781,926000000,5.73,0,2,4,-0.6171821515712181,2.5448984252573887,4.191119029975056,-0.6171821515712181,2.5448984252573887,4.191119029975056,25.709839344024658
-1.2897949114195773,2.4746087322711814,5.0,1.0773449560278892,1.359421981721627,4.105673401950264,-0.36426206185390697,-0.0017536045906001328,0.005634191651206407,-0.9312777947794726,0.28004334227673,-0.13003454680366894,0.011513123171263125,0.0023840812218622887,-0.0002554384877839766,-0.03206219626008533,10782,171000000,5.99,0,2,4,-0.631179821558302,2.5921599325379816,4.191839667164848,-0.631179821558302,2.5921599325379816,4.191839667164848,26.244895458221436
-1.3403101145139145,2.5179269177327237,5.0,1.0493293973714697,1.4233114025468896,4.109212567008682,-0.36712717464550093,-0.001907486336924701,0.005401567397901352,-0.9301531176114672,0.2986370140111661,-0.12301840513670972,0.013816424935828747,0.002641755941112933,-0.0008461205140974926,-0.024220878913183697,10782,499000000,6.32,0,2,4,-0.6475089363726988,2.644566582123397,4.192920930718089,-0.6475089363726988,2.644566582123397,4.192920930718089,26.782275199890137
-1.3916532385966196,2.560381255257994,5.0,1.0166638364085796,1.4936973249320133,4.1135061407116105,-0.3692621298790105,-0.002104538638103967,0.005171950909947437,-0.929308507051411,0.2995171698782443,-0.11891257511755574,0.015172939256725892,0.002459930328768678,-0.0009170686666948313,-0.014898593963152962,10782,782000000,6.56,0,2,4,-0.6681138938357131,2.707210290630747,4.194492050757486,-0.6681138938357131,2.707210290630747,4.194492050757486,27.34044623374939
-1.4438120736971953,2.601953023293036,5.0,0.9824961731110543,1.568244084018673,4.118357113490477,-0.3704763849907914,-0.0023184118464725342,0.004948803670436333,-0.9288258084662034,0.2853951433792511,-0.1174398285476165,0.01560551653000378,0.0021123615852047806,-0.0008574679611683678,-0.006405979365808889,10783,2000000,6.87,0,2,4,-0.687933777580583,2.764327886608857,4.196085638139807,-0.687933777580583,2.764327886608857,4.196085638139807,27.951445817947388
-1.496773969773539,2.6426235906001962,5.0,0.9606273130172432,1.6180742837765911,4.12172750143858,-0.37084210231217996,-0.002445028878699093,0.004814203542270649,-0.9286802358350901,0.27330735193968103,-0.11707490253734074,0.015645767169767417,0.001766278558079648,-0.0007000487585173687,-0.003008144699379045,10783,187000000,7.0,0,2,4,-0.7126070679586309,2.83154207812934,4.198074440465635,-0.7126070679586309,2.83154207812934,4.198074440465635,28.495354413986206
-1.550525833917094,2.682374425708024,5.0,0.9366325838720596,1.6764862038569581,4.125813723577927,-0.37084810280869596,-0.0025389619297052825,0.004646566837960199,-0.9286784415136008,0.2518183818212551,-0.11780817443281581,0.01560355209436739,0.0017912649127538316,0.0001617978213630522,0.0022452669554695603,10783,405000000,7.04,0,2,4,-0.7305162328109661,2.877913641458232,4.199493392681187,-0.7305162328109661,2.877913641458232,4.199493392681187,29.018826723098755
-1.6050541277109547,2.7211871065411257,5.0,0.9142178620460498,1.7367584926040118,4.130210816227918,-0.37038418844485466,-0.0025589580991686018,0.004428146922266491,-0.928864573658791,0.23134010842501165,-0.11800110334245377,0.015600209061633364,0.0018195599409409624,0.0007330856021781074,0.0053738674068881664,10783,624000000,7.05,0,2,4,-0.7533472885820102,2.9343819732400087,4.2012222493011215,-0.7533472885820102,2.9343819732400087,4.2012222493011215,29.570881843566895
-1.6603448647470773,2.7590433302296336,5.0,0.8979295616859561,1.7846304904205665,4.133833656609508,-0.36983054477589994,-0.0025507026678493376,0.004238220062560963,-0.9290860560558222,0.21749450505408258,-0.11775648363767752,0.015617078028669967,0.0015630521033926925,0.0008296303349197842,0.006421548005164368,10783,832000000,7.02,0,2,4,-0.7792422999539892,2.9955676677484977,4.203066526262584,-0.7792422999539892,2.9955676677484977,4.203066526262584,30.12350606918335
-1.7163836083088557,2.795924923097814,5.0,0.8847270823101568,1.8261629947325513,4.137067578082833,-0.36925365352206946,-0.0025224556116640448,0.004086370935108995,-0.9293162422721726,0.20716353496914452,-0.11718097816408139,0.015638599418834075,0.0013088872833577625,0.0009681866004029871,0.007256952994794119,10784,22000000,6.98,0,2,4,-0.8016168596004216,3.046201995877718,4.204561341408389,-0.8016168596004216,3.046201995877718,4.204561341408389,30.60524892807007
-1.7731554692254243,2.8318138508311876,5.0,0.8707179418206389,1.8712209603397918,4.140641044914311,-0.36862257623866573,-0.0025149737122141433,0.003922560270143522,-0.9295674718466234,0.20534996443200465,-0.11477570444351262,0.01566198504347174,0.0014854765026939276,0.00044633476932176563,0.006280917159529054,10784,225000000,6.94,0,2,4,-0.8224200321766981,3.0915132034311106,4.205858375187863,-0.8224200321766981,3.0915132034311106,4.205858375187863,31.10749387741089
-1.8306451039041485,2.866692228821392,5.0,0.8526157957092484,1.9252232774705764,4.144921754873134,-0.36805346996798405,-0.0025662486179578864,0.0037357918538963317,-0.9297935800336445,0.21350632234601963,-0.11011621245629247,0.015660272168349296,0.0015635936279068119,2.6224183358181108e-05,0.004089702497367398,10784,412000000,6.9,0,2,4,-0.8463366004384654,3.141560618311881,4.207243293537299,-0.8463366004384654,3.141560618311881,4.207243293537299,31.643882989883423
-1.888836712547877,2.900542332687862,5.0,0.8353569053877673,1.970932681440857,4.148479543253912,-0.36776298822901793,-0.0026253257392104593,0.0036031797612029863,-0.9299088714757133,0.22460609866147277,-0.10565863223507248,0.015563089284400856,0.0013283128623697849,-9.89356159664112e-05,0.00248413546160009,10784,605000000,6.88,0,2,4,-0.8762437493999016,3.2012142668056653,4.208817896605122,-0.8762437493999016,3.2012142668056653,4.208817896605122,32.18291449546814
-1.9477140375636162,2.9333466089752442,5.0,0.8175258433478374,2.013049266115554,4.151665888562749,-0.3676145823917726,-0.0026890014118312673,0.003498467395303974,-0.9299677676189716,0.23903977311268326,-0.10084903958582596,0.015386859952451967,0.0012294707403270877,-0.00028924553419074073,0.0012936092957716028,10784,842000000,6.89,0,2,4,-0.9020971089727307,3.2505727306784924,4.210053375195631,-0.9020971089727307,3.2505727306784924,4.210053375195631,32.70213317871094
-2.0072603621694096,2.9650876860252895,5.0,0.7921059362880105,2.0662117219988634,4.1554903734446835,-0.3674890943048508,-0.002784250225735229,0.0033725319065841257,-0.9300175479775743,0.2592784299754141,-0.0943463442886895,0.014706895488363727,0.0013713682733396126,-0.00046073136843460816,0.0013377350796872634,10785,77000000,6.91,0,2,4,-0.9259996117244466,3.2946755835045325,4.211094228819103,-0.9259996117244466,3.2946755835045325,4.211094228819103,33.21037530899048
-2.0674585092062747,2.995748385021807,5.0,0.7625385821336595,2.121308553693563,4.159154219007058,-0.36729879951178124,-0.002895086588739878,0.003262621553793538,-0.9300927726046712,0.2775899042168072,-0.0882258345927263,0.013749820481956766,0.0015112736832634255,-0.000619067708385046,0.002449993780828663,10785,328000000,6.95,0,2,4,-0.9560663430487361,3.3481464680632143,4.212290663993749,-0.9560663430487361,3.3481464680632143,4.212290663993749,33.751474380493164
-2.1282908401621645,3.0253117312070743,5.0,0.7328309689676394,2.172553161435743,4.1623234153206905,-0.3669899750981233,-0.003008735674165668,0.003150081937196721,-0.93021469708391,0.28859578479255676,-0.08365286288243787,0.012886981954329321,0.001365970183542231,-0.0006504526481876383,0.004012981253254111,10785,514000000,6.98,0,2,4,-0.9871621115280502,3.401115340765201,4.213410519818356,-0.9871621115280502,3.401115340765201,4.213410519818356,34.284428119659424
-2.1897392544150174,3.053760965267927,5.0,0.6818539070677473,2.255358533571746,4.167009061603675,-0.36605877981957174,-0.003203879973079394,0.0029951183661313364,-0.9305813957607885,0.29469857220301987,-0.07821178353199446,0.011247395119664627,0.0013301510307428543,-0.0007925641114070459,0.008588062428316334,10785,740000000,7.0,0,2,4,-1.0163933283030047,3.448858291710017,4.214342571248717,-1.0163933283030047,3.448858291710017,4.214342571248717,35.04940843582153
-2.314409616822441,3.107251206474837,5.0,0.6394116316693242,2.3219684953716317,4.170474573477293,-0.36484971858958576,-0.003355706295617324,0.0028807323935336566,-0.931055918546912,0.2920271939400239,-0.0755635904331605,0.010160497364232107,0.0013129441299497557,-0.0006544097800542659,0.011475773317215499,10785,964000000,6.99,0,2,4,-1.0648063622350943,3.524323979372328,4.215688805511123,-1.0648063622350943,3.524323979372328,4.215688805511123,35.64431142807007
-2.377593049581021,3.132259877026839,5.0,0.6039478382384413,2.377111960715484,4.173199116564154,-0.3635465924677175,-0.003464474815296898,0.0027775196800180505,-0.9315654340430373,0.28552092756489916,-0.07413572370115011,0.009379714589463094,0.0011561941505533468,-0.000515801019673745,0.013742274404648924,10786,166000000,6.95,0,2,4,-1.1055878977791165,3.584719757826116,4.216631196310696,-1.1055878977791165,3.584719757826116,4.216631196310696,36.270312786102295
-2.4413155349798927,3.1560897861919237,5.0,0.5690978768137954,2.4309353778428915,4.175742535834845,-0.3620067006047013,-0.0035659389005793024,0.002678936435920691,-0.9321648223874507,0.27887376114954937,-0.07232607564287635,0.008625499675920497,0.0013420964137367264,-0.00043565404439505073,0.016016087101888843,10786,352000000,6.88,0,2,4,-1.14114561335975,3.6351858230976513,4.217316858163102,-1.14114561335975,3.6351858230976513,4.217316858163102,36.833582162857056
-2.505556658665967,3.1787254284606545,5.0,0.5321170899353377,2.487776088295386,4.178344328148415,-0.36009320838848435,-0.0036527855946221974,0.002531490586802813,-0.9329057454991346,0.26879840502332264,-0.0704187556083242,0.008084246184106317,0.0013249783364699397,-7.347487738229574e-05,0.017803085211198777,10786,550000000,6.8,0,2,4,-1.1777047470190047,3.6850354992435275,4.217909011545575,-1.1777047470190047,3.6850354992435275,4.217909011545575,37.3786506652832
-2.5702955446416795,3.2001515855234994,5.0,0.5021400971802382,2.533606520338414,4.180415453725916,-0.35839533555054526,-0.003701829399902843,0.0024117051287820346,-0.9335594590560784,0.2616613570578623,-0.06874038407368661,0.007793396192080436,0.0011562024496925005,2.6178545908805972e-05,0.018492490744392853,10786,793000000,6.69,0,2,4,-1.2185978113124187,3.73862635072621,4.218442245174499,-1.2185978113124187,3.73862635072621,4.218442245174499,37.95843529701233
-2.701180797417952,3.2393160819846116,5.0,0.4726379382103899,2.5782494167517553,4.1824070283388535,-0.3566334514638492,-0.0037408208266924044,0.002294960844367618,-0.9342340823965092,0.25668619413490884,-0.06674329107144578,0.007441435502424246,0.0010793481237669766,8.307188892331396e-05,0.019134992362523917,10786,991000000,6.59,0,2,4,-1.2534229947948836,3.782621837661001,4.218792392375151,-1.2534229947948836,3.782621837661001,4.218792392375151,38.50235104560852
-2.767283114236859,3.2570255340654644,5.0,0.43998544266257994,2.626468139628231,4.184499640635098,-0.35464113558592886,-0.0037860670029469684,0.002171904866176445,-0.9349923066401262,0.2568017015127515,-0.06354150070882171,0.00699437818008421,0.0012218951951581403,1.4131829484398395e-05,0.01960111239895923,10787,163000000,6.49,0,2,4,-1.2890002394604574,3.82601280975528,4.219072703377593,-1.2890002394604574,3.82601280975528,4.219072703377593,39.0092248916626
-2.8337950967697747,3.273467752045494,5.0,0.40328471239975794,2.678440623040951,4.186675979736267,-0.35240239220626696,-0.003836723241315984,0.0020218882796716317,-0.935838525328945,0.2600778114267311,-0.059150657964810636,0.006537531385517955,0.0013744344187216484,-9.838914527549036e-06,0.020254826631571632,10787,385000000,6.39,0,2,4,-1.3290878295285034,3.873023086949585,4.219317147504766,-1.3290878295285034,3.873023086949585,4.219317147504766,39.54827356338501
-2.900693581211407,3.288629144128325,5.0,0.3677764383182365,2.726062324600025,4.188561473072461,-0.3502837077726978,-0.003906782197889924,0.0018874244489130733,-0.9366335989867217,0.2674954017154883,-0.054803006164770594,0.005968571186269343,0.0012708384133475192,-0.00022449008412195326,0.020889459483441897,10787,606000000,6.27,0,2,4,-1.3740302823677473,3.923449307124291,4.219524324834377,-1.3740302823677473,3.923449307124291,4.219524324834377,40.121400356292725
-2.9679549523380278,3.3024964829044703,5.0,0.32674695236025636,2.778180802173458,4.190484051406431,-0.3478755033140715,-0.003985838997550797,0.0017539526972226997,-0.9375306239965726,0.27495821734803205,-0.05023202668495151,0.005301883083613108,0.0011790733651650953,-0.0002432513610983733,0.022105957577878144,10787,807000000,6.16,0,2,4,-1.4162389118575887,3.9688519215605886,4.219655061333171,-1.4162389118575887,3.9688519215605886,4.219655061333171,40.818989515304565
-3.035555146278904,3.3150569186864494,5.0,0.28346882632155734,2.830398543890637,4.192257755614792,-0.34529025748055475,-0.0040670313396468935,0.0016310346694049856,-0.9384857148998069,0.28143887160392655,-0.04613279403042679,0.004585494487892942,0.0012411681041157863,-0.00029054246795112704,0.02377102355239913,10788,132000000,6.02,0,2,4,-1.4632180137780497,4.01744545238676,4.219739000659067,-1.4632180137780497,4.01744545238676,4.219739000659067,41.35850954055786
-3.1034696536139035,3.3262979929658782,5.0,0.24595580208989626,2.8738283086515195,4.193601494886901,-0.34299044088615466,-0.00413827187396899,0.001523178923724167,-0.939328543211897,0.28524613525545284,-0.04312668324112005,0.003911726285443047,0.0011031282156181987,-0.0003055841602872533,0.025076098427234683,10788,388000000,5.88,0,2,4,-1.511253831683558,4.065003534318392,4.219761137083063,-1.511253831683558,4.065003534318392,4.219761137083063,41.91979360580444
-3.171673522805388,3.3362076519872628,5.0,0.20735924844108927,2.9170310418180594,4.195480507284329,-0.34052895644012543,-0.0042094934389685585,0.0014181619093438956,-0.9402235366164713,0.2881261059101682,-0.04031457862798673,0.022493277785142235,0.0012166055512352614,-8.314158144173689e-05,0.02692383095563855,10788,608000000,5.75,0,2,4,-1.5521636956072906,4.103813837180635,4.219738306075695,-1.5521636956072906,4.103813837180635,4.219738306075695,42.460647106170654
-3.3088473530161293,3.3519866152130127,5.0,0.16379680136429703,2.9641662657471763,4.208879636565396,-0.3376465393885688,-0.004104799067118713,0.0011478228868558728,-0.9412633253060285,0.2910038861863097,-0.03713521712442756,0.08954514254053274,0.0024671794335517916,0.0038105752082628896,0.028537438447528984,10788,832000000,5.6,0,2,4,-1.5937246924004422,4.141885644890427,4.2203176044816315,-1.5937246924004422,4.141885644890427,4.2203176044816315,43.02001881599426
-3.3777652361022836,3.357833959354922,5.0,0.11505064046113395,3.0150157125471497,4.238918637950232,-0.3343429437504342,-0.00349116677267785,0.0005512102947918798,-0.9424448545597086,0.2934938696148925,-0.033669190790188416,0.15186406671931305,0.0035124229498251225,0.008706163680471946,0.02997508527187165,10789,63000000,5.43,0,2,4,-1.640242200022457,4.182856796954501,4.23234929250942,-1.640242200022457,4.182856796954501,4.23234929250942,43.53503942489624
-3.4468683345128004,3.3623059959848027,5.0,0.06919598218279975,3.061057036898965,4.2783659306296355,-0.3311453361594799,-0.002544017122040055,-0.00022385415238914351,-0.943576305449658,0.29546289485981825,-0.030252133268915477,0.19973835484327065,0.0053769110309076495,0.011758432628994342,0.031403596221935004,10789,261000000,5.23,0,2,4,-1.6920240779703521,4.226449796424338,4.2609799082218345,-1.6920240779703521,4.226449796424338,4.2609799082218345,44.10576295852661
-3.5161295498708305,3.365392902395171,5.0,0.026680221133390403,3.1023568339783036,4.319277918276842,-0.32814936035689685,-0.0015969858057121368,-0.0011915115432140234,-0.9446237490312945,0.29566053005798976,-0.02758327719490586,0.1924057915418727,0.0053632701110473135,0.011674567303998629,0.03199698912794702,10789,462000000,5.04,0,2,4,-1.7403881312694192,4.265358398117597,4.2990153321088815,-1.7403881312694192,4.265358398117597,4.2990153321088815,44.642557859420776
-3.5855213697497295,3.3670853441910054,5.0,-0.02940188548190905,3.1551589241572677,4.3637532904003375,-0.3242297621029559,-0.0008394974627818512,-0.002676470937822013,-0.9459742031968892,0.2947511936984301,-0.024867324670578745,0.1514141142521549,0.010799132269312395,0.00650812903586484,0.03175841484335251,10789,682000000,4.86,0,2,4,-1.7848292139365238,4.299815274158368,4.33826471215746,-1.7848292139365238,4.299815274158368,4.33826471215746,45.29943895339966
-3.6550158736733924,3.36737448950702,5.0,-0.0860591374545747,3.2069087042786584,4.397835926317961,-0.3203365888811811,-0.0007728999304111453,-0.0040143308072589185,-0.9472949686332321,0.2922676868086641,-0.02306245662561525,0.11383900491482683,0.008560333753848681,0.0015282077583833598,0.03176532372890506,10789,925000000,4.62,0,2,4,-1.84278524476589,4.3433653476420115,4.3798136863173545,-1.84278524476589,4.3433653476420115,4.3798136863173545,45.88495659828186
-3.724584739516201,3.36625202328831,5.0,-0.1293748644953782,3.2456792673014,4.4177697082401925,-0.317303339543295,-0.0009929713146257255,-0.004741233153745816,-0.9483117237653569,0.287287385184011,-0.022360001323908005,0.08840363484897058,0.0066492019413999515,-0.0011630581866484135,0.03219418795197271,10790,142000000,4.38,0,2,4,-1.900956766620439,4.385601583791522,4.410271365180363,-1.900956766620439,4.385601583791522,4.410271365180363,46.42091464996338
-3.7941992503107094,3.3637101616261953,5.0,-0.17231522655565154,3.283442583414645,4.432898824806434,-0.314183787609978,-0.0013481508492900632,-0.005184339218978247,-0.9493470665247763,0.282917363984916,-0.02125702884529083,0.06551991056239229,0.004158893625572091,-0.0029934849408164155,0.03334432985866442,10790,388000000,4.19,0,2,4,-1.946065896729368,4.417207647345332,4.427028513615777,-1.946065896729368,4.417207647345332,4.427028513615777,46.91934251785278
-3.8638303014711917,3.359741666140802,5.0,-0.21920535213145,3.323739028103371,4.4446170293937115,-0.3105903104385454,-0.001764803665144978,-0.005236822236321008,-0.9505278113882709,0.27765346464526897,-0.019459165125246532,0.0432183383266734,-0.00019658191092730704,-0.0041618656723585445,0.035067844873992726,10790,615000000,4.0,0,2,4,-1.9916789501304848,4.448028421991275,4.438781977987337,-1.9916789501304848,4.448028421991275,4.438781977987337,47.433727741241455
-3.933448408441069,3.3543398584014965,5.0,-0.2614380241823344,3.3590511050060488,4.451372713943046,-0.3072072880614826,-0.0021526117336698957,-0.005032994894255528,-0.9516268792898965,0.2719996903005163,-0.01754859672400534,0.025716596412713198,-0.0009504795116299647,-0.004836939888264169,0.03588733270589728,10790,837000000,3.79,0,2,4,-2.0424335046295092,4.481032043240996,4.446784030744717,-2.0424335046295092,4.481032043240996,4.446784030744717,47.98166871070862
-4.07252600064417,3.339212478898365,5.0,-0.2991336886620381,3.3897136689359133,4.4546986668070465,-0.3040892507141286,-0.002511902378130323,-0.004749607003624519,-0.9526283951152588,0.2672820881205151,-0.015505711644800732,0.011862803944062288,-0.0018348702951698215,-0.005088969464850379,0.03669839752546977,10791,18000000,3.58,0,2,4,-2.0892080050686554,4.5101925141536,4.450277756841743,-2.0892080050686554,4.5101925141536,4.450277756841743,48.50507640838623
-4.14192469183082,3.3294764801465,5.0,-0.3409657784265884,3.4226659336069916,4.455727513686392,-0.30055213127043456,-0.002909491761821471,-0.00437174351634888,-0.9537509313783733,0.2649356438393557,-0.012712111712365349,-0.0015791985178764407,-0.0024774339408395463,-0.005145951399754267,0.03739861167559866,10791,244000000,3.4,0,2,4,-2.1319012424006654,4.535738288550732,4.4508289471431315,-2.1319012424006654,4.535738288550732,4.4508289471431315,49.02341675758362
-4.211188869122791,3.3182863441177943,5.0,-0.3877693461511895,3.457866838676326,4.454108105472956,-0.29651791110877185,-0.0033397886191409106,-0.003944402187028341,-0.9550133066586333,0.26693745371648425,-0.008260131088250095,-0.013903500781390327,-0.0026300130230083596,-0.004997148062102497,0.039195491626742296,10791,485000000,3.19,0,2,4,-2.1800615986752256,4.563323578760072,4.449047998154758,-2.1800615986752256,4.563323578760072,4.449047998154758,49.50247359275818
-4.280287278212759,3.305638409093179,5.0,-0.4314079681352515,3.48906473742412,4.450538900122197,-0.29269459805198994,-0.003707899148236278,-0.00357339936357456,-0.9561921117495578,0.2690222927078115,-0.004490006159373375,-0.023391788653020815,-0.002437086118334264,-0.004639813096218859,0.04058566992171109,10791,708000000,2.96,0,2,4,-2.234016369750743,4.592677340020053,4.444767578560432,-2.234016369750743,4.592677340020053,4.444767578560432,50.04000926017761
-4.349188340051508,3.29152966007783,5.0,-0.4760731445700128,3.5195125441706385,4.445295508422848,-0.28874796812975245,-0.004049029292730331,-0.003240279487020822,-0.957391099212632,0.2710330152591443,-0.0008293189039987436,-0.03134954412980574,-0.002180994533773628,-0.004251984319125768,0.04177658483968116,10791,918000000,2.74,0,2,4,-2.2839308251729245,4.618462735359244,4.439162125776245,-2.2839308251729245,4.618462735359244,4.439162125776245,50.59797739982605
-4.417860161682086,3.2759577432071714,5.0,-0.5401879192587722,3.560876633237935,4.435659792448325,-0.2829611479275363,-0.004489653920409955,-0.002830439132367882,-0.9591166875753563,0.27331910514247326,0.003755577684394848,-0.040445713026345816,-0.0019274107444289257,-0.003831652202279656,0.04440933153091464,10792,176000000,2.5,0,2,4,-2.334501266828947,4.643405105707545,4.432202023358067,-2.334501266828947,4.643405105707545,4.432202023358067,51.28435826301575
-4.4862705475593625,3.2589209801061942,5.0,-0.6011815787148238,3.5979456249280113,4.424703132939412,-0.27729840808324946,-0.004868116394376218,-0.0025145374333458413,-0.9607682194050564,0.2748499405428534,0.0072868433097642345,-0.04750675472791483,-0.0014771645510336384,-0.003452318878771621,0.04619087812898215,10792,430000000,2.15,0,2,4,-2.4064264496848784,4.6768473883986195,4.420642888859797,-2.4064264496848784,4.6768473883986195,4.420642888859797,51.84624099731445
-4.554387011362157,3.2404183821897035,5.0,-0.6441312309492557,3.6228763116950535,4.416180949480797,-0.27325381661104897,-0.005109156949742321,-0.002338507784166614,-0.9619255582445563,0.2757402978732094,0.009332521983585437,-0.05155678031856383,-0.0012166785836598137,-0.003156231832690537,0.04711449837486725,10792,629000000,1.82,0,2,4,-2.4744400111760707,4.706285130651665,4.408458637058559,-2.4744400111760707,4.706285130651665,4.408458637058559,52.385003328323364
-4.622176788304897,3.2204496648906975,5.0,-0.6974944800912622,3.652640836664197,4.404940092207128,-0.26815881287345533,-0.005374797736403715,-0.002129679415333942,-0.9633573724704554,0.2784262804699324,0.011654737695132786,-0.055388680783002,-0.0013887935210732394,-0.002872092773031909,0.04894567791779991,10792,825000000,1.6,0,2,4,-2.522174958324592,4.725736073150545,4.399398420380445,-2.522174958324592,4.725736073150545,4.399398420380445,52.99900579452515
-4.756643907567153,3.176116338729032,5.0,-0.752109947854339,3.68183275750131,4.393016905317184,-0.2628657983907484,-0.005612295607928087,-0.0019464259782227186,-0.9648141197144219,0.28273093628222973,0.013658397682932638,-0.058260249642814066,-0.0008877401398876827,-0.0025197545255650766,0.05066253070253879,10793,44000000,1.34,0,2,4,-2.5810313723337366,4.7484978772990365,4.38784340755435,-2.5810313723337366,4.7484978772990365,4.38784340755435,53.509774923324585
-4.823254445927119,3.1517548076050006,5.0,-0.808144431138674,3.7105691953215865,4.380612129232836,-0.2574042066636614,-0.00582680355864707,-0.0018376933005086753,-0.9662845055341999,0.28736802433610464,0.015566993652469635,-0.06025815259062315,-0.0006191076181494282,-0.00215514078263368,0.052150934061501175,10793,258000000,1.14,0,2,4,-2.640378492528189,4.7701349167332925,4.375979637137421,-2.640378492528189,4.7701349167332925,4.375979637137421,54.05024528503418
-4.889404717734269,3.125933340311662,5.0,-0.8602615197404917,3.7361223828247465,4.36906422058348,-0.2522635736655126,-0.0059996584588781435,-0.0017650334354903769,-0.9676383509125983,0.2904935265720773,0.017911241462485024,-0.06144615178041224,-0.00047575745725225715,-0.0019190679040548275,0.053822338304598816,10793,439000000,1.07,0,2,4,-2.7057635005297254,4.792352570694996,4.36286830130463,-2.7057635005297254,4.792352570694996,4.36286830130463,54.63884115219116
-4.955060768505769,3.0986553823329843,5.0,-0.9183833752643229,3.7632637187815257,4.356220386616237,-0.24646641725606105,-0.0061583231219047765,-0.0016761655828190503,-0.969130316670687,0.29020470920419206,0.02026963329855642,-0.06184869807965595,-0.0006686309689030168,-0.0016431436392849719,0.054947642638580874,10793,628000000,1.07,0,2,4,-2.755260433365985,4.8080353557235815,4.353023969664863,-2.755260433365985,4.8080353557235815,4.353023969664863,55.19532895088196
-5.020188450021896,3.0699251662608846,5.0,-0.9827581337287405,3.7917529864528463,4.342190383339903,-0.23995407092812132,-0.00631262557384917,-0.0016047499019682578,-0.9707623907945437,0.2924679707995864,0.02261544002163405,-0.06182145530803199,-0.0005050102799941669,-0.0014237194136512699,0.056581809985800646,10793,843000000,1.26,0,2,4,-2.816199138056839,4.826061644543185,4.341068947979048,-2.816199138056839,4.826061644543185,4.341068947979048,55.73953580856323
-5.084753436313343,3.039747725125622,5.0,-1.0476514597754598,3.8188318171604174,4.328290979560039,-0.23331594432543146,-0.006426000631272945,-0.0015598558024234829,-0.9723784980599347,0.29020154707889834,0.024781449980400355,-0.06105714257951036,-0.0006773842869733926,-0.0010109265190294536,0.057174702669726685,10794,37000000,1.59,0,2,4,-2.8830231586182133,4.844337349474307,4.328266811801462,-2.8830231586182133,4.844337349474307,4.328266811801462,56.34993648529053
-5.148721240196228,3.008128905536137,5.0,-1.0963790670595863,3.838104726562002,4.318026892498387,-0.22829793397114362,-0.006484766566021207,-0.0015157106389276117,-0.9735685408682587,0.28841263047423393,0.026206495283839847,-0.06022514282775997,-0.0006113770041338284,-0.00082272076724621,0.05740477135987021,10794,243000000,2.0,0,2,4,-2.9502292651777533,4.861084108561056,4.3158101174539425,-2.9502292651777533,4.861084108561056,4.3158101174539425,56.8819785118103
-5.212057230359671,2.9750753806135473,5.0,-1.1613676788090221,3.8624341776071685,4.304643227300602,-0.22152383468165315,-0.00654589695954822,-0.0014945402528535852,-0.9751318414708664,0.2855798483733757,0.028152760056013876,-0.058524080565466804,-0.0004686795250563591,-0.0005941448421253881,0.058210860879626125,10794,530000000,2.33,0,2,4,-3.0009152433968427,4.8726119513282695,4.3067487132229285,-3.0009152433968427,4.8726119513282695,4.3067487132229285,57.489782094955444
-5.3366946300784015,2.9046951158287793,5.0,-1.2259627325707587,3.885018960814823,4.291727847517024,-0.21470956829076515,-0.006577556411051495,-0.001480261477091641,-0.976654670731683,0.28026709505938896,0.02999933702700582,-0.05636701863390221,-0.00022542016324678116,-0.0003203598311074529,0.05825900152558461,10794,790000000,2.8,0,2,4,-3.0688503557879363,4.886571222562179,4.295110416721786,-3.0688503557879363,4.886571222562179,4.295110416721786,58.05299162864685
-5.397926217987752,2.8673859679266163,5.0,-1.2844588583509584,3.904052497182612,4.280369692683421,-0.20843013540466687,-0.00658309724439494,-0.0014985033534859458,-0.9780139548971489,0.27450901002135597,0.03175132309458091,-0.054144392186186066,-0.0002524790161828605,-5.0470112356038044e-05,0.05856949319422711,10794,967000000,3.28,0,2,4,-3.136990077535262,4.898966725063584,4.28402100780526,-3.136990077535262,4.898966725063584,4.28402100780526,58.60388803482056
-5.458386386995352,2.82867732274762,5.0,-1.3475219308251694,3.922822864407158,4.268566113931779,-0.20150357784566447,-0.006557629896626798,-0.0015128609118657296,-0.9794646582993163,0.26913560929431807,0.03505556929050506,-0.051360945174416674,-0.00025009938724451786,0.00010854373897473124,0.05931742525717709,10795,174000000,3.72,0,2,4,-3.1996325002795576,4.908911212868781,4.274351829224787,-3.1996325002795576,4.908911212868781,4.274351829224787,59.21890950202942
-5.518040061101152,2.7885801715016205,5.0,-1.3998433232945056,3.9369739233948016,4.25924314229392,-0.19566266571540059,-0.006535668473470806,-0.001532787761349822,-0.9806482839654729,0.2670579388865828,0.037492561986456036,-0.04898495805843629,-0.00010600134245919435,8.939203084423752e-05,0.059804125703522004,10795,410000000,4.22,0,2,4,-3.2681748472474754,4.918155285229343,4.264371817214756,-3.2681748472474754,4.918155285229343,4.264371817214756,59.73038625717163
-5.576852134532016,2.7471064041681794,5.0,-1.452424368761573,3.9500653685353164,4.2503984804763855,-0.18977857564196748,-0.0065229238269589335,-0.0015714537944822096,-0.9818039897174107,0.2679559158140801,0.039466717513580656,-0.046596743599970354,-3.40211677496427e-05,2.7696962590084695e-05,0.060089132966822945,10795,641000000,4.65,0,2,4,-3.3253500982992765,4.924623982039253,4.25652460449473,-3.3253500982992765,4.924623982039253,4.25652460449473,60.267542600631714
-5.634787492801395,2.704268820472575,5.0,-1.5054449882942622,3.962245502841504,4.242061497633537,-0.18387726212660183,-0.006506189322729644,-0.0015954664112497034,-0.9829263840493103,0.2687637082078145,0.04120618312004123,-0.043957884041339865,-6.907560106128585e-05,7.697873272149991e-05,0.060126242533442564,10795,831000000,5.09,0,2,4,-3.382490296125407,4.93002539444662,4.249129057631912,-3.382490296125407,4.93002539444662,4.249129057631912,60.863932371139526
-5.691811034346381,2.660081140503768,5.0,-1.5642063902530805,3.9745837440803578,4.233515883827148,-0.17731934909419445,-0.006490566066098706,-0.0016570321678671617,-0.9841305681835857,0.2693311704186062,0.043096472797145714,-0.04096448637267078,0.00014747284353688883,9.668427125575363e-05,0.06096298020565882,10796,45000000,5.53,0,2,4,-3.4396318480912758,4.934297549051661,4.2422068419904635,-3.4396318480912758,4.934297549051661,4.2422068419904635,61.429516315460205
-5.747887692743202,2.6145580149533583,5.0,-1.6341273328473138,3.987690430470227,4.2242399672625774,-0.169460844757357,-0.006467566893704755,-0.0017252703185676697,-0.9855141886928499,0.2696068875768925,0.04528156742276826,-0.03762411539473807,8.138752178865616e-05,9.370422304755266e-05,0.06180565542308614,10796,297000000,6.03,0,2,4,-3.5025219627901856,4.937613001453248,4.235114904609904,-3.5025219627901856,4.937613001453248,4.235114904609904,62.013243198394775
-5.857060407438873,2.519568741495847,5.0,-1.6881658406025692,3.9966688475913035,4.2176763967898045,-0.16333314712989394,-0.0064465400628819815,-0.0017725098800520007,-0.9865483178124561,0.26943392881224887,0.046705977160834966,-0.03523847907311722,-3.627528952776515e-05,0.00014709840456816892,0.06239616632228717,10796,528000000,6.62,0,2,4,-3.5769081154056654,4.939611616245342,4.227426214544682,-3.5769081154056654,4.939611616245342,4.227426214544682,62.57518815994263
-5.910086714630622,2.4701366343972957,5.0,-1.7423445945076488,4.004700749040824,4.2115926171241815,-0.15714599056285306,-0.0064154352946530855,-0.0018014237294225488,-0.9875529022348862,0.2691526775910221,0.04805191882113692,-0.03281143046791828,-9.373528939704556e-05,0.00020783374736765836,0.06293352562352084,10796,717000000,7.08,0,2,4,-3.6340349720526524,4.939830479551972,4.22201136767845,-3.6340349720526524,4.939830479551972,4.22201136767845,63.11180329322815
-5.962026688940954,2.4194371808094957,5.0,-1.8021713813891758,4.012329217908698,4.205490793876477,-0.150240929799214,-0.006386205497460237,-0.0018501991394215783,-0.988627056151892,0.26933856077848367,0.050582754610371684,-0.029912947235998254,0.00012911040485619196,0.00014522982638709436,0.0640236830804497,10796,942000000,7.55,0,2,4,-3.69107949210775,4.93884343335836,4.2170049863971855,-3.69107949210775,4.93884343335836,4.2170049863971855,63.63929581642151
-6.012845793126372,2.367489823229123,5.0,-1.8622709967925557,4.018596602181674,4.199995222005324,-0.14321890973216728,-0.00635614532931272,-0.0019130030895028374,-0.9896687747579296,0.2693384277378145,0.05299102440751959,-0.027280335848615462,0.00010797201426271386,0.00022380895785545363,0.06492556640296243,10797,200000000,8.07,0,2,4,-3.7537842018676257,4.936307663116673,4.21197362402922,-3.7537842018676257,4.936307663116673,4.21197362402922,64.14186358451843
-6.062509670513252,2.314314986997085,5.0,-1.9170674883745364,4.02313627317143,4.195490279098976,-0.13675785830629794,-0.006315488004094526,-0.001966300271913829,-0.9905824228533359,0.2690936998062055,0.05482986885920603,-0.025008232076853154,5.2939264882923e-05,0.00035878361757113453,0.06548599267262034,10797,403000000,8.6,0,2,4,-3.816360475896469,4.932315600611142,4.207417144999191,-3.816360475896469,4.932315600611142,4.207417144999191,64.72000432014465
-6.110984171244919,2.259934087258609,5.0,-1.971946587775322,4.026585005648933,4.191441500845345,-0.1302382352383733,-0.00626268422921829,-0.0020001561612894942,-0.9914609322830474,0.2686986029441947,0.05669517059428243,-0.022688414078851086,-0.0001534173705408648,0.00041458954171957885,0.06600570777663961,10797,643000000,9.1,0,2,4,-3.873050645227654,4.927485750780041,4.203650751949649,-3.873050645227654,4.927485750780041,4.203650751949649,65.2724883556366
-6.158235379094583,2.204369535360273,5.0,-2.032335640920878,4.029130925506895,4.187510527260165,-0.12301825356605861,-0.006204631347535074,-0.002035967002891723,-0.9923829234109991,0.2680401689162968,0.0584685066467154,-0.020204826278759573,8.982527219814074e-05,0.00038576309862037306,0.06629750860156491,10797,852000000,9.61,0,2,4,-3.9295614611426504,4.921469043202263,4.200240842467935,-3.9295614611426504,4.921469043202263,4.200240842467935,65.7600166797638
-6.204229638839507,2.147644744659009,5.0,-2.092692205366614,4.0303881903815135,4.184108745375091,-0.11576481932533045,-0.006144684069391941,-0.00210236652470838,-0.9932554200804828,0.26731963972450623,0.060216054643367725,-0.017836340919754428,-9.772914699723856e-06,0.00045575457079394255,0.0666495667246636,10798,40000000,10.17,0,2,4,-3.991530563235392,4.913428064477183,4.196880118248722,-3.991530563235392,4.913428064477183,4.196880118248722,66.3016426563263
-6.24893358419099,2.0897841357178186,5.0,-2.1420199744546267,4.030445324896873,4.181933221859026,-0.10976922683293827,-0.006088868170975037,-0.002136421472242437,-0.9939361539999378,0.2667652925848262,0.061747201577712664,-0.005001018349303202,-0.0002348167654986355,0.0005711230585347948,0.06732220572303049,10798,261000000,10.73,0,2,4,-4.053212495423937,4.903987939874451,4.19391108693088,-4.053212495423937,4.903987939874451,4.19391108693088,66.84231495857239
-6.2923141662739965,2.030813140862436,5.0,-2.1967534957902086,4.02947249603936,4.18858220346558,-0.10306847672142305,-0.005873433633393968,-0.0020683961240248287,-0.9946547710744434,0.2665787930476696,0.06380113266446027,0.05998761304439169,-0.0020780079012183705,0.003541474256962829,0.06742895857314579,10798,467000000,11.19,0,2,4,-4.103443962513453,4.895221314873353,4.191986987701604,-4.103443962513453,4.895221314873353,4.191986987701604,67.39461040496826
-6.3343386826493955,1.9707582080728947,5.0,-2.2564534843532225,4.026991161276181,4.209805344806191,-0.09571291077268568,-0.005178875923558245,-0.0018651131529773342,-0.9953937609350958,0.26297396283866015,0.06642573402081894,0.1222904341853398,-0.0033440987408539513,0.007977830500749405,0.06708850196446292,10798,724000000,11.62,0,2,4,-4.164587233917558,4.883141321261019,4.200145003174285,-4.164587233917558,4.883141321261019,4.200145003174285,67.87554883956909
-6.374974806870911,1.9096468041835581,5.0,-2.3151156895196965,4.022867418342777,4.2436120026635304,-0.08840285143029658,-0.004071517864167947,-0.001606474540058267,-0.9960751868412479,0.2577692287488804,0.06912375615353486,0.1757064797044995,-0.0014638650782217155,0.010809770083142212,0.06639039711444639,10798,927000000,12.27,0,2,4,-4.2199261132812405,4.870816015123143,4.2199748679745746,-4.2199261132812405,4.870816015123143,4.2199748679745746,68.38450336456299
-6.414190618568051,1.847507417364816,5.0,-2.362582692240436,4.018481116965246,4.27904521153022,-0.08251869691400782,-0.003064049725537528,-0.001659383685927066,-0.9965834248594928,0.25632386323784445,0.07012082119155716,0.2112541219083849,-0.0009115838224715844,0.01138570833063568,0.06517647925647907,10799,124000000,12.83,0,2,4,-4.280338354026371,4.85596570586099,4.253438913434196,-4.280338354026371,4.85596570586099,4.253438913434196,68.92925524711609
-6.4519546340452365,1.7843695588594015,5.0,-2.409683112115943,4.013379928976645,4.3201648602001965,-0.07682796119612845,-0.002059551022507893,-0.002068209574450629,-0.9970400920410312,0.2535984746380907,0.07076290347276008,0.24019282942249193,0.0039056737023202004,0.011306866053928388,0.06209793718880974,10799,348000000,13.28,0,2,4,-4.329189075462039,4.842888483125257,4.288142497264666,-4.329189075462039,4.842888483125257,4.288142497264666,69.46853923797607
-6.523003712054525,1.6552215921015208,5.0,-2.4717551147554753,4.005681288382115,4.381922735407423,-0.06969204072784047,-0.000812474402961255,-0.0032215310935150183,-0.9975630211079132,0.25018197381439594,0.0710132816587253,0.269705123847943,0.011885192634508712,0.01047188306984026,0.057431895038462244,10799,569000000,13.7,0,2,4,-4.37736649995443,4.829034480833423,4.327947622716898,-4.37736649995443,4.829034480833423,4.327947622716898,69.97040605545044
-6.55622827296996,1.5892756263370473,5.0,-2.533048458966667,3.997133871767762,4.4496439129683445,-0.06305503438779764,0.0003100102615244448,-0.004682188789985412,-0.9979990198593014,0.24684242926183458,0.07191321792379252,0.29159159415741376,0.012555160446936497,0.00935354910325259,0.05417861248133704,10799,772000000,14.22,0,2,4,-4.4404448569948025,4.809435523875434,4.38701111591255,-4.4404448569948025,4.809435523875434,4.38701111591255,70.51571226119995
-6.587880099059713,1.5224594716742677,5.0,-2.5835998923189196,3.989232777654455,4.509507769213021,-0.05771751744992043,0.0011438005072470945,-0.00587333887144144,-0.9983150223202688,0.24432438428867603,0.07358498297106962,0.305538058988407,0.010562805982772261,0.008268697547464399,0.05308688123477623,10799,960000000,14.67,0,2,4,-4.5022417336623946,4.788595299175636,4.451045173189065,-4.5022417336623946,4.788595299175636,4.451045173189065,71.06586408615112
-6.617930366256996,1.4548077527390042,5.0,-2.638689942616241,3.979702197791179,4.577917836569315,-0.05207686874607731,0.001958259318566918,-0.007226521811129658,-0.9986150120765049,0.24171646371802052,0.07533779885130165,0.31543943231728216,0.011948232349823229,0.007211727142930613,0.05024924685130827,10800,182000000,15.02,0,2,4,-4.552840911785556,4.770264560722307,4.507181223034359,-4.552840911785556,4.770264560722307,4.507181223034359,71.63347363471985
-6.6463508809387175,1.3863561104401976,5.0,-2.6932402298718365,3.969365337428381,4.647924911093175,-0.04672081219321339,0.0026554730346281933,-0.008536222218292564,-0.998867982809144,0.2392234183956435,0.07692399070777635,0.32057521618154383,0.011392831220291555,0.0059074638556921855,0.04792933686985634,10800,404000000,15.38,0,2,4,-4.607601507441765,4.749179622903663,4.570728759530521,-4.607601507441765,4.749179622903663,4.570728759530521,72.15032243728638
-6.673114113782642,1.3171411977066247,5.0,-2.747280222931483,3.9582392240348225,4.7186434273218385,-0.041519037062874575,0.003222668292821592,-0.009691794528966898,-0.9990855083971812,0.23704059203935413,0.07856152338838772,0.3224738320395232,0.010254325570713263,0.0045794160541845486,0.04708460510300938,10800,583000000,15.71,0,2,4,-4.661432576966192,4.727299072680379,4.635194862111149,-4.661432576966192,4.727299072680379,4.635194862111149,72.66993260383606
-6.698193234026185,1.2472006742522705,5.0,-2.805691847277294,3.945222922943604,4.795818693907947,-0.035915789946724064,0.0037091036005889593,-0.010878660545392903,-0.9992887237068778,0.23501948112295282,0.0801948983227789,0.32086342631725606,0.009677286288933828,0.0034077418604283594,0.04659606456698384,10800,802000000,16.02,0,2,4,-4.714417205897658,4.704522241876432,4.699861221660554,-4.714417205897658,4.704522241876432,4.699861221660554,73.30410623550415
-6.721562144107404,1.1765732003413591,5.0,-2.8539600451040883,3.93369732045936,4.859585393310891,-0.03128203986271827,0.004024194927906956,-0.011764210204120282,-0.9994332610011949,0.23322492851721893,0.08150379362395929,0.31748364722660916,0.008674162745592184,0.0025705648795337765,0.04621043008228298,10801,4000000,16.35,0,2,4,-4.771346437264762,4.678564139684482,4.769930980567687,-4.771346437264762,4.678564139684482,4.769930980567687,73.85497307777405
-6.74319551466748,1.1052984295239994,5.0,-2.915394410374644,3.917452543111919,4.941232815441509,-0.025409923428499792,0.004385291346934274,-0.012835056635362855,-0.9995850970939529,0.2262504924206313,0.08515264052337698,0.3106462208661994,0.00819580782263074,0.002122456089637126,0.04464344783627894,10801,222000000,16.61,0,2,4,-4.8181727885275265,4.655955871421923,4.827420383009571,-4.8181727885275265,4.655955871421923,4.827420383009571,74.4390983581543
-6.763068819892748,1.0334170003132817,5.0,-2.961414264450153,3.903877251429136,5.002656903138592,-0.020979685949232496,0.004589969563178982,-0.013562451843653338,-0.9996773703834999,0.22158085021982626,0.0876798183606015,0.30407521473308585,0.0067497167037799954,0.0011344225299581012,0.044209184125065804,10801,411000000,16.93,0,2,4,-4.8782944022030845,4.625102797788155,4.90028972588074,-4.8782944022030845,4.625102797788155,4.90028972588074,74.98094153404236
-6.797441363051352,0.8880015879993646,5.0,-3.001690108103863,3.8907694222113633,5.056793663492334,-0.017011316290027223,0.004737246723404561,-0.014092991485265697,-0.9997447480244936,0.21462893349734946,0.0911199324812917,0.2975513064803109,0.0055086740758270025,0.0009533141792417155,0.04411258087202441,10801,590000000,17.16,0,2,4,-4.923960129892668,4.600336053986274,4.9546453731286375,-4.923960129892668,4.600336053986274,4.9546453731286375,75.54264187812805
-6.81189588944001,0.8145537164302753,5.0,-3.0491957158688816,3.873493852893045,5.12117724084431,-0.012193885743105315,0.004857895501939038,-0.014742822709499679,-0.9998051606089721,0.20722575901167134,0.09518048108171515,0.2872544752765954,0.0055178381444420666,6.19839614302009e-05,0.043971758350380696,10801,828000000,17.36,0,2,4,-4.964643125117848,4.577270320775874,5.002092338647497,-4.964643125117848,4.577270320775874,5.002092338647497,76.05855751037598
-6.824501000073965,0.7406713850157627,5.0,-3.0992215528822253,3.852932758161002,5.188743358268854,-0.006794183010775057,0.004859345022530625,-0.015287178386160762,-0.9998482524964264,0.2011376654910848,0.10056772078211344,0.27480287657547653,0.004064696122441092,-0.0011858110156026669,0.04587315743265208,10802,74000000,17.59,0,2,4,-5.013861260818398,4.547952852005303,5.057892657357648,-5.013861260818398,4.547952852005303,5.057892657357648,76.58419799804688
-6.835236727174377,0.6663999931584091,5.0,-3.135685429055287,3.83631161192601,5.237466694682069,-0.0026030522035980774,0.004782155294651435,-0.015596741411518237,-0.9998635390728603,0.19725554646581978,0.10426042911319573,0.26515642438073267,0.0033746393000910757,-0.0018956713574880268,0.04702802834799513,10802,280000000,17.86,0,2,4,-5.066917496843995,4.514411842819592,5.115846811807342,-5.066917496843995,4.514411842819592,5.115846811807342,77.12441539764404
-6.8440841242909745,0.5917858514327947,5.0,-3.1713481095500256,3.8187256206025415,5.2844392961584505,0.0016459940982876953,0.004654005228285006,-0.01591140093970176,-0.999861219499436,0.19412969318454493,0.10764993872580256,0.25474782543971386,0.003577486040740041,-0.0024107871922751656,0.04731493136205245,10802,475000000,18.08,0,2,4,-5.106258534650533,4.48813601634021,5.157260546597688,-5.106258534650533,4.48813601634021,5.157260546597688,77.6318747997284
-6.851025303291818,0.5168761650432264,5.0,-3.2300556692490288,3.7877401498083114,5.358307538623126,0.00900666533644151,0.004315896366538249,-0.016373386540731,-0.9998160656997157,0.19562543901947232,0.11038940607107908,0.23468771209606457,0.0025431904305150965,-0.003486939658614574,0.05094039661344141,10802,719000000,18.31,0,2,4,-5.145190060275806,4.460859533149338,5.196845187197515,-5.145190060275806,4.460859533149338,5.196845187197515,78.24597811698914
-6.856043471467056,0.44171901599366026,5.0,-3.2809201040143643,3.7594538265847293,5.417584842765463,0.01578722328813781,0.003958128265318001,-0.01668449935127285,-0.9997283252378533,0.19737407248992236,0.11234167667361361,0.2179424490261781,0.0027092366508441046,-0.0037322708067222266,0.05320203126757406,10802,925000000,18.71,0,2,4,-5.209184438103174,4.413256625471503,5.258562264664459,-5.209184438103174,4.413256625471503,5.258562264664459,78.86216354370117
-6.859122968711804,0.366363343942322,5.0,-3.320050114907763,3.7368246275931107,5.460303145169893,0.02118981124233288,0.0036782471433136786,-0.016944965721888038,-0.9996250949901923,0.1988775074757463,0.11355404542731558,0.20549684518382244,0.0030391045584110543,-0.0037636638353433227,0.05450387216114905,10803,163000000,19.1,0,2,4,-5.263699240704235,4.370034514631906,5.307808292269308,-5.263699240704235,4.370034514631906,5.307808292269308,79.4118299484253
-6.860249304751699,0.2908589257138678,5.0,-3.3630986669985705,3.711153794649835,5.504318562170769,0.02722535112798169,0.0034084286874864877,-0.017450332510669984,-0.9994711845596689,0.20056967962577238,0.11432042047722882,0.19037225602990912,0.004621910829882836,-0.0033056447364288033,0.05521358907571994,10803,364000000,19.42,0,2,4,-5.304969891253456,4.33556384118819,5.34316378825513,-5.304969891253456,4.33556384118819,5.34316378825513,79.93883085250854
-6.85940919637302,0.2152563534425758,5.0,-3.409875964337196,3.6822184977592074,5.54859838358984,0.03394781857913254,0.003187768773708054,-0.017966767739861295,-0.9992570134859927,0.2011356216439654,0.11554521687584514,0.17367242255971982,0.004147583968006074,-0.002778348471110803,0.05712804340873845,10803,638000000,19.78,0,2,4,-5.349702192782844,4.296472872317016,5.37948710856888,-5.349702192782844,4.296472872317016,5.37948710856888,80.48633813858032
-6.8517827719018864,0.06396305092467663,5.0,-3.4485537870691614,3.657299691344001,5.582471938633598,0.03978749050486924,0.003035141075199149,-0.01836507403830985,-0.999034767950318,0.20127965782055823,0.1164341966090339,0.15591351518835952,0.0041690280340844765,-0.0027606805588220595,0.05925148398091551,10803,813000000,20.17,0,2,4,-5.397712485088809,4.2523960928184845,5.415954842253693,-5.397712485088809,4.2523960928184845,5.415954842253693,81.1132345199585
-6.844976259014825,-0.01162263489980088,5.0,-3.486915730965736,3.631751265944698,5.606057314961198,0.04577593765078919,0.0028240139520697323,-0.018959824030736067,-0.9987677976136962,0.2016460599539443,0.11420064002014643,0.07879474123809667,0.007473280220438028,-0.004640724682758446,0.06026489245414268,10804,11000000,20.52,0,2,4,-5.437044991478011,4.214474996069991,5.443852856748834,-5.437044991478011,4.214474996069991,5.443852856748834,81.65213131904602
-6.836162981953649,-0.08709643962752353,5.0,-3.5319308108231993,3.5999815002440845,5.615449268601782,0.05303265646595451,0.0022923428386671593,-0.020204287764804464,-0.9983857317031284,0.19760670855452336,0.11514582100320507,-0.0028514690644304433,0.011529665425769053,-0.0076127611009724205,0.060875629787915386,10804,240000000,20.87,0,2,4,-5.475743656576082,4.175506223590491,5.461976790796201,-5.475743656576082,4.175506223590491,5.461976790796201,82.20560574531555
-6.825336248547242,-0.1624040721318142,5.0,-3.575272130194782,3.566672668196227,5.606794579300134,0.06043670955584235,0.0014475021893489877,-0.0217034703599577,-0.9979350020165686,0.192519090697217,0.11668962568937569,-0.0738287335811763,0.011902812184416689,-0.009885316012514522,0.06245725380722433,10804,467000000,21.3,0,2,4,-5.521353000686235,4.127370374070694,5.465440310922509,-5.521353000686235,4.127370374070694,5.465440310922509,82.81192946434021
-6.81249079482118,-0.23749058727900846,5.0,-3.6130155540547664,3.534558139794657,5.5851186466821625,0.0674235671013445,0.0005902479611219289,-0.023076668425882997,-0.9974573582770525,0.18502501082013972,0.1199967378114628,-0.1302560726347602,0.010720173486333806,-0.009810275423660642,0.06400561615009792,10804,651000000,21.74,0,2,4,-5.565991867721334,4.077646692425437,5.45166872935725,-5.565991867721334,4.077646692425437,5.45166872935725,83.38987231254578
-6.797622821053677,-0.3123004180587462,5.0,-3.6514405549584135,3.497512817076049,5.548805134327018,0.075118781021841,-0.00020311778454150213,-0.024346915761600696,-0.9968773019654202,0.17541819626305746,0.1252548336537253,-0.18136766271321655,0.0068783218466705875,-0.00788379657024052,0.06364256769302301,10804,841000000,22.15,0,2,4,-5.606136276776895,4.030537058852086,5.426422573837155,-5.606136276776895,4.030537058852086,5.426422573837155,83.95144867897034
-6.761811649527623,-0.46086485278605455,5.0,-3.6869502349106864,3.458291666136051,5.5018105177851035,0.08263690763857895,-0.0007697129884113602,-0.025187625426953526,-0.9962610765071573,0.16770373720882997,0.13075833702640738,-0.2218358061185603,0.003699288390635047,-0.00588778543715307,0.061879376153228804,10805,128000000,22.6,0,2,4,-5.649287207467802,3.9775413162796487,5.388061433042436,-5.649287207467802,3.9775413162796487,5.388061433042436,84.48850274085999
-6.740868492719295,-0.53450552440425,5.0,-3.7123205175726066,3.427571440964152,5.460923736974937,0.08814528813894246,-0.00107312587330324,-0.025584130770522982,-0.9957784436472199,0.16544583125438664,0.13401189099413066,-0.24659721114097488,0.004414396380525432,-0.004964004074281547,0.06095598582760431,10805,383000000,23.0,0,2,4,-5.691897194116211,3.9227745733676826,5.341210367331014,-5.691897194116211,3.9227745733676826,5.341210367331014,84.99412488937378
-6.717902966866081,-0.6076417223171494,5.0,-3.737235101362674,3.3957413391028606,5.416097221510305,0.09359372694862356,-0.0013344315152621824,-0.0254709144401756,-0.9952837113536916,0.16736678304469937,0.13779408104511948,-0.2666048272452838,-0.002197596108999278,-0.003910142459062627,0.060568266417249106,10805,596000000,23.27,0,2,4,-5.723545444449626,3.880432349276221,5.301921463965321,-5.723545444449626,3.880432349276221,5.301921463965321,85.50282740592957
-6.692919119812252,-0.6802153072003038,5.0,-3.768127431226432,3.3553089257202933,5.357125479844567,0.10026673509435802,-0.001576893713843305,-0.02481709634471653,-0.9946497911168282,0.17514042527117935,0.14107607508392106,-0.28509121486727895,-0.006183486721056397,-0.002595340015432157,0.06150289482320659,10805,800000000,23.41,0,2,4,-5.758461238906992,3.8320731289778487,5.255172335383214,-5.758461238906992,3.8320731289778487,5.255172335383214,85.99962949752808
-6.66592267047879,-0.7521677439422926,5.0,-3.803773562810419,3.3096221159999075,5.288919918581288,0.10785669139049198,-0.0016982172614568494,-0.024221481289592478,-0.993869895924294,0.18922673813695162,0.14151459374493586,-0.2993693824056237,-0.006430474923035945,-0.0017116673006967176,0.06573381106136367,10806,37000000,23.72,0,2,4,-5.7965312199257495,3.7773941298608764,5.201007217723672,-5.7965312199257495,3.7773941298608764,5.201007217723672,86.50018835067749
-6.636921041207126,-0.8234401450252024,5.0,-3.8325176997920565,3.2745305896820875,5.235882589382982,0.1139471637030735,-0.0017512221168466333,-0.023685272073759082,-0.9932028921584521,0.20192225887762122,0.14019301667887707,-0.3067966391216223,-0.005734051455874578,-0.00163682454967784,0.06965730135561898,10806,258000000,24.24,0,2,4,-5.8341242542966185,3.7213659771093273,5.144904002227432,-5.8341242542966185,3.7213659771093273,5.144904002227432,87.03004932403564
-6.605923389329609,-0.8939733155664553,5.0,-3.8665384706817196,3.234801257820472,5.175727263286041,0.12107793523921506,-0.0018612508279593053,-0.02287273890802951,-0.9923777038801349,0.21501788520362655,0.1388339712455683,-0.3114862860742651,-0.008899490876501659,-0.0020497418745435425,0.07330359585466795,10806,447000000,24.59,0,2,4,-5.864390918385021,3.6747153399586945,5.098137861272881,-5.864390918385021,3.6747153399586945,5.098137861272881,87.56977963447571
-6.572940637900542,-0.9637078000306676,5.0,-3.9057414093451057,3.1901260476185147,5.108887775397396,0.12918169806593927,-0.002130249679192101,-0.021701489413499427,-0.9913811559023806,0.22360029563049152,0.13944121017155525,-0.3127971163906961,-0.01015358338918304,-0.0034293558883291553,0.07453209909726866,10806,699000000,25.03,0,2,4,-5.897299684700637,3.6221740376858014,5.045806033404747,-5.897299684700637,3.6221740376858014,5.045806033404747,88.0768632888794
-6.5379855055198695,-1.0325839306182591,5.0,-3.944998536504401,3.144270740485247,5.041977693953831,0.13724154622318574,-0.002552762380216886,-0.020794575812722503,-0.9903160238081923,0.22348271007621445,0.14291548441053764,-0.3121815801569685,-0.009930564556270838,-0.004774526814799174,0.07317351482925005,10806,916000000,25.57,0,2,4,-5.932378529287671,3.563710289173822,4.98842577533972,-5.932378529287671,3.563710289173822,4.98842577533972,88.59983277320862
-6.501072535179841,-1.100541877335473,5.0,-3.9857746488891843,3.0927449508844065,4.9694026340548545,0.14576835375217984,-0.0031431129135415514,-0.019774740460779913,-0.989116104168414,0.21509427421442168,0.15013372162076677,-0.3094793184827559,-0.0099967928690603,-0.005266976040729787,0.07005226361798123,10807,148000000,26.13,0,2,4,-5.96605721308733,3.504652154633193,4.931742226529366,-5.96605721308733,3.504652154633193,4.931742226529366,89.18551921844482
-6.462218122063195,-1.1675216997484856,5.0,-4.0222739486820505,3.0395483201491102,4.8977177405828085,0.1538272464064655,-0.003742458688051604,-0.018856803445928348,-0.9879107212849622,0.19907223912414257,0.16046940426998269,-0.3050832147772181,-0.007864331291784765,-0.004657385125028668,0.06572950296686031,10807,386000000,26.73,0,2,4,-6.001042335103228,3.43965921861989,4.871101493360072,-6.001042335103228,3.43965921861989,4.871101493360072,89.78733205795288
-6.421440540219725,-1.2334634004219198,5.0,-4.053034516853591,2.9847702554142614,4.827281581777696,0.1613358845971486,-0.004181854820931829,-0.01817307048026222,-0.9867233573503931,0.179762298950984,0.17179597759975845,-0.2991313155983513,-0.006257425047806464,-0.002851695103345264,0.06142343190731481,10807,621000000,27.31,0,2,4,-6.034086297691646,3.3742272436335674,4.812021399857174,-6.034086297691646,3.3742272436335674,4.812021399857174,90.36791110038757
-6.378759968046356,-1.298306980039814,5.0,-4.078163335210147,2.9287011614237115,4.758510213531807,0.16841977900121446,-0.0043488494671085655,-0.01760481079621137,-0.9855485458293385,0.16379014684704418,0.18119480443288655,-0.2913085985966383,-0.004872967747360235,-0.0003706514320356291,0.05898119052289985,10807,816000000,27.84,0,2,4,-6.065116235938754,3.3084321018146237,4.754875481793326,-6.065116235938754,3.3084321018146237,4.754875481793326,90.97852063179016
-6.287780231924655,-1.4244601119072358,5.0,-4.097570853708182,2.87653394407243,4.69731079529805,0.17477813055254315,-0.00423808068115932,-0.017135949584298704,-0.9844495939277655,0.1559737879717617,0.18613192967446138,-0.28244535170280294,-0.004128397904423764,0.00183226928811564,0.05842007703904528,10807,992000000,28.33,0,2,4,-6.094191436896186,3.2423653938504664,4.699874451770919,-6.094191436896186,3.2423653938504664,4.699874451770919,91.52530002593994
-6.239531157534259,-1.4856501756582063,5.0,-4.1144400001202674,2.8288382665959646,4.6435451554828,0.18046441218063503,-0.003894648601312406,-0.016678634200533313,-0.9834323824288961,0.16090782662868344,0.18442887483737674,-0.2724707936566748,-0.004391014817883843,0.004080562030139845,0.05747806317231152,10808,221000000,28.78,0,2,4,-6.11918132291749,3.1816776307987444,4.651531051542315,-6.11918132291749,3.1816776307987444,4.651531051542315,92.01734805107117
-6.189479313267984,-1.5455032632678436,5.0,-4.142300696497774,2.7622051124676457,4.572086096697272,0.18800269242816176,-0.0030794258788371213,-0.01585384974373163,-0.9820357224787304,0.19102884817364246,0.17023479422809545,-0.2538760753520668,-0.005649727927448112,0.006629863810303505,0.05239651691226754,10808,446000000,29.19,0,2,4,-6.140522431829267,3.1265398185319238,4.609412741246433,-6.140522431829267,3.1265398185319238,4.609412741246433,92.61079907417297
-6.137654734137321,-1.603960251259457,5.0,-4.167895302838064,2.7150778523393555,4.5242358868843775,0.1929903907626933,-0.0025119091853038934,-0.01512226028714592,-0.9810808919907243,0.21517464581009235,0.15774620030293465,-0.2400132334739559,-0.0070031102495704545,0.005593146261162474,0.049830012358142994,10808,633000000,29.77,0,2,4,-6.16795548161057,3.0496977460770904,4.553563681901951,-6.16795548161057,3.0496977460770904,4.553563681901951,93.16930866241455
-6.08408948285958,-1.660962379897295,5.0,-4.1949122079060315,2.672995505052639,4.483485761923885,0.1971972625157405,-0.002172694369575308,-0.014383949795777357,-0.9802558956944594,0.23468786961032775,0.147325890125448,-0.22715308571762277,-0.007895391718193423,0.0038547013900824822,0.04642852545657661,10808,817000000,30.16,0,2,4,-6.185586906760656,2.995202174778684,4.515930346657195,-6.185586906760656,2.995202174778684,4.515930346657195,93.67977452278137
-6.028817664732745,-1.716451319807343,5.0,-4.236395485356432,2.6121516778441416,4.428348136363322,0.20207049094083296,-0.0022667888777209407,-0.012807061426157364,-0.9792846151843401,0.23029507859869933,0.15155435630636901,-0.21064377111065377,-0.011028366952814395,-0.0014066407061363861,0.02607447386253625,10809,48000000,30.51,0,2,4,-6.199911964925606,2.9465287504952262,4.483710048257135,-6.199911964925606,2.9465287504952262,4.483710048257135,94.22373843193054
-5.971875440659106,-1.7703692401658633,5.0,-4.272378637776962,2.54532864822836,4.373042059434305,0.20327834910815518,-0.0028675056223592607,-0.011695722199268156,-0.9790469346653441,0.18781213872068864,0.17673944514998144,-0.1971318624707746,-0.006142660458863247,-0.0029099985795255634,-0.013654175108968047,10809,262000000,30.92,0,2,4,-6.21783752540023,2.876883429374468,4.439977400804167,-6.21783752540023,2.876883429374468,4.439977400804167,94.90340948104858
-5.9133010382297755,-1.8226588784270257,5.0,-4.286924816380109,2.5014687654555825,4.339317570469152,0.20084401986359512,-0.0031732710314494794,-0.011303864411504095,-0.9795528738589657,0.15239468322772717,0.19692687424473232,-0.18980345430351742,-0.0037757926520498586,-0.0012527028616204916,-0.03673349929158576,10809,511000000,30.93,0,2,4,-6.233430103311966,2.802642776435536,4.396521953449516,-6.233430103311966,2.802642776435536,4.396521953449516,95.47206616401672
-5.791418994331977,-1.9221275287416824,5.0,-4.295278705396185,2.4469932578746905,4.30000398717203,0.19496610791021363,-0.0033001245566992945,-0.010766761475775275,-0.9807453302420444,0.10886958530839101,0.22055002464480772,-0.17937429834144636,-0.004485589352043462,0.0018227376813229057,-0.06744151542079635,10809,738000000,30.56,0,2,4,-6.241546319799723,2.75527015040396,4.370503268993334,-6.241546319799723,2.75527015040396,4.370503268993334,95.98189163208008
-5.728198212313908,-1.9691955055186912,5.0,-4.294351410742652,2.3918606544304852,4.263087609862999,0.18653202890168774,-0.003135844986228199,-0.010251322273309438,-0.9823903903549195,0.07088616638840683,0.23857411432918346,-0.16761162404761532,-0.0025847016331681516,0.004202459922453272,-0.08261183174909092,10809,987000000,29.79,0,2,4,-6.250329148692091,2.6977329617843355,4.340763905787462,-6.250329148692091,2.6977329617843355,4.340763905787462,96.4740960597992
-5.6635189779972706,-2.014413279305643,5.0,-4.286602589870583,2.3364939195760486,4.228763980866779,0.17787036615288887,-0.002719339116251477,-0.009856592418639804,-0.9840008057035832,0.04486058917949266,0.248263349543075,-0.15509439533458283,-0.0038682989725202788,0.006115042424426065,-0.07567363209091127,10810,240000000,28.71,0,2,4,-6.262227047820602,2.6405823790921086,4.313193730607844,-6.262227047820602,2.6405823790921086,4.313193730607844,97.02297949790955
-5.59742994452607,-2.057727526260811,5.0,-4.2761973417715495,2.2767893358422366,4.194757422073251,0.17057137507772868,-0.002033771066758045,-0.009025609906891892,-0.9853018868068553,0.0489286843421821,0.24066563242290767,-0.13814855637281162,-0.00825500692371861,0.00794023608250427,-0.037246780266286805,10810,445000000,27.58,0,2,4,-6.279873982191377,2.5837792544198668,4.28763212895333,-6.279873982191377,2.5837792544198668,4.28763212895333,97.65634942054749
-5.529981852465275,-2.0990859394333827,5.0,-4.273183951141099,2.2189711470831157,4.1648990397872465,0.17015419611603422,-0.0013557799604871018,-0.007710353722842946,-0.9853863515648436,0.08698195989352986,0.2184668834040587,-0.11976584935736496,-0.013041445072303759,0.006505243663923466,0.02335054687137017,10810,651000000,26.57,0,2,4,-6.304978305554867,2.522297030267182,4.262015255094816,-6.304978305554867,2.522297030267182,4.262015255094816,98.1853699684143
-5.461227524768241,-2.1384373081434203,5.0,-4.2814231332923915,2.163044449167518,4.139200870463916,0.17580144830223227,-0.0010127753239875014,-0.005950530150048407,-0.9844071394763012,0.13145325718622713,0.1954419367428421,-0.10172451691224231,-0.015933507529553026,0.003732405616574397,0.06393296644091606,10810,917000000,26.37,0,2,4,-6.328796760660467,2.46155321011854,4.238958660634286,-6.328796760660467,2.46155321011854,4.238958660634286,98.70926475524902
-5.391221859070367,-2.1757315985306627,5.0,-4.295782661095753,2.117393048658242,4.120883711290545,0.1829375825942529,-0.0009881463694418845,-0.00434383679327726,-0.9831144366365681,0.16060946588893413,0.1804173957213752,-0.08720769890511117,-0.016326795230270363,0.002024738114414504,0.07785234047332779,10811,140000000,26.91,0,2,4,-6.344390195365172,2.4017662687359373,4.2184721097911515,-6.344390195365172,2.4017662687359373,4.2184721097911515,99.2662718296051
-5.320021817215077,-2.210920035206205,5.0,-4.317086013430843,2.0677561812913208,4.1038945707307,0.19150018135805463,-0.0011949605216582293,-0.002521582000235932,-0.9814886113620473,0.18273252568641207,0.16794941072416036,-0.07160266027726443,-0.01697460720606614,0.0003188779260199226,0.07991492602741346,10811,311000000,27.68,0,2,4,-6.351091993640195,2.352767136101504,4.203227313701324,-6.351091993640195,2.352767136101504,4.203227313701324,99.80860757827759
-5.247686411918379,-2.2439551839362215,5.0,-4.3420381159514605,2.0185468853288757,4.090146328305166,0.2000096829136056,-0.0015917871862014769,-0.0007290128134958391,-0.9797923563156994,0.19652094427821482,0.15850620774898908,-0.05648270633854968,-0.016614154264971148,-0.0008710170618542179,0.07738787026028149,10811,573000000,28.66,0,2,4,-6.352352096798431,2.2998572990035675,4.188312032592117,-6.352352096798431,2.2998572990035675,4.188312032592117,100.32260322570801
-5.174276690478312,-2.274791035281989,5.0,-4.37390467763992,1.960756368606494,4.077848448403715,0.20927197651077095,-0.002162793095439028,0.0012407550610303104,-0.9778542952302147,0.20211322490995914,0.15283799626844946,-0.04016957249376575,-0.01564987142046448,-0.001396188474700466,0.0650189736916218,10811,842000000,29.68,0,2,4,-6.347797472406071,2.248097979755299,4.1753785003606065,-6.347797472406071,2.248097979755299,4.1753785003606065,100.89008712768555
-5.09985571543612,-2.3033830891153344,5.0,-4.39721032856205,1.9162774203851345,4.070998443701701,0.21479073720380715,-0.002627660676429946,0.0026274733947269373,-0.9766530248734062,0.19181034713193829,0.1571187847382997,-0.02926158975552009,-0.01367791765005677,-0.0012725138276437065,0.0464493794424925,10812,21000000,30.85,0,2,4,-6.335942811598098,2.1883794222187944,4.162606175345332,-6.335942811598098,2.1883794222187944,4.162606175345332,101.46333360671997
-4.948242192815196,-2.3536658628116753,5.0,-4.414748629649331,1.8621483907035958,4.065094730637805,0.21610712765385903,-0.003013376592186462,0.004026215439282143,-0.9763567066026377,0.13121747901883216,0.19053402669464425,-0.019109581693162632,-0.010045110229839338,-6.796738111214395e-06,-0.026031691231764853,10812,246000000,31.6,0,2,4,-6.322856941702505,2.1434107156147983,4.154530269976257,-6.322856941702505,2.1434107156147983,4.154530269976257,102.01415657997131
-4.871185627962738,-2.375275900107432,5.0,-4.415104810581245,1.811397892761579,4.061507433544057,0.20920431699763398,-0.0031574299693742994,0.005024177118484406,-0.977853947187321,0.06770247505546076,0.2252586270759152,-0.010503120019846903,-0.008177532072295435,0.0005667991160862584,-0.09393211512360722,10812,471000000,31.88,0,2,4,-6.310254611116752,2.0899119580227747,4.146791747718924,-6.310254611116752,2.0899119580227747,4.146791747718924,102.52375507354736
-4.793389713475383,-2.394480948462829,5.0,-4.401440510971229,1.7594627483913274,4.059564221434429,0.196051506227034,-0.0031764945848407732,0.005899566743531022,-0.9805707072417074,0.009935394424434434,0.25443168810451494,-0.0021823417192951017,-0.0068166958044457715,0.000850026157195316,-0.14038834342500195,10812,687000000,31.12,0,2,4,-6.31154183562651,2.0408037145042726,4.141592792424369,-6.31154183562651,2.0408037145042726,4.141592792424369,103.04797840118408
-4.7149271849044485,-2.411245346347941,5.0,-4.373815697913508,1.7017310396259664,4.05926795126598,0.17804527491439742,-0.0030347800807735597,0.0067178244234050765,-0.9839946854661024,-0.04099381322238901,0.273220667467558,0.006663281248314323,-0.005499218286786345,0.0019805895135505125,-0.15705895057180896,10812,928000000,29.56,0,2,4,-6.32559642739261,1.9916614048837642,4.1381408183852235,-6.32559642739261,1.9916614048837642,4.1381408183852235,103.64828491210938
-4.6358726078780785,-2.425535461820819,5.0,-4.336342811202582,1.6392759676114608,4.061156181091207,0.15885363212972653,-0.002690254601634462,0.007499663328647146,-0.9872699940438425,-0.06041264805233314,0.2694868508174516,0.016066026707754904,-0.004583709505823208,0.0024648817770867026,-0.12650602293433622,10813,164000000,27.4,0,2,4,-6.352251733008996,1.938392048969124,4.13632818338229,-6.352251733008996,1.938392048969124,4.13632818338229,104.21531581878662
-4.556302334890787,-2.437319780454559,5.0,-4.30803152707078,1.5882117611378503,4.064610417726922,0.14786354107743926,-0.002437547063351424,0.008065759974265722,-0.9889718778106847,-0.042488773465141016,0.25047128317054707,0.02353408188969964,-0.004918146714771865,0.0019721373973879963,-0.07802547188475728,10813,404000000,25.09,0,2,4,-6.389252806815647,1.8818193284187834,4.136511282784789,-6.389252806815647,1.8818193284187834,4.136511282784789,104.68545603752136
-4.476294458338724,-2.446568993295677,5.0,-4.292655986936864,1.552607877215259,4.068139027873101,0.14362720906519078,-0.002323304728433744,0.00848576483115799,-0.9895927540491155,-0.015354834328904294,0.23199982122897295,0.028509544991784576,-0.004789642116520554,0.00159909027388494,-0.03715847633429803,10813,619000000,23.74,0,2,4,-6.420668884325887,1.8351512170128066,4.138156924042815,-6.420668884325887,1.8351512170128066,4.138156924042815,105.14430451393127
-4.3959287597209284,-2.4532560847220677,5.0,-4.282111890984411,1.5183694776149645,4.07242947492328,0.14138344101027472,-0.0022180404218339993,0.008778898373193851,-0.9899134981644275,0.007505563837080979,0.21613824442017288,0.03268903751684771,-0.0028069605150449206,0.0015702240261816769,-0.02309228784724837,10813,830000000,23.21,0,2,4,-6.436652036750739,1.8018204638117703,4.139940410834322,-6.436652036750739,1.8018204638117703,4.139940410834322,105.58821129798889
-4.315286654929753,-2.457356420062667,5.0,-4.274237276033756,1.4773443079805375,4.078675304305099,0.13954935191202467,-0.0020919494124477882,0.008968915825752714,-0.990172288380916,0.02883405765981633,0.20009183587827484,0.03688115403582283,-0.001220144986291416,0.0011248093642279855,-0.015186904329311801,10814,60000000,22.93,0,2,4,-6.4452920759497125,1.7690685378695143,4.142089940954233,-6.4452920759497125,1.7690685378695143,4.142089940954233,106.0318546295166
-4.234451135556854,-2.4588478328347407,5.0,-4.270441879378827,1.4341444942160537,4.086395269563978,0.1383931729629972,-0.002015715406316528,0.009072039615422139,-0.9903337642763932,0.044553965790413534,0.1867708110598652,0.0400405005359172,-0.0001419941384028789,0.000447108570256205,-0.007440256467816653,10814,292000000,22.72,0,2,4,-6.445707673227454,1.7292045994024974,4.145155136438083,-6.445707673227454,1.7292045994024974,4.145155136438083,106.47992491722107
-4.153506706144404,-2.457710711448501,5.0,-4.269925913278297,1.400073285092353,4.093197853732964,0.13791337564908496,-0.0019885858401405077,0.009067419815303662,-0.9904007917208688,0.052966560479093296,0.1781905786945515,0.042009766450316,0.00011237236918759663,0.0001374029466205684,-0.0040154146518034395,10814,507000000,22.63,0,2,4,-6.434275117746234,1.6869657317021376,4.148920713021795,-6.434275117746234,1.6869657317021376,4.148920713021795,106.93715167045593
-4.072539317315207,-2.4539280852224348,5.0,-4.27075103924916,1.3706530598483435,4.099529597731127,0.13766626950184663,-0.0019721151570296163,0.008931653895681579,-0.990436436406668,0.05691356141246605,0.17184241618086918,0.04329248787266833,0.001980227330022899,-0.00019312697787654542,-0.0025060921416297788,10814,744000000,22.64,0,2,4,-6.416984375713751,1.6537022250119564,4.1522780064200155,-6.416984375713751,1.6537022250119564,4.1522780064200155,107.36488509178162
-3.991636294719297,-2.447485709546427,5.0,-4.272256688520527,1.3420129489448538,4.106050711860913,0.13751178689179427,-0.001963147290994483,0.008706706603247346,-0.9904599173003743,0.05833006440450206,0.1664325644110936,0.04399740512183187,0.003135051429126179,-0.00037111641972842335,-0.00151273357005266,10814,979000000,22.69,0,2,4,-6.396509627842212,1.6251145815765147,4.155433961800821,-6.396509627842212,1.6251145815765147,4.155433961800821,107.8071711063385
-3.9108862637393114,-2.438372150023384,5.0,-4.274656982608561,1.3038738719579845,4.115173929370057,0.13730675054357494,-0.001960548747585242,0.008340777929890754,-0.9904915163328238,0.05666485641478488,0.16027165606124358,0.044353034192696976,0.0034844559650082374,-0.0004916378998132132,-0.002617654763525934,10815,181000000,22.78,0,2,4,-6.371969054205096,1.5974582420645167,4.158693883884927,-6.371969054205096,1.5974582420645167,4.158693883884927,108.29028344154358
-3.8303790699016456,-2.4265788654137266,5.0,-4.276714916532205,1.2670914635225474,4.124364495523292,0.13688164650167228,-0.0019564781616602353,0.007959280537852512,-0.9905535002701844,0.05234798372701347,0.15537446998555982,0.04424622192847781,0.0038944166135479463,-0.0004329051307649934,-0.0051075009196210885,10815,423000000,22.94,0,2,4,-6.332954425174475,1.5610232701340625,4.163259634147167,-6.332954425174475,1.5610232701340625,4.163259634147167,108.76142168045044
-3.7502056949456506,-2.412100289200765,5.0,-4.27781942282404,1.237960964959255,4.131863193225647,0.1362983810215131,-0.0019370684313766125,0.007607372139051253,-0.9906367280622823,0.04760637061184798,0.1518264904080488,0.04384121757274699,0.0036825673532803194,-0.000339988008590808,-0.007512366710216156,10815,682000000,23.1,0,2,4,-6.290725568551523,1.526329476017468,4.167922294880343,-6.290725568551523,1.526329476017468,4.167922294880343,109.21421980857849
-3.6704581685088824,-2.39493390958863,5.0,-4.278222792286099,1.2065864154168644,4.140110966623338,0.13530453259063407,-0.001891230207029325,0.007122388338234285,-0.9907766540916743,0.041225381447847945,0.14823964169726664,0.043050035580046504,0.004816298360310611,-0.0002486151544189852,-0.011952894692512928,10815,905000000,23.21,0,2,4,-6.25753734972861,1.4992156217094401,4.171933759165574,-6.25753734972861,1.4992156217094401,4.171933759165574,109.68748879432678
-3.5912294753923018,-2.375080347738145,5.0,-4.277511020807054,1.176271899317829,4.148200825463448,0.13380717639186718,-0.00181479286827618,0.006559201131585876,-0.990984017506537,0.03345307164303415,0.14490740779401265,0.04191281932773071,0.005546717966353754,-2.7911923794476934e-05,-0.01731176580506144,10816,57000000,23.29,0,2,4,-6.225065971962722,1.4704324658289418,4.176688794457422,-6.225065971962722,1.4704324658289418,4.176688794457422,110.18443822860718
-3.5126134583758732,-2.352543434039778,5.0,-4.275080441903294,1.1441517231640286,4.15686095232815,0.13155168588802618,-0.001692587650363819,0.005926221910251284,-0.991290153779878,0.020804820872389725,0.1425785403222549,0.04047472401266946,0.007177363067967235,0.0007497990395677334,-0.025237691443180665,10816,226000000,23.23,0,2,4,-6.198369897713103,1.4406396596245428,4.182366836805721,-6.198369897713103,1.4406396596245428,4.182366836805721,110.6316785812378
-3.434704716561925,-2.3273302822166575,5.0,-4.2676133463921,1.1156806636433285,4.1644563393570015,0.12770410913492614,-0.0012941438042776323,0.005158373784709713,-0.9917980524692341,-0.01732103273188522,0.15032661083812268,0.038901780242581854,0.008035279461182654,0.003825374596999609,-0.04854851795244031,10816,428000000,23.23,0,2,4,-6.182489745501251,1.4153603610546557,4.1878699442294325,-6.182489745501251,1.4153603610546557,4.1878699442294325,111.1236047744751
-3.357598499230817,-2.2994513610445213,5.0,-4.251262090207126,1.0874860714960664,4.171699748499042,0.12137514234985475,-0.0006741728075259764,0.004399807940399065,-0.9925967267730966,-0.06770359565465374,0.1613973029509622,0.03675591815169562,0.008307165899168467,0.005332001092028804,-0.0743521966796834,10816,649000000,22.93,0,2,4,-6.172928800126773,1.3916973811959463,4.193589658994418,-6.172928800126773,1.3916973811959463,4.193589658994418,111.63782501220703
-3.2813905952014384,-2.2689205634695666,5.0,-4.222404908519195,1.0566985347474305,4.179206037727185,0.1121903524126488,5.066665403517302e-05,0.0035822140857611666,-0.9936802755417156,-0.11718307870972695,0.1691895690781534,0.034181207915107724,0.007651015948795248,0.0050362337333353935,-0.09024110258906148,10816,823000000,22.33,0,2,4,-6.1680890115503475,1.3694990968400813,4.199434595599748,-6.1680890115503475,1.3694990968400813,4.199434595599748,112.15320253372192
-3.2061772176970886,-2.2357552728992647,5.0,-4.167812172999881,1.013347120661161,4.1892610043159255,0.09735131950671438,0.0008531050000166031,0.00260995322101955,-0.9952462916014029,-0.14956646912273278,0.16278838429055037,0.030344075535406956,0.0052572263030015165,0.002887059190470609,-0.09256866542273201,10816,992000000,21.38,0,2,4,-6.166629837129387,1.3467015329141212,4.205905836578795,-6.166629837129387,1.3467015329141212,4.205905836578795,112.78010725975037
-3.1320548847261422,-2.1999764264355766,5.0,-4.132144918058192,0.9878673017585635,4.19502883373609,0.08824831043182663,0.0011532380833722128,0.0021362421811487067,-0.9960955487387717,-0.15305509122561992,0.15368454653776237,0.028174090778230798,0.004372562852950068,0.001921118291647872,-0.09072155153262429,10817,154000000,19.81,0,2,4,-6.169140287174017,1.3165498234750646,4.215187723941724,-6.169140287174017,1.3165498234750646,4.215187723941724,113.30938792228699
-3.0591202949960317,-2.1616085748145166,5.0,-4.1047556571437465,0.9686083864860972,4.1993571509042145,0.08102180627355038,0.0012945233962236267,0.00184037354308656,-0.9967097893281525,-0.1445614700649303,0.14218394116725677,0.026362613460359185,0.003510140300022613,0.0008781610233654646,-0.09048745705513284,10817,369000000,18.83,0,2,4,-6.172475347439997,1.299444287632302,4.220832224239915,-6.172475347439997,1.299444287632302,4.220832224239915,113.76647186279297
-2.987470199388719,-2.1206799388106825,5.0,-4.076215334334875,0.9483655699271691,4.20390377022253,0.07281253198206222,0.0014004805799688546,0.0014677102925907573,-0.9973435815540215,-0.13491834519598964,0.12921346015447135,0.024267779720542153,0.004235349570080871,0.0006603035501484555,-0.092650372243952,10817,583000000,18.05,0,2,4,-6.175805612908144,1.2867090114484712,4.22523456269824,-6.175805612908144,1.2867090114484712,4.22523456269824,114.19188904762268
-2.917201268036015,-2.0772224618603534,5.0,-4.047038652642951,0.9277158876376926,4.208515346325995,0.06353017796783689,0.0015080532799267058,0.0011488153149038286,-0.9979781172380745,-0.1268660970420285,0.11598709264689226,0.02177912627291187,0.0027471284965940868,0.0008167295334260416,-0.0930741400225088,10817,780000000,17.16,0,2,4,-6.178303103764072,1.2732689595107956,4.230000843666666,-6.178303103764072,1.2732689595107956,4.230000843666666,114.6145498752594
-2.8484099530437836,-2.0312718586519574,5.0,-4.022441424751091,0.9106302888735018,4.212270007688203,0.055296125001820295,0.0016035600401416667,0.0009175862043443938,-0.9984682895267822,-0.12234868164253945,0.10573275462363026,0.01971097501762043,0.002359819382036221,0.0008263031418209721,-0.09064856349141337,10817,963000000,16.17,0,2,4,-6.171515282617353,1.2589563845321554,4.234749940860932,-6.171515282617353,1.2589563845321554,4.234749940860932,115.02701044082642
-2.781192346925178,-1.982867659428194,5.0,-4.004058880229624,0.8982144457612067,4.214946795098771,0.04908382821537993,0.00167530189385902,0.0007514896247071695,-0.9987929747623535,-0.12073078758497988,0.09861538306542972,0.018142362990833168,0.0021996410396241117,0.00083822587839677,-0.08741720448597334,10818,182000000,15.32,0,2,4,-6.15334523581979,1.246432714352026,4.238286357681116,-6.15334523581979,1.246432714352026,4.238286357681116,115.43800687789917
-2.715644036814797,-1.9320532497399265,5.0,-3.983525594897698,0.8848880855250009,4.217755274189179,0.04224770956450996,0.0017527476791136824,0.0005825939522085312,-0.9991054596469848,-0.1202595305983251,0.09112404367663274,0.01646429476807033,0.00184630919193296,0.000789637437037527,-0.08363245651707985,10818,390000000,14.7,0,2,4,-6.131790710521029,1.2369398661294893,4.240547310769741,-6.131790710521029,1.2369398661294893,4.240547310769741,115.86880040168762
-2.651859954547784,-1.8788759053881385,5.0,-3.9580528764197527,0.8694945813609763,4.220920237825095,0.034148805617381206,0.0018392547182564212,0.0003971694324899187,-0.9994149881172633,-0.12227367837221315,0.08232102158084323,0.01457824348975147,0.0015043144571791345,0.0007365103101619752,-0.07895550079410896,10818,581000000,14.03,0,2,4,-6.100284051384172,1.2264196977318815,4.242624565816269,-6.100284051384172,1.2264196977318815,4.242624565816269,116.3168592453003
-2.589934222700604,-1.8233868222867717,5.0,-3.93234389229824,0.8554385105365337,4.223724689861465,0.02644796598437288,0.001916830137218085,0.00026077673959578164,-0.9996483195869468,-0.12558821362814956,0.07415135703622687,0.012749481048433011,0.0011678017926897155,0.0006919215934431122,-0.07575960989925079,10818,781000000,13.28,0,2,4,-6.0527970892796725,1.2140030794495618,4.244489337684937,-6.0527970892796725,1.2140030794495618,4.244489337684937,116.70321702957153
-2.5299599967034996,-1.7656411409762818,5.0,-3.9140830949621557,0.8463504849931239,4.225489451563866,0.021222382108903926,0.001967066147528371,0.00017288937194536542,-0.9997728298256858,-0.12855472107973062,0.06847012540454196,0.011618852093485,0.0010906033367064083,0.0006595718843982468,-0.0739234164939262,10819,15000000,12.59,0,2,4,-6.000806458385451,1.2028884789860281,4.2457488861501,-6.000806458385451,1.2028884789860281,4.2457488861501,117.11982870101929
-2.472029303148281,-1.7056979655151356,5.0,-3.892849186671169,0.8366988469500108,4.227325566470622,0.015385740739654485,0.002022492922538864,6.984426433532685e-05,-0.9998795845630857,-0.13230940199576396,0.062131982044263775,0.01039445742134881,0.0011774093422900478,0.0006754914124940115,-0.07208794049802236,10819,330000000,12.14,0,2,4,-5.963782226818848,1.1960728958488034,4.2463822665126125,-5.963782226818848,1.1960728958488034,4.2463822665126125,117.5852279663086
-2.416232874429461,-1.6436203764744557,5.0,-3.868333968071469,0.8268030484755046,4.2291642085050025,0.009012984678812841,0.0020843389883610257,-4.291819576676312e-05,-0.9999572089825591,-0.1372067917240353,0.05478295981415071,0.00899568598156068,0.0010623607863635698,0.0006643237327352836,-0.06965179927647114,10819,536000000,11.65,0,2,4,-5.922340683339849,1.1893979574037232,4.246941912088256,-5.922340683339849,1.1893979574037232,4.246941912088256,118.01300358772278
-2.3626599798714096,-1.579475437759419,5.0,-3.8401725152430113,0.8170383022257688,4.230924627337644,0.0021758179643833198,0.0021526594306764514,-0.000170977106233817,-0.9999953013091563,-0.14299819761161153,0.04647584500897669,0.007495594073767943,0.0011075769521085022,0.0006962604629734415,-0.0673532995278947,10819,685000000,11.12,0,2,4,-5.878362686331974,1.1835530866807125,4.247440644028284,-5.878362686331974,1.1835530866807125,4.247440644028284,118.40061926841736
-2.311398253509508,-1.5133341969800527,5.0,-3.813936300728567,0.8093593668757953,4.232276844770634,-0.0037687564443654176,0.0022130532051201335,-0.0002776564543355947,-0.9999904108426578,-0.14818648714068952,0.03899823324400792,0.006309351877059393,0.0009806258731259732,0.0006729873177846457,-0.06517144865938462,10819,874000000,10.57,0,2,4,-5.834396840947716,1.1793893629426528,4.247909779173887,-5.834396840947716,1.1793893629426528,4.247909779173887,118.82504153251648
-2.26253351870906,-1.445271679093754,5.0,-3.7899156544050565,0.8034022496748283,4.23335140636744,-0.008886380776791047,0.002266156670932186,-0.0003755536613215464,-0.9999578769778655,-0.15264832202555886,0.03219647287440367,0.008891201676779318,0.0010367591357862693,0.0006951019884127163,-0.06308762895059772,10820,71000000,10.1,0,2,4,-5.79992067526295,1.1778307099761378,4.248312838407395,-5.79992067526295,1.1778307099761378,4.248312838407395,119.27783799171448
-2.216149609821941,-1.3753668730420945,5.0,-3.7652292066797397,0.7982784550989267,4.2392868050496535,-0.013833443296769443,0.0022870374720841526,-0.00044117817652839755,-0.9999016004927548,-0.1573155273491503,0.025281527151827306,0.059735622654847886,0.0003853292270150632,-0.00029471252389612346,-0.06076842764741741,10820,251000000,9.71,0,2,4,-5.773107474773341,1.1780887845498313,4.248734108280056,-5.773107474773341,1.1780887845498313,4.248734108280056,119.74587774276733
-2.1723281910977024,-1.303702711105489,5.0,-3.7269313766760326,0.7922123725453256,4.262323166475638,-0.020875733847591837,0.002076699001848704,-0.0004924087543480681,-0.9997798000515907,-0.1638253424815164,0.014672103919992085,0.12614904278882139,0.00031371972113447555,-0.0030713633577761357,-0.05668546837114263,10820,387000000,9.32,0,2,4,-5.749461414872273,1.1797811875203703,4.254181955374276,-5.749461414872273,1.1797811875203703,4.254181955374276,120.26076364517212
-2.1311485730830233,-1.230366040701051,5.0,-3.6838405169276904,0.7878453661607059,4.303638877593758,-0.027960971487753394,0.0014900285163398424,-0.0006179252416488811,-0.9996077140843187,-0.16931288127340885,0.0034152713360729057,0.1856058221004609,0.003489836581138661,-0.005320343234416214,-0.05236702927504666,10820,544000000,8.78,0,2,4,-5.719055484924219,1.1848584588327309,4.2767734045009185,-5.719055484924219,1.1848584588327309,4.2767734045009185,120.753741979599
-2.0926875267610416,-1.1554475883514095,5.0,-3.653269181799508,0.7861578844676472,4.340331413803349,-0.032527291749202325,0.000969182491283929,-0.000948682221223603,-0.9994699275009746,-0.17161147533730475,-0.003988398743712701,0.21872214132446022,0.0038713804769940907,-0.005972858025415917,-0.049669718282530084,10820,751000000,8.24,0,2,4,-5.691645454630152,1.1935199976301911,4.31808192856251,-5.691645454630152,1.1935199976301911,4.31808192856251,121.22755026817322
-2.057019095700143,-1.0790419155556983,5.0,-3.6257648828009597,0.7856154522179862,4.377368952077456,-0.03630367644165039,0.000482174907423607,-0.0017113080474412306,-0.9993392226911466,-0.17238399384243025,-0.01112357091872255,0.24173887198421368,0.010574479438218987,-0.005512000643648207,-0.04541352755040862,10820,942000000,7.89,0,2,4,-5.675256851277872,1.201286028172953,4.355290021932484,-5.675256851277872,1.201286028172953,4.355290021932484,121.66273045539856
-2.024214406500245,-1.0012473662980699,5.0,-3.598096557443654,0.7861050105857693,4.417624450421366,-0.03972378598991683,2.0646834990401507e-05,-0.0028672886563595747,-0.9992065847741878,-0.17219766673841225,-0.01857247801847521,0.2594390176841416,0.01589217717992142,-0.004747117554870783,-0.04049681519973092,10821,95000000,7.61,0,2,4,-5.661897216890275,1.2093034219585617,4.393314751031774,-5.661897216890275,1.2093034219585617,4.393314751031774,122.07666873931885
-1.994341477843458,-0.9221660059343091,5.0,-3.5599436638008384,0.7886232442487776,4.476815103974703,-0.04381642832104288,-0.0005311551362147623,-0.004497250710757758,-0.9990293355149551,-0.17136109885835268,-0.028724609881519814,0.27724443658394454,0.014267239566834178,-0.00385132470910321,-0.03450220901868306,10821,260000000,7.36,0,2,4,-5.648602404293644,1.2182767043847118,4.4351033243004405,-5.648602404293644,1.2182767043847118,4.4351033243004405,122.5199625492096
-1.9674650284751696,-0.8419035512031989,5.0,-3.5286676392465988,0.7922869267402588,4.527649075587984,-0.04670273676938519,-0.0009185389950209879,-0.0057114088531619155,-0.998892081494931,-0.1704983340071449,-0.03672082219920157,0.28783678374304505,0.013178925655665807,-0.0033019844067894155,-0.03055044981010724,10821,429000000,7.09,0,2,4,-5.626840299531675,1.231606009879082,4.497035327929063,-5.626840299531675,1.231606009879082,4.497035327929063,122.96042490005493
-1.943646284461102,-0.7605692911164427,5.0,-3.5008408949517644,0.7967115696210844,4.5741769460522885,-0.048993516034454176,-0.001233653578881624,-0.006713678190324297,-0.9987757706365257,-0.16957916276503662,-0.043767794790456664,0.29465446766759107,0.012346289440756664,-0.0030323202736326493,-0.027270590362604707,10821,624000000,6.92,0,2,4,-5.603595312416051,1.2428775115404627,4.5502667843685085,-5.603595312416051,1.2428775115404627,4.5502667843685085,123.38419604301453
-1.9229427860856978,-0.6782759984892262,5.0,-3.473002491023776,0.8022560190370591,4.62156037090178,-0.05102443721563754,-0.0015302954014785957,-0.007784913262205975,-0.9986658901395958,-0.16856253448973718,-0.050941366372632337,0.299029476810395,0.014060730427445378,-0.002661287840055593,-0.02375778931309469,10821,803000000,6.79,0,2,4,-5.577860337254695,1.2529329877632898,4.598773765117159,-5.577860337254695,1.2529329877632898,4.598773765117159,123.82924890518188
-1.9054081947771935,-0.5951398318827819,5.0,-3.441676929322004,0.8099105086185747,4.675351865706559,-0.05297353858769216,-0.0018198727663885396,-0.008812142894996915,-0.9985553757354724,-0.1673440259991057,-0.059215993332283126,0.3010131647468269,0.010631179702613736,-0.0022387730723494315,-0.020157228391326498,10821,959000000,6.7,0,2,4,-5.54718217734589,1.2629668907308007,4.647799792169866,-5.54718217734589,1.2629668907308007,4.647799792169866,124.26789450645447
-1.8910921004649763,-0.5112802277408883,5.0,-3.406864069227072,0.8201583996241342,4.735205290472057,-0.054771496941719344,-0.00208650326588776,-0.00965949498834922,-0.9984500106582476,-0.16605335432146426,-0.06824989491440223,0.30088932098880244,0.00810736264611478,-0.0018397910253042937,-0.01651658385526389,10822,141000000,6.62,0,2,4,-5.5076528964871985,1.274456264148865,4.703006445233881,-5.5076528964871985,1.274456264148865,4.703006445233881,124.67144846916199
-1.8800398297952032,-0.42681978251394254,5.0,-3.375543614713881,0.8309083348490102,4.788816409581826,-0.05609484724422892,-0.0022913313863913935,-0.010268288733483556,-0.9983700116487926,-0.16471728373403902,-0.07626016703473183,0.29905469493898135,0.006715492918374366,-0.0016150277701854066,-0.013562996900873259,10822,371000000,6.58,0,2,4,-5.4595295799272,1.2879388351946557,4.764038294947693,-5.4595295799272,1.2879388351946557,4.764038294947693,125.09585738182068
-1.8722922556511628,-0.341884124577298,5.0,-3.347736872697543,0.8416526912240799,4.836056900492302,-0.0570641798560344,-0.0024512469462874328,-0.010790501069883215,-0.9983091885044569,-0.16343058120120219,-0.08334723489243813,0.2962141032951466,0.006594741489607259,-0.0013729755778513208,-0.01103798822441604,10822,625000000,6.58,0,2,4,-5.414415740426419,1.3011714471552034,4.8185898910856935,-5.414415740426419,1.3011714471552034,4.8185898910856935,125.53874468803406
-1.8678856084453814,-0.256601775764857,5.0,-3.3165089011020537,0.8551002089417625,4.8884734721348195,-0.057905178831902826,-0.0026063698181561087,-0.011353801440387806,-0.998254120098519,-0.16196902509406524,-0.09131684469232411,0.2915874655435574,0.006234539614524692,-0.0011322542150082882,-0.008012691978365183,10822,796000000,6.61,0,2,4,-5.373951045915741,1.3139906563940515,4.866773528069662,-5.373951045915741,1.3139906563940515,4.866773528069662,125.9995424747467
-1.866851289671012,-0.17110400235464246,5.0,-3.28536390339581,0.8699862632222752,4.939843177560107,-0.058475726184251176,-0.0027334869033708376,-0.011758768802206755,-0.9982158328001163,-0.16034353267036466,-0.09912594588224292,0.2854990254119183,0.004327918622948346,-0.000953334762243685,-0.0052173146286804695,10822,970000000,6.66,0,2,4,-5.329490784175001,1.329935870016157,4.920642432111921,-5.329490784175001,1.329935870016157,4.920642432111921,126.40658211708069
-1.869215688220526,-0.08552465536015895,5.0,-3.2543402355034234,0.8862524057362737,4.989991714475379,-0.05880972518816768,-0.002827466263593677,-0.011990232309166132,-0.998193195722648,-0.15861671681438572,-0.10666023272477412,0.27861999981912267,0.002439132390463783,-0.0006953088586669764,-0.0026731134994406602,10823,132000000,6.75,0,2,4,-5.287697547587066,1.3478589267576575,4.974130124864289,-5.287697547587066,1.3478589267576575,4.974130124864289,126.7888331413269
-1.875,-5.204748896376251e-16,5.0,-3.2268860861726436,0.9018451177108354,5.03345231975396,-0.05892468222595948,-0.002891655059106266,-0.012177179678977999,-0.9981839692414693,-0.1570263285702709,-0.11339585686682345,0.2719482429494816,0.0024138721528288443,-0.0005780938749921916,-0.0004767246537085157,10823,353000000,6.87,0,2,4,-5.249274586598535,1.3678655297307634,5.027160679496255,-5.249274586598535,1.3678655297307634,5.027160679496255,127.19328784942627
-1.8842200513874472,0.08533146576184128,5.0,-3.1995702742942687,0.9185018941997104,5.075777587140699,-0.058860789659783586,-0.0029395234111746346,-0.012316070394335719,-0.998185895037985,-0.15528897723083995,-0.11991384082868668,0.26474943620044733,0.0014326595533020736,-0.00044590094034901995,0.0020023624074383406,10823,537000000,7.0,0,2,4,-5.218148595843027,1.3873856806052447,5.073828719811639,-5.218148595843027,1.3873856806052447,5.073828719811639,127.62641048431396
-1.896886127103417,0.170329203690781,5.0,-3.172436051535941,0.9362089433004798,5.11686670246478,-0.05860794015536713,-0.00297514560781948,-0.012370182834263322,-0.9981999982147884,-0.15335815704359063,-0.1263531718919161,0.25693729961840794,0.00032665330138570425,-0.0004665423603000818,0.004123290727875428,10823,682000000,7.15,0,2,4,-5.189980215092909,1.408543020141295,5.119929099212117,-5.189980215092909,1.408543020141295,5.119929099212117,128.10659646987915
-1.9130028030815405,0.2548508388341953,5.0,-3.138847170106695,0.9597977006513838,5.16636118059412,-0.05808288434095038,-0.003000012480635879,-0.012235676483544452,-0.9982322709133089,-0.15063985739136204,-0.13409301378509159,0.24661673483127183,-0.0016647141364956042,-0.00025027242429587204,0.006110143840487581,10823,850000000,7.31,0,2,4,-5.164510944523981,1.4312392719975584,5.165317583483434,-5.164510944523981,1.4312392719975584,5.165317583483434,128.54413843154907
-1.9325687849456785,0.33875237418948145,5.0,-3.105686399181085,0.9849499174763006,5.213705561825517,-0.05736646272170132,-0.002999267030818098,-0.011971345305123641,-0.9982769055946666,-0.14779426688953795,-0.1416641329125929,0.23586555488291783,-0.0026362058633822016,-0.00010769127527510136,0.007921148335299222,10824,27000000,7.55,0,2,4,-5.1360719846122,1.4616581240633695,5.220806382642518,-5.1360719846122,1.4616581240633695,5.220806382642518,128.9720139503479
-1.9555767527187298,0.4218884164988501,5.0,-3.079501507007892,1.0061552543328676,5.250026241254587,-0.05666695504677177,-0.002982412318104734,-0.011702457207009598,-0.998320095920046,-0.14531411425182436,-0.14744629267494913,0.22726691495143697,-0.003265925442974549,9.315363669326615e-06,0.009347073500975966,10824,238000000,7.8,0,2,4,-5.110270350287168,1.49404794819694,5.274592531903574,-5.110270350287168,1.49404794819694,5.274592531903574,129.38994121551514
-1.982013212405946,0.5041124131538817,5.0,-3.056872084539638,1.0254713109558764,5.280671706652277,-0.05596932828336221,-0.0029605921152754044,-0.011508027147553362,-0.9983617753585157,-0.14293454374211273,-0.1523878968698348,0.21949306768716909,-0.0025326302193207084,4.585931741019067e-05,0.010574997486401116,10824,396000000,8.01,0,2,4,-5.090536506150932,1.5210592864179653,5.31623005963647,-5.090536506150932,1.5210592864179653,5.31623005963647,129.80704045295715
-2.011858355112553,0.5852769001628508,5.0,-3.034552109300065,1.0454976441798922,5.31020972882215,-0.05519377990088287,-0.0029346967957936173,-0.011273072478764721,-0.9984077083295471,-0.14030641488748677,-0.15716530900169529,0.21150412006327066,-0.0042320216380176134,5.719524009961674e-06,0.011572363018785836,10824,564000000,8.21,0,2,4,-5.073178862711623,1.5452579862015823,5.351500487894126,-5.073178862711623,1.5452579862015823,5.351500487894126,130.2098913192749
-2.0450859243716706,0.6652337611022429,5.0,-3.0063864395050617,1.0722523891761293,5.34651362426731,-0.054116483136974425,-0.002892310140335106,-0.01074525758229233,-0.9984726236779993,-0.1365563992975291,-0.16301727961530466,0.20090147222789315,-0.007118577104847645,3.424514023464553e-05,0.012294056887185434,10824,745000000,8.41,0,2,4,-5.054631189295429,1.5696635123716223,5.385436121828993,-5.054631189295429,1.5696635123716223,5.385436121828993,130.61625981330872
-2.081663092373604,0.7438344969402783,5.0,-2.978916750009434,1.1001035269712174,5.38089547301581,-0.05299802671873832,-0.002835248162591253,-0.009975678439599546,-0.9985407635001416,-0.13233597728518293,-0.1687646268837584,0.19016916493665367,-0.008466311192023568,0.00013842294066535032,0.012589432753884466,10824,936000000,8.67,0,2,4,-5.027656952700951,1.6009124274362165,5.426733519328757,-5.027656952700951,1.6009124274362165,5.426733519328757,131.05445075035095
-2.12155034580164,0.8209305065850954,5.0,-2.9551252038690343,1.1257491241788273,5.409891555051369,-0.051982104569604615,-0.002772422870923126,-0.009266416493964548,-0.9986011756458629,-0.12838153861341298,-0.17371150047785822,0.18088432559912068,-0.008760713080846472,0.00027125003896344424,0.012873351442976855,10825,118000000,8.92,0,2,4,-4.996400702232961,1.6317840176895675,5.46517418659348,-4.996400702232961,1.6317840176895675,5.46517418659348,131.44695830345154
-2.1647013819922893,0.8963733779731449,5.0,-2.9348235880345306,1.1488601338887514,5.4340830752986875,-0.05108320507322783,-0.002710800624627833,-0.00869545065654393,-0.9986528660437016,-0.12467978861978987,-0.17790836028755258,0.17283847727020324,-0.007785771686030785,0.0003743197595440506,0.012844063439843012,10825,278000000,9.14,0,2,4,-4.965337544749217,1.6589778038043836,5.496969976560978,-4.965337544749217,1.6589778038043836,5.496969976560978,131.85723447799683
-2.2110630161493177,0.9700151894744863,5.0,-2.9122748913915153,1.1760322159071896,5.460378985417206,-0.0500675659742571,-0.0026368237079664163,-0.008064955335950957,-0.998709788924478,-0.12008530976760237,-0.18253616423460045,0.16366225636655235,-0.008112090654321946,0.0004079698044279212,0.01259971968465834,10825,424000000,9.34,0,2,4,-4.9360762105284985,1.6826951333866265,5.52306930798501,-4.9360762105284985,1.6826951333866265,5.52306930798501,132.2684302330017
-2.2605751003508394,1.0417088213510084,5.0,-2.8851878741727233,1.2111038184346863,5.491225397290931,-0.04884586482617426,-0.0025426590862472932,-0.00719432825707475,-0.9987771813648345,-0.11371499456164691,-0.18803069006821344,0.15226455333825623,-0.00879932522366289,0.00046083416407327604,0.011924443242605776,10825,598000000,9.55,0,2,4,-4.901055511625134,1.7099578384297294,5.551035550607148,-4.901055511625134,1.7099578384297294,5.551035550607148,132.6862030029297
-2.313170455097037,1.1113082769611964,5.0,-2.861951451323749,1.2436821021994373,5.517102375943505,-0.04783093589385495,-0.002450049930159756,-0.006339892395361164,-0.9988323205579968,-0.1075570557375292,-0.19280015203760317,0.14223096756471315,-0.00922227009141352,0.0005945181669630983,0.01089192428480601,10825,795000000,9.82,0,2,4,-4.857578288446018,1.7449919406320153,5.583606893206119,-4.857578288446018,1.7449919406320153,5.583606893206119,133.08390522003174
-2.368774814152509,1.178669013360757,5.0,-2.839846982833981,1.2771795013721203,5.541246900551701,-0.04691467620748507,-0.002348226281663995,-0.005532144371552355,-0.9988808209032394,-0.10106867787781115,-0.19733288661132048,0.13236153593265296,-0.008659820923639927,0.0007403724225696351,0.00972154239207157,10825,987000000,10.06,0,2,4,-4.820707033286922,1.7779526287508487,5.610986237524706,-4.820707033286922,1.7779526287508487,5.610986237524706,133.53747415542603
-2.427306783441804,1.2436482809025367,5.0,-2.8234845101961206,1.3038557195038183,5.558845780312273,-0.046271470028036166,-0.002268115279087266,-0.00496457575373307,-0.9989139901423498,-0.0956070929696195,-0.20083704227197297,0.12476503815149931,-0.007871410616644425,0.0007331286951739457,0.008843528576107929,10826,140000000,10.29,0,2,4,-4.787270385230506,1.8125681565281684,5.63680041505097,-4.787270385230506,1.8125681565281684,5.63680041505097,133.98317551612854
-2.4886778147590656,1.3061054713914066,5.0,-2.803565527446785,1.338921646608859,5.579984866164278,-0.04555527078418381,-0.002162450539620316,-0.004230321406084299,-0.9989505220441324,-0.08840468002781698,-0.20492062946779144,0.11519140491723587,-0.008283504575956613,0.0007817201492343884,0.007095752562236157,10826,300000000,10.46,0,2,4,-4.7644135200927025,1.8408073084882315,5.655937673311656,-4.7644135200927025,1.8408073084882315,5.655937673311656,134.41514992713928
-2.5527921950528976,1.365902474300486,5.0,-2.783042102951349,1.3788254207598405,5.601519417838502,-0.04496789594435813,-0.0020452531915765458,-0.003386740659186741,-0.9989805980405361,-0.07961446331148533,-0.20903639356320652,0.1047102759762214,-0.00831976658446365,0.0008043604282192973,0.004973274917574599,10826,430000000,10.68,0,2,4,-4.739571530750257,1.8788792198830508,5.679381004615581,-4.739571530750257,1.8788792198830508,5.679381004615581,134.81593227386475
-2.6195470520451885,1.422904040504092,5.0,-2.766102287926061,1.4155304722187751,5.6192046441548875,-0.0446782649148561,-0.0019275477888016314,-0.0025802481938789483,-0.9989962359903954,-0.07127478096478618,-0.2125122836033591,0.09561914590668057,-0.008768474526732462,0.0009992227319344238,0.002051267188107886,10826,616000000,10.9,0,2,4,-4.718197122045439,1.9234570295472304,5.703919206857499,-4.718197122045439,1.9234570295472304,5.703919206857499,135.2597849369049
-2.688832376937758,1.4769781529302695,5.0,-2.7539639847616373,1.4445716046619457,5.6318899154569335,-0.04461803171096179,-0.0018328355664031428,-0.0019913088938245407,-0.9990004537781328,-0.06434233302439846,-0.21508590456951762,0.08867092805785279,-0.008219532264774898,0.0009703557907414506,-6.174991940000041e-06,10826,790000000,11.07,0,2,4,-4.704563797895301,1.9655291478635857,5.724642774210161,-4.704563797895301,1.9655291478635857,5.724642774210161,135.66942048072815
-2.760531064952948,1.527996403481804,5.0,-2.7443040312627094,1.4697886524739647,5.642037378986666,-0.04467133226129655,-0.0017528960069586575,-0.0014997906811427533,-0.9989990741024248,-0.05828132678549881,-0.21706236982274651,0.08288999699530988,-0.008329397587658605,0.0009370968371058552,-0.0017602059415366966,10826,947000000,11.18,0,2,4,-4.697356884260348,1.9994060590741778,5.7398669913126135,-4.697356884260348,1.9994060590741778,5.7398669913126135,136.06853532791138
-2.8345189744435983,1.5758343755192035,5.0,-2.7311868766133784,1.5081274696004703,5.656014444454633,-0.04498343252088488,-0.0016365160347095711,-0.0007310536284089312,-0.9989861251161096,-0.04859879539849675,-0.21967612907322703,0.0742518514047835,-0.00880957959452644,0.0008897853263079014,-0.00525805153301917,10827,89000000,11.27,0,2,4,-4.69299403617087,2.0290517818164298,5.752213242023739,-4.69299403617087,2.0290517818164298,5.752213242023739,136.49983644485474
-2.9106650052939886,1.6203720311424952,5.0,-2.719859636244703,1.5470416985558544,5.668510819538166,-0.045671884599436385,-0.001519476917241603,9.277396578859286e-05,-0.9989553351076437,-0.03786856149282196,-0.2220255722501454,0.06580181158136664,-0.0090007758444699,0.0009054751842541009,-0.00944525136219454,10827,256000000,11.37,0,2,4,-4.685833054786994,2.073340111063027,5.769114423968313,-4.685833054786994,2.073340111063027,5.769114423968313,136.91672921180725
-2.988831197316232,1.6614941024508862,5.0,-2.7104057444706893,1.5864984856390207,5.679624613732987,-0.04673504105111298,-0.0014023961441560885,0.0009202451849724725,-0.9989059126723623,-0.026736637012923316,-0.22413766454877368,0.0580537274775193,-0.00894052545845625,0.0008586971830482071,-0.013500044951797463,10827,434000000,11.41,0,2,4,-4.673788281691407,2.1160612483042223,5.7836131327295845,-4.673788281691407,2.1160612483042223,5.7836131327295845,137.36000561714172
-2.988831197316232,1.6614941024508862,5.0,-2.7036028118263475,1.6219949432919716,5.688418651556397,-0.04795175806999491,-0.0013042388618446682,0.0016050954481473473,-0.9988475116490956,-0.016386712229287177,-0.22573605368868552,0.05140284231466911,-0.008291409358207602,0.0007653257910078537,-0.01652946612011874,10827,613000000,11.41,0,2,4,-4.655839940543401,2.1569302205031855,5.79564723875725,-4.655839940543401,2.1569302205031855,5.79564723875725,137.8180694580078
-3.0688728493258006,1.6990904859004263,5.0,-2.6983517925708758,1.6578509747933148,5.696226575368964,-0.04942522811589334,-0.001206223688560553,0.0022731511798545112,-0.9987745114057618,-0.005751419140218804,-0.2269447890101645,0.04500173562053486,-0.008241801515396219,0.0008051205270476203,-0.02008505125559168,10827,804000000,11.37,0,2,4,-4.6355276778408605,2.1919398006051725,5.804384591964468,-4.6355276778408605,2.1919398006051725,5.804384591964468,138.25732278823853
-3.150638659555576,1.7330566388201085,5.0,-2.693582454511865,1.7075959485133088,5.7054246230823304,-0.05183140448881374,-0.0010594436658417918,0.003104241296581831,-0.9986504627615251,0.00746039143472081,-0.22756162601348467,0.03669755350871123,-0.007540382603110629,0.0009703650448500412,-0.023073766169545706,10827,955000000,11.31,0,2,4,-4.6118832771242175,2.225951113727916,5.811410204116203,-4.6118832771242175,2.225951113727916,5.811410204116203,138.73447513580322
-3.2339708880394786,1.7632939770863434,5.0,-2.6911159509350755,1.753025122168477,5.712324394985467,-0.054130293475100844,-0.0009057036171626984,0.0038500408356701996,-0.9985260478399252,0.013338271912961455,-0.22698399431529176,0.02947663611753029,-0.0067162451614422025,0.0013809723554913944,-0.02116250616381876,10828,136000000,11.19,0,2,4,-4.577575760143935,2.272138428229955,5.818722165058844,-4.577575760143935,2.272138428229955,5.818722165058844,139.24153423309326
-3.3187055415643685,1.7897102728947218,5.0,-2.687844968606532,1.7843399393834953,5.7162235786708155,-0.054927723730015476,-0.0006890608760218295,0.004259577083890011,-0.998481009515962,-0.008902323347077834,-0.22356933787483232,0.02316156066356132,-0.00587588378948567,0.0035317046467753244,-0.004714184387921705,10828,326000000,11.07,0,2,4,-4.5508340067046165,2.3153960367464697,5.823710819042272,-4.5508340067046165,2.3153960367464697,5.823710819042272,139.69701647758484
-3.404672581752349,1.8122200515066011,5.0,-2.6797755833882957,1.8190344433881265,5.719578447372678,-0.054458963012844086,-0.00034904985975801666,0.004702389805061933,-0.9985048758227886,-0.04660923469374655,-0.21871702135730148,0.014896151812756641,-0.005715100996894762,0.004188369211988174,0.018496528537070844,10828,496000000,11.08,0,2,4,-4.537412785373126,2.3471927019390244,5.8265690108074315,-4.537412785373126,2.3471927019390244,5.8265690108074315,140.12919974327087
-3.4916961567944793,1.8307449857865232,5.0,-2.659868783887085,1.860121119255743,5.721763699756114,-0.05126032050554863,6.539288880695647e-05,0.005256538370520087,-0.9986714895649107,-0.10465402071233776,-0.21134138369585456,0.003397273341621861,-0.0056262837006215705,0.003697048623507726,0.04172945009486284,10828,637000000,11.24,0,2,4,-4.528581877756869,2.3853417415603793,5.8293268311863455,-4.528581877756869,2.3853417415603793,5.8293268311863455,140.65954732894897
-3.5795948573113288,1.8452142872850619,5.0,-2.6226664547658523,1.90634944202025,5.72155702544499,-0.04566097113434864,0.00042606010849196565,0.0058686612045476295,-0.9989396643459093,-0.16036667689806247,-0.20251244118365958,-0.008682792703397514,-0.004902494902125909,0.0024616399059596006,0.048134979806491174,10828,771000000,11.69,0,2,4,-4.526860237008957,2.4354883396954707,5.831997560531538,-4.526860237008957,2.4354883396954707,5.831997560531538,141.1340765953064
-3.668181996765292,1.8555650925605742,5.0,-2.5840516883134397,1.942996654826916,5.719497621752637,-0.04105452687599398,0.0006233165868077947,0.006336237905513226,-0.999136621983513,-0.1873936399380634,-0.19638301373762787,-0.01612662849434384,-0.004547287790046539,0.0017487422269368835,0.042144676626776345,10828,942000000,12.38,0,2,4,-4.537291382340779,2.4986866949859925,5.8340182478529865,-4.537291382340779,2.4986866949859925,5.8340182478529865,141.6637146472931
-3.757265916794269,1.8617428433729168,5.0,-2.5527916587556585,1.9719027622483294,5.714580542507433,-0.03882917578142514,0.0007375189043471301,0.006752319110024644,-0.9992227766422446,-0.17436227395950207,-0.19415891842661714,-0.057671404703617556,-0.006832937333456357,0.001493112631578697,0.018300802912563086,10829,129000000,12.91,0,2,4,-4.552902925748726,2.5526138800187397,5.834744622342503,-4.552902925748726,2.5526138800187397,5.834744622342503,142.07332372665405
-3.8466503177757674,1.863701659322577,5.0,-2.5282299774836825,1.997428319764439,5.703653473427831,-0.03826801434603622,0.0008567200235453363,0.007386784602455123,-0.999239841340431,-0.14409745017756456,-0.19472418576163814,-0.10011737553044164,-0.010817553265951574,0.0010499119639462151,-0.0022494951053886325,10829,301000000,13.16,0,2,4,-4.566945398459726,2.595633826084025,5.83211043904485,-4.566945398459726,2.595633826084025,5.83211043904485,142.4789924621582
-3.9361346148648746,1.8614047014503705,5.0,-2.506397129296127,2.0274501875548774,5.684447673933066,-0.03920942397983268,0.0009606017935101072,0.008336675740925599,-0.9991957756881054,-0.1012580311496104,-0.1965215615402714,-0.14289121001269267,-0.012816038452001521,0.0004631898320894834,-0.018883625853050034,10829,457000000,13.22,0,2,4,-4.576939220302452,2.632060875926786,5.822758301125419,-4.576939220302452,2.632060875926786,5.822758301125419,142.87764239311218
-4.025514319678319,1.8548245252560556,5.0,-2.488388592024261,2.0661905457021548,5.65167612267607,-0.04179300250400131,0.0010810735451103354,0.00968029746077917,-0.999078809735629,-0.04992764370839745,-0.1978485274654575,-0.1886603243064255,-0.014185851796355564,0.0002381275990614995,-0.031035639040055685,10829,631000000,13.13,0,2,4,-4.584371421433884,2.671858616217729,5.804546795617799,-4.584371421433884,2.671858616217729,5.804546795617799,143.29021954536438
-4.025514319678319,1.8548245252560556,5.0,-2.481551013644748,2.093989451641442,5.6237773868572845,-0.04420568580166223,0.0011752627755307245,0.01066553434892587,-0.9989648254454533,-0.01574284368142078,-0.19786743954244113,-0.21574847812735148,-0.014365338756761048,0.0002565502057905178,-0.03713413389050402,10829,844000000,12.88,0,2,4,-4.587659120857509,2.718844161302508,5.771829277139314,-4.587659120857509,2.718844161302508,5.771829277139314,143.7264895439148
-4.11458144772037,1.8439434215393662,5.0,-2.4791310196717964,2.1222532729551062,5.59237884555996,-0.04698351635824499,0.0012544399885434203,0.011699442846818581,-0.9988263605892684,0.01645323924733246,-0.19696061795446157,-0.23932732759961559,-0.015160586644924479,-4.033870322217581e-05,-0.04207245510770008,10830,57000000,12.65,0,2,4,-4.586613754349587,2.7501309273576378,5.743313490128962,-4.586613754349587,2.7501309273576378,5.743313490128962,144.16035413742065
-4.203124951564095,1.8287537434143732,5.0,-2.4814830740060807,2.1549628931381033,5.552914995907442,-0.050534429627906496,0.0013314843351173618,0.012879733386506862,-0.9986383785132333,0.05062305515476312,-0.19466302732112578,-0.26133974773181057,-0.014409664890990825,-0.0005048151194841921,-0.04629639115591999,10830,200000000,12.38,0,2,4,-4.583283715894682,2.780238557299312,5.710904805005039,-4.583283715894682,2.780238557299312,5.710904805005039,144.58639216423035
-4.290931179713607,1.809258217798236,5.0,-2.490049332404019,2.1920648309284685,5.504899514855703,-0.05485799600580393,0.0013676036901876729,0.014174120392788446,-0.9983926202879629,0.08552276626849245,-0.1906277447914601,-0.2808661935167907,-0.014042247676115949,-0.0016527599882465438,-0.049571137424209155,10830,347000000,12.05,0,2,4,-4.57719702464687,2.81332270050555,5.6698854237416105,-4.57719702464687,2.81332270050555,5.6698854237416105,145.02050065994263
-4.3777843609793425,1.7854702396286055,5.0,-2.504271306307012,2.229275046787036,5.453888743617578,-0.05942298820700409,0.0012947203822218046,0.015380639852580601,-0.9981135547067814,0.116748732978081,-0.18533408186708553,-0.29586325768206206,-0.012600813624885632,-0.003149477333863615,-0.05179526415304281,10830,544000000,11.66,0,2,4,-4.568142903456459,2.848981133229161,5.619613219748644,-4.568142903456459,2.848981133229161,5.619613219748644,145.47527408599854
-4.463467114098955,1.757414147020783,5.0,-2.523503665240231,2.2664152569664417,5.400600927965323,-0.0641476710218003,0.0010886745339556596,0.016528090719100868,-0.9978029431242519,0.14431472287993657,-0.17893436583479158,-0.30700820296378517,-0.01185291939691524,-0.00467691838821338,-0.053178083908278495,10830,772000000,11.26,0,2,4,-4.557557264254469,2.8830949185160235,5.565961517064464,-4.557557264254469,2.8830949185160235,5.565961517064464,145.92000269889832
-4.54776098223119,1.7251254755365253,5.0,-2.547176968010527,2.303279657012834,5.345733058887707,-0.06896099431325375,0.0007786887810365718,0.017608876619576854,-0.9974636346109597,0.1686643449640302,-0.17134746910838192,-0.314238360438467,-0.010862546878342982,-0.005608581113847322,-0.05381158698583022,10830,998000000,10.84,0,2,4,-4.546119964448026,2.9157707142763365,5.50971302822615,-4.546119964448026,2.9157707142763365,5.50971302822615,146.4322235584259
-4.54776098223119,1.7251254755365253,5.0,-2.5814253960130356,2.347689403294439,5.277468881177979,-0.07489228519281832,0.0003020189221966535,0.018763890404495536,-0.9970150303882365,0.1939666564536397,-0.1610564835113302,-0.3188357381053498,-0.009081548705580644,-0.0067850920459022745,-0.053714081514044665,10831,145000000,10.44,0,2,4,-4.534358814578041,2.947114423658971,5.451506059168862,-4.534358814578041,2.947114423658971,5.451506059168862,146.9247579574585
-4.630446991838981,1.6886511897017635,5.0,-2.626594216242126,2.398553012148545,5.195820313442634,-0.08146541950605629,-0.0006329024754213163,0.019845645634221983,-0.9964783666535464,0.19966530707036903,-0.14684410032814327,-0.32342327547907546,-0.006745939435859327,-0.011869562422361923,-0.04456048409338109,10831,278000000,9.94,0,2,4,-4.520319027195413,2.9836517292673173,5.378680873719928,-4.520319027195413,2.9836517292673173,5.378680873719928,147.55947923660278
-4.711306235361156,1.6480498898808675,5.0,-2.6681134690987087,2.445740323273585,5.112557229512475,-0.08626473247313404,-0.002249030597302904,0.02071753094144052,-0.996054276485173,0.16375830624969231,-0.13130370752078419,-0.33153972408953825,-0.005877228340978036,-0.015420222734974232,-0.027355526435712818,10831,461000000,9.42,0,2,4,-4.505248476926105,3.0243132252172393,5.2915429163407275,-4.505248476926105,3.0243132252172393,5.2915429163407275,148.17836093902588
-4.790120476949589,1.6033919925910052,5.0,-2.6887610061909366,2.474696186751322,5.05337823805737,-0.08806742834479658,-0.0035353414860957583,0.021269381322114856,-0.9958811389134172,0.11572023563072435,-0.1193207423787053,-0.3389243469342952,-0.0037774014572278247,-0.013879581547371345,-0.014629536417487543,10831,646000000,9.06,0,2,4,-4.492717966126674,3.0623021346875583,5.204367479387802,-4.492717966126674,3.0623021346875583,5.204367479387802,148.66261434555054
-4.866672780420349,1.5547598823221744,5.0,-2.7032848674715004,2.5053458208824697,4.979519735254008,-0.08922470315603565,-0.004627538911643431,0.02186888173604909,-0.9957606591154087,0.059645806086313535,-0.1039599364878427,-0.343768006923029,-0.004216691195324529,-0.007301716914298595,-0.00777783343437477,10831,782000000,8.97,0,2,4,-4.48611026611918,3.0871830598131287,5.144453395963633,-4.48611026611918,3.0871830598131287,5.144453395963633,149.16944646835327
-4.940748158433628,1.502248032917247,5.0,-2.7075681236270173,2.5288190306557867,4.91171333805736,-0.0899736180159843,-0.004998137856609014,0.022230260634303313,-0.995683474901141,0.01843789655422944,-0.09103937102521534,-0.3443134518005685,-0.0020418800431798445,-0.0014494883998850128,-0.007010556055320194,10831,930000000,8.97,0,2,4,-4.4866080309678855,3.117897815383096,5.072009807215142,-4.4866080309678855,3.117897815383096,5.072009807215142,149.65618443489075
-5.012134241778318,1.4459630965622292,5.0,-2.7055281189045504,2.5467553761992874,4.850691000882199,-0.09067191816472975,-0.004938537090532271,0.022117864212510267,-0.9956229277143083,-0.011846678855453601,-0.08046907444909633,-0.3419703556678757,0.002285490904796461,0.002327000811419566,-0.008277415508928243,10832,88000000,8.98,0,2,4,-4.499841396423058,3.147651834941269,5.006928280857446,-4.499841396423058,3.147651834941269,5.006928280857446,150.10158610343933
-5.080621967492752,1.3860239584408682,5.0,-2.699832532764892,2.5603192307667073,4.796833911713747,-0.09143983259384275,-0.004653424367841651,0.022023634373814743,-0.9955561572236049,-0.03460740297710058,-0.07065515395780818,-0.337804254475662,0.0010135240358977171,0.004319931895224727,-0.010952388402074575,10832,265000000,8.97,0,2,4,-4.523370050293495,3.1764516455342586,4.949006381952956,-4.523370050293495,3.1764516455342586,4.949006381952956,150.5634777545929
-5.146006284404249,1.3225617551199518,5.0,-2.6897803765665684,2.5729254114595093,4.737092254189318,-0.09258969723328542,-0.004186302527026798,0.021837631437852195,-0.9954560465889919,-0.05625365484661432,-0.059567747585288856,-0.3310650983548831,0.0023533774310635636,0.0056390766985714436,-0.014760748672415502,10832,455000000,8.93,0,2,4,-4.552456027068043,3.203311331294426,4.898317204608842,-4.552456027068043,3.203311331294426,4.898317204608842,151.02616906166077
-5.20808687451648,1.2557198547530424,5.0,-2.671625339048154,2.5854635261894283,4.659491704509307,-0.09467222930201358,-0.0034286514905377333,0.02135197308001397,-0.9952735837916796,-0.07422586517451038,-0.04509537522816009,-0.318730900996387,0.005525759479496628,0.008452604743069969,-0.0191482078662375,10832,631000000,8.85,0,2,4,-4.591790663368095,3.2340603726965043,4.842623712098807,-4.591790663368095,3.2340603726965043,4.842623712098807,151.6009500026703
-5.266668888515909,1.1856537972215457,5.0,-2.658194006393272,2.592729355389633,4.603525524134466,-0.09636447138954879,-0.0024377387075975986,0.020717669513166052,-0.9951274914571244,-0.0638880561604931,-0.037445369977701856,-0.30661852672251544,0.006221466856004554,0.012438763678801479,-0.019154098663420882,10832,810000000,8.68,0,2,4,-4.648137627220396,3.2734558903435635,4.771323058383369,-4.648137627220396,3.2734558903435635,4.771323058383369,152.07192540168762
-5.321563693507126,1.112531192373411,5.0,-2.6511022229177517,2.599163905627572,4.555881769950357,-0.09778977285752255,-0.0012138514743858953,0.020136294323844228,-0.9950026213734191,-0.010962396388388652,-0.035129187786340235,-0.2922748004118851,0.005552074344450375,0.01735499008646002,-0.017415456932212692,10833,28000000,8.56,0,2,4,-4.688272984740795,3.300137540315305,4.7202430799321204,-4.688272984740795,3.300137540315305,4.7202430799321204,152.55190563201904
-5.372589630922011,1.0365315745723227,5.0,-2.6537316991943944,2.607898262260938,4.505210971948519,-0.09921326359901544,0.00023067460003037797,0.019591903373267355,-0.9948732745618778,0.051715871441474034,-0.03199629092752866,-0.2748759319941866,0.004066729388796375,0.014385344911715947,-0.015184119456534972,10833,293000000,8.48,0,2,4,-4.721172361482282,3.321461153900988,4.676575418719131,-4.721172361482282,3.321461153900988,4.676575418719131,152.98195791244507
-5.419572782380206,0.9578462118343007,5.0,-2.6668425596007435,2.617895265682222,4.457718445688737,-0.10039616127484602,0.0012133363120350477,0.01895707464741294,-0.9947661875722762,0.10743046193007062,-0.02773125811879783,-0.25701511414218564,0.006307622516033007,0.008501634147251025,-0.012071517721778946,10833,542000000,8.44,0,2,4,-4.754549064496481,3.34253949622287,4.629561984524324,-4.754549064496481,3.34253949622287,4.629561984524324,153.4028923511505
-5.46234774110858,0.8766778679051002,5.0,-2.686220215595277,2.627499182287612,4.418176881816262,-0.10113414274668603,0.0016151554104283615,0.018329130606611524,-0.9947026286358644,0.14981625713440314,-0.023018430181805334,-0.24079926519386802,0.007473872346963617,0.0032623928746033926,-0.007163571444834815,10833,734000000,8.42,0,2,4,-4.784536805188027,3.360588701839898,4.5849661822258145,-4.784536805188027,3.360588701839898,4.5849661822258145,153.84327793121338
-5.500758386356226,0.7932405157210881,5.0,-2.7118126737833355,2.637446189381653,4.381205516793675,-0.10144200561784489,0.0016342854940434338,0.017722972756738124,-0.9946822330995044,0.1850374243155591,-0.01769048829877324,-0.2241363337384878,0.007464527743650251,-0.0009118277205288905,-0.0007362876544902974,10833,950000000,8.42,0,2,4,-4.808817657028959,3.374205269204084,4.547377680030549,-4.808817657028959,3.374205269204084,4.547377680030549,154.28898429870605
-5.53465865806953,0.7077590007991627,5.0,-2.7467505568855417,2.648632561856298,4.342802934736662,-0.10112586056782624,0.001319171857978434,0.017078938057881764,-0.9947261582892251,0.21700161196796755,-0.011117449918967045,-0.20506253001287617,0.00737196087357006,-0.004008233645436121,0.007474138874385972,10834,158000000,8.46,0,2,4,-4.831235062267061,3.3856485946519843,4.511695517173945,-4.831235062267061,3.3856485946519843,4.511695517173945,154.7470703125
-5.563913328919968,0.6204686532182451,5.0,-2.786962322362009,2.659410281178818,4.3078514342563015,-0.10006313802492806,0.0007658899408450638,0.01639600389671683,-0.9948456929983772,0.24206764694321148,-0.004270052603183797,-0.18596035417448337,0.008016665651666699,-0.005778518971055746,0.015106055798241869,10834,324000000,8.57,0,2,4,-4.854606607789203,3.396031280320091,4.473827760667314,-4.854606607789203,3.396031280320091,4.473827760667314,155.1798894405365
-5.588398770606261,0.5316148469865358,5.0,-2.831392757385911,2.669495721124568,4.2762599925188125,-0.09834865658171188,9.094971315715909e-05,0.01570288593481856,-0.9950281166128122,0.2615082012173179,0.0025936225360815622,-0.1677864761716119,0.008093914402707014,-0.006579953605978517,0.02215126351075014,10834,493000000,8.75,0,2,4,-4.8763755445058345,3.403844957509839,4.438400393966314,-4.8763755445058345,3.403844957509839,4.438400393966314,155.61041855812073
-5.608003711183438,0.44145250573565586,5.0,-2.8791338538515396,2.6786806354246657,4.248292349918758,-0.09605739494159043,-0.0006219869104893182,0.01502959753760856,-0.9952621268827504,0.2762067409941198,0.008529075855678237,-0.13537830963705175,0.007805899622326251,-0.006575536372110946,0.028404748809407465,10834,681000000,9.0,0,2,4,-4.896827269675013,3.4091934833775452,4.4053841877077184,-4.896827269675013,3.4091934833775452,4.4053841877077184,156.10361981391907
-5.62262998000515,0.3502455538454226,5.0,-2.935067243364349,2.687717390325172,4.230068644212235,-0.09286792650025033,-0.001246804397482577,0.014291845159418098,-0.9955750784688604,0.2880547586860005,0.013029581851834015,-0.05470722100280438,0.007368450633293833,-0.002993619932567526,0.03484344451862853,10834,917000000,9.31,0,2,4,-4.916197698615421,3.4122278198488174,4.375119531642511,-4.916197698615421,3.4122278198488174,4.375119531642511,156.66356301307678
-5.6321932367033956,0.25826631228190566,5.0,-3.003673332512371,2.6962168339135677,4.2278544435639365,-0.08825522994574381,-0.0014174057916774554,0.013388422258716778,-0.9960069053462772,0.28296659552650294,0.02135032047852471,0.028121786858012855,0.007767913848510943,0.002179797343160317,0.04105050793441478,10835,92000000,9.74,0,2,4,-4.93666457377847,3.413122054576495,4.35341828205398,-4.93666457377847,3.413122054576495,4.35341828205398,157.24716901779175
-5.6366236804729155,0.16579483862679936,5.0,-3.0687872606428783,2.7004961017534788,4.243584563870408,-0.08316276898877889,-0.0010442333284207501,0.012504432868737387,-0.9964569747809013,0.25620222918412183,0.03289364352064629,0.09701884324213199,0.008634010737296194,0.005865780576641555,0.043428347635199316,10835,246000000,10.37,0,2,4,-4.959961980282507,3.410902032412896,4.346277971756108,-4.959961980282507,3.410902032412896,4.346277971756108,157.80326771736145
-5.635866735777037,0.07311821098866865,5.0,-3.120918583341237,2.699414876295645,4.271203428347789,-0.07835258328158085,-0.00046230621939773436,0.011574759732064826,-0.9968584071487823,0.21212087857022163,0.0466755662301609,0.15062573944417662,0.009170139037451008,0.007121324460968026,0.043744913273258135,10835,435000000,11.08,0,2,4,-4.982017049782867,3.4052469628819404,4.357242614687204,-4.982017049782867,3.4052469628819404,4.357242614687204,158.4457607269287
-5.629883710449162,-0.01947024428380043,5.0,-3.1626710612883797,2.692709042571008,4.309558087534717,-0.07372614004606842,0.0002381443827639794,0.010530238355367847,-0.9972229006803541,0.15755191311209962,0.0626355848150982,0.19637859814177178,0.011185911807842785,0.007839788577257423,0.040050712777883746,10835,614000000,11.75,0,2,4,-5.001162837058031,3.3972761248141308,4.381032317785338,-5.001162837058031,3.3972761248141308,4.381032317785338,158.99247646331787
-5.61865242203085,-0.11167178091919192,5.0,-3.1929446656491787,2.680284122064477,4.356839123803785,-0.06981982566400236,0.0010081468028441407,0.009239670824786828,-0.9975163176947641,0.10262460096196768,0.07902846750609718,0.23345938619428042,0.01267303632630501,0.008036028702917974,0.03091831604251638,10835,774000000,12.41,0,2,4,-5.019219095239975,3.3867861422157333,4.415867728992815,-5.019219095239975,3.3867861422157333,4.415867728992815,159.49345922470093
-5.60216778806488,-0.2031831166393795,5.0,-3.2096705270336257,2.666214541007576,4.400990227348899,-0.06762796801827864,0.001612068293161365,0.008112879129079518,-0.9976763204415416,0.06257849952521151,0.09170150651014393,0.258498126469011,0.010145622582058422,0.007007925069046905,0.02005507831199793,10835,916000000,12.96,0,2,4,-5.036141640986112,3.3738884421894824,4.459357714098817,-5.036141640986112,3.3738884421894824,4.459357714098817,159.9670433998108
-5.5804423759517086,-0.2936973719598432,5.0,-3.219229791953119,2.6511167084862484,4.44367404440338,-0.06672072823909664,0.002071454572604459,0.0071076535172520505,-0.9977442231156624,0.03175962483224406,0.10227228726923687,0.27670940173769615,0.011416035613365239,0.006175634007377084,0.004186957767160493,10836,105000000,13.29,0,2,4,-5.049150741600253,3.361677325992881,4.500044187694464,-5.049150741600253,3.361677325992881,4.500044187694464,160.43795490264893
-5.553506907881683,-0.38290506286009296,5.0,-3.225217749002592,2.62921913675079,4.500668532742485,-0.06750011686353141,0.002566885065259033,0.005792262845797663,-0.997699150553711,-0.001231585623903986,0.11439666306640903,0.2944433390196953,0.012719418828055495,0.005457785073303967,-0.018782115512294695,10836,297000000,13.45,0,2,4,-5.060252118305108,3.3497300635278227,4.539311316522698,-5.060252118305108,3.3497300635278227,4.539311316522698,160.92043089866638
-5.5214107162752395,-0.47049514599288356,5.0,-3.22548297070414,2.6017407458259414,4.566797557367758,-0.07097335682857603,0.003075542614137163,0.004436134822414943,-0.9974636055345325,-0.030425611592667285,0.1257707904945138,0.30779913680936405,0.010771857068903046,0.004409558869156172,-0.03977449159719981,10836,473000000,13.43,0,2,4,-5.075184594029852,3.3341940457130756,4.591672250311875,-5.075184594029852,3.3341940457130756,4.591672250311875,161.43644404411316
-5.484222145100808,-0.5561561147666688,5.0,-3.22198056805027,2.5745020490162163,4.62908430795283,-0.07535471879370848,0.003329606124986478,0.0034801022090199057,-0.9971451594262433,-0.04610856628712463,0.13270389049124026,0.3161729331680629,0.007807832298567519,0.0017846093896878301,-0.04640150837076362,10836,644000000,13.09,0,2,4,-5.094625245094128,3.317090784939241,4.652518048333714,-5.094625245094128,3.317090784939241,4.652518048333714,161.9220130443573
-5.442028892397166,-0.6395771442850378,5.0,-3.218935206532112,2.5495584671840654,4.686194630947015,-0.07867285425966652,0.00298040335830723,0.0027395124704423257,-0.9968922681362732,-0.034354217888960106,0.13180968228400142,0.3194497196310869,0.007909105261205696,-0.006228310621736455,-0.030683666045661084,10836,835000000,12.64,0,2,4,-5.114993229698257,3.3015479559959564,4.709934602777861,-5.114993229698257,3.3015479559959564,4.709934602777861,162.40122866630554
-5.394938289305385,-0.7204492827602554,5.0,-3.219376439939901,2.5310713690893034,4.730870102921038,-0.08007660223723084,0.0021751565157727398,0.002288965574582933,-0.9967837112959212,-0.0045662420281154395,0.12648994598764074,0.31974022939716445,0.0071351631504512625,-0.01438957870050217,-0.011237369562877575,10837,100000000,12.28,0,2,4,-5.133776449046502,3.2869899960172098,4.762633669704661,-5.133776449046502,3.2869899960172098,4.762633669704661,162.84906888008118
-5.343077510917503,-0.7984666866361086,5.0,-3.227057169116401,2.507178553207353,4.794567956160733,-0.08037680234684891,0.0005969083528881674,0.0016834710321602362,-0.99676295039001,0.03766189427105367,0.11962624887002068,0.3179558651372201,0.007320905933738686,-0.014622537128161639,0.0024554682340749423,10837,331000000,12.12,0,2,4,-5.147631832350771,3.274965942881345,4.803930662739781,-5.147631832350771,3.274965942881345,4.803930662739781,163.28106546401978
-5.286593714276308,-0.8733278962592992,5.0,-3.241913863866146,2.4856710400844153,4.8576175128486145,-0.07973131046212023,-0.0006808237980882805,0.001057344818990478,-0.9968155981087388,0.07200295196500453,0.11513470964294843,0.3132936658954817,0.007031206087049213,-0.009859777037490858,0.009355052952741971,10837,543000000,12.07,0,2,4,-5.165126690318223,3.2563473905254123,4.862804738372954,-5.165126690318223,3.2563473905254123,4.862804738372954,163.72386240959167
-5.2256540989155775,-0.9447371485293901,5.0,-3.257909339078888,2.469677829597773,4.907300019048773,-0.07875498301509892,-0.0013428833552115889,0.0005748730521119822,-0.9968929324835039,0.09333102991485673,0.11311316380355729,0.3081257471726458,0.006425304900403717,-0.006023814557920559,0.014222484060155693,10837,761000000,12.13,0,2,4,-5.179917367260119,3.236004924756601,4.920993173808115,-5.179917367260119,3.236004924756601,4.920993173808115,164.1692020893097
-5.160445885414503,-1.0124057225364496,5.0,-3.279343512622477,2.4526006399111084,4.962154116248613,-0.07721143998894886,-0.0017370203102448807,-0.0001741605224710416,-0.997013212532004,0.11241110455096467,0.11145718276569674,0.30081245124327555,0.00938561070142896,-0.0017499368709650298,0.019910037008230574,10837,985000000,12.24,0,2,4,-5.189934030849514,3.2185356493380004,4.966844509221225,-5.189934030849514,3.2185356493380004,4.966844509221225,164.6540470123291
-5.091176207556139,-1.076053313764426,5.0,-3.306388213677892,2.434385257439812,5.021353701843266,-0.07484952591584304,-0.0017507583697740261,-0.0011663628072640286,-0.9971926207674753,0.12786825588417391,0.11064604332660495,0.29056258580763394,0.009419706020707963,0.002243134485979681,0.026381930911156815,10838,174000000,12.42,0,2,4,-5.199383178317727,3.197678826398368,5.017494221230619,-5.199383178317727,3.197678826398368,5.017494221230619,165.10968160629272
-5.018071913829636,-1.1354094319985468,5.0,-3.345047765654727,2.4112588762216776,5.09513365227792,-0.07099153978036693,-0.0012995291514175209,-0.0022182014730483634,-0.9974736047063211,0.13966117840051023,0.11093810623072023,0.2760274343004247,0.007712077876931289,0.0054075755087978905,0.031324063093052246,10838,327000000,12.71,0,2,4,-5.207680190344398,3.1730584846048826,5.072301628044051,-5.207680190344398,3.1730584846048826,5.072301628044051,165.6682858467102
-4.941379274201433,-1.1902148176291472,5.0,-3.3760005053637907,2.3933600873373786,5.14937040085983,-0.06785199543931436,-0.0007471214104555082,-0.0029879192873125612,-0.9976906438685458,0.14201493722602143,0.1121905239796515,0.2654753807683604,0.006933268832653994,0.006317430870694807,0.03066190711251693,10838,522000000,13.17,0,2,4,-5.215199029936925,3.138908186152584,5.140862855019935,-5.215199029936925,3.138908186152584,5.140862855019935,166.30588293075562
-4.861363588304209,-1.2402228705937084,5.0,-3.3967460684095805,2.3801409127250577,5.186178890180141,-0.06634376948264997,-0.00019672845493937758,-0.0034888267842858056,-0.9977907063289461,0.12794201122296714,0.11757120496822115,0.25927093064573614,0.006110052800067933,0.009177134870697046,0.015533257010247326,10838,757000000,13.55,0,2,4,-5.2186116527140225,3.111115054371138,5.19131159806421,-5.2186116527140225,3.111115054371138,5.19131159806421,166.76061367988586
-4.778308691455196,-1.2852010857470126,5.0,-3.420649790480562,2.35848077019166,5.2373882581153595,-0.06653646055794171,0.0010781565512815784,-0.004360154640177073,-0.9977738852297076,0.07487897569279443,0.13376821842165063,0.25176833582337155,0.0077504358159785625,0.01713152687443653,-0.019759180759137962,10838,953000000,13.74,0,2,4,-5.219969888778381,3.090992341978818,5.225348773243611,-5.219969888778381,3.090992341978818,5.225348773243611,167.18809461593628
-4.692516355220243,-1.3249324879979623,5.0,-3.4314910760476582,2.3374411535734008,5.277266644412202,-0.06897391110745249,0.002433218503481097,-0.0048001977553172774,-0.997603948035374,0.02581204232984376,0.14825284997577104,0.24504176105789957,0.0029193063028287725,0.016703371511539444,-0.03786241577472538,10839,131000000,13.75,0,2,4,-5.223049110143315,3.0622536322614007,5.2722653136359074,-5.223049110143315,3.0622536322614007,5.2722653136359074,167.59849882125854
-4.604305579587888,-1.3592170601044367,5.0,-3.435566699963179,2.3100858715211627,5.320845532624843,-0.07306670162692158,0.0037383665492531437,-0.004892808420527189,-0.9973080477739393,-0.0235305366676365,0.16225585209521745,0.23667386467217075,-0.00140053419954711,0.01270464717890718,-0.05140606590430252,10839,281000000,13.5,0,2,4,-5.230847584832436,3.0408651183987403,5.3086749290240665,-5.230847584832436,3.0408651183987403,5.3086749290240665,168.0888237953186
-4.514011774210335,-1.3878731555776789,5.0,-3.4312250047499524,2.275697997005046,5.367378224704966,-0.07930226936857687,0.004791752553631517,-0.0049297733350769125,-0.9968269090044285,-0.07223914038839574,0.17400862335041148,0.2251388562240189,-0.0007313047376555915,0.009018365199153777,-0.07137951324693859,10839,473000000,13.06,0,2,4,-5.247277571274183,3.0190791102929873,5.348613413172111,-5.247277571274183,3.0190791102929873,5.348613413172111,168.61990523338318
-4.421985826607609,-1.4107388887183527,5.0,-3.4196966761898726,2.238315877971275,5.411465918250731,-0.08708857317744212,0.0053562009702317745,-0.004754390720255102,-0.99617482767934,-0.10410826882631352,0.1782943490075645,0.21147461723230374,-0.0035930375815951265,0.0028239403263796703,-0.08164047540049069,10839,667000000,12.36,0,2,4,-5.273571308245084,2.997168489572098,5.391595239780823,-5.273571308245084,2.997168489572098,5.391595239780823,169.1639997959137
-4.328593055717535,-1.4276734933920339,5.0,-3.40556953380984,2.2002832874799987,5.452738574634674,-0.09474934857487827,0.0051180776408523455,-0.004368310967937182,-0.9954784196983808,-0.10750038923405855,0.17375434968527018,0.19705305802590045,-0.003432984340179246,-0.005525940059669665,-0.07375644709100015,10839,830000000,11.46,0,2,4,-5.306016506122133,2.9769992954902538,5.4327134669459864,-5.306016506122133,2.9769992954902538,5.4327134669459864,169.6421639919281
-4.234212049709711,-1.4385586417559681,5.0,-3.395026769176724,2.167597158714728,5.4873256818016545,-0.10055648752986734,0.00420732303235373,-0.0038841115026652315,-0.99491487320594,-0.08365705035194922,0.1635034797128265,0.18389092668028503,-0.0036156548048893455,-0.01274145952265826,-0.05893249690416269,10840,15000000,10.56,0,2,4,-5.3405172708794275,2.957441280464999,5.471603267622998,-5.3405172708794275,2.957441280464999,5.471603267622998,170.13492012023926
-4.13923338756614,-1.4432997137763375,5.0,-3.3890988849963533,2.140580798004005,5.516021436715803,-0.10511940904452044,0.0031616875956122915,-0.00354506963569752,-0.994448262130794,-0.06223504780888589,0.15489537379376545,0.17229060980922217,-0.002327223114662047,-0.01318545737376553,-0.05683389463229105,10840,202000000,9.86,0,2,4,-5.367639900928103,2.938675907058313,5.504459731549555,-5.367639900928103,2.938675907058313,5.504459731549555,170.5777289867401
-4.044058244565728,-1.4418270080303621,5.0,-3.3859965968132753,2.112410032315923,5.546010845085341,-0.11023173415793702,0.002079823960570064,-0.0033311555548670695,-0.9938981550035677,-0.04229215046955488,0.14627596679404056,0.1592107242894614,-0.0003511924205668038,-0.010775021746667335,-0.05763175286119804,10840,459000000,9.3,0,2,4,-5.385235238645867,2.9200256919496375,5.5318401479550285,-5.385235238645867,2.9200256919496375,5.5318401479550285,171.05821585655212
-3.9490968824942665,-1.4340968839754855,5.0,-3.3864307629720356,2.0751413875885483,5.585103886379446,-0.11743182185724282,0.0009649706448132504,-0.003278932940201983,-0.9930750649602058,-0.022685907217587807,0.13645713402011428,0.1404405216711326,0.0007595304623464472,-0.006304496309894603,-0.053286950060282834,10840,665000000,8.67,0,2,4,-5.397915865040946,2.896927768189736,5.560598123970694,-5.397915865040946,2.896927768189736,5.560598123970694,171.56756210327148
-3.8547670261357823,-1.4200928255936496,5.0,-3.389874086177404,2.0460628636557945,5.614484931737998,-0.12298957350652001,0.00040538347004458967,-0.0033678682822175536,-0.9924021654229498,-0.011789185293408272,0.12996581524466605,0.12574389263267782,0.0019761937892326387,-0.0035065949987256317,-0.04886253009317443,10840,821000000,7.79,0,2,4,-5.4041777246727225,2.860164133044909,5.59831605277429,-5.4041777246727225,2.860164133044909,5.59831605277429,172.10726690292358
-3.761492128384366,-1.399826416087859,5.0,-3.3930232203446087,2.028494177380031,5.631526307379425,-0.12627075099000518,0.00018949360377399868,-0.0035050697076313315,-0.9919896047958057,-0.007413362986185834,0.12634615271212327,0.11674386097586112,0.002511308321118122,-0.002044067650786019,-0.04615218022081535,10841,3000000,7.11,0,2,4,-5.399521563748514,2.8264525645922665,5.626669808856575,-5.399521563748514,2.8264525645922665,5.626669808856575,172.56314373016357
-3.669699527147076,-1.3733382131263714,5.0,-3.397719524270024,2.0067994786233028,5.651617222593425,-0.1302291492194329,1.589457263189635e-05,-0.003807910182279885,-0.9914766100423089,-0.004523997942261623,0.1218755473899114,0.10526185345621009,0.004173512979832594,-0.0007452344618741336,-0.04264686176611576,10841,180000000,6.7,0,2,4,-5.392356992701487,2.8040001298726636,5.6430134650087265,-5.392356992701487,2.8040001298726636,5.6430134650087265,172.98771166801453
-3.5798184980862184,-1.340698514002861,5.0,-3.4025046294961716,1.985977804506408,5.6696305678017636,-0.13387212517362918,-5.9545046567410775e-05,-0.004122840572347914,-0.9909900366509738,-0.005124687526258403,0.11721484942074181,0.09377297736621339,0.0034912206274384516,0.0001627012906624259,-0.03951808139390778,10841,349000000,6.22,0,2,4,-5.378871329954147,2.7742373019775592,5.6620721453775635,-5.378871329954147,2.7742373019775592,5.6620721453775635,173.38489890098572
-3.4922782081715784,-1.3020080000147989,5.0,-3.40643943758912,1.9681016229543398,5.683953408919925,-0.13694973820384643,-6.349905476276708e-05,-0.004310839413926026,-0.9905686154110249,-0.007598061106644051,0.11303937820060468,0.08405706064551179,0.0021249778001219966,0.000604712198537527,-0.038384494837373495,10841,545000000,5.78,0,2,4,-5.361043945597092,2.743826080687222,5.678835931649206,-5.361043945597092,2.743826080687222,5.678835931649206,173.7895429134369
-3.4922782081715784,-1.3020080000147989,5.0,-3.410542503936009,1.9465085650911318,5.69972301329731,-0.14074424987307488,-4.835556725026535e-05,-0.004591979559596296,-0.9900353364972023,-0.012399813342071185,0.10752815640998599,0.072404260456385,0.002996368812091532,0.0007496015996366623,-0.03835611496469937,10841,753000000,5.4,0,2,4,-5.3421659684679215,2.7165182462015824,5.691853709494307,-5.3421659684679215,2.7165182462015824,5.691853709494307,174.29595255851746
-3.4075055759769564,-1.2573982493631848,5.0,-3.412664813895604,1.9318806832041955,5.709400534744044,-0.14342738696209278,-3.7286083950139465e-05,-0.004801545013249917,-0.9896491946363921,-0.017043784247877038,0.10319401325287339,0.0645326822234401,0.00295208124043711,0.0007536752946180059,-0.038999067692202516,10841,960000000,4.94,0,2,4,-5.316277722880768,2.682602594450103,5.705857819863678,-5.316277722880768,2.682602594450103,5.705857819863678,174.74469566345215
-3.3259230456575875,-1.2070321079509267,5.0,-3.414405489063301,1.9136204366229617,5.720286865960076,-0.14693110213944371,-3.591308659539648e-05,-0.005077625458605989,-0.9891336955407193,-0.022510557723401253,0.0982401104348533,0.05501686402811847,0.003040339197468711,0.0005390022636220237,-0.03963599774579052,10842,128000000,4.62,0,2,4,-5.2983889196776,2.6596269827886245,5.7143622999903485,-5.2983889196776,2.6596269827886245,5.7143622999903485,175.1609947681427
-3.247946282581665,-1.151103907610978,5.0,-3.414960331917205,1.892082833840334,5.731316040149727,-0.1513129286675532,-7.30381818700469e-05,-0.005394512050508638,-0.9884711890203015,-0.030270784729636367,0.0916062265485353,0.04388951543815287,0.002417882524241577,0.00011729433424534363,-0.04083817002538126,10842,289000000,4.18,0,2,4,-5.277290497150027,2.631567497892987,5.723933673681282,-5.277290497150027,2.631567497892987,5.723933673681282,175.6251072883606
-3.173981799655357,-1.08983952153489,5.0,-3.41395017767487,1.8751282224931063,5.738593464672642,-0.15498723538497766,-0.00012598168393540207,-0.005591504586170378,-0.9879006407897504,-0.03696332213179178,0.08590204965612891,0.035582390532192996,0.0022286581042862963,-0.00010115048922898495,-0.04163734156463761,10842,470000000,3.64,0,2,4,-5.257905530276059,2.6010189652601086,5.733789234879552,-5.257905530276059,2.6010189652601086,5.733789234879552,176.1086757183075
-3.104424524471549,-1.0234962470043503,5.0,-3.4114971614641694,1.8587543950737688,5.744421507958983,-0.15872971003212488,-0.0001919355639833694,-0.005774461872719881,-0.9873051695924301,-0.044790078903720984,0.07982525378028053,0.027775287542275706,0.002084753737108258,-0.00019955332248855484,-0.042438875971129164,10842,725000000,3.13,0,2,4,-5.2479551366697725,2.5774998605895094,5.741110464725252,-5.2479551366697725,2.5774998605895094,5.741110464725252,176.627995967865
-3.0396553185209894,-0.9523625059581973,5.0,-3.406653168165696,1.8426457753176062,5.748905485540494,-0.16269187006118518,-0.0002244177553144362,-0.005973810301032073,-0.9866588157226146,-0.06330622291907435,0.07374784149328442,0.02061418943659307,0.002225363800789637,0.0006631133146584034,-0.046603697410319,10842,946000000,2.71,0,2,4,-5.244843929244069,2.5614601708363725,5.745899932981507,-5.244843929244069,2.5614601708363725,5.745899932981507,177.1280493736267
-2.980038460824571,-0.8767573544618206,5.0,-3.3955113223842806,1.822644060679827,5.752715553453853,-0.16797325616863062,-0.00018386542426657203,-0.006142797435201639,-0.985772396370117,-0.09046512546808375,0.06573678084512832,0.012631220703827767,0.0008346260244707082,0.00099077957429472,-0.05005540879210457,10843,84000000,2.21,0,2,4,-5.245539856172236,2.5460486858513085,5.750182129441702,-5.245539856172236,2.5460486858513085,5.750182129441702,177.61781311035156
-2.9259191094683263,-0.7970297927898848,5.0,-3.378614417146399,1.802358866001619,5.754889767805546,-0.17343902797844163,-0.0001388939538399087,-0.0062140086866959016,-0.9848249947977581,-0.1134795241400078,0.056804519082968206,0.00578466277303476,-0.0001841422673010129,0.0005360687737265835,-0.05024853926443029,10843,263000000,1.55,0,2,4,-5.251168174400632,2.5306339446699773,5.75387252157656,-5.251168174400632,2.5306339446699773,5.75387252157656,178.16551876068115
-2.87762075564036,-0.7135578685927886,5.0,-3.3597518083851172,1.784289325131659,5.755664182541182,-0.17828030628379637,-0.000158271138946944,-0.00617911287153355,-0.983960327404374,-0.1249700690046995,0.04817100439476274,0.0006099846226286011,-0.0003512233007540999,-0.0002229388229579854,-0.048462683480465785,10843,444000000,0.87,0,2,4,-5.260837682669659,2.518726676214209,5.755948160577832,-5.260837682669659,2.518726676214209,5.755948160577832,178.645090341568
-2.835442685871385,-0.6267475664967088,5.0,-3.341600052337922,1.7690289187994512,5.755552833919641,-0.18242010661938995,-0.0002588761845133255,-0.0060582009211418205,-0.9832019812254704,-0.12372657756447447,0.03952724066382848,-0.0030678914138915956,-0.0011373894608368573,-0.0015227517224047915,-0.045619440788868815,10843,607000000,0.29,0,2,4,-5.272349931122895,2.5107072525888228,5.756598899034391,-5.272349931122895,2.5107072525888228,5.756598899034391,179.07502508163452
-2.7996574692572436,-0.5370314784908558,5.0,-3.3193194735478713,1.752297976762184,5.754591609863822,-0.18720030135089433,-0.0004735458430102572,-0.005812708580459493,-0.9823044514545516,-0.12017701133124836,0.028989525307634267,-0.006508629961842703,-0.002239569062112423,-0.0024164146452676505,-0.042972637311322615,10843,794000000,0.28,0,2,4,-5.284461191509266,2.5056249077327015,5.7562950583694175,-5.284461191509266,2.5056249077327015,5.7562950583694175,179.54687094688416
-2.7705084874816763,-0.44486725058763915,5.0,-3.3011381351746256,1.7403061018375046,5.753292424115857,-0.1908644839403174,-0.000680541722729606,-0.005560571186297231,-0.981600410391745,-0.11704249185047824,0.0203293392092188,-0.008568747981808534,-0.0021809449663123814,-0.0025592460588086396,-0.040460858508595265,10843,952000000,0.86,0,2,4,-5.297382301488453,2.500645492595075,5.754904831202311,-5.297382301488453,2.500645492595075,5.754904831202311,180.02914547920227
-2.7482075264478603,-0.350735802504131,5.0,-3.284990124420003,1.7309116149872037,5.751832636487586,-0.1938866351041511,-0.0008546742568590619,-0.005338597122638726,-0.9810090425886331,-0.11437463568981825,0.012631848447742091,-0.010046906963059514,-0.002214592518612335,-0.0023401012185786385,-0.03707429059431888,10844,133000000,1.32,0,2,4,-5.298613687053418,2.4947355203051087,5.752990626019412,-5.298613687053418,2.4947355203051087,5.752990626019412,180.48067450523376
-2.732932449255116,-0.255139318509243,5.0,-3.270850135688181,1.7236604472437822,5.750363480130748,-0.1963038033980667,-0.0009846231585017699,-0.005126959432319132,-0.9805292252532141,-0.1120357383770729,0.0058821158681934445,-0.011053600318681253,-0.0028316721682131174,-0.0021322051907191053,-0.03327551130496431,10844,343000000,1.7,0,2,4,-5.290569608410553,2.487289305916724,5.750729424025162,-5.290569608410553,2.487289305916724,5.750729424025162,180.88803887367249
-2.724824971108223,-0.15859900911057498,5.0,-3.2526330977891247,1.7157262345921391,5.748277408624816,-0.1990030942378213,-0.001122589249248122,-0.0048393775254286404,-0.9799862696498949,-0.10883392207188711,-0.0028689587328524337,-0.012016925695949686,-0.0027772217663368792,-0.0018381044242232747,-0.02812136553984601,10844,541000000,2.0,0,2,4,-5.27710320254057,2.4793005481809773,5.748386722415882,-5.27710320254057,2.4793005481809773,5.748386722415882,181.3159008026123
-2.724824971108223,-0.15859900911057498,5.0,-3.2343788253313686,1.709444973038477,5.746030752203676,-0.20120573863022817,-0.00123053729806453,-0.004553910831813811,-0.9795376452267457,-0.10533938271922957,-0.012015940588174076,-0.012648446203869448,-0.002721414534789801,-0.001555415133225324,-0.02272978199471254,10844,714000000,2.35,0,2,4,-5.2522106002485165,2.4675391175348134,5.7449920910881005,-5.2522106002485165,2.4675391175348134,5.7449920910881005,181.7394733428955
-2.7239885575064235,-0.06165264491862666,5.0,-3.218149708470964,1.7052909235855098,5.743941061247643,-0.20280368725801706,-0.0013092234324935986,-0.004329815597814321,-0.9792089680274814,-0.10175754829612638,-0.02016669357864239,-0.012991371575465066,-0.0023837717208152753,-0.001331787052549771,-0.018692957382882014,10844,896000000,2.65,0,2,4,-5.22051471656376,2.4548014857605285,5.741318082984654,-5.22051471656376,2.4548014857605285,5.741318082984654,182.21123361587524
-2.730486467711441,0.03514813417843812,5.0,-3.201958412023578,1.702413928864565,5.7417980625343015,-0.2041250118173048,-0.00137484194279579,-0.004133808264467147,-0.9789351362523719,-0.09848729860418465,-0.027092323035932668,-0.013155463859335728,-0.0020893984128633747,-0.0011392540272936458,-0.015391963097499683,10845,108000000,2.87,0,2,4,-5.188364241279531,2.4433426374009497,5.737933735559477,-5.188364241279531,2.4433426374009497,5.737933735559477,182.63309335708618
-2.7443399660226797,0.1312407294709807,5.0,-3.1878496699933225,1.7008530483483741,5.739904070784144,-0.20507149912768907,-0.0014234022165118345,-0.003982504472821393,-0.9787378575644122,-0.09527038608386003,-0.03307908321705646,-0.013150435205653104,-0.0018648563127499074,-0.0010004356227000244,-0.012368763418635353,10845,336000000,3.07,0,2,4,-5.154502784686293,2.432517218104994,5.734506352627068,-5.154502784686293,2.432517218104994,5.734506352627068,183.05325555801392
-2.765526723775945,0.22605470640676142,5.0,-3.1678831340023206,1.7002725917948176,5.737200710472522,-0.2060583544155153,-0.0014764284457515937,-0.003783855112773961,-0.9785312755221982,-0.08998228641135246,-0.04181723787540617,-0.013022239450596437,-0.001697252093890711,-0.0007804479537298903,-0.007975196604093071,10845,541000000,3.21,0,2,4,-5.124801059682006,2.4240388832413218,5.731505668691823,-5.124801059682006,2.4240388832413218,5.731505668691823,183.485746383667
-2.793979435212246,0.31901512081565536,5.0,-3.1502138602115606,1.701562738220773,5.734799236382454,-0.20658277554694043,-0.001516183911498727,-0.003654245217972028,-0.9784211284133002,-0.08432906458966039,-0.05006145299750324,-0.01271396209812968,-0.0012011064654871006,-0.0006459782809997705,-0.004639055305233342,10845,719000000,3.37,0,2,4,-5.085002403611704,2.414624984980668,5.727273117034693,-5.085002403611704,2.414624984980668,5.727273117034693,183.93784976005554
-2.829584670417623,0.40954603682440355,5.0,-3.1348115227454794,1.7041834364267479,5.732706489318929,-0.20681996342561138,-0.00154021740656899,-0.00354440913859013,-0.9783713853250346,-0.07893727253360522,-0.057378453340484206,-0.012395120184068062,-0.0012372366882118513,-0.0005046927583407523,-0.0018770268638945709,10845,925000000,3.46,0,2,4,-5.05366297791808,2.4095827477443548,5.723551432950519,-5.05366297791808,2.4095827477443548,5.723551432950519,184.40342688560486
-2.829584670417623,0.40954603682440355,5.0,-3.1179181159705864,1.708815163672933,5.730408330801903,-0.20684837635117792,-0.0015587131834276647,-0.003446409768398886,-0.9783656994569063,-0.07219190761959632,-0.06534389054266913,-0.011996476455789894,-0.000909117085257094,-0.00035987926310099283,0.000971900664126224,10846,117000000,3.52,0,2,4,-5.030332637925837,2.4082077618382702,5.720318679338095,-5.030332637925837,2.4082077618382702,5.720318679338095,184.8372881412506
-2.8721819883953725,0.497074222526359,5.0,-3.1016384028524584,1.7152855630085515,5.728187404840812,-0.2066213358630533,-0.0015643897750459229,-0.0033673943342785026,-0.9784139394480214,-0.06460828308054618,-0.07322180245642546,-0.011459019964173488,-0.0007949915584504197,-0.0001697220511687192,0.0038196887999220053,10846,275000000,3.56,0,2,4,-5.009351058110488,2.4101866603859854,5.716750838955342,-5.009351058110488,2.4101866603859854,5.716750838955342,185.2444453239441
-2.9215633329804627,0.5810330070037255,5.0,-3.0877499970594835,1.7225095599795683,5.726294920110949,-0.20626200657920224,-0.0015607413437538926,-0.0033199908639124824,-0.9784899214550156,-0.05828520233547929,-0.07915066458803005,-0.010931985681428847,-0.0005281684593683167,-4.558915378538586e-05,0.005103068906464614,10846,399000000,3.57,0,2,4,-4.993980911843309,2.4159182476613275,5.713233402498418,-4.993980911843309,2.4159182476613275,5.713233402498418,185.63546562194824
-2.977472733724384,0.6608662797593143,5.0,-3.07442947162817,1.7310024490640479,5.724483691143817,-0.20579947804879395,-0.0015571327092760892,-0.0033115763167157796,-0.9785873408310921,-0.051655012193971714,-0.08493191407839659,-0.010381891586737144,5.412583270469895e-05,3.752440562720949e-05,0.006639069852099055,10846,588000000,3.56,0,2,4,-4.9848630565064544,2.4240840025901855,5.710132485480547,-4.9848630565064544,2.4240840025901855,5.710132485480547,186.05825304985046
-3.039606333049361,0.7360326110174092,5.0,-3.061776362297082,1.7407942712136513,5.722753652640018,-0.20522612987288175,-0.0015519888883648286,-0.003336672203288828,-0.9787076650187723,-0.044255002911359295,-0.09052191495095038,-0.009868800107276966,0.0003875701935385223,0.00016123400001788468,0.007874663424445316,10846,765000000,3.52,0,2,4,-4.979822699408388,2.4350320007601076,5.707042183607158,-4.979822699408388,2.4350320007601076,5.707042183607158,186.48837614059448
-3.1076127598771013,0.8060094687197145,5.0,-3.049918734294727,1.751905509010374,5.721100672687561,-0.20457323355437207,-0.0015412416954345037,-0.003377953095555254,-0.9788442195365045,-0.036186868377198096,-0.09597097516410623,-0.009339584612985867,0.0005052911888014933,0.00024208483182519558,0.008708584937267005,10846,922000000,3.47,0,2,4,-4.978477902089034,2.4485805633730697,5.703940546810812,-4.978477902089034,2.4485805633730697,5.703940546810812,186.93180751800537
-3.1810938685625367,0.8702975053934883,5.0,-3.0389821184200967,1.764367097980793,5.719526272786983,-0.2038637946420641,-0.0015230140208565544,-0.003420537428575348,-0.9789921008803546,-0.027295984037041265,-0.1012394782894643,-0.008840299304334314,0.0004347696432205339,0.0003499140433405046,0.009337090068584075,10847,81000000,3.41,0,2,4,-4.978771614574784,2.4638747691629734,5.700872440039477,-4.978771614574784,2.4638747691629734,5.700872440039477,187.34532809257507
-3.1810938685625367,0.8702975053934883,5.0,-3.0279438162719696,1.7800110996045955,5.717845904954616,-0.20303834544923477,-0.00149538923982237,-0.003475351902071432,-0.9791634776774587,-0.0165044176603173,-0.10680469193220705,-0.008255662347977399,0.0005422051458481292,0.00041243464181661693,0.009302456510340562,10847,232000000,3.35,0,2,4,-4.977259920823416,2.4795009188668358,5.69792446462052,-4.977259920823416,2.4795009188668358,5.69792446462052,187.74754190444946
-3.2596058602927536,0.928424885430785,5.0,-3.019404624268583,1.7953532212077836,5.716433690685314,-0.20232738679300039,-0.001468937310693172,-0.003546260015496531,-0.9793104180067702,-0.00610942963208943,-0.1113369796872254,-0.007769522934193247,0.0008141275884554489,0.000502707581517825,0.008865457493811846,10847,416000000,3.27,0,2,4,-4.969651155238963,2.4959119341048774,5.69483197816656,-4.969651155238963,2.4959119341048774,5.69483197816656,188.17781782150269
-3.3426608021318156,0.97995162071707,5.0,-3.0120714631116154,1.8119396763857762,5.715095133966856,-0.20165004259330022,-0.0014356087062849317,-0.0036254777222984717,-0.9794498737868352,0.003155766919086206,-0.11510153332730737,-0.007257937516086435,0.0008859857246079628,0.0006449607724334783,0.00845885879243724,10847,609000000,3.21,0,2,4,-4.956879368638933,2.509099144696201,5.692291292893635,-4.956879368638933,2.509099144696201,5.692291292893635,188.57103395462036
-3.4297285565919866,1.0244738800151723,5.0,-3.0066106235549226,1.8273575728033142,5.713982644000834,-0.2010825227323088,-0.001396859180256721,-0.003701736475639087,-0.9795663147450029,0.01155918957983338,-0.1179206381187389,-0.006892811090093179,0.0009627149211155483,0.0008065141855695401,0.008120802249322878,10847,769000000,3.16,0,2,4,-4.939257820144123,2.5212299119001504,5.689935803806004,-4.939257820144123,2.5212299119001504,5.689935803806004,189.00417399406433
-3.5202391319817106,1.0616282350796522,5.0,-3.000543591041345,1.8507960619097994,5.712466731088214,-0.2003390549060582,-0.0013297259029962218,-0.003830638434095112,-0.9797182355746765,0.024266224901919306,-0.12126070014929809,-0.006441251095766107,0.0011519371128088096,0.0009352146264518524,0.007031363384157885,10847,935000000,3.11,0,2,4,-4.920676200543777,2.53123526028974,5.68804362597631,-4.920676200543777,2.53123526028974,5.68804362597631,189.43940472602844
-3.613585460813739,1.091095804182873,5.0,-2.996508296502624,1.8784296596119774,5.710901478171748,-0.1996840344213217,-0.0012416968683019545,-0.003986303903263198,-0.9798514448462594,0.03954234738764415,-0.1240896938260172,-0.00587746617013314,0.0013518378864318947,0.0010888062888625427,0.005312733446771745,10848,118000000,3.06,0,2,4,-4.891135199260048,2.5452337805611576,5.685627537851723,-4.891135199260048,2.5452337805611576,5.685627537851723,189.9167504310608
-3.613585460813739,1.091095804182873,5.0,-2.9953658072040295,1.9051188994789137,5.709570741526107,-0.19923652720775276,-0.0011582874096998,-0.004142035097144527,-0.9799419922330734,0.053171867439216244,-0.12598249914731507,-0.0054160588317968775,0.001262747264263453,0.0010826208381331526,0.004015767717646668,10848,284000000,3.01,0,2,4,-4.859273221931032,2.5619012910698804,5.68323226718603,-4.859273221931032,2.5619012910698804,5.68323226718603,190.41019773483276
-3.7091266102495677,1.112606251616039,5.0,-2.996217729427548,1.9329798154923308,5.70832814543624,-0.19881578359788116,-0.0010795872051722292,-0.004291038348928944,-0.9800268902809324,0.06083728847328164,-0.12731641809118854,-0.004913882596675698,0.0010016620706210233,0.0010496853178665333,0.005131819534653914,10848,454000000,2.98,0,2,4,-4.8356882520707885,2.579969869055105,5.681115630288792,-4.8356882520707885,2.579969869055105,5.681115630288792,190.94555926322937
-3.806191424908657,1.125941599827035,5.0,-2.9927943198602875,1.959624151751336,5.707106306144915,-0.19742958184420173,-0.0009248363661111699,-0.0043528546946200435,-0.9803069710792263,0.013313387142287959,-0.13133561717771333,-0.005105475433071388,0.00020387518304687546,0.0018059693275063182,0.02078143097605789,10848,612000000,2.94,0,2,4,-4.820127241144402,2.601800215452778,5.678924906253088,-4.820127241144402,2.601800215452778,5.678924906253088,191.42014741897583
-3.9040825983866703,1.1309398092152152,5.0,-2.974310654936625,1.986843487689409,5.705349385621864,-0.19382156108779702,-0.000731511950370389,-0.004413873958704994,-0.9810265975316023,-0.06291044811752936,-0.1365936940483957,-0.007020342423124916,0.00039207114070904936,0.0013660761851497227,0.037261789839249104,10848,762000000,2.78,0,2,4,-4.815663231083681,2.628428517906866,5.676519483475002,-4.815663231083681,2.628428517906866,5.676519483475002,191.95052099227905
-4.002081165514412,1.1274980792667018,5.0,-2.950101521261959,2.003780189544221,5.703748739533755,-0.19023722766689338,-0.0006082827731390668,-0.004469350001794432,-0.9817277892125922,-0.11138780916099797,-0.13893649033538125,-0.008267541992942884,0.00029041953268915677,0.0012179701229797502,0.04303676287236158,10848,931000000,2.37,0,2,4,-4.824417486189345,2.66623577962388,5.673323827336452,-4.824417486189345,2.66623577962388,5.673323827336452,192.45698618888855
-4.099451402761684,1.1155758237290432,5.0,-2.9154384587087234,2.0198753088053123,5.701803880094546,-0.18608320557157237,-0.0004906664902484146,-0.004561612853443652,-0.9825232778610278,-0.14785382494686367,-0.13871467270478066,-0.00875040603049466,0.0007030519384443323,0.0010672992175386753,0.04181400217930786,10849,112000000,1.91,0,2,4,-4.842135515302741,2.70188465780592,5.670447756600607,-4.842135515302741,2.70188465780592,5.670447756600607,192.96816563606262
-4.195446119266206,1.0951972719395262,5.0,-2.8871682894272483,2.032291190763045,5.7003099663516865,-0.18367790553902308,-0.0004457360265494271,-0.004749123846373852,-0.9829749102387527,-0.12557418770951842,-0.1347499644717643,-0.007644579235590271,0.0023435115053871414,0.0006562211353866587,0.022536279357154854,10849,260000000,1.55,0,2,4,-4.863149588057664,2.735769124234875,5.6678847846071045,-4.863149588057664,2.735769124234875,5.6678847846071045,193.41041040420532
-4.289312315771843,1.0664536482861005,5.0,-2.861024678010861,2.047694740958343,5.698833350247493,-0.18252903652141084,-0.0005052055247077168,-0.004984049177728168,-0.9831877007203339,-0.08350110673375111,-0.12979439296862633,-0.006455205197466907,0.002724969931477972,-0.0010884868402172287,0.005038156086811796,10849,424000000,1.32,0,2,4,-4.882110151504987,2.7656654945654218,5.665811327310524,-4.882110151504987,2.7656654945654218,5.665811327310524,193.83099484443665
-4.380297183323266,1.0295048821430575,5.0,-2.8444202147884674,2.0631105007725554,5.69768949249969,-0.1826212407074433,-0.0006903634254765648,-0.005191834570506417,-0.9831693906416163,-0.04408345396977089,-0.12502951128398476,-0.005407313825629948,0.0029181432864788803,-0.002268630214530276,-0.005750848640673212,10849,570000000,1.22,0,2,4,-4.898354314126405,2.796700351956194,5.663913237993688,-4.898354314126405,2.796700351956194,5.663913237993688,194.2345552444458
-4.467654407923079,0.984580801534397,5.0,-2.834743228577911,2.0777875364148324,5.696811186748576,-0.18322368343438206,-0.0008921697830569027,-0.005357812853465196,-0.9830562444251307,-0.011990135452168461,-0.1206255068420782,-0.004630492685250962,0.002785661035886733,-0.002303199175912596,-0.010978037062159274,10849,774000000,1.23,0,2,4,-4.908051895760915,2.821789996764601,5.662651668189523,-4.908051895760915,2.821789996764601,5.662651668189523,194.65371108055115
-4.550650741557703,0.9319817652840376,5.0,-2.8288885049515367,2.095714055509784,5.695922326607014,-0.18421142809953983,-0.0010994169746086253,-0.005545835533709347,-0.982870380440919,0.022306712966680343,-0.11497568636016711,-0.003970461704568354,0.002795342948047619,-0.0016962247514129558,-0.013338830103748478,10849,990000000,1.29,0,2,4,-4.913387083375865,2.841959412787297,5.661870620348234,-4.913387083375865,2.841959412787297,5.661870620348234,195.0999207496643
-4.62857279409085,0.8720786905599872,5.0,-2.82830704648935,2.1146358985536446,5.695123970356036,-0.1852622996817196,-0.0012466987613661122,-0.005757553505043056,-0.9826714489779763,0.05446663463295091,-0.10837633043534849,-0.0035087273465300725,0.002962563962682907,-0.0008337413532899518,-0.013133825450495351,10850,190000000,1.38,0,2,4,-4.916464718019075,2.8631174613802566,5.661293325767901,-4.916464718019075,2.8631174613802566,5.661293325767901,195.50314736366272
-4.700733994569124,0.8053124355523127,5.0,-2.833541425769585,2.1368089917999593,5.694308897971842,-0.18633986336915942,-0.0013408154078940163,-0.0060224731254512835,-0.982465972617402,0.08719903881878673,-0.10015862974074641,-0.003136156265058577,0.0030411206807912095,-6.944895609706236e-05,-0.011179254306625808,10850,374000000,1.47,0,2,4,-4.916872253602173,2.882340858555807,5.661007323961606,-4.916872253602173,2.882340858555807,5.661007323961606,195.93278574943542
-4.766481664549914,0.7321925005821849,5.0,-2.8429768746551303,2.157001873920785,5.693638534960387,-0.1870507548081995,-0.0013634539246315989,-0.006259564819565995,-0.982329361246699,0.11293672303013465,-0.09208047405930722,-0.002929270879506321,0.002799483286253235,0.0006035340675225598,-0.007507790814997861,10850,584000000,1.57,0,2,4,-4.914827301384978,2.9017326064424593,5.66097849384616,-4.914827301384978,2.9017326064424593,5.66097849384616,196.36430668830872
-4.766481664549914,0.7321925005821849,5.0,-2.8564306196253613,2.1774133657761525,5.693009225941181,-0.18747013756442366,-0.001340964035828332,-0.006474968996559426,-0.9822480461235461,0.13541370053460877,-0.08375404939519146,-0.0027354853605176276,0.002419879433546157,0.0009802035151551536,-0.0031683300221629906,10850,827000000,1.63,0,2,4,-4.9113069419940985,2.9170556746489646,5.661159242790227,-4.9113069419940985,2.9170556746489646,5.661159242790227,196.8130123615265
-4.825204140223434,0.6532950152558216,5.0,-2.8734837764726255,2.1977568097161777,5.6924208787683535,-0.18747982737776558,-0.0012845528915322374,-0.006689328128939587,-0.9822448356389843,0.1547286694682467,-0.07474965408873932,-0.0025444560570271426,0.002438769570289878,0.0013643721104017459,0.002491857981112844,10851,21000000,1.66,0,2,4,-4.906590300121634,2.930626712418271,5.661491763309978,-4.906590300121634,2.930626712418271,5.661491763309978,197.2512605190277
-4.876337874442031,0.5692599843818492,5.0,-2.89367914457294,2.217829623627242,5.691876976760189,-0.18706856438975195,-0.0011930756130882317,-0.006880873909154893,-0.982322035974957,0.17081719832078918,-0.06640557946090148,-0.002284888463396376,0.0019416064787947107,0.0016669969454596867,0.007526144372604904,10851,211000000,1.65,0,2,4,-4.901017992434868,2.9424924339311342,5.6619586072139585,-4.901017992434868,2.9424924339311342,5.6619586072139585,197.6718921661377
-4.91937444438218,0.48078777128475003,5.0,-2.9257724795880042,2.244748835530751,5.691211213308772,-0.1858761614647897,-0.0010289410933103345,-0.0070794713118643065,-0.9825471362562135,0.18881131975364218,-0.05495859265607865,-0.001928958023313082,0.0014745311432307062,0.0017266402437599027,0.014083793666941347,10851,363000000,1.6,0,2,4,-4.894912716878726,2.952667553048858,5.662536192895484,-4.894912716878726,2.952667553048858,5.662536192895484,198.22638201713562
-4.953867385546926,0.3886348038838938,5.0,-2.9586612070467253,2.2681847104842943,5.69068383730995,-0.1841978368019645,-0.0008787887376770975,-0.007259710622270412,-0.9828619848429951,0.20174327169686657,-0.044690877948046416,-0.0016316729153182912,0.001395472543208598,0.0016106422549455601,0.019040266306546982,10851,548000000,1.47,0,2,4,-4.88612566216251,2.96387381659853,5.663461865493748,-4.88612566216251,2.96387381659853,5.663461865493748,198.77447867393494
-4.979438768275345,0.2936084964698319,5.0,-2.9997976215300906,2.2939273553424457,5.6901711907696795,-0.18159230561691625,-0.0007051386194982679,-0.007438794078923158,-0.983345514894389,0.18958969016536203,-0.03297080500711681,-0.0012059444518716608,0.0008245230617376365,0.001349130604921811,0.02410348770354176,10851,709000000,1.3,0,2,4,-4.878044290685782,2.971406533797976,5.66439138892995,-4.878044290685782,2.971406533797976,5.66439138892995,199.40169501304626
-4.995785428973118,0.19656138848925678,5.0,-3.037175572203979,2.315569272387488,5.68964074416158,-0.17835557304936311,-0.0005552807180620165,-0.007548772924701469,-0.9839369884565212,0.13399913583560724,-0.021282535262496887,-0.0017135865011007234,0.0004309781019173897,0.0011696156207108288,0.025817112327786162,10851,859000000,1.05,0,2,4,-4.868521660532105,2.977287978361008,5.665568279650884,-4.868521660532105,2.977287978361008,5.665568279650884,199.98502850532532
-5.002684765033148,0.09838451082574427,5.0,-3.0526149661849704,2.3243000205980437,5.68924422546243,-0.176316791723515,-0.0004437951603730667,-0.007599122880290943,-0.9843040411039835,0.08882260326204722,-0.014262251978729637,-0.002298584080259775,0.00036962158560527314,0.0013347330650503864,0.026027281637652777,10852,19000000,0.78,0,2,4,-4.858947665494731,2.9795872411234825,5.666876457343384,-4.858947665494731,2.9795872411234825,5.666876457343384,200.4334568977356
-5.0,6.123233995736766e-16,5.0,-3.0625519161895163,2.329800667407189,5.688718916574235,-0.1740942819093766,-0.0003028662283739653,-0.007665207219442646,-0.9846991082949091,0.03887415877374748,-0.005415083238110672,-0.0029714346460195788,0.0004902998057332297,0.0015982153740878857,0.024122436116158497,10852,167000000,0.64,0,2,4,-4.854705295010923,2.9793077715097795,5.667642295004801,-4.854705295010923,2.9793077715097795,5.667642295004801,200.87975406646729
-4.987684824072758,-0.09764700864012206,5.0,-3.065018124615763,2.330790528028138,5.6881489815083315,-0.17253798929033698,-0.00019432381814907989,-0.00775185505697131,-0.9849723413543534,-0.002412192135423254,0.0037342638462710526,-0.0040579285358468735,0.000933148817239271,0.0011398033279874653,0.015754422929603606,10852,358000000,0.51,0,2,4,-4.855179937277829,2.9789666588931363,5.668334410281338,-4.855179937277829,2.9789666588931363,5.668334410281338,201.3093342781067
-4.9657873146656355,-0.19359716638148772,5.0,-3.0620495259410285,2.328196346638628,5.687422810382264,-0.1718072518243991,-0.00014203714259015347,-0.007840341346668361,-0.985099374222502,-0.04055298256431362,0.01347944729434516,-0.0053405622324547725,0.0009703119644655089,0.0004403752512871506,0.0035447586469672387,10852,495000000,0.45,0,2,4,-4.864463176816534,2.9802785764036295,5.668620365480011,-4.864463176816534,2.9802785764036295,5.668620365480011,201.70511507987976
-4.934453042581679,-0.2868863210573869,5.0,-3.052808767159039,2.3211649650072776,5.686401755134583,-0.17224159884655066,-0.00015710645621468252,-0.00794199169190305,-0.9850227061912384,-0.07966650483451802,0.024412882314553956,-0.006826453307592957,0.0011623497471191513,-0.00022864997788474284,-0.012456673721317202,10852,669000000,0.42,0,2,4,-4.8827573737732095,2.9834837001474734,5.668463165259757,-4.8827573737732095,2.9834837001474734,5.668463165259757,202.14317178726196
-4.893927271527632,-0.3765554849144581,5.0,-3.0380003188895928,2.310007946209382,5.68515547326816,-0.17411768827539292,-0.00023384228552169586,-0.008028827362031764,-0.9846920908987788,-0.11450193351427929,0.034955238569024105,-0.008344608159817545,0.0010022724495684088,-0.0006737324213190732,-0.027667011636367533,10852,818000000,0.41,0,2,4,-4.912719903558993,2.9888315754967354,5.667814278664633,-4.912719903558993,2.9888315754967354,5.667814278664633,202.64980292320251
-4.844556162327864,-0.4616612813243391,5.0,-3.0217309097985736,2.2972706173291497,5.68392768548635,-0.17658945334774817,-0.0003179819348735841,-0.00808206587197698,-0.9842513622368392,-0.12847884832933115,0.04329843756605439,-0.008689257111939516,0.0007193203373390133,-0.0006368151900915109,-0.03391944737813901,10852,989000000,0.51,0,2,4,-4.950361153504761,2.9952555726458137,5.666782814743792,-4.950361153504761,2.9952555726458137,5.666782814743792,203.11314845085144
-4.786786898395479,-0.5412867784393244,5.0,-3.004662907865691,2.2817062269356825,5.682589717592241,-0.17926124745166777,-0.00043167671615864994,-0.008094215787547517,-0.9837681141854868,-0.10231344886801146,0.051405993633037016,-0.00806106421738122,0.00013623392902673004,-0.001390551642543869,-0.02464989520376548,10853,220000000,0.74,0,2,4,-4.9855608971612995,3.0003458843301263,5.665840922458269,-4.9855608971612995,3.0003458843301263,5.665840922458269,203.513117313385
-4.721166655891902,-0.6145526050955212,5.0,-2.9947855137105917,2.267250240730931,5.681420324520558,-0.18125201988983286,-0.0006346850979301404,-0.00804573080412747,-0.9834035634857694,-0.05958628135118332,0.059112174001097265,-0.0070756781813350695,-0.0002038215058064452,-0.002681154069250624,-0.021397807540779468,10853,404000000,1.02,0,2,4,-5.021813815437831,3.003672295686913,5.664953530439104,-5.021813815437831,3.003672295686913,5.664953530439104,203.92704558372498
-4.648340350641419,-0.6806282316581954,5.0,-2.992202557869579,2.256912987782351,5.680631781536535,-0.18278962735514864,-0.0008489890585913346,-0.007993922618263786,-0.9831191832886375,-0.030415079880658495,0.06488151967302519,-0.006380688296830833,-0.0001724422560300809,-0.0031195688279694878,-0.02308402872586157,10853,644000000,1.24,0,2,4,-5.052047694030383,3.0037138182863488,5.664338215341631,-5.052047694030383,3.0037138182863488,5.664338215341631,204.36597347259521
-4.648340350641419,-0.6806282316581954,5.0,-2.993921291031164,2.2458671900217886,5.67984905694398,-0.18455572368157624,-0.0011010526148998601,-0.007935128842905101,-0.982789400771984,-0.0021102975663451215,0.0710500689407286,-0.005680525560257939,-0.00014091342421806985,-0.0029019528710705345,-0.021303718494891655,10853,908000000,1.41,0,2,4,-5.071204582627691,3.001442844087066,5.664043459011676,-5.071204582627691,3.001442844087066,5.664043459011676,204.8032307624817
-4.569047104336048,-0.7387432862955571,5.0,-2.9988775730816863,2.23670796278125,5.679253258081448,-0.18579613002293233,-0.0012908358512561803,-0.007906056887156752,-0.9825556605484513,0.01825079680823786,0.07602244737506994,-0.005255543646944076,0.0002330672216999119,-0.002273975951538887,-0.014256363010645146,10854,80000000,1.6,0,2,4,-5.088725050151852,2.9965263251673084,5.663866890073573,-5.088725050151852,2.9965263251673084,5.663866890073573,205.24160957336426
-4.484115384919367,-0.7881987655942971,5.0,-3.0105485491172512,2.2242593450415606,5.678505806857035,-0.18650952433441859,-0.001468095025711766,-0.007894490435760727,-0.9824203372540208,0.0428480600524865,0.08185545282195025,-0.004783494362436025,0.00018475539320661483,-0.0012150559427936969,-0.0010747981150416308,10854,245000000,1.73,0,2,4,-5.100405477158962,2.9902551775094066,5.66380833508163,-5.100405477158962,2.9902551775094066,5.66380833508163,205.67908191680908
-4.394456790301289,-0.8283779877478669,5.0,-3.026532191491151,2.212391550085524,5.67787663640581,-0.1858965465215443,-0.0015361685071246505,-0.007882918569691972,-0.9825364999695962,0.06083385321014071,0.08654040868325255,-0.004260932650104009,-9.979656923064795e-06,-0.0003965388827964489,0.011211760374862934,10854,415000000,1.8,0,2,4,-5.111496324005376,2.97824576147401,5.663813825142119,-5.111496324005376,2.97824576147401,5.663813825142119,206.1458568572998
-4.301058460725572,-0.8587571270304252,5.0,-3.0395929458798117,2.2042709388926593,5.677503923916619,-0.18489409353897435,-0.0015338464654462234,-0.007882416659993547,-0.9827256427900005,0.06981672487762844,0.08911311071470372,-0.0039311040643321615,-1.697842924031079e-05,0.00011423623149653395,0.016855715693964157,10854,565000000,1.71,0,2,4,-5.116340840698462,2.96285194569671,5.663857952732613,-5.116340840698462,2.96285194569671,5.663857952732613,206.6112847328186
-4.204974123151435,-0.8789151602050683,5.0,-3.0558698466733265,2.1950783572789248,5.677141714319849,-0.18335455667250472,-0.001492402793123025,-0.007879726703325617,-0.9830141347856667,0.07709085946643679,0.09126160560845833,-0.0035215455550786034,-0.00019960989732226153,0.0005560555166539416,0.022076312052377034,10854,754000000,1.59,0,2,4,-5.116275851604335,2.9502297130912383,5.6638895638241396,-5.116275851604335,2.9502297130912383,5.6638895638241396,207.0749855041504
-4.107313790845381,-0.8885430492071804,5.0,-3.0773498869475193,2.183587781810572,5.676784691732667,-0.1809067521448503,-0.001390229909251002,-0.007879293591674611,-0.9834677071575341,0.08147445599465508,0.0926335409476314,-0.003029160342855438,-0.00019431632409805388,0.0009736963306750113,0.026986002194462344,10854,931000000,1.41,0,2,4,-5.112997021603791,2.9341258135257426,5.663912356823442,-5.112997021603791,2.9341258135257426,5.663912356823442,207.55521726608276
-4.009232162892936,-0.887451980204179,5.0,-3.099224310639994,2.1719973867256157,5.676518367302752,-0.17815423192348329,-0.0012514221556706954,-0.007854364473597691,-0.9839704327616039,0.0820309339199902,0.09291239388071955,-0.002590806763407015,-0.0005860622991349373,0.0011492427347548073,0.028582628692674916,10855,98000000,1.14,0,2,4,-5.10448178368234,2.9117870622965,5.663898065700436,-5.10448178368234,2.9117870622965,5.663898065700436,207.98963236808777
-3.9119157913707925,-0.8755804772778834,5.0,-3.1144046078929297,2.163810382468944,5.676377387982376,-0.17618997224191002,-0.0011433891834692267,-0.007818025592662675,-0.9843244713093353,0.08054627064332302,0.09232434825930942,-0.0023146733285890828,-0.0007690730342346797,0.0012162255757175444,0.02847642590495525,10855,262000000,0.84,0,2,4,-5.091578867160258,2.8873727537534637,5.663839934109684,-5.091578867160258,2.8873727537534637,5.663839934109684,208.42969751358032
-3.8165691082559876,-0.8530002098206052,5.0,-3.1313536821825267,2.1543869891841396,5.676255068649865,-0.17399449663657418,-0.0010220539120665145,-0.0077808251623434545,-0.9847153544582207,0.07753506579875628,0.09118271120736174,-0.002031701544180139,-0.0006695707213566493,0.001160255089871498,0.027102547937829513,10855,443000000,0.64,0,2,4,-5.080194128913964,2.869254707508925,5.6637670601905175,-5.080194128913964,2.869254707508925,5.6637670601905175,208.8462414741516
-3.8165691082559876,-0.8530002098206052,5.0,-3.147595982343669,2.144911955890342,5.676176155522211,-0.17196567558375803,-0.0009067762839041382,-0.007731424764442645,-0.9850721847909951,0.07300027954547615,0.08926847266488266,-0.0016494259718379228,-0.000937365797426537,0.0010673496035451535,0.024348347506020218,10855,595000000,0.44,0,2,4,-5.06507026628747,2.847677201848223,5.6636438193737595,-5.06507026628747,2.847677201848223,5.6636438193737595,209.27638483047485
-3.724399429526773,-0.81992031658865,5.0,-3.1736195309259574,2.1283662157468655,5.676146671978538,-0.1690096430425848,-0.0007342830865435966,-0.007627487469862237,-0.9855846096717743,0.0627430492489108,0.08468417357601472,-0.0011873626361415773,-0.0007198332468760782,0.0007692118515478796,0.01890630319394404,10855,742000000,0.33,0,2,4,-5.0480876121317335,2.8254272027383034,5.6634762660827045,-5.0480876121317335,2.8254272027383034,5.6634762660827045,209.8994119167328
-3.636601080010044,-0.776690076510659,5.0,-3.191884776272029,2.1154003542836812,5.676170903010825,-0.16711818890752161,-0.000636433508433482,-0.007570692275980185,-0.9859075973472978,0.05348848834350748,0.0817462991959594,-0.0010578900715198963,-0.0005920281125781912,0.0005387076271290425,0.013937780568085145,10855,897000000,0.37,0,2,4,-5.019386696716503,2.7872258453001337,5.663098765571599,-5.019386696716503,2.7872258453001337,5.663098765571599,210.46029019355774
-3.5543388089763526,-0.7237997670733144,5.0,-3.2041171768912555,2.1026154440441043,5.6761156677140985,-0.16710276412106195,-0.0005964350996027008,-0.007522455875252633,-0.9859106060621711,0.022269856769801664,0.07944463872653171,-0.0017800060135875519,-0.0004814056609347972,0.00016798275765950166,-0.008662244727020152,10856,84000000,0.48,0,2,4,-5.00551945514088,2.7609852552506515,5.662631759377311,-5.00551945514088,2.7609852552506515,5.662631759377311,210.9513964653015
-3.4787306928416317,-0.6618795656421455,5.0,-3.206407623912191,2.090022420007496,5.675801066954836,-0.1693300206418747,-0.0005643672147839663,-0.007569237041140724,-0.9855301782541641,-0.04261181671045049,0.07848117706082525,-0.004393722243291708,0.0006154029563276708,0.001050230616783665,-0.041762894034036435,10856,275000000,0.46,0,2,4,-5.001948378430693,2.740977514309061,5.662066574305183,-5.001948378430693,2.740977514309061,5.662066574305183,211.42723655700684
-3.4108307471117234,-0.5916963676169309,5.0,-3.193686314218284,2.067356592397014,5.674662513621472,-0.17535906084799463,-0.000493266504898184,-0.007683379287852648,-0.9844744395612226,-0.1310126402540512,0.0754257213194896,-0.008428644356937088,0.0009029528996506997,0.0013426972941488202,-0.06530375321744941,10856,430000000,0.35,0,2,4,-5.005189636046784,2.7276148156673155,5.66153809589368,-5.005189636046784,2.7276148156673155,5.66153809589368,211.93748116493225
-3.3516114943543616,-0.5141484180143086,5.0,-3.164022628733293,2.03913093690422,5.672703930996861,-0.18300581865694254,-0.0004150617782618035,-0.007793848158675017,-0.9830808481464288,-0.20412163453487636,0.06915844475426156,-0.011839378060345334,4.663792516623744e-05,0.0014499585972771456,-0.07337096394621767,10856,587000000,0.82,0,2,4,-5.0181334204148405,2.711447020701173,5.660591103076165,-5.0181334204148405,2.711447020701173,5.660591103076165,212.4658341407776
-3.3019467579008337,-0.4302576799951901,5.0,-3.123441725414104,2.0078819235230703,5.670343830997332,-0.19067777196516134,-0.0003286273425481597,-0.0077430321448729526,-0.9816220885532656,-0.23805095277612992,0.059677457813779144,-0.012390517341347072,-0.0015335402281380084,0.0009613809936581674,-0.06867516858619638,10856,790000000,1.62,0,2,4,-5.0347221760854985,2.7012831070550045,5.659659644485775,-5.0347221760854985,2.7012831070550045,5.659659644485775,213.0217683315277
-3.2625949715173483,-0.34115989501771693,5.0,-3.0923903886085475,1.9856089972884041,5.6687129720805265,-0.19560692187642492,-0.0003185070272084425,-0.007538683241812125,-0.9806533530877684,-0.22744236317759442,0.05132120896120888,-0.010867699572616137,-0.002599274671410967,-0.0004525298777480202,-0.05883253033971414,10856,983000000,2.48,0,2,4,-5.057680591311362,2.6933592074204844,5.658484001083355,-5.057680591311362,2.6933592074204844,5.658484001083355,213.45339679718018
-3.2341833127527586,-0.2480923246165849,5.0,-3.0634554277222894,1.9652655631987193,5.667341151899297,-0.1999825010352499,-0.00042998830362875936,-0.007262288596503536,-0.9797724600916715,-0.2034836652761504,0.043015814310989976,-0.008618033188631356,-0.003316327865832136,-0.002756347498689138,-0.0535551444045268,10857,130000000,3.03,0,2,4,-5.07679493247953,2.6896252802534986,5.657556820444629,-5.07679493247953,2.6896252802534986,5.657556820444629,213.87288570404053
-3.2171929813418867,-0.15237920310723663,5.0,-3.035150181907071,1.9455802307127383,5.666216708950502,-0.20452290353351277,-0.0007226136082676845,-0.006875319578078933,-0.9788373663385015,-0.17392317334785118,0.03370700013909504,-0.0057759264029535375,-0.003508462418722047,-0.004286226703698048,-0.05004663544241339,10857,286000000,3.52,0,2,4,-5.09427375273402,2.6864323431100257,5.65665825116737,-5.09427375273402,2.6864323431100257,5.65665825116737,214.28950834274292
-3.211945953178299,-0.05541497349941108,5.0,-3.013466070248495,1.9308565615152797,5.665579973400542,-0.2082416948341771,-0.0010344714336101425,-0.006522792980442936,-0.978055100479097,-0.1502941921792313,0.025735562784828213,-0.0035059928975071488,-0.003366543728589022,-0.004400207217258867,-0.04551891870505642,10857,451000000,4.04,0,2,4,-5.105528709356213,2.681334621469111,5.655695583734438,-5.105528709356213,2.681334621469111,5.655695583734438,214.69934701919556
-3.21859354421624,0.04135457483112127,5.0,-2.9968460851056746,1.919969630985514,5.665265603900625,-0.21118247868632928,-0.0012934099103909828,-0.006228488842875254,-0.9774259530590723,-0.13160953458645888,0.01906743089627378,-0.0018578168775639395,-0.003301048695902864,-0.00400033536607225,-0.040269062083098106,10857,741000000,4.47,0,2,4,-5.106837690166945,2.675055525989231,5.654878735233666,-5.106837690166945,2.675055525989231,5.654878735233666,215.13123893737793
-3.2371071164773877,0.13645309916067708,5.0,-2.9783121436785476,1.9085898305322393,5.665128403752977,-0.21434164065031092,-0.0015678925439092566,-0.005879759752649398,-0.9767397970910956,-0.10983718396714708,0.010764447905451953,-0.00014070879622874762,-0.0029601676487800432,-0.00316975713303691,-0.031764449886395596,10857,959000000,4.82,0,2,4,-5.102012740053199,2.668459822700202,5.654194299115496,-5.102012740053199,2.668459822700202,5.654194299115496,215.57621383666992
-3.267271249411667,0.22839620850894257,5.0,-2.962599142570865,1.9000298690505506,5.6652353271333515,-0.21671097941314676,-0.0017656285869686668,-0.005598273914072331,-0.9762181586544425,-0.09004076914252017,0.0026185042929175112,0.0012105274217734483,-0.002326914795958146,-0.0022468569113698322,-0.023328802853939123,10858,145000000,5.19,0,2,4,-5.088709929542853,2.6588436438409877,5.653370860683202,-5.088709929542853,2.6588436438409877,5.653370860683202,215.99017143249512
-3.308679683530565,0.3157154098814325,5.0,-2.949401781639213,1.8941791485409518,5.665543955088774,-0.21840531721064643,-0.0018924115530260036,-0.0053455126203583395,-0.9758416683496645,-0.07170627927608886,-0.005378142126830893,0.00235589048637573,-0.002290883094246965,-0.001595794753939117,-0.01643541418161476,10858,315000000,5.48,0,2,4,-5.068788202509191,2.648477300126454,5.652651445040223,-5.068788202509191,2.648477300126454,5.652651445040223,216.41981530189514
-3.36073431890886,0.39698317216108925,5.0,-2.939595865561173,1.8911457714951103,5.665966581354596,-0.2194398183819064,-0.001960647926487617,-0.005156194828044478,-0.9756104425553878,-0.05649783638052587,-0.012110414223194112,0.0032381719426086814,-0.00196218095425138,-0.0010282352491230995,-0.010855015989363892,10858,532000000,5.7,0,2,4,-5.043695632305558,2.6379062207151724,5.652079702022313,-5.043695632305558,2.6379062207151724,5.652079702022313,216.87215900421143
-3.36073431890886,0.39698317216108925,5.0,-2.931483329175519,1.8900508316208289,5.666512359235405,-0.2200851172701887,-0.0019909102077686845,-0.005000631738522353,-0.9754658226277984,-0.04190828175318792,-0.018522568925534673,0.0040122200256785135,-0.0016767762872405,-0.0005111079246944428,-0.005990072486383724,10858,749000000,5.83,0,2,4,-5.018017505008808,2.6286691037032703,5.6517042591051565,-5.018017505008808,2.6286691037032703,5.6517042591051565,217.32733941078186
-3.4226475183504643,0.4708387324053992,5.0,-2.923661492746673,1.8913371351762016,5.667330802371611,-0.22038448999984495,-0.0019837200575419725,-0.004873332610402849,-0.9753988886868336,-0.024252729373160278,-0.02611349323928098,0.004668536861690722,-0.0010384724873802043,5.7084030302689825e-05,-0.0007188661527379736,10858,969000000,5.93,0,2,4,-4.989909441243788,2.619825660174527,5.651457723960337,-4.989909441243788,2.619825660174527,5.651457723960337,217.78906345367432
-3.4934479233798426,0.5360142196544851,5.0,-2.9186873674389338,1.8947964629786593,5.668139273808907,-0.22026882811342607,-0.0019424272443541641,-0.004795671720558902,-0.9754254824796648,-0.010260027520423643,-0.031768979865922274,0.004950283160919527,-0.0008636953566565353,0.0003659785591025866,0.002616061510707368,10859,124000000,5.99,0,2,4,-4.952271477012344,2.609507158722884,5.651349854686464,-4.952271477012344,2.609507158722884,5.651349854686464,218.23117661476135
-3.5719899405559112,0.5913606251811727,5.0,-2.915288338025864,1.9009082039157705,5.669097259282393,-0.21983135211120342,-0.0018746446246461891,-0.004747120255196075,-0.9755245395097829,0.004794419519859645,-0.03750022272919022,0.005323323479783181,-0.0005147747742739739,0.0006384450898622163,0.005816858129037428,10859,283000000,6.01,0,2,4,-4.9167772821606945,2.6010260517647628,5.651448352141976,-4.9167772821606945,2.6010260517647628,5.651448352141976,218.66464066505432
-3.6569669959055218,0.635873106918289,5.0,-2.9142574544919784,1.9065679696325537,5.669801236275164,-0.21935590741295363,-0.0018151067358493003,-0.0047368927030573904,-0.9756317200245679,0.015565863750155895,-0.041398155239976905,0.005485230378681734,-0.00028760536565641814,0.0008333407663485559,0.007720766461716266,10859,471000000,5.99,0,2,4,-4.876535703102463,2.5927883627095873,5.651765508788091,-4.876535703102463,2.5927883627095873,5.651765508788091,219.09300184249878
-3.746928586755153,0.6687150811805102,5.0,-2.9144498232766427,1.9143806959681773,5.6706244124854015,-0.21867589536080967,-0.0017372278456824811,-0.0047425930253931665,-0.9757844755062235,0.027738398905885153,-0.045463288497487035,0.005590949622586857,-6.110810595316707e-05,0.0010074468718812568,0.009675518867879873,10859,620000000,5.97,0,2,4,-4.84901594086212,2.588132700258898,5.652094354460313,-4.84901594086212,2.588132700258898,5.652094354460313,219.53964805603027
-3.840301083373493,0.6892405284284435,5.0,-2.916887051585278,1.9261045636713507,5.671665225006891,-0.2176156526000761,-0.001623634294561839,-0.004791327746181479,-0.976021431492951,0.04344458053868577,-0.04976528865260303,0.005685841471734994,0.0004017449526827477,0.0012774994956998853,0.01178470174636459,10859,769000000,5.92,0,2,4,-4.8194245875803094,2.584301010667929,5.6525495505189065,-4.8194245875803094,2.584301010667929,5.6525495505189065,219.99710822105408
-3.93541214837569,0.6970139234065245,5.0,-2.9231876673081665,1.9428173496211483,5.6729288321339775,-0.21614855169061148,-0.0014742682146138865,-0.004901658212319037,-0.9763470714259617,0.060770158746339974,-0.053807300327511264,0.005774418790900548,0.0007226510604141367,0.0013168524446882657,0.013028106968704378,10859,950000000,5.83,0,2,4,-4.7881691289830846,2.582762125225862,5.653194555757507,-4.7881691289830846,2.582762125225862,5.653194555757507,220.53459477424622
-4.030518550843147,0.6918271952261162,5.0,-2.9295661499202543,1.956754479169605,5.6738722531487005,-0.2149803016223235,-0.0013749287109044368,-0.004987323234660076,-0.9766046826082535,0.06809822935318688,-0.05649112353909067,0.0057623794546946775,0.0006398488608283515,0.0011239064406254329,0.013445807508105645,10860,133000000,5.7,0,2,4,-4.763340272598482,2.5871111319029856,5.653907209227767,-4.763340272598482,2.5871111319029856,5.653907209227767,221.0493025779724
-4.123837055971175,0.673713131509541,5.0,-2.9327159604652384,1.9700510170298788,5.674726421976393,-0.21372481197604914,-0.001206580326998584,-0.005010706603045322,-0.9768803108513628,0.025220800723273228,-0.06265800773524703,0.0049214670267430675,-0.00029689056759707455,0.0022762724256608635,0.015043059011077275,10860,316000000,5.59,0,2,4,-4.7553781943913425,2.5952829583287857,5.654320823889034,-4.7553781943913425,2.5952829583287857,5.654320823889034,221.5373499393463
-4.213577971504894,0.6429546640999306,5.0,-2.927215080072551,1.980597207181595,5.675338947537231,-0.21227926195841829,-0.000995927963189838,-0.005055742913878213,-0.9771954576917915,-0.029604023343171183,-0.06878869439114502,0.0032437930952907965,6.0067346296932556e-05,0.0022362236222761567,0.017722314441925846,10860,464000000,5.45,0,2,4,-4.756719790558307,2.6076048235064855,5.654578117514768,-4.756719790558307,2.6076048235064855,5.654578117514768,221.9825267791748
-4.297980831351451,0.6000895134453678,5.0,-2.908496739748973,1.9894036443695637,5.6756550897838745,-0.21021503826792798,-0.0007728486973213248,-0.0051570078411622994,-0.9776412663451919,-0.08760517603062037,-0.07358552606226312,0.0011867503570680313,0.0007162979613895004,0.001848789872838097,0.020107958152948413,10860,624000000,5.28,0,2,4,-4.7668762387039845,2.6237202618908277,5.654605894324085,-4.7668762387039845,2.6237202618908277,5.654605894324085,222.44718289375305
-4.375351597002221,0.545909725712853,5.0,-2.879246135470865,1.9942810350982603,5.675559896229265,-0.20808341306640127,-0.0006269817549851889,-0.005279439412420173,-0.9780966351133238,-0.1298229719786284,-0.07489995289126536,-0.00036242982848480387,0.0014429025554818509,0.0011491718623801717,0.018982684923685156,10860,820000000,5.02,0,2,4,-4.790216053555567,2.647873772258277,5.6542894839637174,-4.790216053555567,2.647873772258277,5.6542894839637174,222.96153950691223
-4.375351597002221,0.545909725712853,5.0,-2.858081875351505,1.9961889088086244,5.6754248964904255,-0.20691174155164077,-0.0005735959900399694,-0.00540681092964106,-0.9783445040430687,-0.13496166644201285,-0.07294975101566287,-0.0002699045753956924,0.0015756977404635109,0.0009389049921537662,0.01587067290529376,10861,15000000,4.74,0,2,4,-4.821826219535201,2.675135940246255,5.653775284370185,-4.821826219535201,2.675135940246255,5.653775284370185,223.38054537773132
-4.4441006615415,0.4814557117933096,5.0,-2.837691151226537,1.9980482446460077,5.675321418907911,-0.20599504230891325,-0.0005761237934754364,-0.005551028433519371,-0.9785371207618307,-0.11266967508712478,-0.06836382852654162,0.00013406233543436432,0.002437996658954944,-0.0006086170287744608,0.010080582160298945,10861,203000000,4.58,0,2,4,-4.843164981241708,2.6928131647959344,5.653490739658133,-4.843164981241708,2.6928131647959344,5.653490739658133,223.7752230167389
-4.502780852147916,0.40800449104564396,5.0,-2.820270820812408,2.001722162836096,5.675299448604199,-0.20552804593071516,-0.0007309999899238655,-0.00571231784686854,-0.9786342817415159,-0.0706699324635,-0.06181100422450662,0.0008303814740365622,0.0023001307226877543,-0.002203612166340463,0.0022034487301425543,10861,340000000,4.44,0,2,4,-4.862833328428495,2.709693688827605,5.653345217962457,-4.862833328428495,2.709693688827605,5.653345217962457,224.1936776638031
-4.55012454847181,0.3270519548461499,5.0,-2.8074510791736937,2.0086265051295022,5.675424611583581,-0.20570213106123503,-0.001032972765021443,-0.005862993236612766,-0.9785965417650118,-0.022476533637318663,-0.05340685574972661,0.0016368565923242655,0.0019400732071517268,-0.002821508564920805,-0.004682264352595666,10861,498000000,4.36,0,2,4,-4.88197299612124,2.7274564178024026,5.653374443759651,-4.88197299612124,2.7274564178024026,5.653374443759651,224.63344764709473
-4.585078969668523,0.2402890951575203,5.0,-2.803692337855587,2.015598466017815,5.675625006714762,-0.20612150489364767,-0.0012753109919627003,-0.005982894273699031,-0.9785072834569813,0.011675031861069208,-0.04589569607880182,0.002021076968419295,0.0019868016579493997,-0.0024407441742368974,-0.005892628678338951,10861,700000000,4.35,0,2,4,-4.899526761560615,2.7465473548542665,5.653740096122413,-4.899526761560615,2.7465473548542665,5.653740096122413,225.08779788017273
-4.6068386358912825,0.14957229017972345,5.0,-2.805118414892765,2.0235250867125294,5.675885133744535,-0.2064787933860603,-0.0014656949203944777,-0.0060926091773654085,-0.978431009184423,0.042164207920315576,-0.037937937887207715,0.002208283076271903,0.0017027721924023353,-0.0016290686744468985,-0.0031312854844145477,10861,949000000,4.37,0,2,4,-4.90921698689434,2.7594162370487374,5.654266107224725,-4.90921698689434,2.7594162370487374,5.654266107224725,225.51644039154053
-4.614873984444279,0.056887900766473605,5.0,-2.811269999475599,2.0321040178068945,5.676177256528235,-0.2064812103253172,-0.0015810315162020031,-0.006216116122804189,-0.9784295426970123,0.0692927941573058,-0.029459447661108216,0.0022087107472454092,0.0017966201880881272,-0.0006103958241965302,0.0030561953735741554,10862,130000000,4.38,0,2,4,-4.915649161783764,2.77022506116615,5.654959181714124,-4.915649161783764,2.77022506116615,5.654959181714124,225.93630504608154
-4.608955120236752,-0.03568839499673635,5.0,-2.8232240348175606,2.042140064676481,5.676516779598499,-0.20582383837673057,-0.0016215768936259484,-0.0063703339924840036,-0.9785669812992219,0.0950044347362635,-0.01951758885102958,0.002096353206383218,0.0016696801708349085,0.0002068778087505052,0.011083569552283734,10862,320000000,4.36,0,2,4,-4.919278442760292,2.7789645232743085,5.655769865504664,-4.919278442760292,2.7789645232743085,5.655769865504664,226.36007833480835
-4.608955120236752,-0.03568839499673635,5.0,-2.8397045215649444,2.0521316942215275,5.676860464781421,-0.20446064515050333,-0.0015809504297025633,-0.006519043831776655,-0.9788518004518856,0.11554466548815796,-0.009402499164132825,0.0020001262594324105,0.0013962623825136689,0.0009711279972179909,0.01847227267717244,10862,485000000,4.25,0,2,4,-4.92048179747318,2.786341814078598,5.656774538220964,-4.92048179747318,2.786341814078598,5.656774538220964,226.82146286964417
-4.589169708118952,-0.12603691933330227,5.0,-2.8551337854276317,2.0596385930729375,5.677132479195777,-0.20298340482419053,-0.0015086017876239635,-0.006627182700411992,-0.9791585887567347,0.12812098096281138,-0.0016438192690071708,0.0019470778441749697,0.001217532621922146,0.0013099405919092533,0.023833252271288075,10862,710000000,4.07,0,2,4,-4.919056129777925,2.791084285934687,5.6578322171168915,-4.919056129777925,2.791084285934687,5.6578322171168915,227.2416636943817
-4.555934074211958,-0.21204316808162715,5.0,-2.8750841491220154,2.0678081748083854,5.6774488440940125,-0.20091206459952937,-0.001401355245791244,-0.006741204825638854,-0.9795850829097635,0.14011743476209948,0.0058532799634199075,0.001905367627820436,0.0010449591172800865,0.0015230712733682594,0.02894130775530357,10862,918000000,3.87,0,2,4,-4.916355519128339,2.792970585661204,5.658668195794967,-4.916355519128339,2.792970585661204,5.658668195794967,227.69104194641113
-4.509996677017998,-0.29164985758713996,5.0,-2.8999088113150484,2.0764137397642988,5.677810989161112,-0.1980905285175273,-0.001254267617327963,-0.006858954100017004,-0.9801589279668091,0.1500488114693703,0.013503541865418087,0.0018797051961065951,0.0008848404831951484,0.0017149981317743368,0.034470236641936935,10863,73000000,3.61,0,2,4,-4.9117727221093075,2.793227439220586,5.659622134012921,-4.9117727221093075,2.793227439220586,5.659622134012921,228.1274974346161
-4.452433238747426,-0.36291068388312064,5.0,-2.935854429039236,2.0866004515204497,5.67831902879976,-0.1936805285764478,-0.001036607720126959,-0.007016102051442308,-0.9810390168626251,0.15790604850325562,0.022671712619468657,0.001990564327879472,0.0008728098066512757,0.0017801281728679896,0.03992698075307999,10863,203000000,3.26,0,2,4,-4.904935301428063,2.791112238799948,5.660679633552532,-4.904935301428063,2.791112238799948,5.660679633552532,228.65336179733276
-4.3846329938375295,-0.42404446706870175,5.0,-2.9674160609604168,2.0937623795319023,5.678775143783923,-0.18959264163516043,-0.0008528024241720475,-0.007131273226700674,-0.9818365688382119,0.16116624172856717,0.02917230632989387,0.002092612807494656,0.0007304586347345321,0.001643648749904969,0.042805957127711736,10863,366000000,2.75,0,2,4,-4.892286476862899,2.7837384939714687,5.662163291829615,-4.892286476862899,2.7837384939714687,5.662163291829615,229.1519091129303
-4.308275714869883,-0.4734882085347663,5.0,-3.002590702021441,2.10004105941183,5.679290964543121,-0.18491879455653826,-0.0006532220317567281,-0.007222905348252836,-0.9827270436693314,0.15283710807391981,0.034905934360833564,0.0019162172690547867,0.0004398550260020784,0.0014482561482509482,0.040971580892801285,10863,564000000,2.28,0,2,4,-4.881780638796976,2.775857678029341,5.663110579528665,-4.881780638796976,2.775857678029341,5.663110579528665,229.78411602973938
-4.225299414513357,-0.5099474716281459,5.0,-3.034540836695817,2.1027096446591176,5.679655822394592,-0.18114001875524505,-0.0005184179018678141,-0.0072926396549987125,-0.9834301410141397,0.09840183873182054,0.03988708151964517,0.00018319256169677616,0.000345811056945422,0.0007366679596998438,0.021174859284656122,10863,731000000,1.76,0,2,4,-4.867092768482363,2.763434597587293,5.664187225454081,-4.867092768482363,2.763434597587293,5.664187225454081,230.32973051071167
-4.137858892742297,-0.5324424153764127,5.0,-3.049764458947085,2.0976175591396284,5.679421375139987,-0.180239560186582,-0.00043943834975622735,-0.007347906446233211,-0.9835951993114551,0.009715923143586953,0.04460089999955656,-0.003084826719651524,0.0004579997494147392,0.0007389913776023604,-0.0024408613171544857,10863,887000000,1.37,0,2,4,-4.851272174914142,2.7476592919899496,5.665216781789785,-4.851272174914142,2.7476592919899496,5.665216781789785,230.86582469940186
-4.048275596775072,-0.5403477738975248,5.0,-3.048644723797025,2.0882509930566644,5.678752868491016,-0.18101486004498712,-0.00037415577108713743,-0.007402585505679758,-0.9834524300535251,-0.05315138634163351,0.04783253202211942,-0.005603869818684866,0.00044395199267910357,0.0009693556421552785,-0.012940911165060243,10864,44000000,1.3,0,2,4,-4.847398100324004,2.7343608685586105,5.665811307091355,-4.847398100324004,2.7343608685586105,5.665811307091355,231.37039709091187
-3.9589795805588652,-0.5334250886383893,5.0,-3.0340951417435664,2.0709534761872783,5.677368127107548,-0.1834851931507599,-0.00031897058679668895,-0.007478851718376206,-0.9829939719699035,-0.1218030212724083,0.050922449873198675,-0.00862527300916746,0.0005543752990888606,0.0006402842075203807,-0.03195889003109187,10864,225000000,1.4,0,2,4,-4.855683447105816,2.7275078684803353,5.665864653191791,-4.855683447105816,2.7275078684803353,5.665864653191791,231.96914076805115
-3.8724446829733865,-0.5118455734870044,5.0,-3.0009616083454502,2.0434798017473796,5.675016114674973,-0.1889295637113717,-0.0003017887044407747,-0.007532750524378617,-0.9819617031987276,-0.18218427279597033,0.05149374309170805,-0.011040739278138091,-0.0004020577165420036,0.0003581570183541771,-0.0484264935948886,10864,403000000,1.69,0,2,4,-4.876724471743095,2.7222458810740617,5.66553821055321,-4.876724471743095,2.7222458810740617,5.66553821055321,232.51701426506042
-3.7911183791804586,-0.47620212986063115,5.0,-2.972232967435833,2.021937221148057,5.6732271735376365,-0.19334717812314267,-0.0003092068814647131,-0.00749774444902675,-0.9811017057018601,-0.20180603604065164,0.05033481228290082,-0.01121572611535238,-0.00039887511888991867,0.00013677191219585438,-0.05105544769321568,10864,540000000,2.32,0,2,4,-4.913502706465659,2.719657463483155,5.664676634357082,-4.913502706465659,2.719657463483155,5.664676634357082,232.9903118610382
-3.717348085883062,-0.427509234340068,5.0,-2.947050726689143,2.0029426734846867,5.671742111585772,-0.19701576898309142,-0.00037003948209410895,-0.007372846286801092,-0.9803725266348573,-0.18015868177166003,0.048394481955709195,-0.009712438113288691,-0.0015358580299107416,-0.001298227198276436,-0.043529883987503126,10864,709000000,2.81,0,2,4,-4.944618757708842,2.7197762559378833,5.663829307608319,-4.944618757708842,2.7197762559378833,5.663829307608319,233.46558928489685
-3.653306005244452,-0.36718969756849185,5.0,-2.923322141570008,1.9836601602016,5.670368288132782,-0.20072713152972577,-0.0005682536659765672,-0.0071358587172662535,-0.9796210365626018,-0.14669427555345826,0.0460138290333311,-0.007627081531728053,-0.002339725256206293,-0.003310364854769432,-0.041458561827312224,10864,890000000,3.23,0,2,4,-4.971111759003478,2.719654316196409,5.663062812283459,-4.971111759003478,2.719654316196409,5.663062812283459,233.92129755020142
-3.600914859085754,-0.2970476397843563,5.0,-2.906856011428236,1.9687705432698412,5.669452781610332,-0.203966069646687,-0.0008551892601057144,-0.006879485145456861,-0.9789534124606469,-0.11835595009765547,0.04327758665768734,-0.005576224641768427,-0.0023734522983431816,-0.0042164898786722915,-0.04134469490963966,10865,141000000,3.65,0,2,4,-4.994979664581897,2.717819456641276,5.6622730552225535,-4.994979664581897,2.717819456641276,5.6622730552225535,234.3503201007843
-3.56177707900695,-0.2192274424343797,5.0,-2.8902131502650192,1.9515804981038496,5.668636222481709,-0.20820526511584464,-0.0012722030644407856,-0.006519239996032582,-0.9780625995238126,-0.08569777546957649,0.03876665964181585,-0.0032959210800670114,-0.0024600183223810745,-0.003851358178508235,-0.03715107341122348,10865,328000000,4.02,0,2,4,-5.008353001752826,2.7139402205601644,5.661636213937461,-5.008353001752826,2.7139402205601644,5.661636213937461,234.79747796058655
-3.537110163093061,-0.13615891042552986,5.0,-2.880820694006797,1.9401429049919705,5.668279174567866,-0.21116849315538394,-0.0015443771404308297,-0.0062384651261266745,-0.9774285467238015,-0.0633797476205058,0.03470211702297171,-0.0017405775031354791,-0.002249876661153394,-0.0030339484965224983,-0.0314220720611047,10865,545000000,4.51,0,2,4,-5.015640006742602,2.7056243973238328,5.660851933345068,-5.015640006742602,2.7056243973238328,5.660851933345068,235.2298936843872
-3.527690969900185,-0.05048940568249943,5.0,-2.8756937462997594,1.9327779145478194,5.668164345450127,-0.2130831275132815,-0.001698290531648763,-0.006043005193232154,-0.9770139091469799,-0.0482650851843802,0.030983622627011053,-0.0007593579994501475,-0.002154391358999419,-0.0022090733864388312,-0.025534664928272832,10865,779000000,4.85,0,2,4,-5.013064836899933,2.696686321411889,5.66026172061715,-5.013064836899933,2.696686321411889,5.66026172061715,235.64318776130676
-3.5338116804435082,0.03499572415445523,5.0,-2.872185943146295,1.9266972971355922,5.668167122822444,-0.21461914457383474,-0.0018024295276440274,-0.0058683225263127005,-0.9766785227601353,-0.034777723945773296,0.027112447328215494,5.92895889032143e-05,-0.0020756033791258233,-0.0015198086202872219,-0.019156140660925303,10866,29000000,5.08,0,2,4,-5.006357205296043,2.688653670792973,5.659827652929331,-5.006357205296043,2.688653670792973,5.659827652929331,236.05299735069275
-3.5552500057415717,0.1174625157534436,5.0,-2.8696980391273854,1.9207359682591683,5.66831144834643,-0.21592361113680408,-0.001863060085619349,-0.005658649381633668,-0.9763920845889396,-0.01931528203810149,0.02154828445772807,0.000947124702867695,-0.0021147435745660914,-0.0006662509804300498,-0.011054717742808862,10866,206000000,5.27,0,2,4,-4.996021913197666,2.679896770872097,5.65942141105068,-4.996021913197666,2.679896770872097,5.65942141105068,236.4584140777588
-3.5912559407229514,0.19412507309907312,5.0,-2.8691345609312062,1.9172091035424335,5.66855475743662,-0.2164992870364601,-0.0018559555144804817,-0.005499248798963084,-0.9762655235152369,-0.00671020057894291,0.015899287726906332,0.001634254766465117,-0.001827840685564297,-4.771269814796142e-05,-0.004737133349408396,10866,434000000,5.44,0,2,4,-4.97827303876124,2.667983598376335,5.65895023889913,-4.97827303876124,2.667983598376335,5.65895023889913,236.85616612434387
-3.640556958431398,0.26234652631188454,5.0,-2.8699596373415153,1.9153167784009983,5.668887189077285,-0.21666106382173012,-0.0018160325964922527,-0.005359231278561113,-0.9762304871746976,0.00521947654925415,0.010293592090781015,0.002168437968613007,-0.0017462908431298274,0.00023219098039817254,0.00011446053544972301,10866,683000000,5.52,0,2,4,-4.9590850601610565,2.6571813360590606,5.658600653558335,-4.9590850601610565,2.6571813360590606,5.658600653558335,237.25420117378235
-3.640556958431398,0.26234652631188454,5.0,-2.8717577561123973,1.9149789853413457,5.669235049319349,-0.21651908695827782,-0.0017655868681569155,-0.00525377980021007,-0.9762626518942408,0.015315500184130693,0.005282337558556763,0.00256961902867493,-0.0015291785189219809,0.0004996192501494079,0.0038535691828656127,10866,868000000,5.56,0,2,4,-4.937362052727706,2.646463209548352,5.6583332828079795,-4.937362052727706,2.646463209548352,5.6583332828079795,237.66935849189758
-3.7013829998418393,0.3197407343716797,5.0,-2.8745323006316696,1.9158667210276406,5.669632009038831,-0.21613578630805325,-0.0017006798171960462,-0.0051728463852742925,-0.9763481301387498,0.025390791642309625,0.0003679466335511616,0.0029797986726193505,-0.0011600073889894702,0.0007431477172303858,0.007282796923391288,10867,38000000,5.57,0,2,4,-4.916707433778344,2.637323028145779,5.658168790095757,-4.916707433778344,2.637323028145779,5.658168790095757,238.08952736854553
-3.771511948538038,0.3642707925968209,5.0,-2.879517440345283,1.918724752763635,5.670212917842597,-0.21532545867913666,-0.0015955702619884196,-0.005089021196455558,-0.9765277788488254,0.03724450287428291,-0.005291191458949908,0.003414632416335131,-0.0011387178233235318,0.0010092794809679617,0.01077157712643384,10867,202000000,5.55,0,2,4,-4.894881873093865,2.628526736693138,5.658077629885074,-4.894881873093865,2.628526736693138,5.658077629885074,238.52361369132996
-3.848335497212682,0.3943401179112721,5.0,-2.88682089538462,1.923936621201101,5.670927802445741,-0.21409507299573083,-0.0014651846885489043,-0.005043382617664613,-0.9767987086624105,0.05001942763562857,-0.010892419793959534,0.0038098705439941908,-0.0006027464451108244,0.0011485572144920297,0.013855746146873571,10867,380000000,5.49,0,2,4,-4.865631489453408,2.6178991878847304,5.658075031568988,-4.865631489453408,2.6178991878847304,5.658075031568988,238.9640235900879
-3.928944433310108,0.40887174815873295,5.0,-2.8940362074885937,1.9295400504535942,5.671545372280339,-0.21293391438432058,-0.0013563465839836373,-0.005022439392900078,-0.977052753709573,0.060301347354740666,-0.014729815271646593,0.0040913839156699015,-0.0005070374925253418,0.0012059728192070907,0.015526078277616762,10867,582000000,5.39,0,2,4,-4.832354774564165,2.6071898920600307,5.6582392127937435,-4.832354774564165,2.6071898920600307,5.6582392127937435,239.43083715438843
-4.010231421210636,0.40737153560357,5.0,-2.9048050882997267,1.9381802074944325,5.672367353833676,-0.21133447680977552,-0.0012246463878689887,-0.0050318505568715775,-0.9774000816619242,0.07281084483529329,-0.01884116025087505,0.004406488579754548,-6.644467376304419e-05,0.0012231043228894123,0.017039011072483845,10867,766000000,5.29,0,2,4,-4.80652176631593,2.599823055491709,5.658490087629506,-4.80652176631593,2.599823055491709,5.658490087629506,239.9924829006195
-4.010231421210636,0.40737153560357,5.0,-2.9203103243183914,1.950643639809198,5.673399009932421,-0.2092197869129933,-0.0010787243883715663,-0.005078364110011486,-0.977854860056308,0.08276038241197833,-0.022534245718275864,0.004497765538512904,0.00026558414845112566,0.0009796528843253327,0.017661032325122505,10867,914000000,5.15,0,2,4,-4.77747122720864,2.5927349401282993,5.658900865583229,-4.77747122720864,2.5927349401282993,5.658900865583229,240.56473898887634
-4.089008373582524,0.3899711648727302,5.0,-2.9311872579740204,1.960274095978101,5.674128157028329,-0.20780241236056846,-0.0010166783979792138,-0.005116728764787585,-0.9781569111696298,0.07208133972062339,-0.0255279407971874,0.004146221115683283,0.00025686296396543185,0.0004755395252686867,0.015109655578271486,10868,48000000,4.96,0,2,4,-4.752629275139984,2.589068991174131,5.659377499030582,-4.752629275139984,2.589068991174131,5.659377499030582,241.00559663772583
-4.162134528420906,0.357447401296653,5.0,-2.935700735180932,1.9679484235570346,5.6746240772549745,-0.20682104251538447,-0.0009163141497185133,-0.005117294075476949,-0.9783649779313308,0.010506924892822645,-0.0316485517329992,0.0020415511630883223,-0.00029796743774568313,0.00139702796104757,0.00834640613902593,10868,218000000,4.83,0,2,4,-4.745013647873143,2.5910554389760443,5.659583583187021,-4.745013647873143,2.5910554389760443,5.659583583187021,241.46867656707764
-4.226650431644696,0.31121468769207083,5.0,-2.9298907403144723,1.9721098242735173,5.674739841090395,-0.20616877956223262,-0.0007749379974008961,-0.005146358855436578,-0.9785026054106605,-0.04642660647845644,-0.03622140613776257,8.126377613334722e-05,5.990573654912623e-05,0.0016397740523643733,0.007035215003270423,10868,393000000,4.74,0,2,4,-4.74746375709393,2.5971630817609497,5.659588685893774,-4.74746375709393,2.5971630817609497,5.659588685893774,241.94809889793396
-4.279912224566699,0.25328915598209495,5.0,-2.915286249930871,1.9730587503893235,5.674508108768484,-0.20557467040927252,-0.0006364720611111347,-0.005206895048010583,-0.9786273744553609,-0.09390240275598374,-0.038559143557797715,-0.001846946756440255,0.00035236870701282896,0.0015566549336654134,0.006643304413955775,10868,550000000,4.68,0,2,4,-4.7591654434413755,2.6069146083879855,5.659365734288369,-4.7591654434413755,2.6069146083879855,5.659365734288369,242.4348578453064
-4.319720011453268,0.1862232914442295,5.0,-2.887791628356166,1.9703315484963462,5.673811977101434,-0.20509386762827486,-0.0005272978765928516,-0.005316098647234819,-0.9787277284890817,-0.13916389214366298,-0.038894209687342966,-0.0036427764071142047,0.0008253985811279563,0.0008765748191308376,0.002937588465101726,10868,682000000,4.61,0,2,4,-4.779217924524819,2.6197740765960975,5.658893326382992,-4.779217924524819,2.6197740765960975,5.658893326382992,242.89148116111755
-4.344433696010581,0.11301185359284438,5.0,-2.8613272052062806,1.9661033094045204,5.6731253943218825,-0.2049637682712509,-0.0004793273613900241,-0.005402649670410417,-0.9787545327189389,-0.14826638291491628,-0.03638711205145194,-0.0035403190099304116,0.000777569749743634,0.000592448913039334,0.0005442252358989208,10868,821000000,4.54,0,2,4,-4.81310548616794,2.638659925431236,5.658043970390248,-4.81310548616794,2.638659925431236,5.658043970390248,243.39616656303406
-4.353069585607864,0.03697117415894612,5.0,-2.837101914929836,1.9620277694679524,5.6725431471469605,-0.20499052115375738,-0.0005297567577223759,-0.005537462495310647,-0.9787481504983809,-0.11501860747893847,-0.0303177998416021,-0.0025230677608005106,0.0016801988863335282,-0.0008883442205842584,-0.000987186069778545,10869,17000000,4.51,0,2,4,-4.8446257383190705,2.6550815150634377,5.65733029358809,-4.8446257383190705,2.6550815150634377,5.65733029358809,243.9141194820404
-4.345371320201593,-0.03840444221973282,5.0,-2.8215093225727186,1.9598634377725226,5.672199134970248,-0.20525441561371838,-0.0006948348820621721,-0.005630593555389727,-0.9786922082512823,-0.07659003514789228,-0.023592421268127092,-0.0014577198227989725,0.0014601752695853065,-0.002402695849923475,-0.005422882713901345,10869,213000000,4.5,0,2,4,-4.874888804468394,2.6705969870889223,5.656792865631136,-4.874888804468394,2.6705969870889223,5.656792865631136,244.3544421195984
-4.321849329598748,-0.10960387327479358,5.0,-2.8102228187929446,1.9590492799227486,5.672009251535643,-0.20603817291585025,-0.0010113959243737468,-0.005714624256803204,-0.978526745392984,-0.03328518063956233,-0.014835984880236876,-0.00016764599990935536,0.0014302353633866005,-0.0031047342645251774,-0.009885443614621181,10869,378000000,4.51,0,2,4,-4.896478880478742,2.6819832947009608,5.656550634282368,-4.896478880478742,2.6819832947009608,5.656550634282368,244.8053081035614
-4.283784081748948,-0.1732710158852498,5.0,-2.806936703507013,1.9596493430311694,5.67204708102517,-0.2068451638079138,-0.0012885234475532368,-0.00578861661603553,-0.978355717433222,-0.0001283223701822276,-0.0066809550160621305,0.00075314441136098,0.001343555197763635,-0.0025260583925046376,-0.008752907433517976,10869,576000000,4.59,0,2,4,-4.9163265709986845,2.692755540203375,5.6565800462522295,-4.9163265709986845,2.692755540203375,5.6565800462522295,245.25479555130005
-4.233189858539408,-0.22637908444547392,5.0,-2.809212418777021,1.9611489148131434,5.672233315577629,-0.20739731018913926,-0.001497109186443636,-0.005870266539307101,-0.978238035634043,0.027661961026482364,0.00118107232506819,0.001290852369046264,0.001296902348713047,-0.0016416989979006757,-0.0041948796479118755,10869,804000000,4.67,0,2,4,-4.928193597167491,2.6992868813744852,5.656856955466038,-4.928193597167491,2.6992868813744852,5.656856955466038,245.71815299987793
-4.1727376602558985,-0.2663981057164597,5.0,-2.8161720498029306,1.9632361706959607,5.672516508122044,-0.20740067611229213,-0.0016202792639177254,-0.005991847523621099,-0.978236388612959,0.05046188548639848,0.008485269621011135,0.0016453431290703187,0.001585859865826933,-0.0006111261257046863,0.003252815736232151,10869,998000000,4.72,0,2,4,-4.935004348826578,2.70296579806632,5.657309192978348,-4.935004348826578,2.70296579806632,5.657309192978348,246.18014430999756
-4.105638041562169,-0.2914457139415669,5.0,-2.8269475287784247,1.965669591118764,5.672869728023152,-0.20672546733044123,-0.0016511952297102767,-0.00610548873225319,-0.9783785452056193,0.06830992560068018,0.014825165555992725,0.0018702479108602405,0.0011571661502784991,0.00023049454256351964,0.011077485396526754,10870,164000000,4.71,0,2,4,-4.937172628657998,2.7038875421842117,5.657875186431413,-4.937172628657998,2.7038875421842117,5.657875186431413,246.61060619354248
-4.035487133954632,-0.30041124034177896,5.0,-2.8406536093377586,1.9682456095013063,5.673275063810308,-0.2053979295457613,-0.0016068362264254768,-0.006212164658185884,-0.9786575078268778,0.08143443917412714,0.01998754883100577,0.0020725948126738203,0.0009669641940490692,0.0008742955856178014,0.017798231056076474,10870,333000000,4.62,0,2,4,-4.935061026792799,2.702187042188801,5.6585075362216255,-4.935061026792799,2.702187042188801,5.6585075362216255,247.04157137870789
-3.96608169213925,-0.2930435946951636,5.0,-2.8546638263686126,1.9705510313490662,5.673679869828322,-0.20378469656685883,-0.0015215368647010195,-0.00629154267426529,-0.9789943303520712,0.08968686351849164,0.02345713315298833,0.002325721498861416,0.000656354995953734,0.0012720401059596043,0.02271620796818752,10870,540000000,4.46,0,2,4,-4.929002696404518,2.6980195362056105,5.659153237784389,-4.929002696404518,2.6980195362056105,5.659153237784389,247.47769284248352
-3.901211562810278,-0.26999461971974986,5.0,-2.869883223949823,1.9728251337671918,5.6730570035531205,-0.20186397097053838,-0.0014075810049796974,-0.006359060101541858,-0.9793919125122206,0.09537181688767774,0.025358828808381334,-0.022476790006262813,0.0005949729256826686,0.0014247294188862725,0.025980419195548166,10870,744000000,4.27,0,2,4,-4.92061688644208,2.692440348921828,5.659718001237396,-4.92061688644208,2.692440348921828,5.659718001237396,247.89879703521729
-3.844440334754514,-0.23281149144471475,5.0,-2.8838247291107773,1.9748108353270797,5.66664839789052,-0.2000099568685938,-0.0013289944966054373,-0.006418804656242977,-0.9797719376843961,0.09831527418357133,0.0255871338946052,-0.06597016278131052,0.0006747762085979048,0.0007220590362067014,0.027874769693880808,10870,924000000,4.06,0,2,4,-4.909700201606795,2.6853177786532325,5.659204763675513,-4.909700201606795,2.6853177786532325,5.659204763675513,248.31740379333496
-3.844440334754514,-0.23281149144471475,5.0,-2.900123801729394,1.97710310079978,5.652270741041287,-0.19777388638052584,-0.001317610423211746,-0.006478267958565811,-0.9802253750097334,0.10002871365376731,0.02490272996290708,-0.11081534875744663,0.0007122562237782404,-0.0004560981011536569,0.02894334556913236,10871,107000000,3.85,0,2,4,-4.8982847414578,2.6780268517789465,5.652854968211861,-4.8982847414578,2.6780268517789465,5.652854968211861,248.71932458877563
-3.798886890464102,-0.18387432439794807,5.0,-2.918565048519301,1.9797693755777337,5.628101106423902,-0.19520201032035206,-0.0014018659931601886,-0.006485703083967419,-0.980740610760122,0.10016841214194687,0.02311557482299853,-0.15486374600706432,0.0001127443333359679,-0.001621828346287657,0.029209609783720225,10871,262000000,3.61,0,2,4,-4.8833229029646,2.6686931349894865,5.638505083510677,-4.8833229029646,2.6686931349894865,5.638505083510677,249.11236262321472
-3.767021934800574,-0.12627834785081793,5.0,-2.9368868828373444,1.98253948225654,5.596679298942749,-0.1926382700621243,-0.0015463382106571115,-0.006316151583959024,-0.9812482927245165,0.099642492814944,0.021429510163719877,-0.1919134473464878,-0.0018659886563909822,-0.0025466258193773683,0.02884380901377881,10871,477000000,3.34,0,2,4,-4.864280575084707,2.6572027991480542,5.614289546628073,-4.864280575084707,2.6572027991480542,5.614289546628073,249.57599234580994
-3.750494125694988,-0.06366371562587049,5.0,-2.9529801289309354,1.985056458096356,5.5636667620256155,-0.19043103082986745,-0.0016897903840456833,-0.005881274323726221,-0.9816815052336786,0.0982692008823964,0.019968743459680298,-0.21911835313447256,-0.005395570406108163,-0.0033014827749866527,0.027514053726918064,10871,657000000,3.08,0,2,4,-4.84317349140111,2.6449241497572036,5.58279836081862,-4.84317349140111,2.6449241497572036,5.58279836081862,250.06510376930237
-3.75,-1.1943401194869635e-15,5.0,-2.9736428637982777,1.9882680094006362,5.511842368524644,-0.18788413769697765,-0.001990979114323221,-0.004948318818655638,-0.9821767157415707,0.07985892035186168,0.01719570953378131,-0.2505057992653176,-0.00953969301917823,-0.006134713021310745,0.017133887740783393,10871,828000000,2.87,0,2,4,-4.823499387013027,2.633738529473063,5.549709295822563,-4.823499387013027,2.633738529473063,5.549709295822563,250.5743763446808
-3.7652103438835645,0.060663558919057906,5.0,-2.9844352997251145,1.9887166357593524,5.459062153892217,-0.18720931876428742,-0.0025759721563561318,-0.003883451255371035,-0.9823089911741663,0.0247930348646302,0.013712726167668308,-0.27603542721502583,-0.008787073420535307,-0.007830743015802,0.000298074545312943,10871,994000000,2.64,0,2,4,-4.800668630816924,2.619959096401287,5.497479524169087,-4.800668630816924,2.619959096401287,5.497479524169087,251.02853298187256
0.0,0.0,5.0,-2.981749303383709,1.984404762093219,5.395292128840742,-0.1883396009283203,-0.003217329923722893,-0.0026596297733750838,-0.9820950920760125,-0.05872070116713483,0.009653346541489595,-0.30173670526825724,-0.01082297849279712,-0.006320441798379761,-0.01749492766975891,10872,182000000,2.64,0,2,4,-4.790368898075305,2.6114243341054357,5.443923549406875,-4.790368898075305,2.6114243341054357,5.443923549406875,251.55550122261047
0.0,0.0,5.0,-2.954142663684921,1.97108299589031,5.306947005723689,-0.19149359808476923,-0.0033746149473599836,-0.0010108445964567452,-0.9814875404505692,-0.16879034682750196,-0.004446824462872043,-0.3248257319560189,-0.010896123058046214,-0.0007041599019430578,-0.02321225001651328,10872,376000000,2.84,0,2,4,-4.792381081157117,2.607313188728083,5.3793490361874845,-4.792381081157117,2.607313188728083,5.3793490361874845,252.15843272209167
0.0,0.0,5.0,-2.8910406517257017,1.9519706452409182,5.21370737942485,-0.19422830906151867,-0.002468576306830415,0.0006302672933787089,-0.9809530431438904,-0.2877287666403307,-0.038558933878345164,-0.33523985611034596,-0.015005143905000295,0.009163300092041027,-0.01610735725989798,10872,534000000,3.23,0,2,4,-4.812317555495858,2.609330316714636,5.2907284539818455,-4.812317555495858,2.609330316714636,5.2907284539818455,252.78905868530273
0.0,0.0,5.0,-2.8288939745536115,1.9370168891313464,5.146273525482716,-0.19553998632648995,-0.0009609318049937545,0.0019010357830700935,-0.9806934161196625,-0.34030161330631764,-0.057957964040156115,-0.3363561318299314,-0.01665466061240295,0.014647328316641506,-0.010891843703575432,10872,694000000,3.57,0,2,4,-4.830968119771703,2.6164926616589455,5.197430768017278,-4.830968119771703,2.6164926616589455,5.197430768017278,253.2695906162262
0.0,0.0,5.0,-2.766674901510534,1.9241261154681377,5.0863077832937815,-0.1961587791837961,0.0006901224726889393,0.0032334563097562827,-0.9805665718554698,-0.35279335511600984,-0.07088508343909733,-0.33021059257520924,-0.01774154861777788,0.015047774923004908,-0.0043388616177253425,10872,828000000,3.7,0,2,4,-4.83207730724925,2.6228792758066413,5.12897280839792,-4.83207730724925,2.6228792758066413,5.12897280839792,253.72550320625305
0.0,0.0,5.0,-2.6951561714068464,1.9114979134082317,5.021701481713689,-0.1959052399215534,0.00252599050380291,0.00463154522038337,-0.9806086401475996,-0.3538948026573694,-0.08114673848957535,-0.31865564893480913,-0.015621997681591893,0.015002865256974474,0.00786130221968051,10873,1000000,3.76,0,2,4,-4.824858620741552,2.629019018977902,5.066501631746096,-4.824858620741552,2.629019018977902,5.066501631746096,254.17365670204163
0.0,0.0,5.0,-2.6230857406000476,1.900869254162569,4.959909921778248,-0.19454433438518742,0.004201593168159852,0.0056161129537409555,-0.9808686496411048,-0.34996916379570103,-0.08894201212992113,-0.3054046226182291,-0.011486334096844075,0.013657267572853016,0.01771304177964339,10873,170000000,3.71,0,2,4,-4.805416686371558,2.6347836208751025,4.996897792985916,-4.805416686371558,2.6347836208751025,4.996897792985916,254.63912272453308
0.0,0.0,5.0,-2.5583216285971755,1.892934516295236,4.906808274958036,-0.19262114988458995,0.005475529776529054,0.006255680607524463,-0.9812379821689237,-0.3453200425362316,-0.09435261822709187,-0.29311985774016813,-0.008822801555652404,0.011466084833955392,0.024233589101640973,10873,334000000,3.53,0,2,4,-4.767948585536333,2.6366750814314,4.928583624295716,-4.767948585536333,2.6366750814314,4.928583624295716,255.08690762519836
