x_ref,y_ref,z_ref,x,y,z,eta,e1,e2,e3,u,v,w,p,q,r,sec,nanosec,angle2,angle3,control_mode,std_test,x2,y2,z2,real_x2,real_y2,real_z2,time
0.0,0.0,5.0,-1.6896521937528333,0.276622171500837,4.91756949828959,-0.9957978057851309,2.1188678786388752e-05,0.0014338293628715487,0.09156786378373472,0.08471720993705759,0.0022514412438532257,-0.00031530982514374673,-2.1000735550558147e-05,0.0020843528318437166,0.0006355489631459932,15026,907000000,0.33,0,2,1,0.2571126908931678,-0.09702219636182077,4.922081851305273,0.2571126908931678,-0.09702219636182077,4.922081851305273,7.748603820800781e-05
-0.0006168375916972835,0.07853658655910338,5.0627905195293135,-1.6725153913138748,0.2740448802098751,4.917532882793016,-0.9958059312346434,-4.056001208616652e-06,0.0010925086263707362,0.09148417199906417,0.04878045647379429,0.0023087567093573536,-0.0002861689884345436,-0.000185476436342924,0.003261299389123451,0.0005748716432663059,15027,236000000,0.32,0,2,1,0.25427242851996174,-0.0951948802209452,4.922128932376942,0.25427242851996174,-0.0951948802209452,4.922128932376942,0.35625457763671875
-0.002467198171341778,0.15705379539064146,5.125333233564304,-1.6654606536565764,0.2733245512897007,4.917498480530404,-0.9958112659097758,-2.996440032497689e-05,0.0006442458494416839,0.09143033816294205,0.01264427539306855,0.0026093483002736133,0.0001001535061210313,0.000284155524354901,0.0038567472529393854,0.00042356505787211063,15027,496000000,0.32,0,2,1,0.25165716771305074,-0.09379321638366017,4.9221851035838595,0.25165716771305074,-0.09379321638366017,4.9221851035838595,0.657156229019165
-0.005550625190149816,0.23553225354821328,5.187381314585725,-1.6662388408446205,0.27424364525531925,4.9177551930934955,-0.9958171178030859,-0.00011522369245982283,0.00021199676889893578,0.091368537644122,-0.018114962655733508,0.003819924014594469,0.0022029505835363143,0.00048546153834649886,0.0034017836924249423,0.0006350504122565326,15027,720000000,0.33,0,2,1,0.25017217798716856,-0.09246548915530693,4.92252572537992,0.25017217798716856,-0.09246548915530693,4.92252572537992,0.9591410160064697
-0.005550625190149816,0.23553225354821328,5.187381314585725,-1.672683220405781,0.2764768534952298,4.918577338037805,-0.9958245197009469,-0.00019948690609007606,-0.00012297172458665962,0.09128784719395722,-0.0414120380823534,0.005454558350269567,0.005227396602564059,0.0007813088529928791,0.002875418181247369,0.0006001345923323242,15027,967000000,0.34,0,2,1,0.2575509045199718,-0.09262881756350638,4.923275888008375,0.2575509045199718,-0.09262881756350638,4.923275888008375,1.2643494606018066
-0.009866357858641983,0.31395259764656686,5.248689887164855,-1.687320995776736,0.28112371418625437,4.920790120944682,-0.9958221471341806,-0.00034966922847552793,-0.0004895605360938035,0.09131204377836705,-0.06564775529805403,0.00797033720976648,0.010159466052879667,0.0007256174114900205,0.002552971955083194,-0.0007989961318344285,15028,193000000,0.36,0,2,1,0.2734230271351306,-0.09420878845625998,4.924561428257258,0.2734230271351306,-0.09420878845625998,4.924561428257258,1.5935418605804443
-0.009866357858641983,0.31395259764656686,5.248689887164855,-1.7042696494065501,0.28642656528670907,4.923720535527847,-0.9958085098100418,-0.00045335836507901634,-0.0007497492456074678,0.09145842843699908,-0.07364914894664801,0.00979439694831667,0.014143185244090434,0.0007187445078216115,0.0013570424016506877,-0.0017532585957269475,15028,459000000,0.38,0,2,1,0.3037009105424489,-0.09752851526496226,4.927424978568733,0.3037009105424489,-0.09752851526496226,4.927424978568733,1.9314360618591309
-0.015413331334360514,0.3922954786392247,5.3090169943749475,-1.7183593828025607,0.29169310424892403,4.9277701323794725,-0.9957826990858072,-0.0005314837051934471,-0.0007627843188539014,0.09173849729823685,-0.04888065721059624,0.01180506867179315,0.019086947398100382,0.0005515188945537375,-0.0009329276167591161,-0.002911090518864512,15028,710000000,0.39,0,2,1,0.3344223587754849,-0.10082690053727435,4.930867109802565,0.3344223587754849,-0.10082690053727435,4.930867109802565,2.2311718463897705
-0.022190176984599574,0.47054156659257157,5.368124552684678,-1.7247333069573838,0.29569668063617954,4.932466720923653,-0.9957474676994006,-0.0005668730709920767,-0.0005522067255448041,0.09212141061058798,-0.017065004779004928,0.01339242792162034,0.02337373919198165,0.000555833497628555,-0.0022575273305847077,-0.004020906953883241,15028,939000000,0.37,0,2,1,0.3632333839904957,-0.10334513232286688,4.935248943193424,0.3632333839904957,-0.10334513232286688,4.935248943193424,2.530165672302246
-0.022190176984599574,0.47054156659257157,5.368124552684678,-1.7246381661163441,0.29890133794672663,4.938181105915534,-0.9957007479267552,-0.0006033169356520734,-0.0003141903121885778,0.09262590280922095,0.010344232985339435,0.015411222129384911,0.0283726503393662,0.000582822588057752,-0.00197810541067156,-0.004748030823975569,15029,157000000,0.32,0,2,1,0.3839738389165781,-0.10420178033994412,4.940079072667182,0.3839738389165781,-0.10420178033994412,4.940079072667182,2.8356895446777344
-0.030195222724101356,0.5486715554552264,5.425779291565073,-1.719115633462679,0.30157433183425647,4.945058671693858,-0.9956561894675802,-0.0006422149189731679,-0.0001097336300786507,0.09310385541655258,0.032661907299608266,0.017667063156365286,0.03372298673235517,0.0004420985732167537,-0.0017016365063682315,-0.0038871718061272986,15029,382000000,0.26,0,2,1,0.39952285997571757,-0.1036592376173357,4.945725388355093,0.39952285997571757,-0.1036592376173357,4.945725388355093,3.133723735809326
-0.03942649342761051,0.6266661678215213,5.481753674101715,-1.7102625523383728,0.30368166008881325,4.952238843149776,-0.9956268959613068,-0.0006633331911037651,6.025535747706542e-05,0.0934164888915357,0.049058480882737523,0.01947668318956277,0.03781413639671601,0.00030612570753874024,-0.0016018089240787958,-0.00251307840244408,15029,600000000,0.22,0,2,1,0.4106313462652252,-0.10175783451038425,4.952396008708323,0.4106313462652252,-0.10175783451038425,4.952396008708323,3.412048816680908
-0.03942649342761051,0.6266661678215213,5.481753674101715,-1.6984660557094506,0.30564142328697785,4.960301470762887,-0.9956146617744697,-0.0006720869206599979,0.000225687529774172,0.09354647307097091,0.06213347453437573,0.021687287778328037,0.04243819032329545,0.0002906383002709845,-0.0015936453564791009,-0.00046113078724374645,15029,803000000,0.19,0,2,1,0.417526195158195,-0.09898981457935241,4.959344255697996,0.417526195158195,-0.09898981457935241,4.959344255697996,3.682676076889038
-0.049881711417212315,0.7045061596879133,5.5358267949789965,-1.68433515518656,0.3076198356826213,4.969324043327516,-0.9956207427007773,-0.0006999813297226092,0.0003942811102891387,0.09348096743453421,0.07222359928456193,0.024004046349762276,0.04730065188184744,0.00037227093514502485,-0.0016184334526769817,0.0014698663676426804,15030,0,0.17,0,2,1,0.4218895768314333,-0.09531320965699665,4.96714423202055,0.4218895768314333,-0.09531320965699665,4.96714423202055,3.9531638622283936
-0.049881711417212315,0.7045061596879133,5.5358267949789965,-1.6667124450473338,0.30990425886531797,4.980298847425551,-0.9956475356476729,-0.0007153564528306211,0.0005706509562213234,0.09319413812760458,0.08069255482445412,0.026196369999338075,0.05200476720088702,0.0003065879099040103,-0.0014910573554516304,0.0034835337828553747,15030,214000000,0.14,0,2,1,0.4241347216340806,-0.09075509739216993,4.975869589272498,0.4241347216340806,-0.09075509739216993,4.975869589272498,4.221715211868286
-0.061558297024310704,0.7821723252011543,5.587785252292473,-1.647433283068432,0.31239296308991993,4.992336463482521,-0.9956938412763368,-0.000732771402356147,0.0007254490231841369,0.09269687812520805,0.08694982012826338,0.028467591781808993,0.056788318254670046,0.0002077969213587494,-0.0012572852369885368,0.00523145040460804,15030,432000000,0.11,0,2,1,0.4245907803713371,-0.08481239890631487,4.986538086368384,0.4245907803713371,-0.08481239890631487,4.986538086368384,4.490603446960449
-0.061558297024310704,0.7821723252011543,5.587785252292473,-1.62691606555943,0.3151342513072683,5.005329804091014,-0.9957520289242137,-0.0007347007459840426,0.0008499038202515478,0.09206864163015532,0.0915129721721081,0.03042774678874267,0.06079821835142039,-6.48004526482282e-05,-0.0010215592396889406,0.006221099147296627,15030,644000000,0.09,0,2,1,0.4233322274509917,-0.0780261556363759,4.998231157880404,0.4233322274509917,-0.0780261556363759,4.998231157880404,4.764524936676025
-0.07445336922613066,0.8596455013970477,5.637423989748689,-1.6015715618060846,0.3187751244271093,5.021863685356668,-0.9958353549805319,-0.0007057014450752979,0.0009681329933271704,0.09116200126574325,0.09493735672892958,0.032721355157777327,0.06556186650824672,-5.503424418407121e-05,-0.0008180733630069881,0.007548063376816572,15030,870000000,0.12,0,2,1,0.4206648699294835,-0.07043502007164446,5.010919647393741,0.4206648699294835,-0.07043502007164446,5.010919647393741,5.125726699829102
-0.07445336922613066,0.8596455013970477,5.637423989748689,-1.571473297710844,0.3235663642675553,5.042297921797269,-0.9959451149509273,-0.0006819168047455151,0.0010657014083190074,0.0899540286777854,0.09499053700955781,0.03514347346339896,0.07019679244219515,-0.00016717494304430147,-0.0005862273326329159,0.008990933019958902,15031,132000000,0.19,0,2,1,0.41607531539063597,-0.060615359584051835,5.027033845934765,0.41607531539063597,-0.060615359584051835,5.027033845934765,5.506595611572266
-0.08856374635655673,0.936906572928623,5.684547105928688,-1.5412477301551517,0.3299515816267599,5.065674212813695,-0.9960881099160173,-0.0006320388550025539,0.001127385088702761,0.08835613625370731,0.07647605360681758,0.037825217235524275,0.07513374888473488,-0.00045758341684631887,-4.38247791834101e-05,0.011506256760185352,15031,436000000,0.31,0,2,1,0.4092649415069628,-0.04806558317621415,5.0472499733306355,0.4092649415069628,-0.04806558317621415,5.0472499733306355,5.8956897258758545
-0.1038859468911717,1.0139364767825625,5.728968627421412,-1.5251325504235431,0.3365258528653402,5.0841623010794486,-0.9962175021390023,-0.000577957500212952,0.0011140306431661386,0.08688563363859725,0.045017234763950906,0.039840966287547554,0.07856310126785448,-0.0004870526595368574,0.0004948647358560265,0.013104014033160638,15031,742000000,0.46,0,2,1,0.40067041180518354,-0.03333312128042034,5.070552579023882,0.40067041180518354,-0.03333312128042034,5.070552579023882,6.194500923156738
-0.12041619030626283,1.0907162069827128,5.770513242775789,-1.518641977452701,0.34368988673174783,5.100251360512868,-0.9963361055466254,-0.0005360557249986001,0.0010183050912203754,0.08551631705811735,0.00963587706297143,0.041979532745592726,0.08189337760113233,-0.0005344092301129422,0.0010223737149317458,0.013981544998387108,15031,983000000,0.6,0,2,1,0.39447726937783095,-0.02162241296165902,5.0891167419921315,0.39447726937783095,-0.02162241296165902,5.0891167419921315,6.4795331954956055
-0.12041619030626283,1.0907162069827128,5.770513242775789,-1.519037796274876,0.3534287185937753,5.1187033002457945,-0.9964588435196888,-0.0004854343317699844,0.0008947230892766783,0.08407578126611198,-0.025133284310732862,0.044770406917639186,0.0855857083454122,-0.0005927282074935647,0.001003075442440604,0.012166848046035739,15032,191000000,0.73,0,2,1,0.3929107200998258,-0.012091911232940629,5.105268866280493,0.3929107200998258,-0.012091911232940629,5.105268866280493,6.760467052459717
-0.138150398011617,1.1672268192795268,5.8090169943749475,-1.5261709762169842,0.3649803649724345,5.137977654436985,-0.99655181606494,-0.00042512136250280076,0.0007777274266295031,0.08296801980007945,-0.05374445466097527,0.04793014951387987,0.0893657297763,-0.0007787340393861086,0.0009638060703309748,0.008260620870714774,15032,412000000,0.87,0,2,1,0.3993741857852496,-0.002593771111762477,5.123872148688618,0.3993741857852496,-0.002593771111762477,5.123872148688618,7.048153400421143
-0.138150398011617,1.1672268192795268,5.8090169943749475,-1.5445359098399556,0.3831588869252355,5.165403071764437,-0.9966060844673446,-0.0003202705144808057,0.0005888224508611221,0.08231563106474354,-0.08436939856454277,0.05154683256010639,0.09340875962677793,-0.0006819803161306481,0.0015076615113684966,0.0007441502873462014,15032,634000000,0.97,0,2,1,0.4140355575783208,0.005874684821770835,5.143216248359118,0.4140355575783208,0.005874684821770835,5.143216248359118,7.413387775421143
-0.15708419435684462,1.243449435824274,5.844327925502015,-1.5664409052297923,0.4007644383018705,5.190095979411072,-0.9965865128096261,-0.00023693769197308533,0.0003940754785934424,0.08255368587165762,-0.09483243727653108,0.054034159835387875,0.09607507071930879,-0.0010353839797971887,0.0012237190730957082,-0.0056211502396763535,15032,932000000,1.01,0,2,1,0.44452232860266877,0.016370673349340486,5.170819170091952,0.44452232860266877,0.016370673349340486,5.170819170091952,7.720006227493286
-0.1772129077110094,1.3193652498268647,5.8763066800438635,-1.5840457148101195,0.4169728232819986,5.213237987389179,-0.996491303741802,-0.0001317072948067572,0.0002453703680092786,0.08369590201159688,-0.07117212764817951,0.054888781373189754,0.09674743825626837,-0.0008984721659999195,0.0010840149002433463,-0.012804714606318157,15033,193000000,0.95,0,2,1,0.47691196473368413,0.025217312658387822,5.1957307649574345,0.47691196473368413,0.025217312658387822,5.1957307649574345,8.011108875274658
-0.1772129077110094,1.3193652498268647,5.8763066800438635,-1.5938058083360058,0.43095977667608804,5.234559790187208,-0.9963447394013771,-5.086010343727334e-05,0.0001192899698354398,0.08542331912513407,-0.03987493617923019,0.05561354556023342,0.09708042127725798,-0.0007672812103010074,0.001269809979476122,-0.017834600657806732,15033,420000000,0.79,0,2,1,0.50427492139013,0.03432421104022269,5.219059181322901,0.50427492139013,0.03432421104022269,5.219059181322901,8.30257511138916
-0.1985315716152849,1.3949555301961465,5.90482705246602,-1.5971681436322678,0.4464358047417445,5.259841945400478,-0.996126042820048,2.865974030187131e-05,-0.00010520687366019703,0.08793688035065084,-0.00863974685830308,0.057143463683768256,0.09729161107802357,-0.0008498755107666511,0.0017297897784374072,-0.019131427325191908,15033,639000000,0.57,0,2,1,0.5232163128012802,0.04423674943418891,5.2405647051678885,0.5232163128012802,0.04423674943418891,5.2405647051678885,8.60334587097168
-0.2210349260083495,1.4702016261615198,5.929776485888251,-1.593320379769457,0.46104798647197254,5.285122521048416,-0.9959219250961973,0.00011166676657627647,-0.0003254615951228624,0.09021862733364944,0.015629829521934147,0.05875845027416493,0.09726485246246865,-0.0007370298988007562,0.0013162142749933992,-0.015285355493688257,15033,902000000,0.29,0,2,1,0.5377570189171311,0.0579249474379943,5.266086689566891,0.5377570189171311,0.0579249474379943,5.266086689566891,8.906301259994507
-0.2210349260083495,1.4702016261615198,5.929776485888251,-1.585685911776126,0.4729816963507931,5.306529732894395,-0.9957908032922782,0.00017860059321419354,-0.0004481806008519205,0.09165393234606029,0.031425527827057535,0.060404033470773943,0.09740283857269753,-0.0007958645880989934,0.0008061707603701507,-0.011082347282354021,15034,165000000,0.22,0,2,1,0.5452421458039282,0.07341205514321683,5.291606083630305,0.5452421458039282,0.07341205514321683,5.291606083630305,9.221168041229248
-0.24471741852423268,1.545084971874737,5.951056516295154,-1.576092462198882,0.48368741966269274,5.325998010401918,-0.9957132009951122,0.00025511885097751657,-0.0004978778004513497,0.09249274780292088,0.042161076267206846,0.06218514570342293,0.09737938605117215,-0.000780486686835502,0.0001767049283785127,-0.006326949596768827,15034,377000000,0.36,0,2,1,0.5471851625446592,0.08770527153514393,5.313189649169937,0.5471851625446592,0.08770527153514393,5.313189649169937,9.509683847427368
-0.24471741852423268,1.545084971874737,5.951056516295154,-1.562082711487833,0.49648179460802616,5.34928271345955,-0.9956812560575778,0.00034105529351334714,-0.0004832796755008024,0.09283580374858574,0.05179992120272896,0.06395613844720592,0.09685032849770706,-0.0005186577425320138,-0.0004533840126441646,-0.00021089800981144435,15034,591000000,0.47,0,2,1,0.5461987315647289,0.10144726281292617,5.33272053402774,0.5461987315647289,0.10144726281292617,5.33272053402774,9.795345306396484
-0.2695732058622733,1.619587090990747,5.968583161128631,-1.5474822787790299,0.508270205556468,5.370505975890628,-0.99570084636521,0.0003989684977972653,-0.0004173693160363981,0.09262554277625695,0.05813316987289674,0.06558405219946858,0.09627347466575939,-0.0004448087651098831,-0.0007164637679579755,0.0034772499020618852,15034,827000000,0.53,0,2,1,0.5422453425771752,0.11882218690237539,5.356038759160558,0.5422453425771752,0.11882218690237539,5.356038759160558,10.081328630447388
-0.29559615522887306,1.6936896012264568,5.982287250728689,-1.531667292464979,0.520164188162062,5.391555376948066,-0.9957511688478871,0.00045027059066284693,-0.00034236657552290693,0.09208305913461773,0.0627016558173603,0.06691852800009084,0.09533878097980616,-0.00025043585480943875,-0.0007153608407861611,0.006051024956832407,15035,41000000,0.54,0,2,1,0.5364752993614271,0.13551086249140815,5.377326940686447,0.5364752993614271,0.13551086249140815,5.377326940686447,10.362371444702148
-0.29559615522887306,1.6936896012264568,5.982287250728689,-1.5165556626848953,0.5311352043495497,5.410513798008119,-0.9958151886889304,0.0004773053512839341,-0.0002706662982964189,0.0913882317138614,0.0654556560269047,0.06829723573015382,0.09449223659148145,-0.00019500333223732014,-0.000725796218148389,0.007703010032855673,15035,258000000,0.51,0,2,1,0.529101097036867,0.15279941862333007,5.398465326664008,0.529101097036867,0.15279941862333007,5.398465326664008,10.637396574020386
-0.322779845850663,1.7673742188962853,5.9921147013144775,-1.5009924272180195,0.5423658898183757,5.429291677819339,-0.9958953860142585,0.0005046343038412048,-0.00019845143133421326,0.09051014350204017,0.06703753630164097,0.06999328211824825,0.09351453563239003,-0.0002815108445020087,-0.0007241650223477336,0.009567433426127536,15035,460000000,0.47,0,2,1,0.5212782052350081,0.1690366100905936,5.417514747930417,0.5212782052350081,0.1690366100905936,5.417514747930417,10.927559614181519
-0.322779845850663,1.7673742188962853,5.9921147013144775,-1.480375148374355,0.5573522279171268,5.453339671772686,-0.9960163839029703,0.0005542571880137251,-0.00011067103286789584,0.08916862423376865,0.06810237446137797,0.07158463743293161,0.0917463347715684,-0.00015192137112762794,-0.000677545438065863,0.010974670931318542,15035,675000000,0.4,0,2,1,0.5126124894024532,0.18568297214128315,5.43635300171339,0.5126124894024532,0.18568297214128315,5.43635300171339,11.258272171020508
-0.3511175705587428,1.8406227634233896,5.998026728428272,-1.45685254752076,0.5753063197133885,5.4805550811564006,-0.9961740084280446,0.0005826198624443144,-1.2234332635166338e-05,0.0873899613045972,0.059649739907839935,0.0735413786957743,0.09005257713173102,-0.00012633844761467117,-0.0007354170691087347,0.01397386204189388,15035,933000000,0.31,0,2,1,0.5003055632107918,0.20792864293893243,5.460488909201577,0.5003055632107918,0.20792864293893243,5.460488909201577,11.636145830154419
-0.3511175705587428,1.8406227634233896,5.998026728428272,-1.4421383348010295,0.5908582409749504,5.5020271888274035,-0.996334806934351,0.0006065279879544235,8.851955553033398e-05,0.08553699070681325,0.03536861742600032,0.07510704875275792,0.08914476425163913,-0.00013171291897151605,-0.0005340461939340457,0.017360603851557244,15036,229000000,0.22,0,2,1,0.48538378318592806,0.2344060099207446,5.487799111258917,0.48538378318592806,0.2344060099207446,5.487799111258917,11.94455337524414
-0.3806023374435661,1.913417161825449,6.0,-1.4366009275959586,0.6069372456573372,5.521557759731196,-0.9965155606323934,0.0006220824518683922,9.634898291129267e-05,0.0834046830088257,-0.007344913790685961,0.07713464051103146,0.08854944518498123,-3.1195503069625374e-05,0.00011721243353690625,0.02029058541666018,15036,462000000,0.22,0,2,1,0.47570737477530933,0.255672182828182,5.509299825122574,0.47570737477530933,0.255672182828182,5.509299825122574,12.235328197479248
-0.4112268715800944,1.985739453173903,5.998026728428272,-1.4397670892699,0.6249029209766385,5.540893861022506,-0.9966941325617407,0.0006220715538993965,8.198415615642954e-05,0.08124292229221591,-0.04489947357479431,0.07899677246838574,0.08745256459952269,-0.0001378790486228354,7.797403327458596e-05,0.01868799990916159,15036,688000000,0.36,0,2,1,0.4745165418474399,0.2743387034132853,5.5289129323216795,0.4745165418474399,0.2743387034132853,5.5289129323216795,12.526845455169678
-0.4112268715800944,1.985739453173903,5.998026728428272,-1.4543367299611396,0.6500874479340832,5.565066127734122,-0.9968667607589021,0.0006478026999962175,6.898615997278854e-05,0.07909637720290957,-0.08353370652123325,0.08180031320666974,0.08544421294108127,-0.0001897348425927703,0.00021281618387547496,0.010781900982692605,15036,914000000,0.55,0,2,1,0.4816835398557265,0.2919721752227242,5.548399068969239,0.4816835398557265,0.2919721752227242,5.548399068969239,12.873854637145996
-0.4429836168227732,2.0575717930255437,5.9921147013144775,-1.4800386819272826,0.679512209019116,5.590281506973192,-0.9969301847188263,0.0006710458013652541,2.6843772458866972e-05,0.07829275683887427,-0.11092861817549071,0.084492561099489,0.08278269369027276,-0.00014817050271176413,0.0005159335330517933,-0.0012140401963733893,15037,193000000,0.73,0,2,1,0.5007460949481904,0.3132146301398375,5.57287635832269,0.5007460949481904,0.3132146301398375,5.57287635832269,13.252642154693604
-0.47586473766990167,2.1288964578253635,5.982287250728689,-1.5043163958507892,0.7040682306132964,5.609799331165923,-0.9968770254864234,0.0006818195629317168,-4.5635893749291405e-05,0.07896663280645405,-0.11496565917977368,0.08547406470401545,0.08006305604117686,-0.0003490345136469841,0.0002958295823418666,-0.010885651681746822,15037,496000000,0.74,0,2,1,0.5328925382770502,0.3364978516507489,5.600192936927506,0.5328925382770502,0.3364978516507489,5.600192936927506,13.550265073776245
-0.47586473766990167,2.1288964578253635,5.982287250728689,-1.5243216535814224,0.7280846813796169,5.628487434768993,-0.9966972617948345,0.0007203423004389494,-2.4768611796406983e-05,0.08120374883073522,-0.0831687595623866,0.08535599719910386,0.07602548503700159,-0.00020137479737059039,-0.00032809595325034024,-0.024373834821744822,15037,727000000,0.66,0,2,1,0.5581746078273312,0.3523255328076775,5.6184197754717715,0.5581746078273312,0.3523255328076775,5.6184197754717715,13.827354431152344
-0.5098621211969219,2.1996958492795757,5.968583161128631,-1.5352580974747043,0.7472423425716286,5.643280459568226,-0.9964652872603911,0.0007311017155041738,-1.3803415906139176e-05,0.08400236059071975,-0.0581592556135071,0.08541023547387605,0.07241156039468158,0.00014206604816990875,8.062652057105879e-05,-0.03034460733033484,15037,958000000,0.4,0,2,1,0.5801402923130508,0.3707522553872167,5.637440041216975,0.5801402923130508,0.3707522553872167,5.637440041216975,14.10994553565979
-0.5449673790581606,2.2699524986977337,5.951056516295154,-1.5419003409419878,0.767475513569405,5.658750022701984,-0.996167265372101,0.0006866197663208327,-5.3103916661148554e-05,0.0874660227422081,-0.03468942632386276,0.08540731036302884,0.06865376177159244,0.0004197317281295909,0.0005387111684740375,-0.03156107268296182,15038,174000000,0.24,0,2,1,0.5921568349906103,0.38723611211790787,5.652498433594967,0.5921568349906103,0.38723611211790787,5.652498433594967,14.388111352920532
-0.5449673790581606,2.2699524986977337,5.951056516295154,-1.5439162888525964,0.7852685997978017,5.672055020964071,-0.9959123307733594,0.0006379032241009969,-9.423490805677323e-05,0.09032282996470553,-0.018033751972608057,0.08598068603463553,0.06487053135299296,0.0004701144433738591,0.00040108589587362076,-0.02652488383318996,15038,384000000,0.53,0,2,1,0.5993757667461758,0.40649382844823123,5.668196713395356,0.5993757667461758,0.40649382844823123,5.668196713395356,14.668762683868408
-0.581171849556533,2.339649071302867,5.929776485888252,-1.542667810036352,0.8044485792808372,5.685798028538211,-0.9956859283451691,0.0005809590136689131,-0.0001155591609684008,0.09278567361464551,-0.003763927770443999,0.08728461310401461,0.06055835621542869,0.0005951856621777551,0.00014305593083463464,-0.019506784519762732,15038,597000000,0.93,0,2,1,0.6013039383303189,0.4268124311105467,5.682981388212848,0.6013039383303189,0.4268124311105467,5.682981388212848,14.946918964385986
-0.581171849556533,2.339649071302867,5.929776485888252,-1.5390277283974176,0.8216391006146913,5.697493188108965,-0.9955380757861267,0.0005120555104654998,-0.00010998519043963598,0.09435923570307203,0.006640586113483039,0.08820583778185337,0.05684917385386863,0.0006979846659760369,-4.885319455638637e-05,-0.013369890984904487,15038,809000000,1.18,0,2,1,0.5992838948638777,0.4460098491064788,5.695640810988714,0.5992838948638777,0.4460098491064788,5.695640810988714,15.223803758621216
-0.6184665997806817,2.4087683705085765,5.904827052466019,-1.5328827692297964,0.8404018518225168,5.709481321904381,-0.9954363896868308,0.00043486991951752245,-8.236191960603318e-05,0.09542640196463026,0.015265742181087057,0.08961111840095021,0.05257628048470986,0.0010191125284109148,-0.00025879243992221745,-0.0071815903083916055,15039,12000000,1.39,0,2,1,0.594272767676655,0.465843168815118,5.707539480606088,0.594272767676655,0.465843168815118,5.707539480606088,15.5055832862854
-0.6184665997806817,2.4087683705085765,5.904827052466019,-1.5250176601262062,0.8590771172347595,5.720560112266351,-0.9953873346353841,0.0003073776209460636,-3.305174625747772e-05,0.0959372632194912,0.021967014317494225,0.09056514147624721,0.048484834820802944,0.0011692726729961578,-0.0003468996283118031,-0.00280489018678054,15039,233000000,1.54,0,2,1,0.5859539445962031,0.488243924920648,5.719751848434746,0.5859539445962031,0.488243924920648,5.719751848434746,15.786170482635498
-0.6568424278090443,2.477293342162038,5.8763066800438635,-1.5159022922820706,0.877749177979827,5.730700197763634,-0.9953805611765283,0.00018589809426156507,1.1825164561816528e-05,0.09600783162827659,0.026583941394779997,0.09172342629074229,0.04408664350550144,0.0012007256032120495,-0.0002616360717411226,0.0008719273864699062,15039,453000000,1.63,0,2,1,0.5752119945845644,0.511188426934467,5.731000206804633,0.5752119945845644,0.511188426934467,5.731000206804633,16.058066606521606
-0.6962898649802813,2.5452070787518566,5.844327925502015,-1.505848285560049,0.8964380968665193,5.7399347790857815,-0.9954057898078497,5.14807371095228e-05,5.2555653457739275e-05,0.09574606103985556,0.030313779092642164,0.09245840502806114,0.04007731177524142,0.001440838718735904,-0.00022946270235024713,0.0036058426985619008,15039,667000000,1.67,0,2,1,0.5624491234894066,0.5346807893014698,5.741249188402502,0.5624491234894066,0.5346807893014698,5.741249188402502,16.3356614112854
-0.6962898649802813,2.5452070787518566,5.844327925502015,-1.4961434578438437,0.9134832448852205,5.7475310510031825,-0.995452640006437,-9.508291784884692e-05,8.695148125856429e-05,0.09525767634628363,0.03239499437426587,0.09327357253069157,0.03614492885376171,0.0014545756016559608,-0.00018111429795908407,0.0057411847592447884,15039,891000000,1.67,0,2,1,0.5480668169434177,0.5586163125732204,5.750533567579878,0.5480668169434177,0.5586163125732204,5.750533567579878,16.61590576171875
-0.7367991782295391,2.612492823579744,5.8090169943749475,-1.4861284279110627,0.9306701003870066,5.7542963243081084,-0.9955166155955043,-0.0002478742288927787,0.00012248570350363315,0.0945864241257256,0.033397926250711876,0.09435848985032468,0.03174293072624048,0.0015196090771496529,-0.0002243432717818905,0.007383114962067339,15040,93000000,1.65,0,2,1,0.533822401016635,0.5807256221523903,5.758089031657893,0.533822401016635,0.5807256221523903,5.758089031657893,16.897331953048706
-0.7367991782295391,2.612492823579744,5.8090169943749475,-1.472874323428308,0.9532351577769101,5.761824154028677,-0.9956159330344618,-0.0004535810680188706,0.00016445857849086128,0.09353438461607838,0.034040597392297235,0.09528499047035652,0.02617907058467362,0.0015433206840498315,-0.0001499376423907961,0.008638346753286896,15040,296000000,1.6,0,2,1,0.5187041216495271,0.603083689614736,5.764851030657367,0.5187041216495271,0.603083689614736,5.764851030657367,17.203786849975586
-0.7783603724899244,2.679133974894983,5.770513242775789,-1.4586453506943413,0.9778592091801787,5.768302965764584,-0.9957336138290112,-0.0006642036152117793,0.0002031675871950087,0.09227181502228315,0.032326394181184735,0.09626350199382301,0.020227525450476257,0.0015870101265136327,-0.00011155872741142048,0.009656519068812486,15040,542000000,1.52,0,2,1,0.4979977777629096,0.6325376376966859,5.772453668850046,0.4979977777629096,0.6325376376966859,5.772453668850046,17.549529790878296
-0.7783603724899244,2.679133974894983,5.770513242775789,-1.448295966234989,0.9975249244953281,5.7723125026383295,-0.995836435404648,-0.0008350248735693744,0.00022118712354535002,0.09115397813744053,0.02265759778294175,0.0967868693537721,0.016098340259783496,0.0018559461068434757,0.0006752054559910903,0.01206836004712386,15040,824000000,1.42,0,2,1,0.4791502087208713,0.6639928280311752,5.779309877582508,0.4791502087208713,0.6639928280311752,5.779309877582508,17.854987621307373
-0.820963193158649,2.745114089990659,5.728968627421412,-1.4451073504546705,1.0206845779428086,5.77562680865522,-0.9960168576115112,-0.0010967267860438042,-5.82269290116007e-05,0.08915835997634886,-0.027807918941666194,0.09781753109321072,0.011436132676264121,0.0022817870558355935,0.0034570067100503366,0.01909169786813436,15041,49000000,1.33,0,2,1,0.4707301376887711,0.6879128410230876,5.783811058435061,0.4707301376887711,0.6879128410230876,5.783811058435061,18.13986086845398
-0.8645971286271905,2.8104168892606527,5.684547105928689,-1.4520134737674686,1.043843080739492,5.777754543270424,-0.9962056986906976,-0.0013788385570873102,-0.000443279955009243,0.08701786140381584,-0.06792896577837587,0.09854579636071395,0.007435588661951278,0.002386902383477718,0.0037051743447591434,0.019316548059578054,15041,279000000,1.16,0,2,1,0.4699893324744363,0.712921152692076,5.78778751852902,0.4699893324744363,0.712921152692076,5.78778751852902,18.42393445968628
-0.8645971286271905,2.8104168892606527,5.684547105928689,-1.4759961505549053,1.0802788363320879,5.779091642783646,-0.9964248668708013,-0.001798407289869078,-0.0009642897900270985,0.08445898743133373,-0.11521380440445246,0.10035909697989553,-9.558191033458884e-05,0.002299360153301677,0.0031458337616641074,0.009396877521794522,15041,501000000,0.99,0,2,1,0.476335319293379,0.7349974864940676,5.790434110876602,0.476335319293379,0.7349974864940676,5.790434110876602,18.84518837928772
-0.909251412874883,2.875026260216393,5.63742398974869,-1.5121020394133153,1.1192065727584486,5.7780573258153485,-0.9964562349454618,-0.002181259364277534,-0.0013437293837087634,0.08407382670750702,-0.1364565967593103,0.10115728293327977,-0.007299947366406645,0.002126415529346559,0.00146208089972788,-0.008033704125409713,15041,829000000,0.81,0,2,1,0.49499509377065837,0.7659999625318885,5.792490950179388,0.49499509377065837,0.7659999625318885,5.792490950179388,19.244102001190186
-0.9549150281252627,2.938926261462366,5.587785252292473,-1.537468446551483,1.1460792345905804,5.77616624141844,-0.9963287171741241,-0.0024108885421990855,-0.001410857972225935,0.08556450450030917,-0.1292404106094503,0.10059304648569031,-0.01143983159053,0.0020121340867262916,-0.00022597452016270836,-0.019641029939521104,15042,137000000,0.84,0,2,1,0.5218958096294788,0.7960791496028166,5.792363571219993,0.5218958096294788,0.7960791496028166,5.792363571219993,19.54376983642578
-0.9549150281252627,2.938926261462366,5.587785252292473,-1.5587735800374853,1.172209402388272,5.773334669102521,-0.9960625666912295,-0.0026109174671792544,-0.001178844182138347,0.08860675297545706,-0.10437002048247943,0.09974376525656667,-0.015775210475388365,0.002095091053888609,-0.0028924282332809526,-0.0332823703502072,15042,363000000,1.0,0,2,1,0.5420805843997484,0.8165883064979033,5.7910574019518695,0.5420805843997484,0.8165883064979033,5.7910574019518695,19.829542875289917
-1.001576707564547,3.0021011266294195,5.5358267949789965,-1.5748870442110106,1.1974143775038735,5.769493994114055,-0.9956888574966997,-0.00281045762151106,-0.0007664189639116426,0.09271037151714034,-0.0826435772264027,0.09908159560035883,-0.020328772870014198,0.002138182435373892,-0.0036597040889319032,-0.039573365575051866,15042,580000000,1.32,0,2,1,0.5563085553143307,0.8380123268184149,5.788680298941421,0.5563085553143307,0.8380123268184149,5.788680298941421,20.118335962295532
-1.0492249381215486,3.0645352682648825,5.481753674101715,-1.5865293345355644,1.2218130704503753,5.764696600642987,-0.9952749876082028,-0.0030049081529212084,-0.0003514145794946187,0.09704919410421514,-0.06459161526959437,0.09861072634304625,-0.024467619077235665,0.002187016934840358,-0.0032495784580532927,-0.038801088885520585,15042,813000000,1.77,0,2,1,0.5632225256836653,0.8605657092474707,5.785137097279391,0.5632225256836653,0.8605657092474707,5.785137097279391,20.41023588180542
-1.0492249381215486,3.0645352682648825,5.481753674101715,-1.5950987016250815,1.2477369477580373,5.758330946187441,-0.994858372889474,-0.003237465234178003,3.7227112549472266e-05,0.10122418349736195,-0.04932264986461251,0.09883851116088617,-0.02974633160649536,0.0022677346350974403,-0.0026010509827756323,-0.031526734164799564,15043,35000000,2.27,0,2,1,0.5638050834396923,0.8840508183745895,5.780511802847574,0.5638050834396923,0.8840508183745895,5.780511802847574,20.69619107246399
-1.097847963308351,3.1262132816785253,5.425779291565073,-1.6000065787302309,1.271097214922855,5.751319321961861,-0.9945436600179433,-0.003457861547305945,0.00032107798811008303,0.10426336087312171,-0.038609610207752616,0.09943190066418577,-0.0349703788406457,0.0025415118670935044,-0.001915701011512283,-0.02451378786645364,15043,259000000,2.76,0,2,1,0.5583736838635474,0.9106091217181403,5.774237831863779,0.5583736838635474,0.9106091217181403,5.774237831863779,20.986528396606445
-1.097847963308351,3.1262132816785253,5.425779291565073,-1.6026899355768622,1.2941503570138793,5.743261464554913,-0.9943019951777841,-0.003717864799593302,0.0005216000279671105,0.10653378712981304,-0.029977103752567614,0.09985123888336159,-0.03956037293066685,0.00266586621364695,-0.0011969135812250897,-0.01777831948857056,15043,479000000,3.13,0,2,1,0.5488158193424016,0.9356191945222478,5.767463363130874,0.5488158193424016,0.9356191945222478,5.767463363130874,21.27345609664917
-1.147433786121054,3.1871199487434483,5.368124552684678,-1.603657076663861,1.3169924144133052,5.73414456595932,-0.9941259627021902,-0.0039937041280614935,0.0006682686068030404,0.10815347440489231,-0.023475742064212875,0.10041747963479475,-0.044502392824506104,0.002871351898647845,-0.0008080067686933035,-0.012543262346298434,15043,702000000,3.41,0,2,1,0.5356205808474163,0.961191897440138,5.759607635649897,0.5356205808474163,0.961191897440138,5.759607635649897,21.568186283111572
-1.147433786121054,3.1871199487434483,5.368124552684678,-1.6033497905840624,1.3376011223673288,5.725002642077013,-0.994011009723171,-0.004268121378092343,0.0007629429272291361,0.1091939266036045,-0.01852974426747734,0.10067904330235786,-0.04834056398277838,0.002733036080826423,-0.0004582858849744298,-0.009037164181791013,15043,924000000,3.61,0,2,1,0.5193571362210684,0.987282131682825,5.750576522150281,0.5193571362210684,0.987282131682825,5.750576522150281,21.85180902481079
-1.1979701719998452,3.2472402416509185,5.3090169943749475,-1.6020410257368183,1.3601495886872232,5.714012481936899,-0.9939257594069153,-0.004558224240807213,0.0008347216701924756,0.10995503907911913,-0.014860620924593568,0.10102828738266226,-0.05302839942074241,0.0027240246936344192,-0.0002282489091953721,-0.005532721024792409,15044,137000000,3.81,0,2,1,0.5005893081350115,1.0137515512977842,5.740474545231074,0.5005893081350115,1.0137515512977842,5.740474545231074,22.135562658309937
-1.249444651847702,3.306559326618259,5.248689887164855,-1.6001882780788053,1.3805552134780557,5.703201916056593,-0.9938787939250044,-0.00482770946751932,0.0008774424528645501,0.11036696200502027,-0.012065143924556838,0.1010952801703312,-0.05674301127687934,0.0026604235245031305,-3.118891509501509e-05,-0.003210780687368242,15044,347000000,3.86,0,2,1,0.4816882258814139,1.0381333799273833,5.730334159001872,0.4816882258814139,1.0381333799273833,5.730334159001872,22.416303157806396
-1.249444651847702,3.306559326618259,5.248689887164855,-1.597644737890473,1.402950204532375,5.690414708529314,-0.9938551122254943,-0.005129262405333047,0.0009019251178714496,0.11056623852473801,-0.010357690885534353,0.10142408644584341,-0.06131768350145751,0.0026096184001289657,0.00017585012983545312,-0.0008833950914777233,15044,553000000,3.93,0,2,1,0.4613573568232309,1.062736064295185,5.7193614148435765,0.4613573568232309,1.062736064295185,5.7193614148435765,22.678412914276123
-1.3018445251069517,3.3650625675488666,5.187381314585725,-1.5948183744126847,1.4254107942018455,5.676572522025959,-0.9938530453458168,-0.005404571140466445,0.0009020045400643913,0.11057170187458915,-0.009602057084661376,0.10198283544372941,-0.06631269869228412,0.0025649829467511154,0.0003233548596881519,0.0005519519220342772,15044,772000000,3.98,0,2,1,0.4375965383241062,1.0900200673057234,5.706336046932915,0.4375965383241062,1.0900200673057234,5.706336046932915,22.94517683982849
-1.3018445251069517,3.3650625675488666,5.187381314585725,-1.5918417318373161,1.4479258439786369,5.661751226115519,-0.9938662484581259,-0.005686758311368259,0.0008966540892698716,0.11043883812827315,-0.009187637542810817,0.10213989070151248,-0.07057882038104078,0.002406643284302845,0.0003471140558986008,0.0017151014390037744,15044,980000000,4.0,0,2,1,0.41298146375248573,1.1174944166901495,5.692227073520422,0.41298146375248573,1.1174944166901495,5.692227073520422,23.225515127182007
-1.355156862892942,3.422735529643443,5.125333233564304,-1.5891372834699322,1.4684628333503091,5.647417206803568,-0.9938884130039511,-0.005920665312315788,0.0008810387756549238,0.11022700208852004,-0.009519053882182337,0.10241775237627164,-0.07483099186116429,0.0024389540840275004,0.0004155767754809858,0.0024120926809700904,15045,198000000,4.01,0,2,1,0.3886841439247419,1.1450179027661107,5.677026847631529,0.3886841439247419,1.1450179027661107,5.677026847631529,23.50265383720398
-1.355156862892942,3.422735529643443,5.125333233564304,-1.5859909497039961,1.4931660637434474,5.6292377349234135,-0.9939222684833204,-0.0062305490114592296,0.000869210329648745,0.10990427173403661,-0.010064087126481108,0.10236111446032223,-0.07906156778156029,0.002535730595809582,0.00038457265247870964,0.0028789595717171323,15045,413000000,4.01,0,2,1,0.36967658380977453,1.1696753005133436,5.662415236261443,0.36967658380977453,1.1696753005133436,5.662415236261443,23.818068742752075
-1.4093685111840557,3.4795639829615714,5.0627905195293135,-1.5833132949149284,1.5243537853223248,5.605003066727168,-0.9939810449153985,-0.006569107024748293,0.0007334761590095285,0.10935260030979482,-0.02776724270304093,0.10196550577303445,-0.08499741523275986,0.0014727845609741053,0.0035290334608362173,0.006486990332632558,15045,646000000,4.0,0,2,1,0.3526922636884392,1.1984302524037667,5.643905574954424,0.3526922636884392,1.1984302524037667,5.643905574954424,24.19221568107605
-1.4644660940672622,3.5355339059327373,5.0,-1.5887307276593152,1.5507791055110698,5.584354714222092,-0.994088273136143,-0.0067979955935592706,0.00012366708170829513,0.10836178835532218,-0.06441748273713406,0.10105890130304507,-0.08990504968227606,0.001022462868149887,0.006583602362297825,0.010324132199457381,15045,942000000,3.96,0,2,1,0.34233797458121373,1.2326405383644765,5.61919936334177,0.34233797458121373,1.2326405383644765,5.61919936334177,24.49820351600647
-1.4644660940672622,3.5355339059327373,5.0,-1.6077273117133064,1.5841851583050077,5.558603773836443,-0.9942658046705899,-0.007070240399191036,-0.0009529788823393424,0.10669870287258232,-0.11543286923448645,0.10061765643031588,-0.0970739717686584,0.0014055423889658414,0.008263986273959745,0.011367966180841904,15046,178000000,3.87,0,2,1,0.34196784703220834,1.258683941681511,5.598203853757788,0.34196784703220834,1.258683941681511,5.598203853757788,24.8819100856781
-1.5204360170384286,3.5906314888159443,4.9372094804706865,-1.6465504097921453,1.6279772512401134,5.524928720972288,-0.9943842432066003,-0.007510854199369825,-0.002196217699311088,0.1055402319471106,-0.14841703455180097,0.100148440063876,-0.10409514238695836,0.0024359156441278174,0.005196869733481435,-0.0023782577727615717,15046,472000000,3.68,0,2,1,0.34859339516130206,1.2878867680169779,5.572404399424636,0.34859339516130206,1.2878867680169779,5.572404399424636,25.29560685157776
-1.5772644703565568,3.644843137107058,4.874666766435696,-1.6742429516615998,1.656740666768205,5.502235716810359,-0.9942981647763707,-0.007808318436068469,-0.0025825256046084124,0.10631801468727303,-0.14834099292563901,0.09947544531758153,-0.10684160366240214,0.0027175042987437337,0.0019216088048779056,-0.01282339944737032,15046,798000000,3.55,0,2,1,0.3643605751415398,1.3222526327412698,5.538865335284127,0.3643605751415398,1.3222526327412698,5.538865335284127,25.60431218147278
-1.6349374324511334,3.6981554748930483,4.812618685414275,-1.6994967749556606,1.6849625888117283,5.479041690484583,-0.9940428294194312,-0.008090432588918707,-0.0024129400732217907,0.10866267022551496,-0.13051486571141993,0.09889287460015146,-0.10883132758278462,0.002792336795209849,-0.0030599621140936506,-0.027458542899694294,15047,34000000,3.62,0,2,1,0.37799075741069765,1.3439490955535713,5.516033884674652,0.37799075741069765,1.3439490955535713,5.516033884674652,25.88689661026001
-1.6349374324511334,3.6981554748930483,4.812618685414275,-1.7226441320938652,1.7148300711177829,5.453182878245091,-0.9935893282799853,-0.008369516177008703,-0.0017842715956563325,0.11272539333248321,-0.11258376216410124,0.09812067621964801,-0.11126593890623411,0.002554983598201943,-0.00554994294361677,-0.0378546417778125,15047,252000000,3.86,0,2,1,0.3918820974617064,1.365578966859711,5.4923247335285,0.3918820974617064,1.365578966859711,5.4923247335285,26.171221256256104
-1.6934406733817404,3.7505553481522975,4.751310112835146,-1.7388910054108588,1.739112434322838,5.431096327283468,-0.9931409235937607,-0.008546621572735334,-0.0011519600576774644,0.11660503475857964,-0.10076662919577876,0.09767853848538671,-0.11368618067201446,0.0023978297349458444,-0.00571410223528801,-0.0394196995330276,15047,477000000,4.3,0,2,1,0.3991167738562009,1.3903286546802884,5.465716852218985,0.3991167738562009,1.3903286546802884,5.465716852218985,26.458301305770874
-1.6934406733817404,3.7505553481522975,4.751310112835146,-1.7540829403287408,1.7652818975965998,5.406307254194901,-0.9926553461858925,-0.008743101979290378,-0.0005154257490471558,0.12065925655598525,-0.0896269446996403,0.097202434987605,-0.11567464763846178,0.002230545601378253,-0.004712542522611329,-0.03497805155348033,15047,688000000,4.72,0,2,1,0.3982731095328838,1.4118745077616566,5.443148759782238,0.3982731095328838,1.4118745077616566,5.443148759782238,26.739208936691284
-1.7527597583490815,3.8020298280001548,4.6909830056250525,-1.7669946352346937,1.7909948581363988,5.380983786940149,-0.9922295629514057,-0.008919244246627656,-1.9359524295120382e-05,0.12410052825246126,-0.08105627935481922,0.0970034906547445,-0.11819429181709389,0.0021909762153882184,-0.0034210533840450807,-0.028849148475273978,15047,906000000,5.17,0,2,1,0.39107348103555634,1.4364956115639633,5.417879124812572,0.39107348103555634,1.4364956115639633,5.417879124812572,27.019912719726562
-1.7527597583490815,3.8020298280001548,4.6909830056250525,-1.7798933603191807,1.8209159337852234,5.350453633828669,-0.9918141222855765,-0.009153459555276789,0.0003986910935616962,0.12736091260066046,-0.07282314540228102,0.09692866256739938,-0.12048984074715578,0.0022687543378197006,-0.002188152598137094,-0.022346678451867774,15048,124000000,5.55,0,2,1,0.37824088195781913,1.4620011893349993,5.392022437425849,0.37824088195781913,1.4620011893349993,5.392022437425849,27.37968897819519
-1.8128800512565513,3.852566213878946,4.631875447315322,-1.7900511963478845,1.8482282391730256,5.321693372677395,-0.9914996102967919,-0.00937834032345393,0.0006679917993969442,0.1297695006580623,-0.06718460427384262,0.09705164254063031,-0.12276910691718557,0.0022297921304925694,-0.0014346009038490593,-0.018480537619325332,15048,397000000,5.98,0,2,1,0.3552731343964449,1.495469975846603,5.358345343958297,0.3552731343964449,1.495469975846603,5.358345343958297,27.66979956626892
-1.8737867183214734,3.9021520366916485,4.574220708434928,-1.7981973867941017,1.8730453453877518,5.2949441537942885,-0.9912580494608372,-0.009590129138898751,0.0008318560566763222,0.13158577741418914,-0.06297742514374347,0.0970135916952328,-0.12422424510568028,0.0018219722392132098,-0.000809274399671267,-0.015262903707480291,15048,629000000,6.2,0,2,1,0.3329479680579392,1.5224272369030143,5.33125365795486,0.3329479680579392,1.5224272369030143,5.33125365795486,27.9378924369812
-1.8737867183214734,3.9021520366916485,4.574220708434928,-1.8055329909535869,1.8977115448287936,5.2678331735617405,-0.991058286639354,-0.009756968545363186,0.0009321503125482881,0.13306917428190318,-0.060295156103694326,0.09705362377727837,-0.12611361255746098,0.0014981338381403475,-0.00036740470079621446,-0.012326205433055293,15048,841000000,6.4,0,2,1,0.3075453246536974,1.5498126588233987,5.303686585910385,0.3075453246536974,1.5498126588233987,5.303686585910385,28.20932149887085
-1.9354647317351175,3.950775061878452,4.518246325898285,-1.8117396104407641,1.9200701097853103,5.242787975720435,-0.9909081472458063,-0.009893815273513268,0.0009772848938646014,0.13417228124859765,-0.05871460588718476,0.09710955905786005,-0.12812501959784872,0.0014076618981562206,-8.179280641673614e-06,-0.010259466853312915,15049,60000000,6.57,0,2,1,0.2795556695996779,1.5775168977855547,5.275652838132854,0.2795556695996779,1.5775168977855547,5.275652838132854,28.485377550125122
-1.9354647317351175,3.950775061878452,4.518246325898285,-1.8181914462079845,1.9445921228972478,5.214881536725914,-0.9907734710054904,-0.01004656080688646,0.0009891499933364434,0.1351518307311309,-0.05731580537481888,0.09699378613297574,-0.12956338169531706,0.0012884773354926438,0.00028375835370297864,-0.0081349618085369,15049,269000000,6.69,0,2,1,0.25228362833625906,1.6029215583124024,5.249842372070045,0.25228362833625906,1.6029215583124024,5.249842372070045,28.764276027679443
-1.9978988733705796,3.9984232924354526,4.4641732050210035,-1.8232959974760872,1.9646420793105566,5.191776850269342,-0.9906800378969812,-0.010159032801737543,0.0009773367079403033,0.13582673292812542,-0.05695887283314919,0.09711528754903978,-0.13111873513981004,0.001157400674856035,0.0004252961304018754,-0.007200974096122081,15049,486000000,6.8,0,2,1,0.22082895470291194,1.6311042578427544,5.221069819215589,0.22082895470291194,1.6311042578427544,5.221069819215589,29.03645658493042
-1.9978988733705796,3.9984232924354526,4.4641732050210035,-1.8288562087309497,1.986897559970099,5.165865131416989,-0.9905870718538958,-0.010299146982733248,0.0009603374284485608,0.13649270456466206,-0.05647022818947095,0.09682245002327261,-0.13204988949774804,0.0012484798844525358,0.0004315238072649663,-0.006335647958621848,15049,662000000,6.87,0,2,1,0.19525789505642824,1.6541312484018047,5.197303793599533,0.19525789505642824,1.6541312484018047,5.197303793599533,29.31114959716797
-2.0610737385376336,4.045084971874736,4.4122147477075275,-1.835516213048838,2.013574891769353,5.134483298358151,-0.9904922277257886,-0.010432322549203316,0.0009199678086504138,0.13716948319602457,-0.056928838304178574,0.09661201738664064,-0.13346231434849937,0.0010887639859902265,0.0006113841550359211,-0.005308624895405956,15049,874000000,6.94,0,2,1,0.16804970890512605,1.679514550750896,5.17062938516786,0.16804970890512605,1.679514550750896,5.17062938516786,29.598533153533936
-2.124973739783607,4.090748587125117,4.362576010251311,-1.8428312027744338,2.0424514240932563,5.100226300373328,-0.9903992859860722,-0.010571410922426635,0.0008613059783494853,0.13782872611106506,-0.05756834065480648,0.09625669026281364,-0.13441869198380818,0.0008947190224262158,0.0006991380303134065,-0.004922333346257801,15050,100000000,7.01,0,2,1,0.13940789901594444,1.7092618785212554,5.138100844724429,0.13940789901594444,1.7092618785212554,5.138100844724429,29.906135320663452
-2.124973739783607,4.090748587125117,4.362576010251311,-1.8497921144455927,2.069140419733258,5.068313112510884,-0.9903187121962207,-0.01068052157780775,0.0007943234869621525,0.1383984963178535,-0.05880587138514348,0.09610241851566534,-0.13582660301463767,0.0007585647892938141,0.0007292538214187516,-0.0047137501951510785,15050,360000000,7.07,0,2,1,0.11570086319412004,1.7400992219167524,5.102165992340853,0.11570086319412004,1.7400992219167524,5.102165992340853,30.228225231170654
-2.1895831107393464,4.135402871372809,4.315452894071312,-1.8577798115052069,2.098168708279254,5.033333797236679,-0.9902338199313374,-0.010776783555086052,0.0007122067047997714,0.1389976099147312,-0.06230541547220068,0.09570692647742396,-0.13734373144418294,0.00029945051096547104,0.0011982945807176293,-0.004326174803281901,15050,615000000,7.11,0,2,1,0.10080084631661515,1.7672734392778837,5.06833271890992,0.10080084631661515,1.7672734392778837,5.06833271890992,30.54165244102478
-2.1895831107393464,4.135402871372809,4.315452894071312,-1.8666761126168252,2.1252098098748906,5.000820927410172,-0.9901677340739528,-0.010826439537911918,0.0005048087062678088,0.1394646613804234,-0.07095756124907666,0.09460342984085192,-0.138048908603776,-0.00015350305915262652,0.002364540046073671,-0.0035775525930148433,15050,863000000,7.15,0,2,1,0.09152811132090304,1.7954331095892488,5.031116897451199,0.09152811132090304,1.7954331095892488,5.031116897451199,30.86228322982788
-2.2548859100093415,4.179036806841351,4.271031372578588,-1.8802249783659228,2.1573453217353964,4.962637228572817,-0.9901005244457699,-0.010862679247608503,0.00010555243353140356,0.139939067277363,-0.08400477906426575,0.09330000016715309,-0.13888975986455207,-2.0177092174833433e-05,0.0031677201832280844,-0.0035452422253001714,15051,109000000,7.17,0,2,1,0.08831197911275604,1.8203672390710979,4.996361524111874,0.08831197911275604,1.8203672390710979,4.996361524111874,31.221591472625732
-2.3208660251050173,4.221639627510076,4.229486757224211,-1.89818976229458,2.1923959963379325,4.92167342520766,-0.9900108303724149,-0.010941839963706953,-0.00032532214186884074,0.14056573568631153,-0.09268639299049435,0.09218980240984909,-0.13881521729841656,0.00043490123289302574,0.002177568399019947,-0.005520862305274932,15051,380000000,7.18,0,2,1,0.08958779150699449,1.84847187500625,4.955227119785841,0.08958779150699449,1.84847187500625,4.955227119785841,31.620606660842896
-2.3208660251050173,4.221639627510076,4.229486757224211,-1.9136021254192375,2.2205927742381406,4.8889489456762725,-0.9898999508662666,-0.011019947894717524,-0.0004943389763836905,0.14133790592879525,-0.09429773800240446,0.09172791787265769,-0.1386957710242028,0.0007807638496615255,0.0008677813639224041,-0.007773489869578043,15051,688000000,7.19,0,2,1,0.09550064528242144,1.8777257811197403,4.910415415175783,0.09550064528242144,1.8777257811197403,4.910415415175783,31.932086944580078
-2.3875071764202556,4.263200821770461,4.1909830056250525,-1.9288118371548384,2.2486988418355938,4.856246531043002,-0.98973695365916,-0.011111220583616938,-0.0004777164314317102,0.14246780382120966,-0.09207755692911457,0.0914277533422867,-0.13851418727009188,0.00066234176188118,-0.0004480228255943075,-0.01088129520212533,15051,937000000,7.29,0,2,1,0.1035518263465099,1.9024614700218807,4.871166264339554,0.1035518263465099,1.9024614700218807,4.871166264339554,32.21985626220703
-2.454792921248144,4.303710135019719,4.155672074497985,-1.9422376463803006,2.2742569992080788,4.826414384077203,-0.9895456591881837,-0.011159931726031865,-0.000370874074089954,0.14378701873992106,-0.08991914074974597,0.09086670653959669,-0.13755112215225251,0.0004620526368626088,-0.0009130884222940949,-0.01286868609895464,15052,166000000,7.32,0,2,1,0.1100942264023034,1.9233323360532073,4.837859253532217,0.1100942264023034,1.9233323360532073,4.837859253532217,32.49341440200806
-2.454792921248144,4.303710135019719,4.155672074497985,-1.9552593014658846,2.299635664450508,4.796772730043614,-0.9893359618712148,-0.011186178121898089,-0.00025348407325033635,0.14522107186358385,-0.08866976446761857,0.0904079679215655,-0.13673807865009763,0.0001740357944868265,-0.0008257104695985618,-0.013182044131099246,15052,379000000,7.43,0,2,1,0.10907962743621447,1.9454005862073507,4.8050926095619975,0.10907962743621447,1.9454005862073507,4.8050926095619975,32.770304918289185
-2.522706657837962,4.343157572190956,4.1236933199561365,-1.9669218657244034,2.322623838757715,4.769954550679391,-0.9891495236956913,-0.011185674885709688,-0.00016395872911901047,0.14648574527056596,-0.08835791869577596,0.09007566314366247,-0.13615598846130633,0.00014014630025371844,-0.0006607877025999187,-0.012469828925532056,15052,600000000,7.56,0,2,1,0.10016203483196856,1.9686723119707497,4.772918411068313,0.10016203483196856,1.9686723119707497,4.772918411068313,33.04611849784851
-2.522706657837962,4.343157572190956,4.1236933199561365,-1.9796220774158975,2.3478213419974274,4.740644121234627,-0.9889591463819287,-0.011197578898538407,-9.521407093091971e-05,0.14776471821317316,-0.08793699299574684,0.08954750774591293,-0.1350327095629137,2.9173576887586705e-05,-0.0003225063608169876,-0.011257434653089149,15052,810000000,7.68,0,2,1,0.08607607040466532,1.9907384771263013,4.7441473861870636,0.08607607040466532,1.9907384771263013,4.7441473861870636,33.330002784729004
-2.5912316294914244,4.381533400219318,4.09517294753398,-1.9911520895576058,2.3706464373860245,4.714205801499021,-0.9887990418325123,-0.011187782744315058,-6.965407105734463e-05,0.14883307272472118,-0.08828081790283855,0.08898900367171891,-0.13402767159352008,-0.00016679406655839557,-3.811092739169908e-05,-0.010493864283489529,15053,24000000,7.79,0,2,1,0.06512231848769226,2.015770097916166,4.7130272533260325,0.06512231848769226,2.015770097916166,4.7130272533260325,33.59296774864197
-2.660350928697133,4.418828150443467,4.070223514111748,-2.003858608836191,2.3956801939546972,4.6854053138642655,-0.9886342620601776,-0.011155355672254912,-6.773013760810916e-05,0.14992614626269246,-0.0884629124956017,0.08851584401365273,-0.1324997174326959,-0.00032907568083828664,0.00011459149718007211,-0.009777937430044403,15053,230000000,7.88,0,2,1,0.041866360010915885,2.0390915352644914,4.6851436522623535,0.041866360010915885,2.0390915352644914,4.6851436522623535,33.869213819503784
-2.660350928697133,4.418828150443467,4.070223514111748,-2.016670398681964,2.4206851900736175,4.656912958978749,-0.9884750479126849,-0.011122410921776512,-8.414665438243301e-05,0.1509747149314835,-0.08946231621271512,0.08811578580160365,-0.13118839224385728,-0.0003390933670743834,0.0002791765410847802,-0.00948515653362847,15053,446000000,7.96,0,2,1,0.013449202671543212,2.0650763918000505,4.654845198944103,0.013449202671543212,2.0650763918000505,4.654845198944103,34.168362855911255
-2.730047501302266,4.455032620941839,4.048943483704846,-2.029747836405931,2.445696832885956,4.628686974400764,-0.988322154257366,-0.01109019525240517,-0.0001187990600607482,0.1519747112519897,-0.09100748561969293,0.08757852591310575,-0.12997597481294965,-0.00046259526413905405,0.00042146014322952396,-0.008987967703433242,15053,671000000,8.04,0,2,1,-0.015830726705982512,2.0910545352440373,4.624833979278855,-0.015830726705982512,2.0910545352440373,4.624833979278855,34.454209089279175
-2.730047501302266,4.455032620941839,4.048943483704846,-2.044323056732479,2.4729740529133037,4.598287178516115,-0.9881622463913999,-0.01103171945709226,-0.00017184785203203622,0.15301518369376715,-0.09238100444505423,0.08701315437302497,-0.12803285243159004,-0.000826994232738798,0.0004939054861097247,-0.008642810007586377,15053,896000000,8.17,0,2,1,-0.04474918628373788,2.1186337660180623,4.592148568041553,-0.04474918628373788,2.1186337660180623,4.592148568041553,34.74971151351929
-2.8003041507204247,4.490137878803078,4.031416838871369,-2.0592459733274238,2.5002690336079407,4.568319487016679,-0.9880046920847549,-0.01094748826751625,-0.00023951744016258159,0.15403513738928692,-0.09400897855147335,0.08651760742110767,-0.12620266806972505,-0.0004860311378251936,0.0005482024789671414,-0.008575644551456207,15054,119000000,8.17,0,2,1,-0.06724526415879555,2.142994554685516,4.562177242575807,-0.06724526415879555,2.142994554685516,4.562177242575807,35.05332922935486
-2.8003041507204247,4.490137878803078,4.031416838871369,-2.074474870286827,2.5275478724897464,4.538850625674173,-0.9878463936799,-0.010895531249390106,-0.0002988537878531542,0.15505063875657782,-0.09534463029585533,0.08588670637142015,-0.12393461008921478,-0.0008046104937875498,0.0005150016875177243,-0.008486514889227692,15054,358000000,8.22,0,2,1,-0.08676281052885511,2.1684289656684856,4.529535440793215,-0.08676281052885511,2.1684289656684856,4.529535440793215,35.36951994895935
-2.8711035421746365,4.524135262330098,4.017712749271311,-2.0913803322239306,2.5570889339902205,4.507563259260404,-0.9876779022980338,-0.010802381804633967,-0.00037081373822503167,0.15612665485647853,-0.09708810544418948,0.08518645578263274,-0.12128608596858373,-0.0007893817780768586,0.0005009535357203276,-0.008315844934259076,15054,603000000,8.26,0,2,1,-0.10095159840226071,2.1926193802428866,4.497114598405879,-0.10095159840226071,2.1926193802428866,4.497114598405879,35.697670459747314
-2.942428206974456,4.557016383177226,4.0078852986855225,-2.1073097829743914,2.5843100789106206,4.479304731321642,-0.9875226400023916,-0.010713947210997846,-0.0004289826575101406,0.157111625259705,-0.09838112186489087,0.08446844564257058,-0.11874052199773458,-0.0010794875265673909,0.0004425143998787462,-0.008364675250049913,15054,865000000,8.3,0,2,1,-0.11129252614922155,2.217643475657716,4.462275930117302,-0.11129252614922155,2.217643475657716,4.462275930117302,36.02843737602234
-2.942428206974456,4.557016383177226,4.0078852986855225,-2.123605104574331,2.611502724151687,4.451668553509245,-0.9873632771118308,-0.010593715548727116,-0.0004939246920485241,0.15811795672932627,-0.10018119087063708,0.08376069565888535,-0.11610290974400746,-0.0011816696314781439,0.0005094591756460431,-0.008565949337935308,15055,114000000,8.34,0,2,1,-0.11714303222921714,2.2398778186866775,4.4304011583910965,-0.11714303222921714,2.2398778186866775,4.4304011583910965,36.33351755142212
-3.0142605468260975,4.588773128419906,4.001973271571728,-2.137534775384214,2.6341539924932316,4.429118265322994,-0.9872278687131096,-0.010488313073881468,-0.0005605507216784166,0.1589679725854346,-0.10189019867075003,0.08309389945594825,-0.11391553000619452,-0.0011223912679270143,0.0006010171091475058,-0.00863300365381292,15055,344000000,8.37,0,2,1,-0.12019612734871594,2.261409850485589,4.3988385435644455,-0.12019612734871594,2.261409850485589,4.3988385435644455,36.62170457839966
-3.086582838174551,4.619397662556434,4.0,-2.1531877321942523,2.6590283810819866,4.404862124824929,-0.9870770593713412,-0.010380328065091853,-0.0006310528494594637,0.15990850328981265,-0.10329492592807872,0.08225274782237434,-0.11109349366456281,-0.0011500973869260633,0.0005253961489870562,-0.008700576108822133,15055,555000000,8.4,0,2,1,-0.121311127550923,2.2789056902187546,4.37284922911949,-0.121311127550923,2.2789056902187546,4.37284922911949,36.91694140434265
-3.086582838174551,4.619397662556434,4.0,-2.1691814574863826,2.6838530198888932,4.381246538645872,-0.9869221093523497,-0.010260940511219011,-0.0006967869169102747,0.16086944290114807,-0.10501803276126338,0.08146532135175116,-0.10807556440035163,-0.0011522450222400948,0.0005080831385839701,-0.008938330938690342,15055,774000000,8.44,0,2,1,-0.12318405934303898,2.298102387714785,4.344764159293276,-0.12318405934303898,2.298102387714785,4.344764159293276,37.195480823516846
-3.1593772365766095,4.648882429441256,4.001973271571728,-2.1856011052101607,2.7086834468310568,4.358298491477269,-0.9867635200433156,-0.010150194776678327,-0.0007740812985129056,0.16184600661080234,-0.1071852769327036,0.08080068147745678,-0.10497732367778978,-0.0012954355725014466,0.0006553586956670188,-0.009030287583300378,15055,991000000,8.47,0,2,1,-0.13013792501309182,2.318120742563195,4.317642493484815,-0.13013792501309182,2.318120742563195,4.317642493484815,37.47015714645386
-3.1593772365766095,4.648882429441256,4.001973271571728,-2.2008718605525877,2.7312515738758765,4.338053886846047,-0.9866177088155774,-0.01002427079000836,-0.0008482263351885207,0.16273994948602238,-0.10867380041606774,0.08010613446220345,-0.10193117755654588,-0.0014005815728523885,0.0005792870581444731,-0.009073216006072471,15056,203000000,8.51,0,2,1,-0.14502250240293235,2.339533290667022,4.2918884179363666,-0.14502250240293235,2.339533290667022,4.2918884179363666,37.73450565338135
-3.2326257811037142,4.677220154149337,4.0078852986855225,-2.219631366485441,2.7583028840377257,4.314550245613416,-0.9864410630984464,-0.009864269311250038,-0.0009412363903905825,0.16381648054521086,-0.11076171323309036,0.07914198119203986,-0.09830525149700955,-0.00153806759044528,0.0006066526111681014,-0.009103474712901516,15056,414000000,8.55,0,2,1,-0.16460434622204398,2.360076485168994,4.269657078070478,-0.16460434622204398,2.360076485168994,4.269657078070478,38.022218465805054
-3.2326257811037142,4.677220154149337,4.0078852986855225,-2.2355930940419606,2.7807920410706624,4.295634686242563,-0.9862927111253141,-0.00972419566393791,-0.0010076253639979705,0.16471524729329934,-0.1120808481027807,0.07831519811035256,-0.09520258269730146,-0.0016191441659429984,0.0004596341085516542,-0.00906525392565527,15056,638000000,8.59,0,2,1,-0.19407833150621898,2.385737968322122,4.244344423192486,-0.19407833150621898,2.385737968322122,4.244344423192486,38.310784101486206
-3.3063103987735425,4.704403844771127,4.017712749271311,-2.2551407638695147,2.807740781235848,4.2737864584677006,-0.9861201441038596,-0.009534697292877523,-0.0010949019739837735,0.1657557001426604,-0.11395637800656981,0.07750906278957048,-0.09119760629672494,-0.0016189141319955525,0.0005419221793090401,-0.008681488907313906,15056,855000000,8.63,0,2,1,-0.22202645576406113,2.4076497773639836,4.2242326507576005,-0.22202645576406113,2.4076497773639836,4.2242326507576005,38.58877611160278
-3.380412909009253,4.730426794137727,4.031416838871369,-2.273373282794858,2.832405661209912,4.254589972184933,-0.9859617979423935,-0.009375292472913847,-0.0011666839868166587,0.16670355646393775,-0.11517971273314938,0.07678492038026843,-0.08756868268456178,-0.0017231149172403093,0.0004704455278670139,-0.008769691066845553,15057,85000000,8.66,0,2,1,-0.2553491444298483,2.4337687906676613,4.200882938373633,-0.2553491444298483,2.4337687906676613,4.200882938373633,38.86793923377991
-3.380412909009253,4.730426794137727,4.031416838871369,-2.2919198160609797,2.85702833703116,4.23621072406658,-0.9858017142830848,-0.009198824862163633,-0.0012483302440754176,0.16765680245456122,-0.1167978333747427,0.07597392922657736,-0.08375882524687797,-0.001649460716635076,0.0005664697653173789,-0.008800454634183552,15057,312000000,8.69,0,2,1,-0.2835667069832067,2.4570796842365223,4.180066327429,-0.2835667069832067,2.4570796842365223,4.180066327429,39.15946102142334
-3.4549150281252627,4.755282581475767,4.048943483704846,-2.310859819007358,2.881618509392478,4.21868678315256,-0.985640094346621,-0.00903710938837009,-0.0013326108042549327,0.16861245273920517,-0.11867861729323367,0.07507026851636509,-0.07976569094443114,-0.0018685242594074225,0.0005689990814516932,-0.008819724007480545,15057,527000000,8.72,0,2,1,-0.3084884779778321,2.4795272949948584,4.159744736194239,-0.3084884779778321,2.4795272949948584,4.159744736194239,39.44952034950256
-3.4549150281252627,4.755282581475767,4.048943483704846,-2.3319261265555937,2.908373469626175,4.200572256719722,-0.9854629470049239,-0.008819252070247639,-0.0014246350923892265,0.16965544874287186,-0.12025773329061869,0.07404073853391285,-0.07530674325618832,-0.001978431009774795,0.0005095449409964203,-0.008759150841797236,15057,752000000,8.75,0,2,1,-0.32976532637472633,2.501023959635956,4.139925248927287,-0.32976532637472633,2.501023959635956,4.139925248927287,39.738314628601074
-3.5297983738384797,4.7789650739916505,4.070223514111748,-2.3516017111837852,2.9328398778217886,4.184925776793691,-0.9853027939753954,-0.00862403628438088,-0.0015078600610249023,0.1705923695259587,-0.12184533503373654,0.0731681308569759,-0.07109334202682602,-0.0019103086174254713,0.00046490208376326336,-0.00857317854752182,15057,989000000,8.77,0,2,1,-0.34897089766789974,2.523463874638694,4.118951624651786,-0.34897089766789974,2.523463874638694,4.118951624651786,40.02299976348877
-3.5297983738384797,4.7789650739916505,4.070223514111748,-2.371577278723793,2.957232605453636,4.170174297974911,-0.9851436671520939,-0.008429109636536564,-0.0015719168875570088,0.17151802895951934,-0.12302896548916205,0.07224041558103658,-0.06704972946575424,-0.001885907806808973,0.0002991841313360055,-0.008556862849218305,15058,207000000,8.79,0,2,1,-0.3632820297738691,2.543183753487087,4.100328195494155,-0.3632820297738691,2.543183753487087,4.100328195494155,40.30579471588135
-3.6050444698038526,4.801468428384715,4.09517294753398,-2.3918554274582022,2.9815570448460478,4.156337556553317,-0.984981198140326,-0.008236247279634928,-0.0016420511652415022,0.17245726197747352,-0.12442510684082589,0.07136802733914287,-0.0627715213594542,-0.002008837554967613,0.0003787030664170743,-0.008694883126736386,15058,424000000,8.82,0,2,1,-0.37485545859977437,2.5621309928878615,4.0823165929787955,-0.37485545859977437,2.5621309928878615,4.0823165929787955,40.604602575302124
-3.6806347501731365,4.822787092288991,4.1236933199561365,-2.4123810257821443,3.0058074243183657,4.143422166299262,-0.9848192618977811,-0.008026792548582152,-0.0016977198138182297,0.17338889740673963,-0.1253787698547293,0.07053844885724923,-0.058578068753326586,-0.0019929348809455405,0.00018459616200061646,-0.008540384260413703,15058,648000000,8.84,0,2,1,-0.3843881531378444,2.5804416869781135,4.065069933267559,-0.3843881531378444,2.5804416869781135,4.065069933267559,40.89785099029541
-3.6806347501731365,4.822787092288991,4.1236933199561365,-2.4331772185352905,3.0299865536602204,4.1314522478204765,-0.984658260599959,-0.007823662137763199,-0.0017585509801296044,0.17430951678398898,-0.12677253184098827,0.06963267417257929,-0.05410941487046893,-0.0019492212231853046,0.0003714942749866168,-0.008400669594266219,15058,867000000,8.86,0,2,1,-0.39280923881560087,2.5983512082067723,4.048712159484245,-0.39280923881560087,2.5983512082067723,4.048712159484245,41.18061852455139
-3.7565505641757264,4.842915805643155,4.155672074497985,-2.452373027775059,3.051912245915331,4.12146281070153,-0.9845172034203162,-0.007645465085808262,-0.0018351858961773771,0.17511155052076877,-0.1281506204680716,0.06876854113783527,-0.04971555240900617,-0.001991020212699368,0.0005327104986463382,-0.007987159733602311,15059,83000000,8.88,0,2,1,-0.40172183913119164,2.616225884267389,4.033416532556946,-0.40172183913119164,2.616225884267389,4.033416532556946,41.46292471885681
-3.7565505641757264,4.842915805643155,4.155672074497985,-2.4757279408166126,3.078124045259611,4.110593975743146,-0.9843527408007184,-0.007396588390821775,-0.0019233371921506498,0.17604338366532085,-0.12940813718222272,0.06765416357738616,-0.04463276213702617,-0.0020776339624717366,0.0003702429637542082,-0.00782727056503063,15059,294000000,8.89,0,2,1,-0.4123275624200136,2.632887759571264,4.020600050475828,-0.4123275624200136,2.632887759571264,4.020600050475828,41.73202347755432
-3.832773180720473,4.861849601988383,4.1909830056250525,-2.4974688032669463,3.1020549236957407,4.101724735389077,-0.9842028100452109,-0.0071906018099870605,-0.0019983114872366365,0.17688733899270614,-0.13080316452601443,0.06664235879247661,-0.039821139555231935,-0.0021340767489164136,0.0003592202801883104,-0.007776231268508127,15059,518000000,8.91,0,2,1,-0.43070579964993905,2.6539100455258238,4.006833884396546,-0.43070579964993905,2.6539100455258238,4.006833884396546,42.01326298713684
-3.832773180720473,4.861849601988383,4.1909830056250525,-2.51945477321333,3.125897938212142,4.093859030080754,-0.9840530239805017,-0.006969791689672102,-0.0020622791237808647,0.17772679877679748,-0.13167121941754614,0.06578246958063697,-0.03533908174990589,-0.0023351299887508503,0.00021659773494775436,-0.007701171398366569,15059,744000000,8.92,0,2,1,-0.454423697343977,2.6744689541374944,3.9960086282583602,-0.454423697343977,2.6744689541374944,3.9960086282583602,42.30041265487671
-3.909283793017287,4.879583809693736,4.22948675722421,-2.5416929090541758,3.1496444977733993,4.087023226599455,-0.9839065863789077,-0.0067218665402205835,-0.0021266137961014884,0.1785444575005969,-0.13280337161162076,0.06477359414017046,-0.030522161147223732,-0.002433755685160577,0.00018160948798140453,-0.007430846289935289,15059,968000000,8.92,0,2,1,-0.48401844069391387,2.6961410967160235,3.9868802579154092,-0.48401844069391387,2.6961410967160235,3.9868802579154092,42.58555006980896
-3.986063523217436,4.896114053108828,4.271031372578588,-2.5620950522021566,3.1711343960375054,4.081680303977979,-0.9837782162045465,-0.006490750053395807,-0.0021744357583733318,0.1792583702767525,-0.1334148640576145,0.06392252230707433,-0.026488642073840756,-0.0022453870087701944,4.7973825800795566e-05,-0.007133361805244931,15060,180000000,8.93,0,2,1,-0.5173274412931579,2.718449071099933,3.9791629419899763,-0.5173274412931579,2.718449071099933,3.9791629419899763,42.863229751586914
-3.986063523217436,4.896114053108828,4.271031372578588,-2.584733595401399,3.1946454098964088,4.076772161727771,-0.9836428938132352,-0.006267797291722899,-0.0022252936757486763,0.18000672275193164,-0.13431791597098325,0.06279753620585522,-0.021629438006067647,-0.002064372847598861,0.00018948793609752101,-0.006755678623449057,15060,393000000,8.93,0,2,1,-0.5483366213398904,2.738728054243608,3.9731792274284468,-0.5483366213398904,2.738728054243608,3.9731792274284468,43.142608404159546
-4.063093427071376,4.911436253643443,4.315452894071311,-2.605558348677251,3.2158946077242474,4.07329457754518,-0.9835257078994173,-0.006076146274503566,-0.0022893735980913767,0.18065165683139806,-0.13543421857558022,0.06167727805926375,-0.01671429829397454,-0.0019677864429468173,0.00035354861154246464,-0.00642732529740897,15060,610000000,8.92,0,2,1,-0.5814474014414349,2.7606562321966495,3.967587872069961,-0.5814474014414349,2.7606562321966495,3.967587872069961,43.437281131744385
-4.063093427071376,4.911436253643443,4.315452894071311,-2.6287103428832856,3.2391429983678153,4.07053170622205,-0.9834064572263125,-0.005836085287640168,-0.0023560770512220768,0.18130672600606046,-0.13628789444327655,0.060660943003151335,-0.011826565150127744,-0.0021638239104504464,0.00016278964238836124,-0.005858078429810121,15060,813000000,8.91,0,2,1,-0.6091596676094784,2.779933777383973,3.9633140473168065,-0.6091596676094784,2.779933777383973,3.9633140473168065,43.726601362228394
-4.140354498602952,4.92554663077387,4.362576010251311,-2.6521315972771373,3.2622637549314413,4.0688689678575924,-0.9832904261637936,-0.005621577168399695,-0.0024156144939947695,0.18194092582863597,-0.13741589797424275,0.059510130017961085,-0.006732042409333237,-0.00211320389098546,0.0001863711673877333,-0.0058363731568533694,15061,32000000,8.89,0,2,1,-0.636480189816625,2.800236093408861,3.9593389653174373,-0.636480189816625,2.800236093408861,3.9593389653174373,43.9996817111969
-4.140354498602952,4.92554663077387,4.362576010251311,-2.6757589650657745,3.285235432741712,4.068265975564792,-0.9831774990802609,-0.00539698079490328,-0.0024651751795827835,0.18255629491178116,-0.13792044024596326,0.058463290794009526,-0.0020331791680140957,-0.0021646634877470206,4.890903362309018e-05,-0.005601206430583261,15061,253000000,8.87,0,2,1,-0.6603677810973744,2.8195870888477645,3.956151136442279,-0.6603677810973744,2.8195870888477645,3.956151136442279,44.276323318481445
-4.217827674798845,4.938441702975689,4.412214747707527,-2.697424205683915,3.305997670963311,4.068662437647269,-0.9830771542819297,-0.005186232511070437,-0.0025129637162465317,0.18310132914494298,-0.13882950498653812,0.057493539160136796,0.002665000830684398,-0.002091190685860056,0.00010601925310993465,-0.005509154516403214,15061,471000000,8.85,0,2,1,-0.6812330019867248,2.838084405928322,3.9538598911758434,-0.6812330019867248,2.838084405928322,3.9538598911758434,44.55686044692993
-4.217827674798845,4.938441702975689,4.412214747707527,-2.7214473683947533,3.3287075816895624,4.070100633080803,-0.9829709777211215,-0.00494325195544865,-0.002548955844797607,0.18367668344726962,-0.13939248337998328,0.05648861293091828,0.007278961170373277,-0.0023353766209766036,-0.00013753085283951805,-0.005136165191288455,15061,669000000,8.83,0,2,1,-0.6980599346835447,2.8542619620140663,3.9526425749686043,-0.6980599346835447,2.8542619620140663,3.9526425749686043,44.847742319107056
-4.295493840312086,4.950118288582788,4.464173205021003,-2.7456715738933397,3.3512825181830057,4.072608827740555,-0.9828748441036068,-0.004695366968840746,-0.0025829824246229663,0.18419642385000928,-0.14018151570740428,0.055469147270418614,0.01232133544191875,-0.002254358696518466,-0.00011460221642778379,-0.004652905045077205,15061,885000000,8.81,0,2,1,-0.7147329697433682,2.8714596938543036,3.952357118059806,-0.7147329697433682,2.8714596938543036,3.952357118059806,45.13055872917175
-4.373333832178478,4.960573506572389,4.518246325898284,-2.767835863664728,3.3716837495482888,4.075788297618874,-0.982789800266767,-0.004482070503554723,-0.002599674805950331,0.18465470810816687,-0.14052957973491273,0.0546196716633258,0.016410301854880915,-0.0020052840000062133,-0.0002803474359325264,-0.0046664406909258105,15062,107000000,8.78,0,2,1,-0.7303707646785946,2.888224616064945,3.953129212530019,-0.7303707646785946,2.888224616064945,3.953129212530019,45.405349016189575
-4.373333832178478,4.960573506572389,4.518246325898284,-2.792373741998363,3.3939771623676505,4.080295120757814,-0.9826990398845878,-0.004278068748882488,-0.002615893425088618,0.1851417085350502,-0.14119990617583694,0.05348672394126166,0.02155499483728203,-0.0018289874219590274,-0.00013172974888675526,-0.00438289007433923,15062,315000000,8.75,0,2,1,-0.7445938171913706,2.903309612681316,3.9548516476414495,-0.7445938171913706,2.903309612681316,3.9548516476414495,45.67941212654114
-4.451328444544773,4.969804777275899,4.574220708434927,-2.814898484403709,3.414104216465525,4.085404303799499,-0.9826220250206592,-0.004101292503317758,-0.002641275822050852,0.18555365532948392,-0.14213018273020758,0.05234652751099347,0.02651639669611495,-0.0018183663200943556,-5.958340274503371e-05,-0.0040443452235194854,15062,526000000,8.72,0,2,1,-0.7610677018670469,2.9199399045915353,3.9579530478357343,-0.7610677018670469,2.9199399045915353,3.9579530478357343,45.96437191963196
-4.451328444544773,4.969804777275899,4.574220708434927,-2.8398836173506754,3.436065023411857,4.092110053056315,-0.9825477788845345,-0.003894817106209114,-0.002664771467638901,0.18595050847416839,-0.1426085775133188,0.05109705886557162,0.03155098748862772,-0.0017785035879569477,-0.0001610453395528566,-0.0033888974257934024,15062,734000000,8.69,0,2,1,-0.7778062915503513,2.9353253083324358,3.9619928634728008,-0.7778062915503513,2.9353253083324358,3.9619928634728008,46.25742030143738
-4.529458433407429,4.9778098230154,4.6318754473153225,-2.8627808228563776,3.455865167106774,4.099187101599145,-0.9824922938105041,-0.0037310702639043545,-0.002685997028774244,0.1862464956384981,-0.1433194010402943,0.04999737068901884,0.036310271589192394,-0.0015595975696669484,-7.735881126791355e-05,-0.0027795627602245077,15062,954000000,8.64,0,2,1,-0.7996758283228479,2.9528766574608527,3.967933505984699,-0.7996758283228479,2.9528766574608527,3.967933505984699,46.56059765815735
-4.529458433407429,4.9778098230154,4.6318754473153225,-2.8835208699750385,3.473556907278559,4.106313593192696,-0.9824463451566945,-0.0035714256277860628,-0.0026963959895089655,0.1864916975522115,-0.14359614206243215,0.04908683842055932,0.04007082621697983,-0.0017074075572054426,-0.0003117223997151086,-0.002775248799480323,15063,146000000,8.6,0,2,1,-0.8229513595017864,2.9694828547457934,3.9745994237240354,-0.8229513595017864,2.9694828547457934,3.9745994237240354,46.84502410888672
-4.607704521360775,4.9845866686656395,4.6909830056250525,-2.906705271917147,3.4930738872879217,4.115059242020998,-0.9824001422482219,-0.003395864602134309,-0.002699543664434444,0.18673816181563196,-0.14420658447834844,0.04804891434474861,0.044651341744004105,-0.0017285560261370847,-0.0002891870110488526,-0.0023047300601319876,15063,329000000,8.55,0,2,1,-0.8463863161153447,2.9848970589445183,3.9816215732984293,-0.8463863161153447,2.9848970589445183,3.9816215732984293,47.107202768325806
-4.686047402353433,4.990133642141358,4.751310112835145,-2.930029707171412,3.512442618147877,4.124631138510133,-0.9823626771335939,-0.00319196365034619,-0.002699547779123893,0.18693874500691698,-0.14445747394098157,0.04708302965054179,0.04840583675331903,-0.0019033560647585546,-0.0004380067480269645,-0.0018805869899551908,15063,530000000,8.5,0,2,1,-0.8745796707226237,3.0023990392837163,3.9905380783507804,-0.8745796707226237,3.0023990392837163,3.9905380783507804,47.413559913635254
-4.686047402353433,4.990133642141358,4.751310112835145,-2.951149090816705,3.529732378636438,4.133955260366981,-0.9823332208226552,-0.003030173995347233,-0.0026997808843476443,0.187096158423744,-0.14499504820838996,0.04597943921678671,0.05254153644095842,-0.0016613413322374981,-0.000284321285448641,-0.0017195943996739516,15063,720000000,8.45,0,2,1,-0.9040068903810058,3.020043658825653,4.000549967371779,-0.9040068903810058,3.020043658825653,4.000549967371779,47.716609716415405
-4.764467746451786,4.99444937480985,4.812618685414275,-2.977201824469718,3.5506812542461597,4.146401317529269,-0.9823051646003764,-0.002875825555583498,-0.002708250248341766,0.1872457171937274,-0.1459342878478665,0.04464232474907367,0.057965758996834815,-0.0015465124192814983,-0.00016562203910552853,-0.0011559614790712658,15063,915000000,8.39,0,2,1,-0.9304375857008088,3.035784101795001,4.010323904901674,-0.9304375857008088,3.035784101795001,4.010323904901674,48.00599241256714
-4.764467746451786,4.99444937480985,4.812618685414275,-3.003506734336943,3.5714229029948674,4.159946593992129,-0.9822848502977864,-0.0026936327998642027,-0.0027136974861939928,0.18735488534796152,-0.1465892462050065,0.043313288950997134,0.06272279722434213,-0.0014063288062970969,-0.00029843778008853405,-0.0008333369066804153,15064,123000000,8.32,0,2,1,-0.9617734884179239,3.0546070913047547,4.023206198901893,-0.9617734884179239,3.0546070913047547,4.023206198901893,48.28108739852905
-4.842946204609358,4.997532801828658,4.874666766435696,-3.0276479200527273,3.5901059539540454,4.1732037010411265,-0.9822751379928083,-0.0025644763909893815,-0.0027104580488791215,0.1874076576856305,-0.14739924375966676,0.042168213677495875,0.06730378961923464,-0.0013046632716395834,-0.00029125375249350327,-0.0003517057507451682,15064,345000000,8.25,0,2,1,-0.9914243023895413,3.072786796478833,4.0371519030371115,-0.9914243023895413,3.072786796478833,4.0371519030371115,48.56047201156616
-4.921463413440897,4.999383162408303,4.9372094804706865,-3.054395168256266,3.610482069300029,4.188749647573602,-0.9822709490126743,-0.0023878699993647176,-0.0027000563983833542,0.1874320956988199,-0.14775802103379043,0.04111581403721618,0.07162678872678288,-0.0014651233755103021,-0.0004383978392752397,-0.0001493404027996803,15064,556000000,8.19,0,2,1,-1.019332371744747,3.090303503129292,4.052217580069215,-1.019332371744747,3.090303503129292,4.052217580069215,48.85244679450989
-4.921463413440897,4.999383162408303,4.9372094804706865,-3.0838099978649645,3.6324836564555962,4.206838202539576,-0.9822697723657139,-0.0022239813308168985,-0.00269064694345029,0.18744041352566992,-0.14858823339545663,0.03968690258494634,0.07684887858156225,-0.0012084000672984985,-0.00027117018248645763,9.379697942790699e-05,15064,771000000,8.09,0,2,1,-1.0434601318118726,3.1057360609563363,4.066907243009585,-1.0434601318118726,3.1057360609563363,4.066907243009585,49.15008783340454
-5.0,5.0,5.0,-3.1110683730695223,3.652451675007714,4.224565966434207,-0.982277648815582,-0.0020949676233483817,-0.00268601041287151,0.18740068595405712,-0.14951636332827242,0.03843150949074007,0.08182685097830315,-0.001310620518779615,-0.00032813709367474075,0.0005369896712181799,15064,998000000,8.0,0,2,1,-1.0711079872617866,3.1237015880792156,4.085586730369158,-1.0711079872617866,3.1237015880792156,4.085586730369158,49.438514947891235
-5.0,5.0,5.0,-3.1385739124743472,3.6722206867169715,4.243250296217515,-0.982291329758319,-0.0019478605272046743,-0.002662237004125627,0.18733088857722657,-0.15011169863179025,0.037187315598794374,0.08584552577903391,-0.001279636092021974,-0.0005191596187614778,0.0007541142963418679,15065,226000000,7.91,0,2,1,-1.0954945610560933,3.1397219287213987,4.103748630226894,-1.0954945610560933,3.1397219287213987,4.103748630226894,49.71516442298889
-5.078536586559102,4.999383162408303,5.062790519529313,-3.16630462116815,3.6917687348176322,4.262870558539807,-0.9823110489281148,-0.0018061771766116788,-0.0026361744991150395,0.18722924841424654,-0.15066821192885044,0.03587817353661592,0.09021602271650177,-0.0012008257272100309,-0.0004999305701858248,0.0010827263395185582,15065,456000000,7.82,0,2,1,-1.1213652120464586,3.1567813701561858,4.124765423825766,-1.1213652120464586,3.1567813701561858,4.124765423825766,49.99844002723694
-5.078536586559102,4.999383162408303,5.062790519529313,-3.194204577158554,3.7110873205408663,4.28333444156515,-0.9823382589762324,-0.0016651908843225154,-0.0025899951568543133,0.18708838557203467,-0.15087093812026564,0.0346811829834642,0.09376040031351648,-0.001193606726701546,-0.0007026174046131928,0.0014846900739939883,15065,664000000,7.72,0,2,1,-1.142734785008554,3.1707569905442745,4.143295300537771,-1.142734785008554,3.1707569905442745,4.143295300537771,50.28466868400574
-5.157053795390642,4.997532801828658,5.125333233564304,-3.222280127108766,3.7301710259639074,4.304607626157941,-0.9823734936302274,-0.0015278236467671257,-0.0025448487786043452,0.18690507888321306,-0.15126660478608442,0.033411255933249846,0.09746420005378861,-0.0012778471159435867,-0.0006417823044557736,0.0017882156953419326,15065,885000000,7.62,0,2,1,-1.1667075275766976,3.1860439853080615,4.164757975270626,-1.1667075275766976,3.1860439853080615,4.164757975270626,50.58167314529419
-5.235532253548213,4.99444937480985,5.187381314585724,-3.2504972066361733,3.7490179570787197,4.326574492058617,-0.9824099613401247,-0.0013785736849428825,-0.0024931661705078385,0.1867151614538467,-0.151368606505,0.03225959668528762,0.10035363824622678,-0.0011247785323575954,-0.0007302560106836609,0.0018197705912825768,15066,107000000,7.52,0,2,1,-1.1920628598323533,3.201486242907271,4.18718430600894,-1.1920628598323533,3.201486242907271,4.18718430600894,50.860382080078125
-5.235532253548213,4.99444937480985,5.187381314585724,-3.2762900010864464,3.7659621440270112,4.347143788583307,-0.9824489078531105,-0.0012658373245083162,-0.0024463053875501055,0.18651154576607043,-0.15179148290591155,0.031225622330276502,0.10341123318578335,-0.0008975977493719256,-0.0006373525991421047,0.0022392951450456167,15066,328000000,7.42,0,2,1,-1.2188695940789853,3.217099951161781,4.210579265630987,-1.2188695940789853,3.217099951161781,4.210579265630987,51.127848625183105
-5.313952597646567,4.990133642141358,5.248689887164855,-3.304889599880956,3.784372720758428,4.370544686721733,-0.9825003134319406,-0.0011820001638883867,-0.0024060473445590945,0.1862416385181554,-0.15246529972004844,0.02973094752701102,0.10733188869695218,-0.0007750905467673874,-0.00046693394608610106,0.002690432211238658,15066,534000000,7.32,0,2,1,-1.2448110507319574,3.2315221333009596,4.232735661640551,-1.2448110507319574,3.2315221333009596,4.232735661640551,51.402507066726685
-5.313952597646567,4.990133642141358,5.248689887164855,-3.333700690943616,3.8025183107984826,4.394684157362062,-0.9825605305645484,-0.0010800098312356093,-0.0023637674110706807,0.18592485030007005,-0.15276031929777573,0.028395932192569067,0.11034115644689395,-0.0007521419888689707,-0.0005832695933349896,0.0031185819125312264,15066,750000000,7.21,0,2,1,-1.2749621825194808,3.2476198513481656,4.257963802408404,-1.2749621825194808,3.2476198513481656,4.257963802408404,51.69210481643677
-5.392295478639224,4.9845866686656395,5.3090169943749475,-3.362721132447175,3.82039973029127,4.4195123910483565,-0.9826289934296348,-0.0009931778377102246,-0.0023197760452830446,0.18556371818958722,-0.15323439676672265,0.0270043310699713,0.11349208043966816,-0.0008673633033140504,-0.0005622582364139816,0.003436773181419994,15066,959000000,7.09,0,2,1,-1.3063393301932347,3.263848592969616,4.283907530881752,-1.3063393301932347,3.263848592969616,4.283907530881752,51.96730279922485
-5.392295478639224,4.9845866686656395,5.3090169943749475,-3.391913122471864,3.838016419318784,4.444923528083423,-0.9826988517602064,-0.0008890312882271109,-0.002268151897247605,0.185194578375046,-0.1534078488147084,0.025758835827024606,0.11588763606200998,-0.0007438040313445526,-0.0006529536392463342,0.0034835258475141018,15067,188000000,6.98,0,2,1,-1.3382171939597833,3.2800222695126604,4.310561107331782,-1.3382171939597833,3.2800222695126604,4.310561107331782,52.24246335029602
-5.470541566592572,4.9778098230154,5.368124552684678,-3.4159372356892748,3.852249294969994,4.466133830727955,-0.982761003297224,-0.0008195779888154752,-0.0022267779363129916,0.1848653027211326,-0.15383799456515113,0.024764845463862505,0.11811824781019398,-0.0005985052041523886,-0.0005650606283325033,0.003880357462549,15067,400000000,6.87,0,2,1,-1.3699644249493306,3.295938999842392,4.337935716260756,-1.3699644249493306,3.295938999842392,4.337935716260756,52.51995325088501
-5.470541566592572,4.9778098230154,5.368124552684678,-3.4427517697978898,3.8678870533377623,4.490082101265735,-0.9828349384408548,-0.0007394655198308275,-0.0021731024144477445,0.18447280178010722,-0.15386650246878522,0.023859526231906354,0.1197713804460051,-0.0006281767014115758,-0.0007437161855250451,0.004069791202709894,15067,593000000,6.77,0,2,1,-1.3956289166400493,3.308714481502103,4.360792560971896,-1.3956289166400493,3.308714481502103,4.360792560971896,52.796029567718506
-5.548671555455226,4.969804777275899,5.425779291565073,-3.4723988083615964,3.884859494589584,4.516850674689786,-0.9829188514120255,-0.00066633785851188,-0.0021119423203432596,0.18402615909798808,-0.1542562887010332,0.022588451420821016,0.12198548423926085,-0.00047048384033132606,-0.0006459991027440992,0.0041764987145143095,15067,793000000,6.66,0,2,1,-1.4236905369137516,3.3226277256901193,4.386523462839979,-1.4236905369137516,3.3226277256901193,4.386523462839979,53.08864235877991
-5.62666616782152,4.9605735065723895,5.481753674101715,-3.502180561867394,3.901585243695184,4.544011601125219,-0.9830042945734043,-0.0006083642070474535,-0.002044993386749844,0.18357016300391354,-0.15424949994525464,0.02151521501523441,0.12355013726908268,-0.00033771777623314847,-0.0006843442861281801,0.004249850599080673,15068,7000000,6.54,0,2,1,-1.4536986004798915,3.337503943615294,4.415261360485569,-1.4536986004798915,3.337503943615294,4.415261360485569,53.37744975090027
-5.62666616782152,4.9605735065723895,5.481753674101715,-3.532121454610118,3.9180544783141897,4.571569689263519,-0.9830910918795086,-0.0005656599346331304,-0.001986568795236853,0.18310553962241533,-0.15466648378375186,0.0201896597741505,0.12559970199646114,-0.00022204342684517542,-0.0005169136386484752,0.004473226090340177,15068,230000000,6.42,0,2,1,-1.4829389147813385,3.3519425509137712,4.4445201298843084,-1.4829389147813385,3.3519425509137712,4.4445201298843084,53.64646244049072
-5.704506159687912,4.950118288582789,5.535826794978996,-3.5623163029453235,3.934250139273303,4.5996233380423,-0.9831923439173194,-0.0005377460691917709,-0.0019447574210214535,0.18256161592762526,-0.15537644401722267,0.018732151965626987,0.12795394653847417,-0.00020551049573214186,-0.0004014023971876668,0.0053320320603233995,15068,457000000,6.29,0,2,1,-1.5142299726199284,3.3672238720563517,4.477107396725979,-1.5142299726199284,3.3672238720563517,4.477107396725979,53.917786598205566
-5.704506159687912,4.950118288582789,5.535826794978996,-3.589967634157135,3.9487489709555645,4.625483469172182,-0.9832882759325332,-0.0005032504864686991,-0.0018987243590640461,0.18204479668033025,-0.15574259234986518,0.017636351515791925,0.12934312560795608,-0.000207596924894915,-0.0005668502183198143,0.00525751552231668,15068,659000000,6.17,0,2,1,-1.5402225930026916,3.3796985113439466,4.504714818451288,-1.5402225930026916,3.3796985113439466,4.504714818451288,54.19388008117676
-5.782172325201154,4.938441702975689,5.587785252292473,-3.620598423959119,3.9644381222896494,4.654305929738946,-0.9833989268097749,-0.0004749112029206862,-0.0018470855947515553,0.18144672354037467,-0.1562484276821164,0.01623747544832812,0.13126428137877166,-0.00020349699667576715,-0.0005083415715034789,0.005677571698470274,15068,874000000,6.05,0,2,1,-1.566423364968864,3.3920398034112496,4.53265325455152,-1.566423364968864,3.3920398034112496,4.53265325455152,54.491268157958984
-5.782172325201154,4.938441702975689,5.587785252292473,-3.651403466433497,3.97986973550425,4.683419518406002,-0.9835116972300091,-0.0004383311463365798,-0.00178523029004969,0.18083517973658875,-0.1564179052592696,0.015141555232670459,0.13223762674132586,-5.0655405559041355e-05,-0.0006449179352330248,0.005690178431905224,15069,83000000,5.92,0,2,1,-1.5955831583084283,3.405514320224131,4.563795878418125,-1.5955831583084283,3.405514320224131,4.563795878418125,54.766886472702026
-5.859645501397048,4.925546630773869,5.63742398974869,-3.679570715872881,3.993658495152136,4.710112579469584,-0.9836169339697236,-0.00042929033168413527,-0.0017249646374017675,0.18026249586314602,-0.15678439182541687,0.013894172855501985,0.13343846902212447,-5.316365248031474e-06,-0.0005893370371268247,0.005915110568821547,15069,300000000,5.79,0,2,1,-1.6253047899188766,3.418922284201978,4.595370733002614,-1.6253047899188766,3.418922284201978,4.595370733002614,55.029903173446655
-5.859645501397048,4.925546630773869,5.63742398974869,-3.7078712122804904,4.007243385717464,4.736967437065825,-0.9837246498789406,-0.00040953334313137467,-0.0016676280961402017,0.17967432904989333,-0.15692674550348445,0.013052048643716304,0.13398930896826902,-0.00012654979144599565,-0.0005868579933121509,0.006043106304787216,15069,502000000,5.67,0,2,1,-1.6530021134199109,3.4311111061483897,4.624324561499387,-1.6530021134199109,3.4311111061483897,4.624324561499387,55.295708894729614
-5.936906572928623,4.911436253643443,5.684547105928688,-3.7391720801639012,4.021943795228036,4.766661790822872,-0.9838475009687742,-0.0003790109033333846,-0.0016151843406943434,0.17900095633202134,-0.1573208897663452,0.011756848930329574,0.13476196331205995,-0.00013395034414998008,-0.0004993515062778897,0.006303432382992469,15069,706000000,5.55,0,2,1,-1.6813861132571475,3.4433188268875856,4.653451891664141,-1.6813861132571475,3.4433188268875856,4.653451891664141,55.59031128883362
-6.013936476782562,4.896114053108828,5.728968627421411,-3.7706199320446516,4.036392660692765,4.79642742841933,-0.9839706389689955,-0.00035766076611611064,-0.0015592429144503212,0.17832336495046558,-0.15740494216029288,0.010759440139917427,0.13485191786353617,-5.287100677264789e-05,-0.0005370695362216793,0.0063507381128147244,15069,929000000,5.42,0,2,1,-1.7133521458389778,3.456747528423416,4.685710113611202,-1.7133521458389778,3.456747528423416,4.685710113611202,55.86331582069397
-6.013936476782562,4.896114053108828,5.728968627421411,-3.799352757574008,4.049292433742354,4.823546466339717,-0.984090435270941,-0.00034703033444372436,-0.0015090797852020303,0.17766152497487653,-0.1577583523237818,0.009537088706959039,0.1353302503109658,0.0001002266976968258,-0.00048160575829570007,0.006988784116401803,15070,140000000,5.29,0,2,1,-1.7460590270506497,3.470126715237282,4.718243498785831,-1.7460590270506497,3.470126715237282,4.718243498785831,56.12664484977722
-6.090716206982711,4.879583809693737,5.770513242775789,-3.831210978502317,4.063209685517983,4.853516430819701,-0.9842325475594357,-0.00036106838824607806,-0.0014598759000743458,0.1768729225083322,-0.15851768536323713,0.008141354799519362,0.1360287223993701,0.00011813049027864508,-0.0004274568993878347,0.007476636983483331,15070,340000000,5.16,0,2,1,-1.7763015853329356,3.4822009365165507,4.748049738316491,-1.7763015853329356,3.4822009365165507,4.748049738316491,56.402339935302734
-6.090716206982711,4.879583809693737,5.770513242775789,-3.8574417273953414,4.074392456701561,4.878093868522461,-0.9843529558676736,-0.00036080064804962285,-0.0014138815231361374,0.17620195525732457,-0.1587381370613733,0.007214676511180763,0.13610808818714945,0.00011310230334515836,-0.0005396599362939014,0.0076440642260422464,15070,562000000,5.02,0,2,1,-1.809757188195871,3.495286687375077,4.7809903590543845,-1.809757188195871,3.495286687375077,4.7809903590543845,56.69480085372925
-6.167226819279528,4.861849601988383,5.8090169943749475,-3.8897024254533505,4.087804713224019,4.9081719374917565,-0.9845020626977062,-0.0003664873260890239,-0.0013628434501124216,0.17536731989949572,-0.15932021949342978,0.005833888465562597,0.13632865501366537,0.0001699325153481368,-0.00040854646670140937,0.007758136689517414,15070,746000000,4.9,0,2,1,-1.8369131786495312,3.505745092447169,4.807944282861045,-1.8369131786495312,3.505745092447169,4.807944282861045,56.964285135269165
-6.167226819279528,4.861849601988383,5.8090169943749475,-3.928070491385832,4.103284448108871,4.943667505990791,-0.9846799572137822,-0.0003800340258740923,-0.0013033414327367912,0.17436610546982123,-0.15962463181191383,0.0044334587624719635,0.135967618584266,0.0002132070434868183,-0.000422776452069229,0.007946980713313678,15070,973000000,4.76,0,2,1,-1.8698672816888449,3.518242626551462,4.840869442319683,-1.8698672816888449,3.518242626551462,4.840869442319683,57.29578709602356
-6.2434494358242745,4.842915805643155,5.844327925502015,-3.9607732207975794,4.116085722903913,4.973684401145066,-0.9848347947392975,-0.0003952114627709969,-0.0012562828068728555,0.1734897479167407,-0.16018739221629452,0.0032467924731431953,0.1359777163008313,0.00012587162245836225,-0.0003873334804893602,0.008188003994291648,15071,230000000,4.59,0,2,1,-1.9086365539736863,3.53258417421277,4.879800660600239,-1.9086365539736863,3.53258417421277,4.879800660600239,57.56613063812256
-6.319365249826864,4.822787092288991,5.8763066800438635,-3.990647705470053,4.127500376795831,5.000890059213516,-0.9849775974597612,-0.0003955617088700549,-0.0012166959601579367,0.17267743246953682,-0.16027035680780038,0.002372779589866624,0.13530192499671648,8.392706263293803e-05,-0.0003760820419529409,0.008294670442410279,15071,452000000,4.44,0,2,1,-1.9414176084471235,3.544379481459831,4.912784572391612,-1.9414176084471235,3.544379481459831,4.912784572391612,57.836798906326294
-6.319365249826864,4.822787092288991,5.8763066800438635,-4.023662880621986,4.1398077034158565,5.030655053801909,-0.9851384522799995,-0.00038421614082471105,-0.001176131364325851,0.17175767503182388,-0.16071027135249732,0.0011622366393766314,0.13455376618631582,0.00010639619105745624,-0.00035524624593108456,0.008686753608344588,15071,649000000,4.3,0,2,1,-1.971252209906314,3.5548577412686395,4.942761815475844,-1.971252209906314,3.5548577412686395,4.942761815475844,58.118979930877686
-6.394955530196146,4.801468428384715,5.904827052466019,-4.053904420663852,4.150721610795094,5.057590385801702,-0.9852928440175535,-0.0003977696081038648,-0.0011448087651733875,0.170869958506553,-0.16137990290077,-0.0002839953132694343,0.13403180630017014,0.00016868206955678033,-0.000243656299403483,0.00920893216971308,15071,862000000,4.15,0,2,1,-2.0040458611245957,3.566134480120231,4.975563886974318,-2.0040458611245957,3.566134480120231,4.975563886974318,58.38722562789917
-6.394955530196146,4.801468428384715,5.904827052466019,-4.084337324077624,4.161377109351338,5.084368340668331,-0.9854497969533449,-0.00040102741118413593,-0.0011197221308879872,0.16996259319031304,-0.16168765245885736,-0.0013800487395619113,0.13305055946725236,0.00015842280873812342,-0.00023502337143099794,0.009216841044690227,15072,63000000,4.01,0,2,1,-2.0338779231804947,3.576169673268653,5.0052220147959146,-2.0338779231804947,3.576169673268653,5.0052220147959146,58.66273474693298
-6.4702016261615185,4.778965073991651,5.929776485888251,-4.118040369178741,4.172805216254357,5.113597606100323,-0.9856221518893531,-0.00042616842414803683,-0.0010876890841767471,0.16896037706495393,-0.16234641088539553,-0.0027905923352929485,0.13195193195969573,0.00021324120922372458,-0.0002547960207266442,0.009302774651587242,15072,275000000,3.87,0,2,1,-2.0637779214703698,3.5860029885962876,5.034707212670702,-2.0637779214703698,3.5860029885962876,5.034707212670702,58.93683171272278
-6.4702016261615185,4.778965073991651,5.929776485888251,-4.1519465860327776,4.183946692025192,5.142531716969507,-0.985797660087085,-0.0004363328298290693,-0.0010570427172102142,0.1679335155386898,-0.1626556014795817,-0.0038697804529340594,0.13046058661271123,0.00015649801525796647,-0.00024308345132340037,0.009582005441188812,15072,485000000,3.72,0,2,1,-2.0967627815051983,3.5965890774805396,5.066894328539641,-2.0967627815051983,3.5965890774805396,5.066894328539641,59.223968267440796
-6.5450849718747355,4.755282581475768,5.951056516295154,-4.186070612991283,4.194801194825389,5.171158634403356,-0.9859755024577568,-0.0004479482450493954,-0.0010319598384071424,0.16688631745723076,-0.16322490304904028,-0.0051427610368634195,0.12908161291163617,-6.624472952410088e-05,-0.0002327579181837791,0.009712964765640208,15072,704000000,3.57,0,2,1,-2.1298001493325014,3.6069360866456663,5.098742303768737,-2.1298001493325014,3.6069360866456663,5.098742303768737,59.49781107902527
-6.5450849718747355,4.755282581475768,5.951056516295154,-4.22036386162002,4.205367385923652,5.1994200106137045,-0.9861541514424053,-0.00042928207181114266,-0.0009974723135541628,0.16582765257578685,-0.16337718777767535,-0.006225972278965366,0.12724891503379057,0.00014988647052405213,-0.000371537475984951,0.009798544942896115,15072,927000000,3.42,0,2,1,-2.1629590676741346,3.617063841246055,5.130251188904777,-2.1629590676741346,3.617063841246055,5.130251188904777,59.77312207221985
-6.6195870909907475,4.730426794137727,5.968583161128631,-4.254844354092607,4.21563427308426,5.227276533551391,-0.9863329701078901,-0.0004511061477337931,-0.0009565476903855515,0.16476089826748164,-0.16383377227608173,-0.007480529538097846,0.1253804132013488,0.0001617214479665563,-0.00030582062038320146,0.009823405162023846,15073,144000000,3.27,0,2,1,-2.1962925095740395,3.6269727284311575,5.161428226718686,-2.1962925095740395,3.6269727284311575,5.161428226718686,60.04596710205078
-6.6195870909907475,4.730426794137727,5.968583161128631,-4.286324317003373,4.224726009031623,5.252208701232874,-0.986492987102793,-0.00045716833165497625,-0.0009274327704020535,0.1638002358440958,-0.16394921779331997,-0.008336352660324916,0.12341706802848876,5.1616376950391896e-05,-0.0002468058454496713,0.009749455784913152,15073,360000000,3.12,0,2,1,-2.229825408722365,3.6366666599792747,5.192261977894362,-2.229825408722365,3.6366666599792747,5.192261977894362,60.326725006103516
-6.693689601226457,4.704403844771127,5.982287250728689,-4.317934988077505,4.2335939707481,5.276738118006984,-0.9866584363254401,-0.000450036890976926,-0.0009057897921906325,0.1628008201437764,-0.16431476237143125,-0.009336620532443874,0.12136653623661683,-1.029716001355041e-05,-0.0002039934997810633,0.010348229261580855,15073,564000000,2.99,0,2,1,-2.2605334980966334,3.6453131341719485,5.219940270179149,-2.2605334980966334,3.6453131341719485,5.219940270179149,60.59523010253906
-6.767374218896285,4.677220154149337,5.9921147013144775,-4.3528451599615545,4.243096361212567,5.303195649267058,-0.986840930768146,-0.00044686243062945356,-0.000881125532147634,0.161691067447846,-0.16446687429998752,-0.010263221743306045,0.11871856168814277,0.00012757718081957137,-0.000220661397065669,0.010212384495389415,15073,774000000,2.86,0,2,1,-2.291797807997858,3.653938387182108,5.247176988740799,-2.291797807997858,3.653938387182108,5.247176988740799,60.87007474899292
-6.767374218896285,4.677220154149337,5.9921147013144775,-4.387909084477494,4.25231232260395,5.329098005409102,-0.9870265869224779,-0.00046578596580767106,-0.0008558012144275963,0.16055393908552823,-0.16487621234413996,-0.011493165951373022,0.11630077252447737,0.00022786773143934624,-0.0001641339764546501,0.01072688510248554,15073,984000000,2.71,0,2,1,-2.326625464887324,3.663335101201421,5.2766213134688424,-2.326625464887324,3.663335101201421,5.2766213134688424,61.165711641311646
-6.840622763423388,4.648882429441257,5.998026728428272,-4.423236842026823,4.261214343742846,5.354477359034036,-0.9872216267771615,-0.0004885867048515876,-0.0008404741868722076,0.1593502887026813,-0.1657111179384893,-0.012867500824451442,0.11391355048720986,0.0002420693817839492,-8.491507372809792e-05,0.011316073414491257,15074,204000000,2.57,0,2,1,-2.361568692042946,3.672514200879349,5.305532696435339,-2.361568692042946,3.672514200879349,5.305532696435339,61.44842171669006
-6.840622763423388,4.648882429441257,5.998026728428272,-4.458784564641683,4.2698104972637845,5.379286887854234,-0.9874215736965973,-0.0005108631123424466,-0.0008263085522406738,0.15810658440302794,-0.16606970546677055,-0.013989875295798699,0.11120692817050608,0.00012436538767701677,-9.110153840197199e-05,0.01157657670773915,15074,432000000,2.42,0,2,1,-2.396556225895722,3.681441887459332,5.33384365754939,-2.396556225895722,3.681441887459332,5.33384365754939,61.722182273864746
-6.913417161825448,4.619397662556434,6.0,-4.494539907912264,4.278101176423415,5.403501267695987,-0.987625304361282,-0.0005158854690826876,-0.0008168789286513807,0.15682896657277212,-0.16661185900145822,-0.015187742744707845,0.10846076220692855,7.584126038295835e-05,-7.989232955196712e-05,0.011762466783693526,15074,645000000,2.27,0,2,1,-2.4316264992714265,3.690085202645226,5.361523831125783,-2.4316264992714265,3.690085202645226,5.361523831125783,61.99623465538025
-6.913417161825448,4.619397662556434,6.0,-4.530454723196652,4.286111324447261,5.427072857733032,-0.987822386505254,-0.0005218383931142206,-0.0008056481219879479,0.15558281182334888,-0.1668208802358886,-0.016094998637139566,0.10543785006491009,8.195642493546984e-05,-7.586425283534481e-05,0.011410727620386751,15074,875000000,2.11,0,2,1,-2.466752606277452,3.698450820357479,5.388562072264763,-2.466752606277452,3.698450820357479,5.388562072264763,62.27887034416199
-6.985739453173903,4.588773128419906,5.998026728428272,-4.566549483954968,4.293836392803067,5.449972017161285,-0.9880248031421742,-0.0005284003920129876,-0.0008033975933776884,0.15429213758711124,-0.1673413841882106,-0.017217680817761753,0.10234951309215687,-0.00013191539167678457,2.267098206942819e-05,0.012104590950912097,15075,90000000,1.97,0,2,1,-2.501886400778225,3.706552875392932,5.4149150776214094,-2.501886400778225,3.706552875392932,5.4149150776214094,62.56757569313049
-6.985739453173903,4.588773128419906,5.998026728428272,-4.6060755341523505,4.301965671930725,5.474170704630587,-0.9882461514998939,-0.0004991920631386859,-0.0008099258747944852,0.1528680439889587,-0.1674802163423149,-0.018101880688758742,0.09886989616650495,-0.00021770134566168053,1.1398068641699233e-06,0.012071881428710185,15075,312000000,1.82,0,2,1,-2.5371158765094686,3.7144076112605022,5.4405362870966245,-2.5371158765094686,3.7144076112605022,5.4405362870966245,62.83845853805542
-7.057571793025543,4.557016383177227,5.9921147013144775,-4.639158752067307,4.30846853581068,5.49367496969218,-0.9884332731832783,-0.00047989336460148714,-0.0008123546428117918,0.15165346763751703,-0.1678668667635239,-0.019203439893237712,0.09580386872083144,-0.00015647589179934585,9.808671386224432e-06,0.012387882907205494,15075,538000000,1.66,0,2,1,-2.5763245356299507,3.722840630312094,5.467629545858819,-2.5763245356299507,3.722840630312094,5.467629545858819,63.110262632369995
-7.1288964578253635,4.524135262330097,5.982287250728689,-4.672338873632525,4.3147335612403115,5.512561333845282,-0.9886179157721773,-0.00046612895254377845,-0.000821619056352294,0.15044508725844702,-0.16785950297117766,-0.019914153116359853,0.09268574635343234,-0.00012584275310700832,0.00011184086119442327,0.01216455593748833,15075,741000000,1.53,0,2,1,-2.609725452126822,3.72977605916727,5.489499783494137,-2.609725452126822,3.72977605916727,5.489499783494137,63.40326809883118
-7.1288964578253635,4.524135262330097,5.982287250728689,-4.70895410538815,4.321379125837847,5.532584924821974,-0.9888222872305887,-0.0004545602732354422,-0.0008349197365678715,0.14909587707263489,-0.16828895835833177,-0.02082326507199085,0.08898427972882329,-9.88695710191223e-05,0.00010435891084625837,0.012613399121619295,15075,955000000,1.4,0,2,1,-2.643725246353335,3.7366154735128596,5.510708722732839,-2.643725246353335,3.7366154735128596,5.510708722732839,63.67808794975281
-7.199695849279576,4.490137878803078,5.968583161128631,-4.745794467005299,4.327714405355892,5.551772251276583,-0.9890341393878236,-0.0004453436229174766,-0.0008456092325268764,0.14768397929183308,-0.16901079067716998,-0.022178112610604976,0.08511422304173777,-0.00016012791661523806,6.905604124085585e-05,0.013188742195779923,15076,176000000,1.26,0,2,1,-2.6816171188542652,3.7440449082291236,5.533258365124101,-2.6816171188542652,3.7440449082291236,5.533258365124101,63.949150800704956
-7.199695849279576,4.490137878803078,5.968583161128631,-4.782829802316511,4.333735445301467,5.570129157651661,-0.9892474814066252,-0.00042001538154158666,-0.0008498324422976438,0.14624815179190365,-0.16936432803115645,-0.023201503156537857,0.08135004702183604,-0.0002074895732562254,-2.9640282939169538e-05,0.013283511998452013,15076,387000000,1.12,0,2,1,-2.7195070899732623,3.751227781669874,5.554941867335181,-2.7195070899732623,3.751227781669874,5.554941867335181,64.21817135810852
-7.269952498697734,4.455032620941839,5.951056516295154,-4.816677159199063,4.338933987145936,5.586056506355117,-0.9894447680781286,-0.00039932844518078347,-0.0008483075946435854,0.1449074595520738,-0.16996225350525423,-0.02432230217622907,0.07759635815856053,-0.00023362249237379729,-2.0100867637040665e-05,0.013711609062738717,15076,602000000,0.99,0,2,1,-2.757199633399096,3.7580776762324377,5.575731167803442,-2.757199633399096,3.7580776762324377,5.575731167803442,64.50518727302551
-7.269952498697734,4.455032620941839,5.951056516295154,-4.854073924815745,4.344364512905755,5.6027297497411634,-0.9896618847174428,-0.00036544278065809617,-0.0008646967142945342,0.14341712829604786,-0.17024547317598007,-0.025238785462173768,0.073597624230303,-0.00019952047267679518,0.0001696020561325895,0.01371875132463174,15076,811000000,0.87,0,2,1,-2.7913523943577685,3.7639935230677346,5.593820994690618,-2.7913523943577685,3.7639935230677346,5.593820994690618,64.77951169013977
-7.339649071302866,4.418828150443467,5.929776485888252,-4.888217523254473,4.349043375751741,5.617097265532481,-0.9898596521748738,-0.00035408886040617655,-0.0008808006776120026,0.1420456539549272,-0.17071483878811666,-0.026202105730659002,0.06974354318887971,-0.00019854525703522086,0.0001440181506495719,0.013940674762125127,15077,26000000,0.76,0,2,1,-2.828881468905613,3.7701625088273856,5.612773722467009,-2.828881468905613,3.7701625088273856,5.612773722467009,65.04907894134521
-7.339649071302866,4.418828150443467,5.929776485888252,-4.925910181287065,4.353894001100063,5.63202044915841,-0.9900752744792305,-0.00030849736351881116,-0.0009004720535171107,0.1405348527744394,-0.17087731990199304,-0.027201399739331354,0.06553590966390432,-0.00031663011839100363,0.00012548711936233303,0.013900304475100711,15077,233000000,0.68,0,2,1,-2.862916713022737,3.77550981512927,5.629159820034761,-2.862916713022737,3.77550981512927,5.629159820034761,65.32696461677551
-7.408768370508577,4.381533400219317,5.904827052466019,-4.963758769199469,4.3584392800852,5.645991040385335,-0.9902930311949,-0.0002840776931883015,-0.0009215516205220648,0.138992022826102,-0.17135816465242587,-0.02817786794572218,0.0611209156989273,-0.00031986230055736087,0.0001989951002201451,0.014271176678448683,15077,452000000,0.62,0,2,1,-2.9002768248206587,3.7811147172057695,5.646268529879219,-2.9002768248206587,3.7811147172057695,5.646268529879219,65.6162223815918
-7.477293342162038,4.343157572190956,5.8763066800438635,-4.998259626469833,4.362343450794687,5.657874624970422,-0.9904882309909173,-0.00024859705005895636,-0.0009502508924509654,0.13759396604223406,-0.17140124162963577,-0.028731873908044693,0.057306682447833567,-0.0004325124166371097,0.0002619616964238958,0.01407487425240106,15077,661000000,0.59,0,2,1,-2.937634831583395,3.7863943361198102,5.662364962311703,-2.937634831583395,3.7863943361198102,5.662364962311703,65.89054322242737
-7.477293342162038,4.343157572190956,5.8763066800438635,-5.03634359410165,4.366367582621485,5.670033288297627,-0.9907058349802862,-0.00019498877901601565,-0.0009802586093569457,0.13601819587264252,-0.17197684030242524,-0.029815500675221394,0.05279360662323903,-0.0004813463817754382,0.00016116452457026753,0.014738664049218642,15077,872000000,0.61,0,2,1,-2.971675209171338,3.790894590936946,5.676081761112922,-2.971675209171338,3.790894590936946,5.676081761112922,66.155446767807
-7.545207078751856,4.303710135019719,5.844327925502015,-5.071162895543694,4.369744826598672,5.680194569131113,-0.9909086743228076,-0.0001494427871657531,-0.0009928570367310585,0.13453249069861928,-0.17265580019139906,-0.030877938560458396,0.04842252194155898,-0.00043026051628203277,4.202161214550415e-05,0.015143304062803509,15078,78000000,0.67,0,2,1,-3.009267387606353,3.7955328235743235,5.6901182207230585,-3.009267387606353,3.7955328235743235,5.6901182207230585,66.42431902885437
-7.545207078751856,4.303710135019719,5.844327925502015,-5.109633880934384,4.3731703523648005,5.690380580710128,-0.991131110859812,-0.00010368488981579043,-0.0010107063821818921,0.13288374169870204,-0.17302578157236323,-0.03175064102418485,0.04373581538082424,-0.0005012753888422594,0.00015017530898830955,0.015181627895799465,15078,293000000,0.75,0,2,1,-3.04354411201962,3.7994776744347125,5.7019291869267485,-3.04354411201962,3.7994776744347125,5.7019291869267485,66.71258783340454
-7.612492823579744,4.263200821770462,5.8090169943749475,-5.148296012484541,4.37628202864597,5.69951692198593,-0.9913556863118399,-4.360873913814185e-05,-0.001032746911788769,0.1311976933839728,-0.1736866106580284,-0.03285611023265669,0.03891225245410661,-0.0006315965890735242,0.00014599002753357126,0.015613240429956932,15078,512000000,0.86,0,2,1,-3.081277661020894,3.8035246618202785,5.713922366951671,-3.081277661020894,3.8035246618202785,5.713922366951671,66.99587655067444
-7.612492823579744,4.263200821770462,5.8090169943749475,-5.187114483519453,4.379091556427596,5.707630144308505,-0.9915792570315108,2.87996666190921e-05,-0.0010627596829545932,0.12949689856236868,-0.17397387094031538,-0.03368532461929247,0.03431270991248809,-0.0007523414353727276,0.0002348847118582853,0.015664551028748974,15078,728000000,1.0,0,2,1,-3.119115472509005,3.80727773605105,5.724828533989332,-3.119115472509005,3.80727773605105,5.724828533989332,67.26135778427124
-7.6791339748949845,4.221639627510075,5.770513242775788,-5.226078327146724,4.381578970508449,5.714685826094047,-0.99180464323744,0.0001085265776633327,-0.0011049228913453894,0.12775882364846713,-0.1743549928813899,-0.034728492659893084,0.029394089098471122,-0.0006036730837877258,0.0003481491745560561,0.01603612799954135,15078,950000000,1.14,0,2,1,-3.157091884311662,3.810738269436353,5.734611797493284,-3.157091884311662,3.810738269436353,5.734611797493284,67.5320634841919
-7.6791339748949845,4.221639627510075,5.770513242775788,-5.26157181861794,4.383579117990188,5.720219002622463,-0.9920062777310765,0.00015716328979410764,-0.0011498066707524121,0.12618319296346242,-0.1743164541372417,-0.03530757007877857,0.025376128870325598,-0.0006062501313408575,0.00041580665879337175,0.01582194981892826,15079,164000000,1.3,0,2,1,-3.1952367456605595,3.8138793472026933,5.743218312758804,-3.1952367456605595,3.8138793472026933,5.743218312758804,67.80623650550842
-7.745114089990659,4.179036806841351,5.728968627421411,-5.3007003701472,4.385516370179848,5.72530955971939,-0.9922276876194958,0.00024248188771615174,-0.0011946469130276023,0.12442961842967887,-0.17464731326462668,-0.036044857214622306,0.020408691919387666,-0.0007791707105297974,0.00029359413531437895,0.01622453328309348,15079,372000000,1.45,0,2,1,-3.2300414614578474,3.816456229157772,5.750020208193999,-3.2300414614578474,3.816456229157772,5.750020208193999,68.09561085700989
-7.810416889260654,4.135402871372809,5.684547105928688,-5.336325444347131,4.38703965276602,5.729059972684872,-0.9924292110511413,0.0003134852456608366,-0.0012373241991051056,0.12281136677130544,-0.17455104215634581,-0.03657946280306249,0.016491795623952296,-0.0007233937935779977,0.0003941927872119777,0.016361956659238786,15079,592000000,1.61,0,2,1,-3.2683789392849545,3.819031010866728,5.7564607878478125,-3.2683789392849545,3.819031010866728,5.7564607878478125,68.37436604499817
-7.810416889260654,4.135402871372809,5.684547105928688,-5.375590643508043,4.388425869255099,5.73221002506648,-0.9926492892520651,0.0004195610218973429,-0.0012810365526204088,0.12101888886148998,-0.1749216618646738,-0.03756713625453005,0.011478638227586314,-0.0009557223449974117,0.0002424452389959697,0.016571195737924427,15079,794000000,1.77,0,2,1,-3.3033238888225602,3.8211188819972657,5.761327714902091,-3.3033238888225602,3.8211188819972657,5.761327714902091,68.64283394813538
-7.8750262602163925,4.090748587125117,5.63742398974869,-5.411448260320091,4.3893778962309655,5.734070670531992,-0.9928549024480691,0.0005090602112633142,-0.0013134608365684857,0.11931956404197758,-0.17556408861634926,-0.03866733209860237,0.006530087210060341,-0.0008688862465078273,0.0002551062380007352,0.01746566158544738,15080,13000000,1.94,0,2,1,-3.3419079883127094,3.823122827564972,5.765538841137042,-3.3419079883127094,3.823122827564972,5.765538841137042,68.91029763221741
-7.8750262602163925,4.090748587125117,5.63742398974869,-5.451028305722572,4.390109504972982,5.735046857114542,-0.9930812141430647,0.0006152638903146438,-0.001357231722804393,0.11742010683240062,-0.17576961446196684,-0.039432537460503445,0.001616336971467475,-0.0010316812449673307,0.0003262120316094297,0.01734076959110098,15080,216000000,2.1,0,2,1,-3.3770965761564935,3.8246775446720314,5.768315914458031,-3.3770965761564935,3.8246775446720314,5.768315914458031,69.19442439079285
-7.938926261462365,4.045084971874737,5.587785252292473,-5.490748460389442,4.39050942030872,5.734902054856783,-0.9933031691261235,0.0007307491623080461,-0.00140135627082664,0.11552625853139731,-0.1762788613860852,-0.04045525180163452,-0.003617963469033581,-0.0011275319138803752,0.00030049624797356955,0.017267424300371204,15080,429000000,2.29,0,2,1,-3.4158398991989145,3.8261142806896684,5.770313233343935,-3.4158398991989145,3.8261142806896684,5.770313233343935,69.47217965126038
-7.938926261462365,4.045084971874737,5.587785252292473,-5.530564111219563,4.3906000180935365,5.733681520412463,-0.9935177982355146,0.0008522497206357184,-0.00145044958315049,0.11366421800934368,-0.17636983854335436,-0.04112423079539289,-0.008342327161206512,-0.0011724419664460584,0.000349965168311428,0.01704285041341791,15080,649000000,2.47,0,2,1,-3.454678268256786,3.827243609281192,5.771154133971453,-3.454678268256786,3.827243609281192,5.771154133971453,69.74099540710449
-8.00210112662942,3.9984232924354535,5.535826794978997,-5.5632212427967,4.390438142633775,5.731879041380171,-0.9936950138367042,0.0009563629921075517,-0.001489078653856377,0.11210302177310805,-0.1767504199467731,-0.0419104296859439,-0.012504939793714188,-0.0011265260468462657,0.0003225623999014715,0.01772845243976917,15080,860000000,2.65,0,2,1,-3.4936451199937233,3.8280589884167733,5.770758509749772,-3.4936451199937233,3.8280589884167733,5.770758509749772,70.01527070999146
-8.00210112662942,3.9984232924354535,5.535826794978997,-5.603207459553258,4.389965067705139,5.728721754499612,-0.993910510875071,0.0010871589919063712,-0.0015491924697492265,0.11017401898847606,-0.17674838465968384,-0.04248759510025631,-0.017134898846653333,-0.00124730217976321,0.00048642035324064636,0.01762327301548794,15081,57000000,2.83,0,2,1,-3.529201173275238,3.8285105115252054,5.7692867560625,-3.529201173275238,3.8285105115252054,5.7692867560625,70.3001172542572
-8.064535268264883,3.9507750618784514,5.481753674101714,-5.64325155583811,4.389175168956613,5.724502311598393,-0.9941249666798011,0.0012234221102049878,-0.001601992649311445,0.10821962613951186,-0.17687901842561687,-0.04334398037053921,-0.02211804247419583,-0.0011933411087738932,0.00033582055039005354,0.01795493662939407,15081,267000000,2.99,0,2,1,-3.564885492578778,3.828667706271105,5.766747408419073,-3.564885492578778,3.828667706271105,5.766747408419073,70.57557821273804
-8.126213281678526,3.9021520366916485,5.425779291565072,-5.683304550233071,4.388082392373171,5.719271979572121,-0.994334637858427,0.001347357080079182,-0.001654302869699603,0.10627358969125217,-0.17665929278564,-0.04387090891197011,-0.026560488369900787,-0.0013164726738068566,0.00037418585634441115,0.017736786867317278,15081,484000000,3.18,0,2,1,-3.6041873013994232,3.8285539268176483,5.762874124849205,-3.6041873013994232,3.8285539268176483,5.762874124849205,70.84714341163635
-8.126213281678526,3.9021520366916485,5.425779291565072,-5.723382940712234,4.386684541196547,5.713003196127752,-0.9945410375473249,0.001495890195497506,-0.0016993586661683598,0.1043216139011327,-0.17682572186034015,-0.044677394482275604,-0.03156867516110119,-0.0015227002904794062,0.00023284919024035844,0.018032764455711003,15081,705000000,3.38,0,2,1,-3.6435472846880606,3.8281171355773367,5.757843068531399,-3.6435472846880606,3.8281171355773367,5.757843068531399,71.1278829574585
-8.18711994874345,3.852566213878946,5.368124552684678,-5.7599368308121655,4.3850972185111425,5.706305531459256,-0.9947314738111896,0.0016507042457736274,-0.0017277552073630248,0.10248699940409445,-0.1773623776579039,-0.04570920480498941,-0.03646014114860534,-0.0014704841191814921,0.00015299806364055257,0.018677392290555872,15081,922000000,3.57,0,2,1,-3.6830000108465155,3.8273412459002807,5.751627788489255,-3.6830000108465155,3.8273412459002807,5.751627788489255,71.42399764060974
-8.18711994874345,3.852566213878946,5.368124552684678,-5.8002429100751165,4.383021663061802,5.69789505297846,-0.9949383965004406,0.0018039486337196784,-0.0017648873948940568,0.10045505517863346,-0.17747025708568817,-0.04643120866549464,-0.041195711283460036,-0.0014900289443176007,0.00029481116712304356,0.01855613591033034,15082,135000000,3.75,0,2,1,-3.7189789090542065,3.8263444609477006,5.744946402302491,-3.7189789090542065,3.8263444609477006,5.744946402302491,71.68485498428345
-8.247240241650918,3.802029828000155,5.3090169943749475,-5.8406291003988615,4.3805910260981875,5.68841564850979,-0.9951436959865583,0.0019747135801573036,-0.0018127760390247044,0.09839633472605241,-0.17770417230052998,-0.047403654427978295,-0.04615001731742054,-0.0014804483498664922,0.0003716017545229988,0.018890023602580186,15082,346000000,3.95,0,2,1,-3.758685302471077,3.8250022008157663,5.736634112839827,-3.758685302471077,3.8250022008157663,5.736634112839827,71.95880365371704
-8.247240241650918,3.802029828000155,5.3090169943749475,-5.881039826163298,4.377826260960344,5.6779334378967885,-0.9953438924659874,0.002127164515726396,-0.0018727079446427908,0.0963457516797388,-0.17755757675602918,-0.04801130572041565,-0.0505303922279706,-0.0015228683309942426,0.0004749028676087619,0.018664666094991844,15082,571000000,4.16,0,2,1,-3.798785088260948,3.823431500428344,5.727310789329479,-3.798785088260948,3.823431500428344,5.727310789329479,72.23539447784424
-8.30655932661826,3.7505553481522984,5.248689887164855,-5.91780406748699,4.3750264212809045,5.667517594534196,-0.9955224518031813,0.002283624288666119,-0.0019228320822173197,0.0944782288819715,-0.17769381915976004,-0.04873827414876779,-0.05494695032107745,-0.0015580050785501953,0.0003833221995819258,0.01879326064226916,15082,783000000,4.36,0,2,1,-3.8394387864001205,3.821637479528666,5.716958537018922,-3.8394387864001205,3.821637479528666,5.716958537018922,72.52260732650757
-8.30655932661826,3.7505553481522984,5.248689887164855,-5.9582399029084945,4.371656058086724,5.655162830671403,-0.9957127601808518,0.002454466101883166,-0.0019853773085520636,0.09244529780430616,-0.17742696731246826,-0.04919617887852423,-0.058887670229542756,-0.001555373023620632,0.0004965050038663321,0.018465157882019412,15082,997000000,4.58,0,2,1,-3.8807008222379262,3.819598812904592,5.705510188834643,-3.8807008222379262,3.819598812904592,5.705510188834643,72.79054427146912
-8.365062567548867,3.698155474893048,5.187381314585724,-5.99866600329582,4.367963475716386,5.6418891017595,-0.9959000898643567,0.0026251666519642117,-0.0020345333909675706,0.09039900542647816,-0.17735878341643757,-0.04997380351261275,-0.06325867094753743,-0.0015780535932208295,0.00031870204679762537,0.018740378982329275,15083,208000000,4.76,0,2,1,-3.9186609017159695,3.8175088618837667,5.694070713845503,-3.9186609017159695,3.8175088618837667,5.694070713845503,73.06231784820557
-8.422735529643443,3.644843137107057,5.125333233564304,-6.0390435782858205,4.363962068898094,5.62774479082259,-0.9960821205958487,0.0027940069137341044,-0.0020862753434066554,0.08836430280285235,-0.17696781012005597,-0.0504322725791828,-0.06704371010582845,-0.0015555040363324224,0.00040477500533597777,0.0185803190106526,15083,427000000,4.97,0,2,1,-3.9605697906391937,3.814863099860588,5.680368725608756,-3.9605697906391937,3.814863099860588,5.680368725608756,73.3472101688385
-8.422735529643443,3.644843137107057,5.125333233564304,-6.079394421697315,4.359648790181794,5.612711204093388,-0.9962634007259267,0.0029627776589230786,-0.002133834150685745,0.08628965798039079,-0.17696970401027592,-0.05114344906453365,-0.07138207124422041,-0.001670402821218886,0.0003058599077121471,0.01918591806315817,15083,647000000,5.18,0,2,1,-4.002261104077471,3.8117697175184158,5.665553742444032,-4.002261104077471,3.8117697175184158,5.665553742444032,73.63734197616577
-8.479563982961572,3.5906314888159443,5.0627905195293135,-6.119800337160174,4.354985088642305,5.596665524958684,-0.9964449778348494,0.003151103205759244,-0.0021666809507320645,0.08415926680972458,-0.1771898107289386,-0.051983480735369944,-0.07611618611871981,-0.0017238411373909912,0.0002202797219297281,0.01955363422894152,15083,865000000,5.39,0,2,1,-4.043612172118454,3.8082630125985366,5.649828050482681,-4.043612172118454,3.8082630125985366,5.649828050482681,73.90725374221802
-8.479563982961572,3.5906314888159443,5.0627905195293135,-6.1565294154737495,4.350453388726326,5.581279743145361,-0.9966067330794215,0.0033193714861826486,-0.0022051211541399118,0.0822139817451702,-0.17694222229111184,-0.052509237912057874,-0.07959132617130091,-0.0016761861274972034,0.0003667740884338855,0.019494095613481477,15084,83000000,5.62,0,2,1,-4.08469471519844,3.8042907376464883,5.633157223587596,-4.08469471519844,3.8042907376464883,5.633157223587596,74.1731390953064
-8.535533905932738,3.5355339059327378,5.0,-6.196912277954218,4.345152566426135,5.563507195989991,-0.9967799979893402,0.0035197927321706634,-0.002243375939990094,0.08007630068806237,-0.17689203743699783,-0.05318566472985568,-0.08379540959444429,-0.0017919214656103577,0.00025522492137497466,0.019454539142316207,15084,298000000,5.85,0,2,1,-4.125592201038109,3.799849513292959,5.615489342032178,-4.125592201038109,3.799849513292959,5.615489342032178,74.4606306552887
-8.535533905932738,3.5355339059327378,5.0,-6.237236329333352,4.339553085756896,5.544926744805209,-0.9969460880688146,0.003714554308649736,-0.0022875597678036607,0.07797093459029619,-0.17647733770817467,-0.05357041068606281,-0.0871979703738669,-0.0017533628692945058,0.0003595922549948227,0.0191100531083066,15084,508000000,6.05,0,2,1,-4.162659894951296,3.795421545663882,5.598558714962611,-4.162659894951296,3.795421545663882,5.598558714962611,74.74072456359863
-8.590631488815944,3.4795639829615723,4.937209480470687,-6.277505525454297,4.33363181134707,5.52553835332854,-0.9971085822721125,0.0039046500941773356,-0.0023278108645169476,0.07585387375420305,-0.1762836739483059,-0.05427301843751331,-0.09102772505411183,-0.0018160265994993097,0.00030818257243936387,0.01935496457008412,15084,731000000,6.28,0,2,1,-4.203348699180418,3.79011124771795,5.578941563780025,-4.203348699180418,3.79011124771795,5.578941563780025,75.01102566719055
-8.590631488815944,3.4795639829615723,4.937209480470687,-6.317685459799757,4.32740465154983,5.505431462030507,-0.997265405174361,0.004106656527235574,-0.0023713458103684394,0.0737510931012701,-0.1757708398188628,-0.05468675728603232,-0.09403386640220131,-0.0018195950815425022,0.0003260962728290906,0.019132271336275153,15084,945000000,6.51,0,2,1,-4.243858028050136,3.7844048139319075,5.558474877731181,-4.243858028050136,3.7844048139319075,5.558474877731181,75.28330564498901
-8.644843137107056,3.422735529643444,4.874666766435697,-6.357787432262922,4.320847841940671,5.484598400923056,-0.9974190780125509,0.004303185692451197,-0.002405244216176527,0.07163016270922357,-0.1754632958527773,-0.05539794618189079,-0.09749367993290214,-0.0018755007999970985,0.000275908030289429,0.019307811817270704,15085,168000000,6.74,0,2,1,-4.284188482347053,3.7783134305876027,5.5372245090263155,-4.284188482347053,3.7783134305876027,5.5372245090263155,75.56201529502869
-8.69815547489305,3.3650625675488666,4.812618685414275,-6.397750012664046,4.313977530153511,5.463122020338055,-0.9975645883334545,0.004507724523887437,-0.0024512631904559518,0.0695597860224792,-0.17469874021786364,-0.0558037656775094,-0.10017496277109776,-0.0017173702985928685,0.00037752692776393815,0.018674720195122063,15085,384000000,6.98,0,2,1,-4.32439496953081,3.771810015931679,5.515141614835416,-4.32439496953081,3.771810015931679,5.515141614835416,75.85262989997864
-8.69815547489305,3.3650625675488666,4.812618685414275,-6.437604365866136,4.306804354797113,5.440994893139681,-0.9977055511370118,0.0046898013338893905,-0.002483349450942844,0.06749423656390585,-0.1744759646946747,-0.05642609259986703,-0.10346437594793553,-0.0017840321561379824,0.00019382307812065847,0.01900665447465144,15085,598000000,7.21,0,2,1,-4.364521614211963,3.764869231672965,5.492177430311056,-4.364521614211963,3.764869231672965,5.492177430311056,76.12469792366028
-8.750555348152298,3.306559326618259,4.751310112835145,-6.477437287198727,4.299273561342598,5.418099096015182,-0.9978455640297181,0.004887077595131716,-0.0025034811664826273,0.06537644377634666,-0.17439153256989723,-0.05727703199524707,-0.10702876350494228,-0.0017871318050310947,0.0001866803955863361,0.019327343034092337,15085,819000000,7.45,0,2,1,-4.404602948717537,3.7574428871495726,5.468315642087824,-4.404602948717537,3.7574428871495726,5.468315642087824,76.3971586227417
-8.750555348152298,3.306559326618259,4.751310112835145,-6.513577929452433,4.29212597538104,5.396693429253832,-0.9979675549106652,0.005060941846612071,-0.002530902045729558,0.06347236208058332,-0.17392379450281387,-0.05783535478904609,-0.10959852376885142,-0.0016693553789082216,0.00029850647536022734,0.018935996922664344,15086,42000000,7.69,0,2,1,-4.444538005443078,3.749634147502069,5.443731050728069,-4.444538005443078,3.749634147502069,5.443731050728069,76.66725873947144
-8.802029828000155,3.247240241650919,4.6909830056250525,-6.553240942181824,4.283922619399375,5.372508187913375,-0.9980969929153687,0.005250327122586044,-0.0025564080858325976,0.061386411982647326,-0.17354998751511116,-0.05864868305285738,-0.11278478175235071,-0.0018183439124186407,0.0002308758510594089,0.018965484741784167,15086,248000000,7.91,0,2,1,-4.480697160976596,3.742220744242525,5.420815186774927,-4.480697160976596,3.742220744242525,5.420815186774927,76.96277141571045
-8.802029828000155,3.247240241650919,4.6909830056250525,-6.592768984808898,4.27539188324762,5.347735632072903,-0.998220305930466,0.005450541253110188,-0.002593109291207012,0.05932780302976387,-0.17289602190632009,-0.05916906475332286,-0.1152127365210234,-0.0016748899042795529,0.00035680039900398697,0.018700382133829407,15086,461000000,8.15,0,2,1,-4.520345574839315,3.7336717575195513,5.394958684027892,-4.520345574839315,3.7336717575195513,5.394958684027892,77.2344024181366
-8.852566213878946,3.187119948743449,4.6318754473153225,-6.628601564211828,4.26733542441016,5.324723611727889,-0.9983295843711417,0.005611603252964695,-0.0026247653035393727,0.057442679998202184,-0.172541367964958,-0.05990849818449495,-0.1176464305605738,-0.0016506622273482208,0.0003397276969963059,0.018950401135953143,15086,678000000,8.39,0,2,1,-4.5599015475665885,3.7246560401851245,5.3684003712375405,-4.5599015475665885,3.7246560401851245,5.3684003712375405,77.50593423843384
-8.852566213878946,3.187119948743449,4.6318754473153225,-6.667879208694716,4.258165406292747,5.298951010462872,-0.9984447368932072,0.005803133365261413,-0.0026706178240181334,0.05538319974357514,-0.17185473199717452,-0.06038314262850839,-0.11961749007994008,-0.0017331349908999982,0.00042685653056651063,0.01862315311882412,15086,880000000,8.62,0,2,1,-4.595692442440865,3.71612474696069,5.343787829660701,-4.595692442440865,3.71612474696069,5.343787829660701,77.7916624546051
-8.902152036691648,3.126213281678527,4.574220708434928,-6.707024893819845,4.248685860677011,5.272719926628057,-0.9985545819286956,0.005990234382174161,-0.002705798109807079,0.05334362809036591,-0.17137719635363172,-0.060973142868996924,-0.12174451973409903,-0.001802455722099694,0.0003255799640555779,0.0184433698450448,15087,103000000,8.86,0,2,1,-4.634850934763875,3.706398953700196,5.31627347949274,-4.634850934763875,3.706398953700196,5.31627347949274,78.07313394546509
-8.950775061878453,3.0645352682648817,4.518246325898285,-6.74244917671836,4.239801441877524,5.248549916426813,-0.9986488487783491,0.006168766514366726,-0.002741923201428108,0.051525770353549494,-0.1705242012547409,-0.06142945732718539,-0.12306309486830343,-0.0016856862202985212,0.0004031459837960938,0.018054517204291187,15087,326000000,9.11,0,2,1,-4.673853920963057,3.696280632836906,5.288268508329471,-4.673853920963057,3.696280632836906,5.288268508329471,78.33845829963684
-8.950775061878453,3.0645352682648817,4.518246325898285,-6.7812572416474115,4.2297142783316914,5.22161829274893,-0.9987483148412835,0.006359962891056008,-0.0027791096749446185,0.04953413997573047,-0.17006447569988858,-0.06222779612923973,-0.12498285628140889,-0.0019174131466570543,0.0003123771335822312,0.018203025865659583,15087,531000000,9.33,0,2,1,-4.709605103801174,3.686798337319267,5.262376469471949,-4.709605103801174,3.686798337319267,5.262376469471949,78.60593056678772
-8.998423292435453,3.00210112662942,4.4641732050210035,-6.819970671562042,4.219251759949747,5.194210548735505,-0.9988448902617157,0.006581308931507235,-0.0027985865884622286,0.047515676191292544,-0.16973600107267242,-0.06313645896969357,-0.12731923513652948,-0.0018558451415628952,0.0001797473103692937,0.018391436788078863,15087,746000000,9.58,0,2,1,-4.7493866242267035,3.676067606665224,5.233413471336584,-4.7493866242267035,3.676067606665224,5.233413471336584,78.89366745948792
-8.998423292435453,3.00210112662942,4.4641732050210035,-6.858547088313342,4.208454167707692,5.166390885220988,-0.998936693720816,0.0067758086622110554,-0.0028215796809535456,0.04551493209048857,-0.16912080105143706,-0.06372901242752932,-0.12896653757391094,-0.0018276765786140459,0.0002674740528618713,0.018164379616791848,15087,968000000,9.83,0,2,1,-4.7895797212093525,3.665012724533041,5.203967907218323,-4.7895797212093525,3.665012724533041,5.203967907218323,79.1793122291565
-9.045084971874736,2.9389262614623664,4.4122147477075275,-6.897002410189537,4.197306137787408,5.138190899551698,-0.9990252184988773,0.006979562105282462,-0.0028406355426916366,0.04349516416571447,-0.16876288713629012,-0.06460522241088654,-0.13075589640242652,-0.001786277289284044,0.00022814977853613527,0.018428192561259493,15088,196000000,10.09,0,2,1,-4.829984093817892,3.653691803464961,5.17425992250966,-4.829984093817892,3.653691803464961,5.17425992250966,79.44899320602417
-9.045084971874736,2.9389262614623664,4.4122147477075275,-6.935297533315718,4.185817737368292,5.109703994461188,-0.9991083973898067,0.0071742986498452,-0.0028724580137378048,0.04150528507327872,-0.16799199222608927,-0.06526667065106717,-0.13183773247987565,-0.0017337155099994561,0.00038564418787245813,0.017947343803825788,15088,401000000,10.34,0,2,1,-4.870244993814962,3.642013758066555,5.144274767408298,-4.870244993814962,3.642013758066555,5.144274767408298,79.72388935089111
-9.090748587125116,2.8750262602163934,4.362576010251311,-6.96996436556919,4.17507027818297,5.083566483411543,-0.9991801210068755,0.0073434743427447545,-0.0029026797842294566,0.03970810520955903,-0.16746999069550242,-0.06602654933544205,-0.13311594681638012,-0.0015546280792477774,0.00036380024823756685,0.017970042244996876,15088,622000000,10.6,0,2,1,-4.910155920769526,3.6298851747559486,5.113988610508544,-4.910155920769526,3.6298851747559486,5.113988610508544,80.00874996185303
-9.090748587125116,2.8750262602163934,4.362576010251311,-7.007908646733437,4.162949634470789,5.054633568682554,-0.9992542869703989,0.0075056146448671795,-0.0029409097260551585,0.03776091590607278,-0.1665886413988892,-0.06654551586331436,-0.1337025813330558,-0.0015296722153834708,0.0004176669079924977,0.01755021912686061,15088,831000000,10.83,0,2,1,-4.946049700676628,3.618397674013034,5.08617979907475,-4.946049700676628,3.618397674013034,5.08617979907475,80.29925274848938
-9.135402871372808,2.810416889260654,4.315452894071312,-7.049065518849267,4.149351000804293,5.022884705670687,-0.9993296940221728,0.007697595605371314,-0.002970339036038302,0.035666325202600435,-0.16570758709240554,-0.06741099298529647,-0.13457734176971203,-0.001584410972554906,0.00032158995111331024,0.01728622864902718,15089,44000000,11.09,0,2,1,-4.985131340044109,3.6052411839637837,5.055277204705078,-4.985131340044109,3.6052411839637837,5.055277204705078,80.58798456192017
-9.17903680684135,2.7451140899906603,4.271031372578589,-7.086540617362258,4.136571785373334,4.993687424655067,-0.9993934395576278,0.00786426823532215,-0.0030021859815003234,0.033791909292449185,-0.16474290464488453,-0.0679101613291799,-0.1348452689089181,-0.0014809894878453633,0.0003639423709955736,0.016896972738322802,15089,280000000,11.37,0,2,1,-5.027233047123537,3.5903753277204418,5.021382570970684,-5.027233047123537,3.5903753277204418,5.021382570970684,80.86198878288269
-9.17903680684135,2.7451140899906603,4.271031372578589,-7.123813042478448,4.123503178285414,4.964402747317423,-0.9994529826288253,0.00802639234788444,-0.00302587075896241,0.03193989114528917,-0.1641560181290217,-0.06858511734053117,-0.13542200382646014,-0.0016717372318453272,0.0002449564760809153,0.016885616423678584,15089,506000000,11.62,0,2,1,-5.0653939967092425,3.576296502340984,4.990182350503087,-5.0653939967092425,3.576296502340984,4.990182350503087,81.15064668655396
-9.221639627510074,2.679133974894985,4.229486757224212,-7.160958525231701,4.110091690437838,4.934971527996943,-0.999509797636882,0.00821856778029149,-0.0030369216779670928,0.03005655799058926,-0.16378593046374187,-0.06950484832198912,-0.13612216963805074,-0.0015888706343503145,0.00018358832818421433,0.01713816436677007,15089,721000000,11.87,0,2,1,-5.103215478609973,3.561769711869337,4.958836770805344,-5.103215478609973,3.561769711869337,4.958836770805344,81.4508445262909
-9.221639627510074,2.679133974894985,4.229486757224212,-7.194578154078878,4.097614736774978,4.908169017118094,-0.9995577950764206,0.00837001806464504,-0.0030496802573458616,0.028369993829565288,-0.16309911863361326,-0.07012640266835604,-0.13612854634647714,-0.0014992819274084468,0.00023690513870633367,0.01671892259764718,15089,941000000,12.13,0,2,1,-5.140746084302644,3.546783014075603,4.927333787436908,-5.140746084302644,3.546783014075603,4.927333787436908,81.72660207748413
-9.263200821770461,2.6124928235797467,4.190983005625053,-7.231390718234204,4.083571666785526,4.878666546059095,-0.999606895710413,0.008547843002741157,-0.0030637897937695695,0.02652549001039456,-0.16253346704887095,-0.07100946104104151,-0.1363096752746419,-0.00146686262496587,0.00022766902816329093,0.01673369770287536,15090,157000000,12.43,0,2,1,-5.178014241599159,3.531336857170376,4.89567920871003,-5.178014241599159,3.531336857170376,4.89567920871003,82.00099468231201
-9.263200821770461,2.6124928235797467,4.190983005625053,-7.267986796069323,4.069214482494479,4.8492197060397,-0.9996516215465783,0.008701235098522322,-0.003082040694388213,0.02472701098424618,-0.16158170285416712,-0.07167159344248634,-0.1358234874874063,-0.0014500690895147272,0.00027555174710869323,0.016151989802892786,15090,369000000,12.63,0,2,1,-5.2119617805871945,3.5170285107628403,4.866924946083411,-5.2119617805871945,3.5170285107628403,4.866924946083411,82.2753472328186
-9.303710135019719,2.5452070787518553,4.155672074497985,-7.304362599981498,4.054538438709058,4.819855324245206,-0.999692554918155,0.008863109485672266,-0.0030979408809506032,0.022948718782417055,-0.1608204704390343,-0.07248600210567394,-0.1355192235157346,-0.0011907788461940072,0.0002729978945126277,0.016078963926702272,15090,577000000,12.88,0,2,1,-5.249551932653129,3.501070949663572,4.835404363084213,-5.249551932653129,3.501070949663572,4.835404363084213,82.57259750366211
-9.303710135019719,2.5452070787518553,4.155672074497985,-7.337219189379391,4.040953448050985,4.7932789690404505,-0.9997266486141968,0.008973937175550629,-0.0031191212689835306,0.021362761635725813,-0.15991754108535955,-0.07296470922807081,-0.1348313342866976,-0.001230922009654023,0.0003311985096843273,0.01572025012137601,15090,796000000,13.14,0,2,1,-5.287378568614694,3.4848542200461243,4.803967903805736,-5.287378568614694,3.4848542200461243,4.803967903805736,82.8577184677124
-9.343157572190957,2.477293342162037,4.123693319956136,-7.376381843626593,4.024323504262242,4.761550912418431,-0.9997634233603802,0.009139695333713544,-0.003135673398031807,0.019486683460273713,-0.1589397526683809,-0.07385104675133343,-0.13412165231459458,-0.001094611707230797,0.00024269497203022183,0.01546874063933501,15091,11000000,13.37,0,2,1,-5.321931043734139,3.469835738951742,4.775452947304053,-5.321931043734139,3.469835738951742,4.775452947304053,83.13161993026733
-9.381533400219318,2.408768370508576,4.09517294753398,-7.4119972352723416,4.008796029406779,4.732681369174164,-0.9997935471490367,0.009253900461677024,-0.003152631485064155,0.0178126168799404,-0.1578586565335502,-0.07439993940173631,-0.13309255435489856,-0.0012593960491358303,0.00025098632079334493,0.015063567661854904,15091,244000000,13.65,0,2,1,-5.363555344408694,3.451414136630264,4.74130562308893,-5.363555344408694,3.451414136630264,4.74130562308893,83.43463850021362
-9.381533400219318,2.408768370508576,4.09517294753398,-7.447352031046415,3.9929752401076777,4.70401512192796,-0.9998201980939947,0.009401842757162512,-0.0031578996354622323,0.016161822482226695,-0.15698170711841986,-0.07528776138693802,-0.1323116548063044,-0.0014056291433917067,0.00012273843310595112,0.015068683933350258,15091,472000000,13.91,0,2,1,-5.4017587311907755,3.434178858957193,4.710182125177635,-5.4017587311907755,3.434178858957193,4.710182125177635,83.71529126167297
-9.418828150443467,2.339649071302867,4.070223514111749,-7.485684071973288,3.975325450379831,4.672937455909902,-0.999846803055678,0.009575473309315036,-0.0031627931225350027,0.014306553390209642,-0.15625004727599043,-0.07636103128706749,-0.1314449083456894,-0.001279001844523009,0.0002077115254905948,0.015525065100518987,15091,691000000,14.17,0,2,1,-5.439928902899886,3.4166422581676845,4.679311907757839,-5.439928902899886,3.4166422581676845,4.679311907757839,84.02244067192078
-9.418828150443467,2.339649071302867,4.070223514111749,-7.520592600299132,3.9588243874285194,4.64471026701322,-0.9998681326373622,0.009708018724796185,-0.003174206746521399,0.012625217631522023,-0.15541433407619487,-0.07708945621716985,-0.13016354513696107,-0.0011603608527366305,0.0002379350419801085,0.015135247303987853,15091,927000000,14.45,0,2,1,-5.48139698714496,3.3970961724649924,4.645925058705266,-5.48139698714496,3.3970961724649924,4.645925058705266,84.32742381095886
-9.45503262094184,2.269952498697734,4.048943483704846,-7.558396239597068,3.9404868984013355,4.614241437185754,-0.9998879514873504,0.009842023634900096,-0.0031853242453726664,0.010820016203850535,-0.15438635300265768,-0.07796291482408439,-0.12874343819431522,-0.000829821004799669,0.00020538816727366793,0.014770213783776853,15092,153000000,14.72,0,2,1,-5.518759448960763,3.3786348128850214,4.61555489878469,-5.518759448960763,3.3786348128850214,4.61555489878469,84.62596559524536
-9.490137878803077,2.1996958492795766,4.031416838871369,-7.5896385946002685,3.924952876069824,4.589156929617029,-0.9999016454235052,0.009918533669749673,-0.0031889145997707384,0.009388982526542966,-0.15335359185501213,-0.07858812095864438,-0.12726441411605896,-0.0007496046862343064,0.00012827115511981901,0.0140319933052524,15092,388000000,15.01,0,2,1,-5.5587061199927605,3.3579796713759125,4.582826785131916,-5.5587061199927605,3.3579796713759125,4.582826785131916,84.92255091667175
-9.490137878803077,2.1996958492795766,4.031416838871369,-7.623738954872715,3.907602233933099,4.561915316475504,-0.9999136427987341,0.010059731567750483,-0.003192242947169558,0.007830602193736602,-0.1524092397196925,-0.0794355983668042,-0.12559504088470044,-0.0014028301279722655,0.00015347239354923659,0.014245949932956137,15092,585000000,15.24,0,2,1,-5.5913950081874555,3.340382896021997,4.55591180501887,-5.5913950081874555,3.340382896021997,4.55591180501887,85.20119166374207
-9.524135262330097,2.1288964578253644,4.017712749271311,-7.660664665063215,3.888297112933015,4.532629259853411,-0.9999239506408311,0.01022391817358751,-0.0031890655684777684,0.006115087310293754,-0.15150654627560553,-0.08058496903488219,-0.1236895543819884,-0.0010509221738175256,0.00011837404656489525,0.014265591744333506,15092,809000000,15.49,0,2,1,-5.626795957263544,3.3206153430428476,4.526671671681858,-5.626795957263544,3.3206153430428476,4.526671671681858,85.52977895736694
-9.524135262330097,2.1288964578253644,4.017712749271311,-7.6972872449194005,3.868633008632235,4.503854891811115,-0.9999317137754873,0.010338927950704409,-0.0031910477153886357,0.004414925743990883,-0.1504982250038031,-0.08150077268013615,-0.12147929487143586,-0.0009365455014176405,0.00016349883225075246,0.014107790866546566,15093,52000000,15.77,0,2,1,-5.664815741622799,3.2985206091576025,4.4952595145182315,-5.664815741622799,3.2985206091576025,4.4952595145182315,85.82141971588135
-9.557016383177224,2.0575717930255455,4.0078852986855225,-7.730605831795388,3.850273856493126,4.477960173615287,-0.9999363164342621,0.010438503811653722,-0.0031913276676775624,0.0028663813023919738,-0.1496834735631235,-0.08253137273606531,-0.11935090572417681,-0.0007703308597228897,0.00013408105843382145,0.01388584269079729,15093,283000000,16.05,0,2,1,-5.702380941197938,3.275910545221744,4.46443680238301,-5.702380941197938,3.275910545221744,4.46443680238301,86.13132095336914
-9.588773128419906,1.9857394531739052,4.001973271571728,-7.766644995930594,3.8299346736229274,4.450309426146447,-0.9999387022286927,0.010527098045512249,-0.003190290359980183,0.0012625527144971005,-0.14853529914603308,-0.08330777158691013,-0.11660834573036079,-0.0008656202737711283,0.00012753052232028494,0.01310870929955854,15093,512000000,16.31,0,2,1,-5.736735516329851,3.25488727212891,4.436729903491056,-5.736735516329851,3.25488727212891,4.436729903491056,86.43581414222717
-9.588773128419906,1.9857394531739052,4.001973271571728,-7.8082764331680155,3.8057927699116503,4.418910403118794,-0.9999379934251904,0.010654114361347049,-0.0031893959275696064,-0.0005717565881617759,-0.1473590480607378,-0.08456867377124341,-0.11325676614379576,-0.0010099960150000697,0.0001462552489783775,0.013098617910145549,15093,750000000,16.59,0,2,1,-5.774359007044136,3.231633185380898,4.407164091241155,-5.774359007044136,3.231633185380898,4.407164091241155,86.78930115699768
-9.619397662556432,1.9134171618254514,4.0,-7.84071234886063,3.7864534563848995,4.394909179908157,-0.9999350647378686,0.010754056939660287,-0.0031880277534454293,-0.0020132178362902153,-0.1465614447470697,-0.08563185787369007,-0.1106451010612296,-0.0005194917548578815,0.00011602948646327604,0.013023256451560883,15094,23000000,16.91,0,2,1,-5.81843047268843,3.204079480510629,4.373547397472659,-5.81843047268843,3.204079480510629,4.373547397472659,87.07905292510986
-9.648882429441256,1.8406227634233907,4.001973271571728,-7.875790942092588,3.7650523773331783,4.36940343120153,-0.999930283645909,0.010803117420331302,-0.0031852955380582515,-0.003546039219999797,-0.14543319639491833,-0.08647317670041559,-0.10767220883144073,-0.000553856239093875,0.0001147258558376052,0.012677385075221537,15094,254000000,17.16,0,2,1,-5.853075350863237,3.182157784360544,4.347846889489832,-5.853075350863237,3.182157784360544,4.347846889489832,87.37109017372131
-9.648882429441256,1.8406227634233907,4.001973271571728,-7.9076557437912225,3.7451243856190857,4.34666554664772,-0.9999235952756278,0.010871491145131008,-0.0031834554996323632,-0.004947716890189413,-0.14446839119852423,-0.08765706901606712,-0.10481872123300459,-0.0008838382825615554,0.00014528852858575192,0.012782796602550661,15094,479000000,17.43,0,2,1,-5.89078627545467,3.157964996652918,4.3205972374706105,-5.89078627545467,3.157964996652918,4.3205972374706105,87.66405653953552
-9.677220154149337,1.7673742188962849,4.0078852986855225,-7.9420979745665905,3.7229720061091323,4.322644000101079,-0.9999136819399821,0.010973889974288024,-0.0031884911131592358,-0.006483512356867338,-0.14335783752019776,-0.0890865781994573,-0.1012896619262809,-0.00029557684229075676,0.00017891095751565445,0.012646567847696133,15094,714000000,17.68,0,2,1,-5.92524316781751,3.1354845013935955,4.296385264879681,-5.92524316781751,3.1354845013935955,4.296385264879681,87.97968912124634
-9.677220154149337,1.7673742188962849,4.0078852986855225,-7.976180672363935,3.7004427760618053,4.299492936739892,-0.9999027641935561,0.01099885892790673,-0.0031870555008153083,-0.007958010907524793,-0.142125957003474,-0.09019403207728774,-0.09765272574861386,-0.00037209608763077995,8.954881138834025e-05,0.0120767056614568,15094,949000000,17.96,0,2,1,-5.962697051734555,3.1106015105836957,4.27083964248645,-5.962697051734555,3.1106015105836957,4.27083964248645,88.27067160606384
-9.704403844771127,1.6936896012264566,4.017712749271311,-8.009891669178499,3.677569970994064,4.277217973225115,-0.9998898907321416,0.011039975734620807,-0.0031787974374277474,-0.0093925818759506,-0.1408614209237683,-0.09125227309501441,-0.09400129784423919,-8.653318559481704e-05,2.9139412127676678e-05,0.011686560173984617,15095,180000000,18.23,0,2,1,-6.000011346451502,3.0853075629194,4.246236136664918,-6.000011346451502,3.0853075629194,4.246236136664918,88.56355929374695
-9.704403844771127,1.6936896012264566,4.017712749271311,-8.040450365566087,3.656352475030351,4.257583832043284,-0.9998773875585907,0.011046404077345407,-0.0031623213727003533,-0.010638915804881133,-0.1396292218338212,-0.09204011590346953,-0.09054196652022184,-9.552539239621183e-05,-3.8334814433937936e-05,0.011115201414213516,15095,418000000,18.5,0,2,1,-6.0370684573326825,3.059677182856216,4.22255601826393,-6.0370684573326825,3.059677182856216,4.22255601826393,88.8571605682373
-9.730426794137728,1.6195870909907473,4.031416838871369,-8.073407959988357,3.6329065275245975,4.237080676538542,-0.9998624624687085,0.01105354845401691,-0.0031466075819797327,-0.01195717664458984,-0.13827768126017545,-0.09314765922590587,-0.08647563111139236,0.00029973658968174277,-2.0946693601864297e-06,0.010757041582110105,15095,655000000,18.73,0,2,1,-6.070768626138569,3.0359015749820335,4.2016967483272385,-6.070768626138569,3.0359015749820335,4.2016967483272385,89.14921236038208
-9.755282581475768,1.5450849718747375,4.048943483704846,-8.105957817058647,3.609181550408765,4.217546811774232,-0.9998473348122587,0.01101525552717269,-0.0031324365552953676,-0.013196933572657665,-0.13686204726174586,-0.09402874560226915,-0.08237456425309903,0.00010641812124845274,-1.2834227280933419e-05,0.010019060846389038,15095,885000000,18.99,0,2,1,-6.107102545384175,3.0095981324717953,4.17991639266725,-6.107102545384175,3.0095981324717953,4.17991639266725,89.46757221221924
-9.755282581475768,1.5450849718747375,4.048943483704846,-8.138116818952698,3.585171462786556,4.199050120646525,-0.9998312313155201,0.011009737966292168,-0.003117165086318154,-0.014372815932481964,-0.1355926729710199,-0.0951261205392884,-0.07791112490956058,-0.00014286618466030632,2.2983545200361277e-05,0.009736007086758036,15096,123000000,19.24,0,2,1,-6.142471428843458,2.9827646965719756,4.1591861421150575,-6.142471428843458,2.9827646965719756,4.1591861421150575,89.77205753326416
-9.77896507399165,1.4702016261615207,4.070223514111748,-8.169914150603006,3.5608380100996584,4.181639424227771,-0.9998137098089726,0.011011386079329482,-0.003113558108643548,-0.01554351345531324,-0.13437190960245035,-0.09629254578953204,-0.07340602785782954,0.0006473279370311502,5.475696589485324e-05,0.009514978955849074,15096,363000000,19.48,0,2,1,-6.176891389420441,2.9553890206053586,4.139552305425883,-6.176891389420441,2.9553890206053586,4.139552305425883,90.07322072982788
-9.77896507399165,1.4702016261615207,4.070223514111748,-8.201321289108561,3.536213248963505,4.165293761895883,-0.9997971148643467,0.010932870848536681,-0.003098584948835489,-0.01663130227168025,-0.13299465012746145,-0.09733010370707168,-0.06896007173657456,0.0004144977623354862,-8.408611762433793e-05,0.008866558437148342,15096,606000000,19.73,0,2,1,-6.210410163023184,2.927574307587053,4.120988412834484,-6.210410163023184,2.927574307587053,4.120988412834484,90.37765288352966
-9.801468428384716,1.3949555301961478,4.09517294753398,-8.234915880473434,3.509200858202697,4.148836531315697,-0.9997781222382311,0.010870649629479586,-0.003072479727512569,-0.017779064619754814,-0.13160872739931545,-0.09850688940774976,-0.06391560628751178,0.0009611764141936874,-0.0001522620166838351,0.008599347074778052,15096,854000000,19.96,0,2,1,-6.24309368380351,2.899357190675974,4.103521090907265,-6.24309368380351,2.899357190675974,4.103521090907265,90.6791090965271
-9.82278709228899,1.3193652498268662,4.123693319956136,-8.265526416236895,3.4840087752274846,4.134765184235727,-0.9997613468116009,0.010762235629212523,-0.003039573797901162,-0.018766584581167534,-0.1302592814102731,-0.09940463104426242,-0.05945364807597853,0.0006315398593415011,-0.0002193288764829049,0.007887791070970707,15097,100000000,20.21,0,2,1,-6.2776568080585475,2.8683239446893505,4.085924103249565,-6.2776568080585475,2.8683239446893505,4.085924103249565,90.98189640045166
-9.82278709228899,1.3193652498268662,4.123693319956136,-8.290739762600014,3.462804942027255,4.123887114024352,-0.9997475194980858,0.01070375737158349,-0.003009981877801188,-0.01952605553229142,-0.12915984525820928,-0.10038959487430547,-0.055519177846142874,0.0004538194787073735,-0.0002199826695914453,0.007468383137165802,15097,337000000,20.43,0,2,1,-6.3091082213913445,2.8392957431984422,4.070980668687867,-6.3091082213913445,2.8392957431984422,4.070980668687867,91.27570271492004
-9.842915805643155,1.2434494358242763,4.155672074497984,-8.32064260549186,3.4370499943389468,4.111924143331157,-0.9997297749848699,0.010657938019364445,-0.0029891420876184765,-0.020441389274129473,-0.12780381631069848,-0.10179013106957795,-0.050424954929763996,0.0009712931671401748,-7.85843262463004e-05,0.0075762854066852015,15097,556000000,20.61,0,2,1,-6.3354802521515445,2.8149381123692243,4.059538884764531,-6.3354802521515445,2.8149381123692243,4.059538884764531,91.57246017456055
-9.842915805643155,1.2434494358242763,4.155672074497984,-8.34525468095127,3.4153583673107075,4.102867614882789,-0.9997158345815471,0.010550411012912136,-0.0029703277333484055,-0.021168752148759795,-0.1266155054315706,-0.10267511560343681,-0.04635580643058018,0.0009712560085972655,-0.0001822883064050984,0.007095112596289255,15097,783000000,20.83,0,2,1,-6.367806866130455,2.785745239780188,4.0470020446234996,-6.367806866130455,2.785745239780188,4.0470020446234996,91.84572315216064
-9.861849601988382,1.1672268192795276,4.1909830056250525,-8.374416202495121,3.389047201542917,4.093120798717564,-0.9996988713560029,0.01045547446148371,-0.002942526255604766,-0.022004345083505406,-0.12516493261702233,-0.10400604612438229,-0.041117883157573004,0.0011971929893661581,-0.00019585424269052965,0.006749708654751885,15097,997000000,21.1,0,2,1,-6.398058484414882,2.7590139437073633,4.03670243683027,-6.398058484414882,2.7590139437073633,4.03670243683027,92.12686657905579
-9.879583809693736,1.0907162069827139,4.22948675722421,-8.400779428090939,3.364687060053135,4.0852456162869055,-0.999684799237053,0.01031790948537442,-0.0029130537999421274,-0.022701476511074625,-0.123774450366819,-0.10495384379840003,-0.03659323812786178,0.0010181683251175855,-0.0002532485780193383,0.006023364994689473,15098,228000000,21.22,0,2,1,-6.428767172012667,2.7322401708238644,4.027584254963722,-6.428767172012667,2.7322401708238644,4.027584254963722,92.41207337379456
-9.879583809693736,1.0907162069827139,4.22948675722421,-8.426790273194513,3.340084332036438,4.078399746980855,-0.9996716091248659,0.010219100056584501,-0.002882143247545725,-0.02332246029122126,-0.12240382256310198,-0.1062129134274891,-0.03171774789423827,0.0009119479670971486,-0.00023884598476797692,0.005503567717823898,15098,446000000,21.41,0,2,1,-6.459601604964312,2.705330253383679,4.0196215287958275,-6.459601604964312,2.705330253383679,4.0196215287958275,92.71199703216553
-9.896114053108828,1.0139364767825616,4.271031372578589,-8.452452069207814,3.315185176647213,4.0726825068762675,-0.9996581093629128,0.01011405534942627,-0.002854641477977904,-0.02394204025114488,-0.12104810210073594,-0.10762618313950925,-0.026447616477829495,0.0012206891938149056,-0.00023572506222535594,0.005605182423096267,15098,666000000,21.58,0,2,1,-6.489905802213112,2.6781539528384966,4.012706986623596,-6.489905802213112,2.6781539528384966,4.012706986623596,93.00232553482056
-9.896114053108828,1.0139364767825616,4.271031372578589,-8.480040951880653,3.287729022849195,4.067696705332643,-0.9996445802471166,0.009955279478017965,-0.0028161588451122606,-0.024569795327585797,-0.11951294375122831,-0.10887240499124118,-0.021094650098716985,0.0014532089608110255,-0.0003075772326610604,0.004965707648807438,15098,891000000,21.76,0,2,1,-6.519147279694593,2.6505548114891857,4.006853658464493,-6.519147279694593,2.6505548114891857,4.006853658464493,93.29446053504944
-9.911436253643444,0.9369065729286229,4.315452894071312,-8.504974511668806,3.262267539326401,4.0642863437322525,-0.9996333295283205,0.00979173113961543,-0.002785154319345446,-0.025091261682721355,-0.11821346713783756,-0.11024936156821101,-0.016006933810487914,0.0018181307041231776,-0.00029473586664607865,0.004539912515610922,15099,126000000,21.94,0,2,1,-6.549382770202205,2.6197967424366513,4.001733848120635,-6.549382770202205,2.6197967424366513,4.001733848120635,93.58975195884705
-9.92554663077387,0.8596455013970479,4.36257601025131,-8.531773434834921,3.2342278534990747,4.061754804322999,-0.9996229157622617,0.009564897860218934,-0.002739549422720956,-0.025593629692527986,-0.11662526900746487,-0.11135108213970554,-0.010917813687172755,0.0018231391322842683,-0.00042265533011232037,0.003935550557798706,15099,353000000,22.1,0,2,1,-6.575536751028015,2.5909661703265523,3.998248751986763,-6.575536751028015,2.5909661703265523,3.998248751986763,93.88300633430481
-9.92554663077387,0.8596455013970479,4.36257601025131,-8.555979841317685,3.208262281787096,4.0605559038911725,-0.9996142854310512,0.009374037122139805,-0.0026959826445391894,-0.026002681934404803,-0.11530938803605692,-0.1127293768713935,-0.0057755356247444645,0.0014403013210539939,-0.00035353046428099333,0.00359981456767855,15099,581000000,22.27,0,2,1,-6.602561579080955,2.558899081253819,3.995751906854847,-6.602561579080955,2.558899081253819,3.995751906854847,94.17701053619385
-9.938441702975688,0.7821723252011549,4.412214747707527,-8.579855217193307,3.18198921955728,4.060534052419754,-0.9996056222289215,0.00921971313119416,-0.0026695163726021113,-0.02639072906240758,-0.11399687744591336,-0.11422614762902779,-0.0003109203449447488,0.0018797355778588098,-0.0002411542979530168,0.003455679348007834,15099,804000000,22.41,0,2,1,-6.62622702001215,2.5291149153903922,3.994588957480326,-6.62622702001215,2.5291149153903922,3.994588957480326,94.47534036636353
-9.938441702975688,0.7821723252011549,4.412214747707527,-8.603391464008745,3.1554536836824987,4.061648441554439,-0.9995981016517361,0.008998752353775195,-0.002633389870909518,-0.02675299774059553,-0.1126063600403896,-0.11539941409754209,0.00477513293394856,0.0019574895759433275,-0.00040567760208887194,0.003118745803476486,15100,22000000,22.55,0,2,1,-6.649888818112497,2.4992346624037953,3.9945791749758053,-6.649888818112497,2.4992346624037953,3.9945791749758053,94.75992107391357
-9.950118288582788,0.7045061596879143,4.464173205021003,-8.62449147812303,3.1310997449224067,4.063670748356791,-0.9995922858680126,0.008807237696768631,-0.0025960363008938414,-0.027036183030127614,-0.11138046886525921,-0.1166461670225315,0.009714110492855572,0.0018996802850779204,-0.00041404149726531614,0.0026630124239090947,15100,252000000,22.68,0,2,1,-6.674251600525747,2.4694444975967524,3.9958228915359895,-6.674251600525747,2.4694444975967524,3.9958228915359895,95.03138566017151
-9.950118288582788,0.7045061596879143,4.464173205021003,-8.64737360564511,3.1040862325034304,4.066944128177378,-0.9995884252519258,0.008537489224573855,-0.002551126658597351,-0.027268720778341304,-0.10990962245636329,-0.11769931849157622,0.014539959895104565,0.0023929901772135054,-0.0004729755403332092,0.0017888797856357996,15100,453000000,22.8,0,2,1,-6.697677306295288,2.442596785915863,3.998177956753787,-6.697677306295288,2.442596785915863,3.998177956753787,95.30719137191772
-9.960573506572388,0.6266661678215226,4.518246325898284,-8.669905732105573,3.0768343116315022,4.071325113462656,-0.9995858793544227,0.008280275682160734,-0.002509220924383495,-0.02744468327792371,-0.10845530020122526,-0.11897287070264961,0.019783111991495662,0.0025834081952780252,-0.0004391347260934708,0.0013876159073333838,15100,667000000,22.93,0,2,1,-6.72520837901817,2.413439094606255,4.002090995813679,-6.72520837901817,2.413439094606255,4.002090995813679,95.60887503623962
-9.969804777275897,0.5486715554552282,4.574220708434926,-8.692084777845594,3.049371606067472,4.076774653499815,-0.9995855267353595,0.007991913411014438,-0.002460505207209393,-0.027547231718447973,-0.10696312939658385,-0.11995434798267945,0.024519041511328606,0.0023903063947727787,-0.0005430913063264597,0.0006684225922981568,15100,890000000,23.05,0,2,1,-6.754345563441018,2.384663353323346,4.00723902297752,-6.754345563441018,2.384663353323346,4.00723902297752,95.8865315914154
-9.969804777275897,0.5486715554552282,4.574220708434926,-8.715914680268162,3.0191558420049605,4.083948285961541,-0.999586080985609,0.00772299542801562,-0.0024032675072419235,-0.027608809223487407,-0.10554340494219656,-0.121368565500978,0.030185991188130933,0.002144019708794076,-0.0005032490946632606,0.0004349602335196323,15101,113000000,23.17,0,2,1,-6.783963928204285,2.3559159686046316,4.013623488328815,-6.783963928204285,2.3559159686046316,4.013623488328815,96.17897915840149
-9.9778098230154,0.47054156659257174,4.631875447315322,-8.737413668141492,2.9911683534783693,4.091751215701501,-0.9995868603435349,0.007483396930527658,-0.0023594197066777217,-0.027650326174966045,-0.10410039457789488,-0.12279307545170126,0.035608416356095726,0.002815125208144309,-0.00047147226496235817,0.0002760074920615807,15101,345000000,23.29,0,2,1,-6.815115470503971,2.324000711716863,4.021988124391151,-6.815115470503971,2.324000711716863,4.021988124391151,96.48446273803711
-9.9778098230154,0.47054156659257174,4.631875447315322,-8.758578925471523,2.962929470390525,4.100645372128653,-0.9995894229818685,0.007153977524323707,-0.002306083039335778,-0.027649377015984966,-0.10268848144382561,-0.1239878475626371,0.040392972780420554,0.002855856155292713,-0.0006062440718324069,-0.00019636449621884822,15101,574000000,23.4,0,2,1,-6.841433366070247,2.2939172847941505,4.030806007467926,-6.841433366070247,2.2939172847941505,4.030806007467926,96.77500033378601
-9.984586668665639,0.3922954786392253,4.690983005625052,-8.78128189904787,2.9318080105689996,4.111595452393434,-0.9995934215180902,0.0068160799295191934,-0.00224863591693113,-0.027594860910410857,-0.10106453822340092,-0.1255727956488678,0.04597931450585886,0.0032146055445991806,-0.0005822932166665851,-0.0007050742681258271,15101,792000000,23.49,0,2,1,-6.864546878565933,2.262800262845398,4.040560929398814,-6.864546878565933,2.262800262845398,4.040560929398814,97.07129549980164
-9.984586668665639,0.3922954786392253,4.690983005625052,-8.803587467449402,2.900411355135469,4.1237326190709505,-0.9995995263867947,0.006439542062044557,-0.0021814861161651407,-0.02746926034045255,-0.09946690167415678,-0.1267650181338789,0.05080739232494429,0.0029434411317197373,-0.000642684091189949,-0.0013034207199780212,15102,21000000,23.58,0,2,1,-6.885797335836406,2.2275660344590373,4.05232745741868,-6.885797335836406,2.2275660344590373,4.05232745741868,97.37991046905518
-9.990133642141359,0.3139525976465679,4.751310112835144,-8.823682041291166,2.8713695096965903,4.135911099431683,-0.999606271075098,0.006122175347980402,-0.002126098680088808,-0.027300210635609168,-0.09798256609183495,-0.12806356902625832,0.05546478620435034,0.003239765806029027,-0.0005990438410208299,-0.0018540340875006223,15102,260000000,23.65,0,2,1,-6.903621892914165,2.191121471265348,4.065409963932042,-6.903621892914165,2.191121471265348,4.065409963932042,97.6727123260498
-9.99444937480985,0.23553225354821478,4.812618685414274,-8.843450972071832,2.842127207648701,4.1489938212370605,-0.9996157759030369,0.005766681938462882,-0.0020640820196138653,-0.02703304478977725,-0.09649205776716295,-0.1289913085967937,0.05944335189251122,0.003161342237945064,-0.0006803660767218389,-0.0027690341994457413,15102,480000000,23.71,0,2,1,-6.918375501692967,2.1570625864274153,4.078667093349976,-6.918375501692967,2.1570625864274153,4.078667093349976,97.96618366241455
-9.99444937480985,0.23553225354821478,4.812618685414274,-8.862874939256958,2.812675793887262,4.162991498122804,-0.9996265339907549,0.005429592995374394,-0.002004329099824685,-0.02670757807055102,-0.0948632991692657,-0.13025876134797282,0.06396196409479762,0.0030184407250999357,-0.0005991117404846591,-0.003066166118514957,15102,701000000,23.76,0,2,1,-6.934282306034632,2.12333771237817,4.093024243349287,-6.934282306034632,2.12333771237817,4.093024243349287,98.26742577552795
-9.997532801828658,0.15705379539064118,4.874666766435696,-8.883666749668029,2.7802089503910157,4.179457358493905,-0.9996385923650135,0.005068359154127991,-0.001950234049231381,-0.026328558204581076,-0.09316620301042693,-0.131911499676871,0.06930697107407909,0.003268927753197204,-0.000541024769518117,-0.0033246997872993234,15102,928000000,23.81,0,2,1,-6.955107618369764,2.0911700587190203,4.108542514114692,-6.955107618369764,2.0911700587190203,4.108542514114692,98.54791951179504
-9.997532801828658,0.15705379539064118,4.874666766435696,-8.90238444054064,2.7502232613896744,4.195532396353416,-0.9996507263975851,0.004720349615630943,-0.0018991766000745678,-0.025933311406917403,-0.09168169913758781,-0.13284853812180691,0.07339265254698032,0.002976195150949934,-0.0005716629743801604,-0.003750885048248165,15103,160000000,23.86,0,2,1,-6.984016891356563,2.0579817427624123,4.1269044328352456,-6.984016891356563,2.0579817427624123,4.1269044328352456,98.82564496994019
-9.999383162408304,0.07853658655910355,4.9372094804706865,-8.920790094631048,2.7200003098599965,4.212553272045972,-0.9996632271068757,0.004397588913356103,-0.001846515078877504,-0.02550850768036761,-0.09024539880171642,-0.13417901175026142,0.07784715424064007,0.0034859364404837834,-0.0005968301536540821,-0.004081202496308833,15103,385000000,23.91,0,2,1,-7.01523512621263,2.0290539893381685,4.144895313920143,-7.01523512621263,2.0290539893381685,4.144895313920143,99.123850107193
-10.0,6.123233995736766e-16,4.999999999999999,-8.940529014539845,2.686797108020357,4.232067063451378,-0.9996792797480363,0.003969562242411297,-0.001779882320144267,-0.024948191056212543,-0.08866216004470369,-0.1351953905551268,0.08178151509562959,0.003325590591884975,-0.0006487029338586581,-0.0050129393912357045,15103,614000000,23.96,0,2,1,-7.048878607884317,2.0008712684767613,4.163849601003613,-7.048878607884317,2.0008712684767613,4.163849601003613,99.43406820297241
-10.0,6.123233995736766e-16,4.999999999999999,-8.963078419739507,2.6477356737982274,4.256115668318449,-0.9996988610588595,0.003539173691924238,-0.0017154432576628048,-0.02422227697032686,-0.08661243506622092,-0.1368694173585145,0.08728278864092871,0.002738276566560671,-0.0005274990030557092,-0.005190011825106922,15103,846000000,24.01,0,2,1,-7.084744613321035,1.9697069307671728,4.185563755793333,-7.084744613321035,1.9697069307671728,4.185563755793333,99.77319526672363
-9.999383162408304,-0.07853658655910231,5.062790519529313,-8.98516693482281,2.6082415458674566,4.2817023496295805,-0.9997179440838535,0.0031386925070758078,-0.0016614209237092682,-0.023482345849877684,-0.08623459821791205,-0.1380288920626142,0.09263036469093675,0.003502486242723535,-0.0002033037944215721,-0.0059486497775651515,15104,134000000,24.05,0,2,1,-7.12006853775742,1.9310062081453865,4.211912415539744,-7.12006853775742,1.9310062081453865,4.211912415539744,100.12794041633606
-9.999383162408304,-0.07853658655910231,5.062790519529313,-9.006344325902402,2.571574885625152,4.306630187248526,-0.9997397593369282,0.002717067768825937,-0.0016796755857784963,-0.022587824897650544,-0.09208759648794199,-0.13667774193733673,0.09691125986365193,0.0029562773988800473,0.00037330761699649884,-0.00858494131534826,15104,411000000,24.06,0,2,1,-7.146238844376086,1.8892570307689829,4.239282090668548,-7.146238844376086,1.8892570307689829,4.239282090668548,100.4649932384491
-9.997532801828658,-0.15705379539063996,5.125333233564303,-9.030548513177392,2.535607547971112,4.332728931381147,-0.9997708247177954,0.0023502638224595523,-0.0017600229577028575,-0.021205579979154232,-0.10672503206164605,-0.13245122999511988,0.1014306498962112,0.0030786263323534513,0.000511495221644509,-0.012454447551135672,15104,660000000,24.04,0,2,1,-7.162853102095925,1.848040312148761,4.26567739259274,-7.162853102095925,1.848040312148761,4.26567739259274,100.78396987915039
-9.99444937480985,-0.23553225354821355,5.187381314585725,-9.05876172463173,2.500706182616519,4.359858169001342,-0.9998065811596658,0.0019705100184544376,-0.0018043348952552778,-0.01948491046099854,-0.11859239000351254,-0.12903181907706868,0.10518591254913301,0.003174308676534565,-0.0001117438657161074,-0.011699518017849186,15104,919000000,23.93,0,2,1,-7.173490087981996,1.8048626226760462,4.293176658675701,-7.173490087981996,1.8048626226760462,4.293176658675701,101.12154126167297
-9.990133642141359,-0.31395259764656674,5.248689887164855,-9.083903398643793,2.4714290208140577,4.383554253659438,-0.9998269881265235,0.001635445902195487,-0.0017709627634094644,-0.018444045690580668,-0.11915218321846448,-0.1295390334515258,0.10827976515634255,0.0032119535717356484,-0.0006428358972243586,-0.006744299798810971,15105,181000000,23.76,0,2,1,-7.17953373413996,1.7600490103829407,4.3219668249458,-7.17953373413996,1.7600490103829407,4.3219668249458,101.42003059387207
-9.990133642141359,-0.31395259764656674,5.248689887164855,-9.109998983508259,2.438917620467321,4.410142627150772,-0.9998322113457199,0.0012419304405301623,-0.0016740622790920264,-0.018199018649210252,-0.10928239257485543,-0.13365721493179894,0.11161956719069299,0.0035364367249712814,-0.0008038538624077773,0.0017342674937026459,15105,414000000,23.66,0,2,1,-7.183022131547272,1.7215255467654789,4.347233807051187,-7.183022131547272,1.7215255467654789,4.347233807051187,101.70285320281982
-9.984586668665639,-0.3922954786392241,5.309016994374947,-9.133671278138806,2.405504555547678,4.437508204316436,-0.9998211134399514,0.0008150786645519496,-0.00162702293957903,-0.01882629976443828,-0.09954300802121172,-0.13743419702610676,0.11487743562677366,0.003942225021091872,-0.0001872459890250866,0.007251863462442998,15105,645000000,23.65,0,2,1,-7.1900331073703425,1.6806218684635292,4.375503060508641,-7.1900331073703425,1.6806218684635292,4.375503060508641,102.0008339881897
-9.984586668665639,-0.3922954786392241,5.309016994374947,-9.153381380765762,2.3741958528852263,4.463142126371131,-0.9998044596738302,0.0004042127693594937,-0.0016339869346080741,-0.019703022992801522,-0.09182509228664767,-0.14016596902442552,0.11713530571788766,0.003298234400972433,8.444909411764456e-05,0.007951217594381887,15105,887000000,23.75,0,2,1,-7.20560574923071,1.642692422201867,4.40451453922626,-7.20560574923071,1.642692422201867,4.40451453922626,102.29680705070496
-9.9778098230154,-0.4705415665925705,5.3681245526846775,-9.17303768025735,2.3393903874284,4.491690090192753,-0.999788826498087,4.217601311196279e-05,-0.0016427601688830296,-0.02048418828730031,-0.08485287164474589,-0.14289618122692327,0.11982119940631497,0.003112793569925998,-0.00010395643172955715,0.004998537497158395,15106,116000000,23.89,0,2,1,-7.226604287573437,1.6102481594544455,4.43172639936172,-7.226604287573437,1.6102481594544455,4.43172639936172,102.59583711624146
-9.969804777275899,-0.5486715554552248,5.425779291565071,-9.191145106038045,2.304045514350747,4.520739635873966,-0.9997815519563915,-0.0003120926734981219,-0.0016143175721025707,-0.02083614514751725,-0.07929767993633483,-0.14495414032873444,0.12180859161241508,0.002755179934865737,-0.00040480802852016495,0.00112046981257663,15106,352000000,24.04,0,2,1,-7.255305904067753,1.576889547492727,4.461945420860682,-7.255305904067753,1.576889547492727,4.461945420860682,102.89200282096863
-9.969804777275899,-0.5486715554552248,5.425779291565071,-9.20664938802117,2.271244188300521,4.547813687884914,-0.999783012728517,-0.0005971304678840412,-0.0015707872176990649,-0.020763032587051422,-0.07501652492011941,-0.14679138599546865,0.12406281309266795,0.0023256191070686327,-0.00048551144686825864,-0.0020255455183360027,15106,583000000,24.14,0,2,1,-7.288425877067978,1.5450522501480246,4.492785709956927,-7.288425877067978,1.5450522501480246,4.492785709956927,103.16905856132507
-9.96057350657239,-0.6266661678215214,5.481753674101715,-9.221266456940773,2.2380491980673707,4.575418108348383,-0.9997906236616976,-0.0008445289435485919,-0.0015144885661131642,-0.020388769786342076,-0.07121697736501738,-0.14867491711143874,0.1266271855404852,0.0025154852437481168,-0.0006395111597612413,-0.004579656524583697,15106,801000000,24.2,0,2,1,-7.321555954405526,1.5168229961752713,4.521536945462761,-7.321555954405526,1.5168229961752713,4.521536945462761,103.47084879875183
-9.96057350657239,-0.6266661678215214,5.481753674101715,-9.236356691556011,2.2014946726807074,4.606023100497171,-0.9998049201878852,-0.0011414834967463016,-0.0014264640623816603,-0.019666819361591537,-0.06763042493885496,-0.15013155953308227,0.1285923959857878,0.0021670487058145227,-0.0008202732146855851,-0.007175374366852338,15107,31000000,24.22,0,2,1,-7.355833985381654,1.4889969108318954,4.550627224095578,-7.355833985381654,1.4889969108318954,4.550627224095578,103.76517295837402
-9.950118288582788,-0.7045061596879131,5.5358267949789965,-9.253031507451658,2.1584024765059877,4.6423339459494155,-0.9998271607563118,-0.0014428934597199407,-0.001322166265199715,-0.018488335479518725,-0.06407404856950151,-0.15196101834741876,0.1308951063852913,0.002405691793683218,-0.0007175585210461577,-0.009570648217049893,15107,276000000,24.21,0,2,1,-7.3913636461717465,1.457882936385679,4.582833638933181,-7.3913636461717465,1.457882936385679,4.582833638933181,104.10932159423828
-9.950118288582788,-0.7045061596879131,5.5358267949789965,-9.266797280041951,2.121230079671273,4.673828867245289,-0.9998496134485941,-0.0016914461844524636,-0.001252881965600041,-0.017213941538253563,-0.06573107315547526,-0.1515439860826193,0.13233006856925628,0.0007515673644320486,-0.00021597999193545547,-0.01304255874856608,15107,547000000,24.15,0,2,1,-7.425565771738583,1.4188726502698366,4.620950931534441,-7.425565771738583,1.4188726502698366,4.620950931534441,104.42675518989563
-9.93844170297569,-0.7821723252011537,5.5877852522924725,-9.285460119593166,2.081993643798855,4.708486427696654,-0.9998865061964082,-0.0016413096784251482,-0.0012628737063606092,-0.014922666614294533,-0.09121865124849333,-0.14360739902302927,0.13483747416751513,-0.003977148480771575,-5.0508826809902985e-05,-0.024045875943556894,15107,792000000,24.07,0,2,1,-7.446798088780407,1.3825370787055067,4.654115533981219,-7.446798088780407,1.3825370787055067,4.654115533981219,104.73206567764282
-9.92554663077387,-0.8596455013970467,5.637423989748689,-9.316221445967527,2.0427839893594886,4.746620070840033,-0.9999431771444489,-0.0010190047332524286,-0.0011202756296614213,-0.01055220802164819,-0.13468668903096986,-0.1308406547835757,0.1378060584055048,-0.005465820549943601,-0.0018022248127635976,-0.03613398366724141,15108,44000000,23.84,0,2,1,-7.461292964273205,1.3402158438617238,4.6906015928919595,-7.461292964273205,1.3402158438617238,4.6906015928919595,105.10386729240417
-9.92554663077387,-0.8596455013970467,5.637423989748689,-9.36203685983121,2.0043449442440853,4.78851508204308,-0.9999865501549092,-0.0005157686273866552,-0.0007238173817775276,-0.005109753458213129,-0.16563575241378123,-0.1232267887541167,0.1407615897779249,0.0013857560702490446,-0.0026453407372173388,-0.02817719905578997,15108,336000000,23.33,0,2,1,-7.4687446267281254,1.2917933638632682,4.730582215363982,-7.4687446267281254,1.2917933638632682,4.730582215363982,105.4910638332367
-9.911436253643444,-0.9369065729286239,5.684547105928689,-9.401979967578898,1.9744534783923267,4.822463349817027,-0.9999960365525886,-0.0007479168530354645,-0.00045023892087987316,-0.00267671149152493,-0.16488132217841,-0.12425926200806692,0.14166633413577676,0.005713146038033301,-0.0019578940054998384,-0.010178838874708163,15108,633000000,22.65,0,2,1,-7.469707508442992,1.237424832053726,4.774050106743175,-7.469707508442992,1.237424832053726,4.774050106743175,105.7954261302948
-9.896114053108828,-1.0139364767825625,5.728968627421412,-9.438161556018395,1.9434158276366096,4.856291424325342,-0.9999937685040333,-0.0015013680396676779,-0.0002998890141391137,-0.0031810240002417833,-0.1395964229548604,-0.13155864441860515,0.14064322779961796,0.006803973019486875,-0.00036652229482569965,0.015039816844364395,15108,876000000,22.4,0,2,1,-7.469866800471127,1.190133505912158,4.811929909491681,-7.469866800471127,1.190133505912158,4.811929909491681,106.09420084953308
-9.879583809693738,-1.0907162069827125,5.770513242775789,-9.468243320997255,1.9106296865656667,4.889812785486935,-0.9999784621443886,-0.002280074843693688,-0.0004129709128399023,-0.00614051798106946,-0.1155050346219546,-0.13788860010319112,0.1396454008418119,0.006138372100394918,0.0017450821701459063,0.030432069979724474,15109,115000000,22.32,0,2,1,-7.475502599180085,1.1521516705052515,4.843935296282294,-7.475502599180085,1.1521516705052515,4.843935296282294,106.40115308761597
-9.879583809693738,-1.0907162069827125,5.770513242775789,-9.492769416949578,1.8762408188321136,4.923079323812188,-0.9999445088655479,-0.0029445945312922446,-0.0007038779882446377,-0.010090248186332473,-0.09540546940825681,-0.14351433651061235,0.13897186086009988,0.004590704202200868,0.002464587714712252,0.03258698125137016,15109,347000000,22.64,0,2,1,-7.489373072070639,1.1135878765383846,4.878619144197692,-7.489373072070639,1.1135878765383846,4.878619144197692,106.71426057815552
-9.861849601988382,-1.1672268192795263,5.8090169943749475,-9.512689072486017,1.8404727700013965,4.956212844028218,-0.9999011880525409,-0.003429950579324234,-0.0009924481937633157,-0.013596492809658245,-0.07950822264982323,-0.1483635521383822,0.13862468903509143,0.0035065455222138553,0.00192430876495564,0.024813857999106403,15109,583000000,23.1,0,2,1,-7.510002114195119,1.077524357194225,4.912982385759921,-7.510002114195119,1.077524357194225,4.912982385759921,107.04382872581482
-9.861849601988382,-1.1672268192795263,5.8090169943749475,-9.52903804159175,1.8036194394133849,4.989141253181451,-0.9998654715264763,-0.003797988261941099,-0.0011847066991835958,-0.01591259263401784,-0.06733052572865796,-0.1523373338816678,0.1377921762201792,0.002450515012242249,0.0011071727158196154,0.014478785942628747,15109,830000000,23.52,0,2,1,-7.535699756426821,1.0432657205691778,4.947110656723033,-7.535699756426821,1.0432657205691778,4.947110656723033,107.36155247688293
-9.842915805643155,-1.243449435824273,5.844327925502014,-9.542622083998877,1.765871535280445,5.021897319905034,-0.9998456481201925,-0.004058166200212989,-0.00128001967844677,-0.017046195230206562,-0.05768524620416867,-0.1557991282526156,0.13723873815722828,0.002026878723881964,0.0003482437904267499,0.0050634956096473616,15110,67000000,23.82,0,2,1,-7.56501482216786,1.0103650505429413,4.980928259997203,-7.56501482216786,1.0103650505429413,4.980928259997203,107.6697461605072
-9.82278709228899,-1.3193652498268629,5.876306680043863,-9.552316503727015,1.7339088752085772,5.049009779597875,-0.9998425109050801,-0.004242921622899774,-0.001286395653034899,-0.017184184279450676,-0.0513106629703783,-0.15789559246962692,0.1363203443508969,0.0015352491459452722,-0.00016942389891028142,-0.0013107430959280464,15110,297000000,23.99,0,2,1,-7.596795829794827,0.9784058881019724,5.014428706897268,-7.596795829794827,0.9784058881019724,5.014428706897268,107.977370262146
-9.82278709228899,-1.3193652498268629,5.876306680043863,-9.561621569394472,1.6983187885065694,5.078616948798745,-0.9998506044450879,-0.004380911800696233,-0.00124189910759538,-0.01667435423617225,-0.04529875991019247,-0.16011367313414798,0.13544606935863143,0.0010452976766828215,-0.0005248136119462288,-0.0070244871039903956,15110,516000000,24.04,0,2,1,-7.624563101516448,0.9523026387879922,5.042040343295559,-7.624563101516448,0.9523026387879922,5.042040343295559,108.27076005935669
-9.801468428384716,-1.3949555301961445,5.904827052466019,-9.570445483916968,1.6589815987250625,5.110707400419985,-0.9998693495350848,-0.004491312640553822,-0.001158102153760347,-0.015484533265568867,-0.03976818012829346,-0.16252839987794493,0.13461840245126455,0.000833601177419041,-0.0007461937343578029,-0.011990100847469876,15110,736000000,24.03,0,2,1,-7.655953273831834,0.9239653786471715,5.072067405774815,-7.655953273831834,0.9239653786471715,5.072067405774815,108.56777596473694
-9.801468428384716,-1.3949555301961445,5.904827052466019,-9.578165001183802,1.6192166977993092,5.142501127026538,-0.9998931221650778,-0.004581119760833198,-0.0010575035863749861,-0.01384338379422978,-0.035122686054596494,-0.1642884116682621,0.13323685193153395,0.0005073811848887999,-0.0007946989796892012,-0.015194690149655798,15110,968000000,23.94,0,2,1,-7.690733659779974,0.8932612821256102,5.104454094493936,-7.690733659779974,0.8932612821256102,5.104454094493936,108.86483478546143
-9.77896507399165,-1.4702016261615194,5.929776485888251,-9.58604717510285,1.5723905200804695,5.179158709298747,-0.9999229813508347,-0.004642946785853565,-0.0009402662103196668,-0.011471282014473672,-0.030476883849216464,-0.1659247326617806,0.13145365852137741,0.00033746311771665205,-0.0007238630018946424,-0.018346125580137596,15111,202000000,23.8,0,2,1,-7.725735169728,0.8626996775228332,5.13640434008517,-7.725735169728,0.8626996775228332,5.13640434008517,109.21210432052612
-9.755282581475768,-1.5450849718747364,5.951056516295154,-9.592301580202685,1.5321176715116283,5.2101255910575555,-0.9999477397022181,-0.004579461428423652,-0.0008560910768069146,-0.009100192608879898,-0.03606999513091515,-0.16396017141453906,0.12999095580997416,-0.005591613535216311,-0.0002855780365962346,-0.025076023484871257,15111,489000000,23.59,0,2,1,-7.763794709864376,0.8259614125450729,5.173305362535785,-7.763794709864376,0.8259614125450729,5.173305362535785,109.52139019966125
-9.755282581475768,-1.5450849718747364,5.951056516295154,-9.607156976858088,1.4908401535035367,5.243618537682489,-0.9999821632606564,-0.003746778066439373,-0.0007855199173548786,-0.004584514490999836,-0.08092640114450929,-0.15073134911119324,0.13008563669277903,-0.006981404840189498,-0.0008439731516318716,-0.04088784808118362,15111,722000000,23.37,0,2,1,-7.789207764603589,0.7917023368801377,5.204809515667547,-7.789207764603589,0.7917023368801377,5.204809515667547,109.83684802055359
-9.730426794137728,-1.6195870909907482,5.968583161128631,-9.631182941953945,1.455656488188306,5.2746414990908,-0.999995221672087,-0.002970206170422445,-0.0005750284302412283,0.000635492409765237,-0.11791063287021404,-0.14085650676520256,0.1299393759118254,-0.005809649837829056,-0.00220703620925633,-0.044318722939351574,15111,977000000,22.87,0,2,1,-7.806557694743089,0.750839994360558,5.238857778530403,-7.806557694743089,0.750839994360558,5.238857778530403,110.13984084129333
-9.704403844771127,-1.6936896012264575,5.982287250728689,-9.675752172015983,1.4123893459128958,5.315812605697921,-0.9999710431049804,-0.0022316125918836307,-0.0001482125921971906,0.007273987201289078,-0.15502599300013664,-0.13177941895695988,0.12842292044552894,-0.0030774819606449455,-0.0023290572471523774,-0.0345918790117139,15112,220000000,22.24,0,2,1,-7.813651677984364,0.7099434120113692,5.270144224609802,-7.813651677984364,0.7099434120113692,5.270144224609802,110.55564904212952
-9.704403844771127,-1.6936896012264575,5.982287250728689,-9.722916931538153,1.376900797359666,5.351363453333788,-0.9999355003795685,-0.0020462058471187134,0.00014929475964051782,0.01117075795851985,-0.1671124868080128,-0.12964455197654956,0.1262184875744611,0.0043865455609193305,-0.0014551567687703937,-0.013279890208650613,15112,556000000,21.38,0,2,1,-7.812632175484148,0.6516765131303436,5.311607018905477,-7.812632175484148,0.6516765131303436,5.311607018905477,110.91721272468567
-9.677220154149335,-1.7673742188962858,5.9921147013144775,-9.761627174969707,1.3459241361765248,5.381105866836796,-0.9999352857638875,-0.002572845926972757,0.00022138144883623151,0.011079518869632599,-0.1475878455785327,-0.13489686305435192,0.12293520602467907,0.005372203622755478,1.559621827240676e-05,0.013463733102980768,15112,828000000,20.82,0,2,1,-7.805291390173768,0.598379890264138,5.347446644797104,-7.805291390173768,0.598379890264138,5.347446644797104,111.22670245170593
-9.648882429441258,-1.8406227634233896,5.998026728428272,-9.79120908726106,1.3158414553082673,5.407524503373323,-0.9999608041102037,-0.003141745558002266,0.0001657028796118072,0.008276002699313223,-0.11787776061842672,-0.1419262408365004,0.11908909021901368,0.004870736847806256,0.0010189653380621166,0.03374681000423152,15113,65000000,20.74,0,2,1,-7.801135107386785,0.5536326763214957,5.377427376859258,-7.801135107386785,0.5536326763214957,5.377427376859258,111.5386745929718
-9.648882429441258,-1.8406227634233896,5.998026728428272,-9.816202419513077,1.2810179179464738,5.435298114379958,-0.9999874301898861,-0.0036684883419577834,-5.289098107511534e-05,0.003417434426065291,-0.08913821033584053,-0.1487168020605371,0.11462245288808867,0.003556025308171229,0.0021306643930074642,0.043010510853491724,15113,294000000,20.99,0,2,1,-7.8037401489248275,0.5151590431120494,5.40402607530532,-7.8037401489248275,0.5151590431120494,5.40402607530532,111.84591102600098
-9.619397662556434,-1.9134171618254483,6.0,-9.833298837011672,1.2474940312446197,5.45981297657864,-0.999991303784119,-0.004005151276470532,-0.00031538869246054853,-0.0011187713631242158,-0.06749869638789793,-0.1542511198155418,0.11073689809923423,0.0022837176175016793,0.0021871662511330214,0.038153506102389656,15113,523000000,21.51,0,2,1,-7.813260094222917,0.4757874796807864,5.431993857518969,-7.813260094222917,0.4757874796807864,5.431993857518969,112.15229153633118
-9.588773128419906,-1.985739453173902,5.998026728428272,-9.846837255056975,1.2095548127428974,5.485564469067197,-0.9999790994561308,-0.004217349957136224,-0.0005507993042492961,-0.0048694178677452515,-0.04894014417005617,-0.15916965855928694,0.10656018943875119,0.0012791710332749062,0.0014890434044900758,0.02476455265423283,15113,749000000,22.01,0,2,1,-7.826892584471011,0.44152162805439676,5.456704177637888,-7.826892584471011,0.44152162805439676,5.456704177637888,112.46671295166016
-9.588773128419906,-1.985739453173902,5.998026728428272,-9.856771655433663,1.1671437856878786,5.512322683671379,-0.9999652509501651,-0.004331334458031197,-0.0007028250496243604,-0.00708819236023106,-0.03296802397743286,-0.16405095656138036,0.10214269957889135,0.00016495511516723127,0.0007339546471030189,0.010192619720328366,15113,988000000,22.44,0,2,1,-7.845786215851509,0.4056783639661192,5.48265572230706,-7.845786215851509,0.4056783639661192,5.48265572230706,112.80601739883423
-9.557016383177228,-2.0575717930255424,5.9921147013144775,-9.862526342360452,1.1269796639941996,5.536004302111155,-0.9999610120777349,-0.004327715065739324,-0.0007643200319897576,-0.007659048352801179,-0.02120533734111748,-0.16777570024319605,0.09818841637611345,-0.0005069411486147146,0.0002762332769634668,-0.00013547316672912757,15114,249000000,22.72,0,2,1,-7.869635040409348,0.3681425095927869,5.509569456074454,-7.869635040409348,0.3681425095927869,5.509569456074454,113.12803840637207
-9.524135262330098,-2.1288964578253613,5.982287250728689,-9.865769519019498,1.0861433279392358,5.558722669145549,-0.9999659581012112,-0.004245556789666561,-0.000767402890930967,-0.007033418733096708,-0.011840251661694449,-0.17026856804177426,0.0941404879029142,-0.001129521308484982,-0.00014766681601940945,-0.009339830467069987,15114,494000000,22.81,0,2,1,-7.893743950607966,0.33428938149487236,5.533304354519001,-7.893743950607966,0.33428938149487236,5.533304354519001,113.43686246871948
-9.524135262330098,-2.1288964578253613,5.982287250728689,-9.867091617458541,1.0413374884470155,5.582194834968655,-0.999977590235532,-0.004080112414450398,-0.0007096961356029628,-0.005260041902771184,-0.00339932252177873,-0.17260722107617366,0.08941761398383961,-0.0015653361401746224,-0.0005356112410481728,-0.01731790107442066,15114,733000000,22.77,0,2,1,-7.919170026153304,0.301029089283914,5.55596834825077,-7.919170026153304,0.301029089283914,5.55596834825077,113.74161863327026
-9.490137878803079,-2.1996958492795735,5.968583161128632,-9.866672769733633,0.999496876444115,5.6027701491649875,-0.9999882393017883,-0.003885832278632971,-0.0006274580503771074,-0.002833348197240293,0.003306908192482645,-0.17446503791039358,0.08500481829635305,-0.002019725343416212,-0.0006419165686111228,-0.022734520825906657,15114,982000000,22.61,0,2,1,-7.947566999635976,0.26540645873067736,5.579263633055145,-7.947566999635976,0.26540645873067736,5.579263633055145,114.05226492881775
-9.490137878803079,-2.1996958492795735,5.968583161128632,-9.864847123748094,0.9538086565605398,5.623882839715048,-0.9999931991989239,-0.0036238588475017482,-0.0005302407333305774,0.00043364469220258384,0.009343310857224126,-0.17567164906289506,0.080189991957303,-0.0021084922536829254,-0.0006229893870113301,-0.02716683411563281,15115,234000000,22.38,0,2,1,-7.974212128829439,0.23284409322746713,5.5996371007807735,-7.974212128829439,0.23284409322746713,5.5996371007807735,114.42836546897888
-9.45503262094184,-2.2699524986977355,5.951056516295154,-9.861761765838482,0.9008995736230547,5.646701006196104,-0.9999825648410638,-0.0032177374845308703,-0.0004318260748373936,0.0049325151402950795,0.007235526274636384,-0.17424293982571196,0.0747379529957432,-0.004490047831495758,-0.0005716562213819998,-0.03544707942637615,15115,496000000,22.15,0,2,1,-8.00541240078013,0.19499730745803076,5.62196605938943,-8.00541240078013,0.19499730745803076,5.62196605938943,114.83627343177795
-9.418828150443467,-2.3396490713028677,5.929776485888251,-9.863255427365855,0.8529194002502382,5.666711600312325,-0.9999408052595848,-0.002605166945053177,-0.0003402269062869319,0.010558566552975879,-0.01845037268615499,-0.16629989244326931,0.07035133405809674,-0.004714502983915736,5.633485056222298e-05,-0.04570536293613259,15115,796000000,21.6,0,2,1,-8.036226395714626,0.15709203222614285,5.642727023836341,-8.036226395714626,0.15709203222614285,5.642727023836341,115.17321395874023
-9.381533400219318,-2.408768370508577,5.904827052466019,-9.872402193284138,0.8176777212890578,5.6816436441846765,-0.9998700774836623,-0.0021100819631249316,-0.0003825835433612372,0.015975898621237605,-0.053724576098844325,-0.15651158295130324,0.06695394118483351,-0.004096929069419275,0.0005259948181901564,-0.050933793318108656,15116,57000000,21.0,0,2,1,-8.061684401721946,0.11719226788804835,5.662085281320069,-8.061684401721946,0.11719226788804835,5.662085281320069,115.4995265007019
-9.381533400219318,-2.408768370508577,5.904827052466019,-9.892721546640452,0.7788728589303588,5.698311168254928,-0.9997446853195635,-0.001626073577402938,-0.00042543517860900556,0.02253306603452998,-0.08809562728153589,-0.14830656890398863,0.06229320477525361,-0.003151759915454022,0.00022824352754469146,-0.047469427227042615,15116,297000000,20.49,0,2,1,-8.07359167382533,0.07935225974572695,5.67779207450272,-8.07359167382533,0.07935225974572695,5.67779207450272,115.81609916687012
-9.343157572190956,-2.477293342162038,5.8763066800438635,-9.923591362504974,0.7397302084461467,5.714846270024758,-0.9995975051316974,-0.0012122137102282345,-0.0004575164414538519,0.02833988269404525,-0.11563480780954205,-0.14240136289491795,0.056669244565512214,-0.0028566400260388036,0.0003219753608618703,-0.03415767459955532,15116,539000000,19.6,0,2,1,-8.07594598931202,0.03816845811025913,5.6926554187732155,-8.07594598931202,0.03816845811025913,5.6926554187732155,116.16121411323547
-9.303710135019719,-2.545207078751856,5.844327925502015,-9.958384944644228,0.7052893420238419,5.728868021470472,-0.9994895259092487,-0.0009031915482934855,-0.0005147324542883792,0.03193128392709177,-0.13078496141375323,-0.1391194973883359,0.05148001414793148,-0.0010449776709720027,0.00044138187718090194,-0.017901440878631547,15116,825000000,18.85,0,2,1,-8.068771792297166,-0.01326140772308476,5.708754438546968,-8.068771792297166,-0.01326140772308476,5.708754438546968,116.49515962600708
-9.303710135019719,-2.545207078751856,5.844327925502015,-9.996930233925807,0.6686614849667416,5.742335230543877,-0.9994633596708591,-0.0007566958201718319,-0.0005678941915665675,0.03274290126213447,-0.11828520684604715,-0.1417479459778257,0.044884647680205635,-0.0012140235639890307,-0.0006007239619520988,0.009508247239864431,15117,93000000,18.33,0,2,1,-8.05453092182786,-0.06342836498863882,5.722489053301612,-8.05453092182786,-0.06342836498863882,5.722489053301612,116.82905530929565
-9.263200821770461,-2.6124928235797436,5.8090169943749475,-10.030018459127621,0.6236716378895956,5.755342172537607,-0.9995829193711157,-0.0005142446273955323,-0.0003750091834536272,0.028871824017426884,-0.07309144715321489,-0.15086502509264374,0.03693859726883479,-0.0018951655533783196,-0.001316207794843649,0.03457322309259325,15117,357000000,18.11,0,2,1,-8.038955584945898,-0.11708309034289796,5.735770611709462,-8.038955584945898,-0.11708309034289796,5.735770611709462,117.26102995872498
-9.221639627510076,-2.6791339748949823,5.77051324277579,-10.044807545835704,0.5906613567775102,5.7628808881979365,-0.999694374920403,-0.00030335480038797447,-0.000266781652009313,0.02471828383848096,-0.047068743860128166,-0.1556515493355138,0.03198534627952777,-0.0021797634872200433,-0.0008797867110388324,0.03896201706083957,15117,686000000,18.45,0,2,1,-8.029871199619677,-0.17474747809339675,5.74870152949677,-8.029871199619677,-0.17474747809339675,5.74870152949677,117.56804585456848
-9.221639627510076,-2.6791339748949823,5.77051324277579,-10.054698263694457,0.5531205144069843,5.769817661759082,-0.9997945069565273,-1.0850365004592583e-05,-0.00016664957969475926,0.0202710623732838,-0.023056522647914492,-0.16030031443835804,0.026078942854633174,-0.003180180237905006,-0.0008971060253770702,0.03213563722965773,15117,908000000,18.88,0,2,1,-8.029913723673026,-0.2117518948216502,5.756197805608485,-8.029913723673026,-0.2117518948216502,5.756197805608485,117.87129259109497
-9.179036806841353,-2.745114089990657,5.728968627421413,-10.058929866863775,0.5175462690531386,5.774907592259737,-0.9998449348680213,0.00034859555009583774,-7.127461114866051e-05,0.017606238094329263,-0.004677704099093063,-0.16400938519740865,0.020442463351422663,-0.0036138269933871925,-0.0009270863245092187,0.017482029943494126,15118,143000000,19.36,0,2,1,-8.034604803817357,-0.25018818992167385,5.763033423754297,-8.034604803817357,-0.25018818992167385,5.763033423754297,118.17123246192932
-9.135402871372811,-2.8104168892606514,5.68454710592869,-10.059422714032625,0.48115123204484933,5.778846662309198,-0.9998623967056277,0.0007529623294649428,2.6847437302838346e-05,0.01657166198734633,0.010329991553944824,-0.1666733944415326,0.015247435213571548,-0.0039326908790826565,-0.0009605966965864354,0.0030200052378859255,15118,369000000,19.66,0,2,1,-8.042147301503405,-0.28412845554449045,5.7680064002614975,-8.042147301503405,-0.28412845554449045,5.7680064002614975,118.47003197669983
-9.135402871372811,-2.8104168892606514,5.68454710592869,-10.056135237263828,0.43730698989182554,5.781991662300464,-0.9998491709977191,0.0012726250078631276,0.00014994465331878476,0.01732031169939452,0.025312948604249756,-0.16940458883766865,0.008433311757446214,-0.003926684030375327,-0.0010572981864243047,-0.012811509714083513,15118,596000000,19.79,0,2,1,-8.052057484274869,-0.31705287811944194,5.77180413168659,-8.052057484274869,-0.31705287811944194,5.77180413168659,118.77523303031921
-9.09074858712512,-2.8750262602163907,5.637423989748691,-10.050647288940317,0.39959081908607014,5.783265264608154,-0.9998125908175248,0.0016984164564673519,0.000257330486736712,0.019282956342574042,0.03623292192966118,-0.1711977482164347,0.002478432690931644,-0.004311974862503121,-0.0010548155046308239,-0.02185825833294075,15118,842000000,19.72,0,2,1,-8.06596452158455,-0.35501571051098973,5.774725078827872,-8.06596452158455,-0.35501571051098973,5.774725078827872,119.07411503791809
-9.09074858712512,-2.8750262602163907,5.637423989748691,-10.041614633594124,0.3545268629446745,5.783203290455787,-0.9997388012913898,0.002268261255693984,0.00036909853220498375,0.022738688387946904,0.047064571450053536,-0.17211038590766167,-0.004160648305715527,-0.004544435523712309,-0.0009997340953304956,-0.030581926694139838,15119,74000000,19.53,0,2,1,-8.07898629485205,-0.38661922633732354,5.775813121174277,-8.07898629485205,-0.38661922633732354,5.775813121174277,119.38418483734131
-9.04508497187474,-2.9389262614623632,5.587785252292475,-10.030310142240582,0.30907905372722483,5.781455544720905,-0.9996269349496119,0.0028616893048133774,0.00047692217431957533,0.027158317378044083,0.05646328169816313,-0.172423315563372,-0.010756103779249803,-0.005094816015116521,-0.0010479557090548042,-0.03695329178299289,15119,323000000,19.18,0,2,1,-8.095375758606277,-0.4234451938931244,5.77559359707309,-8.095375758606277,-0.4234451938931244,5.77559359707309,119.72142171859741
-8.99842329243545,-3.0021011266294213,5.535826794978996,-10.01618308364984,0.25991366123948445,5.777834193775886,-0.9994590951566361,0.003552563512903055,0.0005856525864528313,0.032688735249516765,0.06473354823896932,-0.17185245354953743,-0.017340297536465717,-0.004928582620777888,-0.001024040045649599,-0.041966254138969816,15119,583000000,18.74,0,2,1,-8.112377219762905,-0.4598578131527608,5.773719193899579,-8.112377219762905,-0.4598578131527608,5.773719193899579,120.09517788887024
-8.99842329243545,-3.0021011266294213,5.535826794978996,-9.999095688201443,0.2038375286633655,5.771472986885045,-0.9991924991800026,0.00417239491034182,0.0006461327936592104,0.03995651655919519,0.05880701447406552,-0.1681680348514079,-0.025213672788093073,-0.002247867610094545,0.0002774714943143408,-0.05156795450602658,15119,863000000,18.18,0,2,1,-8.130997791139944,-0.4987091909260968,5.769949709285393,-8.130997791139944,-0.4987091909260968,5.769949709285393,120.506183385849
-8.950775061878451,-3.064535268264883,5.481753674101715,-9.989236607653591,0.1468892967453779,5.762011509821081,-0.998765616087296,0.0044590180825610755,0.00038299246913463605,0.049469329854690214,0.024223609929796688,-0.1590210860283045,-0.03282499852200106,-0.000851553835445884,0.002709078012230748,-0.06036084014340304,15120,194000000,17.43,0,2,1,-8.152233970205828,-0.5427304398269872,5.763463685859596,-8.152233970205828,-0.5427304398269872,5.763463685859596,120.89667701721191
-8.902152036691648,-3.1262132816785257,5.425779291565073,-9.990368712225653,0.11562333721626429,5.755337144004535,-0.9984419215199043,0.004531334219410451,3.1625617512581836e-05,0.05561650260177581,-0.0010036108652108358,-0.15303414897052187,-0.03653971862721541,-0.0009023781956329913,0.0035008340319109266,-0.061853285296820104,15120,518000000,16.41,0,2,1,-8.174278962978956,-0.5892827140733686,5.753925565325314,-8.174278962978956,-0.5892827140733686,5.753925565325314,121.18951368331909
-8.852566213878946,-3.1871199487434483,5.368124552684678,-9.997610580271335,0.08321626140169838,5.747049534127982,-0.9980524760620065,0.0046117283759840744,-0.000439150321074363,0.06220766942169875,-0.02758870606417955,-0.14721985876786806,-0.041327182036171396,-0.0013886445799471403,0.004105839389012544,-0.05744458831031807,15120,735000000,15.72,0,2,1,-8.186663373732873,-0.6167308611025427,5.7470071494933,-8.186663373732873,-0.6167308611025427,5.7470071494933,121.48331356048584
-8.852566213878946,-3.1871199487434483,5.368124552684678,-10.011655823330488,0.049896303632093415,5.73670178450553,-0.9976632048378342,0.004786973804088964,-0.0009489336560017879,0.06814920483334319,-0.050329581566910975,-0.14301327512779807,-0.04754416812637446,-0.0020356335198812303,0.00362513849267998,-0.043056680078734644,15120,949000000,14.97,0,2,1,-8.197394325456395,-0.6478732055471562,5.738345714066587,-8.197394325456395,-0.6478732055471562,5.738345714066587,121.77533483505249
-8.802029828000155,-3.2472402416509176,5.309016994374948,-10.030698717766326,0.01818862200647107,5.724814158085296,-0.9973523369085231,0.005017549966717977,-0.001378229610552551,0.07253441072056566,-0.0680902864899188,-0.14011621513887282,-0.05408474336448175,-0.0029754419529126608,0.0028950745672773337,-0.03058807869820157,15121,185000000,14.27,0,2,1,-8.198791894285868,-0.6855220817282146,5.7275323843409485,-8.198791894285868,-0.6855220817282146,5.7275323843409485,122.07613968849182
-8.802029828000155,-3.2472402416509176,5.309016994374948,-10.06416714312861,-0.024520757782479332,5.705547547718557,-0.9970727112846522,0.005486884716853879,-0.0018403931224065977,0.07623985480528517,-0.08725169730441677,-0.13674426130840284,-0.06251853049270292,-0.002969690694953897,0.0018741103758657118,-0.014039209418115206,15121,425000000,13.71,0,2,1,-8.190215645271321,-0.7265046688971563,5.715379862569371,-8.190215645271321,-0.7265046688971563,5.715379862569371,122.51503849029541
-8.750555348152298,-3.3065593266182587,5.248689887164856,-10.086555365090211,-0.04871004929405218,5.692909583306319,-0.9969848012106194,0.005760914918860538,-0.0020398067279864714,0.0773560417991469,-0.09436999501333043,-0.13541785114807642,-0.06716122887806261,-0.0042003017142633325,0.0013617958643408201,-0.008077769052761141,15121,763000000,13.18,0,2,1,-8.165832939263217,-0.7884422924643791,5.695729302441772,-8.165832939263217,-0.7884422924643791,5.695729302441772,122.79755091667175
-8.69815547489305,-3.3650625675488657,5.187381314585726,-10.108631850442766,-0.07591024907933787,5.678175358399696,-0.9970192283853512,0.006487773959664397,-0.0019873677815670375,0.07685452093551698,-0.06639754713544252,-0.13800820564279512,-0.07052307816811536,-0.007660572009626776,-0.002635423834362882,0.01332374395133229,15121,973000000,12.97,0,2,1,-8.148837172043843,-0.8254981847502967,5.682951115992939,-8.148837172043843,-0.8254981847502967,5.682951115992939,123.07236623764038
-8.64484313710706,-3.422735529643442,5.125333233564306,-10.124647282167006,-0.10769730905722652,5.6612874122296635,-0.9972162761733399,0.0074912244744057,-0.001481669056462583,0.07417132025020351,-0.027904443004679924,-0.1417556356300317,-0.0743845729724307,-0.007685780383326346,-0.0058613327382772695,0.02832440623024013,15122,189000000,12.95,0,2,1,-8.13327105555116,-0.8647403441189185,5.66815739095506,-8.13327105555116,-0.8647403441189185,5.66815739095506,123.3623251914978
-8.64484313710706,-3.422735529643442,5.125333233564306,-10.131798898150773,-0.1388096579079817,5.6449584511016155,-0.9974597337161157,0.008331163882778788,-0.0008186520635692918,0.07073896473749519,0.002405634879378318,-0.1449484406513343,-0.07856819730298777,-0.006676265047644847,-0.0064483730056963395,0.03124500326521229,15122,419000000,13.2,0,2,1,-8.12083830512418,-0.9054934186792004,5.651083540091019,-8.12083830512418,-0.9054934186792004,5.651083540091019,123.65159344673157
-8.590631488815946,-3.4795639829615697,5.062790519529315,-10.132719553420777,-0.17153438059793166,5.627696003787522,-0.9976582593136675,0.00906940029367365,-0.0001495257352608333,0.06779174908195273,0.02834700742804183,-0.14784987537220182,-0.08320521088920887,-0.006260078816922032,-0.005984520294077811,0.021531768288696185,15122,639000000,13.57,0,2,1,-8.113056595559536,-0.9412128169766255,5.634523947819624,-8.113056595559536,-0.9412128169766255,5.634523947819624,123.94202327728271
-8.590631488815946,-3.4795639829615697,5.062790519529315,-10.128390133055403,-0.20554634633300942,5.609538590038263,-0.9977473147128431,0.009760927425501477,0.00041932871956224926,0.06636900212094327,0.05015147294528845,-0.15001265332124084,-0.08746179496868624,-0.005652733216265915,-0.00502180919284001,0.0060008378568454646,15122,868000000,13.89,0,2,1,-8.108119760776816,-0.9756093747565496,5.6172137407553375,-8.108119760776816,-0.9756093747565496,5.6172137407553375,124.2342917919159
-8.53553390593274,-3.5355339059327355,5.000000000000003,-10.11865055218683,-0.24385836150214243,5.588651839979657,-0.997712768529561,0.010435330310580929,0.0009123784158313313,0.06677951003124938,0.0705775561169568,-0.15183291888217876,-0.09263007920300136,-0.005223590096647968,-0.004087277875441941,-0.011221805198147194,15123,89000000,14.06,0,2,1,-8.105393230891403,-1.0089684710664626,5.599117155814753,-8.105393230891403,-1.0089684710664626,5.599117155814753,124.53051924705505
-8.53553390593274,-3.5355339059327355,5.000000000000003,-10.104668963146093,-0.28312559608418697,5.5667334314281325,-0.9975526559996744,0.011049910202061744,0.0012934372537425059,0.06902843626066213,0.08734911157943531,-0.15253299916862473,-0.09703315141187419,-0.004617896911440766,-0.0033917117207238334,-0.024977614521048963,15123,325000000,14.03,0,2,1,-8.104399104269723,-1.044388882853176,5.578597660312764,-8.104399104269723,-1.044388882853176,5.578597660312764,124.8194751739502
-8.47956398296157,-3.5906314888159447,4.937209480470686,-10.088784729622777,-0.31979470786415687,5.545731698308538,-0.9973115126495193,0.01155545177410139,0.0015657307618674038,0.07234477699326486,0.10071553819673107,-0.1526292893737679,-0.10126645294821471,-0.004405533081808244,-0.002909615773205587,-0.03442708621150814,15123,563000000,13.8,0,2,1,-8.104871417792262,-1.0790770780678525,5.557152717593992,-8.104871417792262,-1.0790770780678525,5.557152717593992,125.1170027256012
-8.422735529643443,-3.644843137107058,4.874666766435695,-10.068722009634916,-0.3603200079068237,5.521950837688116,-0.9969515394265123,0.01207816825134296,0.0017875815639754244,0.07706199088364823,0.1131077573093616,-0.15170770752970192,-0.10506307423557523,-0.0036155025554762688,-0.0024049620151345152,-0.04346141286077909,15123,783000000,13.46,0,2,1,-8.106151740413308,-1.1104375037927314,5.536623005368916,-8.106151740413308,-1.1104375037927314,5.536623005368916,125.4298882484436
-8.422735529643443,-3.644843137107058,4.874666766435695,-10.042293903394688,-0.40819269065838615,5.493066614340031,-0.9964099440501819,0.012560880079712709,0.001978656646490073,0.08369905977615316,0.12608227047265835,-0.15048717892459312,-0.11002196367533305,-0.0027689512080542045,-0.002024361515395867,-0.0510576708620647,15124,20000000,12.97,0,2,1,-8.108186171930885,-1.144222247772886,5.513392595694194,-8.108186171930885,-1.144222247772886,5.513392595694194,125.80508637428284
-8.365062567548867,-3.6981554748930483,4.812618685414275,-10.011430275513549,-0.46007405862253187,5.460610188737792,-0.995691286089958,0.01286488974828455,0.00209825229443298,0.09180933914149808,0.1295845335857108,-0.14784116777322098,-0.11512846018675864,0.00023175054337798429,-0.0004233313461554644,-0.05886283397558145,15124,310000000,12.28,0,2,1,-8.110990690042357,-1.1832167850687028,5.485185339392919,-8.110990690042357,-1.1832167850687028,5.485185339392919,126.20253324508667
-8.30655932661826,-3.7505553481522975,4.751310112835146,-9.98057207012853,-0.517393194087977,5.422162418839737,-0.9946537795036532,0.012680871247346945,0.00177939190083223,0.10246896207129974,0.10763566692917137,-0.1419101166840482,-0.11998230400996508,0.002589473456282576,0.0033980642911046743,-0.06729718152200803,15124,616000000,11.43,0,2,1,-8.114136158023012,-1.2246222415383419,5.453780567147202,-8.114136158023012,-1.2246222415383419,5.453780567147202,126.63081622123718
-8.30655932661826,-3.7505553481522975,4.751310112835146,-9.962269702103793,-0.5650140579859488,5.386675350313466,-0.993547640866459,0.01224643788260946,0.0009946781050527874,0.11274804079605177,0.0777989962340144,-0.13649083891052333,-0.12450037006179163,0.002748385168160894,0.00597863604525628,-0.0697163210134022,15124,940000000,10.28,0,2,1,-8.117488713449278,-1.2711979832756877,5.416842665624697,-8.117488713449278,-1.2711979832756877,5.416842665624697,127.01326060295105
-8.247240241650918,-3.8020298280001557,4.690983005625052,-9.953983229255575,-0.6064896158576293,5.352193760786588,-0.9924222386674696,0.011863725571792463,1.121010804077012e-06,0.12230025434375957,0.04884162743568735,-0.13203441228633597,-0.12825398657862128,0.0007697762669067743,0.006817388202762231,-0.0653145179967396,15125,244000000,9.14,0,2,1,-8.119865850103118,-1.3122233212362004,5.382834156883092,-8.119865850103118,-1.3122233212362004,5.382834156883092,127.37696027755737
-8.187119948743447,-3.852566213878947,4.631875447315322,-9.953277299738652,-0.6369652618153739,5.324442710742082,-0.9915669185105598,0.011702098610756368,-0.000812475852101922,0.12906373187912584,0.02761501129164954,-0.12901675597665235,-0.1303365252547239,-5.187802756267956e-05,0.006560782367159845,-0.05849819353898056,15125,528000000,8.05,0,2,1,-8.121469096637133,-1.3504424899175682,5.35003277040703,-8.121469096637133,-1.3504424899175682,5.35003277040703,127.67597126960754
-8.126213281678526,-3.902152036691649,4.574220708434927,-9.956911406737879,-0.6658117069260993,5.296136297580354,-0.9908097811041052,0.011651604362818953,-0.0015329535463024374,0.13475113297346325,0.01030578629023988,-0.12688539400130913,-0.13298084772262855,-0.0007643540868684795,0.005419518083726871,-0.047358655865537,15125,756000000,7.34,0,2,1,-8.122218302268353,-1.3832105023270784,5.321140999652265,-8.122218302268353,-1.3832105023270784,5.321140999652265,127.95853996276855
-8.126213281678526,-3.902152036691649,4.574220708434927,-9.964808655577789,-0.6957971429175583,5.264499111199323,-0.9901567611932045,0.01169905016336954,-0.0021497100943191844,0.13945644207123947,-0.004362544140193601,-0.1253653761624107,-0.13655897321402904,-0.0013427925523501472,0.003872555816997192,-0.03368166180734988,15125,976000000,6.6,0,2,1,-8.12211231133789,-1.4106184526751964,5.2966679140138115,-8.12211231133789,-1.4106184526751964,5.2966679140138115,128.24443936347961
-8.064535268264883,-3.950775061878452,4.518246325898285,-9.974832747509184,-0.7222366042264293,5.234723951596795,-0.9897147920530485,0.011793216815865658,-0.0025592144102607817,0.14254473280387187,-0.014869126854880222,-0.12439873526672654,-0.13992061221119806,-0.0017021808616846101,0.002721442729125556,-0.02419677566649625,15126,200000000,6.04,0,2,1,-8.12013672457576,-1.444011271919284,5.266800066447869,-8.12013672457576,-1.444011271919284,5.266800066447869,128.55641078948975
-8.064535268264883,-3.950775061878452,4.518246325898285,-9.991896654703297,-0.7569476402632459,5.1931137680406865,-0.9893093304602445,0.011998936556600271,-0.0029417032428139802,0.14530801962673734,-0.02656603739629158,-0.12312789140452032,-0.14358081317449542,-0.0018426326278131455,0.0015176907254499383,-0.013761710670223692,15126,437000000,5.73,0,2,1,-8.116045096014286,-1.4779523648309705,5.236523358594736,-8.116045096014286,-1.4779523648309705,5.236523358594736,128.9138207435608
-8.00210112662942,-3.9984232924354526,4.4641732050210035,-10.006242965535115,-0.7816420307815688,5.1619269435045325,-0.9891298803612796,0.01218865420044795,-0.0031129714982291974,0.146505378378111,-0.0276138322797408,-0.12252200611891155,-0.14576989072549487,-0.004279487848179997,-0.0002528507076604569,-0.007019630174909253,15126,728000000,5.31,0,2,1,-8.10940778577603,-1.5179718038957264,5.2006163654874635,-8.10940778577603,-1.5179718038957264,5.2006163654874635,129.20466208457947
-7.938926261462367,-4.045084971874736,4.4122147477075275,-10.015223032163094,-0.805320358092145,5.133493465965906,-0.9891377673379578,0.012752650460918894,-0.002767322147602499,0.1464110277951532,0.008168449018936312,-0.12276130678573025,-0.14502416462679538,-0.004853782274949481,-0.006723529804730788,0.005947829868091503,15126,947000000,5.14,0,2,1,-8.103665754777763,-1.5494196191334615,5.171964353909024,-8.103665754777763,-1.5494196191334615,5.171964353909024,129.4849967956543
-7.938926261462367,-4.045084971874736,4.4122147477075275,-10.01735555842865,-0.833789715691836,5.102393651672944,-0.9893035142293701,0.013424901981207903,-0.0018825760061624277,0.14524043737125736,0.04544521762134866,-0.12303104857295155,-0.14439627265990587,-0.004338791950431187,-0.009857034910965012,0.013726938141189748,15127,149000000,5.13,0,2,1,-8.09849014319362,-1.5778006686269477,5.145718844709687,-8.09849014319362,-1.5778006686269477,5.145718844709687,129.77246141433716
-7.875026260216394,-4.090748587125116,4.362576010251311,-10.011293022383077,-0.8674298165308856,5.068617230946212,-0.9895513151809312,0.01406265966632575,-0.0006949190210821764,0.14349199738784107,0.07998853717858613,-0.12332418720961721,-0.14414904646785512,-0.0035783553812507307,-0.010309987283108057,0.013293143274495378,15127,376000000,5.24,0,2,1,-8.092816670563485,-1.6088048213883328,5.116623731488238,-8.092816670563485,-1.6088048213883328,5.116623731488238,130.07239937782288
-7.875026260216394,-4.090748587125116,4.362576010251311,-9.995092089069043,-0.9094038350670078,5.029446640818848,-0.9896724759343032,0.014675642240667523,0.0005790967527100569,0.14259270861387252,0.11241938058919734,-0.12335119457599115,-0.1437563475982808,-0.002356247500756581,-0.008633250490674982,-0.0011112737865914823,15127,608000000,5.44,0,2,1,-8.086422494543799,-1.6424278528454515,5.084542474935673,-8.086422494543799,-1.6424278528454515,5.084542474935673,130.45756196975708
-7.8104168892606545,-4.135402871372808,4.315452894071313,-9.967437287095443,-0.9600043342272356,4.984855155418398,-0.98943754183433,0.015081077718146634,0.0016864057783506038,0.14416333770847772,0.13436032770991965,-0.12240799023844998,-0.14406400905245337,-0.00015977771852249134,-0.005230988517723745,-0.020784917978744488,15127,894000000,5.55,0,2,1,-8.078654154298679,-1.6813812747888661,5.046834100722398,-8.078654154298679,-1.6813812747888661,5.046834100722398,130.86526465415955
-7.745114089990657,-4.179036806841353,4.271031372578587,-9.938966755242898,-1.007961738588599,4.942960449213092,-0.9888057842430699,0.015064228710908404,0.0021276431351251726,0.14843066797492377,0.1321425752123872,-0.12029284459626852,-0.14495915082219094,0.002566067996667698,-0.0004919305240491667,-0.037793396768392995,15128,216000000,5.39,0,2,1,-8.069197436173559,-1.7255981422249573,5.00342933769289,-8.069197436173559,-1.7255981422249573,5.00342933769289,131.25304126739502
-7.679133974894982,-4.2216396275100765,4.22948675722421,-9.91737746152633,-1.0482861045853735,4.906283682664298,-0.9879515903281562,0.014719907431211212,0.0018907667532219296,0.15405000647311984,0.11542685920583613,-0.11785284339985724,-0.146275150969967,0.0030187705988282687,0.0036237496033209027,-0.0487413057271624,15128,512000000,4.92,0,2,1,-8.059636632958677,-1.766840218827408,4.962575989268249,-8.059636632958677,-1.766840218827408,4.962575989268249,131.6603844165802
-7.679133974894982,-4.2216396275100765,4.22948675722421,-9.900326516174609,-1.0893590196386478,4.866259863718829,-0.9868060754733303,0.014226878429512941,0.0010940673920352322,0.16127668261598505,0.09048834856375852,-0.11512596555455815,-0.14776576182180465,0.0025826431055975263,0.006599970538445632,-0.05361957446439192,15128,762000000,4.28,0,2,1,-8.050786951862033,-1.8024446520401578,4.927140694304307,-8.050786951862033,-1.8024446520401578,4.927140694304307,132.02134442329407
-7.612492823579743,-4.263200821770462,4.190983005625052,-9.890021933036117,-1.1278494320189856,4.825718459350594,-0.9855924867492971,0.013778567376062902,8.524691068177194e-05,0.16857518760886508,0.06827620898830807,-0.11300387223813202,-0.14880442937986582,0.0014278932553679624,0.006749857720933505,-0.05046943188062869,15129,54000000,3.45,0,2,1,-8.040601446537757,-1.8406694073587608,4.8889969606553825,-8.040601446537757,-1.8406694073587608,4.8889969606553825,132.37960076332092
-7.545207078751855,-4.303710135019719,4.155672074497985,-9.885494384454143,-1.1640045573306308,4.784951289726643,-0.984467968553113,0.01347207837670186,-0.0008396063914868721,0.1750446144793551,0.04992784929675008,-0.11129615389640331,-0.14903218936390328,0.0005588074259321729,0.005522883338926476,-0.04232494939060416,15129,333000000,2.61,0,2,1,-8.029635931861531,-1.8788789006960225,4.850854404009692,-8.029635931861531,-1.8788789006960225,4.850854404009692,132.7133183479309
-7.477293342162037,-4.3431575721909566,4.1236933199561365,-9.885302652587702,-1.193450233239908,4.749896232088773,-0.9836550856917414,0.013311571297948955,-0.0014695879719560092,0.17956423578637581,0.03754173879115875,-0.11029169713229807,-0.14932724715625742,0.00010669738372826032,0.004288177433409146,-0.034313527794438414,15129,605000000,1.9,0,2,1,-8.01779623560826,-1.9170998551528833,4.812698770098018,-8.01779623560826,-1.9170998551528833,4.812698770098018,133.0276517868042
-7.477293342162037,-4.3431575721909566,4.1236933199561365,-9.888039615524589,-1.2240801475066825,4.711820091510233,-0.9829580985463038,0.013216441498478752,-0.0019806513147561586,0.18334333693025595,0.02804144147282407,-0.10950589033779612,-0.1495900901448372,-0.00011610919727900182,0.0027323742642693105,-0.025190218366333283,15129,852000000,1.45,0,2,1,-8.007008396081188,-1.9498366376457223,4.78014413968161,-8.007008396081188,-1.9498366376457223,4.78014413968161,133.34304404258728
-7.408768370508577,-4.381533400219318,4.09517294753398,-9.891693698912574,-1.2493851196594692,4.6795608859570095,-0.982519423002765,0.013189998768812126,-0.002216467946335481,0.18567900965008177,0.026742450905605637,-0.10895545543930633,-0.1494374859112965,-0.0004928265866510628,0.0005403931851333255,-0.018172407180827577,15130,101000000,1.17,0,2,1,-7.994667050024015,-1.985324567202304,4.745088850300091,-7.994667050024015,-1.985324567202304,4.745088850300091,133.63455080986023
-7.339649071302867,-4.418828150443467,4.070223514111749,-9.893617536285127,-1.2727820975313218,4.6504330039190345,-0.9822603252386338,0.013269893386806016,-0.0020719333030327575,0.1870408257145576,0.04148642764315029,-0.10792651141125516,-0.1477699777206259,-0.0005716568466596073,-0.0035839511156154913,-0.010151398782909382,15130,318000000,1.08,0,2,1,-7.983707976042472,-2.015338816804776,4.715656860085798,-7.983707976042472,-2.015338816804776,4.715656860085798,133.917897939682
-7.339649071302867,-4.418828150443467,4.070223514111749,-9.889168116477293,-1.3031367048854448,4.616220483102523,-0.9822011805388968,0.013488576481533822,-0.001259065136995442,0.1873427714310854,0.08282843383562943,-0.10602046532222016,-0.14364709306935958,-0.0003331030711706262,-0.009070359465113143,0.0020503726773313247,15130,537000000,1.06,0,2,1,-7.9732693137354245,-2.042627415434681,4.689067525746217,-7.9732693137354245,-2.042627415434681,4.689067525746217,134.2080798149109
-7.269952498697735,-4.455032620941839,4.048943483704846,-9.87583456263552,-1.3365196928537468,4.583031484629731,-0.982284793389764,0.013730614067923565,-8.168704408071607e-05,0.18689047123856511,0.11896854254324943,-0.10435540077079981,-0.13968263691085833,-7.136314462974358e-07,-0.010232729437120724,0.004144550484852516,15130,758000000,1.01,0,2,1,-7.9601529347895035,-2.075371765170861,4.65742630163606,-7.9601529347895035,-2.075371765170861,4.65742630163606,134.55261516571045
-7.269952498697735,-4.455032620941839,4.048943483704846,-9.849020705160509,-1.3815967131739813,4.542955250562921,-0.9823112621996526,0.013938949827662056,0.0013385954931184269,0.18673108470614314,0.15047649218961248,-0.1025386944337531,-0.13548616722578372,0.0010536893569224048,-0.007986112996150041,-0.005612245286101825,15131,6000000,0.94,0,2,1,-7.946448449676003,-2.1081043214522683,4.626158772730594,-7.946448449676003,-2.1081043214522683,4.626158772730594,134.92735862731934
-7.199695849279577,-4.490137878803077,4.031416838871369,-9.81398689484722,-1.431694176027223,4.50144544776245,-0.9818988657468358,0.013894196423974938,0.002270007159097311,0.18888201560314488,0.15938404265824435,-0.10082363369737375,-0.1326021256485979,0.002022782496169384,-0.0028417811563485884,-0.02374736995989224,15131,301000000,0.83,0,2,1,-7.928487211448009,-2.148961011161722,4.587705065220964,-7.928487211448009,-2.148961011161722,4.587705065220964,135.34083247184753
-7.128896457825361,-4.524135262330099,4.017712749271311,-9.781958253429924,-1.4780608164845375,4.463259572218285,-0.9810288353387411,0.013609225848354028,0.002370511522682843,0.19336906133309512,0.1488028897270647,-0.09895083896508065,-0.1304919634026745,0.002523211492189148,0.001746195607665868,-0.03766921436181292,15131,622000000,0.73,0,2,1,-7.908318205115995,-2.1924753541575805,4.547513415622344,-7.908318205115995,-2.1924753541575805,4.547513415622344,135.72912049293518
-7.0575717930255415,-4.557016383177227,4.007885298685522,-9.75804307219176,-1.5165567351831544,4.430572336862781,-0.9799740799260059,0.013235352961281092,0.001961117692872597,0.19867506668568868,0.13235482747893296,-0.09732985703128486,-0.12872622763663086,0.002494171098987863,0.004260584637449938,-0.044265967881074175,15131,926000000,0.94,0,2,1,-7.8885378607588565,-2.23319248114899,4.510747011204807,-7.8885378607588565,-2.23319248114899,4.510747011204807,136.076758146286
-7.0575717930255415,-4.557016383177227,4.007885298685522,-9.738675383088198,-1.553103651041643,4.398281676694956,-0.9787946905072975,0.012824512435060399,0.0013111500844607115,0.204437683906326,0.11451119792677995,-0.09598062970601769,-0.12666785843890535,0.0020666655927925603,0.005239543179413886,-0.0447360122052487,15132,189000000,1.47,0,2,1,-7.870573510685676,-2.2684614606838487,4.479613203424741,-7.870573510685676,-2.2684614606838487,4.479613203424741,136.43158197402954
-6.985739453173902,-4.5887731284199065,4.001973271571728,-9.722558849063065,-1.5903930989967652,4.364038152778678,-0.9775627473666215,0.012434698204272366,0.0005902807878273904,0.21027625831315971,0.09812243956349406,-0.09479254069223306,-0.12409052895773269,0.0014893282468619873,0.004734556250696187,-0.03974128012487199,15132,451000000,2.14,0,2,1,-7.85195300933627,-2.303663285222911,4.449231451984643,-7.85195300933627,-2.303663285222911,4.449231451984643,136.79934191703796
-6.913417161825448,-4.619397662556434,4.0,-9.710538878241056,-1.6258047973856284,4.330509214193939,-0.9764766584145883,0.012123782031605397,-1.7767568576951276e-05,0.21528202239165983,0.08494061191054898,-0.09381061751672681,-0.12109962772788771,0.001237375613527547,0.0037496114146051696,-0.03303431149106473,15132,731000000,2.85,0,2,1,-7.831186048945171,-2.3415246641053393,4.417417427087614,-7.831186048945171,-2.3415246641053393,4.417417427087614,137.15054869651794
-6.840622763423389,-4.648882429441257,4.001973271571728,-9.701578857729702,-1.659747627097424,4.297773513291352,-0.9755775463053369,0.011859054840438931,-0.00046602944952928247,0.21933444047778167,0.0766631126748375,-0.09304539210888615,-0.11789815404421067,0.0014128073530628171,0.0023213892518469947,-0.026000080833910033,15133,15000000,3.48,0,2,1,-7.809725514485709,-2.379320616801551,4.3865950148704425,-7.809725514485709,-2.379320616801551,4.3865950148704425,137.48911046981812
-6.840622763423389,-4.648882429441257,4.001973271571728,-9.693784819021985,-1.693038910786319,4.266004187731632,-0.9748852038159436,0.01161546739606648,-0.0006352013713591693,0.22240394964373855,0.07779751353732406,-0.09203054241383046,-0.11386930456102444,0.0017927317117027997,-0.00015454214405963285,-0.01862758963397937,15133,279000000,4.0,0,2,1,-7.787654782297714,-2.417019757328453,4.356857479142728,-7.787654782297714,-2.417019757328453,4.356857479142728,137.85798382759094
-6.767374218896285,-4.677220154149337,4.0078852986855225,-9.68500239324772,-1.724368479390586,4.237619642485922,-0.9744331315633126,0.011417002521951734,-0.00043488392883487756,0.22438702066095173,0.08970337295314057,-0.09022884416012425,-0.10923894779557078,0.002343589312658878,-0.0029098250251990976,-0.01198953850689577,15133,562000000,4.41,0,2,1,-7.764906397666365,-2.454626165219565,4.328257215722681,-7.764906397666365,-2.454626165219565,4.328257215722681,138.19714546203613
-6.693689601226457,-4.704403844771127,4.017712749271311,-9.672874651557409,-1.7546626494855957,4.212629690067738,-0.974196212681435,0.011251960935224015,0.00010905520654611381,0.22542209447882894,0.11154455845203629,-0.08762824126883884,-0.1039820067555512,0.0029708353849855484,-0.0053856456815992715,-0.005663327101501636,15133,829000000,4.69,0,2,1,-7.743187376746357,-2.4894814277340784,4.3028051294501894,-7.743187376746357,-2.4894814277340784,4.3028051294501894,138.52882719039917
-6.693689601226457,-4.704403844771127,4.017712749271311,-9.650861481581543,-1.792778952085272,4.185342491314844,-0.9741318554036795,0.011047606394005469,0.00109872393978215,0.22570749098435333,0.14597601075794014,-0.08375025563317186,-0.09651668571993162,0.0031530927344647353,-0.007040527043500333,-0.0005116913087022112,15134,73000000,4.84,0,2,1,-7.722655490918983,-2.521572065138454,4.280288807817932,-7.722655490918983,-2.521572065138454,4.280288807817932,138.86624431610107
-6.6195870909907475,-4.730426794137727,4.031416838871369,-9.618141429129073,-1.836780284591086,4.158488421149315,-0.9740911144876719,0.01082317190310883,0.002172273731532521,0.22588634499003357,0.17375444846868326,-0.08028698810124493,-0.08899893474483087,0.0031517957722826395,-0.005757605640610564,-0.0038030028918001335,15134,345000000,4.9,0,2,1,-7.698179474110462,-2.5588432214900383,4.255215526882643,-7.698179474110462,-2.5588432214900383,4.255215526882643,139.2615761756897
-6.545084971874738,-4.755282581475767,4.048943483704846,-9.57955194681224,-1.882654477564092,4.133812571923641,-0.9738357169529381,0.010540353840959872,0.0029181177599818925,0.22698982778178145,0.18538575820411515,-0.07778903474216767,-0.08269463302593318,0.002944426341855433,-0.002650045007612789,-0.013826020767737646,15134,639000000,4.95,0,2,1,-7.671358868482013,-2.5985540784971315,4.229842455522275,-7.671358868482013,-2.5985540784971315,4.229842455522275,139.65268349647522
-6.545084971874738,-4.755282581475767,4.048943483704846,-9.54274498697903,-1.925390545220305,4.112355618524445,-0.9732392883285579,0.010219301884146988,0.0031439008765432514,0.2295451358883484,0.1815093101937629,-0.07614976589657027,-0.07760494237704806,0.002399704681010917,0.00031477824222747586,-0.02414340888208244,15134,946000000,5.11,0,2,1,-7.643979304250148,-2.6380203800064765,4.2060552709205234,-7.643979304250148,-2.6380203800064765,4.2060552709205234,140.02702379226685
-6.470201626161521,-4.77896507399165,4.070223514111748,-9.508402082672195,-1.966815444526024,4.0922580880725175,-0.9723293241782985,0.009863857472859469,0.002979451662122424,0.23338704447016945,0.168531972139713,-0.07507071498166817,-0.07267861725862916,0.002599271942926862,0.0024717810902075144,-0.031318384571932256,15135,235000000,5.45,0,2,1,-7.617955209486928,-2.674592520038663,4.1853300435511995,-7.617955209486928,-2.674592520038663,4.1853300435511995,140.4086525440216
-6.394955530196148,-4.801468428384715,4.09517294753398,-9.478111753478238,-2.0063224636974515,4.073400411942578,-0.9712466437838797,0.009445276933463712,0.0025926209656294717,0.23787396242280823,0.1518324145352119,-0.07441971454205139,-0.06793705892165838,0.002337537694074854,0.003538307214512315,-0.03343110111018177,15135,513000000,5.95,0,2,1,-7.591365189566183,-2.7109724562553925,4.166115366181771,-7.591365189566183,-2.7109724562553925,4.166115366181771,140.77223181724548
-6.319365249826863,-4.822787092288991,4.123693319956137,-9.450699464578603,-2.0463182088048906,4.054604918778983,-0.9700757993786844,0.009019974463577643,0.002092480957163654,0.24262564795158453,0.13442600714583303,-0.07401167686856142,-0.06242390067348559,0.0018886817088059615,0.003425405134294124,-0.030848998721921816,15135,790000000,6.54,0,2,1,-7.564210327115628,-2.747161879611593,4.148490168420994,-7.564210327115628,-2.747161879611593,4.148490168420994,141.1194565296173
-6.319365249826863,-4.822787092288991,4.123693319956137,-9.427608962242052,-2.0842359541363025,4.037452225460748,-0.9690318845505352,0.008649640342092061,0.001675129303964735,0.24677841151163293,0.12123737530326226,-0.07351059851762581,-0.05644258595682804,0.001903304200823186,0.0026481601480554673,-0.02530964065954322,15136,78000000,7.17,0,2,1,-7.5345840023641575,-2.7857023745935554,4.131391956339614,-7.5345840023641575,-2.7857023745935554,4.131391956339614,141.50301933288574
-6.243449435824273,-4.842915805643156,4.155672074497986,-9.410186861073738,-2.11577269605591,4.023993955360922,-0.968296273986998,0.008338716469313646,0.0014205039513344704,0.2496613181072811,0.11369240324517697,-0.07297415315978925,-0.05118965723129494,0.002316002201041556,0.0017727468161865545,-0.02006936447287444,15136,378000000,7.73,0,2,1,-7.504472623461538,-2.823958409304524,4.116115826931047,-7.504472623461538,-2.823958409304524,4.116115826931047,141.84590578079224
-6.167226819279525,-4.861849601988383,4.190983005625053,-9.39384972469396,-2.1466288894644547,4.011904297752594,-0.9677351960915624,0.008012283013279012,0.0013254291162073904,0.25183851334575114,0.11233650196368786,-0.07185523090474391,-0.04554643345314705,0.0026837896029974218,0.00047191045098315954,-0.01421952238160884,15136,639000000,8.13,0,2,1,-7.478036468725158,-2.8568749275202796,4.104377503379324,-7.478036468725158,-2.8568749275202796,4.104377503379324,142.19167160987854
-6.090716206982712,-4.879583809693737,4.229486757224211,-9.375507457047812,-2.179818579515464,4.00062783395865,-0.9673472312354043,0.007652249296052797,0.0014417547819921893,0.2533351508280229,0.11897197873197414,-0.06949598005167913,-0.03857172822225106,0.003169568822158908,-0.0009950424896487675,-0.007674424659853685,15136,897000000,8.45,0,2,1,-7.45132092845994,-2.889562377852666,4.0940517977107165,-7.45132092845994,-2.889562377852666,4.0940517977107165,142.57317805290222
-6.090716206982712,-4.879583809693737,4.229486757224211,-9.352653198765653,-2.2162115732900807,3.9908263893317333,-0.9671614183526136,0.007261398551238626,0.0017698092831859948,0.25405300769001277,0.13386459075108442,-0.0659529432692277,-0.03036169223046481,0.0033448243584643933,-0.0021174897483433597,-0.0021939352564004366,15137,191000000,8.69,0,2,1,-7.422267157103921,-2.9244122324675974,4.084461401428733,-7.422267157103921,-2.9244122324675974,4.084461401428733,142.96110463142395
-6.013936476782562,-4.896114053108828,4.271031372578589,-9.324583160136081,-2.25417964086859,3.9835851774584747,-0.9671428048598315,0.006900952043780415,0.002220353743241716,0.254130363982744,0.15185922227827212,-0.062143844430516716,-0.022126310727336708,0.0029446977123370743,-0.002216665575360821,0.00023246233666895932,15137,496000000,8.84,0,2,1,-7.390729454166941,-2.961378109805942,4.076075067742774,-7.390729454166941,-2.961378109805942,4.076075067742774,143.34019494056702
-5.936906572928623,-4.911436253643443,4.315452894071312,-9.291843312014755,-2.2935781816391656,3.9787048584039346,-0.9671522539007735,0.006547710489000387,0.0026112769635823203,0.25410003245695306,0.16599312530181462,-0.05894643220182574,-0.014569698769864147,0.003308666168777563,-0.0016961929873104964,-0.00033641164236541954,15137,786000000,8.92,0,2,1,-7.358740268174669,-2.9979390388901686,4.069708412649343,-7.358740268174669,-2.9979390388901686,4.069708412649343,143.73996424674988
-5.859645501397048,-4.925546630773869,4.36257601025131,-9.253005126143696,-2.3366082347350234,3.976040308161745,-0.9670974821617945,0.006135425421573421,0.00294763704647267,0.25431501722677596,0.17531237526052504,-0.05600539267554888,-0.006427009414658384,0.002847374594239227,-0.0010984469327013358,-0.003267930333095137,15138,79000000,8.99,0,2,1,-7.326353218420995,-3.0341012657492596,4.06536135593641,-7.326353218420995,-3.0341012657492596,4.06536135593641,144.161616563797
-5.859645501397048,-4.925546630773869,4.36257601025131,-9.21747115117052,-2.3744201915634098,3.975836321086969,-0.966933088416042,0.005801823993953973,0.0031416423244063066,0.25494484001066453,0.1766129772826136,-0.05430234032319745,0.0005192363070933339,0.0027233055561737274,-0.0002837095706809123,-0.006704397446810617,15138,406000000,9.1,0,2,1,-7.291436123581738,-3.0721967588098966,4.062909340805756,-7.291436123581738,-3.0721967588098966,4.062909340805756,144.53217673301697
-5.782172325201155,-4.938441702975688,4.412214747707527,-9.180075439230267,-2.4141954529491434,3.9777301568683523,-0.9666041696143728,0.005425910266768452,0.003201946612386494,0.25619657749426955,0.17030026856337427,-0.05332382037953866,0.007508575707880841,0.0025872264814097434,0.0007200222057690553,-0.010352056415285915,15138,695000000,9.25,0,2,1,-7.260617857820383,-3.1051180101042393,4.062571307256193,-7.260617857820383,-3.1051180101042393,4.062571307256193,144.89745998382568
-5.704506159687915,-4.950118288582788,4.464173205021003,-9.147180847821948,-2.450105589900904,3.981196582831507,-0.9662007666241782,0.0050654423052908125,0.0031444786418480713,0.25772181150064377,0.1611161571805067,-0.052879236224010716,0.013384117292040884,0.0024712188860576134,0.0011604408314269676,-0.011676697704388062,15138,982000000,9.48,0,2,1,-7.2272352617129165,-3.139954857039927,4.064243913832314,-7.2272352617129165,-3.139954857039927,4.064243913832314,145.27225065231323
-5.626666167821523,-4.960573506572389,4.518246325898284,-9.116705294129398,-2.484669261129215,3.986329803406492,-0.9657866343659423,0.004719523730208779,0.003059788041498928,0.2592769574663482,0.1517893678298808,-0.05246045497277472,0.019750791797132333,0.0021991955236444483,0.001091200783776003,-0.010648358875187114,15139,266000000,9.75,0,2,1,-7.1956909172140815,-3.172075713456332,4.067713200236112,-7.1956909172140815,-3.172075713456332,4.067713200236112,145.63179731369019
-5.626666167821523,-4.960573506572389,4.518246325898284,-9.090218930419628,-2.5156567483122365,3.9927192863845518,-0.9654629499191749,0.004433303574499698,0.002996373963594341,0.2604854312545167,0.14507909627496293,-0.05173456835684326,0.026091394678978398,0.002005438341257104,0.0009468227631259651,-0.008400717706535943,15139,546000000,10.02,0,2,1,-7.163771825570221,-3.203814498308674,4.073002444848922,-7.163771825570221,-3.203814498308674,4.073002444848922,145.9816379547119
-5.548671555455229,-4.969804777275898,4.574220708434925,-9.061140424548768,-2.5503221322425413,4.002163186663342,-0.9651948351441563,0.004116908502268357,0.0029356066023415225,0.26148300803169844,0.14037197634965953,-0.05055739181602513,0.03346112776394143,0.0021624467080982868,0.0008899301462861331,-0.005267642109174631,15139,816000000,10.24,0,2,1,-7.13388233506066,-3.2329237494898817,4.079440897422777,-7.13388233506066,-3.2329237494898817,4.079440897422777,146.34585738182068
-5.47054156659257,-4.9778098230154,4.631875447315323,-9.034471225170968,-2.5820450410227176,4.012805595286482,-0.9650544154937857,0.0038187963831983565,0.0028954256931671544,0.26200574123516124,0.14013498512708727,-0.04898352554809667,0.039772577099601476,0.0019236755861129495,0.0005856118264091492,-0.0020441572360141436,15140,99000000,10.45,0,2,1,-7.099104002536987,-3.2660383111394755,4.088678590707832,-7.099104002536987,-3.2660383111394755,4.088678590707832,146.7122220993042
-5.392295478639223,-4.9845866686656395,4.690983005625053,-9.007070497286715,-2.613568503717511,4.025273496900389,-0.9650394523721966,0.0035581223607406257,0.0029043454822416472,0.2620644193853041,0.1440732109888731,-0.04662924526267869,0.04651495831665616,0.0018982313576998422,0.0002801256755446957,0.0012916283935737738,15140,385000000,10.6,0,2,1,-7.066380443182409,-3.296464770566634,4.09901912682707,-7.066380443182409,-3.296464770566634,4.09901912682707,147.05775046348572
-5.392295478639223,-4.9845866686656395,4.690983005625053,-8.980032229273991,-2.6429791754320293,4.038583633439983,-0.9651296231276691,0.003333775208764224,0.002931653149950316,0.2617347930904656,0.15061857736079107,-0.043913960683644324,0.053139909447906544,0.0015418402426803368,0.00020668316835781297,0.003887088405463146,15140,659000000,10.7,0,2,1,-7.033300172035534,-3.326438354281868,4.111207457108139,-7.033300172035534,-3.326438354281868,4.111207457108139,147.40512561798096
-5.313952597646566,-4.990133642141358,4.751310112835146,-8.943992079934548,-2.6795412460658476,4.057392370569121,-0.965338628016566,0.0030775798640819566,0.0029605217043677974,0.2609657009503584,0.15969791454006055,-0.040481138506866535,0.061111341108127284,0.0018821708863470121,0.00032376081264828827,0.00555617070858716,15140,936000000,10.74,0,2,1,-7.002350934908368,-3.3538757135915906,4.12402572056134,-7.002350934908368,-3.3538757135915906,4.12402572056134,147.78645539283752
-5.235532253548213,-4.99444937480985,4.812618685414276,-8.907557293134833,-2.7142212426906958,4.077101833834078,-0.9655644926939679,0.002811252919797414,0.002968484727740454,0.26013168858115304,0.16678518105142004,-0.037726143732682814,0.0675300083281408,0.0016218804034906498,0.00044829917840161215,0.005871716530236881,15141,239000000,10.75,0,2,1,-6.963908697530198,-3.387100328412625,4.141737983759145,-6.963908697530198,-3.387100328412625,4.141737983759145,148.171062707901
-5.157053795390642,-4.997532801828658,4.874666766435696,-8.869210621227268,-2.7490066111831393,4.098765074989166,-0.9657916760057537,0.002566943470734697,0.002956472502695051,0.2592896230657064,0.17046410951287233,-0.03546075129216679,0.07410226410488283,0.0016055341347964713,0.0005353521430606634,0.0053820080665900605,15141,544000000,10.75,0,2,1,-6.927607018416119,-3.4177039110575556,4.160127272711685,-6.927607018416119,-3.4177039110575556,4.160127272711685,148.53323483467102
-5.157053795390642,-4.997532801828658,4.874666766435696,-8.830241352357872,-2.783430895467245,4.122393136829712,-0.965982862582526,0.002329280592337913,0.002935700619642157,0.25857893439076424,0.16926411903523791,-0.03393473209390653,0.08067453928845261,0.0014364611502060143,0.0004890223749498546,0.004249175299264607,15141,839000000,10.75,0,2,1,-6.890955483460627,-3.447794272320149,4.180423917849593,-6.890955483460627,-3.447794272320149,4.180423917849593,148.91194319725037
-5.078536586559104,-4.999383162408303,4.9372094804706865,-8.796927662663826,-2.8125659403977323,4.144419500279804,-0.9661127650983866,0.0021329364021802884,0.0029256143683250605,0.2580949756907759,0.16585485509128756,-0.032965118897392134,0.08588084674852046,0.00185411693109927,0.0005282142865326023,0.003482176589386654,15142,149000000,10.77,0,2,1,-6.85401838017738,-3.4773687224872125,4.202436851148001,-6.85401838017738,-3.4773687224872125,4.202436851148001,149.26868319511414
-5.000000000000001,-5.0,4.999999999999999,-8.761850325114663,-2.8431968553542406,4.169470355636125,-0.9662298566378353,0.0018765869962706347,0.0029062615875938775,0.2576584875498152,0.16116539250307552,-0.032344889106881866,0.09062894703939536,0.0016758721585574676,0.0006716375423820864,0.003265820691922272,15142,416000000,10.8,0,2,1,-6.821780132902686,-3.5025848199088707,4.222826944004711,-6.821780132902686,-3.5025848199088707,4.222826944004711,149.62362027168274
-5.000000000000001,-5.0,4.999999999999999,-8.728090970765166,-2.8728519265797146,4.195865919466648,-0.96635816983185,0.0016492822912710524,0.0028713721749873853,0.2571787757358557,0.1550476788868281,-0.031736703887435574,0.09568632396532614,0.001329530562088621,0.0005723070614749304,0.0039938865029398585,15142,683000000,10.84,0,2,1,-6.786862451523732,-3.529322639628134,4.246043129073303,-6.786862451523732,-3.529322639628134,4.246043129073303,149.97409749031067
-4.921463413440898,-4.999383162408303,5.062790519529313,-8.697828729963907,-2.89951523069932,4.221642554819835,-0.9665053478402588,0.001476037591210731,0.00284772266237024,0.2566264296304015,0.15037986287954783,-0.03103024495310435,0.10011481991325726,0.0012390024608066597,0.0006269963819249824,0.004719358867077972,15142,960000000,10.87,0,2,1,-6.751777896267196,-3.555607742327771,4.270455247023179,-6.751777896267196,-3.555607742327771,4.270455247023179,150.3264720439911
-4.84294620460936,-4.997532801828658,5.1253332335643025,-8.666147710484019,-2.9274138219835506,4.250470218971491,-0.9666881739503864,0.0012991771265076033,0.002787609701102386,0.25593849986943307,0.1473217826420236,-0.030011318659168527,0.10390774954418247,0.0009574708769832796,0.0007752928013360361,0.0058227491990692215,15143,234000000,10.89,0,2,1,-6.718933268489083,-3.5796009926713257,4.2943206130929585,-6.718933268489083,-3.5796009926713257,4.2943206130929585,150.69347095489502
-4.764467746451789,-4.99444937480985,5.187381314585723,-8.632114036049618,-2.9567484444571366,4.282616625029625,-0.9669471739103992,0.0011559257569653642,0.002705219431480336,0.2549598174029845,0.1479532304185292,-0.02812275583211856,0.108628017406695,0.0005092517824323295,0.0007542688138073572,0.0077600882832484785,15143,514000000,10.91,0,2,1,-6.6832485528578776,-3.6049732752707104,4.3213298200471,-6.6832485528578776,-3.6049732752707104,4.3213298200471,151.05329012870789
-4.764467746451789,-4.99444937480985,5.187381314585723,-8.602100840757304,-2.981812548910827,4.31167849537803,-0.9672295712239722,0.001079087005311053,0.002625142941877748,0.2538875750123684,0.14992083538497628,-0.026169710436312953,0.11308760115296021,0.00017713280300313272,0.0007402543928947125,0.009539685015624855,15143,805000000,10.89,0,2,1,-6.644705448670789,-3.6316702329804165,4.351615594847609,-6.644705448670789,-3.6316702329804165,4.351615594847609,151.40150237083435
-4.686047402353436,-4.990133642141358,5.248689887164852,-8.570884805035284,-3.0067641153503417,4.341915185711953,-0.967575248401696,0.0010278232036443047,0.0025318801971840233,0.25256815286675643,0.15433738123241308,-0.02386756127831228,0.1173825053227596,0.00040056131354049285,0.0009198725081205339,0.01090116893465165,15144,70000000,10.85,0,2,1,-6.61109797341544,-3.6544215300460228,4.378826324610998,-6.61109797341544,-3.6544215300460228,4.378826324610998,151.74926209449768
-4.607704521360774,-4.9845866686656395,5.309016994374948,-8.53593810881925,-3.03356384161374,4.375538484544071,-0.9679628561311218,0.0009350709005448067,0.002405494927384483,0.2510801632687192,0.1579764355262574,-0.021794723517463293,0.12104184911764566,0.00043682182706561434,0.001085198653072439,0.011227807681279955,15144,323000000,10.78,0,2,1,-6.577288347515693,-3.6767801458390053,4.406922736458126,-6.577288347515693,-3.6767801458390053,4.406922736458126,152.11897683143616
-4.607704521360774,-4.9845866686656395,5.309016994374948,-8.502419805863003,-3.058305445309989,4.407682896492523,-0.9683369665339747,0.000852470074601425,0.002283587794726715,0.24963488891846713,0.16083449652854995,-0.019886426428962222,0.12454606144786565,0.0002767859001551187,0.0009601009651305503,0.01172224529000232,15144,607000000,10.69,0,2,1,-6.540702455303621,-3.7004116214119245,4.4380270581970365,-6.540702455303621,-3.7004116214119245,4.4380270581970365,152.46820187568665
-4.529458433407427,-4.9778098230154,5.368124552684678,-8.459959593147671,-3.088482867963845,4.4484832955247136,-0.9688089145871358,0.0007575127163885515,0.0021688817901210737,0.24779832352693798,0.16338227861675841,-0.01786508143040853,0.12834532630810286,0.0006519817020489427,0.0008374352489681769,0.011613743845373392,15144,873000000,10.61,0,2,1,-6.506552955067296,-3.721929829871267,4.467624500581512,-6.506552955067296,-3.721929829871267,4.467624500581512,152.89759945869446
-4.451328444544774,-4.969804777275899,5.425779291565073,-8.41932303385278,-3.116467541520534,4.487579602857314,-0.9692339911694767,0.000645661983414954,0.0020711205479548083,0.24613159882868652,0.16489100415237246,-0.016325940298607185,0.1308891168082077,0.0004306756949290502,0.0007305002895918733,0.011600591005844763,15145,193000000,10.49,0,2,1,-6.46416933169361,-3.747887291809519,4.50510529304302,-6.46416933169361,-3.747887291809519,4.50510529304302,153.25966095924377
-4.373333832178479,-4.9605735065723895,5.481753674101715,-8.380814898095833,-3.1422349212446363,4.524812790181349,-0.9696375509132754,0.000573029083016645,0.0019929695913776407,0.24453776716242193,0.16474398073556853,-0.01490200012143148,0.13361915722039003,0.00026952047846862115,0.0006308919751063513,0.011650337728497107,15145,479000000,10.39,0,2,1,-6.424058024619529,-3.7716629345109993,4.54132841779308,-6.424058024619529,-3.7716629345109993,4.54132841779308,153.63773322105408
-4.373333832178479,-4.9605735065723895,5.481753674101715,-8.342547221891822,-3.1673043325637256,4.562810810802024,-0.9700333033979345,0.00052237304249587,0.0019254102699878088,0.2429638043425139,0.16205521821452748,-0.013670816839231211,0.136351923898235,0.00015475469297143718,0.00042979366128292895,0.011851162525999825,15145,766000000,10.29,0,2,1,-6.38630473425004,-3.7933981422204797,4.576012457764122,-6.38630473425004,-3.7933981422204797,4.576012457764122,154.00846672058105
-4.295493840312087,-4.950118288582788,5.5358267949789965,-8.304638414644346,-3.191612613368587,4.60151960866362,-0.9704440732703934,0.0004818005732314338,0.001885108404360058,0.24131828544243966,0.15966905708711324,-0.01251321214398284,0.1385202263149528,0.0004143672782674912,0.00041597381823521573,0.012006620818283409,15146,51000000,10.2,0,2,1,-6.34826690142413,-3.814685565406581,4.611396129596612,-6.34826690142413,-3.814685565406581,4.611396129596612,154.36936807632446
-4.217827674798847,-4.938441702975689,5.5877852522924725,-8.267116013051988,-3.215242968364918,4.64065893202607,-0.9708428143413985,0.00041550148893552486,0.0018335339233609602,0.2397096063021607,0.1574782238773744,-0.011571109235590833,0.13988148479656293,0.00028010422568058857,0.00046559889028685575,0.012023115687043173,15146,331000000,10.09,0,2,1,-6.309972288146874,-3.835521442500517,4.647338264527637,-6.309972288146874,-3.835521442500517,4.647338264527637,154.7217035293579
-4.140354498602954,-4.92554663077387,5.637423989748688,-8.229798677169626,-3.2382626095072946,4.680224216749844,-0.9712577304888022,0.0003753993921085057,0.0017808831930909846,0.23802333603260478,0.15617723568081568,-0.010326506035046272,0.14156635395250583,-2.6743244951887846e-05,0.00043073563062989706,0.01290875079575926,15146,602000000,9.99,0,2,1,-6.2714100646001905,-3.855937188233073,4.683758397065763,-6.2714100646001905,-3.855937188233073,4.683758397065763,155.0924735069275
-4.140354498602954,-4.92554663077387,5.637423989748688,-8.195117496585695,-3.259089282258108,4.71739772040075,-0.9716690210443978,0.00036780222828876373,0.001724943553459745,0.23633916906403718,0.1555397971134091,-0.008879767606111748,0.14321807780090318,-0.00010448611291735688,0.00042180157606708235,0.013755839336226927,15146,884000000,9.87,0,2,1,-6.232609182466639,-3.8759225437623774,4.720540238596322,-6.232609182466639,-3.8759225437623774,4.720540238596322,155.44550156593323
-4.0630934270713785,-4.911436253643443,5.684547105928687,-8.154917989838514,-3.282467490940569,4.7607919325726735,-0.9721663204210345,0.0003622573785177069,0.0016566021484277456,0.2342856587116256,0.15497098284719318,-0.007318926237624095,0.14463788693666818,7.520853095854818e-06,0.0006180380751175107,0.014083797395869624,15147,155000000,9.75,0,2,1,-6.196385347067767,-3.8940850481245626,4.754939185967647,-6.196385347067767,-3.8940850481245626,4.754939185967647,155.80332016944885
-3.9860635232174397,-4.896114053108829,5.72896862742141,-8.117330755600255,-3.303744014955516,4.801498188141687,-0.9726237828706847,0.0003397407133940533,0.001563417299178743,0.23237989865071246,0.15433970696637583,-0.0061705123736970485,0.14514043156396778,-5.573892849497497e-05,0.000614701582435373,0.014054304483579472,15147,448000000,9.59,0,2,1,-6.154275090318542,-3.914582001756157,4.794949964987154,-6.154275090318542,-3.914582001756157,4.794949964987154,156.17483520507812
-3.90928379301729,-4.879583809693738,5.770513242775788,-8.079565740895859,-3.324484824361436,4.842366062578435,-0.973084460423827,0.00033880472743630277,0.0014884315633433847,0.23044370823371974,0.15421114401601543,-0.00462531956817792,0.14580074210145658,-0.0003092550031169594,0.0005462757485474867,0.014503311376756756,15147,728000000,9.45,0,2,1,-6.114596057979956,-3.933240464307256,4.832662871752614,-6.114596057979956,-3.933240464307256,4.832662871752614,156.53588771820068
-3.90928379301729,-4.879583809693738,5.770513242775788,-8.038764377084515,-3.3460888300514715,4.886353818603949,-0.973594401068519,0.00036361350445269765,0.0013928553508277038,0.2282802443209292,0.1544450571495491,-0.002834797189735587,0.14649047165759085,-0.0003428544317785054,0.0005742232417560444,0.015107607578102034,15148,15000000,9.3,0,2,1,-6.074573958198489,-3.9514524044563695,4.870566626159601,-6.074573958198489,-3.9514524044563695,4.870566626159601,156.90526175498962
-3.832773180720472,-4.861849601988383,5.809016994374948,-8.000248759657076,-3.36571689147888,4.9275539184825625,-0.9740811566652869,0.00038464383226479175,0.0013072577487681526,0.22619470231620548,0.15550227356518037,-0.0012224997578462204,0.14666874423706883,-0.00018439189375385467,0.0006329917596303858,0.015419468400068581,15148,305000000,9.13,0,2,1,-6.031378243405538,-3.9705010992143928,4.911227462580514,-6.031378243405538,-3.9705010992143928,4.911227462580514,157.28319692611694
-3.7565505641757255,-4.842915805643155,5.844327925502015,-7.960956275955746,-3.3850181373712744,4.968649668496195,-0.9745711437379447,0.0004014674347068599,0.0012051144869138274,0.2240747025353083,0.1582707710474291,0.0004778749330079622,0.1460227649236873,-0.0005899577956824942,0.000694279083290894,0.015813070785952732,15148,584000000,8.95,0,2,1,-5.990772707980617,-3.9878596840126033,4.949153616038652,-5.990772707980617,-3.9878596840126033,4.949153616038652,157.63675117492676
-3.680634750173135,-4.822787092288991,5.8763066800438635,-7.91457628990752,-3.4067935279125305,5.015355609471766,-0.9751467326151076,0.00045585482033501466,0.0010793423512463307,0.2215569387009838,0.16244862583305406,0.0027130605612183875,0.14513187499570007,-0.000399379871396377,0.0007174298332301987,0.016450319526484236,15148,872000000,8.77,0,2,1,-5.949918449396035,-4.004822922467169,4.986956252941255,-5.949918449396035,-4.004822922467169,4.986956252941255,158.03733563423157
-3.680634750173135,-4.822787092288991,5.8763066800438635,-7.872723668304802,-3.425570001164825,5.055979852950888,-0.9756617537339112,0.00048753169673925107,0.0009729064007163018,0.219278266289318,0.1655898829108365,0.004600692633892068,0.14430330213880016,-0.0004159723431484963,0.0006031800580785784,0.017030315575539134,15149,178000000,8.55,0,2,1,-5.902962906948139,-4.023755209543531,5.0298519353426405,-5.902962906948139,-4.023755209543531,5.0298519353426405,158.40554428100586
-3.605044469803854,-4.801468428384715,5.904827052466019,-7.8268289893474305,-3.4452873969365436,5.099191825038498,-0.9762242938818244,0.0005130754290327169,0.0008870835413405372,0.2167604158312299,0.16641385672640938,0.006099926402262019,0.14287533971777275,-5.101611293412134e-05,0.0005163788273421233,0.016900933405850083,15149,464000000,8.35,0,2,1,-5.861517234037709,-4.039912190647344,5.06720257821066,-5.861517234037709,-4.039912190647344,5.06720257821066,158.76636695861816
-3.5297983738384806,-4.7789650739916505,5.929776485888251,-7.7841800387246005,-3.46307689492444,5.139004704659957,-0.9767262044589706,0.0005061229701913972,0.0008285644174140731,0.214487712570483,0.16408875877782428,0.006809883651879874,0.14094374089168907,-6.996475789833312e-05,0.0003076857922224008,0.016571234664297663,15149,762000000,8.12,0,2,1,-5.81675232560266,-4.056754976315606,5.106933182883829,-5.81675232560266,-4.056754976315606,5.106933182883829,159.15036058425903
-3.5297983738384806,-4.7789650739916505,5.929776485888251,-7.7418756977278,-3.4802043881768423,5.17827238017114,-0.9772243283731322,0.0005109863615699822,0.0008035355392003124,0.21220675121036126,0.16228826723702977,0.007835771313952142,0.13895418335333995,-0.00010624412496440527,5.529503468437724e-05,0.016928065815591253,15150,48000000,7.91,0,2,1,-5.774634941103564,-4.07199484742024,5.143619028791508,-5.774634941103564,-4.07199484742024,5.143619028791508,159.5738627910614
-3.4549150281252636,-4.755282581475768,5.951056516295154,-7.699729994488527,-3.4966651424005235,5.216939124529319,-0.9777302925842534,0.0005220402441942382,0.0008060053578932319,0.20986317636130647,0.16095542312652966,0.008946790344482852,0.13660026459645735,3.561819532649224e-05,-1.6865100960217205e-05,0.016987008530122694,15150,336000000,7.71,0,2,1,-5.732204984443887,-4.086796307117363,5.179780111625948,-5.732204984443887,-4.086796307117363,5.179780111625948,159.93713688850403
-3.3804129090092543,-4.730426794137727,5.968583161128631,-7.654748232393832,-3.5136470618748046,5.2575365009313,-0.9782542206031106,0.0005247409459633399,0.0008044931554985865,0.20740722578999676,0.1597081300868806,0.009928272963266864,0.13357367180330015,-0.0001851519542128699,8.081477957944116e-05,0.01671809750405373,15150,611000000,7.49,0,2,1,-5.689491089672291,-4.101198763585719,5.215328849172141,-5.689491089672291,-4.101198763585719,5.215328849172141,160.31988883018494
-3.3063103987735447,-4.704403844771128,5.982287250728689,-7.612785827927266,-3.5289233447548334,5.294616965327282,-0.9787402660891409,0.0005459165770885462,0.0007866167406674447,0.2051013767505025,0.15914411808377488,0.011080259749020428,0.1307857527902408,-0.00019432307709621455,0.00013168292838372508,0.017088390268327203,15150,909000000,7.27,0,2,1,-5.643436400383985,-4.116185749553343,5.252676951414109,-5.643436400383985,-4.116185749553343,5.252676951414109,160.67583990097046
-3.2326257811037165,-4.677220154149337,5.9921147013144775,-7.570685625670314,-3.543623187800116,5.330893604482263,-0.979235502632045,0.0005751438876297149,0.0007632404605848783,0.20272374566999724,0.15907942855964347,0.012543059910185811,0.12781351356865212,-0.0003884863502889857,0.0001190453772892397,0.017507714801467955,15151,178000000,7.05,0,2,1,-5.600192670367474,-4.129793029617549,5.286790109439137,-5.600192670367474,-4.129793029617549,5.286790109439137,161.04891800880432
-3.2326257811037165,-4.677220154149337,5.9921147013144775,-7.525239608116265,-3.5587187557057502,5.368795330794492,-0.9797692581459382,0.0006260199878341566,0.0007403490660652258,0.20012811090497318,0.15949766146330732,0.014332575980720599,0.12433539637681548,-0.00036871678332772717,0.00010347848160563444,0.01797554341465002,15151,466000000,6.83,0,2,1,-5.556737092836608,-4.143051996533231,5.320104402965287,-5.556737092836608,-4.143051996533231,5.320104402965287,161.4298768043518
-3.1593772365766126,-4.648882429441258,5.998026728428272,-7.482437193404355,-3.5721839021873687,5.403181569073499,-0.980274574698211,0.0006638402702239187,0.0007191292393085712,0.19763805395083678,0.15983347352799473,0.015869944551740598,0.1207617800392115,-0.00016453165727625674,0.000158188758803135,0.017983206271310337,15151,762000000,6.58,0,2,1,-5.509771658407908,-4.156802732855355,5.35485843283378,-5.509771658407908,-4.156802732855355,5.35485843283378,161.78083324432373
-3.086582838174554,-4.619397662556435,6.0,-7.439390310516328,-3.5851084110505345,5.436504793397337,-0.9807641326399572,0.0006791955601632105,0.0006934918033836523,0.19519419532737753,0.15993174142821656,0.01716421927232256,0.11681869135583614,-0.00015856419821602685,0.00018447523899567386,0.01790242768038297,15152,42000000,6.33,0,2,1,-5.4655817964906435,-4.16921008030545,5.386316227331542,-5.4655817964906435,-4.16921008030545,5.386316227331542,162.15440034866333
-3.0142605468261,-4.588773128419907,5.998026728428272,-7.392953548676679,-3.598335548388856,5.470945257151592,-0.9812914855830428,0.0006963918150864844,0.0006672689726222971,0.19252555703797564,0.16036683282929556,0.01877510815367721,0.11236786367571269,-0.0001627190584940763,0.00015967864186450242,0.018381330846750643,15152,324000000,6.09,0,2,1,-5.421060796441872,-4.181241810518839,5.416773168943617,-5.421060796441872,-4.181241810518839,5.416773168943617,162.5449686050415
-3.0142605468261,-4.588773128419907,5.998026728428272,-7.339806868436188,-3.6125496081086794,5.50833791666126,-0.9818972820789209,0.00071746756509168,0.0006440347437201736,0.18941171533347584,0.1611754926189073,0.020697516443129425,0.10719756589926344,-0.00016247398093582888,0.00011498994965108977,0.01905623958009528,15152,635000000,5.82,0,2,1,-5.373027293772059,-4.193670212655872,5.44823705038849,-5.373027293772059,-4.193670212655872,5.44823705038849,162.97264432907104
-2.942428206974456,-4.557016383177226,5.9921147013144775,-7.292426068500917,-3.6243928243744996,5.539865319752334,-0.982439534271469,0.0007292582233021207,0.0006341333281296639,0.1865787435851819,0.1616646583965741,0.022120092173553676,0.10257143129074427,3.0231758074705795e-05,1.588631546312058e-05,0.019136539231112693,15152,965000000,5.5,0,2,1,-5.318289769294787,-4.207182752385756,5.482289436722786,-5.318289769294787,-4.207182752385756,5.482289436722786,163.3440124988556
-2.871103542174641,-4.524135262330099,5.98228725072869,-7.244744844082403,-3.63569239508029,5.569953566778505,-0.9829676439299129,0.0007245148730903036,0.0006444883411827052,0.18377614290177213,0.1627854984024482,0.02323845802020227,0.09751378282982996,2.548031758919933e-05,-6.181113079151146e-05,0.018960296256409492,15153,266000000,5.21,0,2,1,-5.269715184508679,-4.218635632547471,5.510867636151846,-5.269715184508679,-4.218635632547471,5.510867636151846,163.74443006515503
-2.8003041507204247,-4.490137878803078,5.968583161128631,-7.196169197687768,-3.64662072860541,5.598429780379097,-0.9834876047923418,0.0007210033708939106,0.0006550798108680895,0.18097287709599663,0.16628971057217387,0.024742227848917,0.09193095354560939,1.5382521922902015e-05,5.120247550394197e-05,0.01915647771966178,15153,565000000,4.92,0,2,1,-5.220852670485849,-4.2296635580856385,5.537979649690247,-5.220852670485849,-4.2296635580856385,5.537979649690247,164.1282365322113
-2.8003041507204247,-4.490137878803078,5.968583161128631,-7.146171682719928,-3.657242149884764,5.6251909798124435,-0.9840085536291132,0.000714813048086158,0.0006421407926547244,0.1781186208184002,0.1706039300367223,0.02659159006522225,0.08601992115046636,5.9809573738078825e-06,0.00014867706283894222,0.01957308249984635,15153,869000000,4.63,0,2,1,-5.171714963776446,-4.240278941235794,5.563584822676066,-5.171714963776446,-4.240278941235794,5.563584822676066,164.53268456459045
-2.730047501302271,-4.455032620941842,5.951056516295155,-7.091461319113928,-3.6680866075677736,5.651720347233431,-0.984565206539708,0.0006903983428306629,0.0006296398930131,0.17501565922841034,0.17226113565010245,0.028107450734971402,0.0795968524231089,0.00037086996940161043,9.090667916211714e-05,0.01957805889105657,15154,175000000,4.33,0,2,1,-5.122353927954564,-4.250455596521386,5.587607982440744,-5.122353927954564,-4.250455596521386,5.587607982440744,164.92379450798035
-2.6603509286971345,-4.418828150443468,5.929776485888252,-7.0436860065695885,-3.67698753169375,5.673310386248748,-0.9850387177393584,0.0006409059522442888,0.000642511846046419,0.1723307893920546,0.17048709120289385,0.02884299669751588,0.07424315999597927,0.00032652848744874063,-0.0001460820726606471,0.019514297127898317,15154,481000000,4.0,0,2,1,-5.069305855431302,-4.260760779645325,5.611395112323205,-5.069305855431302,-4.260760779645325,5.611395112323205,165.28330159187317
-2.5912316294914213,-4.3815334002193165,5.904827052466018,-6.996189059266296,-3.6852121740661645,5.693363970089241,-0.9855086178134533,0.0005922463350352652,0.000690057418290339,0.1696229267535922,0.16915057497346225,0.03001638947158533,0.06858171311379371,0.000633136005490087,-0.00025965964312035794,0.019795492517005187,15154,770000000,3.73,0,2,1,-5.022541655274817,-4.269328127650147,5.6306065837848225,-5.022541655274817,-4.269328127650147,5.6306065837848225,165.6508445739746
-2.522706657837964,-4.343157572190957,5.876306680043864,-6.948784756415051,-3.692752359187897,5.7117587787721185,-0.9859797762598154,0.0005220274176577526,0.000737473938477398,0.16686241166365023,0.16847692425491462,0.03140544725808274,0.062415882196873974,0.00035706697474324756,-0.00019500009784678696,0.020318722272349987,15155,41000000,3.46,0,2,1,-4.975484094356809,-4.2775149227427525,5.648260182819417,-4.975484094356809,-4.2775149227427525,5.648260182819417,166.01300621032715
-2.522706657837964,-4.343157572190957,5.876306680043864,-6.8979169476987385,-3.70004965876483,5.729508147453612,-0.9864907986134271,0.00047543515875213824,0.000775279679209137,0.1638141543147954,0.16832546089444714,0.03313504505186368,0.055467194719014415,0.00031375493847463076,-0.00012010129850636986,0.020779575424967334,15155,325000000,3.18,0,2,1,-4.928229312230326,-4.28530841011273,5.664351527918627,-4.928229312230326,-4.28530841011273,5.664351527918627,166.3689248561859
-2.454792921248142,-4.303710135019717,5.844327925502014,-6.853634136205761,-3.70572234893619,5.743180054078366,-0.986930749252635,0.0004320725762936565,0.0008015294799916887,0.16114238127635405,0.16838204249631522,0.034505400202223334,0.04942716370506957,0.00047335519184343866,-0.00017898807556093743,0.020706269060610794,15155,619000000,2.89,0,2,1,-4.87739174443218,-4.293164630824381,5.679854320114706,-4.87739174443218,-4.293164630824381,5.679854320114706,166.73256063461304
-2.3875071764202582,-4.263200821770463,5.809016994374949,-6.805861191240352,-3.711255103890993,5.756192804537314,-0.9873897575730473,0.00036656312909751846,0.0008492299776186549,0.1583054360398169,0.1681493867505451,0.035532740211762934,0.043094499602421746,0.0006150631293166953,-0.00026400216768251994,0.02043853328359546,15155,893000000,2.63,0,2,1,-4.8331307676508874,-4.299581989134201,5.691812887166307,-4.8331307676508874,-4.299581989134201,5.691812887166307,167.0967559814453
-2.3875071764202582,-4.263200821770463,5.809016994374949,-6.757978868047073,-3.7162264392069626,5.767395491202441,-0.9878393523028259,0.00028330345708476885,0.0009022692208708774,0.15547514171512228,0.16823939006092986,0.036709505321007044,0.03640651652753697,0.0007304637676952552,-0.000251087610081413,0.020680359557445627,15156,168000000,2.38,0,2,1,-4.785328174270123,-4.306131209373424,5.703157815725862,-4.785328174270123,-4.306131209373424,5.703157815725862,167.44794011116028
-2.3208660251050164,-4.221639627510075,5.770513242775789,-6.709907971689897,-3.720597514330517,5.776679503324585,-0.988289710491047,0.00018576078179782416,0.0009575972060240145,0.15258603028470585,0.1683347679562233,0.03788122723521256,0.029636448420178114,0.0008258330240096257,-0.00032920603416641825,0.020837150259467307,15156,453000000,2.15,0,2,1,-4.737406173091496,-4.312325192879384,5.712847614411211,-4.737406173091496,-4.312325192879384,5.712847614411211,167.80469965934753
-2.254885910009345,-4.179036806841354,5.7289686274214136,-6.661775700580159,-3.7244390313730804,5.7841705210140635,-0.9887279282835517,7.774714996316724e-05,0.001027731469598579,0.14971981016392877,0.16817247823626758,0.03871064769432866,0.023312357244423758,0.0009026529710354225,-0.00030107548525393213,0.020737594240927137,15156,729000000,1.96,0,2,1,-4.689268763631,-4.318093318429734,5.7207986006442315,-4.689268763631,-4.318093318429734,5.7207986006442315,168.17543959617615
-2.1895831107393473,-4.1354028713728095,5.684547105928688,-6.613522642562352,-3.7277495105946534,5.789857521235538,-0.9891604285567954,-4.33335076884798e-05,0.0010797161467361366,0.14683486953917274,0.16840419612073426,0.03982526267384466,0.016650943035916205,0.0009687239639788459,-0.00018097456120358402,0.020903248878312297,15157,8000000,1.82,0,2,1,-4.640843242740552,-4.3233846753050695,5.726950615865685,-4.640843242740552,-4.3233846753050695,5.726950615865685,168.53424668312073
-2.1895831107393473,-4.1354028713728095,5.684547105928688,-6.56157638841072,-3.7306369962282355,5.793806704121176,-0.9896177503657836,-0.00019967413406093087,0.0011311002911123117,0.14371982780165327,0.1689460767393534,0.04130102247333891,0.00898742219312556,0.0013760759543401946,-0.00017774119243085806,0.021153433590370696,15157,291000000,1.75,0,2,1,-4.592204380350253,-4.328211654444062,5.731316349351696,-4.592204380350253,-4.328211654444062,5.731316349351696,168.9046859741211
-2.124973739783611,-4.09074858712512,5.637423989748693,-6.5127963096940205,-3.7326982503698924,5.795403658359709,-0.9900409174581565,-0.0003808260453559662,0.0011897836467839973,0.14077436252744568,0.16933608640020478,0.04258724941201847,0.0020302225472134785,0.0013531546073863865,-0.0003100486367202393,0.021143610683793668,15157,587000000,1.75,0,2,1,-4.539902848934887,-4.332877298997801,5.734071727903161,-4.539902848934887,-4.332877298997801,5.734071727903161,169.28071808815002
-2.0610737385376354,-4.045084971874738,5.587785252292473,-6.463918930225921,-3.7341636159563967,5.795203625195122,-0.9904501336636264,-0.0005553671325079985,0.0012671134813638152,0.13786449403844953,0.16919495640458238,0.043659602427983155,-0.004231828521373046,0.001326396670719987,-0.00038491666316531337,0.020912200670863967,15157,870000000,1.83,0,2,1,-4.490914590465302,-4.336791524192577,5.734828914138323,-4.490914590465302,-4.336791524192577,5.734828914138323,169.6357183456421
-1.9978988733705845,-3.998423292435456,5.535826794979001,-6.414939837897233,-3.735043688474583,5.793216392792344,-0.9908500412369732,-0.000722214890879816,0.001341390044457043,0.13495878948437617,0.16935285848445794,0.044859549930969314,-0.010885347209533405,0.0011429543974372791,-0.00030955271768107195,0.021162740085856058,15158,149000000,1.98,0,2,1,-4.441819262661243,-4.340251850884096,5.733876953866744,-4.441819262661243,-4.340251850884096,5.733876953866744,170.01349639892578
-1.9978988733705845,-3.998423292435456,5.535826794979001,-6.358724915720642,-3.7352710646968936,5.788549311180863,-0.9913076860830046,-0.0009198135470234346,0.0014095577606855728,0.13155317785107568,0.16989886725182698,0.04650693682000878,-0.019247507345783406,0.0015233134377012902,-0.00024314737743225123,0.021769578779640142,15158,423000000,2.2,0,2,1,-4.392683891960092,-4.3432683142229855,5.7312530260202355,-4.392683891960092,-4.3432683142229855,5.7312530260202355,170.4386270046234
-1.9354647317351192,-3.950775061878453,5.481753674101717,-6.309258979051169,-3.7347845913632316,5.782283006847354,-0.9917055222286286,-0.0011208916536871215,0.0014767356297369226,0.12851739195542083,0.17028182451473262,0.047642073319830044,-0.026186916227536557,0.001490956833549717,-0.00038626934042440553,0.021664011183020193,15158,747000000,2.5,0,2,1,-4.336450773113796,-4.346165938144694,5.7261831098812275,-4.336450773113796,-4.346165938144694,5.7261831098812275,170.80450057983398
-1.8737867183214725,-3.902152036691647,5.425779291565071,-6.256130351567275,-3.7336991322547814,5.773577008300544,-0.9921117640113719,-0.0013363830165367843,0.0015734009991745567,0.1253394838028805,0.1711509740780181,0.04843659019227907,-0.03299440836511299,0.0016166433624675847,-0.000594140652765418,0.02109993110934738,15159,26000000,2.8,0,2,1,-4.287116190593911,-4.348181399877747,5.719863237335203,-4.287116190593911,-4.348181399877747,5.719863237335203,171.2011697292328
-1.8128800512565535,-3.852566213878948,5.36812455268468,-6.202308129844209,-3.7321525396652113,5.7627933077839,-0.9925015263678021,-0.0015575233721200512,0.0016999333157256876,0.12221049261520167,0.17423739327201662,0.049487860999653285,-0.04017124858430903,0.001549110277210275,-0.0006874052530747576,0.02109752513206331,15159,329000000,3.15,0,2,1,-4.23406710957353,-4.349730291327972,5.7110075784264,-4.23406710957353,-4.349730291327972,5.7110075784264,171.57480549812317
-1.8128800512565535,-3.852566213878948,5.36812455268468,-6.1398989757016915,-3.729891526490892,5.747902889816368,-0.9929368236863467,-0.001824436017732372,0.0018451528526320666,0.11861589696088859,0.17856909847308441,0.05087468847119982,-0.048847176098800085,0.001827097651130316,-0.0006731871053489158,0.02154598150809761,15159,624000000,3.51,0,2,1,-4.1807924474417835,-4.35066262023639,5.700029113825799,-4.1807924474417835,-4.35066262023639,5.700029113825799,172.01252102851868
-1.7527597583490806,-3.802029828000154,5.309016994374947,-6.076255772986451,-3.726982990591074,5.730161891284141,-0.9933680508045248,-0.0021191178032291544,0.001987260125662517,0.11494118399315245,0.17966192459761554,0.0519907724293717,-0.05645552031535511,0.001844705320763751,-0.0005033893671679834,0.022002047990099527,15159,976000000,3.93,0,2,1,-4.116670233496452,-4.350985255705591,5.684223071305399,-4.116670233496452,-4.350985255705591,5.684223071305399,172.47434616088867
-1.6934406733817435,-3.7505553481523,5.248689887164858,-6.016751274652428,-3.723424578450892,5.711436169924441,-0.9937679112801113,-0.0024092580818916337,0.0020765042584819766,0.11142361560963743,0.1773959855993594,0.05276464716741112,-0.062354056496068413,0.0020246097392373485,-0.000289856970425717,0.02218615063611651,15160,315000000,4.41,0,2,1,-4.059596759555736,-4.350544916153223,5.667878566613387,-4.059596759555736,-4.350544916153223,5.667878566613387,172.8467857837677
-1.634937432451133,-3.6981554748930483,5.187381314585725,-5.961521865583279,-3.719315077675368,5.6921217556435995,-0.9941338968356035,-0.0027113831936652864,0.002135901217948404,0.10810125572638557,0.1756206989145903,0.05360549139445817,-0.06825443782729959,0.002196930608988623,-8.660285359951558e-05,0.02253801176266279,15160,621000000,4.85,0,2,1,-4.002497546016673,-4.349444030753093,5.649464028459555,-4.002497546016673,-4.349444030753093,5.649464028459555,173.24464750289917
-1.5772644703565604,-3.6448431371070606,5.125333233564308,-5.910349016507987,-3.7147971620738667,5.67246407523112,-0.9944721115503967,-0.0030035760200592216,0.002162841801114715,0.10493578986661523,0.17435203001892885,0.05456324232347658,-0.07404682238828457,0.0020183044853183674,1.951076047390643e-05,0.022851767971587833,15160,918000000,5.28,0,2,1,-3.949008383756388,-4.3478009814964915,5.630421706506314,-3.949008383756388,-4.3478009814964915,5.630421706506314,173.61455011367798
-1.5772644703565604,-3.6448431371070606,5.125333233564308,-5.859428847274865,-3.7095577445341235,5.651148070685632,-0.9948023641598334,-0.0032891655343060197,0.0021811947767121642,0.10174812057940041,0.1735055033434833,0.055810627592690266,-0.08014086724659708,0.002254978085147741,2.0878142237279462e-05,0.022825980340712704,15161,204000000,5.69,0,2,1,-3.899130159060585,-4.345732271970751,5.611189448795279,-3.899130159060585,-4.345732271970751,5.611189448795279,173.97486925125122
-1.520436017038429,-3.5906314888159447,5.0627905195293135,-5.80862684269327,-3.7035875782625065,5.628124455401572,-0.995119606826494,-0.0035913709430819853,0.0022065497281381356,0.09858600966937442,0.1728147000521059,0.05690084898693439,-0.08592119777045253,0.002090446946567681,-0.00017701538013170648,0.02236534346593544,15161,491000000,6.1,0,2,1,-3.8493189896389786,-4.343164511470443,5.590597765251436,-3.8493189896389786,-4.343164511470443,5.590597765251436,174.35483646392822
-1.4644660940672658,-3.5355339059327417,5.000000000000004,-5.750905406955627,-3.6960194455194535,5.600091432419414,-0.9954588645599849,-0.0039030117385879686,0.0022703137333923607,0.0950855464508979,0.17154533908581868,0.05772756467635356,-0.09141298500995414,0.0018779346305564104,-0.00028512428684734914,0.021669720626960043,15161,776000000,6.5,0,2,1,-3.7959357774217253,-4.3397746066706,5.566927916606322,-3.7959357774217253,-4.3397746066706,5.566927916606322,174.72651648521423
-1.409368511184057,-3.4795639829615728,4.937209480470687,-5.704217649437339,-3.689284655178661,5.576018164834445,-0.9957201897142359,-0.004150914500926746,0.002320748442480305,0.09229673792132964,0.17127456104607414,0.05858541373511324,-0.09600036478520406,0.0023087968884283327,-0.00034208415797820635,0.02147562863683561,15162,79000000,6.99,0,2,1,-3.742533696002587,-4.335694381497465,5.541572550763581,-3.742533696002587,-4.335694381497465,5.541572550763581,175.0736062526703
-1.409368511184057,-3.4795639829615728,4.937209480470687,-5.646589703056153,-3.680314670923886,5.5446987035301705,-0.9960302900799708,-0.004507665632690836,0.002398484880369532,0.08886838281431564,0.17171307269799763,0.059786233366085725,-0.10210996073550926,0.0022667466055281693,-0.0002346094746030758,0.021652141185768414,15162,354000000,7.37,0,2,1,-3.696222193045313,-4.331582076606998,5.5182641151445475,-3.696222193045313,-4.331582076606998,5.5182641151445475,175.4883189201355
-1.3551568628929438,-3.422735529643445,4.8746667664356975,-5.599803797900063,-3.672404298335847,5.517831731412645,-0.9962759261972343,-0.004792939917634086,0.0024363238829067297,0.08605446492033958,0.1711181822497883,0.06074689324091809,-0.10667753063338292,0.0022795391942054266,-0.00028256540076654346,0.021607439521176275,15162,660000000,7.83,0,2,1,-3.6392799971369745,-4.325849894956597,5.488100721680214,-3.6392799971369745,-4.325849894956597,5.488100721680214,175.83656883239746
-1.3018445251069535,-3.3650625675488683,4.812618685414277,-5.546069525333122,-3.6626084106020467,5.4855884683831455,-0.9965444789284723,-0.005111584606481117,0.0025096584913328205,0.08286540191326569,0.17062182027771589,0.06166028321724713,-0.1108577632002525,0.0020485805862335837,-0.0005391640570451273,0.020891696294711437,15162,935000000,8.21,0,2,1,-3.593116201230891,-4.320668275443301,5.462466164790979,-3.593116201230891,-4.320668275443301,5.462466164790979,176.19765043258667
-1.2494446518477016,-3.306559326618258,4.751310112835144,-5.495779350012812,-3.652917443197591,5.454376862701192,-0.996777300572567,-0.005377849728268809,0.0026056649212088997,0.07999563929293185,0.17205748143830174,0.06247436447947789,-0.11486507351271165,0.0018865364268094709,-0.0007455960258084815,0.02029851657425752,15163,232000000,8.65,0,2,1,-3.5399534633869165,-4.31410175606688,5.431676813745898,-3.5399534633869165,-4.31410175606688,5.431676813745898,176.5705738067627
-1.2494446518477016,-3.306559326618258,4.751310112835144,-5.441172865890071,-3.6420561887751104,5.419654695011318,-0.9970129014576294,-0.005648410558080251,0.002736321056564249,0.07697975274240615,0.17497776698533116,0.06335081546912033,-0.11961034115576988,0.0019342882978889975,-0.0008535599192782684,0.020106891679461114,15163,514000000,9.05,0,2,1,-3.4905273995652415,-4.307395132736343,5.401916617234878,-3.4905273995652415,-4.307395132736343,5.401916617234878,176.92646479606628
-1.1979701719998475,-3.247240241650921,4.690983005625055,-5.385791717990922,-3.63069020857613,5.3835245063112795,-0.9972378746129863,-0.005911212580477523,0.0028728502672056098,0.07398260426981629,0.17712260214026587,0.06412401954170348,-0.12392905975524231,0.0016107071473925316,-0.0010022918218055565,0.019697633069881704,15163,803000000,9.48,0,2,1,-3.437793021740465,-4.299638869359965,5.36900352816956,-3.437793021740465,-4.299638869359965,5.36900352816956,177.31656789779663
-1.147433786121053,-3.1871199487434483,4.631875447315322,-5.333713170094969,-3.619650420561835,5.348880138940787,-0.9974345951455845,-0.006136979991522014,0.0030164194635980456,0.07125634776612572,0.1780492340428947,0.06473551824263715,-0.12687134042298942,0.0020402398376972997,-0.0009057580541593779,0.01969349577848334,15164,110000000,9.91,0,2,1,-3.3852148834531737,-4.291219794366356,5.33501806394411,-3.3852148834531737,-4.291219794366356,5.33501806394411,177.70154571533203
-1.0978479633083538,-3.1262132816785293,4.574220708434931,-5.274134941419653,-3.606390075698968,5.308285885213259,-0.9976575061106306,-0.006487109356197347,0.003125984177069028,0.06802680454234411,0.1769798282013291,0.06591579995396205,-0.13045511117284977,0.0027099406679553795,-0.0002522283494954536,0.021158325398573652,15164,396000000,10.31,0,2,1,-3.3362416803176895,-4.282696800707333,5.302272708329771,-3.3362416803176895,-4.282696800707333,5.302272708329771,178.07141733169556
-1.0978479633083538,-3.1262132816785293,4.574220708434931,-5.226321269462363,-3.594873587550039,5.274444612904392,-0.9978439580172376,-0.006832701503074819,0.003132037677586183,0.06519923296058988,0.17453555922999364,0.06717832666791393,-0.1335450445075011,0.0027950013191002654,0.00017299905437084817,0.02240809699287638,15164,698000000,10.77,0,2,1,-3.280486650849423,-4.272196119510231,5.263786665785682,-3.280486650849423,-4.272196119510231,5.263786665785682,178.44015216827393
-1.0492249381215486,-3.0645352682648825,4.518246325898285,-5.175501187583598,-3.5816725189134404,5.237118715051648,-0.9980443874443437,-0.007201309090226592,0.0030984164636313092,0.062015656520345575,0.1720933683762508,0.06843137428370655,-0.1364241768876986,0.00231602864460001,0.00019168644485034747,0.022531930881086737,15164,965000000,11.17,0,2,1,-3.23539736596356,-4.263099416800999,5.231820954352708,-3.23539736596356,-4.263099416800999,5.231820954352708,178.81563568115234
-1.0015767075645505,-3.0021011266294244,4.464173205021007,-5.121899096615847,-3.566712477201062,5.196493068135542,-0.9982413975774067,-0.007546135144978898,0.0030785311987105847,0.058717038862137916,0.16940329412673394,0.06951922412608692,-0.13839944483562083,0.0023874767521192553,2.1559547036531512e-05,0.02154864341719076,15165,247000000,11.62,0,2,1,-3.187039833394961,-4.252685230971126,5.1967854208178235,-3.187039833394961,-4.252685230971126,5.1967854208178235,179.17845249176025
-0.9549150281252636,-2.938926261462367,4.4122147477075275,-5.069051614299873,-3.550940224208613,5.155226667094904,-0.9984209550141017,-0.007903360247592807,0.003077196166372756,0.0555307513840706,0.16732683954987254,0.07082258948752068,-0.14070233822180306,0.0024635575528009213,-1.8815770452818015e-05,0.021124869454069994,15165,538000000,12.08,0,2,1,-3.135489371742783,-4.24086316402682,5.158632560334472,-3.135489371742783,-4.24086316402682,5.158632560334472,179.582745552063
-0.9549150281252636,-2.938926261462367,4.4122147477075275,-5.01332548847715,-3.5331657461546615,5.110462140610326,-0.9985988327673527,-0.008295466313237253,0.0030763641562647414,0.05217367552611685,0.16564423637250614,0.07238951465688695,-0.143203802753269,0.0025034130430867663,-9.397150648737806e-05,0.020733892961288802,15165,844000000,12.54,0,2,1,-3.084286322238347,-4.228385416407554,5.119989275492135,-3.084286322238347,-4.228385416407554,5.119989275492135,179.9836847782135
-0.9092514128748839,-2.875026260216394,4.362576010251312,-4.961581226994764,-3.5156505805117613,5.067823911327745,-0.9987513241505548,-0.008632519821671732,0.0030925674736638703,0.049109145130645404,0.16412077179614387,0.07356252752090763,-0.14496463600320775,0.0018377439801042783,-0.0003035924635241827,0.019896324010915123,15166,168000000,13.02,0,2,1,-3.0299383292127184,-4.2142198609695125,5.078048751020161,-3.0299383292127184,-4.2142198609695125,5.078048751020161,180.36493039131165
-0.8645971286271923,-2.8104168892606545,4.315452894071313,-4.913757013286322,-3.4987176396301174,5.027749923143388,-0.9988780748509521,-0.008860628382810902,0.0031406787046473167,0.04641354310964718,0.16372483683358827,0.07417688984850453,-0.14570479324775365,0.0012976014545529324,-0.0007662037660338683,0.018166859626944643,15166,459000000,13.46,0,2,1,-2.9792497070598842,-4.200156448201726,5.038203032617448,-2.9792497070598842,-4.200156448201726,5.038203032617448,180.74919247627258
-0.8209631931586472,-2.745114089990657,4.271031372578587,-4.8621945964715145,-3.480175014710919,4.984603037265007,-0.9989926909510353,-0.009056554344835988,0.0032805110046253113,0.043827166202670687,0.1657696190714643,0.07468595763295084,-0.1465311383092457,0.001555886080950586,-0.0011608538898144616,0.016767069791967515,15166,754000000,13.85,0,2,1,-2.9321826932743917,-4.186367731887771,5.0006449632750245,-2.9321826932743917,-4.186367731887771,5.0006449632750245,181.1099672317505
-0.8209631931586472,-2.745114089990657,4.271031372578587,-4.813607096732247,-3.4624885107565158,4.944136863357201,-0.9990896674560636,-0.009271291252608616,0.0034288398447964606,0.041498465012094476,0.16740162613806567,0.07542982770837617,-0.14731452833393113,0.001789102907423512,-0.0010718697581069137,0.016575802692386787,15167,48000000,14.24,0,2,1,-2.882053163972852,-4.170896727984316,4.960170366848192,-2.882053163972852,-4.170896727984316,4.960170366848192,181.48708629608154
-0.7783603724899262,-2.6791339748949854,4.229486757224212,-4.764675268109687,-3.444336629273981,4.90350339773891,-0.9991808108138964,-0.009487002472268902,0.003553350859055025,0.03918006869631124,0.16845917796865195,0.0762298269860019,-0.1476545243936432,0.0010923117542915861,-0.000963001002673991,0.016471259732497856,15167,324000000,14.59,0,2,1,-2.8356073273132925,-4.155848359794768,4.922303911496719,-2.8356073273132925,-4.155848359794768,4.922303911496719,181.8602545261383
-0.7367991782295382,-2.6124928235797436,4.190983005625052,-4.712130727339944,-3.424477066933845,4.860078409913192,-0.9992725309658077,-0.009662151458290693,0.0036717285009949027,0.03670926444647221,0.16882871586077866,0.07675646298538959,-0.14710249646515372,0.0015235131058943807,-0.0008212518025629834,0.01678102071309695,15167,611000000,14.94,0,2,1,-2.789483361179222,-4.1402018464982175,4.884420233433772,-2.789483361179222,-4.1402018464982175,4.884420233433772,182.25245571136475
-0.696289864980284,-2.5452070787518597,4.1556720744979865,-4.6595840288073695,-3.4041422230315406,4.816826126834039,-0.999360991508353,-0.009891185683142616,0.003759804406893487,0.034141425981422946,0.1689979702277701,0.0775609176678747,-0.14670703332952367,0.0017068691590793605,-0.000564582069273456,0.01741075757308863,15167,912000000,15.31,0,2,1,-2.740457712033038,-4.122799917076969,4.843898025044376,-2.740457712033038,-4.122799917076969,4.843898025044376,182.63746285438538
-0.696289864980284,-2.5452070787518597,4.1556720744979865,-4.607171655629337,-3.3832123285973874,4.773685310034069,-0.999445730894681,-0.010173540962520449,0.003799686375541787,0.03146891234421789,0.16763273347900595,0.07894778559906407,-0.14648103502209,0.0024022983552640653,-6.114880193308636e-05,0.018757865836960264,15168,207000000,15.7,0,2,1,-2.6918956445161477,-4.104790279808726,4.8035903529256565,-2.6918956445161477,-4.104790279808726,4.8035903529256565,183.01281118392944
-0.6568424278090434,-2.4772933421620373,4.1236933199561365,-4.559132047869746,-3.362861854205879,4.733520506829389,-0.9995244788908069,-0.01049331919640538,0.0037551359123956293,0.028750744417881113,0.1641387854520934,0.08054793193559667,-0.14583605782963943,0.002103191445712582,0.0003098499689713208,0.019600129417085554,15168,502000000,16.1,0,2,1,-2.6436746262385555,-4.086006066760898,4.763436110786192,-2.6436746262385555,-4.086006066760898,4.763436110786192,183.38574886322021
-0.6184665997806844,-2.4087683705085805,4.095172947533982,-4.512193109040246,-3.3418213707468345,4.693708999162874,-0.9995966208804288,-0.01077692216098203,0.0036817736442185563,0.026017263806886792,0.16064703481836085,0.08168993643585579,-0.14440930891286816,0.0019879237243003445,0.00036387993986863876,0.01948400713445153,15168,784000000,16.49,0,2,1,-2.599011499647692,-4.067796970914389,4.726205845540995,-2.599011499647692,-4.067796970914389,4.726205845540995,183.76642322540283
-0.581171849556533,-2.3396490713028677,4.070223514111749,-4.4630078194518426,-3.3185624587095153,4.651477468644666,-0.9996649985528899,-0.01106625205154831,0.003605470243468553,0.023117727355985163,0.15756530558830012,0.08308144660390046,-0.14292288321350874,0.00188803580840613,0.00029617212646826374,0.01884688354039099,15169,68000000,16.88,0,2,1,-2.5546922677929875,-4.048957695214667,4.6892584580954,-2.5546922677929875,-4.048957695214667,4.6892584580954,184.12732028961182
-0.581171849556533,-2.3396490713028677,4.070223514111749,-4.411567110060152,-3.292878538842004,4.6069896743326,-0.9997255431967846,-0.011369441401165864,0.003538091789876829,0.02017562858018035,0.15498530377428646,0.08485302103875002,-0.1411521217333085,0.0019628227619250538,0.00015261015988699,0.018044918397208676,15169,371000000,17.3,0,2,1,-2.5076104928772676,-4.0281020472756905,4.650140561297455,-2.5076104928772676,-4.0281020472756905,4.650140561297455,184.5542917251587
-0.5449673790581606,-2.2699524986977346,4.048943483704846,-4.364154492181086,-3.267985494135626,4.565808764953467,-0.9997729055470859,-0.011622831211984912,0.0034982550694953717,0.01751597385315301,0.15275211010652018,0.08628076120786332,-0.13927762138011013,0.0011532106555023347,-2.626739146194268e-05,0.016967294322967064,15169,695000000,17.72,0,2,1,-2.457907297916733,-4.005182736024889,4.609050483338583,-2.457907297916733,-4.005182736024889,4.609050483338583,184.94106721878052
-0.5098621211969228,-2.199695849279577,4.031416838871369,-4.320602188857187,-3.2442122464848557,4.528018990572627,-0.9998083703789141,-0.011756425779771505,0.003492109941877126,0.015258248303735233,0.15168448523941913,0.08704792778383263,-0.13677129377461694,0.0004963245089584234,-0.0004382941540370666,0.014829607789579313,15169,987000000,18.11,0,2,1,-2.411801314262636,-3.983051465954476,4.571242706306187,-2.411801314262636,-3.983051465954476,4.571242706306187,185.31170439720154
-0.47586473766990345,-2.128896457825365,4.017712749271311,-4.273848273653451,-3.218388957098264,4.488396073802718,-0.9998363725532617,-0.0118269781838136,0.0035733666482094546,0.013212939013413971,0.15310941131340053,0.08765124799374174,-0.13366486363909486,0.00047171423602776485,-0.0008561429467590642,0.012696048725047149,15170,274000000,18.44,0,2,1,-2.36919632529536,-3.961795468189711,4.53668404700025,-2.36919632529536,-3.961795468189711,4.53668404700025,185.69084858894348
-0.442983616822775,-2.057571793025546,4.0078852986855225,-4.226801923757764,-3.1921685153009665,4.449760226719726,-0.9998576555102239,-0.011904518856568895,0.003681007629514681,0.0113754705934897,0.15420522515625681,0.08863990415344483,-0.1303861505505916,0.0006408360036402883,-0.000849922622592203,0.012111465275665978,15170,565000000,18.74,0,2,1,-2.323926540270636,-3.9382836662193323,4.500439367162938,-2.323926540270636,-3.9382836662193323,4.500439367162938,186.09008073806763
-0.442983616822775,-2.057571793025546,4.0078852986855225,-4.18272843021108,-3.1672667680538824,4.41461123758353,-0.9998742430192178,-0.0119947979957278,0.003769813720007208,0.009664961060678545,0.15488253928025345,0.08972499744041888,-0.1273362770686101,0.0007824948966117518,-0.0007314877052522206,0.01253537566299201,15170,876000000,19.03,0,2,1,-2.279128295524847,-3.9140636635114023,4.465105510694018,-2.279128295524847,-3.9140636635114023,4.465105510694018,186.46298217773438
-0.4112268715800935,-1.9857394531739017,4.001973271571728,-4.135445771388274,-3.140090814333256,4.377954149343222,-0.9998896378785962,-0.012090948635795969,0.003845570042856121,0.00772868780206748,0.1551039244405183,0.0907096235933679,-0.123670819939204,0.00033698846380048053,-0.0005695588015441899,0.013008438327233307,15171,148000000,19.29,0,2,1,-2.23775469829372,-3.89087267127033,4.4330578739895445,-2.23775469829372,-3.89087267127033,4.4330578739895445,186.86282229423523
-0.38060233744356786,-1.913417161825452,4.0,-4.088312547880295,-3.1125543817409635,4.34251720530748,-0.999902123859393,-0.012138101286060842,0.003887370495515267,0.005770402869381741,0.15475564117341767,0.09137597265847745,-0.11950737392235893,0.0002992446979988017,-0.0003301985287862408,0.013274167395138647,15171,456000000,19.59,0,2,1,-2.193878951482434,-3.8654096993662246,4.399762186102958,-2.193878951482434,-3.8654096993662246,4.399762186102958,187.23572087287903
-0.3511175705587428,-1.8406227634233894,4.001973271571728,-4.0445762091863475,-3.0864519807365123,4.3105861022585845,-0.9999104580539921,-0.012205720788108818,0.003893550777381894,0.0038647789900874696,0.15360686795178208,0.0926498563328336,-0.11558532439503102,0.0010111587926076027,-6.221206092504872e-05,0.014262266449804883,15171,746000000,19.89,0,2,1,-2.150493557961863,-3.839296590888779,4.367617320758102,-2.150493557961863,-3.839296590888779,4.367617320758102,187.65427994728088
-0.3511175705587428,-1.8406227634233894,4.001973271571728,-4.00156368475125,-3.059697131957959,4.279783074486322,-0.9999145016098276,-0.012369881421738033,0.0038523931120841943,0.0017704720534119645,0.15059437661319536,0.09474268967831419,-0.11147667965172821,0.0016004606777642039,0.00028621645355997316,0.015726229321444407,15172,19000000,20.17,0,2,1,-2.1103832745762783,-3.8142246658673984,4.338733262086171,-2.1103832745762783,-3.8142246658673984,4.338733262086171,188.02903723716736
-0.32277984585066477,-1.7673742188962895,4.007885298685522,-3.959670247307406,-3.0321569837111424,4.250188207391806,-0.9999140968495452,-0.01254552563844891,0.0037633649209482005,-0.000495774631197321,0.14688909145838078,0.09679603096304308,-0.10711410042201648,0.00045711582288276986,0.0005009398705624335,0.01617013640498044,15172,306000000,20.47,0,2,1,-2.0707282828741533,-3.788506163780139,4.310991555618123,-2.0707282828741533,-3.788506163780139,4.310991555618123,188.40420389175415
-0.29559615522887306,-1.693689601226457,4.017712749271311,-3.913189226333238,-2.9998802184295035,4.217894537368908,-0.9999090665205447,-0.012623525269050532,0.003648523505452213,-0.003032091031711537,0.14302244284811105,0.0987623244619908,-0.10195624561465784,0.0005542768690247613,0.00043135177065778407,0.015469201389350928,15172,592000000,20.79,0,2,1,-2.0315349432038463,-3.76214557449849,4.284494311497188,-2.0315349432038463,-3.76214557449849,4.284494311497188,188.80689430236816
-0.2695732058622733,-1.619587090990748,4.031416838871369,-3.868020085679602,-2.96676853187366,4.187277593048877,-0.9998981278915916,-0.01270834486289029,0.0035559549545887423,-0.005439392805901444,0.13977779712892063,0.10078244385042165,-0.09653982727970487,0.0004523932943811815,0.00031687775674527074,0.01438834751752438,15172,897000000,21.15,0,2,1,-1.9872867497050677,-3.7312847849461384,4.255758220728191,-1.9872867497050677,-3.7312847849461384,4.255758220728191,189.21295380592346
-0.24471741852423268,-1.5450849718747381,4.048943483704846,-3.82942684530749,-2.93715406289627,4.161969199606991,-0.9998851264394636,-0.012766853946444546,0.003488429358283189,-0.007387301676531233,0.13743377913224486,0.10251696792614025,-0.09148235511374986,0.00038527333572346834,0.00018804335013555828,0.013279304585012142,15173,222000000,21.48,0,2,1,-1.9436517408106804,-3.6997430650180205,4.228736860353507,-1.9436517408106804,-3.6997430650180205,4.228736860353507,189.5955457687378
-0.24471741852423268,-1.5450849718747381,4.048943483704846,-3.791504636041167,-2.9069404944491635,4.138151247504595,-0.9998704541078466,-0.012785097823268414,0.0034553829210129056,-0.009147491715597478,0.1364887853388629,0.10408495497877887,-0.08596810566911268,-0.000566091182463424,-0.00021943339305607878,0.011288764835626353,15173,510000000,21.76,0,2,1,-1.9060152134900423,-3.671655747445442,4.206529240041059,-1.9060152134900423,-3.671655747445442,4.206529240041059,189.96323084831238
-0.2210349260083504,-1.4702016261615214,4.070223514111748,-3.750830052035525,-2.874138994767961,4.114434066017074,-0.9998570502380533,-0.012664436531999178,0.0035035729409592055,-0.010640306068579797,0.1376244530444943,0.10492317648028633,-0.07967400290038786,-0.0013715244563172746,-0.0005253331096355396,0.008838945905154105,15173,787000000,22.01,0,2,1,-1.868867815106403,-3.6429421596918914,4.185784775543914,-1.868867815106403,-3.6429421596918914,4.185784775543914,190.3278203010559
-0.1985315716152849,-1.3949555301961483,4.09517294753398,-3.7072302472177756,-2.8388889450780295,4.0911928179447274,-0.9998451017463337,-0.012448853293739764,0.0035722478419691686,-0.011917953301209427,0.13905687232986225,0.10532926536717258,-0.0729858250249352,-0.0014534166894009104,-0.0006566204717728397,0.006895697606523754,15174,89000000,22.23,0,2,1,-1.8295773322799929,-3.611502233866392,4.165240933121294,-1.8295773322799929,-3.611502233866392,4.165240933121294,190.74700927734375
-0.17721290771101028,-1.3193652498268669,4.123693319956136,-3.6659072753568656,-2.8056984093768818,4.071380831024429,-0.9998349320364623,-0.012259823532713505,0.0036555615512595613,-0.012901250960059507,0.14013686221664923,0.10597755465934726,-0.06647405436742189,-0.0010142536439161631,-0.000450428083809129,0.0072022135555016575,15174,404000000,22.43,0,2,1,-1.788287390961801,-3.5772001029852336,4.14524421567405,-1.788287390961801,-3.5772001029852336,4.14524421567405,191.1311800479889
-0.17721290771101028,-1.3193652498268669,4.123693319956136,-3.6219770529372313,-2.7698713247162967,4.05246443314805,-0.9998192448493681,-0.012110972885095939,0.0036840966461717467,-0.01418553476317519,0.13932030899728093,0.10755780163145064,-0.05921136110502203,-0.0008602911975685856,-0.0002659371205027128,0.008794123732513981,15174,712000000,22.59,0,2,1,-1.7501894375443066,-3.5444185887291892,4.1283758830567585,-1.7501894375443066,-3.5444185887291892,4.1283758830567585,191.54972863197327
-0.1570841943568455,-1.2434494358242767,4.155672074497984,-3.581298464925138,-2.7357270251779466,4.0368357029774,-0.9997999075855795,-0.011975418960571329,0.003688320255577353,-0.01559264013173095,0.13680313518863776,0.10940331115496293,-0.05267902728117687,-0.0010845311180673889,0.00025575892550477874,0.010312294853065396,15175,30000000,22.78,0,2,1,-1.71022613275842,-3.5088624559581554,4.112426316279424,-1.71022613275842,-3.5088624559581554,4.112426316279424,191.93118357658386
-0.138150398011617,-1.1672268192795259,4.190983005625053,-3.5420207966992088,-2.7009320787433952,4.023071647901855,-0.999775157787762,-0.011811534455351328,0.003587027238140742,-0.01724107768842148,0.1319150054706238,0.11161155932839506,-0.046382011907313093,-0.0012385752484078694,0.0006512060792829288,0.011457508480816614,15175,326000000,22.99,0,2,1,-1.6733972677414857,-3.474944413345956,4.099406770663513,-1.6733972677414857,-3.474944413345956,4.099406770663513,192.31821990013123
-0.12041619030626372,-1.0907162069827165,4.229486757224209,-3.4994509340582427,-2.6606130452650247,4.009847982806265,-0.999741770604992,-0.011621113458787134,0.0034518980948668176,-0.019220463811154997,0.12636952374887298,0.11444053416866118,-0.03870748648412522,-0.0010298688494003727,0.000698922343644881,0.011740130321413744,15175,629000000,23.22,0,2,1,-1.6371940413673016,-3.440424051437747,4.088337456117339,-1.6371940413673016,-3.440424051437747,4.088337456117339,192.7383315563202
-0.1038859468911717,-1.0139364767825623,4.271031372578588,-3.4659532223384066,-2.626646223898741,4.000917564722258,-0.9997114724248984,-0.011472012336453476,0.003338559312131925,-0.020837918723159432,0.12238164386017503,0.11674517407031175,-0.03217336032735087,-0.0012342643572083034,0.0005720280853438453,0.010889821805903921,15175,957000000,23.49,0,2,1,-1.5968873035252897,-3.400470711299695,4.0782915892974865,-1.5968873035252897,-3.400470711299695,4.0782915892974865,193.11092066764832
-0.1038859468911717,-1.0139364767825623,4.271031372578588,-3.4358070648077037,-2.594542108962641,3.9943458458105576,-0.9996852120051931,-0.011304090995602856,0.0032644658085429004,-0.022159370204944018,0.11971213681631587,0.11871904717714639,-0.0255973346043538,-0.001599198401436297,0.00036983855693506484,0.009215710360876983,15176,246000000,23.7,0,2,1,-1.564291648874485,-3.366962976828753,4.072019681493927,-1.564291648874485,-3.366962976828753,4.072019681493927,193.46923446655273
-0.08856374635655673,-0.9369065729286234,4.315452894071311,-3.404129502009465,-2.5594196643528004,3.9892088408901203,-0.9996633193049133,-0.011035081837262074,0.0032188623395735944,-0.023261855694820643,0.11827521562593983,0.1202088694221661,-0.01842599916628749,-0.0029686657626371016,0.0001829020021659744,0.005787417921965243,15176,508000000,23.87,0,2,1,-1.53451021245687,-3.3353821828111947,4.067789442323399,-1.53451021245687,-3.3353821828111947,4.067789442323399,193.84170699119568
-0.07445336922613066,-0.8596455013970484,4.36257601025131,-3.372460609356311,-2.5241318528213212,3.9859761991585936,-0.9996550591757579,-0.01063391120642145,0.003206685912438777,-0.023799154653575072,0.11973101823132051,0.12027911662659423,-0.011559729642902396,-0.002976028395096364,-4.993787001694727e-05,0.0022521580604006886,15176,794000000,24.02,0,2,1,-1.5029686758581415,-3.3008557271044734,4.064977053844483,-1.5029686758581415,-3.3008557271044734,4.064977053844483,194.18194007873535
-0.06155829702431159,-0.7821723252011556,4.412214747707526,-3.337831715657013,-2.486332956482595,3.9847226915008003,-0.9996554485967949,-0.010216476035114955,0.0032406878187868646,-0.02396050188592802,0.12292660306315598,0.1200939290759446,-0.003531360971984446,-0.002631623601700994,-0.0002832330352475765,7.743846985874825e-05,15177,73000000,24.1,0,2,1,-1.4719794164133002,-3.265797164975783,4.063975894286721,-1.4719794164133002,-3.265797164975783,4.063975894286721,194.5925395488739
-0.06155829702431159,-0.7821723252011556,4.412214747707526,-3.299804767857199,-2.4460781835778693,3.986087062524289,-0.999660597696622,-0.009818970250216878,0.003293325364255392,-0.02390462808961985,0.12605786127549184,0.12020996210077255,0.005382797718539976,-0.00237940739680198,-0.0002370619668567997,-0.00010118207924847411,15177,368000000,24.14,0,2,1,-1.439397726081967,-3.227703544085757,4.064871879624964,-1.439397726081967,-3.227703544085757,4.064871879624964,194.99277472496033
-0.049881711417212315,-0.704506159687915,4.464173205021003,-3.2635997330463176,-2.408174427186075,3.9898927241041378,-0.9996623342379265,-0.009429522771962542,0.0033097663136237724,-0.023986393084868884,0.12607781245216382,0.12133874344064406,0.013075658122358991,-0.003245448328925704,0.00030327780393690773,0.002033873488471727,15177,688000000,24.15,0,2,1,-1.4052793114668378,-3.1863362898195597,4.068284074930816,-1.4052793114668378,-3.1863362898195597,4.068284074930816,195.38055872917175
-0.0394264934276114,-0.6266661678215233,4.518246325898283,-3.2215382869574296,-2.361955735195206,3.9972063155021083,-0.9996480522948641,-0.008891807667955193,0.003194374077007363,-0.024789176544145475,0.11811444786669405,0.12521618958380304,0.021247752726188222,-0.0027795870664704125,0.0009794480206437584,0.007868056400184287,15177,976000000,24.17,0,2,1,-1.3739369198765246,-3.1469084257786024,4.073742195400798,-1.3739369198765246,-3.1469084257786024,4.073742195400798,195.84317779541016
-0.030195222724102244,-0.5486715554552288,4.574220708434925,-3.1895845768002196,-2.3221977662600115,4.005463433306051,-0.9996160715253611,-0.008477783877270622,0.0030342473384993257,-0.026203627073809632,0.10823689146390905,0.12976067122363688,0.027890440051601528,-0.003024988768629555,0.001089347472316149,0.011144333711854415,15178,355000000,24.27,0,2,1,-1.3371359834081278,-3.0987962176820827,4.083106826646801,-1.3371359834081278,-3.0987962176820827,4.083106826646801,196.22763586044312
-0.022190176984599574,-0.4705415665925745,4.63187544731532,-3.159312589519782,-2.2782033873103247,4.016514449717878,-0.9995680792660389,-0.008011727308498653,0.0028551316949475504,-0.028130328134251814,0.0959934430202056,0.1356273071979223,0.03545026328245693,-0.0028958475013496354,0.001179526907435502,0.01193042207887629,15178,650000000,24.43,0,2,1,-1.3071711599041786,-3.0580728840252815,4.093196652234716,-1.3071711599041786,-3.0580728840252815,4.093196652234716,196.6176643371582
-0.022190176984599574,-0.4705415665925745,4.63187544731532,-3.1409715173664674,-2.246938359782519,4.02549336852704,-0.9995346565988918,-0.0076986603847770795,0.0027257521530361342,-0.029389984028839466,0.08840364677361703,0.13929578876686305,0.04065332805671455,-0.003131950506940484,0.001058822704180784,0.010196738730883226,15178,959000000,24.65,0,2,1,-1.2758570152986564,-3.014079733391864,4.106155082342577,-1.2758570152986564,-3.014079733391864,4.106155082342577,196.94576787948608
-0.015413331334360514,-0.3922954786392281,4.69098300562505,-3.1175189039414564,-2.20356765428387,4.0396907533309765,-0.9995131385891224,-0.007183819284762336,0.0026240742990946086,-0.03024884728842181,0.08881172793496601,0.13974972613373868,0.048385373722222555,-0.004088145624336903,0.00038626233447303093,-0.0010787887617880187,15179,191000000,24.79,0,2,1,-1.2547348521164816,-2.983524062641147,4.116274949249413,-1.2547348521164816,-2.983524062641147,4.116274949249413,197.28942251205444
-0.009866357858641983,-0.3139525976465663,4.751310112835146,-3.0973212049905974,-2.169303383244484,4.052566082785438,-0.9995375239359405,-0.006743027198355211,0.0026157477370632475,-0.029536886971839538,0.09843034080872351,0.13605453816353066,0.054019788526778176,-0.0028016703936373233,5.93826211314763e-05,-0.011418020312703447,15179,479000000,24.87,0,2,1,-1.2264749866180442,-2.941369797137656,4.131714127808894,-1.2264749866180442,-2.941369797137656,4.131714127808894,197.61047768592834
-0.005550625190149816,-0.2355322535482132,4.812618685414275,-3.0690279616656957,-2.1308575408699966,4.069421037459177,-0.9996107089404815,-0.00640072552716827,0.0026417656291704925,-0.027027437144394595,0.11941018317488003,0.1283251128666652,0.06160680115211957,-0.0019105753494841338,4.6939368658627245e-05,-0.022911839914740995,15179,736000000,24.78,0,2,1,-1.2043334672154942,-2.907190016662979,4.145537362410814,-1.2043334672154942,-2.907190016662979,4.145537362410814,197.96692633628845
-0.005550625190149816,-0.2355322535482132,4.812618685414275,-3.0318418462497885,-2.0918576118097336,4.089892269523286,-0.9997070159696361,-0.006076528386649543,0.002635845969245581,-0.023281115520486062,0.13857745479878006,0.12208813713977747,0.07009545089322755,-0.00274451017503452,0.00039080068745533936,-0.02282744535477832,15180,4000000,24.47,0,2,1,-1.1789680644983385,-2.8668894596019374,4.163212521963621,-1.1789680644983385,-2.8668894596019374,4.163212521963621,198.35489749908447
-0.002467198171341778,-0.1570537953906418,4.874666766435696,-2.98557500829164,-2.0487086612807452,4.115983974753402,-0.9997718098595316,-0.005429659389661951,0.0025555264974445836,-0.020501616849151583,0.13697426960539721,0.12462917657281172,0.07813504494633408,-0.0056451335240126355,0.0009517972557659959,-0.0035209832503824146,15180,314000000,24.03,0,2,1,-1.1523671555983288,-2.823235401618521,4.183938880461862,-1.1523671555983288,-2.823235401618521,4.183938880461862,198.77839970588684
-0.0006168375916972835,-0.07853658655910416,4.937209480470686,-2.944840490514622,-2.003163441063029,4.144246411687492,-0.9997537340432789,-0.004457951286198988,0.00239119513623208,-0.021607408976343667,0.1110065726956408,0.1359584361476222,0.08408171660641663,-0.0062301895923155826,0.0012117317055526655,0.017562865286890883,15180,651000000,23.71,0,2,1,-1.1229371896670688,-2.773183821474925,4.209471669378848,-1.1229371896670688,-2.773183821474925,4.209471669378848,199.21281456947327
-0.0006168375916972835,-0.07853658655910416,4.937209480470686,-2.9211372013218218,-1.9654932218187213,4.167094228413008,-0.999690393320089,-0.0036965561658264725,0.0022549462535733098,-0.024502411992131656,0.08609331516579065,0.1462097991879357,0.08838110306736777,-0.005689382851414848,0.0009683488201517321,0.025022747649927624,15180,982000000,23.83,0,2,1,-1.0942594610244163,-2.722614675983726,4.236945592500974,-1.0942594610244163,-2.722614675983726,4.236945592500974,199.5716323852539
0.0,-1.2246467991473533e-15,4.999999999999999,-2.9042053177881413,-1.9253634905544066,4.191009956872299,-0.9996063802934868,-0.0029859672951069263,0.002159428581729719,-0.02781196404546138,0.06274442874898757,0.15563532243973466,0.0925909804309281,-0.005751343906013062,0.0008800472414804972,0.022806661581853405,15181,252000000,24.15,0,2,1,-1.0728270613370472,-2.6834765817201527,4.259453965540452,-1.0728270613370472,-2.6834765817201527,4.259453965540452,199.90508890151978
-0.0006168375916972835,0.07853658655910171,5.062790519529312,-2.8930554127983648,-1.883298101123528,4.215830038826339,-0.9995419380491046,-0.0023085888404800674,0.002039988340892252,-0.030106858789556046,0.04398431075392623,0.16294931115244743,0.09623610816396051,-0.0043237976569798775,0.00117375280979104,0.011826460740849143,15181,498000000,24.5,0,2,1,-1.051649548386753,-2.6440565847629283,4.283132005184562,-1.051649548386753,-2.6440565847629283,4.283132005184562,200.2474844455719
