x_ref,y_ref,z_ref,x,y,z,eta,e1,e2,e3,u,v,w,p,q,r,sec,nanosec,angle2,angle3,control_mode,std_test,x2,y2,z2,real_x2,real_y2,real_z2,time
0.0,0.0,5.0,-1.9220740210477059,-0.5497850463328142,5.019438630909064,-0.9321411141208165,-4.155356424624696e-05,-5.286941077329743e-05,0.36209520687759716,-0.007240673354249912,-0.0052563217038367974,0.024292759570234974,-0.000350441243313071,3.128610650549035e-05,0.03152207827952225,35587,582000000,12.11,0,2,2,0.4152976941572663,-1.9455098046620698,5.004634647952621,0.4152976941572663,-1.9455098046620698,5.004634647952621,0.0002262592315673828
0.0,0.0,5.0,-1.9243351484554496,-0.5495241200907015,5.025151227521893,-0.9338105614078731,-5.094290385196306e-06,-7.116288773822675e-05,0.35776784415735907,-0.0051480436706661005,-0.0035197285137184876,0.01396320593296225,-0.0001215666486586997,-4.988437618536068e-06,0.030290640461316798,35587,866000000,11.58,0,2,2,0.41658350229486363,-1.9482533275776917,5.0147657554575975,0.41658350229486363,-1.9482533275776917,5.0147657554575975,0.7190308570861816
0.0,0.0,5.0,-1.9256216808615292,-0.5493077287662741,5.027593074005872,-0.9351925880936135,6.103461726570259e-06,-7.306072119706238e-05,0.35413954565911954,-0.0034272431558129215,-0.0019009456846079023,0.005270837514729706,6.0319526085095276e-05,8.701348974682332e-06,0.029316716245375574,35588,169000000,11.03,0,2,2,0.4179904861048304,-1.9513578245895744,5.022732123437315,0.4179904861048304,-1.9513578245895744,5.022732123437315,1.3533101081848145
0.0,0.0,5.0,-1.9263494035383704,-0.5490650977109535,5.0278278711688085,-0.9366068470917808,-3.008848998573249e-06,-7.449698286763143e-05,0.35038208918541985,-0.0017201888741424942,-0.0003237704822969856,-0.0029686985790643777,5.0808175799943456e-05,-1.6222771126450652e-05,0.0280541065876605,35588,433000000,10.56,0,2,2,0.41913568443617744,-1.9538425353128754,5.026973700451615,0.41913568443617744,-1.9538425353128754,5.026973700451615,1.98427152633667
0.0,0.0,5.0,-1.9264863143048683,-0.5488132709703993,5.026020466598542,-0.9379505527970433,-5.019826299069055e-06,-6.243696927398666e-05,0.3467690248337459,-0.0003288178509459211,0.0009054011326876853,-0.00937078518696457,4.154103763198691e-05,-0.00010108073098535897,0.026975931723427493,35588,710000000,10.07,0,2,2,0.42016715101059604,-1.9560483631403491,5.0288236617563005,0.42016715101059604,-1.9560483631403491,5.0288236617563005,2.64058518409729
0.0,0.0,5.0,-1.9262318811751575,-0.5485815191657574,5.0229665427714725,-0.9391382693416881,-5.072723521881044e-06,-4.832439846596101e-05,0.343539384491675,0.0005712056104078052,0.001626766200573566,-0.013581775794759637,3.7331893310010855e-05,-9.724430469759682e-05,0.025762653240235522,35588,978000000,9.61,0,2,2,0.42092911356218,-1.9576207028775912,5.028192917529803,0.42092911356218,-1.9576207028775912,5.028192917529803,3.2849602699279785
-0.002291386001864737,0.07066929128722992,5.08972966070103,-1.925739654907578,-0.5483589521057074,5.019071190211273,-0.9402537893124424,-5.27760382125086e-06,-3.590085146323102e-05,0.34047439017768844,0.0011359466315968322,0.00208012915454574,-0.015876842757654726,3.3187910020160416e-05,-8.099563899577333e-05,0.02454608529660618,35589,246000000,9.2,0,2,2,0.4213840914937995,-1.9585025973259607,5.02583743465612,0.4213840914937995,-1.9585025973259607,5.02583743465612,3.912041187286377
-0.009160726391858276,0.14123938972314432,5.179278617806867,-1.9249729363190229,-0.5480806704244545,5.014948565599002,-0.9413970772613509,-3.0203728540971056e-05,-1.3635809638096535e-05,0.33730037329594714,0.002443872158404259,0.003713603090084948,-0.008084539582160828,0.0007279088720224536,-0.0001544527790997563,0.02366079352214001,35589,501000000,8.81,0,2,2,0.4216345572005013,-1.9588521806069141,5.022276982042782,0.4216345572005013,-1.9588521806069141,5.022276982042782,4.570129871368408
-0.020593580356818464,0.21161144053362013,5.268466531635311,-1.9230215610346053,-0.5475463737246851,5.016568607300901,-0.9424931002790876,-0.00010186879857284412,4.3582174266959265e-05,0.3342255879636623,0.006319328527226694,0.008645314410681552,0.02403085763664807,0.00048101761080943106,-0.0002874017695830844,0.022938258553040214,35589,779000000,8.41,0,2,2,0.42171291217534806,-1.9587335277712288,5.017753948574775,0.42171291217534806,-1.9587335277712288,5.017753948574775,5.204179763793945
-0.05704419012769257,0.3513696907347439,5.445041867912629,-1.919299658109834,-0.5465684943895004,5.028756174601578,-0.943473423094052,-0.00013651323703092389,9.603685542208167e-05,0.3314481438419143,0.011275464473686126,0.015413983524196068,0.07161284532347555,0.000547054196431418,-0.00032703264025712997,0.022338500275509432,35590,61000000,8.06,0,2,2,0.4206068770244608,-1.9551745611778002,5.016611984843458,0.4206068770244608,-1.9551745611778002,5.016611984843458,5.894103288650513
-0.0819853924892815,0.4205628929340893,5.53207369113335,-1.9138028644212624,-0.5450230716537876,5.052949575922577,-0.944347832001978,-0.00015400831743471685,0.0001405242430559718,0.32894851987437024,0.01638918896439221,0.023450469559412677,0.1321907056952818,0.00033805169437073346,-0.0003907486416210304,0.021782652584079187,35590,317000000,7.86,0,2,2,0.41625317326258776,-1.9416759657647513,5.026821422383207,0.41625317326258776,-1.9416759657647513,5.026821422383207,6.5880560874938965
-0.14503805103201373,0.5571069845630509,5.702749648162685,-1.90598188909208,-0.5424878720235605,5.09453520012204,-0.945193677253932,-9.94673486518636e-05,0.0001731897332274887,0.32651014163537434,0.02127871309368909,0.03286853609336054,0.21027655346274837,-0.00034428357196247816,-0.0004094547193744802,0.021255221327010076,35590,573000000,7.87,0,2,2,0.40758043400097393,-1.9145300189526748,5.052541671707783,0.40758043400097393,-1.9145300189526748,5.052541671707783,7.279769420623779
-0.1830173760811178,0.6242758516287834,5.786050063307847,-1.8935235671512118,-0.5378005049208966,5.17261594598019,-0.9462160995354272,1.1206118621976866e-05,0.00019962456820691774,0.323535242291187,0.02441326895016146,0.04235192552175062,0.3094676691113629,-0.00017212804976907137,-0.0004350849735601514,0.02094296123686945,35590,804000000,8.08,0,2,2,0.39428390834081206,-1.8721628510175512,5.09529077777053,0.39428390834081206,-1.8721628510175512,5.09529077777053,7.952643632888794
-0.22519570073643536,0.6905920754040427,5.867767478235116,-1.8811718790476182,-0.5322879413698242,5.264623797302502,-0.9470963432162788,0.00014132290293899016,0.0001877073096179339,0.3209493129142914,0.02477541174620126,0.04813932740035681,0.39179775860461913,-0.00014723171517516676,2.849463527354601e-05,0.021063558597234078,35591,101000000,8.7,0,2,2,0.3715404918942591,-1.7962314712546432,5.173702429019613,0.3715404918942591,-1.7962314712546432,5.173702429019613,8.599645614624023
-0.32178831283960463,0.8203325293019702,6.0257985548118125,-1.8627722940447147,-0.5226687664906464,5.4311994582467955,-0.9483666453365897,0.00017682202601660397,8.030158204457404e-05,0.31717608405844555,0.02158786523625525,0.04878696722704901,0.4731845659684214,5.812354153533761e-05,0.0009325022801931482,0.020647312703658827,35591,361000000,9.57,0,2,2,0.3474010370909385,-1.710835228529522,5.263049091109352,0.3474010370909385,-1.710835228529522,5.263049091109352,9.31508994102478
-0.3760011786149793,0.8835980399786463,6.101793962904205,-1.8511118542486564,-0.5158241442613508,5.559432120069779,-0.9492113375660065,9.968979802485545e-05,-2.9559230156917612e-05,0.3146391994401665,0.01873409947076027,0.046357156814170145,0.5106238955198225,0.0018418598983771517,0.0012177967164461734,0.02075739157589851,35591,739000000,11.31,0,2,2,0.3090399064642061,-1.567026105712271,5.418952361738842,0.3090399064642061,-1.567026105712271,5.418952361738842,10.052605390548706
-0.4340107023969413,0.9456940227146827,6.175570504584947,-1.8399608047846372,-0.5087799607193207,5.706999006572415,-0.9501373784503147,-0.00010541928503651585,-0.00016674812757486987,0.31183156215078706,0.015393952784112801,0.04085965370868204,0.5353902809854018,-0.0013572986404142284,0.0017363528968417086,0.021655356613337062,35592,13000000,12.8,0,2,2,0.2817175049967919,-1.460514376420291,5.538292249230467,0.2817175049967919,-1.460514376420291,5.538292249230467,10.77220344543457
-0.5609305456733971,1.066102398828617,6.315877451879425,-1.8294894481991786,-0.5020765294660493,5.877970003824629,-0.9512604355836334,-5.294499133913947e-05,-0.0004955289058567377,0.3083882866471542,0.012114059287863214,0.03165634256511871,0.5286993206861756,-0.0014203876276042138,0.0017840054738371691,0.02463494583935244,35592,298000000,14.8,0,2,2,0.2496458793042483,-1.3339579172660203,5.684159864373425,0.2496458793042483,-1.3339579172660203,5.684159864373425,11.488893985748291
-0.6295781545646726,1.1242882091915054,6.3821252979737295,-1.8242063344727921,-0.49875405253970584,5.982501535096565,-0.9520507638224331,-4.548285410168126e-05,-0.0006622393695010079,0.3059393771246997,0.010292456703265876,0.026344149864310374,0.5172423622613203,-0.0005907872804300496,0.0013472866044139664,0.026617003095452674,35592,599000000,16.85,0,2,2,0.21774438423187845,-1.2117605887797447,5.830998918487585,0.21774438423187845,-1.2117605887797447,5.830998918487585,12.18517518043518
-0.7765410626225826,1.2363417407594561,6.506142932007222,-1.8185469730197878,-0.49534925862245865,6.114427541562759,-0.9531857538184787,4.207710261616167e-05,-0.0008409823009787303,0.30238420874077593,0.008734477792691066,0.020243701540454552,0.49575698600507057,-0.002504717440388049,0.0009181012046610704,0.030814115962130018,35592,817000000,18.28,0,2,2,0.19585419156566689,-1.1319743163932294,5.928381521777438,0.19585419156566689,-1.1319743163932294,5.928381521777438,12.85833191871643
-0.854554400282348,1.2901118425052371,6.56366296493606,-1.813606801166905,-0.49267766786337397,6.248153338477236,-0.9545856450068643,0.0001922084405328509,-0.0009941523457801613,0.2979349275661679,0.00764270366188304,0.015820071965189298,0.46243178988516637,0.0004734147125873278,0.0005467742425935285,0.03624479541031178,35593,69000000,20.18,0,2,2,0.16636904012349732,-1.0301885573819092,6.0530000467318565,0.16636904012349732,-1.0301885573819092,6.0530000467318565,13.543576002120972
-0.9353780601682047,1.34232114004921,6.618033988749895,-1.8084527825014396,-0.4898375857923564,6.399414192029473,-0.9565423553672223,8.377745573729214e-05,-0.0010240358916455664,0.29159160948209156,0.0065274257619103325,0.014976738878562093,0.4261019009395469,0.00044270043701999384,0.00036040601969489217,0.041162618799717166,35593,353000000,22.21,0,2,2,0.13382338420994336,-0.9253379251269015,6.181042130494553,0.13382338420994336,-0.9253379251269015,6.181042130494553,14.284853219985962
-1.1047921914498087,1.4419209764156529,6.716897587203732,-1.8040260940443202,-0.48681108161110204,6.529426424422334,-0.9585008980216279,2.9446540978249097e-05,-0.001107238712895971,0.28508735792221107,0.002713318152534928,0.015450877126796192,0.3854893484036713,-0.00017762256163678103,0.0014456355415859434,0.04422000056365505,35593,686000000,24.72,0,2,2,0.0951915458164497,-0.8003780558022326,6.328738577350152,0.0951915458164497,-0.8003780558022326,6.328738577350152,14.98141598701477
-1.1930389535650132,1.4892574679304111,6.761191063713476,-1.8042931818879357,-0.48152494799055245,6.6527478435970915,-0.9606905272703223,0.0005770926419792772,-0.002401682081629843,0.277610536003825,-0.04068233517087486,0.0021776007395956296,0.3431964343095909,-0.01132055886046146,0.018541553617978934,0.04774351000378374,35594,0,27.18,0,2,2,0.07320501431735796,-0.6845319077419141,6.461960581218319,0.07320501431735796,-0.6845319077419141,6.461960581218319,15.702544927597046
-1.3757221733659124,1.5789120338486013,6.839055545102902,-1.8308474420575898,-0.46939119085792413,6.7692136865884835,-0.9634930346628965,0.0010061639391000183,-0.006326705527693555,0.26765674396019973,-0.1232200208707693,-0.0232954272712417,0.3004530991845005,-0.005634954322886188,0.019465603872959036,0.0815927363873925,35594,354000000,29.88,0,2,2,0.06882385347919108,-0.5596669139502723,6.596502216889244,0.06882385347919108,-0.5596669139502723,6.596502216889244,16.39018678665161
-1.4697924233383954,1.6212112739117432,6.872469741279474,-1.9085039661664354,-0.4425810014874631,6.899073484259214,-0.9700654270694395,0.0008408396866642328,-0.009505865753975221,0.24265613264344732,-0.21588979193158245,-0.0369417828598214,0.23542947214947946,-2.915643584344707e-05,0.0075418006872496335,0.13006092776777223,35594,699000000,32.43,0,2,2,0.07906393993099503,-0.4235442755437804,6.726047169133584,0.07906393993099503,-0.4235442755437804,6.726047169133584,17.361746311187744
-1.6624542614021296,1.7007517816093567,6.9279257213917065,-2.002228208147355,-0.40982626958214335,6.987347428926978,-0.9766379529521405,0.0001747109465121202,-0.009384738796218366,0.21468629440945675,-0.24423222132006223,-0.015257818133793542,0.17231187615254046,0.006877448868181091,-0.008160561628756113,0.14166137407300994,35595,179000000,34.29,0,2,2,0.09223445497842292,-0.2249929403454081,6.871019796967316,0.09223445497842292,-0.2249929403454081,6.871019796967316,18.234928607940674
-1.8598734411511666,1.77361665438275,6.967859177197259,-2.0718751408819718,-0.37922457258693354,7.035475948202054,-0.9810605955489939,-0.0006569722650858166,-0.00755788022129443,0.19355245980109953,-0.22575523728515196,0.022006799013391917,0.12002400297600051,0.013604681498691207,-0.01444205709049129,0.11153670347994193,35595,605000000,34.92,0,2,2,0.09007940950823747,-0.03636122889497643,6.967216538983903,0.09007940950823747,-0.03636122889497643,6.967216538983903,18.953919410705566
-1.9598857102310134,1.8075941216139089,6.981899523535869,-2.121015460628197,-0.34675587806420183,7.0630348860633125,-0.9834893710349066,-0.0017047408308135071,-0.0052422679619390546,0.18088192155845345,-0.19050602101670194,0.06259870113800593,0.07322676384218316,0.00962554668149096,-0.014190576621331275,0.07085949691827409,35595,922000000,34.98,0,2,2,0.07292127283153167,0.10233117915411936,7.020209006399977,0.07292127283153167,0.10233117915411936,7.020209006399977,19.63432741165161
-2.161548660910534,1.8707885889991491,6.997986133082629,-2.161411945807685,-0.30583964203273056,7.078264428548052,-0.9849423368214122,-0.002492351816402524,-0.003295288829431902,0.17283379990826242,-0.1597381509003868,0.0956805813136358,0.02717411173253189,0.005364607613955741,-0.009806812522583641,0.045474233775166795,35596,211000000,35.58,0,2,2,0.026160601711845755,0.21815948089006687,7.050421021310948,0.026160601711845755,0.21815948089006687,7.050421021310948,20.347863912582397
-2.262813344824469,1.90008314905552,7.0,-2.2025833466175646,-0.24191102433544293,7.078639456974869,-0.9864228834462969,-0.0032523544440301714,-0.0017401182508443905,0.1641837056243301,-0.1302772785819765,0.12347532952586446,-0.023444031844808044,0.004660011018131627,-0.004240758335072314,0.040572151556261815,35596,511000000,36.99,0,2,2,-0.05993599256062037,0.33994581377378,7.066314599160032,-0.05993599256062037,0.33994581377378,7.066314599160032,21.145047664642334
-2.4652516889375873,1.9543041433138177,6.991948587990478,-2.22375071013633,-0.19637502821207728,7.068725325103778,-0.987346432370585,-0.003782896181324662,-0.001241975968108873,0.1585281352859927,-0.1171780080682672,0.13348816690954973,-0.04747806052024084,0.003259075288042368,-0.002225212301709689,0.042864314673352055,35596,918000000,39.66,0,2,2,-0.22646745419278408,0.5070343282748516,7.06398259657351,-0.22646745419278408,0.5070343282748516,7.06398259657351,21.8855562210083
-2.566047332055854,1.9793422903500921,6.981899523535869,-2.2431346425145713,-0.14746403863436763,7.052097471308149,-0.9885074949125829,-0.004176171058895918,-0.0009482697062504564,0.1511111937663807,-0.10694283491224561,0.1353348734019812,-0.06332633231047977,0.0020488313339228625,-0.0015564537534373812,0.07091142688295804,35597,206000000,41.7,0,2,2,-0.354469517162678,0.6148827983335644,7.050258595628961,-0.354469517162678,0.6148827983335644,7.050258595628961,22.560024738311768
-2.666312426451162,2.0030823560282602,6.967859177197259,-2.264992397007505,-0.0902176224865611,7.0281519880151375,-0.9911581449489899,-0.004417888829756932,-0.0007215542379213407,0.1326103062323834,-0.1002828624532252,0.13348723504227747,-0.07051276754662614,0.0011149241231578344,-0.0014405829574570816,0.14661194436484948,35597,497000000,44.04,0,2,2,-0.5001287364658297,0.7276281125876163,7.028726780276402,-0.5001287364658297,0.7276281125876163,7.028726780276402,23.345839738845825
-2.8645238445856744,2.046949702184108,6.9279257213917065,-2.2921693882857634,-0.037158062231651696,7.002691988431297,-0.9947720497624883,-0.0038884283776528146,-0.0007236730931234057,0.10204374274468431,-0.1393495152257547,0.10094310704685974,-0.07323482853546107,-0.00867253929754952,0.00011539341713273643,0.19431088148849085,35597,876000000,46.11,0,2,2,-0.6646505287162793,0.8663647708756291,6.999581724775749,-0.6646505287162793,0.8663647708756291,6.999581724775749,24.061049461364746
-2.9621153962212468,2.067229953392476,6.902113032590307,-2.3447625354661383,-0.003738189256693142,6.979122974473244,-0.9976121844129819,-0.002390940706622276,-0.001200549174974217,0.06901283645072248,-0.220629006073424,0.05271106400679946,-0.07689259322625208,-0.01088777426048182,0.00300228623473231,0.22234646312426776,35598,228000000,46.77,0,2,2,-0.7965900594019508,1.0121530400807774,6.972025485683937,-0.7965900594019508,1.0121530400807774,6.972025485683937,24.72855567932129
-3.153414005322026,2.1049004780634597,6.839055545102902,-2.4208599458982056,0.015132796214337553,6.9554919705033065,-0.9994080121959753,-0.0009390731191700557,-0.001968052726113486,0.03433467734860918,-0.2906329750977418,0.023858688600242255,-0.08213700466040214,-0.008044750757107977,0.005077578407508554,0.23751159897074103,35598,537000000,46.23,0,2,2,-0.8885063439429528,1.1468440197915861,6.9497513552268435,-0.8885063439429528,1.1468440197915861,6.9497513552268435,25.415197610855103
-3.2467925782181,2.1224702737481547,6.801937735804838,-2.5300751599806905,0.023736324567409893,6.926944567803087,-0.9999778105892343,-3.2582696367337025e-05,-0.002882829695940588,-0.006005544144644215,-0.3465999534541762,0.01830432105894046,-0.09094577830329215,-0.0005907243007641227,0.0043235016619291855,0.22945619275560603,35598,843000000,44.58,0,2,2,-0.9554454586995309,1.2732436013056596,6.930216864126677,-0.9554454586995309,1.2732436013056596,6.930216864126677,26.178251028060913
-3.4282266000996273,2.155556561042014,6.716897587203732,-2.6459783683485836,0.027488373416078682,6.896677859851983,-0.9991472596891731,-0.00031150482123396667,-0.0035022096190551336,-0.04113867946527733,-0.35484412701214635,0.05298220727877978,-0.10198279604732792,0.008494336361763999,0.0023550485138912336,0.20167785551166162,35599,192000000,41.88,0,2,2,-1.0175960851734225,1.4130907893331053,6.907159771706947,-1.0175960851734225,1.4130907893331053,6.907159771706947,26.872905731201172
-3.5159867177842017,2.1712744590479565,6.669146507442605,-2.76839195074439,0.046178703836402185,6.858463335940215,-0.9973761386365649,-0.0020488427792711024,-0.0036859947487421735,-0.07227069782694545,-0.30401885542985807,0.12933609261391366,-0.11846598658874825,0.012697363763436442,-0.0022506815184897278,0.13019583857385442,35599,505000000,39.11,0,2,2,-1.0722239373188738,1.5380889731548055,6.882325114052377,-1.0722239373188738,1.5380889731548055,6.882325114052377,27.625292778015137
-3.6849022057545957,2.201585591715769,6.56366296493606,-2.8710433290146637,0.08522813501783505,6.815565879072681,-0.9960424715032725,-0.004138770011575137,-0.0034031430412441617,-0.08871687642091763,-0.25348175188484345,0.18697586645348144,-0.13952005577940105,0.011674333200062392,-0.0030972664717410225,0.05133342165208887,35599,871000000,36.64,0,2,2,-1.1549658939031828,1.655416823514066,6.847487902494579,-1.1549658939031828,1.655416823514066,6.847487902494579,28.31325340270996
-3.7658014429954756,2.2163967622933605,6.506142932007222,-2.9512583584593255,0.1330667216987121,6.771684060018005,-0.9956773649016375,-0.005894698863575729,-0.003140290811454418,-0.09263895574464559,-0.2152524572200048,0.21684808593734894,-0.16228798685917925,0.011234339308430208,-0.002932874940597685,0.008696231179783354,35600,205000000,35.62,0,2,2,-1.2646827315542106,1.7371452227354605,6.80652230458534,-1.2646827315542106,1.7371452227354605,6.80652230458534,28.983083963394165
-3.8441695057023733,2.23112708776023,6.445589727654783,-3.027152800270486,0.1931613771334067,6.715978212048185,-0.9956345942333651,-0.007600587090933126,-0.002897408985641885,-0.09298166949891501,-0.18094559898590368,0.22867690325856066,-0.19263617459048357,0.008176558094419306,-0.0018490283082428505,0.004159623313171323,35600,505000000,36.03,0,2,2,-1.3881626852592883,1.789756737588617,6.762069431294336,-1.3881626852592883,1.789756737588617,6.762069431294336,29.61896800994873
-3.992880666864581,2.2608010676031918,6.315877451879425,-3.092939453713667,0.25550449643143985,6.651406702185631,-0.9954762431965141,-0.008721732137151593,-0.0027869493832513455,-0.09456856524774887,-0.15027506713276365,0.2202446300116284,-0.21849158071117195,0.004366499888419639,-0.0010251105436509533,0.018772517250909004,35600,821000000,37.08,0,2,2,-1.5389117654316777,1.8319134584409764,6.706479094396652,-1.5389117654316777,1.8319134584409764,6.706479094396652,30.263059616088867
-4.063027630994201,2.2759754362648694,6.246979603717467,-3.142830639784588,0.30780839127005555,6.588503858988607,-0.9951375386264949,-0.0091625755029118,-0.0027087293771432424,-0.09803055244012554,-0.12828570076734414,0.2069014486396104,-0.24102773450945714,-0.00015424660801954815,-0.0014346367606776766,0.030528056777257007,35601,152000000,38.15,0,2,2,-1.6939572019752571,1.8652108333160609,6.645202642415594,-1.6939572019752571,1.8652108333160609,6.645202642415594,30.92223310470581
-4.1302515575682675,2.2915296754973697,6.175570504584947,-3.1903011970997848,0.36074954194195247,6.512891051242942,-0.9945679588614912,-0.009141655866767696,-0.002508793446159823,-0.10365669920243914,-0.11037090737646445,0.1916217723575063,-0.26915270776151773,-0.0014940092228243884,-0.0016185284039238468,0.05186909365875181,35601,436000000,39.03,0,2,2,-1.8284150959259935,1.8900786756547394,6.586838830356932,-1.8284150959259935,1.8900786756547394,6.586838830356932,31.601175785064697
-4.255628347741508,2.3242436897493723,6.0257985548118125,-3.2325334822803033,0.4089904013714766,6.429797818558922,-0.9934474579041619,-0.0088932953556194,-0.002326611426857843,-0.1139194652407769,-0.09496639512917136,0.17310369394064898,-0.29038138795224916,-0.0022745952037439565,-0.0019739532262974535,0.094611183158122,35601,730000000,39.88,0,2,2,-1.9671359010011213,1.914117581560291,6.518389873783224,-1.9671359010011213,1.914117581560291,6.518389873783224,32.28266978263855
-4.313651546909344,2.3416355923008934,5.947737324945997,-3.2694021471772445,0.44842673981862136,6.3468241041184985,-0.9914853693497323,-0.00836167648689508,-0.001923855408302793,-0.12993515117981397,-0.10770838315814377,0.1487773116836161,-0.3108762100055108,-0.008457322746835416,-0.00792031160017359,0.13310232752701268,35602,19000000,40.19,0,2,2,-2.0904986877158023,1.9397029673629085,6.4431155008386005,-2.0904986877158023,1.9397029673629085,6.4431155008386005,32.957457065582275
-4.368492609464751,2.3598708849992414,5.867767478235116,-3.3253154259446474,0.4761375952400815,6.242872957604261,-0.9881723076171971,-0.007063347149656327,-0.00042589402105006275,-0.15318426224592901,-0.18409802504866937,0.10432554713278133,-0.34118153147685143,-0.010309760909876786,-0.009339856478618458,0.16072557773441076,35602,318000000,39.93,0,2,2,-2.1924634421380653,1.9784441150877758,6.356538986487203,-2.1924634421380653,1.9784441150877758,6.356538986487203,33.63942193984985
-4.468464990103014,2.399324281578565,5.702749648162685,-3.419726361417747,0.47609913143895777,6.107684670082144,-0.9827049225110789,-0.00515100124219864,0.0005684716183178887,-0.1851058597092925,-0.27941972137625737,0.05915270404815033,-0.3678664572677645,-0.010811230185936438,0.0006438478521886282,0.17635168769629672,35602,622000000,38.24,0,2,2,-2.2673662105617725,2.036495651827076,6.258477004002516,-2.2673662105617725,2.036495651827076,6.258477004002516,34.45419239997864
-4.513536781146049,2.4207642013125206,5.618033988749895,-3.5301248959371683,0.4496611651011073,5.971478553717462,-0.9765024879000228,-0.0031553548612089973,-4.699811958393642e-05,-0.21548302172547668,-0.3331256746192469,0.05251342330681965,-0.3883399107051992,-0.008208197596104583,0.006730116001563147,0.15786194562679157,35603,0,35.35,0,2,2,-2.3305576323526247,2.1330512205501315,6.117289043837911,-2.3305576323526247,2.1330512205501315,6.117289043837911,35.33687210083008
-4.593769371615339,2.4676077168380504,5.445041867912629,-3.629863961943503,0.4217797486225503,5.852840142248582,-0.9715895589279768,-0.0019016040006453155,-0.0014120779810169743,-0.2366603450520166,-0.32240180704468946,0.08076648265650291,-0.39876023956143103,-0.0034589121696626535,0.019712162247742526,0.11986123136011884,35603,369000000,32.06,0,2,2,-2.365030717110801,2.239855949365403,5.972265953180028,-2.365030717110801,2.239855949365403,5.972265953180028,36.13051223754883
-4.660781072120873,2.520418911178268,5.268466531635311,-3.7098740312382947,0.41030306074345696,5.749645606718595,-0.9684755715011579,-0.0011856980378296192,-0.004241718837319592,-0.24906960743329098,-0.25929286330991685,0.12891013220797867,-0.39964485244239456,-0.00015976640290737976,0.02195776814915007,0.07296729963854887,35603,664000000,29.46,0,2,2,-2.383674591074021,2.3290539792810288,5.8489219324752195,-2.383674591074021,2.3290539792810288,5.8489219324752195,36.80535864830017
-4.689359676286962,2.549305580919973,5.179278617806867,-3.766191696794653,0.4138475182281161,5.669952316788515,-0.9671368949642731,-0.0010219505193635563,-0.006205526158239845,-0.2541784283945033,-0.21131417935170244,0.1689315837000101,-0.4029482308173146,0.0067539334850152954,0.016137085913214833,0.04018604304292239,35603,937000000,27.88,0,2,2,-2.4073599046313325,2.395289509899275,5.733836246830959,-2.4073599046313325,2.395289509899275,5.733836246830959,37.46782732009888
-4.7146870906059775,2.57996821558224,5.08972966070103,-3.833875495062055,0.4356439180736845,5.564198129259031,-0.966104915117948,-0.0016739042445045702,-0.008035675683096585,-0.25801922204719274,-0.15063795194508234,0.22430567389090963,-0.4166487057530853,0.013913547081756406,0.008829580565361539,0.027321102243149653,35604,134000000,26.97,0,2,2,-2.4292843264565978,2.427841758235323,5.659622806019238,-2.4292843264565978,2.427841758235323,5.659622806019238,38.17290997505188
-4.75574013844148,2.6469607009543825,4.910270339298971,-3.8999466274576022,0.47839861388043337,5.4471301025709815,-0.965011427096837,-0.003763669405480285,-0.00934483298082994,-0.26201422568572974,-0.09496987989218221,0.2637644050275891,-0.42770402114927275,0.019154628898832016,0.0016015795154089574,0.03436877450440079,35604,389000000,26.15,0,2,2,-2.4690098702663343,2.4633708111230175,5.5520512286732835,-2.4690098702663343,2.4633708111230175,5.5520512286732835,38.798922061920166
-4.771562340490563,2.683448137187101,4.820721382193133,-3.9552044265540993,0.5311782565417016,5.335944735556188,-0.9636389526651574,-0.006176215043444911,-0.009849368683322002,-0.2669547025445998,-0.052671032265270576,0.28711250711387876,-0.43968261825942384,0.016323375166393816,-0.0037195913137111347,0.045740024506812915,35604,672000000,25.17,0,2,2,-2.5206466606267077,2.489327269363253,5.43578677333753,-2.5206466606267077,2.489327269363253,5.43578677333753,39.49763536453247
-4.784326136905276,2.722026133583131,4.731533468364689,-4.005311101875817,0.5931806595388732,5.220781501500786,-0.9617885344831436,-0.008414256060320119,-0.009794065358144685,-0.27348874111282595,-0.01819370293196412,0.29870738528336693,-0.4564596704832186,0.01608836064406205,-0.007163535747167771,0.05717414533137344,35604,922000000,24.06,0,2,2,-2.575003371867228,2.504252477352347,5.32760914688125,-2.575003371867228,2.504252477352347,5.32760914688125,40.22255897521973
-4.8009585802116845,2.8057097764408754,4.554958132087371,-4.0469997266725475,0.6542814798700451,5.111835776297156,-0.9597713216666776,-0.010300576434621086,-0.009373390700300495,-0.2804372439211543,0.004969988791452324,0.29419453380632066,-0.4644289663375248,0.012349219559837366,-0.009436845084564993,0.062128996796673164,35605,195000000,22.71,0,2,2,-2.6341246256526465,2.511819405457292,5.219347451365749,-2.6341246256526465,2.511819405457292,5.219347451365749,40.850931882858276
-4.804985892885419,2.850928643237058,4.46792630886665,-4.084321359317923,0.7154671726011504,5.0019083845760175,-0.957625369380974,-0.011583547582773484,-0.008603494478843654,-0.28765509421197993,0.020930142253726976,0.2796412706592374,-0.46763882120218775,0.00259842327068327,-0.01008018953143619,0.06325589565676637,35605,433000000,21.34,0,2,2,-2.6918146080344996,2.5131430323170596,5.119507071951202,-2.6918146080344996,2.5131430323170596,5.119507071951202,41.70890474319458
-4.804912567739545,2.9483568287751334,4.297250351837315,-4.120424823983776,0.7805942603868898,4.880935878831523,-0.9552052837089193,-0.0119554125124931,-0.007531858133698185,-0.295606503986757,0.034660312162635556,0.2650810002075283,-0.4763210275195589,-6.643798537986356e-05,-0.009277320896217134,0.06346635782392696,35605,673000000,19.98,0,2,2,-2.751702204367088,2.5096195675267894,5.01987087412105,-2.751702204367088,2.5096195675267894,5.01987087412105,42.40180993080139
-4.801011984091487,3.000641149619494,4.213949936692153,-4.147828177794779,0.833925690164765,4.777217883186049,-0.953146345124698,-0.012014253601465262,-0.006615420570980476,-0.3021985087595552,0.04315754603204169,0.25133558634597875,-0.4811583117355699,-0.005012763540435117,-0.008327149862452643,0.0626467663096264,35605,925000000,18.52,0,2,2,-2.818192272377837,2.5009386477167106,4.912375070755882,-2.818192272377837,2.5009386477167106,4.912375070755882,43.03576350212097
-4.794679290446997,3.055344339391937,4.132232521764884,-4.177218134222493,0.8961105526741898,4.65197797212829,-0.9506124415476013,-0.01164340554382356,-0.005632273596563183,-0.31011077791070674,0.05523455970610895,0.24316268901411897,-0.49285127756913916,-0.0027864947014677455,-0.006703515600747778,0.06384284497471526,35606,144000000,17.35,0,2,2,-2.8738877590293197,2.4921375727499,4.822327115546575,-2.8738877590293197,2.4921375727499,4.822327115546575,43.76429486274719
-4.775184051270693,3.1720815411108556,3.9742014451881884,-4.207511898751788,0.966774181006171,4.505181390372341,-0.9476353571161062,-0.011498773700044151,-0.00466561901891569,-0.3191132089807549,0.06605057122567079,0.2309743847713396,-0.49602974023395385,-0.002513065078346699,-0.006451869467127835,0.062462476489599794,35606,397000000,15.97,0,2,2,-2.9380545734751324,2.4807500170497274,4.716900682862717,-2.9380545734751324,2.4807500170497274,4.716900682862717,44.64678168296814
-4.747412579775129,3.2986449308157644,3.824429495415054,-4.235729817026597,1.035223167450873,4.357828516256799,-0.9448631558749772,-0.011231762218878397,-0.0034069243292111284,-0.3272550336573172,0.04909321680240585,0.2234256891846484,-0.5009147758608506,-0.006597248830075841,-0.013604058403871022,0.039636980363866314,35606,699000000,14.4,0,2,2,-3.0093447652661536,2.4652162475567168,4.595750473534191,-3.0093447652661536,2.4652162475567168,4.595750473534191,45.422993183135986
-4.7307524843902575,3.3656033648170482,3.7530203962825333,-4.278047768263255,1.0977583631066588,4.196641081979033,-0.9438147446538634,-0.01106053840528897,-0.001004174339759762,-0.3302883344867679,-0.019555138542217864,0.2284531233056255,-0.5184368858856125,-0.005609737900158507,-0.013369842054089531,-0.0036428998100745957,35607,13000000,12.91,0,2,2,-3.077114041384928,2.4462444231421303,4.475111353240343,-3.077114041384928,2.4462444231421303,4.475111353240343,46.06079363822937
-4.712426890567834,3.4349937867204927,3.684122548120575,-4.336062025285415,1.1459235994973103,4.039766326196766,-0.9447337638989713,-0.011304288321502215,0.0002618419876890491,-0.327643495057662,-0.08439595191283544,0.24019978347147708,-0.532151036268559,0.0034684763704717625,-0.002441794754304283,-0.02756118465185864,35607,323000000,11.81,0,2,2,-3.1451165963284464,2.4216062379071284,4.347616540745586,-3.1451165963284464,2.4216062379071284,4.347616540745586,46.85079479217529
-4.671353145833668,3.580968106473816,3.554410272345218,-4.4131564069052995,1.1899513647561835,3.871232377549777,-0.9462472670223034,-0.011949030013816767,-0.00036789558954878655,-0.32322313498168026,-0.12780760707744365,0.24981808998814664,-0.5248671092910209,0.006906925955263432,0.005417258671513991,-0.023339489780482836,35607,620000000,11.26,0,2,2,-3.204631202618886,2.3941863836195743,4.229570881958012,-3.204631202618886,2.3941863836195743,4.229570881958012,47.623955488204956
-4.625368970448108,3.7362878683694305,3.4363370350639406,-4.505966533092229,1.2345097848996263,3.698550179179771,-0.9470400925189253,-0.012598408094163002,-0.0014953911526658483,-0.32086462422731926,-0.1417658125298833,0.27368385586644756,-0.500743556403938,0.005899326242797542,0.001286581994008884,0.001283555133113623,35607,953000000,10.96,0,2,2,-3.263703827957927,2.3603998800780697,4.105416376811912,-3.263703827957927,2.3603998800780697,4.105416376811912,48.283156633377075
-4.6009143351756405,3.8173320867587197,3.381966011250105,-4.581582392099588,1.275721650104562,3.572918049942319,-0.9466109159483683,-0.013638504502507812,-0.0017296135991333094,-0.3220850406944161,-0.12393458699352047,0.31047812155775134,-0.47999505124015884,0.012761610469169682,-0.00021925007445133815,0.01773821422830224,35608,283000000,10.75,0,2,2,-3.32211691030473,2.319632976332738,3.9757532329845224,-3.32211691030473,2.319632976332738,3.9757532329845224,48.88455891609192
-4.5756903606132395,3.9005536364550437,3.330853492557395,-4.679900882211226,1.353588438779255,3.4184155330866406,-0.9452337189252344,-0.016684119437533437,-0.002763939556446696,-0.3259558519239882,-0.05485352655650899,0.3750777816697664,-0.44566867005512895,0.02535408675612416,-0.0017263042423110164,0.0243594084167853,35608,554000000,10.82,0,2,2,-3.3648366632131115,2.2853278754250703,3.87828421279351,-3.3648366632131115,2.2853278754250703,3.87828421279351,49.56317210197449
-4.54985285059824,3.9858842502461127,3.283102412796268,-4.756177880557881,1.4409739026931203,3.3028500358009296,-0.9440176244729288,-0.020309502532953633,-0.003389032714359889,-0.32925182345525955,0.008432699121104049,0.418842498926948,-0.40931651838036176,0.029300686583155766,-0.007013483991613612,0.025845543132163584,35608,878000000,12.32,0,2,2,-3.418828160216024,2.236106163487751,3.752946597242743,-3.418828160216024,2.236106163487751,3.752946597242743,50.21037578582764
-4.496963626174488,4.162564007555353,3.198062264195162,-4.830543238509423,1.5564419560570943,3.1928767604117745,-0.9425776042669319,-0.024673111579968918,-0.003359385355200261,-0.3330576707259699,0.07487137462119531,0.4525374573292925,-0.36291269043607016,0.02750889088929398,-0.014760709746042266,0.022071345483709592,35609,166000000,15.17,0,2,2,-3.4620770199541333,2.1914991533259984,3.65149880560307,-3.4620770199541333,2.1914991533259984,3.65149880560307,50.902424573898315
-4.470225443784154,4.253741445548371,3.160944454897099,-4.887973446408208,1.6702643518646725,3.1112767299198487,-0.9415433399923849,-0.028257926533193197,-0.002356163540755414,-0.335696405994163,0.12894414030121454,0.4726821518757232,-0.31922326767445125,0.026322027952119242,-0.017576276513864286,0.030210226213966962,35609,464000000,19.92,0,2,2,-3.5071112029118012,2.138504413022378,3.544608590186235,-3.5071112029118012,2.138504413022378,3.544608590186235,51.5036039352417
-4.44349995342669,4.346684865422453,3.1275302587205256,-4.940317208092662,1.8092586751429942,3.0366571106916407,-0.9393532313761953,-0.03199444354417409,-0.0012458471181334314,-0.34145323274257755,0.19980307667173364,0.4936374483413001,-0.2774711396696711,0.021030306379543617,-0.017853403551271185,0.04184936442470644,35609,729000000,25.26,0,2,2,-3.544484551713869,2.087305304270754,3.4534682812782895,-3.544484551713869,2.087305304270754,3.4534682812782895,52.18008613586426
-4.3907065747319,4.537453565240048,3.0720742786082935,-4.986291138675308,1.9722549643526122,2.9718457306135813,-0.9375950800590693,-0.0350534590092091,0.00016574223990587292,-0.3459576468153678,0.25278890368171847,0.5015128507122052,-0.23051826771979544,0.012665951453527668,-0.015114393954718253,0.0147611579450313,35609,999000000,32.91,0,2,2,-3.5827526562727177,2.0235183324230297,3.3570448245845106,-3.5827526562727177,2.0235183324230297,3.3570448245845106,52.860151290893555
-4.3649446544071155,4.635055345592884,3.050144175636353,-5.014502460210425,2.0975379928102797,2.9339649599801265,-0.937290842301653,-0.03645651075024074,0.0011766006625507225,-0.3466344116966115,0.2832029633190939,0.5054926540621799,-0.19843779835371309,0.01174484723378555,-0.011481721321615623,0.0013764936852567189,35610,302000000,42.59,0,2,2,-3.6186662909683585,1.9434093069814142,3.2555415389775217,-3.6186662909683585,1.9434093069814142,3.2555415389775217,53.54841232299805
-4.339806565582618,4.7339765903700695,3.0321408228027407,-5.048926961369099,2.315542047844862,2.8869551854584534,-0.9378194536105732,-0.03854578356065293,0.0021521691616761644,-0.3449699453099654,0.34058559646689646,0.5148393726055278,-0.15405188083616866,0.005447991907203686,-0.0058921660183841595,-0.03756505720957648,35610,530000000,50.15,0,2,2,-3.639465046523718,1.8747771018192552,3.1822022049498484,-3.639465046523718,1.8747771018192552,3.1822022049498484,54.43062686920166
-4.291988606647645,4.93526786441942,3.0080514120095216,-5.074079478315402,2.584860501399143,2.8530944960662272,-0.946157253415302,-0.03960449139522082,0.0026479808680312557,-0.32126457051511337,0.36718836373957386,0.548771571737596,-0.10890170648726774,0.008542258728994057,0.00914309530344326,-0.2563844813266769,35610,881000000,62.43,0,2,2,-3.659685498026754,1.7509629286721167,3.064440345961584,-3.659685498026754,1.7509629286721167,3.064440345961584,55.371275424957275
-4.248394781269408,5.140257566049799,3.0,-5.084248391033293,2.8725793475805874,2.837502708445791,-0.9644154828208956,-0.03966103429644445,0.0024969012161380963,-0.26138772797932097,0.3506095847362738,0.5969304197683554,-0.07456320569280597,0.0003437999481548104,0.011278360670985421,-0.308068233425729,35611,302000000,72.14,0,2,2,-3.657838083663639,1.6024988392351571,2.931931422420465,-3.657838083663639,1.6024988392351571,2.931931422420465,56.38481521606445
-4.210109027392585,5.347801973019649,3.0080514120095216,-5.072695222142505,3.151362011577933,2.8344160058282974,-0.9780820160077015,-0.03834261983724596,0.003391948106712811,-0.20463115147593713,0.3308237787622535,0.6060523944180616,-0.04981158998310521,-0.007835033920855494,0.0018159779187953973,-0.2537460037274286,35611,734000000,74.34,0,2,2,-3.6294682710432284,1.4659405621378583,2.8059713634375303,-3.6294682710432284,1.4659405621378583,2.8059713634375303,57.3809289932251
-4.178146364880431,5.5566942361953435,3.0321408228027407,-5.023603926882437,3.4872822635077383,2.8403797304517275,-0.9880931293320754,-0.036028800826782274,0.0065686540663635554,-0.14943475519934085,0.32078296177241655,0.5820328659924929,-0.028475041927655383,-0.009138842960965121,-0.006752720173608395,-0.1996347025851719,35612,134000000,74.01,0,2,2,-3.585406275198145,1.35958061070695,2.6929943589613767,-3.585406275198145,1.35958061070695,2.6929943589613767,58.50933575630188
-4.153443009833245,5.765675973355503,3.0720742786082935,-4.943569979524144,3.7904988074352097,2.852679227443358,-0.9941393584619502,-0.03398266709581113,0.010123802387632025,-0.10212552530652225,0.3190016916878032,0.561223503174442,-0.01434712126426749,-0.0066138703004980925,-0.006937602211110061,-0.20367966062622145,35612,619000000,73.26,0,2,2,-3.517113138513836,1.2657703492643224,2.5616599048321858,-3.517113138513836,1.2657703492643224,2.5616599048321858,59.61162567138672
-4.131829376054615,6.076470222463971,3.1609444548970984,-4.84462792934002,4.052886045059292,2.8687956414914413,-0.99782492296232,-0.03205669515992919,0.012886186028750123,-0.05614033861935619,0.3136013636320168,0.5472076180706339,-0.00024841025357844537,-0.007166531622715411,-0.0029067918831060524,-0.21911339135840535,35613,105000000,71.84,0,2,2,-3.445645664179158,1.2219792039782515,2.444453328858095,-3.445645664179158,1.2219792039782515,2.444453328858095,60.6338050365448
-4.12877573295956,6.279944484351441,3.2388089362865236,-4.765268118161826,4.221360733065547,2.8835097473122375,-0.9991910745604611,-0.029921685402503798,0.014044931550121877,-0.022904784634149022,0.29932394235134,0.5265711424711028,0.019237694362320184,-0.021858777472516522,0.006037338380338042,-0.22196483187144622,35613,550000000,69.63,0,2,2,-3.384679354034213,1.2310121834414907,2.3403527141728353,-3.384679354034213,1.2310121834414907,2.3403527141728353,61.26597237586975
-4.130889664098318,6.3800632425732875,3.283102412796268,-4.69375832908963,4.353289607952266,2.9027104306628644,-0.9995632799181734,-0.02569768766202953,0.013321571680004963,0.0059509676543157974,0.2649155090624061,0.4762782325013003,0.06512902552902924,-0.05378756468417123,0.022267965505307075,-0.21298782376106828,35613,843000000,67.84,0,2,2,-3.35696890274861,1.2693022238300333,2.2678950231640123,-3.35696890274861,1.2693022238300333,2.2678950231640123,61.940128326416016
-4.13551904324917,6.47888033835782,3.3308534925573943,-4.624548117511956,4.468955748730339,2.9406161814738585,-0.9992007478559035,-0.0175834598315434,0.009381327304110515,0.034650802625173505,0.20422681806748305,0.3811041968027703,0.15407424615984172,-0.0550531371118268,0.03499926351651084,-0.19477309106150642,35614,107000000,66.44,0,2,2,-3.3786610196834896,1.3603782908491557,2.227250106270099,-3.3786610196834896,1.3603782908491557,2.227250106270099,62.609155893325806
-4.152547012978048,6.671946651670999,3.43633703506394,-4.567373936682987,4.555194515324886,2.99883054297176,-0.9980524317677745,-0.01061674748914754,0.004791654647578794,0.061283506434617,0.1530221186059491,0.2871608745767949,0.23243326979579906,-0.04130495071876794,0.029792114946758375,-0.18404747679596767,35614,379000000,65.67,0,2,2,-3.4924231908997045,1.5551455021243326,2.2430457925337643,-3.4924231908997045,1.5551455021243326,2.2430457925337643,63.261112451553345
-4.165039210289305,6.765868159862174,3.493857067992778,-4.521039469756309,4.616707965679637,3.0745803258965507,-0.9961798391077752,-0.006055590726882746,0.0010795775562611838,0.08710850985096302,0.11658166805291847,0.21587613626543697,0.29456711104503636,-0.023991673697310034,0.022977118169364985,-0.1974455692106858,35614,664000000,65.86,0,2,2,-3.6881093709404373,1.8302466722167208,2.347230350894871,-3.6881093709404373,1.8302466722167208,2.347230350894871,64.0059962272644
-4.1802339303802745,6.857833443958347,3.5544102723452164,-4.476531051880846,4.669476764346355,3.1786018441316024,-0.9925657507751162,-0.003226257776350737,-0.0023363571467207404,0.1216444124663083,0.08866332927788388,0.17696787316357387,0.34560989833023414,-0.01635156513657421,0.019051283197768498,-0.24045139871304855,35614,954000000,66.44,0,2,2,-3.903656768898501,2.1706457523621023,2.527102868149459,-3.903656768898501,2.1706457523621023,2.527102868149459,64.81372284889221
-4.218838448284354,7.035265581066037,3.684122548120574,-4.432092537915725,4.718939656930685,3.309311034657406,-0.985526944314334,-0.001239325453081452,-0.0057649336499850335,0.16941626735022908,0.06452028806490454,0.1667361723418191,0.37453084790518926,-0.014702904991281684,0.0183601949174772,-0.3085708129219711,35615,269000000,66.04,0,2,2,-4.100821314599868,2.6196478987788403,2.7802261265070727,-4.100821314599868,2.6196478987788403,2.7802261265070727,65.67696714401245
-4.268502693892854,7.203016248319119,3.8244294954150533,-4.3835282973476986,4.772507453216773,3.4618694583014897,-0.9733551101856444,0.0006117853782003912,-0.009195567859823818,0.2291176482200324,0.0452765376179005,0.1732392181964715,0.3888472541541082,-0.013925667644798523,0.009562640389049193,-0.2578321669716388,35615,631000000,63.09,0,2,2,-4.222217120826938,3.167225052142755,3.041026623005034,-4.222217120826938,3.167225052142755,3.041026623005034,66.56596255302429
-4.297494846945124,7.2828940987080575,3.8982060370957945,-4.334345618282874,4.823511837638698,3.61075971852543,-0.9619578387899516,0.002062739495313576,-0.011064626806589239,0.27296599702155333,0.034492098963002996,0.1830855955575509,0.3994782786847682,-0.011127267225674586,0.005282180472931941,-0.2346822206163779,35616,27000000,56.29,0,2,2,-4.258628155857091,3.8082553939194352,3.3363585803156792,-4.258628155857091,3.8082553939194352,3.3363585803156792,67.45215034484863
-4.363761665560097,7.433960112965551,4.052262675054003,-4.268791691623131,5.042979126889608,3.830572733516972,-0.948649449320625,0.04547879809971955,-0.0009235781094789862,0.3130416078264287,-0.18172755651230313,0.3780518098544288,0.7182610913366577,0.1333203981630504,-0.12046342817484401,-0.44674369564745575,35616,414000000,46.0,0,2,2,-4.232225569440472,4.372912579941128,3.6573653068513177,-4.232225569440472,4.372912579941128,3.6573653068513177,68.30528211593628
-4.44093979567767,7.5725737357109155,4.213949936692153,-4.2690187636506325,5.159742569253602,4.089365123971501,-0.9293288512215183,0.013225491960102314,0.018022479379257522,0.36857585771009216,-0.2176957253291941,0.02420274816497755,0.6897320740280725,0.19487337849568576,0.028486641531344503,0.047317925418610685,35616,768000000,48.79,0,2,2,-4.227348574703135,4.601778600404571,3.919533991465939,-4.227348574703135,4.601778600404571,3.919533991465939,69.15128874778748
-4.528775451583464,7.697776788310476,4.381966011250105,-4.312063302935076,5.24139457229209,4.396154852705105,-0.9789644438614249,0.018567425468466885,0.0213609879129561,0.20205834939924178,-0.08350774298016997,0.12933030327571746,0.8042645807569955,-0.10978573700413108,0.06680531005258672,1.2401250307448208,35617,142000000,48.13,0,2,2,-4.280561092387682,4.69675899840684,4.12981613980462,-4.280561092387682,4.69675899840684,4.12981613980462,70.05784606933594
-4.576581810215823,7.755077640164158,4.467926308866649,-4.364476242742561,5.284547100304832,4.699212845894744,-0.9996251259795328,0.020506980505600916,0.002224224888985769,-0.01800344646419788,-0.1669746347664811,0.03676310166894868,0.7964792670013645,0.005987315034872154,0.12165793523308821,1.194657979067415,35617,576000000,85.0,0,2,2,-4.505078143372491,4.631626706883116,4.260355247277583,-4.505078143372491,4.631626706883116,4.260355247277583,70.95173478126526
-4.6797008925584365,7.858594902670625,4.642886210402726,-4.420237730689093,5.29525881153751,4.936342445489687,-0.9857047053835355,0.0182694563807229,-0.009322687304218697,-0.16722902932726075,-0.22920141459032317,0.06508161092202638,0.7915059258543172,0.0344929732818855,0.04709670683951117,0.26132298371521756,35617,937000000,111.47,0,2,2,-4.737700909806676,4.35652562172154,4.2056285191117615,-4.737700909806676,4.35652562172154,4.2056285191117615,71.89691424369812
-4.792399167380991,7.946775109590542,4.820721382193133,-4.566921363143713,5.295436618633949,5.341342275002027,-0.9991762792682585,0.015560202616206886,-0.01135995393726695,-0.03571546567979722,-0.3330391642415762,-0.000482933769173176,0.8174757899882732,0.0072422252287651645,-0.0206223679924733,-0.9041087643709034,35618,244000000,122.32,0,2,2,-4.901233775670145,4.035607419572583,4.100047920130576,-4.901233775670145,4.035607419572583,4.100047920130576,73.28592562675476
-4.978092569416851,8.049100264685944,5.089729660701029,-4.676106980751147,5.29888692910167,5.638295126914511,-0.9917624824151432,0.011244070025380512,-0.012172019930835474,0.12701413816508844,-0.26577575546559606,-0.07607845501801053,0.7960634781891482,0.01099610744859092,0.03385678028280381,-0.7832339324522763,35618,755000000,105.4,0,2,2,-5.094399626881435,3.4862074479859055,3.9547430109321233,-5.094399626881435,3.4862074479859055,3.9547430109321233,74.24222254753113
-5.1119819662900525,8.096779286879451,5.26846653163531,-4.744851226450819,5.299252391036143,5.9152667950739515,-0.9704558734383699,0.0062566622237740215,-0.026310176876987244,0.23975826675943734,-0.1547625719567721,-0.0818329355669722,0.7295412430873475,-0.010877982276724651,0.116566051292466,-0.4336938785854727,35619,102000000,87.66,0,2,2,-5.123356841661374,3.295211124436964,3.8932876824988893,-5.123356841661374,3.295211124436964,3.8932876824988893,75.10843348503113
-5.2530557095740935,8.12775047361449,5.445041867912629,-4.7796093666772865,5.299153390238096,6.206969247037505,-0.9514423014753044,0.00080020429288696,-0.05100511428590039,0.303571054208315,-0.0984562837195109,-0.0428505571872627,0.6334832826503602,-0.025068900868063793,0.09367900565848686,-0.25228266313206404,35619,474000000,74.61,0,2,2,-5.023754640401205,3.3590808941868557,3.8449392240273057,-5.023754640401205,3.3590808941868557,3.8449392240273057,76.06300568580627
-5.326030373087438,8.136940756034273,5.53207369113335,-4.7852723738306455,5.301315348949415,6.408385192604445,-0.9380188734061756,-0.0013937174088415188,-0.06407113960881299,0.3406076037830354,-0.06850667137691914,-0.009765842935837817,0.5347426473724536,-0.024269119967357256,0.04376187207526527,-0.22257673263084143,35619,888000000,66.4,0,2,2,-4.7900920534667915,3.6617191522451336,3.78058656164993,-4.7900920534667915,3.6617191522451336,3.78058656164993,76.85299825668335
-5.47631735752994,8.142750146300394,5.702749648162685,-4.777497912404583,5.315812061775095,6.555754154605334,-0.9248510827290679,-0.010697989600250323,-0.06637645892222721,0.37433967662315654,-0.11488202170299786,0.1275720633934193,0.3170826361967002,0.13038295437581837,0.02737792401603656,-0.245579588226974,35620,221000000,64.08,0,2,2,-4.584218862477453,4.039476826139399,3.780300730877401,-4.584218862477453,4.039476826139399,3.780300730877401,77.57538866996765
-5.553407509066662,8.139404347423483,5.786050063307846,-4.758990766079267,5.401576609830872,6.605483830197928,-0.909017941783317,-0.029280333880498534,-0.06372409284440614,0.41081417156060496,-0.2630462755670306,0.3251329339177938,-0.014146292499351251,0.08163607490132563,0.03883843855874147,-0.25381502346135676,35620,540000000,65.91,0,2,2,-4.46179057940919,4.468512602819423,3.8522620638708642,-4.46179057940919,4.468512602819423,3.8522620638708642,78.3444185256958
-5.71091245220216,8.12036772306612,5.947737324945997,-4.730630741726199,5.640288068594284,6.536090823221688,-0.8842220578180897,-0.05263374740756303,-0.06601164023626702,0.45937294702136827,-0.47318386680813856,0.42860119469064195,-0.4357863232103255,0.07232124335132539,0.08755844391998835,-0.25927602546289563,35620,847000000,69.69,0,2,2,-4.465402583966784,4.884749062543837,3.9349980639163866,-4.465402583966784,4.884749062543837,3.9349980639163866,79.23237109184265
-5.872078083707181,8.085184330185637,6.101793962904205,-4.715321491270897,5.921004488801474,6.368234689177709,-0.8580013368582647,-0.07840532031616157,-0.0736737760718868,0.5022534085647007,-0.5845805612573216,0.410932988547255,-0.7346477285527778,0.07943043456180021,0.1360578928142786,-0.28127849218435585,35621,259000000,72.31,0,2,2,-4.57563487541155,5.30985063899631,4.0405882509639,-4.57563487541155,5.30985063899631,4.0405882509639,80.10745596885681
-6.035970176772812,8.034354397463265,6.246979603717467,-4.697834795559819,6.281535818582688,6.109226817144955,-0.8208835221717334,-0.10397478306888464,-0.08579286982152365,0.5549586209804245,-0.6396663121768367,0.3284574482326471,-0.8889760490204626,-0.016736465477151796,0.09430573700228706,-0.37666321732103825,35621,624000000,67.1,0,2,2,-4.654458769398955,5.445216331947194,4.114774152590959,-4.654458769398955,5.445216331947194,4.114774152590959,80.9832592010498
-6.118646833902687,8.003266302701505,6.315877451879425,-4.682312844567986,6.562763826934882,5.911406410114517,-0.7855333101944894,-0.11017358022550651,-0.09131244582556534,0.6020475380171696,-0.6835403232606081,0.2553100077896806,-0.8685825143713352,-0.06890652803122066,0.02887584050768055,-0.4230875871144235,35622,20000000,52.82,0,2,2,-4.689743862124514,5.394030410808754,4.1567192782405655,-4.689743862124514,5.394030410808754,4.1567192782405655,81.74710154533386
-6.284883614466956,7.930206020270921,6.445589727654783,-4.6545794954479875,6.9423738697914725,5.684019027315806,-0.7378810999208198,-0.10248940049277878,-0.09012204757700755,0.660988216012055,-0.6468297384540429,0.1273342874735791,-0.6299056505105529,-0.06826040626037866,-0.06797652313252911,-0.25530356797389686,35622,329000000,39.29,0,2,2,-4.6726154211266,5.260798869830683,4.152952566223971,-4.6726154211266,5.260798869830683,4.152952566223971,82.6933605670929
-6.451543150187733,7.8433436918687205,6.563662964936059,-4.637032518361249,7.196351791418836,5.5690904676287465,-0.7167010826904626,-0.08638438961184146,-0.0795740344807223,0.6874192813255743,-0.5507058743932765,0.06695722842727955,-0.34157324006009426,-0.03384897609066684,-0.1295610491069965,-0.1539596400107257,35622,746000000,23.96,0,2,2,-4.661812234583424,5.091603898986071,4.196742551659202,-4.661812234583424,5.091603898986071,4.196742551659202,83.46694326400757
-6.534755148665063,7.795031808684679,6.618033988749895,-4.616957708100272,7.4275332626401545,5.548810652302137,-0.7003543307891181,-0.06211364603957926,-0.059488835251239956,0.7085949370416408,-0.46270482860940565,0.04451784453254789,0.037178360651705614,-0.021816154367115814,-0.1454000041121617,-0.09895869006868452,35623,114000000,16.16,0,2,2,-4.749577174055254,5.101166236450019,4.416749916104118,-4.749577174055254,5.101166236450019,4.416749916104118,84.34428191184998
-6.700411658799133,7.689300091909045,6.716897587203731,-4.601104728762902,7.548887476357027,5.616678172186196,-0.6922765299062253,-0.045420523893936346,-0.04633267945604423,0.7187095831868521,-0.40382631811531444,0.04030429820506891,0.2832694058766262,-0.025532528161420487,-0.1293281267862767,-0.06786706871935166,35623,542000000,11.53,0,2,2,-4.9526877384426085,5.332140220636796,4.8597669418887,-4.9526877384426085,5.332140220636796,4.8597669418887,85.05435371398926
-6.7826519732040484,7.632161968564601,6.761191063713475,-4.582923422574938,7.659978138892031,5.783548416791827,-0.6876998228180455,-0.028021466937010645,-0.03476095716561421,0.7246208849761766,-0.304087668740697,0.01300999657405299,0.5553172552533846,-0.01829546417866368,-0.09988007877836935,-0.007024483147688443,35623,851000000,13.69,0,2,2,-5.1379800169237,5.593030339274478,5.1958707622153115,-5.1379800169237,5.593030339274478,5.1958707622153115,85.87818646430969
-6.945471222611875,7.510092349047391,6.839055545102902,-4.581322456347301,7.734585099954569,6.043770743562836,-0.6895731023741162,-0.014305685512406251,-0.025232314117021436,0.7236350006518871,-0.1883669347796555,-0.05176939254083466,0.7511238787189505,-0.007142211325117387,-0.0794603955000639,0.01786164521035971,35624,210000000,22.05,0,2,2,-5.387646736819489,5.947096068063669,5.589285954617839,-5.387646736819489,5.947096068063669,5.589285954617839,86.71668291091919
-7.10547198691976,7.378699442408728,6.902113032590307,-4.613423125055002,7.777814671391521,6.369043252040095,-0.6913508910685149,-0.003144203269346304,-0.0179205604654914,0.7222900476381866,-0.09646187828927241,-0.16101188465942168,0.8339517558941193,-0.01090668865799671,-0.0547074741916731,-0.004369690032035578,35624,579000000,33.4,0,2,2,-5.643898356371832,6.28192549519465,5.989474997164079,-5.643898356371832,6.28192549519465,5.989474997164079,87.69547820091248
-7.261989492222686,7.239334768459573,6.949855824363647,-4.672973508305563,7.797793108776293,6.64020146028429,-0.687478557733112,0.00144702957671117,-0.013411577689189071,0.7260793815737305,-0.05853043660974416,-0.25213192351792596,0.8326376262246594,-2.0463753536148488e-05,-0.02537757136451546,-0.11469666060293093,35624,992000000,43.19,0,2,2,-5.8803008747822325,6.537475903989245,6.415523402454278,-5.8803008747822325,6.537475903989245,6.415523402454278,88.50200486183167
-7.338754385808782,7.16710445873456,6.967859177197259,-4.767830367066313,7.818466088076783,6.915944174476547,-0.6641888715977574,0.002098679600116878,-0.010570928530604026,0.7474871195275773,-0.03238260617802397,-0.34417727113357294,0.7624125973368857,0.00880828729350469,-0.012740805232169805,-0.25325710885226727,35625,317000000,47.5,0,2,2,-6.040946185012697,6.666076599919311,6.771049838384262,-6.040946185012697,6.666076599919311,6.771049838384262,89.27740836143494
-7.488964595062717,7.018462329964086,6.991948587990478,-4.853250270605795,7.833974280275147,7.09115806080176,-0.6385030229436992,0.0015221129227431349,-0.008573385356755864,0.7695700552435318,-0.002355285351434875,-0.3966914206632177,0.6820903442481294,0.02646561260917224,-0.00695170124345168,-0.3014414513017982,35625,638000000,45.43,0,2,2,-6.158816275599157,6.726254687896488,7.080620065769564,-6.158816275599157,6.726254687896488,7.080620065769564,89.9198260307312
-7.562292897297591,6.942425004900163,6.997986133082629,-4.949233014724734,7.851030624016515,7.242875660523084,-0.6091605587463391,6.366630793906095e-06,-0.006226892529665828,0.7930224709532121,0.031424879581719675,-0.4293681727009203,0.5740061864357904,0.028030682369717397,-0.004567851829051506,-0.31717589881736785,35625,896000000,41.55,0,2,2,-6.232076643866978,6.743761897665776,7.293965765711415,-6.232076643866978,6.743761897665776,7.293965765711415,90.58756375312805
-7.705144459679417,6.78787045338199,6.997986133082629,-5.02782674902123,7.864392184465636,7.337367817763955,-0.5864753840976131,-0.0008137255650242131,-0.004147483340599502,0.809956023547082,0.0658429177623165,-0.455617082979361,0.47717276318250573,0.01538355345473974,-0.008681904273544205,-0.31345814059022814,35626,124000000,36.61,0,2,2,-6.29798673076155,6.745717807670751,7.491065762324911,-6.29798673076155,6.745717807670751,7.491065762324911,91.37892532348633
-7.774584090529587,6.709738893751633,6.991948587990478,-5.161034875131416,7.8852601040802694,7.446631070452362,-0.5513005813952191,-0.002025299499147346,0.0012243087753094559,0.834303343025338,0.1321295231244953,-0.48857469541681464,0.3052384772360498,0.02641648879944114,-0.02474104203429306,-0.30562938773073256,35626,313000000,32.67,0,2,2,-6.343041045052342,6.740652421100832,7.625948609976044,-6.343041045052342,6.740652421100832,7.625948609976044,92.04793167114258
-7.842653507283326,6.631296399009046,6.981899523535869,-5.333850682530021,7.904124268281143,7.509692834375494,-0.5084634505493755,0.0020398243226639667,0.004881320743327073,0.861067320991777,0.23557108123750242,-0.5243944952189765,0.09909375341535168,-0.009217819115292514,-0.03940074602724053,-0.32771746919024736,35626,595000000,26.25,0,2,2,-6.393406379188333,6.728492879989428,7.788686347147976,-6.393406379188333,6.728492879989428,7.788686347147976,92.77430701255798
-7.974578631245801,6.47425572015198,6.949855824363647,-5.50163721859346,7.914595030343525,7.512684669928341,-0.46706340456022166,0.009515563659702629,0.00399799403937437,0.8841635856630342,0.3253712175247462,-0.5244587630322411,-0.07934916226296314,-0.05294206530379597,-0.045031898480374366,-0.3466044756351039,35626,916000000,18.55,0,2,2,-6.4245941187425295,6.708853711349946,7.8933499767387945,-6.4245941187425295,6.708853711349946,7.8933499767387945,93.45668172836304
-8.038397653394853,6.396045001712609,6.9279257213917065,-5.678200019331104,7.916409119159643,7.46801769270884,-0.42249040728826964,0.01998078207558055,-0.0021606542606769467,0.9061445556147243,0.41768167369084336,-0.4771484873001913,-0.2657848614870938,-0.0851840311952401,-0.053356014541350305,-0.36374359333422035,35627,187000000,13.78,0,2,2,-6.434524406869113,6.686869119122801,7.915979983043083,-6.434524406869113,6.686869119122801,7.915979983043083,94.12057995796204
-8.161701604126613,6.241203232806258,6.872469741279475,-5.8627897633437085,7.903225692138757,7.377551204506724,-0.37465035491258075,0.03130146078955496,-0.008941787131081671,0.9265945038468659,0.513496172701444,-0.3996425916766346,-0.4303940201001323,-0.0181592962690047,-0.059948096168227494,-0.3617688693339005,35627,465000000,16.24,0,2,2,-6.431850449151266,6.660563560137886,7.8758649810688866,-6.431850449151266,6.660563560137886,7.8758649810688866,94.84155654907227
-8.221185561227667,6.164951085424454,6.839055545102902,-6.070351860565869,7.873377628313733,7.245311236315909,-0.32629453658294993,0.038754463265895246,-0.007934789862781165,0.944440048961777,0.6083864056165009,-0.32257854858065854,-0.5334405574727717,0.03500108578009531,-0.04340726700320374,-0.30816429934930056,35627,751000000,25.49,0,2,2,-6.420292928485494,6.625667321332801,7.773422936807173,-6.420292928485494,6.625667321332801,7.773422936807173,95.58843755722046
-8.335859124810902,6.015712791162399,6.7611910637134764,-6.279838709106432,7.830248544742423,7.105632662212147,-0.2902647815063019,0.041828513843320425,-0.002992670716058389,0.9560270790980467,0.6963377154483869,-0.26769232042176,-0.5742864940062813,0.04527375531324651,-0.02988069063576404,-0.20002634701086208,35628,57000000,38.39,0,2,2,-6.404461977226231,6.570141712151572,7.5961685847621165,-6.404461977226231,6.570141712151572,7.5961685847621165,96.27335524559021
-8.391082768889193,5.94308865097476,6.716897587203732,-6.631247656747498,7.740560692385346,6.884867806804,-0.27660459512564467,0.04415588859125316,0.004581781432845277,0.9599578963355613,0.7728569916601968,-0.23126731952369917,-0.5566122000673787,0.02080749072774779,-0.012912786769447848,0.051428950973786414,35628,325000000,51.34,0,2,2,-6.3924404944368085,6.5118333816590095,7.425028474191879,-6.3924404944368085,6.5118333816590095,7.425028474191879,97.34616875648499
-8.497431145994403,5.8027065662537485,6.618033988749895,-6.958164844645388,7.641229261801265,6.699210523760385,-0.323672158233184,0.04867990179416273,0.00725448548143558,0.9448883392160063,0.7198303524336124,-0.2715904058810864,-0.5222088537666331,-0.05554227391257882,-0.04620276486093644,0.6461725977715105,35628,776000000,67.82,0,2,2,-6.379905145876485,6.382782830054745,7.107271731446175,-6.379905145876485,6.382782830054745,7.107271731446175,98.31045174598694
-8.59854755676286,5.6699281369230485,6.506142932007222,-7.257405222451745,7.540118080497518,6.520919691478877,-0.49052406418404904,0.05739483722407508,-0.00200492100895033,0.8695331824652425,0.48332832105150947,-0.39268780517965296,-0.4774807561291149,-0.12439194688340649,0.07298519703908823,1.0822755517438054,35629,176000000,74.22,0,2,2,-6.382934436915608,6.255824623054287,6.862960961678454,-6.382934436915608,6.255824623054287,6.862960961678454,99.20263719558716
-8.694784156227092,5.546018099703973,6.3821252979737295,-7.478208385109004,7.446148208358373,6.366748796720233,-0.6716023840949962,0.05013320131730845,-0.017232083990875148,0.7390128247093731,0.2773252598858099,-0.4139673302230539,-0.4238939843607542,-0.035402668436290696,0.13590936723630875,1.087345089763403,35629,581000000,61.4,0,2,2,-6.403106873894054,6.0977302284742185,6.6336481364527575,-6.403106873894054,6.0977302284742185,6.6336481364527575,100.20285439491272
-8.786570409599188,5.43214581622669,6.246979603717468,-7.625583534569811,7.349286357180476,6.2387204066770074,-0.7964572004677478,0.03928730338908437,-0.025232500034886585,0.602889506093348,0.17996250352665927,-0.3779117209754654,-0.38065135561947094,0.025242651645385195,0.09132462946581654,0.8897415711544454,35629,980000000,39.64,0,2,2,-6.4412987979569305,5.929463207698708,6.462095139138007,-6.4412987979569305,5.929463207698708,6.462095139138007,101.1296796798706
-8.874406345352918,5.329373808715595,6.101793962904206,-7.721653274219841,7.25565401681603,6.13398872082302,-0.8632328071550779,0.032682664935655026,-0.026106409758296496,0.5030699945667596,0.11488103756070973,-0.3557278164570816,-0.3326606446227521,0.02946672284451779,0.01904652835946763,0.472889409866184,35630,340000000,20.02,0,2,2,-6.4893491009488615,5.7628265929720595,6.347082954641702,-6.4893491009488615,5.7628265929720595,6.347082954641702,101.97423148155212
-8.917016634011365,5.282450649562469,6.0257985548118125,-7.787118445651589,7.190515377904931,6.066592869243882,-0.8821446232411223,0.03054368321468994,-0.02334187835218783,0.469407183389273,0.0684988626102436,-0.34442699308906416,-0.286820739995432,0.027220813535677735,-0.009010777648654766,0.21023770241299644,35630,668000000,7.67,0,2,2,-6.53841450304732,5.606659400379109,6.2718363301690125,-6.53841450304732,5.606659400379109,6.2718363301690125,102.68705916404724
-9.0,5.198062264195162,5.867767478235117,-7.863470236686966,7.1199178022921545,5.996234685123571,-0.8897421965077148,0.028089477812504152,-0.019179719224494653,0.45519440172339243,0.04143051132188787,-0.3025603705068453,-0.22975836278580544,0.028903533893753774,-0.013370491888053948,0.04114319053769577,35630,905000000,5.29,0,2,2,-6.583659850074951,5.49297957431687,6.226219574786035,-6.583659850074951,5.49297957431687,6.226219574786035,103.34381246566772
-9.040533546240905,5.160785279215,5.786050063307848,-7.914589783026463,7.070404472059748,5.950985015552437,-0.8905908925866939,0.02542328017157582,-0.016143089959367782,0.4538071391169569,0.046501495346978845,-0.2636038105266679,-0.19000902208374812,0.03497125144349411,-0.010593963452265598,-0.005305921240505995,35631,197000000,5.43,0,2,2,-6.653312032733727,5.364274947186839,6.175325985511346,-6.653312032733727,5.364274947186839,6.175325985511346,104.00859045982361
-9.080539744799685,5.126897688037298,5.702749648162686,-7.961061605311492,7.02030220403954,5.90787964433424,-0.8895899668332208,0.02200390754473216,-0.013134641039666745,0.4560405685541482,0.05659020191070976,-0.23413621108082272,-0.1723620435421987,0.03340058610774577,-0.00816978899820242,-0.025438860757276416,35631,446000000,5.69,0,2,2,-6.718014682599114,5.277655994047457,6.13550585010779,-6.718014682599114,5.277655994047457,6.13550585010779,104.65860962867737
-9.159317703191736,5.069571516131274,5.532073691133351,-8.000260054609635,6.9732825957100415,5.866744661830174,-0.8880153871708243,0.01879792037400515,-0.010507895748570415,0.4593091491189791,0.0627788977766108,-0.20798616857463953,-0.1678043602575227,0.02931481576524675,-0.006466514059866313,-0.02916574740083888,35631,707000000,5.84,0,2,2,-6.792887798953764,5.200691519022693,6.089964071905065,-6.792887798953764,5.200691519022693,6.089964071905065,105.32370090484619
-9.198267729892216,5.046250697497813,5.44504186791263,-8.036279111622724,6.9255803248413175,5.820516743359802,-0.8861089671219352,0.01578245613022632,-0.008181050672133544,0.46313592267766757,0.06934438423725138,-0.18884359461184497,-0.1845056022798892,0.02506078944861656,-0.003992218444182072,-0.03291442553745583,35631,963000000,5.86,0,2,2,-6.870580299602082,5.1393899807961505,6.035914911929936,-6.870580299602082,5.1393899807961505,6.035914911929936,105.97728300094604
-9.237046293633338,5.026554517280455,5.357113789597274,-8.068444695121403,6.8782271937101065,5.765113942400172,-0.8838576898705437,0.013335781498723588,-0.006502344614053363,0.46752054554109623,0.077942765443941,-0.17966635486740662,-0.22387435304346653,0.01809277182474034,-0.002357956441301212,-0.036214480132912286,35632,246000000,5.78,0,2,2,-6.954308811704037,5.087793961302507,5.963678469129612,-6.954308811704037,5.087793961302507,5.963678469129612,106.61451697349548
-9.314458149989589,4.998169166528449,5.179278617806868,-8.095951899499543,6.834216973590611,5.702781411470233,-0.8816629409459776,0.011693714927518787,-0.005384986696709051,0.4717040571290009,0.08308399466914043,-0.17163402470082206,-0.264357032140741,0.014047682270756923,-0.0020283542426113854,-0.035755194403463975,35632,520000000,5.64,0,2,2,-7.034387517365904,5.047858196587616,5.877155056037765,-7.034387517365904,5.047858196587616,5.877155056037765,107.2402458190918
-9.353277163006274,4.989522819963038,5.089729660701031,-8.121546398101971,6.790823223049557,5.629661433518617,-0.879525643493382,0.010390416221022346,-0.00445435411185658,0.47571718532942686,0.08583140644423708,-0.16430750941997704,-0.30729137838279263,0.013724793552682968,-0.0014624390132667031,-0.034796363979694434,35632,795000000,5.5,0,2,2,-7.103941643224459,5.018731327344308,5.784427940154432,-7.103941643224459,5.018731327344308,5.784427940154432,107.87004661560059
-9.392295478639225,4.9845866686656395,5.000000000000001,-8.153540963552938,6.734527634658553,5.514700959106478,-0.8767223592921961,0.008816810628347282,-0.003468937486088181,0.4809034570890368,0.08748846387586917,-0.1585221788805345,-0.3719856468405406,0.009333362140750978,-0.0012131955713812204,-0.03344849646964576,35633,50000000,5.4,0,2,2,-7.169232011551953,4.995519145933235,5.679344424435109,-7.169232011551953,4.995519145933235,5.679344424435109,108.58675050735474
-9.47129927139662,4.985825502573428,4.820721382193134,-8.180797918289457,6.686755535847807,5.396603011895985,-0.874484780686873,0.007963628705455198,-0.0026636069943915845,0.48498026162169977,0.07736459295190326,-0.1507549764378744,-0.4181070365871415,0.007359599567280384,-0.004833725506614428,-0.024252997172879986,35633,390000000,5.28,0,2,2,-7.246252810800466,4.971918796038878,5.528615670380051,-7.246252810800466,4.971918796038878,5.528615670380051,109.28299641609192
-9.511467160188488,4.991966920557292,4.73153346836469,-8.210177236702936,6.6469918637790535,5.26574782275103,-0.8734178329630221,0.0074846034957923805,-0.0012279752361466487,0.4869124786340028,0.024720236637938976,-0.14239564094138696,-0.4594567941076392,0.01007756773105939,-0.011693044598359847,0.0034669362094064127,35633,693000000,5.17,0,2,2,-7.3055911932003506,4.955889341491859,5.388566022498949,-7.3055911932003506,4.955889341491859,5.388566022498949,109.91687822341919
-9.552198506503384,5.001751500218027,4.642886210402727,-8.24464447869995,6.630964479773117,5.141821726530852,-0.8745718998150985,0.0072524360429896285,0.0005735319333113483,0.4848412784472592,-0.06599274808700567,-0.13439422003574322,-0.49320249450649445,0.006680944397885469,-0.009678130481916014,0.02954610899905674,35633,977000000,5.27,0,2,2,-7.358205745597043,4.941219257473055,5.2437084893904276,-7.358205745597043,4.941219257473055,5.2437084893904276,110.56171822547913
-9.593580803191154,5.015138883899101,4.554958132087372,-8.301048385600652,6.641015972398558,4.979938906292036,-0.8774584663879225,0.006718606479735972,0.0015510299473267563,0.47960305920336677,-0.17548415260666073,-0.11748152171817335,-0.5129024418859796,0.0047964657369448105,0.002774998915811011,0.03989853212260641,35634,247000000,5.78,0,2,2,-7.397839348667799,4.922209747141802,5.114704505280112,-7.397839348667799,4.922209747141802,5.114704505280112,111.28596544265747
-9.678637536758645,5.052514485500042,4.381966011250106,-8.376870694133896,6.683768752445519,4.7948559851777,-0.8807077936716285,0.004990642652858922,0.00041997658470551216,0.4736335073362439,-0.24331055615280084,-0.09691892411322085,-0.5082949322952914,0.005394147547121975,0.016162725478352513,0.030588285517296754,35634,570000000,6.68,0,2,2,-7.4366133699111465,4.878548812484486,4.953127875486326,-7.4366133699111465,4.878548812484486,4.953127875486326,112.08510875701904
-9.76729017331638,5.103588292218058,4.213949936692154,-8.43762454896596,6.7272983945432,4.654333021415449,-0.8823939336193126,0.002961764478037811,-0.0014350077954990896,0.47049985612711864,-0.24201164285740315,-0.0866066090702836,-0.49536717714529993,0.006915229187143268,0.025274755171267316,0.015190640897344565,35634,934000000,7.84,0,2,2,-7.471913620825588,4.802603771463676,4.7684487510445575,-7.471913620825588,4.802603771463676,4.7684487510445575,112.79751014709473
-9.813156089545181,5.134065492033123,4.132232521764885,-8.488007666399232,6.7610354619844655,4.527583362533818,-0.8827135325020802,0.0005322198032489348,-0.0041572783597193415,0.46989281045406484,-0.18752958085603874,-0.08625956331753365,-0.4823663390081516,0.0062065279053058475,0.025547360201017,-0.0012920466701871192,35635,200000000,8.65,0,2,2,-7.49844900496552,4.735524540163303,4.628014881921883,-7.49844900496552,4.735524540163303,4.628014881921883,113.4784643650055
-9.860143519025664,5.167714407510702,4.052262675054004,-8.531387401388747,6.783264378853135,4.404541412088658,-0.8824075345651902,-0.0012208658970541365,-0.0061686602867474395,0.4704438330548194,-0.13528525229963304,-0.0912934513751987,-0.46689313246597736,0.0017030564436026907,0.014472981274593621,-0.007309948887268547,35635,462000000,9.21,0,2,2,-7.52923039278475,4.680203698250705,4.50249213247437,-7.52923039278475,4.680203698250705,4.50249213247437,114.14571356773376
-9.957745129113496,5.24411319736433,3.898206037095796,-8.566502751893104,6.79457497520187,4.295372436326685,-0.8819036441529109,-0.0018300884601291766,-0.007103363749537427,0.47137262906270405,-0.0970554105474477,-0.09531739525576857,-0.44655849408321135,-0.001869609366167424,0.004909082053927705,-0.010281518643751042,35635,720000000,9.76,0,2,2,-7.572295248985398,4.640316885495348,4.382142849720822,-7.572295248985398,4.640316885495348,4.382142849720822,114.83352160453796
-10.008479866243734,5.286636596706112,3.824429495415054,-8.600030115178521,6.79924791879953,4.1831131170903015,-0.8811681127590569,-0.0017158178764617197,-0.007315061964446219,0.4727433795349362,-0.06627839193447321,-0.09533165303421827,-0.42284723197702495,-0.0014210254562385671,-0.002149518968508346,-0.013890498757973546,35635,971000000,10.36,0,2,2,-7.624478328190537,4.617024270677987,4.275823259456638,-7.624478328190537,4.617024270677987,4.275823259456638,115.51288628578186
-10.060576742758828,5.331879343301653,3.7530203962825333,-8.629317536339768,6.798681677995825,4.075688732542575,-0.8801951187498362,-0.0013373016079143464,-0.006871272344295893,0.4745603756844237,-0.04499034516323504,-0.09088081210851595,-0.40618224878387066,-0.002035080365203612,-0.006116019267210504,-0.017499963723821566,35636,228000000,11.17,0,2,2,-7.69562316069717,4.606065002132035,4.164469314956863,-7.69562316069717,4.606065002132035,4.164469314956863,116.23735666275024
-10.169046504790035,5.429991136564798,3.6178747020262714,-8.650923186847148,6.795908959664625,3.9882464743310804,-0.8792225723964482,-0.0008718124146810807,-0.006250264114862874,0.47636943891288835,-0.0326986999700435,-0.08385974543616241,-0.39109904884934615,-0.001703220596027677,-0.007638444776603137,-0.019619701924966648,35636,488000000,12.1,0,2,2,-7.777736450670764,4.607821187785451,4.058846880580339,-7.777736450670764,4.607821187785451,4.058846880580339,116.99370670318604
-10.225501397259645,5.482578088179083,3.5544102723452173,-8.669590026955085,6.7923302855939,3.904404017413543,-0.8781350536423091,-0.0003581379748037552,-0.0055349290780139695,0.4783806683614118,-0.024763939184811172,-0.07336086130521824,-0.37413769256691365,-0.00012766262003083284,-0.00812111120467307,-0.021702937010559253,35636,714000000,13.0,0,2,2,-7.853628675861582,4.617854932427157,3.973973728327159,-7.853628675861582,4.617854932427157,3.973973728327159,117.69047021865845
-10.343015939680622,5.5940639847794555,3.436337035063941,-8.690494777713614,6.787623838015466,3.7944531628231775,-0.8764516679681188,9.31316786571745e-05,-0.004442284906848987,0.4814693460098983,-0.018206729887114817,-0.058108754523406234,-0.3601254670378858,0.0007499199284666247,-0.007465962153219152,-0.025213909248122945,35636,934000000,14.03,0,2,2,-7.934573235015125,4.634794700932397,3.8922213026996513,-7.934573235015125,4.634794700932397,3.8922213026996513,118.39409327507019
-10.40412469492493,5.652646529561425,3.3819660112501055,-8.706798214839086,6.783766286002707,3.6884200025736913,-0.8745219083183121,0.00029330883325342214,-0.0033972742589598705,0.48497402442691195,-0.013649311323614327,-0.046524687045740316,-0.35045966527109196,0.0032656063467584318,-0.006093267029427807,-0.028177169406262692,35637,223000000,15.62,0,2,2,-8.049077808411448,4.6659908372969845,3.7860418443473933,-8.049077808411448,4.6659908372969845,3.7860418443473933,119.08906126022339
-10.531124343357522,5.774663726388456,3.2831024127962682,-8.719391847031762,6.780441663255998,3.590800880754854,-0.8725308671949046,0.0002711756806019249,-0.0025243069049570403,0.48855239241099574,-0.010388306964093668,-0.040923359442113824,-0.34546345096262265,0.002233602117485134,-0.004815139254787937,-0.03038127742911456,35637,528000000,17.43,0,2,2,-8.16746540545998,4.705360205379165,3.68431916701879,-8.16746540545998,4.705360205379165,3.68431916701879,119.77448463439941
-10.597029011258085,5.837754861678575,3.2388089362865244,-8.729777958591368,6.777292556816897,3.5023635903911656,-0.8705345405881626,0.00026788860602120987,-0.0018867192043381165,0.4921036295022574,-0.008322767578761592,-0.04007824573410203,-0.33559205383112645,0.00264684708781715,-0.0038946666336414637,-0.03253181785112247,35637,815000000,19.34,0,2,2,-8.281118696398918,4.748159648304825,3.592362911681756,-8.281118696398918,4.748159648304825,3.592362911681756,120.40188455581665
-10.664535954385098,5.901999301723967,3.198062264195162,-8.74178673281901,6.772976664480022,3.410007044179013,-0.8681751113971085,0.00026873996052810187,-0.001331238985184266,0.49625611485624643,-0.007719115869784127,-0.04877678206287137,-0.32284295236595406,0.0011594688771765504,-0.0031660364129493246,-0.03604295561672188,35638,73000000,21.25,0,2,2,-8.386809532712288,4.791059519194694,3.5101735907678853,-8.386809532712288,4.791059519194694,3.5101735907678853,121.02166676521301
-10.733636765710141,5.967216887318114,3.1609444548970993,-8.756444092870407,6.767212282748121,3.322484160085985,-0.8655244937811192,0.000425960555408434,-0.0009693908992238624,0.5008654804474221,-0.00871736468389803,-0.062065979514475844,-0.3016211881517706,-0.0006803283554290829,-0.002561686005719821,-0.04017861356260255,35638,338000000,23.38,0,2,2,-8.500111490160611,4.83714450882128,3.424653430185483,-8.500111490160611,4.83714450882128,3.424653430185483,121.71384644508362
-10.876555361569489,6.0998385342332115,3.097886967409693,-8.780399723004884,6.761375424760936,3.2252976193397296,-0.8620705603160521,0.0009815474578301218,-0.0005438442292339191,0.5067870261109788,-0.052589712517308575,-0.07026500196625593,-0.2708394460641734,-0.0018755947962745267,-0.007839418412913801,-0.03669035613711458,35638,629000000,25.53,0,2,2,-8.611929725734736,4.874091219661573,3.340770729151872,-8.611929725734736,4.874091219661573,3.340770729151872,122.48042917251587
-10.950325304246979,6.166871325440744,3.0720742786082935,-8.823259540204397,6.784727829349947,3.128552771328628,-0.8586897229173388,0.0019495830608859278,0.0004868932622443834,0.5124918748789912,-0.17096922521688906,-0.06988349143085568,-0.24061380374990854,-0.0019581708329496905,-0.006036025615685503,-0.03653727217169944,35638,974000000,27.9,0,2,2,-8.741222412340466,4.893464740481053,3.24162202249103,-8.741222412340466,4.893464740481053,3.24162202249103,123.30095982551575
-11.102320481200636,6.301443152063106,3.0321408228027407,-8.88119153649148,6.840784022519978,3.0509295947562656,-0.8548737007189401,0.002424161754974319,0.0006471319173782229,0.5188300882554627,-0.2743342991600976,-0.07648218322352017,-0.21231863668314804,-0.0019210581740480848,0.001482845914324571,-0.062203739798860624,35639,345000000,30.18,0,2,2,-8.884205790213336,4.892609220913622,3.136559233611961,-8.884205790213336,4.892609220913622,3.136559233611961,124.04847025871277
-11.180460941587125,6.368605256877436,3.018100476464131,-8.970093221801221,6.9373755852934895,2.9747675051176095,-0.8476948340519472,0.0022587842752066884,-0.0003835157021415776,0.5304792353438028,-0.3393586213056551,-0.11261126291059236,-0.16429787584522687,-0.002496004003660346,0.007223046122817323,-0.06181007047416642,35639,689000000,31.34,0,2,2,-9.013077905214304,4.8804646002237355,3.0522227252033334,-9.013077905214304,4.8804646002237355,3.0522227252033334,124.88528513908386
-11.340770603066856,6.501740470521191,3.0020138669173706,-9.067958936501112,7.027234671693366,2.924843196653029,-0.8431537018063406,0.0020425131245446933,-0.0018418262096758628,0.5376655753780539,-0.32270402284815536,-0.16758828710319737,-0.11242229118605167,-0.004078879555891035,0.009096383928408613,-0.020631526967918035,35640,86000000,31.77,0,2,2,-9.181446494324724,4.8733502059218585,2.969442487122544,-9.181446494324724,4.8733502059218585,2.969442487122544,125.60461473464966
-11.50604108425346,6.632045291300239,3.0020138669173706,-9.158066120517875,7.0842504182637995,2.8986690257444665,-0.8429038707360784,0.0019540108662772166,-0.003090679556890614,0.5380517579560048,-0.27606436010913915,-0.21567848536501,-0.06616457347730723,-0.0052217576467228355,0.005742943039876991,0.02147952836821787,35640,447000000,32.61,0,2,2,-9.355609043042925,4.8884604337683975,2.9127386570640303,-9.355609043042925,4.8884604337683975,2.9127386570640303,126.29823994636536
-11.59036145167595,6.695675396983499,3.0080514120095216,-9.248833021843092,7.120935212715289,2.8871971319270506,-0.845895766810851,0.002194807026613175,-0.0038458683927238262,0.5333298639771674,-0.24032436603465263,-0.25746537958834764,-0.02243818810418824,-0.005711472977054655,0.0024666304170750664,0.05615537447738461,35640,739000000,34.16,0,2,2,-9.510169290419201,4.924237623442827,2.8797982437544833,-9.510169290419201,4.924237623442827,2.8797982437544833,127.02637124061584
-11.675700990661799,6.758049269580246,3.0181004764641304,-9.339077049263283,7.142766335572715,2.887506690473069,-0.8503573129528779,0.0024851621184624707,-0.004180392666783447,0.5261832272069851,-0.21691770261710755,-0.2881082017738927,0.016285071017078576,-0.0015388201404675783,0.0004185516559118696,0.06481230157078244,35641,18000000,36.29,0,2,2,-9.654149586886302,4.987403146767314,2.8621459938144227,-9.654149586886302,4.987403146767314,2.8621459938144227,127.77263498306274
-11.849094176114601,6.878321800454076,3.0501441756363525,-9.439439751365805,7.156309794822466,2.898560621449261,-0.8546730415468962,0.0023742713427642357,-0.003997664436442366,0.5191458114707486,-0.19674642315332505,-0.30371478106545974,0.05329737144983754,0.0045866861000831705,-0.00110187720565591,0.05001789650123101,35641,291000000,38.68,0,2,2,-9.787031942992309,5.067281942069184,2.85710149049847,-9.787031942992309,5.067281942069184,2.85710149049847,128.4818558692932
-11.936964078633872,6.93587601456928,3.072074278608293,-9.547255631869527,7.1632525340410655,2.9207254079715077,-0.857619390315314,0.0017193709000467394,-0.003304700558881922,0.5142714303489093,-0.18449017418737998,-0.3143950081784209,0.0864191126500193,0.0071844250669528265,-0.0014324165249490761,0.01864472851593746,35641,577000000,41.62,0,2,2,-9.939289725639512,5.176471720089125,2.8640425708461925,-9.939289725639512,5.176471720089125,2.8640425708461925,129.17533588409424
-12.114557488195874,7.044989978345844,3.127530258720525,-9.68905710343434,7.16652622942904,2.9610850945866267,-0.8562300344894651,0.0004254320820703436,-0.0022708294195946752,0.5165895763364374,-0.18346342730419657,-0.3335238104186988,0.11794973775538256,0.009319340369984275,-0.000722163940736209,-0.05929461076448206,35641,865000000,43.89,0,2,2,-10.078187759615174,5.284656968671785,2.8812353750633535,-10.078187759615174,5.284656968671785,2.8812353750633535,129.966166973114
-12.204071397869395,7.0962315397463875,3.1609444548970984,-9.796798492089703,7.170125458111868,2.9969522288450157,-0.8506350191976015,-0.0007691965426964553,-0.0016354645591401297,0.5257535522533825,-0.21192765119272491,-0.3314611872858532,0.13470323561506273,0.009021096411743201,0.005472178099807934,-0.0895698118256405,35642,242000000,46.19,0,2,2,-10.26633812891882,5.429790588407626,2.917801375192603,-10.26633812891882,5.429790588407626,2.917801375192603,130.7988121509552
-12.383981967760793,7.191327737505053,3.2388089362865236,-9.908031894590694,7.195393202026865,3.036860232744497,-0.8433698964906908,-0.002598809996145937,-0.0019339775519264478,0.5373236674581847,-0.29106559151707473,-0.30282130315979094,0.14599887922912044,0.013349683194974205,0.012228882769704796,-0.11214124751859345,35642,528000000,47.04,0,2,2,-10.412245618617307,5.5209477098531226,2.9524843397860865,-10.412245618617307,5.5209477098531226,2.9524843397860865,131.53485202789307
-12.474148139184196,7.234897176147173,3.2831024127962674,-10.025789852816335,7.249605606316642,3.0819076148583164,-0.8331451391920057,-0.004993987330409227,-0.002801789211667313,0.5530247617498607,-0.3579590542049689,-0.27467059772159896,0.1515222196346043,0.005767727679995005,0.015419090959767345,-0.12942276807734743,35642,809000000,47.25,0,2,2,-10.563535367661862,5.592945644528433,2.9920843117640548,-10.563535367661862,5.592945644528433,2.9920843117640548,132.3487033843994
-12.654305227338881,7.313412772494321,3.3819660112501047,-10.159916063507337,7.338756379309737,3.1356577491386064,-0.8208958847770649,-0.007116451054634043,-0.004202644258400001,0.5710180734982948,-0.4143389780751424,-0.26552137511309815,0.15668226947159306,0.004367677092886879,0.012368380248517497,-0.1253272421308793,35643,116000000,46.42,0,2,2,-10.725140417485491,5.646902260835167,3.039681578202105,-10.725140417485491,5.646902260835167,3.039681578202105,133.14581322669983
-12.83340640709367,7.379621474894889,3.493857067992778,-10.269641641086785,7.426472617190285,3.181460649606166,-0.8110886377828215,-0.00835291180737933,-0.004983589007163012,0.5848423842066788,-0.43875799385965164,-0.2707710449315045,0.16276676220949626,0.00135679669028832,0.007413839603032102,-0.10972686723107472,35643,437000000,44.61,0,2,2,-10.904409167659276,5.68700573935751,3.100827010238239,-10.904409167659276,5.68700573935751,3.100827010238239,133.87878489494324
-12.922246333789698,7.4078342454461295,3.5544102723452164,-10.383099209659733,7.5208822255576235,3.2308939266303516,-0.8032589235828667,-0.008752739223035183,-0.005321880356835288,0.5955419119004601,-0.45314968724182825,-0.2977358373654756,0.18067946085509992,-0.006105394231781247,-0.0008008258532754553,-0.07127712742658332,35643,722000000,42.91,0,2,2,-11.050578565685816,5.712495615399938,3.1587014774556814,-11.050578565685816,5.712495615399938,3.1587014774556814,134.6344859600067
-13.097865609928817,7.453989872725822,3.684122548120574,-10.557442500488389,7.658305221151407,3.313393346139052,-0.7983259761582299,-0.0076344357079528545,-0.004196840977909174,0.6021625509015288,-0.45047442768055745,-0.3394384878143005,0.22018695752559334,0.0024249194666481344,-0.01398685017193202,-0.017102155652537476,35644,14000000,41.31,0,2,2,-11.193738791574221,5.734230192838231,3.2233137613631526,-11.193738791574221,5.734230192838231,3.2233137613631526,135.54895305633545
-13.184387629688551,7.471761742823902,3.7530203962825324,-10.696168674587636,7.755263051218182,3.385237106466295,-0.7978334557497169,-0.00687973510183865,-0.0016627291187706794,0.6028363637532748,-0.4183497141007564,-0.3804466602485002,0.25546331002034456,0.011212144545424962,-0.020806908833037596,0.012648134179471526,35644,405000000,39.65,0,2,2,-11.388975536934351,5.762754975584539,3.326040514620462,-11.388975536934351,5.762754975584539,3.326040514620462,136.26259899139404
-13.354213492458666,7.496327502823981,3.898206037095794,-10.847413060872704,7.8314485226821375,3.4680530375830747,-0.8002590406593293,-0.006724893179503939,0.002442244660024594,0.5996117736467113,-0.3510309889874464,-0.43056495891371493,0.29594535504366176,0.015428447113663424,-0.024048693194345105,0.03740398315130733,35644,717000000,39.03,0,2,2,-11.533856871420989,5.795852324000682,3.4176707290987576,-11.533856871420989,5.795852324000682,3.4176707290987576,136.95822858810425
-13.437261888741183,7.503000098395525,3.9742014451881866,-11.002559417059246,7.883045430223581,3.5596315673245806,-0.8039383937354039,-0.00674878039092041,0.006541585393590369,0.5946383108259272,-0.2799838348831324,-0.45128980841726596,0.32906825215178925,0.01592563585290918,-0.01944283976627048,0.042744720485643484,35645,10000000,38.24,0,2,2,-11.647476981001526,5.8414532499202965,3.5044967758144923,-11.647476981001526,5.8414532499202965,3.5044967758144923,137.65361905097961
-13.598999833677176,7.504885637691124,4.132232521764883,-11.188983051591496,7.91709159952385,3.681438245470584,-0.8080329939064258,-0.007658462884729253,0.010517168431089886,0.5889935635242997,-0.21169787034242096,-0.45449619607287595,0.36588145402819044,0.015277826969395392,-0.011584232925088145,0.02928550911747152,35645,304000000,37.78,0,2,2,-11.753188228786142,5.901998862470575,3.6012111203163646,-11.753188228786142,5.901998862470575,3.6012111203163646,138.4072380065918
-13.677442582912931,7.500028920808715,4.213949936692152,-11.34701131367972,7.929555302077098,3.7981987245311366,-0.8098140615384574,-0.008420226529321399,0.012564672108728848,0.5864916150590581,-0.16508892492524707,-0.44123518996067795,0.3926238826929738,0.005496752874023514,-0.0044083737975597614,0.004111151997676643,35645,662000000,37.05,0,2,2,-11.86364179485686,5.98272724625976,3.7226912896674094,-11.86364179485686,5.98272724625976,3.7226912896674094,139.13976407051086
-13.828875872947062,7.478607774758877,4.381966011250104,-11.49687637849509,7.931685376472618,3.9234127905755947,-0.8088873903014098,-0.00884181926416823,0.01312361629111854,0.5877506127082455,-0.1375142642386253,-0.41135387257998063,0.4136892650740773,-0.0007963751386341755,0.00233530174682528,-0.026798397448146716,35645,981000000,35.99,0,2,2,-11.949727848679172,6.054727480138643,3.8345360695091193,-11.949727848679172,6.054727480138643,3.8345360695091193,139.9737548828125
-13.90163493843648,7.462026039688312,4.467926308866649,-11.639178920822406,7.937092229466156,4.061753971963641,-0.8052871635311915,-0.008712921699013023,0.011692820449172383,0.5927056159657152,-0.15544675016300516,-0.3486132103581764,0.4267406334622633,-0.010594963350740727,0.014561826628778363,-0.03660163129097782,35646,304000000,34.38,0,2,2,-12.028523768702827,6.124941013577356,3.9521917897816383,-12.028523768702827,6.124941013577356,3.9521917897816383,140.73425102233887
-14.040684578421265,7.417142118289708,4.642886210402725,-11.749547783112419,7.960295105258843,4.188758249480814,-0.8018781556331644,-0.0085613749790396,0.008865395976085579,0.5973604700103696,-0.19886311045722324,-0.2889617295217117,0.43609647948400837,-0.009306922402174678,0.015813796562724747,-0.05197339487494901,35646,658000000,32.36,0,2,2,-12.110231915850774,6.188702657049972,4.089225437836443,-12.110231915850774,6.188702657049972,4.089225437836443,141.44743490219116
-14.106765416210758,7.388874476852862,4.731533468364688,-11.851782678349359,8.003298434335388,4.326605146129591,-0.7952872508744859,-0.008228314489737303,0.005810387224429084,0.6061490929115232,-0.23025902513104568,-0.24051983177038191,0.43894769746008455,-0.014503380862151971,0.014273400483943988,-0.08376104524359107,35646,957000000,30.47,0,2,2,-12.18030140648397,6.212433243847876,4.209364906142919,-12.18030140648397,6.212433243847876,4.209364906142919,142.2008616924286
-14.231547770101251,7.32083754636694,4.910270339298969,-11.93848896146079,8.054534984331982,4.457838979763431,-0.7869084822651045,-0.0076083106181648015,0.003224471258527346,0.6170143895679174,-0.24613283665826136,-0.22046301079629288,0.4406668800895102,-0.011410312163206981,0.007825834381947061,-0.09272645693272352,35647,278000000,28.15,0,2,2,-12.257608344906576,6.2135053808741105,4.345577558093407,-12.257608344906576,6.2135053808741105,4.345577558093407,142.9073383808136
-14.290067270632257,7.281152949374527,4.999999999999999,-12.02588563828295,8.116020347899385,4.597686618557693,-0.778449267288748,-0.006089284725359722,0.0015725052084997271,0.6276760200107332,-0.25309491945242285,-0.22207574941123248,0.43964297028449045,-0.018446342437528074,-0.004374444461063831,-0.06221309522516094,35647,575000000,25.63,0,2,2,-12.326622905731671,6.1992661916692,4.4710318331949646,-12.326622905731671,6.1992661916692,4.4710318331949646,143.63738775253296
-14.398947797320005,7.190723335720643,5.179278617806866,-12.110727811112463,8.175160222857366,4.729906948195024,-0.774711924835572,-0.003578300988188847,0.0012745517675478697,0.632302937520768,-0.24854349005576076,-0.24397424707995508,0.44196791761721527,-0.011541404637682717,-0.013214905538916355,-0.009958094869944034,35647,885000000,23.29,0,2,2,-12.404962294470609,6.171068366783554,4.617125394985188,-12.404962294470609,6.171068366783554,4.617125394985188,144.40614676475525
-14.449159919402483,7.140110308928806,5.26846653163531,-12.195460870017774,8.225863038301132,4.853020625124306,-0.7753069307670881,-0.0010965190479774987,0.0020539513895536073,0.6315803527930428,-0.21312594511322067,-0.2797896296234267,0.4419456611442558,-0.013173405932320748,-0.022017446826794185,0.0027888477006854373,35648,190000000,21.79,0,2,2,-12.47762910455674,6.138123463786901,4.755962097008676,-12.47762910455674,6.138123463786901,4.755962097008676,145.16716861724854
-14.540801588058912,7.028473307814418,5.445041867912628,-12.276901261105833,8.252357400526328,4.959224874297044,-0.7745931480415533,0.0012737112229500994,0.0038245861596715594,0.6324469979433089,-0.13842991548964864,-0.33379910242594857,0.44512384206770783,-0.00028533336049463287,-0.02316474692634074,-0.020332934946054593,35648,457000000,20.97,0,2,2,-12.541870071542196,6.107587111163023,4.884683351259371,-12.541870071542196,6.107587111163023,4.884683351259371,145.95247268676758
-14.582119993610817,6.967624707432082,5.532073691133349,-12.374381646647898,8.259524271531552,5.074066986675652,-0.7718669382866661,0.0024739520906645945,0.0060177642959886495,0.6357508125467861,-0.05680218885813264,-0.3869387686453717,0.44442830254544957,0.0038366303215298103,-0.014977794762671692,-0.04871804158028681,35648,703000000,19.81,0,2,2,-12.591199677424436,6.08963570419812,4.993483794548832,-12.591199677424436,6.08963570419812,4.993483794548832,146.70400595664978
-14.655525061410888,6.836355431783316,5.702749648162684,-12.48191631624843,8.245274740788354,5.189715593880202,-0.7663947574349147,0.002394804381392947,0.007818767412256995,0.6423178399860975,0.019274284917513852,-0.4345738207838445,0.44824091112648656,0.014915058545739157,-0.00598947012804274,-0.08224867997341789,35648,958000000,17.94,0,2,2,-12.638099586216272,6.079307772904147,5.108451974105211,-12.638099586216272,6.079307772904147,5.108451974105211,147.44974613189697
-14.68754212920409,6.76614864290927,5.786050063307846,-12.596111334138056,8.214440314805085,5.305450978534011,-0.7581820602493217,0.001184178310147093,0.009265283854564611,0.6519760085715716,0.08186328411178835,-0.46004998943282177,0.44944736666037255,0.011249127328483155,-0.00047910513103488483,-0.11493167985463515,35649,223000000,15.26,0,2,2,-12.679120773092508,6.075959305555766,5.222326295462858,-12.679120773092508,6.075959305555766,5.222326295462858,148.1807725429535
-14.742086120548693,6.617168264378271,5.947737324945996,-12.723575791719307,8.167561365008813,5.430982248442602,-0.7459652485748383,-7.629485587807086e-05,0.010288541218114547,0.6659053896893896,0.13825565675818946,-0.46768315362210044,0.4530120603671698,0.013419281003734795,0.003945054413634352,-0.14409672730835155,35649,485000000,11.79,0,2,2,-12.714793037449876,6.077011754610952,5.335216789156537,-12.714793037449876,6.077011754610952,5.335216789156537,148.88236927986145
-14.76458780322894,6.538641372996565,6.025798554811812,-12.876279955325664,8.100061171703421,5.5830726650607945,-0.728336843285708,-0.0016972251617517172,0.010267006156626308,0.6851402416468761,0.1896833161691061,-0.4460291011974208,0.4534192021113855,0.0024196878484872286,0.011247568363614846,-0.1636498505831696,35649,767000000,7.14,0,2,2,-12.747335149690285,6.080744651338896,5.455243877287462,-12.747335149690285,6.080744651338896,5.455243877287462,149.74227356910706
-14.800044716281226,6.37416591566196,6.175570504584945,-13.039537616936144,8.017288257491431,5.754228706481039,-0.7071614311479808,-0.003868900855075834,0.008509590685651826,0.7069903314538861,0.2149076017708423,-0.40565867877221373,0.45709981054050824,0.0017399553485120123,0.02129157874151133,-0.14041260146768764,35650,99000000,0.75,0,2,2,-12.778794922567238,6.086366192596687,5.601392653626162,-12.778794922567238,6.086366192596687,5.601392653626162,150.66498041152954
-14.822855526721316,6.200711337795645,6.315877451879425,-13.18302540416734,7.9466656890158625,5.917315875469671,-0.6924047289334624,-0.00642809319302655,0.0055904871895870204,0.7214590199182925,0.1823288270316093,-0.37056644858177523,0.46398394016443695,-0.0024693208160897484,0.02546129162510624,-0.06596957391593605,35650,493000000,6.97,0,2,2,-12.803920624962055,6.092084016946811,5.766700690135181,-12.803920624962055,6.092084016946811,5.766700690135181,151.46743035316467
-14.829578784024937,6.110973494355408,6.382125297973729,-13.310345509245117,7.900376848345002,6.074405176791377,-0.6878347453722667,-0.008723546270620325,0.002897151482342358,0.7258091135501271,0.12585975655860876,-0.3500160482213709,0.47122534690291784,-0.00156336888039732,0.014759132227482041,-0.01817135762394173,35650,838000000,13.48,0,2,2,-12.819032424754038,6.095691221530796,5.924901039116848,-12.819032424754038,6.095691221530796,5.924901039116848,152.25796818733215
-14.833849365352684,5.926214590870866,6.506142932007221,-13.409958757594941,7.874523069847536,6.204429210387641,-0.6868762572795644,-0.009618190306771194,0.0018954563647760546,0.7267082666696514,0.09043209622758962,-0.3349797522844082,0.466536984357393,0.0036323753420219873,0.0059513660744414665,0.0014636564401371288,35651,189000000,18.04,0,2,2,-12.826520199763928,6.090353650810694,6.072322714153383,-12.826520199763928,6.090353650810694,6.072322714153383,152.9689962863922
-14.831495202095766,5.831495202095768,6.563662964936059,-13.50470453730872,7.857090043740338,6.330532601013071,-0.6878609087673524,-0.009897280551027825,0.0016967048072244438,0.7257730604123047,0.06778636706195397,-0.32241549840115796,0.44586880283942926,-0.0022971689531914308,-0.0024262834131150157,0.010149479658139171,35651,474000000,21.1,0,2,2,-12.827114949666964,6.067865416348392,6.193381655790783,-12.827114949666964,6.067865416348392,6.193381655790783,153.67684602737427
-14.818111303820551,5.638142094139395,6.669146507442605,-13.610615787638027,7.838955036287437,6.466177735675011,-0.6885205158994776,-0.008871200488158827,0.0020646093894673926,0.7251596640571545,0.07394848039283178,-0.3206570223041901,0.41153465322000404,-0.0014548496665156563,-0.009078880339075113,0.0013715920431423,35651,746000000,23.53,0,2,2,-12.822535866268025,6.0290875273738465,6.311451273716633,-12.822535866268025,6.0290875273738465,6.311451273716633,154.47565746307373
-14.807225288116157,5.5398174063306085,6.716897587203732,-13.716595727147137,7.816016357249745,6.58950122390488,-0.6874626622410445,-0.007035277043577459,0.0027369442978329946,0.7261804886096059,0.11092979674896289,-0.32186063350203686,0.3701196787924417,-0.009156883334071608,-0.017490724712843075,-0.04080666840309277,35652,78000000,26.08,0,2,2,-12.810743241431112,5.9654514044503,6.446321271685494,-12.810743241431112,5.9654514044503,6.446321271685494,155.32678198814392
-14.77747875827409,5.34064642990583,6.801937735804838,-13.816438717324926,7.776867082274862,6.692591724393323,-0.6799410324893143,-0.004004668999644021,0.003872177981178647,0.7332456349691081,0.19994710645337316,-0.3089381250407969,0.32247327836980083,-0.004281138581063715,-0.02265110597363673,-0.09608534455765039,35652,396000000,28.8,0,2,2,-12.79863290357127,5.90530170328301,6.5540837556537905,-12.79863290357127,5.90530170328301,6.5540837556537905,156.10640788078308
-14.737732432329594,5.139141823034612,6.872469741279474,-13.917349581656559,7.699910567958556,6.784368360892848,-0.6659289041481014,-0.00028754990940398246,0.005025380637544693,0.7459982288749796,0.34229144193898414,-0.2686705692203348,0.25586578188544873,-0.01493738545832457,-0.01904923283291282,-0.137733384326566,35652,693000000,32.42,0,2,2,-12.79026008870298,5.853686109822154,6.650596145561762,-12.79026008870298,5.853686109822154,6.650596145561762,156.90064668655396
-14.71437162378238,5.037896267199173,6.902113032590307,-14.002381343138518,7.595968282123958,6.848267032086919,-0.6503315831226079,0.003069865113782397,0.004592066757059735,0.7596303843609234,0.47610126851126455,-0.23038092311136366,0.19779035576067427,-0.018118879597750492,-0.012218913525430253,-0.15085662162164226,35653,17000000,37.4,0,2,2,-12.78818312120382,5.811823898772263,6.741493275751262,-12.78818312120382,5.811823898772263,6.741493275751262,157.680193901062
-14.661254250502761,4.8351679108523635,6.949855824363647,-14.09799134518424,7.4342800662628035,6.902851077935588,-0.6338898438034369,0.005880127130317184,0.003301477217694997,0.7733939424872466,0.6096391591086219,-0.17755215628122922,0.13233179692157246,-0.011016172265954083,-0.001991031854231551,-0.07830144531908445,35653,293000000,42.65,0,2,2,-12.791407121713505,5.783657694731326,6.8107461486601,-12.791407121713505,5.783657694731326,6.8107461486601,158.4204227924347
-14.631747105695233,4.733978015430124,6.967859177197259,-14.178181158716463,7.266024121212818,6.934994926549183,-0.6306981204821169,0.006776324197064929,0.002351168063389228,0.7759951251518522,0.6793631225881147,-0.14372469948649252,0.08195238764248837,0.001788359384136129,-0.0017356440480398305,0.0369242286978988,35653,609000000,49.1,0,2,2,-12.79945366850445,5.757987048294742,6.879362221548116,-12.79945366850445,5.757987048294742,6.879362221548116,159.13096690177917
-14.567500007156669,4.532657624662312,6.991948587990478,-14.254118265950671,7.080996562900091,6.954688844871577,-0.6413996474792867,0.006831645447444376,0.0032638070200416975,0.7671695825550324,0.7043606854639186,-0.14655494836619543,0.04284662553338254,0.016347614837286528,-0.004436303288457566,0.16005853976821527,35653,889000000,53.69,0,2,2,-12.808956217614526,5.739419470569409,6.929866589847218,-12.808956217614526,5.739419470569409,6.929866589847218,159.93458199501038
-14.533040607019544,4.4328014057587515,6.997986133082629,-14.325153576324489,6.911485724769968,6.9654983128485926,-0.6613384683808479,0.005930723624040813,0.005289419947317221,0.7500455178144791,0.6647989945492303,-0.20001684798608826,0.021564175541036262,0.015972392975527328,-0.005342597751223366,0.23473784094676375,35654,159000000,56.75,0,2,2,-12.820318430119766,5.722938515409269,6.971866165487448,-12.820318430119766,5.722938515409269,6.971866165487448,160.77278327941895
-14.460184745468144,4.235353433605286,6.997986133082629,-14.390050318934723,6.776464994176882,6.97111662851519,-0.6818549792416652,0.005248450173324933,0.0070128244557752075,0.7314349330919864,0.6160019364616061,-0.26228713323829,0.010263805632520245,0.010327651762054302,-0.006442571384468465,0.261312531074509,35654,437000000,58.25,0,2,2,-12.833793028527834,5.706839663722891,7.005896356221572,-12.833793028527834,5.706839663722891,7.005896356221572,161.53850317001343
-14.422093948803884,4.138011283678539,6.991948587990478,-14.51322781504169,6.566951222167449,6.97637291570599,-0.7177506435805535,0.0046212531997217345,0.008516633098161525,0.6962328092091298,0.5113480662351907,-0.34968547448780385,0.00029186171950182463,0.002586625328149239,-0.002629812320265046,0.2540627814596519,35654,655000000,59.02,0,2,2,-12.84453660918266,5.694716060081771,7.025052350708008,-12.84453660918266,5.694716060081771,7.025052350708008,162.62880659103394
-14.303072526274946,3.852907719435575,6.949855824363647,-14.620790879007092,6.405578782126288,6.977487887408944,-0.7445858092330043,0.004274069044127908,0.009193507979923054,0.6674497617301703,0.4506211261258355,-0.38482376904933663,-0.0067699328950675845,0.002356066920583544,-0.0013264313565741759,0.23546940938103944,35655,26000000,59.46,0,2,2,-12.858058900031402,5.657520999479801,7.050185352550953,-12.858058900031402,5.657520999479801,7.050185352550953,163.52535319328308
-14.262359495642343,3.760537631184168,6.927925721391707,-14.756170438198978,6.204688016675104,6.975125320531408,-0.7753468963724996,0.003973115458118617,0.009409034578644594,0.6314529869336167,0.40407224847268236,-0.39536955783264394,-0.017487797605327253,-0.0029436350359901553,6.26521426738691e-05,0.21570398821495473,35655,342000000,59.21,0,2,2,-12.847764716482475,5.596728661916499,7.0601420820775145,-12.847764716482475,5.596728661916499,7.0601420820775145,164.73256731033325
-14.139437282152723,3.49275797021996,6.839055545102902,-14.84686506054304,6.050822995962775,6.969390818846173,-0.7962588860650589,0.004388767916056791,0.009096488285477706,0.6048717045617876,0.4112934950855971,-0.36880675928735596,-0.03364161208012074,-0.00939804640438524,-0.002264744557578524,0.20367573015391827,35655,760000000,57.87,0,2,2,-12.809101193039874,5.479379285761194,7.056431063323807,-12.809101193039874,5.479379285761194,7.056431063323807,165.55342411994934
-14.098764997420908,3.4068858510473015,6.801937735804839,-14.909732098997742,5.872693306291836,6.955204628470514,-0.8156796930439585,0.005889522858592972,0.008926994019771454,0.5784049279302368,0.49531827153870883,-0.29305239388870985,-0.07196859351933703,-0.010173365080845542,-0.00791828997535049,0.17496317450422794,35656,79000000,56.26,0,2,2,-12.779813009632003,5.372263893051274,7.0393731266766695,-12.779813009632003,5.372263893051274,7.0393731266766695,166.40380930900574
-14.01888812379634,3.2406550122629065,6.716897587203733,-14.92123509942209,5.652772699473959,6.924568721415064,-0.8323046020674326,0.008482706145850023,0.00960472914891099,0.5541704090365992,0.6067650472299126,-0.21370021159007155,-0.12250012121609204,-0.013275376386445714,-0.012216958657518262,0.15354870120063424,35656,434000000,54.54,0,2,2,-12.766178707069056,5.253054691623734,7.008514691105822,-12.766178707069056,5.253054691623734,7.008514691105822,167.20308756828308
-13.942087923299237,3.082165781628348,6.618033988749896,-14.891887131332373,5.439154078726066,6.88476826152419,-0.8454905710051701,0.010994616090789465,0.010573859641538823,0.5337724292717343,0.6725470357163537,-0.16943727688962884,-0.1629814894714395,-0.010988824215019122,-0.011657676441245712,0.15412317588925362,35656,791000000,53.52,0,2,2,-12.770718629725442,5.125253450690762,6.962358624403585,-12.770718629725442,5.125253450690762,6.962358624403585,167.89951491355896
-13.905256256218784,3.0059448998392075,6.5636629649360625,-14.832250659448793,5.2028593677339,6.830400154448552,-0.8599527664468615,0.012717583481524943,0.011454594541283794,0.5100865561987246,0.7018174379642843,-0.15468806202295482,-0.19998522361027188,-0.005845587702424382,-0.0018476495597496978,0.18238955090055242,35657,99000000,53.14,0,2,2,-12.7847595348534,5.015007429090626,6.9112747327888115,-12.7847595348534,5.015007429090626,6.9112747327888115,168.68130469322205
-13.835540858476268,2.8597308918276463,6.445589727654781,-14.758045225456954,4.969037051030465,6.7662670585615174,-0.8767651564909784,0.013641803422076552,0.010751395422152383,0.4806050031566671,0.6752729550636918,-0.16741692974457684,-0.22238325722174207,-0.016672279343765695,0.008494544181303354,0.22709496261086315,35657,453000000,52.97,0,2,2,-12.804939432632208,4.904210203356843,6.846483621986762,-12.804939432632208,4.904210203356843,6.846483621986762,169.43261003494263
-13.802973216660124,2.789788836736497,6.38212529797373,-14.69386236983857,4.776907422972751,6.704190682327963,-0.893609837668674,0.015623473236843084,0.008101527794429889,0.44849942068321524,0.594233543940427,-0.215483976465254,-0.2414708580902339,-0.04203428798064124,0.012312463422858855,0.2513992541935295,35657,788000000,52.58,0,2,2,-12.82627765095832,4.803952201005505,6.772801778925523,-12.82627765095832,4.803952201005505,6.772801778925523,170.1432285308838
-13.743182356195256,2.65630975126882,6.2469796037174685,-14.660165166434984,4.635185999171714,6.648065996304595,-0.9067846472809988,0.019464296433543856,0.0049876230682035635,0.4211150296961041,0.49112473271003393,-0.27995234356886634,-0.26793711048248464,-0.049915363342734054,0.012115640674892347,0.25766606559045613,35658,94000000,51.66,0,2,2,-12.8438043164588,4.723578054978763,6.7004616106243775,-12.8438043164588,4.723578054978763,6.7004616106243775,170.85887837409973
-13.716252767427495,2.5927818998102916,6.175570504584947,-14.648193892931408,4.5077418473806805,6.58549180989376,-0.91965513437066,0.024290187443614955,0.0019460474162222453,0.3919701946820587,0.3587025973834018,-0.3290726431073616,-0.29746058843158746,-0.04416267038322985,0.012367829913273454,0.27081208245363086,35658,335000000,50.71,0,2,2,-12.852225199746666,4.663247106110661,6.6384766359428715,-12.852225199746666,4.663247106110661,6.6384766359428715,171.54928398132324
-13.691488507366863,2.5313898444048584,6.101793962904209,-14.662352433053387,4.370004443285313,6.496024350326683,-0.9348704687726996,0.028986348628040563,-0.0010984498494568777,0.35380191013878726,0.20283340901098504,-0.3593646266912494,-0.34354815827851853,-0.031347131880465895,0.01472262674724334,0.276725462754257,35658,566000000,49.15,0,2,2,-12.844885123513547,4.601559748398768,6.5714430182243815,-12.844885123513547,4.601559748398768,6.5714430182243815,172.3371810913086
-13.648989496635002,2.4149566727154745,5.947737324946002,-14.714188969453708,4.233750428236957,6.372359574747191,-0.951556665391827,0.03223086224551872,-0.004004483142214993,0.30575324721425345,0.04212314055358841,-0.3615662272252587,-0.3884888311220318,-0.01583877528901212,0.019713146321009845,0.2878925937693566,35658,858000000,46.16,0,2,2,-12.808158250781537,4.522693513286494,6.481891755694775,-12.808158250781537,4.522693513286494,6.481891755694775,173.16752529144287
-13.616695198629978,2.30683183381018,5.786050063307852,-14.782807200193822,4.133881381012117,6.250624530279,-0.9647183858306567,0.032216343575284204,-0.0063289284319803085,0.2612288037560828,-0.04933974038286093,-0.33455232197389295,-0.4172153303062413,0.012773366779583739,0.0252076179094729,0.28086358797736466,35659,220000000,41.11,0,2,2,-12.73255395842871,4.4245018871887405,6.366687904075349,-12.73255395842871,4.4245018871887405,6.366687904075349,174.02148723602295
-13.604663567877996,2.255801405432595,5.702749648162687,-14.84373051547169,4.058564983573344,6.136925532303573,-0.9739843527782805,0.029180424493190575,-0.007956795834939497,0.22458778410570757,-0.06314451554329174,-0.28750546663701704,-0.43394891730293567,0.0307409449305851,0.024853047580108978,0.24016389361349866,35659,547000000,35.74,0,2,2,-12.642204969596879,4.337913720124442,6.256232253622347,-12.642204969596879,4.337913720124442,6.256232253622347,174.71686363220215
-13.589350019401854,2.159584193111267,5.532073691133351,-14.886984605050825,3.991540948613173,6.018338516147015,-0.9800222211336009,0.024571068192245617,-0.009121307829353222,0.19715351996791042,-0.014326039187473664,-0.23319810305336897,-0.4411003105838933,0.026787920614879113,0.015562432599836029,0.13751268561463803,35659,822000000,31.17,0,2,2,-12.558724549541894,4.266380108027044,6.153264384019831,-12.558724549541894,4.266380108027044,6.153264384019831,175.39914774894714
-13.586253959936645,2.114292035098086,5.445041867912627,-14.907176669049235,3.933831368040847,5.906353256247894,-0.9822357958139261,0.021004774113124135,-0.009436496943065777,0.18623263251021016,0.04589543616775379,-0.19985565230677332,-0.4434398249222096,0.025953072326956317,0.005334022125680349,0.04800365677510854,35660,99000000,27.66,0,2,2,-12.490330772102116,4.196065211204001,6.045531979186068,-12.490330772102116,4.196065211204001,6.045531979186068,176.09408736228943
-13.589590624362929,2.029036789378015,5.268466531635312,-14.907277572634522,3.867328561765504,5.774275462823263,-0.9829537096421799,0.017617044074433014,-0.008758178907461639,0.1827975348875947,0.11770449404174377,-0.17982617483359054,-0.44887670310739775,0.019644759049697313,-0.004186647538517718,0.011035298666683957,35660,358000000,26.07,0,2,2,-12.445728629947034,4.129587232917705,5.942777253974569,-12.445728629947034,4.129587232917705,5.942777253974569,176.8053162097931
-13.59616234903493,1.9889370544701188,5.1792786178068715,-14.891265885083046,3.808396506388732,5.658900856497041,-0.9831620160673881,0.01537353101571012,-0.0073496685011615265,0.1819397897089602,0.16511262490067632,-0.16953271508493997,-0.45030946933927146,0.019959582459705416,-0.008962411175161833,0.005133429340276052,35660,673000000,25.26,0,2,2,-12.41759098998523,4.047089587538653,5.8184779693759054,-12.41759098998523,4.047089587538653,5.8184779693759054,177.50009202957153
-13.606081860953598,1.950423701411545,5.089729660701031,-14.863978203753891,3.7475759750994753,5.5418173204185415,-0.9833206816384197,0.013359355422129631,-0.005661259800722041,0.18130062002742137,0.1990781679299259,-0.16418063258713095,-0.45608627318321204,0.0144210451253457,-0.011603254915826255,0.00811661202533287,35660,931000000,24.78,0,2,2,-12.411246905455963,3.9710209305629136,5.704896857890874,-12.411246905455963,3.9710209305629136,5.704896857890874,178.16199374198914
-13.63614954403571,1.877833893125572,4.910270339298972,-14.827495120535678,3.6823944179773243,5.415438912065194,-0.9836732066584457,0.011910020089104745,-0.003486362975941729,0.1795355652704161,0.2090106855938621,-0.15397458007270065,-0.452502799113969,0.010884984294534661,-0.015364970022346824,0.01810422236303566,35661,193000000,24.35,0,2,2,-12.417804210805839,3.8933288619705557,5.5874015119417635,-12.417804210805839,3.8933288619705557,5.5874015119417635,178.84555959701538
-13.656368443005908,1.8435866858678756,4.820721382193137,-14.791873727032453,3.6251343357937977,5.299498965578537,-0.9842050726226259,0.010826839720451663,-0.0011576688534524066,0.17669695630764243,0.20058742368581037,-0.14194742016065426,-0.44859245618002036,0.01331082694377983,-0.015797755258972757,0.02644961241458077,35661,467000000,23.81,0,2,2,-12.434162325837372,3.8119393864354763,5.458041203800437,-12.434162325837372,3.8119393864354763,5.458041203800437,179.47574090957642
-13.680076326403402,1.8105849803110527,4.73153346836469,-14.750350833918441,3.5613920694426344,5.1563233307435645,-0.9850902567726139,0.009349183722724237,0.0015145568159260596,0.17177742835726645,0.17324745364375502,-0.12412909688657418,-0.451528538406521,0.010095704965351615,-0.013594672054750845,0.03650784128694795,35661,724000000,23.19,0,2,2,-12.454657619706463,3.7402128855618773,5.334994787121907,-12.454657619706463,3.7402128855618773,5.334994787121907,180.1522946357727
-13.738001510741421,1.7479410398882975,4.554958132087372,-14.721289435129908,3.517189146952761,5.03990686335511,-0.9859675814011989,0.008328147634770577,0.0032401338614739105,0.1666975462189041,0.14367153470865945,-0.1066243788536289,-0.4496384096268239,0.0076242269187787315,-0.00977928493739455,0.042710910202004015,35662,45000000,22.23,0,2,2,-12.483262912957974,3.658494556696879,5.180740628265132,-12.483262912957974,3.658494556696879,5.180740628265132,180.79664707183838
-13.77221714744992,1.71810389246541,4.467926308866647,-14.696183942511091,3.478530624533672,4.915438939351609,-0.9870155166253278,0.007309922185587663,0.004514667394605315,0.16039498981200556,0.10677266499842045,-0.08447404106861083,-0.44635717405784875,0.008439471730525838,-0.005575951081482344,0.04820628273591865,35662,314000000,21.29,0,2,2,-12.507461368879191,3.598251443942775,5.0528451255711175,-12.507461368879191,3.598251443942775,5.0528451255711175,181.4446361064911
-13.809918364591843,1.6891231034023886,4.3819660112501095,-14.679292860603601,3.4514619356322505,4.799770384171833,-0.9880434876573203,0.006240467209914936,0.005186934538660324,0.15396174452458117,0.07235860681609975,-0.06294951665253683,-0.44634668638289926,0.006361572241075919,-0.0018906500258708547,0.05119395973451901,35662,584000000,20.1,0,2,2,-12.532957282999272,3.5401762964816794,4.9149135372081645,-12.532957282999272,3.5401762964816794,4.9149135372081645,182.11637163162231
-13.895672914366806,1.6333200488784598,4.213949936692157,-14.668506157602822,3.432898773363058,4.684601379444817,-0.9890608723064184,0.005334986650639636,0.005377823713674268,0.14731329811666283,0.04044728797276992,-0.040684410174426054,-0.4408846725937673,0.004563283800962381,0.0012002423773083137,0.051605720364023,35662,844000000,18.85,0,2,2,-12.555469611162193,3.492654024215448,4.789060605618592,-12.555469611162193,3.492654024215448,4.789060605618592,182.8037281036377
-13.943650988470747,1.6062895774554231,4.132232521764885,-14.663217959188358,3.4223345348872574,4.571419084253084,-0.9900236591451343,0.004507255841026081,0.005189706252303534,0.1407334570266685,0.013728141155138873,-0.019803428936016883,-0.4331025560007701,0.005724228776671225,0.0037493371337404824,0.050098383871954866,35663,113000000,17.43,0,2,2,-12.57811501662726,3.4491143596349314,4.664798531308665,-12.57811501662726,3.4491143596349314,4.664798531308665,183.52924633026123
-13.994964238284453,1.5796997591868318,4.052262675054007,-14.662354896898364,3.418325709889117,4.441684879103402,-0.9910242810844996,0.003496710525814596,0.0046219991897355475,0.13355629689362963,-0.007876520465412155,-0.0001363352833440941,-0.4307174894406437,0.004731296712634503,0.005633894079437596,0.045954198139952496,35663,361000000,15.86,0,2,2,-12.60140745679789,3.4083910455733997,4.54380682792051,-12.60140745679789,3.4083910455733997,4.54380682792051,184.25485610961914
-14.107346262223295,1.527420412612428,3.898206037095793,-14.665874781956761,3.421603173152802,4.296528087121006,-0.9919986891344494,0.002478439136591455,0.0037238983389097837,0.1261688974198511,-0.02239737065440233,0.01581809290230711,-0.4215051048450659,0.0046046474381000735,0.006382371475410764,0.04140679993724916,35663,667000000,13.85,0,2,2,-12.63075903804196,3.3621782021834923,4.409095496155286,-12.63075903804196,3.3621782021834923,4.409095496155286,185.00367140769958
-14.168267977131398,1.501520650144207,3.824429495415055,-14.670777044784492,3.428324068457445,4.179772081633082,-0.9926941880483704,0.0016772798912660964,0.002943959258786788,0.12060998653111393,-0.027297827219994623,0.022992268579292006,-0.4135660677608956,0.004703549620899139,0.006433281532736146,0.03807295688602608,35664,4000000,11.2,0,2,2,-12.672140842321284,3.303305277722754,4.260279750289204,-12.672140842321284,3.303305277722754,4.260279750289204,185.73300218582153
-14.29914059087924,1.449680820605077,3.684122548120576,-14.676760338090423,3.4372636270458163,4.048437943505286,-0.9933748937840878,0.0008275299028787425,0.0020502313927082162,0.11489748537260497,-0.025840394744875837,0.022191248724864696,-0.4038812207586096,0.0044284999603405595,0.006092916555644479,0.033312478990410455,35664,296000000,8.73,0,2,2,-12.71228452711724,3.2483815727374177,4.1408747652896585,-12.71228452711724,3.2483815727374177,4.1408747652896585,186.46310567855835
-14.368893535892646,1.423536326822833,3.6178747020262687,-14.682492612267874,3.44394689303723,3.937393137651556,-0.9938723049404817,0.0001699044007205504,0.0014354962798808681,0.11052489292109391,-0.0356133392208247,0.012588558240355064,-0.39141028467663536,0.005046455135016004,0.0016135817645590578,0.028828878930653445,35664,606000000,5.63,0,2,2,-12.759344805682117,3.1753827288774508,4.004524480526123,-12.759344805682117,3.1753827288774508,4.004524480526123,187.1703119277954
-14.516477728939526,1.370300189070615,3.493857067992777,-14.705684067918277,3.4486113404586356,3.7907874269710877,-0.9944056998410373,-0.00046857276245831415,0.001729757205958962,0.10561293719630865,-0.09771122135452481,-0.016353600003819007,-0.3773344757943947,0.002405513305347995,-0.0033557775623194175,0.023957699886523187,35664,896000000,3.0,0,2,2,-12.785116432641864,3.102791312304253,3.8868335521292754,-12.785116432641864,3.102791312304253,3.8868335521292754,187.9605314731598
-14.594063984779455,1.3430159396806216,3.436337035063941,-14.760128000177751,3.446936655562276,3.6432074156467604,-0.9948878696334562,-0.0005809957039826384,0.001896177584083153,0.1009663003717794,-0.1638711132423502,-0.04929624748698363,-0.3617350354886515,-0.0008996899452995422,0.0022357296529662563,0.02291200689796824,35665,267000000,2.34,0,2,2,-12.792158575062537,2.991343251244863,3.7308515302099816,-12.792158575062537,2.991343251244863,3.7308515302099816,188.82243061065674
-14.756158136970098,1.2866537833567335,3.330853492557395,-14.816044747274566,3.439749605458086,3.536096086017638,-0.9952257064459304,-0.0002809305690929649,0.0010320092968924342,0.09759430958834187,-0.17720430129705386,-0.0705762874504626,-0.3472394488760986,-0.00397760991290852,0.01214588273796835,0.01969853419723222,35665,675000000,5.25,0,2,2,-12.776241796254336,2.862311616763786,3.5762357560063416,-12.776241796254336,2.862311616763786,3.5762357560063416,189.50095415115356
-14.840378961010297,1.2574006916957472,3.283102412796267,-14.857911428121145,3.4288348814292817,3.4553799914724035,-0.9954235579351491,5.470134813609167e-05,-0.0007437521943356475,0.09555827618874452,-0.14641461866831065,-0.08655160048571497,-0.3254146055360689,-0.004123359303775942,0.014809996264375513,0.014818374620517716,35665,959000000,7.43,0,2,2,-12.76718013554399,2.759019857875659,3.467833575431322,-12.76718013554399,2.759019857875659,3.467833575431322,190.1685471534729
-15.014403393356975,1.1963392173488867,3.1980622641951637,-14.889453342445831,3.4132030541630134,3.3865082715036623,-0.9955570011807174,0.0004317943399989807,-0.0022109330633012566,0.09413385537995544,-0.10935735010807338,-0.1053530465679469,-0.30255730944203646,-0.005817700548504945,0.010646466944308486,0.011510560852912022,35666,216000000,9.23,0,2,2,-12.77902836311865,2.6713767179945873,3.3830911207964136,-12.77902836311865,2.6713767179945873,3.3830911207964136,190.85752058029175
-15.103883799479043,1.1643781079072553,3.1609444548970993,-14.91845233742375,3.3876254731692654,3.312583784312977,-0.9956568775702241,0.0012221754659511416,-0.0032545835330580254,0.09303384395083308,-0.07314416627526293,-0.12877757513007046,-0.2701258269988328,-0.0074478291026025545,0.00452113349638239,0.005301826422510203,35666,431000000,10.5,0,2,2,-12.808108558222761,2.6052669254642997,3.324062906903504,-12.808108558222761,2.6052669254642997,3.324062906903504,191.52310276031494
-15.194785454764899,1.131368712289839,3.1275302587205274,-14.93918086292233,3.356551498651953,3.251091266335575,-0.9956794335193608,0.002141790398026079,-0.003600297006752205,0.09276268787566683,-0.04776671419195331,-0.1539980630447968,-0.24524603995009203,-0.009534325818094658,0.0002972442871396197,-0.001256959387774259,35666,677000000,12.1,0,2,2,-12.865308698188166,2.5272340167302585,3.261275667347405,-12.865308698188166,2.5272340167302585,3.261275667347405,192.17613983154297
-15.380151744327637,1.0619484244926003,3.0720742786082944,-14.95585002617939,3.3189103990586273,3.1956259358722066,-0.995620187378458,0.0032694919620413275,-0.0035740557226798257,0.0933647633343821,-0.02935495716835352,-0.17524406242698118,-0.22049582400993412,-0.010945166468445677,-0.0022005848677508766,-0.008425513442489319,35666,936000000,14.29,0,2,2,-12.95909497633616,2.4373292275924694,3.1994595393272034,-12.95909497633616,2.4373292275924694,3.1994595393272034,192.85159134864807
-15.474255720151977,1.0254213687541995,3.050144175636353,-14.97095418570325,3.2724199087689705,3.142517857760493,-0.9954630133487318,0.004668772431346868,-0.0033146863825039507,0.09497686282896811,-0.01734840651949588,-0.19551352047419218,-0.193548807545981,-0.011385602101654513,-0.0037709738080593525,-0.015716466805315576,35667,164000000,15.9,0,2,2,-13.052224450483582,2.3654777145774735,3.1583187542630027,-13.052224450483582,2.3654777145774735,3.1583187542630027,193.53563857078552
-15.569060486163298,0.9876140610008809,3.0321408228027416,-14.986500641990467,3.214997399543852,3.092563145311465,-0.9952086324527363,0.006212513519127005,-0.0028995582703209206,0.0975334564606733,-0.012519777099528343,-0.22220054683915186,-0.1689695411725307,-0.011408670343371341,-0.004211634768580552,-0.021360989740060177,35667,434000000,18.05,0,2,2,-13.17695027048143,2.2800538139207163,3.117630263672841,-13.17695027048143,2.2800538139207163,3.117630263672841,194.29535818099976
-15.76001523874531,0.9079835601142272,3.0080514120095225,-15.001794673813643,3.155780458797429,3.052588855853356,-0.9948934950563497,0.007575024500819287,-0.002529722147554842,0.10061388077312877,-0.012515592683020715,-0.24139685754428494,-0.14589813047783423,-0.010310936704627238,-0.003932094023184618,-0.025848652512650006,35667,703000000,20.42,0,2,2,-13.319299771293148,2.1887083798175166,3.082282431602757,-13.319299771293148,2.1887083798175166,3.082282431602757,195.04541182518005
-15.85578079367589,0.8660865264278437,3.0020138669173706,-15.028449223039752,3.0735335343898176,3.009557085261909,-0.9946555633731986,0.009132280065077953,-0.0019820677600926673,0.10282501212716655,-0.07397993652087664,-0.25692636100421473,-0.11906344287895117,-0.008279725898319157,-0.005405769661592785,0.03160537253279472,35667,975000000,22.69,0,2,2,-13.450698220956005,2.0999651311330174,3.0543359532447973,-13.450698220956005,2.0999651311330174,3.0543359532447973,195.8823652267456
-16.04691446746932,0.7779866001387802,3.0020138669173706,-15.078782118308485,3.0088965516197472,2.9801381624815644,-0.9954705604764704,0.010156661152677996,-0.0014227001871765241,0.09451550869073705,-0.18191009547695133,-0.26031951461701025,-0.10170828078334737,-0.006246302791623748,-0.0020618470216504647,0.07266450047609396,35668,299000000,25.87,0,2,2,-13.605571513668783,1.9749648280366936,3.022146830067926,-13.605571513668783,1.9749648280366936,3.022146830067926,196.5925214290619
-16.236208819886585,0.684023125704271,3.0181004764641304,-15.143239298305042,2.956761451049836,2.959048484971521,-0.9962665546264118,0.010790272343369423,-0.0013617709192424365,0.08564267473367487,-0.26341227999057104,-0.261192310561605,-0.08544487013111732,-0.006531819144584006,0.0017581034626346081,0.06033410427335184,35668,579000000,29.33,0,2,2,-13.721035021683083,1.8625194715393936,2.9988420578061175,-13.721035021683083,1.8625194715393936,2.9988420578061175,197.30565190315247
-16.32967452506349,0.6348186116661373,3.032140822802741,-15.248116428715234,2.8918579437280947,2.9391233426670755,-0.9966871531610819,0.011634347051919139,-0.001938509386541623,0.08047113068480943,-0.34893981194140533,-0.28160689560329216,-0.0598920401966936,-0.006812871697547962,0.00565826603633468,0.026977475135936402,35668,831000000,32.12,0,2,2,-13.812092826199667,1.7609391456128711,2.98182922863022,-13.812092826199667,1.7609391456128711,2.98182922863022,198.03974533081055
-16.42209128849096,0.5841312526123713,3.0501441756363525,-15.37627942725007,2.8216992575324085,2.9281121006903796,-0.9970465026348037,0.012254727680025017,-0.0028468617077910645,0.0757627125412727,-0.4156015591774674,-0.30824554894479905,-0.030220347646000713,-0.002536118154239375,0.006418362636395614,0.037604908357025124,35669,127000000,34.48,0,2,2,-13.925265780125196,1.6275474554147924,2.965211782017763,-13.925265780125196,1.6275474554147924,2.965211782017763,198.7978117465973
-16.603001538847433,0.47834031194557486,3.0978869674096927,-15.510936486927987,2.7521250847851326,2.9266436360461956,-0.9975050976728685,0.012204307306517255,-0.0035481665064259673,0.06944094983690602,-0.4577727791659254,-0.3170345581423929,-0.0004818038748680472,0.0030481277690341813,0.005274199884297559,0.0572073276998708,35669,422000000,36.23,0,2,2,-14.041475695586731,1.4909453397251147,2.954707793555989,-14.041475695586731,1.4909453397251147,2.954707793555989,199.57111501693726
-16.69111154408141,0.42326747898706985,3.127530258720526,-15.703282582348205,2.6557934418729148,2.939061442339019,-0.9983695508414168,0.010483659903648815,-0.004006094656317912,0.055966811891842216,-0.46931372157443396,-0.32244024166992424,0.04691534476176845,0.01585151894687442,0.002373259576415876,0.08212146422010846,35669,713000000,37.87,0,2,2,-14.160177534212874,1.3620960030815188,2.9512776212354637,-14.160177534212874,1.3620960030815188,2.9512776212354637,200.39960265159607
-16.861701714642972,0.308887101630705,3.1980622641951597,-15.840864898751278,2.577275463716526,2.9601712037531356,-0.9989813385000175,0.008057848124545137,-0.0037580543525476055,0.044240631096296223,-0.44473979742134845,-0.33677486543954877,0.08402686999095363,0.020882703029201366,-0.002561665837674809,0.07784268964314833,35670,79000000,40.48,0,2,2,-14.330536177506586,1.1894642964980322,2.95850529088058,-14.330536177506586,1.1894642964980322,2.95850529088058,201.17511105537415
-17.023570835656578,0.18908592655329434,3.283102412796265,-15.973369497429974,2.483824398115957,2.993596530368291,-0.999403291493421,0.005017543758608604,-0.0028646982596209677,0.03405405571481518,-0.3890479408730002,-0.35673684799609406,0.12345118479643014,0.019363605315447785,-0.005926593439653516,0.05655673521687277,35670,375000000,42.57,0,2,2,-14.461903717113223,1.0649699694146852,2.9746417332740305,-14.461903717113223,1.0649699694146852,2.9746417332740305,201.8291530609131
-17.100794464688903,0.12725744857032972,3.330853492557394,-16.10891401151856,2.357896560391968,3.0482034150343087,-0.9996621136089581,0.0014716866874805831,-0.0016311291632685474,0.02590042800451564,-0.3292965839131544,-0.3903816891202776,0.1717933219432098,0.0207936342121684,-0.005487927546710125,0.03670057812996674,35670,666000000,44.68,0,2,2,-14.610919662032995,0.9395170129982309,3.003530335057443,-14.610919662032995,0.9395170129982309,3.003530335057443,202.6070909500122
-17.246979603717467,1.0099637174326102e-15,3.4363370350639393,-16.207499451975206,2.241244610285064,3.105851256834086,-0.9997597023262605,-0.001811850816948277,-0.0007412429532774441,0.02183358330664248,-0.29353174192799764,-0.41085791803133365,0.20872699482571883,0.022000415992806666,-0.005415938039732282,0.0031980843459678,35671,23000000,46.62,0,2,2,-14.797241059671796,0.8175321121249661,3.052131722258707,-14.797241059671796,0.8175321121249661,3.052131722258707,203.3101043701172
-17.315620970633162,-0.06531207730972893,3.493857067992775,-16.29618869454853,2.1205088264259877,3.1725554574237305,-0.9996836788161897,-0.004940568547989204,6.0496488670860014e-05,0.024660280434870008,-0.26567077165286196,-0.41435012163524865,0.2402597858083962,0.01772807208908489,-0.003302805794191954,-0.04038691768073477,35671,334000000,47.64,0,2,2,-14.951644728120574,0.7371752807504839,3.103015835636888,-14.951644728120574,0.7371752807504839,3.103015835636888,203.99603700637817
-17.381091215977307,-0.131660701802711,3.554410272345216,-16.387480415019347,1.9944745034405036,3.2527462974729535,-0.9993936891165567,-0.007664348747452959,0.0002503857194139725,0.0339624678029713,-0.2741186987100553,-0.38130885016719807,0.2675704599146439,0.013759289595327573,0.00613466936556506,-0.07665542070753872,35671,627000000,47.66,0,2,2,-15.100714287521772,0.6709821220367839,3.1630492991210937,-15.100714287521772,0.6709821220367839,3.1630492991210937,204.72396802902222
-17.50194566394982,-0.2671844063214001,3.6841225481205737,-16.483962224067383,1.8962930591068128,3.3337775826906078,-0.9988324966561912,-0.009338839748613853,-0.0008493573841336808,0.04738890469026552,-0.31131069736495337,-0.3146604062419809,0.28119124051327693,0.01052696334227221,0.010930659755103989,-0.10617199586704373,35671,953000000,46.59,0,2,2,-15.243306065356432,0.6073846425101168,3.2357630017975882,-15.243306065356432,0.6073846425101168,3.2357630017975882,205.41065073013306
-17.557060691143427,-0.3362078302261458,3.753020396282529,-16.597562740217757,1.8167084286654687,3.423750950910508,-0.9977157202221808,-0.010352077834385659,-0.002511827902645321,0.06670732213657848,-0.3383758239667323,-0.25762981624319,0.29004501015769885,0.0021502357412828133,0.013895742449676618,-0.13242873537819833,35672,246000000,44.79,0,2,2,-15.350859040995447,0.5354075482940537,3.313014432888755,-15.350859040995447,0.5354075482940537,3.313014432888755,206.1402497291565
-17.656048271882852,-0.4763711602713219,3.8982060370957967,-16.719013987875684,1.7560375696741126,3.51742285772714,-0.9959744873105705,-0.010790096141672086,-0.004336537984947254,0.08887963146865913,-0.3538833330868808,-0.22624030740188253,0.29751691427958,0.0020710746866825502,0.011166782041982515,-0.14346553216455504,35672,565000000,42.23,0,2,2,-15.441285105216297,0.44444951065699906,3.405591445841662,-15.441285105216297,0.44444951065699906,3.405591445841662,206.86976528167725
-17.699696781001236,-0.5473385281843403,3.9742014451881866,-16.828224278526633,1.7138918532128178,3.6012583990585583,-0.9939803052270346,-0.010705769734309393,-0.005375326613088387,0.1089019980485641,-0.35799858356478076,-0.218537788682593,0.3045546294415079,-0.009595430219633272,0.005097714893054217,-0.1360902053420432,35672,881000000,39.32,0,2,2,-15.512729676131096,0.3428357046133583,3.508662914675867,-15.512729676131096,0.3428357046133583,3.508662914675867,207.58701276779175
-17.774804299263565,-0.6905920754040414,4.132232521764882,-16.964117103552265,1.6656865875922007,3.707983217240379,-0.9915570027254239,-0.009131559732295659,-0.005294936763278269,0.1292412032120624,-0.35805517440560886,-0.234900701139119,0.3210452160377374,-0.01303105218539713,-0.007904406538727926,-0.09671894658822566,35673,174000000,36.65,0,2,2,-15.562367476717512,0.2503578777387245,3.6049107459582417,-15.562367476717512,0.2503578777387245,3.6049107459582417,208.34276723861694
-17.80608919576169,-0.7626899800729106,4.2139499366921545,-17.085246413155737,1.6214574060802496,3.8067315788983884,-0.9899834018997422,-0.00701759770368884,-0.003601430123686704,0.1409632824055495,-0.3361640040201185,-0.26978678771330755,0.3406638674536997,-0.015407879891427001,-0.019044494729314465,-0.05553744013013784,35673,501000000,33.73,0,2,2,-15.614514104999326,0.13779456724584296,3.7293206416760003,-15.614514104999326,0.13779456724584296,3.7293206416760003,209.02996039390564
-17.833093406509576,-0.8349731623213645,4.297250351837313,-17.192348798523224,1.564258087939771,3.9056535098776615,-0.9892603484024712,-0.005481398522733216,-0.0007501168516642945,0.14605942172131392,-0.28007140790504553,-0.32933110322937165,0.36633308732086384,-0.0050951378398167435,-0.024383046184084378,-0.014324725361802848,35673,813000000,31.69,0,2,2,-15.657457397916708,0.04374972450666209,3.8433880270116227,-15.657457397916708,0.04374972450666209,3.8433880270116227,209.70699524879456
-17.874009580267376,-0.9796997785089396,4.467926308866648,-17.273829719975094,1.4992081374412167,3.994708944512106,-0.9892983392439388,-0.005159597166935509,0.0020994899629760496,0.1458004343894571,-0.2171699705414198,-0.3735888661605725,0.38142813810346904,0.006460362828875077,-0.02201945553679252,0.010288265002600383,35674,96000000,30.19,0,2,2,-15.702015237619811,-0.031267478601058926,3.9526155494217345,-15.702015237619811,-0.031267478601058926,3.9526155494217345,210.39526534080505
-17.887819513469868,-1.051942761218574,4.554958132087373,-17.349688384364434,1.4143143838987668,4.093761945059029,-0.9894698755777471,-0.006028830990474115,0.004639701244058809,0.14453889335888742,-0.15408757615935695,-0.40947656739733534,0.39294966516755336,0.009768279142008396,-0.014811353321420029,0.0031257639193427167,35674,334000000,29.25,0,2,2,-15.744939890738392,-0.08378512484977245,4.0463556211957235,-15.744939890738392,-0.08378512484977245,4.0463556211957235,211.07364702224731
-17.897144929015358,-1.1239707888274537,4.642886210402725,-17.395303377487423,1.3473307398176986,4.1643595279634935,-0.9893938943119703,-0.006985292367114436,0.005871262012506731,0.14497053449277197,-0.11478768458228879,-0.43513879863014865,0.4050924978803462,0.014913312406861223,-0.009230295927409315,-0.010821216619660845,35674,580000000,28.2,0,2,2,-15.794825659785166,-0.13016272700178463,4.145933398460685,-15.794825659785166,-0.13016272700178463,4.145933398460685,211.7608048915863
-17.902241831081568,-1.2669766335672648,4.820721382193131,-17.45671119940062,1.2336696266779483,4.277312550986351,-0.9888245552480905,-0.009354032497813832,0.007048425167102574,0.1486230827197081,-0.06529069184401612,-0.4482437480233673,0.41785910792628345,0.01899187918752432,-0.002451151112836669,-0.03981210938945878,35674,774000000,27.22,0,2,2,-15.830934138378627,-0.15767943524205447,4.214183348083236,-15.830934138378627,-0.15767943524205447,4.214183348083236,212.41251468658447
-17.897987002895686,-1.3377524985761562,4.9102703392989655,-17.50832652358092,1.1158642472343583,4.39262080114614,-0.9877345722074484,-0.011308634099671422,0.0073768819325638335,0.1555574211470523,-0.026612852478236176,-0.4489784793051751,0.4309732693387164,0.004903402987110894,0.002044615280283324,-0.061373501375783235,35675,51000000,25.24,0,2,2,-15.888654343971094,-0.19518172273837767,4.320239976482098,-15.888654343971094,-0.19518172273837767,4.320239976482098,213.0448808670044
-17.88919506535624,-1.4079101853620766,4.999999999999998,-17.55601210046193,0.9851258357756049,4.522273124994689,-0.9860103699357995,-0.012280278141056465,0.007140776435798071,0.16607755555685355,0.0076834446980383955,-0.4493384834817686,0.4542178059610295,0.005562270416703541,0.004631321553461021,-0.0769729696912691,35675,321000000,22.83,0,2,2,-15.947203726885368,-0.22857785459155194,4.429125083447483,-15.947203726885368,-0.22857785459155194,4.429125083447483,213.74888634681702
-17.85805241433367,-1.5459776304919082,5.179278617806865,-17.595054769363017,0.8643561976377787,4.648249279601224,-0.9841861375077143,-0.013112225404674533,0.006479973642971841,0.17653250755645383,0.021571466046220983,-0.42699705380315656,0.46809375643639317,0.005362400770536624,0.011557686957530677,-0.05926734265813138,35675,623000000,19.74,0,2,2,-16.009661760978005,-0.2614290991643018,4.550893091843516,-16.009661760978005,-0.2614290991643018,4.550893091843516,214.44729375839233
-17.83575170365043,-1.6136947921872915,5.268466531635306,-17.63991064637861,0.7379807669512967,4.796400853468294,-0.9832732741456225,-0.013517807756338443,0.004053811228842929,0.18158883181223212,-0.009399588856547037,-0.3846640249861515,0.4831640150806307,-0.006348146553136758,0.02197752910433337,0.00803723687567981,35675,916000000,16.68,0,2,2,-16.065179444063332,-0.2893584995212224,4.668009742617763,-16.065179444063332,-0.2893584995212224,4.668009742617763,215.15815806388855
-17.77788685426699,-1.746030254773022,5.445041867912624,-17.686997915744904,0.6423600092182601,4.9312774681699825,-0.9841428077334519,-0.013098587490868419,0.000884303977547355,0.17689143280197872,-0.061125419085768906,-0.34690595431368665,0.49758889802782685,-0.0059940392020507716,0.018134265883418266,0.0507687251229072,35676,223000000,13.94,0,2,2,-16.123517444852258,-0.3186525927455839,4.807277459688673,-16.123517444852258,-0.3186525927455839,4.807277459688673,215.82313179969788
-17.742428517923543,-1.8104699101848654,5.532073691133348,-17.73289819839688,0.5715730389029381,5.0495514336849405,-0.9853494160185271,-0.012350144395029078,-0.0009868272618013454,0.17009711478248069,-0.09660272408861922,-0.31708385332250855,0.5041500720426204,-0.011704330790962558,0.00926964994505397,0.059781354502774775,35676,500000000,12.66,0,2,2,-16.161673931095706,-0.34950800217653616,4.935151995406395,-16.161673931095706,-0.34950800217653616,4.935151995406395,216.53276371955872
-17.702705146635417,-1.8736433960974619,5.618033988749897,-17.785824587696183,0.5023605803111212,5.180004084000934,-0.9866156753689933,-0.010960709040149582,-0.0019887614766088604,0.1626819498325217,-0.11799205999497482,-0.29821868281370634,0.5093646673923753,-0.009369521740154596,0.001602363079200586,0.05569455461227335,35676,750000000,12.01,0,2,2,-16.178643630852555,-0.38420478267297925,5.049785314082746,-16.178643630852555,-0.38420478267297925,5.049785314082746,217.2723138332367
-17.61077267798752,-1.99586994001061,5.786050063307849,-17.831973725619623,0.4478110391882158,5.290583839678888,-0.9875719655295517,-0.009858766678490278,-0.00213604105253115,0.15684340900496385,-0.13003053838772588,-0.28603588518397827,0.5054275275534781,-0.009273562318412587,-0.002926192860286392,0.052148768736515194,35677,6000000,11.4,0,2,2,-16.181986447082995,-0.42804764431089454,5.177982021903297,-16.181986447082995,-0.42804764431089454,5.177982021903297,217.9699423313141
-17.558739495509858,-2.054771557371984,5.867767478235115,-17.887490819735962,0.3859562436370566,5.419510401518546,-0.9885702377179711,-0.00840839749271876,-0.0016698495433998288,0.15051709388750745,-0.13588061703110607,-0.2839735862910609,0.4965505829108521,-0.014906068008713191,-0.008569809961045394,0.0437373026215937,35677,231000000,10.88,0,2,2,-16.17448131327156,-0.4678227322297812,5.286927017950296,-16.17448131327156,-0.4678227322297812,5.286927017950296,218.64989042282104
-17.443040220248328,-2.1678042773892896,6.025798554811811,-17.9426458472795,0.3215159378819618,5.547289514151487,-0.9892997419714324,-0.006643300194987557,-0.0006135203980740813,0.14574467637103417,-0.12841974617388693,-0.3003597683997251,0.4931603298432486,-0.009429349756828742,-0.011193131103937048,0.03183318731316831,35677,490000000,10.2,0,2,2,-16.15565050946374,-0.5158693473802932,5.4136722690910615,-16.15565050946374,-0.5158693473802932,5.4136722690910615,219.33002495765686
-17.379597898493536,-2.221810123990574,6.101793962904207,-17.996186684558904,0.2514481466231448,5.673844426234903,-0.9897933807592263,-0.005508391828986059,0.0006791370805041951,0.14240175489615786,-0.10861238156712749,-0.3245515212653546,0.4887145171067454,-0.007438892953359755,-0.013841118015989196,0.009647355909692124,35677,755000000,9.25,0,2,2,-16.1281678089496,-0.5639128016781221,5.538354847000694,-16.1281678089496,-0.5639128016781221,5.538354847000694,220.02027416229248
-17.31258861637016,-2.2740669133166804,6.175570504584945,-18.036151311469492,0.18368213597628186,5.780532847726954,-0.9896107721378551,-0.004909435152468888,0.0023560931554871207,0.14366929365819536,-0.06214834925767474,-0.35645858831223426,0.4875144819660352,0.0005750290341666187,-0.018452048243489116,-0.03256922573200427,35678,7000000,8.01,0,2,2,-16.096573824697206,-0.609236042416408,5.6599470405160766,-16.096573824697206,-0.609236042416408,5.6599470405160766,220.72094893455505
-17.168395347072096,-2.3731382247284643,6.315877451879424,-18.06632696110867,0.09796840222159799,5.894944095648589,-0.9884013323669268,-0.004914115225307607,0.005237584641482309,0.15169451326254102,0.030334456290507288,-0.38636948444436386,0.4733760856352419,0.007506412202928914,-0.023299014537769835,-0.09270518567063846,35678,230000000,6.34,0,2,2,-16.07170076890473,-0.6428302808979394,5.761433095980582,-16.07170076890473,-0.6428302808979394,5.761433095980582,221.40347266197205
-17.091490638043396,-2.4198688192387743,6.382125297973731,-18.08084187763559,-0.007825177599432671,6.0138815651422455,-0.9860246674490684,-0.005191363282408182,0.007882223941369653,0.16633182339817598,0.12637363582145894,-0.40964833383853866,0.45127887891595114,-0.00016994194638186855,-0.016873480672074948,-0.13686742313439026,35678,458000000,3.67,0,2,2,-16.05009503416967,-0.6728406738029423,5.869418873324939,-16.05009503416967,-0.6728406738029423,5.869418873324939,222.17126393318176
-16.928808052987947,-2.5075527219881533,6.506142932007219,-18.0801468709693,-0.09851633974336904,6.102043509434037,-0.9833376575861172,-0.0048697907562135385,0.009372000252124653,0.18148140930219991,0.1986168957364835,-0.42582081328939775,0.4368050889072615,0.0017138712451014726,-0.010694422871893039,-0.16671206249156967,35678,722000000,1.69,0,2,2,-16.032811514892522,-0.6981030343320268,5.983242323985328,-16.032811514892522,-0.6981030343320268,5.983242323985328,222.9082601070404
-16.84334369186872,-2.5484568498122657,6.563662964936059,-18.06807923095974,-0.21500307002538913,6.203221039112183,-0.9791419833983666,-0.004549443517120524,0.010144925892407185,0.20287276650411856,0.2722725716784474,-0.4223730815865241,0.41070524108800865,-0.003822491794380767,0.00015387847316361558,-0.19635030184872448,35678,931000000,4.67,0,2,2,-16.02282071870901,-0.7132940405844359,6.068110898720465,-16.02282071870901,-0.7132940405844359,6.068110898720465,223.6360993385315
-16.664988648541065,-2.6243121832372855,6.669146507442605,-18.04155292132616,-0.347763084120829,6.306365472303975,-0.9731292285907474,-0.003653405021392591,0.009099904257682805,0.23005075274084025,0.35144545779521535,-0.4037170289744174,0.38289136746430036,-0.006647175405305461,0.01440111027477542,-0.22625744313700125,35679,166000000,9.62,0,2,2,-16.013505761546135,-0.7272781782057958,6.1681359264865305,-16.013505761546135,-0.7272781782057958,6.1681359264865305,224.42483711242676
-16.572438562504846,-2.659251146377299,6.7168975872037295,-17.99602254262224,-0.505391839958398,6.416786888452859,-0.9644351048201698,-0.0024558540909015705,0.005994709929400851,0.2642403466998451,0.4228407789828877,-0.36682683024076157,0.353820948869406,-0.014043502415006515,0.021797457884531468,-0.24302185629494488,35679,429000000,15.87,0,2,2,-16.00563006698271,-0.7378138727173893,6.273587260798639,-16.00563006698271,-0.7378138727173893,6.273587260798639,225.27739143371582
-16.38147128113288,-2.7231685253367455,6.801937735804836,-17.925308879330345,-0.709256079426818,6.546808157949782,-0.951507529914519,-0.001220269933215293,0.001103685768209692,0.3076210547654134,0.46033267836707303,-0.32510876692178303,0.3323141979389771,-0.009676616627984913,0.02630357012094464,-0.21524224284803495,35679,727000000,23.85,0,2,2,-15.998397933498039,-0.7448402166558626,6.391658370178823,-15.998397933498039,-0.7448402166558626,6.391658370178823,226.11135935783386
-16.183884907378264,-2.7792354667809693,6.872469741279472,-17.87390512453316,-0.8678587426438141,6.644310002172155,-0.9417860797756307,-0.000936984886624303,-0.0028059437106054685,0.33619968572273284,0.45242854179445924,-0.30458009166642414,0.3211303260660777,-0.00941548796618008,0.02189359365729615,-0.18606961966725066,35680,97000000,34.69,0,2,2,-15.991365296261279,-0.7478062867419887,6.537099594958285,-15.991365296261279,-0.7478062867419887,6.537099594958285,226.8514473438263
-16.08306887143714,-2.804385354445228,6.902113032590306,-17.825272576963837,-1.0437068837343368,6.749728998590812,-0.93374945316347,-0.0023778848820374694,-0.005321351903714172,0.3578798507800141,0.4344711663478006,-0.295689630703487,0.30459430952007815,0.021147929874132387,0.010329603719583247,-0.01876962123787962,35680,405000000,42.95,0,2,2,-15.987202764986941,-0.7472534930129313,6.646929645037547,-15.987202764986941,-0.7472534930129313,6.646929645037547,227.6057584285736
-15.878321800454078,-2.849094176114604,6.949855824363647,-17.786612829239147,-1.2170723190270438,6.846914352997471,-0.9376918352321502,-0.006731993728411037,-0.004517129506164876,0.34737342722267467,0.40229197366536046,-0.31580686281358455,0.2783646095139528,0.034618557037902065,-0.000694336017659225,0.14552994689438492,35680,744000000,51.12,0,2,2,-15.977623717744509,-0.7454052669633255,6.764207447310501,-15.977623717744509,-0.7454052669633255,6.764207447310501,228.312739610672
-15.774764980033865,-2.8687423687722617,6.967859177197259,-17.75879129384153,-1.368131106781426,6.923052682247018,-0.9468644512462163,-0.011110715803303214,-0.002278700241688839,0.3214328397748874,0.3789470547391916,-0.3375350627478852,0.24687959493619333,0.03646334480436053,-0.010851867682504235,0.21392292401287705,35681,79000000,55.14,0,2,2,-15.944745504038616,-0.741811090166356,6.870964185744088,-15.944745504038616,-0.741811090166356,6.870964185744088,229.05545687675476
-15.670668781037511,-2.8866561511884625,6.981899523535869,-17.718496489642945,-1.5602330629482422,7.002645833112486,-0.9598802314540171,-0.015376647074948516,0.0013613318872636336,0.2799850831098105,0.3712049046041246,-0.35520383033666086,0.19476007841114884,0.02051682440651348,-0.015134416116779903,0.23067417496349663,35681,396000000,56.15,0,2,2,-15.89297816046397,-0.7391053530234477,6.95519364198458,-15.89297816046397,-0.7391053530234477,6.95519364198458,229.83945965766907
-15.461602843222426,-2.9175255540069984,6.997986133082629,-17.651797734813385,-1.775774189214108,7.066929247481337,-0.9725889650077248,-0.01723003175806863,0.0047653782295750905,0.23184288283479337,0.38661828903268597,-0.31712626547529754,0.11976164041824473,0.0033973517929553054,-0.01821560344978934,0.22037923336029053,35681,759000000,55.54,0,2,2,-15.80497119136027,-0.7475963657673121,7.045031907645563,-15.80497119136027,-0.7475963657673121,7.045031907645563,230.7276966571808
-15.25259954285125,-2.9422500095898476,6.997986133082629,-17.58069550504352,-1.907133709990538,7.0920900379690455,-0.9796332978437692,-0.016394508733178107,0.006868749581671526,0.20000660518673502,0.42163515593857437,-0.2679577569381727,0.06542673825338098,-0.008928371789806988,-0.018877735965361353,0.2063978769001551,35682,205000000,53.9,0,2,2,-15.695138708850159,-0.7755934674569945,7.119557694157109,-15.695138708850159,-0.7755934674569945,7.119557694157109,231.41893696784973
-15.148574192374907,-2.9525032725414264,6.991948587990478,-17.45746065966473,-2.0447539113859214,7.1019115010182565,-0.9860452544683287,-0.01304693758760091,0.00898966092710433,0.16572181376176598,0.4930574606574275,-0.2033164536022344,-0.003519525956082073,-0.025762239420146216,-0.015620454905729275,0.1784782376489602,35682,514000000,52.49,0,2,2,-15.630052409374896,-0.8078507453896309,7.149214838653624,-15.630052409374896,-0.8078507453896309,7.149214838653624,232.16690587997437
-14.942358252569695,-2.969228115601023,6.96785917719726,-17.305566287457545,-2.155859145420757,7.091747990137888,-0.9905150148126337,-0.008529109177912358,0.01047410660095711,0.13673899523644073,0.5453439638310928,-0.1612322683597069,-0.060489473301969764,-0.027487418083183,-0.012957175022165757,0.17020236264215782,35682,866000000,51.16,0,2,2,-15.56397217759813,-0.8581344349257817,7.161288411553995,-15.56397217759813,-0.8581344349257817,7.161288411553995,232.93167901039124
-14.840510461471446,-2.975888718158154,6.949855824363648,-17.153427403431937,-2.2403342831037025,7.069909232207104,-0.9937252441271729,-0.004792619066620001,0.011707448092861778,0.11113102917738926,0.5701534113032953,-0.14180818836685122,-0.09977430739256035,-0.02398890173935797,-0.011458099379524356,0.17928622546605766,35683,211000000,50.47,0,2,2,-15.511577064788186,-0.911255217082234,7.1502954398462855,-15.511577064788186,-0.911255217082234,7.1502954398462855,233.66086173057556
-14.640162213137074,-2.986312170261556,6.902113032590307,-16.99141073328089,-2.3145638214649273,7.039262613979423,-0.9964694924032915,-0.001739628208362945,0.012775581086465305,0.08295968256403835,0.569615109092137,-0.14014742051891477,-0.12428661247685177,-0.01972687205125112,-0.006015340977683081,0.20490967435762286,35683,502000000,50.11,0,2,2,-15.47243434126866,-0.9572474644289654,7.125230456031205,-15.47243434126866,-0.9572474644289654,7.125230456031205,234.35938501358032
-14.541978914802943,-2.9902895681847994,6.872469741279476,-16.81079717831126,-2.3898070521040213,6.999536764589381,-0.9988562289714105,0.0014591977056554982,0.012708811804026839,0.046071582234591346,0.5317313423961584,-0.17323286676493346,-0.1362695554966132,-0.025681663828436285,0.004981568417861126,0.22555007744813338,35683,802000000,49.75,0,2,2,-15.438575123714042,-1.000175683559578,7.089160841325968,-15.438575123714042,-1.000175683559578,7.089160841325968,235.1574902534485
-14.350348389681816,-2.9963390679327606,6.801937735804841,-16.651945353013026,-2.463869452624431,6.9588523515642,-0.9998715555075129,0.00558101065463498,0.011400097330698411,0.009785836086386612,0.46648331927175485,-0.2368296514935412,-0.14451399785591804,-0.03542915037542116,0.011161473958054557,0.22946550598135218,35684,136000000,49.04,0,2,2,-15.405185743940804,-1.043244618527112,7.040324466964188,-15.405185743940804,-1.043244618527112,7.040324466964188,235.92957282066345
-14.257186093209897,-2.998646005985418,6.7611910637134764,-16.522764800033237,-2.543774766162346,6.918348368722246,-0.9995965966188838,0.010307957351289814,0.009729469223983439,-0.024611531277181964,0.3845768409262743,-0.298701033190713,-0.15356662359562986,-0.033587673533475026,0.014804453167016618,0.22885719372425228,35684,457000000,48.4,0,2,2,-15.375243753712592,-1.08073469287706,6.989470448065083,-15.375243753712592,-1.08073469287706,6.989470448065083,236.7217538356781
-14.076833820056732,-3.0024311515106303,6.669146507442607,-16.403272511616013,-2.6389503337781215,6.871584708652959,-0.9979889770115246,0.01504244682834028,0.007998568209655159,-0.061055298406466174,0.3024905218402255,-0.34299608921803676,-0.16692198555696028,-0.02856432256521657,0.013814762314723339,0.22681400878354907,35684,773000000,47.65,0,2,2,-15.341638625773426,-1.1114310461458985,6.939344155201038,-15.341638625773426,-1.1114310461458985,6.939344155201038,237.49418878555298
-13.989890786116403,-3.0041585992905784,6.6180339887498985,-16.307428868017055,-2.7336627926396777,6.824187440737411,-0.9952930977524368,0.018698343012678482,0.00690820234184744,-0.09483827431655656,0.2365357240262568,-0.36468217805971237,-0.1826270177350959,-0.020468006368901115,0.012110027910239296,0.22025306097930297,35685,90000000,46.34,0,2,2,-15.278576457095864,-1.1271012211634344,6.88202248037429,-15.278576457095864,-1.1271012211634344,6.88202248037429,238.22984838485718
-13.823036045287,-3.0079182914293168,6.50614293200722,-16.230296112574386,-2.8171474217159083,6.778690049757594,-0.9921980474147596,0.021095260254174377,0.006321561877166913,-0.12271129759146143,0.20149919721893852,-0.3735947488846764,-0.20090073199257272,-0.014986018777563004,0.009069644056580728,0.21146845538169146,35685,378000000,44.44,0,2,2,-15.194446332449635,-1.1242411135858128,6.825165388017041,-15.194446332449635,-1.1242411135858128,6.825165388017041,238.9779028892517
-13.743328492892093,-3.010207796180322,6.445589727654784,-16.15061578482626,-2.9058416326324483,6.724958038322988,-0.9882270678863699,0.02251101273464047,0.006083271906148215,-0.15120684642331594,0.18865108173212158,-0.36316305194265763,-0.2191588763399825,0.002475929886713857,0.007651397118024761,0.18767990259220824,35685,648000000,42.51,0,2,2,-15.106550942493469,-1.1118419593369642,6.773657270628761,-15.106550942493469,-1.1118419593369642,6.773657270628761,239.70314168930054
-13.591806179733467,-3.016252889148348,6.315877451879427,-16.049043328634315,-2.989029554757192,6.6568067461454445,-0.9840086417457024,0.02169687604193104,0.005577662892663352,-0.17670633326639557,0.24668744251744826,-0.31273965260520387,-0.23854349260933372,0.009219326693710173,0.003484801277409133,0.13109407445881516,35685,922000000,40.19,0,2,2,-15.001873273625343,-1.0961521385195552,6.715507908681354,-15.001873273625343,-1.0961521385195552,6.715507908681354,240.52267217636108
-13.520149046890582,-3.0202670333435666,6.246979603717466,-15.93750391544512,-3.041246596275012,6.586707462935473,-0.9810529603263807,0.02019027863126329,0.005614694940059394,-0.1926030033108696,0.3203937130566192,-0.2666955502901479,-0.25828431388881207,0.009419558955414686,-0.002046456916104944,0.07283092418219894,35686,251000000,38.08,0,2,2,-14.884132584445764,-1.0922014199065002,6.647001519618834,-14.884132584445764,-1.0922014199065002,6.647001519618834,241.30990386009216
-13.385376078610724,-3.030919927721646,6.101793962904203,-15.852416943695777,-3.0631834796961406,6.535517035533116,-0.9800603091311006,0.019189077455262563,0.005967561809621078,-0.19768145582809593,0.37499071927593536,-0.24252020771623922,-0.27599362260282595,0.009611361110728467,-0.0066309395151620265,0.036018723039887846,35686,545000000,36.84,0,2,2,-14.77923217849596,-1.109002836226313,6.578160131376783,-14.77923217849596,-1.109002836226313,6.578160131376783,242.0265507698059
-13.322368746156728,-3.0378116344403696,6.025798554811814,-15.685025049865587,-3.083863482400218,6.435652481892661,-0.9809032272719544,0.016400277623012407,0.006649686293611433,-0.19368962618981223,0.43032305100741086,-0.20406122204022337,-0.3017343060368465,0.016374230654037092,-0.005853012680745451,-0.04926767905999441,35686,747000000,36.64,0,2,2,-14.711998003032491,-1.1307578496823811,6.528082482737608,-14.711998003032491,-1.1307578496823811,6.528082482737608,242.83387207984924
-13.205320709553007,-3.0553443393919357,5.867767478235118,-15.537526838501737,-3.08953561012071,6.344455241538353,-0.9824424845942941,0.013887461686743374,0.00707420004169917,-0.18591357821810445,0.45625422501331475,-0.17924825295760133,-0.32515691645769973,0.017066902728402056,-0.008403110859944718,-0.04838683089474216,35687,98000000,37.92,0,2,2,-14.599476184934844,-1.183924352245637,6.428846542958981,-14.599476184934844,-1.183924352245637,6.428846542958981,243.5957224369049
-13.100407283827145,-3.0786728733062683,5.702749648162687,-15.340378154973655,-3.0892148188764943,6.211542528941103,-0.983233857130388,0.01053076638061318,0.008454267393529644,-0.1818483173273131,0.4465529839207897,-0.15855896613054826,-0.3597782354918811,0.013185838361096103,-0.011322780574118951,0.0323517855576938,35687,415000000,39.68,0,2,2,-14.514768825988899,-1.2362019835072409,6.335068100999846,-14.514768825988899,-1.2362019835072409,6.335068100999846,244.467036485672
-13.052536458950115,-3.0927980505305666,5.6180339887499,-15.19062437837929,-3.087028017788901,6.094574881898524,-0.9813020645448101,0.008600778246196717,0.009944472547332715,-0.19202445729491974,0.41500918706135537,-0.15593417071030785,-0.39268188041263075,0.005326230439095525,-0.009243930890079355,0.1153653756773565,35687,812000000,41.53,0,2,2,-14.413360986171924,-1.310320195353891,6.193627033988097,-14.413360986171924,-1.310320195353891,6.193627033988097,245.3670642375946
-12.965963724516012,-3.126513702278765,5.445041867912634,-15.0615844763985,-3.087149400076297,5.974301879288049,-0.9766203423305488,0.00819185265735788,0.011503471744357088,-0.2145070409894001,0.3359706118830946,-0.18219737827795499,-0.4297522861047528,-0.012990218874620041,-0.013789946115139173,0.19397589639993384,35688,135000000,41.57,0,2,2,-14.34098001447622,-1.3687778314929155,6.067355780487049,-14.34098001447622,-1.3687778314929155,6.067355780487049,246.0923376083374
-12.891515558308496,-3.168191763661482,5.268466531635316,-14.965759439905694,-3.108696650250438,5.851479474890421,-0.969434320997914,0.010035845792638996,0.014058462134250523,-0.244742188257275,0.1925284093034215,-0.23346996054631597,-0.46831286691386415,-0.02349550159124192,-0.007995871419552714,0.24329067236976698,35688,420000000,40.22,0,2,2,-14.281519568973748,-1.4172956828141519,5.943928911108951,-14.281519568973748,-1.4172956828141519,5.943928911108951,246.88931846618652
-12.858769933455328,-3.1922521119096685,5.179278617806869,-14.880640452079389,-3.171021061773792,5.677348294110185,-0.9570187360204023,0.013469240629253507,0.015315041977165617,-0.2893080848369438,0.020982446128478306,-0.2664472232803129,-0.5187717864162702,-0.018777356308419257,0.011032893326046178,0.26263309991918504,35688,714000000,37.65,0,2,2,-14.22362127917355,-1.4457770133108567,5.82434750554403,-14.22362127917355,-1.4457770133108567,5.82434750554403,247.80537748336792
-12.802029828000155,-3.2472402416509176,5.000000000000002,-14.832909456319838,-3.2585229799760724,5.497445956101078,-0.9430638074005471,0.016131052756840954,0.013658626995144389,-0.3319395821783644,-0.11122174038704509,-0.2676583436706879,-0.5517936007796065,-0.0059605465594358975,0.022967827135289554,0.2591630211099982,35689,62000000,33.01,0,2,2,-14.135188465165601,-1.4457583018002842,5.663479222422568,-14.135188465165601,-1.4457583018002842,5.663479222422568,248.5673553943634
-12.77793009848097,-3.2783207432808092,4.910270339298968,-14.811593730397334,-3.3520005260729904,5.332679206783095,-0.929907518422141,0.017330733947949567,0.010548466066417628,-0.3672334171973548,-0.18277783904133516,-0.24150458606432507,-0.559603644373394,0.0071000176831148565,0.029893753890064545,0.2221672679297626,35689,407000000,27.9,0,2,2,-14.038322381870284,-1.4141034018453167,5.503365711641892,-14.038322381870284,-1.4141034018453167,5.503365711641892,249.25841784477234
-12.737953220297717,-3.347990160492629,4.731533468364687,-14.803390364538496,-3.419476185060376,5.212012284784014,-0.9215984151140624,0.017229307643568375,0.007480430496539171,-0.38769002486130355,-0.18998812494337775,-0.2060393418191721,-0.5520592830191605,0.008354375950148096,0.029863696181564592,0.17180219438159838,35689,698000000,23.31,0,2,2,-13.94557425347548,-1.3679511949018706,5.358838726904224,-13.94557425347548,-1.3679511949018706,5.358838726904224,249.90664649009705
-12.721927826856154,-3.3866937434896096,4.642886210402729,-14.797488453290265,-3.4779156302746044,5.0948552167671695,-0.9161133467404257,0.017170997751549993,0.004180461647689106,-0.40052966993805184,-0.15617321072823126,-0.16431485287216496,-0.5296204086351273,0.015801705558260437,0.02731925324042095,0.09698002322693355,35689,934000000,20.56,0,2,2,-13.880488291350359,-1.3301736541726068,5.252413114725887,-13.880488291350359,-1.3301736541726068,5.252413114725887,250.53503227233887
-12.708434544065298,-3.4280416314708004,4.5549581320873695,-14.790942525230633,-3.5251001819704917,4.9819459152722425,-0.9127007348459497,0.016402371219595868,0.0012222424048162362,-0.40829748585258474,-0.11503605919311846,-0.13709116489520828,-0.5106157892574752,0.01780575494194636,0.018406611707177944,0.06383581858244725,35690,155000000,18.86,0,2,2,-13.828777208556323,-1.2999129665220224,5.147100089377468,-13.828777208556323,-1.2999129665220224,5.147100089377468,251.22282552719116
-12.688676947336305,-3.518822801829515,4.381966011250103,-14.781384791376796,-3.565376442238029,4.863442180720653,-0.9100014148030315,0.015189446992704556,-0.0009263981627914307,-0.4143257746544142,-0.07414941160961598,-0.1180399856848338,-0.48812830589567646,0.014611180631618481,0.008141428588714916,0.04936417353746947,35690,372000000,17.88,0,2,2,-13.789149465752098,-1.280295402885629,5.043599448290018,-13.789149465752098,-1.280295402885629,5.043599448290018,251.89741683006287
-12.682214321363698,-3.5683139219579116,4.297250351837317,-14.770029473731643,-3.5938119620499145,4.759266305490596,-0.9078887979516658,0.013930460439397042,-0.0019294716560793882,-0.41897511855115466,-0.04263319519717148,-0.10616178326087192,-0.46903306307571324,0.015402341159642674,0.0008028799129533581,0.04420121404109523,35690,608000000,17.11,0,2,2,-13.758471909953695,-1.2807061654201237,4.9353648497347455,-13.758471909953695,-1.2807061654201237,4.9353648497347455,252.5361738204956
-12.67788781259312,-3.6205647217681536,4.213949936692151,-14.756165751833871,-3.615703476300265,4.657626772624791,-0.9059791381991831,0.012364120203805257,-0.0023768256926607065,-0.42313506162817327,-0.016495519526978714,-0.09869993517704043,-0.46083643768498306,0.012198271360830404,-0.004025005182484165,0.03997497624368407,35690,822000000,16.63,0,2,2,-13.73624163667487,-1.2785108648500876,4.841720784866211,-13.73624163667487,-1.2785108648500876,4.841720784866211,253.24931263923645
-12.675189102414187,-3.7333770412873593,4.052262675054001,-14.737392878055735,-3.634945687252736,4.539906317057607,-0.9038804945181969,0.010784944069899287,-0.002203568163552279,-0.4276434038989699,0.004947756324050712,-0.09006034994974343,-0.44900757789315504,0.008732885908102617,-0.0075810505677509354,0.03720256427186541,35691,53000000,16.41,0,2,2,-13.719084568160026,-1.2645110140119604,4.752955939369227,-13.719084568160026,-1.2645110140119604,4.752955939369227,253.920063495636
-12.676578574772654,-3.7939347764051536,3.9742014451881893,-14.717535546328198,-3.6487612093567745,4.425065978704855,-0.9018698608471,0.009291995654710963,-0.0016437816086374984,-0.431904747478432,0.017799157852199078,-0.08123926348761443,-0.43975519456111734,0.009259420039597899,-0.009237659014615929,0.035755107091972604,35691,316000000,16.53,0,2,2,-13.707214243991658,-1.2249544758234157,4.652637560917421,-13.707214243991658,-1.2249544758234157,4.652637560917421,254.54001355171204
-12.679628234745822,-3.8572444844957245,3.8982060370957994,-14.696516741278872,-3.659352253335299,4.302170304475692,-0.8997398625534042,0.007671877964282358,-0.0009037586610845718,-0.43635823040383304,0.023276557124836603,-0.07065916995258051,-0.4387102090660716,0.005829975361848483,-0.009826101540966192,0.035317264701006934,35691,568000000,17.07,0,2,2,-13.708334061823997,-1.162847713363135,4.554935012601125,-13.708334061823997,-1.162847713363135,4.554935012601125,255.20781588554382
-12.690189632369744,-3.9920246537263036,3.753020396282537,-14.674074844559813,-3.668212282305423,4.154532473486747,-0.8971008379665066,0.006178435959710376,0.00018741575395509087,-0.44178261432996485,0.021115742863755595,-0.05487540555352788,-0.4294381755366577,0.004010208795079961,-0.008848108609527117,0.03594138834159821,35691,847000000,17.92,0,2,2,-13.722534339187748,-1.0804675204607102,4.451226539981825,-13.722534339187748,-1.0804675204607102,4.451226539981825,255.93861365318298
-12.697434554193253,-4.063427518855471,3.684122548120576,-14.6593945142504,-3.673324177908229,4.035842146275386,-0.894851155477434,0.0051409833151501985,0.0009259450773050123,-0.44633409286874814,0.016513083427367823,-0.041900460407760506,-0.42078675351374795,0.003742546687135473,-0.006971777702347026,0.03710072960529942,35692,184000000,19.03,0,2,2,-13.751687283125912,-0.974916319396443,4.327290990440419,-13.751687283125912,-0.974916319396443,4.327290990440419,256.5877137184143
-12.715167198351548,-4.214030001786824,3.5544102723452182,-14.648445131187422,-3.676997654460534,3.9189644003483566,-0.8924744236172077,0.004308696189014706,0.001473852939699514,-0.4510750115931892,0.010971179579100557,-0.028834552196185505,-0.41224246123333996,0.0011531576092238538,-0.005129328974362579,0.03873259629472159,35692,476000000,19.82,0,2,2,-13.78082636120067,-0.8935667532081937,4.22756709272155,-13.78082636120067,-0.8935667532081937,4.22756709272155,257.1771590709686
-12.725374889521806,-4.293114379395578,3.4938570679927814,-14.641311869916537,-3.679452378673488,3.806096375455955,-0.8899647881464188,0.003769800740934297,0.0018839835540470369,-0.45600977518891117,0.006131856911723287,-0.017122696263246532,-0.3958631433618869,0.002750904923232156,-0.0032257237762678415,0.04076842960785143,35692,746000000,20.43,0,2,2,-13.811144038441903,-0.8224096141996641,4.130335055019136,-13.811144038441903,-0.8224096141996641,4.130335055019136,257.8518223762512
-12.736287868369429,-4.3746310295518915,3.4363370350639415,-14.636251361469718,-3.6811600357975967,3.6821727986098343,-0.8868758012912833,0.0031771727184709787,0.002021413458001305,-0.46199256762971064,0.003876288757455666,-0.010017882005994943,-0.37718533736978804,0.0025868121156236157,-0.001550246156512003,0.043443188405944966,35693,25000000,20.87,0,2,2,-13.84272505522872,-0.7617638722435971,4.034927059537287,-13.84272505522872,-0.7617638722435971,4.034927059537287,258.43145751953125
-12.74776331755322,-4.4585030069142375,3.381966011250108,-14.6332933042192,-3.6819651052091045,3.586673506640673,-0.884213052845771,0.0028021459709148674,0.002018547942622171,-0.46707103380462667,0.003679442599411936,-0.007955525526312984,-0.35704325077716687,0.0022880106371303555,-0.0008671230830259447,0.044572608021553606,35693,352000000,21.21,0,2,2,-13.881606235030535,-0.7041715839260124,3.9272284759811886,-13.881606235030535,-0.7041715839260124,3.9272284759811886,259.0761253833771
-12.759658024525407,-4.544645860202418,3.3308534925573956,-14.6302198307986,-3.6826010350614635,3.4973354847177953,-0.8814748666570756,0.0025234589588443005,0.001994521432723623,-0.47221998421395506,0.004903972733904765,-0.01077034604313355,-0.3296064618756129,0.0016891197219592868,-0.0006204370322393515,0.045105399840394966,35693,604000000,21.45,0,2,2,-13.91802186969432,-0.6654519416953579,3.839904828763385,-13.91802186969432,-0.6654519416953579,3.839904828763385,259.670218706131
-12.784132791792203,-4.7233698248109635,3.238808936286525,-14.625410779238972,-3.683639394093888,3.4102653865236277,-0.8784609679775214,0.0023055886652830933,0.001996907713859194,-0.47780437875817416,0.006927869073048999,-0.01916171615735857,-0.29313609904607635,0.0015111274933587993,-0.0006075858209442231,0.04562777576211374,35693,866000000,21.7,0,2,2,-13.95946799846461,-0.6339596953081194,3.7524424504794953,-13.95946799846461,-0.6339596953081194,3.7524424504794953,260.298211812973
-12.796428049985627,-4.815746023439489,3.198062264195161,-14.617595746097464,-3.6858788802413245,3.333507368835659,-0.8753715110040943,0.002105398806810947,0.002008284116976101,-0.4834420873415744,0.00847506601044607,-0.03634331064244385,-0.25847753591186085,0.0014280060668170336,-0.0007427680145610793,0.04626151712727733,35694,139000000,22.07,0,2,2,-14.012340676233205,-0.6087692176788173,3.6575953901835994,-14.012340676233205,-0.6087692176788173,3.6575953901835994,260.9405634403229
-12.808573747245086,-4.909983689128907,3.1609444548970993,-14.605250712908102,-3.690782492722127,3.2699338166250906,-0.8724306568176887,0.0020523684391674317,0.002122863231647782,-0.48872899472012693,0.008169925795230041,-0.061477986249555784,-0.23175290209567706,-0.0019858708128595026,-0.001053705818776507,0.04693953524110839,35694,416000000,22.53,0,2,2,-14.072439787565427,-0.5935221506913221,3.5619906819699496,-14.072439787565427,-0.5935221506913221,3.5619906819699496,261.53132128715515
-12.820430648300832,-5.005963609060587,3.127530258720525,-14.582225402577878,-3.70207712419185,3.201467495089745,-0.8686794827279124,0.002412954046693477,0.0025656004439652074,-0.4953620409707399,0.0038438726448147874,-0.09499918252059696,-0.19784729169884177,-0.004819474179384997,-0.001154045537532511,0.04877333594777156,35694,685000000,23.1,0,2,2,-14.133476197836131,-0.5890514893590093,3.472411177136338,-14.133476197836131,-0.5890514893590093,3.472411177136338,262.23579025268555
-12.842731253395911,-5.2026423335747065,3.0720742786082926,-14.55530835189254,-3.7173662643242245,3.150433938442397,-0.8652072129419113,0.002960062883689998,0.0030673035586341064,-0.5013963585327419,-0.0029770850262023658,-0.12243676594796267,-0.16925926553397977,-0.006324792457235162,-0.000906578674175762,0.05125433926878031,35695,3000000,23.96,0,2,2,-14.211506115873437,-0.5960617042199388,3.361079229675609,-14.211506115873437,-0.5960617042199388,3.361079229675609,262.8910720348358
-12.852907719435574,-5.303072526274943,3.050144175636353,-14.522732158225818,-3.738258560333479,3.107305656471087,-0.8614253223116404,0.00367919906435065,0.0036560783767025876,-0.5078577661761556,-0.01569154215419078,-0.15262972255034973,-0.14318614590577622,-0.00851823742777924,-0.0008384639443193009,0.058039999930770136,35695,281000000,24.79,0,2,2,-14.27839589797327,-0.6124958307254161,3.2633200134221707,-14.27839589797327,-0.6124958307254161,3.2633200134221707,263.50736236572266
-12.86226162466454,-5.404708349855923,3.0321408228027407,-14.483632506291755,-3.767539530121147,3.07092262446178,-0.8569114360369698,0.0045997838240205815,0.004359457474339512,-0.5154247063426041,-0.036057324496965124,-0.187532404828568,-0.12126204096629459,-0.008965914821601473,-0.00013259195128512147,0.0685853636241518,35695,570000000,25.57,0,2,2,-14.338345665088676,-0.6359232467353516,3.1678709265111973,-14.338345665088676,-0.6359232467353516,3.1678709265111973,264.25502252578735
-12.87800197240249,-5.61100177112331,3.0080514120095225,-14.438893190005265,-3.8056427348495134,3.040734187903841,-0.8515174780914831,0.00555761733414657,0.004947251302684302,-0.5242734230330923,-0.05912971183495118,-0.2160387537126965,-0.10041365875936163,-0.008114492266031448,0.0011585771972022485,0.08029594755498692,35695,853000000,26.16,0,2,2,-14.387124216255659,-0.6680820366575246,3.0779684385747488,-14.387124216255659,-0.6680820366575246,3.0779684385747488,264.9097464084625
-12.884148094184555,-5.71535036061986,3.0020138669173706,-14.400794957315588,-3.8412935454421357,3.021185419661148,-0.8465604607923561,0.006268144835184855,0.0052648578767789285,-0.5322296288773259,-0.07916625289957642,-0.2349441899607526,-0.0850732327756546,-0.008030098433664534,0.001989037014027417,0.09153778737527318,35696,128000000,26.47,0,2,2,-14.422359784513283,-0.7087611284286028,2.9951922939024787,-14.422359784513283,-0.7087611284286028,2.9951922939024787,265.5566098690033
-12.888991631137213,-5.8202872861178125,3.0,-14.344012593587887,-3.9009468986624816,2.9997390146163485,-0.8377488733078748,0.007381241668370915,0.00564710112797791,-0.5459766046193459,-0.12226277151262385,-0.2688687350044513,-0.06694293650172348,-0.006507966691060574,0.0038284412994471495,0.1229547822731547,35696,355000000,26.48,0,2,2,-14.441179941150908,-0.7462995621452344,2.9348156825924323,-14.441179941150908,-0.7462995621452344,2.9348156825924323,266.3925907611847
-12.894338925575825,-6.03126568846405,3.0080514120095216,-14.282601776869374,-3.9732897188363703,2.9839670814181396,-0.8266661764547288,0.00824456073411323,0.005651105481541898,-0.5626038792355211,-0.163997987310217,-0.2904721377565377,-0.04953241261213588,-0.003437533337091736,0.005118806529935682,0.14360188215505332,35696,654000000,25.99,0,2,2,-14.454566878058126,-0.804700585854216,2.858374726811377,-14.454566878058126,-0.804700585854216,2.858374726811377,267.10197043418884
-12.893230125232524,-6.242586203254562,3.0321408228027398,-14.226413392745828,-4.044916316765392,2.9746249698274743,-0.8153640510478102,0.0088183774273986,0.0054519612008928665,-0.5788557476587026,-0.20289459716046893,-0.30529754417955646,-0.03506608443641586,-0.004019302650704049,0.0059414105180621846,0.16549815918551758,35696,947000000,24.93,0,2,2,-14.45371367818573,-0.8708596149863415,2.787769738080363,-14.45371367818573,-0.8708596149863415,2.787769738080363,267.7314558029175
-12.890023690234493,-6.3479417218801215,3.050144175636352,-14.162142375896652,-4.133448621949286,2.969170509453521,-0.8002053266093806,0.009600639877085692,0.0052045816728743255,-0.5996266966284399,-0.26032529913094754,-0.3237296331880901,-0.0182363687561836,-0.0043737090436479775,0.007905287566245534,0.20387122785905376,35697,216000000,23.6,0,2,2,-14.441811222459648,-0.9320090772063513,2.7303149364622206,-14.441811222459648,-0.9320090772063513,2.7303149364622206,268.3727011680603
-12.884937394730386,-6.452859484576475,3.0720742786082917,-14.092984063751063,-4.236830335045029,2.9691792096956,-0.7811196488355876,0.010394279819357609,0.004727698264084709,-0.6242769433665869,-0.3263955937915747,-0.33448068303098877,0.0009057551915092577,0.0011263646456427523,0.009080640211323043,0.23582176654599607,35697,484000000,21.58,0,2,2,-14.417739247568715,-0.9988217135559665,2.6716522828736493,-14.417739247568715,-0.9988217135559665,2.6716522828736493,269.080242395401
-12.877894806867692,-6.557162017261522,3.0978869674096923,-14.025669849160822,-4.343428504516913,2.9744145384734866,-0.7609791299317861,0.010630902319590482,0.003947158205051524,-0.648677244603383,-0.37566486009022404,-0.3259946691024744,0.019595078436360908,0.006737214562235749,0.007870068384363549,0.24753515317570418,35697,770000000,18.89,0,2,2,-14.382270979036832,-1.0635439216070195,2.6158911677771957,-14.382270979036832,-1.0635439216070195,2.6158911677771957,269.69358229637146
-12.857665996714566,-6.763208457982669,3.160944454897098,-13.952809080291846,-4.46367306779181,2.985669504516331,-0.7380025524918514,0.010233912344892217,0.002808087893039673,-0.6747144686428579,-0.4067972845840676,-0.2947915924915514,0.04067577865861961,0.011603731672948925,0.005659182488670922,0.24540936574339867,35698,24000000,16.1,0,2,2,-14.338981021268344,-1.1191507904915126,2.566408746649735,-14.338981021268344,-1.1191507904915126,2.566408746649735,270.3876392841339
-12.844358313024607,-6.864595709337353,3.1980622641951624,-13.88776722663481,-4.575307996562676,3.001238360974071,-0.7164092654839691,0.009558574073537537,0.0017696428673506376,-0.6976125474463044,-0.42451806257655533,-0.25882780910468,0.0609566424364017,0.007299493654500111,0.004441234159457963,0.2427280880510807,35698,304000000,13.16,0,2,2,-14.280728908783368,-1.1715106687917658,2.5150652214477995,-14.280728908783368,-1.1715106687917658,2.5150652214477995,271.0653793811798
-12.828851657088071,-6.964655309084123,3.238808936286523,-13.829301757518138,-4.679813277473704,3.0205275310385544,-0.6956747618656317,0.009229433932957894,0.0010206734284380773,-0.7182968755871252,-0.44612457589569166,-0.22793833289780197,0.0815737393118719,0.010075248064822517,0.003711102158376889,0.23917908838484436,35698,558000000,10.93,0,2,2,-14.216316509508298,-1.2107098271020553,2.4686313924232675,-14.216316509508298,-1.2107098271020553,2.4686313924232675,271.76157426834106
-12.791070944239198,-7.160087046474805,3.3308534925573934,-13.76368222609038,-4.80221167896642,3.0491056123548272,-0.6726021555307929,0.008468604967196064,6.804980597451427e-05,-0.7399558219748422,-0.45596875842790274,-0.18748592008117695,0.10522872590475292,0.011253199954808224,0.0007013792071575153,0.20962887501809746,35698,813000000,9.71,0,2,2,-14.148208855102508,-1.2364027266547117,2.4261426856746287,-14.148208855102508,-1.2364027266547117,2.4261426856746287,272.46853137016296
-12.768728499821618,-7.255111203149934,3.381966011250106,-13.705766062355469,-4.914643528869234,3.081293991963879,-0.653663622675975,0.007638955753860872,-0.0005880193843194009,-0.7567464363829636,-0.4634968197882211,-0.15588472329499226,0.1278373147237471,0.005838803008373361,0.00017114729686795727,0.18333287007408217,35699,82000000,10.0,0,2,2,-14.059880474359518,-1.2508377010822695,2.376307934250928,-14.059880474359518,-1.2508377010822695,2.376307934250928,273.1198618412018
-12.71701943311114,-7.4389236001286365,3.493857067992779,-13.648573974227602,-5.029608424562682,3.1198144690412875,-0.6363361004916135,0.0071975699351413975,-0.0010301497623405455,-0.7713776643056389,-0.48264951045210724,-0.13181303374332948,0.15316713831953155,0.008915823127608746,-0.0004723627284874965,0.16129828145494685,35699,356000000,11.62,0,2,2,-13.972494082992654,-1.2476971503488625,2.3296520319356273,-13.972494082992654,-1.2476971503488625,2.3296520319356273,273.7337338924408
-12.687625245218829,-7.527379661061074,3.5544102723452156,-13.583288080202484,-5.16498332230311,3.172272777085058,-0.6197087228766126,0.006287692061557907,-0.0016037777306203132,-0.7848050659980269,-0.4998111810728945,-0.10678839190817926,0.18373203632559687,0.006338361299640383,-0.0014813953498560295,0.12634997110581025,35699,616000000,13.8,0,2,2,-13.883845866196545,-1.2282550520074804,2.2830084148604173,-13.883845866196545,-1.2282550520074804,2.2830084148604173,274.48849272727966
-12.655864227872215,-7.613320077025024,3.617874702026272,-13.517079674491905,-5.3063491267398435,3.2344650994941526,-0.6062091765053936,0.005407530884742237,-0.002059259995947287,-0.795284195981947,-0.5223988919015359,-0.08770338970290807,0.21675502688762807,0.00924848891372676,-0.004506660479819402,0.09830887211137451,35699,917000000,16.46,0,2,2,-13.778191159694023,-1.1835330490416025,2.2264051536835603,-13.778191159694023,-1.1835330490416025,2.2264051536835603,275.12135767936707
-12.585260889259121,-7.777032064545336,3.753020396282529,-13.459714349175444,-5.431285903178878,3.2958427456521866,-0.5973600338083493,0.004012149912684294,-0.002428325956004372,-0.8019594727257837,-0.5230006936645297,-0.0723066932236113,0.2426345001867846,0.012380572479742114,-0.009263804076908855,0.06970529502723366,35700,197000000,18.67,0,2,2,-13.68943375037724,-1.1309151152782937,2.1789039513100374,-13.68943375037724,-1.1309151152782937,2.1789039513100374,275.7758870124817
-12.546444729317436,-7.854504415502291,3.8244294954150524,-13.404240860946262,-5.553850681380563,3.363166354855263,-0.591621391039892,0.0020460842463372493,-0.002729668176420403,-0.8062087149832398,-0.5087406954445675,-0.05955717826364461,0.26725177396887834,0.011585457286855672,-0.010829973871295806,0.041500278530293144,35700,467000000,21.0,0,2,2,-13.537578107225245,-1.1418173845909134,2.163128372347935,-13.537578107225245,-1.1418173845909134,2.163128372347935,276.4668040275574
-12.505313868984805,-7.928863465050148,3.8982060370957905,-13.346858459112907,-5.682527964520624,3.4429683478393973,-0.588326901845967,-1.3664743793001836e-05,-0.0030652854228522897,-0.8086173757735341,-0.49192536890242955,-0.04999235142475996,0.2964759308324933,0.011873853327415418,-0.011164822171849664,0.017201803348143585,35700,736000000,23.6,0,2,2,-13.309523329549323,-1.2201713667297585,2.197818186031288,-13.309523329549323,-1.2201713667297585,2.197818186031288,277.11276602745056
-12.416230973744334,-8.067703191672502,4.052262675053997,-13.30015362763207,-5.788308994607543,3.517142933726412,-0.5875016224215305,-0.0019042699832839036,-0.0032942953535193575,-0.8092140415403232,-0.4677428112494374,-0.04455423947766287,0.31874253864454877,0.011619002725637984,-0.012209537271701265,0.0005461236796122648,35701,7000000,26.45,0,2,2,-13.015879958018232,-1.3564573549195922,2.2937329156900237,-13.015879958018232,-1.3564573549195922,2.2937329156900237,277.7472779750824
-12.3683557442016,-8.131930120548828,4.132232521764882,-13.238527735646734,-5.928142090653345,3.630491727497046,-0.5888773595851136,-0.0045524826253025156,-0.003538642387804893,-0.8082018363503403,-0.4305794973089074,-0.04135358763569425,0.35109251470368286,0.009220178071700502,-0.009659843271947466,-0.018385548901278526,35701,249000000,28.74,0,2,2,-12.764466623768367,-1.4718803961599318,2.392246107263156,-12.764466623768367,-1.4718803961599318,2.392246107263156,278.5523524284363
-12.318319086556812,-8.192536931208004,4.213949936692147,-13.197231761773864,-6.021426447207204,3.717211522638629,-0.5909732213234253,-0.005991061248673791,-0.0037302627613675773,-0.806660302731862,-0.4117927207510402,-0.04145179726539658,0.3747434145032678,0.007505434223276097,-0.008277713459392544,-0.025816537527134642,35701,581000000,31.54,0,2,2,-12.430564884636972,-1.609507979888526,2.53139848443173,-12.430564884636972,-1.609507979888526,2.53139848443173,279.1915910243988
-12.211978760775317,-8.302458002624428,4.3819660112501,-13.157545614713266,-6.110387570997055,3.809045988312053,-0.5939105973477585,-0.007302306637970583,-0.003794345945709313,-0.8044889568009232,-0.3892172555475498,-0.0424890354828933,0.394621100629739,0.006719764178342302,-0.008825496206554817,-0.03451588418101892,35701,836000000,33.23,0,2,2,-12.208080449081102,-1.694537531586286,2.634359840693452,-12.208080449081102,-1.694537531586286,2.634359840693452,279.84241938591003
-12.155797149641744,-8.35157482376831,4.467926308866648,-13.123043236325964,-6.186652981232481,3.896356241219143,-0.5973104735066955,-0.00854578815424461,-0.003675523507689508,-0.8019561448551747,-0.3621492573230215,-0.04410247383617174,0.40711564202871664,0.0032050876598077593,-0.008427451666648267,-0.04174665918981191,35702,59000000,34.75,0,2,2,-11.989584437031416,-1.7679515083839366,2.737565659556931,-11.989584437031416,-1.7679515083839366,2.737565659556931,280.544029712677
-12.097697759196603,-8.396677192173357,4.554958132087373,-13.086633701754026,-6.265505947245508,3.995496363027774,-0.6015846654004265,-0.009337923020213645,-0.003438113860538653,-0.798747064421402,-0.34608339642266045,-0.04833220027513628,0.4263458038678943,0.0016826119576762721,-0.004884558757112245,-0.046948254384915344,35702,293000000,36.02,0,2,2,-11.793276568604016,-1.8276630032081396,2.828525127472434,-11.793276568604016,-1.8276630032081396,2.828525127472434,281.18658447265625
-11.976043622511344,-8.47453145653513,4.731533468364691,-13.059851944387791,-6.322323440341481,4.072514919555516,-0.6050865426673538,-0.009777785804287283,-0.0032749296881911384,-0.7960929252437629,-0.33371568961417014,-0.051555418411459185,0.43799607966291826,0.0020661874714278383,-0.004204837932775263,-0.050085257680621,35702,528000000,37.22,0,2,2,-11.590269824339785,-1.8883428112134362,2.9172979678992186,-11.590269824339785,-1.8883428112134362,2.9172979678992186,281.8436679840088
-11.912648771192371,-8.50715090642781,4.820721382193131,-13.027687561573071,-6.3891858388888405,4.169169085924782,-0.6096014465510969,-0.010182252740960058,-0.003006368355996887,-0.7926369659820548,-0.3205302569629611,-0.056123244260942194,0.4504215306094849,-0.002263364933696721,-0.003216597201571858,-0.05266912157821935,35702,714000000,38.05,0,2,2,-11.442875029615182,-1.9327250650684988,2.973401827104367,-11.442875029615182,-1.9327250650684988,2.973401827104367,282.57227325439453
-11.847655362139955,-8.535491397079774,4.910270339298972,-12.995276771310328,-6.454589040192526,4.26936411540693,-0.614157436602306,-0.0100957308946667,-0.0025456819171697747,-0.789114845119114,-0.31768142462689697,-0.06393221874780666,0.46955405630637737,-0.004489883622227353,-0.0007293638930150337,-0.052202504593878984,35702,929000000,39.03,0,2,2,-11.267032791312333,-1.987481896346254,3.0271717721157936,-11.267032791312333,-1.987481896346254,3.0271717721157936,283.2263402938843
-11.713234382178594,-8.57916742105615,5.089729660701032,-12.96203164877043,-6.5195528248504395,4.373611013218546,-0.618705222475463,-0.009900411570387003,-0.002078040796375527,-0.7855580890543825,-0.3157571614320135,-0.07197457530259653,0.48732336591375375,-0.00367606301097112,-0.0012178718407085398,-0.052606227473006584,35703,155000000,39.91,0,2,2,-11.103429740561268,-2.039570289674495,3.05871028423436,-11.103429740561268,-2.039570289674495,3.05871028423436,283.8454682826996
-11.64399548728488,-8.594441649827006,5.179278617806865,-12.921779324815072,-6.595467376985215,4.50125428412693,-0.6240946527610712,-0.009778766518640195,-0.0013987564025654316,-0.7812863006612479,-0.31180370982157873,-0.08217925745725264,0.5061848038551275,-0.009577032415108988,-0.0019595873027355992,-0.052433233213378116,35703,372000000,40.6,0,2,2,-10.980011281665933,-2.1235175902246275,3.071696885438992,-10.980011281665933,-2.1235175902246275,3.071696885438992,284.63909125328064
-11.501952950650319,-8.611778541902554,5.357113789597271,-12.87961514046429,-6.671261272813349,4.634693534597221,-0.6293067769869336,-0.009377348722905179,-0.00042016683735629154,-0.7771002954761217,-0.3115452953093101,-0.09493431362898068,0.5292232302552481,-0.006292717489486677,-0.0029721705004703836,-0.05096599488751963,35703,617000000,41.52,0,2,2,-10.872069330277817,-2.300080008976959,3.0889321720761287,-10.872069330277817,-2.300080008976959,3.0889321720761287,285.3640716075897
-11.429352891192822,-8.613835603663967,5.4450418679126305,-12.849447896487225,-6.723342280444503,4.730115902788523,-0.6328595929245239,-0.009383435947640559,0.00015556422859384737,-0.7742097019367512,-0.3081225303597297,-0.10208517268905407,0.5415590560051704,-0.003091876169492025,-0.004279556196706835,-0.050743515021167696,35703,890000000,43.07,0,2,2,-10.743253647242952,-2.562513524917522,3.1433300221128553,-10.743253647242952,-2.562513524917522,3.1433300221128553,285.99860429763794
-11.355838989967928,-8.61149698600856,5.532073691133348,-12.8079597092681,-6.791948116783979,4.86112164135575,-0.6374968148685741,-0.009349886454669618,0.0011184930955433266,-0.770395443670913,-0.3016894214633299,-0.11397498473708176,0.5601283308471859,-0.003487548815428454,-0.005519043679669267,-0.04989836634194944,35704,77000000,44.69,0,2,2,-10.638436378044162,-2.80602615603635,3.2057013951908258,-10.638436378044162,-2.80602615603635,3.2057013951908258,286.64337825775146
-11.206493498832378,-8.593724789026602,5.702749648162683,-12.765580818704185,-6.858085125021385,4.995289944306131,-0.6421956368251516,-0.00983626681395695,0.001823870981390579,-0.7664754956243192,-0.2858023143580989,-0.12156657447458086,0.5691354838305388,-0.0003838497917740824,-0.007006469149928307,-0.05255511605355423,35704,302000000,46.56,0,2,2,-10.532203371726645,-3.1040842078953856,3.2803181922606037,-10.532203371726645,-3.1040842078953856,3.2803181922606037,287.3082711696625
-11.13087585324229,-8.578360625870383,5.786050063307842,-12.716038227653982,-6.930780075138446,5.153852529188203,-0.648048769964555,-0.010435677424939414,0.002502503487803091,-0.7615232273938881,-0.2656208757655121,-0.12938562887341537,0.5768398922164157,-0.003732063169081812,-0.0048280305236403365,-0.05658546324411873,35704,556000000,49.33,0,2,2,-10.445282835863743,-3.4958713232712735,3.3303971174005205,-10.445282835863743,-3.4958713232712735,3.3303971174005205,287.93530678749084
-11.054771557371982,-8.558739495509858,5.867767478235114,-12.669601308708257,-6.994141497974254,5.303357203866636,-0.6537608631830828,-0.010655508691526249,0.00298474114249213,-0.7566203045285974,-0.24757482085688612,-0.13709136774019698,0.5839048698195618,0.003547802702996705,-0.002774880204015062,-0.059949732531094924,35704,827000000,52.92,0,2,2,-10.373708183330153,-3.9419811264783715,3.3272278137260134,-10.373708183330153,-3.9419811264783715,3.3272278137260134,288.58912324905396
-10.901532294594322,-8.506966467455548,6.025798554811811,-12.619965783586705,-7.057206861056447,5.464874003732178,-0.6603764758840764,-0.011394625413264102,0.0025989412058765133,-0.7508437374815264,-0.2230187390747306,-0.13953751247508644,0.5794287658102866,0.013048682740190998,-0.0012988096841581864,-0.06655360193690285,35705,91000000,57.9,0,2,2,-10.293954194491125,-4.438111823009904,3.278740476768316,-10.293954194491125,-4.438111823009904,3.278740476768316,289.257221698761
-10.824610521570174,-8.474957086149745,6.101793962904201,-12.565239075576805,-7.121267543504662,5.645644231411211,-0.6688408655792796,-0.012460302546560338,0.0013269564367898827,-0.743299990971494,-0.19292426426392356,-0.1400659377022047,0.5637751292317745,0.009840972597885411,0.003259383856857312,-0.07573217881144956,35705,375000000,64.81,0,2,2,-10.176002988122447,-5.016052481816205,3.1908067045491673,-10.176002988122447,-5.016052481816205,3.1908067045491673,289.9277141094208
-10.747627803869088,-8.438975464497581,6.175570504584945,-12.511551669038477,-7.177188875563424,5.821387418221036,-0.6788988970747296,-0.012994694326831011,-0.0007151151266665849,-0.734116417253029,-0.16341984647736366,-0.1424632074402376,0.5434068903050548,0.01767831163306255,0.012161490121798124,-0.1063814153894782,35705,680000000,74.07,0,2,2,-9.97611927290865,-5.712410679661681,3.0598359947263045,-9.97611927290865,-5.712410679661681,3.0598359947263045,290.7537558078766
-10.593892244653583,-8.355475754986642,6.315877451879423,-12.446690879223151,-7.230339086849174,6.02783128318335,-0.7023425031463064,-0.011440269691754006,-0.007960734789311747,-0.7117027154684563,-0.08994072755823622,-0.1437456966598779,0.4930538021356451,0.02484034266672097,0.06924792032805271,-0.25777471892070025,35706,9000000,83.34,0,2,2,-9.692114261697785,-6.42413461479052,2.903317959906376,-9.692114261697785,-6.42413461479052,2.903317959906376,291.71989274024963
-10.441131260909902,-8.257309804031784,6.445589727654782,-12.377635560663654,-7.251009021831743,6.22856761048599,-0.7467482509160215,-0.0030018810826377886,-0.021617426943278936,-0.6647486181378492,-0.00962906633490554,-0.14320984507194054,0.43160675397194304,0.0039763819813742884,0.06887713898322545,-0.2962200582260266,35706,415000000,91.61,0,2,2,-9.212280393715913,-7.301408205320446,2.6724189174610617,-9.212280393715913,-7.301408205320446,2.6724189174610617,292.6336269378662
-10.290111842505238,-8.145445599717654,6.563662964936058,-12.311753473493791,-7.250779740101062,6.3957478974051005,-0.7853014689271686,0.0028102501607052393,-0.030138380471077468,-0.6183731748850737,0.02205063402091893,-0.1377925628517676,0.37381162993102507,-0.0037076868466101587,0.034408322972012684,-0.267978134797886,35706,846000000,94.1,0,2,2,-8.531023182788028,-8.206138718595716,2.36511603419237,-8.531023182788028,-8.206138718595716,2.36511603419237,293.5254466533661
-10.215481965412536,-8.08471129151785,6.618033988749896,-12.248372113147019,-7.25088765586153,6.537449349856185,-0.8160451325178426,0.004291092522231969,-0.0332228068998766,-0.5770166144233593,0.017790010174691395,-0.1282850171687634,0.31471326993811777,-0.002094793512696924,0.0043484530124260345,-0.208141487382818,35707,277000000,93.62,0,2,2,-7.733034971545416,-9.009874814717833,1.9947006638205649,-7.733034971545416,-9.009874814717833,1.9947006638205649,294.43344497680664
-10.068405046361017,-7.954366920084192,6.716897587203733,-12.195266286087591,-7.260743193472939,6.651095378923995,-0.8376360871655054,0.0031835041236040577,-0.03281484919030457,-0.545232827746252,0.0008479978762296638,-0.12007230917403429,0.26642687126157344,-0.0021788717958770576,-0.005701447116734926,-0.18207478715339676,35707,692000000,91.55,0,2,2,-6.992927421915679,-9.628718840265597,1.636816674371956,-6.992927421915679,-9.628718840265597,1.636816674371956,295.27687907218933
-9.92475691319517,-7.813231709291097,6.801937735804839,-12.142527388032846,-7.283252151819229,6.761605426528664,-0.8595853173640176,0.0016333352513520569,-0.03155416455102628,-0.5100144596848648,-0.0126863984686755,-0.11549728627155476,0.22466176586758574,-0.0025577730184522807,-0.003910741816071095,-0.18292718013981357,35708,90000000,89.14,0,2,2,-6.270331808677353,-10.079041768114083,1.3258064277013895,-6.270331808677353,-10.079041768114083,1.3258064277013895,296.2621819972992
-9.785098566014495,-7.662634819950148,6.872469741279472,-12.088327462890245,-7.31950615849348,6.871543675954452,-0.8843413695305872,0.0003997071319098728,-0.030818082470275954,-0.46582231393937035,-0.017382267396855746,-0.11506325908297854,0.19117325724511997,-0.002662235192474327,-4.450988484450136e-05,-0.19349944486748427,35708,542000000,85.2,0,2,2,-5.518716093610772,-10.372137965238903,1.0075940750793133,-5.518716093610772,-10.372137965238903,1.0075940750793133,297.3284559249878
-9.649915265730048,-7.503981892038007,6.927925721391706,-12.055634515247567,-7.345517836980112,6.932612858150617,-0.8998862560841943,-3.446657207282003e-05,-0.03058599179555109,-0.43505082694865616,-0.0029056217721832368,-0.12667746834229185,0.17302516997654221,-0.006373147652993794,0.0013498427733793505,-0.23086472501745448,35709,95000000,79.38,0,2,2,-4.7585097282284465,-10.491232933663303,0.6879612729844261,-4.7585097282284465,-10.491232933663303,0.6879612729844261,298.05451345443726
-9.58413125261237,-7.422091288490966,6.949855824363647,-12.02032781598163,-7.366472286143034,6.977097977440907,-0.9141148001254087,0.00010368980123288962,-0.029771680460795636,-0.40436093837393533,0.04723922138593658,-0.16470766376495977,0.15116979165923333,-0.0182966452484834,-0.01674982504482614,-0.2288519433932379,35709,420000000,75.33,0,2,2,-4.357059512080369,-10.489616463808561,0.5061498836212981,-4.357059512080369,-10.489616463808561,0.5061498836212981,298.69125175476074
-9.456390789702807,-7.2541238732583775,6.981899523535869,-11.970762923892654,-7.383144059894798,7.007825544166884,-0.9242448942591217,-0.00026614781624212207,-0.02613711206252068,-0.3809043921698936,0.12255207262671516,-0.2184263763216323,0.1234064863666581,-0.013677990591531852,-0.03163305045745801,-0.20424276881385595,35709,710000000,71.69,0,2,2,-4.083921861102071,-10.473274754519597,0.35637005146619755,-4.083921861102071,-10.473274754519597,0.35637005146619755,299.3008818626404
-9.394502651690065,-7.16843142743993,6.9919485879904775,-11.88774382648732,-7.399560241388666,7.033917919106697,-0.9346595506588433,-0.0009509526363035408,-0.02127568511961251,-0.3549055723343653,0.22118368444721118,-0.2639116423529078,0.08929979821244752,-0.01393304255543626,-0.03136350824206602,-0.2050420720479451,35709,956000000,69.23,0,2,2,-3.8672494074194197,-10.456614956696155,0.21907821345261197,-3.8672494074194197,-10.456614956696155,0.21907821345261197,299.98463249206543
-9.333972000806504,-7.081859174291824,6.997986133082629,-11.803296489152814,-7.408260190979977,7.047837391732117,-0.9427692797594065,-0.0011799823643227,-0.01773013449309283,-0.33297197346684676,0.30253470115009307,-0.28471815379531273,0.06619236246337755,-0.010758771350083407,-0.026681635608838405,-0.22150561708258465,35710,217000000,66.89,0,2,2,-3.6835836508965056,-10.440571712091366,0.09145379032369032,-3.6835836508965056,-10.440571712091366,0.09145379032369032,300.70686888694763
-9.217056836792455,-6.9068605380300525,6.997986133082629,-11.696557281842116,-7.412656165086078,7.057536219769944,-0.9517291539042323,-0.001420076855175239,-0.014730699327171595,-0.3065821382399699,0.3719091865024132,-0.27696578846863645,0.043776412311122045,-0.005779293496743776,-0.01898151185741881,-0.24125381169142202,35710,442000000,64.89,0,2,2,-3.545528036707481,-10.428731958220668,0.1148665961676779,-3.545528036707481,-10.428731958220668,0.1148665961676779,301.3552062511444
-9.16069459176005,-6.8188281560460045,6.991948587990478,-11.572654856817318,-7.411063352545103,7.062795506065081,-0.9611404567575047,-0.001712055044101688,-0.012562777510881933,-0.27576850413474185,0.42281436723064303,-0.24254138668067987,0.023732612720240857,-0.006108935713200481,-0.01290115305891959,-0.25504385121166706,35710,689000000,62.5,0,2,2,-3.417016287110341,-10.418513786916057,0.20825506510256625,-3.417016287110341,-10.418513786916057,0.20825506510256625,301.9848253726959
-9.105734332182745,-6.73070301578608,6.98189952353587,-11.453157715120927,-7.403298885814405,7.063659327496268,-0.9692910257364573,-0.0017940070374879782,-0.010976657517675003,-0.24566481627464576,0.46386481337407437,-0.20192308304817813,0.008217389423651475,-0.002631861775626021,-0.010325179664505413,-0.2601035754196346,35710,940000000,59.89,0,2,2,-3.303358890334937,-10.409453802280048,0.26156292322009084,-3.303358890334937,-10.409453802280048,0.26156292322009084,302.66131615638733
-9.000000000000002,-6.554958132087373,6.949855824363648,-11.321954665072766,-7.388685145176749,7.061113053360132,-0.976882093168376,-0.0021813903796456787,-0.00974962863284214,-0.21354522313670554,0.4840582449679191,-0.1495302710018825,-0.00550225895731094,0.000843838404307462,-0.007191015265561873,-0.24334258632734418,35711,189000000,57.59,0,2,2,-3.23013562470533,-10.406238337999673,0.2776936745532871,-3.23013562470533,-10.406238337999673,0.2776936745532871,303.3295612335205
-8.949201547814672,-6.467726822785956,6.9279257213917065,-11.20298794286366,-7.370566080434073,7.0561578990067515,-0.9824119583762683,-0.002711632708891935,-0.009007274568869917,-0.18648930288946414,0.48874348423915126,-0.10266292642434323,-0.016836518338699213,0.0014359417491505155,-0.0052244051857996965,-0.21693285380024463,35711,446000000,55.47,0,2,2,-3.20264237883205,-10.413978079491521,0.2766928797139128,-3.20264237883205,-10.413978079491521,0.2766928797139128,303.9830889701843
-8.899756434788042,-6.381178683941173,6.902113032590307,-11.08503312340128,-7.347921715661858,7.048305928611295,-0.9866482481616606,-0.003227502684348027,-0.00837835987577984,-0.1626180208701985,0.4973421927059648,-0.06068057171317587,-0.03058028239246533,0.0027818517310151947,-0.004514514148468152,-0.18669018318178132,35711,696000000,54.01,0,2,2,-3.2238936991769247,-10.42992606128554,0.2645016086292572,-3.2238936991769247,-10.42992606128554,0.2645016086292572,304.6406846046448
-8.804815115615014,-6.210883727508031,6.839055545102902,-10.940351408398513,-7.314433619402844,7.034225987246709,-0.9903007806868853,-0.004001623428552901,-0.007878813579263889,-0.13865884420932023,0.48858280951366534,-0.016742417782484604,-0.047257916643265376,0.003997966587121482,-0.0020658170569731737,-0.1379793102387339,35711,933000000,53.05,0,2,2,-3.2837234724756,-10.452909138541482,0.24623477192369184,-3.2837234724756,-10.452909138541482,0.24623477192369184,305.278995513916
-8.759249681003741,-6.127504792727141,6.801937735804838,-10.79173823028955,-7.274402625258703,7.013839493521732,-0.9927385174514567,-0.004852761422314525,-0.0076506969832213475,-0.11995062947118118,0.47986736681790915,0.018668862416602525,-0.06826074796119068,0.004677479910242255,-0.0008721899462216243,-0.0969059212366119,35712,220000000,52.54,0,2,2,-3.3993581843990555,-10.488811454932527,0.21967360954903603,-3.3993581843990555,-10.488811454932527,0.21967360954903603,305.92591619491577
-8.71489938661576,-6.045543906721693,6.761191063713477,-10.645175260913069,-7.229379102598664,6.985947385304383,-0.9942302419421871,-0.005635764572388865,-0.007484822516168504,-0.10685710831369993,0.47334328210098897,0.04527929444653243,-0.09257133882683807,0.0031089052299648756,-0.00019637502930436312,-0.0681183097185567,35712,547000000,52.68,0,2,2,-3.5552326291805603,-10.533848746541768,0.18696026511584077,-3.5552326291805603,-10.533848746541768,0.18696026511584077,306.62414264678955
-8.629648578639825,-5.886567274798598,6.669146507442607,-10.49593488744965,-7.1789891833404935,6.948623370580671,-0.9952427530607739,-0.006063579199929077,-0.007565441343295956,-0.09694255817017772,0.44455708854786957,0.06187489095187,-0.11428918703935993,0.0005630505711451406,0.002437829402879288,-0.05147039846633561,35712,858000000,53.4,0,2,2,-3.731843781251744,-10.586910321465806,0.14398729665198542,-3.731843781251744,-10.586910321465806,0.14398729665198542,307.36344385147095
-8.588638099970249,-5.809884709205925,6.6180339887498985,-10.37397357222419,-7.135091672598221,6.910144646118318,-0.995906491823997,-0.006145311102199389,-0.008024367211849947,-0.08982262646530298,0.415290489206081,0.07131216688202299,-0.13306263316225683,-0.00027280295000764454,0.005251525863059214,-0.04230815939081367,35713,212000000,54.39,0,2,2,-3.9253130223690254,-10.653013164844912,0.13606505261598442,-3.9253130223690254,-10.653013164844912,0.13606505261598442,307.9894025325775
-8.548623222003823,-5.735285754374288,6.563662964936061,-10.26705437126502,-7.094244472652754,6.868354504830002,-0.9963789130331878,-0.00604989342864164,-0.008823020239409072,-0.08434817583184706,0.389661885412491,0.07781087692770225,-0.15387585564953268,-0.002189933707086311,0.006834512259956682,-0.04008173491456546,35713,497000000,55.27,0,2,2,-4.093863914634026,-10.719921794996328,0.15776599695287058,-4.093863914634026,-10.719921794996328,0.15776599695287058,308.6479420661926
-8.471311287357555,-5.592942375243218,6.445589727654784,-10.168651028540248,-7.055032374902564,6.820995848447333,-0.9968602550063728,-0.0057393997511510225,-0.009728889271012646,-0.07837116812117895,0.35521355719433306,0.0791689165305676,-0.17280451936876046,-0.0029317312964849407,0.0069253399033186724,-0.04672915310948156,35713,788000000,56.24,0,2,2,-4.251818121414041,-10.790700596614155,0.14411818980986577,-4.251818121414041,-10.790700596614155,0.14411818980986577,309.2827203273773
-8.433869755728779,-5.5254836910496365,6.382125297973733,-10.079655952109745,-7.018483027400369,6.768277011538455,-0.9973758403947822,-0.005383078472894504,-0.010613217687594725,-0.07141298952761976,0.32488777455132567,0.08105134757827648,-0.19447086635313274,-0.0023131031866796548,0.007228452204799396,-0.0497748678753851,35714,68000000,57.13,0,2,2,-4.402482968464679,-10.863345020239235,0.12526766905703843,-4.402482968464679,-10.863345020239235,0.12526766905703843,309.9270508289337
-8.397135379411143,-5.460679420436296,6.315877451879427,-9.990645921679556,-6.979873515558144,6.703505533931611,-0.9978605432736258,-0.005195080500890422,-0.011558264034929015,-0.06413855196956458,0.3074309154120895,0.08804081146091822,-0.22488091349883046,-0.0008608063296833279,0.005538580126085435,-0.04920129067613743,35714,351000000,57.75,0,2,2,-4.543182040870779,-10.933798318276075,0.1533226486860948,-4.543182040870779,-10.933798318276075,0.1533226486860948,310.6189022064209
-8.325460796876843,-5.339527601736071,6.1755705045849485,-9.917659071656203,-6.946459582528157,6.640188045361843,-0.9982526915312582,-0.005203042306337976,-0.012065844000447985,-0.05760996103031113,0.29258005822655464,0.09278278696005471,-0.24940934610198204,-0.00040976158857120026,0.0028578002002177527,-0.05174013858777471,35714,640000000,58.49,0,2,2,-4.7000625624334225,-11.011902433684918,0.16342370765184622,-4.7000625624334225,-11.011902433684918,0.16342370765184622,311.3634669780731
-8.290349647581815,-5.283407549718662,6.1017939629042095,-9.837752355388083,-6.907927508807188,6.559450087913731,-0.9986723728878995,-0.005236723585891266,-0.01229903658514871,-0.0497473823996229,0.28146228098640946,0.10159415978007791,-0.278858648605104,-0.000899588610536739,0.0018977801460096089,-0.05056314548710361,35714,906000000,59.2,0,2,2,-4.84367184587738,-11.082975547747234,0.1642230230003612,-4.84367184587738,-11.082975547747234,0.1642230230003612,312.18162846565247
-8.221133524721331,-5.180587426595802,5.947737324945996,-9.764309348112016,-6.869621715799884,6.475387596918893,-0.9989849633046861,-0.005372858654675014,-0.01243271197723176,-0.04296048363208804,0.2802102118014621,0.11462047170984495,-0.3089413155014055,0.0007091012832916022,-0.0001341228134776884,-0.04808011181012262,35715,206000000,60.09,0,2,2,-5.010451051584186,-11.16372379660147,0.13977077549920447,-5.010451051584186,-11.16372379660147,0.13977077549920447,312.93441939353943
-8.186843910454819,-5.134065492033124,5.867767478235118,-9.706988887946608,-6.837778386538406,6.403833313219925,-0.999199365169813,-0.0056244946794888305,-0.012269642332557961,-0.03766230981862456,0.27896429410872164,0.12427520879974178,-0.33042587574900223,0.0001640669061941935,-0.0018174977981288976,-0.04760671545227524,35715,490000000,60.9,0,2,2,-5.164902287582641,-11.234573392114704,0.13543951254516964,-5.164902287582641,-11.234573392114704,0.13543951254516964,313.6018078327179
-8.118428335962733,-5.051177878006392,5.702749648162688,-9.643730918256638,-6.80026905577424,6.319699586017063,-0.9993905008851371,-0.0057634047325116015,-0.012024214986421722,-0.03226186852003443,0.28366102803302373,0.14059814675603863,-0.35856988034789594,0.0002299621229440163,-0.003703868833326851,-0.044467188490671106,35715,710000000,61.52,0,2,2,-5.286902835014234,-11.28474116907115,0.15362395825191877,-5.286902835014234,-11.28474116907115,0.15362395825191877,314.3164885044098
-8.084109811191693,-5.014937356989644,5.618033988749893,-9.580335219771605,-6.760033956335137,6.229513853174101,-0.9995616072577187,-0.005946886444297882,-0.01117156193728902,-0.026766098741993816,0.28224534484729036,0.15441292367814824,-0.3845879364333279,-0.001501500082667917,-0.007624126237715245,-0.04554710685624741,35715,940000000,62.3,0,2,2,-5.427109566627221,-11.329246466970906,0.1576339723383817,-5.427109566627221,-11.329246466970906,0.1576339723383817,315.0533332824707
-8.049588053997939,-4.982233898625838,5.532073691133352,-9.521423433867012,-6.720047651748224,6.140567099950926,-0.9996871048789379,-0.006091202234418993,-0.010336342723898365,-0.021948795256246156,0.28604425895334923,0.17078130624879245,-0.41417862917576265,0.0007285218032393459,-0.008643030469102086,-0.043623776582535356,35716,182000000,63.19,0,2,2,-5.583028049638068,-11.348996174347155,0.15549876748912747,-5.583028049638068,-11.348996174347155,0.15549876748912747,315.6962480545044
-7.979545772690739,-4.927587079949426,5.357113789597276,-9.436064441868501,-6.657976843358888,6.001069663409861,-0.9998418758610162,-0.006493546694054329,-0.00818725268727009,-0.014388398781342349,0.27452974409525266,0.18352332190458123,-0.44904750827349,0.002124319371432648,-0.016937586769927293,-0.05213063886913005,35716,409000000,64.15,0,2,2,-5.771994768735089,-11.311591584265935,0.1828905992208061,-5.771994768735089,-11.311591584265935,0.1828905992208061,316.4120616912842
-7.943831561758462,-4.9056947134888,5.268466531635309,-9.364386879785785,-6.60240347583796,5.871313825642047,-0.9999380350003924,-0.006813597368334163,-0.005736918660078274,-0.006677485660308624,0.25961277917462666,0.1905136693308763,-0.4768665919389094,-0.0021574678612523712,-0.016482801220263354,-0.05778145896329079,35716,726000000,65.83,0,2,2,-6.1270662792186945,-11.162338864656125,0.2993929815032813,-6.1270662792186945,-11.162338864656125,0.2993929815032813,317.06356596946716
-7.907527431903714,-4.887441317631105,5.179278617806869,-9.304921806962634,-6.55382848025205,5.753492485184597,-0.9999691025535586,-0.006857824914276129,-0.0038133292269461713,0.0004719066457747889,0.24574019839786415,0.19509029400006964,-0.5020745872096694,0.001281220704640873,-0.016303983102261554,-0.0633972325886134,35716,998000000,67.17,0,2,2,-6.438585419171727,-10.963020918142583,0.4506970355107654,-6.438585419171727,-10.963020918142583,0.4506970355107654,317.7581253051758
-7.832773180720472,-4.861849601988382,5.000000000000002,-9.240565104524874,-6.498866978595206,5.6110180089083554,-0.9999216522627858,-0.007076633513889896,-0.0014009045251813677,0.010229763471445441,0.2142816630411753,0.18609351055204543,-0.51529141561103,0.0016257182778645074,-0.016686413982824888,-0.07631836488144472,35717,253000000,68.04,0,2,2,-6.668109572501869,-10.750130482911713,0.5782493777922229,-6.668109572501869,-10.750130482911713,0.5782493777922229,318.5021028518677
-7.7941392027451935,-4.854486838222724,4.910270339298976,-9.176866509028022,-6.441803286480366,5.4459907580875795,-0.999701384962263,-0.006759385209723839,0.0009077753067768713,0.023465454611236614,0.17456537035591754,0.1703429837125042,-0.5228315832952536,-0.006198872370077879,-0.010554180244071176,-0.08848288125591353,35717,531000000,68.83,0,2,2,-6.898000681017618,-10.452231363280973,0.6686277132605799,-6.898000681017618,-10.452231363280973,0.6686277132605799,319.16472935676575
-7.713914174568618,-4.850496432481319,4.731533468364694,-9.126088906475372,-6.3936429199324945,5.288437871773529,-0.9992845685665777,-0.005919579660422397,0.002059550757772567,0.03729702202627899,0.14112368939340397,0.15562182820176468,-0.5295007124539417,-0.003455174623923085,-0.005139488757777144,-0.09610569904907607,35717,845000000,69.64,0,2,2,-7.14528689764355,-10.070649381464998,0.7094118979544728,-7.14528689764355,-10.070649381464998,0.7094118979544728,319.79091787338257
-7.67215365323178,-4.853788761358711,4.642886210402729,-9.084355310366451,-6.35159830532491,5.130400181079512,-0.9986227443745745,-0.00511818574936131,0.0024991513866744397,0.052155276193061706,0.10815685231871464,0.13693058303666628,-0.5287965655599665,-0.006138432945590466,-0.0004214021004145252,-0.10160667516174726,35718,139000000,70.71,0,2,2,-7.395538072399856,-9.693422795573259,0.6925925113592103,-7.395538072399856,-9.693422795573259,0.6925925113592103,320.4411838054657
-7.629186593081786,-4.860537706687095,4.554958132087377,-9.049360029825898,-6.313309927552587,4.962196965654812,-0.9976292748383897,-0.00415248986138524,0.002234845652127121,0.06865560631362055,0.07640803443522584,0.1161792821998496,-0.5221437331259787,-0.004894794255960733,0.0032968200230243383,-0.10428281457279809,35718,438000000,72.33,0,2,2,-7.681368632044627,-9.326102537602843,0.6575192830655253,-7.681368632044627,-9.326102537602843,0.6575192830655253,321.1724636554718
-7.539330216806069,-4.884147347997373,4.38196601125011,-9.016457027301346,-6.272057203964125,4.738774120383314,-0.995625499505431,-0.0030222839373426637,0.0002817969839913905,0.09338442656472656,0.042737478423944056,0.08579977142096554,-0.49128417453503764,-0.006876144425405073,0.01617028010514332,-0.12736154458252713,35718,768000000,74.48,0,2,2,-8.009131168520831,-8.942690178780476,0.6745787771745009,-8.009131168520831,-8.942690178780476,0.6745787771745009,321.9874858856201
-7.492299335087338,-4.900857604452152,4.297250351837317,-8.994496861541212,-6.242568299057852,4.530514483722481,-0.9917925513061431,-0.0020358786362915464,-0.006266233038710087,0.1276876058798745,0.039173950975464625,0.06558574098227041,-0.456972710804476,-0.00988248330031638,0.04773317159560975,-0.20146994065726176,35719,199000000,77.61,0,2,2,-8.449927537075025,-8.370817473929726,0.8986006916230408,-8.449927537075025,-8.370817473929726,0.8986006916230408,322.9210982322693
-7.393710422544579,-4.943650988470749,4.132232521764886,-8.971148800882139,-6.220999081691251,4.32699586767941,-0.9836245382465744,-0.001949037907699059,-0.017126777685768212,0.17940357436949117,0.05001043814092898,0.05636415956302452,-0.4276507643156978,-0.010873801420530071,0.043609298882074654,-0.25411795068066567,35719,647000000,80.53,0,2,2,-8.829422468350245,-7.767126397832492,1.3051787797851893,-8.829422468350245,-7.767126397832492,1.3051787797851893,323.8496868610382
-7.288711106370621,-4.998265841933026,3.9742014451881897,-8.949936180752387,-6.20407412951485,4.143384273864883,-0.9711094194777536,-0.0027374208011619362,-0.025361327261062796,0.23726737029877326,0.03218388683542096,0.05965137399306647,-0.4038025568453542,-0.009018867058330216,0.03202570696885232,-0.28761087160091847,35720,105000000,81.74,0,2,2,-8.999064173311535,-7.161126108619422,1.7477306972064606,-8.999064173311535,-7.161126108619422,1.7477306972064606,324.7798933982849
-7.176924026518295,-5.063788319150504,3.8244294954150555,-8.939615203467964,-6.1812980552906405,3.977844157383354,-0.9547817692487084,-0.004088562816736748,-0.0317119802826447,0.2955831643902489,-0.0010162759114896627,0.06442407706692901,-0.3835459488972716,-0.010643909809004981,0.02941864986496512,-0.2827219635946676,35720,547000000,79.41,0,2,2,-8.938540349865061,-6.824582096636582,2.0473489613037543,-8.938540349865061,-6.824582096636582,2.0473489613037543,325.6733856201172
-7.058059731145688,-5.139195800486321,3.6841225481205764,-8.940822478666165,-6.139193124536983,3.797723417977588,-0.9316494684662644,-0.007286061426776454,-0.03941575867650286,0.36114066398478,-0.07114873445541758,0.08369166366506407,-0.3774109530400035,-0.006706632484565489,0.04003521135018673,-0.30658791365567595,35720,967000000,70.87,0,2,2,-8.820019939225793,-6.895813564201308,2.2649261128560627,-8.820019939225793,-6.895813564201308,2.2649261128560627,326.65896439552307
-6.931922388278014,-5.223367798610493,3.5544102723452182,-8.951636973970356,-6.08724935803999,3.672660585627479,-0.9112553344695952,-0.0109353099143728,-0.04530645770399554,0.4091961134811751,-0.12482280362909803,0.0960641395243251,-0.36919938917581474,-0.006078033493395196,0.0323026910336921,-0.30044223240111023,35721,451000000,53.33,0,2,2,-8.654731863793723,-7.306539239164683,2.387989003301113,-8.654731863793723,-7.306539239164683,2.387989003301113,327.37388372421265
-6.866091886682804,-5.268366474152286,3.4938570679927774,-8.964114244404486,-6.007964153404844,3.547952896170316,-0.8881266014016889,-0.014299066107748823,-0.048527814801160654,0.4568060067268773,-0.17808178214279854,0.13963545165822394,-0.28834966277797325,-0.0006049234713145779,0.00042924247765085966,-0.2380956502747722,35721,793000000,40.79,0,2,2,-8.535283658844502,-7.703041306074321,2.3828195390160496,-8.535283658844502,-7.703041306074321,2.3828195390160496,328.1603796482086
-6.728893674167487,-5.363399575253027,3.3819660112501087,-8.961044760661283,-5.938663772208139,3.488934006413561,-0.8750027707604324,-0.014974999841192358,-0.04712756015405754,0.48158581126861266,-0.18475908722949635,0.17743363772530815,-0.21218810496909982,-0.005638230459226179,-0.024781336105661467,-0.1731127849780023,35722,156000000,30.32,0,2,2,-8.401807476401968,-8.092717544032714,2.346847817515816,-8.401807476401968,-8.092717544032714,2.346847817515816,328.780476808548
-6.657539913838084,-5.413105873781844,3.3308534925573996,-8.941507606873216,-5.871327920484976,3.439304072736562,-0.8665386523083245,-0.013099210362863652,-0.04210597962870455,0.4971581853123299,-0.1209144950361319,0.20151578482929117,-0.16933619169739705,0.009043551563081564,-0.04946293593093287,-0.09301502868765965,35722,436000000,24.37,0,2,2,-8.286916889986532,-8.257181351913282,2.3930945509159907,-8.286916889986532,-8.257181351913282,2.3930945509159907,329.3828430175781
-6.58436990723958,-5.4640474158483405,3.283102412796267,-8.887729906755295,-5.804500341531094,3.386115428702715,-0.8603975630827101,-0.010803373524829313,-0.03248240343499484,0.5084724319261595,-0.03611542322771079,0.24523935365075164,-0.13620456781120222,0.017370347450196277,-0.05253564340819139,-0.059061639331048355,35722,709000000,19.11,0,2,2,-8.144542929725915,-8.331527403050671,2.507191394346391,-8.144542929725915,-8.331527403050671,2.507191394346391,330.0872459411621
-6.432681141919438,-5.56894510494894,3.1980622641951646,-8.815820972229792,-5.761985014042844,3.344800113613071,-0.8562966966510832,-0.00944847856566262,-0.024468272408208442,0.5158177945773046,0.027317298779190154,0.2774419971885382,-0.11909152811289489,0.018165800429414958,-0.042582169771776535,-0.03905691373802256,35723,72000000,13.11,0,2,2,-7.946054318645901,-8.281888971301868,2.7100654465710603,-7.946054318645901,-8.281888971301868,2.7100654465710603,330.7783114910126
-6.354228798134396,-5.622550005388564,3.1609444548971024,-8.731776612747781,-5.734986317883487,3.3092103517083085,-0.8546687073490693,-0.008929219457804095,-0.01822529868099467,0.5187769349211022,0.08347663438668282,0.3041019931655343,-0.11298245689952639,0.020451874115678947,-0.032985263169393875,0.010030278099293355,35723,378000000,7.91,0,2,2,-7.763595368435687,-8.123962598271428,2.894190748364872,-7.763595368435687,-8.123962598271428,2.894190748364872,331.5140836238861
-6.274092983719844,-5.676688553400637,3.127530258720525,-8.639673961853948,-5.72035967928133,3.27614888219484,-0.8572498032979018,-0.009098108930511516,-0.013293645112313734,0.5146486939255018,0.13351811626688473,0.3225614185152953,-0.11536579005560395,0.020401041911100037,-0.02717588904488366,0.05736441889894195,35723,692000000,3.92,0,2,2,-7.58850830810006,-7.9041635595453315,3.04192938981944,-7.58850830810006,-7.9041635595453315,3.04192938981944,332.1634771823883
-6.108975219860335,-5.785848810464001,3.0720742786082953,-8.547003253387679,-5.7138494871698295,3.244878112314613,-0.8621192729453505,-0.009414647311688933,-0.009296017932578893,0.5065326323967426,0.16627236359585276,0.3233284464738939,-0.11943643479681536,0.017775721244106535,-0.02396949985268293,0.0857259139593225,35723,960000000,4.01,0,2,2,-7.427641504097759,-7.673101015705096,3.147794745828907,-7.427641504097759,-7.673101015705096,3.147794745828907,332.8291075229645
-6.024111281841859,-5.84051046147144,3.0501441756363548,-8.407165791018064,-5.7128550732564145,3.1976858198113445,-0.8719924602217749,-0.01000348286589083,-0.004308710675708257,0.48939811468705197,0.2067133537666209,0.3159231325606108,-0.12881717696377715,0.017035224846040364,-0.019702593817783054,0.12848685291828588,35724,230000000,6.51,0,2,2,-7.290959818574207,-7.468495769781321,3.218762034512435,-7.290959818574207,-7.468495769781321,3.218762034512435,333.6004102230072
-5.85011479445928,-5.9490979171324465,3.018100476464131,-8.244876696916174,-5.7195439238119095,3.1418470432420262,-0.8858939999416315,-0.010874974343302085,0.0002893965288985924,0.4637601449565261,0.2357857236715021,0.30856948035080595,-0.14090362926518257,0.013037112148595043,-0.017665617269813083,0.14085163857089356,35724,599000000,9.41,0,2,2,-7.132481357124656,-7.223107021610918,3.282197611323543,-7.132481357124656,-7.223107021610918,3.282197611323543,334.47313690185547
-5.761136868138604,-6.002666556337735,3.0080514120095225,-8.105915516397209,-5.721208296019442,3.0910310449225507,-0.8966228331732669,-0.011551581024586522,0.0036625009328568273,0.44262923773186635,0.21033526929514323,0.3061247208880916,-0.15339050481890415,0.01267211337108165,-0.015639912817277946,0.10579421432339586,35725,31000000,10.11,0,2,2,-7.016166679872188,-7.034762031537804,3.306128311789928,-7.016166679872188,-7.034762031537804,3.306128311789928,335.2358891963959
-5.579651309521315,-6.10747204950958,3.0,-8.01923007684003,-5.7104917155457615,3.0547445580848542,-0.9015236714704412,-0.012129135692454749,0.005666084288613778,0.43252265759685227,0.1646577660139787,0.3069709313204165,-0.16309794608447117,0.00940033905862947,-0.013516008311853511,0.08779045383562334,35725,392000000,9.31,0,2,2,-6.95442407766597,-6.936924938131388,3.29450533716117,-6.95442407766597,-6.936924938131388,3.29450533716117,335.996102809906
-5.487331982763328,-6.158362612132099,3.0020138669173706,-7.9366193694926555,-5.686464300807527,3.0136246589610884,-0.9064216991791861,-0.012465459720723817,0.007594828510561131,0.4221215869284146,0.10546375645065131,0.2957467785135779,-0.16828732207831013,0.010928206665994367,-0.013914922055846546,0.09148485551122576,35725,628000000,8.6,0,2,2,-6.923575219540853,-6.903826043216897,3.2736544829400054,-6.923575219540853,-6.903826043216897,3.2736544829400054,336.7059180736542
-5.300049506402166,-6.256274615650105,3.018100476464131,-7.856204220895115,-5.6509614496402145,2.9696216086650704,-0.9119756184035606,-0.013048413906278202,0.009793452900718593,0.4099198685258561,0.08322213898585137,0.29658377941262454,-0.1631632185126005,0.010716823635448236,-0.013925621624366613,0.09441243673791178,35725,892000000,7.97,0,2,2,-6.892184913968937,-6.896373916136817,3.241842896284347,-6.892184913968937,-6.896373916136817,3.241842896284347,337.40925669670105
-5.205304455247262,-6.30296827183162,3.0321408228027407,-7.776481605978663,-5.611182859750442,2.928838721775451,-0.9171993726508341,-0.013782935078356868,0.011949602824007212,0.3980107391790962,0.10270602920413544,0.31133253302540587,-0.1480148058369432,0.01485302436776692,-0.014190002639224986,0.09679772629169747,35726,171000000,8.41,0,2,2,-6.858313138753256,-6.918846530582646,3.199597040593616,-6.858313138753256,-6.918846530582646,3.199597040593616,338.10393238067627
-5.01418476886208,-6.391041466920087,3.0720742786082917,-7.696706614904156,-5.57976975716774,2.899039472931213,-0.9220465214039231,-0.014678412807487546,0.01408082772860877,0.3865442883485086,0.16602876943789116,0.3388074319042806,-0.12717305177703805,0.013408714221441187,-0.016635713836876675,0.10596947904559784,35726,440000000,10.79,0,2,2,-6.827226054869083,-6.974915085290121,3.151729150165575,-6.827226054869083,-6.974915085290121,3.151729150165575,338.7935016155243
-4.918053263767082,-6.432118834125037,3.097886967409692,-7.591783364270147,-5.552402050964503,2.8745299869748813,-0.9273915455126649,-0.015499189794064986,0.016657732018621387,0.3733995398917275,0.2626086365795609,0.37077525456927124,-0.09658145220393959,0.01755973880790407,-0.02015268455579644,0.12042396047036164,35726,686000000,14.42,0,2,2,-6.802240012497722,-7.0440562524113135,3.1099388469170925,-6.802240012497722,-7.0440562524113135,3.1099388469170925,339.52710366249084
-4.821708644319341,-6.471030326718811,3.1275302587205234,-7.4480016628790295,-5.535520778490236,2.8598127253632413,-0.9345091953227218,-0.01647339410330611,0.019866661841191534,0.3550021223757453,0.39916133534204923,0.4037832580368958,-0.05806652858766668,0.010441949052619748,-0.022975701540417504,0.15546804934274405,35726,955000000,19.43,0,2,2,-6.77542594742804,-7.13251210852787,3.068144867664451,-6.77542594742804,-7.13251210852787,3.068144867664451,340.2161281108856
-4.628902588772864,-6.541809574814725,3.1980622641951624,-7.313813849754907,-5.530982939572321,2.857601868084066,-0.9407806696614017,-0.016612264399754356,0.022082594161749736,0.3378877377148283,0.49105373658180396,0.4150484396711138,-0.026090599620298534,0.0013024505847170076,-0.02107143973262282,0.16993705357890576,35727,219000000,26.15,0,2,2,-6.745009405053599,-7.236676076366955,3.0309084860667315,-6.745009405053599,-7.236676076366955,3.0309084860667315,340.8859906196594
-4.532708958112899,-6.573419150899704,3.2388089362865227,-7.109975465727177,-5.532872229974352,2.8682328094815186,-0.9489445549279905,-0.01581010738922805,0.02413072833233809,0.3141209641635048,0.5825392898166843,0.4121590095080684,0.022308440170688264,-0.00626788278168533,-0.017395404938724823,0.16274341323878616,35727,456000000,32.07,0,2,2,-6.716851846754494,-7.319892609258021,3.0101055729563,-6.716851846754494,-7.319892609258021,3.0101055729563,341.7014811038971
-4.341425920357565,-6.628480441385833,3.3308534925573894,-6.88832311197679,-5.540678710099494,2.895013145238075,-0.9560300177303092,-0.013293529425153019,0.02492722468554565,0.29190498581470514,0.6487652164912533,0.40287807915129614,0.07340121024458103,-0.03809836707659997,-0.008018555581656983,0.13367176434258,35727,750000000,40.3,0,2,2,-6.672463136477625,-7.426973957646291,2.9951829048207843,-6.672463136477625,-7.426973957646291,2.9951829048207843,342.6136326789856
-4.152547012978052,-6.671946651671,3.436337035063939,-6.641559634298059,-5.549825598661373,2.9410254301649403,-0.9609683347194199,-0.007355217281680721,0.022919031946351816,0.27560928580141486,0.6829102955029533,0.39555114738367425,0.13342104217330258,-0.04755091904371511,0.00667725148559839,0.07400113972835243,35728,43000000,48.21,0,2,2,-6.620190674960903,-7.514210440669778,2.997895487667131,-6.620190674960903,-7.514210440669778,2.997895487667131,343.4288880825043
-4.059362049326308,-6.689089208183685,3.4938570679927743,-6.4048371674836195,-5.557100042005882,3.0002235650591556,-0.9630457781772446,-0.0012275923739773278,0.019064032780408507,0.2686594215844586,0.6979611785367064,0.3955102503985607,0.19225796913286297,-0.049358636897522956,0.01899418402899755,0.017292454867856577,35728,361000000,55.16,0,2,2,-6.544435809378777,-7.572242661883824,3.0254351719847,-6.544435809378777,-7.572242661883824,3.0254351719847,344.3117492198944
-3.8762097684280574,-6.713773865026728,3.6178747020262714,-6.213823009998207,-5.561898143238815,3.05847561472577,-0.9629324387199432,0.0036675826933171415,0.01482726216243176,0.2693098950926552,0.6968745683897482,0.38680601148809723,0.23814552266370853,-0.05157994237379171,0.026128059107577428,-0.038897330523468554,35728,663000000,60.07,0,2,2,-6.450942375811566,-7.592285453108002,3.074978121455829,-6.450942375811566,-7.592285453108002,3.074978121455829,345.07451367378235
-3.786524997592367,-6.721171473709559,3.6841225481205733,-5.8552798755389945,-5.594810153552135,3.1984838140439837,-0.9544984820823432,0.01209189901571747,0.005151906633092831,0.2979259833226036,0.6444044340719763,0.30845477459718007,0.31745940801266914,-0.03719728483702056,0.028118725640524644,-0.1810133151593618,35728,910000000,62.83,0,2,2,-6.359643085029979,-7.585840135417889,3.1300497430954985,-6.359643085029979,-7.585840135417889,3.1300497430954985,346.0540659427643
-3.6116375364826183,-6.725775776295651,3.8244294954150577,-5.549782581435238,-5.652646011366299,3.358536274840839,-0.9371872675646113,0.017182176587033953,-0.0029363323484516415,0.3483908383910932,0.5607624057807581,0.29093192396949485,0.3768708444601436,-0.0271489054284757,0.015153655658650678,-0.30149228987284005,35729,394000000,63.57,0,2,2,-6.1352570604992245,-7.525845702059247,3.2763010064750278,-6.1352570604992245,-7.525845702059247,3.2763010064750278,346.9906733036041
-3.4436403617338742,-6.716485026860802,3.9742014451881857,-5.297148441500289,-5.710286699313661,3.529808168486173,-0.9133797205911585,0.021955734687929235,-0.008605483780312215,0.40642511902690903,0.4345815362326283,0.28831407590489394,0.41943116867553487,-0.029180045930843335,0.006103947271185461,-0.2279174092109315,35729,842000000,59.98,0,2,2,-5.888649119694658,-7.439843454029811,3.4488266978287037,-5.888649119694658,-7.439843454029811,3.4488266978287037,347.93036818504333
-3.2835987159577487,-6.693045963146028,4.132232521764888,-5.1614089317661564,-5.739141853319764,3.6464066413464877,-0.9005761347253336,0.024990347858048104,-0.011161942787442484,0.43383582045552815,0.3496265963796946,0.2779049276042471,0.44052222044602096,-0.028372045744617935,-0.0004069634968573155,-0.21499755675904453,35730,278000000,53.54,0,2,2,-5.635309574937772,-7.38105238629696,3.6373970163178933,-5.635309574937772,-7.38105238629696,3.6373970163178933,348.65380573272705
-3.132530485366818,-6.655337767895037,4.297250351837312,-5.0429670645652385,-5.755174437923946,3.7679032221757014,-0.8864243923533561,0.026910422026222784,-0.012753098000677733,0.46191447727770846,0.2454688527753687,0.28547325742931073,0.46014855618480005,0.0124992663586454,0.0030514970148942666,-0.2524572308175266,35730,573000000,49.74,0,2,2,-5.480164511349023,-7.368497184938551,3.764860958328809,-5.480164511349023,-7.368497184938551,3.764860958328809,349.3959927558899
-3.060663595618906,-6.6311310890833415,4.3819660112501,-4.925281101748908,-5.7444583153364945,3.9136500148317075,-0.8644787492753919,0.023974413892071094,-0.013653701637704966,0.5019116415878137,0.10137441296660407,0.3100823883418688,0.4867000517918531,0.020802758263016585,0.004235361393511994,-0.30405501602217555,35730,843000000,45.49,0,2,2,-5.339685980636279,-7.375541607388154,3.894577543804529,-5.339685980636279,-7.375541607388154,3.894577543804529,350.1960096359253
-2.9248311940096183,-6.572080588034301,4.554958132087365,-4.841192301000901,-5.715363519959228,4.0385281562534745,-0.8434893496521596,0.021566610039714988,-0.013366762224562928,0.5365462962526193,0.004123560845411834,0.3105299061059238,0.5048904133197032,0.017054703675967176,-0.0031420679079019465,-0.3144354705000296,35731,164000000,39.45,0,2,2,-5.204144319916441,-7.403855868805899,4.039190160972833,-5.204144319916441,-7.403855868805899,4.039190160972833,350.93090438842773
-2.8610779538735933,-6.537287995309999,4.642886210402717,-4.7557970869696335,-5.665484841086205,4.186829600578031,-0.8174556675240283,0.01903043994622735,-0.012050747836887222,0.5755509130084582,-0.08310198339508715,0.29063650567430255,0.5126994408034398,0.02649069319886621,-0.004547674689092673,-0.3027065278729424,35731,435000000,34.22,0,2,2,-5.113353832420525,-7.438864377761595,4.150707196541258,-5.113353832420525,-7.438864377761595,4.150707196541258,351.65654826164246
-2.742387911317235,-6.457354749170536,4.82072138219313,-4.666778178029171,-5.593930290898788,4.367351088218105,-0.7869162317681575,0.014720039302295337,-0.009655597954860413,0.6168086689167691,-0.1440055410921655,0.2552749375110982,0.509696137814758,0.029380871092143934,0.0025997237344199675,-0.2609012939501554,35731,722000000,28.14,0,2,2,-5.022412462928008,-7.487099410083249,4.274150314473766,-5.022412462928008,-7.487099410083249,4.274150314473766,352.4772193431854
-2.687629958992159,-6.412311511189544,4.910270339298964,-4.58950457058812,-5.519284469839268,4.546244241609815,-0.7603082619101559,0.010620698685884169,-0.0073511124963548035,0.6494339910842727,-0.16360156886387472,0.21379641533568522,0.5008710355665037,0.022165810332808178,-0.005252488244877895,-0.1849752734415233,35732,94000000,21.31,0,2,2,-4.9229232263722595,-7.54999140540418,4.415141799260687,-4.9229232263722595,-7.54999140540418,4.415141799260687,353.31024289131165
-2.587688488810457,-6.312370041007844,5.089729660701031,-4.537848927021452,-5.4672162708908525,4.684130973680499,-0.7459230302336105,0.009224791228523469,-0.005028850231330798,0.6659492824977354,-0.1442651205608912,0.17768533433957678,0.49087285012022336,0.005036023230786668,-0.012675364814640488,-0.11815923717222176,35732,451000000,15.29,0,2,2,-4.820114728535951,-7.611715518438539,4.554057890273076,-4.820114728535951,-7.611715518438539,4.554057890273076,353.9728202819824
-2.542645250829466,-6.257612088682768,5.179278617806864,-4.506398721006924,-5.437865990678287,4.779855065414121,-0.7398222587220761,0.009542856227092535,-0.0035133154535083506,0.6727255131247204,-0.11125996639038908,0.14954077397908278,0.4756098952816076,0.009710504309623502,-0.013868055066268425,-0.07313995374715887,35732,720000000,11.63,0,2,2,-4.7336210604898445,-7.655253608500921,4.662759701108472,-4.7336210604898445,-7.655253608500921,4.662759701108472,354.66954231262207
-2.4627120046900064,-6.138922046126419,5.357113789597264,-4.468289445448004,-5.40874708538102,4.9091751208132175,-0.7345782349791165,0.009542385477216515,-0.0015865745161380979,0.6784550407769662,-0.06744658813949489,0.12633083309889348,0.45411593133655126,0.008587081356381532,-0.00683345692777948,-0.04374253148853313,35732,934000000,9.59,0,2,2,-4.664581594109983,-7.675570456504042,4.742590814162271,-4.664581594109983,-7.675570456504042,4.742590814162271,355.37548065185547
-2.4279194119657,-6.075168805990385,5.44504186791263,-4.436808449784406,-5.391857740323325,5.023686100103255,-0.7312666430971754,0.00882586425489072,-0.0004154964020481825,0.6820344772636368,-0.0367071673484035,0.11376304383701016,0.43629550631825154,0.013470481189870043,-0.00014328608095581785,-0.03255990814068355,35733,197000000,7.27,0,2,2,-4.563819568243776,-7.679221270982654,4.85025137316616,-4.563819568243776,-7.679221270982654,4.85025137316616,356.0541090965271
-2.396628522799361,-6.008605730182392,5.5320736911333475,-4.403009971242444,-5.381507760010277,5.153233448485399,-0.728363751884217,0.007347931864292768,0.0004211112940248371,0.6851511333302618,-0.010753943795087016,0.10586736540470805,0.4296225763317706,0.006969313380977837,0.0045608878735947656,-0.024834107352944557,35733,466000000,4.67,0,2,2,-4.445199025118467,-7.655989116686581,4.969446819452933,-4.445199025118467,-7.655989116686581,4.969446819452933,356.7569181919098
-2.344662232104967,-5.867469514633185,5.70274964816269,-4.377539002866221,-5.37825854026866,5.255161198331775,-0.7265012837320729,0.006333276170345661,0.0004315099352801199,0.6871357858151296,0.002962162271586317,0.09974400749186273,0.42174609234453964,0.0032794661819934845,0.00649142357360688,-0.02045964174612891,35733,764000000,2.33,0,2,2,-4.312413036479477,-7.607520732495072,5.098782840917424,-4.312413036479477,-7.607520732495072,5.098782840917424,357.42279052734375
-2.3240221090052797,-5.793118514959282,5.786050063307848,-4.351782663082488,-5.377977049495471,5.3632933541401435,-0.7249390403735675,0.005410395360295446,3.345455338583025e-05,0.6887917785841299,0.01105664094821025,0.09124817975267817,0.4137609180909772,0.0025043080540854135,0.007429596325891907,-0.014317394197860267,35734,2000000,2.31,0,2,2,-4.203351453748831,-7.5556465673577,5.204826509057995,-4.203351453748831,-7.5556465673577,5.204826509057995,358.1267898082733
-2.29345531052168,-5.637439771999615,5.947737324945992,-4.33019787564548,-5.379361957807312,5.462318075622415,-0.7240043045270181,0.004562652607458336,-0.00039644950650885406,0.6897802491049749,0.014108399601957844,0.08166793641416252,0.4123612337542789,0.00157631542379022,0.007333049052249407,-0.008130546575557673,35734,257000000,4.48,0,2,2,-4.087522519617177,-7.493086899455538,5.320813316147541,-4.087522519617177,-7.493086899455538,5.320813316147541,358.797954082489
-2.2835149731391997,-5.556359638266128,6.025798554811816,-4.311195071249641,-5.381419021331628,5.56091147484301,-0.7236231724137364,0.003802683257445658,-0.0008329859362242963,0.6901842870424925,0.01425045524627285,0.07021437942850854,0.41201217194727846,0.001736604610869108,0.0066002001403830945,-0.0014324106700769335,35734,500000000,6.85,0,2,2,-3.986130803319058,-7.432515084614456,5.428888547245996,-3.986130803319058,-7.432515084614456,5.428888547245996,359.52542638778687
-2.2771137865418183,-5.4732898816341,6.101793962904206,-4.290498289342893,-5.384305730403237,5.694183595081798,-0.7239398812773913,0.0029445186145482007,-0.001312576705334743,0.6898555321577103,0.012282767472599177,0.05317067964884372,0.4201885842424293,0.000868735071435367,0.005191786931391107,0.007413670209643897,35734,756000000,9.43,0,2,2,-3.8850955039602795,-7.366679943884043,5.545915928532172,-3.8850955039602795,-7.366679943884043,5.545915928532172,360.29894518852234
-2.2748104832793112,-5.301711925520624,6.246979603717468,-4.275215101746448,-5.386894451001407,5.829151763760573,-0.7251326140868912,0.0023175388987861792,-0.001677422130539911,0.688603301804428,0.00981132981358902,0.03698142709740128,0.42231687371937304,0.0008153453393333621,0.003660517245407391,0.014303032912721392,35735,62000000,12.21,0,2,2,-3.780788283649727,-7.292411419831713,5.679761562939605,-3.780788283649727,-7.292411419831713,5.679761562939605,361.0486092567444
-2.2788285262904413,-5.213475002407638,6.315877451879423,-4.265690827717495,-5.387833677372223,5.955757950633767,-0.7267935023087659,0.0018104605480113948,-0.0022802792483735956,0.6868498580919351,-0.010894667296237578,0.019738785056483837,0.4235775084577756,-0.003908960206899792,0.012421486098901369,0.016976986444205977,35735,381000000,15.05,0,2,2,-3.680400093415722,-7.216231205015248,5.822915799230312,-3.680400093415722,-7.216231205015248,5.822915799230312,361.7578089237213
-2.2969429936938752,-5.032797560119191,6.4455897276547764,-4.263059480233029,-5.376747072578182,6.083392931790257,-0.7286433906329501,0.0006251810359440418,-0.00444960856573236,0.6848785435529441,-0.06943844787646994,-0.004492065043138994,0.42455055827168453,-0.008131108006637078,0.020459146617213264,0.02094738229061477,35735,688000000,17.61,0,2,2,-3.5912228365726424,-7.159140407988774,5.958727271091712,-3.5912228365726424,-7.159140407988774,5.958727271091712,362.4349980354309
-2.3109107918163154,-4.940637950673698,6.506142932007222,-4.268894779640625,-5.3490340096489035,6.20173057480051,-0.7309836099253062,-0.0006344792586342198,-0.006973183919683504,0.6823590947314031,-0.1328748255523372,-0.02935090888929608,0.41865051934623543,-0.0054181410632736515,0.016468615649500862,0.02985207011079183,35735,981000000,20.05,0,2,2,-3.502997051667699,-7.117517801752418,6.095944755957099,-3.502997051667699,-7.117517801752418,6.095944755957099,363.11240434646606
-2.348286757980274,-4.753384480702025,6.618033988749891,-4.285706140175699,-5.296722813429719,6.342938375589459,-0.7352089155181456,-0.0014257128658088712,-0.008480028989125485,0.6777860333422341,-0.18438054382936556,-0.05031892561841569,0.4024950206914979,-0.000413531896015229,0.001748021873027028,0.043879850272787735,35736,273000000,22.15,0,2,2,-3.4195398163551216,-7.08670780835838,6.223624726651836,-3.4195398163551216,-7.08670780835838,6.223624726651836,363.85269594192505
-2.3715195586141586,-4.6585740796424515,6.6691465074425995,-4.3084336453441106,-5.234086268064912,6.4762600877835395,-0.7407815801345233,-0.0012059789017682281,-0.00735184331496261,0.6717046572327451,-0.19090225120242396,-0.05033881956715351,0.375764805096248,0.008353369230462704,-0.015152675860008458,0.0522747119248379,35736,600000000,24.31,0,2,2,-3.3163376058831986,-7.052770608230526,6.373515826994735,-3.3163376058831986,-7.052770608230526,6.373515826994735,364.6704156398773
-2.4265808491002945,-4.467291041887107,6.761191063713475,-4.325168648503552,-5.186348338700068,6.5787568832821846,-0.7457831901992032,-0.00034248188577872245,-0.004822896393610981,0.666171190905786,-0.16358602796863392,-0.035609831765308554,0.3496923154137742,0.009877498268906493,-0.019608577713370323,0.054029099192121066,35736,938000000,26.07,0,2,2,-3.2109312509667793,-7.016901426851241,6.511762176373269,-3.2109312509667793,-7.016901426851241,6.511762176373269,365.3061089515686
-2.458190425185273,-4.37109741122714,6.801937735804835,-4.335769032385525,-5.150272789981923,6.665598511159339,-0.7504516832060514,0.0005506622625106883,-0.002394617427409305,0.660920746952048,-0.12772161835222784,-0.016553721764185774,0.3172423135722513,0.006584583707081038,-0.01599513580003986,0.05465570466185454,35737,219000000,27.48,0,2,2,-3.1238474834172174,-6.974381970307829,6.614460306980878,-3.1238474834172174,-6.974381970307829,6.614460306980878,365.9418034553528
-2.492362041105416,-4.274719146831802,6.839055545102903,-4.341115871197575,-5.123626144252529,6.737897505218835,-0.7548168157453929,0.0011283989239280244,-0.0008561369044178318,0.6559341189581884,-0.10126822931690127,-0.0015855454055036672,0.28541920660669984,0.004539697692962363,-0.009836194658419117,0.05592641173279844,35737,485000000,28.87,0,2,2,-3.0497790408779233,-6.91273165847247,6.697002146671663,-3.0497790408779233,-6.91273165847247,6.697002146671663,366.5379490852356
-2.5289696732811873,-4.178291355680664,6.872469741279475,-4.343173580092179,-5.098721963575477,6.811726685579415,-0.7600150044586644,0.0013948413873364162,0.000181361920055397,0.6499040040829525,-0.078214730800943,0.010555448929812167,0.2432268070815872,0.002605237500574731,-0.004304612275518593,0.057769822888076305,35737,736000000,30.35,0,2,2,-2.98806022296736,-6.832902437980594,6.761767882223311,-2.98806022296736,-6.832902437980594,6.761767882223311,367.15205669403076
-2.6089585330799085,-3.985815231137935,6.927925721391705,-4.342327238660565,-5.080090648766823,6.869593948402139,-0.7649356758650636,0.0014037322106658515,0.0005996014948917348,0.644104868637698,-0.06238943355298323,0.017586852675546816,0.2038624215580258,0.0013872721638108487,-0.0010772004316095263,0.05944564727542456,35738,8000000,32.42,0,2,2,-2.9229786074828854,-6.712439414681637,6.823263486730255,-2.9229786074828854,-6.712439414681637,6.823263486730255,367.7933783531189
-2.652058278119881,-3.8900236902344916,6.949855824363648,-4.339206811680356,-5.062538631494994,6.923958557981998,-0.7707634871591634,0.00124397308447914,0.0007179161606560851,0.6371197563956069,-0.04956549471816349,0.023426096906068346,0.16176703425408026,0.001302590931118175,0.001229480949405115,0.06189403356984258,35738,270000000,34.71,0,2,2,-2.8685437868248336,-6.579316057601455,6.86671524252617,-2.8685437868248336,-6.579316057601455,6.86671524252617,368.47157049179077
-2.6970317281683824,-3.7946955447527406,6.967859177197259,-4.333648372084413,-5.0466277232072985,6.969333478718313,-0.7771728102617489,0.0009010552924643693,0.0006053743166596493,0.6292862978097903,-0.04143904039114475,0.029864245875175038,0.12348968741861496,0.0010298928941665508,0.0022568050781046622,0.06528288940899074,35738,556000000,37.86,0,2,2,-2.811932538895571,-6.404569945326499,6.902628598884056,-2.811932538895571,-6.404569945326499,6.902628598884056,369.33039450645447
-2.7919812859434368,-3.605904202557586,6.9919485879904775,-4.327137315130124,-5.033892608661842,6.999433936402659,-0.7836026982580662,0.0005800668686250349,0.00042016134392456315,0.6212618596610859,-0.03797972362821908,0.03516576025684215,0.09288706725754134,0.0006113923177508696,0.0031579582810081774,0.10356317870900966,35738,881000000,41.62,0,2,2,-2.7563511728513834,-6.209257304237138,6.9276013610083975,-2.7563511728513834,-6.209257304237138,6.9276013610083975,370.1293923854828
-2.8925279504904227,-3.420348690478687,7.0,-4.3207816859485835,-5.02264906242622,7.018646250322737,-0.7933278562374781,0.0003563211305787372,-1.1446889166840497e-06,0.6087945347583112,-0.04815162407944956,0.034319074017112046,0.06913911995618378,-0.008486161277687643,0.006775056635888177,0.161184357421007,35739,161000000,45.01,0,2,2,-2.7032220590118783,-6.042111121551522,6.9426824874508535,-2.7032220590118783,-6.042111121551522,6.9426824874508535,370.87734961509705
-2.9444839407633383,-3.3290481249933923,6.997986133082629,-4.320449593826852,-5.003850508217168,7.0327552667034805,-0.8072528658339877,0.0004477046420576753,-0.0016677960247672595,0.5902032095980057,-0.10379450046147491,0.01223181533944306,0.049471405632169264,-0.012301592323638033,0.013662393939739559,0.21936530683888122,35739,404000000,47.08,0,2,2,-2.649420974384519,-5.909746932041032,6.9526828074781095,-2.649420974384519,-5.909746932041032,6.9526828074781095,371.5752420425415
-2.997333443662269,-3.2388631318613967,6.9919485879904775,-4.335350930123588,-4.964743155633063,7.04367623711529,-0.8269157915222675,0.0005498277663676708,-0.0042790875431553705,0.5623092217190885,-0.19092868353764952,-0.014291413060838018,0.02792896616901317,-0.009573756688041613,0.01536225390736945,0.2606754133012146,35739,648000000,48.05,0,2,2,-2.5892250809712185,-5.786529383479711,6.9610188741437975,-2.5892250809712185,-5.786529383479711,6.9610188741437975,372.31851053237915
-3.1050134496039394,-3.062200315950648,6.967859177197259,-4.372056656960668,-4.898981233022106,7.0494264639770545,-0.850374007558773,0.0004448092551106093,-0.006652698665993079,0.5261364756540049,-0.2695476903650205,-0.020422892525966234,0.004167062790189974,-0.0021885571641178103,0.01096467694878811,0.2701304969377816,35739,936000000,47.73,0,2,2,-2.5142204654041094,-5.65382068235986,6.969393460906325,-2.5142204654041094,-5.65382068235986,6.969393460906325,373.20830368995667
-3.214151189536002,-2.8910247801396665,6.927925721391705,-4.417256365804654,-4.823528968316312,7.048411739668238,-0.8705847012594269,-0.00024202903856579763,-0.0075196464259058285,0.4919610495482426,-0.30063690280917843,0.014153736433530165,-0.01850676179320151,0.012790405253326753,0.003924986754100246,0.25010172685142606,35740,247000000,46.17,0,2,2,-2.4306535072682847,-5.505007509353748,6.976464508485171,-2.4306535072682847,-5.505007509353748,6.976464508485171,373.97067403793335
-3.2688185343304266,-2.807676829038037,6.9021130325903055,-4.449072208310674,-4.752270682955197,7.041734284422947,-0.8851693489207069,-0.001617501854456117,-0.0068318189134659105,0.4652160075377631,-0.2892323812814512,0.0777567581845645,-0.04058319351051968,0.01835850634961389,-0.002034785813975759,0.21083695610286668,35740,541000000,44.25,0,2,2,-2.361044818607194,-5.362665203486308,6.979746690951982,-2.361044818607194,-5.362665203486308,6.979746690951982,374.71301007270813
-3.377449994611429,-2.645771201865616,6.8390555451029025,-4.466176067493072,-4.688283220296124,7.031185801622326,-0.8946332036024416,-0.0030105574855741352,-0.005621755757200976,0.4467558207990851,-0.2721205151783182,0.13125003247151054,-0.06125102261642727,0.017087744890886825,-0.0051553623961808626,0.16721194697311148,35740,801000000,42.8,0,2,2,-2.319751092629266,-5.2302760188431705,6.978120984440559,-2.319751092629266,-5.2302760188431705,6.978120984440559,375.45203971862793
-3.431054895051064,-2.567318858080564,6.8019377358048345,-4.4759039353681995,-4.609919617339328,7.012950913965611,-0.9022879111527754,-0.004468504163577087,-0.004011618033185276,0.43109217666162414,-0.24922710005442691,0.17609942829951578,-0.08621792646350483,0.01586649268574547,-0.007177564521043678,0.10138847137568519,35741,33000000,41.99,0,2,2,-2.3060552179847558,-5.111240475068929,6.972784733868483,-2.3060552179847558,-5.111240475068929,6.972784733868483,376.15449810028076
-3.5359525841516604,-2.4156300927604164,6.716897587203732,-4.4769086127302025,-4.523192366264327,6.985315439084719,-0.906454130175043,-0.005920738785933984,-0.0022696617338268292,0.42225667949299395,-0.23161450245623144,0.2064085053714269,-0.11743020202515542,0.013107632912578993,-0.006645695930274087,0.04840203182538971,35741,290000000,41.87,0,2,2,-2.316128109505738,-4.9597530040554325,6.960033168987586,-2.316128109505738,-4.9597530040554325,6.960033168987586,376.8821156024933
-3.586894126218148,-2.3424600861619225,6.669146507442607,-4.4704091072412915,-4.4235747461811785,6.943166096615079,-0.9089516096076002,-0.007364974237240732,-0.0006191419351328372,0.41683611313021024,-0.2165524829538655,0.22336231372070756,-0.1555138719344189,0.012185214745841222,-0.005287547401167103,0.033872028870973736,35741,559000000,42.85,0,2,2,-2.3529461505926794,-4.787849181706149,6.93833693110904,-2.3529461505926794,-4.787849181706149,6.93833693110904,377.6918189525604
-3.6849022057545895,-2.201585591715775,6.563662964936066,-4.4600736812398685,-4.329925429081041,6.892145476288923,-0.911359628434206,-0.008685118593987587,0.0006340542792926604,0.41151888699116235,-0.20628516066494984,0.22983789301374732,-0.19195786841230658,0.009372831846121699,-0.0034507884720369475,0.057235784333897755,35741,881000000,44.83,0,2,2,-2.4214226164562813,-4.5826879563182175,6.90216792989667,-2.4214226164562813,-4.5826879563182175,6.90216792989667,378.4266378879547
-3.731633525847707,-2.133908113317202,6.506142932007231,-4.447034446136861,-4.2261852966162055,6.8221788979300495,-0.9169806541192658,-0.009832133395996766,0.0015673556543760597,0.39880741281994725,-0.19484872482093815,0.22845961057874709,-0.23022666780822001,0.007171893958002329,-0.003473016113275662,0.1158981307526119,35742,191000000,46.83,0,2,2,-2.5010528746588947,-4.390448034137086,6.859178105793262,-2.5010528746588947,-4.390448034137086,6.859178105793262,379.239310503006
-3.819740229463986,-2.0040913610163287,6.382125297973734,-4.439801658155969,-4.1239076662807115,6.739302551320501,-0.9262101884067878,-0.010074763381163209,0.0022136077763380644,0.3768664033512258,-0.2229953267159453,0.19666533158439586,-0.2650075393902054,-0.004588619503920199,-0.006341392600006657,0.16311545768985525,35742,518000000,48.53,0,2,2,-2.5992014170641853,-4.177181709002514,6.799729193444851,-2.5992014170641853,-4.177181709002514,6.799729193444851,380.10670042037964
-3.8996756945484794,-1.88160897585772,6.246979603717477,-4.4622331701424525,-4.027495365858979,6.651259755809555,-0.9365356824151192,-0.008658584120549154,0.0022803944295802566,0.3504579065815463,-0.2897827099713432,0.1423091449113026,-0.29358874680241,-0.012110659645259148,-0.005251444554232876,0.19384078186703846,35742,859000000,49.17,0,2,2,-2.678400266827745,-3.9731769235745946,6.726202227084137,-2.678400266827745,-3.9731769235745946,6.726202227084137,380.93143463134766
-3.9362116808494942,-1.8230759734817077,6.1755705045849485,-4.509256764923117,-3.9430212493035035,6.565963248693576,-0.9461811590823215,-0.006937569328390545,0.0019032191515072805,0.3235575097047039,-0.3488438011041804,0.10575639784617522,-0.319931757369352,-0.01175312181658228,-0.003174902030878002,0.2142621553502977,35743,178000000,48.83,0,2,2,-2.7163050490784566,-3.788292433805377,6.650278962134243,-2.7163050490784566,-3.788292433805377,6.650278962134243,381.6665542125702
-4.001734158066968,-1.711288893629383,6.0257985548118205,-4.5836968489874685,-3.8534940821281247,6.466447419561794,-0.9564283474371456,-0.005626279064718898,0.0016276677265007274,0.2919083964196791,-0.39710732431782714,0.08104787334470902,-0.34183871570575397,-0.003307231804683397,-0.0033163824809889775,0.22677056404063478,35743,458000000,47.5,0,2,2,-2.722873170333054,-3.6362715372720427,6.57434859128198,-2.722873170333054,-3.6362715372720427,6.57434859128198,382.4583203792572
-4.030464823432771,-1.657962363799749,5.947737324945996,-4.710858253244819,-3.740680390555729,6.3264324243683125,-0.9686575207049049,-0.0050518438218805145,0.001877604368800462,0.2483416216780024,-0.4345382364254643,0.07131299581957969,-0.36076793451956013,-0.00024167858896362304,-0.0034883978969446616,0.21927033230895177,35743,774000000,45.0,0,2,2,-2.709260158808138,-3.4871648310266865,6.479396020996758,-2.709260158808138,-3.4871648310266865,6.479396020996758,383.34422397613525
-4.079275976371747,-1.5562206623165327,5.786050063307853,-4.837577002191422,-3.6437798055101487,6.193493266768516,-0.9773645221909053,-0.0052784592338433085,0.0011888855469037504,0.21149306178174304,-0.41298900176464615,0.09975065847799412,-0.376611405798985,0.0025985107640735805,0.015607649766025133,0.19374931725906208,35744,174000000,40.62,0,2,2,-2.6669910997849957,-3.311398729916011,6.3335741935017955,-2.6669910997849957,-3.311398729916011,6.3335741935017955,384.1504979133606
-4.115852652002626,-1.460669783193934,5.618033988749894,-4.934127911107463,-3.559429015409205,6.071824380041315,-0.9828016194863759,-0.006390117870921285,-0.0018184605323062512,0.18454494392923537,-0.33960335727061375,0.14608223658942227,-0.38927282362028304,0.0007133976055229141,0.02223765131930122,0.12392945791361853,35744,531000000,36.43,0,2,2,-2.62199446726509,-3.1725597141567103,6.187307162772477,-2.62199446726509,-3.1725597141567103,6.187307162772477,384.86493611335754
-4.129319096968019,-1.415063612902056,5.532073691133353,-4.993538362999531,-3.490025555757607,5.97023871133123,-0.9849132097130657,-0.007255732292065284,-0.00444983462298771,0.17283958647671088,-0.2716152058962259,0.18230281418637378,-0.40199320979349473,0.002592794430711365,0.01822899084800156,0.06267753706197254,35744,844000000,33.15,0,2,2,-2.5962457107356935,-3.067310070186705,6.052616726333263,-2.5962457107356935,-3.067310070186705,6.052616726333263,385.4923343658447
-4.139462293312903,-1.3708134069182165,5.445041867912635,-5.038178245361987,-3.4130593697098517,5.857056869815921,-0.9858527561460597,-0.008379697218249953,-0.006324602728541099,0.16728455778724344,-0.20557146619372696,0.21319832792351656,-0.4155925504215102,0.008469098702335032,0.010867256423807703,0.028911330446135253,35745,113000000,31.6,0,2,2,-2.591812594322174,-2.9926191680894925,5.942136826866187,-2.591812594322174,-2.9926191680894925,5.942136826866187,386.14121413230896
-4.149503567518681,-1.286085825431384,5.26846653163531,-5.064148727335796,-3.3413678165391953,5.750004810403145,-0.9864020985254751,-0.009699015223654395,-0.007074875734175621,0.16391087597098591,-0.1535178921417601,0.22697457884714695,-0.4195125667918531,0.009449994104215875,0.003916411424143007,0.027420932201493997,35745,391000000,30.66,0,2,2,-2.600600791523911,-2.920994340435673,5.825304451812007,-2.600600791523911,-2.920994340435673,5.825304451812007,386.79651379585266
-4.149285732261113,-1.2454517405684427,5.17927861780687,-5.078412760458096,-3.27153222475529,5.642660913510779,-0.9870532771752536,-0.010728994720960266,-0.007048544824673191,0.1598781870854304,-0.11079738800594227,0.23160144069833893,-0.4209951752274736,0.004650381742976606,-0.0017415965771760966,0.03652011837402824,35745,650000000,29.98,0,2,2,-2.6186013760075335,-2.8605142096556553,5.719221834366929,-2.6186013760075335,-2.8605142096556553,5.719221834366929,387.46302247047424
-4.145513161777275,-1.2058607972548092,5.089729660701036,-5.083420849686499,-3.203808430337347,5.533736002103131,-0.9879093495306847,-0.01122159372292872,-0.006515527951337948,0.15448864307673993,-0.07625165726031422,0.2330927820783771,-0.4282437606366817,0.004785752889802097,-0.005562955902860267,0.046465392370009795,35745,907000000,29.27,0,2,2,-2.644166647501303,-2.803816930647063,5.613821994228945,-2.644166647501303,-2.803816930647063,5.613821994228945,388.1491665840149
-4.127171209594953,-1.129461068046768,4.910270339298969,-5.082129568675494,-3.1439988172842206,5.431948014517752,-0.9888166833909555,-0.011545827092311393,-0.005698565804554911,0.14857922759334996,-0.051602348368913455,0.2273097565039659,-0.4310200691303815,0.004048209257234703,-0.007789721985318465,0.05230945971561596,35746,176000000,28.4,0,2,2,-2.6736557477744407,-2.7512017846305756,5.510186353562279,-2.6736557477744407,-2.7512017846305756,5.510186353562279,388.9252154827118
-4.112558682368897,-1.0924725680962926,4.820721382193136,-5.076458007987343,-3.0831351653850296,5.321340366715413,-0.9898528016144226,-0.011593291273125824,-0.004669690779048536,0.1415458255179673,-0.030752598051449663,0.21686561844288915,-0.4328503704184804,-0.0023192970502350363,-0.008481496024614898,0.05670085811289027,35746,412000000,27.5,0,2,2,-2.701911347663801,-2.706524568946256,5.415744412473808,-2.701911347663801,-2.706524568946256,5.415744412473808,389.5967695713043
-4.072412920050574,-1.0204542273092634,4.642886210402723,-5.066345558192121,-3.0210933492041327,5.199904603634804,-0.9909932005590054,-0.011085065922585935,-0.003658126261081074,0.13340245826658786,-0.012086975303451467,0.21018879250724173,-0.4432562970645769,-0.0018399587361273007,-0.008045697268244112,0.059906832393608056,35746,675000000,26.45,0,2,2,-2.731757560256876,-2.6622811802343334,5.312313729573246,-2.731757560256876,-2.6622811802343334,5.312313729573246,390.27823519706726
-4.046892928621759,-0.9852342534527732,4.55495813208737,-5.055182330468465,-2.9704399947041984,5.093710143048271,-0.9919475173273937,-0.010638400336713667,-0.002848889509446571,0.12616985034016026,0.0010929882357083736,0.20494491753903282,-0.45199615815307925,-0.004907365018880228,-0.007229642005768255,0.06186120881466195,35746,943000000,25.2,0,2,2,-2.7610888655579275,-2.6200240153235668,5.199358096631787,-2.7610888655579275,-2.6200240153235668,5.199358096631787,390.9519202709198
-4.017766101374163,-0.9504119460020631,4.4679263088666525,-5.039066387316526,-2.912492484533274,4.965622071551257,-0.9930382641525118,-0.010051022274407807,-0.0020924153208873465,0.11734395884889148,0.016170047918863024,0.20516077773597488,-0.4685496411791233,-0.0008557644605389214,-0.006132733869890217,0.06402141298167408,35747,194000000,24.05,0,2,2,-2.7829829353612574,-2.5883217749046405,5.100361444074334,-2.7829829353612574,-2.5883217749046405,5.100361444074334,391.58938455581665
-3.948822121993608,-0.881571664037269,4.29725035183731,-5.0174795562949495,-2.8477900123894266,4.815409220016966,-0.9941917791257024,-0.009871925900724837,-0.0012506934230284896,0.10716196696516195,0.029433350145335196,0.20049863967052278,-0.4759626843396182,0.00011174184137985321,-0.00573579131923907,0.06383486688719131,35747,463000000,22.54,0,2,2,-2.8039411869152473,-2.5563993266739313,4.9805476039339736,-2.8039411869152473,-2.5563993266739313,4.9805476039339736,392.25311613082886
-3.9090933950267024,-0.8473591953666171,4.213949936692152,-4.996560858569968,-2.792652600567938,4.682764950985226,-0.9951174196371151,-0.009617045349942758,-0.000604789289175206,0.09822661453711129,0.04058157542037924,0.19972775781565782,-0.4801779454513806,-0.0034594927683428978,-0.004438534369910485,0.06518154696095735,35747,779000000,20.63,0,2,2,-2.8212452336948974,-2.5268022938062393,4.837671132166167,-2.8212452336948974,-2.5268022938062393,4.837671132166167,392.87645173072815
-3.8659345079668777,-0.8131560895451824,4.1322325217648865,-4.969255442690748,-2.728951501974446,4.529322557898569,-0.9961043154135973,-0.009392135046036636,-7.82888139740116e-05,0.08768109536580132,0.05471475045450166,0.20293354376821374,-0.4823636944901021,0.0017512248859929969,-0.004219950869810418,0.06580770859727636,35748,74000000,18.82,0,2,2,-2.830829543115784,-2.506450483946788,4.706785584469226,-2.830829543115784,-2.506450483946788,4.706785584469226,393.53103971481323
-3.8194125734041924,-0.7788664752786676,4.052262675053996,-4.941192995131533,-2.669535012155188,4.387123813077378,-0.9969123141209945,-0.009621943374354427,0.0005290686920165514,0.07792930287089195,0.06482281082441638,0.1997365761311785,-0.47096142288089615,0.00288906803689315,-0.004758479644806357,0.0642736631562002,35748,380000000,16.49,0,2,2,-2.83580151156006,-2.4892100203368686,4.55426911600931,-2.83580151156006,-2.4892100203368686,4.55426911600931,394.20629620552063
-3.7165924502813406,-0.7096503524181865,3.898206037095794,-4.917648710730762,-2.6229417060466287,4.276869939607592,-0.9974763526033541,-0.009835367726141186,0.001046685835517671,0.0703071545972554,0.07102850970086452,0.1945920970452093,-0.4544510757807564,0.003951399321522331,-0.0049337162636220455,0.062480266933562234,35748,682000000,14.15,0,2,2,-2.835355965206893,-2.4782044199782445,4.411963372000893,-2.835355965206893,-2.4782044199782445,4.411963372000893,394.8382616043091
-3.6604723982639324,-0.6745392031231582,3.824429495415056,-4.889610047046379,-2.5705316509407194,4.154889032228745,-0.9980388795604163,-0.009992060525633952,0.001629709604979582,0.06177295248605347,0.07855872872859272,0.18858438750858875,-0.42716995393690194,-0.0013447897117657703,-0.003388677237126103,0.06172348585096188,35748,935000000,12.21,0,2,2,-2.8322793573747167,-2.472387206035012,4.299333278985805,-2.8322793573747167,-2.472387206035012,4.299333278985805,395.476354598999
-3.601345169102129,-0.6389729068050737,3.753020396282527,-4.86140030605857,-2.521777106403501,4.04766901229187,-0.9985156704490411,-0.009806846617536752,0.0018342396790581982,0.05354360084941667,0.09177241403606198,0.19247090972044972,-0.4061812395137122,-0.00022451809371659692,-0.0015302047245313588,0.06452597590396181,35749,206000000,9.93,0,2,2,-2.8265068824713953,-2.4683638296529344,4.172143062601661,-2.8265068824713953,-2.4683638296529344,4.172143062601661,396.1562626361847
-3.474516308950366,-0.5661302442712226,3.61787470202627,-4.820414558684125,-2.4563648730766565,3.9161389533954787,-0.9990427820587227,-0.009897991008002623,0.0020112030365756397,0.04256177219898932,0.10631382855585039,0.1977204725944808,-0.376108423732481,0.0017637965129324584,-0.0026928391662295326,0.06289699958870187,35749,466000000,7.7,0,2,2,-2.8199496214702684,-2.46623159129212,4.059902808887708,-2.8199496214702684,-2.46623159129212,4.059902808887708,396.95455861091614
-3.407057624756786,-0.5286887126424467,3.554410272345219,-4.778356374996164,-2.3880312813988267,3.794248327927402,-0.9994126830630288,-0.010012892409832719,0.002625093171241324,0.03266710584348781,0.09947622739745639,0.21282892511513798,-0.3557083697037068,0.000945357567161409,-0.0072003610966930864,0.04728769708890468,35749,806000000,4.67,0,2,2,-2.8113172134682443,-2.4636387814325076,3.9208814912370125,-2.8113172134682443,-2.4636387814325076,3.9208814912370125,397.75220704078674
-3.264714245625722,-0.45137677799617903,3.4363370350639464,-4.7483282877688495,-2.320212878165127,3.6902676868243973,-0.9995663379443227,-0.01049246184212798,0.0037729753670824777,0.027254521642231966,0.05752849856712987,0.23463195073850512,-0.3472444942495871,0.00678657493153878,-0.009730241799843498,0.013015747572353575,35750,149000000,1.71,0,2,2,-2.8037187025660293,-2.4593067510912086,3.7917973143508696,-2.8037187025660293,-2.4593067510912086,3.7917973143508696,398.5058624744415
-3.1901152907940897,-0.41136190002975215,3.381966011250113,-4.737629627951282,-2.2554054714360303,3.6026473300651234,-0.9995353134095606,-0.011434735313689357,0.004851541531402808,0.027836426141413295,-0.0004209083839247367,0.2546739486667807,-0.3387977794199398,0.00984469143077149,-0.004460203535927576,-0.014375380033015972,35750,446000000,0.87,0,2,2,-2.7983534344265606,-2.4517494432185276,3.6876673749963595,-2.7983534344265606,-2.4517494432185276,3.6876673749963595,399.1167960166931
-3.034824991006352,-0.32828344424628625,3.283102412796271,-4.737290641261492,-2.18890732056658,3.5237219814882765,-0.9994554614363762,-0.01274934117864714,0.004990540843314885,0.03002214860068597,-0.031124813479021025,0.28086398959020953,-0.3311205115359356,0.014135499077383429,0.002414146160845121,-0.02226425494882278,35750,708000000,2.33,0,2,2,-2.7950851032332453,-2.4415832726219024,3.603271932268317,-2.7950851032332453,-2.4415832726219024,3.603271932268317,399.87500071525574
