x_ref,y_ref,z_ref,x,y,z,eta,e1,e2,e3,u,v,w,p,q,r,sec,nanosec,angle2,angle3,control_mode,std_test,x2,y2,z2,real_x2,real_y2,real_z2,time
0.0,0.0,5.0,-1.1873926411650055,0.9917619821083797,4.49045492381495,-0.6143354885674477,-0.009905425649308651,0.013475816851143914,0.7888676646874908,0.00726760876242335,0.0481699242397627,-0.002180843496855394,-0.000992166440028086,-0.0042871439745795215,0.004884307782049291,40048,845000000,4.14,0,2,1,-1.6238600414128401,-1.0037314336269019,4.535510525909599,-1.5601806579324957,-0.9840821084872884,4.532847193206373,0.00018525123596191406
0.0,0.0,5.0,-1.1758897355781486,0.9863392728659274,4.490266424196032,-0.6148304163323247,-0.009461542100457835,0.01367212534637934,0.788484059041281,0.011248823950957634,0.04775511867320281,-0.0024988947885566824,-0.0009490281968282943,-0.0032228776944975834,0.004412997577674105,40049,177000000,4.04,0,2,1,-1.6238600414128401,-1.0037314336269019,4.535510525909599,-1.544912501795942,-0.9761873083409113,4.531350394725388,0.9833920001983643
0.0,0.0,5.0,-1.1638444411884796,0.9795493120081968,4.48995637166672,-0.6152626363283408,-0.009081248368149632,0.013804087433233563,0.7881490128373639,0.014571059616752157,0.0473631004410549,-0.0028975369904689317,-0.0010841072366929438,-0.0024581722982475185,0.0032919625937211094,40049,478000000,3.96,0,2,1,-1.6238600414128401,-1.0037314336269019,4.535510525909599,-1.5307503824552515,-0.9682499002805747,4.529712600447383,1.9494760036468506
0.0,0.0,5.0,-1.1512682113574264,0.9714626652617501,4.489509678058225,-0.6156057963547826,-0.008747964250916425,0.01388595774492894,0.7878833395835735,0.017169501190427844,0.046889082103252704,-0.0032470772182695987,-0.0008148009612796159,-0.0018344038380746497,0.0025394576141479774,40049,748000000,3.88,0,2,1,-1.6238600414128401,-1.0037314336269019,4.535510525909599,-1.5156100778867012,-0.9594058007479563,4.5278046512162815,2.913665771484375
-0.0006168375916972835,0.07853658655910338,5.0627905195293135,-1.1397985041954624,0.9633732275075648,4.489004038435054,-0.6158678719908002,-0.008518184457373153,0.013940249088962383,0.7876800582967751,0.018957671646830262,0.046367279567274884,-0.0035151215939853513,-0.0006192643354552274,-0.0013403341426965198,0.002061609097836481,40050,166000000,3.83,0,2,1,-1.6238600414128401,-1.0037314336269019,4.535510525909599,-1.4998026571899654,-0.95142166216216,4.52584961402111,3.8618056774139404
-0.005550625190149816,0.23553225354821328,5.187381314585725,-1.1270080094387753,0.9536894098505235,4.488378249003105,-0.6160849761743545,-0.00831259507117819,0.013943536222078189,0.7875124003424017,0.020198283258924137,0.04563888301219587,-0.00318984865524485,-0.0011512115520417865,-0.0006791689258989209,0.0011939349406020483,40050,732000000,3.79,0,2,1,-1.4855894341580111,-0.9463013245596262,4.524351237132848,-1.4855894341580111,-0.9463013245596262,4.524351237132848,4.938030958175659
-0.015413331334360514,0.3922954786392247,5.3090169943749475,-1.1102808186885782,0.9430375774273716,4.48873759567809,-0.6161048605096806,-0.00896628171459712,0.013048628009139827,0.7875050094797116,0.0024372223906023154,0.04335258078589374,0.0043450818486480275,-0.0017049029679583327,0.014624639243265847,-0.0012585598028636014,40051,77000000,3.77,0,2,1,-1.4700025119962932,-0.9435812958609625,4.523320217940399,-1.4700025119962932,-0.9435812958609625,4.523320217940399,6.176003932952881
-0.030195222724101356,0.5486715554552264,5.425779291565073,-1.0974848590622182,0.9423034873698685,4.49171942072715,-0.6159285605866617,-0.010678512906227783,0.011382498753660155,0.7876473934051184,-0.0181670920069856,0.04116966642828278,0.013414708089873916,-0.001958465168172552,0.016585441153438296,0.0004078575585708677,40051,372000000,3.82,0,2,1,-1.4700025119962932,-0.9435812958609625,4.523320217940399,-1.4508644914101347,-0.9450161090741741,4.524425991019023,7.196620941162109
-0.049881711417212315,0.7045061596879133,5.5358267949789965,-1.0839511984262256,0.9477767185665805,4.49785410471867,-0.616129722246031,-0.0123694920264598,0.009697943551357021,0.7874878481112647,-0.03793261245012715,0.0388918538436684,0.0246179737076022,-0.0019684953940668493,0.014787057989451569,0.003017421795448172,40051,656000000,3.93,0,2,1,-1.4700025119962932,-0.9435812958609625,4.523320217940399,-1.438011886359071,-0.9483916408731667,4.527598604938943,8.205322504043579
-0.07445336922613066,0.8596455013970477,5.637423989748689,-1.0670797002608563,0.9611244040951546,4.509726063265483,-0.6165563735226113,-0.014007397361586169,0.007979621028244222,0.7871457023550635,-0.05506567120297523,0.03625759946986315,0.03745985809878978,-0.001883133825231198,0.01157377610070398,0.0027795319283541176,40051,944000000,4.0,0,2,1,-1.4700025119962932,-0.9435812958609625,4.523320217940399,-1.425739173353015,-0.9527310935229865,4.533168189913609,9.303271055221558
-0.12041619030626283,1.0907162069827128,5.770513242775789,-1.0529321003784327,0.9759889001760161,4.5229408730881,-0.6168046879015151,-0.015006847057376118,0.0068345373775991125,0.7869434926492148,-0.06340896498924209,0.03425254365873153,0.046419426186521125,-0.002223334695372614,0.007952753276185831,0.0013373339584177302,40052,269000000,4.04,0,2,1,-1.4700025119962932,-0.9435812958609625,4.523320217940399,-1.41167051264105,-0.9582385037562476,4.543532838549087,10.31619930267334
-0.15708419435684462,1.243449435824274,5.844327925502015,-1.038122388586316,0.9937135288956135,4.539830202683535,-0.6168513110656663,-0.01548878574818798,0.005972905973847925,0.7869046206160203,-0.06723742426361722,0.03215339701344337,0.05488930875139926,-0.002950082830466272,0.0028663441071330453,-0.00031339891108927986,40052,559000000,4.07,0,2,1,-1.4700025119962932,-0.9435812958609625,4.523320217940399,-1.4006516415583543,-0.9628839401732429,4.555620691172764,11.373145580291748
-0.1985315716152849,1.3949555301961465,5.90482705246602,-1.0221486112624885,1.0145940629604346,4.561950993340109,-0.6167726607770785,-0.015127798908209106,0.005536492747821361,0.7869764811391817,-0.06754218052534496,0.02973397044968904,0.0635789825068614,-0.0036550769891618984,-0.003952459064748837,-0.0004987407976386748,40052,808000000,4.11,0,2,1,-1.3895914847483497,-0.9672669976724202,4.572008713211261,-1.3895914847483497,-0.9672669976724202,4.572008713211261,12.444834470748901
-0.24471741852423268,1.545084971874737,5.951056516295154,-1.0104433670642496,1.0304978745060704,4.581123485346508,-0.6167609428335531,-0.014199927958722606,0.0056247280640201215,0.7870023277444861,-0.06338668122534934,0.027926571111255145,0.06941088621582822,-0.004212043086226913,-0.008025751776585821,0.0001735130567226406,40053,91000000,4.11,0,2,1,-1.3895914847483497,-0.9672669976724202,4.572008713211261,-1.3778439163944631,-0.9697577853771214,4.594330221449232,13.393393278121948
-0.29559615522887306,1.6936896012264568,5.982287250728689,-0.9997516899908951,1.0445876206835536,4.601740104762199,-0.6168863468185298,-0.012834648738767083,0.005958187428682738,0.7869250325813798,-0.05517107767570314,0.0259206349612933,0.07460660598426239,-0.004801870363735361,-0.00925253598325071,0.0023720650233372,40053,384000000,4.08,0,2,1,-1.3895914847483497,-0.9672669976724202,4.572008713211261,-1.3690953364002143,-0.9695364026396092,4.614059876391113,14.341495037078857
-0.3511175705587428,1.8406227634233896,5.998026728428272,-0.9901377753521302,1.056852867048327,4.623645004592653,-0.6173126783913608,-0.011503715330099955,0.006151491041295499,0.7866097385545495,-0.048797095338110504,0.0237110854925467,0.07920847242456704,-0.0059530877024371875,-0.007221371834020829,0.004326225962358876,40053,669000000,4.0,0,2,1,-1.3605480830473313,-0.9666008942978179,4.63557351555489,-1.3605480830473313,-0.9666008942978179,4.63557351555489,15.26949954032898
-0.4112268715800944,1.985739453173903,5.998026728428272,-0.9814959958405507,1.067925950944201,4.6466638522468795,-0.6178308859272066,-0.010343119724676896,0.006010139335834763,0.7862200038754596,-0.044758293377907585,0.021320442513192688,0.08302994184649412,-0.0072115391503757564,-0.004728984913526801,0.004504292473939131,40053,973000000,3.9,0,2,1,-1.351895914759209,-0.9589100045701843,4.6582149876466215,-1.351895914759209,-0.9589100045701843,4.6582149876466215,16.194958448410034
-0.4429836168227732,2.0575717930255437,5.9921147013144775,-0.9742385781450222,1.0776175433973567,4.668841715982776,-0.6182996517715723,-0.009403975373828206,0.005593418821993614,0.7858662860386637,-0.04266676175789763,0.018960084664701345,0.08577607702421589,-0.008081165469775442,-0.0028637803779929527,0.004604728246704326,40054,399000000,3.8,0,2,1,-1.3432269310414597,-0.9469677781433676,4.681735291216964,-1.3432269310414597,-0.9469677781433676,4.681735291216964,17.201964855194092
-0.5098621211969219,2.1996958492795757,5.968583161128631,-0.9671942999378034,1.0878652221349492,4.69336065634899,-0.6188460090218384,-0.008516594944845053,0.004936584240962726,0.7854506444483447,-0.04175058428591275,0.01629985606545349,0.08776858069559054,-0.008122846156766172,-0.0015332593989114685,0.0050101918077416485,40054,705000000,3.72,0,2,1,-1.3352793376056287,-0.9327426474011533,4.7041365956474985,-1.3352793376056287,-0.9327426474011533,4.7041365956474985,18.149507761001587
-0.581171849556533,2.339649071302867,5.929776485888252,-0.9604024842276919,1.0988583707366502,4.7200233976131845,-0.61945767262866,-0.007656313622735619,0.004084588562335044,0.7849820945852655,-0.04164176358968987,0.013711979206225319,0.08860897810591786,-0.009207615039485972,-0.0004388166871649446,0.005164834101378801,40055,2000000,3.63,0,2,1,-1.3352793376056287,-0.9327426474011533,4.7041365956474985,-1.3269565540259873,-0.9145658991513179,4.72860662253267,19.130069732666016
-0.6568424278090443,2.477293342162038,5.8763066800438635,-0.9546714337278701,1.10940731150405,4.74495029538803,-0.6200359420987145,-0.006886790024490167,0.003108303664451718,0.7845370233948474,-0.042483666820977,0.011259101565000968,0.08820935231624852,-0.009974972181225894,0.0004069040471676999,0.005107539163873298,40055,379000000,3.53,0,2,1,-1.3352793376056287,-0.9327426474011533,4.7041365956474985,-1.3183125921661338,-0.8923812770369177,4.754854894708432,20.10633087158203
-0.7367991782295391,2.612492823579744,5.8090169943749475,-0.949509966231996,1.1204172577350482,4.769554786818144,-0.6205910805340682,-0.006137212681416612,0.0019942674276583004,0.7841078167442839,-0.04386794894820671,0.008609151468696024,0.0864222718188494,-0.010570319864200428,0.0010481697700015502,0.004735233960673213,40055,676000000,3.45,0,2,1,-1.3352793376056287,-0.9327426474011533,4.7041365956474985,-1.3106982241813658,-0.8703052681411797,4.779135293814475,21.053886890411377
-0.820963193158649,2.745114089990659,5.728968627421412,-0.9449370216694204,1.132042991212071,4.793448223890962,-0.621090279257722,-0.005396170432324415,0.0007702861385470911,0.7837200731227283,-0.045747731543517814,0.005834080638956929,0.08321388194344631,-0.011373568486305885,0.001520849184544204,0.004166613280176534,40055,998000000,3.36,0,2,1,-1.3352793376056287,-0.9327426474011533,4.7041365956474985,-1.303416998719452,-0.8462004909304289,4.802691521524241,21.99517035484314
-0.909251412874883,2.875026260216393,5.63742398974869,-0.9403919177568004,1.1462344812148837,4.819353139954204,-0.6215777732827148,-0.004531348577136956,-0.0007622605740512831,0.7833389800078838,-0.04838641195285321,0.002610170394819305,0.0775237528009887,-0.01125153594330186,0.0019398829181227484,0.003446318487476674,40056,344000000,3.29,0,2,1,-1.2966459637314394,-0.8211443103721875,4.82534633570772,-1.2966459637314394,-0.8211443103721875,4.82534633570772,23.035805463790894
-1.001576707564547,3.0021011266294195,5.5358267949789965,-0.9363388678181329,1.162677837200413,4.844580903948771,-0.6220036323049155,-0.00371893284062121,-0.0024234211916686135,0.7830017739237541,-0.053804371967063946,-0.0010074757037111556,0.06982033114223776,-0.01094312656277907,0.0034552708711999003,0.0027968960921498365,40056,625000000,3.22,0,2,1,-1.2966459637314394,-0.8211443103721875,4.82534633570772,-1.2898945037862586,-0.7933182289320486,4.850419976458304,24.1053524017334
-1.097847963308351,3.1262132816785253,5.425779291565073,-0.9332808636442492,1.1793831065309814,4.864536530711939,-0.6223281398048778,-0.0032163632882278065,-0.003913676917549764,0.7827400747037189,-0.05919865473563683,-0.004363329630935181,0.06195367725029388,-0.009538583981338888,0.0028327462814559112,0.0030097869284873013,40056,907000000,3.19,0,2,1,-1.2841555106075968,-0.7657421419255284,4.876177027640053,-1.2841555106075968,-0.7657421419255284,4.876177027640053,25.08112406730652
-1.1979701719998452,3.2472402416509185,5.3090169943749475,-0.9302799865706953,1.2041304556352905,4.887117596020898,-0.6228581817675539,-0.0027163051987927336,-0.005881721884830166,0.7823079396496965,-0.06903901406381671,-0.009386251543599422,0.049448240337931486,-0.009184925966110313,0.008229262402892346,0.0035748673099078587,40057,182000000,3.19,0,2,1,-1.2841555106075968,-0.7657421419255284,4.876177027640053,-1.2801932418524773,-0.7426538746330651,4.897575521555329,26.33056616783142
-1.355156862892942,3.422735529643443,5.125333233564304,-0.9285308906301873,1.2263885420066696,4.900787973517174,-0.6232889705435578,-0.0028728043714316732,-0.007626935512572928,0.7819491262534171,-0.07774104821247366,-0.012951716141072073,0.03936964596532103,-0.0084414837147051,0.005508920048669097,0.0036220960510036093,40057,463000000,3.21,0,2,1,-1.276728038054556,-0.7134740002290862,4.923334659234994,-1.276728038054556,-0.7134740002290862,4.923334659234994,27.402896404266357
-1.4644660940672622,3.5355339059327373,5.0,-0.9274062133230427,1.2508008501766081,4.911230710547768,-0.6237161138771243,-0.0025813941898358266,-0.009003064027056659,0.7815948378361897,-0.08492216230243552,-0.016836344154583998,0.027234874806256644,-0.009871441943687387,0.0064986450070136925,0.0038191393514352967,40057,721000000,3.28,0,2,1,-1.2754746573791214,-0.6924467310030533,4.939911541643061,-1.2754746573791214,-0.6924467310030533,4.939911541643061,28.405217170715332
-1.5772644703565568,3.644843137107058,4.874666766435696,-0.9269742337391496,1.2803602085069283,4.918042436707443,-0.6242386070591457,-0.0026906672405544183,-0.01094043796189786,0.7811525002096964,-0.09577873334473853,-0.021865122317312975,0.01183071754779935,-0.008758005697018234,0.007867294516472612,0.004496800920605892,40058,9000000,3.33,0,2,1,-1.2754746573791214,-0.6924467310030533,4.939911541643061,-1.275354980339244,-0.6717288830139132,4.953739391298522,29.4487521648407
-1.6934406733817404,3.7505553481522975,4.751310112835146,-0.9277044390944611,1.317384691389928,4.919814312962205,-0.6249055231762624,-0.0025770770451748644,-0.012658701364853073,0.7805934941167907,-0.1015351282916441,-0.027173018557802363,-0.006359159530029449,-0.007212851141957799,0.0012789471384166973,0.004769953784489189,40058,304000000,3.45,0,2,1,-1.2754746573791214,-0.6924467310030533,4.939911541643061,-1.2765389963821772,-0.6498239780126193,4.965019707070643,30.613370656967163
-1.8128800512565513,3.852566213878946,4.631875447315322,-0.9296489625564658,1.3490840171536893,4.91640341917881,-0.6254689902710397,-0.001880756412583633,-0.01340318058994216,0.7801316297361076,-0.1005082942468849,-0.03107713475517602,-0.021273785263414523,-0.007017528923825012,-0.0016702826428627304,0.004926566816720879,40058,583000000,3.58,0,2,1,-1.2754746573791214,-0.6924467310030533,4.939911541643061,-1.279473899485235,-0.6248563318173825,4.972788865962998,31.570964813232422
-1.9354647317351175,3.950775061878452,4.518246325898285,-0.9325066298727532,1.3762237645063642,4.909749495840443,-0.6259873349128864,-0.0011409310368701246,-0.013909172200332215,0.7797083363243797,-0.0977803273302019,-0.03458361366091449,-0.03480573282018605,-0.0067553267854236765,-0.001916881797114911,0.005460308102556155,40058,867000000,3.65,0,2,1,-1.2832814649416462,-0.6039947701498902,4.975361173734494,-1.2832814649416462,-0.6039947701498902,4.975361173734494,32.55032277107239
-2.0610737385376336,4.045084971874736,4.4122147477075275,-0.9372622821159533,1.4072204370887809,4.897580375185229,-0.6266830992277318,-0.0003566516893540655,-0.014511135765853445,0.779139007418241,-0.09603065169421518,-0.03901959108948226,-0.05118226914856525,-0.006482189701273455,-0.0009454985956836026,0.006434882197936531,40059,135000000,3.72,0,2,1,-1.2832814649416462,-0.6039947701498902,4.975361173734494,-1.2877745670718075,-0.5866214855828537,4.975167223594041,33.553032875061035
-2.1895831107393464,4.135402871372809,4.315452894071312,-0.944051687638675,1.4404034593195385,4.879267507179803,-0.6275251647592716,0.0003169065248549534,-0.015230145309944886,0.778447242809647,-0.09543876647523894,-0.04403078405836919,-0.06832690591022325,-0.006065225943530095,7.083784012706928e-05,0.006854554294477566,40059,478000000,3.85,0,2,1,-1.294491590084693,-0.5677376126283937,4.9723503182620465,-1.294491590084693,-0.5677376126283937,4.9723503182620465,34.53124237060547
-2.3208660251050173,4.221639627510076,4.229486757224211,-0.9515266030629177,1.469710598125497,4.858906678090426,-0.6282806370099893,0.0007908098766703413,-0.015886897912670145,0.7778241589541776,-0.09520435082277094,-0.04860125663927003,-0.08259183501042029,-0.005762614591731108,0.00077060288958819,0.0071945304625842255,40059,813000000,4.02,0,2,1,-1.294491590084693,-0.5677376126283937,4.9723503182620465,-1.3031101164522554,-0.5457937185308837,4.964082292401476,35.51373291015625
-2.454792921248144,4.303710135019719,4.155672074497985,-0.9618228800659615,1.503625945362021,4.830916624968588,-0.6292259292774266,0.0012250843467399176,-0.01668289836972342,0.7770424119668676,-0.09536013417701661,-0.053866369106045434,-0.09827668134642462,-0.0056339103593927575,0.0014404621197172673,0.00817199443190475,40060,104000000,4.16,0,2,1,-1.3118287523005145,-0.5241340002534361,4.9517310811390605,-1.3118287523005145,-0.5241340002534361,4.9517310811390605,36.47509789466858
-2.5912316294914244,4.381533400219318,4.09517294753398,-0.973993215375277,1.5381235086475038,4.798162752184473,-0.6303185095515739,0.001571146696080973,-0.017500681919574945,0.7761377675046431,-0.09593718658042683,-0.05915368764619473,-0.1129211696732785,-0.0050403505156282336,0.0019294286857984844,0.00969997163338121,40060,508000000,4.31,0,2,1,-1.3118287523005145,-0.5241340002534361,4.9517310811390605,-1.3228617934078473,-0.4955570536638381,4.931555889274735,37.47187662124634
-2.730047501302266,4.455032620941839,4.048943483704846,-0.9861796358639014,1.568870280209628,4.765912307541092,-0.6314393903177637,0.0018051898186255532,-0.018207940402742998,0.7752093320846565,-0.0967525416708257,-0.06381080794701968,-0.12453244673050141,-0.005065510549684404,0.002145134226338996,0.010884580933634425,40060,814000000,4.43,0,2,1,-1.3118287523005145,-0.5241340002534361,4.9517310811390605,-1.3346414553624966,-0.46078567726176967,4.90450504908689,38.44502639770508
-2.8711035421746365,4.524135262330098,4.017712749271311,-1.0008666563398314,1.602491289876727,4.728053152707587,-0.6327751681830626,0.0020450212722893345,-0.018974770863104947,0.7741003568592287,-0.09791022004400865,-0.06895380383428143,-0.13564342521994857,-0.004886832357442472,0.0021944853870081715,0.01247034897460253,40061,115000000,4.51,0,2,1,-1.3458726549614055,-0.4268507924655418,4.8760645356386965,-1.3458726549614055,-0.4268507924655418,4.8760645356386965,39.38276958465576
-3.0142605468260975,4.588773128419906,4.001973271571728,-1.017246334476986,1.636830354482861,4.6871846046224634,-0.6343311623999386,0.002286611872799861,-0.0197272690515087,0.7728063034617763,-0.09918551238904233,-0.07415988807042204,-0.1453071393585239,-0.004916153966405545,0.002097051151395135,0.014474786712526111,40061,429000000,4.61,0,2,1,-1.3458726549614055,-0.4268507924655418,4.8760645356386965,-1.3597589667984777,-0.39092370135797816,4.842287589912409,40.33080720901489
-3.1593772365766095,4.648882429441256,4.001973271571728,-1.0328681039150116,1.6671936324434307,4.649697451568849,-0.6358454224749501,0.0025191170955481523,-0.02037174829001684,0.7715434172088562,-0.100383012327605,-0.0787220536608194,-0.15233700349767357,-0.005205728120927233,0.0019707435740201618,0.015300901395676192,40061,800000000,4.72,0,2,1,-1.3458726549614055,-0.4268507924655418,4.8760645356386965,-1.3761794128518794,-0.3575429914459226,4.806502429921814,41.29310703277588
-3.3063103987735425,4.704403844771127,4.017712749271311,-1.052535934186801,1.7029005893170757,4.604543987310165,-0.6376409227191063,0.0028272303953183545,-0.021131805924363947,0.7700386400828166,-0.10173759857283877,-0.08404684477581571,-0.15857342514804315,-0.005167178233023151,0.0019317715214128839,0.016404462257924024,40062,76000000,4.84,0,2,1,-1.392278873187725,-0.32962559582940476,4.773829306359603,-1.392278873187725,-0.32962559582940476,4.773829306359603,42.269285440444946
-3.4549150281252627,4.755282581475767,4.048943483704846,-1.0739770128919681,1.739266081287515,4.557983681403066,-0.6396466233862523,0.0031408650985949357,-0.021872169226952357,0.7683514432668852,-0.10302838490586023,-0.0892562758556391,-0.16269819709203803,-0.0050353298320260365,0.001718038208764483,0.018568767518445384,40062,357000000,4.95,0,2,1,-1.4120968296972596,-0.29515200041341855,4.733107309627424,-1.4120968296972596,-0.29515200041341855,4.733107309627424,43.25872468948364
-3.6050444698038526,4.801468428384715,4.09517294753398,-1.0955551097667056,1.7737523677562794,4.5137776596044334,-0.6417183259853109,0.0034821751396985224,-0.02254480620723119,0.766601067220745,-0.10419983555125431,-0.09395253111932814,-0.16473397438824838,-0.005827237418998266,0.0015335917737502314,0.01935504569701152,40062,645000000,5.07,0,2,1,-1.4336785534263659,-0.2608189823284876,4.690826480295198,-1.4336785534263659,-0.2608189823284876,4.690826480295198,44.240647315979004
-3.7565505641757264,4.842915805643155,4.155672074497985,-1.1186279304826037,1.8086774047542462,4.469415096857219,-0.6437788482946436,0.003886093266492167,-0.023263242039523534,0.7648480334925081,-0.10522170382076554,-0.09860675601989394,-0.164678779430709,-0.00586176902288571,0.0013845778312315815,0.019382258506084327,40062,957000000,5.22,0,2,1,-1.4336785534263659,-0.2608189823284876,4.690826480295198,-1.4559040342934522,-0.23058764903443454,4.651335883248965,45.21171498298645
-3.832773180720473,4.861849601988383,4.1909830056250525,-1.146799327057727,1.8490752108460944,4.419298560967249,-0.6461902967270136,0.004384363213595883,-0.024059880743050377,0.7627843731446625,-0.10637200130382103,-0.10380467032504774,-0.16190696029160917,-0.005782497555628652,0.001134903357069561,0.020204760221531615,40063,250000000,5.38,0,2,1,-1.480158408393336,-0.2015587211355325,4.6121301948291205,-1.480158408393336,-0.2015587211355325,4.6121301948291205,46.21072840690613
-3.986063523217436,4.896114053108828,4.271031372578588,-1.1729297453522887,1.884743376981741,4.376590883778363,-0.6483900545323668,0.00482397223997464,-0.024696899849543527,0.7608923245855251,-0.10715334268577204,-0.10784099771715047,-0.15780287922286287,-0.005025840391681413,0.0008463395261060214,0.02139184707630193,40063,569000000,5.54,0,2,1,-1.50840325901094,-0.16244354353498075,4.565621846926688,-1.50840325901094,-0.16244354353498075,4.565621846926688,47.15951704978943
-4.140354498602952,4.92554663077387,4.362576010251311,-1.2002844068555703,1.9205760682305055,4.335286886741474,-0.6507266857782863,0.005264939929166969,-0.02525558356939743,0.7588736497745319,-0.10770353858965445,-0.11138852534835,-0.15240519069094705,-0.005585923099715728,0.0005935446438343206,0.022081565293774474,40063,883000000,5.64,0,2,1,-1.50840325901094,-0.16244354353498075,4.565621846926688,-1.5333350593256097,-0.1228581842224056,4.523829799969686,48.13069558143616
-4.295493840312086,4.950118288582788,4.464173205021003,-1.2287890429806372,1.9564601999115714,4.295903501255566,-0.6530495878154132,0.005784634986559678,-0.025856700967287906,0.7568515078053815,-0.10802032720492019,-0.11491552559418725,-0.14490834107248046,-0.006132329099273193,0.00039345428888282186,0.0217747996430262,40064,160000000,5.73,0,2,1,-1.5593811878527102,-0.0824138916987993,4.482733408416462,-1.5593811878527102,-0.0824138916987993,4.482733408416462,49.09917449951172
-4.451328444544773,4.969804777275899,4.574220708434927,-1.2649689775569743,1.999979176442334,4.2513913123094635,-0.6558546916231871,0.006482266186916665,-0.02659083990238644,0.754390834338688,-0.10810851564390353,-0.11930609012264086,-0.1335833051197911,-0.0057042956996156136,0.00013606305202529256,0.02242989303340437,40064,462000000,5.86,0,2,1,-1.5593811878527102,-0.0824138916987993,4.482733408416462,-1.58742411192758,-0.04402267525165461,4.444140601173355,50.14121890068054
-4.607704521360775,4.9845866686656395,4.6909830056250525,-1.2982762548796811,2.0382006493316256,4.215671593645478,-0.6584080357320542,0.007111117704709421,-0.02718361114926414,0.7521365180426577,-0.10796082733820819,-0.12298155870381229,-0.12224911189588503,-0.006386495761034894,-0.00010862487300755674,0.02219288144260645,40064,754000000,6.08,0,2,1,-1.5593811878527102,-0.0824138916987993,4.482733408416462,-1.624791194384575,-0.0019359719420254098,4.402287436814898,51.10386562347412
-4.764467746451786,4.99444937480985,4.812618685414275,-1.328153586337009,2.071105653756685,4.187732546840501,-0.6605304709643844,0.007722746218046949,-0.02772454896531453,0.7502474295211479,-0.10759077837349584,-0.12614311077271323,-0.11115628499911996,-0.006867678894195706,-0.00037687913732042944,0.021834857579960953,40065,24000000,6.33,0,2,1,-1.6607793468388679,0.031382998399699776,4.370276807622483,-1.6607793468388679,0.031382998399699776,4.370276807622483,52.06735134124756
-4.921463413440897,4.999383162408303,4.9372094804706865,-1.3637466662620032,2.108699723996962,4.159483905955416,-0.6630148852426724,0.00850679048569635,-0.028351409632636396,0.7480207844933996,-0.10689621363663011,-0.12967869785644923,-0.09642518917420494,-0.006717423639202025,-0.0007199057222351257,0.02259889279230265,40065,333000000,6.55,0,2,1,-1.6607793468388679,0.031382998399699776,4.370276807622483,-1.692749509021807,0.0618140182832695,4.344860475352712,53.073580265045166
-5.078536586559102,4.999383162408303,5.062790519529313,-1.4004492853417825,2.1458051569085494,4.135928365683177,-0.6655230038275062,0.00932545598397501,-0.02893616283475748,0.7457579136204351,-0.10606117257207381,-0.13300530624568951,-0.08074940182999168,-0.007198289813459269,-0.001019963235648902,0.020931683684466407,40065,618000000,6.77,0,2,1,-1.6607793468388679,0.031382998399699776,4.370276807622483,-1.7292157486692015,0.10210611531149277,4.3176216638448,54.0416579246521
-5.235532253548213,4.99444937480985,5.187381314585724,-1.4382081936031628,2.1823392900126994,4.117284912111214,-0.6676839546607658,0.010209000370937377,-0.029528526077119147,0.7437889345423874,-0.10490558848663797,-0.13639828176544996,-0.06442490600691249,-0.007141788773878943,-0.0014868827747704927,0.01857029401435284,40065,915000000,6.97,0,2,1,-1.6607793468388679,0.031382998399699776,4.370276807622483,-1.7653996931575728,0.14672911314139972,4.293449830414891,54.95549201965332
-5.392295478639224,4.9845866686656395,5.3090169943749475,-1.4743629981384498,2.21586790838587,4.104451465691999,-0.6695728141176847,0.011072986856323177,-0.030021029397978273,0.7420568531793841,-0.10372561503053204,-0.13947050835652308,-0.048958176682674215,-0.007667466798011446,-0.0019002074509444355,0.01831716926972149,40066,201000000,7.12,0,2,1,-1.6607793468388679,0.031382998399699776,4.370276807622483,-1.8019799680955797,0.19297078157330075,4.273032560626067,55.887142181396484
-5.548671555455226,4.969804777275899,5.425779291565073,-1.5140030391391597,2.2511601980294826,4.09568157351006,-0.6716163463210884,0.01209336121042315,-0.03056129427838364,0.7401697381418509,-0.1024143939279232,-0.14267436019694404,-0.0319376585070726,-0.007717193329881411,-0.002270182858410408,0.018765689674182795,40066,498000000,7.26,0,2,1,-1.8373026618600299,0.23457832537327938,4.258526710849643,-1.8373026618600299,0.23457832537327938,4.258526710849643,56.8515362739563
-5.704506159687912,4.950118288582789,5.535826794978996,-1.5518124709257157,2.2834729272714895,4.092203971918011,-0.6735598094488824,0.013091897815015519,-0.031035439398232417,0.7383648060465402,-0.10108911033328849,-0.14556414374973628,-0.016125057083209937,-0.008014584454940632,-0.002596622539385862,0.01915837528940756,40066,796000000,7.45,0,2,1,-1.8373026618600299,0.23457832537327938,4.258526710849643,-1.8771000194946568,0.2752364618081403,4.249114232346234,57.832725524902344
-5.859645501397048,4.925546630773869,5.63742398974869,-1.5903342386060415,2.3151410314158145,4.093200778202785,-0.6754815064534372,0.014145841073898015,-0.031496729675050975,0.736568113374102,-0.09962195407686784,-0.14826402329055005,-0.0006872789509776206,-0.008479703228658764,-0.0029338278636714676,0.01648441411816748,40067,65000000,7.68,0,2,1,-1.9164130199292286,0.30878439818712905,4.246736271128849,-1.9164130199292286,0.30878439818712905,4.246736271128849,58.75916337966919
-6.013936476782562,4.896114053108828,5.728968627421411,-1.6267092570873876,2.343930200263908,4.098035467678153,-0.6767965586105003,0.015170786947323748,-0.03193453709242233,0.7353206449006278,-0.09799602551662312,-0.15085652400886107,0.01320476188568459,-0.008804661320027662,-0.003204432164238824,0.01238198110513622,40067,349000000,7.96,0,2,1,-1.9578035097214876,0.3385183208820603,4.250512167440085,-1.9578035097214876,0.3385183208820603,4.250512167440085,59.6938853263855
-6.090716206982711,4.879583809693737,5.770513242775789,-1.6665080765041715,2.3742855890213055,4.107299077386386,-0.6779341422905681,0.016333043968348775,-0.03243097630745029,0.7342252802561521,-0.09615723411075495,-0.15363459428680848,0.02758858870984541,-0.0090366698714206,-0.003485434331196302,0.009835882246989058,40067,687000000,8.2,0,2,1,-1.9979447389748097,0.36339480575528815,4.259153531531582,-1.9979447389748097,0.36339480575528815,4.259153531531582,60.646347522735596
-6.2434494358242745,4.842915805643155,5.844327925502015,-1.709778879981234,2.406040236041707,4.1216316108228765,-0.6788269683504045,0.017573901322049997,-0.03292362707343095,0.7333492618206221,-0.09395663959352041,-0.15625849423365143,0.041623021317118744,-0.007541710965597304,-0.0035698275723916595,0.007290208714039181,40067,975000000,8.46,0,2,1,-1.9979447389748097,0.36339480575528815,4.259153531531582,-2.0428285600614724,0.38784503890439,4.273621731717466,61.57551717758179
-6.394955530196146,4.801468428384715,5.904827052466019,-1.759462684250509,2.441082609172044,4.1426713879905,-0.6796015475678797,0.018851811204256816,-0.0333700237403265,0.732579543307914,-0.0914150143224168,-0.15893697044130065,0.05531552649806766,-0.007104829364834586,-0.0035753584143094486,0.005620193360300618,40068,256000000,8.72,0,2,1,-2.091726875394144,0.4136314714013689,4.293714404269146,-2.091726875394144,0.4136314714013689,4.293714404269146,62.6072359085083
-6.5450849718747355,4.755282581475768,5.951056516295154,-1.8157684114502552,2.4790845198997173,4.171439475241754,-0.6803041632874177,0.020221387658956057,-0.03383713080996239,0.7318691067899382,-0.08848446913989358,-0.16178246329828458,0.06839696271595552,-0.0066774667175195646,-0.003234918904126971,0.005537596052818117,40068,557000000,8.9,0,2,1,-2.091726875394144,0.4136314714013689,4.293714404269146,-2.1448045054743203,0.44879174338258526,4.318579292858321,63.69815993309021
-6.693689601226457,4.704403844771127,5.982287250728689,-1.8697967664571251,2.5139469448547915,4.2029966886109476,-0.6809533331702207,0.021401365269913587,-0.0342486151293237,0.7312123986713255,-0.08559577544069165,-0.16409308760853009,0.07855614375043071,-0.006033474437572295,-0.0030586202683480224,0.004069792294103536,40068,847000000,9.01,0,2,1,-2.201577611617091,0.49431107725671414,4.348470023911227,-2.201577611617091,0.49431107725671414,4.348470023911227,64.81588363647461
-6.913417161825448,4.619397662556434,6.0,-1.9122217898564762,2.5402680873032817,4.229930015225045,-0.6812908462689118,0.02225662089936213,-0.034533430845135715,0.730858993083068,-0.08323454761861933,-0.16572409898636314,0.084952045915577,-0.006590599150513299,-0.0029722921681241132,0.0035482340081216535,40069,157000000,9.06,0,2,1,-2.201577611617091,0.49431107725671414,4.348470023911227,-2.253821000399485,0.5414210717867785,4.3785819717057715,65.80036926269531
-7.057571793025543,4.557016383177227,5.9921147013144775,-1.9581003688298504,2.567681013603612,4.260607198248944,-0.6816417970410413,0.02322479198727799,-0.03488860906317838,0.7304846709695174,-0.08040094045724139,-0.1678247082902297,0.09011151676630863,-0.006689904193990515,-0.003122642783637275,0.0026608109919834533,40069,438000000,9.05,0,2,1,-2.201577611617091,0.49431107725671414,4.348470023911227,-2.2940423615647276,0.5795407774163618,4.40304145562453,66.799152135849
-7.199695849279576,4.490137878803078,5.968583161128631,-2.007775817166702,2.59591218554944,4.294851601580218,-0.6818232381893203,0.024249633868540718,-0.03523942190608132,0.7302651643519604,-0.07691630142504209,-0.17075761793940603,0.09366031041030407,-0.005826327196700731,-0.003123485657852143,0.0016295625187012774,40069,717000000,9.03,0,2,1,-2.201577611617091,0.49431107725671414,4.348470023911227,-2.3376916975924233,0.6193198761952835,4.4306133796714695,67.7881407737732
-7.339649071302866,4.418828150443467,5.929776485888252,-2.0615568582540695,2.6247278464855612,4.332246145458947,-0.6820167945922672,0.025238685631737638,-0.035547354673704915,0.7300359485788172,-0.07308788485047364,-0.17383548044973146,0.09519539898872488,-0.005174843954591779,-0.0028282554467295995,0.002501815265532059,40070,16000000,8.99,0,2,1,-2.201577611617091,0.49431107725671414,4.348470023911227,-2.385400565439228,0.659626106124693,4.46167948190029,68.8724045753479
-7.477293342162038,4.343157572190956,5.8763066800438635,-2.1130879538534497,2.650699464381581,4.36772703391326,-0.6823343648367064,0.026067994986239663,-0.035798724945842485,0.7296976945917657,-0.06941696285536211,-0.17639617932650872,0.09465393981487738,-0.004610448377206922,-0.0024807683757899213,0.0036410501706996,40070,287000000,8.94,0,2,1,-2.201577611617091,0.49431107725671414,4.348470023911227,-2.4370092350926695,0.7011435682087341,4.495192397428302,69.91956973075867
-7.612492823579744,4.263200821770462,5.8090169943749475,-2.155621842467624,2.670934807901991,4.396279684585347,-0.6826981849198797,0.026679660314559386,-0.03597907784878285,0.7293263261323786,-0.06634991376166315,-0.17840532444690668,0.09267181866585461,-0.004180438054390834,-0.0022351620373228798,0.004808534004041576,40070,552000000,8.8,0,2,1,-2.201577611617091,0.49431107725671414,4.348470023911227,-2.4835215069164454,0.7362957599433532,4.524943635743804,70.83460760116577
-7.745114089990659,4.179036806841351,5.728968627421411,-2.2021394629028266,2.6918331479283593,4.426297906112388,-0.6832503583409341,0.027294187178857142,-0.036147549733720676,0.7287779701812332,-0.0629443339307742,-0.18057368300553067,0.08883741285114476,-0.0037592129501717864,-0.002133079965460638,0.006543531253555557,40070,821000000,8.92,0,2,1,-2.5278093978219185,0.7674674319825454,4.552731575869447,-2.5278093978219185,0.7674674319825454,4.552731575869447,71.77815961837769
-7.8750262602163925,4.090748587125117,5.63742398974869,-2.2561436321683495,2.715071808429132,4.459125647125526,-0.6842786172767998,0.027641029765598367,-0.03657708405728936,0.7277780323238081,-0.06707448821566185,-0.18197082595673872,0.08282827666237517,-0.00309947238292807,0.008958194212027593,0.014826305596216116,40071,127000000,8.95,0,2,1,-2.5278093978219185,0.7674674319825454,4.552731575869447,-2.573103408841677,0.796809773225404,4.5804040455544754,72.78076362609863
-8.00210112662942,3.9984232924354535,5.535826794978997,-2.310379213670898,2.7416930369926122,4.489983259266182,-0.6864245002541882,0.026563515475332915,-0.03813378559111049,0.7257145440824999,-0.07952351486961858,-0.18273329894208115,0.07523194761405863,-0.0013838920267517096,0.011956124853895744,0.01681659632595256,40071,475000000,9.1,0,2,1,-2.5278093978219185,0.7674674319825454,4.552731575869447,-2.6262760741424147,0.8281278242214691,4.611491694668899,73.80618238449097
-8.126213281678526,3.9021520366916485,5.425779291565072,-2.3618982425831594,2.7690076234476004,4.516627484700799,-0.6881166796442459,0.025771285329320114,-0.03917038336456956,0.7240835291007008,-0.08466119576168188,-0.18486887266229424,0.06636403661942722,-0.0009487551835718477,0.004904141451333999,0.013995714107295498,40071,841000000,9.51,0,2,1,-2.5278093978219185,0.7674674319825454,4.552731575869447,-2.6810128038576218,0.8574041011242576,4.6414036090915465,74.86881899833679
-8.247240241650918,3.802029828000155,5.3090169943749475,-2.4145464325364046,2.796542725949534,4.540495277904264,-0.6895040313024869,0.025838731486643937,-0.039332978901463284,0.7227513179119891,-0.08169394260690259,-0.18777275650067257,0.05587639535244217,-0.0007870075990012992,-0.0041969526591856265,0.010418494002806256,40072,201000000,9.84,0,2,1,-2.5278093978219185,0.7674674319825454,4.552731575869447,-2.73379480666749,0.883221943165126,4.667902785252709,75.8933515548706
-8.365062567548867,3.698155474893048,5.187381314585724,-2.4649743956364696,2.820255114835749,4.559793577432894,-0.6903355704839733,0.026669970252045247,-0.03871547452132179,0.7219602654190265,-0.07264046067256079,-0.1908760102773474,0.044887796883403046,-0.0003877917606587289,-0.008575843821745366,0.007552497254437185,40072,488000000,10.06,0,2,1,-2.5278093978219185,0.7674674319825454,4.552731575869447,-2.7881076458776306,0.9076131469257666,4.692402069886644,76.83020377159119
-8.479563982961572,3.5906314888159443,5.0627905195293135,-2.524262000661896,2.8440382908447517,4.577916352124879,-0.6911247459688507,0.02775868910863014,-0.037789458166566745,0.7212128656228612,-0.061536468819496835,-0.19457766651586778,0.03113153092472671,-9.298269176838403e-05,-0.008243272986874217,0.007490551070077345,40072,789000000,10.29,0,2,1,-2.5278093978219185,0.7674674319825454,4.552731575869447,-2.8439755838072864,0.9307287149875905,4.714431453838121,77.8614432811737
-8.590631488815944,3.4795639829615723,4.937209480470687,-2.5814591559214484,2.863377811441255,4.5908239142775695,-0.6919301027287843,0.02862646576949194,-0.0370159784444563,0.720446441961567,-0.052632821554230644,-0.19791273922048447,0.017516024513686425,0.0002633660386663905,-0.006677099963781075,0.008186633294826606,40073,112000000,10.27,0,2,1,-2.5278093978219185,0.7674674319825454,4.552731575869447,-2.9012633899653117,0.952902884046527,4.733250789962196,78.86640477180481
-8.69815547489305,3.3650625675488666,4.812618685414275,-2.648082525441277,2.8822560175485443,4.600420605755321,-0.6929473989898189,0.029368269227231205,-0.03626467334124499,0.7194763932633887,-0.04376898805513817,-0.20141811737080517,0.0010820449345641191,0.0005823934202453529,-0.005177558023206075,0.009059550848178333,40073,457000000,10.4,0,2,1,-2.5278093978219185,0.7674674319825454,4.552731575869447,-2.959790526033935,0.9744632975972937,4.748265270279783,79.91083931922913
-8.802029828000155,3.247240241650919,4.6909830056250525,-2.728773581899694,2.9007929556803447,4.604561212259984,-0.6943167572176145,0.030027870507037608,-0.035543960262635926,0.7181637658142304,-0.034826623890659617,-0.20513821839638097,-0.018489119679719314,0.00026339582746004453,-0.003906982010448701,0.010850371290871408,40073,761000000,10.56,0,2,1,-2.5278093978219185,0.7674674319825454,4.552731575869447,-3.0272676969207146,0.9968033208192457,4.760343843309305,81.01856732368469
-8.902152036691648,3.126213281678527,4.574220708434928,-2.786624370892573,2.9116632104994222,4.602952606669272,-0.6954396814982577,0.03041640274117765,-0.035140325510317295,0.7170799462855708,-0.02945747638113607,-0.20745847017525895,-0.03167714102405243,0.0011517884331624373,-0.003234730888834747,0.012262555173947476,40074,17000000,10.79,0,2,1,-2.5278093978219185,0.7674674319825454,4.552731575869447,-3.1083615358444994,1.0194368281140487,4.76764452428492,81.95077681541443
-8.998423292435453,3.00210112662942,4.4641732050210035,-2.854055615619997,2.9221107642158546,4.596543849569774,-0.6969547916205469,0.030711204060383693,-0.03461080329746255,0.7156206625562357,-0.023689553623511005,-0.21007184080370353,-0.047380344627941495,0.002109722117893398,-0.003024352872671443,0.014535859190800693,40074,306000000,10.98,0,2,1,-3.1664049583400784,1.0332216880409115,4.768359545607446,-3.1664049583400784,1.0332216880409115,4.768359545607446,82.93791246414185
-9.090748587125116,2.8750262602163934,4.362576010251311,-2.91409319995884,2.930049803926416,4.5868893527624515,-0.698573840893372,0.030714288299428752,-0.03430638968155329,0.7140548248844473,-0.028258357607804253,-0.21098956538232816,-0.06004922710972159,0.0018988359443028457,0.008179080214176793,0.020711112847493496,40074,625000000,11.23,0,2,1,-3.234025781865413,1.047389816361511,4.764648545535608,-3.234025781865413,1.047389816361511,4.764648545535608,83.8672182559967
-9.17903680684135,2.7451140899906603,4.271031372578589,-2.982762885785561,2.944453640218578,4.572056581003228,-0.7013635649473218,0.028802988983510174,-0.03568553428272849,0.7113269854525104,-0.05199365735907483,-0.2096234606243692,-0.07198616282003843,0.003975226445618318,0.018106322386302054,0.01835886978369672,40074,933000000,11.51,0,2,1,-3.234025781865413,1.047389816361511,4.764648545535608,-3.294324274311489,1.058273182669584,4.757209903629789,84.80751705169678
-9.263200821770461,2.6124928235797467,4.190983005625053,-3.0515218949220535,2.9653642511102674,4.553512101978433,-0.7029819945079141,0.026596947543349302,-0.037140164728615525,0.7097390548243647,-0.07046078033517134,-0.20972302537599857,-0.08389281321720779,0.003125876764897839,0.014937257856217911,0.011242870004934957,40075,251000000,12.06,0,2,1,-3.3644870135244425,1.0686249391616054,4.743815285416837,-3.3644870135244425,1.0686249391616054,4.743815285416837,85.76274824142456
-9.343157572190957,2.477293342162037,4.123693319956136,-3.116536190791923,2.989477122959052,4.532769104986351,-0.7043047413415819,0.024979447043438685,-0.038168460171730034,0.7084306791756625,-0.08318558543059877,-0.21041585679564734,-0.09525557565071033,0.003364491180946061,0.011392029318813002,0.014886427197779994,40075,544000000,12.41,0,2,1,-3.3644870135244425,1.0686249391616054,4.743815285416837,-3.4360548068611947,1.076844803946039,4.725296142672554,86.75690603256226
-9.418828150443467,2.339649071302867,4.070223514111749,-3.1864057173151803,3.0186528342079844,4.506980507234406,-0.7063732530814749,0.02367112742779798,-0.03890384824070518,0.706373127779827,-0.09328695119182133,-0.2108930518922242,-0.10753750274970442,0.002422367856524943,0.008358377272088546,0.02003306035476271,40075,831000000,12.65,0,2,1,-3.5044935920089473,1.0829112903063716,4.703296229102892,-3.5044935920089473,1.0829112903063716,4.703296229102892,87.76869750022888
-9.490137878803077,2.1996958492795766,4.031416838871369,-3.252637618280469,3.048137930815948,4.479336751431136,-0.7087199245697816,0.022827602648992647,-0.03930826811524588,0.7040240259628093,-0.09813030215633527,-0.21169889112657456,-0.11906933484506325,0.0033814429571066285,0.0044707847337122075,0.025307996475021355,40076,146000000,12.95,0,2,1,-3.5044935920089473,1.0829112903063716,4.703296229102892,-3.578716193768833,1.0882266876507034,4.6750916421794075,88.76924347877502
-9.557016383177224,2.0575717930255455,4.0078852986855225,-3.3240368461972554,3.079473724115197,4.446088313532019,-0.7118443269082362,0.02247893468828155,-0.03910052459131722,0.7008876519960414,-0.095200635238438,-0.21277564007454436,-0.13109066048564197,0.0026905725007964065,-0.002227833101642318,0.02775352004391607,40076,455000000,13.25,0,2,1,-3.5044935920089473,1.0829112903063716,4.703296229102892,-3.649160907817509,1.0928221682037682,4.644376617441046,89.791823387146
-9.619397662556432,1.9134171618254514,4.0,-3.387484576363424,3.1044225638929865,4.413931490990903,-0.7143283560066674,0.02301798085784386,-0.038251167575638303,0.6983852951925177,-0.08176919598983086,-0.21577651252637137,-0.13996924513476244,0.001041930534029234,-0.013412631597020663,0.01871437816589605,40076,800000000,13.62,0,2,1,-3.724785183591417,1.09733743179068,4.607426666711348,-3.724785183591417,1.09733743179068,4.607426666711348,90.72840857505798
-9.677220154149337,1.7673742188962849,4.0078852986855225,-3.452288233694601,3.1229269828741075,4.379657304502567,-0.7154366780513032,0.024832578546676993,-0.03630183498225256,0.6972918180493445,-0.05742870378305056,-0.22061947075867874,-0.1457285408217476,0.0008010846670458704,-0.021036535690655,0.007584515697089955,40077,188000000,13.85,0,2,1,-3.7911888919424035,1.1009018285433847,4.571984609746743,-3.7911888919424035,1.1009018285433847,4.571984609746743,91.67909383773804
-9.704403844771127,1.6936896012264566,4.017712749271311,-3.5231149945572082,3.1352257598915467,4.341397793868497,-0.715809587459788,0.02697900348566367,-0.034025187988634346,0.696944082731109,-0.03435814975302617,-0.22519125366066012,-0.14969273077711007,0.00020714250723585792,-0.019667197921080515,-0.00031174056687177654,40077,481000000,13.82,0,2,1,-3.7911888919424035,1.1009018285433847,4.571984609746743,-3.857647694877293,1.1047262875015973,4.533967911951541,92.64944291114807
-9.755282581475768,1.5450849718747375,4.048943483704846,-3.595071049930723,3.1408800168589424,4.3021670204597084,-0.7152763143392605,0.02881917760111826,-0.03211595290121949,0.6975082900703654,-0.014667427393802885,-0.22865843969924268,-0.15209997215701518,0.00037398903884877654,-0.016148879694810603,-0.008274537049146602,40077,787000000,13.68,0,2,1,-3.9286876906614765,1.1097151566313468,4.490863959290639,-3.9286876906614765,1.1097151566313468,4.490863959290639,93.60332560539246
-9.801468428384716,1.3949555301961478,4.09517294753398,-3.6580250971375214,3.1413302106651355,4.2677557101466865,-0.7142425410422252,0.03007633133964831,-0.03077315151875035,0.698574276655172,-1.2799237577901934e-05,-0.23064778173880587,-0.15302013815502213,0.0004377353462814426,-0.013433565618470311,-0.012639197575481376,40078,81000000,13.42,0,2,1,-3.999458489511699,1.1155537015221237,4.445979403837742,-3.999458489511699,1.1155537015221237,4.445979403837742,94.56564593315125
-9.842915805643155,1.2434494358242763,4.155672074497984,-3.7359844920319505,3.1370909646584217,4.225391320565487,-0.7125368611224494,0.03133991161086846,-0.02942649764985625,0.700316437560945,0.01610138509191993,-0.2321322949284534,-0.15222084326675195,1.1989504766773962e-05,-0.011301412905595498,-0.017839485008153133,40078,393000000,13.14,0,2,1,-3.999458489511699,1.1155537015221237,4.445979403837742,-4.060610324874393,1.1208318066571796,4.4062501454783005,95.53269863128662
-9.879583809693736,1.0907162069827139,4.22948675722421,-3.818999070343088,3.1275989792999925,4.181074612128692,-0.7099883418991423,0.0324991361119488,-0.02828981422684182,0.7028940509993625,0.031243692647856987,-0.23251820155035233,-0.14931268712315646,-0.00034365833982974436,-0.010029812347056577,-0.024089588259812444,40078,705000000,12.74,0,2,1,-3.999458489511699,1.1155537015221237,4.445979403837742,-4.135625799783553,1.127106940794115,4.357071701574245,96.56978178024292
-9.911436253643444,0.9369065729286229,4.315452894071312,-3.8922067800443814,3.1156645205435396,4.143072270391275,-0.7071922836748926,0.033408488698933786,-0.027419982349231688,0.7056990090410437,0.042883135788683704,-0.2322647591619326,-0.1451970244038517,5.1997893635302717e-05,-0.009493695324636064,-0.027738001335819717,40079,11000000,12.23,0,2,1,-3.999458489511699,1.1155537015221237,4.445979403837742,-4.2149315902024105,1.1328705250969566,4.305510603444343,97.6257791519165
-9.938441702975688,0.7821723252011549,4.412214747707527,-3.9652117516287095,3.101209835766115,4.106691216374507,-0.7042827524976115,0.03407609649034726,-0.026734658447411935,0.708597122644503,0.04900520811233988,-0.231402785237712,-0.13851319301057546,0.00015089695750702958,-0.0016153055412360118,-0.021151546388864517,40079,334000000,11.71,0,2,1,-3.999458489511699,1.1155537015221237,4.445979403837742,-4.284536296952355,1.1367744013498422,4.26140310211799,98.66665267944336
-9.960573506572388,0.6266661678215226,4.518246325898284,-4.047427616280774,3.0855473136848586,4.068465060654088,-0.7025605081095119,0.03351852831423194,-0.027268014212506773,0.7103109854883696,0.04149997613483338,-0.23038688143293906,-0.12747650444910566,-0.00015773456993883883,0.009274799140257528,-0.008124905252770986,40079,632000000,11.18,0,2,1,-4.353740623576564,1.139337793513754,4.219284323976485,-4.353740623576564,1.139337793513754,4.219284323976485,99.78287553787231
-9.984586668665639,0.3922954786392253,4.690983005625052,-4.124071179415827,3.075266989697039,4.036270641037541,-0.7021775738248532,0.032170983322436376,-0.028440754323486375,0.7107058506463988,0.026619424297389782,-0.2275035587958456,-0.11326744955640158,0.0019560098053261754,0.011443459607107798,0.0005601986345027399,40079,934000000,10.86,0,2,1,-4.431440744803546,1.1404571304153173,4.174855188630613,-4.431440744803546,1.1404571304153173,4.174855188630613,100.83052849769592
-9.99444937480985,0.23553225354821478,4.812618685414274,-4.189386944202786,3.070305733184575,4.012312938508241,-0.702472409234117,0.030938572231060293,-0.029296252059763758,0.7104344083927587,0.014893444931303717,-0.22233132001974715,-0.09703576650255477,9.121309787474274e-05,0.009264349409932038,0.0004079738346263184,40080,224000000,10.73,0,2,1,-4.431440744803546,1.1404571304153173,4.174855188630613,-4.503691581574807,1.1399086657244066,4.136643718459927,101.82963180541992
-9.999383162408304,0.07853658655910355,4.9372094804706865,-4.257246601286496,3.0678863287902085,3.991864745861169,-0.7022019324394501,0.030084954746264197,-0.03008701968854179,0.7107053628772463,0.006518604486329993,-0.21705372896999148,-0.07763047850243636,-0.0010203470651504176,0.006375803241098765,-0.005497032316270634,40080,506000000,10.7,0,2,1,-4.431440744803546,1.1404571304153173,4.174855188630613,-4.5661257682730465,1.138027174020892,4.106484937493429,102.8220489025116
-9.999383162408304,-0.07853658655910231,5.062790519529313,-4.32756766826997,3.067992941447298,3.9763736897955364,-0.7014767813641191,0.029537253583939223,-0.030790392352838,0.711413963593991,-0.0004314691782906795,-0.21298496912878967,-0.056759354019600174,-0.0012453369322429353,0.004079560176251107,-0.006211078743945109,40080,819000000,10.57,0,2,1,-4.431440744803546,1.1404571304153173,4.174855188630613,-4.632060852692643,1.1342551568903867,4.078349888271374,103.84098410606384
-9.99444937480985,-0.23553225354821355,5.187381314585725,-4.396246955716311,3.069900371320832,3.967304855400577,-0.7008944078308026,0.029260734367357363,-0.03127409898161347,0.7119780679407757,-0.0042467598421519984,-0.21034606297566766,-0.036985859729165335,-0.001753436458784563,0.002171834103137371,-0.0034009111232080613,40081,101000000,10.35,0,2,1,-4.431440744803546,1.1404571304153173,4.174855188630613,-4.701223954236986,1.1277847801025065,4.053557508343585,104.84437417984009
-9.984586668665639,-0.3922954786392241,5.309016994374947,-4.463749465270905,3.0726613537157714,3.964347971360903,-0.7007002831053443,0.02927383190701156,-0.03162505801666675,0.7121530816664438,-0.005560900185090666,-0.20880305061239354,-0.018103043663525047,-0.002596796684883884,0.0005656531016029476,0.0004471304833941758,40081,369000000,10.13,0,2,1,-4.769468301525488,1.1177407552418472,4.034146177951085,-4.769468301525488,1.1177407552418472,4.034146177951085,105.89986515045166
-9.969804777275899,-0.5486715554552248,5.425779291565071,-4.530224179329661,3.075104824708891,3.967285860481109,-0.7010627679258644,0.029485998172435503,-0.03167726367217019,0.7117851658373783,0.00047530322042184153,-0.20581225470670184,-9.491051773132771e-05,0.0003421661773472806,-0.0031465667689190013,0.009235557172360132,40081,680000000,9.94,0,2,1,-4.769468301525488,1.1177407552418472,4.034146177951085,-4.836365166244078,1.1057216667773457,4.020044484864082,106.90659880638123
-9.950118288582788,-0.7045061596879131,5.5358267949789965,-4.590759118676422,3.0736835282963515,3.9749637848171346,-0.7023284231782552,0.029994324126597464,-0.03112191298533091,0.710539621026349,0.014028711326615317,-0.2006268783958552,0.01578172961232007,-0.001052851359872875,-0.00523827557117329,0.010158341046917485,40082,27000000,9.83,0,2,1,-4.901635515831867,1.0923103654364956,4.011362573577599,-4.901635515831867,1.0923103654364956,4.011362573577599,107.90187168121338
-9.92554663077387,-0.8596455013970467,5.637423989748689,-4.64944450896903,3.067764851032934,3.9871051583392476,-0.7029066734527358,0.03085724037158171,-0.030471652380376857,0.7099588139698447,0.032494012296041735,-0.19623574693677864,0.02993858475238221,-0.0021310624788384303,-0.0139593184030673,-0.002067878688194469,40082,328000000,9.9,0,2,1,-4.9612038194964585,1.0782812622954392,4.0084478570526105,-4.9612038194964585,1.0782812622954392,4.0084478570526105,108.88640642166138
-9.896114053108828,-1.0139364767825625,5.728968627421412,-4.706808257460259,3.0544618418938105,4.002956296402656,-0.7017912602929428,0.033012208275482124,-0.028727667621213135,0.7110372298229284,0.059322334586429847,-0.19283678686139577,0.04140378699989112,-0.0023925093955767807,-0.021072887284390163,-0.015454803906322923,40082,631000000,10.0,0,2,1,-5.0229484266077655,1.061658695598803,4.0107762975628845,-5.0229484266077655,1.061658695598803,4.0107762975628845,109.84515571594238
-9.861849601988382,-1.1672268192795263,5.8090169943749475,-4.762941176324115,3.034120397409441,4.0222077094491135,-0.6996101739576482,0.0353236694178299,-0.02690963501746152,0.7131435440477855,0.08179816513738289,-0.18883288933264863,0.05197369700784636,-0.002469958235451486,-0.019366884407645557,-0.022159806394483894,40082,964000000,9.67,0,2,1,-5.0229484266077655,1.061658695598803,4.0107762975628845,-5.075515919909305,1.045790546859629,4.017035223277151,110.83705949783325
-9.82278709228899,-1.3193652498268629,5.876306680043863,-4.824944897220889,3.0047766369989373,4.047823542598184,-0.6967673815291825,0.03732647333582433,-0.025448492514536642,0.7158731204997252,0.09760618647378906,-0.18319731793847402,0.06358549687264989,-0.0017287570813095954,-0.00844340183903114,-0.019111797337245662,40083,293000000,9.32,0,2,1,-5.0229484266077655,1.061658695598803,4.0107762975628845,-5.130294955146092,1.027338587704826,4.027913633126848,111.95841264724731
-9.77896507399165,-1.4702016261615194,5.929776485888251,-4.884782169937316,2.972904141847986,4.077574627151136,-0.6947845044044799,0.0378262692818221,-0.0253529969737548,0.717774958699514,0.10088919026003251,-0.17702472310540351,0.07648540148006668,-0.001633280191981612,0.002034888211710495,-0.0126783150335541,40083,578000000,9.0,0,2,1,-5.193894299597096,1.0030901760008555,4.046385503455422,-5.193894299597096,1.0030901760008555,4.046385503455422,113.06804823875427
-9.730426794137728,-1.6195870909907482,5.968583161128631,-4.942316416511383,2.9409563310301325,4.111480100464852,-0.6933665883207304,0.03764404875624591,-0.025800441373929634,0.7191383990711512,0.10590551326505915,-0.1712025350217336,0.08675408442243629,-0.0006103899522713618,-0.002821752968884539,-0.01329930009887903,40083,858000000,8.64,0,2,1,-5.193894299597096,1.0030901760008555,4.046385503455422,-5.248529054378648,0.9795571997410453,4.0673343123688,114.20908856391907
-9.677220154149335,-1.7673742188962858,5.9921147013144775,-5.001108442732455,2.903913579442508,4.150075928396202,-0.6915338825508217,0.03801021047822156,-0.0256068896506242,0.7208886185715573,0.1122988691003626,-0.16450349135926093,0.09507662044525912,-0.0004711128639200979,0.0019074462443313678,-0.012448527195374481,40084,195000000,8.43,0,2,1,-5.193894299597096,1.0030901760008555,4.046385503455422,-5.304719793056757,0.9524835666516621,4.09363144501155,115.39304852485657
-9.588773128419906,-1.985739453173902,5.998026728428272,-5.051148125320002,2.871041054711995,4.187151200570616,-0.6902811704009806,0.03753700010928972,-0.02619074428166701,0.7220920469902847,0.11005748630292186,-0.15863361163737671,0.10437835138616902,-0.0007347013593062002,0.00575023209421488,-0.009389264505443862,40084,505000000,8.19,0,2,1,-5.193894299597096,1.0030901760008555,4.046385503455422,-5.362090403902039,0.9214112121311717,4.125315231879874,116.45980143547058
-9.524135262330098,-2.1288964578253613,5.982287250728689,-5.096265717497845,2.8412237415174366,4.224480707571207,-0.6894139954056456,0.03693139264472064,-0.026947954761079272,0.722923386611846,0.1061677022205894,-0.15375834822442824,0.11359906133469533,-0.0012684415423791506,0.006132517910373281,-0.007495712816307787,40084,837000000,8.01,0,2,1,-5.193894299597096,1.0030901760008555,4.046385503455422,-5.411320167111253,0.8917154385513967,4.156155988066923,117.48380327224731
-9.45503262094184,-2.2699524986977355,5.951056516295154,-5.142563007976562,2.81089035297616,4.267179499475473,-0.6886456951679287,0.036349286210618795,-0.027737926116866818,0.7236549200920241,0.10123591306647854,-0.14904288143709193,0.12351471230627409,-0.0009271785927467135,0.00527256629538897,-0.0062449959841615055,40085,157000000,7.89,0,2,1,-5.456069622108103,0.8622630374191924,4.186793065861323,-5.456069622108103,0.8622630374191924,4.186793065861323,118.54292058944702
-9.381533400219318,-2.408768370508577,5.904827052466019,-5.189875801952168,2.7797761040294415,4.315253435791792,-0.6880909681059288,0.035779090928131356,-0.02803780950694674,0.7241992526242029,0.10336077063967168,-0.14336724970378106,0.12762486399097223,0.00406551343985484,-0.0008153362273333187,-0.0012728086403512862,40085,451000000,7.79,0,2,1,-5.502370537747556,0.8292271684882394,4.22066302479421,-5.502370537747556,0.8292271684882394,4.22066302479421,119.6474552154541
-9.303710135019719,-2.545207078751856,5.844327925502015,-5.235239206273753,2.745550280990979,4.362440389190235,-0.6880744281634036,0.035714944778386874,-0.027186814081797746,0.7242505789898711,0.11483492642944526,-0.13656766100046663,0.12248465731463501,0.004397588463689317,-0.004850366531172767,-0.002053350476671767,40085,761000000,7.76,0,2,1,-5.502370537747556,0.8292271684882394,4.22066302479421,-5.55006443233851,0.7923730431423602,4.25736106252651,120.7173924446106
-9.179036806841353,-2.745114089990657,5.728968627421413,-5.2787902663387225,2.7076105983154,4.407449353948235,-0.6876094452886825,0.03581334670308372,-0.026222180964231297,0.7247227415868736,0.12354007889713473,-0.1299299367074595,0.1166279186229194,0.0034241099001519615,-0.0028866244065284263,-0.0044956211240787525,40086,48000000,7.87,0,2,1,-5.596311046345095,0.7537314366247326,4.294063533644967,-5.596311046345095,0.7537314366247326,4.294063533644967,121.75925707817078
-9.09074858712512,-2.8750262602163907,5.637423989748691,-5.3181481416356196,2.6696728462149784,4.447828474374102,-0.687014563913695,0.03572487625893105,-0.025450285657651152,0.7253185542550965,0.13225117747551965,-0.12406502042063121,0.10882408871735627,0.005349712364477455,-0.006452634124798351,-0.006818843758082949,40086,355000000,7.95,0,2,1,-5.596311046345095,0.7537314366247326,4.294063533644967,-5.641130421428113,0.7133603459620431,4.329964559107137,122.78607106208801
-8.99842329243545,-3.0021011266294213,5.535826794978996,-5.351606588653401,2.6334886158285142,4.480356037830105,-0.686203983499278,0.03592245130148915,-0.02425979598876001,0.7261164733159536,0.14079369354866828,-0.11902650798212386,0.09953237919459795,0.006775070824005525,-0.004905914192931959,-0.008044083097047405,40086,702000000,8.01,0,2,1,-5.596311046345095,0.7537314366247326,4.294063533644967,-5.682009018330262,0.6738423855135621,4.362370430248519,123.793869972229
-8.902152036691648,-3.1262132816785257,5.425779291565073,-5.388536239809059,2.590689902461819,4.51475623764104,-0.6853223841424938,0.03544361633935265,-0.023370744328294075,0.7270012298226041,0.14240450158135862,-0.11312507708452128,0.09188834150200689,0.0063333370235341135,0.0004171088193061223,-0.007762481436657254,40087,18000000,8.05,0,2,1,-5.596311046345095,0.7537314366247326,4.294063533644967,-5.716771240969225,0.6381175264225952,4.389147040531004,124.8167462348938
-8.802029828000155,-3.2472402416509176,5.309016994374948,-5.4174702556014624,2.555952402811209,4.540958471865949,-0.6846189723962072,0.03478448712993165,-0.02298154892206458,0.7277078744244917,0.14081912626933504,-0.10871431760073816,0.08711508480949523,0.006293358774200897,0.0021595448970401776,-0.008086775505944388,40087,362000000,8.07,0,2,1,-5.596311046345095,0.7537314366247326,4.294063533644967,-5.755406238995491,0.5960403622952541,4.417403721902882,125.80866241455078
-8.69815547489305,-3.3650625675488657,5.187381314585726,-5.46005851226724,2.5040306623631454,4.578931004815602,-0.6834299348820116,0.03355473308465,-0.022538784061326214,0.7288961566696752,0.1349228188045916,-0.1022507433860472,0.08156084341880235,0.005707708169211401,0.0025515155130051426,-0.008886054365575546,40087,733000000,8.07,0,2,1,-5.785936355538235,0.5609118053151323,4.438117911127375,-5.785936355538235,0.5609118053151323,4.438117911127375,126.92985653877258
-8.590631488815946,-3.4795639829615697,5.062790519529315,-5.496750314206624,2.4582482192562467,4.610276358365834,-0.6823181149207752,0.03269173409913182,-0.021622381176727795,0.7300039131434842,0.14122645182245847,-0.09704068535837031,0.06821896389819881,0.009445161867915886,-0.0071472169111075345,-0.008591016012360342,40088,41000000,8.07,0,2,1,-5.785936355538235,0.5609118053151323,4.438117911127375,-5.831432500209407,0.5052511258525088,4.4654029971812745,128.05235695838928
-8.47956398296157,-3.5906314888159447,4.937209480470686,-5.526695831279799,2.4161891995624036,4.630869555580896,-0.6813437201990273,0.032658065172024284,-0.019769152868677444,0.7309674180970203,0.15152792427659129,-0.09221889078414519,0.05103895802285115,0.01086803458747454,-0.006234513512026751,-0.009640820553613594,40088,350000000,8.14,0,2,1,-5.870872463567761,0.4535901546431733,4.484612314841273,-5.870872463567761,0.4535901546431733,4.484612314841273,129.0461494922638
-8.365062567548867,-3.6981554748930483,4.812618685414275,-5.555769074656278,2.3722383417635156,4.64676348006872,-0.6801674055848232,0.0322051613395193,-0.018132633516761094,0.7321245355572046,0.16022883755253908,-0.08735908431231075,0.03388480980527568,0.011113010532426415,-0.010745965755631914,-0.014365192419063533,40088,680000000,8.28,0,2,1,-5.902891374177469,0.4095468535013997,4.49680892542054,-5.902891374177469,0.4095468535013997,4.49680892542054,130.04776239395142
-8.247240241650918,-3.8020298280001557,4.690983005625052,-5.592160201551701,2.3097997089427285,4.657812045468678,-0.6775087696222128,0.032859696713501696,-0.014817352846333445,0.7346308960774242,0.1823237495680439,-0.08158015979946989,0.004572024299683043,0.010995741740771336,-0.01656763270148076,-0.023128033353714272,40089,21000000,8.36,0,2,1,-5.902891374177469,0.4095468535013997,4.49680892542054,-5.934128885050011,0.36458864894520515,4.50506833701777,131.21197748184204
-8.064535268264883,-3.950775061878452,4.518246325898285,-5.626171418583054,2.244523740540678,4.659023600741338,-0.6743868353297204,0.033136590991039584,-0.012011676583665108,0.7375364955696135,0.18889101633272976,-0.07523779134750208,-0.01635531712586982,0.011263589567533927,-0.003970456714341708,-0.020737081649713218,40089,353000000,8.45,0,2,1,-5.902891374177469,0.4095468535013997,4.49680892542054,-5.9725381489342775,0.3065331331797298,4.509758169514405,132.32192516326904
-7.938926261462367,-4.045084971874736,4.4122147477075275,-5.660236479857115,2.17696136378357,4.654225448564811,-0.6717753938862348,0.031473524303234815,-0.01063208690729968,0.7400095919411607,0.17834451881103117,-0.06795827152673808,-0.02798329588893087,0.012389479161356576,0.005093614481666009,-0.018878002083511092,40089,685000000,8.41,0,2,1,-6.007714453075382,0.25052998730300385,4.508095174609314,-6.007714453075382,0.25052998730300385,4.508095174609314,133.48146057128906
-7.8104168892606545,-4.135402871372808,4.315452894071313,-5.686966821927662,2.123446374313944,4.646742505318858,-0.6696451922348161,0.029578501669773393,-0.009704569157576278,0.7420284698670483,0.17331467656838367,-0.06197851164753426,-0.039828169368686474,0.014412131531571504,0.0002949113607542131,-0.018492907838663086,40089,993000000,8.26,0,2,1,-6.043443455864867,0.190410381676047,4.499596864666826,-6.043443455864867,0.190410381676047,4.499596864666826,134.57164669036865
-7.679133974894982,-4.2216396275100765,4.22948675722421,-5.713986097247028,2.0659122127317304,4.6328022636030255,-0.6673542636566836,0.028303030013228134,-0.0077678071678494495,0.7441618684420206,0.17676644610148173,-0.05578189221623092,-0.058660993294934995,0.014785220355406636,-0.0038299394418572774,-0.01902724579849746,40090,283000000,8.13,0,2,1,-6.072277109760691,0.13900546519672316,4.487140510850485,-6.072277109760691,0.13900546519672316,4.487140510850485,135.62527799606323
-7.545207078751855,-4.303710135019719,4.155672074497985,-5.738166230739634,2.0106665724878607,4.614047351418035,-0.6650922744096647,0.027285944310134515,-0.005733769160467401,0.746240489155405,0.17895756320438605,-0.05000656136126291,-0.0747129732030653,0.014730212933500297,-0.004684443365476909,-0.019641701510408893,40090,599000000,8.1,0,2,1,-6.072277109760691,0.13900546519672316,4.487140510850485,-6.101550463092094,0.08358603914683121,4.468640677558766,136.79047513008118
-7.339649071302867,-4.418828150443467,4.070223514111749,-5.762388369359751,1.951454474354874,4.588992748816736,-0.6626389283785726,0.02610511858279856,-0.0036151407415055715,0.748475186053949,0.17534275543852829,-0.043783741539018345,-0.08606025827679534,0.015446345059899613,0.0004959290521355797,-0.01951091780938441,40090,867000000,8.07,0,2,1,-6.127604292964813,0.030630218123929846,4.446358195109151,-6.127604292964813,0.030630218123929846,4.446358195109151,137.85530519485474
-7.199695849279577,-4.490137878803077,4.031416838871369,-5.784532561276602,1.894552740525303,4.561147814188416,-0.6602759330003529,0.024161136734456516,-0.001872367288075166,0.7506320177110424,0.17004409005355456,-0.037412097178047145,-0.09458452438319735,0.01719654737826204,-0.0011537603541000863,-0.018710980839387048,40091,278000000,8.04,0,2,1,-6.127604292964813,0.030630218123929846,4.446358195109151,-6.153631674889374,-0.026480269897115306,4.417776833511562,138.9395523071289
-7.0575717930255415,-4.557016383177227,4.007885298685522,-5.805890447350395,1.8347021317402736,4.527527670377982,-0.6578590382296062,0.02246551200638381,0.00042492516946327115,0.7528058222599695,0.16620013053744082,-0.030508878222576325,-0.10352976580556975,0.016021286319300998,0.0008499855482568819,-0.01772473333403468,40091,614000000,7.98,0,2,1,-6.177815697078681,-0.08449808449168027,4.3845838820362255,-6.177815697078681,-0.08449808449168027,4.3845838820362255,140.12379789352417
-6.913417161825448,-4.619397662556434,4.0,-5.820745577341619,1.7895862655846013,4.4998843656271035,-0.6560854983683404,0.02094455923150642,0.001804203337000888,0.7543937228792956,0.1624462356963583,-0.025291682000595884,-0.10775383181859395,0.01591984364495147,-0.000512238153760336,-0.016736433826736175,40091,924000000,7.99,0,2,1,-6.177815697078681,-0.08449808449168027,4.3845838820362255,-6.201266601760414,-0.14690823259621827,4.345057983317792,141.18297743797302
-6.767374218896285,-4.677220154149337,4.0078852986855225,-5.835170202601898,1.7411140741352982,4.468249689482803,-0.6543008181671864,0.01974088512890265,0.0036905503404783893,0.7559676690429703,0.1616304197857381,-0.019446500855417877,-0.11345962139097525,0.015925569823593833,-0.000774166608152882,-0.015146851183089893,40092,228000000,8.0,0,2,1,-6.177815697078681,-0.08449808449168027,4.3845838820362255,-6.2179198180300626,-0.1961274686388985,4.311679914537138,142.13733053207397
-6.6195870909907475,-4.730426794137727,4.031416838871369,-5.847717250020164,1.6937494976086251,4.436005408096771,-0.6527362156993004,0.018130790438162774,0.005217300651289004,0.7573503066128366,0.15517606232779724,-0.01348707900319307,-0.11255280696959606,0.015724766853963956,0.0029263498618092854,-0.013192852202337235,40092,595000000,8.08,0,2,1,-6.2341547856406105,-0.24941003111429236,4.273899963163431,-6.2341547856406105,-0.24941003111429236,4.273899963163431,143.13816356658936
-6.470201626161521,-4.77896507399165,4.070223514111748,-5.858303248241351,1.6477967183731534,4.4040341801146,-0.6513595376997007,0.01651781620092777,0.006648147975399472,0.7585602919505358,0.15522147781704668,-0.007742281688272737,-0.11389549745674454,0.014188136992743239,-0.0038230142990869354,-0.012094830526621081,40092,966000000,8.14,0,2,1,-6.2341547856406105,-0.24941003111429236,4.273899963163431,-6.2485666361296035,-0.3032507590578227,4.234638964225333,144.18886709213257
-6.319365249826863,-4.822787092288991,4.123693319956137,-5.86755889429407,1.5996060310144493,4.370595861636691,-0.6500424753307623,0.015971248863963994,0.008784295338549117,0.7596792320650774,0.16078030990159015,-0.001724882236255174,-0.1179820555909864,0.01371619737255969,-0.004497268037084723,-0.010772352561616572,40093,337000000,8.17,0,2,1,-6.2341547856406105,-0.24941003111429236,4.273899963163431,-6.260329864414128,-0.35400059075078866,4.197177549665754,145.18492770195007
-6.167226819279525,-4.861849601988383,4.190983005625053,-5.8745137424914615,1.554223057809485,4.339508729306704,-0.6490180218306494,0.014971306430886167,0.010319652301729324,0.7605556995376173,0.1575632407722907,0.004363605115127812,-0.11430570369109405,0.014955172628106084,0.0016013321101127076,-0.008830848673824221,40093,681000000,8.44,0,2,1,-6.2341547856406105,-0.24941003111429236,4.273899963163431,-6.271809511076559,-0.4124366398353737,4.154095399625672,146.14787364006042
-6.013936476782562,-4.896114053108828,4.271031372578589,-5.8794854098494245,1.5103417807215327,4.310290689032422,-0.6482141840226597,0.013279267957943146,0.011449167974963613,0.7612561653129776,0.15036617622424872,0.010475386342802415,-0.10567006723563135,0.015074252223712392,0.005044521185482154,-0.006988657833062462,40094,8000000,8.57,0,2,1,-6.2341547856406105,-0.24941003111429236,4.273899963163431,-6.280157624223094,-0.46377306245437305,4.116756840482603,147.11459040641785
-5.859645501397048,-4.925546630773869,4.36257601025131,-5.88227379457477,1.471064325223493,4.28524899239412,-0.6476186505464262,0.011597884244051773,0.012401379455329603,0.7617754120034935,0.14498766139264857,0.01622407685151597,-0.0974737287955704,0.014775486579310382,0.004891542357654544,-0.005632902457364253,40094,330000000,8.65,0,2,1,-6.2341547856406105,-0.24941003111429236,4.273899963163431,-6.286899954651089,-0.5152064435318241,4.080271845706905,148.0527949333191
-5.704506159687915,-4.950118288582788,4.464173205021003,-5.883337637523511,1.4299373216845344,4.260640334023799,-0.6471043453549705,0.009883086961809414,0.013475461343855332,0.7622182776320643,0.14013922669783746,0.02255287749389555,-0.08818566078578674,0.014559216015186394,0.003650839857982646,-0.004882973234998644,40094,659000000,8.73,0,2,1,-6.2341547856406105,-0.24941003111429236,4.273899963163431,-6.291689691430346,-0.5629808520889944,4.04765659537127,149.05914282798767
-5.548671555455229,-4.969804777275898,4.574220708434925,-5.882384706035603,1.3900898091639455,4.23868322763127,-0.6465394219300888,0.008284680950472143,0.014621129822435857,0.7626954585642756,0.133787658728662,0.028876790433692477,-0.0778540248480101,0.014934162936697248,0.004861837487624143,-0.008351933138328604,40095,15000000,8.83,0,2,1,-6.295223424028969,-0.6143707685613519,4.014466564831785,-6.295223424028969,-0.6143707685613519,4.014466564831785,150.00373005867004
-5.392295478639223,-4.9845866686656395,4.690983005625053,-5.879179419907031,1.348791766753198,4.218304641625353,-0.6453789792886068,0.006703459081281072,0.01581499358289542,0.7636693804957185,0.13788911519407235,0.03515004620276006,-0.07068310179140717,0.01121149716709624,-0.007608286978211254,-0.00783600680733798,40095,370000000,8.95,0,2,1,-6.297060963617884,-0.6655755674572146,3.983855050060827,-6.297060963617884,-0.6655755674572146,3.983855050060827,150.9827320575714
-5.235532253548213,-4.99444937480985,4.812618685414276,-5.875600419322583,1.3053353480169647,4.199885856865714,-0.6448467891118325,0.00734358500985688,0.01817311537441519,0.7640604872711002,0.15831876954714197,0.039765842979986026,-0.07134252949101469,0.009306612264481373,-0.017568140901857987,-0.002223725346084393,40095,657000000,9.06,0,2,1,-6.297060963617884,-0.6655755674572146,3.983855050060827,-6.2971173821491755,-0.7201048616115973,3.9544970957131325,151.92011332511902
-5.078536586559104,-4.999383162408303,4.9372094804706865,-5.870323395532678,1.2414727159947516,4.177217233656057,-0.644901042361891,0.008637698848245041,0.02139090320710111,0.7639178391549304,0.17967359285453197,0.045924330966010896,-0.06841171867852702,0.009440205576538574,-0.01522137663414469,0.0026040501325041987,40095,945000000,9.39,0,2,1,-6.297060963617884,-0.6655755674572146,3.983855050060827,-6.295371531485135,-0.7705638994077727,3.9307309683617637,153.11891150474548
-4.921463413440898,-4.999383162408303,5.062790519529313,-5.864666926232946,1.1792722836361484,4.159183737248025,-0.6453298072251098,0.009109056386689001,0.023758501401162337,0.7634801887473687,0.18826741143699047,0.05129992632581193,-0.06092440265076817,0.010550927254371345,-0.005939672928434447,0.003516677088555298,40096,245000000,9.8,0,2,1,-6.297060963617884,-0.6655755674572146,3.983855050060827,-6.290682907786594,-0.8346408380523035,3.905749180947085,154.23452734947205
-4.686047402353436,-4.990133642141358,5.248689887164852,-5.858213915409369,1.1244101704092633,4.146564918508575,-0.6457013292128738,0.008265450610568116,0.02501064430251699,0.7631355996482573,0.18332867683836418,0.056764749576556195,-0.047030252463094294,0.013903905619372381,0.0058428440752322786,0.0029417518817353994,40096,542000000,10.02,0,2,1,-6.284573506905415,-0.8907382788048734,3.8889390953983525,-6.284573506905415,-0.8907382788048734,3.8889390953983525,155.25716018676758
-4.529458433407427,-4.9778098230154,5.368124552684678,-5.847023453376972,1.057030563030068,4.13738140428781,-0.6461621401885748,0.005774450556626856,0.025689305094773365,0.7627458317889629,0.18051960388697175,0.06390653976205075,-0.02794135446887842,0.009897204563458217,0.001347179090771533,0.0048543299726588884,40096,843000000,10.01,0,2,1,-6.277860090746882,-0.9391041116784141,3.878610553108026,-6.277860090746882,-0.9391041116784141,3.878610553108026,156.4522943496704
-4.373333832178479,-4.9605735065723895,5.481753674101715,-5.832615321251525,0.9785278065580054,4.132393962133409,-0.6471510939972881,0.0049256035539923144,0.02737637128939119,0.7618541423807889,0.19308834111091994,0.06980549144788291,-0.01731250099430727,0.00852680414027418,-0.003505502422740392,0.008072198397712782,40097,121000000,9.82,0,2,1,-6.277860090746882,-0.9391041116784141,3.878610553108026,-6.267181401185771,-1.0001797552712144,3.87209269330594,157.68848586082458
-4.217827674798847,-4.938441702975689,5.5877852522924725,-5.817512710311225,0.8997517284170788,4.132173439260429,-0.6484469776753151,0.004228571809274686,0.02896419016473464,0.7606968594731439,0.20180836745756023,0.07436242805446504,-0.006117018876572659,0.008839450310915709,-0.0016504283848917112,0.009471795146964723,40097,406000000,9.78,0,2,1,-6.2526270072986705,-1.0665326679822817,3.8738434216446107,-6.2526270072986705,-1.0665326679822817,3.8738434216446107,158.90531015396118
-3.9860635232174397,-4.896114053108829,5.72896862742141,-5.801094759573974,0.8185047289297546,4.136745046932826,-0.6498441979343902,0.0031902963301028812,0.03025131006903593,0.7594584904123741,0.20679330331715917,0.07831039661481454,0.0059203211074165905,0.008391023857257096,0.0009680130062861281,0.009495900485489983,40097,661000000,9.69,0,2,1,-6.2526270072986705,-1.0665326679822817,3.8738434216446107,-6.236345005155011,-1.1279822846841419,3.883709689370779,160.16748046875
-3.832773180720472,-4.861849601988383,5.809016994374948,-5.787111308786293,0.7536896684775956,4.143859573625305,-0.6508909219480066,0.0020098957875395174,0.03099144946962138,0.7585357592786044,0.2044905883391972,0.08190017969880939,0.017832519985905227,0.010674933582777157,0.006489194493042305,0.00805526833573822,40097,945000000,9.51,0,2,1,-6.2526270072986705,-1.0665326679822817,3.8738434216446107,-6.218062596016841,-1.1879080511531308,3.9009174617159146,161.2388632297516
-3.605044469803854,-4.801468428384715,5.904827052466019,-5.771471925591841,0.6913286861570813,4.155449713818698,-0.6516549661749382,-0.00018963721215100454,0.03124901197372547,0.7578715381566545,0.19167723217380686,0.08715753253480214,0.03631862213506143,0.01310166553594172,0.014749555975868134,0.004602144190357649,40098,212000000,9.29,0,2,1,-6.2526270072986705,-1.0665326679822817,3.8738434216446107,-6.202383544756335,-1.2340953541600608,3.9193607031674027,162.3183114528656
-3.4549150281252636,-4.755282581475768,5.951056516295154,-5.748265965104764,0.6195443152007086,4.179267246284564,-0.6519916152032776,-0.004347991307919635,0.030863503210381317,0.7575852908061178,0.16784823638091692,0.09608725624993211,0.06689813302388423,0.012920156859763665,0.019676012561831158,0.0010714192967498093,40098,526000000,8.96,0,2,1,-6.2526270072986705,-1.0665326679822817,3.8738434216446107,-6.1855764459668965,-1.279214782784634,3.9420278842651113,163.47921061515808
-3.3063103987735447,-4.704403844771128,5.982287250728689,-5.726977998457605,0.5690779033995039,4.206094024486713,-0.6519764848432179,-0.007715220898271868,0.03040422621434454,0.7575900749127322,0.1487380810691395,0.10356652485137799,0.09138854382560939,0.013745990509050898,0.018830864246410783,-0.0010849834552573157,40098,817000000,8.43,0,2,1,-6.2526270072986705,-1.0665326679822817,3.8738434216446107,-6.162646044201474,-1.3347774090285693,3.9762361213875064,164.53335762023926
-3.1593772365766126,-4.648882429441258,5.998026728428272,-5.703059938795204,0.5241621906439272,4.240081954004032,-0.6513122528104685,-0.011031962917969613,0.0300569660399129,0.7581340408698216,0.13017973775732775,0.1114260103964266,0.1147270103491208,0.013663560730492463,0.019661807164084166,-0.01721330754662631,40099,173000000,8.09,0,2,1,-6.2526270072986705,-1.0665326679822817,3.8738434216446107,-6.143277402571723,-1.3773718620337427,4.007012492962234,165.6187710762024
-3.0142605468261,-4.588773128419907,5.998026728428272,-5.678526852906585,0.48633363651431843,4.277535230659239,-0.6482736114700757,-0.014146986080922717,0.029617902086394154,0.760699656456063,0.11573146690700475,0.11919935498375252,0.133101152200019,0.013149051574146142,0.020157416474830825,-0.04120114499528427,40099,483000000,7.83,0,2,1,-6.2526270072986705,-1.0665326679822817,3.8738434216446107,-6.122813691001126,-1.4187867513171322,4.040564544155162,166.6136474609375
-2.871103542174641,-4.524135262330099,5.98228725072869,-5.65205733321024,0.4514670238364984,4.319679084439024,-0.6426087659761638,-0.017098713782714218,0.02923194522414926,0.765445687985752,0.10358777360266795,0.12711756937207225,0.148150003316512,0.012393051110848319,0.018774737691273913,-0.060774006487918086,40099,770000000,7.51,0,2,1,-6.2526270072986705,-1.0665326679822817,3.8738434216446107,-6.102736809391847,-1.4563615324957,4.073918769693231,167.5999767780304
-2.730047501302271,-4.455032620941842,5.951056516295155,-5.628075296011435,0.42323640527889045,4.358804714646455,-0.6365207095886827,-0.019328097704252933,0.02904839938178862,0.7704699873435765,0.09520262685581862,0.13322571137620204,0.1582568395697585,0.011947039001825033,0.01635266435187077,-0.06833716397522949,40100,138000000,7.14,0,2,1,-6.2526270072986705,-1.0665326679822817,3.8738434216446107,-6.081691810519199,-1.492910140821394,4.108801697524933,168.60762810707092
-2.5912316294914213,-4.3815334002193165,5.904827052466018,-5.5967228992171885,0.38929223278922265,4.410747826164867,-0.6282434416268259,-0.021711878610838408,0.029052827084690192,0.7771709629280137,0.0876275602160759,0.14015309377922427,0.16711419956073376,0.009078045331989415,0.013336879692360526,-0.07192012999439612,40100,525000000,6.9,0,2,1,-6.06281143804162,-1.5234016553310286,4.139545491054424,-6.06281143804162,-1.5234016553310286,4.139545491054424,169.64773607254028
-2.454792921248142,-4.303710135019717,5.844327925502014,-5.5665453733861305,0.35785912097809947,4.46080348481377,-0.6207176692933322,-0.022967406560962654,0.028973854269102803,0.7831619175060224,0.0878889748901084,0.14316711335810944,0.16588322992258153,-0.002354518824176921,6.806253054492117e-05,-0.05047669728810433,40100,892000000,6.81,0,2,1,-6.06281143804162,-1.5234016553310286,4.139545491054424,-6.038073280817081,-1.5603695321208253,4.178563545829257,170.69618368148804
-2.3208660251050164,-4.221639627510075,5.770513242775789,-5.5352445693547265,0.3214965930256094,4.511217385651734,-0.617200679970814,-0.021836640084856973,0.029827334378446473,0.7859369007224727,0.09769938445857856,0.1405974617593823,0.15027117428638614,0.003561957873898791,-0.01180819144792622,-0.01589291623531608,40101,273000000,7.01,0,2,1,-6.06281143804162,-1.5234016553310286,4.139545491054424,-6.013779157529447,-1.593652553534824,4.214991336423588,171.7196397781372
-2.124973739783611,-4.09074858712512,5.637423989748693,-5.5049179705115625,0.2832478303558351,4.557058465940926,-0.6161800309308407,-0.020845964131857866,0.031419875644743446,0.7867022350775101,0.10171292383096424,0.13905912199818454,0.13506104389385326,0.005584577866102336,-0.00981182365649147,-0.004933450145472307,40101,581000000,7.51,0,2,1,-5.986408985913406,-1.628033002921275,4.2534971864361095,-5.986408985913406,-1.628033002921275,4.2534971864361095,172.79600286483765
-1.9978988733705845,-3.998423292435456,5.535826794979001,-5.472686519620745,0.24169110474457495,4.601133027700999,-0.6158621414077313,-0.020174055319023707,0.032833018820462516,0.7869109372399165,0.10530046910192337,0.1394237681879483,0.11779993988544582,0.002656068954820512,-0.00907575522433035,-5.01124373997186e-05,40101,886000000,7.97,0,2,1,-5.986408985913406,-1.628033002921275,4.2534971864361095,-5.957669918279272,-1.661110764139692,4.290858079444802,173.8658905029297
-1.8737867183214725,-3.902152036691647,5.425779291565071,-5.437994021375364,0.19575436774457589,4.64164164030295,-0.6161197648805871,-0.019341136387462838,0.034020029975796444,0.7866797272887979,0.10796647831321933,0.14123899227210518,0.09817297911606165,0.0020817013592022704,-0.005849044009664794,0.0028045725912306807,40102,262000000,8.33,0,2,1,-5.986408985913406,-1.628033002921275,4.2534971864361095,-5.925461423861431,-1.6949875964984633,4.328830283567,175.02240896224976
-1.7527597583490806,-3.802029828000154,5.309016994374947,-5.406300646180183,0.15535079553473158,4.67232492988906,-0.6164855121093049,-0.019059231110497978,0.03461690051652532,0.7863739754515235,0.1046345401335477,0.14344432772269253,0.08290263559035456,0.0013307708968568477,-0.0016323957197528216,0.002441183050905238,40102,554000000,8.61,0,2,1,-5.889502129071983,-1.7294180246313293,4.366313220308014,-5.889502129071983,-1.7294180246313293,4.366313220308014,176.08355236053467
-1.634937432451133,-3.6981554748930483,5.187381314585725,-5.375432537066675,0.11867531680554005,4.697068559811227,-0.6166869824331642,-0.019127319902031772,0.034735431457145895,0.7862091077648039,0.09967809011033296,0.14593151898633497,0.06908988901193455,-0.0008676315189859451,0.0002860491633782658,0.001815321820686222,40102,871000000,8.74,0,2,1,-5.889502129071983,-1.7294180246313293,4.366313220308014,-5.856338650666502,-1.7585004997094278,4.396455130958366,177.08947038650513
-1.520436017038429,-3.5906314888159447,5.0627905195293135,-5.340920725590179,0.08046794504784645,4.719078589772675,-0.6169302422808217,-0.019147861265239534,0.034627639665852375,0.7860224946777702,0.09406821316304607,0.1486574558027906,0.053261128537632554,-0.000365817967917792,0.0017275788877668674,0.0022616355863647186,40103,144000000,8.76,0,2,1,-5.889502129071983,-1.7294180246313293,4.366313220308014,-5.824183111589691,-1.7845485660872749,4.421797475747863,178.06288933753967
-1.409368511184057,-3.4795639829615728,4.937209480470687,-5.309643342018005,0.04875062017086276,4.7345198780697695,-0.6171435068075797,-0.01941291958238353,0.03439088491933638,0.7858589552795054,0.08710364555820962,0.15127033963718187,0.040644138770718534,-0.0007552117153863946,0.003763031668313488,0.0015596284015373385,40103,424000000,8.75,0,2,1,-5.889502129071983,-1.7294180246313293,4.366313220308014,-5.788384691613801,-1.8111989279188296,4.445497235240661,179.04962968826294
-1.3018445251069535,-3.3650625675488683,4.812618685414277,-5.274358142138327,0.01643712442054273,4.747561731150275,-0.6171895213147558,-0.019871324286497145,0.03392696677056855,0.7858315253132266,0.07837806179005583,0.15463748742440694,0.027570550764085284,-0.0012225559203216108,0.005510843311640201,-0.0005469628604259924,40103,671000000,8.69,0,2,1,-5.889502129071983,-1.7294180246313293,4.366313220308014,-5.756287405289977,-1.8337898003320103,4.462768147477921,180.0454556941986
-1.1979701719998475,-3.247240241650921,4.690983005625055,-5.237192025137979,-0.01375182413635836,4.757085993005904,-0.6169831044748124,-0.02044579263664094,0.033305483816009285,0.7860054472482132,0.06874952437478513,0.15870032268661605,0.015277007435667447,-0.0012498927048909536,0.006827378729212796,-0.0029985888204464572,40103,971000000,8.59,0,2,1,-5.889502129071983,-1.7294180246313293,4.366313220308014,-5.721133362140047,-1.860426703337808,4.4774834383290685,181.06405401229858
-1.0978479633083538,-3.1262132816785293,4.574220708434931,-5.197989947964542,-0.04165868558014057,4.763286459448556,-0.6164904715557206,-0.021113858944391016,0.032589703186339934,0.7864042310972822,0.05888794108274985,0.16307301138745658,0.00336253198317196,-0.0017712180351736606,0.007139043009374291,-0.005573549515247578,40104,246000000,8.46,0,2,1,-5.889502129071983,-1.7294180246313293,4.366313220308014,-5.6851525881246765,-1.8885798323072995,4.488074517479763,182.08407020568848
-1.0015767075645505,-3.0021011266294244,4.464173205021007,-5.150673358578451,-0.07093251595306745,4.766278760823278,-0.6155824891978464,-0.02181896146474059,0.031761831325185653,0.7871297974187318,0.04783195895027475,0.16825989497371063,-0.010323176239743,-0.0012812646559723362,0.007281149237314821,-0.008472982699458953,40104,532000000,8.33,0,2,1,-5.889502129071983,-1.7294180246313293,4.366313220308014,-5.648600930823468,-1.919565959515972,4.494522371030342,183.1149604320526
-0.9092514128748839,-2.875026260216394,4.362576010251312,-5.103864285884496,-0.09576142683405883,4.765310083869403,-0.61440459407923,-0.022519868887647117,0.03100395255738282,0.7880600263973798,0.03746256607121119,0.17295868544372556,-0.022560495605787455,-0.0014833721024842816,0.007133726876418223,-0.011348867792548845,40104,834000000,8.2,0,2,1,-5.889502129071983,-1.7294180246313293,4.366313220308014,-5.605619746017707,-1.9560477619090388,4.496547121131546,184.17373991012573
-0.8209631931586472,-2.745114089990657,4.271031372578587,-5.0581555212927105,-0.11684883961448263,4.761116640589007,-0.6129757475703304,-0.023100960650001275,0.030318138346036843,0.7891817845052382,0.028623302583499044,0.1770823795942726,-0.034195493574547306,-0.0020261665213183733,0.006590775092263357,-0.01433058450857061,40105,160000000,8.11,0,2,1,-5.5635811586284225,-1.9878101257894691,4.493548210816295,-5.5635811586284225,-1.9878101257894691,4.493548210816295,185.20724058151245
-0.7367991782295382,-2.6124928235797436,4.190983005625052,-5.007237564803032,-0.13752975038397358,4.752893118596978,-0.6111081490446272,-0.023421724209808745,0.02951032220756631,0.7906499819069718,0.021604328443777507,0.17971447471271762,-0.04901412314925252,-0.0062334224367077695,0.0028731863267239532,-0.01620497296244139,40105,520000000,8.05,0,2,1,-5.5635811586284225,-1.9878101257894691,4.493548210816295,-5.523584020977509,-2.0189037029096526,4.48634170604198,186.24909234046936
-0.6184665997806844,-2.4087683705085805,4.095172947533982,-4.958986313290351,-0.15596506275877298,4.740506799441418,-0.6094016554936807,-0.023049498919186864,0.028964926302139992,0.7919970807556347,0.01822838918378992,0.17937842873973062,-0.0659660615617822,-0.003205936241101881,-0.00021072842315561502,-0.012079292719135992,40105,816000000,8.03,0,2,1,-5.5635811586284225,-1.9878101257894691,4.493548210816295,-5.479614371209347,-2.052280861986619,4.473885055201773,187.26089191436768
-0.5449673790581606,-2.2699524986977346,4.048943483704846,-4.899849019423816,-0.17725068945190128,4.719192245870745,-0.6082113651034667,-0.022776794707451635,0.028700546716283713,0.7929290205308531,0.012522612524950221,0.1790610419384601,-0.08522010143392163,-0.0015927300523799204,0.0015148142097132222,-0.008510823226970388,40106,99000000,8.08,0,2,1,-5.436942323917918,-2.07983511107109,4.458393455519296,-5.436942323917918,-2.07983511107109,4.458393455519296,188.47832560539246
-0.47586473766990345,-2.128896457825365,4.017712749271311,-4.846914912662904,-0.19463082056910358,4.695231416229601,-0.607230782548239,-0.022758186585561512,0.02841531974144088,0.7936910049088255,0.010549325996672205,0.17902859365915974,-0.10126106983861075,-0.00299468645152956,-0.0018436968844071089,-0.0055759665428922744,40106,377000000,8.11,0,2,1,-5.436942323917918,-2.07983511107109,4.458393455519296,-5.383803989812045,-2.111874508566607,4.434452758030721,189.52443099021912
-0.4112268715800935,-1.9857394531739017,4.001973271571728,-4.797521819853967,-0.2117886529870973,4.668298790944462,-0.6069463194200356,-0.02205311699524647,0.02849785328420092,0.7939254988545575,0.014237005799400381,0.17876664379441,-0.1165216721816805,-0.0032877059993552393,-0.00484513789160701,-0.0003894943063187384,40106,660000000,8.1,0,2,1,-5.33507433145872,-2.1355156806117916,4.40940480926971,-5.33507433145872,-2.1355156806117916,4.40940480926971,190.5339708328247
-0.3511175705587428,-1.8406227634233894,4.001973271571728,-4.748034496986489,-0.22947395839284668,4.63746139012175,-0.6070827205456834,-0.021346392897428984,0.028568559690401507,0.7938379805239458,0.015342020283940194,0.17865925394096777,-0.1292097250707019,-0.002657857544363651,-0.0038620300983893685,0.0014319957472253009,40106,923000000,8.14,0,2,1,-5.33507433145872,-2.1355156806117916,4.40940480926971,-5.288022125197553,-2.1531575168912367,4.383264294419563,191.57947778701782
-0.29559615522887306,-1.693689601226457,4.017712749271311,-4.695010535558141,-0.24902138882286742,4.600795712564662,-0.607304316502502,-0.020764433390380962,0.028600362597086336,0.7936827607569164,0.01710053927011846,0.178357008571193,-0.14040710125597783,-0.0024287942324008327,-0.0025070822857742314,0.002873075459319807,40107,218000000,8.22,0,2,1,-5.236171165667634,-2.1678505762941778,4.3527809937937585,-5.236171165667634,-2.1678505762941778,4.3527809937937585,192.57698583602905
-0.24471741852423268,-1.5450849718747381,4.048943483704846,-4.641947331988342,-0.2688208418039718,4.561174307720338,-0.6077568461732779,-0.020386506840082336,0.028512625378392997,0.7933492525126631,0.017054680190740697,0.17805891210752153,-0.14869583307466297,-0.0019374278281247825,-0.0009691102491160564,0.0032369035352530773,40107,490000000,8.11,0,2,1,-5.236171165667634,-2.1678505762941778,4.3527809937937585,-5.186646786495853,-2.178093987890484,4.322442301819694,193.6038568019867
-0.1985315716152849,-1.3949555301961483,4.09517294753398,-4.58878699135502,-0.28834408947348394,4.519493236862346,-0.6080941251768869,-0.020199328037300353,0.028330265773746983,0.7931020855560694,0.01552362437128009,0.1776814509397136,-0.15400546030515547,-0.00195748446003563,0.0003412228664956274,0.0030527914304911974,40107,798000000,8.01,0,2,1,-5.132661770103039,-2.1858626360146998,4.288469988529941,-5.132661770103039,-2.1858626360146998,4.288469988529941,194.65477848052979
-0.1570841943568455,-1.2434494358242767,4.155672074497984,-4.514089786319447,-0.3140498429744974,4.459448867473175,-0.6084550773532542,-0.020241770027859762,0.027876068962089676,0.7928402199487645,0.00840298716088841,0.17680804586980897,-0.15596234784640395,-0.0013854419762537873,0.0026764628273667768,-0.0001052817879099166,40108,95000000,7.87,0,2,1,-5.132661770103039,-2.1858626360146998,4.288469988529941,-5.07828305566588,-2.192223744772142,4.2534950443506325,196.09286999702454
-0.1038859468911717,-1.0139364767825623,4.271031372578588,-4.460361296831038,-0.3299668193684614,4.416509648092017,-0.6082986486740887,-0.020508730242291048,0.027425788732854808,0.7929690864828889,-0.00017700666907528127,0.17612481309269462,-0.1544390714478376,-0.0013601526461570757,0.004840606879952247,-0.0027817848831546144,40108,394000000,7.58,0,2,1,-5.132661770103039,-2.1858626360146998,4.288469988529941,-5.002459712257023,-2.203146520599844,4.204095896709909,197.1735291481018
-0.07445336922613066,-0.8596455013970484,4.36257601025131,-4.4060544287610455,-0.3426101377935181,4.374538298038503,-0.607717186145836,-0.02111030788273015,0.026763480199565554,0.7934216361378675,-0.012707880933688178,0.1753811211644017,-0.14925444771145144,-0.0003954589487875637,0.007520082863265998,-0.00824407961772522,40108,685000000,7.29,0,2,1,-4.949692480408652,-2.2170230996528644,4.1694977186456255,-4.949692480408652,-2.2170230996528644,4.1694977186456255,198.20345377922058
-0.049881711417212315,-0.704506159687915,4.464173205021003,-4.347438256518138,-0.3516799314143717,4.3321755934647435,-0.6061310740457497,-0.02209609012088762,0.02591571716826452,0.7946352996697099,-0.027916994495281854,0.17381308900869355,-0.13930308081815174,-0.00044010108410930115,0.00979374108283082,-0.016712493743398227,40108,960000000,6.92,0,2,1,-4.949692480408652,-2.2170230996528644,4.1694977186456255,-4.897872043875492,-2.235286141221193,4.135898059810745,199.254554271698
