x_ref,y_ref,z_ref,x,y,z,eta,e1,e2,e3,u,v,w,p,q,r,sec,nanosec,angle2,angle3,control_mode,std_test,x2,y2,z2,real_x2,real_y2,real_z2,time
0.0,0.0,5.0,-0.8595470291571732,0.4699892210440662,4.4825396399114465,-0.6317021539531779,-0.013558200450933196,0.004357498869970153,0.7750803675071675,-0.05620260759833878,0.02712706926696052,0.003684640125525061,-0.00018827855541303506,-0.006559338999068132,0.0025087165340664797,31116,338000000,5.51,0,2,2,-1.1843194107860213,-1.5165900151417848,4.588859259434491,-1.1434967735469717,-1.5096416361070286,4.589069123683339,8.606910705566406e-05
0.0,0.0,5.0,-0.8491082995751028,0.4826589650849825,4.48380361254145,-0.6320252746984949,-0.012504332614655441,0.005187233886581277,0.7748295208707265,-0.046688198570085104,0.027810620808053847,0.002690174462712933,-0.00012090232530681533,-0.011785067636083113,0.002957344781862048,31116,608000000,5.46,0,2,2,-1.1843194107860213,-1.5165900151417848,4.588859259434491,-1.1338028119369705,-1.5101910421052314,4.590310667582263,0.972576379776001
0.0,0.0,5.0,-0.8412558105137572,0.49034268272248743,4.484589861607104,-0.6323001149567378,-0.011449923569796742,0.006030036558614015,0.7746154546192865,-0.03682783479172002,0.028203811269684975,0.0022006232651073407,-9.89422424879649e-05,-0.012206408428028226,0.003034574524463096,31116,851000000,5.31,0,2,2,-1.1242030917553545,-1.5101487515516008,4.591274814792786,-1.1242030917553545,-1.5101487515516008,4.591274814792786,1.8529129028320312
0.0,0.0,5.0,-0.8330811364792471,0.4964682551952962,4.485286629939252,-0.6325932151887123,-0.010382230550937059,0.006881494341916147,0.7743840638995724,-0.02754121572840239,0.0284578657938582,0.001750521687850476,-0.00025098244691434957,-0.010507224033062812,0.0029038928005320486,31117,153000000,5.18,0,2,2,-1.1242030917553545,-1.5101487515516008,4.591274814792786,-1.1167168178526663,-1.5095360203931465,4.591754397689696,2.7337374687194824
0.0,0.0,5.0,-0.8246024273707093,0.5008832105889055,4.4859091113501535,-0.6329019608854818,-0.009425052536785621,0.007617089197368766,0.7741371042936449,-0.019356721256427897,0.028734931194874153,0.0013864772211046657,-0.00038280232956822147,-0.008260463346232427,0.0034836222084777546,31117,471000000,5.03,0,2,2,-1.1242030917553545,-1.5101487515516008,4.591274814792786,-1.1083859515225252,-1.506917878338649,4.591764970351375,3.5935118198394775
-0.009160726391858276,0.14123938972314432,5.179278617806867,-0.8170753189543529,0.5032887530877421,4.4863696159326825,-0.6333132663060841,-0.008721397816542735,0.008133205454199727,0.7738036539781161,-0.01321216957741512,0.028835246659142506,0.0009628870824408052,-0.00047527599065233517,-0.006459671021730173,0.004847306217925507,31117,792000000,4.9,0,2,2,-1.1242030917553545,-1.5101487515516008,4.591274814792786,-1.0991659421422624,-1.501835986807623,4.591191298938186,4.397002935409546
-0.020593580356818464,0.21161144053362013,5.268466531635311,-0.8103889290416415,0.5043552553593331,4.486695155661218,-0.6337533562488165,-0.008211174018938255,0.008483753302735778,0.773445076262361,-0.008744624459190595,0.02883166754963227,0.0009685465692508344,-0.0005515032171388157,-0.004866425751970382,0.005174090938453446,31118,60000000,4.78,0,2,2,-1.0904783181174036,-1.4953070403002986,4.590207300134861,-1.0904783181174036,-1.4953070403002986,4.590207300134861,5.22056770324707
-0.05704419012769257,0.3513696907347439,5.445041867912629,-0.8027729545865208,0.5046655479325467,4.487551808645868,-0.6342633186119905,-0.007789874444219227,0.00873112706340132,0.7730285427716433,-0.005452767676990612,0.02825322617663888,0.0044111272907616,-0.0006843441838100262,-0.002931041944975732,0.004880135838902788,31118,386000000,4.68,0,2,2,-1.0904783181174036,-1.4953070403002986,4.590207300134861,-1.0816914663108237,-1.4873067728131946,4.588850381949258,6.052724361419678
-0.1113371926862321,0.4891727127417653,5.618033988749895,-0.7960481694768917,0.5044084548168657,4.489327657993753,-0.6347104747402845,-0.0075196690586312115,0.008828625244906484,0.7726630075320653,-0.0036840641537308942,0.027471801435290412,0.009361835576370853,-0.0014508584172290284,-0.001710633091533964,0.004878131903751637,31118,638000000,4.56,0,2,2,-1.0904783181174036,-1.4953070403002986,4.590207300134861,-1.072860097055077,-1.4780258128133978,4.587524575760991,6.902649879455566
-0.14503805103201373,0.5571069845630509,5.702749648162685,-0.7890862513494306,0.5039082421860173,4.492958000178722,-0.6352286360142809,-0.007284829784084984,0.008754407731700584,0.7722401644486774,-0.0031437517443419945,0.02631572069079609,0.017521011715195746,-0.0021619904600811424,-0.0004643610139964949,0.0053698527153756,31118,904000000,4.47,0,2,2,-1.0640446818606966,-1.4675139025267916,4.586938462327266,-1.0640446818606966,-1.4675139025267916,4.586938462327266,7.798704147338867
-0.22519570073643536,0.6905920754040427,5.867767478235116,-0.7820598969899704,0.503631357219889,4.499551030393759,-0.6358159738981995,-0.007170529495575604,0.008440647382834064,0.7717612236400554,-0.006858969919941872,0.024274837029324776,0.028273265804289665,-0.00284688744613959,0.004143698879488511,0.004886303895546007,31119,181000000,4.38,0,2,2,-1.054610323336728,-1.454931900126233,4.587859674771589,-1.054610323336728,-1.454931900126233,4.587859674771589,8.737063884735107
-0.32178831283960463,0.8203325293019702,6.0257985548118125,-0.7762342871600972,0.5053563112635358,4.507650141101479,-0.6362110896131441,-0.00758131302239494,0.007647621508074358,0.7714398790776773,-0.016551435844704185,0.022076595641028384,0.038126868051200705,-0.004331794434619951,0.00925478825593018,0.003997340081696166,31119,466000000,4.29,0,2,2,-1.054610323336728,-1.454931900126233,4.587859674771589,-1.044879697067692,-1.4418722685286187,4.591320549009495,9.616074085235596
-0.4340107023969413,0.9456940227146827,6.175570504584947,-0.7696436278102248,0.5106580751951657,4.520396898809579,-0.6366194326111564,-0.008386732006768875,0.006153480427510254,0.77110796612843,-0.029122883273314505,0.01888668071223546,0.05176538884728197,-0.005850089246450807,0.01187291090900544,0.0037797170762132737,31119,735000000,4.28,0,2,2,-1.054610323336728,-1.454931900126233,4.587859674771589,-1.0370806170920799,-1.4315513892525698,4.596820375619525,10.543866395950317
-0.5609305456733971,1.066102398828617,6.315877451879425,-0.7629979825563861,0.5199330198482007,4.538466746608209,-0.6370430689298423,-0.009047927277823989,0.004411199560255185,0.7707624826487487,-0.03956720292995644,0.015329086025716027,0.06711798310371087,-0.007611470164192724,0.008454609724140028,0.0037471078485395992,31119,953000000,4.33,0,2,2,-1.054610323336728,-1.454931900126233,4.587859674771589,-1.028807797998468,-1.4207412581150298,4.606903805043361,11.523197889328003
-0.7014976530615584,1.1810517807396756,6.445589727654783,-0.7577495037981637,0.5300719174692361,4.557797217659659,-0.637417512493981,-0.00903356224318964,0.003117796056028434,0.7704593362838409,-0.0450109644388462,0.012315071072720646,0.07991125577737543,-0.01013376586342929,0.003450877466093516,0.003586945467759506,31120,210000000,4.38,0,2,2,-1.021066778353397,-1.4105598438184883,4.622742240645806,-1.021066778353397,-1.4105598438184883,4.622742240645806,12.424249410629272
-0.7765410626225826,1.2363417407594561,6.506142932007222,-0.7524670573720806,0.5431563031388965,4.5842205306007715,-0.6378110858316625,-0.008254050938675019,0.0016872959368334495,0.770146766834581,-0.05028736189369668,0.008458706925089746,0.09476983308109325,-0.014002735497342655,0.00499546454193478,0.0028325254106675857,31120,473000000,4.39,0,2,2,-1.021066778353397,-1.4105598438184883,4.622742240645806,-1.0153885616326321,-1.4025212807621743,4.640896411888753,13.324267864227295
-0.9353780601682047,1.34232114004921,6.618033988749895,-0.7485284373106754,0.5564520145521381,4.610762005668999,-0.6380743822194253,-0.007894038196145956,-0.00019996832524432368,0.7699342354571104,-0.057493011620052936,0.004805126131671245,0.10723209280854602,-0.013332622074813116,0.007088163602020359,0.002663417581061367,31120,706000000,4.38,0,2,2,-1.021066778353397,-1.4105598438184883,4.622742240645806,-1.0100790562170114,-1.3939924535706971,4.667163914875006,14.237889289855957
-1.1047921914498087,1.4419209764156529,6.716897587203732,-0.744908516904241,0.57253494541403,4.642724843916695,-0.6383997543912241,-0.007323588401005859,-0.0020386393244486347,0.7696674363618756,-0.06194301988989065,0.0012144656544668157,0.1188967027167186,-0.014845158511889167,0.0016533314692424028,0.003244539152547077,31120,932000000,4.49,0,2,2,-1.021066778353397,-1.4105598438184883,4.622742240645806,-1.0061818136909337,-1.3864623961270108,4.69641880388446,15.133211374282837
-1.2834094677117545,1.5349252908769102,6.801937735804838,-0.7423034597134889,0.5879808544972412,4.675222346780319,-0.6387577570873816,-0.0059652811743510555,-0.0033331266401001557,0.7693775623502478,-0.06094848104967796,-0.002300661471075777,0.12894884456896732,-0.016609648446319625,-0.004636497760657221,0.0034631124890438514,31121,173000000,4.5,0,2,2,-1.021066778353397,-1.4105598438184883,4.622742240645806,-1.0034514151944913,-1.3794803649035448,4.727481573593855,16.05780339241028
-1.4697924233383954,1.6212112739117432,6.872469741279474,-0.7406771942095252,0.6027462572020119,4.710210857264689,-0.6391089188674842,-0.004044758501059528,-0.004367690604141886,0.7690932017847315,-0.05635645917518158,-0.006088092823209793,0.13820249030721832,-0.017947923333849758,-0.007070162428135518,0.0031954667747413623,31121,428000000,4.55,0,2,2,-1.021066778353397,-1.4105598438184883,4.622742240645806,-1.0015380520733659,-1.3714738354507336,4.7647649367056575,16.877974271774292
-1.5654329373598825,1.6618226273749341,6.902113032590307,-0.7401988245439992,0.614376577076372,4.741576459162019,-0.6393687353443525,-0.002261494414875574,-0.00529610623184178,0.768878701204524,-0.05188441157094838,-0.009772168877659582,0.14527053710400661,-0.01856146536738379,-0.006783676872146316,0.002820632357725117,31121,693000000,4.43,0,2,2,-1.021066778353397,-1.4105598438184883,4.622742240645806,-1.0007645652070396,-1.363706720480313,4.799239298681428,17.62960147857666
-1.760665231540428,1.7380105077773131,6.949855824363647,-0.7408581871078236,0.628191964104105,4.783606705064937,-0.6396534834873034,1.6774785595017206e-05,-0.006712269297543871,0.7686340912437085,-0.04741816150060087,-0.014936997318522086,0.1532212358384269,-0.018196854216512293,-0.005283510245135403,0.002433863664919045,31121,956000000,4.38,0,2,2,-1.0007236887407676,-1.355839013691711,4.8325939726811145,-1.0007236887407676,-1.355839013691711,4.8325939726811145,18.532262563705444
-1.9598857102310134,1.8075941216139089,6.981899523535869,-0.7426509311711215,0.6402930066857643,4.824415258323033,-0.6398866866700881,0.001864747410403269,-0.008017057157862873,0.7684251933233317,-0.044977386090818625,-0.019423168189306516,0.15918099445801362,-0.01854557904152898,-0.003432631410760223,0.0024933204713306623,31122,215000000,4.33,0,2,2,-1.0015572084132502,-1.3444864240872516,4.876978169376843,-1.0015572084132502,-1.3444864240872516,4.876978169376843,19.374292612075806
-2.060508555620081,1.8399728165048486,6.991948587990478,-0.7455143639397541,0.6524739932201852,4.866673518452139,-0.6401533489639413,0.0035384920043760914,-0.009523643206280425,0.768179971819537,-0.045359807729352365,-0.024619736882779426,0.16411715162007168,-0.017652686437941156,-0.0020247929114702856,0.002911619276346755,31122,488000000,4.3,0,2,2,-1.0031338308019857,-1.332401199515315,4.919497683065366,-1.0031338308019857,-1.332401199515315,4.919497683065366,20.21376347541809
-2.262813344824469,1.90008314905552,7.0,-0.7492042915716708,0.663948810779833,4.9067102104330145,-0.6404210839406439,0.004950301771213329,-0.010855259799920927,0.7679313075343006,-0.045343813168282385,-0.029649881749894125,0.16747436809106603,-0.016132230484799948,-0.0017536712903165608,0.00307951179365773,31122,772000000,4.27,0,2,2,-1.0031338308019857,-1.332401199515315,4.919497683065366,-1.0056102669034324,-1.3189045190508455,4.962971199726422,21.052966594696045
-2.4652516889375873,1.9543041433138177,6.991948587990478,-0.7552533704578744,0.6785163124527361,4.957695725146258,-0.6407654833584022,0.006581671851711464,-0.012428759045707222,0.7676078444627132,-0.044493158803821785,-0.03583916741141306,0.1700017769617556,-0.015715547669969965,-0.0016130591006913164,0.0030620356938015902,31123,59000000,4.25,0,2,2,-1.0031338308019857,-1.332401199515315,4.919497683065366,-1.008808432723327,-1.3054222116199428,5.003815525904273,21.98920965194702
-2.666312426451162,2.0030823560282602,6.967859177197259,-0.7618399135597753,0.690938214839503,5.002424639944562,-0.6410488799173155,0.007941409851748512,-0.01373298761714705,0.767336088436761,-0.0425490140756074,-0.041006555320776905,0.17117106404623775,-0.015984047604433727,-0.0014261382375480025,0.0028932772465850576,31123,343000000,4.22,0,2,2,-1.0031338308019857,-1.332401199515315,4.919497683065366,-1.0140960238756154,-1.2872585513926746,5.055413732005391,22.803369522094727
-2.765864354436398,2.025593460231259,6.949855824363647,-0.7684201590277627,0.7012662818240201,5.040430590509912,-0.6412698488981041,0.009096511696080226,-0.014891567952134924,0.7671169894957957,-0.04115258030789033,-0.04562865939228451,0.17101702976389357,-0.015969741070875898,-0.0010966911986542982,0.0028399425673342193,31123,621000000,4.19,0,2,2,-1.0031338308019857,-1.332401199515315,4.919497683065366,-1.0197795022644063,-1.270682836764503,5.100417883758308,23.619706869125366
-2.9621153962212468,2.067229953392476,6.902113032590307,-0.7774451606096044,0.7133435488889812,5.0851159646479624,-0.64155866490248,0.010456090333523568,-0.01632487709071746,0.7668289561900081,-0.03978154027349874,-0.05130085248995499,0.16891574183563898,-0.015028090092528146,-0.0007170628350650077,0.0032662217563483864,31123,883000000,4.16,0,2,2,-1.0031338308019857,-1.332401199515315,4.919497683065366,-1.0254717590147682,-1.2561423306697554,5.138559755593969,24.43587589263916
-3.0584676931106722,2.086517634697958,6.872469741279474,-0.786937851869546,0.7243880408699344,5.125865274483137,-0.6418490958932663,0.011576724848403117,-0.017545796939211232,0.7665427989046332,-0.038613537408579826,-0.05615004909173067,0.16614623517063387,-0.014446991008298937,-0.0004288384559458791,0.003559236051842163,31124,162000000,4.14,0,2,2,-1.0031338308019857,-1.332401199515315,4.919497683065366,-1.0333630648399046,-1.2385591011224297,5.183567514157313,25.297565937042236
-3.2467925782181,2.1224702737481547,6.801937735804838,-0.7994274011843235,0.7372044387708306,5.17246997098884,-0.642242775745188,0.0128027034121545,-0.01892904199399167,0.7661605570359559,-0.03751141734472609,-0.0618235263218044,0.16137198429395155,-0.01282273724427796,-0.0001596708941065117,0.004166188818999217,31124,407000000,4.13,0,2,2,-1.0418204655104926,-1.2219833530822135,5.224826035609181,-1.0418204655104926,-1.2219833530822135,5.224826035609181,26.1824152469635
-3.4282266000996273,2.155556561042014,6.716897587203732,-0.8133289034141035,0.750131904281947,5.217674732330903,-0.6427186971433669,0.013795312918515799,-0.020282838724351205,0.7657094567374072,-0.03986303440909533,-0.06713513344114706,0.15541294488351412,-0.012827510363422334,0.005052157212048769,0.005945726707068388,31124,623000000,4.12,0,2,2,-1.0418204655104926,-1.2219833530822135,5.224826035609181,-1.053018336305398,-1.202214855917114,5.272334836527269,27.095351219177246
-3.601589106333697,2.1865815260826293,6.618033988749895,-0.8284165264928163,0.7651360783637193,5.261231346130304,-0.6434927017602481,0.013978964159589737,-0.022182091603541818,0.7650030628398903,-0.04811458116815828,-0.07299103385233371,0.14829868372541083,-0.009878717264655279,0.007709722649451578,0.007572581262138556,31124,915000000,4.13,0,2,2,-1.0418204655104926,-1.2219833530822135,5.224826035609181,-1.065704738179779,-1.1820131680494759,5.31875327184438,27.953829765319824
-3.6849022057545957,2.201585591715769,6.56366296493606,-0.8436707824275048,0.7808646672796068,5.29984895692601,-0.6442214959633368,0.014162013493627857,-0.023544888963716766,0.7643453013633648,-0.05220954626479253,-0.0785704352435159,0.14017645930186368,-0.008830957176542142,0.002943644471997686,0.006879735201437143,31125,168000000,4.2,0,2,2,-1.0418204655104926,-1.2219833530822135,5.224826035609181,-1.0800192159400939,-1.1614215890464266,5.363632113358892,28.85788631439209
-3.8441695057023733,2.23112708776023,6.445589727654783,-0.8603266769005136,0.7971223296401431,5.336242516282167,-0.6448330147578917,0.014837930071904943,-0.024340653797001215,0.7637916937766241,-0.05116206055797665,-0.08359495571192459,0.13046788551230784,-0.007684575120947557,-0.001858932193954388,0.005993270042381482,31125,423000000,4.25,0,2,2,-1.094787381032246,-1.1419131018825284,5.4035433597957505,-1.094787381032246,-1.1419131018825284,5.4035433597957505,29.705063581466675
-3.992880666864581,2.2608010676031918,6.315877451879425,-0.8783143739432561,0.8130210263278796,5.37012841721674,-0.6454226145464999,0.015663373829127775,-0.024894880504378804,0.7632591645548201,-0.0509704735590078,-0.08798007117422217,0.12015647007334593,-0.008401904869970167,0.0023336858703260077,0.007630908157807426,31125,678000000,4.25,0,2,2,-1.1108554953109133,-1.1223965851181736,5.441508399803842,-1.1108554953109133,-1.1223965851181736,5.441508399803842,30.557971477508545
-4.1302515575682675,2.2915296754973697,6.175570504584947,-0.8974376199465902,0.8306101739861688,5.401365851788021,-0.6464006841825556,0.015588679782908791,-0.026263719559413572,0.7623866247422328,-0.060222836800671364,-0.09324095968938491,0.10895490127424198,-0.006979308363952441,0.010685586767067434,0.010942547578451922,31125,969000000,4.22,0,2,2,-1.1108554953109133,-1.1223965851181736,5.441508399803842,-1.1283129680870931,-1.1036721511770995,5.477124517410707,31.447354793548584
-4.19447484055845,2.307580313030434,6.101793962904205,-0.9177527879774747,0.850792171171402,5.429705499675178,-0.6475431560178865,0.015011195144835482,-0.0278063023143574,0.7613733214831743,-0.06890240431018309,-0.09878982932221968,0.09616670913584528,-0.00498834947393334,0.010199191819992848,0.011859272126457654,31126,227000000,4.3,0,2,2,-1.1472329769856415,-1.0858311409185677,5.5102912825636405,-1.1472329769856415,-1.0858311409185677,5.5102912825636405,32.367528438568115
-4.313651546909344,2.3416355923008934,5.947737324945997,-0.9411070547699393,0.8745972018262992,5.456480002631739,-0.6488825318969361,0.014594530817199771,-0.029025211116430905,0.7601947096559497,-0.07525981794161112,-0.10405807346488553,0.08117507685100922,-0.0045337409119383665,0.007978732901392505,0.01340853114015772,31126,458000000,4.44,0,2,2,-1.1472329769856415,-1.0858311409185677,5.5102912825636405,-1.1677193041667724,-1.0689404352408225,5.540824412193886,33.31057524681091
-4.420108491198272,2.379063142108453,5.786050063307847,-0.967610900146976,0.902352442998908,5.480729408642665,-0.650534352539728,0.014179804233934572,-0.030146096362629965,0.7587458086814705,-0.08140839587194057,-0.10869653988379477,0.06453833824610622,-0.0023750541686240467,0.004571299359668046,0.014740472488483647,31126,696000000,4.55,0,2,2,-1.1472329769856415,-1.0858311409185677,5.5102912825636405,-1.1915533262269842,-1.0515325524192982,5.570391196436773,34.267616510391235
-4.513536781146049,2.4207642013125206,5.618033988749895,-0.9918248114458711,0.9274106010742336,5.4976381469654925,-0.6519758332990254,0.014235817561816971,-0.030487278878354875,0.7574928251270642,-0.08209362133233475,-0.11217928232947735,0.04876916608557953,-0.0012642516480809718,-0.0017844363924268691,0.014044852196093416,31126,953000000,4.67,0,2,2,-1.2190296787808894,-1.0334314045001913,5.597919081691696,-1.2190296787808894,-1.0334314045001913,5.597919081691696,35.139594078063965
-4.593769371615339,2.4676077168380504,5.445041867912629,-1.021340420860615,0.9560169135088077,5.511872572799815,-0.6535171347408701,0.014890671525892896,-0.03020440076259517,0.7561622290726795,-0.0807658602832015,-0.11595861071131046,0.028723259867377404,-0.0010683829032132053,-0.0026376224695923156,0.01526713504063082,31127,226000000,4.71,0,2,2,-1.2190296787808894,-1.0334314045001913,5.597919081691696,-1.244396442010219,-1.0179757011542,5.6180774304272045,36.1107759475708
-4.660781072120873,2.520418911178268,5.268466531635311,-1.0523897987483586,0.9851448872348348,5.5199641616221236,-0.6553584939708607,0.015195344339938563,-0.03011286462667257,0.7545644845038836,-0.08100852812094453,-0.11939827174551762,0.0075318997869963464,0.0004582312300271951,-0.003276517190897721,0.014805906721448991,31127,510000000,4.69,0,2,2,-1.2190296787808894,-1.0334314045001913,5.597919081691696,-1.275457273238831,-1.0002059430398296,5.636640769013826,37.121655225753784
-4.7146870906059775,2.57996821558224,5.08972966070103,-1.078405050998054,1.007965399099205,5.521874063201947,-0.6565454797015022,0.01564827771705297,-0.029706605503486933,0.7535387727764737,-0.07703117829224607,-0.12192562358387182,-0.00934928942096022,0.00122514745726221,-0.0056374766700173495,0.012174735456937924,31127,780000000,4.75,0,2,2,-1.2190296787808894,-1.0334314045001913,5.597919081691696,-1.3082674056901231,-0.9823335501077913,5.650131263779108,37.969303131103516
-4.736799178229539,2.612492823579744,5.0,-1.107814372757407,1.031267313700191,5.519233560676449,-0.6576557670119756,0.016202912945745777,-0.029039300614813555,0.7525842655462345,-0.07006090579685068,-0.12451631421206596,-0.02870972502888743,0.002206062299592304,-0.006109913556429092,0.011383022592781344,31128,45000000,4.79,0,2,2,-1.2190296787808894,-1.0334314045001913,5.597919081691696,-1.3357405231085246,-0.9678649900757795,5.657072314726742,38.85930681228638
-4.771562340490563,2.683448137187101,4.820721382193133,-1.1385020931763938,1.0531053869319136,5.511460231205752,-0.6587953596060041,0.016622791861945017,-0.028378497217110384,0.7516029655662679,-0.06473110697320447,-0.12705347933101455,-0.04845619218647427,0.002148883277186542,-0.004655001066566911,0.012407148096826859,31128,301000000,4.84,0,2,2,-1.2190296787808894,-1.0334314045001913,5.597919081691696,-1.3666854867809939,-0.9518776036692371,5.660337427574525,39.74589729309082
-4.794099656859685,2.762760135098598,4.642886210402727,-1.1752801919372429,1.07694592120753,5.496253940524586,-0.6602876407889198,0.016903442747914894,-0.027763509480299056,0.7503090647100084,-0.06041282477571476,-0.12938993980974353,-0.07069651044028044,0.0025467192244832404,-0.0026475400545677985,0.01434839086869033,31128,574000000,4.89,0,2,2,-1.2190296787808894,-1.0334314045001913,5.597919081691696,-1.3983283820556542,-0.9347445109929283,5.657834162844026,40.68803668022156
-4.804985892885419,2.850928643237058,4.46792630886665,-1.2107651234626395,1.0983004015343047,5.476048090287869,-0.6618691450313781,0.016951424091257078,-0.02732788414255874,0.7489292829266334,-0.05792548050199224,-0.13129959623439524,-0.0914242028721481,0.003068145520046528,-0.0011343449727974075,0.015813237223483156,31128,822000000,4.95,0,2,2,-1.4354306334549953,-0.9127774999516218,5.647235626170454,-1.4354306334549953,-0.9127774999516218,5.647235626170454,41.60361933708191
-4.804912567739545,2.9483568287751334,4.297250351837315,-1.2472546651712617,1.1191691461891937,5.449999239448431,-0.6636024398981439,0.016824491465547223,-0.026955558202572498,0.7474102863422094,-0.05678270252016865,-0.13304600622747803,-0.11235891522331806,0.003812250861301436,2.3799575687988295e-05,0.01757571371854283,31129,90000000,5.02,0,2,2,-1.4705343920073786,-0.8895782246695523,5.629849553240795,-1.4705343920073786,-0.8895782246695523,5.629849553240795,42.5235641002655
-4.794679290446997,3.055344339391937,4.132232521764884,-1.2846654101555064,1.1398639205917194,5.41807973600211,-0.6655039473447228,0.016517306849016693,-0.026601338041183337,0.7457372482701037,-0.056795069830169444,-0.13469277716380923,-0.13346999292438877,0.004702777232523658,0.0009796652193472255,0.01643111954763299,31129,370000000,5.1,0,2,2,-1.5063176945266705,-0.8651109131906359,5.605712893996079,-1.5063176945266705,-0.8651109131906359,5.605712893996079,43.45586371421814
-4.786029733815932,3.112486733567247,4.052262675054003,-1.3229259161833058,1.16069043447481,5.380211984414552,-0.6670037241274146,0.0160554834314346,-0.02627578395056681,0.7444177836603084,-0.057748583962977176,-0.13620705112809292,-0.15472590495671118,0.004638221935238107,0.0017659339277997788,0.013134376877133036,31129,668000000,5.2,0,2,2,-1.5431121889880355,-0.8407001045517276,5.575358345610143,-1.5431121889880355,-0.8407001045517276,5.575358345610143,44.3407928943634
-4.762268117355413,3.2341347297119416,3.8982060370957945,-1.3590708232646895,1.1803889809708457,5.339768226247536,-0.6682615190093986,0.015553048813284575,-0.0260433815604407,0.7433077338227818,-0.05930797937481939,-0.13718523131246754,-0.17377660052334487,0.004767168957187096,0.002311139382982219,0.012973827324458398,31129,934000000,5.3,0,2,2,-1.5806050801685407,-0.815147845292813,5.538321030250946,-1.5806050801685407,-0.815147845292813,5.538321030250946,45.231945276260376
-4.7307524843902575,3.3656033648170482,3.7530203962825333,-1.3928395963503657,1.1989717002462181,5.298216278983029,-0.6694596472930779,0.01504066051962364,-0.02584454344363856,0.7422463329323702,-0.0611493691523329,-0.13781536078041387,-0.19011569708277687,0.00532487624695932,0.0026749627977551427,0.013745276646659477,31130,231000000,5.38,0,2,2,-1.5806050801685407,-0.815147845292813,5.538321030250946,-1.615882871166675,-0.7903335495658615,5.497941097362889,46.04063630104065
-4.692578477964153,3.5067924525178915,3.6178747020262714,-1.426920106433784,1.2181215878827891,5.252741072667189,-0.6707552439466856,0.014434499178790545,-0.025628595249568963,0.7410952860847339,-0.06399262461707714,-0.1382614545185817,-0.2063969816180827,0.005511927111001569,0.0032286593295793864,0.015109911328181624,31130,533000000,5.46,0,2,2,-1.5806050801685407,-0.815147845292813,5.538321030250946,-1.6489029376931075,-0.767251764321459,5.456020325133553,46.90440559387207
-4.671353145833668,3.580968106473816,3.554410272345218,-1.461196257864515,1.238028310487475,5.203367586463376,-0.6721943794258249,0.013765867757268933,-0.025435362638143662,0.7398096102921925,-0.06758593101480961,-0.13825135152008922,-0.22248280807874457,0.006304237058429862,0.00381570262106834,0.017208662211487535,31130,774000000,5.56,0,2,2,-1.5806050801685407,-0.815147845292813,5.538321030250946,-1.6825766523185983,-0.7449639937167807,5.410405862538375,47.71732997894287
-4.625368970448108,3.7362878683694305,3.4363370350639406,-1.4955700938932117,1.2588500610939002,5.150178368834149,-0.6738770262226782,0.012995257393399823,-0.025235042949437105,0.7382980898132535,-0.07179893298182245,-0.1380257446928378,-0.23785728602644313,0.006074483599149971,0.0043424864088592585,0.02037749636656372,31131,25000000,5.69,0,2,2,-1.5806050801685407,-0.815147845292813,5.538321030250946,-1.7167580822049762,-0.7232075646166816,5.361321532788281,48.52766966819763
-4.5756903606132395,3.9005536364550437,3.330853492557395,-1.5299828081354443,1.2806632464008443,5.09351179748971,-0.6758711646449415,0.012212588357808585,-0.025063186858781755,0.7364922661858541,-0.07643562070425317,-0.13759265940475732,-0.25165033355641236,0.006669925551250344,0.004617892136593582,0.02436513332213508,31131,279000000,5.86,0,2,2,-1.7511981412948514,-0.7015820390281672,5.30878461569423,-1.7511981412948514,-0.7015820390281672,5.30878461569423,49.408172607421875
-4.54985285059824,3.9858842502461127,3.283102412796268,-1.5700740740415509,1.3075521157181784,5.0233016919329385,-0.6786713804752708,0.011205950232802644,-0.024834274152693035,0.7339365386942379,-0.08351101930047904,-0.1366642143126348,-0.267056708611534,0.007158920016081538,0.005324245421434171,0.029859193818992935,31131,582000000,6.07,0,2,2,-1.7860271250282662,-0.6807732629543891,5.253318639666517,-1.7860271250282662,-0.6807732629543891,5.253318639666517,50.253209590911865
-4.496963626174488,4.162564007555353,3.198062264195162,-1.6071216029800277,1.33447524843233,4.954365672689993,-0.6817068890383751,0.010238037995392791,-0.02471803828124793,0.731136046573517,-0.09164673909503487,-0.1352927868260129,-0.28013160414189225,0.004760085039379192,0.005852197955391603,0.03116149309789762,31131,877000000,6.38,0,2,2,-1.8273775207728893,-0.6580729166780652,5.185257555843391,-1.8273775207728893,-0.6580729166780652,5.185257555843391,51.12358331680298
-4.44349995342669,4.346684865422453,3.1275302587205256,-1.6438541050855235,1.3631497132488715,4.88232096763362,-0.6845375852360587,0.009395059907487386,-0.024796717766621165,0.7284951269820017,-0.09855374153595294,-0.13324636754259683,-0.29120146685815784,0.0047155041102087125,0.005991571970298537,0.029213440757303033,31132,156000000,6.75,0,2,2,-1.86651357233281,-0.638329387092585,5.118909946661949,-1.86651357233281,-0.638329387092585,5.118909946661949,52.018834590911865
-4.3907065747319,4.537453565240048,3.0720742786082935,-1.6801593313530188,1.3934336541864618,4.807622248738932,-0.687335011704888,0.008532555880600258,-0.024886905474665842,0.7258639122526211,-0.105199989949801,-0.13086797450656187,-0.3006946847361626,0.005067395159130683,0.006062446254873066,0.030063470330787823,31132,432000000,7.13,0,2,2,-1.86651357233281,-0.638329387092585,5.118909946661949,-1.9063380830132906,-0.6192696898632977,5.049542450287529,52.83366417884827
-4.3649446544071155,4.635055345592884,3.050144175636353,-1.7186868937451756,1.427848803041097,4.724663271277832,-0.6904995591412807,0.007553577027739839,-0.024947743616952567,0.7228629969698311,-0.11282460211045606,-0.1279381953854525,-0.30924959175630246,0.005215448345552431,0.006236117087610182,0.032141538031282835,31132,698000000,7.53,0,2,2,-1.86651357233281,-0.638329387092585,5.118909946661949,-1.9467438302654214,-0.6003152551002119,4.977095013447149,53.66408681869507
-4.315439718675568,4.834091207905732,3.018100476464131,-1.756572620607875,1.4642793813447716,4.639586978116875,-0.6938618926626893,0.00655051002935275,-0.0250099636548615,0.7196438469457568,-0.12070427296614679,-0.12499805186552268,-0.3158539097280603,0.005907937429583399,0.006202723352544126,0.03477871978248004,31132,970000000,7.98,0,2,2,-1.86651357233281,-0.638329387092585,5.118909946661949,-1.9898976042895113,-0.5780418955758391,4.896051089992324,54.557453870773315
-4.269594438048033,5.037370284349661,3.0020138669173706,-1.7965076301559175,1.5055188431417665,4.5468148324426725,-0.6978269691661333,0.005421700619043407,-0.02497768017908439,0.7158101995359364,-0.12938850982945055,-0.12183282617351235,-0.3203865106778582,0.006572592883458128,0.006029432506693411,0.03904947116097901,31133,206000000,8.46,0,2,2,-2.031352792286895,-0.5511490916222354,4.812433607208079,-2.031352792286895,-0.5511490916222354,4.812433607208079,55.45951533317566
-4.248394781269408,5.140257566049799,3.0,-1.8331426790816356,1.5461759774375072,4.459288182012612,-0.7019143774029688,0.004336468121182541,-0.02488757528593421,0.7118131850672782,-0.13792610697722502,-0.11859849972291643,-0.3227883038413858,0.0072651179380045505,0.006062847387511283,0.042760192809510045,31133,440000000,9.0,0,2,2,-2.031352792286895,-0.5511490916222354,4.812433607208079,-2.0738835996436635,-0.5176385466626492,4.720658565221684,56.36746025085449
-4.210109027392585,5.347801973019649,3.0080514120095216,-1.8640348274776262,1.5827229657235689,4.383963188217773,-0.7056568489698741,0.003403735345843803,-0.024827968042588744,0.7081104420148595,-0.14517423116371914,-0.11548470538277382,-0.3233029263826076,0.004464912444746005,0.006041132246537018,0.04313424797146581,31133,695000000,9.55,0,2,2,-2.031352792286895,-0.5511490916222354,4.812433607208079,-2.1120602934183585,-0.4822910136593072,4.6336851497946405,57.204466342926025
-4.178146364880431,5.5566942361953435,3.0321408228027407,-1.8943450133184279,1.620731778445333,4.308764194402121,-0.7091305165528319,0.0026649952169395304,-0.024962927356537816,0.70463015870157,-0.15200307309926434,-0.11165329224741356,-0.3221314583145943,0.00499529037369939,0.005927124948357232,0.03994710059487261,31133,920000000,10.05,0,2,2,-2.031352792286895,-0.5511490916222354,4.812433607208079,-2.143222168254329,-0.4459725629635054,4.55786675408651,58.035757541656494
-4.153443009833245,5.765675973355503,3.0720742786082935,-1.9240175577568694,1.6602343273704216,4.23407900530541,-0.712510895259559,0.0018466116086331974,-0.02502419208045133,0.7012122388925545,-0.15920419373733885,-0.10782925789371234,-0.3194608029993046,0.0059402932038210565,0.0060140893765492365,0.04045607020088937,31134,179000000,10.53,0,2,2,-2.031352792286895,-0.5511490916222354,4.812433607208079,-2.173713172282365,-0.40830390498237296,4.48214078602638,58.876160860061646
-4.144082380849918,5.869796072247862,3.0978869674096927,-1.9554570493097563,1.7048368035085062,4.154147964346903,-0.7162729361730378,0.0008546646721990913,-0.025040235452099137,0.6973703012480932,-0.16756457483046558,-0.1036838021003289,-0.3148805332659508,0.006546268286911072,0.006407501314242836,0.042300342829548754,31134,433000000,10.99,0,2,2,-2.031352792286895,-0.5511490916222354,4.812433607208079,-2.203049440070994,-0.3662422611219171,4.406129538260661,59.66808223724365
-4.131829376054615,6.076470222463971,3.1609444548970984,-1.9815239762933772,1.7441071052746475,4.087650165630684,-0.7195653787661658,-2.3866848846284053e-05,-0.025056283262697196,0.6939725122658222,-0.1745058819074195,-0.1003049396261207,-0.30992197580022857,0.0066477922700869385,0.0063577563651051605,0.04360340208222624,31134,703000000,11.52,0,2,2,-2.031352792286895,-0.5511490916222354,4.812433607208079,-2.234024137440585,-0.3187587726463402,4.32465989385772,60.46537446975708
-4.129112759647949,6.178691008890939,3.1980622641951615,-2.0140528457263955,1.7959651781401882,4.0048618364329425,-0.7238605815294477,-0.0011425205298939856,-0.025042410488487446,0.6894907039486571,-0.18286638565986818,-0.09584244484236418,-0.3019497066638527,0.006799827588110929,0.006183017239891342,0.04507180128712207,31134,970000000,12.0,0,2,2,-2.031352792286895,-0.5511490916222354,4.812433607208079,-2.2601637743057466,-0.27990161285759724,4.257530610782368,61.36551904678345
-4.130889664098318,6.3800632425732875,3.283102412796268,-2.043612811505779,1.8459013838631786,3.930238982921689,-0.7279254939179819,-0.002155135730883424,-0.025024733500549526,0.6851960255339123,-0.19004356034431075,-0.09171199640357607,-0.2933490983195949,0.006782796481275,0.005790034128949628,0.04579660526360385,31135,228000000,12.64,0,2,2,-2.031352792286895,-0.5511490916222354,4.812433607208079,-2.293188823465165,-0.23103080877071022,4.174589433586503,62.24757122993469
-4.142721361985436,6.576229718320881,3.381966011250105,-2.0814709711968113,1.9134219201125142,3.8364048109386233,-0.7332432714265018,-0.0034197798143638693,-0.024958398700553414,0.6794995867166416,-0.19845512732215972,-0.08654368081180776,-0.28024185253373923,0.006603498786716955,0.005455572727441904,0.04594026358972769,31135,507000000,13.25,0,2,2,-2.031352792286895,-0.5511490916222354,4.812433607208079,-2.323108877478728,-0.18431257047175661,4.099960584496474,63.23788857460022
-4.165039210289305,6.765868159862174,3.493857067992778,-2.1185652309465337,1.9832197513639087,3.747361435574925,-0.738510282173611,-0.004601123594871904,-0.02490958558767048,0.673766209698415,-0.20617945130770612,-0.08170859485169113,-0.26573741217873625,0.006042851646270719,0.00506532596773468,0.045696441156906076,31135,788000000,14.08,0,2,2,-2.361881791343809,-0.12498058153768912,4.0078040210949775,-2.361881791343809,-0.12498058153768912,4.0078040210949775,64.31084251403809
-4.198159873902308,6.947684308549583,3.6178747020262705,-2.148674874525952,2.042220341024328,3.6779824974996163,-0.7427783126429995,-0.005475731478825711,-0.024892644682097148,0.6690521286661607,-0.21186813183386688,-0.07790751186484883,-0.25278886107716464,0.005315349517331924,0.004727469968202058,0.04500496870605275,31136,77000000,14.92,0,2,2,-2.4001798644942856,-0.06592159901164944,3.9214017514233164,-2.4001798644942856,-0.06592159901164944,3.9214017514233164,65.21497654914856
-4.242283771069134,7.12042552534505,3.7530203962825324,-2.178354583533979,2.102385556393845,3.6126180036781763,-0.7467795088761898,-0.0061311655113466,-0.025089954065085136,0.6645699873881762,-0.21655563674222172,-0.07348026242732479,-0.23777212644493972,-0.0015191829675131885,0.005120084642840084,0.03566221785149537,31136,368000000,15.6,0,2,2,-2.4001798644942856,-0.06592159901164944,3.9214017514233164,-2.4306484075159838,-0.014036524093629026,3.8537870707350614,66.1105854511261
-4.297494846945124,7.2828940987080575,3.8982060370957945,-2.2073375570236418,2.1633238733554117,3.5517936420957295,-0.7493610864869609,-0.006357884965256596,-0.02580679859193196,0.6616279532367759,-0.21953387926841778,-0.06906401906148317,-0.2210913940374879,-0.00195292527678248,0.005549348679778632,0.021999518321536016,31136,602000000,16.25,0,2,2,-2.4607159227048148,0.037398235229986074,3.7911537211461357,-2.4607159227048148,0.037398235229986074,3.7911537211461357,66.98799896240234
-4.363761665560097,7.433960112965551,4.052262675054003,-2.23360186432028,2.2204181460488916,3.499797177490702,-0.750962009837015,-0.006617998692588414,-0.026474804279959418,0.6597812869528762,-0.2218385291971201,-0.06581667968288049,-0.20415992579065753,-0.0009802234103517549,0.005376590797823155,0.016523045451322105,31136,844000000,16.71,0,2,2,-2.4607159227048148,0.037398235229986074,3.7911537211461357,-2.4907253234709095,0.08766611536028994,3.7340082935580976,67.8726978302002
-4.401000166322823,7.504885637691123,4.132232521764883,-2.2632337676151275,2.2868003511059354,3.4456378273959634,-0.7524256114237383,-0.006934858792663475,-0.027154259569215185,0.6580807345564733,-0.224135068985508,-0.0627889365809468,-0.18290552185802786,-0.0020104784198338166,0.00479481104775914,0.012636313203984173,31137,84000000,17.03,0,2,2,-2.4607159227048148,0.037398235229986074,3.7911537211461357,-2.518730983233552,0.1337805579424198,3.685686805889896,68.75281023979187
-4.483545441696767,7.63690758964005,4.297250351837314,-2.2903008363219683,2.349057330606647,3.4010535514192504,-0.7534353302386074,-0.007106792337621693,-0.027762105058692775,0.6568972234479458,-0.22553068082080246,-0.06051810080536246,-0.1626640981213114,-0.0016831230482239334,0.0037750548699477804,0.009902732836053474,31137,337000000,17.36,0,2,2,-2.4607159227048148,0.037398235229986074,3.7911537211461357,-2.5512799504822326,0.1871146167874231,3.635447095400385,69.6572048664093
-4.576581810215823,7.755077640164158,4.467926308866649,-2.314980610722382,2.4069157762205395,3.3647328788676427,-0.7542273679759028,-0.0071988232460140945,-0.028209600541528355,0.6559675851574545,-0.2261658308228979,-0.05889719808181234,-0.14403144927937817,-0.0021734243318860536,0.002939328555839893,0.008876247102307389,31137,573000000,17.58,0,2,2,-2.4607159227048148,0.037398235229986074,3.7911537211461357,-2.5802073795444085,0.24262069522321986,3.5926095461899004,70.5580620765686
-4.6797008925584365,7.858594902670625,4.642886210402726,-2.3393216914054307,2.464647121557184,3.333450542802084,-0.7549540375438824,-0.007191006889025069,-0.028649008081164606,0.6551121468512682,-0.22633530869805862,-0.057820136631508964,-0.12433029985260702,-0.003122090015494905,0.002374591690568195,0.008122816598188365,31137,854000000,17.74,0,2,2,-2.4607159227048148,0.037398235229986074,3.7911537211461357,-2.6055368298455024,0.2984642467640116,3.5566821962372144,71.37916493415833
-4.734887618073344,7.904640119602524,4.731533468364688,-2.361563643869818,2.517701611565574,3.3092795357210703,-0.7555576608595042,-0.007058411395644722,-0.029063080908159154,0.6543990657643161,-0.22622179631756692,-0.0572231583235608,-0.10525260475898238,-0.004107365111849504,0.0015943544781293895,0.007311752960958984,31138,112000000,17.86,0,2,2,-2.4607159227048148,0.037398235229986074,3.7911537211461357,-2.629446399930239,0.3584942412119359,3.5244567724622424,72.22817611694336
-4.8521589702234715,7.984933890950487,4.91027033929897,-2.3873371872735225,2.5792452657823293,3.2871121251283606,-0.7561882619929255,-0.006701602264454978,-0.029546551156302843,0.6536523558176589,-0.22599020083763183,-0.05706058375061901,-0.0817339402938948,-0.004398437249619747,0.00038866356533162616,0.006440665265472489,31138,445000000,17.97,0,2,2,-2.4607159227048148,0.037398235229986074,3.7911537211461357,-2.6521912371667287,0.4224315274614568,3.4959824834263653,73.05953621864319
-4.978092569416851,8.049100264685944,5.089729660701029,-2.4093524604180696,2.6316087206838916,3.273224700372779,-0.7566722253961792,-0.006285689093667612,-0.02984759771373268,0.6530825019377954,-0.225504108446275,-0.05728922325973328,-0.06237098873600063,-0.005550426885747584,-0.000792823226447581,0.005753742516390048,31138,785000000,18.0,0,2,2,-2.4607159227048148,0.037398235229986074,3.7911537211461357,-2.674750179190015,0.4865701991942382,3.4727749505936,73.8689272403717
-5.044089602812401,8.07501779183718,5.179278617806866,-2.4313674304325503,2.683573731675853,3.26409064411238,-0.7570913539642101,-0.0056634052832503,-0.030168163012041935,0.6525875340011604,-0.2250239307156575,-0.057950702714593114,-0.04210124512767727,-0.007287474500117241,-0.0018320885828870814,0.004738217648991849,31139,62000000,18.06,0,2,2,-2.4607159227048148,0.037398235229986074,3.7911537211461357,-2.696313712091172,0.5426381228042585,3.45777721946079,74.6713273525238
-5.181671272677615,8.11436158623374,5.357113789597273,-2.455307983593394,2.739416177892775,3.2597290247243205,-0.7574493271455007,-0.004766503044564264,-0.030493314847446048,0.652164055284534,-0.2245685073379052,-0.05905494775126859,-0.02005705019299402,-0.007327861931116786,-0.003340486000524834,0.0035905420872950344,31139,342000000,18.2,0,2,2,-2.7207239186818986,0.5995831328032645,3.448649351319338,-2.7207239186818986,0.5995831328032645,3.448649351319338,75.51619100570679
-5.326030373087438,8.136940756034273,5.53207369113335,-2.479356737629141,2.7948073978059225,3.2609281974401094,-0.7577190565276392,-0.0037043044900122116,-0.030680604944223082,0.6518487631217583,-0.22419338347291365,-0.06031910798492126,0.001322607754856019,-0.008685903867444722,-0.004992614049115218,0.002570523133726965,31139,623000000,18.23,0,2,2,-2.7207239186818986,0.5995831328032645,3.448649351319338,-2.744263573731063,0.6491361414648595,3.4463553691581605,76.34382224082947
-5.400487608599136,8.141936316943644,5.618033988749894,-2.503594995195626,2.8498253543592127,3.267680242703923,-0.7578666819320269,-0.00237514551456928,-0.0308457785005945,0.6516755243599509,-0.2240474640090023,-0.06208237375798122,0.022869093206568374,-0.011401155188650591,-0.006378312446031487,-0.0015296517631213646,31139,884000000,18.3,0,2,2,-2.77022578736793,0.701950992581621,3.4493832702621336,-2.77022578736793,0.701950992581621,3.4493832702621336,77.18159866333008
-5.553407509066662,8.139404347423483,5.786050063307846,-2.528071985346162,2.904462851320382,3.279942825983203,-0.7574070104555771,-0.0007605403396769711,-0.03105732248021613,0.6522035608699918,-0.2235878206413458,-0.06437115646815675,0.043772964157564084,-0.011222855846426683,-0.007627014065292315,-0.008138603425322799,31140,187000000,18.3,0,2,2,-2.77022578736793,0.701950992581621,3.4493832702621336,-2.794884143475528,0.7586124426708332,3.455879488339682,77.98101353645325
-5.71091245220216,8.12036772306612,5.947737324945997,-2.5546396862816736,2.962902196490588,3.2988932399187396,-0.7565210119821818,0.0010665769078109736,-0.031153569689156273,0.6532260527097628,-0.22297998954922188,-0.06695003909086356,0.06475536518707213,-0.012233147026563529,-0.00882510794326663,-0.011115207507828018,31140,460000000,18.22,0,2,2,-2.77022578736793,0.701950992581621,3.4493832702621336,-2.8200193989134847,0.8236465734582714,3.4669043265975823,78.81084322929382
-5.791095974912476,8.104766406478063,6.025798554811812,-2.579538039291505,3.016832998927636,3.3216232419099967,-0.7555009422656995,0.002934724872359679,-0.031232582627448442,0.6543960875555286,-0.22233433033672195,-0.06985599502113453,0.08387156036242692,-0.013411320105660707,-0.00965046274359338,-0.012541604792204453,31140,727000000,17.9,0,2,2,-2.8426872619135466,0.8858646998477262,3.4813652209226915,-2.8426872619135466,0.8858646998477262,3.4813652209226915,79.63213515281677
-5.953741782142302,8.061688452265003,6.175570504584946,-2.6066696810106484,3.074515246713881,3.35151878214,-0.7543260329014493,0.005092767281846459,-0.03132120316235451,0.6557326299956691,-0.22128741587966055,-0.07326458798727811,0.10362589658601282,-0.012871247326984303,-0.010247146110486938,-0.012704774599114899,31140,999000000,17.63,0,2,2,-2.865712134933297,0.9468584949703619,3.501041518190814,-2.865712134933297,0.9468584949703619,3.501041518190814,80.49854707717896
-6.118646833902687,8.003266302701505,6.315877451879425,-2.630150808879074,3.1236146225281423,3.3812371250346147,-0.753320080888591,0.006916521892198605,-0.03133110912830696,0.656870899839315,-0.22011662062916937,-0.07605308316555688,0.11890690614720342,-0.013426556870399509,-0.010261874558636919,-0.01300989679293707,31141,242000000,17.35,0,2,2,-2.865712134933297,0.9468584949703619,3.501041518190814,-2.8915560771747653,1.009700677818874,3.5290883210223516,81.38653421401978
-6.201656132817683,7.968516640433846,6.382125297973729,-2.6598858336247475,3.1843943283031986,3.423365928528003,-0.7519303555837906,0.009315915112412575,-0.031466482011322745,0.6584252536067274,-0.21773127793691666,-0.08045406182766728,0.1373819353559544,-0.014248453499021707,-0.010248663420497905,-0.014467346500168787,31141,500000000,17.14,0,2,2,-2.9148537016322402,1.060511294952604,3.559419177514528,-2.9148537016322402,1.060511294952604,3.559419177514528,82.30912470817566
-6.368216324575463,7.888442969334668,6.506142932007221,-2.6840412459764864,3.232409788315993,3.460875559638338,-0.7507457742439833,0.011208727960913295,-0.03159499211700355,0.6597400270905399,-0.2154612395532208,-0.08396454331088575,0.1509852144456884,-0.013612679140351247,-0.009847303135757102,-0.014712648680870188,31141,733000000,16.9,0,2,2,-2.9148537016322402,1.060511294952604,3.559419177514528,-2.945221134159246,1.1206948978392746,3.6047358910889185,83.16241931915283
-6.534755148665063,7.795031808684679,6.618033988749895,-2.710501130099791,3.283800911483606,3.5049501288618363,-0.7494611495320331,0.013212510134066246,-0.03176910234872892,0.6611536425476581,-0.21271213142062492,-0.0875857458967253,0.16436698779314046,-0.014294247284851735,-0.009568988207320217,-0.014728148107678862,31141,992000000,16.67,0,2,2,-2.969074135591695,1.1708197554802964,3.643512900231722,-2.969074135591695,1.1708197554802964,3.643512900231722,83.9876983165741
-6.700411658799133,7.689300091909045,6.716897587203731,-2.7393968619346984,3.3382862931255266,3.5561306061761306,-0.7480353849309703,0.015420859521418431,-0.03204794591753656,0.6627052053102213,-0.20898893048635747,-0.09208548142447319,0.17780477459040633,-0.014581098912458401,-0.00930127516767243,-0.014939049287931994,31142,249000000,16.4,0,2,2,-2.969074135591695,1.1708197554802964,3.643512900231722,-2.994171941407278,1.2280501114898652,3.6870560891438187,84.83188796043396
-6.7826519732040484,7.632161968564601,6.761191063713475,-2.7666823107264036,3.387912349053468,3.6068549419943206,-0.7467101917594724,0.017427199539485346,-0.032359993361334514,0.6641332795970981,-0.20493212852454895,-0.09650838978159074,0.18918050509317907,-0.014321805883810157,-0.008769518626650097,-0.015029670794319827,31142,509000000,16.09,0,2,2,-3.0209859934688574,1.2902009532429772,3.7367688073559266,-3.0209859934688574,1.2902009532429772,3.7367688073559266,85.69012498855591
-6.945471222611875,7.510092349047391,6.839055545102902,-2.794447163098767,3.4364818673311865,3.6603968243152125,-0.7453478101326028,0.019329359830267276,-0.03268109629081533,0.6655936926716748,-0.20047442183031125,-0.10088460801544556,0.19928743637621094,-0.01288757430302212,-0.008112101932056248,-0.015091800014488399,31142,765000000,15.8,0,2,2,-3.0209859934688574,1.2902009532429772,3.7367688073559266,-3.046342114785942,1.3462873602329082,3.786444456325612,86.51827359199524
-7.10547198691976,7.378699442408728,6.902113032590307,-2.8204252107083665,3.4803432700898913,3.7119315574247995,-0.7441212988206601,0.020945706688657896,-0.03297255881247204,0.6669014772649139,-0.19608763145085367,-0.10456143439613963,0.2070130120842113,-0.012914277158415643,-0.00749045389056846,-0.014735797140019713,31143,42000000,15.5,0,2,2,-3.0209859934688574,1.2902009532429772,3.7367688073559266,-3.071887799219914,1.4024392077738048,3.838370536626066,87.3110146522522
-7.184204876711098,7.309926275887015,6.9279257213917065,-2.8467944594547405,3.5231661147112994,3.7652320463138356,-0.7428879988034104,0.022534765690356992,-0.033323489808607554,0.6682059193064068,-0.19117196602453307,-0.10863843026015248,0.2137990989372259,-0.013311306520336075,-0.007053453873595572,-0.014643020494986558,31143,298000000,15.22,0,2,2,-3.0209859934688574,1.2902009532429772,3.7367688073559266,-3.095500016619887,1.455048591321359,3.8874679020949894,88.08810305595398
-7.338754385808782,7.16710445873456,6.967859177197259,-2.8758458727291263,3.5682497751408557,3.824669633343362,-0.7415962957189872,0.024224046655707387,-0.03376507000288827,0.6695581003820343,-0.18540791051578007,-0.11296924047541386,0.21974705784139906,-0.011923017973458627,-0.006410141077139997,-0.013773432056041202,31143,571000000,14.94,0,2,2,-3.1192138528583495,1.5080543398792146,3.9374842602565385,-3.1192138528583495,1.5080543398792146,3.9374842602565385,88.86980199813843
-7.414433150806786,7.093418321813691,6.981899523535869,-2.9122511432348186,3.6218264687789263,3.8997140700165356,-0.7401215485287879,0.026083154847037746,-0.03429601650419359,0.6710913095015602,-0.17814100771347482,-0.11791456448304745,0.2251920415747814,-0.010928670690191211,-0.0055243274346139515,-0.012488034371926915,31143,846000000,14.63,0,2,2,-3.1192138528583495,1.5080543398792146,3.9374842602565385,-3.145123362492041,1.5653672280648894,3.9925776160935214,89.8107488155365
-7.562292897297591,6.942425004900163,6.997986133082629,-2.9400126718551856,3.6605865292454953,3.9570603387442556,-0.7390878907566936,0.02729694948342839,-0.03466194876466099,0.6721625663435571,-0.1729027485979362,-0.12117625009564237,0.22820216795661832,-0.00936249034566572,-0.00480594280816149,-0.01251675384992268,31144,101000000,14.28,0,2,2,-3.1192138528583495,1.5080543398792146,3.9374842602565385,-3.1779082583427565,1.6334888386879731,4.062277439907413,90.63931584358215
-7.705144459679417,6.78787045338199,6.997986133082629,-2.970478322183712,3.701273295925718,4.0198499539145365,-0.7378926410089092,0.028458358844259412,-0.035017928917366645,0.6734079868928838,-0.16714498553296245,-0.12452726354041384,0.2298789608866914,-0.009222239714290481,-0.004415553394210292,-0.013149508322385373,31144,387000000,14.04,0,2,2,-3.1192138528583495,1.5080543398792146,3.9374842602565385,-3.2034556226190265,1.6818810375355573,4.116354246074061,91.48672413825989
-7.842653507283326,6.631296399009046,6.981899523535869,-3.0014024876677663,3.740485421578824,4.082930769427627,-0.7367344705511173,0.029574075617814614,-0.03540686376976694,0.6746065875390675,-0.1608204634474307,-0.1280717333086268,0.2300609717985048,-0.008866315511113498,-0.003939608723158017,-0.01215142301589367,31144,637000000,13.8,0,2,2,-3.1192138528583495,1.5080543398792146,3.9374842602565385,-3.2321312691473,1.7314361268118397,4.176723323398719,92.38392066955566
-7.909325460998192,6.552737310035547,6.967859177197259,-3.0328799194526086,3.778127370710069,4.145994913006164,-0.7356746174771431,0.030611413888732158,-0.03581275151942348,0.6756946391441918,-0.15427571851885996,-0.1317472859771307,0.22905896706808773,-0.008268668534583412,-0.003453798035479849,-0.010939655658148695,31144,895000000,13.57,0,2,2,-3.1192138528583495,1.5080543398792146,3.9374842602565385,-3.26137332149922,1.7793032938449864,4.237445932946387,93.24810004234314
-8.038397653394853,6.396045001712609,6.9279257213917065,-3.064951909610696,3.8141094318680913,4.208698058157278,-0.7347259875926311,0.03155181092503896,-0.03619967623110863,0.6766622420559212,-0.14753237795196464,-0.13517336954249834,0.22668111836207996,-0.0070153548222151585,-0.0029726582170042093,-0.00958028022068902,31145,165000000,13.36,0,2,2,-3.291115065396573,1.825387299470998,4.298182479967541,-3.291115065396573,1.825387299470998,4.298182479967541,94.11685991287231
-8.161701604126613,6.241203232806258,6.872469741279475,-3.1051752673028337,3.8562497595256464,4.284913605435104,-0.7337433811613693,0.032491592328715825,-0.036633731992574296,0.6776598827657737,-0.14092771865506282,-0.1386487819821731,0.22216106960070303,-0.005801905808766605,-0.0015938219689815014,-0.007510025716328528,31145,438000000,13.17,0,2,2,-3.291115065396573,1.825387299470998,4.298182479967541,-3.3215440306638286,1.8691157344997589,4.359131058069686,95.04294633865356
-8.279233348785443,6.08972668807787,6.801937735804838,-3.1384613054781725,3.889313021021106,4.345699857369564,-0.7330880093045253,0.033037374360266124,-0.03699573247972731,0.678322798000772,-0.13647828358709102,-0.14143792713854883,0.2173309616069175,-0.004045978903377545,-0.0014865273442410398,-0.008058512230491033,31145,682000000,12.99,0,2,2,-3.291115065396573,1.825387299470998,4.298182479967541,-3.360204341246507,1.9191849435569952,4.4345643428631565,95.89690089225769
-8.335859124810902,6.015712791162399,6.7611910637134764,-3.175161071845999,3.9232057243365404,4.409663984427188,-0.7321680606012104,0.0335331016505641,-0.03718826814576945,0.6792808659468288,-0.12900712002593157,-0.14529373402479173,0.21060638961447625,-0.0033159388749481877,-0.002100680285366252,-0.009855493772192858,31145,917000000,12.88,0,2,2,-3.39245698060551,1.9571507397679397,4.495409226500904,-3.39245698060551,1.9571507397679397,4.495409226500904,96.7852373123169
-8.444929778243836,5.8720295899248365,6.669146507442606,-3.2154531076595325,3.957473692938204,4.4759510621045555,-0.7312272081481309,0.0338595853298962,-0.03740301058096044,0.6802656196991425,-0.12532403225383795,-0.1478178509885116,0.20185786318527071,-0.001544431984257244,0.0031382876386487624,-0.0061077454574842704,31146,172000000,12.72,0,2,2,-3.39245698060551,1.9571507397679397,4.495409226500904,-3.428059097485897,1.9956296234836093,4.559838830033393,97.75646877288818
-8.548623222003824,5.735285754374287,6.56366296493606,-3.250800843667081,3.987529268857004,4.531283197247075,-0.7308913988175839,0.033533310190210774,-0.03803988362584085,0.6806072637695656,-0.12666612890619855,-0.1487531765423425,0.1936413644174075,-0.001290772138418106,0.0034673604432100547,-0.004105937341591925,31146,427000000,12.57,0,2,2,-3.467204855965478,2.034170115499987,4.6270119533958365,-3.467204855965478,2.034170115499987,4.6270119533958365,98.60495018959045
-8.647250728809183,5.6067891095832305,6.4455897276547836,-3.289627969354047,4.0190506817673155,4.58836672555605,-0.7303918832290197,0.03346663299403046,-0.038282050270907496,0.6811330017083772,-0.12399274091775599,-0.15107779978987856,0.1831892860573006,0.00034040593845929834,0.003930944330932107,-0.003691465326483012,31146,747000000,12.55,0,2,2,-3.467204855965478,2.034170115499987,4.6270119533958365,-3.502086494140586,2.065112890777644,4.683418665212257,99.56826782226562
-8.741203892820776,5.487758199706242,6.315877451879426,-3.3319504493958982,4.053373989261434,4.64617169506661,-0.7302578455190258,0.03282490284605519,-0.03892400317811595,0.6812715514298593,-0.12566939918951442,-0.1525850233620959,0.17046729150400997,0.0004841518290277236,0.003317599112051539,-0.0016190629708034976,31147,0,12.5,0,2,2,-3.467204855965478,2.034170115499987,4.6270119533958365,-3.5406861076759903,2.0960588158970066,4.742274701858175,100.52444243431091
-8.830948362253947,5.379310335909869,6.175570504584947,-3.3784197613097406,4.088690835836174,4.703503173524083,-0.7299610900238964,0.03278783093073765,-0.03887994182552063,0.681593805222455,-0.11715754740173487,-0.156717511920142,0.15539339099674798,0.000547204587064698,-0.003364031158525904,-0.0038030640780561953,31147,257000000,12.54,0,2,2,-3.467204855965478,2.034170115499987,4.6270119533958365,-3.5832185550240827,2.127057149333458,4.802719888151978,101.44418931007385
-8.874406345352918,5.329373808715595,6.101793962904206,-3.4204309216152264,4.116622532707191,4.74968385264451,-0.7295213313042108,0.03312032640747876,-0.038408549650807276,0.6820751091078721,-0.10625373907767295,-0.16068634714490257,0.14150277175150244,0.001514344626230013,-0.004653255427911063,-0.004374127047412912,31147,512000000,12.52,0,2,2,-3.467204855965478,2.034170115499987,4.6270119533958365,-3.6299755519361745,2.158133202790461,4.863570697057267,102.33118772506714
-8.95885491383951,5.238647359080432,5.947737324945998,-3.4668522562333792,4.14333929748946,4.79466389446809,-0.7291147635622004,0.03337185270217258,-0.037819479126207464,0.6825303421837621,-0.09559816297298068,-0.16450349325584993,0.12533878645125202,0.0018999137523678655,-0.0036188473814036115,-0.002971568119392032,31147,754000000,12.47,0,2,2,-3.467204855965478,2.034170115499987,4.6270119533958365,-3.672096093982767,2.183754695422906,4.913365463463024,103.20319700241089
-9.040533546240905,5.160785279215,5.786050063307848,-3.508135753814403,4.164168239934776,4.829790226743736,-0.7288954326000358,0.0334712497877433,-0.037409798110494934,0.6827822718684081,-0.08777745861519884,-0.1671945988705729,0.11136540050399457,0.002233972463727696,-0.002457025107105437,-0.0016819652614685765,31148,28000000,12.41,0,2,2,-3.7181776782407,2.209437194362212,4.962019469018301,-3.7181776782407,2.209437194362212,4.962019469018301,104.09206795692444
-9.120105018100498,5.096471948035492,5.618033988749896,-3.5568874033896583,4.186105797336296,4.865634171982158,-0.7289023369540931,0.03324700493515741,-0.037110131398185496,0.682802210009101,-0.08543093062921095,-0.16881185126959228,0.0938233305861256,0.004336915890235105,0.006047273564036004,0.004409313214637223,31148,342000000,12.38,0,2,2,-3.7181776782407,2.209437194362212,4.962019469018301,-3.7589453602023295,2.2302915251355016,5.0001498293394295,105.02361726760864
-9.198267729892216,5.046250697497813,5.44504186791263,-3.606334455614739,4.209565955366133,4.896094603153052,-0.7297898973661631,0.03181362023651161,-0.03774622071043445,0.6818869569744029,-0.0928806482862194,-0.16870127885435265,0.07514611289205471,0.005371879524318501,0.009738688731886214,0.008217165850510355,31148,604000000,12.41,0,2,2,-3.807083982058509,2.2528893292758783,5.039372355756095,-3.807083982058509,2.2528893292758783,5.039372355756095,105.93440318107605
-9.237046293633338,5.026554517280455,5.357113789597274,-3.6568329458960567,4.23432727659689,4.92085118800868,-0.7306318043543654,0.030439577009747087,-0.03815449849461183,0.6810248401211052,-0.09751417666336998,-0.1699236048894135,0.05530771345239629,0.005535848004001309,0.009739099823491415,0.008586431795265526,31148,891000000,12.63,0,2,2,-3.807083982058509,2.2528893292758783,5.039372355756095,-3.856369279557538,2.274214316646627,5.072703824132847,106.90475296974182
-9.314458149989589,4.998169166528449,5.179278617806868,-3.7049268209196224,4.258768563601437,4.938591876467334,-0.7316024006747361,0.029071717279283375,-0.038670333742370305,0.6800127703724761,-0.10174912047965959,-0.1710007453177756,0.03662075676099334,0.005267835740596638,0.0075525924785324605,0.009800946190807736,31149,194000000,12.83,0,2,2,-3.9069145914634906,2.294448545690502,5.099783500695067,-3.9069145914634906,2.294448545690502,5.099783500695067,107.81243658065796
-9.392295478639225,4.9845866686656395,5.000000000000001,-3.7612505151943267,4.287237965758711,4.952554661725263,-0.7327530584837346,0.02798389786646384,-0.038702716232207654,0.6788165853153417,-0.10384114782100244,-0.17305324877324488,0.014909714569358395,0.005787118743683095,0.005374337661123718,0.012250682812009472,31149,449000000,13.05,0,2,2,-3.9069145914634906,2.294448545690502,5.099783500695067,-3.955337703342683,2.312480950551214,5.11931636798942,108.77938389778137
-9.47129927139662,4.985825502573428,4.820721382193134,-3.8116912571196493,4.312711104412056,4.9590514503186,-0.7340455291395744,0.02709094282932934,-0.03867438924480642,0.6774566654652985,-0.10450303998431767,-0.17501769877688061,-0.004533011906757727,0.005327989129000343,0.001000583591803661,0.011625720162555808,31149,730000000,13.24,0,2,2,-3.9069145914634906,2.294448545690502,5.099783500695067,-4.012078823607582,2.3321918800182293,5.134379810494956,109.65186023712158
-9.552198506503384,5.001751500218027,4.642886210402727,-3.859774230246105,4.335435661835484,4.9601461176869694,-0.7348743334878177,0.026931503060511196,-0.03801753432524337,0.6766011197208929,-0.09846473936662496,-0.17864414094456238,-0.02306654406274536,0.004989135322830407,-0.0055634603540966054,0.007489285553674563,31150,30000000,13.44,0,2,2,-3.9069145914634906,2.294448545690502,5.099783500695067,-4.062893251035109,2.348967065153676,5.141253138412993,110.50830554962158
-9.635699470216313,5.032079457966313,4.467926308866651,-3.9130992603917063,4.357135356079372,4.955853429026092,-0.7354440512087996,0.02721998561811348,-0.03682352761124895,0.6760363509004537,-0.08756023318074325,-0.18340708295129532,-0.04365530790075309,0.005091020966574433,-0.00790917410995462,0.005638297625409905,31150,348000000,13.52,0,2,2,-4.111186578336417,2.3641142182168484,5.142345301600108,-4.111186578336417,2.3641142182168484,5.142345301600108,111.3804383277893
-9.678637536758645,5.052514485500042,4.381966011250106,-3.9640450270136602,4.374694864015267,4.946606168631346,-0.7359352967009503,0.027479232435617493,-0.03572936845903871,0.6755498079963844,-0.07945431211624525,-0.18745547671261475,-0.0632812468161969,0.005029197609474068,-0.0065308007378916955,0.006095312846809975,31150,622000000,13.51,0,2,2,-4.111186578336417,2.3641142182168484,5.142345301600108,-4.164306870539194,2.3805692674306558,5.13736064894567,112.21066999435425
-9.76729017331638,5.103588292218058,4.213949936692154,-4.020377300928718,4.39141249767895,4.930875023499663,-0.7365223658608923,0.02759605126730571,-0.03473458933288606,0.6749568659144093,-0.07284922955900539,-0.1914667281332389,-0.0843792623220426,0.004937443281960441,-0.004678325603890698,0.00503606793245126,31150,927000000,13.5,0,2,2,-4.214650348195781,2.396234625899063,5.127084305472782,-4.214650348195781,2.396234625899063,5.127084305472782,113.04742383956909
-9.860143519025664,5.167714407510702,4.052262675054004,-4.07398566111005,4.40533578386546,4.911161360517885,-0.7368537569264632,0.027558487135109163,-0.03398234092600278,0.6746349169701861,-0.06811406633499573,-0.19497060965472332,-0.10299268184352747,0.005032151966588572,-0.0031125270425036433,0.0033573365726624615,31151,199000000,13.51,0,2,2,-4.214650348195781,2.396234625899063,5.127084305472782,-4.270146391646218,2.413194554750534,5.110010236098591,113.88153433799744
-9.908319044516041,5.204433457876391,3.9742014451881884,-4.133035752814799,4.419047653373336,4.884490062532329,-0.7371845857743616,0.02736094371111011,-0.03334002717947086,0.674313508572676,-0.06458594685847596,-0.19848174895910561,-0.12325063872882236,0.004756479984280304,-0.001536614013275539,0.003218223127987585,31151,484000000,13.5,0,2,2,-4.214650348195781,2.396234625899063,5.127084305472782,-4.3228733344541865,2.429255877656208,5.088611552235829,114.71746969223022
-10.008479866243734,5.286636596706112,3.824429495415054,-4.197817864245402,4.432765186697569,4.849693350088227,-0.73751673040778,0.027044175398741967,-0.032842873104953665,0.6739874113303838,-0.06234259667884616,-0.2020144688048445,-0.14422697220517527,0.003974404990003677,-0.00034687579386627476,0.0038183372907951707,31151,776000000,13.5,0,2,2,-4.214650348195781,2.396234625899063,5.127084305472782,-4.380537715026795,2.448176727473662,5.0595542269544485,115.6562933921814
-10.114084415893515,5.379710159274142,3.684122548120575,-4.272902808759336,4.447557758085706,4.803074593046421,-0.73810521521026,0.026649979352053092,-0.032468167789059504,0.6733767800870271,-0.061195558422441024,-0.20546209264628873,-0.1661349652365646,0.003283635737716395,0.0007182045806075621,0.006964436352063785,31152,96000000,13.49,0,2,2,-4.214650348195781,2.396234625899063,5.127084305472782,-4.443449788865457,2.469761888877244,5.021779164538902,116.66067719459534
-10.225501397259645,5.482578088179083,3.5544102723452173,-4.340600282227916,4.460300030483241,4.755933000313482,-0.7389789793940645,0.02627968270531432,-0.03227734910612648,0.6724415357674566,-0.061475067693845344,-0.20848314530917805,-0.18460893179673193,0.0033363657848894945,0.0014901073882356286,0.010787195424200036,31152,374000000,13.52,0,2,2,-4.516615991725788,2.4943428669088368,4.971211354943834,-4.516615991725788,2.4943428669088368,4.971211354943834,117.62795281410217
-10.343015939680622,5.5940639847794555,3.436337035063941,-4.405004866647138,4.4725561413092265,4.707042617549192,-0.740377535593008,0.025708446716267,-0.03227653056178195,0.6709235471583594,-0.06988195751213801,-0.20989195317204085,-0.2014018951680212,0.005216068029767484,0.010621714682201855,0.02585102538432693,31152,679000000,13.62,0,2,2,-4.582763622384714,2.5159949609255983,4.920241944979375,-4.582763622384714,2.5159949609255983,4.920241944979375,118.54658055305481
-10.466824193840418,5.71290304839822,3.330853492557395,-4.470188575571571,4.489765658577828,4.653530383261789,-0.7439255750296515,0.023786258839457865,-0.03351705002395362,0.6669974213330335,-0.09416647474403873,-0.2079933038655688,-0.2178435680674265,0.004614561248672544,0.021841215311724227,0.04312582932470832,31152,959000000,13.82,0,2,2,-4.582763622384714,2.5159949609255983,4.920241944979375,-4.646142169313862,2.5353571435908444,4.868013075112411,119.48338270187378
-10.597029011258085,5.837754861678575,3.2388089362865244,-4.536134518626175,4.513568298163984,4.595726716472102,-0.748259025687144,0.02147262373323961,-0.03539865099012489,0.6621135041787138,-0.11769801324290574,-0.20634279251693716,-0.2339400866534788,0.0035770110343946726,0.021690909125027247,0.04832699451071676,31153,227000000,14.45,0,2,2,-4.582763622384714,2.5159949609255983,4.920241944979375,-4.711560366131982,2.553338858149437,4.81181546797114,120.40835762023926
-10.664535954385098,5.901999301723967,3.198062264195162,-4.603272390739458,4.542333514894828,4.533629549583486,-0.7528333832458873,0.019774729380541138,-0.03693260904119845,0.6568765786187591,-0.1294064538096535,-0.20714119361632521,-0.24943072790765924,0.0014204759054337046,0.010073380053654546,0.04471808751986828,31153,493000000,15.27,0,2,2,-4.582763622384714,2.5159949609255983,4.920241944979375,-4.779210583848079,2.5698772072792395,4.751919075898215,121.2922842502594
-10.804316840475156,6.033224903224885,3.127530258720526,-4.676854433858978,4.572550300889028,4.463070779068313,-0.7567263131747085,0.01967975479792207,-0.037000864948573076,0.6523871014920236,-0.12486085646988938,-0.2113064982750469,-0.26225304014146045,0.0011095907098024327,-0.0020921167106280336,0.03866380902763922,31153,760000000,16.09,0,2,2,-4.848330391227107,2.5857271595743274,4.688814541528193,-4.848330391227107,2.5857271595743274,4.688814541528193,122.23555755615234
-10.950325304246979,6.166871325440744,3.0720742786082935,-4.75201856253688,4.6006918872613864,4.38909886332675,-0.7606345328672759,0.020128847237411172,-0.03644197124908473,0.6478440550396019,-0.12351948598052413,-0.2146450716445599,-0.27287256932883713,0.0013909572885495436,-0.002998582885993528,0.043733376514865085,31154,43000000,16.73,0,2,2,-4.923840976100189,2.6018863202853697,4.618247961737833,-4.923840976100189,2.6018863202853697,4.618247961737833,123.1423602104187
-11.102320481200636,6.301443152063106,3.0321408228027407,-4.828642479326908,4.628189825291962,4.312166243250551,-0.7651130241602134,0.020512689485153418,-0.03601451309736755,0.6425606933798998,-0.12596521748554163,-0.21707198891364765,-0.2820484567273017,-0.00037360097735472664,-0.001021807565848576,0.04570049422909506,31154,304000000,17.36,0,2,2,-5.001059561322792,2.617389846011133,4.544907059260239,-5.001059561322792,2.617389846011133,4.544907059260239,124.04160404205322
-11.25996342056738,6.435433591546413,3.008051412009522,-4.901399517053233,4.653185488348634,4.238214442150823,-0.7690950078405409,0.02084533524391803,-0.03592764440823436,0.6377833058967618,-0.12716074912827247,-0.21931866008223594,-0.28870802621080566,-0.0008668543330259126,0.0006005185014146264,0.0441248259448912,31154,590000000,18.19,0,2,2,-5.001059561322792,2.617389846011133,4.544907059260239,-5.084352966211546,2.635906552014308,4.463518185759589,124.88454723358154
-11.340770603066856,6.501740470521191,3.0020138669173706,-4.9699713256124705,4.675970373177064,4.168212915364039,-0.7727745483260444,0.021045613739446068,-0.03602396822933495,0.6333078661400156,-0.1296621491264754,-0.22116705298310074,-0.2931312095920715,-0.0009059783735665405,0.002090775387841859,0.04569937773339916,31154,896000000,18.76,0,2,2,-5.001059561322792,2.617389846011133,4.544907059260239,-5.152471661418488,2.6533383652020075,4.395151368675786,125.72148990631104
-11.50604108425346,6.632045291300239,3.0020138669173706,-5.050324817090302,4.702297943192165,4.086398739820591,-0.7772939347314537,0.021118128853211918,-0.03625916822836375,0.6277367572341298,-0.13449363726190905,-0.22288325882974921,-0.2962784601639548,2.743148623807201e-05,0.0033474783776910044,0.05048496022936888,31155,217000000,19.39,0,2,2,-5.001059561322792,2.617389846011133,4.544907059260239,-5.221348899251764,2.6721170172537807,4.325346771145894,126.67179560661316
-11.675700990661799,6.758049269580246,3.0181004764641304,-5.126387617767116,4.7271372132066025,4.009597360215684,-0.7819112636937661,0.021069499041194217,-0.03649532358684149,0.6219637797133065,-0.13968498502382654,-0.2238690827520356,-0.29729959597967687,0.00016535760494207352,0.004057280466440716,0.05575497452809941,31155,531000000,20.18,0,2,2,-5.001059561322792,2.617389846011133,4.544907059260239,-5.302072653161608,2.694717648115056,4.2436146702626685,127.55254554748535
-11.849094176114601,6.878321800454076,3.0501441756363525,-5.1979182868827865,4.750593782642233,3.938367818050238,-0.7866534981066763,0.02096311509450347,-0.03676421013726838,0.6159425416181666,-0.1456950425144068,-0.22453443271463175,-0.2964923586792384,0.0005408828428699053,0.004926016981698922,0.06246279663173482,31155,797000000,21.01,0,2,2,-5.37899480240831,2.716285517973376,4.166575985637538,-5.37899480240831,2.716285517973376,4.166575985637538,128.40889930725098
-11.936964078633872,6.93587601456928,3.072074278608293,-5.292822711275434,4.782102642987998,3.84611645901857,-0.7936490847727081,0.02075190992822369,-0.0371992449269927,0.6068827766963197,-0.15514819873723948,-0.22491214678146423,-0.2929079711895438,0.0003665563411914263,0.0059598899042612175,0.07192717384896241,31156,72000000,21.89,0,2,2,-5.452074012142253,2.736479118368084,4.094665776538283,-5.452074012142253,2.736479118368084,4.094665776538283,129.40945100784302
-12.114557488195874,7.044989978345844,3.127530258720525,-5.383533690950303,4.812690392412717,3.7608575765212926,-0.800698689335275,0.020611825534887083,-0.03771883192962913,0.59752326420212,-0.1639092511756839,-0.22433193482694636,-0.2880579503143019,-0.0011039812761737267,0.006034113721398171,0.0697773321007844,31156,373000000,23.22,0,2,2,-5.452074012142253,2.736479118368084,4.094665776538283,-5.549694620781048,2.7646322656165356,4.0005540982980605,130.38152647018433
-12.293917467443427,7.145059328602193,3.198062264195161,-5.458015066955417,4.83800911906978,3.6929967516565156,-0.8059013873316002,0.020587383931230264,-0.03821932216928031,0.5904560922988183,-0.17011436476658265,-0.2234710285178433,-0.2831040729013475,-0.0013530524483940098,0.005919871637161123,0.06641851578024216,31156,640000000,24.56,0,2,2,-5.641323185717569,2.7983333645627924,3.912868475639402,-5.641323185717569,2.7983333645627924,3.912868475639402,131.25123286247253
-12.474148139184196,7.234897176147173,3.2831024127962674,-5.538893149452546,4.8658201302108965,3.6218150797587136,-0.811408699116224,0.020545888694397465,-0.03878340376578718,0.5828289946876478,-0.17758579751655684,-0.22207093496247193,-0.2754987973842822,-0.0005902321674966515,0.006421846546800225,0.06872473168186843,31156,959000000,25.55,0,2,2,-5.641323185717569,2.7983333645627924,3.912868475639402,-5.715227286942489,2.830876855002539,3.8428073552348545,132.10967588424683
-12.654305227338881,7.313412772494321,3.3819660112501047,-5.614585989394663,4.892309596343676,3.5579916066534034,-0.8167142909400311,0.020441404968689993,-0.03931189164430796,0.5753385882352882,-0.18499553050887213,-0.22049352407867504,-0.2667560102857209,-0.001393308616570721,0.006753336265319376,0.07060282441671006,31157,254000000,26.6,0,2,2,-5.794486337732378,2.8700848738113707,3.7690016349604214,-5.794486337732378,2.8700848738113707,3.7690016349604214,132.96421074867249
-12.744050391633541,7.348112631760663,3.4363370350639397,-5.690849503620741,4.919401686267663,3.496796109808948,-0.8219260936726651,0.020402218998259697,-0.03991717360612574,0.5678273199232655,-0.1922096725578543,-0.21892788204928876,-0.256435666162186,-0.0013389005061981152,0.006862537975393934,0.07066029284032993,31157,561000000,27.62,0,2,2,-5.794486337732378,2.8700848738113707,3.7690016349604214,-5.868095377163135,2.9097057528712846,3.7027195696269786,133.78438878059387
-12.922246333789698,7.4078342454461295,3.5544102723452164,-5.773599300605498,4.949195196087866,3.434266504927783,-0.8275791397691095,0.020360256186617794,-0.04055951890943768,0.5595115305450555,-0.1997714403897352,-0.21685803583170277,-0.24398239922103698,-0.0010456067570885352,0.0067589664922707016,0.07103096068021841,31157,826000000,28.63,0,2,2,-5.941852381934762,2.9517617796093543,3.638935533951094,-5.941852381934762,2.9517617796093543,3.638935533951094,134.71219301223755
-13.097865609928817,7.453989872725822,3.684122548120574,-5.862765935496574,4.981644835092795,3.3713509666070176,-0.8334267701876968,0.02032271628848243,-0.04119095603507931,0.5507178143823549,-0.20701820511012362,-0.21432336144988634,-0.2300474929768515,-0.0008090013636774529,0.006405401063602767,0.07042018696665764,31158,84000000,29.74,0,2,2,-5.941852381934762,2.9517617796093543,3.638935533951094,-6.02153012845595,2.999141992931632,3.5733911272723247,135.61915946006775
-13.269879644571253,7.485895915127626,3.8244294954150533,-5.940459987934377,5.010122341639102,3.3204636334521522,-0.838458755409534,0.020309413822324384,-0.041697144282137624,0.5429878371989594,-0.2129525790537036,-0.21221066307625583,-0.21706585935354233,-0.0016202467236325901,0.006037761204424896,0.06996055890340358,31158,391000000,30.91,0,2,2,-5.941852381934762,2.9517617796093543,3.638935533951094,-6.107291179730358,3.0516013527031625,3.5072609573217495,136.4746856689453
-13.437261888741183,7.503000098395525,3.9742014451881866,-6.018438969180907,5.038714417828082,3.273268598987535,-0.8432639712091949,0.020403128408881793,-0.04223630750940863,0.5354490466324497,-0.21786050147331046,-0.21008816897852536,-0.20253323687370967,-0.0019888387441824307,0.00579511383875797,0.06797075111535378,31158,668000000,31.94,0,2,2,-5.941852381934762,2.9517617796093543,3.638935533951094,-6.182674433979547,3.094277096775795,3.4550937124385492,137.33347582817078
-13.518898802844385,7.505865870407254,4.052262675054002,-6.096626114433318,5.067240706976644,3.2301698856351577,-0.8479604656948581,0.020541595528075107,-0.0427644653001073,0.5279320903102178,-0.22224104700876562,-0.20810014708026023,-0.18648818076416324,-0.00206115328182932,0.005478774801304098,0.06826774260844104,31158,937000000,32.96,0,2,2,-5.941852381934762,2.9517617796093543,3.638935533951094,-6.259388654760538,3.1314605806043327,3.4090751472856287,138.16968631744385
-13.677442582912931,7.500028920808715,4.213949936692152,-6.1749547771232285,5.095596006732262,3.1915145734938535,-0.8526337272358496,0.02071482519448005,-0.04323933115428816,0.5203047024949846,-0.2262395178875889,-0.205889349178695,-0.16941027021401997,-0.001382556035878224,0.004867200505032088,0.06865226096124388,31159,268000000,34.0,0,2,2,-5.941852381934762,2.9517617796093543,3.638935533951094,-6.337427417434407,3.1633000542715,3.3694812447567344,138.9825451374054
-13.828875872947062,7.478607774758877,4.381966011250104,-6.253263980453426,5.1236741447973255,3.157346312106698,-0.8572238794862477,0.02090226785174935,-0.04359421939574014,0.5126693473111852,-0.22955996528298708,-0.20342090006194727,-0.1522393256554996,-0.0018788008446790627,0.0040521168102714,0.06796481902711093,31159,587000000,35.07,0,2,2,-5.941852381934762,2.9517617796093543,3.638935533951094,-6.416916413012114,3.1908399176852895,3.336035746924471,139.81687879562378
-13.90163493843648,7.462026039688312,4.467926308866649,-6.331486819825368,5.151336912997779,3.127857968064736,-0.8616788005966316,0.021205193678346314,-0.04391530975817854,0.5051053651786499,-0.23232182147174432,-0.20115727186342397,-0.13381491351321106,-0.0025127135131697287,0.003378019778210728,0.06678110075881705,31159,859000000,36.16,0,2,2,-5.941852381934762,2.9517617796093543,3.638935533951094,-6.497098657917624,3.215265446026839,3.308731323116272,140.64102935791016
-14.040684578421265,7.417142118289708,4.642886210402725,-6.397533823442063,5.174321972772918,3.1067779281091017,-0.8653322484583468,0.021524778761969968,-0.044133097443248434,0.4987875834334039,-0.2341557997227422,-0.1992185687637147,-0.11781161988905489,-0.0020660124164351146,0.0024897523417166667,0.0655930969514884,31160,122000000,37.22,0,2,2,-5.941852381934762,2.9517617796093543,3.638935533951094,-6.576754425890211,3.2379377274915373,3.28748944920673,141.44694995880127
-14.106765416210758,7.388874476852862,4.731533468364688,-6.487188297560296,5.204983254823614,3.083752126675265,-0.8700656704290041,0.022086059138967898,-0.04432093189481594,0.49044223933977416,-0.23595506458389126,-0.19608398434434804,-0.09521871627353226,-0.0029068297408230137,0.0013257431191959768,0.06205087702255696,31160,384000000,38.09,0,2,2,-6.643571446010273,3.2563289332712704,3.273888687466347,-6.643571446010273,3.2563289332712704,3.273888687466347,142.3538031578064
-14.231547770101251,7.32083754636694,4.910270339298969,-6.570314666651162,5.233266773328918,3.0683746261469964,-0.8737671135724612,0.022376608841480954,-0.04437242913161731,0.4837989315293745,-0.24469760297104992,-0.18871421658357554,-0.07505787976631009,0.0033034768193829223,0.004724399968836224,0.02529152225179132,31160,652000000,39.24,0,2,2,-6.734103828778765,3.2805031370636675,3.2618089988249017,-6.734103828778765,3.2805031370636675,3.2618089988249017,143.22264003753662
-14.345893085364855,7.237760811949752,5.089729660701029,-6.658700353053464,5.269557428231666,3.057694174910014,-0.8731834901167121,0.02160255555379556,-0.0452434563023619,0.4848060971594304,-0.265537211414189,-0.17521393326517695,-0.0559117633253995,-0.001079857463537337,0.008200513457268244,-0.03751108015421778,31160,939000000,40.16,0,2,2,-6.734103828778765,3.2805031370636675,3.2618089988249017,-6.818294896316026,3.302224423244706,3.2573175606621905,144.19144654273987
-14.449159919402483,7.140110308928806,5.26846653163531,-6.757870153751484,5.318537671682812,3.052838059215168,-0.8688936880928455,0.0213400615293596,-0.046566781014529386,0.49234123884992687,-0.27740383934688473,-0.1704040963577224,-0.03365131138360268,-0.007421200871249312,-0.0003764455897226071,-0.05166347946214955,31161,225000000,40.1,0,2,2,-6.734103828778765,3.2805031370636675,3.2618089988249017,-6.907597023984129,3.3253305092083565,3.2592286136893067,145.24400305747986
-14.540801588058912,7.028473307814418,5.445041867912628,-6.844803958358881,5.364415762535937,3.055154713152929,-0.8654691629159795,0.022301541603113213,-0.04672812075109111,0.49827929117585235,-0.2755079020482029,-0.17455453705321022,-0.012827776058912835,-0.010530212875892175,-0.008938333758123918,-0.029334760256460868,31161,495000000,39.14,0,2,2,-7.006495642134732,3.352581882832482,3.26880698071916,-7.006495642134732,3.352581882832482,3.26880698071916,146.18528127670288
-14.620373948532228,6.903550762011855,5.618033988749894,-6.925521363491958,5.404822756898316,3.0633007095738,-0.8642117496332534,0.024117066506919076,-0.04593021853952487,0.5004466344415187,-0.2647109309711185,-0.18283119056307012,0.008886575364000667,-0.009857098939392017,-0.015681988952565007,-0.018511261987441685,31161,747000000,38.32,0,2,2,-7.091960880679943,3.3774065828935727,3.28375492261424,-7.091960880679943,3.3774065828935727,3.28375492261424,147.08626770973206
-14.68754212920409,6.76614864290927,5.786050063307846,-7.006044462327439,5.441951618936151,3.0774414761571176,-0.8625063214105566,0.026288534385422217,-0.044529346993136314,0.5033973537306895,-0.2543490674940322,-0.1916296006807287,0.030982567254666204,-0.010126202141691465,-0.018761448154691607,-0.027037654035666492,31162,6000000,37.94,0,2,2,-7.170503585100488,3.400895268852617,3.302810872038642,-7.170503585100488,3.400895268852617,3.302810872038642,147.97095131874084
-14.742086120548693,6.617168264378271,5.947737324945996,-7.10340732497461,5.483056813005048,3.102628529360384,-0.8600323345638368,0.029015220309773923,-0.04271051930649797,0.5076202439182476,-0.24197683022076993,-0.20074541201615914,0.05757590691451352,-0.009235164179699495,-0.018285868100065272,-0.027643019711831585,31162,272000000,37.42,0,2,2,-7.170503585100488,3.400895268852617,3.302810872038642,-7.2479013905952305,3.424649874697268,3.3265307265512396,148.99331998825073
-14.783905153536903,6.457595709116016,6.101793962904204,-7.216730119936727,5.526757497378488,3.1431446030098904,-0.8577323582038614,0.03186079942001896,-0.04083918916598049,0.5114804510229349,-0.22834895450346857,-0.20766349875777562,0.08699846883974145,-0.006872950734759797,-0.013998660415381892,-0.010193618891207734,31162,515000000,36.68,0,2,2,-7.170503585100488,3.400895268852617,3.302810872038642,-7.340179250058572,3.4541369333087073,3.3612714929480214,150.11284017562866
-14.81302080509144,6.288490478373291,6.246979603717467,-7.300344851606915,5.556584708399901,3.1806663100740704,-0.857297734964154,0.033603890395575695,-0.039741768308160744,0.5121835257281846,-0.21908612645788067,-0.21006278002982598,0.10702718295205868,-0.007859484685468487,-0.011458764311100822,0.0010530152621868183,31162,776000000,35.89,0,2,2,-7.170503585100488,3.400895268852617,3.302810872038642,-7.444757324979444,3.492390111484699,3.409078196256248,151.02089023590088
-14.829578784024937,6.110973494355408,6.382125297973729,-7.38243485165723,5.583931047465642,3.2238879536476683,-0.8576085752016783,0.035420242444937085,-0.03891748523047361,0.511603721164169,-0.2093357044331301,-0.2110052437573846,0.1260340985482878,-0.009333897833130322,-0.010571242546575377,0.006630900861637201,31163,7000000,35.56,0,2,2,-7.520403900154663,3.5231907219817504,3.4494987334108114,-7.520403900154663,3.5231907219817504,3.4494987334108114,151.98877573013306
-14.833849365352684,5.926214590870866,6.506142932007221,-7.462687612554286,5.60866626015649,3.2724281552822645,-0.8579950877728202,0.03731586339602029,-0.03818679660815161,0.5108754488733311,-0.19911224525764773,-0.21138391833965212,0.14362658461677474,-0.008774693742452655,-0.010675638441171031,0.002046529459676094,31163,298000000,35.39,0,2,2,-7.520403900154663,3.5231907219817504,3.4494987334108114,-7.5940218170926395,3.5548108476166536,3.4937121424410904,152.9004249572754
-14.831495202095766,5.831495202095768,6.563662964936059,-7.5410621932316255,5.630875407997133,3.325922134718014,-0.8578107164255186,0.03910253647596276,-0.0374374373404598,0.5111068427560554,-0.18864721118830308,-0.21207052892106856,0.15992360789145227,-0.007710590034548659,-0.01014608806144679,-0.0036970191558793886,31163,581000000,35.23,0,2,2,-7.520403900154663,3.5231907219817504,3.4494987334108114,-7.665772752051068,3.586491939401353,3.5416042545525617,153.86074233055115
-14.818111303820551,5.638142094139395,6.669146507442605,-7.617608166494951,5.65064478744682,3.383911261910371,-0.857370025397479,0.04065176660241842,-0.036765078750208076,0.5117737804992744,-0.17850849764662552,-0.21251511934137005,0.17417113667168754,-0.006831140262875124,-0.008881673966243397,-0.006008834679960273,31163,875000000,34.95,0,2,2,-7.520403900154663,3.5231907219817504,3.4494987334108114,-7.735781108677357,3.617661471446227,3.5930418702334075,154.7450156211853
-14.793651168871804,5.440600584473202,6.761191063713476,-7.687380180896719,5.6671617714716005,3.441444066952707,-0.8568208404411642,0.04195203364825816,-0.036254423318803596,0.5126243176521118,-0.1694482938601137,-0.21226059877611814,0.18536453654786283,-0.0069287580117816105,-0.007970471961016301,-0.007535022450610995,31164,229000000,34.62,0,2,2,-7.520403900154663,3.5231907219817504,3.4494987334108114,-7.804150486292035,3.647962429194425,3.6478373567184352,155.60975241661072
-14.758804733882657,5.240109123419744,6.839055545102901,-7.755459796549198,5.681865513028616,3.5018334142978693,-0.8561778308712868,0.04321903272195826,-0.035853677797153344,0.5136206293788579,-0.16004776649250083,-0.21173656511089867,0.19530029658876583,-0.0071499531713925535,-0.007423397073580418,-0.008566877932025818,31164,527000000,34.29,0,2,2,-7.520403900154663,3.5231907219817504,3.4494987334108114,-7.866616097125376,3.6753037662109342,3.7015593187003613,156.4901921749115
-14.71437162378238,5.037896267199173,6.902113032590307,-7.817111051957751,5.693847759896727,3.5601972855044,-0.85552138380448,0.04435335100816906,-0.035537745439136695,0.5146387186723484,-0.15108133378608216,-0.21120611466063455,0.20350986247059924,-0.006495766774605727,-0.006908806608407758,-0.009337125720776385,31164,799000000,33.95,0,2,2,-7.520403900154663,3.5231907219817504,3.4494987334108114,-7.927750728136199,3.7014771794938843,3.757502680616217,157.35107517242432
-14.68883826770475,4.936522384489025,6.9279257213917065,-7.8863900036771355,5.7055801319474115,3.6299411729071567,-0.8547055136734596,0.04554849755989902,-0.03520658585990494,0.5159111508567269,-0.140352826482057,-0.2106599252213935,0.21171265744214138,-0.005846866224601399,-0.006430350913433358,-0.010036634739662986,31165,96000000,33.63,0,2,2,-7.520403900154663,3.5231907219817504,3.4494987334108114,-7.983326140885905,3.7245486963534087,3.8112807602363765,158.20616602897644
-14.631747105695233,4.733978015430124,6.967859177197259,-7.949286049562593,5.714475226900413,3.6969929152408274,-0.8539068377183529,0.04653691805547715,-0.03491754000046106,0.5171636038586399,-0.13060106972806973,-0.21001695830041928,0.21786378535475204,-0.004700327417594963,-0.0056455239246133715,-0.010424050105939386,31165,424000000,33.26,0,2,2,-7.520403900154663,3.5231907219817504,3.4494987334108114,-8.045986179190026,3.749544618681756,3.8752552130356044,159.06627535820007
-14.567500007156669,4.532657624662312,6.991948587990478,-8.019169151129892,5.722350394765687,3.775326843244879,-0.852978275656348,0.04746776903709489,-0.03464412369624398,0.5186276668808592,-0.11981795056619104,-0.20886860294280618,0.22279270670429208,-0.004000497256129165,-0.004905619925921201,-0.010598697281238856,31165,830000000,32.91,0,2,2,-7.520403900154663,3.5231907219817504,3.4494987334108114,-8.103016610162666,3.771188734319892,3.936525864246189,160.00205445289612
-14.497218516165216,4.333657645168838,7.0,-8.078553672934962,5.727263203060573,3.844861148272087,-0.8521570953325007,0.048172980661260065,-0.03443874480603894,0.5199246307541793,-0.11052608299638984,-0.20767298726859423,0.22557314605363993,-0.0036254380120226415,-0.004366426946944557,-0.010653848585207015,31166,127000000,32.52,0,2,2,-7.520403900154663,3.5231907219817504,3.4494987334108114,-8.166628258229713,3.793432380323761,4.008068469255083,160.84013748168945
-14.460184745468144,4.235353433605286,6.997986133082629,-8.136355710555826,5.730291668970092,3.914911329570553,-0.8513476415066711,0.048802984586704616,-0.03425510298302593,0.5212025037507787,-0.10102441662769471,-0.20650556094543865,0.2269210700906918,-0.0029424329795801896,-0.0040467752569384174,-0.01030982484735432,31166,430000000,32.2,0,2,2,-8.221006381943456,3.8105254483591007,4.071681680067205,-8.221006381943456,3.8105254483591007,4.071681680067205,161.72164797782898
-14.383104042743637,4.041748841864257,6.981899523535869,-8.196483589981655,5.731945407627081,3.990164497647657,-0.8500585568000802,0.0489837019581885,-0.03407850380783744,0.5232969544452322,-0.09966221554061867,-0.19936256166854296,0.22870338939353707,0.0050028867917717434,0.0021660673155565746,-0.04113664763281122,31166,726000000,31.88,0,2,2,-8.274275756354895,3.8246636017109794,4.136187211179086,-8.274275756354895,3.8246636017109794,4.136187211179086,162.63968324661255
-14.303072526274946,3.852907719435575,6.949855824363647,-8.250375838491571,5.737921270651715,4.060825396769939,-0.8453975698700593,0.04778414788812096,-0.03476759193450845,0.5308585862727282,-0.11163467528497095,-0.18542261022872436,0.23182716288011074,0.005394183835960575,0.005505696026375517,-0.08140315694618039,31167,27000000,31.47,0,2,2,-8.274275756354895,3.8246636017109794,4.136187211179086,-8.330182123866193,3.836242679370302,4.206099133629303,163.564692735672
-14.221403688720377,3.669663974830505,6.902113032590307,-8.313216576717457,5.751682955065946,4.146933904003719,-0.8373972956513118,0.04635575342417453,-0.03579949109705732,0.5434476145844584,-0.11995122200972148,-0.17444420193465465,0.23347369735074325,0.0015732764040876646,0.003432313815210364,-0.08111071147141047,31167,317000000,30.38,0,2,2,-8.381159428395756,3.84433467873989,4.2714424291866635,-8.381159428395756,3.84433467873989,4.2714424291866635,164.58619046211243
-14.139437282152723,3.49275797021996,6.839055545102902,-8.370186093300186,5.768798986788607,4.227904120290872,-0.8308286051629332,0.045461215686265787,-0.036502314385734015,0.5534660673933196,-0.12371796546852395,-0.16727283539427729,0.23288666777786574,0.0029088384053466143,0.0008306711833938607,-0.0721278389391955,31167,605000000,28.6,0,2,2,-8.381159428395756,3.84433467873989,4.2714424291866635,-8.44148326098122,3.8515302301090926,4.350113652695027,165.5376799106598
-14.058525696744557,3.3228303091230633,6.761191063713478,-8.432104752235706,5.791042062172738,4.31785177308189,-0.824503080812442,0.04473406049696497,-0.03676433825260258,0.5628871263362608,-0.12232615234732194,-0.16270067416331602,0.2286255713798239,0.0018599578652356286,-0.0007887705805842415,-0.04178256967861671,31167,886000000,27.14,0,2,2,-8.381159428395756,3.84433467873989,4.2714424291866635,-8.496937462285109,3.854305037391147,4.4236432066829785,166.55083584785461
-13.980020067484556,3.160416836982813,6.669146507442608,-8.475815985670124,5.807022305604708,4.381478538584517,-0.822168401372838,0.04449069254507823,-0.03675131107082959,0.5663117862056789,-0.11705096362934349,-0.1618247865949676,0.2237309737389213,0.000876273810490602,-0.0018169523968936119,-0.023255697306012735,31168,159000000,25.74,0,2,2,-8.558050389199762,3.8525130154536127,4.505267745582639,-8.558050389199762,3.8525130154536127,4.505267745582639,167.42396903038025
-13.942087923299237,3.082165781628348,6.618033988749896,-8.538760315179937,5.826930187359649,4.471202607355004,-0.8205293863242867,0.044319204927035824,-0.0361958300149291,0.5687329743758972,-0.1036442197985085,-0.16195810803571253,0.21158162141641457,0.0040734779759077355,-0.0026584472152535454,-0.011662386350508314,31168,442000000,25.18,0,2,2,-8.558050389199762,3.8525130154536127,4.505267745582639,-8.601393423406426,3.8484157647507273,4.562922361510107,168.46490716934204
-13.869687366350743,2.9317902544446652,6.506142932007222,-8.593868821572292,5.841432345029428,4.547149385060826,-0.8194556845004196,0.044030335973840234,-0.03561362668353464,0.570337952663528,-0.09199617876793532,-0.16180910071073154,0.19947650688211055,0.0030021027214388596,-0.003500406592138461,-0.011479966269689612,31168,729000000,24.69,0,2,2,-8.558050389199762,3.8525130154536127,4.505267745582639,-8.663398651275806,3.839551985216285,4.644062689583145,169.4659948348999
-13.802973216660124,2.789788836736497,6.38212529797373,-8.64838200216715,5.851258147262822,4.618737314226277,-0.8182668999300381,0.044059123313233375,-0.03482485477476306,0.5720885452634678,-0.07472021940032095,-0.1652858004044073,0.18573108154040927,0.0022318928358799894,-0.00725092077118461,-0.013118478636897635,31169,48000000,24.34,0,2,2,-8.717417109183305,3.8300677499753,4.7122163490508,-8.717417109183305,3.8300677499753,4.7122163490508,170.46084308624268
-13.743182356195256,2.65630975126882,6.2469796037174685,-8.696286629026709,5.854366613116188,4.677796090490688,-0.8170183288710575,0.04444397697287974,-0.033721511465402844,0.5739064757119117,-0.05460158381261741,-0.1702916028613589,0.1718250930591037,0.0026973604235536186,-0.0106922077065974,-0.01609101818758063,31169,319000000,23.95,0,2,2,-8.717417109183305,3.8300677499753,4.7122163490508,-8.770092813132349,3.820102598497879,4.775319076615031,171.34638929367065
-13.691488507366863,2.5313898444048584,6.101793962904209,-8.753594083877086,5.849084591869102,4.742754762435767,-0.8150371216735388,0.045003031280685474,-0.031812528045458435,0.5767817442750933,-0.026928510224652147,-0.17687605707950618,0.15233130236047718,0.0047229506435542135,-0.011302376242383616,-0.02161337706638733,31169,618000000,23.55,0,2,2,-8.717417109183305,3.8300677499753,4.7122163490508,-8.815587109415727,3.8111763127788083,4.826363647203322,172.38721013069153
-13.648989496635002,2.4149566727154745,5.947737324946002,-8.80755219487896,5.836063682579924,4.797693189195519,-0.8127427481607474,0.045206335902800224,-0.030175807199794596,0.5800819193581193,-0.005737268673075146,-0.1808324186529555,0.13340125502098546,0.005237959157966543,-0.008667469955980778,-0.023780698211339768,31169,895000000,22.97,0,2,2,-8.717417109183305,3.8300677499753,4.7122163490508,-8.86942353286966,3.799986030461345,4.881829681994708,173.37130045890808
-13.616695198629978,2.30683183381018,5.786050063307852,-8.851794742751487,5.8206537983718105,4.838051289928667,-0.8107825679699171,0.04516187833933582,-0.02906687206225011,0.5828783313604017,0.00862092948976537,-0.18260058549349156,0.11713293203836135,0.006443688289436977,-0.006825033187851659,-0.023609682284586597,31170,194000000,22.36,0,2,2,-8.717417109183305,3.8300677499753,4.7122163490508,-8.91973192322916,3.7885588954188893,4.927852223628271,174.25807762145996
-13.595516293231295,2.206735491881907,5.618033988749892,-8.908379844180272,5.795841379238707,4.8828370441175615,-0.8083839187902921,0.04478778820662714,-0.02771430689655135,0.5862946452612816,0.024042979666923803,-0.18334782383765486,0.09394126720697986,0.006317611496342579,-0.005732400677516125,-0.022209157032193616,31170,529000000,21.86,0,2,2,-8.960865605274586,3.7784553572830073,4.961276587470063,-8.960865605274586,3.7784553572830073,4.961276587470063,175.29608154296875
-13.586253959936645,2.114292035098086,5.445041867912627,-8.970892371335285,5.762883843776685,4.922749665266012,-0.8057920059129877,0.044361809374391034,-0.02642134591759927,0.5899433748722467,0.03805414442320121,-0.18327836242568746,0.0680167942006649,0.005211296365814633,-0.00477820576634258,-0.022245864784053992,31170,850000000,21.25,0,2,2,-8.960865605274586,3.7784553572830073,4.961276587470063,-9.013510413041548,3.764434428660177,4.997920519358454,176.36679816246033
-13.589590624362929,2.029036789378015,5.268466531635312,-9.026856979036197,5.729756169319996,4.94993612086913,-0.8034662440510026,0.043551662184903334,-0.025639689901860847,0.5932013601579508,0.04305982773759813,-0.1807628959419547,0.04646189133418554,0.008565892494516447,0.004198097803964629,-0.021472437583724968,31171,217000000,20.62,0,2,2,-9.07212278029247,3.7472876862177236,5.029760370987246,-9.07212278029247,3.7472876862177236,5.029760370987246,177.36066579818726
-13.606081860953598,1.950423701411545,5.089729660701031,-9.076246333342171,5.700851858473756,4.967667125506723,-0.8015945966079122,0.04170393599453842,-0.025830772608771566,0.5958520416999474,0.039696291972336685,-0.17609167274861823,0.02883879704359459,0.010393488992122002,0.008915452872315655,-0.01970229932339862,31171,479000000,20.09,0,2,2,-9.07212278029247,3.7472876862177236,5.029760370987246,-9.125134564929919,3.730463089804791,5.050281122204006,178.42009568214417
-13.63614954403571,1.877833893125572,4.910270339298972,-9.119171180135318,5.6773371694761625,4.978340134809812,-0.8000741282287596,0.03980076382906424,-0.026178987231170306,0.5980066464222313,0.0329308903266004,-0.17150923408648439,0.01431128531650232,0.01138639563578181,0.009689169201010372,-0.020469266928557772,31171,863000000,19.67,0,2,2,-9.07212278029247,3.7472876862177236,5.029760370987246,-9.172519131704705,3.7143611342172216,5.061770623179225,179.27790641784668
-13.680076326403402,1.8105849803110527,4.73153346836469,-9.165196774787285,5.655546985572291,4.985141240689835,-0.7982138221615424,0.037609273963486047,-0.026530756239462255,0.6006133161990025,0.021006908504099402,-0.16704496506531602,-0.000488534133152389,0.010384061533841304,0.00919871827136376,-0.022287997308012564,31172,194000000,19.34,0,2,2,-9.07212278029247,3.7472876862177236,5.029760370987246,-9.214320686203274,3.699353684340039,5.066369789012886,180.20824909210205
-13.738001510741421,1.7479410398882975,4.554958132087372,-9.21171937791524,5.637560578271773,4.987244596100712,-0.796303994840061,0.03570833152056848,-0.026836248631990127,0.6032451231639913,0.009645120164582927,-0.1644924895391406,-0.01528356306047481,0.008532107403880218,0.007433726023009513,-0.021805212236358784,31172,527000000,18.95,0,2,2,-9.259645749959478,3.6822524781271864,5.065220897381164,-9.259645749959478,3.6822524781271864,5.065220897381164,181.08353853225708
-13.809918364591843,1.6891231034023886,4.3819660112501095,-9.25593814098755,5.623897759941909,4.984971148845371,-0.7945949212750438,0.03420492313243545,-0.026999124657741985,0.6055740925643425,0.0018043501847431753,-0.16326422207179817,-0.030542683422999546,0.009212450004270067,0.005279074002828565,-0.018218128025182523,31172,813000000,18.54,0,2,2,-9.30558858131754,3.6641986724685283,5.057797417753644,-9.30558858131754,3.6641986724685283,5.057797417753644,181.9535415172577
-13.851081304720704,1.6608963631376414,4.297250351837316,-9.310240778100656,5.608980957423412,4.975497402134761,-0.7930456529077905,0.03263407229322993,-0.026779832422665108,0.6076976635671973,-0.00033833648557413847,-0.16241280890066387,-0.053130328932316714,0.00782559745857725,0.002879092016883078,-0.015418798648170196,31173,191000000,18.16,0,2,2,-9.30558858131754,3.6641986724685283,5.057797417753644,-9.34910101482012,3.6465925386756655,5.045357999464585,182.91521382331848
-13.943650988470747,1.6062895774554231,4.132232521764885,-9.365301531860196,5.594745306121579,4.95831894787498,-0.7914311763508564,0.03144636508350319,-0.02650629927828753,0.609873130512818,-0.002300836172093633,-0.16274309923529817,-0.07434356642132676,0.005949026626694831,0.0020767947262356756,-0.017015714547596872,31173,519000000,17.81,0,2,2,-9.402980004386814,3.6241735415197174,5.022863266027529,-9.402980004386814,3.6241735415197174,5.022863266027529,183.92512774467468
-14.049552382614877,1.5534451516941854,3.974201445188189,-9.414749723752603,5.582899096622153,4.937428868278559,-0.7899228105863544,0.030632236131792032,-0.026320154025244635,0.6118748801160313,-0.0018349940648530322,-0.16426565691658312,-0.09242232317925192,0.004978676906830515,0.0005043520161507331,-0.014170562008075649,31173,805000000,17.46,0,2,2,-9.458097109065628,3.5998037176684874,4.992523215956346,-9.458097109065628,3.5998037176684874,4.992523215956346,184.85421085357666
-14.168267977131398,1.501520650144207,3.824429495415055,-9.46851538453505,5.568786041533977,4.90867659742656,-0.7887829179533893,0.03012564200810157,-0.025885620337359833,0.6133872257377767,0.004982034493776374,-0.1678766494729052,-0.1142267638841465,0.0041589641568862135,-0.0019918762518500444,-0.010716488486650633,31174,173000000,17.15,0,2,2,-9.458097109065628,3.5998037176684874,4.992523215956346,-9.507792645749685,3.5771604786436915,4.959614784669812,185.82817578315735
-14.29914059087924,1.449680820605077,3.684122548120576,-9.523515892872767,5.552286082699627,4.872986667014641,-0.7877317359444465,0.02989885324084791,-0.02533088885077438,0.6147707839763212,0.010259225824672546,-0.17187002177310484,-0.13549459166011513,0.0031274890034183045,-0.0014877381318001426,-0.01148242272392963,31174,563000000,16.91,0,2,2,-9.562017064312835,3.552460781573549,4.9181946959723915,-9.562017064312835,3.552460781573549,4.9181946959723915,186.78673696517944
-14.44137883771317,1.3971086257532077,3.554410272345218,-9.583643050757155,5.532890041037175,4.8278588228689365,-0.7863580957086673,0.029911745505978683,-0.024806690539368497,0.6165475333651962,0.020199990844921738,-0.17828690717642054,-0.15838001223600615,0.0006317479460449249,-0.008690366394148441,-0.01637055229366524,31174,923000000,16.72,0,2,2,-9.562017064312835,3.552460781573549,4.9181946959723915,-9.617698297471698,3.5270922837094187,4.870103492987797,187.83199191093445
-14.594063984779455,1.3430159396806216,3.436337035063941,-9.634695170353229,5.512728487788347,4.784824878784618,-0.7847620085214626,0.03070477974626795,-0.023745706378475208,0.6185805912819122,0.030469545733007038,-0.18410811956612122,-0.17706011850633308,0.0014885773111927847,-0.0071487379045720445,-0.017674227638053708,31175,249000000,16.47,0,2,2,-9.562017064312835,3.552460781573549,4.9181946959723915,-9.678597417607385,3.499345050659019,4.811864985982986,188.70703959465027
-14.756158136970098,1.2866537833567335,3.330853492557395,-9.69472318976029,5.488495563869337,4.729913832725991,-0.7831408228355979,0.030738724793453347,-0.023395471267417048,0.6206434035181799,0.027462982108351804,-0.18801321676546923,-0.19508230003645347,0.0019024274024559418,0.0012855601539740746,-0.015854654702707194,31175,513000000,16.21,0,2,2,-9.562017064312835,3.552460781573549,4.9181946959723915,-9.73009325790582,3.4759319118071446,4.758900585810707,189.57027530670166
-14.926513667287587,1.2273219786613712,3.2388089362865244,-9.745110891607228,5.470372902403035,4.68142563023776,-0.7818841714372993,0.03033566647263574,-0.02364682128653079,0.6222360626309857,0.019945375060849195,-0.1912750539892698,-0.20780894835371494,0.001238781101164932,0.0038173654957063263,-0.0157373475303757,31175,841000000,15.94,0,2,2,-9.562017064312835,3.552460781573549,4.9181946959723915,-9.790593039920543,3.448468826990811,4.693176061613862,190.40585708618164
-15.014403393356975,1.1963392173488867,3.1980622641951637,-9.793165355747817,5.455471866729309,4.633859105974033,-0.7807336958213072,0.029929241718674778,-0.024054160984619554,0.6236830397234426,0.012415681866163448,-0.195271765267725,-0.21923121189153383,0.00022260319241240722,0.004221112203595112,-0.01460144367229077,31176,134000000,15.72,0,2,2,-9.562017064312835,3.552460781573549,4.9181946959723915,-9.841145666327174,3.4255833592844773,4.63589638925524,191.23628306388855
-15.194785454764899,1.131368712289839,3.1275302587205274,-9.851483222798707,5.439955222607233,4.574867101217958,-0.779652501997785,0.029594730499627863,-0.02457924498404489,0.6250295903165403,0.00534786838767386,-0.20176072897541517,-0.2333942677610111,-0.0006875634312564216,0.003557020431799174,-0.010020967783930246,31176,415000000,15.5,0,2,2,-9.888964743645658,3.4039646648000272,4.5801643442822115,-9.888964743645658,3.4039646648000272,4.5801643442822115,192.0975034236908
-15.380151744327637,1.0619484244926003,3.0720742786082944,-9.907872764652248,5.426547321889,4.516783534129789,-0.7789006801070234,0.029580771329264482,-0.024923861012349967,0.6259532807235849,0.008578273936011373,-0.20855558190822068,-0.24609193499302764,-0.002621657131385291,-0.0059265645631967345,-0.01385006680720835,31176,759000000,15.28,0,2,2,-9.888964743645658,3.4039646648000272,4.5801643442822115,-9.946141706211764,3.3780943440991664,4.512184772326876,192.94624829292297
-15.474255720151977,1.0254213687541995,3.050144175636353,-9.965572850884252,5.408316768474082,4.455559000857012,-0.7770623608937234,0.03106239795239777,-0.023824435445699038,0.6282050708100128,0.03301316129108008,-0.2164497218643821,-0.2586424771858339,-0.004945215550833382,-0.019522555339790415,-0.030024465195310768,31177,85000000,15.09,0,2,2,-9.888964743645658,3.4039646648000272,4.5801643442822115,-10.000656643701245,3.3533849320482645,4.446493802918207,193.79408645629883
-15.664377386391834,0.9484813585216545,3.018100476464131,-10.024221002334006,5.383866078890068,4.391636483663001,-0.7739763486967886,0.033107750184694806,-0.022323686377748595,0.6319542242616965,0.05290302635505606,-0.22252602295035184,-0.2687841481125967,-0.0036440832900552778,-0.017293763085035607,-0.03693251564982347,31177,396000000,14.77,0,2,2,-9.888964743645658,3.4039646648000272,4.5801643442822115,-10.056564649327342,3.3280210788409628,4.378643856632164,194.71555137634277
-15.85578079367589,0.8660865264278437,3.0020138669173706,-10.083802603991092,5.356018358217539,4.325805246775658,-0.77114119983147,0.034378597281540024,-0.021520623165035228,0.635370934769622,0.05867729095665543,-0.22633802873981995,-0.27536737777821996,-0.0023677917624809197,-0.005779456341770128,-0.029158608776924666,31177,720000000,14.27,0,2,2,-9.888964743645658,3.4039646648000272,4.5801643442822115,-10.113806114092862,3.302009487330229,4.309112436703485,195.60547065734863
-16.04691446746932,0.7779866001387802,3.0020138669173706,-10.140024603532467,5.3313623715735705,4.264087907940493,-0.7692898495525256,0.03449220684165541,-0.0218666761730395,0.637593337101156,0.04929054029254936,-0.22946722207588222,-0.278430263077867,-0.0027087085982202552,0.004659493379222113,-0.021102379287185613,31178,19000000,13.82,0,2,2,-9.888964743645658,3.4039646648000272,4.5801643442822115,-10.172449168995387,3.2753204783711536,4.238280469366163,196.44678235054016
-16.141889952512262,0.7317440661210041,3.008051412009522,-10.197839976213988,5.30929813993192,4.201792729565735,-0.7678049440932188,0.034203651996088706,-0.022784571095451248,0.639364169574849,0.03890863048811339,-0.2340151670166782,-0.28097993258753257,-0.0034881740020864527,0.0074802957442443585,-0.01813456547097303,31178,364000000,13.5,0,2,2,-9.888964743645658,3.4039646648000272,4.5801643442822115,-10.227778959872516,3.250084874629495,4.17214206222048,197.27390336990356
-16.32967452506349,0.6348186116661373,3.032140822802741,-10.257514196065232,5.289469363872501,4.13900000238087,-0.7665353465540812,0.03394234924087968,-0.02381608056342866,0.6408621331595594,0.031031122429096607,-0.23992252938575126,-0.2836068078769765,-0.004182695511190104,0.00689192743266176,-0.014829425617790548,31178,651000000,13.2,0,2,2,-9.888964743645658,3.4039646648000272,4.5801643442822115,-10.284318346494022,3.224250018858822,4.105559301414765,198.1166911125183
-16.513264569718935,0.5319676626161872,3.072074278608294,-10.32434420445598,5.269846315002716,4.070426324513898,-0.7655065012051293,0.03383194841381001,-0.02485383027174406,0.642057227200216,0.0245347689907129,-0.24688079701211504,-0.28651776407944246,-0.0049715785280568525,0.005406241825767211,-0.009728007171361241,31178,952000000,12.92,0,2,2,-9.888964743645658,3.4039646648000272,4.5801643442822115,-10.342067942501306,3.1978246373730412,4.0388569357911335,198.96869230270386
-16.603001538847433,0.47834031194557486,3.0978869674096927,-10.388122299845318,5.252929573118913,4.00669915156511,-0.764953287442277,0.03392243627072198,-0.025711664720135436,0.6426777160023763,0.020032582808999506,-0.2539574734623285,-0.288843801680131,-0.005719415230487357,0.004027079148727353,-0.0048965316636895295,31179,216000000,12.65,0,2,2,-10.405908685091244,3.1685792803221853,3.9668738647411583,-10.405908685091244,3.1685792803221853,3.9668738647411583,199.83962607383728
-16.777406574185214,0.36677318353002347,3.1609444548970984,-10.44836029447567,5.237990448589942,3.9480918311077087,-0.7647298756221267,0.034184202806382354,-0.02638810240458616,0.6429022675811181,0.020098393341347144,-0.2604329136910585,-0.28978379050966774,-0.004930967725158553,-0.0006836176995261845,-0.005657226711264229,31179,470000000,12.44,0,2,2,-10.405908685091244,3.1685792803221853,3.9668738647411583,-10.465951631704762,3.1410408362613684,3.900978210646444,200.70379662513733
-16.943815596347115,0.24964446233012608,3.2388089362865236,-10.509119350603683,5.2198401432141806,3.890011112400701,-0.7632397491047165,0.03533367415390402,-0.02573992586261284,0.6446348369999426,0.04444781570186428,-0.2636462556180981,-0.28623434605929404,-0.00611585542173998,-0.0189177218999248,-0.03191784780938178,31179,738000000,12.27,0,2,2,-10.405908685091244,3.1685792803221853,3.9668738647411583,-10.521871621038592,3.115348423263736,3.841259048844033,201.51651334762573
-17.100794464688903,0.12725744857032972,3.330853492557394,-10.586075366737404,5.189483389329741,3.8178470101771125,-0.75852069519495,0.03797314705143721,-0.024183808777575786,0.6500919461560718,0.07438920654858525,-0.26589230055225943,-0.27909098644294505,-0.006605058888453641,-0.024584186940046493,-0.06204362289281562,31180,2000000,11.96,0,2,2,-10.578651015132117,3.08915221632019,3.7825080059265974,-10.578651015132117,3.08915221632019,3.7825080059265974,202.39407062530518
-17.17531835073539,0.06421012045168248,3.3819660112501024,-10.65738033980257,5.155087207432783,3.7532512188011475,-0.7526107844203963,0.04035500512579285,-0.02263192168711202,0.6568380902902641,0.09847320794037365,-0.2677583863974402,-0.2708242261042234,-0.005352182688511675,-0.023281481844605878,-0.07340862794080749,31180,254000000,11.21,0,2,2,-10.578651015132117,3.08915221632019,3.7825080059265974,-10.652155278458912,3.054962059176956,3.709656152320458,203.2749752998352
-17.315620970633162,-0.06531207730972893,3.493857067992775,-10.72331461423325,5.1190695983357895,3.696007898161572,-0.7463067583733457,0.04228371840809056,-0.02137753781650302,0.6639136317630162,0.11788886950937486,-0.26862866691959575,-0.2624855107859793,-0.004394854431666317,-0.02099619814543985,-0.08331895151059143,31180,528000000,10.35,0,2,2,-10.721490187312687,3.022463890938438,3.6442163797173444,-10.721490187312687,3.022463890938438,3.6442163797173444,204.14815831184387
-17.443245487155217,-0.19897610786469808,3.617874702026267,-10.794781184481348,5.076405478349443,3.636606021420499,-0.7383704285386581,0.0441021531231416,-0.02026730862117264,0.6726465242241244,0.13672127683712576,-0.26744405889067,-0.2530707701845755,-0.0036685257327917498,-0.01904995497170603,-0.09517876751488075,31180,781000000,9.5,0,2,2,-10.721490187312687,3.022463890938438,3.6442163797173444,-10.78632329222716,2.9918700408449284,3.5860241602968443,205.01243329048157
-17.557060691143427,-0.3362078302261458,3.753020396282529,-10.866238897842836,5.030743237770427,3.580143858842638,-0.7295066407092751,0.04570447322624635,-0.019366048043972406,0.6821701536063699,0.15373225030352547,-0.26525673091139007,-0.2423655062818139,-0.0033269315281359013,-0.0174020011399989,-0.10371684475103393,31181,33000000,8.5,0,2,2,-10.721490187312687,3.022463890938438,3.6442163797173444,-10.857363666328398,2.9581019470730316,3.525763166078505,205.94761419296265
-17.60846689344039,-0.4059649933050725,3.8244294954150524,-10.948791704462867,4.975531236526739,3.519214540503632,-0.7185807414756027,0.047167593160579134,-0.018730972504926176,0.6935892781789743,0.16498079693897166,-0.2623221195297286,-0.22589942673013336,-0.002255906770187721,-0.008006532425497426,-0.09627780891605653,31181,268000000,7.52,0,2,2,-10.721490187312687,3.022463890938438,3.6442163797173444,-10.92901189601507,2.9237337530964953,3.4686564751734585,206.92630887031555
-17.699696781001236,-0.5473385281843403,3.9742014451881866,-11.020665756140813,4.929089182742598,3.471283359111414,-0.7105405229236899,0.04734707528779701,-0.019169720698147374,0.701799787370569,0.16076482811194653,-0.2615615776366028,-0.20688335436043476,-0.002929869924628292,0.002889170127673424,-0.08033900230657309,31181,511000000,6.54,0,2,2,-11.01222081908108,2.883356126504821,3.407062530106218,-11.01222081908108,2.883356126504821,3.407062530106218,207.81656551361084
-17.774804299263565,-0.6905920754040414,4.132232521764882,-11.098670725372067,4.88380901725976,3.4255682069318447,-0.703162543627161,0.046738564841281555,-0.02039659325400993,0.7091980843036653,0.1559317111418123,-0.261034225952429,-0.18599707790895792,-7.161093646956829e-05,-0.001271442141614898,-0.08124866872094572,31181,780000000,5.95,0,2,2,-11.01222081908108,2.883356126504821,3.407062530106218,-11.084615761944622,2.8477429114840147,3.357765381490789,208.76919031143188
-17.833093406509576,-0.8349731623213645,4.297250351837313,-11.165285200780382,4.844272250495158,3.390002210466543,-0.6954831968649265,0.047151097941420986,-0.02017456086619397,0.7167097626901117,0.1686490910677651,-0.2566455904286169,-0.1731160142314494,-0.0014912028859725979,-0.009158948796539335,-0.08988823392428458,31182,4000000,5.53,0,2,2,-11.162651341967322,2.8088098960399974,3.3093122477155235,-11.162651341967322,2.8088098960399974,3.3093122477155235,209.62122797966003
-17.874009580267376,-0.9796997785089396,4.467926308866648,-11.23686295310694,4.801305841513723,3.3559052865900147,-0.6874860169186795,0.047614418528238875,-0.0201912135413594,0.7243536143246846,0.17471840678543857,-0.25175191888636245,-0.15428299698381492,-0.0011835340728794108,-0.00849735852170852,-0.08604508329881355,31182,237000000,5.62,0,2,2,-11.162651341967322,2.8088098960399974,3.3093122477155235,-11.234925866128126,2.7722387861426516,3.2687378810275045,210.54151225090027
-17.897144929015358,-1.1239707888274537,4.642886210402725,-11.3130023804273,4.753251846533785,3.324222047689941,-0.6781541454150563,0.04862942490830977,-0.01968773406727741,0.7330446966022998,0.18780363550950768,-0.24466257330370764,-0.13514772000260003,-0.0015934092175484693,-0.009419143862032797,-0.08680829268996604,31182,460000000,5.81,0,2,2,-11.162651341967322,2.8088098960399974,3.3093122477155235,-11.301280489256804,2.7381574603081833,3.2353135816203866,211.53906750679016
-17.902241831081568,-1.2669766335672648,4.820721382193131,-11.382830664833932,4.709135307050935,3.3005914983597053,-0.6704762070330171,0.048963743476826166,-0.01992394789431891,0.7400454336915122,0.18636465933475485,-0.24071090456064362,-0.11081868212772157,-0.003392773078303435,0.00034484470887719,-0.07263128209160641,31182,726000000,6.48,0,2,2,-11.162651341967322,2.8088098960399974,3.3093122477155235,-11.377972573971338,2.697977634361244,3.2015004671293936,212.4679720401764
-17.897987002895686,-1.3377524985761562,4.9102703392989655,-11.441406074971558,4.673983048635955,3.285890870969437,-0.6649880116486078,0.04870594362799902,-0.02076538459076232,0.7449748144882049,0.18034803042243225,-0.2394596246337315,-0.08722939994722936,-0.004681644441006938,0.005871208577445941,-0.06328562885755673,31182,988000000,7.15,0,2,2,-11.162651341967322,2.8088098960399974,3.3093122477155235,-11.448228533938183,2.660278192320616,3.1751780549038022,213.33899545669556
-17.875876777341105,-1.4773509686611925,5.089729660701025,-11.504939166215522,4.638462389739161,3.2759185071475176,-0.659667731889028,0.04822020061828879,-0.022066597838527803,0.749684174180401,0.1728917688214002,-0.2395368966043593,-0.05996043543589671,-0.004730651880890946,0.007992076098162215,-0.05600989970844239,31183,224000000,7.67,0,2,2,-11.162651341967322,2.8088098960399974,3.3093122477155235,-11.50682025731981,2.628023544622938,3.156934797605356,214.20988965034485
-17.83575170365043,-1.6136947921872915,5.268466531635306,-11.568147812389098,4.605450309259431,3.2720543492939664,-0.6550049664256756,0.04768454329740927,-0.02333522527671223,0.7537573519041136,0.16802423180115683,-0.23954080311153086,-0.034887420412928125,-0.004944245847582351,0.007368135675278609,-0.04811277176486328,31183,481000000,8.23,0,2,2,-11.569715607032016,2.5924339980408786,3.141422454110162,-11.569715607032016,2.5924339980408786,3.141422454110162,215.10115218162537
-17.77788685426699,-1.746030254773022,5.445041867912624,-11.63607292277331,4.571414380471196,3.2743276949228495,-0.6506489735742598,0.047210026431436236,-0.0243176468779733,0.7575194906016764,0.171164284103949,-0.23563933657359862,-0.011392478184146172,0.0032911586913542124,-0.0017554152236698428,-0.04416043630044442,31183,736000000,8.8,0,2,2,-11.569715607032016,2.5924339980408786,3.141422454110162,-11.631408457586208,2.5564219640762733,3.130540539734093,216.01367235183716
-17.702705146635417,-1.8736433960974619,5.618033988749897,-11.706845331934044,4.531126977071958,3.281819585942652,-0.6457270752439299,0.04778690145891843,-0.02343182330736996,0.7617111696715282,0.19022103110147626,-0.2213876509076472,0.005850739182975788,7.549785436822276e-05,-0.010184139500779565,-0.04519977192103397,31184,54000000,9.43,0,2,2,-11.569715607032016,2.5924339980408786,3.141422454110162,-11.696723918159737,2.516844535491537,3.124177272049894,216.99670004844666
-17.61077267798752,-1.99586994001061,5.786050063307849,-11.774554282545413,4.487708541066183,3.294696881556488,-0.6411023735104783,0.048402445450195106,-0.023148992485617526,0.7655776081499334,0.19891797378627687,-0.20947289008551379,0.027475729120610755,-0.0030082488592597656,-0.002468842353664513,-0.038229545680223964,31184,309000000,10.27,0,2,2,-11.569715607032016,2.5924339980408786,3.141422454110162,-11.765256113125856,2.4735759514069757,3.123542619090883,217.98770594596863
-17.502792642628673,-2.1121046686545992,5.947737324945999,-11.830357401345932,4.449406502084661,3.310681590874723,-0.6379217570574418,0.048427402581575955,-0.023607880064031687,0.7682143493523341,0.20263546717036546,-0.20149182370246824,0.04749704851698486,-0.0035207680866733426,0.0031657103363613714,-0.03108250784862321,31184,576000000,11.01,0,2,2,-11.831865638008958,2.429525407147625,3.1293091532785766,-11.831865638008958,2.429525407147625,3.1293091532785766,218.85879611968994
-17.443040220248328,-2.1678042773892896,6.025798554811811,-11.893129408791184,4.404184103097462,3.335381294723813,-0.6350124538004817,0.047976599456064924,-0.024413291951081086,0.7706240462112731,0.20878359708698543,-0.19163315728841485,0.07008800025881662,0.002653222372828168,0.0012313553611420502,-0.026415700267534703,31184,832000000,11.48,0,2,2,-11.831865638008958,2.429525407147625,3.1293091532785766,-11.887324779614378,2.390977283965841,3.1393857694588476,219.86660432815552
-17.31258861637016,-2.2740669133166804,6.175570504584945,-11.948690824072202,4.358615947788338,3.362472885702932,-0.6322678222287599,0.04793437712123329,-0.024095493672710595,0.7728900980403157,0.2243789723185865,-0.178025118906385,0.0836364429645303,0.001724157448279584,-0.0033056895972549682,-0.02753099615802057,31185,94000000,11.9,0,2,2,-11.950026741031925,2.3448834613979903,3.157091042490466,-11.950026741031925,2.3448834613979903,3.157091042490466,220.84204602241516
-17.168395347072096,-2.3731382247284643,6.315877451879424,-12.001658295900736,4.309647477983305,3.3928688273735683,-0.629550516785123,0.04790652401654866,-0.023957496861823968,0.7751110566340489,0.23588984438584443,-0.16565215943582398,0.09673051691609388,0.0008438495058271656,-0.0012076908092240046,-0.02591407665022416,31185,353000000,12.31,0,2,2,-11.950026741031925,2.3448834613979903,3.157091042490466,-12.006280315226041,2.3008843771959717,3.1791304818071007,221.79040360450745
-17.01157680896766,-2.4646828487541175,6.445589727654782,-12.052064223864754,4.257301742369891,3.4263246322008243,-0.6271066358622509,0.04784374193592001,-0.023994484361489175,0.7770923422189445,0.24672705524708474,-0.15331473277864785,0.10950286449951244,3.070428711282602e-05,0.001571300515479379,-0.02148007715732092,31185,622000000,12.67,0,2,2,-12.060758169142508,2.2558130307343984,3.2061359007306507,-12.060758169142508,2.2558130307343984,3.2061359007306507,222.708434343338
-16.84334369186872,-2.5484568498122657,6.563662964936059,-12.10712850748074,4.194423161594962,3.469085272237275,-0.6250203122804664,0.04726145135905293,-0.024406199654010773,0.7787941331768703,0.25401794197586997,-0.14079809901436918,0.12521311340308075,0.0020588729057635646,0.003978016275141272,-0.015925200568744913,31185,855000000,12.95,0,2,2,-12.060758169142508,2.2558130307343984,3.2061359007306507,-12.11340214900497,2.2097109952986416,3.2378404897201225,223.73174118995667
-16.664988648541065,-2.6243121832372855,6.669146507442605,-12.15220346676355,4.137305573370574,3.5092752133679848,-0.6235942524222663,0.04666101574167951,-0.024652387277009292,0.7799648823872866,0.26028088533269766,-0.1303430076212448,0.13754604194238634,0.0011994531519121665,0.00632795899946359,-0.011584906860662159,31186,88000000,13.1,0,2,2,-12.171661509419701,2.155266710218148,3.280149304829,-12.171661509419701,2.155266710218148,3.280149304829,224.5903880596161
-16.47787320574139,-2.692200012108084,6.761191063713476,-12.201277781065542,4.070347574655477,3.559647250387363,-0.6227395233997267,0.04544843793518564,-0.025252292018728202,0.7806998445196037,0.2625565044635251,-0.11970950775017249,0.15279077113856543,0.003982948328484781,0.007788049424561905,-0.005665876051352825,31186,332000000,13.16,0,2,2,-12.171661509419701,2.155266710218148,3.280149304829,-12.21985315621385,2.107082819609478,3.3215692822744485,225.63925766944885
-16.283414055463837,-2.7521728297852173,6.839055545102901,-12.238244226781504,4.015048540860702,3.6023882826183904,-0.622377889138244,0.0445250330637095,-0.025506448912584346,0.7810331014792963,0.2661790367071038,-0.1110905829197976,0.1629733980187238,0.0016777782775534433,0.008750184861128218,-0.002526196931285085,31186,593000000,13.07,0,2,2,-12.171661509419701,2.155266710218148,3.280149304829,-12.272636127825814,2.050487845952977,3.3744775751079965,226.55838561058044
-16.08306887143714,-2.804385354445228,6.902113032590306,-12.273277722815154,3.959925273427332,3.6478610348786056,-0.6225011390512163,0.043315655607399056,-0.02628052962060186,0.7809772209367569,0.25974073230250294,-0.10572283072422042,0.17760156342734104,0.000351731108594322,0.014069605458644219,0.003315259641567536,31186,866000000,12.94,0,2,2,-12.31272602882626,2.0045847558599856,3.420421222162593,-12.31272602882626,2.0045847558599856,3.420421222162593,227.52022051811218
-15.878321800454078,-2.849094176114604,6.949855824363647,-12.306392653395163,3.90627986135814,3.696672485489228,-0.6232085237976276,0.04182880369606529,-0.02730769063328279,0.7804586965878556,0.25148429572415604,-0.10079912089932155,0.19295006176140272,0.005465050162456464,0.015157289999478962,0.008994632480607834,31187,161000000,12.72,0,2,2,-12.31272602882626,2.0045847558599856,3.420421222162593,-12.350997217408873,1.9582623871078702,3.469220963411964,228.4460949897766
-15.774764980033865,-2.8687423687722617,6.967859177197259,-12.337355113040179,3.8534610903608293,3.7480460408026266,-0.6243321071396206,0.040159064496152724,-0.0277412861652263,0.7796326638714506,0.24679485062338052,-0.09349441293990654,0.20374544560201988,0.006185416395965149,0.012870172940893099,0.01191958235722268,31187,389000000,12.41,0,2,2,-12.31272602882626,2.0045847558599856,3.420421222162593,-12.387354970241555,1.911655330757209,3.520621974811627,229.36915397644043
-15.566219626035252,-2.9028953296266673,6.991948587990478,-12.368417223064515,3.797156675502494,3.8063046800082754,-0.625682952978814,0.038492270251850015,-0.02819425923190496,0.778616896316111,0.23911849746143035,-0.08674781100310312,0.21664222365075086,0.0027059944386564894,0.012935361883137375,0.01335853003183729,31187,680000000,12.07,0,2,2,-12.31272602882626,2.0045847558599856,3.420421222162593,-12.421785579052557,1.8649104943689612,3.5743102331163423,230.29910469055176
-15.357002216775566,-2.9306181627619963,7.0,-12.3949865759171,3.7465930889819954,3.8627546656612246,-0.6271508055646466,0.03715131190403386,-0.028850497332014318,0.7774762349468434,0.23084343666779103,-0.08197265656446814,0.22880801328646685,0.004068063526574406,0.01267128227482317,0.017982974713959266,31187,937000000,11.68,0,2,2,-12.31272602882626,2.0045847558599856,3.420421222162593,-12.456979501268243,1.8142479118118184,3.6346627665593028,231.2739245891571
-15.148574192374907,-2.9525032725414264,6.991948587990478,-12.423594247335519,3.689362395799133,3.931761942043733,-0.629955759716516,0.03553067269802873,-0.029385565105309958,0.7752611177281201,0.22130103851330613,-0.07700887176562213,0.24227429901389547,0.004678583127315505,0.013489443608705187,0.03676651249406859,31188,177000000,11.3,0,2,2,-12.31272602882626,2.0045847558599856,3.420421222162593,-12.4875223607541,1.7675673657093063,3.6920945178482794,232.18835353851318
-14.942358252569695,-2.969228115601023,6.96785917719726,-12.447988332295289,3.6379506737410434,3.998777367027973,-0.6349703342193141,0.033917669569660025,-0.029871129485044542,0.7712133180746189,0.21249970460267947,-0.07395391676877765,0.2539753980911395,0.005973079578325269,0.015201317728497088,0.06251329687074758,31188,449000000,10.74,0,2,2,-12.521056037020697,1.713397264006645,3.760725688765167,-12.521056037020697,1.713397264006645,3.760725688765167,233.10285425186157
-14.739724781076784,-2.9815482847712667,6.927925721391708,-12.470324984624455,3.5877391338146536,4.068162719030566,-0.6422844992323147,0.03208048548550483,-0.030059855551456956,0.7652044625988106,0.20643670654076246,-0.06996413471744932,0.2613474779533044,0.014904178624419728,0.011347075906087412,0.06443014935939573,31188,749000000,9.94,0,2,2,-12.521056037020697,1.713397264006645,3.760725688765167,-12.550606926961633,1.663608629286485,3.825623572774785,233.9931125640869
-14.541978914802943,-2.9902895681847994,6.872469741279476,-12.487192691022893,3.54526759455881,4.127033680233298,-0.6465219479550338,0.03065598746058508,-0.029203472835886243,0.7617195930390451,0.20498679713080117,-0.062279557868082924,0.26053597954867314,0.01621298160898732,0.0042508412207098445,0.038462705924757756,31189,2000000,8.89,0,2,2,-12.521056037020697,1.713397264006645,3.760725688765167,-12.578775058697307,1.6144670771937142,3.8912396411825356,234.8570053577423
-14.445325838981478,-2.993593212685567,6.839055545102902,-12.507185130750162,3.487404542834384,4.206641993177487,-0.6496236787725832,0.02903153154493812,-0.0276270077777106,0.7591989163555103,0.20110035682657318,-0.05189479561840956,0.2593274233171622,0.013032048263994511,0.0018393592540633108,0.019650448120955843,31189,309000000,8.29,0,2,2,-12.521056037020697,1.713397264006645,3.760725688765167,-12.601507876000618,1.5734541675554035,3.946988712759003,235.8715341091156
-14.257186093209897,-2.998646005985418,6.7611910637134764,-12.52202925031066,3.437942783227875,4.275148596784632,-0.6513884668027159,0.02798750174724289,-0.02659516846593528,0.7577614809929465,0.19648434296219872,-0.04452608374890177,0.2587516538263087,0.010224943162029376,0.0015712891240582394,0.01650422091188375,31189,559000000,7.84,0,2,2,-12.630837790093183,1.5184413388538165,4.022771612882776,-12.630837790093183,1.5184413388538165,4.022771612882776,236.76496362686157
-14.076833820056732,-3.0024311515106303,6.669146507442607,-12.534059809243724,3.3931470447095755,4.338128172620927,-0.652944207662921,0.0270703589034485,-0.02568654343770227,0.756486126002653,0.19238869673242087,-0.03877266336370478,0.25709207131741263,0.018073220053338446,0.0008471951218780305,0.01709401676635025,31189,793000000,7.55,0,2,2,-12.654865164146,1.47157249726726,4.087901230467373,-12.654865164146,1.47157249726726,4.087901230467373,237.68061542510986
-13.905256256218784,-3.005944899839202,6.563662964936061,-12.547065444233434,3.33749648378961,4.414811588938944,-0.654954629730763,0.02529637023210634,-0.023423054790136927,0.7548813729001512,0.19102691788103626,-0.030672922068056902,0.24746498922989457,0.023875703664089087,-0.0011810862815764267,0.01468609743824345,31190,37000000,7.32,0,2,2,-12.654865164146,1.47157249726726,4.087901230467373,-12.67598231094164,1.4288471827284415,4.147203774346321,238.66144180297852
-13.743328492892093,-3.010207796180322,6.445589727654784,-12.55826402696581,3.2820203152556013,4.488237462938839,-0.6564007821051713,0.023226664284165244,-0.020604200126816883,0.7537731769273065,0.188971313466544,-0.023964896782464357,0.23701892365249505,0.02582301567599643,-0.0013195371252550103,0.009612064332031878,31190,270000000,7.23,0,2,2,-12.654865164146,1.47157249726726,4.087901230467373,-12.69925148435687,1.3796880835392742,4.214831440374156,239.67506289482117
-13.591806179733467,-3.016252889148348,6.315877451879427,-12.566850170981898,3.234479219868483,4.549352761022031,-0.6572868813750022,0.021327350057634538,-0.018144758337560983,0.753120088336989,0.18595077352841335,-0.019339459563444565,0.22870887426362577,0.026081282521772664,-0.0009479556865699124,0.007641650199730066,31190,521000000,6.93,0,2,2,-12.654865164146,1.47157249726726,4.087901230467373,-12.72400582933892,1.3245067968661635,4.28953172505636,240.63401889801025
-13.451319539310912,-3.0251136350888155,6.175570504584948,-12.574630914285901,3.187794091528179,4.608302722417395,-0.6580927539153625,0.0193739856617666,-0.01572474337595624,0.7525232942370832,0.18155644277014488,-0.015557075920623886,0.2208872452083211,0.024809253227431327,-8.867632068643161e-05,0.009138480436376994,31190,779000000,6.85,0,2,2,-12.654865164146,1.47157249726726,4.087901230467373,-12.742792911443246,1.280325332578621,4.347969176104023,241.58899545669556
-13.322368746156728,-3.0378116344403696,6.025798554811814,-12.582166920084077,3.138940890734558,4.669512101983686,-0.6594116015269401,0.017215556662453176,-0.013304426365204692,0.7514672026240204,0.17536699823097973,-0.012028692040166211,0.21239084020710264,0.02487252259015804,0.0001987354806942676,0.014379032472788822,31191,42000000,6.81,0,2,2,-12.654865164146,1.47157249726726,4.087901230467373,-12.760334190151962,1.236789035324485,4.403875487522156,242.57264018058777
-13.205320709553007,-3.0553443393919357,5.867767478235118,-12.588424489285574,3.094936520474082,4.723949813165842,-0.6610886828639716,0.015326908957720287,-0.011069717763692739,0.7500695305100805,0.1706178686185576,-0.009149268232807544,0.20347086726920857,0.021673605442629196,0.0014809407161919808,0.021468891827680636,31191,308000000,6.79,0,2,2,-12.654865164146,1.47157249726726,4.087901230467373,-12.777611165884988,1.1905916992071612,4.460499718652301,243.45835256576538
-13.151337974501477,-3.0662258051218463,5.786050063307852,-12.594024711969508,3.051761805443199,4.776143248733534,-0.6637707423095617,0.013358291416326475,-0.009430016952489326,0.7477573352930252,0.1681169102820898,-0.006828194420134393,0.1951625728613941,0.018746391469903756,0.004909193376079202,0.03186327776347753,31191,565000000,6.73,0,2,2,-12.79324692886764,1.145047545201278,4.5131161107210955,-12.79324692886764,1.145047545201278,4.5131161107210955,244.38002681732178
-13.052536458950115,-3.0927980505305666,5.6180339887499,-12.598965989398216,3.008655257712,4.82586366682856,-0.6671935334909115,0.011348353930595339,-0.00808705736824164,0.7447540555338389,0.16839687977985235,-0.004250667504161529,0.1832551181521203,0.02177835558541119,0.00197567827626699,0.03080302631133236,31191,796000000,6.91,0,2,2,-12.79324692886764,1.145047545201278,4.5131161107210955,-12.805420049302507,1.1062391250317543,4.554773757585867,245.34254217147827
-12.965963724516012,-3.126513702278765,5.445041867912634,-12.602782826547498,2.9685521561715222,4.867743454619918,-0.6692022430341126,0.009934686036092343,-0.0060139984467833495,0.7429895636912801,0.16891978870832688,-0.0006788429692745992,0.16460334485151695,0.023439403594238684,-0.00482951732010406,0.01420680528099183,31192,100000000,7.05,0,2,2,-12.81744780608229,1.0643280073741148,4.596238163460061,-12.81744780608229,1.0643280073741148,4.596238163460061,246.2711968421936
-12.891515558308496,-3.168191763661482,5.268466531635316,-12.606439111266758,2.922005265748048,4.911097809715822,-0.6697838926456489,0.00850085317813389,-0.003224660056861244,0.7425004203468192,0.1675737525681798,0.003008643751489947,0.14243322646909554,0.0202886991246487,-0.006879759848743561,5.669615568137942e-05,31192,333000000,7.32,0,2,2,-12.81744780608229,1.0643280073741148,4.596238163460061,-12.82749102574657,1.0259871352673335,4.630812240295453,247.24955868721008
-12.828957648784899,-3.2185751581476683,5.089729660701035,-12.609216060363536,2.8787402186690456,4.945500021725271,-0.6695795111105869,0.007624382841577258,-0.0008150210331955465,0.7427008030343767,0.16747615421910295,0.006147537802218916,0.12040946292232639,0.01768300026014913,-0.006969484729779651,-0.0038645633594569517,31192,585000000,7.67,0,2,2,-12.81744780608229,1.0643280073741148,4.596238163460061,-12.837869653179409,0.9815838080062879,4.666135021913022,248.1742672920227
-12.77793009848097,-3.2783207432808092,4.910270339298968,-12.611302834054541,2.839098059066894,4.972481147117912,-0.6691696379523531,0.00688971281304967,0.001099598683314459,0.7430769262887968,0.16527792346225767,0.00864883331156657,0.10181289082436835,0.015253198216669261,-0.0054273374189506285,-0.004896888140137889,31192,882000000,8.0,0,2,2,-12.81744780608229,1.0643280073741148,4.596238163460061,-12.846220330790192,0.9405250303100776,4.693648666751933,249.12328386306763
-12.737953220297717,-3.347990160492629,4.731533468364687,-12.612993775314779,2.7968095052279756,4.996852905731815,-0.6687427569949246,0.006155107905122534,0.0028315350954988532,0.7434629930416888,0.1614668542347488,0.011344379710548986,0.08295809158421961,0.012836792848247569,-0.0038765696899645263,-0.003776140624722757,31193,181000000,8.28,0,2,2,-12.81744780608229,1.0643280073741148,4.596238163460061,-12.852904861695507,0.9027297076206202,4.714566200665508,250.0255889892578
-12.708434544065298,-3.4280416314708004,4.5549581320873695,-12.613964469594002,2.7588616612244583,5.015336616882478,-0.668483981864783,0.00551352994591921,0.004118955066171178,0.7436946962207696,0.15578348755442606,0.013611023121423033,0.06763571467626836,0.010911383196798852,-0.002774916697489971,-0.0022674126967103803,31193,460000000,8.55,0,2,2,-12.81744780608229,1.0643280073741148,4.596238163460061,-12.859052387165155,0.8618514738010914,4.732219407075581,250.94620871543884
-12.697383025056535,-3.4720737684766467,4.467926308866652,-12.614302452037789,2.719384678153978,5.031314123556993,-0.6683286468267173,0.004886570275877191,0.005265543835267542,0.7438314428079971,0.14869441821753776,0.015998274686928615,0.05177670924281148,0.009117894569499185,-0.0007319543556150165,-0.0013689986417375621,31193,721000000,8.8,0,2,2,-12.863746700144823,0.8240058637814084,4.743649550130859,-12.863746700144823,0.8240058637814084,4.743649550130859,251.90962409973145
-12.682214321363698,-3.5683139219579116,4.297250351837317,-12.613889068931485,2.6783610549447205,5.0438435529901176,-0.6682177391663964,0.004189531150288695,0.0060635347245454425,0.7439292536516726,0.14625411599768248,0.018366807204038688,0.031212361561977597,0.005512978168553673,-0.0034244075777678518,-0.00040161693561913125,31193,981000000,9.1,0,2,2,-12.867912791881649,0.7822548536110911,4.750512594153951,-12.867912791881649,0.7822548536110911,4.750512594153951,252.83052444458008
-12.6755850760423,-3.675585076042296,4.132232521764886,-12.613094907204864,2.642541815176321,5.048886108028208,-0.6682227536511377,0.0043466803980360715,0.007043324421586342,0.743915216576123,0.15029655758796515,0.020103500137718364,0.007021713545582668,0.005877369540030486,-0.0084266071098682,-0.00027154365795922786,31194,254000000,9.41,0,2,2,-12.867912791881649,0.7822548536110911,4.750512594153951,-12.871507377238592,0.7368792925584907,4.751730550302465,253.73448848724365
-12.676578574772654,-3.7939347764051536,3.9742014451881893,-12.612041122445351,2.6056235562987786,5.048138348570986,-0.6681185917697321,0.004739267042052747,0.008284752843544305,0.7439935816590459,0.15379140024720442,0.02145853670816409,-0.017159237806671973,0.005209958681007265,-0.009131459410127718,-0.001595261346665211,31194,518000000,9.75,0,2,2,-12.867912791881649,0.7822548536110911,4.750512594153951,-12.873929592067762,0.6977002893651193,4.747666960799011,254.6406261920929
-12.684209257207828,-3.9232843760496774,3.824429495415055,-12.610561828447477,2.564975856382145,5.041316201255159,-0.6679597041199122,0.005093624016427334,0.00944065829410334,0.7441201264832126,0.15407297463351882,0.0229816793397917,-0.04010164258636441,0.00466005385533208,-0.006783828939660452,-0.0014644716429756954,31194,768000000,10.11,0,2,2,-12.867912791881649,0.7822548536110911,4.750512594153951,-12.875781538273507,0.6581211375439401,4.738732596090646,255.60235476493835
-12.697434554193253,-4.063427518855471,3.684122548120576,-12.608643649514777,2.524503425924238,5.02906312892775,-0.6678473015977836,0.005280279987785198,0.010353289314157898,0.7442075717111366,0.15136202433232587,0.02442313686366449,-0.05965355858489341,0.0040359419926971896,-0.004743483987112995,-0.0007211486092728592,31194,997000000,10.45,0,2,2,-12.867912791881649,0.7822548536110911,4.750512594153951,-12.87724333739553,0.614493469014818,4.723387139423295,256.5964503288269
-12.715167198351548,-4.214030001786824,3.5544102723452182,-12.606415366519393,2.487868944323841,5.0136301882673475,-0.6678187462748333,0.005350287713621625,0.01100262675445398,0.7442233796043989,0.14748468700207112,0.02575228432625844,-0.07544534790973909,0.0029543026130340877,-0.00394252178921306,-0.00013648374448393952,31195,284000000,10.78,0,2,2,-12.878195734682729,0.5701173141104805,4.7020900639451835,-12.878195734682729,0.5701173141104805,4.7020900639451835,257.5040581226349
-12.736287868369429,-4.3746310295518915,3.4363370350639415,-12.60397367326069,2.4548925968842163,4.996073053187187,-0.6678069351817132,0.0055294526717216165,0.011538957080514913,0.7442245460516955,0.1454435720448541,0.02694749135761909,-0.09135868223424615,0.000647771739181735,-0.005982477796351304,2.8125324691430365e-05,31195,543000000,11.08,0,2,2,-12.878676537619492,0.5284122411674219,4.6772219040865926,-12.878676537619492,0.5284122411674219,4.6772219040865926,258.40750527381897
-12.74776331755322,-4.4585030069142375,3.381966011250108,-12.60097892987185,2.414553147698276,4.969349829870025,-0.6678846443165408,0.006739028742360306,0.012512048244448553,0.7441291124707498,0.15491313317078514,0.027314588040237807,-0.12103506656302607,-0.0010843777431546187,-0.01537178068247158,0.0017227440594069776,31195,780000000,11.38,0,2,2,-12.878676537619492,0.5284122411674219,4.6772219040865926,-12.878841479449042,0.48950610473687745,4.65026476560908,259.37348222732544
-12.771828782997277,-4.632967789596851,3.283102412796267,-12.598349994167016,2.374885838377944,4.938172325216317,-0.6680942175526663,0.008273482253496785,0.01375436473042093,0.7439035444296218,0.16286804177325873,0.027447747849212705,-0.14666264739739437,-0.0006496613139006513,-0.015965388229233213,0.0030203006417650613,31196,33000000,11.81,0,2,2,-12.87878407360818,0.4424751094871715,4.613221187674198,-12.87878407360818,0.4424751094871715,4.613221187674198,260.33104133605957
-12.796428049985627,-4.815746023439489,3.198062264195161,-12.594790237922792,2.315459467936383,4.884842072622257,-0.668550090881449,0.010177322285007423,0.015289316934037855,0.7434402698813161,0.17343684374119703,0.027507755506605624,-0.17909550600294888,-0.0013745480373472674,-0.015885147877270356,0.0048287533445545705,31196,291000000,12.24,0,2,2,-12.87878407360818,0.4424751094871715,4.613221187674198,-12.87856638481547,0.39792147674682044,4.574249233573548,261.5018894672394
-12.831861470496921,-5.103560310182758,3.0978869674096936,-12.591595758103583,2.251242937250783,4.820955180807838,-0.6692220821556435,0.012200468819790962,0.016900126504634926,0.7427700445225088,0.1830092243215787,0.027495342564343366,-0.20808082134931533,-0.0007393018904622295,-0.011444433221186046,0.006074709244785481,31196,542000000,12.75,0,2,2,-12.87806361358257,0.3327102704948953,4.511764579856281,-12.87806361358257,0.3327102704948953,4.511764579856281,262.59566354751587
-12.852907719435574,-5.303072526274943,3.050144175636353,-12.589011172437594,2.1962494620932227,4.762312802958547,-0.6698767709705986,0.013275637764661579,0.017720980479201287,0.7421420591819339,0.18973020071929975,0.027516067739328805,-0.2278156941142014,-0.0018030127080237435,-0.01060960576069192,0.00713052686478477,31196,824000000,13.23,0,2,2,-12.87806361358257,0.3327102704948953,4.511764579856281,-12.877479865851667,0.264672391657164,4.4413380319721245,263.572794675827
-12.870667098614804,-5.507402204979655,3.018100476464131,-12.586993162911492,2.146502529167166,4.707503022765081,-0.6705384216258438,0.014401070494033334,0.018537501133502023,0.7415033346815599,0.19775249844493248,0.02740379964355084,-0.244732497117659,-0.00035041871910834743,-0.009478606534685241,0.007861154790589353,31197,55000000,13.51,0,2,2,-12.87806361358257,0.3327102704948953,4.511764579856281,-12.877044900134106,0.2064857244697939,4.378260080617651,264.45096707344055
-12.87800197240249,-5.61100177112331,3.0080514120095225,-12.584710686881866,2.0917265980879765,4.6453229414462625,-0.6712879836475477,0.014828848271458257,0.01896274236321798,0.7408056173325211,0.1969224161483753,0.02787077161400442,-0.25232983971367273,0.0008204551193102816,-0.0016100530501717003,0.007817479308869224,31197,296000000,13.75,0,2,2,-12.876791743984155,0.1547719131607158,4.320874385126542,-12.876791743984155,0.1547719131607158,4.320874385126542,265.38453793525696
-12.888991631137213,-5.8202872861178125,3.0,-12.582585087524432,2.0454046754049275,4.591434924565382,-0.6719213922989578,0.014790519692949734,0.019057763611863884,0.7402294811370029,0.1978017945350084,0.028078953295812382,-0.2578270011935816,-0.0010293710374753573,-0.0010185708049448294,0.00788340148574207,31197,565000000,13.91,0,2,2,-12.876727858533284,0.09664256531905674,4.255670989909559,-12.876727858533284,0.09664256531905674,4.255670989909559,266.3076226711273
-12.894338925575825,-6.03126568846405,3.0080514120095216,-12.580279901101738,1.9884616400845618,4.525101373964234,-0.6727227426550809,0.01550377489468638,0.019390603728062603,0.7394780246671983,0.21112392137229472,0.027227352137788218,-0.27229619913952485,-0.0031307107292377623,-0.008973486728791613,0.009393637355969986,31197,828000000,14.01,0,2,2,-12.876727858533284,0.09664256531905674,4.255670989909559,-12.876884546632732,0.045782203064155196,4.1984975074439825,267.27830362319946
-12.893230125232524,-6.242586203254562,3.0321408228027398,-12.578258620222377,1.9230178608999497,4.450237160909538,-0.673776631686193,0.01676844002269286,0.02010882166465266,0.7384710592190277,0.22232455775771962,0.02674131521624055,-0.2828461112815636,-0.0011222263310628477,-0.008598893418820808,0.01079289213521406,31198,68000000,14.19,0,2,2,-12.877302738083133,-0.016431769403057725,4.129015792454384,-12.877302738083133,-0.016431769403057725,4.129015792454384,268.2719051837921
-12.884937394730386,-6.452859484576475,3.0720742786082917,-12.576016107092604,1.845658907060552,4.363087699507969,-0.6750424136955323,0.01767159305313162,0.020714866121272293,0.7372763042663529,0.23226166309071256,0.026425782982232714,-0.28868850272405305,-0.0018333180264562543,-0.0082176713476656,0.011270079266978428,31198,301000000,14.42,0,2,2,-12.877302738083133,-0.016431769403057725,4.129015792454384,-12.878048689916266,-0.08602474181363207,4.052469706443016,269.36890840530396
-12.868825658704356,-6.660671149728165,3.1275302587205234,-12.574282152706525,1.7686279328183936,4.279554380814874,-0.6762809881066364,0.018660210401841012,0.021499336307545625,0.7360934724690916,0.24196048714687635,0.02604860138521995,-0.29173320604431796,0.0010477906926098512,-0.004821125821763417,0.01114831156883156,31198,560000000,14.61,0,2,2,-12.877302738083133,-0.016431769403057725,4.129015792454384,-12.879257464824118,-0.16879552237162543,3.9637024011186703,270.3716313838959
-12.844358313024607,-6.864595709337353,3.1980622641951624,-12.572539630979067,1.7014437712095183,4.208452776097915,-0.6773184861342554,0.018660533079945325,0.021767599176586976,0.7351310253771501,0.24045739595804702,0.026593312016584623,-0.2841416857447535,0.0022280437860899838,0.0004655274324250058,0.010401019426353741,31198,794000000,14.8,0,2,2,-12.877302738083133,-0.016431769403057725,4.129015792454384,-12.880682527957232,-0.24956432577890075,3.880192272893968,271.31797790527344
-12.81110172756657,-7.0632107475678865,3.2831024127962687,-12.570406593500184,1.6345319757436878,4.139351831711619,-0.6781367573000405,0.018249306731943717,0.021890131421084872,0.7343829541518219,0.23996710626067347,0.027537565936650982,-0.27565155442181055,0.0044517958485812414,0.004466386144486023,0.0005792901703216558,31199,133000000,14.87,0,2,2,-12.881989605509336,-0.32168566562815976,3.8080494953275164,-12.881989605509336,-0.32168566562815976,3.8080494953275164,272.21964144706726
-12.768728499821618,-7.255111203149934,3.381966011250106,-12.567968688463152,1.5730360092452809,4.0777258054503305,-0.6774763913795254,0.017371772882726854,0.021717234871719376,0.7350185863907208,0.24299974080308617,0.029168876476440363,-0.2681625022291733,0.0014814266023677192,0.002653330443536106,-0.007692303961448488,31199,469000000,14.92,0,2,2,-12.881989605509336,-0.32168566562815976,3.8080494953275164,-12.883264384758997,-0.3956020712169364,3.7366854258137336,273.20799374580383
-12.71701943311114,-7.4389236001286365,3.493857067992779,-12.565760382383115,1.508834566755993,4.016753586631571,-0.677369941964406,0.017739401586801908,0.02217480224945298,0.7350942480387644,0.2567213212318975,0.02867982832515087,-0.26734067171479425,0.001040797997120535,-0.007869326327636372,0.003438638623265433,31199,751000000,14.86,0,2,2,-12.881989605509336,-0.32168566562815976,3.8080494953275164,-12.884392175299881,-0.4653285794452093,3.6720409109775525,274.07196140289307
-12.655864227872215,-7.613320077025024,3.617874702026272,-12.56371147238625,1.4487805523596304,3.962598444659702,-0.6779026164942502,0.018157343319919927,0.022759943357463005,0.7345749372338924,0.25682220638174413,0.029607093636642455,-0.25576848372805816,0.002997278465954878,-0.005173330100660678,0.008760264518059557,31199,997000000,14.95,0,2,2,-12.881989605509336,-0.32168566562815976,3.8080494953275164,-12.885429498073432,-0.5364043540417441,3.6091282825606634,274.92273783683777
-12.62173951154128,-7.696588237022761,3.6841225481205733,-12.561084421362237,1.383559868832221,3.9069085506111016,-0.6787808663928256,0.018174853846084915,0.02339935605231109,0.7337429251740799,0.25576042738427185,0.03068437256900275,-0.24020424876042828,0.0046379682316910475,-0.0028048056265106425,0.010644140729709761,31200,250000000,15.07,0,2,2,-12.881989605509336,-0.32168566562815976,3.8080494953275164,-12.886267264961242,-0.6026432155177853,3.553410983275971,275.8134548664093
-12.546444729317436,-7.854504415502291,3.8244294954150524,-12.557958011306013,1.3185385582347786,3.854968623912689,-0.6796715619237605,0.01793197197296722,0.0239931601679561,0.7329047281594183,0.2557383467721488,0.0322546270564385,-0.22451438914394456,0.006515526092698565,0.0004940793360219686,0.0036325475321064005,31200,477000000,15.21,0,2,2,-12.886948417130668,-0.6758582895793669,3.4949940483266566,-12.886948417130668,-0.6758582895793669,3.4949940483266566,276.6904785633087
-12.461897489637368,-7.99997308226976,3.9742014451881857,-12.553813260013682,1.248323026433339,3.803041932890916,-0.6789212709864754,0.01716728411455748,0.024277877577264517,0.7336087355113636,0.2618955837345113,0.03489531416858518,-0.2110555270208418,0.0018009419250120118,-0.003536357598932227,-0.0070455243076139595,31200,740000000,15.33,0,2,2,-12.886948417130668,-0.6758582895793669,3.4949940483266566,-12.887303420025182,-0.7498953905863321,3.439496527034485,277.68155455589294
-12.3683557442016,-8.131930120548828,4.132232521764882,-12.550261831606106,1.1792791496375528,3.7563799656679713,-0.6789097684719743,0.018112891422221965,0.02534295967524019,0.7335606204210774,0.2812762447581523,0.0344277905804426,-0.20984490797408162,0.0016555477145629993,-0.014782617108721752,0.005141660267327097,31201,4000000,15.33,0,2,2,-12.88726584053717,-0.8307584486576098,3.38306572460353,-12.88726584053717,-0.8307584486576098,3.38306572460353,278.5765767097473
-12.266173954716844,-8.249413737196672,4.297250351837313,-12.546436162673045,1.1017639687642897,3.708476505962952,-0.6797638704988118,0.019223727632941598,0.02666505408810206,0.7326940040363694,0.2897740964237077,0.034972251807972456,-0.19845834838912882,0.001082646065242443,-0.015010210972832283,0.012458730816433672,31201,327000000,15.52,0,2,2,-12.88726584053717,-0.8307584486576098,3.38306572460353,-12.886752694455014,-0.9056922503684072,3.334637170333199,279.558709859848
-12.155797149641744,-8.35157482376831,4.467926308866648,-12.543028681944763,1.0267219616158263,3.666355521429734,-0.6810015073061676,0.020566019182611157,0.028194369676573804,0.7314499732861085,0.30379961751174156,0.03461635167524575,-0.19238147481761625,0.0038867419334565056,-0.01562465840834193,0.015403557335957885,31201,625000000,15.75,0,2,2,-12.885609044878086,-0.9869807748783838,3.2865525250694656,-12.885609044878086,-0.9869807748783838,3.2865525250694656,280.4385895729065
-12.097697759196603,-8.396677192173357,4.554958132087373,-12.538615658395758,0.9372663695560549,3.621276316410863,-0.6825721155870256,0.021312663145503057,0.02971284329734785,0.7299028869348895,0.3101545891234555,0.03589758333371368,-0.1769064984017133,0.003223415910724725,-0.011362053282937268,0.01573230929352576,31201,888000000,15.99,0,2,2,-12.885609044878086,-0.9869807748783838,3.2865525250694656,-12.883971480965126,-1.061876769168012,3.246446314917966,281.38595509529114
-11.976043622511344,-8.47453145653513,4.731533468364691,-12.534167539060084,0.8514432266282486,3.582820266346029,-0.6840488192519476,0.02205298634301246,0.03111972187646438,0.7284383581221561,0.3190768632002093,0.03673456562110215,-0.16536192177928866,0.005518574380403152,-0.008896525741874939,0.015346439977292903,31202,137000000,16.19,0,2,2,-12.885609044878086,-0.9869807748783838,3.2865525250694656,-12.881254666202205,-1.1488023332358306,3.2051278534326295,282.36805987358093
-11.847655362139955,-8.535491397079774,4.910270339298972,-12.529798440687603,0.7787722067270249,3.553887382516198,-0.6852366407622825,0.02198171313818212,0.03197995208927216,0.7272859362786419,0.31513477429347314,0.03883865762346208,-0.1472255260672355,0.010338985066482564,-0.0012131180142205267,0.014081214430916589,31202,401000000,16.33,0,2,2,-12.885609044878086,-0.9869807748783838,3.2865525250694656,-12.877872609165413,-1.2288058167505853,3.1724171850887743,283.25650906562805
-11.713234382178594,-8.57916742105615,5.089729660701032,-12.523884185443093,0.7024194112904596,3.5284237975859436,-0.6863660745255133,0.02055759735840087,0.032675440131514424,0.7262308947872562,0.3004348319463202,0.042881896888398024,-0.115192115909727,0.013251380369183607,0.008061182052188087,0.011305007137707435,31202,617000000,16.37,0,2,2,-12.885609044878086,-0.9869807748783838,3.2865525250694656,-12.874050781206362,-1.3018099963427967,3.1470736746655206,284.16903352737427
-11.573534743627139,-8.605314519193234,5.268466531635313,-12.516575359817628,0.6298565795059269,3.5102171476388397,-0.687212179121333,0.018582303067241904,0.03300095378875319,0.7254688524871751,0.28803352153185635,0.04776066167324921,-0.08329187869969863,0.015687065388192423,0.013687548016605433,-0.0006667802388449218,31202,855000000,16.3,0,2,2,-12.885609044878086,-0.9869807748783838,3.2865525250694656,-12.869945077522004,-1.3678866120433653,3.1281967053826976,285.0592300891876
-11.429352891192822,-8.613835603663967,5.4450418679126305,-12.506845603659007,0.5548718958210042,3.4990961325706893,-0.6852796958405603,0.015370815012956385,0.032765877628871204,0.7273801439259369,0.27694169401932045,0.056716383759660795,-0.04625410482866843,0.018375680338067468,0.022437047664425336,-0.035555492650019005,31203,94000000,16.19,0,2,2,-12.864771276904998,-1.4389492535691386,3.1126606628961224,-12.864771276904998,-1.4389492535691386,3.1126606628961224,285.97835898399353
-11.28151696868165,-8.604783365467831,5.61803398874989,-12.497204758251817,0.4937933120784244,3.496611055979232,-0.6819268629951499,0.01247554295580513,0.032310378885142314,0.7305998588624626,0.27106424858335637,0.06410206496647267,-0.01887482452136358,0.010708601894293679,0.018782089318847284,-0.04130211382289417,31203,317000000,15.82,0,2,2,-12.858377351519126,-1.5147007825011076,3.101773314934953,-12.858377351519126,-1.5147007825011076,3.101773314934953,286.7919397354126
-11.206493498832378,-8.593724789026602,5.702749648162683,-12.487420301378316,0.4318950451893172,3.4976720964038575,-0.6800747366307945,0.011619178071884393,0.03243876868501338,0.7323326249619698,0.28263968838429804,0.0645071719129402,-0.009908460511008535,0.008390708899241872,-0.0022405464051189483,-0.010922387536993483,31203,595000000,15.42,0,2,2,-12.858377351519126,-1.5147007825011076,3.101773314934953,-12.852278453854625,-1.5777859540608763,3.0975050023400765,287.6041989326477
-11.054771557371982,-8.558739495509858,5.867767478235114,-12.478075823810048,0.3675715748632022,3.501028913182186,-0.6798947973692605,0.011374489786135904,0.03343415473162992,0.7324587652487328,0.29401319801401826,0.06398670038411233,0.000210613228706442,0.010484385165909771,-0.004987297370462329,0.003079173620790243,31203,825000000,15.29,0,2,2,-12.858377351519126,-1.5147007825011076,3.101773314934953,-12.845532479808615,-1.6399755071899147,3.0978355407870852,288.535546541214
-10.901532294594322,-8.506966467455548,6.025798554811811,-12.469051910682865,0.30113953843596736,3.5069526520134593,-0.6803876450135208,0.010843554343014932,0.03454815962047969,0.7319573037472901,0.3027540549363832,0.06368228130401829,0.011765591715249138,0.012334044549788814,-0.0014635332604484574,0.00742340844226419,31204,91000000,15.33,0,2,2,-12.838169823792931,-1.701327117887488,3.1028003702683424,-12.838169823792931,-1.701327117887488,3.1028003702683424,289.3351163864136
-10.824610521570174,-8.474957086149745,6.101793962904201,-12.460653545816102,0.2405876654881966,3.5154803258680407,-0.6808675415288818,0.009632223621793723,0.03532861740500027,0.731490601411096,0.29971349000201397,0.06603057865622694,0.029645891880179014,0.012948613675689558,0.0061632038523384836,0.005738179743275396,31204,331000000,15.36,0,2,2,-12.838169823792931,-1.701327117887488,3.1028003702683424,-12.830269524365688,-1.761945258029126,3.1122684147595496,290.1748580932617
-10.670687765466973,-8.399114582343575,6.246979603717463,-12.449278214574381,0.16156616419046338,3.5307887425908775,-0.6814486809021336,0.008076009322269737,0.036079546249427094,0.7309314192950005,0.30596960686267644,0.06803807244073225,0.044741724626129804,0.012328149023232982,0.004385265992823406,0.0060383861637092195,31204,607000000,15.29,0,2,2,-12.838169823792931,-1.701327117887488,3.1028003702683424,-12.822616542530712,-1.8164422484205842,3.124801380861178,291.147332906723
-10.517340972781431,-8.308168403456124,6.38212529797373,-12.43847612830097,0.08754948966213501,3.548320184366817,-0.6819863150476454,0.006645742291105988,0.03669123255588749,0.7304137551077908,0.30846609366988126,0.07019464017719274,0.05933560770917701,0.01499674372098525,0.0079971568993642,0.005013561576561187,31204,861000000,15.17,0,2,2,-12.838169823792931,-1.701327117887488,3.1028003702683424,-12.81200287101286,-1.886470628867049,3.146538958865778,292.1236560344696
-10.365357695277192,-8.203024817628188,6.506142932007223,-12.426907229059537,0.014669173133117493,3.5703867981085624,-0.6822757371585008,0.004327926356905477,0.03692798589121042,0.7301488967301751,0.30010214380423056,0.07486645990389423,0.08239249561718706,0.017994774134422187,0.016483300532854628,0.0015527747905252909,31205,102000000,15.02,0,2,2,-12.801588108955412,-1.9502788042325858,3.17181887170817,-12.801588108955412,-1.9502788042325858,3.17181887170817,292.9817569255829
-10.215481965412536,-8.08471129151785,6.618033988749896,-12.413133293875642,-0.06136038448857781,3.600732857098331,-0.6822881564397516,0.0010922857451367077,0.036733117837319106,0.730159130976149,0.2917997769373925,0.08021577057731154,0.1076151422287001,0.011674979941744823,0.017539648069941904,2.7197663765576863e-05,31205,336000000,14.75,0,2,2,-12.801588108955412,-1.9502788042325858,3.17181887170817,-12.79056237729093,-2.0132376032373522,3.2019362066922072,293.9644854068756
-10.141552750277675,-8.020967693220346,6.669146507442604,-12.397644896256727,-0.14308652896422935,3.6382223743522144,-0.6823487958414877,-0.001411610464314584,0.0365095095679783,0.7301131308781362,0.2935846833886639,0.08321067787418684,0.12306646180516143,0.01326523224634002,0.013647763262270018,0.0004916316299841128,31205,566000000,14.38,0,2,2,-12.801588108955412,-1.9502788042325858,3.17181887170817,-12.777982276463037,-2.080406584674365,3.239652210887595,294.9695429801941
-9.996115618455198,-7.885067042264726,6.761191063713476,-12.38030182401139,-0.2297915323760413,3.683421564134584,-0.6823049638650127,-0.004305410576927442,0.0364258024242306,0.7301469445547784,0.28678786667579936,0.0874701641968147,0.14296730054610704,0.014665289472759468,0.016450453586003277,-0.001700105258350959,31205,824000000,14.06,0,2,2,-12.801588108955412,-1.9502788042325858,3.17181887170817,-12.763793441460713,-2.151390619186457,3.285703233824859,296.0161397457123
-9.785098566014495,-7.662634819950148,6.872469741279472,-12.361966756039692,-0.3135096841331276,3.7346698515344894,-0.6819092838273371,-0.007588810257654182,0.03612773550358496,0.7305045689907383,0.2743665603690583,0.09265382459921939,0.16558151589043735,0.014774493229197105,0.018758386067929678,-0.005770594862042344,31206,43000000,13.69,0,2,2,-12.801588108955412,-1.9502788042325858,3.17181887170817,-12.747824724883039,-2.2256905902433473,3.3408181452953034,297.00780844688416
-9.649915265730048,-7.503981892038007,6.927925721391706,-12.343676790929752,-0.3879332180884733,3.788563107736696,-0.6809131029251705,-0.010882167975088616,0.035722476243658194,0.7314115321595629,0.2597955656200937,0.09927143513847343,0.18892610883710095,0.016781054728198797,0.022064703807700425,-0.017306011977780145,31206,267000000,13.27,0,2,2,-12.801588108955412,-1.9502788042325858,3.17181887170817,-12.731061046716134,-2.298007335028055,3.4012960605690643,297.97108030319214
-9.51961077211188,-7.338741578675988,6.9678591771972584,-12.326814546699133,-0.4485167364656276,3.839950252243281,-0.6786717404512539,-0.014060619962367552,0.035151252458348534,0.733465307379803,0.24657354110736004,0.10668686119312183,0.20989408805953153,0.015765404168632813,0.024911651235015597,-0.03422698064241558,31206,491000000,12.85,0,2,2,-12.801588108955412,-1.9502788042325858,3.17181887170817,-12.714805029100795,-2.363632803273799,3.461801416253003,298.8501832485199
-9.456390789702807,-7.2541238732583775,6.981899523535869,-12.307300323702094,-0.5113748059536182,3.9007881293121276,-0.674063372231546,-0.017605191606407684,0.03432146181833211,0.7376656862718981,0.23434944651296202,0.11585039291806214,0.23053851278768533,0.014763215403945651,0.026617946241458412,-0.057348539485246874,31206,709000000,12.39,0,2,2,-12.801588108955412,-1.9502788042325858,3.17181887170817,-12.700397217877128,-2.4183282077794868,3.5163249883562555,299.7649848461151
-9.333972000806504,-7.081859174291824,6.997986133082629,-12.285116140085362,-0.5767246210709944,3.9715990068043734,-0.6672592514789505,-0.021145883160421923,0.033385830980685524,0.7437763973337991,0.2234919592379284,0.12501345393211505,0.2493360445763797,0.012154440355516272,0.024448379554087296,-0.06892748642712831,31206,904000000,11.77,0,2,2,-12.801588108955412,-1.9502788042325858,3.17181887170817,-12.684277584479311,-2.475779525601478,3.5777800482338233,300.6637878417969
-9.217056836792455,-6.9068605380300525,6.997986133082629,-12.26551379931749,-0.631420339450816,4.035915523248084,-0.6608140608876536,-0.023728058454922624,0.032689843576430344,0.749461893829217,0.2160052980641176,0.13153011095966383,0.26245131688434026,0.01117774208978517,0.02128102059941739,-0.07175922728492878,31207,171000000,11.08,0,2,2,-12.801588108955412,-1.9502788042325858,3.17181887170817,-12.666333631837317,-2.5354392246260438,3.646256880915173,301.54631900787354
-9.105734332182745,-6.73070301578608,6.98189952353587,-12.243920864693527,-0.6896857995783089,4.108658313027103,-0.6536886513163817,-0.026210217682935834,0.03220183392612396,0.7556237248267007,0.20916398746522477,0.13784133303464757,0.27345596059961413,0.009253625739802374,0.018438211009197403,-0.07150408491725102,31207,415000000,10.59,0,2,2,-12.650519855975293,-2.5848043612037146,3.706416059801609,-12.650519855975293,-2.5848043612037146,3.706416059801609,302.5322675704956
-9.000000000000002,-6.554958132087373,6.949855824363648,-12.223825172596532,-0.7429672782393133,4.177703881051845,-0.6472794561851308,-0.027956941119374246,0.03176573050695478,0.7610772979200527,0.20496602903214098,0.14168707670212738,0.27740459831384084,0.00021362991819984245,0.01059117412296473,-0.056418930034851655,31207,644000000,10.2,0,2,2,-12.650519855975293,-2.5848043612037146,3.706416059801609,-12.63291518618507,-2.636434631714012,3.772720611433051,303.4665677547455
-8.949201547814672,-6.467726822785956,6.9279257213917065,-12.204220573623003,-0.7960856145291472,4.245674948734275,-0.6443327565310268,-0.028058112514562215,0.0318228973460481,0.7635675113490301,0.2026497997375709,0.1394418356404012,0.2684805250655149,0.007475053416783339,-0.002876932285289513,-0.0176567713424447,31207,902000000,10.0,0,2,2,-12.616151406962963,-2.6822330225321305,3.834538942898212,-12.616151406962963,-2.6822330225321305,3.834538942898212,304.36090636253357
-8.851638262612344,-6.295502425429958,6.872469741279474,-12.18198905857112,-0.8563326263009713,4.322395422292323,-0.6432064648715632,-0.028288133184505362,0.03312943974905172,0.7644525265118012,0.1945708797742739,0.13652941192213813,0.258184185930779,0.00854922718644957,-0.00556555833099992,-0.005877003331988817,31208,194000000,10.12,0,2,2,-12.598895387440999,-2.7262319945273794,3.8965901956330975,-12.598895387440999,-2.7262319945273794,3.8965901956330975,305.3109185695648
-8.759249681003741,-6.127504792727141,6.801937735804838,-12.163258927935074,-0.906294946046633,4.3857862478854255,-0.642830430901468,-0.02832000953396647,0.0343324508141788,0.7647145199276139,0.18866562299460524,0.13458050285009918,0.24856207457328777,0.006431399242501357,-0.0058742200963024516,-0.0031728226531413384,31208,499000000,10.35,0,2,2,-12.598895387440999,-2.7262319945273794,3.8965901956330975,-12.57816017946468,-2.775327522195042,3.968797509512211,306.17816948890686
-8.671716555753717,-5.965175008993652,6.716897587203731,-12.14446626849723,-0.9544662215526563,4.446972280999517,-0.6425541080692869,-0.02827235236473292,0.03527123894144602,0.7649057667442327,0.18063283278443878,0.13384120945759181,0.2391654883259084,0.00431478556492948,-0.004349143273429945,-0.0031053150678417296,31208,788000000,10.54,0,2,2,-12.598895387440999,-2.7262319945273794,3.8965901956330975,-12.55980591583731,-2.815455930113876,4.030110171215201,307.0410599708557
-8.588638099970249,-5.809884709205925,6.6180339887498985,-12.126881397261991,-0.9968106855108967,4.501200301404601,-0.6422723036533586,-0.028238437863691217,0.03586255375667501,0.7651161714569072,0.1724180149817881,0.1340219333956792,0.23107112531402998,0.002971841195176239,-0.0028376387717798934,-0.0035517558444553288,31209,71000000,10.69,0,2,2,-12.598895387440999,-2.7262319945273794,3.8965901956330975,-12.54084926452187,-2.8537947628454714,4.090584798360167,307.89270782470703
-8.548623222003823,-5.735285754374288,6.563662964936061,-12.103653913769472,-1.0479510618726304,4.567793247217298,-0.641873023526823,-0.028249363087042238,0.03625947029763974,0.765432064893708,0.16021126271804326,0.1355003098183038,0.22124534234494786,0.0014549689240084263,-0.00044113319006555685,-0.0038490615679620532,31209,309000000,10.77,0,2,2,-12.522937582571023,-2.8874244778618987,4.14503759217314,-12.522937582571023,-2.8874244778618987,4.14503759217314,308.86848640441895
-8.471311287357555,-5.592942375243218,6.445589727654784,-12.084526187600567,-1.0858665927942803,4.618299789342764,-0.6415335835451457,-0.028317804324549972,0.036375435976502585,0.7657085547383413,0.15098196820413828,0.13693104863450728,0.2137784139636251,-0.00077985627626731,2.4341388638049466e-05,-0.004021991117042489,31209,581000000,10.82,0,2,2,-12.522937582571023,-2.8874244778618987,4.14503759217314,-12.499718549279844,-2.9294721635189953,4.212414097899778,309.75985074043274
-8.397135379411143,-5.460679420436296,6.315877451879427,-12.059204360333407,-1.1316243885479853,4.679806367620559,-0.6411231811820892,-0.028164108471319824,0.03629665534461464,0.7660616178583597,0.14056993617146785,0.1378571661190648,0.2014875887981573,-0.0005823106278057821,-0.00011750864530313265,-0.004033290542793111,31209,860000000,10.83,0,2,2,-12.522937582571023,-2.8874244778618987,4.14503759217314,-12.481081323200174,-2.9617866189073028,4.263513358552092,310.72769021987915
-8.325460796876843,-5.339527601736071,6.1755705045849485,-12.034726641672707,-1.1716015242208841,4.733876327383115,-0.6406920682848489,-0.02810488576000556,0.036259699910616665,0.7664261368166483,0.1306651076341449,0.13894940616405435,0.1900342076190112,-0.0014214897987585573,0.0001280306619833027,-0.004518728155744611,31210,87000000,10.84,0,2,2,-12.456454946715478,-3.0005147624989887,4.326115900808554,-12.456454946715478,-3.0005147624989887,4.326115900808554,311.65881276130676
-8.255604361584592,-5.230396374807732,6.025798554811814,-12.0132256732733,-1.203630917791726,4.777245372359756,-0.6403056863541742,-0.028001433202598867,0.036161169414706325,0.766757404651348,0.1228847763017256,0.14008506053996422,0.1797383955342559,-0.0029409264698188053,3.057967496999936e-05,-0.004705324226961238,31210,352000000,10.84,0,2,2,-12.432568268206051,-3.034032906038263,4.38125257194743,-12.432568268206051,-3.034032906038263,4.38125257194743,312.5319519042969
-8.186843910454819,-5.134065492033124,5.867767478235118,-11.990990210857246,-1.234113871753506,4.8181110778837715,-0.6399182084981545,-0.02775759242589909,0.035877495654335886,0.767102996866003,0.11524034006416686,0.14101072983929616,0.16732490845417197,-0.0037996173659848864,0.00016880436248811748,-0.0047268847993109375,31210,588000000,10.84,0,2,2,-12.411636357812002,-3.0607427087943915,4.425528006604335,-12.411636357812002,-3.0607427087943915,4.425528006604335,313.3759009838104
-8.152640804633386,-5.090906604973298,5.7860500633078455,-11.965878401207851,-1.2656186878447562,4.859384981023107,-0.6394951577670934,-0.027469198863758933,0.03555710722218058,0.7674809954860208,0.10693949210450801,0.1419804512014961,0.152091687224636,-0.004344988974480657,-7.629974074774282e-06,-0.004644500359063386,31210,816000000,10.83,0,2,2,-12.411636357812002,-3.0607427087943915,4.425528006604335,-12.39004843120336,-3.0860655201305924,4.4675317227887605,314.2250189781189
-8.084109811191693,-5.014937356989644,5.618033988749893,-11.942058345513361,-1.2929802674588833,4.893892261006816,-0.6391211975236282,-0.0271811829821433,0.03526659684623778,0.767816088210282,0.09987902716230741,0.1429499897940843,0.13759111903682875,-0.0035294469171276432,-7.411252447298011e-05,-0.004596781809595996,31211,101000000,10.81,0,2,2,-12.411636357812002,-3.0607427087943915,4.425528006604335,-12.365644715330385,-3.112136416086003,4.510376123976098,315.11257433891296
-8.01476574654723,-4.953107071378241,5.445041867912628,-11.915147730003238,-1.3211995950607567,4.92810318123969,-0.6386888077920969,-0.026944789674461525,0.03495824356039362,0.7681982207201998,0.09194749698840413,0.1445240637115237,0.12301905342712136,-0.004510221970122075,0.0005423322363640182,-0.0049662550281937,31211,344000000,10.78,0,2,2,-12.34244336778646,-3.1346567656274145,4.546596375746775,-12.34244336778646,-3.1346567656274145,4.546596375746775,315.99307513237
-7.943831561758462,-4.9056947134888,5.268466531635309,-11.88718077350238,-1.3478373202810228,4.9587255202525835,-0.6382257103291396,-0.02663625410039235,0.03451813268378582,0.7686136553291185,0.08477538097557206,0.14645702950224423,0.1073653327513632,-0.006215162193257129,0.0006178748776619614,-0.005374576267058728,31211,581000000,10.75,0,2,2,-12.34244336778646,-3.1346567656274145,4.546596375746775,-12.316190887983394,-3.157818841188545,4.582539368437144,316.85166573524475
-7.907527431903714,-4.887441317631105,5.179278617806869,-11.860585030227988,-1.3710093833372685,4.983300189544926,-0.6377639673120058,-0.02627040601113772,0.03401681243099375,0.7690317576267546,0.07873158985773122,0.148187810233734,0.09152950054851333,-0.0056108673561539035,0.000504037615201014,-0.005707834725399152,31211,812000000,10.71,0,2,2,-12.34244336778646,-3.1346567656274145,4.546596375746775,-12.289415171322904,-3.1819730817471585,4.614576676252479,317.71642422676086
-7.832773180720472,-4.861849601988382,5.000000000000002,-11.83052666374669,-1.395074540135881,5.0059986101224405,-0.6372681882018871,-0.025904533099769117,0.03354422536999151,0.7694757932612919,0.07255590766501192,0.15024724309239418,0.0734636504525051,-0.005042649945607991,0.0006091236912197928,-0.005615420695903595,31212,89000000,10.65,0,2,2,-12.34244336778646,-3.1346567656274145,4.546596375746775,-12.264954849769143,-3.2075160459773544,4.64043996607252,318.54981803894043
-7.75454825943156,-4.850714267738887,4.820721382193136,-11.799305835911492,-1.4178773765378385,5.024612791551424,-0.6367232308631956,-0.02563367206396231,0.03306761511571851,0.7699564760206963,0.06628701072966463,0.15285851857810057,0.056794781464870846,-0.005481549123942386,0.0012507119777183107,-0.006415935376935522,31212,309000000,10.55,0,2,2,-12.34244336778646,-3.1346567656274145,4.546596375746775,-12.238222345718455,-3.2386195934655153,4.664659038418532,319.3802020549774
-7.713914174568618,-4.850496432481319,4.731533468364694,-11.764064196781325,-1.44135012534285,5.0401665482806015,-0.6360422290456971,-0.02531001821094414,0.03248513287996892,0.7705546067544553,0.06054371746179765,0.15627514822986538,0.0377778334220354,-0.005979957995805307,0.0011527024867064029,-0.007414821675411076,31212,592000000,10.44,0,2,2,-12.211029149703121,-3.2720105849379806,4.684367398208055,-12.211029149703121,-3.2720105849379806,4.684367398208055,320.29635071754456
-7.629186593081786,-4.860537706687095,4.554958132087377,-11.727289687211915,-1.4638297508133105,5.050755718097925,-0.6352661489930183,-0.024926112150442672,0.03189484190167412,0.7712316953657383,0.05595809837144407,0.15959214188541437,0.01824715159409705,-0.007111407194315689,0.00047202970563375857,-0.008362705739273224,31212,852000000,10.33,0,2,2,-12.180599007261069,-3.3090107518906553,4.700435845857309,-12.180599007261069,-3.3090107518906553,4.700435845857309,321.23638105392456
-7.539330216806069,-4.884147347997373,4.38196601125011,-11.692240367486034,-1.4840094506206831,5.055862651916289,-0.6344794724943739,-0.024418666851894054,0.031365312842353214,0.7719169287188477,0.05321089110584888,0.16164256590838288,-0.0010149387489771684,-0.006168320987853804,-0.0009110292580771784,-0.008207326663978165,31213,57000000,10.23,0,2,2,-12.148787136802728,-3.344637885696912,4.711153503421375,-12.148787136802728,-3.344637885696912,4.711153503421375,322.1228427886963
-7.443779337683475,-4.920724023628251,4.213949936692158,-11.656311532515122,-1.503957286524337,5.056120634133008,-0.6338752395584557,-0.023808026780959852,0.031049033382103828,0.7724450246208752,0.0518846932707417,0.1634398375470845,-0.022047113320275622,-0.005898798917769454,-0.0030465743748209206,-0.005549657180381473,31213,285000000,10.17,0,2,2,-12.148787136802728,-3.344637885696912,4.711153503421375,-12.117841064739608,-3.3743719028784125,4.716325023788284,322.98434114456177
-7.342037636200248,-4.96953517656723,4.052262675054002,-11.619552871052406,-1.5239789981812848,5.051153998716974,-0.6334955468050114,-0.023035311246049756,0.03089917287142233,0.7727858744373368,0.05147398177164118,0.16548179786862097,-0.04430266075876795,-0.005136665686222841,-0.0040232664559880504,-0.003807049938586715,31213,530000000,10.15,0,2,2,-12.085348106306276,-3.401233178634504,4.7167659119502945,-12.085348106306276,-3.401233178634504,4.7167659119502945,323.84804606437683
-7.288711106370621,-4.998265841933026,3.9742014451881897,-11.584992787398852,-1.5423910578981668,5.042009540595611,-0.6332090672481006,-0.02243503023849906,0.030790929162097868,0.7730426024834094,0.05082500201028887,0.16798183867578648,-0.06427401987138771,-0.005059859586253879,-0.0037277557794368477,-0.003149585654682596,31213,748000000,10.17,0,2,2,-12.085348106306276,-3.401233178634504,4.7167659119502945,-12.051329489935194,-3.425768654634886,4.712308065348771,324.7478723526001
-7.176924026518295,-5.063788319150504,3.8244294954150555,-11.546324036056342,-1.5628575787904788,5.026804449973237,-0.6330538129451764,-0.02161132898191618,0.030770907450687147,0.7731940064627185,0.05191954474800686,0.1709131628997535,-0.08758084106721956,-0.004555309851639322,-0.005513166934179026,-0.0010532167493693123,31213,982000000,10.17,0,2,2,-12.085348106306276,-3.401233178634504,4.7167659119502945,-12.019220630760232,-3.4483803290726476,4.7037311347068735,325.6923348903656
-7.058059731145688,-5.139195800486321,3.6841225481205764,-11.506599381502797,-1.5837375629328654,5.0063341517399165,-0.6330455536525925,-0.02087908862676139,0.030824835903467837,0.7732187401701556,0.052011508278189234,0.1742295724377491,-0.10879844779746102,-0.0034069411867676536,-0.004106235792278312,-0.0003774829906433297,31214,219000000,10.18,0,2,2,-11.983617737378362,-3.4754967919305924,4.689325360618998,-11.983617737378362,-3.4754967919305924,4.689325360618998,326.62543773651123
-6.931922388278014,-5.223367798610493,3.5544102723452182,-11.465652678406059,-1.6048587005811066,4.9809552203279095,-0.6329830744406365,-0.02037740234622356,0.030818071376956226,0.7732835414140823,0.05221809975194543,0.17812896297650505,-0.12960130236219233,-0.0036294625260779867,-0.00403569088121003,-3.3957815137597436e-05,31214,443000000,10.2,0,2,2,-11.946821870235844,-3.5027447473127142,4.669914077493745,-11.946821870235844,-3.5027447473127142,4.669914077493745,327.5525825023651
-6.798414408284236,-5.315097794245403,3.436337035063942,-11.423614410884616,-1.6267833996567698,4.950418126419379,-0.6331993990376507,-0.019613117652692413,0.031016017139327924,0.7731182660855406,0.05570730320854687,0.18160776400411374,-0.1518883406822376,-0.003083185038121883,-0.00755707583266485,0.004882684606855037,31214,688000000,10.18,0,2,2,-11.908358134272056,-3.5281050484951995,4.645857495678304,-11.908358134272056,-3.5281050484951995,4.645857495678304,328.4907793998718
-6.657539913838084,-5.413105873781844,3.3308534925573996,-11.38057665169093,-1.6500330823836094,4.914636869468231,-0.634008999581438,-0.018695278802974946,0.03145238059896524,0.7724595929593217,0.0607666073284993,0.18524479635872498,-0.1739170112329397,-0.0020021484033350134,-0.009138455243373755,0.011294583691778826,31214,929000000,10.21,0,2,2,-11.908358134272056,-3.5281050484951995,4.645857495678304,-11.86827324354029,-3.551919287474621,4.617311049355964,329.43300342559814
-6.58436990723958,-5.4640474158483405,3.283102412796267,-11.332781190186228,-1.6769609075771823,4.870092069683656,-0.6354317971436899,-0.017754082785946396,0.032075233585598495,0.7712862005206625,0.0656046820633743,0.18974542840516165,-0.19678924522581875,-0.00035033801282224886,-0.007450892871929682,0.014218489923223387,31215,196000000,10.27,0,2,2,-11.826635044200204,-3.574610075235162,4.584420728524607,-11.826635044200204,-3.574610075235162,4.584420728524607,330.3810224533081
-6.432681141919438,-5.56894510494894,3.1980622641951646,-11.287234909028902,-1.7025429406847412,4.824253529938693,-0.6366889339270501,-0.017341291190280807,0.032495984809813194,0.7702405416530154,0.06656290880022502,0.19434503349332108,-0.21491180593836418,-0.000209477779833378,-0.00482891982755973,0.013953754205431323,31215,456000000,10.35,0,2,2,-11.826635044200204,-3.574610075235162,4.584420728524607,-11.779799390822204,-3.5983535802042415,4.544033604322148,331.32489371299744
-6.274092983719844,-5.676688553400637,3.127530258720525,-11.240435381417306,-1.7288906911916837,4.774333944886751,-0.6381458318341561,-0.016939930367871912,0.032913309518958996,0.7690251297118541,0.0691382462622498,0.19849148502439645,-0.23154435269415904,0.0005716358430163382,-0.0047111918775044614,0.016394902013416868,31215,685000000,10.37,0,2,2,-11.826635044200204,-3.574610075235162,4.584420728524607,-11.735000807340073,-3.619844747500548,4.502578700468873,332.2689347267151
-6.108975219860335,-5.785848810464001,3.0720742786082953,-11.192196371622526,-1.7555542044518233,4.720919975688581,-0.6396428792794241,-0.016851905261662845,0.03322203586525601,0.7677690385846171,0.0681275430110167,0.20374212321815932,-0.24523672167064947,0.002647183305271028,-0.0008340987449173554,0.015000890925875865,31215,924000000,10.39,0,2,2,-11.688819012765808,-3.6411215694381163,4.457534362807817,-11.688819012765808,-3.6411215694381163,4.457534362807817,333.1356518268585
-5.937799684049354,-5.894986550396063,3.0321408228027407,-11.142190071295454,-1.7818980057943188,4.664673041472449,-0.6407995749505896,-0.017262460073870483,0.03339891046283844,0.7667870793090067,0.06603052628522174,0.2095685473530473,-0.2567545707507178,0.0027478162564875674,0.0011589480209295289,0.012456691729312297,31216,166000000,10.38,0,2,2,-11.64125685173374,-3.662416775162463,4.40918394870247,-11.64125685173374,-3.662416775162463,4.40918394870247,334.00114583969116
-5.761136868138604,-6.002666556337735,3.0080514120095225,-11.09500326862314,-1.80611533241535,4.610843602946109,-0.6419634905135169,-0.01750357152718246,0.03365017191922995,0.76579642710142,0.06675145323773032,0.2139008981522601,-0.2666976607657777,0.0029451390446411096,-0.0010307463753633783,0.015209304910968058,31216,379000000,10.32,0,2,2,-11.64125685173374,-3.662416775162463,4.40918394870247,-11.592253343526979,-3.6840024208456175,4.357799882959811,334.90905475616455
-5.670951875006609,-6.055516059236666,3.0020138669173706,-11.042100175072878,-1.8327479366646349,4.550067607484296,-0.6435262413717755,-0.017743349624402813,0.033985681149397894,0.7644632912618061,0.06668225455494782,0.21951628346362315,-0.2749153475187643,0.0043305819417582825,9.028309531089462e-05,0.017242160902242176,31216,631000000,10.29,0,2,2,-11.64125685173374,-3.662416775162463,4.40918394870247,-11.54607152223546,-3.7041644288876956,4.308318108733796,335.78717017173767
-5.487331982763328,-6.158362612132099,3.0020138669173706,-10.978093425354448,-1.8634817941712345,4.477436706271713,-0.6451539098399703,-0.018498525408188214,0.03428425184822886,0.7630588622453245,0.0637278612615719,0.22720959759651743,-0.2806931058141201,0.005818565705340006,0.00390740719922178,0.013295667667989619,31216,866000000,10.29,0,2,2,-11.64125685173374,-3.662416775162463,4.40918394870247,-11.494436901867667,-3.7266304436831326,4.252170565358979,336.7619616985321
-5.300049506402166,-6.256274615650105,3.018100476464131,-10.916358669267137,-1.8912259919618561,4.409057239902739,-0.6462735777650107,-0.01954618147333122,0.03447824103268184,0.7620758888509177,0.06007851221292389,0.2343086236917221,-0.2839814968776441,0.007707406530244043,0.005455753171190736,0.00970840474110446,31217,95000000,10.26,0,2,2,-11.64125685173374,-3.662416775162463,4.40918394870247,-11.432526190549293,-3.7536444896900067,4.184323541947566,337.70285654067993
-5.109976309765509,-6.347941721880122,3.050144175636352,-10.862278389550262,-1.9139745284470988,4.3508897134002105,-0.6469265021389041,-0.020618933605049593,0.034703267464250204,0.7614831867051417,0.05614884521452988,0.24099062767706605,-0.28529198547233287,0.009623277037462685,0.006324082005448872,0.006597237961614155,31217,346000000,10.2,0,2,2,-11.64125685173374,-3.662416775162463,4.40918394870247,-11.373485139612255,-3.7795648423960757,4.119667642779798,338.55331897735596
-4.918053263767082,-6.432118834125037,3.097886967409692,-10.806239552424946,-1.9356807355506085,4.292902992993905,-0.6472492479054885,-0.021947477898715727,0.035005325518473226,0.7611578985236969,0.05004828848279935,0.24889929391620091,-0.28465535527155306,0.010637114974088036,0.007540280330431415,0.0026859289846470347,31217,591000000,10.15,0,2,2,-11.64125685173374,-3.662416775162463,4.40918394870247,-11.322413625614384,-3.8021230893956774,4.0641382778225825,339.44099521636963
-4.821708644319341,-6.471030326718811,3.1275302587205234,-10.742712677274747,-1.9582296307892597,4.2301046945164416,-0.6472679709389236,-0.023435413836287312,0.03543710729635158,0.7610776350684582,0.04485406921114992,0.25798716851640296,-0.283788981822552,0.011597360480664065,0.00656049501230882,-0.0008946075524818298,31217,850000000,10.07,0,2,2,-11.64125685173374,-3.662416775162463,4.40918394870247,-11.270744210269331,-3.8280109818707055,4.007854519965743,340.33312153816223
-4.628902588772864,-6.541809574814725,3.1980622641951624,-10.676736157119167,-1.9800078896200846,4.167887891647074,-0.6469734123264,-0.024837882980561,0.03601643408643347,0.7612563955642507,0.040979719623169576,0.2668083147472763,-0.28262482439032344,0.011434184034442296,0.005234095169726061,-0.004421793391884421,31218,95000000,9.97,0,2,2,-11.64125685173374,-3.662416775162463,4.40918394870247,-11.213872655327485,-3.8617332605100634,3.945680046925462,341.28258633613586
-4.436837120055821,-6.602347080661456,3.2831024127962647,-10.602749298599573,-2.0030700849840444,4.10119453198367,-0.6462859729475036,-0.026167566210204586,0.03674330457627641,0.7617608740403695,0.038189798133682604,0.27528739091631726,-0.2812538472010597,0.011117557005491108,0.003471380568953464,-0.008400619753956562,31218,329000000,9.89,0,2,2,-11.64125685173374,-3.662416775162463,4.40918394870247,-11.15566034524217,-3.8965984678645014,3.8836975306437083,342.2679376602173
-4.24661551929798,-6.651713242019724,3.381966011250106,-10.496969760500853,-2.035516582921572,4.01015261931906,-0.6447998898596695,-0.02749717416069372,0.038032222627354034,0.7629092721235978,0.04048209019412581,0.2840636458716891,-0.27865836949896605,0.009525964196654968,-0.00109661646092718,-0.011360282678651856,31218,564000000,9.79,0,2,2,-11.64125685173374,-3.662416775162463,4.40918394870247,-11.090866148670738,-3.9334418059494913,3.817648961210967,343.4555380344391
-4.059362049326308,-6.689089208183685,3.4938570679927743,-10.431157428062098,-2.056572902455615,3.9553504744587067,-0.6438591404099381,-0.027875709730510467,0.03894318010075622,0.7636437525713384,0.04552992343597878,0.2868822878217564,-0.27640294455486963,0.007027559149719309,-0.005476699743667268,-0.006738931188010611,31218,806000000,9.65,0,2,2,-10.998440062799672,-3.9833375107833873,3.728960160707857,-10.998440062799672,-3.9833375107833873,3.728960160707857,344.3594501018524
-3.8762097684280574,-6.713773865026728,3.6178747020262714,-10.360161352492236,-2.082728066780147,3.89669787134404,-0.6443641982249407,-0.027154867088671177,0.04043604051069133,0.7631659844798794,0.06410347500654633,0.2832346320516178,-0.2704574752667515,0.006340070331134484,-0.01715057787805563,0.012873385458078701,31219,22000000,9.58,0,2,2,-10.998440062799672,-3.9833375107833873,3.728960160707857,-10.940437243180746,-4.013201668393483,3.6768183494197175,345.2923514842987
-3.6982880744793807,-6.725189516720688,3.7530203962825284,-10.2966333157626,-2.110484064254134,3.8446607586837076,-0.6458915281529237,-0.02602157566055329,0.04215230061985115,0.7618203167498728,0.08135195275001662,0.27952362452972207,-0.26214872491321883,0.001635228363738861,-0.01944667565112468,0.023062032778398134,31219,263000000,9.74,0,2,2,-10.870645602023588,-4.0478774519879215,3.6174811946467655,-10.870645602023588,-4.0478774519879215,3.6174811946467655,346.16815876960754
-3.5267101183659015,-6.722886213458185,3.898206037095796,-10.222920503745085,-2.147411947233331,3.7860376113976644,-0.649980956313416,-0.02420408822965255,0.04349387574331676,0.7583186673923392,0.09952822732928165,0.2784144905080776,-0.24909900845095034,-0.0004564957379216139,-0.018716921113082208,0.05174233047000598,31219,542000000,9.99,0,2,2,-10.870645602023588,-4.0478774519879215,3.6174811946467655,-10.81616710245704,-4.074160861270513,3.5739812414386103,347.09048199653625
-3.3625602280003974,-6.7065446894783225,4.052262675053997,-10.138835493586438,-2.1942007952180465,3.7230861491340144,-0.6567411376980352,-0.02257163095964312,0.044894116345188625,0.7524401091439086,0.11675717603518576,0.27738807550539907,-0.23204603849291433,9.831744218757876e-06,-0.015757911023683846,0.0650458961899858,31219,803000000,10.49,0,2,2,-10.870645602023588,-4.0478774519879215,3.6174811946467655,-10.744476725781057,-4.107827282735537,3.5206816253071316,348.0898838043213
-3.2068814850407197,-6.675977890994722,4.213949936692154,-10.071972201974898,-2.2338231280477525,3.676659317109951,-0.6629209636256929,-0.021603476615787574,0.04580246101932259,0.7469747119871374,0.12784479882627137,0.27652268562278814,-0.2177730537268115,0.0012759860396727163,-0.01319598923146259,0.06973681302042678,31220,29000000,11.26,0,2,2,-10.870645602023588,-4.0478774519879215,3.6174811946467655,-10.660663338868611,-4.145945576404101,3.464273054832006,349.03244137763977
-3.060663595618906,-6.6311310890833415,4.3819660112501,-10.00526793954597,-2.2745903381421653,3.634004405848959,-0.6691836410823733,-0.02100928941063151,0.04663983636785483,0.7413343307373383,0.13450965369089737,0.27621017296920186,-0.20162158782815648,0.0036356138707560604,-0.009075519574253121,0.06619032355956733,31220,242000000,11.96,0,2,2,-10.870645602023588,-4.0478774519879215,3.6174811946467655,-10.592825374620071,-4.175793290565584,3.42339718771071,349.9206087589264
-2.9913942698176106,-6.603371477200641,4.467926308866647,-9.937959634221038,-2.314146089150313,3.59582652774727,-0.6742895594060339,-0.021223186649548913,0.047191415317189435,0.736651978036315,0.1291707488497394,0.27922511712014875,-0.18180774936202881,0.0054296894631988835,-0.001148195190125989,0.05087324643682223,31220,472000000,12.69,0,2,2,-10.870645602023588,-4.0478774519879215,3.6174811946467655,-10.524432749056313,-4.205003044685177,3.386572285807103,350.81435203552246
-2.8610779538735933,-6.537287995309999,4.642886210402717,-9.875340312035956,-2.348283878743848,3.565263066332134,-0.677975407469538,-0.02191259490400652,0.047356572917780004,0.7332302094516902,0.12303889896856576,0.2830225981505591,-0.16251967885495405,0.005402220176620176,0.003196495890733786,0.041599747419240884,31220,731000000,13.26,0,2,2,-10.870645602023588,-4.0478774519879215,3.6174811946467655,-10.455717225653649,-4.233510428052036,3.3541240962579537,351.7042534351349
-2.742387911317235,-6.457354749170536,4.82072138219313,-9.805979039737073,-2.3831485911843058,3.5368502897518668,-0.681162288805921,-0.02294641154874219,0.047301878670339345,0.730242378104675,0.11630011724729594,0.28740836462219194,-0.14135278334587206,0.005971547852823278,0.005287536032483331,0.03265646628278773,31220,983000000,13.65,0,2,2,-10.870645602023588,-4.0478774519879215,3.6174811946467655,-10.392540057289242,-4.25892439432235,3.3285285633809645,352.5982780456543
-2.6360389693210795,-6.363961030678936,4.99999999999999,-9.724121055767005,-2.421283501170178,3.510146422282405,-0.6840733645851932,-0.024097185727255447,0.04726666055305981,0.7274811477318718,0.11111943582525712,0.2906734222281865,-0.116918172234076,0.005541954851651099,0.0037867407854719204,0.02561015462561045,31221,346000000,13.99,0,2,2,-10.870645602023588,-4.0478774519879215,3.6174811946467655,-10.323573897298248,-4.2858241796915255,3.305108800824251,353.55734968185425
-2.542645250829466,-6.257612088682768,5.179278617806864,-9.647781394395432,-2.4549058822752783,3.491488698709471,-0.6861660009790604,-0.024899084465198056,0.04732723567539198,0.7254766622411257,0.1081706369846672,0.2918835708916635,-0.09462276538873947,0.00497551191074308,0.002259322536701802,0.015220615387079306,31221,579000000,14.32,0,2,2,-10.243245102627778,-4.316056697381937,3.2838632336732956,-10.243245102627778,-4.316056697381937,3.2838632336732956,354.45358180999756
-2.5009689450623167,-6.19976728578174,5.268466531635305,-9.571862590734195,-2.4874219923194083,3.4786628575029894,-0.6868406979477186,-0.025492709482293697,0.04751002601472912,0.7248053358206061,0.10542018009950509,0.29070409364145333,-0.07139589944381801,0.0051006924877583515,0.00242301139223855,0.004100008482055273,31221,821000000,14.59,0,2,2,-10.243245102627778,-4.316056697381937,3.2838632336732956,-10.168877455811906,-4.3429158872417855,3.270179928201711,355.4021644592285
-2.4279194119657,-6.075168805990385,5.44504186791263,-9.508498491006186,-2.51385216380532,3.4727893641165473,-0.6871363094966308,-0.026006216266518847,0.04752971492751129,0.7245055521428106,0.10167601792665606,0.28841081334521224,-0.050120382628841186,0.0021284215108607896,0.0036141194414085476,0.0055731384691171115,31222,32000000,14.68,0,2,2,-10.243245102627778,-4.316056697381937,3.2838632336732956,-10.094877371016164,-4.368564864334585,3.262461396150955,356.2888207435608
-2.368868910916664,-5.939336404381105,5.61803398874989,-9.434764169667313,-2.543866661267389,3.4716743702895214,-0.6882689126235603,-0.02659145549945209,0.04720216398848488,0.723429854322592,0.09870166371954807,0.2856804983445477,-0.025419009259714187,0.0026435805466462625,0.005138166488904972,0.01483710620959755,31222,285000000,14.72,0,2,2,-10.243245102627778,-4.316056697381937,3.2838632336732956,-10.032774784729316,-4.389690989898961,3.260353591815854,357.24282121658325
-2.3240221090052797,-5.793118514959282,5.786050063307848,-9.373297389022575,-2.568274878663782,3.4755904269786173,-0.6893973011289125,-0.027237302263273554,0.04685022845406748,0.7223534776377782,0.0961417374367114,0.2836434530419907,-0.005064161220155533,0.002809900092870521,0.0061903605001134565,0.013444806700135814,31222,575000000,14.85,0,2,2,-9.961215846120902,-4.418447454813833,3.2628002981416735,-9.961215846120902,-4.418447454813833,3.2628002981416735,358.1392230987549
-2.29345531052168,-5.637439771999615,5.947737324945992,-9.30167212401938,-2.5958649290156814,3.485921140821773,-0.6903141836267214,-0.028204422174012776,0.046447070576957024,0.7214662210307717,0.09200638407923616,0.28112260476452106,0.019524004879548036,0.003936425355277606,0.007785794241499389,0.006304299131443258,31222,829000000,14.97,0,2,2,-9.961215846120902,-4.418447454813833,3.2628002981416735,-9.90214576626356,-4.445636594604744,3.26901446073209,359.06100392341614
-2.2771137865418183,-5.4732898816341,6.101793962904206,-9.23680379297463,-2.6199725391972084,3.5009774941563165,-0.6905323234571671,-0.029160869200050506,0.04599110366206907,0.7212486203468872,0.08729305798258599,0.27792489154310657,0.041794622257999264,0.0037798755556650576,0.008563578739995137,0.0015190481008175993,31223,70000000,15.05,0,2,2,-9.833513069527129,-4.478728833302272,3.2813668977337773,-9.833513069527129,-4.478728833302272,3.2813668977337773,359.9446008205414
-2.2742242237043486,-5.388362463517386,6.175570504584939,-9.17843367620849,-2.640890488576131,3.5192869870012835,-0.6906186415798553,-0.030077426300174695,0.045553290500635,0.7211561121242179,0.08279975947350611,0.27499174451177344,0.06152205966168315,0.0036512770520857885,0.008577355856687063,0.0010566287983237999,31223,305000000,15.02,0,2,2,-9.770546614993007,-4.506655911052462,3.297951661828732,-9.770546614993007,-4.506655911052462,3.297951661828732,360.8316638469696
-2.2788285262904413,-5.213475002407638,6.315877451879423,-9.116111394090975,-2.6625627556454674,3.5439202369133405,-0.6905370740027751,-0.031029420798707193,0.04514082108811388,0.7212198213749214,0.078738865010175,0.2706364260484049,0.08159438569998502,0.0034475351185392356,0.007529176355092204,-0.0012824749092033016,31223,530000000,14.98,0,2,2,-9.713189189322199,-4.530121618953475,3.3172222609593396,-9.713189189322199,-4.530121618953475,3.3172222609593396,361.75895977020264
-2.2969429936938752,-5.032797560119191,6.4455897276547764,-9.05539149740795,-2.683307879926448,3.5728801434629545,-0.6903617212465277,-0.03182705346172472,0.04482583584441138,0.7213725645921986,0.07559842356992182,0.26550298973051956,0.09924322824243165,0.0033576229952814174,0.0060838524404971395,-0.0019422115428824327,31223,776000000,14.9,0,2,2,-9.713189189322199,-4.530121618953475,3.3172222609593396,-9.65198170720762,-4.557159631500934,3.3422583099610144,362.6970913410187
-2.328053348328999,-4.8474529870219545,6.563662964936058,-8.996398180100794,-2.703255316279402,3.6057499501518517,-0.6901201349269858,-0.03252361334348183,0.04460564704241658,0.7215862735635773,0.07245747026330793,0.260034992847739,0.11568936693278717,0.0036024242945131846,0.005477952936416841,-0.0031270538556782412,31224,47000000,14.79,0,2,2,-9.59230221307256,-4.585848281543789,3.371391537826629,-9.59230221307256,-4.585848281543789,3.371391537826629,363.611141204834
-2.3715195586141586,-4.6585740796424515,6.6691465074425995,-8.934376031195924,-2.7238595475710037,3.645517982928996,-0.6896851297305187,-0.03327236075908761,0.04440288270645534,0.7219804400712471,0.06858295914812859,0.2542690123767276,0.13245728499960605,0.003085641947109252,0.005184263682167511,-0.005391248350861133,31224,295000000,14.67,0,2,2,-9.534286227195212,-4.615909336162307,3.4045938280576302,-9.534286227195212,-4.615909336162307,3.4045938280576302,364.53216099739075
-2.4265808491002945,-4.467291041887107,6.761191063713475,-8.88350008122898,-2.7406089119867247,3.682249633535075,-0.6891570058520453,-0.0337994596167936,0.04425644385005454,0.722469089298915,0.06621376390630647,0.24891187192323252,0.14521075112176335,0.0026239654516757582,0.004352979158284143,-0.006614036874452722,31224,573000000,14.49,0,2,2,-9.472840133514596,-4.648075977839985,3.4449357362007853,-9.472840133514596,-4.648075977839985,3.4449357362007853,365.41707396507263
-2.458190425185273,-4.37109741122714,6.801937735804835,-8.829765762605891,-2.7584459388570908,3.7252004659243445,-0.6885956103061254,-0.034304021492352205,0.04415406569672625,0.7229866790329099,0.06462669591626183,0.24250667577208235,0.15788402695269338,0.0026178098096352187,0.003956196178478422,-0.006175984026413062,31224,783000000,14.3,0,2,2,-9.472840133514596,-4.648075977839985,3.4449357362007853,-9.421350715125328,-4.672182559394436,3.4825289854322525,366.3261458873749
-2.5289696732811873,-4.178291355680664,6.872469741279475,-8.78217308844265,-2.774393101682023,3.766947045935487,-0.6880460472919034,-0.03476673201695793,0.04403915099591903,0.7234946194204954,0.06263806664424729,0.2366348393980528,0.16829309152719515,0.0022363643438438885,0.004227907629683614,-0.006975874248382752,31225,49000000,14.1,0,2,2,-9.36568816653789,-4.694514476979394,3.5269125866642717,-9.36568816653789,-4.694514476979394,3.5269125866642717,367.25114607810974
-2.6089585330799085,-3.985815231137935,6.927925721391705,-8.731945877784625,-2.7912302952569954,3.814745173968348,-0.6873615908850295,-0.03526563092701634,0.04388278181014849,0.7241302922208983,0.059700381671893274,0.230630562547021,0.17819269354786316,0.001640178697925876,0.004612669226844446,-0.008387527850572951,31225,269000000,13.91,0,2,2,-9.36568816653789,-4.694514476979394,3.5269125866642717,-9.315256919395662,-4.711669663254376,3.5702962601262795,368.13699173927307
-2.6970317281683824,-3.7946955447527406,6.967859177197259,-8.679420322530103,-2.8085746273242465,3.8688396628503425,-0.6864358307994242,-0.03579209361162767,0.043607425560922085,0.7249987370096235,0.05535860253908974,0.2242501200872399,0.18765461760292865,0.0012157671676504833,0.005158129852134152,-0.009999615031119902,31225,533000000,13.67,0,2,2,-9.261094794290436,-4.727245178606076,3.6202843926480104,-9.261094794290436,-4.727245178606076,3.6202843926480104,369.0421373844147
-2.7919812859434368,-3.605904202557586,6.9919485879904775,-8.62494138596756,-2.825967625182753,3.929402246815149,-0.68536162712661,-0.03633191341343884,0.04324973571890265,0.726008879071275,0.049888080341413496,0.21754465424025585,0.19635674709501516,0.00031655186205625796,0.005304286150931148,-0.011022942817362491,31225,764000000,13.39,0,2,2,-9.261094794290436,-4.727245178606076,3.6202843926480104,-9.203693064183664,-4.740850835228651,3.67717774853331,370.0524263381958
-2.8925279504904227,-3.420348690478687,7.0,-8.579891772494712,-2.839702478591775,3.98289002440025,-0.6843054675231705,-0.03674338148622445,0.042882856435506427,0.727005510060814,0.04484319636928454,0.21194501681654293,0.20251120667528477,-0.0001815823694073515,0.005249657988315448,-0.012141669230913976,31225,981000000,13.08,0,2,2,-9.261094794290436,-4.727245178606076,3.6202843926480104,-9.14367898920533,-4.752186744822075,3.741129504294433,370.9385323524475
-2.9444839407633383,-3.3290481249933923,6.997986133082629,-8.532735254020618,-2.853228481679474,4.042070858431302,-0.6831301298096318,-0.037126993513533366,0.042428471324852654,0.7281171862550405,0.03861827911406453,0.2056254176514984,0.20744215531634755,-0.0015014823929959675,0.005367600488170865,-0.012760160097968765,31226,222000000,12.79,0,2,2,-9.09393330240688,-4.76014420124878,3.79768305377041,-9.09393330240688,-4.76014420124878,3.79768305377041,371.88024854660034
-3.050902082867557,-3.149885205540721,6.981899523535869,-8.494142969436778,-2.8634837630082797,4.092814798766406,-0.6820271922598463,-0.03738264473933324,0.041972053841309045,0.7291637632156341,0.03326217972144745,0.20044910648349248,0.21038811133923838,-0.00218402594782674,0.005197279051571968,-0.014231590466806665,31226,467000000,12.48,0,2,2,-9.041636288622193,-4.766439810681026,3.8603099651530868,-9.041636288622193,-4.766439810681026,3.8603099651530868,372.7591562271118
-3.159489538528554,-2.9758887181581546,6.949855824363648,-8.453266523291155,-2.8734079905768017,4.148579829804395,-0.6806978839134407,-0.037575023154026554,0.041430707368099826,0.7304259065488553,0.026883839471610417,0.1951035749854629,0.21232506802706969,-0.002243675180579885,0.005086323881187127,-0.015160437669692328,31226,702000000,12.2,0,2,2,-9.041636288622193,-4.766439810681026,3.8603099651530868,-8.998642981200927,-4.7697464072159645,3.914043187227931,373.6519989967346
-3.2688185343304266,-2.807676829038037,6.9021130325903055,-8.416877369285887,-2.8810956679540745,4.1998168750935445,-0.6795015673973017,-0.037771748699837675,0.040950082283376175,0.7315558800705186,0.019956353862985814,0.19001876320688887,0.21302019734258937,-0.002670531648618635,0.004934790149491164,-0.014338446544570616,31226,966000000,11.89,0,2,2,-9.041636288622193,-4.766439810681026,3.8603099651530868,-8.953070789092259,-4.7712777114071905,3.973081118873631,374.53773283958435
-3.377449994611429,-2.645771201865616,6.8390555451029025,-8.375207903344807,-2.888540039175676,4.26013279357483,-0.6782027655215668,-0.037849193300860305,0.040291165467331184,0.7327926510211855,0.01322717742047381,0.1836262479472918,0.2119360190811955,-0.004948983041686006,0.0043885052036785055,-0.013356178078538505,31227,179000000,11.62,0,2,2,-9.041636288622193,-4.766439810681026,3.8603099651530868,-8.912561542144031,-4.771015661137837,4.027330644420585,375.4116985797882
-3.431054895051064,-2.567318858080564,6.8019377358048345,-8.341047914806264,-2.8936192549126254,4.310628228457304,-0.6771077512902547,-0.03778460674007642,0.03967669035530091,0.7338413840051553,0.008078549559392866,0.17842134809721247,0.20989551346999674,-0.005816575276185176,0.003944262107324903,-0.013852474421582883,31227,429000000,11.32,0,2,2,-9.041636288622193,-4.766439810681026,3.8603099651530868,-8.867506208416813,-4.772153024437206,4.091698867182249,376.2784426212311
-3.5359525841516604,-2.4156300927604164,6.716897587203732,-8.304883104020327,-2.8979557902513675,4.364843273660519,-0.6758520481742248,-0.03759123010846187,0.03889992124640608,0.7350494571963585,0.002574265290286179,0.17260411077338286,0.20627537185138412,-0.006856378058728296,0.003943685896956595,-0.014791197190788807,31227,649000000,11.07,0,2,2,-9.041636288622193,-4.766439810681026,3.8603099651530868,-8.831776320774178,-4.7745662276307765,4.146201875580469,377.1615514755249
-3.636600424746965,-2.271106325832519,6.6180339887498985,-8.263973671221857,-2.901512887486541,4.42656962990643,-0.6742828828755906,-0.03726753897790735,0.037927009747310246,0.7365563565207621,-0.0035177911372359484,0.16643699004122928,0.20047987479276927,-0.008032472487684572,0.003810050111496821,-0.01574687812535558,31227,894000000,10.8,0,2,2,-9.041636288622193,-4.766439810681026,3.8603099651530868,-8.794773862057262,-4.77786957165255,4.205466908654398,378.1173596382141
-3.731633525847707,-2.133908113317202,6.506142932007231,-8.229887584011506,-2.9033304140727587,4.477826067350401,-0.6728810766527766,-0.03692395749502976,0.03704955732241587,0.7378990502417782,-0.008495956546682299,0.16144877461086032,0.19433977899847404,-0.008991227787191747,0.003675010111692245,-0.01635021162655903,31228,149000000,10.46,0,2,2,-9.041636288622193,-4.766439810681026,3.8603099651530868,-8.753564109243595,-4.7815887363942275,4.273830712407944,378.99984526634216
-3.819740229463986,-2.0040913610163287,6.382125297973734,-8.199339535471633,-2.904030706241093,4.523247148435229,-0.6715396920148349,-0.03653894309903297,0.03616806768919657,0.7391828045655928,-0.013003940377902859,0.15710673037171027,0.18774447632808974,-0.010392099284217693,0.003658997343336523,-0.017040394777723122,31228,424000000,10.16,0,2,2,-9.041636288622193,-4.766439810681026,3.8603099651530868,-8.720132169714933,-4.785539830713756,4.331451291503761,379.84602761268616
-3.860804199513675,-1.9419402688543215,6.315877451879432,-8.161326179077161,-2.9035666018479995,4.578455279855333,-0.6697661597870046,-0.03582486200837606,0.03479265413636916,0.7408909107853843,-0.019035156901682813,0.15150780648005974,0.17704075080296872,-0.012141360184614314,0.003782202475122176,-0.017819354798120912,31228,664000000,9.89,0,2,2,-9.041636288622193,-4.766439810681026,3.8603099651530868,-8.6908257738778,-4.789590846084285,4.38320222720743,380.81962156295776
-3.9362116808494942,-1.8230759734817077,6.1755705045849485,-8.132033510577271,-2.90212414052555,4.619444972699262,-0.6683165426847508,-0.035262411574339576,0.03371896183221856,0.7422752809549977,-0.023502663457115422,0.14769440237430084,0.16801560172397617,-0.01137695708166575,0.003440213367866818,-0.01839468677644618,31228,924000000,9.53,0,2,2,-9.041636288622193,-4.766439810681026,3.8603099651530868,-8.655173104515692,-4.795063940134731,4.447109002249054,381.67869877815247
-4.001734158066968,-1.711288893629383,6.0257985548118205,-8.105731414202651,-2.90007279554076,4.654848730006661,-0.6669455063173759,-0.03472464899697285,0.03277380398328136,0.7435749915963832,-0.027208963854597507,0.14470562754771313,0.1596297862772373,-0.01032629115798045,0.0030028317723918008,-0.019083026018051896,31229,157000000,9.24,0,2,2,-9.041636288622193,-4.766439810681026,3.8603099651530868,-8.628143003742776,-4.798934023515783,4.495239278076095,382.50559735298157
-4.05634901152925,-1.6062895774554242,5.867767478235119,-8.074503464561563,-2.896718560620138,4.694768451559972,-0.6652469963889881,-0.033906331236912,0.03146765793546824,0.745188956575135,-0.031799245190993614,0.1410516928563283,0.147564539276997,-0.014635364186688093,0.003119168582088605,-0.01975244958885014,31229,388000000,8.99,0,2,2,-9.041636288622193,-4.766439810681026,3.8603099651530868,-8.604169530774328,-4.801955471514716,4.5372327397511345,383.31477904319763
-4.079275976371747,-1.5562206623165327,5.786050063307853,-8.046126249965553,-2.892776569750992,4.728560772934974,-0.6636406415005474,-0.03308749102734778,0.03018350093422937,0.746709631086683,-0.0359468313931781,0.1380100402656489,0.13540296466350774,-0.015161563715082593,0.0031307314657169627,-0.02034081826423062,31229,606000000,8.68,0,2,2,-9.041636288622193,-4.766439810681026,3.8603099651530868,-8.576070370632594,-4.804900052017977,4.585069652128777,384.146612405777
-4.115852652002626,-1.460669783193934,5.618033988749894,-8.017920626616318,-2.8880280660520157,4.759430405444895,-0.6619745689081149,-0.032252394264436365,0.028865249947328406,0.7482755177931486,-0.03992620408196361,0.13518777747005536,0.12236556108971522,-0.014030992770130979,0.0031323567554863985,-0.021025261412432883,31229,868000000,8.4,0,2,2,-9.041636288622193,-4.766439810681026,3.8603099651530868,-8.550646715118367,-4.806507177676016,4.626260867987737,384.9558186531067
-4.129319096968019,-1.415063612902056,5.532073691133353,-7.987255833387547,-2.88201591490463,4.789690691508794,-0.6600924947925759,-0.031373205947758186,0.027475696910714054,0.7500258037870051,-0.04392425018378774,0.13263764450580312,0.1076533128770079,-0.015315890595957171,0.0030699645776621765,-0.02172577933379216,31230,94000000,8.12,0,2,2,-9.041636288622193,-4.766439810681026,3.8603099651530868,-8.525305972773367,-4.806777481100256,4.664822979746006,385.8242087364197
-4.146211238641287,-1.327846346768223,5.357113789597283,-7.956604197365603,-2.8751803496270814,4.816180499145746,-0.6581377758853989,-0.030461928511985346,0.02603911569866146,0.7518302357032355,-0.047818074066027214,0.13046541943338552,0.09214791222146182,-0.014605781871068757,0.0031077754329089657,-0.022539004021382425,31230,332000000,7.81,0,2,2,-9.041636288622193,-4.766439810681026,3.8603099651530868,-8.497531297310989,-4.80523411872161,4.7035613497595845,386.6604812145233
-4.149285732261113,-1.2454517405684427,5.17927861780687,-7.925868993594081,-2.8675856735735294,4.838898159942951,-0.6561005958937562,-0.029628149356369548,0.02468811640818055,0.7536873872779022,-0.051437857103825965,0.12883606160136313,0.07691071876434671,-0.01448057291781879,0.0030281799354270333,-0.023316752412938513,31230,600000000,7.49,0,2,2,-9.041636288622193,-4.766439810681026,3.8603099651530868,-8.469445490798057,-4.801612721120785,4.738506122463817,387.52448296546936
-4.138150398011617,-1.167226819279526,4.999999999999996,-7.894947666543873,-2.859271922750345,4.857710518186855,-0.6539853227224786,-0.02875930888765022,0.0232946776894185,0.7556013881718497,-0.05506692960626971,0.12762241510699296,0.060343059758891184,-0.015043918665469391,0.003099248897342477,-0.024229198606917635,31230,841000000,7.18,0,2,2,-8.44099539665668,-4.7960384393422695,4.769516975491806,-8.44099539665668,-4.7960384393422695,4.769516975491806,388.3662884235382
-4.127171209594953,-1.129461068046768,4.910270339298969,-7.863730388314791,-2.8502661345710254,4.872343085258667,-0.6517719284868414,-0.02790742019589344,0.021883928859922876,0.7575853897695014,-0.058592696231416455,0.12681942505682983,0.04286751756045618,-0.014417113743547816,0.0032857429005161976,-0.025208342231053393,31231,55000000,6.86,0,2,2,-8.44099539665668,-4.7960384393422695,4.769516975491806,-8.412160008690783,-4.788689593237063,4.796670951006221,389.2506191730499
-4.094305286511201,-1.0561684382415397,4.731533468364695,-7.832157317214608,-2.840577641065046,4.882571552613771,-0.649484470242214,-0.027214899274775488,0.020617152843012722,0.7596079285923114,-0.062376639448372226,0.12579287746842857,0.024556348518730273,-0.004826806980418041,0.003102069172200572,-0.024063678574748337,31231,338000000,6.54,0,2,2,-8.44099539665668,-4.7960384393422695,4.769516975491806,-8.382983674918894,-4.779750525073452,4.819729013302573,390.079398393631
-4.046892928621759,-0.9852342534527732,4.55495813208737,-7.803170392765338,-2.8308850801796988,4.888111258566377,-0.6477084829127316,-0.02716908665196584,0.020243425152191467,0.7611345253182863,-0.0665678012910135,0.12346155195447292,0.008228568403145065,-0.0036680612993222894,0.002331018049517297,-0.019690292720042635,31231,572000000,6.24,0,2,2,-8.353826076237613,-4.769670234126587,4.838193235381676,-8.353826076237613,-4.769670234126587,4.838193235381676,390.9341220855713
-4.017766101374163,-0.9504119460020631,4.4679263088666525,-7.771545930293194,-2.819317232371371,4.88990987386563,-0.6459365020295842,-0.027048962273276727,0.019777521075482956,0.7626553865579344,-0.07114640122309554,0.12154127658179743,-0.01065782801882462,-0.005354402856028173,0.002523757916605973,-0.01955028983502416,31231,766000000,6.02,0,2,2,-8.353826076237613,-4.769670234126587,4.838193235381676,-8.327147045347179,-4.759897447215532,4.851080567223011,391.8296046257019
-3.948822121993608,-0.881571664037269,4.29725035183731,-7.739733961530301,-2.806770348440777,4.887065318060136,-0.6441003313619029,-0.026869727127603,0.019170119782167386,0.7642285570502532,-0.0754575120305346,0.12038404449602022,-0.030125967884396317,-0.005137472044225433,0.0029655741400347324,-0.02026796773861861,31231,992000000,5.81,0,2,2,-8.2979895393004,-4.749130708446983,4.860824414290479,-8.2979895393004,-4.749130708446983,4.860824414290479,392.7456548213959
-3.8659345079668777,-0.8131560895451824,4.1322325217648865,-7.710308582204928,-2.794477100362618,4.88043816804097,-0.6424082380855072,-0.02677705354254413,0.018643153487399554,0.7656677333357458,-0.07916657294842211,0.11968023751934934,-0.047227049092517064,-0.004536978758551413,0.0031858916827331996,-0.020267601576051675,31232,236000000,5.6,0,2,2,-8.2979895393004,-4.749130708446983,4.860824414290479,-8.268619502106818,-4.738556935133868,4.866308233580661,393.6222810745239
-3.769603625192266,-0.7443956384154116,3.974201445188184,-7.677805015960379,-2.780237149059097,4.868804096525981,-0.6404823980749565,-0.02671728717656469,0.018053921694976407,0.7672956015992203,-0.08331951772656265,0.11951071580520929,-0.06693286104593357,-0.004754126393891056,0.003647675043794152,-0.02138408181053819,31232,447000000,5.41,0,2,2,-8.241283189663884,-4.728187291460499,4.867121632367801,-8.241283189663884,-4.728187291460499,4.867121632367801,394.528546333313
-3.6604723982639324,-0.6745392031231582,3.824429495415056,-7.644726626794397,-2.7651553005033382,4.8524073518626905,-0.6384816821091917,-0.026713577034557782,0.017449133214526798,0.7689753274085569,-0.0874225648296024,0.11989022869651937,-0.08703868273033606,-0.004150088534515817,0.004087937486474402,-0.0224123756197514,31232,681000000,5.21,0,2,2,-8.21106263966541,-4.716500070005194,4.863489401004068,-8.21106263966541,-4.716500070005194,4.863489401004068,395.4484519958496
-3.601345169102129,-0.6389729068050737,3.753020396282527,-7.613792806320476,-2.750596037439173,4.833147510833607,-0.6364927026965305,-0.026793354557646972,0.016928894212626864,0.7706312789566433,-0.09124040208012839,0.12054547517178367,-0.10537258120648355,-0.003230537913623266,0.004422259826242225,-0.0240974135522265,31232,938000000,4.94,0,2,2,-8.21106263966541,-4.716500070005194,4.863489401004068,-8.177748055614355,-4.704045612878236,4.854405928679117,396.32037377357483
-3.474516308950366,-0.5661302442712226,3.61787470202627,-7.579255173007412,-2.7339185998817412,4.807524794099379,-0.6342141862987635,-0.026948441292845012,0.01636610537507362,0.7725142704210294,-0.09558177988392655,0.1218406766943424,-0.12576935216592283,-0.0033400166330466163,0.004926322253595572,-0.02518854962545447,31233,168000000,4.82,0,2,2,-8.151658763844276,-4.695210997924398,4.844038775815173,-8.151658763844276,-4.695210997924398,4.844038775815173,397.18699312210083
-3.3370770889519026,-0.49046227742735693,3.4938570679927823,-7.54384209158912,-2.716455725421451,4.777251750124175,-0.63177551952348,-0.027163016272226823,0.015815050784970898,0.774513878278821,-0.09965577639052463,0.12315504190443463,-0.14487566043189515,-0.002474208486091811,0.005189738703847979,-0.02726252823777031,31233,406000000,4.64,0,2,2,-8.151658763844276,-4.695210997924398,4.844038775815173,-8.119685947637269,-4.685497412341078,4.8279519716829435,398.0370316505432
-3.1901152907940897,-0.41136190002975215,3.381966011250113,-7.507475588636454,-2.698230860478156,4.742461232243044,-0.6290997641671419,-0.02745992501742722,0.015327602734941517,0.7766881638323602,-0.10397728049235311,0.12491650451919596,-0.16394847943749377,-0.002028750145655067,0.005485598512677825,-0.02964971172332298,31233,653000000,4.47,0,2,2,-8.151658763844276,-4.695210997924398,4.844038775815173,-8.086737864706892,-4.676457704148436,4.8078207127552375,398.95627450942993
-3.113432725201406,-0.3703514213601768,3.330853492557396,-7.473182236609791,-2.6808385052945325,4.706682671479456,-0.626481517132683,-0.027791323078591203,0.014909796823771533,0.7787979513399781,-0.10812276565009304,0.12683479546922072,-0.18080520933284863,-0.0012739289218188787,0.005712541178581887,-0.03135262741125189,31233,891000000,4.31,0,2,2,-8.151658763844276,-4.695210997924398,4.844038775815173,-8.052343401366821,-4.665698653517472,4.782872681856393,399.778785943985
